// switches for output
#declare DRAW_BASES = 1; // possible values are 0, 1; only relevant for DNA ribbons
#declare DRAW_BASES_TYPE = 3; // possible values are 1, 2, 3; only relevant for DNA ribbons
#declare DRAW_FOG = 0; // set to 1 to enable fog

#include "colors.inc"

#include "transforms.inc"
background { rgb <1, 1, 1>}

#default {
   normal{
       ripples 0.25
       frequency 0.20
       turbulence 0.2
       lambda 5
   }
	finish {
		phong 0.1
		phong_size 40.
	}
}

// original window dimensions: 1024x640


// camera settings

camera {
	sky <0, 0.179814, -0.983701>
	up <0, 0.179814, -0.983701>
	right 1.6 * <1, 0, 0>
	location <35, 94.9851, 44.8844>
	look_at <35, 29.7336, 32.9568>
	direction <0, -65.2515, -11.9276>
	angle 67.0682
}


# declare cpy_camera_pos = <35, 94.9851, 44.8844>;
# if (DRAW_FOG = 1)
fog {
	fog_type 2
	up vnormalize(cpy_camera_pos)
	color rgbt<1,1,1,0.3>
	distance 1e-5
	fog_alt 3e-3
	fog_offset 56
}
# end


// LIGHTS

# declare lum = 6;
global_settings {
	ambient_light rgb lum * <0.05, 0.05, 0.05>
	max_trace_level 15
}# declare cpy_direct_light_amount = 0.25;
light_source
{	1000 * <-1, -1.16352, -0.803886>,
	rgb lum * cpy_direct_light_amount
	parallel
}

light_source
{	1000 * <1, 1.16352, 0.803886>,
	rgb lum * cpy_direct_light_amount
	parallel
}

// strand 0

// nucleotide -1

// particle -1
sphere {
	<24.591871, 34.578873, 35.215740> 0.250000
	pigment { color rgbt <1,0,0,0> }
	no_shadow
}
cylinder {
	<24.387894, 34.922318, 35.194771>,  <24.265507, 35.128384, 35.182190>, 0.100000
	pigment { color rgbt <1,0,0,0> }
	no_shadow
}
cylinder {
	<24.387894, 34.922318, 35.194771>,  <24.591871, 34.578873, 35.215740>, 0.100000
	pigment { color rgbt <1,0,0,0> }
	no_shadow
}

// particle -1
sphere {
	<24.387894, 34.922318, 35.194771> 0.100000
	pigment { color rgbt <1,0,0,0> }
	no_shadow
}
sphere {
	0, 1
	scale<0.080000,0.200000,0.300000>
	matrix <0.838119, 0.509649, 0.194461,
		0.193685, 0.055226, -0.979508,
		-0.509945, 0.858608, -0.052426,
		24.234911, 35.179901, 35.179043>
	pigment { color rgbt <0,1,1,0> }
	no_shadow
}
cylinder {
	<25.361118, 34.343269, 35.412357>,  <24.591871, 34.578873, 35.215740>, 0.130000
	pigment { color rgbt <1,0,0,0> }
	no_shadow
}

// nucleotide -1

// particle -1
sphere {
	<25.361118, 34.343269, 35.412357> 0.250000
	pigment { color rgbt <1,0,0,0> }
	no_shadow
}
cylinder {
	<25.712561, 34.160347, 35.357334>,  <25.923426, 34.050594, 35.324322>, 0.100000
	pigment { color rgbt <1,0,0,0> }
	no_shadow
}
cylinder {
	<25.712561, 34.160347, 35.357334>,  <25.361118, 34.343269, 35.412357>, 0.100000
	pigment { color rgbt <1,0,0,0> }
	no_shadow
}

// particle -1
sphere {
	<25.712561, 34.160347, 35.357334> 0.100000
	pigment { color rgbt <1,0,0,0> }
	no_shadow
}
sphere {
	0, 1
	scale<0.080000,0.200000,0.300000>
	matrix <0.360938, 0.824530, -0.435746,
		0.312689, 0.333200, 0.889496,
		0.878606, -0.457306, -0.137557,
		25.976143, 34.023155, 35.316067>
	pigment { color rgbt <0,1,1,0> }
	no_shadow
}
cylinder {
	<26.019915, 34.786171, 35.787952>,  <25.361118, 34.343269, 35.412357>, 0.130000
	pigment { color rgbt <1,0,0,0> }
	no_shadow
}

// nucleotide -1

// particle -1
sphere {
	<26.019915, 34.786171, 35.787952> 0.250000
	pigment { color rgbt <1,0,0,0> }
	no_shadow
}
cylinder {
	<26.058784, 34.585136, 35.444332>,  <26.082106, 34.464516, 35.238159>, 0.100000
	pigment { color rgbt <1,0,0,0> }
	no_shadow
}
cylinder {
	<26.058784, 34.585136, 35.444332>,  <26.019915, 34.786171, 35.787952>, 0.100000
	pigment { color rgbt <1,0,0,0> }
	no_shadow
}

// particle -1
sphere {
	<26.058784, 34.585136, 35.444332> 0.100000
	pigment { color rgbt <1,0,0,0> }
	no_shadow
}
sphere {
	0, 1
	scale<0.080000,0.200000,0.300000>
	matrix <0.225601, 0.851791, -0.472816,
		0.969361, -0.147858, 0.196155,
		0.097174, -0.502582, -0.859051,
		26.087936, 34.434361, 35.186615>
	pigment { color rgbt <0,1,1,0> }
	no_shadow
}
cylinder {
	<26.710217, 34.873463, 35.479259>,  <26.019915, 34.786171, 35.787952>, 0.130000
	pigment { color rgbt <1,0,0,0> }
	no_shadow
}

// nucleotide -1

// particle -1
sphere {
	<26.710217, 34.873463, 35.479259> 0.250000
	pigment { color rgbt <1,0,0,0> }
	no_shadow
}
cylinder {
	<26.466129, 34.784664, 35.175064>,  <26.319677, 34.731384, 34.992546>, 0.100000
	pigment { color rgbt <1,0,0,0> }
	no_shadow
}
cylinder {
	<26.466129, 34.784664, 35.175064>,  <26.710217, 34.873463, 35.479259>, 0.100000
	pigment { color rgbt <1,0,0,0> }
	no_shadow
}

// particle -1
sphere {
	<26.466129, 34.784664, 35.175064> 0.100000
	pigment { color rgbt <1,0,0,0> }
	no_shadow
}
sphere {
	0, 1
	scale<0.080000,0.200000,0.300000>
	matrix <0.162794, 0.904312, -0.394610,
		0.775326, -0.364603, -0.515689,
		-0.610219, -0.222001, -0.760492,
		26.283064, 34.718063, 34.946915>
	pigment { color rgbt <0,1,1,0> }
	no_shadow
}
cylinder {
	<27.057701, 35.030624, 34.702232>,  <26.710217, 34.873463, 35.479259>, 0.130000
	pigment { color rgbt <1,0,0,0> }
	no_shadow
}

// nucleotide -1

// particle -1
sphere {
	<27.057701, 35.030624, 34.702232> 0.250000
	pigment { color rgbt <1,0,0,0> }
	no_shadow
}
cylinder {
	<26.658270, 35.040619, 34.683399>,  <26.418612, 35.046616, 34.672100>, 0.100000
	pigment { color rgbt <1,0,0,0> }
	no_shadow
}
cylinder {
	<26.658270, 35.040619, 34.683399>,  <27.057701, 35.030624, 34.702232>, 0.100000
	pigment { color rgbt <1,0,0,0> }
	no_shadow
}

// particle -1
sphere {
	<26.658270, 35.040619, 34.683399> 0.100000
	pigment { color rgbt <1,0,0,0> }
	no_shadow
}
sphere {
	0, 1
	scale<0.080000,0.200000,0.300000>
	matrix <0.041145, 0.922826, -0.383013,
		0.033879, -0.384406, -0.922542,
		-0.998579, 0.024982, -0.047081,
		26.358696, 35.048115, 34.669273>
	pigment { color rgbt <0,1,1,0> }
	no_shadow
}
cylinder {
	<26.956268, 35.239567, 33.977562>,  <27.057701, 35.030624, 34.702232>, 0.130000
	pigment { color rgbt <1,0,0,0> }
	no_shadow
}

// nucleotide -1

// particle -1
sphere {
	<26.956268, 35.239567, 33.977562> 0.250000
	pigment { color rgbt <1,0,0,0> }
	no_shadow
}
cylinder {
	<26.598499, 35.329113, 34.132427>,  <26.383839, 35.382839, 34.225346>, 0.100000
	pigment { color rgbt <1,0,0,0> }
	no_shadow
}
cylinder {
	<26.598499, 35.329113, 34.132427>,  <26.956268, 35.239567, 33.977562>, 0.100000
	pigment { color rgbt <1,0,0,0> }
	no_shadow
}

// particle -1
sphere {
	<26.598499, 35.329113, 34.132427> 0.100000
	pigment { color rgbt <1,0,0,0> }
	no_shadow
}
sphere {
	0, 1
	scale<0.080000,0.200000,0.300000>
	matrix <0.037621, 0.900294, -0.433653,
		-0.445638, -0.373304, -0.813665,
		-0.894423, 0.223863, 0.387161,
		26.330172, 35.396271, 34.248577>
	pigment { color rgbt <0,1,1,0> }
	no_shadow
}
cylinder {
	<26.445553, 35.296848, 33.451508>,  <26.956268, 35.239567, 33.977562>, 0.130000
	pigment { color rgbt <1,0,0,0> }
	no_shadow
}

// nucleotide -1

// particle -1
sphere {
	<26.445553, 35.296848, 33.451508> 0.250000
	pigment { color rgbt <1,0,0,0> }
	no_shadow
}
cylinder {
	<26.383778, 35.547142, 33.757347>,  <26.346712, 35.697319, 33.940849>, 0.100000
	pigment { color rgbt <1,0,0,0> }
	no_shadow
}
cylinder {
	<26.383778, 35.547142, 33.757347>,  <26.445553, 35.296848, 33.451508>, 0.100000
	pigment { color rgbt <1,0,0,0> }
	no_shadow
}

// particle -1
sphere {
	<26.383778, 35.547142, 33.757347> 0.100000
	pigment { color rgbt <1,0,0,0> }
	no_shadow
}
sphere {
	0, 1
	scale<0.080000,0.200000,0.300000>
	matrix <-0.070956, 0.764860, -0.640276,
		-0.985452, -0.153134, -0.073723,
		-0.154436, 0.625730, 0.764599,
		26.337446, 35.734859, 33.986725>
	pigment { color rgbt <0,1,1,0> }
	no_shadow
}
cylinder {
	<25.750622, 35.719212, 33.321869>,  <26.445553, 35.296848, 33.451508>, 0.130000
	pigment { color rgbt <1,0,0,0> }
	no_shadow
}

// nucleotide -1

// particle -1
sphere {
	<25.750622, 35.719212, 33.321869> 0.250000
	pigment { color rgbt <1,0,0,0> }
	no_shadow
}
cylinder {
	<26.037125, 35.892799, 33.540462>,  <26.209026, 35.996952, 33.671619>, 0.100000
	pigment { color rgbt <1,0,0,0> }
	no_shadow
}
cylinder {
	<26.037125, 35.892799, 33.540462>,  <25.750622, 35.719212, 33.321869>, 0.100000
	pigment { color rgbt <1,0,0,0> }
	no_shadow
}

// particle -1
sphere {
	<26.037125, 35.892799, 33.540462> 0.100000
	pigment { color rgbt <1,0,0,0> }
	no_shadow
}
sphere {
	0, 1
	scale<0.080000,0.200000,0.300000>
	matrix <0.084985, 0.723036, -0.685563,
		-0.692643, 0.537482, 0.480998,
		0.716257, 0.433973, 0.546483,
		26.252001, 36.022991, 33.704407>
	pigment { color rgbt <0,1,1,0> }
	no_shadow
}
cylinder {
	<25.624424, 36.479389, 33.592030>,  <25.750622, 35.719212, 33.321869>, 0.130000
	pigment { color rgbt <1,0,0,0> }
	no_shadow
}

// nucleotide -1

// particle -1
sphere {
	<25.624424, 36.479389, 33.592030> 0.250000
	pigment { color rgbt <1,0,0,0> }
	no_shadow
}
cylinder {
	<26.016277, 36.413597, 33.545956>,  <26.251389, 36.374123, 33.518311>, 0.100000
	pigment { color rgbt <1,0,0,0> }
	no_shadow
}
cylinder {
	<26.016277, 36.413597, 33.545956>,  <25.624424, 36.479389, 33.592030>, 0.100000
	pigment { color rgbt <1,0,0,0> }
	no_shadow
}

// particle -1
sphere {
	<26.016277, 36.413597, 33.545956> 0.100000
	pigment { color rgbt <1,0,0,0> }
	no_shadow
}
sphere {
	0, 1
	scale<0.080000,0.200000,0.300000>
	matrix <0.036817, 0.711023, -0.702204,
		0.197402, 0.683660, 0.702596,
		0.979631, -0.164484, -0.115187,
		26.310167, 36.364250, 33.511398>
	pigment { color rgbt <0,1,1,0> }
	no_shadow
}
cylinder {
	<25.841497, 37.035488, 33.467548>,  <25.624424, 36.479389, 33.592030>, 0.130000
	pigment { color rgbt <1,0,0,0> }
	no_shadow
}

// nucleotide -1

// particle -1
sphere {
	<25.841497, 37.035488, 33.467548> 0.250000
	pigment { color rgbt <1,0,0,0> }
	no_shadow
}
cylinder {
	<26.174213, 36.845982, 33.351845>,  <26.373842, 36.732277, 33.282421>, 0.100000
	pigment { color rgbt <1,0,0,0> }
	no_shadow
}
cylinder {
	<26.174213, 36.845982, 33.351845>,  <25.841497, 37.035488, 33.467548>, 0.100000
	pigment { color rgbt <1,0,0,0> }
	no_shadow
}

// particle -1
sphere {
	<26.174213, 36.845982, 33.351845> 0.100000
	pigment { color rgbt <1,0,0,0> }
	no_shadow
}
sphere {
	0, 1
	scale<0.080000,0.200000,0.300000>
	matrix <0.208069, 0.749214, -0.628797,
		0.514620, 0.462841, 0.721765,
		0.831790, -0.473768, -0.289258,
		26.423750, 36.703850, 33.265068>
	pigment { color rgbt <0,1,1,0> }
	no_shadow
}
cylinder {
	<26.410456, 37.537632, 33.585686>,  <25.841497, 37.035488, 33.467548>, 0.130000
	pigment { color rgbt <1,0,0,0> }
	no_shadow
}

// nucleotide -1

// particle -1
sphere {
	<26.410456, 37.537632, 33.585686> 0.250000
	pigment { color rgbt <1,0,0,0> }
	no_shadow
}
cylinder {
	<26.515100, 37.247761, 33.330688>,  <26.577887, 37.073837, 33.177692>, 0.100000
	pigment { color rgbt <1,0,0,0> }
	no_shadow
}
cylinder {
	<26.515100, 37.247761, 33.330688>,  <26.410456, 37.537632, 33.585686>, 0.100000
	pigment { color rgbt <1,0,0,0> }
	no_shadow
}

// particle -1
sphere {
	<26.515100, 37.247761, 33.330688> 0.100000
	pigment { color rgbt <1,0,0,0> }
	no_shadow
}
sphere {
	0, 1
	scale<0.080000,0.200000,0.300000>
	matrix <0.212235, 0.687520, -0.694458,
		0.941550, 0.046380, 0.333666,
		0.261611, -0.724683, -0.637491,
		26.593584, 37.030357, 33.139442>
	pigment { color rgbt <0,1,1,0> }
	no_shadow
}
cylinder {
	<26.970514, 37.810211, 33.306362>,  <26.410456, 37.537632, 33.585686>, 0.130000
	pigment { color rgbt <1,0,0,0> }
	no_shadow
}

// nucleotide -1

// particle -1
sphere {
	<26.970514, 37.810211, 33.306362> 0.250000
	pigment { color rgbt <1,0,0,0> }
	no_shadow
}
cylinder {
	<26.855232, 37.516651, 33.060329>,  <26.786062, 37.340515, 32.912708>, 0.100000
	pigment { color rgbt <1,0,0,0> }
	no_shadow
}
cylinder {
	<26.855232, 37.516651, 33.060329>,  <26.970514, 37.810211, 33.306362>, 0.100000
	pigment { color rgbt <1,0,0,0> }
	no_shadow
}

// particle -1
sphere {
	<26.855232, 37.516651, 33.060329> 0.100000
	pigment { color rgbt <1,0,0,0> }
	no_shadow
}
sphere {
	0, 1
	scale<0.080000,0.200000,0.300000>
	matrix <0.305060, 0.538504, -0.785463,
		0.907676, -0.414013, 0.068683,
		-0.288206, -0.733898, -0.615086,
		26.768770, 37.296482, 32.875805>
	pigment { color rgbt <0,1,1,0> }
	no_shadow
}
cylinder {
	<27.615490, 37.663071, 32.817123>,  <26.970514, 37.810211, 33.306362>, 0.130000
	pigment { color rgbt <1,0,0,0> }
	no_shadow
}

// nucleotide -1

// particle -1
sphere {
	<27.615490, 37.663071, 32.817123> 0.250000
	pigment { color rgbt <1,0,0,0> }
	no_shadow
}
cylinder {
	<27.242058, 37.595066, 32.690937>,  <27.017998, 37.554264, 32.615227>, 0.100000
	pigment { color rgbt <1,0,0,0> }
	no_shadow
}
cylinder {
	<27.242058, 37.595066, 32.690937>,  <27.615490, 37.663071, 32.817123>, 0.100000
	pigment { color rgbt <1,0,0,0> }
	no_shadow
}

// particle -1
sphere {
	<27.242058, 37.595066, 32.690937> 0.100000
	pigment { color rgbt <1,0,0,0> }
	no_shadow
}
sphere {
	0, 1
	scale<0.080000,0.200000,0.300000>
	matrix <0.217644, 0.430368, -0.876022,
		0.284698, -0.886499, -0.364783,
		-0.933584, -0.170009, -0.315466,
		26.961983, 37.544064, 32.596298>
	pigment { color rgbt <0,1,1,0> }
	no_shadow
}
cylinder {
	<27.596968, 37.405220, 32.183594>,  <27.615490, 37.663071, 32.817123>, 0.130000
	pigment { color rgbt <1,0,0,0> }
	no_shadow
}

// nucleotide -1

// particle -1
sphere {
	<27.596968, 37.405220, 32.183594> 0.250000
	pigment { color rgbt <1,0,0,0> }
	no_shadow
}
cylinder {
	<27.221266, 37.540398, 32.159611>,  <26.995844, 37.621502, 32.145222>, 0.100000
	pigment { color rgbt <1,0,0,0> }
	no_shadow
}
cylinder {
	<27.221266, 37.540398, 32.159611>,  <27.596968, 37.405220, 32.183594>, 0.100000
	pigment { color rgbt <1,0,0,0> }
	no_shadow
}

// particle -1
sphere {
	<27.221266, 37.540398, 32.159611> 0.100000
	pigment { color rgbt <1,0,0,0> }
	no_shadow
}
sphere {
	0, 1
	scale<0.080000,0.200000,0.300000>
	matrix <0.146850, 0.237787, -0.960152,
		-0.310218, -0.910633, -0.272970,
		-0.939255, 0.337942, -0.059961,
		26.939489, 37.641781, 32.141621>
	pigment { color rgbt <0,1,1,0> }
	no_shadow
}
cylinder {
	<27.233906, 37.018311, 31.740379>,  <27.596968, 37.405220, 32.183594>, 0.130000
	pigment { color rgbt <1,0,0,0> }
	no_shadow
}

// nucleotide -1

// particle -1
sphere {
	<27.233906, 37.018311, 31.740379> 0.250000
	pigment { color rgbt <1,0,0,0> }
	no_shadow
}
cylinder {
	<27.055206, 37.375294, 31.765467>,  <26.947987, 37.589485, 31.780519>, 0.100000
	pigment { color rgbt <1,0,0,0> }
	no_shadow
}
cylinder {
	<27.055206, 37.375294, 31.765467>,  <27.233906, 37.018311, 31.740379>, 0.100000
	pigment { color rgbt <1,0,0,0> }
	no_shadow
}

// particle -1
sphere {
	<27.055206, 37.375294, 31.765467> 0.100000
	pigment { color rgbt <1,0,0,0> }
	no_shadow
}
sphere {
	0, 1
	scale<0.080000,0.200000,0.300000>
	matrix <0.139010, 0.138497, -0.980558,
		-0.883795, -0.429343, -0.185934,
		-0.446747, 0.892459, 0.062721,
		26.921183, 37.643032, 31.784283>
	pigment { color rgbt <0,1,1,0> }
	no_shadow
}
cylinder {
	<26.646654, 36.498444, 31.978548>,  <27.233906, 37.018311, 31.740379>, 0.130000
	pigment { color rgbt <1,0,0,0> }
	no_shadow
}

// nucleotide -1

// particle -1
sphere {
	<26.646654, 36.498444, 31.978548> 0.250000
	pigment { color rgbt <1,0,0,0> }
	no_shadow
}
cylinder {
	<26.767891, 36.755249, 32.260242>,  <26.840633, 36.909332, 32.429260>, 0.100000
	pigment { color rgbt <1,0,0,0> }
	no_shadow
}
cylinder {
	<26.767891, 36.755249, 32.260242>,  <26.646654, 36.498444, 31.978548>, 0.100000
	pigment { color rgbt <1,0,0,0> }
	no_shadow
}

// particle -1
sphere {
	<26.767891, 36.755249, 32.260242> 0.100000
	pigment { color rgbt <1,0,0,0> }
	no_shadow
}
sphere {
	0, 1
	scale<0.080000,0.200000,0.300000>
	matrix <0.109864, -0.757613, 0.643391,
		0.946607, -0.117638, -0.300162,
		0.303093, 0.642016, 0.704238,
		26.858818, 36.947853, 32.471512>
	pigment { color rgbt <0,1,1,0> }
	no_shadow
}
cylinder {
	<27.220407, 36.227585, 32.276478>,  <26.646654, 36.498444, 31.978548>, 0.130000
	pigment { color rgbt <1,0,0,0> }
	no_shadow
}

// nucleotide -1

// particle -1
sphere {
	<27.220407, 36.227585, 32.276478> 0.250000
	pigment { color rgbt <1,0,0,0> }
	no_shadow
}
cylinder {
	<27.046389, 36.473774, 32.539364>,  <26.941977, 36.621487, 32.697094>, 0.100000
	pigment { color rgbt <1,0,0,0> }
	no_shadow
}
cylinder {
	<27.046389, 36.473774, 32.539364>,  <27.220407, 36.227585, 32.276478>, 0.100000
	pigment { color rgbt <1,0,0,0> }
	no_shadow
}

// particle -1
sphere {
	<27.046389, 36.473774, 32.539364> 0.100000
	pigment { color rgbt <1,0,0,0> }
	no_shadow
}
sphere {
	0, 1
	scale<0.080000,0.200000,0.300000>
	matrix <0.111181, -0.687602, 0.717525,
		0.893517, 0.385227, 0.230710,
		-0.435046, 0.615470, 0.657215,
		26.915874, 36.658417, 32.736526>
	pigment { color rgbt <0,1,1,0> }
	no_shadow
}
cylinder {
	<27.503151, 36.080723, 32.883736>,  <27.220407, 36.227585, 32.276478>, 0.130000
	pigment { color rgbt <1,0,0,0> }
	no_shadow
}

// nucleotide -1

// particle -1
sphere {
	<27.503151, 36.080723, 32.883736> 0.250000
	pigment { color rgbt <1,0,0,0> }
	no_shadow
}
cylinder {
	<27.177687, 36.273594, 33.013634>,  <26.982409, 36.389317, 33.091572>, 0.100000
	pigment { color rgbt <1,0,0,0> }
	no_shadow
}
cylinder {
	<27.177687, 36.273594, 33.013634>,  <27.503151, 36.080723, 32.883736>, 0.100000
	pigment { color rgbt <1,0,0,0> }
	no_shadow
}

// particle -1
sphere {
	<27.177687, 36.273594, 33.013634> 0.100000
	pigment { color rgbt <1,0,0,0> }
	no_shadow
}
sphere {
	0, 1
	scale<0.080000,0.200000,0.300000>
	matrix <-0.055582, -0.620578, 0.782172,
		0.578678, 0.618372, 0.531740,
		-0.813660, 0.482181, 0.324745,
		26.933588, 36.418247, 33.111057>
	pigment { color rgbt <0,1,1,0> }
	no_shadow
}
cylinder {
	<27.560553, 36.265362, 33.604481>,  <27.503151, 36.080723, 32.883736>, 0.130000
	pigment { color rgbt <1,0,0,0> }
	no_shadow
}

// nucleotide -1

// particle -1
sphere {
	<27.560553, 36.265362, 33.604481> 0.250000
	pigment { color rgbt <1,0,0,0> }
	no_shadow
}
cylinder {
	<27.166452, 36.284706, 33.538822>,  <26.929993, 36.296310, 33.499428>, 0.100000
	pigment { color rgbt <1,0,0,0> }
	no_shadow
}
cylinder {
	<27.166452, 36.284706, 33.538822>,  <27.560553, 36.265362, 33.604481>, 0.100000
	pigment { color rgbt <1,0,0,0> }
	no_shadow
}

// particle -1
sphere {
	<27.166452, 36.284706, 33.538822> 0.100000
	pigment { color rgbt <1,0,0,0> }
	no_shadow
}
sphere {
	0, 1
	scale<0.080000,0.200000,0.300000>
	matrix <-0.163225, -0.553666, 0.816585,
		-0.051395, 0.831333, 0.553393,
		-0.985249, 0.048359, -0.164150,
		26.870878, 36.299213, 33.489578>
	pigment { color rgbt <0,1,1,0> }
	no_shadow
}
cylinder {
	<27.324068, 36.603981, 34.208458>,  <27.560553, 36.265362, 33.604481>, 0.130000
	pigment { color rgbt <1,0,0,0> }
	no_shadow
}

// nucleotide -1

// particle -1
sphere {
	<27.324068, 36.603981, 34.208458> 0.250000
	pigment { color rgbt <1,0,0,0> }
	no_shadow
}
cylinder {
	<27.047857, 36.374725, 34.031963>,  <26.882130, 36.237171, 33.926067>, 0.100000
	pigment { color rgbt <1,0,0,0> }
	no_shadow
}
cylinder {
	<27.047857, 36.374725, 34.031963>,  <27.324068, 36.603981, 34.208458>, 0.100000
	pigment { color rgbt <1,0,0,0> }
	no_shadow
}

// particle -1
sphere {
	<27.047857, 36.374725, 34.031963> 0.100000
	pigment { color rgbt <1,0,0,0> }
	no_shadow
}
sphere {
	0, 1
	scale<0.080000,0.200000,0.300000>
	matrix <-0.177123, -0.457461, 0.871411,
		-0.701283, 0.679887, 0.214375,
		-0.690529, -0.573135, -0.441233,
		26.840698, 36.202785, 33.899593>
	pigment { color rgbt <0,1,1,0> }
	no_shadow
}
cylinder {
	<26.686728, 36.771591, 34.509415>,  <27.324068, 36.603981, 34.208458>, 0.130000
	pigment { color rgbt <1,0,0,0> }
	no_shadow
}

// nucleotide -1

// particle -1
sphere {
	<26.686728, 36.771591, 34.509415> 0.250000
	pigment { color rgbt <1,0,0,0> }
	no_shadow
}
cylinder {
	<26.665190, 36.406227, 34.348030>,  <26.652267, 36.187008, 34.251198>, 0.100000
	pigment { color rgbt <1,0,0,0> }
	no_shadow
}
cylinder {
	<26.665190, 36.406227, 34.348030>,  <26.686728, 36.771591, 34.509415>, 0.100000
	pigment { color rgbt <1,0,0,0> }
	no_shadow
}

// particle -1
sphere {
	<26.665190, 36.406227, 34.348030> 0.100000
	pigment { color rgbt <1,0,0,0> }
	no_shadow
}
sphere {
	0, 1
	scale<0.080000,0.200000,0.300000>
	matrix <-0.180244, -0.388524, 0.903638,
		-0.982147, 0.121377, -0.143717,
		-0.053843, -0.913410, -0.403465,
		26.649036, 36.132206, 34.226990>
	pigment { color rgbt <0,1,1,0> }
	no_shadow
}
cylinder {
	<26.065575, 36.502785, 34.798615>,  <26.686728, 36.771591, 34.509415>, 0.130000
	pigment { color rgbt <1,0,0,0> }
	no_shadow
}

// nucleotide -1

// particle -1
sphere {
	<26.065575, 36.502785, 34.798615> 0.250000
	pigment { color rgbt <1,0,0,0> }
	no_shadow
}
cylinder {
	<25.919619, 36.338585, 34.464348>,  <25.832045, 36.240067, 34.263786>, 0.100000
	pigment { color rgbt <1,0,0,0> }
	no_shadow
}
cylinder {
	<25.919619, 36.338585, 34.464348>,  <26.065575, 36.502785, 34.798615>, 0.100000
	pigment { color rgbt <1,0,0,0> }
	no_shadow
}

// particle -1
sphere {
	<25.919619, 36.338585, 34.464348> 0.100000
	pigment { color rgbt <1,0,0,0> }
	no_shadow
}
sphere {
	0, 1
	scale<0.080000,0.200000,0.300000>
	matrix <0.039051, -0.903515, 0.426775,
		-0.930232, 0.123092, 0.345713,
		-0.364890, -0.410500, -0.835671,
		25.810152, 36.215435, 34.213646>
	pigment { color rgbt <0,1,1,0> }
	no_shadow
}
cylinder {
	<25.554649, 36.127438, 35.072025>,  <26.065575, 36.502785, 34.798615>, 0.130000
	pigment { color rgbt <1,0,0,0> }
	no_shadow
}

// nucleotide -1

// particle -1
sphere {
	<25.554649, 36.127438, 35.072025> 0.250000
	pigment { color rgbt <1,0,0,0> }
	no_shadow
}
cylinder {
	<25.666967, 35.961754, 34.725712>,  <25.734358, 35.862343, 34.517925>, 0.100000
	pigment { color rgbt <1,0,0,0> }
	no_shadow
}
cylinder {
	<25.666967, 35.961754, 34.725712>,  <25.554649, 36.127438, 35.072025>, 0.100000
	pigment { color rgbt <1,0,0,0> }
	no_shadow
}

// particle -1
sphere {
	<25.666967, 35.961754, 34.725712> 0.100000
	pigment { color rgbt <1,0,0,0> }
	no_shadow
}
sphere {
	0, 1
	scale<0.080000,0.200000,0.300000>
	matrix <0.021830, -0.899087, 0.437225,
		-0.959519, -0.141671, -0.243419,
		0.280797, -0.414212, -0.865784,
		25.751207, 35.837490, 34.465977>
	pigment { color rgbt <0,1,1,0> }
	no_shadow
}
cylinder {
	<25.184538, 35.490051, 35.031826>,  <25.554649, 36.127438, 35.072025>, 0.130000
	pigment { color rgbt <1,0,0,0> }
	no_shadow
}

// nucleotide -1

// particle -1
sphere {
	<25.184538, 35.490051, 35.031826> 0.250000
	pigment { color rgbt <1,0,0,0> }
	no_shadow
}
cylinder {
	<25.469435, 35.448048, 34.754211>,  <25.640373, 35.422844, 34.587643>, 0.100000
	pigment { color rgbt <1,0,0,0> }
	no_shadow
}
cylinder {
	<25.469435, 35.448048, 34.754211>,  <25.184538, 35.490051, 35.031826>, 0.100000
	pigment { color rgbt <1,0,0,0> }
	no_shadow
}

// particle -1
sphere {
	<25.469435, 35.448048, 34.754211> 0.100000
	pigment { color rgbt <1,0,0,0> }
	no_shadow
}
sphere {
	0, 1
	scale<0.080000,0.200000,0.300000>
	matrix <0.095644, -0.965005, 0.244166,
		-0.695389, -0.240285, -0.677271,
		0.712240, -0.105013, -0.694036,
		25.683107, 35.416542, 34.546001>
	pigment { color rgbt <0,1,1,0> }
	no_shadow
}
cylinder {
	<25.054502, 35.034081, 34.467571>,  <25.184538, 35.490051, 35.031826>, 0.130000
	pigment { color rgbt <1,0,0,0> }
	no_shadow
}

// nucleotide -1

// particle -1
sphere {
	<25.054502, 35.034081, 34.467571> 0.250000
	pigment { color rgbt <1,0,0,0> }
	no_shadow
}
cylinder {
	<25.449156, 35.034863, 34.532749>,  <25.685947, 35.035332, 34.571854>, 0.100000
	pigment { color rgbt <1,0,0,0> }
	no_shadow
}
cylinder {
	<25.449156, 35.034863, 34.532749>,  <25.054502, 35.034081, 34.467571>, 0.100000
	pigment { color rgbt <1,0,0,0> }
	no_shadow
}

// particle -1
sphere {
	<25.449156, 35.034863, 34.532749> 0.100000
	pigment { color rgbt <1,0,0,0> }
	no_shadow
}
sphere {
	0, 1
	scale<0.080000,0.200000,0.300000>
	matrix <-0.011729, -0.996483, 0.082971,
		0.162529, -0.083773, -0.983141,
		0.986634, 0.001954, 0.162940,
		25.745146, 35.035450, 34.581631>
	pigment { color rgbt <0,1,1,0> }
	no_shadow
}
cylinder {
	<25.337791, 34.555157, 34.080925>,  <25.054502, 35.034081, 34.467571>, 0.130000
	pigment { color rgbt <1,0,0,0> }
	no_shadow
}

// nucleotide -1

// particle -1
sphere {
	<25.337791, 34.555157, 34.080925> 0.250000
	pigment { color rgbt <1,0,0,0> }
	no_shadow
}
cylinder {
	<25.639877, 34.598362, 34.339531>,  <25.821129, 34.624287, 34.494694>, 0.100000
	pigment { color rgbt <1,0,0,0> }
	no_shadow
}
cylinder {
	<25.639877, 34.598362, 34.339531>,  <25.337791, 34.555157, 34.080925>, 0.100000
	pigment { color rgbt <1,0,0,0> }
	no_shadow
}

// particle -1
sphere {
	<25.639877, 34.598362, 34.339531> 0.100000
	pigment { color rgbt <1,0,0,0> }
	no_shadow
}
sphere {
	0, 1
	scale<0.080000,0.200000,0.300000>
	matrix <0.067377, -0.993897, 0.087347,
		0.652004, -0.022406, -0.757885,
		0.755216, 0.108014, 0.646515,
		25.866442, 34.630768, 34.533485>
	pigment { color rgbt <0,1,1,0> }
	no_shadow
}
cylinder {
	<25.867779, 34.045082, 33.959126>,  <25.337791, 34.555157, 34.080925>, 0.130000
	pigment { color rgbt <1,0,0,0> }
	no_shadow
}

// nucleotide -1

// particle -1
sphere {
	<25.867779, 34.045082, 33.959126> 0.250000
	pigment { color rgbt <1,0,0,0> }
	no_shadow
}
cylinder {
	<25.907408, 34.145477, 34.344288>,  <25.931185, 34.205715, 34.575386>, 0.100000
	pigment { color rgbt <1,0,0,0> }
	no_shadow
}
cylinder {
	<25.907408, 34.145477, 34.344288>,  <25.867779, 34.045082, 33.959126>, 0.100000
	pigment { color rgbt <1,0,0,0> }
	no_shadow
}

// particle -1
sphere {
	<25.907408, 34.145477, 34.344288> 0.100000
	pigment { color rgbt <1,0,0,0> }
	no_shadow
}
sphere {
	0, 1
	scale<0.080000,0.200000,0.300000>
	matrix <-0.019313, -0.967000, 0.254041,
		0.994893, -0.043765, -0.090956,
		0.099073, 0.250987, 0.962907,
		25.937130, 34.220772, 34.633160>
	pigment { color rgbt <0,1,1,0> }
	no_shadow
}
cylinder {
	<26.517521, 33.900688, 34.252487>,  <25.867779, 34.045082, 33.959126>, 0.130000
	pigment { color rgbt <1,0,0,0> }
	no_shadow
}

// nucleotide -1

// particle -1
sphere {
	<26.517521, 33.900688, 34.252487> 0.250000
	pigment { color rgbt <1,0,0,0> }
	no_shadow
}
cylinder {
	<26.257137, 33.863312, 34.553825>,  <26.100908, 33.840885, 34.734627>, 0.100000
	pigment { color rgbt <1,0,0,0> }
	no_shadow
}
cylinder {
	<26.257137, 33.863312, 34.553825>,  <26.517521, 33.900688, 34.252487>, 0.100000
	pigment { color rgbt <1,0,0,0> }
	no_shadow
}

// particle -1
sphere {
	<26.257137, 33.863312, 34.553825> 0.100000
	pigment { color rgbt <1,0,0,0> }
	no_shadow
}
sphere {
	0, 1
	scale<0.080000,0.200000,0.300000>
	matrix <0.248405, -0.963979, 0.095079,
		0.717320, 0.249027, 0.650720,
		-0.650958, -0.093440, 0.753341,
		26.061850, 33.835281, 34.779827>
	pigment { color rgbt <0,1,1,0> }
	no_shadow
}
cylinder {
	<26.643963, 34.570881, 33.944469>,  <26.517521, 33.900688, 34.252487>, 0.130000
	pigment { color rgbt <1,0,0,0> }
	no_shadow
}

// nucleotide -1

// particle -1
sphere {
	<26.643963, 34.570881, 33.944469> 0.250000
	pigment { color rgbt <1,0,0,0> }
	no_shadow
}
cylinder {
	<27.021444, 34.636749, 34.059227>,  <27.247932, 34.676270, 34.128082>, 0.100000
	pigment { color rgbt <1,0,0,0> }
	no_shadow
}
cylinder {
	<27.021444, 34.636749, 34.059227>,  <26.643963, 34.570881, 33.944469>, 0.100000
	pigment { color rgbt <1,0,0,0> }
	no_shadow
}

// particle -1
sphere {
	<27.021444, 34.636749, 34.059227> 0.100000
	pigment { color rgbt <1,0,0,0> }
	no_shadow
}
sphere {
	0, 1
	scale<0.080000,0.200000,0.300000>
	matrix <0.092601, -0.964122, 0.248785,
		0.317572, -0.208212, -0.925092,
		0.943702, 0.164671, 0.286898,
		27.304554, 34.686150, 34.145298>
	pigment { color rgbt <0,1,1,0> }
	no_shadow
}
cylinder {
	<27.082418, 34.020828, 33.656738>,  <26.643963, 34.570881, 33.944469>, 0.130000
	pigment { color rgbt <1,0,0,0> }
	no_shadow
}

// nucleotide -1

// particle -1
sphere {
	<27.082418, 34.020828, 33.656738> 0.250000
	pigment { color rgbt <1,0,0,0> }
	no_shadow
}
cylinder {
	<27.229719, 34.184097, 33.990871>,  <27.318100, 34.282059, 34.191353>, 0.100000
	pigment { color rgbt <1,0,0,0> }
	no_shadow
}
cylinder {
	<27.229719, 34.184097, 33.990871>,  <27.082418, 34.020828, 33.656738>, 0.100000
	pigment { color rgbt <1,0,0,0> }
	no_shadow
}

// particle -1
sphere {
	<27.229719, 34.184097, 33.990871> 0.100000
	pigment { color rgbt <1,0,0,0> }
	no_shadow
}
sphere {
	0, 1
	scale<0.080000,0.200000,0.300000>
	matrix <0.213024, -0.911617, 0.351533,
		0.904991, 0.048494, -0.422657,
		0.368254, 0.408170, 0.835336,
		27.340195, 34.306549, 34.241470>
	pigment { color rgbt <0,1,1,0> }
	no_shadow
}
cylinder {
	<27.503738, 33.529919, 33.966743>,  <27.082418, 34.020828, 33.656738>, 0.130000
	pigment { color rgbt <1,0,0,0> }
	no_shadow
}

// nucleotide -1

// particle -1
sphere {
	<27.503738, 33.529919, 33.966743> 0.250000
	pigment { color rgbt <1,0,0,0> }
	no_shadow
}
cylinder {
	<27.534161, 33.775795, 34.280781>,  <27.552414, 33.923321, 34.469204>, 0.100000
	pigment { color rgbt <1,0,0,0> }
	no_shadow
}
cylinder {
	<27.534161, 33.775795, 34.280781>,  <27.503738, 33.529919, 33.966743>, 0.100000
	pigment { color rgbt <1,0,0,0> }
	no_shadow
}

// particle -1
sphere {
	<27.534161, 33.775795, 34.280781> 0.100000
	pigment { color rgbt <1,0,0,0> }
	no_shadow
}
sphere {
	0, 1
	scale<0.080000,0.200000,0.300000>
	matrix <0.413028, -0.736067, 0.536296,
		0.907537, 0.283477, -0.309865,
		0.076054, 0.614692, 0.785092,
		27.556976, 33.960201, 34.516308>
	pigment { color rgbt <0,1,1,0> }
	no_shadow
}
cylinder {
	<28.258381, 33.709026, 34.093304>,  <27.503738, 33.529919, 33.966743>, 0.130000
	pigment { color rgbt <1,0,0,0> }
	no_shadow
}

// nucleotide -1

// particle -1
sphere {
	<28.258381, 33.709026, 34.093304> 0.250000
	pigment { color rgbt <1,0,0,0> }
	no_shadow
}
cylinder {
	<28.010433, 33.749107, 34.404617>,  <27.861666, 33.773155, 34.591404>, 0.100000
	pigment { color rgbt <1,0,0,0> }
	no_shadow
}
cylinder {
	<28.010433, 33.749107, 34.404617>,  <28.258381, 33.709026, 34.093304>, 0.100000
	pigment { color rgbt <1,0,0,0> }
	no_shadow
}

// particle -1
sphere {
	<28.010433, 33.749107, 34.404617> 0.100000
	pigment { color rgbt <1,0,0,0> }
	no_shadow
}
sphere {
	0, 1
	scale<0.080000,0.200000,0.300000>
	matrix <0.473145, -0.743515, 0.472566,
		0.626017, 0.661169, 0.413470,
		-0.619868, 0.100203, 0.778282,
		27.824472, 33.779167, 34.638103>
	pigment { color rgbt <0,1,1,0> }
	no_shadow
}
cylinder {
	<28.701468, 33.814812, 34.700661>,  <28.258381, 33.709026, 34.093304>, 0.130000
	pigment { color rgbt <1,0,0,0> }
	no_shadow
}

// nucleotide -1

// particle -1
sphere {
	<28.701468, 33.814812, 34.700661> 0.250000
	pigment { color rgbt <1,0,0,0> }
	no_shadow
}
cylinder {
	<28.348263, 33.673203, 34.823917>,  <28.136339, 33.588238, 34.897873>, 0.100000
	pigment { color rgbt <1,0,0,0> }
	no_shadow
}
cylinder {
	<28.348263, 33.673203, 34.823917>,  <28.701468, 33.814812, 34.700661>, 0.100000
	pigment { color rgbt <1,0,0,0> }
	no_shadow
}

// particle -1
sphere {
	<28.348263, 33.673203, 34.823917> 0.100000
	pigment { color rgbt <1,0,0,0> }
	no_shadow
}
sphere {
	0, 1
	scale<0.080000,0.200000,0.300000>
	matrix <0.469345, -0.667953, 0.577541,
		0.001358, 0.654602, 0.755973,
		-0.883014, -0.354027, 0.308141,
		28.083359, 33.566994, 34.916359>
	pigment { color rgbt <0,1,1,0> }
	no_shadow
}
cylinder {
	<28.823799, 33.766651, 35.347771>,  <28.701468, 33.814812, 34.700661>, 0.130000
	pigment { color rgbt <1,0,0,0> }
	no_shadow
}

// nucleotide -1

// particle -1
sphere {
	<28.823799, 33.766651, 35.347771> 0.250000
	pigment { color rgbt <1,0,0,0> }
	no_shadow
}
cylinder {
	<28.502699, 33.533718, 35.296425>,  <28.310038, 33.393959, 35.265617>, 0.100000
	pigment { color rgbt <1,0,0,0> }
	no_shadow
}
cylinder {
	<28.502699, 33.533718, 35.296425>,  <28.823799, 33.766651, 35.347771>, 0.100000
	pigment { color rgbt <1,0,0,0> }
	no_shadow
}

// particle -1
sphere {
	<28.502699, 33.533718, 35.296425> 0.100000
	pigment { color rgbt <1,0,0,0> }
	no_shadow
}
sphere {
	0, 1
	scale<0.080000,0.200000,0.300000>
	matrix <0.393611, -0.679156, 0.619529,
		-0.447951, 0.446804, 0.774407,
		-0.802752, -0.582334, -0.128362,
		28.261873, 33.359016, 35.257915>
	pigment { color rgbt <0,1,1,0> }
	no_shadow
}
cylinder {
	<28.707199, 33.306000, 36.002430>,  <28.823799, 33.766651, 35.347771>, 0.130000
	pigment { color rgbt <1,0,0,0> }
	no_shadow
}

// nucleotide -1

// particle -1
sphere {
	<28.707199, 33.306000, 36.002430> 0.250000
	pigment { color rgbt <1,0,0,0> }
	no_shadow
}
cylinder {
	<28.311676, 33.259243, 35.965343>,  <28.074362, 33.231190, 35.943092>, 0.100000
	pigment { color rgbt <1,0,0,0> }
	no_shadow
}
cylinder {
	<28.311676, 33.259243, 35.965343>,  <28.707199, 33.306000, 36.002430>, 0.100000
	pigment { color rgbt <1,0,0,0> }
	no_shadow
}

// particle -1
sphere {
	<28.311676, 33.259243, 35.965343> 0.100000
	pigment { color rgbt <1,0,0,0> }
	no_shadow
}
sphere {
	0, 1
	scale<0.080000,0.200000,0.300000>
	matrix <0.124253, -0.989174, -0.078082,
		-0.082587, -0.088728, 0.992626,
		-0.988808, -0.116888, -0.092717,
		28.015034, 33.224178, 35.937527>
	pigment { color rgbt <0,1,1,0> }
	no_shadow
}
cylinder {
	<28.239475, 33.058945, 36.540844>,  <28.707199, 33.306000, 36.002430>, 0.130000
	pigment { color rgbt <1,0,0,0> }
	no_shadow
}

// nucleotide -1

// particle -1
sphere {
	<28.239475, 33.058945, 36.540844> 0.250000
	pigment { color rgbt <1,0,0,0> }
	no_shadow
}
cylinder {
	<28.105679, 32.936611, 36.184288>,  <28.025400, 32.863209, 35.970356>, 0.100000
	pigment { color rgbt <1,0,0,0> }
	no_shadow
}
cylinder {
	<28.105679, 32.936611, 36.184288>,  <28.239475, 33.058945, 36.540844>, 0.100000
	pigment { color rgbt <1,0,0,0> }
	no_shadow
}

// particle -1
sphere {
	<28.105679, 32.936611, 36.184288> 0.100000
	pigment { color rgbt <1,0,0,0> }
	no_shadow
}
sphere {
	0, 1
	scale<0.080000,0.200000,0.300000>
	matrix <0.202697, -0.947085, 0.248885,
		-0.920341, -0.097432, 0.378787,
		-0.334494, -0.305838, -0.891390,
		28.005331, 32.844860, 35.916870>
	pigment { color rgbt <0,1,1,0> }
	no_shadow
}
cylinder {
	<27.777002, 32.524727, 36.597874>,  <28.239475, 33.058945, 36.540844>, 0.130000
	pigment { color rgbt <1,0,0,0> }
	no_shadow
}

// nucleotide -1

// particle -1
sphere {
	<27.777002, 32.524727, 36.597874> 0.250000
	pigment { color rgbt <1,0,0,0> }
	no_shadow
}
cylinder {
	<27.906286, 32.462223, 36.224537>,  <27.983856, 32.424721, 36.000534>, 0.100000
	pigment { color rgbt <1,0,0,0> }
	no_shadow
}
cylinder {
	<27.906286, 32.462223, 36.224537>,  <27.777002, 32.524727, 36.597874>, 0.100000
	pigment { color rgbt <1,0,0,0> }
	no_shadow
}

// particle -1
sphere {
	<27.906286, 32.462223, 36.224537> 0.100000
	pigment { color rgbt <1,0,0,0> }
	no_shadow
}
sphere {
	0, 1
	scale<0.080000,0.200000,0.300000>
	matrix <0.263800, -0.932301, 0.247436,
		-0.908814, -0.326188, -0.260110,
		0.323212, -0.156256, -0.933337,
		28.003250, 32.415348, 35.944534>
	pigment { color rgbt <0,1,1,0> }
	no_shadow
}
cylinder {
	<27.359432, 31.982365, 36.252003>,  <27.777002, 32.524727, 36.597874>, 0.130000
	pigment { color rgbt <1,0,0,0> }
	no_shadow
}

// nucleotide -1

// particle -1
sphere {
	<27.359432, 31.982365, 36.252003> 0.250000
	pigment { color rgbt <1,0,0,0> }
	no_shadow
}
cylinder {
	<27.700941, 32.007381, 36.045254>,  <27.905846, 32.022392, 35.921204>, 0.100000
	pigment { color rgbt <1,0,0,0> }
	no_shadow
}
cylinder {
	<27.700941, 32.007381, 36.045254>,  <27.359432, 31.982365, 36.252003>, 0.100000
	pigment { color rgbt <1,0,0,0> }
	no_shadow
}

// particle -1
sphere {
	<27.700941, 32.007381, 36.045254> 0.100000
	pigment { color rgbt <1,0,0,0> }
	no_shadow
}
sphere {
	0, 1
	scale<0.080000,0.200000,0.300000>
	matrix <0.219201, -0.943664, 0.247890,
		-0.472253, -0.324942, -0.819384,
		0.853773, 0.062543, -0.516876,
		27.957073, 32.026146, 35.890190>
	pigment { color rgbt <0,1,1,0> }
	no_shadow
}
cylinder {
	<27.337934, 31.332064, 35.845901>,  <27.359432, 31.982365, 36.252003>, 0.130000
	pigment { color rgbt <1,0,0,0> }
	no_shadow
}

// nucleotide -1

// particle -1
sphere {
	<27.337934, 31.332064, 35.845901> 0.250000
	pigment { color rgbt <1,0,0,0> }
	no_shadow
}
cylinder {
	<27.704718, 31.488703, 35.876461>,  <27.924788, 31.582687, 35.894794>, 0.100000
	pigment { color rgbt <1,0,0,0> }
	no_shadow
}
cylinder {
	<27.704718, 31.488703, 35.876461>,  <27.337934, 31.332064, 35.845901>, 0.100000
	pigment { color rgbt <1,0,0,0> }
	no_shadow
}

// particle -1
sphere {
	<27.704718, 31.488703, 35.876461> 0.100000
	pigment { color rgbt <1,0,0,0> }
	no_shadow
}
sphere {
	0, 1
	scale<0.080000,0.200000,0.300000>
	matrix <0.367265, -0.903263, 0.221882,
		0.155895, -0.175399, -0.972076,
		0.916959, 0.391600, 0.076396,
		27.979805, 31.606182, 35.899380>
	pigment { color rgbt <0,1,1,0> }
	no_shadow
}
cylinder {
	<27.813934, 30.808924, 35.572929>,  <27.337934, 31.332064, 35.845901>, 0.130000
	pigment { color rgbt <1,0,0,0> }
	no_shadow
}

// nucleotide -1

// particle -1
sphere {
	<27.813934, 30.808924, 35.572929> 0.250000
	pigment { color rgbt <1,0,0,0> }
	no_shadow
}
cylinder {
	<28.018787, 31.056887, 35.810730>,  <28.141699, 31.205666, 35.953411>, 0.100000
	pigment { color rgbt <1,0,0,0> }
	no_shadow
}
cylinder {
	<28.018787, 31.056887, 35.810730>,  <27.813934, 30.808924, 35.572929>, 0.100000
	pigment { color rgbt <1,0,0,0> }
	no_shadow
}

// particle -1
sphere {
	<28.018787, 31.056887, 35.810730> 0.100000
	pigment { color rgbt <1,0,0,0> }
	no_shadow
}
sphere {
	0, 1
	scale<0.080000,0.200000,0.300000>
	matrix <0.428662, -0.784271, 0.448518,
		0.744290, 0.025139, -0.667383,
		0.512134, 0.619909, 0.594501,
		28.172428, 31.242859, 35.989079>
	pigment { color rgbt <0,1,1,0> }
	no_shadow
}
cylinder {
	<28.539791, 30.717340, 35.401577>,  <27.813934, 30.808924, 35.572929>, 0.130000
	pigment { color rgbt <1,0,0,0> }
	no_shadow
}

// nucleotide -1

// particle -1
sphere {
	<28.539791, 30.717340, 35.401577> 0.250000
	pigment { color rgbt <1,0,0,0> }
	no_shadow
}
cylinder {
	<28.437462, 30.816772, 35.775265>,  <28.376064, 30.876431, 35.999477>, 0.100000
	pigment { color rgbt <1,0,0,0> }
	no_shadow
}
cylinder {
	<28.437462, 30.816772, 35.775265>,  <28.539791, 30.717340, 35.401577>, 0.100000
	pigment { color rgbt <1,0,0,0> }
	no_shadow
}

// particle -1
sphere {
	<28.437462, 30.816772, 35.775265> 0.100000
	pigment { color rgbt <1,0,0,0> }
	no_shadow
}
sphere {
	0, 1
	scale<0.080000,0.200000,0.300000>
	matrix <0.423649, -0.839811, 0.339469,
		0.868951, 0.482624, 0.109534,
		-0.255824, 0.248578, 0.934218,
		28.360714, 30.891346, 36.055531>
	pigment { color rgbt <0,1,1,0> }
	no_shadow
}
cylinder {
	<28.985556, 31.347496, 35.265633>,  <28.539791, 30.717340, 35.401577>, 0.130000
	pigment { color rgbt <1,0,0,0> }
	no_shadow
}

// nucleotide -1

// particle -1
sphere {
	<28.985556, 31.347496, 35.265633> 0.250000
	pigment { color rgbt <1,0,0,0> }
	no_shadow
}
cylinder {
	<28.748804, 31.554878, 35.018768>,  <28.606752, 31.679308, 34.870651>, 0.100000
	pigment { color rgbt <1,0,0,0> }
	no_shadow
}
cylinder {
	<28.748804, 31.554878, 35.018768>,  <28.985556, 31.347496, 35.265633>, 0.100000
	pigment { color rgbt <1,0,0,0> }
	no_shadow
}

// particle -1
sphere {
	<28.748804, 31.554878, 35.018768> 0.100000
	pigment { color rgbt <1,0,0,0> }
	no_shadow
}
sphere {
	0, 1
	scale<0.080000,0.200000,0.300000>
	matrix <-0.102027, 0.711329, 0.695414,
		0.799543, 0.474569, -0.368125,
		-0.591880, 0.518455, -0.617157,
		28.571239, 31.710415, 34.833622>
	pigment { color rgbt <0,1,1,0> }
	no_shadow
}
cylinder {
	<29.116730, 31.941769, 35.774384>,  <28.985556, 31.347496, 35.265633>, 0.130000
	pigment { color rgbt <1,0,0,0> }
	no_shadow
}

// nucleotide -1

// particle -1
sphere {
	<29.116730, 31.941769, 35.774384> 0.250000
	pigment { color rgbt <1,0,0,0> }
	no_shadow
}
cylinder {
	<28.742678, 31.821209, 35.699886>,  <28.518246, 31.748873, 35.655186>, 0.100000
	pigment { color rgbt <1,0,0,0> }
	no_shadow
}
cylinder {
	<28.742678, 31.821209, 35.699886>,  <29.116730, 31.941769, 35.774384>, 0.100000
	pigment { color rgbt <1,0,0,0> }
	no_shadow
}

// particle -1
sphere {
	<28.742678, 31.821209, 35.699886> 0.100000
	pigment { color rgbt <1,0,0,0> }
	no_shadow
}
sphere {
	0, 1
	scale<0.080000,0.200000,0.300000>
	matrix <-0.251859, 0.935217, -0.248870,
