// switches for output
#declare DRAW_BASES = 1; // possible values are 0, 1; only relevant for DNA ribbons
#declare DRAW_BASES_TYPE = 3; // possible values are 1, 2, 3; only relevant for DNA ribbons
#declare DRAW_FOG = 0; // set to 1 to enable fog

#include "colors.inc"

#include "transforms.inc"
background { rgb <1, 1, 1>}

#default {
   normal{
       ripples 0.25
       frequency 0.20
       turbulence 0.2
       lambda 5
   }
	finish {
		phong 0.1
		phong_size 40.
	}
}

// original window dimensions: 1024x640


// camera settings

camera {
	sky <0, 0.179814, -0.983701>
	up <0, 0.179814, -0.983701>
	right 1.6 * <1, 0, 0>
	location <35, 94.9851, 44.8844>
	look_at <35, 29.7336, 32.9568>
	direction <0, -65.2515, -11.9276>
	angle 67.0682
}


# declare cpy_camera_pos = <35, 94.9851, 44.8844>;
# if (DRAW_FOG = 1)
fog {
	fog_type 2
	up vnormalize(cpy_camera_pos)
	color rgbt<1,1,1,0.3>
	distance 1e-5
	fog_alt 3e-3
	fog_offset 56
}
# end


// LIGHTS

# declare lum = 6;
global_settings {
	ambient_light rgb lum * <0.05, 0.05, 0.05>
	max_trace_level 15
}# declare cpy_direct_light_amount = 0.25;
light_source
{	1000 * <-1, -1.16352, -0.803886>,
	rgb lum * cpy_direct_light_amount
	parallel
}

light_source
{	1000 * <1, 1.16352, 0.803886>,
	rgb lum * cpy_direct_light_amount
	parallel
}

// strand 0

// nucleotide -1

// particle -1
sphere {
	<24.718073, 34.744747, 34.784313> 0.250000
	pigment { color rgbt <1,0,0,0> }
	no_shadow
}
cylinder {
	<24.408916, 34.839073, 35.019951>,  <24.223423, 34.895668, 35.161331>, 0.100000
	pigment { color rgbt <1,0,0,0> }
	no_shadow
}
cylinder {
	<24.408916, 34.839073, 35.019951>,  <24.718073, 34.744747, 34.784313>, 0.100000
	pigment { color rgbt <1,0,0,0> }
	no_shadow
}

// particle -1
sphere {
	<24.408916, 34.839073, 35.019951> 0.100000
	pigment { color rgbt <1,0,0,0> }
	no_shadow
}
sphere {
	0, 1
	scale<0.080000,0.200000,0.300000>
	matrix <-0.457084, 0.437036, -0.774645,
		-0.440126, -0.867981, -0.229995,
		-0.772893, 0.235814, 0.589091,
		24.177048, 34.909817, 35.196678>
	pigment { color rgbt <0,1,1,0> }
	no_shadow
}
cylinder {
	<25.200516, 34.365665, 34.417183>,  <24.718073, 34.744747, 34.784313>, 0.130000
	pigment { color rgbt <1,0,0,0> }
	no_shadow
}

// nucleotide -1

// particle -1
sphere {
	<25.200516, 34.365665, 34.417183> 0.250000
	pigment { color rgbt <1,0,0,0> }
	no_shadow
}
cylinder {
	<25.592648, 34.293915, 34.384258>,  <25.827927, 34.250862, 34.364506>, 0.100000
	pigment { color rgbt <1,0,0,0> }
	no_shadow
}
cylinder {
	<25.592648, 34.293915, 34.384258>,  <25.200516, 34.365665, 34.417183>, 0.100000
	pigment { color rgbt <1,0,0,0> }
	no_shadow
}

// particle -1
sphere {
	<25.592648, 34.293915, 34.384258> 0.100000
	pigment { color rgbt <1,0,0,0> }
	no_shadow
}
sphere {
	0, 1
	scale<0.080000,0.200000,0.300000>
	matrix <-0.178054, -0.983746, 0.023227,
		-0.085137, -0.008115, -0.996336,
		0.980330, -0.179380, -0.082308,
		25.886747, 34.240101, 34.359566>
	pigment { color rgbt <0,1,1,0> }
	no_shadow
}
cylinder {
	<25.350037, 33.899967, 33.895828>,  <25.200516, 34.365665, 34.417183>, 0.130000
	pigment { color rgbt <1,0,0,0> }
	no_shadow
}

// nucleotide -1

// particle -1
sphere {
	<25.350037, 33.899967, 33.895828> 0.250000
	pigment { color rgbt <1,0,0,0> }
	no_shadow
}
cylinder {
	<25.672462, 33.854259, 34.128105>,  <25.865919, 33.826836, 34.267471>, 0.100000
	pigment { color rgbt <1,0,0,0> }
	no_shadow
}
cylinder {
	<25.672462, 33.854259, 34.128105>,  <25.350037, 33.899967, 33.895828>, 0.100000
	pigment { color rgbt <1,0,0,0> }
	no_shadow
}

// particle -1
sphere {
	<25.672462, 33.854259, 34.128105> 0.100000
	pigment { color rgbt <1,0,0,0> }
	no_shadow
}
sphere {
	0, 1
	scale<0.080000,0.200000,0.300000>
	matrix <-0.120045, -0.992355, -0.028644,
		0.579522, -0.046619, -0.813622,
		0.806067, -0.114271, 0.580688,
		25.914282, 33.819977, 34.302311>
	pigment { color rgbt <0,1,1,0> }
	no_shadow
}
cylinder {
	<25.588202, 33.344173, 33.672100>,  <25.350037, 33.899967, 33.895828>, 0.130000
	pigment { color rgbt <1,0,0,0> }
	no_shadow
}

// nucleotide -1

// particle -1
sphere {
	<25.588202, 33.344173, 33.672100> 0.250000
	pigment { color rgbt <1,0,0,0> }
	no_shadow
}
cylinder {
	<25.778704, 33.356930, 34.023590>,  <25.893005, 33.364582, 34.234486>, 0.100000
	pigment { color rgbt <1,0,0,0> }
	no_shadow
}
cylinder {
	<25.778704, 33.356930, 34.023590>,  <25.588202, 33.344173, 33.672100>, 0.100000
	pigment { color rgbt <1,0,0,0> }
	no_shadow
}

// particle -1
sphere {
	<25.778704, 33.356930, 34.023590> 0.100000
	pigment { color rgbt <1,0,0,0> }
	no_shadow
}
sphere {
	0, 1
	scale<0.080000,0.200000,0.300000>
	matrix <-0.099962, -0.990900, 0.090138,
		0.873606, -0.130768, -0.468734,
		0.476256, 0.031890, 0.878728,
		25.921581, 33.366497, 34.287209>
	pigment { color rgbt <0,1,1,0> }
	no_shadow
}
cylinder {
	<26.195246, 32.830971, 33.532158>,  <25.588202, 33.344173, 33.672100>, 0.130000
	pigment { color rgbt <1,0,0,0> }
	no_shadow
}

// nucleotide -1

// particle -1
sphere {
	<26.195246, 32.830971, 33.532158> 0.250000
	pigment { color rgbt <1,0,0,0> }
	no_shadow
}
cylinder {
	<26.101480, 32.870026, 33.919048>,  <26.045221, 32.893459, 34.151180>, 0.100000
	pigment { color rgbt <1,0,0,0> }
	no_shadow
}
cylinder {
	<26.101480, 32.870026, 33.919048>,  <26.195246, 32.830971, 33.532158>, 0.100000
	pigment { color rgbt <1,0,0,0> }
	no_shadow
}

// particle -1
sphere {
	<26.101480, 32.870026, 33.919048> 0.100000
	pigment { color rgbt <1,0,0,0> }
	no_shadow
}
sphere {
	0, 1
	scale<0.080000,0.200000,0.300000>
	matrix <-0.046373, -0.994934, 0.089194,
		0.971030, -0.023945, 0.237755,
		-0.234415, 0.097636, 0.967221,
		26.031157, 32.899315, 34.209213>
	pigment { color rgbt <0,1,1,0> }
	no_shadow
}
cylinder {
	<26.710524, 32.401131, 34.072044>,  <26.195246, 32.830971, 33.532158>, 0.130000
	pigment { color rgbt <1,0,0,0> }
	no_shadow
}

// nucleotide -1

// particle -1
sphere {
	<26.710524, 32.401131, 34.072044> 0.250000
	pigment { color rgbt <1,0,0,0> }
	no_shadow
}
cylinder {
	<26.331394, 32.431496, 34.195896>,  <26.103916, 32.449715, 34.270206>, 0.100000
	pigment { color rgbt <1,0,0,0> }
	no_shadow
}
cylinder {
	<26.331394, 32.431496, 34.195896>,  <26.710524, 32.401131, 34.072044>, 0.100000
	pigment { color rgbt <1,0,0,0> }
	no_shadow
}

// particle -1
sphere {
	<26.331394, 32.431496, 34.195896> 0.100000
	pigment { color rgbt <1,0,0,0> }
	no_shadow
}
sphere {
	0, 1
	scale<0.080000,0.200000,0.300000>
	matrix <-0.057510, -0.996016, 0.068151,
		0.313570, 0.046788, 0.948412,
		-0.947822, 0.075913, 0.309630,
		26.047047, 32.454269, 34.288784>
	pigment { color rgbt <0,1,1,0> }
	no_shadow
}
cylinder {
	<26.745502, 32.018822, 34.761024>,  <26.710524, 32.401131, 34.072044>, 0.130000
	pigment { color rgbt <1,0,0,0> }
	no_shadow
}

// nucleotide -1

// particle -1
sphere {
	<26.745502, 32.018822, 34.761024> 0.250000
	pigment { color rgbt <1,0,0,0> }
	no_shadow
}
cylinder {
	<26.379328, 32.009254, 34.600323>,  <26.159622, 32.003513, 34.503902>, 0.100000
	pigment { color rgbt <1,0,0,0> }
	no_shadow
}
cylinder {
	<26.379328, 32.009254, 34.600323>,  <26.745502, 32.018822, 34.761024>, 0.100000
	pigment { color rgbt <1,0,0,0> }
	no_shadow
}

// particle -1
sphere {
	<26.379328, 32.009254, 34.600323> 0.100000
	pigment { color rgbt <1,0,0,0> }
	no_shadow
}
sphere {
	0, 1
	scale<0.080000,0.200000,0.300000>
	matrix <-0.033881, -0.990109, 0.136145,
		-0.401035, 0.138244, 0.905571,
		-0.915436, -0.023917, -0.401752,
		26.104696, 32.002079, 34.479797>
	pigment { color rgbt <0,1,1,0> }
	no_shadow
}
cylinder {
	<26.345751, 31.643753, 35.139172>,  <26.745502, 32.018822, 34.761024>, 0.130000
	pigment { color rgbt <1,0,0,0> }
	no_shadow
}

// nucleotide -1

// particle -1
sphere {
	<26.345751, 31.643753, 35.139172> 0.250000
	pigment { color rgbt <1,0,0,0> }
	no_shadow
}
cylinder {
	<26.136652, 31.622278, 34.798855>,  <26.011192, 31.609392, 34.594666>, 0.100000
	pigment { color rgbt <1,0,0,0> }
	no_shadow
}
cylinder {
	<26.136652, 31.622278, 34.798855>,  <26.345751, 31.643753, 35.139172>, 0.100000
	pigment { color rgbt <1,0,0,0> }
	no_shadow
}

// particle -1
sphere {
	<26.136652, 31.622278, 34.798855> 0.100000
	pigment { color rgbt <1,0,0,0> }
	no_shadow
}
sphere {
	0, 1
	scale<0.080000,0.200000,0.300000>
	matrix <-0.055480, -0.993757, 0.096798,
		-0.850681, 0.097803, 0.516505,
		-0.522747, -0.053688, -0.850796,
		25.979828, 31.606173, 34.543617>
	pigment { color rgbt <0,1,1,0> }
	no_shadow
}
cylinder {
	<25.766508, 31.283691, 35.210293>,  <26.345751, 31.643753, 35.139172>, 0.130000
	pigment { color rgbt <1,0,0,0> }
	no_shadow
}

// nucleotide -1

// particle -1
sphere {
	<25.766508, 31.283691, 35.210293> 0.250000
	pigment { color rgbt <1,0,0,0> }
	no_shadow
}
cylinder {
	<25.822697, 31.241266, 34.816540>,  <25.856409, 31.215811, 34.580288>, 0.100000
	pigment { color rgbt <1,0,0,0> }
	no_shadow
}
cylinder {
	<25.822697, 31.241266, 34.816540>,  <25.766508, 31.283691, 35.210293>, 0.100000
	pigment { color rgbt <1,0,0,0> }
	no_shadow
}

// particle -1
sphere {
	<25.822697, 31.241266, 34.816540> 0.100000
	pigment { color rgbt <1,0,0,0> }
	no_shadow
}
sphere {
	0, 1
	scale<0.080000,0.200000,0.300000>
	matrix <-0.095650, -0.991048, 0.093134,
		-0.985453, 0.081074, -0.149361,
		0.140473, -0.106065, -0.984387,
		25.864838, 31.209446, 34.521225>
	pigment { color rgbt <0,1,1,0> }
	no_shadow
}
cylinder {
	<25.215654, 30.913725, 35.003151>,  <25.766508, 31.283691, 35.210293>, 0.130000
	pigment { color rgbt <1,0,0,0> }
	no_shadow
}

// nucleotide -1

// particle -1
sphere {
	<25.215654, 30.913725, 35.003151> 0.250000
	pigment { color rgbt <1,0,0,0> }
	no_shadow
}
cylinder {
	<25.478960, 30.839590, 34.711304>,  <25.636944, 30.795109, 34.536198>, 0.100000
	pigment { color rgbt <1,0,0,0> }
	no_shadow
}
cylinder {
	<25.478960, 30.839590, 34.711304>,  <25.215654, 30.913725, 35.003151>, 0.100000
	pigment { color rgbt <1,0,0,0> }
	no_shadow
}

// particle -1
sphere {
	<25.478960, 30.839590, 34.711304> 0.100000
	pigment { color rgbt <1,0,0,0> }
	no_shadow
}
sphere {
	0, 1
	scale<0.080000,0.200000,0.300000>
	matrix <-0.268332, -0.963323, 0.002614,
		-0.703339, 0.194058, -0.683854,
		0.658264, -0.185339, -0.729614,
		25.676439, 30.783989, 34.492420>
	pigment { color rgbt <0,1,1,0> }
	no_shadow
}
cylinder {
	<24.854477, 30.420151, 34.425373>,  <25.215654, 30.913725, 35.003151>, 0.130000
	pigment { color rgbt <1,0,0,0> }
	no_shadow
}

// nucleotide -1

// particle -1
sphere {
	<24.854477, 30.420151, 34.425373> 0.250000
	pigment { color rgbt <1,0,0,0> }
	no_shadow
}
cylinder {
	<25.253080, 30.397322, 34.401009>,  <25.492243, 30.383625, 34.386391>, 0.100000
	pigment { color rgbt <1,0,0,0> }
	no_shadow
}
cylinder {
	<25.253080, 30.397322, 34.401009>,  <24.854477, 30.420151, 34.425373>, 0.100000
	pigment { color rgbt <1,0,0,0> }
	no_shadow
}

// particle -1
sphere {
	<25.253080, 30.397322, 34.401009> 0.100000
	pigment { color rgbt <1,0,0,0> }
	no_shadow
}
sphere {
	0, 1
	scale<0.080000,0.200000,0.300000>
	matrix <-0.056557, -0.998348, 0.010137,
		-0.061393, -0.006657, -0.998092,
		0.996510, -0.057071, -0.060915,
		25.552032, 30.380199, 34.382732>
	pigment { color rgbt <0,1,1,0> }
	no_shadow
}
cylinder {
	<25.067602, 29.967230, 33.821545>,  <24.854477, 30.420151, 34.425373>, 0.130000
	pigment { color rgbt <1,0,0,0> }
	no_shadow
}

// nucleotide -1

// particle -1
sphere {
	<25.067602, 29.967230, 33.821545> 0.250000
	pigment { color rgbt <1,0,0,0> }
	no_shadow
}
cylinder {
	<25.313202, 29.988493, 34.136551>,  <25.460562, 30.001251, 34.325554>, 0.100000
	pigment { color rgbt <1,0,0,0> }
	no_shadow
}
cylinder {
	<25.313202, 29.988493, 34.136551>,  <25.067602, 29.967230, 33.821545>, 0.100000
	pigment { color rgbt <1,0,0,0> }
	no_shadow
}

// particle -1
sphere {
	<25.313202, 29.988493, 34.136551> 0.100000
	pigment { color rgbt <1,0,0,0> }
	no_shadow
}
sphere {
	0, 1
	scale<0.080000,0.200000,0.300000>
	matrix <-0.106737, -0.982973, 0.149568,
		0.782057, -0.175892, -0.597871,
		0.613999, 0.053156, 0.787515,
		25.497402, 30.004440, 34.372807>
	pigment { color rgbt <0,1,1,0> }
	no_shadow
}
cylinder {
	<25.317978, 29.396240, 34.291126>,  <25.067602, 29.967230, 33.821545>, 0.130000
	pigment { color rgbt <1,0,0,0> }
	no_shadow
}

// nucleotide -1

// particle -1
sphere {
	<25.317978, 29.396240, 34.291126> 0.250000
	pigment { color rgbt <1,0,0,0> }
	no_shadow
}
cylinder {
	<25.128815, 29.043800, 34.289356>,  <25.015316, 28.832336, 34.288292>, 0.100000
	pigment { color rgbt <1,0,0,0> }
	no_shadow
}
cylinder {
	<25.128815, 29.043800, 34.289356>,  <25.317978, 29.396240, 34.291126>, 0.100000
	pigment { color rgbt <1,0,0,0> }
	no_shadow
}

// particle -1
sphere {
	<25.128815, 29.043800, 34.289356> 0.100000
	pigment { color rgbt <1,0,0,0> }
	no_shadow
}
sphere {
	0, 1
	scale<0.080000,0.200000,0.300000>
	matrix <0.878837, -0.472045, 0.069414,
		-0.063251, 0.028936, 0.997578,
		-0.472910, -0.881100, -0.004427,
		24.986942, 28.779470, 34.288029>
	pigment { color rgbt <0,1,1,0> }
	no_shadow
}
cylinder {
	<25.256287, 29.295427, 35.099342>,  <25.317978, 29.396240, 34.291126>, 0.130000
	pigment { color rgbt <1,0,0,0> }
	no_shadow
}

// nucleotide -1

// particle -1
sphere {
	<25.256287, 29.295427, 35.099342> 0.250000
	pigment { color rgbt <1,0,0,0> }
	no_shadow
}
cylinder {
	<25.551950, 29.202702, 34.846390>,  <25.729349, 29.147066, 34.694618>, 0.100000
	pigment { color rgbt <1,0,0,0> }
	no_shadow
}
cylinder {
	<25.551950, 29.202702, 34.846390>,  <25.256287, 29.295427, 35.099342>, 0.100000
	pigment { color rgbt <1,0,0,0> }
	no_shadow
}

// particle -1
sphere {
	<25.551950, 29.202702, 34.846390> 0.100000
	pigment { color rgbt <1,0,0,0> }
	no_shadow
}
sphere {
	0, 1
	scale<0.080000,0.200000,0.300000>
	matrix <0.142213, 0.971452, -0.189885,
		0.658343, 0.050423, 0.751027,
		0.739161, -0.231816, -0.632378,
		25.773699, 29.133158, 34.656677>
	pigment { color rgbt <0,1,1,0> }
	no_shadow
}
cylinder {
	<25.962891, 29.588284, 35.300682>,  <25.256287, 29.295427, 35.099342>, 0.130000
	pigment { color rgbt <1,0,0,0> }
	no_shadow
}

// nucleotide -1

// particle -1
sphere {
	<25.962891, 29.588284, 35.300682> 0.250000
	pigment { color rgbt <1,0,0,0> }
	no_shadow
}
cylinder {
	<25.987371, 29.559999, 34.902435>,  <26.002060, 29.543030, 34.663486>, 0.100000
	pigment { color rgbt <1,0,0,0> }
	no_shadow
}
cylinder {
	<25.987371, 29.559999, 34.902435>,  <25.962891, 29.588284, 35.300682>, 0.100000
	pigment { color rgbt <1,0,0,0> }
	no_shadow
}

// particle -1
sphere {
	<25.987371, 29.559999, 34.902435> 0.100000
	pigment { color rgbt <1,0,0,0> }
	no_shadow
}
sphere {
	0, 1
	scale<0.080000,0.200000,0.300000>
	matrix <0.265110, 0.962811, -0.052081,
		0.962274, -0.260761, 0.077671,
		0.061201, -0.070708, -0.995618,
		26.005732, 29.538788, 34.603748>
	pigment { color rgbt <0,1,1,0> }
	no_shadow
}
cylinder {
	<26.563763, 29.912437, 35.043407>,  <25.962891, 29.588284, 35.300682>, 0.130000
	pigment { color rgbt <1,0,0,0> }
	no_shadow
}

// nucleotide -1

// particle -1
sphere {
	<26.563763, 29.912437, 35.043407> 0.250000
	pigment { color rgbt <1,0,0,0> }
	no_shadow
}
cylinder {
	<26.292049, 29.932804, 34.750565>,  <26.129021, 29.945024, 34.574860>, 0.100000
	pigment { color rgbt <1,0,0,0> }
	no_shadow
}
cylinder {
	<26.292049, 29.932804, 34.750565>,  <26.563763, 29.912437, 35.043407>, 0.100000
	pigment { color rgbt <1,0,0,0> }
	no_shadow
}

// particle -1
sphere {
	<26.292049, 29.932804, 34.750565> 0.100000
	pigment { color rgbt <1,0,0,0> }
	no_shadow
}
sphere {
	0, 1
	scale<0.080000,0.200000,0.300000>
	matrix <0.127198, 0.990660, -0.049125,
		0.722767, -0.126493, -0.679417,
		-0.679285, 0.050915, -0.732106,
		26.088264, 29.948078, 34.530933>
	pigment { color rgbt <0,1,1,0> }
	no_shadow
}
cylinder {
	<26.801134, 30.189648, 34.323009>,  <26.563763, 29.912437, 35.043407>, 0.130000
	pigment { color rgbt <1,0,0,0> }
	no_shadow
}

// nucleotide -1

// particle -1
sphere {
	<26.801134, 30.189648, 34.323009> 0.250000
	pigment { color rgbt <1,0,0,0> }
	no_shadow
}
cylinder {
	<26.409046, 30.257889, 34.363136>,  <26.173794, 30.298834, 34.387211>, 0.100000
	pigment { color rgbt <1,0,0,0> }
	no_shadow
}
cylinder {
	<26.409046, 30.257889, 34.363136>,  <26.801134, 30.189648, 34.323009>, 0.100000
	pigment { color rgbt <1,0,0,0> }
	no_shadow
}

// particle -1
sphere {
	<26.409046, 30.257889, 34.363136> 0.100000
	pigment { color rgbt <1,0,0,0> }
	no_shadow
}
sphere {
	0, 1
	scale<0.080000,0.200000,0.300000>
	matrix <0.126952, 0.930863, -0.342604,
		-0.151832, -0.323091, -0.934109,
		-0.980220, 0.170605, 0.100318,
		26.114981, 30.309071, 34.393230>
	pigment { color rgbt <0,1,1,0> }
	no_shadow
}
cylinder {
	<26.663294, 30.577036, 33.735729>,  <26.801134, 30.189648, 34.323009>, 0.130000
	pigment { color rgbt <1,0,0,0> }
	no_shadow
}

// nucleotide -1

// particle -1
sphere {
	<26.663294, 30.577036, 33.735729> 0.250000
	pigment { color rgbt <1,0,0,0> }
	no_shadow
}
cylinder {
	<26.342306, 30.647182, 33.963867>,  <26.149714, 30.689270, 34.100750>, 0.100000
	pigment { color rgbt <1,0,0,0> }
	no_shadow
}
cylinder {
	<26.342306, 30.647182, 33.963867>,  <26.663294, 30.577036, 33.735729>, 0.100000
	pigment { color rgbt <1,0,0,0> }
	no_shadow
}

// particle -1
sphere {
	<26.342306, 30.647182, 33.963867> 0.100000
	pigment { color rgbt <1,0,0,0> }
	no_shadow
}
sphere {
	0, 1
	scale<0.080000,0.200000,0.300000>
	matrix <0.012924, 0.960721, -0.277214,
		-0.596553, -0.215085, -0.773216,
		-0.802470, 0.175366, 0.570341,
		26.101564, 30.699793, 34.134968>
	pigment { color rgbt <0,1,1,0> }
	no_shadow
}
cylinder {
	<26.265701, 31.058620, 33.288654>,  <26.663294, 30.577036, 33.735729>, 0.130000
	pigment { color rgbt <1,0,0,0> }
	no_shadow
}

// nucleotide -1

// particle -1
sphere {
	<26.265701, 31.058620, 33.288654> 0.250000
	pigment { color rgbt <1,0,0,0> }
	no_shadow
}
cylinder {
	<26.179951, 31.086105, 33.678387>,  <26.128500, 31.102596, 33.912228>, 0.100000
	pigment { color rgbt <1,0,0,0> }
	no_shadow
}
cylinder {
	<26.179951, 31.086105, 33.678387>,  <26.265701, 31.058620, 33.288654>, 0.100000
	pigment { color rgbt <1,0,0,0> }
	no_shadow
}

// particle -1
sphere {
	<26.179951, 31.086105, 33.678387> 0.100000
	pigment { color rgbt <1,0,0,0> }
	no_shadow
}
sphere {
	0, 1
	scale<0.080000,0.200000,0.300000>
	matrix <-0.027120, 0.996719, -0.076259,
		-0.976375, -0.042771, -0.211808,
		-0.214375, 0.068713, 0.974331,
		26.115639, 31.106720, 33.970688>
	pigment { color rgbt <0,1,1,0> }
	no_shadow
}
cylinder {
	<25.722769, 31.607443, 33.399845>,  <26.265701, 31.058620, 33.288654>, 0.130000
	pigment { color rgbt <1,0,0,0> }
	no_shadow
}

// nucleotide -1

// particle -1
sphere {
	<25.722769, 31.607443, 33.399845> 0.250000
	pigment { color rgbt <1,0,0,0> }
	no_shadow
}
cylinder {
	<25.930086, 31.556862, 33.738167>,  <26.054478, 31.526514, 33.941158>, 0.100000
	pigment { color rgbt <1,0,0,0> }
	no_shadow
}
cylinder {
	<25.930086, 31.556862, 33.738167>,  <25.722769, 31.607443, 33.399845>, 0.100000
	pigment { color rgbt <1,0,0,0> }
	no_shadow
}

// particle -1
sphere {
	<25.930086, 31.556862, 33.738167> 0.100000
	pigment { color rgbt <1,0,0,0> }
	no_shadow
}
sphere {
	0, 1
	scale<0.080000,0.200000,0.300000>
	matrix <0.081842, 0.991803, 0.098130,
		-0.851277, 0.018362, 0.524396,
		0.518296, -0.126453, 0.845801,
		26.085575, 31.518927, 33.991905>
	pigment { color rgbt <0,1,1,0> }
	no_shadow
}
cylinder {
	<25.187027, 31.478146, 33.872028>,  <25.722769, 31.607443, 33.399845>, 0.130000
	pigment { color rgbt <1,0,0,0> }
	no_shadow
}

// nucleotide -1

// particle -1
sphere {
	<25.187027, 31.478146, 33.872028> 0.250000
	pigment { color rgbt <1,0,0,0> }
	no_shadow
}
cylinder {
	<25.393877, 31.555138, 34.205624>,  <25.517986, 31.601334, 34.405781>, 0.100000
	pigment { color rgbt <1,0,0,0> }
	no_shadow
}
cylinder {
	<25.393877, 31.555138, 34.205624>,  <25.187027, 31.478146, 33.872028>, 0.100000
	pigment { color rgbt <1,0,0,0> }
	no_shadow
}

// particle -1
sphere {
	<25.393877, 31.555138, 34.205624> 0.100000
	pigment { color rgbt <1,0,0,0> }
	no_shadow
}
sphere {
	0, 1
	scale<0.080000,0.200000,0.300000>
	matrix <0.058798, 0.964095, -0.258967,
		-0.853888, 0.182955, 0.487240,
		0.517125, 0.192479, 0.833986,
		25.549015, 31.612881, 34.455818>
	pigment { color rgbt <0,1,1,0> }
	no_shadow
}
cylinder {
	<24.862638, 32.072525, 34.142971>,  <25.187027, 31.478146, 33.872028>, 0.130000
	pigment { color rgbt <1,0,0,0> }
	no_shadow
}

// nucleotide -1

// particle -1
sphere {
	<24.862638, 32.072525, 34.142971> 0.250000
	pigment { color rgbt <1,0,0,0> }
	no_shadow
}
cylinder {
	<25.223394, 32.052750, 34.314621>,  <25.439848, 32.040886, 34.417610>, 0.100000
	pigment { color rgbt <1,0,0,0> }
	no_shadow
}
cylinder {
	<25.223394, 32.052750, 34.314621>,  <24.862638, 32.072525, 34.142971>, 0.100000
	pigment { color rgbt <1,0,0,0> }
	no_shadow
}

// particle -1
sphere {
	<25.223394, 32.052750, 34.314621> 0.100000
	pigment { color rgbt <1,0,0,0> }
	no_shadow
}
sphere {
	0, 1
	scale<0.080000,0.200000,0.300000>
	matrix <0.115420, 0.984890, -0.129113,
		-0.416256, 0.165976, 0.893970,
		0.901892, -0.049438, 0.429124,
		25.493961, 32.037918, 34.443359>
	pigment { color rgbt <0,1,1,0> }
	no_shadow
}
cylinder {
	<24.804071, 32.588280, 34.662647>,  <24.862638, 32.072525, 34.142971>, 0.130000
	pigment { color rgbt <1,0,0,0> }
	no_shadow
}

// nucleotide -1

// particle -1
sphere {
	<24.804071, 32.588280, 34.662647> 0.250000
	pigment { color rgbt <1,0,0,0> }
	no_shadow
}
cylinder {
	<25.177607, 32.540817, 34.527668>,  <25.401728, 32.512341, 34.446682>, 0.100000
	pigment { color rgbt <1,0,0,0> }
	no_shadow
}
cylinder {
	<25.177607, 32.540817, 34.527668>,  <24.804071, 32.588280, 34.662647>, 0.100000
	pigment { color rgbt <1,0,0,0> }
	no_shadow
}

// particle -1
sphere {
	<25.177607, 32.540817, 34.527668> 0.100000
	pigment { color rgbt <1,0,0,0> }
	no_shadow
}
sphere {
	0, 1
	scale<0.080000,0.200000,0.300000>
	matrix <0.041639, 0.973023, -0.226919,
		0.355270, 0.197854, 0.913585,
		0.933836, -0.118658, -0.337447,
		25.457758, 32.505219, 34.426434>
	pigment { color rgbt <0,1,1,0> }
	no_shadow
}
cylinder {
	<25.335741, 32.949921, 35.065331>,  <24.804071, 32.588280, 34.662647>, 0.130000
	pigment { color rgbt <1,0,0,0> }
	no_shadow
}

// nucleotide -1

// particle -1
sphere {
	<25.335741, 32.949921, 35.065331> 0.250000
	pigment { color rgbt <1,0,0,0> }
	no_shadow
}
cylinder {
	<25.682539, 32.751255, 35.049107>,  <25.890617, 32.632057, 35.039371>, 0.100000
	pigment { color rgbt <1,0,0,0> }
	no_shadow
}
cylinder {
	<25.682539, 32.751255, 35.049107>,  <25.335741, 32.949921, 35.065331>, 0.100000
	pigment { color rgbt <1,0,0,0> }
	no_shadow
}

// particle -1
sphere {
	<25.682539, 32.751255, 35.049107> 0.100000
	pigment { color rgbt <1,0,0,0> }
	no_shadow
}
sphere {
	0, 1
	scale<0.080000,0.200000,0.300000>
	matrix <0.493475, 0.867040, -0.068742,
		0.069304, 0.039586, 0.996810,
		0.866995, -0.496664, -0.040555,
		25.942636, 32.602257, 35.036942>
	pigment { color rgbt <0,1,1,0> }
	no_shadow
}
cylinder {
	<25.943115, 33.080395, 35.608810>,  <25.335741, 32.949921, 35.065331>, 0.130000
	pigment { color rgbt <1,0,0,0> }
	no_shadow
}

// nucleotide -1

// particle -1
sphere {
	<25.943115, 33.080395, 35.608810> 0.250000
	pigment { color rgbt <1,0,0,0> }
	no_shadow
}
cylinder {
	<26.017920, 33.011368, 35.221977>,  <26.062801, 32.969952, 34.989876>, 0.100000
	pigment { color rgbt <1,0,0,0> }
	no_shadow
}
cylinder {
	<26.017920, 33.011368, 35.221977>,  <25.943115, 33.080395, 35.608810>, 0.100000
	pigment { color rgbt <1,0,0,0> }
	no_shadow
}

// particle -1
sphere {
	<26.017920, 33.011368, 35.221977> 0.100000
	pigment { color rgbt <1,0,0,0> }
	no_shadow
}
sphere {
	0, 1
	scale<0.080000,0.200000,0.300000>
	matrix <0.317068, 0.942366, -0.106841,
		0.929782, -0.286651, 0.230947,
		0.187010, -0.172564, -0.967083,
		26.074022, 32.959599, 34.931854>
	pigment { color rgbt <0,1,1,0> }
	no_shadow
}
cylinder {
	<26.549740, 33.361614, 35.418350>,  <25.943115, 33.080395, 35.608810>, 0.130000
	pigment { color rgbt <1,0,0,0> }
	no_shadow
}

// nucleotide -1

// particle -1
sphere {
	<26.549740, 33.361614, 35.418350> 0.250000
	pigment { color rgbt <1,0,0,0> }
	no_shadow
}
cylinder {
	<26.374250, 33.359489, 35.058907>,  <26.268957, 33.358215, 34.843243>, 0.100000
	pigment { color rgbt <1,0,0,0> }
	no_shadow
}
cylinder {
	<26.374250, 33.359489, 35.058907>,  <26.549740, 33.361614, 35.418350>, 0.100000
	pigment { color rgbt <1,0,0,0> }
	no_shadow
}

// particle -1
sphere {
	<26.374250, 33.359489, 35.058907> 0.100000
	pigment { color rgbt <1,0,0,0> }
	no_shadow
}
sphere {
	0, 1
	scale<0.080000,0.200000,0.300000>
	matrix <0.334938, 0.926958, -0.169010,
		0.833869, -0.375126, -0.404898,
		-0.438723, -0.005316, -0.898606,
		26.242634, 33.357895, 34.789326>
	pigment { color rgbt <0,1,1,0> }
	no_shadow
}
cylinder {
	<26.982756, 33.773209, 35.064140>,  <26.549740, 33.361614, 35.418350>, 0.130000
	pigment { color rgbt <1,0,0,0> }
	no_shadow
}

// nucleotide -1

// particle -1
sphere {
	<26.982756, 33.773209, 35.064140> 0.250000
	pigment { color rgbt <1,0,0,0> }
	no_shadow
}
cylinder {
	<26.651848, 33.773968, 34.839420>,  <26.453302, 33.774422, 34.704586>, 0.100000
	pigment { color rgbt <1,0,0,0> }
	no_shadow
}
cylinder {
	<26.651848, 33.773968, 34.839420>,  <26.982756, 33.773209, 35.064140>, 0.100000
	pigment { color rgbt <1,0,0,0> }
	no_shadow
}

// particle -1
sphere {
	<26.651848, 33.773968, 34.839420> 0.100000
	pigment { color rgbt <1,0,0,0> }
	no_shadow
}
sphere {
	0, 1
	scale<0.080000,0.200000,0.300000>
	matrix <0.111266, 0.980740, -0.160530,
		0.550677, -0.195311, -0.811547,
		-0.827270, 0.001897, -0.561802,
		26.403667, 33.774536, 34.670879>
	pigment { color rgbt <0,1,1,0> }
	no_shadow
}
cylinder {
	<27.157051, 34.191742, 34.472244>,  <26.982756, 33.773209, 35.064140>, 0.130000
	pigment { color rgbt <1,0,0,0> }
	no_shadow
}

// nucleotide -1

// particle -1
sphere {
	<27.157051, 34.191742, 34.472244> 0.250000
	pigment { color rgbt <1,0,0,0> }
	no_shadow
}
cylinder {
	<26.757540, 34.171978, 34.473087>,  <26.517834, 34.160118, 34.473595>, 0.100000
	pigment { color rgbt <1,0,0,0> }
	no_shadow
}
cylinder {
	<26.757540, 34.171978, 34.473087>,  <27.157051, 34.191742, 34.472244>, 0.100000
	pigment { color rgbt <1,0,0,0> }
	no_shadow
}

// particle -1
sphere {
	<26.757540, 34.171978, 34.473087> 0.100000
	pigment { color rgbt <1,0,0,0> }
	no_shadow
}
sphere {
	0, 1
	scale<0.080000,0.200000,0.300000>
	matrix <-0.049433, 0.998719, -0.010777,
		-0.001576, -0.010869, -0.999940,
		-0.998776, -0.049413, 0.002111,
		26.457907, 34.157154, 34.473721>
	pigment { color rgbt <0,1,1,0> }
	no_shadow
}
cylinder {
	<26.815336, 34.498783, 33.807339>,  <27.157051, 34.191742, 34.472244>, 0.130000
	pigment { color rgbt <1,0,0,0> }
	no_shadow
}

// nucleotide -1

// particle -1
sphere {
	<26.815336, 34.498783, 33.807339> 0.250000
	pigment { color rgbt <1,0,0,0> }
	no_shadow
}
cylinder {
	<26.596376, 34.549683, 34.138195>,  <26.465000, 34.580223, 34.336708>, 0.100000
	pigment { color rgbt <1,0,0,0> }
	no_shadow
}
cylinder {
	<26.596376, 34.549683, 34.138195>,  <26.815336, 34.498783, 33.807339>, 0.100000
	pigment { color rgbt <1,0,0,0> }
	no_shadow
}

// particle -1
sphere {
	<26.596376, 34.549683, 34.138195> 0.100000
	pigment { color rgbt <1,0,0,0> }
	no_shadow
}
sphere {
	0, 1
	scale<0.080000,0.200000,0.300000>
	matrix <-0.046760, 0.982179, -0.182041,
		-0.835565, -0.138327, -0.531693,
		-0.547399, 0.127245, 0.827142,
		26.432158, 34.587856, 34.386337>
	pigment { color rgbt <0,1,1,0> }
	no_shadow
}
cylinder {
	<27.003136, 35.108418, 34.106888>,  <26.815336, 34.498783, 33.807339>, 0.130000
	pigment { color rgbt <1,0,0,0> }
	no_shadow
}

// nucleotide -1

// particle -1
sphere {
	<27.003136, 35.108418, 34.106888> 0.250000
	pigment { color rgbt <1,0,0,0> }
	no_shadow
}
cylinder {
	<27.282124, 35.334312, 33.930431>,  <27.449516, 35.469849, 33.824558>, 0.100000
	pigment { color rgbt <1,0,0,0> }
	no_shadow
}
cylinder {
	<27.282124, 35.334312, 33.930431>,  <27.003136, 35.108418, 34.106888>, 0.100000
	pigment { color rgbt <1,0,0,0> }
	no_shadow
}

// particle -1
sphere {
	<27.282124, 35.334312, 33.930431> 0.100000
	pigment { color rgbt <1,0,0,0> }
	no_shadow
}
sphere {
	0, 1
	scale<0.080000,0.200000,0.300000>
	matrix <-0.502048, 0.824345, 0.261538,
		0.511353, 0.039059, 0.858482,
		0.697470, 0.564738, -0.441141,
		27.491365, 35.503735, 33.798088>
	pigment { color rgbt <0,1,1,0> }
	no_shadow
}
cylinder {
	<27.071150, 35.754005, 34.567715>,  <27.003136, 35.108418, 34.106888>, 0.130000
	pigment { color rgbt <1,0,0,0> }
	no_shadow
}

// nucleotide -1

// particle -1
sphere {
	<27.071150, 35.754005, 34.567715> 0.250000
	pigment { color rgbt <1,0,0,0> }
	no_shadow
}
cylinder {
	<27.247314, 35.900841, 34.239986>,  <27.353014, 35.988941, 34.043350>, 0.100000
	pigment { color rgbt <1,0,0,0> }
	no_shadow
}
cylinder {
	<27.247314, 35.900841, 34.239986>,  <27.071150, 35.754005, 34.567715>, 0.100000
	pigment { color rgbt <1,0,0,0> }
	no_shadow
}

// particle -1
sphere {
	<27.247314, 35.900841, 34.239986> 0.100000
	pigment { color rgbt <1,0,0,0> }
	no_shadow
}
sphere {
	0, 1
	scale<0.080000,0.200000,0.300000>
	matrix <-0.473178, 0.870461, 0.135649,
		0.762980, 0.327943, 0.557059,
		0.440412, 0.367085, -0.819320,
		27.379438, 36.010967, 33.994190>
	pigment { color rgbt <0,1,1,0> }
	no_shadow
}
cylinder {
	<27.228907, 36.510883, 34.767910>,  <27.071150, 35.754005, 34.567715>, 0.130000
	pigment { color rgbt <1,0,0,0> }
	no_shadow
}

// nucleotide -1

// particle -1
sphere {
	<27.228907, 36.510883, 34.767910> 0.250000
	pigment { color rgbt <1,0,0,0> }
	no_shadow
}
cylinder {
	<27.206738, 36.434654, 34.375866>,  <27.193436, 36.388916, 34.140640>, 0.100000
	pigment { color rgbt <1,0,0,0> }
	no_shadow
}
cylinder {
	<27.206738, 36.434654, 34.375866>,  <27.228907, 36.510883, 34.767910>, 0.100000
	pigment { color rgbt <1,0,0,0> }
	no_shadow
}

// particle -1
sphere {
	<27.206738, 36.434654, 34.375866> 0.100000
	pigment { color rgbt <1,0,0,0> }
	no_shadow
}
sphere {
	0, 1
	scale<0.080000,0.200000,0.300000>
	matrix <-0.437120, 0.887179, -0.147783,
		0.897694, 0.420234, -0.132473,
		-0.055424, -0.190570, -0.980108,
		27.190111, 36.377483, 34.081833>
	pigment { color rgbt <0,1,1,0> }
	no_shadow
}
cylinder {
	<27.399527, 37.150742, 34.373821>,  <27.228907, 36.510883, 34.767910>, 0.130000
	pigment { color rgbt <1,0,0,0> }
	no_shadow
}

// nucleotide -1

// particle -1
sphere {
	<27.399527, 37.150742, 34.373821> 0.250000
	pigment { color rgbt <1,0,0,0> }
	no_shadow
}
cylinder {
	<27.174297, 36.952129, 34.109577>,  <27.039160, 36.832962, 33.951031>, 0.100000
	pigment { color rgbt <1,0,0,0> }
	no_shadow
}
cylinder {
	<27.174297, 36.952129, 34.109577>,  <27.399527, 37.150742, 34.373821>, 0.100000
	pigment { color rgbt <1,0,0,0> }
	no_shadow
}

// particle -1
sphere {
	<27.174297, 36.952129, 34.109577> 0.100000
	pigment { color rgbt <1,0,0,0> }
	no_shadow
}
sphere {
	0, 1
	scale<0.080000,0.200000,0.300000>
	matrix <-0.368989, 0.866327, -0.336636,
		0.739457, 0.054209, -0.671018,
		-0.563073, -0.496526, -0.660614,
		27.005375, 36.803173, 33.911392>
	pigment { color rgbt <0,1,1,0> }
	no_shadow
}
cylinder {
	<27.443457, 37.564369, 33.737198>,  <27.399527, 37.150742, 34.373821>, 0.130000
	pigment { color rgbt <1,0,0,0> }
	no_shadow
}

// nucleotide -1

// particle -1
sphere {
	<27.443457, 37.564369, 33.737198> 0.250000
	pigment { color rgbt <1,0,0,0> }
	no_shadow
}
cylinder {
	<27.115887, 37.339153, 33.692757>,  <26.919344, 37.204025, 33.666092>, 0.100000
	pigment { color rgbt <1,0,0,0> }
	no_shadow
}
cylinder {
	<27.115887, 37.339153, 33.692757>,  <27.443457, 37.564369, 33.737198>, 0.100000
	pigment { color rgbt <1,0,0,0> }
	no_shadow
}

// particle -1
sphere {
	<27.115887, 37.339153, 33.692757> 0.100000
	pigment { color rgbt <1,0,0,0> }
	no_shadow
}
sphere {
	0, 1
	scale<0.080000,0.200000,0.300000>
	matrix <-0.487014, 0.784217, -0.384475,
		0.303606, -0.260747, -0.916425,
		-0.818926, -0.563040, -0.111106,
		26.870209, 37.170242, 33.659424>
	pigment { color rgbt <0,1,1,0> }
	no_shadow
}
cylinder {
	<27.127974, 37.565479, 33.021641>,  <27.443457, 37.564369, 33.737198>, 0.130000
	pigment { color rgbt <1,0,0,0> }
	no_shadow
}

// nucleotide -1

// particle -1
sphere {
	<27.127974, 37.565479, 33.021641> 0.250000
	pigment { color rgbt <1,0,0,0> }
	no_shadow
}
cylinder {
	<26.822226, 37.515778, 33.274715>,  <26.638777, 37.485954, 33.426559>, 0.100000
	pigment { color rgbt <1,0,0,0> }
	no_shadow
}
cylinder {
	<26.822226, 37.515778, 33.274715>,  <27.127974, 37.565479, 33.021641>, 0.100000
	pigment { color rgbt <1,0,0,0> }
	no_shadow
}

// particle -1
sphere {
	<26.822226, 37.515778, 33.274715> 0.100000
	pigment { color rgbt <1,0,0,0> }
	no_shadow
}
sphere {
	0, 1
	scale<0.080000,0.200000,0.300000>
	matrix <-0.471338, 0.777257, -0.416788,
		-0.439975, -0.616792, -0.652679,
		-0.764371, -0.124256, 0.632690,
		26.592915, 37.478500, 33.464523>
	pigment { color rgbt <0,1,1,0> }
	no_shadow
}
cylinder {
	<26.453602, 37.577999, 32.647980>,  <27.127974, 37.565479, 33.021641>, 0.130000
	pigment { color rgbt <1,0,0,0> }
	no_shadow
}

// nucleotide -1

// particle -1
sphere {
	<26.453602, 37.577999, 32.647980> 0.250000
	pigment { color rgbt <1,0,0,0> }
	no_shadow
}
cylinder {
	<26.324497, 37.661079, 33.017342>,  <26.247034, 37.710930, 33.238960>, 0.100000
	pigment { color rgbt <1,0,0,0> }
	no_shadow
}
cylinder {
	<26.324497, 37.661079, 33.017342>,  <26.453602, 37.577999, 32.647980>, 0.100000
	pigment { color rgbt <1,0,0,0> }
	no_shadow
}

// particle -1
sphere {
	<26.324497, 37.661079, 33.017342> 0.100000
	pigment { color rgbt <1,0,0,0> }
	no_shadow
}
sphere {
	0, 1
	scale<0.080000,0.200000,0.300000>
	matrix <-0.569929, 0.736267, -0.364818,
		-0.755650, -0.644026, -0.119262,
		-0.322761, 0.207704, 0.923409,
		26.227669, 37.723392, 33.294365>
	pigment { color rgbt <0,1,1,0> }
	no_shadow
}
cylinder {
	<26.000988, 37.006233, 32.580650>,  <26.453602, 37.577999, 32.647980>, 0.130000
	pigment { color rgbt <1,0,0,0> }
	no_shadow
}

// nucleotide -1

// particle -1
sphere {
	<26.000988, 37.006233, 32.580650> 0.250000
	pigment { color rgbt <1,0,0,0> }
	no_shadow
}
cylinder {
	<25.902479, 37.052368, 32.965576>,  <25.843374, 37.080048, 33.196533>, 0.100000
	pigment { color rgbt <1,0,0,0> }
	no_shadow
}
cylinder {
	<25.902479, 37.052368, 32.965576>,  <26.000988, 37.006233, 32.580650>, 0.100000
	pigment { color rgbt <1,0,0,0> }
	no_shadow
}

// particle -1
sphere {
	<25.902479, 37.052368, 32.965576> 0.100000
	pigment { color rgbt <1,0,0,0> }
	no_shadow
}
sphere {
	0, 1
	scale<0.080000,0.200000,0.300000>
	matrix <-0.641654, 0.724736, -0.251074,
		-0.726382, -0.679304, -0.104476,
		-0.246273, 0.115338, 0.962313,
		25.828598, 37.086967, 33.254269>
	pigment { color rgbt <0,1,1,0> }
	no_shadow
}
cylinder {
	<25.338282, 36.955803, 32.608051>,  <26.000988, 37.006233, 32.580650>, 0.130000
	pigment { color rgbt <1,0,0,0> }
	no_shadow
}

// nucleotide -1

// particle -1
sphere {
	<25.338282, 36.955803, 32.608051> 0.250000
	pigment { color rgbt <1,0,0,0> }
	no_shadow
}
cylinder {
	<25.438993, 37.169323, 32.930954>,  <25.499420, 37.297436, 33.124695>, 0.100000
	pigment { color rgbt <1,0,0,0> }
	no_shadow
}
cylinder {
	<25.438993, 37.169323, 32.930954>,  <25.338282, 36.955803, 32.608051>, 0.100000
	pigment { color rgbt <1,0,0,0> }
	no_shadow
}

// particle -1
sphere {
	<25.438993, 37.169323, 32.930954> 0.100000
	pigment { color rgbt <1,0,0,0> }
	no_shadow
}
sphere {
	0, 1
	scale<0.080000,0.200000,0.300000>
	matrix <-0.729626, 0.652700, -0.204029,
		-0.635808, -0.537626, 0.553811,
		0.251781, 0.533799, 0.807258,
		25.514528, 37.329464, 33.173130>
	pigment { color rgbt <0,1,1,0> }
	no_shadow
}
cylinder {
	<24.667957, 37.026699, 32.955059>,  <25.338282, 36.955803, 32.608051>, 0.130000
	pigment { color rgbt <1,0,0,0> }
	no_shadow
}

// nucleotide -1

// particle -1
sphere {
	<24.667957, 37.026699, 32.955059> 0.250000
	pigment { color rgbt <1,0,0,0> }
	no_shadow
}
cylinder {
	<24.910078, 37.313980, 33.092346>,  <25.055349, 37.486347, 33.174717>, 0.100000
	pigment { color rgbt <1,0,0,0> }
	no_shadow
}
cylinder {
	<24.910078, 37.313980, 33.092346>,  <24.667957, 37.026699, 32.955059>, 0.100000
	pigment { color rgbt <1,0,0,0> }
	no_shadow
}

// particle -1
sphere {
	<24.910078, 37.313980, 33.092346> 0.100000
	pigment { color rgbt <1,0,0,0> }
	no_shadow
}
sphere {
	0, 1
	scale<0.080000,0.200000,0.300000>
	matrix <-0.663408, 0.693452, -0.281095,
		-0.439888, -0.057546, 0.896207,
		0.605301, 0.718201, 0.343217,
		25.091669, 37.529442, 33.195312>
	pigment { color rgbt <0,1,1,0> }
	no_shadow
}
cylinder {
	<24.347466, 37.561420, 33.571613>,  <24.667957, 37.026699, 32.955059>, 0.130000
	pigment { color rgbt <1,0,0,0> }
	no_shadow
}

// nucleotide -1

// particle -1
sphere {
	<24.347466, 37.561420, 33.571613> 0.250000
	pigment { color rgbt <1,0,0,0> }
	no_shadow
}
cylinder {
	<24.637062, 37.753101, 33.373138>,  <24.810820, 37.868111, 33.254055>, 0.100000
	pigment { color rgbt <1,0,0,0> }
	no_shadow
}
cylinder {
	<24.637062, 37.753101, 33.373138>,  <24.347466, 37.561420, 33.571613>, 0.100000
	pigment { color rgbt <1,0,0,0> }
	no_shadow
}

// particle -1
sphere {
	<24.637062, 37.753101, 33.373138> 0.100000
	pigment { color rgbt <1,0,0,0> }
	no_shadow
}
sphere {
	0, 1
	scale<0.080000,0.200000,0.300000>
	matrix <-0.653368, 0.707078, -0.270464,
		0.221236, 0.520007, 0.825014,
		0.723992, 0.479201, -0.496187,
		24.854259, 37.896862, 33.224281>
	pigment { color rgbt <0,1,1,0> }
	no_shadow
}
cylinder {
	<24.505783, 38.296078, 33.733749>,  <24.347466, 37.561420, 33.571613>, 0.130000
	pigment { color rgbt <1,0,0,0> }
	no_shadow
}

// nucleotide -1

// particle -1
sphere {
	<24.505783, 38.296078, 33.733749> 0.250000
	pigment { color rgbt <1,0,0,0> }
	no_shadow
}
cylinder {
	<24.596136, 38.256794, 33.346073>,  <24.650349, 38.233223, 33.113468>, 0.100000
	pigment { color rgbt <1,0,0,0> }
	no_shadow
}
cylinder {
	<24.596136, 38.256794, 33.346073>,  <24.505783, 38.296078, 33.733749>, 0.100000
	pigment { color rgbt <1,0,0,0> }
	no_shadow
}

// particle -1
sphere {
	<24.596136, 38.256794, 33.346073> 0.100000
	pigment { color rgbt <1,0,0,0> }
	no_shadow
}
sphere {
	0, 1
	scale<0.080000,0.200000,0.300000>
	matrix <-0.474150, 0.858018, -0.197450,
		0.850975, 0.504143, 0.147248,
		0.225884, -0.098207, -0.969191,
		24.663902, 38.227333, 33.055317>
	pigment { color rgbt <0,1,1,0> }
	no_shadow
}
cylinder {
	<24.543825, 38.566750, 34.433762>,  <24.505783, 38.296078, 33.733749>, 0.130000
	pigment { color rgbt <1,0,0,0> }
	no_shadow
}

// nucleotide -1

// particle -1
sphere {
	<24.543825, 38.566750, 34.433762> 0.250000
	pigment { color rgbt <1,0,0,0> }
	no_shadow
}
cylinder {
	<24.260727, 38.430660, 34.681419>,  <24.090868, 38.349007, 34.830013>, 0.100000
	pigment { color rgbt <1,0,0,0> }
	no_shadow
}
cylinder {
	<24.260727, 38.430660, 34.681419>,  <24.543825, 38.566750, 34.433762>, 0.100000
	pigment { color rgbt <1,0,0,0> }
	no_shadow
}

// particle -1
sphere {
	<24.260727, 38.430660, 34.681419> 0.100000
	pigment { color rgbt <1,0,0,0> }
	no_shadow
}
sphere {
	0, 1
	scale<0.080000,0.200000,0.300000>
	matrix <-0.149263, 0.928627, 0.339665,
		-0.690521, 0.147979, -0.708013,
		-0.707743, -0.340226, 0.619149,
		24.048405, 38.328594, 34.867165>
	pigment { color rgbt <0,1,1,0> }
	no_shadow
}
cylinder {
	<25.348778, 38.527214, 34.648144>,  <24.543825, 38.566750, 34.433762>, 0.130000
	pigment { color rgbt <1,0,0,0> }
	no_shadow
}

// nucleotide -1

// particle -1
sphere {
	<25.348778, 38.527214, 34.648144> 0.250000
	pigment { color rgbt <1,0,0,0> }
	no_shadow
}
cylinder {
	<25.479845, 38.520725, 35.026005>,  <25.558485, 38.516830, 35.252720>, 0.100000
	pigment { color rgbt <1,0,0,0> }
	no_shadow
}
cylinder {
	<25.479845, 38.520725, 35.026005>,  <25.348778, 38.527214, 34.648144>, 0.100000
	pigment { color rgbt <1,0,0,0> }
	no_shadow
}

// particle -1
sphere {
	<25.479845, 38.520725, 35.026005> 0.100000
	pigment { color rgbt <1,0,0,0> }
	no_shadow
}
sphere {
	0, 1
	scale<0.080000,0.200000,0.300000>
