// switches for output
#declare DRAW_BASES = 1; // possible values are 0, 1; only relevant for DNA ribbons
#declare DRAW_BASES_TYPE = 3; // possible values are 1, 2, 3; only relevant for DNA ribbons
#declare DRAW_FOG = 0; // set to 1 to enable fog

#include "colors.inc"

#include "transforms.inc"
background { rgb <1, 1, 1>}

#default {
   normal{
       ripples 0.25
       frequency 0.20
       turbulence 0.2
       lambda 5
   }
	finish {
		phong 0.1
		phong_size 40.
	}
}

// original window dimensions: 1024x640


// camera settings

camera {
	sky <0, 0.179814, -0.983701>
	up <0, 0.179814, -0.983701>
	right 1.6 * <1, 0, 0>
	location <35, 94.9851, 44.8844>
	look_at <35, 29.7336, 32.9568>
	direction <0, -65.2515, -11.9276>
	angle 67.0682
}


# declare cpy_camera_pos = <35, 94.9851, 44.8844>;
# if (DRAW_FOG = 1)
fog {
	fog_type 2
	up vnormalize(cpy_camera_pos)
	color rgbt<1,1,1,0.3>
	distance 1e-5
	fog_alt 3e-3
	fog_offset 56
}
# end


// LIGHTS

# declare lum = 6;
global_settings {
	ambient_light rgb lum * <0.05, 0.05, 0.05>
	max_trace_level 15
}# declare cpy_direct_light_amount = 0.25;
light_source
{	1000 * <-1, -1.16352, -0.803886>,
	rgb lum * cpy_direct_light_amount
	parallel
}

light_source
{	1000 * <1, 1.16352, 0.803886>,
	rgb lum * cpy_direct_light_amount
	parallel
}

// strand 0

// nucleotide -1

// particle -1
sphere {
	<24.456951, 34.797928, 35.083340> 0.250000
	pigment { color rgbt <1,0,0,0> }
	no_shadow
}
cylinder {
	<24.314949, 35.116745, 34.887913>,  <24.229748, 35.308037, 34.770657>, 0.100000
	pigment { color rgbt <1,0,0,0> }
	no_shadow
}
cylinder {
	<24.314949, 35.116745, 34.887913>,  <24.456951, 34.797928, 35.083340>, 0.100000
	pigment { color rgbt <1,0,0,0> }
	no_shadow
}

// particle -1
sphere {
	<24.314949, 35.116745, 34.887913> 0.100000
	pigment { color rgbt <1,0,0,0> }
	no_shadow
}
sphere {
	0, 1
	scale<0.080000,0.200000,0.300000>
	matrix <0.823512, 0.019254, -0.566972,
		-0.442493, -0.603617, -0.663209,
		-0.355003, 0.797042, -0.488566,
		24.208448, 35.355858, 34.741344>
	pigment { color rgbt <0,1,1,0> }
	no_shadow
}
cylinder {
	<24.585573, 34.797413, 34.328907>,  <24.456951, 34.797928, 35.083340>, 0.130000
	pigment { color rgbt <1,0,0,0> }
	no_shadow
}

// nucleotide -1

// particle -1
sphere {
	<24.585573, 34.797413, 34.328907> 0.250000
	pigment { color rgbt <1,0,0,0> }
	no_shadow
}
cylinder {
	<24.561651, 35.173595, 34.462757>,  <24.547298, 35.399303, 34.543068>, 0.100000
	pigment { color rgbt <1,0,0,0> }
	no_shadow
}
cylinder {
	<24.561651, 35.173595, 34.462757>,  <24.585573, 34.797413, 34.328907>, 0.100000
	pigment { color rgbt <1,0,0,0> }
	no_shadow
}

// particle -1
sphere {
	<24.561651, 35.173595, 34.462757> 0.100000
	pigment { color rgbt <1,0,0,0> }
	no_shadow
}
sphere {
	0, 1
	scale<0.080000,0.200000,0.300000>
	matrix <0.839380, 0.228806, -0.493041,
		-0.540245, 0.251388, -0.803081,
		-0.059806, 0.940453, 0.334621,
		24.543709, 35.455730, 34.563145>
	pigment { color rgbt <0,1,1,0> }
	no_shadow
}
cylinder {
	<24.845995, 35.155231, 33.803539>,  <24.585573, 34.797413, 34.328907>, 0.130000
	pigment { color rgbt <1,0,0,0> }
	no_shadow
}

// nucleotide -1

// particle -1
sphere {
	<24.845995, 35.155231, 33.803539> 0.250000
	pigment { color rgbt <1,0,0,0> }
	no_shadow
}
cylinder {
	<25.056772, 34.933029, 34.060833>,  <25.183239, 34.799709, 34.215210>, 0.100000
	pigment { color rgbt <1,0,0,0> }
	no_shadow
}
cylinder {
	<25.056772, 34.933029, 34.060833>,  <24.845995, 35.155231, 33.803539>, 0.100000
	pigment { color rgbt <1,0,0,0> }
	no_shadow
}

// particle -1
sphere {
	<25.056772, 34.933029, 34.060833> 0.100000
	pigment { color rgbt <1,0,0,0> }
	no_shadow
}
sphere {
	0, 1
	scale<0.080000,0.200000,0.300000>
	matrix <0.680768, -0.177215, -0.710739,
		0.508810, 0.812409, 0.284788,
		0.526942, -0.555506, 0.643230,
		25.214855, 34.766376, 34.253803>
	pigment { color rgbt <0,1,1,0> }
	no_shadow
}
cylinder {
	<25.431946, 35.053196, 33.465218>,  <24.845995, 35.155231, 33.803539>, 0.130000
	pigment { color rgbt <1,0,0,0> }
	no_shadow
}

// nucleotide -1

// particle -1
sphere {
	<25.431946, 35.053196, 33.465218> 0.250000
	pigment { color rgbt <1,0,0,0> }
	no_shadow
}
cylinder {
	<25.483793, 34.770447, 33.743366>,  <25.514902, 34.600800, 33.910255>, 0.100000
	pigment { color rgbt <1,0,0,0> }
	no_shadow
}
cylinder {
	<25.483793, 34.770447, 33.743366>,  <25.431946, 35.053196, 33.465218>, 0.100000
	pigment { color rgbt <1,0,0,0> }
	no_shadow
}

// particle -1
sphere {
	<25.483793, 34.770447, 33.743366> 0.100000
	pigment { color rgbt <1,0,0,0> }
	no_shadow
}
sphere {
	0, 1
	scale<0.080000,0.200000,0.300000>
	matrix <0.650833, -0.468425, -0.597490,
		0.748074, 0.530014, 0.399336,
		0.129619, -0.706868, 0.695368,
		25.522678, 34.558388, 33.951977>
	pigment { color rgbt <0,1,1,0> }
	no_shadow
}
cylinder {
	<26.204920, 34.934505, 33.644955>,  <25.431946, 35.053196, 33.465218>, 0.130000
	pigment { color rgbt <1,0,0,0> }
	no_shadow
}

// nucleotide -1

// particle -1
sphere {
	<26.204920, 34.934505, 33.644955> 0.250000
	pigment { color rgbt <1,0,0,0> }
	no_shadow
}
cylinder {
	<26.018085, 34.597031, 33.750801>,  <25.905985, 34.394547, 33.814308>, 0.100000
	pigment { color rgbt <1,0,0,0> }
	no_shadow
}
cylinder {
	<26.018085, 34.597031, 33.750801>,  <26.204920, 34.934505, 33.644955>, 0.100000
	pigment { color rgbt <1,0,0,0> }
	no_shadow
}

// particle -1
sphere {
	<26.018085, 34.597031, 33.750801> 0.100000
	pigment { color rgbt <1,0,0,0> }
	no_shadow
}
sphere {
	0, 1
	scale<0.080000,0.200000,0.300000>
	matrix <0.781965, -0.533840, -0.321785,
		0.412750, 0.056621, 0.909083,
		-0.467085, -0.843688, 0.264618,
		25.877960, 34.343925, 33.830185>
	pigment { color rgbt <0,1,1,0> }
	no_shadow
}
cylinder {
	<26.540094, 34.474026, 34.092422>,  <26.204920, 34.934505, 33.644955>, 0.130000
	pigment { color rgbt <1,0,0,0> }
	no_shadow
}

// nucleotide -1

// particle -1
sphere {
	<26.540094, 34.474026, 34.092422> 0.250000
	pigment { color rgbt <1,0,0,0> }
	no_shadow
}
cylinder {
	<26.311403, 34.241264, 33.861073>,  <26.174189, 34.101608, 33.722263>, 0.100000
	pigment { color rgbt <1,0,0,0> }
	no_shadow
}
cylinder {
	<26.311403, 34.241264, 33.861073>,  <26.540094, 34.474026, 34.092422>, 0.100000
	pigment { color rgbt <1,0,0,0> }
	no_shadow
}

// particle -1
sphere {
	<26.311403, 34.241264, 33.861073> 0.100000
	pigment { color rgbt <1,0,0,0> }
	no_shadow
}
sphere {
	0, 1
	scale<0.080000,0.200000,0.300000>
	matrix <0.795286, -0.566302, -0.216386,
		-0.201620, -0.583687, 0.786549,
		-0.571726, -0.581903, -0.578375,
		26.139885, 34.066692, 33.687561>
	pigment { color rgbt <0,1,1,0> }
	no_shadow
}
cylinder {
	<26.679132, 33.781319, 34.275146>,  <26.540094, 34.474026, 34.092422>, 0.130000
	pigment { color rgbt <1,0,0,0> }
	no_shadow
}

// nucleotide -1

// particle -1
sphere {
	<26.679132, 33.781319, 34.275146> 0.250000
	pigment { color rgbt <1,0,0,0> }
	no_shadow
}
cylinder {
	<26.526428, 33.724525, 33.909828>,  <26.434807, 33.690449, 33.690639>, 0.100000
	pigment { color rgbt <1,0,0,0> }
	no_shadow
}
cylinder {
	<26.526428, 33.724525, 33.909828>,  <26.679132, 33.781319, 34.275146>, 0.100000
	pigment { color rgbt <1,0,0,0> }
	no_shadow
}

// particle -1
sphere {
	<26.526428, 33.724525, 33.909828> 0.100000
	pigment { color rgbt <1,0,0,0> }
	no_shadow
}
sphere {
	0, 1
	scale<0.080000,0.200000,0.300000>
	matrix <0.717044, -0.668984, -0.195726,
		-0.583188, -0.729591, 0.357196,
		-0.381759, -0.141980, -0.913292,
		26.411901, 33.681931, 33.635841>
	pigment { color rgbt <0,1,1,0> }
	no_shadow
}
cylinder {
	<26.755054, 33.028221, 34.024830>,  <26.679132, 33.781319, 34.275146>, 0.130000
	pigment { color rgbt <1,0,0,0> }
	no_shadow
}

// nucleotide -1

// particle -1
sphere {
	<26.755054, 33.028221, 34.024830> 0.250000
	pigment { color rgbt <1,0,0,0> }
	no_shadow
}
cylinder {
	<26.711029, 33.249973, 33.694847>,  <26.684614, 33.383022, 33.496857>, 0.100000
	pigment { color rgbt <1,0,0,0> }
	no_shadow
}
cylinder {
	<26.711029, 33.249973, 33.694847>,  <26.755054, 33.028221, 34.024830>, 0.100000
	pigment { color rgbt <1,0,0,0> }
	no_shadow
}

// particle -1
sphere {
	<26.711029, 33.249973, 33.694847> 0.100000
	pigment { color rgbt <1,0,0,0> }
	no_shadow
}
sphere {
	0, 1
	scale<0.080000,0.200000,0.300000>
	matrix <0.589032, -0.632159, -0.503405,
		-0.800579, -0.541332, -0.256968,
		-0.110064, 0.554378, -0.824955,
		26.678009, 33.416286, 33.447361>
	pigment { color rgbt <0,1,1,0> }
	no_shadow
}
cylinder {
	<26.561640, 32.575066, 33.559776>,  <26.755054, 33.028221, 34.024830>, 0.130000
	pigment { color rgbt <1,0,0,0> }
	no_shadow
}

// nucleotide -1

// particle -1
sphere {
	<26.561640, 32.575066, 33.559776> 0.250000
	pigment { color rgbt <1,0,0,0> }
	no_shadow
}
cylinder {
	<26.711647, 32.895283, 33.372803>,  <26.801651, 33.087414, 33.260620>, 0.100000
	pigment { color rgbt <1,0,0,0> }
	no_shadow
}
cylinder {
	<26.711647, 32.895283, 33.372803>,  <26.561640, 32.575066, 33.559776>, 0.100000
	pigment { color rgbt <1,0,0,0> }
	no_shadow
}

// particle -1
sphere {
	<26.711647, 32.895283, 33.372803> 0.100000
	pigment { color rgbt <1,0,0,0> }
	no_shadow
}
sphere {
	0, 1
	scale<0.080000,0.200000,0.300000>
	matrix <0.539005, -0.598541, -0.592640,
		-0.754211, -0.029698, -0.655960,
		0.375019, 0.800541, -0.467434,
		26.824152, 33.135445, 33.232574>
	pigment { color rgbt <0,1,1,0> }
	no_shadow
}
cylinder {
	<26.644060, 32.344418, 32.879665>,  <26.561640, 32.575066, 33.559776>, 0.130000
	pigment { color rgbt <1,0,0,0> }
	no_shadow
}

// nucleotide -1

// particle -1
sphere {
	<26.644060, 32.344418, 32.879665> 0.250000
	pigment { color rgbt <1,0,0,0> }
	no_shadow
}
cylinder {
	<26.877941, 32.668839, 32.886723>,  <27.018270, 32.863491, 32.890957>, 0.100000
	pigment { color rgbt <1,0,0,0> }
	no_shadow
}
cylinder {
	<26.877941, 32.668839, 32.886723>,  <26.644060, 32.344418, 32.879665>, 0.100000
	pigment { color rgbt <1,0,0,0> }
	no_shadow
}

// particle -1
sphere {
	<26.877941, 32.668839, 32.886723> 0.100000
	pigment { color rgbt <1,0,0,0> }
	no_shadow
}
sphere {
	0, 1
	scale<0.080000,0.200000,0.300000>
	matrix <0.654655, -0.458881, -0.600712,
		-0.479113, 0.362790, -0.799271,
		0.584703, 0.811056, 0.017646,
		27.053352, 32.912155, 32.892017>
	pigment { color rgbt <0,1,1,0> }
	no_shadow
}
cylinder {
	<26.928469, 32.378944, 32.277985>,  <26.644060, 32.344418, 32.879665>, 0.130000
	pigment { color rgbt <1,0,0,0> }
	no_shadow
}

// nucleotide -1

// particle -1
sphere {
	<26.928469, 32.378944, 32.277985> 0.250000
	pigment { color rgbt <1,0,0,0> }
	no_shadow
}
cylinder {
	<27.174753, 32.592213, 32.510067>,  <27.322523, 32.720173, 32.649315>, 0.100000
	pigment { color rgbt <1,0,0,0> }
	no_shadow
}
cylinder {
	<27.174753, 32.592213, 32.510067>,  <26.928469, 32.378944, 32.277985>, 0.100000
	pigment { color rgbt <1,0,0,0> }
	no_shadow
}

// particle -1
sphere {
	<27.174753, 32.592213, 32.510067> 0.100000
	pigment { color rgbt <1,0,0,0> }
	no_shadow
}
sphere {
	0, 1
	scale<0.080000,0.200000,0.300000>
	matrix <0.742060, -0.640003, -0.199356,
		0.265041, 0.553290, -0.789698,
		0.615711, 0.533166, 0.580202,
		27.359467, 32.752163, 32.684128>
	pigment { color rgbt <0,1,1,0> }
	no_shadow
}
cylinder {
	<27.567743, 32.329395, 31.946632>,  <26.928469, 32.378944, 32.277985>, 0.130000
	pigment { color rgbt <1,0,0,0> }
	no_shadow
}

// nucleotide -1

// particle -1
sphere {
	<27.567743, 32.329395, 31.946632> 0.250000
	pigment { color rgbt <1,0,0,0> }
	no_shadow
}
cylinder {
	<27.641415, 32.419296, 32.329372>,  <27.685617, 32.473236, 32.559017>, 0.100000
	pigment { color rgbt <1,0,0,0> }
	no_shadow
}
cylinder {
	<27.641415, 32.419296, 32.329372>,  <27.567743, 32.329395, 31.946632>, 0.100000
	pigment { color rgbt <1,0,0,0> }
	no_shadow
}

// particle -1
sphere {
	<27.641415, 32.419296, 32.329372> 0.100000
	pigment { color rgbt <1,0,0,0> }
	no_shadow
}
sphere {
	0, 1
	scale<0.080000,0.200000,0.300000>
	matrix <0.847760, -0.528949, -0.038939,
		0.497374, 0.818352, -0.287958,
		0.184181, 0.224752, 0.956851,
		27.696669, 32.486721, 32.616428>
	pigment { color rgbt <0,1,1,0> }
	no_shadow
}
cylinder {
	<28.171509, 31.951838, 32.126995>,  <27.567743, 32.329395, 31.946632>, 0.130000
	pigment { color rgbt <1,0,0,0> }
	no_shadow
}

// nucleotide -1

// particle -1
sphere {
	<28.171509, 31.951838, 32.126995> 0.250000
	pigment { color rgbt <1,0,0,0> }
	no_shadow
}
cylinder {
	<27.818007, 31.792809, 32.225719>,  <27.605906, 31.697392, 32.284954>, 0.100000
	pigment { color rgbt <1,0,0,0> }
	no_shadow
}
cylinder {
	<27.818007, 31.792809, 32.225719>,  <28.171509, 31.951838, 32.126995>, 0.100000
	pigment { color rgbt <1,0,0,0> }
	no_shadow
}

// particle -1
sphere {
	<27.818007, 31.792809, 32.225719> 0.100000
	pigment { color rgbt <1,0,0,0> }
	no_shadow
}
sphere {
	0, 1
	scale<0.080000,0.200000,0.300000>
	matrix <0.447549, -0.872143, 0.197652,
		0.136669, 0.285134, 0.948694,
		-0.883754, -0.397574, 0.246807,
		27.552879, 31.673536, 32.299763>
	pigment { color rgbt <0,1,1,0> }
	no_shadow
}
cylinder {
	<28.175413, 31.609732, 32.879368>,  <28.171509, 31.951838, 32.126995>, 0.130000
	pigment { color rgbt <1,0,0,0> }
	no_shadow
}

// nucleotide -1

// particle -1
sphere {
	<28.175413, 31.609732, 32.879368> 0.250000
	pigment { color rgbt <1,0,0,0> }
	no_shadow
}
cylinder {
	<27.963991, 31.439539, 32.585541>,  <27.837137, 31.337423, 32.409245>, 0.100000
	pigment { color rgbt <1,0,0,0> }
	no_shadow
}
cylinder {
	<27.963991, 31.439539, 32.585541>,  <28.175413, 31.609732, 32.879368>, 0.100000
	pigment { color rgbt <1,0,0,0> }
	no_shadow
}

// particle -1
sphere {
	<27.963991, 31.439539, 32.585541> 0.100000
	pigment { color rgbt <1,0,0,0> }
	no_shadow
}
sphere {
	0, 1
	scale<0.080000,0.200000,0.300000>
	matrix <0.465163, -0.869012, 0.168648,
		-0.710108, -0.252556, 0.657238,
		-0.528555, -0.425481, -0.734572,
		27.805426, 31.311895, 32.365170>
	pigment { color rgbt <0,1,1,0> }
	no_shadow
}
cylinder {
	<28.112938, 32.141930, 33.494919>,  <28.175413, 31.609732, 32.879368>, 0.130000
	pigment { color rgbt <1,0,0,0> }
	no_shadow
}

// nucleotide -1

// particle -1
sphere {
	<28.112938, 32.141930, 33.494919> 0.250000
	pigment { color rgbt <1,0,0,0> }
	no_shadow
}
cylinder {
	<28.167648, 32.331356, 33.146889>,  <28.200474, 32.445011, 32.938072>, 0.100000
	pigment { color rgbt <1,0,0,0> }
	no_shadow
}
cylinder {
	<28.167648, 32.331356, 33.146889>,  <28.112938, 32.141930, 33.494919>, 0.100000
	pigment { color rgbt <1,0,0,0> }
	no_shadow
}

// particle -1
sphere {
	<28.167648, 32.331356, 33.146889> 0.100000
	pigment { color rgbt <1,0,0,0> }
	no_shadow
}
sphere {
	0, 1
	scale<0.080000,0.200000,0.300000>
	matrix <-0.781215, 0.591626, 0.199201,
		0.609094, 0.652471, 0.450874,
		0.136776, 0.473562, -0.870076,
		28.208681, 32.473423, 32.885868>
	pigment { color rgbt <0,1,1,0> }
	no_shadow
}
cylinder {
	<28.246376, 32.840145, 33.636112>,  <28.112938, 32.141930, 33.494919>, 0.130000
	pigment { color rgbt <1,0,0,0> }
	no_shadow
}

// nucleotide -1

// particle -1
sphere {
	<28.246376, 32.840145, 33.636112> 0.250000
	pigment { color rgbt <1,0,0,0> }
	no_shadow
}
cylinder {
	<28.096596, 32.810387, 33.266411>,  <28.006727, 32.792534, 33.044590>, 0.100000
	pigment { color rgbt <1,0,0,0> }
	no_shadow
}
cylinder {
	<28.096596, 32.810387, 33.266411>,  <28.246376, 32.840145, 33.636112>, 0.100000
	pigment { color rgbt <1,0,0,0> }
	no_shadow
}

// particle -1
sphere {
	<28.096596, 32.810387, 33.266411> 0.100000
	pigment { color rgbt <1,0,0,0> }
	no_shadow
}
sphere {
	0, 1
	scale<0.080000,0.200000,0.300000>
	matrix <-0.693129, 0.684562, 0.225713,
		0.615919, 0.725148, -0.307901,
		-0.374453, -0.074394, -0.924257,
		27.984261, 32.788067, 32.989132>
	pigment { color rgbt <0,1,1,0> }
	no_shadow
}
cylinder {
	<28.213301, 33.514385, 33.319630>,  <28.246376, 32.840145, 33.636112>, 0.130000
	pigment { color rgbt <1,0,0,0> }
	no_shadow
}

// nucleotide -1

// particle -1
sphere {
	<28.213301, 33.514385, 33.319630> 0.250000
	pigment { color rgbt <1,0,0,0> }
	no_shadow
}
cylinder {
	<27.964361, 33.283043, 33.108658>,  <27.814999, 33.144238, 32.982075>, 0.100000
	pigment { color rgbt <1,0,0,0> }
	no_shadow
}
cylinder {
	<27.964361, 33.283043, 33.108658>,  <28.213301, 33.514385, 33.319630>, 0.100000
	pigment { color rgbt <1,0,0,0> }
	no_shadow
}

// particle -1
sphere {
	<27.964361, 33.283043, 33.108658> 0.100000
	pigment { color rgbt <1,0,0,0> }
	no_shadow
}
sphere {
	0, 1
	scale<0.080000,0.200000,0.300000>
	matrix <-0.719233, 0.688410, 0.093785,
		0.308849, 0.437714, -0.844404,
		-0.622347, -0.578358, -0.527433,
		27.777657, 33.109535, 32.950428>
	pigment { color rgbt <0,1,1,0> }
	no_shadow
}
cylinder {
	<27.867235, 33.971825, 32.871281>,  <28.213301, 33.514385, 33.319630>, 0.130000
	pigment { color rgbt <1,0,0,0> }
	no_shadow
}

// nucleotide -1

// particle -1
sphere {
	<27.867235, 33.971825, 32.871281> 0.250000
	pigment { color rgbt <1,0,0,0> }
	no_shadow
}
cylinder {
	<27.642706, 33.640961, 32.882095>,  <27.507988, 33.442444, 32.888584>, 0.100000
	pigment { color rgbt <1,0,0,0> }
	no_shadow
}
cylinder {
	<27.642706, 33.640961, 32.882095>,  <27.867235, 33.971825, 32.871281>, 0.100000
	pigment { color rgbt <1,0,0,0> }
	no_shadow
}

// particle -1
sphere {
	<27.642706, 33.640961, 32.882095> 0.100000
	pigment { color rgbt <1,0,0,0> }
	no_shadow
}
sphere {
	0, 1
	scale<0.080000,0.200000,0.300000>
	matrix <-0.824550, 0.561758, 0.067424,
		-0.070961, 0.015550, -0.997358,
		-0.561322, -0.827156, 0.027041,
		27.474310, 33.392815, 32.890209>
	pigment { color rgbt <0,1,1,0> }
	no_shadow
}
cylinder {
	<27.256807, 34.170879, 32.576721>,  <27.867235, 33.971825, 32.871281>, 0.130000
	pigment { color rgbt <1,0,0,0> }
	no_shadow
}

// nucleotide -1

// particle -1
sphere {
	<27.256807, 34.170879, 32.576721> 0.250000
	pigment { color rgbt <1,0,0,0> }
	no_shadow
}
cylinder {
	<27.124779, 33.844765, 32.767033>,  <27.045561, 33.649097, 32.881218>, 0.100000
	pigment { color rgbt <1,0,0,0> }
	no_shadow
}
cylinder {
	<27.124779, 33.844765, 32.767033>,  <27.256807, 34.170879, 32.576721>, 0.100000
	pigment { color rgbt <1,0,0,0> }
	no_shadow
}

// particle -1
sphere {
	<27.124779, 33.844765, 32.767033> 0.100000
	pigment { color rgbt <1,0,0,0> }
	no_shadow
}
sphere {
	0, 1
	scale<0.080000,0.200000,0.300000>
	matrix <-0.905755, 0.415477, 0.083584,
		-0.265819, -0.403350, -0.875585,
		-0.330072, -0.815284, 0.475778,
		27.025757, 33.600178, 32.909767>
	pigment { color rgbt <0,1,1,0> }
	no_shadow
}
cylinder {
	<26.599569, 34.112560, 32.375137>,  <27.256807, 34.170879, 32.576721>, 0.130000
	pigment { color rgbt <1,0,0,0> }
	no_shadow
}

// nucleotide -1

// particle -1
sphere {
	<26.599569, 34.112560, 32.375137> 0.250000
	pigment { color rgbt <1,0,0,0> }
	no_shadow
}
cylinder {
	<26.630489, 33.898346, 32.711525>,  <26.649042, 33.769817, 32.913357>, 0.100000
	pigment { color rgbt <1,0,0,0> }
	no_shadow
}
cylinder {
	<26.630489, 33.898346, 32.711525>,  <26.599569, 34.112560, 32.375137>, 0.100000
	pigment { color rgbt <1,0,0,0> }
	no_shadow
}

// particle -1
sphere {
	<26.630489, 33.898346, 32.711525> 0.100000
	pigment { color rgbt <1,0,0,0> }
	no_shadow
}
sphere {
	0, 1
	scale<0.080000,0.200000,0.300000>
	matrix <-0.837779, 0.422394, 0.345992,
		-0.540510, -0.731288, -0.416012,
		0.077299, -0.535538, 0.840966,
		26.653679, 33.737686, 32.963814>
	pigment { color rgbt <0,1,1,0> }
	no_shadow
}
cylinder {
	<25.947058, 34.075607, 31.835381>,  <26.599569, 34.112560, 32.375137>, 0.130000
	pigment { color rgbt <1,0,0,0> }
	no_shadow
}

// nucleotide -1

// particle -1
sphere {
	<25.947058, 34.075607, 31.835381> 0.250000
	pigment { color rgbt <1,0,0,0> }
	no_shadow
}
cylinder {
	<26.208588, 34.356342, 31.948477>,  <26.365505, 34.524784, 32.016335>, 0.100000
	pigment { color rgbt <1,0,0,0> }
	no_shadow
}
cylinder {
	<26.208588, 34.356342, 31.948477>,  <25.947058, 34.075607, 31.835381>, 0.100000
	pigment { color rgbt <1,0,0,0> }
	no_shadow
}

// particle -1
sphere {
	<26.208588, 34.356342, 31.948477> 0.100000
	pigment { color rgbt <1,0,0,0> }
	no_shadow
}
sphere {
	0, 1
	scale<0.080000,0.200000,0.300000>
	matrix <0.633944, -0.712113, 0.301679,
		0.413072, -0.018003, -0.910521,
		0.653825, 0.701834, 0.282741,
		26.404736, 34.566891, 32.033298>
	pigment { color rgbt <0,1,1,0> }
	no_shadow
}
cylinder {
	<25.889132, 33.750980, 32.424335>,  <25.947058, 34.075607, 31.835381>, 0.130000
	pigment { color rgbt <1,0,0,0> }
	no_shadow
}

// nucleotide -1

// particle -1
sphere {
	<25.889132, 33.750980, 32.424335> 0.250000
	pigment { color rgbt <1,0,0,0> }
	no_shadow
}
cylinder {
	<26.053726, 33.720127, 32.787594>,  <26.152483, 33.701614, 33.005550>, 0.100000
	pigment { color rgbt <1,0,0,0> }
	no_shadow
}
cylinder {
	<26.053726, 33.720127, 32.787594>,  <25.889132, 33.750980, 32.424335>, 0.100000
	pigment { color rgbt <1,0,0,0> }
	no_shadow
}

// particle -1
sphere {
	<26.053726, 33.720127, 32.787594> 0.100000
	pigment { color rgbt <1,0,0,0> }
	no_shadow
}
sphere {
	0, 1
	scale<0.080000,0.200000,0.300000>
	matrix <-0.773290, 0.497835, 0.392662,
		-0.482392, -0.863836, 0.145209,
		0.411486, -0.077129, 0.908147,
		26.177172, 33.696987, 33.060040>
	pigment { color rgbt <0,1,1,0> }
	no_shadow
}
cylinder {
	<25.413813, 33.352592, 32.901180>,  <25.889132, 33.750980, 32.424335>, 0.130000
	pigment { color rgbt <1,0,0,0> }
	no_shadow
}

// nucleotide -1

// particle -1
sphere {
	<25.413813, 33.352592, 32.901180> 0.250000
	pigment { color rgbt <1,0,0,0> }
	no_shadow
}
cylinder {
	<25.642033, 33.603313, 33.113441>,  <25.778965, 33.753746, 33.240799>, 0.100000
	pigment { color rgbt <1,0,0,0> }
	no_shadow
}
cylinder {
	<25.642033, 33.603313, 33.113441>,  <25.413813, 33.352592, 32.901180>, 0.100000
	pigment { color rgbt <1,0,0,0> }
	no_shadow
}

// particle -1
sphere {
	<25.642033, 33.603313, 33.113441> 0.100000
	pigment { color rgbt <1,0,0,0> }
	no_shadow
}
sphere {
	0, 1
	scale<0.080000,0.200000,0.300000>
	matrix <-0.813791, 0.518454, 0.262581,
		-0.110534, -0.581657, 0.805889,
		0.570549, 0.626801, 0.530655,
		25.813198, 33.791355, 33.272636>
	pigment { color rgbt <0,1,1,0> }
	no_shadow
}
cylinder {
	<24.974997, 33.444302, 33.536098>,  <25.413813, 33.352592, 32.901180>, 0.130000
	pigment { color rgbt <1,0,0,0> }
	no_shadow
}

// nucleotide -1

// particle -1
sphere {
	<24.974997, 33.444302, 33.536098> 0.250000
	pigment { color rgbt <1,0,0,0> }
	no_shadow
}
cylinder {
	<25.245102, 33.728329, 33.456280>,  <25.407166, 33.898746, 33.408390>, 0.100000
	pigment { color rgbt <1,0,0,0> }
	no_shadow
}
cylinder {
	<25.245102, 33.728329, 33.456280>,  <24.974997, 33.444302, 33.536098>, 0.100000
	pigment { color rgbt <1,0,0,0> }
	no_shadow
}

// particle -1
sphere {
	<25.245102, 33.728329, 33.456280> 0.100000
	pigment { color rgbt <1,0,0,0> }
	no_shadow
}
sphere {
	0, 1
	scale<0.080000,0.200000,0.300000>
	matrix <-0.703996, 0.701188, 0.112805,
		0.220018, 0.064305, 0.973374,
		0.675264, 0.710070, -0.199544,
		25.447681, 33.941349, 33.396416>
	pigment { color rgbt <0,1,1,0> }
	no_shadow
}
cylinder {
	<25.260349, 33.310467, 34.303867>,  <24.974997, 33.444302, 33.536098>, 0.130000
	pigment { color rgbt <1,0,0,0> }
	no_shadow
}

// nucleotide -1

// particle -1
sphere {
	<25.260349, 33.310467, 34.303867> 0.250000
	pigment { color rgbt <1,0,0,0> }
	no_shadow
}
cylinder {
	<25.467218, 33.623352, 34.164913>,  <25.591339, 33.811085, 34.081539>, 0.100000
	pigment { color rgbt <1,0,0,0> }
	no_shadow
}
cylinder {
	<25.467218, 33.623352, 34.164913>,  <25.260349, 33.310467, 34.303867>, 0.100000
	pigment { color rgbt <1,0,0,0> }
	no_shadow
}

// particle -1
sphere {
	<25.467218, 33.623352, 34.164913> 0.100000
	pigment { color rgbt <1,0,0,0> }
	no_shadow
}
sphere {
	0, 1
	scale<0.080000,0.200000,0.300000>
	matrix <-0.338414, 0.559694, 0.756451,
		0.786135, -0.273655, 0.554170,
		0.517172, 0.782212, -0.347387,
		25.622370, 33.858017, 34.060696>
	pigment { color rgbt <0,1,1,0> }
	no_shadow
}
cylinder {
	<25.496206, 33.663177, 34.881638>,  <25.260349, 33.310467, 34.303867>, 0.130000
	pigment { color rgbt <1,0,0,0> }
	no_shadow
}

// nucleotide -1

// particle -1
sphere {
	<25.496206, 33.663177, 34.881638> 0.250000
	pigment { color rgbt <1,0,0,0> }
	no_shadow
}
cylinder {
	<25.543060, 33.943848, 34.600517>,  <25.571173, 34.112251, 34.431847>, 0.100000
	pigment { color rgbt <1,0,0,0> }
	no_shadow
}
cylinder {
	<25.543060, 33.943848, 34.600517>,  <25.496206, 33.663177, 34.881638>, 0.100000
	pigment { color rgbt <1,0,0,0> }
	no_shadow
}

// particle -1
sphere {
	<25.543060, 33.943848, 34.600517> 0.100000
	pigment { color rgbt <1,0,0,0> }
	no_shadow
}
sphere {
	0, 1
	scale<0.080000,0.200000,0.300000>
	matrix <-0.409072, 0.678937, 0.609676,
		0.904953, 0.216082, 0.366563,
		0.117133, 0.701678, -0.702800,
		25.578199, 34.154350, 34.389679>
	pigment { color rgbt <0,1,1,0> }
	no_shadow
}
cylinder {
	<25.857315, 34.257397, 35.219040>,  <25.496206, 33.663177, 34.881638>, 0.130000
	pigment { color rgbt <1,0,0,0> }
	no_shadow
}

// nucleotide -1

// particle -1
sphere {
	<25.857315, 34.257397, 35.219040> 0.250000
	pigment { color rgbt <1,0,0,0> }
	no_shadow
}
cylinder {
	<25.653391, 34.415836, 34.913570>,  <25.531036, 34.510899, 34.730289>, 0.100000
	pigment { color rgbt <1,0,0,0> }
	no_shadow
}
cylinder {
	<25.653391, 34.415836, 34.913570>,  <25.857315, 34.257397, 35.219040>, 0.100000
	pigment { color rgbt <1,0,0,0> }
	no_shadow
}

// particle -1
sphere {
	<25.653391, 34.415836, 34.913570> 0.100000
	pigment { color rgbt <1,0,0,0> }
	no_shadow
}
sphere {
	0, 1
	scale<0.080000,0.200000,0.300000>
	matrix <-0.467096, 0.618008, 0.632366,
		0.722438, 0.679096, -0.130050,
		-0.509809, 0.396100, -0.763675,
		25.500448, 34.534668, 34.684467>
	pigment { color rgbt <0,1,1,0> }
	no_shadow
}
cylinder {
	<26.070156, 34.985909, 35.034988>,  <25.857315, 34.257397, 35.219040>, 0.130000
	pigment { color rgbt <1,0,0,0> }
	no_shadow
}

// nucleotide -1

// particle -1
sphere {
	<26.070156, 34.985909, 35.034988> 0.250000
	pigment { color rgbt <1,0,0,0> }
	no_shadow
}
cylinder {
	<25.699501, 34.843060, 34.987988>,  <25.477108, 34.757351, 34.959785>, 0.100000
	pigment { color rgbt <1,0,0,0> }
	no_shadow
}
cylinder {
	<25.699501, 34.843060, 34.987988>,  <26.070156, 34.985909, 35.034988>, 0.100000
	pigment { color rgbt <1,0,0,0> }
	no_shadow
}

// particle -1
sphere {
	<25.699501, 34.843060, 34.987988> 0.100000
	pigment { color rgbt <1,0,0,0> }
	no_shadow
}
sphere {
	0, 1
	scale<0.080000,0.200000,0.300000>
	matrix <-0.336504, 0.648460, 0.682836,
		-0.167658, 0.672282, -0.721060,
		-0.926637, -0.357123, -0.117507,
		25.421511, 34.735924, 34.952736>
	pigment { color rgbt <0,1,1,0> }
	no_shadow
}
cylinder {
	<26.450567, 35.151978, 34.480129>,  <26.070156, 34.985909, 35.034988>, 0.130000
	pigment { color rgbt <1,0,0,0> }
	no_shadow
}

// nucleotide -1

// particle -1
sphere {
	<26.450567, 35.151978, 34.480129> 0.250000
	pigment { color rgbt <1,0,0,0> }
	no_shadow
}
cylinder {
	<26.181339, 35.412247, 34.339504>,  <26.019802, 35.568409, 34.255127>, 0.100000
	pigment { color rgbt <1,0,0,0> }
	no_shadow
}
cylinder {
	<26.181339, 35.412247, 34.339504>,  <26.450567, 35.151978, 34.480129>, 0.100000
	pigment { color rgbt <1,0,0,0> }
	no_shadow
}

// particle -1
sphere {
	<26.181339, 35.412247, 34.339504> 0.100000
	pigment { color rgbt <1,0,0,0> }
	no_shadow
}
sphere {
	0, 1
	scale<0.080000,0.200000,0.300000>
	matrix <-0.511730, -0.752927, -0.413804,
		-0.533954, -0.098613, 0.839743,
		-0.673071, 0.650674, -0.351565,
		25.979418, 35.607449, 34.234035>
	pigment { color rgbt <0,1,1,0> }
	no_shadow
}
cylinder {
	<26.989614, 35.661350, 34.553116>,  <26.450567, 35.151978, 34.480129>, 0.130000
	pigment { color rgbt <1,0,0,0> }
	no_shadow
}

// nucleotide -1

// particle -1
sphere {
	<26.989614, 35.661350, 34.553116> 0.250000
	pigment { color rgbt <1,0,0,0> }
	no_shadow
}
cylinder {
	<27.386826, 35.703777, 34.532524>,  <27.625153, 35.729233, 34.520168>, 0.100000
	pigment { color rgbt <1,0,0,0> }
	no_shadow
}
cylinder {
	<27.386826, 35.703777, 34.532524>,  <26.989614, 35.661350, 34.553116>, 0.100000
	pigment { color rgbt <1,0,0,0> }
	no_shadow
}

// particle -1
sphere {
	<27.386826, 35.703777, 34.532524> 0.100000
	pigment { color rgbt <1,0,0,0> }
	no_shadow
}
sphere {
	0, 1
	scale<0.080000,0.200000,0.300000>
	matrix <-0.113036, 0.732447, -0.671374,
		-0.033502, 0.672511, 0.739328,
		0.993026, 0.106063, -0.051479,
		27.684732, 35.735596, 34.517082>
	pigment { color rgbt <0,1,1,0> }
	no_shadow
}
cylinder {
	<27.274908, 36.366581, 34.763062>,  <26.989614, 35.661350, 34.553116>, 0.130000
	pigment { color rgbt <1,0,0,0> }
	no_shadow
}

// nucleotide -1

// particle -1
sphere {
	<27.274908, 36.366581, 34.763062> 0.250000
	pigment { color rgbt <1,0,0,0> }
	no_shadow
}
cylinder {
	<27.492537, 36.190544, 34.477318>,  <27.623114, 36.084923, 34.305870>, 0.100000
	pigment { color rgbt <1,0,0,0> }
	no_shadow
}
cylinder {
	<27.492537, 36.190544, 34.477318>,  <27.274908, 36.366581, 34.763062>, 0.100000
	pigment { color rgbt <1,0,0,0> }
	no_shadow
}

// particle -1
sphere {
	<27.492537, 36.190544, 34.477318> 0.100000
	pigment { color rgbt <1,0,0,0> }
	no_shadow
}
sphere {
	0, 1
	scale<0.080000,0.200000,0.300000>
	matrix <-0.149373, 0.786994, -0.598605,
		0.825635, 0.432390, 0.362443,
		0.544071, -0.440090, -0.714358,
		27.655758, 36.058517, 34.263012>
	pigment { color rgbt <0,1,1,0> }
	no_shadow
}
cylinder {
	<27.686321, 36.874805, 34.616501>,  <27.274908, 36.366581, 34.763062>, 0.130000
	pigment { color rgbt <1,0,0,0> }
	no_shadow
}

// nucleotide -1

// particle -1
sphere {
	<27.686321, 36.874805, 34.616501> 0.250000
	pigment { color rgbt <1,0,0,0> }
	no_shadow
}
cylinder {
	<27.674404, 36.623051, 34.305893>,  <27.667253, 36.471996, 34.119530>, 0.100000
	pigment { color rgbt <1,0,0,0> }
	no_shadow
}
cylinder {
	<27.674404, 36.623051, 34.305893>,  <27.686321, 36.874805, 34.616501>, 0.100000
	pigment { color rgbt <1,0,0,0> }
	no_shadow
}

// particle -1
sphere {
	<27.674404, 36.623051, 34.305893> 0.100000
	pigment { color rgbt <1,0,0,0> }
	no_shadow
}
sphere {
	0, 1
	scale<0.080000,0.200000,0.300000>
	matrix <0.004395, 0.776775, -0.629763,
		0.999546, -0.022176, -0.020377,
		-0.029794, -0.629388, -0.776520,
		27.665466, 36.434235, 34.072937>
	pigment { color rgbt <0,1,1,0> }
	no_shadow
}
cylinder {
	<28.377813, 36.770279, 34.303646>,  <27.686321, 36.874805, 34.616501>, 0.130000
	pigment { color rgbt <1,0,0,0> }
	no_shadow
}

// nucleotide -1

// particle -1
sphere {
	<28.377813, 36.770279, 34.303646> 0.250000
	pigment { color rgbt <1,0,0,0> }
	no_shadow
}
cylinder {
	<28.086823, 36.716053, 34.034603>,  <27.912228, 36.683517, 33.873177>, 0.100000
	pigment { color rgbt <1,0,0,0> }
	no_shadow
}
cylinder {
	<28.086823, 36.716053, 34.034603>,  <28.377813, 36.770279, 34.303646>, 0.100000
	pigment { color rgbt <1,0,0,0> }
	no_shadow
}

// particle -1
sphere {
	<28.086823, 36.716053, 34.034603> 0.100000
	pigment { color rgbt <1,0,0,0> }
	no_shadow
}
sphere {
	0, 1
	scale<0.080000,0.200000,0.300000>
	matrix <0.382943, 0.733187, -0.561953,
		0.569328, -0.666378, -0.481463,
		-0.727476, -0.135563, -0.672609,
		27.868580, 36.675385, 33.832821>
	pigment { color rgbt <0,1,1,0> }
	no_shadow
}
cylinder {
	<28.634418, 37.184288, 33.721905>,  <28.377813, 36.770279, 34.303646>, 0.130000
	pigment { color rgbt <1,0,0,0> }
	no_shadow
}

// nucleotide -1

// particle -1
sphere {
	<28.634418, 37.184288, 33.721905> 0.250000
	pigment { color rgbt <1,0,0,0> }
	no_shadow
}
cylinder {
	<28.242157, 37.134758, 33.661263>,  <28.006800, 37.105038, 33.624878>, 0.100000
	pigment { color rgbt <1,0,0,0> }
	no_shadow
}
cylinder {
	<28.242157, 37.134758, 33.661263>,  <28.634418, 37.184288, 33.721905>, 0.100000
	pigment { color rgbt <1,0,0,0> }
	no_shadow
}

// particle -1
sphere {
	<28.242157, 37.134758, 33.661263> 0.100000
	pigment { color rgbt <1,0,0,0> }
	no_shadow
}
sphere {
	0, 1
	scale<0.080000,0.200000,0.300000>
	matrix <-0.031413, 0.864004, -0.502504,
		0.193211, -0.488021, -0.851179,
		-0.980654, -0.123827, -0.151605,
		27.947960, 37.097610, 33.615780>
	pigment { color rgbt <0,1,1,0> }
	no_shadow
}
cylinder {
	<28.557901, 37.165359, 33.020344>,  <28.634418, 37.184288, 33.721905>, 0.130000
	pigment { color rgbt <1,0,0,0> }
	no_shadow
}

// nucleotide -1

// particle -1
sphere {
	<28.557901, 37.165359, 33.020344> 0.250000
	pigment { color rgbt <1,0,0,0> }
	no_shadow
}
cylinder {
	<28.216080, 37.279602, 33.193855>,  <28.010986, 37.348148, 33.297962>, 0.100000
	pigment { color rgbt <1,0,0,0> }
	no_shadow
}
cylinder {
	<28.216080, 37.279602, 33.193855>,  <28.557901, 37.165359, 33.020344>, 0.100000
	pigment { color rgbt <1,0,0,0> }
	no_shadow
}

// particle -1
sphere {
	<28.216080, 37.279602, 33.193855> 0.100000
	pigment { color rgbt <1,0,0,0> }
	no_shadow
}
sphere {
	0, 1
	scale<0.080000,0.200000,0.300000>
	matrix <-0.014150, 0.822100, -0.569167,
		-0.519167, -0.492523, -0.698489,
		-0.854556, 0.285609, 0.433776,
		27.959713, 37.365284, 33.323990>
	pigment { color rgbt <0,1,1,0> }
	no_shadow
}
cylinder {
	<28.445269, 37.151352, 32.343575>,  <28.557901, 37.165359, 33.020344>, 0.130000
	pigment { color rgbt <1,0,0,0> }
	no_shadow
}

// nucleotide -1

// particle -1
sphere {
	<28.445269, 37.151352, 32.343575> 0.250000
	pigment { color rgbt <1,0,0,0> }
	no_shadow
}
cylinder {
	<28.106409, 37.202576, 32.549850>,  <27.903093, 37.233311, 32.673618>, 0.100000
	pigment { color rgbt <1,0,0,0> }
	no_shadow
}
cylinder {
	<28.106409, 37.202576, 32.549850>,  <28.445269, 37.151352, 32.343575>, 0.100000
	pigment { color rgbt <1,0,0,0> }
	no_shadow
}

// particle -1
sphere {
	<28.106409, 37.202576, 32.549850> 0.100000
	pigment { color rgbt <1,0,0,0> }
	no_shadow
}
sphere {
	0, 1
	scale<0.080000,0.200000,0.300000>
	matrix <-0.093958, 0.919125, -0.382598,
		-0.522982, -0.372571, -0.766603,
		-0.847149, 0.128063, 0.515692,
		27.852264, 37.240993, 32.704559>
	pigment { color rgbt <0,1,1,0> }
	no_shadow
}
cylinder {
	<28.062962, 37.507797, 31.863544>,  <28.445269, 37.151352, 32.343575>, 0.130000
	pigment { color rgbt <1,0,0,0> }
	no_shadow
}

// nucleotide -1

// particle -1
sphere {
	<28.062962, 37.507797, 31.863544> 0.250000
	pigment { color rgbt <1,0,0,0> }
	no_shadow
}
cylinder {
	<27.904631, 37.558441, 32.227367>,  <27.809631, 37.588825, 32.445660>, 0.100000
	pigment { color rgbt <1,0,0,0> }
	no_shadow
}
cylinder {
	<27.904631, 37.558441, 32.227367>,  <28.062962, 37.507797, 31.863544>, 0.100000
	pigment { color rgbt <1,0,0,0> }
	no_shadow
}

// particle -1
sphere {
	<27.904631, 37.558441, 32.227367> 0.100000
	pigment { color rgbt <1,0,0,0> }
	no_shadow
}
sphere {
	0, 1
	scale<0.080000,0.200000,0.300000>
	matrix <-0.162699, 0.965114, -0.205145,
		-0.903798, -0.229185, -0.361420,
		-0.395827, 0.126607, 0.909556,
		27.785883, 37.596424, 32.500233>
	pigment { color rgbt <0,1,1,0> }
	no_shadow
}
cylinder {
	<27.395115, 37.843300, 31.784672>,  <28.062962, 37.507797, 31.863544>, 0.130000
	pigment { color rgbt <1,0,0,0> }
	no_shadow
}

// nucleotide -1

// particle -1
sphere {
	<27.395115, 37.843300, 31.784672> 0.250000
	pigment { color rgbt <1,0,0,0> }
	no_shadow
}
cylinder {
	<27.560547, 37.920975, 32.140480>,  <27.659805, 37.967579, 32.353966>, 0.100000
	pigment { color rgbt <1,0,0,0> }
	no_shadow
}
cylinder {
	<27.560547, 37.920975, 32.140480>,  <27.395115, 37.843300, 31.784672>, 0.100000
	pigment { color rgbt <1,0,0,0> }
	no_shadow
}

// particle -1
sphere {
	<27.560547, 37.920975, 32.140480> 0.100000
	pigment { color rgbt <1,0,0,0> }
	no_shadow
}
sphere {
	0, 1
	scale<0.080000,0.200000,0.300000>
	matrix <-0.198158, 0.972769, -0.120224,
		-0.888643, -0.126543, 0.440795,
		0.413579, 0.194184, 0.889520,
		27.684620, 37.979229, 32.407337>
	pigment { color rgbt <0,1,1,0> }
	no_shadow
}
cylinder {
	<27.014559, 38.307056, 32.117573>,  <27.395115, 37.843300, 31.784672>, 0.130000
	pigment { color rgbt <1,0,0,0> }
	no_shadow
}

// nucleotide -1

// particle -1
sphere {
	<27.014559, 38.307056, 32.117573> 0.250000
	pigment { color rgbt <1,0,0,0> }
	no_shadow
}
cylinder {
	<27.376541, 38.346584, 32.283123>,  <27.593731, 38.370300, 32.382454>, 0.100000
	pigment { color rgbt <1,0,0,0> }
	no_shadow
}
cylinder {
	<27.376541, 38.346584, 32.283123>,  <27.014559, 38.307056, 32.117573>, 0.100000
	pigment { color rgbt <1,0,0,0> }
	no_shadow
}

// particle -1
sphere {
	<27.376541, 38.346584, 32.283123> 0.100000
	pigment { color rgbt <1,0,0,0> }
	no_shadow
}
sphere {
	0, 1
	scale<0.080000,0.200000,0.300000>
	matrix <0.016615, 0.963713, -0.266422,
		-0.425185, 0.247976, 0.870475,
		0.904954, 0.098815, 0.413876,
		27.648027, 38.376228, 32.407288>
	pigment { color rgbt <0,1,1,0> }
	no_shadow
}
cylinder {
	<27.421459, 38.898609, 31.832075>,  <27.014559, 38.307056, 32.117573>, 0.130000
	pigment { color rgbt <1,0,0,0> }
	no_shadow
}

// nucleotide -1

// particle -1
sphere {
	<27.421459, 38.898609, 31.832075> 0.250000
	pigment { color rgbt <1,0,0,0> }
	no_shadow
}
cylinder {
	<27.421597, 39.210022, 32.083115>,  <27.421679, 39.396870, 32.233738>, 0.100000
	pigment { color rgbt <1,0,0,0> }
	no_shadow
}
cylinder {
	<27.421597, 39.210022, 32.083115>,  <27.421459, 38.898609, 31.832075>, 0.100000
	pigment { color rgbt <1,0,0,0> }
	no_shadow
}

// particle -1
sphere {
	<27.421597, 39.210022, 32.083115> 0.100000
	pigment { color rgbt <1,0,0,0> }
	no_shadow
}
sphere {
	0, 1
	scale<0.080000,0.200000,0.300000>
	matrix <0.353657, -0.587137, 0.728146,
		0.935375, 0.221704, -0.275538,
		0.000345, 0.778536, 0.627600,
		27.421700, 39.443584, 32.271397>
	pigment { color rgbt <0,1,1,0> }
	no_shadow
}
cylinder {
	<28.218554, 39.029427, 32.041119>,  <27.421459, 38.898609, 31.832075>, 0.130000
	pigment { color rgbt <1,0,0,0> }
	no_shadow
}

// nucleotide -1

// particle -1
sphere {
	<28.218554, 39.029427, 32.041119> 0.250000
	pigment { color rgbt <1,0,0,0> }
	no_shadow
}
cylinder {
	<27.962685, 39.110249, 32.337765>,  <27.809164, 39.158741, 32.515751>, 0.100000
	pigment { color rgbt <1,0,0,0> }
	no_shadow
}
cylinder {
	<27.962685, 39.110249, 32.337765>,  <28.218554, 39.029427, 32.041119>, 0.100000
	pigment { color rgbt <1,0,0,0> }
	no_shadow
}

// particle -1
sphere {
	<27.962685, 39.110249, 32.337765> 0.100000
	pigment { color rgbt <1,0,0,0> }
	no_shadow
}
sphere {
	0, 1
	scale<0.080000,0.200000,0.300000>
	matrix <0.355578, -0.777602, 0.518555,
		0.681457, 0.595408, 0.425566,
		-0.639673, 0.202051, 0.741616,
		27.770782, 39.170864, 32.560249>
	pigment { color rgbt <0,1,1,0> }
	no_shadow
}
cylinder {
	<28.502321, 38.990891, 32.783081>,  <28.218554, 39.029427, 32.041119>, 0.130000
	pigment { color rgbt <1,0,0,0> }
	no_shadow
}

// nucleotide -1

// particle -1
sphere {
	<28.502321, 38.990891, 32.783081> 0.250000
	pigment { color rgbt <1,0,0,0> }
	no_shadow
}
cylinder {
	<28.113865, 38.897221, 32.764973>,  <27.880791, 38.841019, 32.754108>, 0.100000
	pigment { color rgbt <1,0,0,0> }
	no_shadow
}
cylinder {
	<28.113865, 38.897221, 32.764973>,  <28.502321, 38.990891, 32.783081>, 0.100000
	pigment { color rgbt <1,0,0,0> }
	no_shadow
}

// particle -1
sphere {
	<28.113865, 38.897221, 32.764973> 0.100000
	pigment { color rgbt <1,0,0,0> }
	no_shadow
}
sphere {
	0, 1
	scale<0.080000,0.200000,0.300000>
	matrix <0.211343, -0.932856, 0.291743,
		-0.110553, 0.273755, 0.955425,
		-0.971140, -0.234175, -0.045274,
		27.822523, 38.826969, 32.751389>
	pigment { color rgbt <0,1,1,0> }
	no_shadow
}
cylinder {
	<28.424351, 38.412781, 33.122814>,  <28.502321, 38.990891, 32.783081>, 0.130000
	pigment { color rgbt <1,0,0,0> }
	no_shadow
}

// nucleotide -1

// particle -1
sphere {
	<28.424351, 38.412781, 33.122814> 0.250000
	pigment { color rgbt <1,0,0,0> }
	no_shadow
}
cylinder {
	<28.052521, 38.403423, 32.975658>,  <27.829422, 38.397808, 32.887363>, 0.100000
	pigment { color rgbt <1,0,0,0> }
	no_shadow
}
cylinder {
	<28.052521, 38.403423, 32.975658>,  <28.424351, 38.412781, 33.122814>, 0.100000
	pigment { color rgbt <1,0,0,0> }
	no_shadow
}

// particle -1
sphere {
	<28.052521, 38.403423, 32.975658> 0.100000
	pigment { color rgbt <1,0,0,0> }
	no_shadow
}
sphere {
	0, 1
	scale<0.080000,0.200000,0.300000>
	matrix <0.001780, -0.998258, 0.058970,
