// switches for output
#declare DRAW_BASES = 1; // possible values are 0, 1; only relevant for DNA ribbons
#declare DRAW_BASES_TYPE = 3; // possible values are 1, 2, 3; only relevant for DNA ribbons
#declare DRAW_FOG = 0; // set to 1 to enable fog

#include "colors.inc"

#include "transforms.inc"
background { rgb <1, 1, 1>}

#default {
   normal{
       ripples 0.25
       frequency 0.20
       turbulence 0.2
       lambda 5
   }
	finish {
		phong 0.1
		phong_size 40.
	}
}

// original window dimensions: 1024x640


// camera settings

camera {
	sky <0, 0.179814, -0.983701>
	up <0, 0.179814, -0.983701>
	right 1.6 * <1, 0, 0>
	location <35, 94.9851, 44.8844>
	look_at <35, 29.7336, 32.9568>
	direction <0, -65.2515, -11.9276>
	angle 67.0682
}


# declare cpy_camera_pos = <35, 94.9851, 44.8844>;
# if (DRAW_FOG = 1)
fog {
	fog_type 2
	up vnormalize(cpy_camera_pos)
	color rgbt<1,1,1,0.3>
	distance 1e-5
	fog_alt 3e-3
	fog_offset 56
}
# end


// LIGHTS

# declare lum = 6;
global_settings {
	ambient_light rgb lum * <0.05, 0.05, 0.05>
	max_trace_level 15
}# declare cpy_direct_light_amount = 0.25;
light_source
{	1000 * <-1, -1.16352, -0.803886>,
	rgb lum * cpy_direct_light_amount
	parallel
}

light_source
{	1000 * <1, 1.16352, 0.803886>,
	rgb lum * cpy_direct_light_amount
	parallel
}

// strand 0

// nucleotide -1

// particle -1
sphere {
	<24.272545, 34.841484, 34.620438> 0.250000
	pigment { color rgbt <1,0,0,0> }
	no_shadow
}
cylinder {
	<24.459866, 34.845348, 34.973843>,  <24.572258, 34.847668, 35.185886>, 0.100000
	pigment { color rgbt <1,0,0,0> }
	no_shadow
}
cylinder {
	<24.459866, 34.845348, 34.973843>,  <24.272545, 34.841484, 34.620438>, 0.100000
	pigment { color rgbt <1,0,0,0> }
	no_shadow
}

// particle -1
sphere {
	<24.459866, 34.845348, 34.973843> 0.100000
	pigment { color rgbt <1,0,0,0> }
	no_shadow
}
sphere {
	0, 1
	scale<0.080000,0.200000,0.300000>
	matrix <0.793244, 0.435835, -0.425219,
		-0.389175, 0.899975, 0.196438,
		0.468301, 0.009661, 0.883516,
		24.600355, 34.848248, 35.238899>
	pigment { color rgbt <0,1,1,0> }
	no_shadow
}
cylinder {
	<24.507111, 35.568283, 34.748005>,  <24.272545, 34.841484, 34.620438>, 0.130000
	pigment { color rgbt <1,0,0,0> }
	no_shadow
}

// nucleotide -1

// particle -1
sphere {
	<24.507111, 35.568283, 34.748005> 0.250000
	pigment { color rgbt <1,0,0,0> }
	no_shadow
}
cylinder {
	<24.723906, 35.255863, 34.872078>,  <24.853983, 35.068413, 34.946522>, 0.100000
	pigment { color rgbt <1,0,0,0> }
	no_shadow
}
cylinder {
	<24.723906, 35.255863, 34.872078>,  <24.507111, 35.568283, 34.748005>, 0.100000
	pigment { color rgbt <1,0,0,0> }
	no_shadow
}

// particle -1
sphere {
	<24.723906, 35.255863, 34.872078> 0.100000
	pigment { color rgbt <1,0,0,0> }
	no_shadow
}
sphere {
	0, 1
	scale<0.080000,0.200000,0.300000>
	matrix <0.746400, 0.277776, -0.604754,
		0.386182, 0.559287, 0.733527,
		0.541987, -0.781049, 0.310180,
		24.886501, 35.021549, 34.965134>
	pigment { color rgbt <0,1,1,0> }
	no_shadow
}
cylinder {
	<24.977524, 35.729366, 35.135143>,  <24.507111, 35.568283, 34.748005>, 0.130000
	pigment { color rgbt <1,0,0,0> }
	no_shadow
}

// nucleotide -1

// particle -1
sphere {
	<24.977524, 35.729366, 35.135143> 0.250000
	pigment { color rgbt <1,0,0,0> }
	no_shadow
}
cylinder {
	<25.061136, 35.393772, 34.934177>,  <25.111303, 35.192417, 34.813599>, 0.100000
	pigment { color rgbt <1,0,0,0> }
	no_shadow
}
cylinder {
	<25.061136, 35.393772, 34.934177>,  <24.977524, 35.729366, 35.135143>, 0.100000
	pigment { color rgbt <1,0,0,0> }
	no_shadow
}

// particle -1
sphere {
	<25.061136, 35.393772, 34.934177> 0.100000
	pigment { color rgbt <1,0,0,0> }
	no_shadow
}
sphere {
	0, 1
	scale<0.080000,0.200000,0.300000>
	matrix <0.687630, 0.491399, -0.534502,
		0.695322, -0.233746, 0.679625,
		0.209030, -0.838982, -0.502411,
		25.123844, 35.142078, 34.783455>
	pigment { color rgbt <0,1,1,0> }
	no_shadow
}
cylinder {
	<25.703587, 35.774078, 35.008705>,  <24.977524, 35.729366, 35.135143>, 0.130000
	pigment { color rgbt <1,0,0,0> }
	no_shadow
}

// nucleotide -1

// particle -1
sphere {
	<25.703587, 35.774078, 35.008705> 0.250000
	pigment { color rgbt <1,0,0,0> }
	no_shadow
}
cylinder {
	<25.590658, 35.509369, 34.730900>,  <25.522902, 35.350544, 34.564217>, 0.100000
	pigment { color rgbt <1,0,0,0> }
	no_shadow
}
cylinder {
	<25.590658, 35.509369, 34.730900>,  <25.703587, 35.774078, 35.008705>, 0.100000
	pigment { color rgbt <1,0,0,0> }
	no_shadow
}

// particle -1
sphere {
	<25.590658, 35.509369, 34.730900> 0.100000
	pigment { color rgbt <1,0,0,0> }
	no_shadow
}
sphere {
	0, 1
	scale<0.080000,0.200000,0.300000>
	matrix <0.622303, 0.424633, -0.657591,
		0.730091, -0.617848, 0.291943,
		-0.282322, -0.661778, -0.694510,
		25.505962, 35.310837, 34.522549>
	pigment { color rgbt <0,1,1,0> }
	no_shadow
}
cylinder {
	<26.347837, 35.350716, 34.811592>,  <25.703587, 35.774078, 35.008705>, 0.130000
	pigment { color rgbt <1,0,0,0> }
	no_shadow
}

// nucleotide -1

// particle -1
sphere {
	<26.347837, 35.350716, 34.811592> 0.250000
	pigment { color rgbt <1,0,0,0> }
	no_shadow
}
cylinder {
	<26.064589, 35.363171, 34.529430>,  <25.894640, 35.370644, 34.360134>, 0.100000
	pigment { color rgbt <1,0,0,0> }
	no_shadow
}
cylinder {
	<26.064589, 35.363171, 34.529430>,  <26.347837, 35.350716, 34.811592>, 0.100000
	pigment { color rgbt <1,0,0,0> }
	no_shadow
}

// particle -1
sphere {
	<26.064589, 35.363171, 34.529430> 0.100000
	pigment { color rgbt <1,0,0,0> }
	no_shadow
}
sphere {
	0, 1
	scale<0.080000,0.200000,0.300000>
	matrix <0.687997, 0.255131, -0.679388,
		0.158815, -0.966405, -0.202088,
		-0.708123, 0.031139, -0.705403,
		25.852152, 35.372513, 34.317810>
	pigment { color rgbt <0,1,1,0> }
	no_shadow
}
cylinder {
	<26.585291, 34.964878, 34.298489>,  <26.347837, 35.350716, 34.811592>, 0.130000
	pigment { color rgbt <1,0,0,0> }
	no_shadow
}

// nucleotide -1

// particle -1
sphere {
	<26.585291, 34.964878, 34.298489> 0.250000
	pigment { color rgbt <1,0,0,0> }
	no_shadow
}
cylinder {
	<26.355860, 35.263752, 34.164192>,  <26.218201, 35.443077, 34.083614>, 0.100000
	pigment { color rgbt <1,0,0,0> }
	no_shadow
}
cylinder {
	<26.355860, 35.263752, 34.164192>,  <26.585291, 34.964878, 34.298489>, 0.100000
	pigment { color rgbt <1,0,0,0> }
	no_shadow
}

// particle -1
sphere {
	<26.355860, 35.263752, 34.164192> 0.100000
	pigment { color rgbt <1,0,0,0> }
	no_shadow
}
sphere {
	0, 1
	scale<0.080000,0.200000,0.300000>
	matrix <0.722504, 0.268321, -0.637175,
		-0.385999, -0.608047, -0.693746,
		-0.573579, 0.747183, -0.335745,
		26.183786, 35.487907, 34.063469>
	pigment { color rgbt <0,1,1,0> }
	no_shadow
}
cylinder {
	<26.601490, 34.877838, 33.557289>,  <26.585291, 34.964878, 34.298489>, 0.130000
	pigment { color rgbt <1,0,0,0> }
	no_shadow
}

// nucleotide -1

// particle -1
sphere {
	<26.601490, 34.877838, 33.557289> 0.250000
	pigment { color rgbt <1,0,0,0> }
	no_shadow
}
cylinder {
	<26.465214, 35.247555, 33.626133>,  <26.383448, 35.469383, 33.667439>, 0.100000
	pigment { color rgbt <1,0,0,0> }
	no_shadow
}
cylinder {
	<26.465214, 35.247555, 33.626133>,  <26.601490, 34.877838, 33.557289>, 0.100000
	pigment { color rgbt <1,0,0,0> }
	no_shadow
}

// particle -1
sphere {
	<26.465214, 35.247555, 33.626133> 0.100000
	pigment { color rgbt <1,0,0,0> }
	no_shadow
}
sphere {
	0, 1
	scale<0.080000,0.200000,0.300000>
	matrix <0.524185, 0.338704, -0.781351,
		-0.780487, -0.175983, -0.599891,
		-0.340690, 0.924288, 0.172107,
		26.363007, 35.524841, 33.677765>
	pigment { color rgbt <0,1,1,0> }
	no_shadow
}
cylinder {
	<26.506369, 34.952293, 32.939781>,  <26.601490, 34.877838, 33.557289>, 0.130000
	pigment { color rgbt <1,0,0,0> }
	no_shadow
}

// nucleotide -1

// particle -1
sphere {
	<26.506369, 34.952293, 32.939781> 0.250000
	pigment { color rgbt <1,0,0,0> }
	no_shadow
}
cylinder {
	<26.513332, 35.310219, 33.118221>,  <26.517509, 35.524975, 33.225285>, 0.100000
	pigment { color rgbt <1,0,0,0> }
	no_shadow
}
cylinder {
	<26.513332, 35.310219, 33.118221>,  <26.506369, 34.952293, 32.939781>, 0.100000
	pigment { color rgbt <1,0,0,0> }
	no_shadow
}

// particle -1
sphere {
	<26.513332, 35.310219, 33.118221> 0.100000
	pigment { color rgbt <1,0,0,0> }
	no_shadow
}
sphere {
	0, 1
	scale<0.080000,0.200000,0.300000>
	matrix <0.458926, 0.389239, -0.798674,
		-0.888304, 0.218628, -0.403878,
		0.017407, 0.894816, 0.446096,
		26.518555, 35.578663, 33.252048>
	pigment { color rgbt <0,1,1,0> }
	no_shadow
}
cylinder {
	<26.207777, 35.492790, 32.549713>,  <26.506369, 34.952293, 32.939781>, 0.130000
	pigment { color rgbt <1,0,0,0> }
	no_shadow
}

// nucleotide -1

// particle -1
sphere {
	<26.207777, 35.492790, 32.549713> 0.250000
	pigment { color rgbt <1,0,0,0> }
	no_shadow
}
cylinder {
	<26.456156, 35.706745, 32.778912>,  <26.605183, 35.835117, 32.916431>, 0.100000
	pigment { color rgbt <1,0,0,0> }
	no_shadow
}
cylinder {
	<26.456156, 35.706745, 32.778912>,  <26.207777, 35.492790, 32.549713>, 0.100000
	pigment { color rgbt <1,0,0,0> }
	no_shadow
}

// particle -1
sphere {
	<26.456156, 35.706745, 32.778912> 0.100000
	pigment { color rgbt <1,0,0,0> }
	no_shadow
}
sphere {
	0, 1
	scale<0.080000,0.200000,0.300000>
	matrix <0.464834, 0.337319, -0.818624,
		-0.631154, 0.774668, -0.039177,
		0.620946, 0.534889, 0.572992,
		26.642439, 35.867210, 32.950809>
	pigment { color rgbt <0,1,1,0> }
	no_shadow
}
cylinder {
	<26.126013, 36.056873, 32.202202>,  <26.207777, 35.492790, 32.549713>, 0.130000
	pigment { color rgbt <1,0,0,0> }
	no_shadow
}

// nucleotide -1

// particle -1
sphere {
	<26.126013, 36.056873, 32.202202> 0.250000
	pigment { color rgbt <1,0,0,0> }
	no_shadow
}
cylinder {
	<26.457056, 36.091877, 32.423981>,  <26.655682, 36.112881, 32.557049>, 0.100000
	pigment { color rgbt <1,0,0,0> }
	no_shadow
}
cylinder {
	<26.457056, 36.091877, 32.423981>,  <26.126013, 36.056873, 32.202202>, 0.100000
	pigment { color rgbt <1,0,0,0> }
	no_shadow
}

// particle -1
sphere {
	<26.457056, 36.091877, 32.423981> 0.100000
	pigment { color rgbt <1,0,0,0> }
	no_shadow
}
sphere {
	0, 1
	scale<0.080000,0.200000,0.300000>
	matrix <0.508557, 0.301151, -0.806647,
		-0.237560, 0.949553, 0.204732,
		0.827609, 0.087509, 0.554442,
		26.705339, 36.118130, 32.590313>
	pigment { color rgbt <0,1,1,0> }
	no_shadow
}
cylinder {
	<26.320030, 36.717934, 32.217030>,  <26.126013, 36.056873, 32.202202>, 0.130000
	pigment { color rgbt <1,0,0,0> }
	no_shadow
}

// nucleotide -1

// particle -1
sphere {
	<26.320030, 36.717934, 32.217030> 0.250000
	pigment { color rgbt <1,0,0,0> }
	no_shadow
}
cylinder {
	<26.640251, 36.479458, 32.241287>,  <26.832384, 36.336372, 32.255840>, 0.100000
	pigment { color rgbt <1,0,0,0> }
	no_shadow
}
cylinder {
	<26.640251, 36.479458, 32.241287>,  <26.320030, 36.717934, 32.217030>, 0.100000
	pigment { color rgbt <1,0,0,0> }
	no_shadow
}

// particle -1
sphere {
	<26.640251, 36.479458, 32.241287> 0.100000
	pigment { color rgbt <1,0,0,0> }
	no_shadow
}
sphere {
	0, 1
	scale<0.080000,0.200000,0.300000>
	matrix <0.253708, 0.245509, -0.935605,
		0.542905, 0.764388, 0.347800,
		0.800554, -0.596185, 0.060643,
		26.880417, 36.300602, 32.259480>
	pigment { color rgbt <0,1,1,0> }
	no_shadow
}
cylinder {
	<27.069740, 36.807117, 31.836964>,  <26.320030, 36.717934, 32.217030>, 0.130000
	pigment { color rgbt <1,0,0,0> }
	no_shadow
}

// nucleotide -1

// particle -1
sphere {
	<27.069740, 36.807117, 31.836964> 0.250000
	pigment { color rgbt <1,0,0,0> }
	no_shadow
}
cylinder {
	<26.709909, 36.981804, 31.834671>,  <26.494011, 37.086617, 31.833296>, 0.100000
	pigment { color rgbt <1,0,0,0> }
	no_shadow
}
cylinder {
	<26.709909, 36.981804, 31.834671>,  <27.069740, 36.807117, 31.836964>, 0.100000
	pigment { color rgbt <1,0,0,0> }
	no_shadow
}

// particle -1
sphere {
	<26.709909, 36.981804, 31.834671> 0.100000
	pigment { color rgbt <1,0,0,0> }
	no_shadow
}
sphere {
	0, 1
	scale<0.080000,0.200000,0.300000>
	matrix <0.130523, 0.256293, -0.957746,
		-0.416799, -0.862316, -0.287558,
		-0.899579, 0.436720, -0.005729,
		26.440035, 37.112820, 31.832952>
	pigment { color rgbt <0,1,1,0> }
	no_shadow
}
cylinder {
	<26.712990, 36.920105, 31.178865>,  <27.069740, 36.807117, 31.836964>, 0.130000
	pigment { color rgbt <1,0,0,0> }
	no_shadow
}

// nucleotide -1

// particle -1
sphere {
	<26.712990, 36.920105, 31.178865> 0.250000
	pigment { color rgbt <1,0,0,0> }
	no_shadow
}
cylinder {
	<27.100178, 36.852482, 31.104616>,  <27.332491, 36.811909, 31.060066>, 0.100000
	pigment { color rgbt <1,0,0,0> }
	no_shadow
}
cylinder {
	<27.100178, 36.852482, 31.104616>,  <26.712990, 36.920105, 31.178865>, 0.100000
	pigment { color rgbt <1,0,0,0> }
	no_shadow
}

// particle -1
sphere {
	<27.100178, 36.852482, 31.104616> 0.100000
	pigment { color rgbt <1,0,0,0> }
	no_shadow
}
sphere {
	0, 1
	scale<0.080000,0.200000,0.300000>
	matrix <0.202418, 0.088063, 0.975332,
		-0.148543, -0.981664, 0.119463,
		0.967968, -0.169061, -0.185625,
		27.390568, 36.801765, 31.048929>
	pigment { color rgbt <0,1,1,0> }
	no_shadow
}
cylinder {
	<26.953428, 36.231979, 31.388800>,  <26.712990, 36.920105, 31.178865>, 0.130000
	pigment { color rgbt <1,0,0,0> }
	no_shadow
}

// nucleotide -1

// particle -1
sphere {
	<26.953428, 36.231979, 31.388800> 0.250000
	pigment { color rgbt <1,0,0,0> }
	no_shadow
}
cylinder {
	<27.300251, 36.430843, 31.375832>,  <27.508345, 36.550159, 31.368052>, 0.100000
	pigment { color rgbt <1,0,0,0> }
	no_shadow
}
cylinder {
	<27.300251, 36.430843, 31.375832>,  <26.953428, 36.231979, 31.388800>, 0.100000
	pigment { color rgbt <1,0,0,0> }
	no_shadow
}

// particle -1
sphere {
	<27.300251, 36.430843, 31.375832> 0.100000
	pigment { color rgbt <1,0,0,0> }
	no_shadow
}
sphere {
	0, 1
	scale<0.080000,0.200000,0.300000>
	matrix <0.212034, -0.309342, 0.927011,
		0.450841, -0.810643, -0.373631,
		0.867055, 0.497157, -0.032420,
		27.560368, 36.579990, 31.366106>
	pigment { color rgbt <0,1,1,0> }
	no_shadow
}
cylinder {
	<27.430002, 35.713741, 31.387920>,  <26.953428, 36.231979, 31.388800>, 0.130000
	pigment { color rgbt <1,0,0,0> }
	no_shadow
}

// nucleotide -1

// particle -1
sphere {
	<27.430002, 35.713741, 31.387920> 0.250000
	pigment { color rgbt <1,0,0,0> }
	no_shadow
}
cylinder {
	<27.502357, 36.072426, 31.549511>,  <27.545771, 36.287636, 31.646465>, 0.100000
	pigment { color rgbt <1,0,0,0> }
	no_shadow
}
cylinder {
	<27.502357, 36.072426, 31.549511>,  <27.430002, 35.713741, 31.387920>, 0.100000
	pigment { color rgbt <1,0,0,0> }
	no_shadow
}

// particle -1
sphere {
	<27.502357, 36.072426, 31.549511> 0.100000
	pigment { color rgbt <1,0,0,0> }
	no_shadow
}
sphere {
	0, 1
	scale<0.080000,0.200000,0.300000>
	matrix <-0.044546, -0.402859, 0.914177,
		0.982494, -0.183360, -0.032928,
		0.180889, 0.896707, 0.403975,
		27.556623, 36.341438, 31.670704>
	pigment { color rgbt <0,1,1,0> }
	no_shadow
}
cylinder {
	<27.784567, 35.581367, 32.041214>,  <27.430002, 35.713741, 31.387920>, 0.130000
	pigment { color rgbt <1,0,0,0> }
	no_shadow
}

// nucleotide -1

// particle -1
sphere {
	<27.784567, 35.581367, 32.041214> 0.250000
	pigment { color rgbt <1,0,0,0> }
	no_shadow
}
cylinder {
	<27.619576, 35.944870, 32.066563>,  <27.520580, 36.162971, 32.081772>, 0.100000
	pigment { color rgbt <1,0,0,0> }
	no_shadow
}
cylinder {
	<27.619576, 35.944870, 32.066563>,  <27.784567, 35.581367, 32.041214>, 0.100000
	pigment { color rgbt <1,0,0,0> }
	no_shadow
}

// particle -1
sphere {
	<27.619576, 35.944870, 32.066563> 0.100000
	pigment { color rgbt <1,0,0,0> }
	no_shadow
}
sphere {
	0, 1
	scale<0.080000,0.200000,0.300000>
	matrix <-0.268068, -0.187570, 0.944964,
		0.870633, 0.372788, 0.320978,
		-0.412477, 0.908761, 0.063372,
		27.495832, 36.217499, 32.085575>
	pigment { color rgbt <0,1,1,0> }
	no_shadow
}
cylinder {
	<27.986113, 35.712093, 32.784332>,  <27.784567, 35.581367, 32.041214>, 0.130000
	pigment { color rgbt <1,0,0,0> }
	no_shadow
}

// nucleotide -1

// particle -1
sphere {
	<27.986113, 35.712093, 32.784332> 0.250000
	pigment { color rgbt <1,0,0,0> }
	no_shadow
}
cylinder {
	<27.670406, 35.909779, 32.638557>,  <27.480984, 36.028389, 32.551090>, 0.100000
	pigment { color rgbt <1,0,0,0> }
	no_shadow
}
cylinder {
	<27.670406, 35.909779, 32.638557>,  <27.986113, 35.712093, 32.784332>, 0.100000
	pigment { color rgbt <1,0,0,0> }
	no_shadow
}

// particle -1
sphere {
	<27.670406, 35.909779, 32.638557> 0.100000
	pigment { color rgbt <1,0,0,0> }
	no_shadow
}
sphere {
	0, 1
	scale<0.080000,0.200000,0.300000>
	matrix <-0.479678, -0.125681, 0.868397,
		0.383369, 0.860208, 0.336258,
		-0.789263, 0.494212, -0.364441,
		27.433628, 36.058041, 32.529224>
	pigment { color rgbt <0,1,1,0> }
	no_shadow
}
cylinder {
	<27.816223, 36.284683, 33.209431>,  <27.986113, 35.712093, 32.784332>, 0.130000
	pigment { color rgbt <1,0,0,0> }
	no_shadow
}

// nucleotide -1

// particle -1
sphere {
	<27.816223, 36.284683, 33.209431> 0.250000
	pigment { color rgbt <1,0,0,0> }
	no_shadow
}
cylinder {
	<27.469320, 36.227985, 33.018528>,  <27.261179, 36.193966, 32.903984>, 0.100000
	pigment { color rgbt <1,0,0,0> }
	no_shadow
}
cylinder {
	<27.469320, 36.227985, 33.018528>,  <27.816223, 36.284683, 33.209431>, 0.100000
	pigment { color rgbt <1,0,0,0> }
	no_shadow
}

// particle -1
sphere {
	<27.469320, 36.227985, 33.018528> 0.100000
	pigment { color rgbt <1,0,0,0> }
	no_shadow
}
sphere {
	0, 1
	scale<0.080000,0.200000,0.300000>
	matrix <-0.484129, 0.016493, 0.874841,
		-0.116133, 0.989766, -0.082926,
		-0.867256, -0.141745, -0.477259,
		27.209143, 36.185463, 32.875351>
	pigment { color rgbt <0,1,1,0> }
	no_shadow
}
cylinder {
	<27.366922, 36.805275, 33.485023>,  <27.816223, 36.284683, 33.209431>, 0.130000
	pigment { color rgbt <1,0,0,0> }
	no_shadow
}

// nucleotide -1

// particle -1
sphere {
	<27.366922, 36.805275, 33.485023> 0.250000
	pigment { color rgbt <1,0,0,0> }
	no_shadow
}
cylinder {
	<27.146309, 36.503319, 33.343063>,  <27.013941, 36.322144, 33.257889>, 0.100000
	pigment { color rgbt <1,0,0,0> }
	no_shadow
}
cylinder {
	<27.146309, 36.503319, 33.343063>,  <27.366922, 36.805275, 33.485023>, 0.100000
	pigment { color rgbt <1,0,0,0> }
	no_shadow
}

// particle -1
sphere {
	<27.146309, 36.503319, 33.343063> 0.100000
	pigment { color rgbt <1,0,0,0> }
	no_shadow
}
sphere {
	0, 1
	scale<0.080000,0.200000,0.300000>
	matrix <-0.570786, 0.031283, 0.820503,
		-0.608286, 0.655106, -0.448134,
		-0.551535, -0.754889, -0.354897,
		26.980848, 36.276852, 33.236595>
	pigment { color rgbt <0,1,1,0> }
	no_shadow
}
cylinder {
	<26.695023, 36.771019, 33.855190>,  <27.366922, 36.805275, 33.485023>, 0.130000
	pigment { color rgbt <1,0,0,0> }
	no_shadow
}

// nucleotide -1

// particle -1
sphere {
	<26.695023, 36.771019, 33.855190> 0.250000
	pigment { color rgbt <1,0,0,0> }
	no_shadow
}
cylinder {
	<26.662830, 36.408020, 33.690281>,  <26.643515, 36.190220, 33.591335>, 0.100000
	pigment { color rgbt <1,0,0,0> }
	no_shadow
}
cylinder {
	<26.662830, 36.408020, 33.690281>,  <26.695023, 36.771019, 33.855190>, 0.100000
	pigment { color rgbt <1,0,0,0> }
	no_shadow
}

// particle -1
sphere {
	<26.662830, 36.408020, 33.690281> 0.100000
	pigment { color rgbt <1,0,0,0> }
	no_shadow
}
sphere {
	0, 1
	scale<0.080000,0.200000,0.300000>
	matrix <-0.608392, -0.282908, 0.741500,
		-0.789545, 0.310503, -0.529345,
		-0.080482, -0.907497, -0.412276,
		26.638685, 36.135773, 33.566597>
	pigment { color rgbt <0,1,1,0> }
	no_shadow
}
cylinder {
	<26.301224, 37.453526, 33.978619>,  <26.695023, 36.771019, 33.855190>, 0.130000
	pigment { color rgbt <1,0,0,0> }
	no_shadow
}

// nucleotide -1

// particle -1
sphere {
	<26.301224, 37.453526, 33.978619> 0.250000
	pigment { color rgbt <1,0,0,0> }
	no_shadow
}
cylinder {
	<26.425007, 37.168312, 34.230278>,  <26.499277, 36.997185, 34.381271>, 0.100000
	pigment { color rgbt <1,0,0,0> }
	no_shadow
}
cylinder {
	<26.425007, 37.168312, 34.230278>,  <26.301224, 37.453526, 33.978619>, 0.100000
	pigment { color rgbt <1,0,0,0> }
	no_shadow
}

// particle -1
sphere {
	<26.425007, 37.168312, 34.230278> 0.100000
	pigment { color rgbt <1,0,0,0> }
	no_shadow
}
sphere {
	0, 1
	scale<0.080000,0.200000,0.300000>
	matrix <-0.944844, -0.155927, 0.288023,
		-0.107268, -0.683577, -0.721953,
		0.309458, -0.713028, 0.629148,
		26.517843, 36.954403, 34.419022>
	pigment { color rgbt <0,1,1,0> }
	no_shadow
}
cylinder {
	<25.938232, 36.750130, 33.885227>,  <26.301224, 37.453526, 33.978619>, 0.130000
	pigment { color rgbt <1,0,0,0> }
	no_shadow
}

// nucleotide -1

// particle -1
sphere {
	<25.938232, 36.750130, 33.885227> 0.250000
	pigment { color rgbt <1,0,0,0> }
	no_shadow
}
cylinder {
	<26.052536, 36.373005, 33.816593>,  <26.121119, 36.146729, 33.775414>, 0.100000
	pigment { color rgbt <1,0,0,0> }
	no_shadow
}
cylinder {
	<26.052536, 36.373005, 33.816593>,  <25.938232, 36.750130, 33.885227>, 0.100000
	pigment { color rgbt <1,0,0,0> }
	no_shadow
}

// particle -1
sphere {
	<26.052536, 36.373005, 33.816593> 0.100000
	pigment { color rgbt <1,0,0,0> }
	no_shadow
}
sphere {
	0, 1
	scale<0.080000,0.200000,0.300000>
	matrix <-0.673167, -0.324926, 0.664281,
		-0.682047, -0.074318, -0.727522,
		0.285759, -0.942815, -0.171586,
		26.138264, 36.090160, 33.765118>
	pigment { color rgbt <0,1,1,0> }
	no_shadow
}
cylinder {
	<25.308178, 36.395103, 33.716454>,  <25.938232, 36.750130, 33.885227>, 0.130000
	pigment { color rgbt <1,0,0,0> }
	no_shadow
}

// nucleotide -1

// particle -1
sphere {
	<25.308178, 36.395103, 33.716454> 0.250000
	pigment { color rgbt <1,0,0,0> }
	no_shadow
}
cylinder {
	<25.592287, 36.144382, 33.844597>,  <25.762753, 35.993950, 33.921482>, 0.100000
	pigment { color rgbt <1,0,0,0> }
	no_shadow
}
cylinder {
	<25.592287, 36.144382, 33.844597>,  <25.308178, 36.395103, 33.716454>, 0.100000
	pigment { color rgbt <1,0,0,0> }
	no_shadow
}

// particle -1
sphere {
	<25.592287, 36.144382, 33.844597> 0.100000
	pigment { color rgbt <1,0,0,0> }
	no_shadow
}
sphere {
	0, 1
	scale<0.080000,0.200000,0.300000>
	matrix <-0.641936, -0.390008, 0.660161,
		-0.288845, -0.674548, -0.679378,
		0.710273, -0.626801, 0.320365,
		25.805368, 35.956341, 33.940704>
	pigment { color rgbt <0,1,1,0> }
	no_shadow
}
cylinder {
	<25.125914, 35.904606, 33.293137>,  <25.308178, 36.395103, 33.716454>, 0.130000
	pigment { color rgbt <1,0,0,0> }
	no_shadow
}

// nucleotide -1

// particle -1
sphere {
	<25.125914, 35.904606, 33.293137> 0.250000
	pigment { color rgbt <1,0,0,0> }
	no_shadow
}
cylinder {
	<25.448572, 35.736858, 33.459728>,  <25.642166, 35.636211, 33.559685>, 0.100000
	pigment { color rgbt <1,0,0,0> }
	no_shadow
}
cylinder {
	<25.448572, 35.736858, 33.459728>,  <25.125914, 35.904606, 33.293137>, 0.100000
	pigment { color rgbt <1,0,0,0> }
	no_shadow
}

// particle -1
sphere {
	<25.448572, 35.736858, 33.459728> 0.100000
	pigment { color rgbt <1,0,0,0> }
	no_shadow
}
sphere {
	0, 1
	scale<0.080000,0.200000,0.300000>
	matrix <-0.587411, -0.646768, 0.486456,
		0.065364, -0.637043, -0.768052,
		0.806645, -0.419365, 0.416481,
		25.690565, 35.611050, 33.584671>
	pigment { color rgbt <0,1,1,0> }
	no_shadow
}
cylinder {
	<25.250061, 35.241608, 33.145744>,  <25.125914, 35.904606, 33.293137>, 0.130000
	pigment { color rgbt <1,0,0,0> }
	no_shadow
}

// nucleotide -1

// particle -1
sphere {
	<25.250061, 35.241608, 33.145744> 0.250000
	pigment { color rgbt <1,0,0,0> }
	no_shadow
}
cylinder {
	<25.414524, 35.284973, 33.507782>,  <25.513203, 35.310993, 33.725006>, 0.100000
	pigment { color rgbt <1,0,0,0> }
	no_shadow
}
cylinder {
	<25.414524, 35.284973, 33.507782>,  <25.250061, 35.241608, 33.145744>, 0.100000
	pigment { color rgbt <1,0,0,0> }
	no_shadow
}

// particle -1
sphere {
	<25.414524, 35.284973, 33.507782> 0.100000
	pigment { color rgbt <1,0,0,0> }
	no_shadow
}
sphere {
	0, 1
	scale<0.080000,0.200000,0.300000>
	matrix <-0.649873, -0.661406, 0.374442,
		0.639230, -0.742151, -0.201487,
		0.411157, 0.108413, 0.905095,
		25.537870, 35.317497, 33.779312>
	pigment { color rgbt <0,1,1,0> }
	no_shadow
}
cylinder {
	<25.080166, 34.536404, 33.550568>,  <25.250061, 35.241608, 33.145744>, 0.130000
	pigment { color rgbt <1,0,0,0> }
	no_shadow
}

// nucleotide -1

// particle -1
sphere {
	<25.080166, 34.536404, 33.550568> 0.250000
	pigment { color rgbt <1,0,0,0> }
	no_shadow
}
cylinder {
	<25.198868, 34.773685, 33.849911>,  <25.270088, 34.916054, 34.029518>, 0.100000
	pigment { color rgbt <1,0,0,0> }
	no_shadow
}
cylinder {
	<25.198868, 34.773685, 33.849911>,  <25.080166, 34.536404, 33.550568>, 0.100000
	pigment { color rgbt <1,0,0,0> }
	no_shadow
}

// particle -1
sphere {
	<25.198868, 34.773685, 33.849911> 0.100000
	pigment { color rgbt <1,0,0,0> }
	no_shadow
}
sphere {
	0, 1
	scale<0.080000,0.200000,0.300000>
	matrix <-0.426415, -0.618882, 0.659663,
		0.854463, -0.514870, 0.069296,
		0.296755, 0.593207, 0.748360,
		25.287893, 34.951649, 34.074417>
	pigment { color rgbt <0,1,1,0> }
	no_shadow
}
cylinder {
	<25.485954, 34.137772, 34.075756>,  <25.080166, 34.536404, 33.550568>, 0.130000
	pigment { color rgbt <1,0,0,0> }
	no_shadow
}

// nucleotide -1

// particle -1
sphere {
	<25.485954, 34.137772, 34.075756> 0.250000
	pigment { color rgbt <1,0,0,0> }
	no_shadow
}
cylinder {
	<25.354874, 34.458557, 34.275539>,  <25.276224, 34.651028, 34.395409>, 0.100000
	pigment { color rgbt <1,0,0,0> }
	no_shadow
}
cylinder {
	<25.354874, 34.458557, 34.275539>,  <25.485954, 34.137772, 34.075756>, 0.100000
	pigment { color rgbt <1,0,0,0> }
	no_shadow
}

// particle -1
sphere {
	<25.354874, 34.458557, 34.275539> 0.100000
	pigment { color rgbt <1,0,0,0> }
	no_shadow
}
sphere {
	0, 1
	scale<0.080000,0.200000,0.300000>
	matrix <-0.473490, -0.596875, 0.647725,
		0.817568, -0.024227, 0.575321,
		-0.327702, 0.801968, 0.499457,
		25.256563, 34.699146, 34.425377>
	pigment { color rgbt <0,1,1,0> }
	no_shadow
}
cylinder {
	<25.507534, 33.971153, 34.776573>,  <25.485954, 34.137772, 34.075756>, 0.130000
	pigment { color rgbt <1,0,0,0> }
	no_shadow
}

// nucleotide -1

// particle -1
sphere {
	<25.507534, 33.971153, 34.776573> 0.250000
	pigment { color rgbt <1,0,0,0> }
	no_shadow
}
cylinder {
	<25.223820, 34.248959, 34.728313>,  <25.053591, 34.415642, 34.699356>, 0.100000
	pigment { color rgbt <1,0,0,0> }
	no_shadow
}
cylinder {
	<25.223820, 34.248959, 34.728313>,  <25.507534, 33.971153, 34.776573>, 0.100000
	pigment { color rgbt <1,0,0,0> }
	no_shadow
}

// particle -1
sphere {
	<25.223820, 34.248959, 34.728313> 0.100000
	pigment { color rgbt <1,0,0,0> }
	no_shadow
}
sphere {
	0, 1
	scale<0.080000,0.200000,0.300000>
	matrix <-0.585537, -0.485168, 0.649430,
		0.392503, 0.531279, 0.750789,
		-0.709287, 0.694518, -0.120653,
		25.011034, 34.457314, 34.692116>
	pigment { color rgbt <0,1,1,0> }
	no_shadow
}
cylinder {
	<25.070023, 33.461639, 35.090107>,  <25.507534, 33.971153, 34.776573>, 0.130000
	pigment { color rgbt <1,0,0,0> }
	no_shadow
}

// nucleotide -1

// particle -1
sphere {
	<25.070023, 33.461639, 35.090107> 0.250000
	pigment { color rgbt <1,0,0,0> }
	no_shadow
}
cylinder {
	<25.468218, 33.462181, 35.128063>,  <25.707134, 33.462505, 35.150837>, 0.100000
	pigment { color rgbt <1,0,0,0> }
	no_shadow
}
cylinder {
	<25.468218, 33.462181, 35.128063>,  <25.070023, 33.461639, 35.090107>, 0.100000
	pigment { color rgbt <1,0,0,0> }
	no_shadow
}

// particle -1
sphere {
	<25.468218, 33.462181, 35.128063> 0.100000
	pigment { color rgbt <1,0,0,0> }
	no_shadow
}
sphere {
	0, 1
	scale<0.080000,0.200000,0.300000>
	matrix <-0.088413, -0.349981, 0.932575,
		0.034476, -0.936756, -0.348282,
		0.995487, 0.001358, 0.094887,
		25.766865, 33.462589, 35.156528>
	pigment { color rgbt <0,1,1,0> }
	no_shadow
}
cylinder {
	<25.364697, 32.811611, 35.160095>,  <25.070023, 33.461639, 35.090107>, 0.130000
	pigment { color rgbt <1,0,0,0> }
	no_shadow
}

// nucleotide -1

// particle -1
sphere {
	<25.364697, 32.811611, 35.160095> 0.250000
	pigment { color rgbt <1,0,0,0> }
	no_shadow
}
cylinder {
	<25.574175, 33.090652, 35.355682>,  <25.699862, 33.258080, 35.473034>, 0.100000
	pigment { color rgbt <1,0,0,0> }
	no_shadow
}
cylinder {
	<25.574175, 33.090652, 35.355682>,  <25.364697, 32.811611, 35.160095>, 0.100000
	pigment { color rgbt <1,0,0,0> }
	no_shadow
}

// particle -1
sphere {
	<25.574175, 33.090652, 35.355682> 0.100000
	pigment { color rgbt <1,0,0,0> }
	no_shadow
}
sphere {
	0, 1
	scale<0.080000,0.200000,0.300000>
	matrix <-0.203793, -0.454716, 0.867007,
		0.827171, -0.553696, -0.095966,
		0.523696, 0.697605, 0.488967,
		25.731283, 33.299934, 35.502373>
	pigment { color rgbt <0,1,1,0> }
	no_shadow
}
cylinder {
	<25.630682, 32.272568, 34.702183>,  <25.364697, 32.811611, 35.160095>, 0.130000
	pigment { color rgbt <1,0,0,0> }
	no_shadow
}

// nucleotide -1

// particle -1
sphere {
	<25.630682, 32.272568, 34.702183> 0.250000
	pigment { color rgbt <1,0,0,0> }
	no_shadow
}
cylinder {
	<25.972103, 32.273228, 34.493782>,  <26.176956, 32.273624, 34.368740>, 0.100000
	pigment { color rgbt <1,0,0,0> }
	no_shadow
}
cylinder {
	<25.972103, 32.273228, 34.493782>,  <25.630682, 32.272568, 34.702183>, 0.100000
	pigment { color rgbt <1,0,0,0> }
	no_shadow
}

// particle -1
sphere {
	<25.972103, 32.273228, 34.493782> 0.100000
	pigment { color rgbt <1,0,0,0> }
	no_shadow
}
sphere {
	0, 1
	scale<0.080000,0.200000,0.300000>
	matrix <-0.180291, -0.937278, -0.298338,
		-0.488818, 0.348580, -0.799718,
		0.853553, 0.001651, -0.521004,
		26.228168, 32.273724, 34.337482>
	pigment { color rgbt <0,1,1,0> }
	no_shadow
}
cylinder {
	<25.688456, 32.414883, 33.912636>,  <25.630682, 32.272568, 34.702183>, 0.130000
	pigment { color rgbt <1,0,0,0> }
	no_shadow
}

// nucleotide -1

// particle -1
sphere {
	<25.688456, 32.414883, 33.912636> 0.250000
	pigment { color rgbt <1,0,0,0> }
	no_shadow
}
cylinder {
	<25.997940, 32.184772, 34.018791>,  <26.183630, 32.046707, 34.082485>, 0.100000
	pigment { color rgbt <1,0,0,0> }
	no_shadow
}
cylinder {
	<25.997940, 32.184772, 34.018791>,  <25.688456, 32.414883, 33.912636>, 0.100000
	pigment { color rgbt <1,0,0,0> }
	no_shadow
}

// particle -1
sphere {
	<25.997940, 32.184772, 34.018791> 0.100000
	pigment { color rgbt <1,0,0,0> }
	no_shadow
}
sphere {
	0, 1
	scale<0.080000,0.200000,0.300000>
	matrix <-0.431478, -0.785212, -0.444149,
		0.463893, 0.229135, -0.855746,
		0.773712, -0.575273, 0.265388,
		26.230053, 32.012192, 34.098408>
	pigment { color rgbt <0,1,1,0> }
	no_shadow
}
cylinder {
	<25.805805, 31.954517, 33.316547>,  <25.688456, 32.414883, 33.912636>, 0.130000
	pigment { color rgbt <1,0,0,0> }
	no_shadow
}

// nucleotide -1

// particle -1
sphere {
	<25.805805, 31.954517, 33.316547> 0.250000
	pigment { color rgbt <1,0,0,0> }
	no_shadow
}
cylinder {
	<25.972420, 31.786358, 33.638977>,  <26.072388, 31.685461, 33.832436>, 0.100000
	pigment { color rgbt <1,0,0,0> }
	no_shadow
}
cylinder {
	<25.972420, 31.786358, 33.638977>,  <25.805805, 31.954517, 33.316547>, 0.100000
	pigment { color rgbt <1,0,0,0> }
	no_shadow
}

// particle -1
sphere {
	<25.972420, 31.786358, 33.638977> 0.100000
	pigment { color rgbt <1,0,0,0> }
	no_shadow
}
sphere {
	0, 1
	scale<0.080000,0.200000,0.300000>
	matrix <-0.230510, -0.906522, -0.353671,
		0.879410, -0.038492, -0.474506,
		0.416536, -0.420401, 0.806077,
		26.097382, 31.660238, 33.880802>
	pigment { color rgbt <0,1,1,0> }
	no_shadow
}
cylinder {
	<26.166086, 31.381474, 33.004177>,  <25.805805, 31.954517, 33.316547>, 0.130000
	pigment { color rgbt <1,0,0,0> }
	no_shadow
}

// nucleotide -1

// particle -1
sphere {
	<26.166086, 31.381474, 33.004177> 0.250000
	pigment { color rgbt <1,0,0,0> }
	no_shadow
}
cylinder {
	<26.091278, 31.297247, 33.387985>,  <26.046392, 31.246710, 33.618271>, 0.100000
	pigment { color rgbt <1,0,0,0> }
	no_shadow
}
cylinder {
	<26.091278, 31.297247, 33.387985>,  <26.166086, 31.381474, 33.004177>, 0.100000
	pigment { color rgbt <1,0,0,0> }
	no_shadow
}

// particle -1
sphere {
	<26.091278, 31.297247, 33.387985> 0.100000
	pigment { color rgbt <1,0,0,0> }
	no_shadow
}
sphere {
	0, 1
	scale<0.080000,0.200000,0.300000>
	matrix <-0.333656, -0.905075, -0.263652,
		0.923958, -0.369458, 0.099009,
		-0.187020, -0.210569, 0.959523,
		26.035172, 31.234076, 33.675842>
	pigment { color rgbt <0,1,1,0> }
	no_shadow
}
cylinder {
	<26.693098, 30.880339, 33.252678>,  <26.166086, 31.381474, 33.004177>, 0.130000
	pigment { color rgbt <1,0,0,0> }
	no_shadow
}

// nucleotide -1

// particle -1
sphere {
	<26.693098, 30.880339, 33.252678> 0.250000
	pigment { color rgbt <1,0,0,0> }
	no_shadow
}
cylinder {
	<26.601088, 30.875816, 33.641926>,  <26.545881, 30.873104, 33.875473>, 0.100000
	pigment { color rgbt <1,0,0,0> }
	no_shadow
}
cylinder {
	<26.601088, 30.875816, 33.641926>,  <26.693098, 30.880339, 33.252678>, 0.100000
	pigment { color rgbt <1,0,0,0> }
	no_shadow
}

// particle -1
sphere {
	<26.601088, 30.875816, 33.641926> 0.100000
	pigment { color rgbt <1,0,0,0> }
	no_shadow
}
sphere {
	0, 1
	scale<0.080000,0.200000,0.300000>
	matrix <-0.455894, -0.882175, -0.118012,
		0.859796, -0.470785, 0.197768,
		-0.230024, -0.011305, 0.973119,
		26.532080, 30.872425, 33.933861>
	pigment { color rgbt <0,1,1,0> }
	no_shadow
}
cylinder {
	<26.908545, 30.199389, 33.551109>,  <26.693098, 30.880339, 33.252678>, 0.130000
	pigment { color rgbt <1,0,0,0> }
	no_shadow
}

// nucleotide -1

// particle -1
sphere {
	<26.908545, 30.199389, 33.551109> 0.250000
	pigment { color rgbt <1,0,0,0> }
	no_shadow
}
cylinder {
	<26.600582, 30.361462, 33.748318>,  <26.415804, 30.458706, 33.866642>, 0.100000
	pigment { color rgbt <1,0,0,0> }
	no_shadow
}
cylinder {
	<26.600582, 30.361462, 33.748318>,  <26.908545, 30.199389, 33.551109>, 0.100000
	pigment { color rgbt <1,0,0,0> }
	no_shadow
}

// particle -1
sphere {
	<26.600582, 30.361462, 33.748318> 0.100000
	pigment { color rgbt <1,0,0,0> }
	no_shadow
}
sphere {
	0, 1
	scale<0.080000,0.200000,0.300000>
	matrix <-0.544674, -0.819792, -0.176837,
		0.332524, -0.404684, 0.851856,
		-0.769908, 0.405182, 0.493021,
		26.369610, 30.483017, 33.896225>
	pigment { color rgbt <0,1,1,0> }
	no_shadow
}
cylinder {
	<26.594501, 29.615698, 34.101513>,  <26.908545, 30.199389, 33.551109>, 0.130000
	pigment { color rgbt <1,0,0,0> }
	no_shadow
}

// nucleotide -1

// particle -1
sphere {
	<26.594501, 29.615698, 34.101513> 0.250000
	pigment { color rgbt <1,0,0,0> }
	no_shadow
}
cylinder {
	<26.322412, 29.874311, 33.963356>,  <26.159159, 30.029480, 33.880463>, 0.100000
	pigment { color rgbt <1,0,0,0> }
	no_shadow
}
cylinder {
	<26.322412, 29.874311, 33.963356>,  <26.594501, 29.615698, 34.101513>, 0.100000
	pigment { color rgbt <1,0,0,0> }
	no_shadow
}

// particle -1
sphere {
	<26.322412, 29.874311, 33.963356> 0.100000
	pigment { color rgbt <1,0,0,0> }
	no_shadow
}
sphere {
	0, 1
	scale<0.080000,0.200000,0.300000>
	matrix <-0.506480, -0.755184, -0.416144,
		-0.529885, -0.108136, 0.841147,
		-0.680221, 0.646533, -0.345392,
		26.118347, 30.068272, 33.859737>
	pigment { color rgbt <0,1,1,0> }
	no_shadow
}
cylinder {
	<25.942356, 29.326508, 34.361206>,  <26.594501, 29.615698, 34.101513>, 0.130000
	pigment { color rgbt <1,0,0,0> }
	no_shadow
}

// nucleotide -1

// particle -1
sphere {
	<25.942356, 29.326508, 34.361206> 0.250000
	pigment { color rgbt <1,0,0,0> }
	no_shadow
}
cylinder {
	<25.831100, 29.568800, 34.063019>,  <25.764347, 29.714176, 33.884106>, 0.100000
	pigment { color rgbt <1,0,0,0> }
	no_shadow
}
cylinder {
	<25.831100, 29.568800, 34.063019>,  <25.942356, 29.326508, 34.361206>, 0.100000
	pigment { color rgbt <1,0,0,0> }
	no_shadow
}

// particle -1
sphere {
	<25.831100, 29.568800, 34.063019> 0.100000
	pigment { color rgbt <1,0,0,0> }
	no_shadow
}
sphere {
	0, 1
	scale<0.080000,0.200000,0.300000>
	matrix <-0.564743, -0.730909, -0.383193,
		-0.776985, 0.314419, 0.545376,
		-0.278137, 0.605733, -0.745471,
		25.747660, 29.750521, 33.839378>
	pigment { color rgbt <0,1,1,0> }
	no_shadow
}
cylinder {
	<25.226917, 29.183044, 34.217419>,  <25.942356, 29.326508, 34.361206>, 0.130000
	pigment { color rgbt <1,0,0,0> }
	no_shadow
}

// nucleotide -1

// particle -1
sphere {
	<25.226917, 29.183044, 34.217419> 0.250000
	pigment { color rgbt <1,0,0,0> }
	no_shadow
}
cylinder {
	<25.388721, 29.351431, 33.892662>,  <25.485804, 29.452463, 33.697807>, 0.100000
	pigment { color rgbt <1,0,0,0> }
	no_shadow
}
cylinder {
	<25.388721, 29.351431, 33.892662>,  <25.226917, 29.183044, 34.217419>, 0.100000
	pigment { color rgbt <1,0,0,0> }
	no_shadow
}

// particle -1
sphere {
	<25.388721, 29.351431, 33.892662> 0.100000
	pigment { color rgbt <1,0,0,0> }
	no_shadow
}
sphere {
	0, 1
	scale<0.080000,0.200000,0.300000>
	matrix <-0.375178, -0.733233, -0.567108,
		-0.834035, 0.534002, -0.138662,
		0.404509, 0.420964, -0.811888,
		25.510075, 29.477720, 33.649097>
	pigment { color rgbt <0,1,1,0> }
	no_shadow
}
cylinder {
	<24.998594, 28.748701, 33.667313>,  <25.226917, 29.183044, 34.217419>, 0.130000
	pigment { color rgbt <1,0,0,0> }
	no_shadow
}

// nucleotide -1

// particle -1
sphere {
	<24.998594, 28.748701, 33.667313> 0.250000
	pigment { color rgbt <1,0,0,0> }
	no_shadow
}
cylinder {
	<25.217514, 28.983414, 33.428600>,  <25.348866, 29.124241, 33.285374>, 0.100000
	pigment { color rgbt <1,0,0,0> }
	no_shadow
}
cylinder {
	<25.217514, 28.983414, 33.428600>,  <24.998594, 28.748701, 33.667313>, 0.100000
	pigment { color rgbt <1,0,0,0> }
	no_shadow
}

// particle -1
sphere {
	<25.217514, 28.983414, 33.428600> 0.100000
	pigment { color rgbt <1,0,0,0> }
	no_shadow
}
sphere {
	0, 1
	scale<0.080000,0.200000,0.300000>
	matrix <-0.061618, -0.682873, -0.727933,
		-0.834665, 0.435171, -0.337580,
		0.547300, 0.586780, -0.596785,
		25.381704, 29.159447, 33.249565>
	pigment { color rgbt <0,1,1,0> }
	no_shadow
}
cylinder {
	<24.744276, 28.909147, 32.985321>,  <24.998594, 28.748701, 33.667313>, 0.130000
	pigment { color rgbt <1,0,0,0> }
	no_shadow
}

// nucleotide -1

// particle -1
sphere {
	<24.744276, 28.909147, 32.985321> 0.250000
	pigment { color rgbt <1,0,0,0> }
	no_shadow
}
cylinder {
	<25.143768, 28.889162, 32.982750>,  <25.383463, 28.877171, 32.981209>, 0.100000
	pigment { color rgbt <1,0,0,0> }
	no_shadow
}
cylinder {
	<25.143768, 28.889162, 32.982750>,  <24.744276, 28.909147, 32.985321>, 0.100000
	pigment { color rgbt <1,0,0,0> }
	no_shadow
}

// particle -1
sphere {
	<25.143768, 28.889162, 32.982750> 0.100000
	pigment { color rgbt <1,0,0,0> }
	no_shadow
}
sphere {
	0, 1
	scale<0.080000,0.200000,0.300000>
	matrix <-0.024494, -0.370243, -0.928612,
		0.044018, 0.927590, -0.370997,
		0.998730, -0.049963, -0.006423,
		25.443388, 28.874174, 32.980824>
	pigment { color rgbt <0,1,1,0> }
	no_shadow
}
cylinder {
	<25.000313, 29.293205, 32.390907>,  <24.744276, 28.909147, 32.985321>, 0.130000
	pigment { color rgbt <1,0,0,0> }
	no_shadow
}

// nucleotide -1

// particle -1
sphere {
	<25.000313, 29.293205, 32.390907> 0.250000
	pigment { color rgbt <1,0,0,0> }
	no_shadow
}
cylinder {
	<25.203547, 28.968664, 32.506531>,  <25.325487, 28.773939, 32.575905>, 0.100000
	pigment { color rgbt <1,0,0,0> }
	no_shadow
}
cylinder {
	<25.203547, 28.968664, 32.506531>,  <25.000313, 29.293205, 32.390907>, 0.100000
	pigment { color rgbt <1,0,0,0> }
	no_shadow
}

// particle -1
sphere {
	<25.203547, 28.968664, 32.506531> 0.100000
	pigment { color rgbt <1,0,0,0> }
	no_shadow
}
sphere {
	0, 1
	scale<0.080000,0.200000,0.300000>
	matrix <-0.178832, -0.427667, -0.886070,
		0.842537, 0.398506, -0.362387,
		0.508085, -0.811353, 0.289060,
		25.355972, 28.725258, 32.593250>
	pigment { color rgbt <0,1,1,0> }
	no_shadow
}
cylinder {
	<25.516375, 29.863123, 32.627884>,  <25.000313, 29.293205, 32.390907>, 0.130000
	pigment { color rgbt <1,0,0,0> }
	no_shadow
}

// nucleotide -1

// particle -1
sphere {
	<25.516375, 29.863123, 32.627884> 0.250000
	pigment { color rgbt <1,0,0,0> }
	no_shadow
}
cylinder {
	<25.449951, 29.821815, 33.020161>,  <25.410097, 29.797031, 33.255527>, 0.100000
	pigment { color rgbt <1,0,0,0> }
	no_shadow
}
cylinder {
	<25.449951, 29.821815, 33.020161>,  <25.516375, 29.863123, 32.627884>, 0.100000
	pigment { color rgbt <1,0,0,0> }
	no_shadow
}

// particle -1
sphere {
	<25.449951, 29.821815, 33.020161> 0.100000
	pigment { color rgbt <1,0,0,0> }
	no_shadow
}
sphere {
	0, 1
	scale<0.080000,0.200000,0.300000>
