// switches for output
#declare DRAW_BASES = 1; // possible values are 0, 1; only relevant for DNA ribbons
#declare DRAW_BASES_TYPE = 3; // possible values are 1, 2, 3; only relevant for DNA ribbons
#declare DRAW_FOG = 0; // set to 1 to enable fog

#include "colors.inc"

#include "transforms.inc"
background { rgb <1, 1, 1>}

#default {
   normal{
       ripples 0.25
       frequency 0.20
       turbulence 0.2
       lambda 5
   }
	finish {
		phong 0.1
		phong_size 40.
	}
}

// original window dimensions: 1024x640


// camera settings

camera {
	sky <0, 0.179814, -0.983701>
	up <0, 0.179814, -0.983701>
	right 1.6 * <1, 0, 0>
	location <35, 94.9851, 44.8844>
	look_at <35, 29.7336, 32.9568>
	direction <0, -65.2515, -11.9276>
	angle 67.0682
}


# declare cpy_camera_pos = <35, 94.9851, 44.8844>;
# if (DRAW_FOG = 1)
fog {
	fog_type 2
	up vnormalize(cpy_camera_pos)
	color rgbt<1,1,1,0.3>
	distance 1e-5
	fog_alt 3e-3
	fog_offset 56
}
# end


// LIGHTS

# declare lum = 6;
global_settings {
	ambient_light rgb lum * <0.05, 0.05, 0.05>
	max_trace_level 15
}# declare cpy_direct_light_amount = 0.25;
light_source
{	1000 * <-1, -1.16352, -0.803886>,
	rgb lum * cpy_direct_light_amount
	parallel
}

light_source
{	1000 * <1, 1.16352, 0.803886>,
	rgb lum * cpy_direct_light_amount
	parallel
}

// strand 0

// nucleotide -1

// particle -1
sphere {
	<24.354280, 35.131271, 35.365852> 0.250000
	pigment { color rgbt <1,0,0,0> }
	no_shadow
}
cylinder {
	<24.266397, 34.964134, 35.013233>,  <24.213667, 34.863850, 34.801662>, 0.100000
	pigment { color rgbt <1,0,0,0> }
	no_shadow
}
cylinder {
	<24.266397, 34.964134, 35.013233>,  <24.354280, 35.131271, 35.365852>, 0.100000
	pigment { color rgbt <1,0,0,0> }
	no_shadow
}

// particle -1
sphere {
	<24.266397, 34.964134, 35.013233> 0.100000
	pigment { color rgbt <1,0,0,0> }
	no_shadow
}
sphere {
	0, 1
	scale<0.080000,0.200000,0.300000>
	matrix <0.956392, -0.270528, -0.110132,
		-0.192466, -0.867305, 0.459063,
		-0.219707, -0.417847, -0.881551,
		24.200485, 34.838779, 34.748768>
	pigment { color rgbt <0,1,1,0> }
	no_shadow
}
cylinder {
	<24.976675, 35.342361, 35.118912>,  <24.354280, 35.131271, 35.365852>, 0.130000
	pigment { color rgbt <1,0,0,0> }
	no_shadow
}

// nucleotide -1

// particle -1
sphere {
	<24.976675, 35.342361, 35.118912> 0.250000
	pigment { color rgbt <1,0,0,0> }
	no_shadow
}
cylinder {
	<25.350044, 35.283302, 35.249706>,  <25.574066, 35.247868, 35.328182>, 0.100000
	pigment { color rgbt <1,0,0,0> }
	no_shadow
}
cylinder {
	<25.350044, 35.283302, 35.249706>,  <24.976675, 35.342361, 35.118912>, 0.100000
	pigment { color rgbt <1,0,0,0> }
	no_shadow
}

// particle -1
sphere {
	<25.350044, 35.283302, 35.249706> 0.100000
	pigment { color rgbt <1,0,0,0> }
	no_shadow
}
sphere {
	0, 1
	scale<0.080000,0.200000,0.300000>
	matrix <-0.018642, 0.890208, 0.455173,
		-0.358290, -0.430966, 0.828189,
		0.933424, -0.147645, 0.326987,
		25.630072, 35.239010, 35.347801>
	pigment { color rgbt <0,1,1,0> }
	no_shadow
}
cylinder {
	<25.079262, 35.300087, 35.942020>,  <24.976675, 35.342361, 35.118912>, 0.130000
	pigment { color rgbt <1,0,0,0> }
	no_shadow
}

// nucleotide -1

// particle -1
sphere {
	<25.079262, 35.300087, 35.942020> 0.250000
	pigment { color rgbt <1,0,0,0> }
	no_shadow
}
cylinder {
	<25.363056, 35.464741, 35.713219>,  <25.533333, 35.563534, 35.575935>, 0.100000
	pigment { color rgbt <1,0,0,0> }
	no_shadow
}
cylinder {
	<25.363056, 35.464741, 35.713219>,  <25.079262, 35.300087, 35.942020>, 0.100000
	pigment { color rgbt <1,0,0,0> }
	no_shadow
}

// particle -1
sphere {
	<25.363056, 35.464741, 35.713219> 0.100000
	pigment { color rgbt <1,0,0,0> }
	no_shadow
}
sphere {
	0, 1
	scale<0.080000,0.200000,0.300000>
	matrix <-0.182591, 0.891333, 0.414953,
		0.680655, -0.189959, 0.707548,
		0.709485, 0.411632, -0.572006,
		25.575901, 35.588230, 35.541618>
	pigment { color rgbt <0,1,1,0> }
	no_shadow
}
cylinder {
	<25.426304, 35.770298, 36.365948>,  <25.079262, 35.300087, 35.942020>, 0.130000
	pigment { color rgbt <1,0,0,0> }
	no_shadow
}

// nucleotide -1

// particle -1
sphere {
	<25.426304, 35.770298, 36.365948> 0.250000
	pigment { color rgbt <1,0,0,0> }
	no_shadow
}
cylinder {
	<25.563093, 35.906693, 36.015682>,  <25.645166, 35.988529, 35.805523>, 0.100000
	pigment { color rgbt <1,0,0,0> }
	no_shadow
}
cylinder {
	<25.563093, 35.906693, 36.015682>,  <25.426304, 35.770298, 36.365948>, 0.100000
	pigment { color rgbt <1,0,0,0> }
	no_shadow
}

// particle -1
sphere {
	<25.563093, 35.906693, 36.015682> 0.100000
	pigment { color rgbt <1,0,0,0> }
	no_shadow
}
sphere {
	0, 1
	scale<0.080000,0.200000,0.300000>
	matrix <-0.257124, 0.930234, 0.261824,
		0.903847, 0.135615, 0.405793,
		0.341975, 0.340988, -0.875660,
		25.665686, 36.008987, 35.752983>
	pigment { color rgbt <0,1,1,0> }
	no_shadow
}
cylinder {
	<25.913902, 36.269337, 36.603138>,  <25.426304, 35.770298, 36.365948>, 0.130000
	pigment { color rgbt <1,0,0,0> }
	no_shadow
}

// nucleotide -1

// particle -1
sphere {
	<25.913902, 36.269337, 36.603138> 0.250000
	pigment { color rgbt <1,0,0,0> }
	no_shadow
}
cylinder {
	<25.809593, 36.352470, 36.226032>,  <25.747007, 36.402351, 35.999771>, 0.100000
	pigment { color rgbt <1,0,0,0> }
	no_shadow
}
cylinder {
	<25.809593, 36.352470, 36.226032>,  <25.913902, 36.269337, 36.603138>, 0.100000
	pigment { color rgbt <1,0,0,0> }
	no_shadow
}

// particle -1
sphere {
	<25.809593, 36.352470, 36.226032> 0.100000
	pigment { color rgbt <1,0,0,0> }
	no_shadow
}
sphere {
	0, 1
	scale<0.080000,0.200000,0.300000>
	matrix <-0.400977, 0.865014, 0.301609,
		0.878188, 0.456678, -0.142234,
		-0.260773, 0.207837, -0.942763,
		25.731361, 36.414822, 35.943203>
	pigment { color rgbt <0,1,1,0> }
	no_shadow
}
cylinder {
	<26.117851, 36.955742, 36.542389>,  <25.913902, 36.269337, 36.603138>, 0.130000
	pigment { color rgbt <1,0,0,0> }
	no_shadow
}

// nucleotide -1

// particle -1
sphere {
	<26.117851, 36.955742, 36.542389> 0.250000
	pigment { color rgbt <1,0,0,0> }
	no_shadow
}
cylinder {
	<25.818281, 36.875778, 36.289677>,  <25.638540, 36.827801, 36.138050>, 0.100000
	pigment { color rgbt <1,0,0,0> }
	no_shadow
}
cylinder {
	<25.818281, 36.875778, 36.289677>,  <26.117851, 36.955742, 36.542389>, 0.100000
	pigment { color rgbt <1,0,0,0> }
	no_shadow
}

// particle -1
sphere {
	<25.818281, 36.875778, 36.289677> 0.100000
	pigment { color rgbt <1,0,0,0> }
	no_shadow
}
sphere {
	0, 1
	scale<0.080000,0.200000,0.300000>
	matrix <-0.448732, 0.854540, 0.261535,
		0.487599, 0.479371, -0.729693,
		-0.748924, -0.199913, -0.631782,
		25.593605, 36.815804, 36.100143>
	pigment { color rgbt <0,1,1,0> }
	no_shadow
}
cylinder {
	<25.933176, 37.592087, 36.180935>,  <26.117851, 36.955742, 36.542389>, 0.130000
	pigment { color rgbt <1,0,0,0> }
	no_shadow
}

// nucleotide -1

// particle -1
sphere {
	<25.933176, 37.592087, 36.180935> 0.250000
	pigment { color rgbt <1,0,0,0> }
	no_shadow
}
cylinder {
	<25.604816, 37.372013, 36.119720>,  <25.407801, 37.239967, 36.082993>, 0.100000
	pigment { color rgbt <1,0,0,0> }
	no_shadow
}
cylinder {
	<25.604816, 37.372013, 36.119720>,  <25.933176, 37.592087, 36.180935>, 0.100000
	pigment { color rgbt <1,0,0,0> }
	no_shadow
}

// particle -1
sphere {
	<25.604816, 37.372013, 36.119720> 0.100000
	pigment { color rgbt <1,0,0,0> }
	no_shadow
}
sphere {
	0, 1
	scale<0.080000,0.200000,0.300000>
	matrix <-0.568740, 0.811847, 0.132060,
		0.051582, 0.195445, -0.979357,
		-0.820899, -0.550187, -0.153034,
		25.358547, 37.206959, 36.073811>
	pigment { color rgbt <0,1,1,0> }
	no_shadow
}
cylinder {
	<25.647800, 37.683304, 35.428425>,  <25.933176, 37.592087, 36.180935>, 0.130000
	pigment { color rgbt <1,0,0,0> }
	no_shadow
}

// nucleotide -1

// particle -1
sphere {
	<25.647800, 37.683304, 35.428425> 0.250000
	pigment { color rgbt <1,0,0,0> }
	no_shadow
}
cylinder {
	<25.348236, 37.650421, 35.691444>,  <25.168497, 37.630692, 35.849258>, 0.100000
	pigment { color rgbt <1,0,0,0> }
	no_shadow
}
cylinder {
	<25.348236, 37.650421, 35.691444>,  <25.647800, 37.683304, 35.428425>, 0.100000
	pigment { color rgbt <1,0,0,0> }
	no_shadow
}

// particle -1
sphere {
	<25.348236, 37.650421, 35.691444> 0.100000
	pigment { color rgbt <1,0,0,0> }
	no_shadow
}
sphere {
	0, 1
	scale<0.080000,0.200000,0.300000>
	matrix <-0.147131, 0.988137, -0.044032,
		-0.646132, -0.129722, -0.752120,
		-0.748910, -0.082210, 0.657553,
		25.123564, 37.625759, 35.888710>
	pigment { color rgbt <0,1,1,0> }
	no_shadow
}
cylinder {
	<25.298828, 38.238094, 35.266796>,  <25.647800, 37.683304, 35.428425>, 0.130000
	pigment { color rgbt <1,0,0,0> }
	no_shadow
}

// nucleotide -1

// particle -1
sphere {
	<25.298828, 38.238094, 35.266796> 0.250000
	pigment { color rgbt <1,0,0,0> }
	no_shadow
}
cylinder {
	<25.177351, 38.121647, 35.629681>,  <25.104465, 38.051781, 35.847412>, 0.100000
	pigment { color rgbt <1,0,0,0> }
	no_shadow
}
cylinder {
	<25.177351, 38.121647, 35.629681>,  <25.298828, 38.238094, 35.266796>, 0.100000
	pigment { color rgbt <1,0,0,0> }
	no_shadow
}

// particle -1
sphere {
	<25.177351, 38.121647, 35.629681> 0.100000
	pigment { color rgbt <1,0,0,0> }
	no_shadow
}
sphere {
	0, 1
	scale<0.080000,0.200000,0.300000>
	matrix <-0.147100, 0.955087, 0.257236,
		-0.941346, -0.055330, -0.332875,
		-0.303692, -0.291114, 0.907207,
		25.086243, 38.034313, 35.901844>
	pigment { color rgbt <0,1,1,0> }
	no_shadow
}
cylinder {
	<24.647175, 38.690468, 35.502872>,  <25.298828, 38.238094, 35.266796>, 0.130000
	pigment { color rgbt <1,0,0,0> }
	no_shadow
}

// nucleotide -1

// particle -1
sphere {
	<24.647175, 38.690468, 35.502872> 0.250000
	pigment { color rgbt <1,0,0,0> }
	no_shadow
}
cylinder {
	<24.792057, 38.539242, 35.843666>,  <24.878986, 38.448505, 36.048141>, 0.100000
	pigment { color rgbt <1,0,0,0> }
	no_shadow
}
cylinder {
	<24.792057, 38.539242, 35.843666>,  <24.647175, 38.690468, 35.502872>, 0.100000
	pigment { color rgbt <1,0,0,0> }
	no_shadow
}

// particle -1
sphere {
	<24.792057, 38.539242, 35.843666> 0.100000
	pigment { color rgbt <1,0,0,0> }
	no_shadow
}
sphere {
	0, 1
	scale<0.080000,0.200000,0.300000>
	matrix <0.046370, 0.920224, 0.388635,
		-0.930943, -0.101260, 0.350843,
		0.362207, -0.378065, 0.851981,
		24.900719, 38.425823, 36.099262>
	pigment { color rgbt <0,1,1,0> }
	no_shadow
}
cylinder {
	<24.404760, 39.117275, 35.954010>,  <24.647175, 38.690468, 35.502872>, 0.130000
	pigment { color rgbt <1,0,0,0> }
	no_shadow
}

// nucleotide -1

// particle -1
sphere {
	<24.404760, 39.117275, 35.954010> 0.250000
	pigment { color rgbt <1,0,0,0> }
	no_shadow
}
cylinder {
	<24.700384, 38.923828, 36.141590>,  <24.877758, 38.807762, 36.254139>, 0.100000
	pigment { color rgbt <1,0,0,0> }
	no_shadow
}
cylinder {
	<24.700384, 38.923828, 36.141590>,  <24.404760, 39.117275, 35.954010>, 0.100000
	pigment { color rgbt <1,0,0,0> }
	no_shadow
}

// particle -1
sphere {
	<24.700384, 38.923828, 36.141590> 0.100000
	pigment { color rgbt <1,0,0,0> }
	no_shadow
}
sphere {
	0, 1
	scale<0.080000,0.200000,0.300000>
	matrix <0.343206, 0.869330, 0.355633,
		-0.579659, -0.101888, 0.808464,
		0.739057, -0.483616, 0.468946,
		24.922102, 38.778744, 36.282272>
	pigment { color rgbt <0,1,1,0> }
	no_shadow
}
cylinder {
	<24.380964, 39.477436, 36.551167>,  <24.404760, 39.117275, 35.954010>, 0.130000
	pigment { color rgbt <1,0,0,0> }
	no_shadow
}

// nucleotide -1

// particle -1
sphere {
	<24.380964, 39.477436, 36.551167> 0.250000
	pigment { color rgbt <1,0,0,0> }
	no_shadow
}
cylinder {
	<24.739712, 39.302242, 36.526512>,  <24.954960, 39.197128, 36.511719>, 0.100000
	pigment { color rgbt <1,0,0,0> }
	no_shadow
}
cylinder {
	<24.739712, 39.302242, 36.526512>,  <24.380964, 39.477436, 36.551167>, 0.100000
	pigment { color rgbt <1,0,0,0> }
	no_shadow
}

// particle -1
sphere {
	<24.739712, 39.302242, 36.526512> 0.100000
	pigment { color rgbt <1,0,0,0> }
	no_shadow
}
sphere {
	0, 1
	scale<0.080000,0.200000,0.300000>
	matrix <0.434813, 0.847563, 0.304260,
		-0.081021, -0.299682, 0.950592,
		0.896868, -0.437982, -0.061635,
		25.008772, 39.170849, 36.508022>
	pigment { color rgbt <0,1,1,0> }
	no_shadow
}
cylinder {
	<24.767523, 40.000755, 36.762291>,  <24.380964, 39.477436, 36.551167>, 0.130000
	pigment { color rgbt <1,0,0,0> }
	no_shadow
}

// nucleotide -1

// particle -1
sphere {
	<24.767523, 40.000755, 36.762291> 0.250000
	pigment { color rgbt <1,0,0,0> }
	no_shadow
}
cylinder {
	<25.162422, 40.062717, 36.776974>,  <25.399363, 40.099895, 36.785786>, 0.100000
	pigment { color rgbt <1,0,0,0> }
	no_shadow
}
cylinder {
	<25.162422, 40.062717, 36.776974>,  <24.767523, 40.000755, 36.762291>, 0.100000
	pigment { color rgbt <1,0,0,0> }
	no_shadow
}

// particle -1
sphere {
	<25.162422, 40.062717, 36.776974> 0.100000
	pigment { color rgbt <1,0,0,0> }
	no_shadow
}
sphere {
	0, 1
	scale<0.080000,0.200000,0.300000>
	matrix <0.159036, -0.969906, -0.184362,
		0.007046, 0.187849, -0.982173,
		0.987248, 0.154902, 0.036709,
		25.458597, 40.109188, 36.787987>
	pigment { color rgbt <0,1,1,0> }
	no_shadow
}
cylinder {
	<25.167530, 39.648064, 36.197662>,  <24.767523, 40.000755, 36.762291>, 0.130000
	pigment { color rgbt <1,0,0,0> }
	no_shadow
}

// nucleotide -1

// particle -1
sphere {
	<25.167530, 39.648064, 36.197662> 0.250000
	pigment { color rgbt <1,0,0,0> }
	no_shadow
}
cylinder {
	<25.396797, 39.681568, 36.523720>,  <25.534357, 39.701672, 36.719357>, 0.100000
	pigment { color rgbt <1,0,0,0> }
	no_shadow
}
cylinder {
	<25.396797, 39.681568, 36.523720>,  <25.167530, 39.648064, 36.197662>, 0.100000
	pigment { color rgbt <1,0,0,0> }
	no_shadow
}

// particle -1
sphere {
	<25.396797, 39.681568, 36.523720> 0.100000
	pigment { color rgbt <1,0,0,0> }
	no_shadow
}
sphere {
	0, 1
	scale<0.080000,0.200000,0.300000>
	matrix <0.323294, -0.937184, -0.131026,
		0.752969, 0.338632, -0.564240,
		0.573166, 0.083757, 0.815148,
		25.568747, 39.706696, 36.768265>
	pigment { color rgbt <0,1,1,0> }
	no_shadow
}
cylinder {
	<25.940523, 39.354897, 36.081253>,  <25.167530, 39.648064, 36.197662>, 0.130000
	pigment { color rgbt <1,0,0,0> }
	no_shadow
}

// nucleotide -1

// particle -1
sphere {
	<25.940523, 39.354897, 36.081253> 0.250000
	pigment { color rgbt <1,0,0,0> }
	no_shadow
}
cylinder {
	<25.709946, 39.348907, 36.408054>,  <25.571600, 39.345314, 36.604134>, 0.100000
	pigment { color rgbt <1,0,0,0> }
	no_shadow
}
cylinder {
	<25.709946, 39.348907, 36.408054>,  <25.940523, 39.354897, 36.081253>, 0.100000
	pigment { color rgbt <1,0,0,0> }
	no_shadow
}

// particle -1
sphere {
	<25.709946, 39.348907, 36.408054> 0.100000
	pigment { color rgbt <1,0,0,0> }
	no_shadow
}
sphere {
	0, 1
	scale<0.080000,0.200000,0.300000>
	matrix <-0.107105, -0.989822, -0.093704,
		0.810088, -0.141520, 0.568972,
		-0.576442, -0.014968, 0.817001,
		25.537012, 39.344418, 36.653156>
	pigment { color rgbt <0,1,1,0> }
	no_shadow
}
cylinder {
	<26.193159, 38.794006, 36.691402>,  <25.940523, 39.354897, 36.081253>, 0.130000
	pigment { color rgbt <1,0,0,0> }
	no_shadow
}

// nucleotide -1

// particle -1
sphere {
	<26.193159, 38.794006, 36.691402> 0.250000
	pigment { color rgbt <1,0,0,0> }
	no_shadow
}
cylinder {
	<25.801533, 38.874996, 36.683033>,  <25.566557, 38.923592, 36.678013>, 0.100000
	pigment { color rgbt <1,0,0,0> }
	no_shadow
}
cylinder {
	<25.801533, 38.874996, 36.683033>,  <26.193159, 38.794006, 36.691402>, 0.100000
	pigment { color rgbt <1,0,0,0> }
	no_shadow
}

// particle -1
sphere {
	<25.801533, 38.874996, 36.683033> 0.100000
	pigment { color rgbt <1,0,0,0> }
	no_shadow
}
sphere {
	0, 1
	scale<0.080000,0.200000,0.300000>
	matrix <-0.192299, -0.953737, -0.231099,
		-0.066748, -0.222237, 0.972705,
		-0.979064, 0.202475, -0.020924,
		25.507814, 38.935738, 36.676754>
	pigment { color rgbt <0,1,1,0> }
	no_shadow
}
cylinder {
	<25.863985, 38.206509, 36.989376>,  <26.193159, 38.794006, 36.691402>, 0.130000
	pigment { color rgbt <1,0,0,0> }
	no_shadow
}

// nucleotide -1

// particle -1
sphere {
	<25.863985, 38.206509, 36.989376> 0.250000
	pigment { color rgbt <1,0,0,0> }
	no_shadow
}
cylinder {
	<25.577753, 38.376564, 36.767673>,  <25.406013, 38.478596, 36.634651>, 0.100000
	pigment { color rgbt <1,0,0,0> }
	no_shadow
}
cylinder {
	<25.577753, 38.376564, 36.767673>,  <25.863985, 38.206509, 36.989376>, 0.100000
	pigment { color rgbt <1,0,0,0> }
	no_shadow
}

// particle -1
sphere {
	<25.577753, 38.376564, 36.767673> 0.100000
	pigment { color rgbt <1,0,0,0> }
	no_shadow
}
sphere {
	0, 1
	scale<0.080000,0.200000,0.300000>
	matrix <-0.347746, -0.904964, -0.245179,
		-0.605818, 0.017295, 0.795416,
		-0.715582, 0.425137, -0.554258,
		25.363079, 38.504105, 36.601395>
	pigment { color rgbt <0,1,1,0> }
	no_shadow
}
cylinder {
	<25.243811, 37.873470, 37.227291>,  <25.863985, 38.206509, 36.989376>, 0.130000
	pigment { color rgbt <1,0,0,0> }
	no_shadow
}

// nucleotide -1

// particle -1
sphere {
	<25.243811, 37.873470, 37.227291> 0.250000
	pigment { color rgbt <1,0,0,0> }
	no_shadow
}
cylinder {
	<25.177732, 38.056664, 36.877899>,  <25.138086, 38.166580, 36.668266>, 0.100000
	pigment { color rgbt <1,0,0,0> }
	no_shadow
}
cylinder {
	<25.177732, 38.056664, 36.877899>,  <25.243811, 37.873470, 37.227291>, 0.100000
	pigment { color rgbt <1,0,0,0> }
	no_shadow
}

// particle -1
sphere {
	<25.177732, 38.056664, 36.877899> 0.100000
	pigment { color rgbt <1,0,0,0> }
	no_shadow
}
sphere {
	0, 1
	scale<0.080000,0.200000,0.300000>
	matrix <-0.421523, -0.833466, -0.357286,
		-0.891644, 0.309170, 0.330734,
		-0.165193, 0.457984, -0.873477,
		25.128174, 38.194057, 36.615856>
	pigment { color rgbt <0,1,1,0> }
	no_shadow
}
cylinder {
	<24.503492, 37.781548, 37.114189>,  <25.243811, 37.873470, 37.227291>, 0.130000
	pigment { color rgbt <1,0,0,0> }
	no_shadow
}

// nucleotide -1

// particle -1
sphere {
	<24.503492, 37.781548, 37.114189> 0.250000
	pigment { color rgbt <1,0,0,0> }
	no_shadow
}
cylinder {
	<24.680325, 37.848541, 36.761707>,  <24.786425, 37.888737, 36.550220>, 0.100000
	pigment { color rgbt <1,0,0,0> }
	no_shadow
}
cylinder {
	<24.680325, 37.848541, 36.761707>,  <24.503492, 37.781548, 37.114189>, 0.100000
	pigment { color rgbt <1,0,0,0> }
	no_shadow
}

// particle -1
sphere {
	<24.680325, 37.848541, 36.761707> 0.100000
	pigment { color rgbt <1,0,0,0> }
	no_shadow
}
sphere {
	0, 1
	scale<0.080000,0.200000,0.300000>
	matrix <-0.373494, -0.858823, -0.350608,
		-0.815516, 0.484120, -0.317114,
		0.442081, 0.167486, -0.881200,
		24.812948, 37.898788, 36.497349>
	pigment { color rgbt <0,1,1,0> }
	no_shadow
}
cylinder {
	<24.037201, 37.493671, 36.608501>,  <24.503492, 37.781548, 37.114189>, 0.130000
	pigment { color rgbt <1,0,0,0> }
	no_shadow
}

// nucleotide -1

// particle -1
sphere {
	<24.037201, 37.493671, 36.608501> 0.250000
	pigment { color rgbt <1,0,0,0> }
	no_shadow
}
cylinder {
	<24.381971, 37.541035, 36.411297>,  <24.588833, 37.569454, 36.292973>, 0.100000
	pigment { color rgbt <1,0,0,0> }
	no_shadow
}
cylinder {
	<24.381971, 37.541035, 36.411297>,  <24.037201, 37.493671, 36.608501>, 0.100000
	pigment { color rgbt <1,0,0,0> }
	no_shadow
}

// particle -1
sphere {
	<24.381971, 37.541035, 36.411297> 0.100000
	pigment { color rgbt <1,0,0,0> }
	no_shadow
}
sphere {
	0, 1
	scale<0.080000,0.200000,0.300000>
	matrix <-0.137286, -0.881525, -0.451737,
		-0.488093, 0.457048, -0.743554,
		0.861927, 0.118410, -0.493013,
		24.640549, 37.576557, 36.263393>
	pigment { color rgbt <0,1,1,0> }
	no_shadow
}
cylinder {
	<24.028296, 37.117966, 36.069611>,  <24.037201, 37.493671, 36.608501>, 0.130000
	pigment { color rgbt <1,0,0,0> }
	no_shadow
}

// nucleotide -1

// particle -1
sphere {
	<24.028296, 37.117966, 36.069611> 0.250000
	pigment { color rgbt <1,0,0,0> }
	no_shadow
}
cylinder {
	<24.421732, 37.189747, 36.062202>,  <24.657793, 37.232815, 36.057758>, 0.100000
	pigment { color rgbt <1,0,0,0> }
	no_shadow
}
cylinder {
	<24.421732, 37.189747, 36.062202>,  <24.028296, 37.117966, 36.069611>, 0.100000
	pigment { color rgbt <1,0,0,0> }
	no_shadow
}

// particle -1
sphere {
	<24.421732, 37.189747, 36.062202> 0.100000
	pigment { color rgbt <1,0,0,0> }
	no_shadow
}
sphere {
	0, 1
	scale<0.080000,0.200000,0.300000>
	matrix <0.152321, -0.881080, -0.447768,
		-0.096674, 0.437599, -0.893958,
		0.983592, 0.179456, -0.018522,
		24.716810, 37.243584, 36.056644>
	pigment { color rgbt <0,1,1,0> }
	no_shadow
}
cylinder {
	<24.259272, 36.544041, 35.779449>,  <24.028296, 37.117966, 36.069611>, 0.130000
	pigment { color rgbt <1,0,0,0> }
	no_shadow
}

// nucleotide -1

// particle -1
sphere {
	<24.259272, 36.544041, 35.779449> 0.250000
	pigment { color rgbt <1,0,0,0> }
	no_shadow
}
cylinder {
	<24.594814, 36.753281, 35.839699>,  <24.796139, 36.878826, 35.875851>, 0.100000
	pigment { color rgbt <1,0,0,0> }
	no_shadow
}
cylinder {
	<24.594814, 36.753281, 35.839699>,  <24.259272, 36.544041, 35.779449>, 0.100000
	pigment { color rgbt <1,0,0,0> }
	no_shadow
}

// particle -1
sphere {
	<24.594814, 36.753281, 35.839699> 0.100000
	pigment { color rgbt <1,0,0,0> }
	no_shadow
}
sphere {
	0, 1
	scale<0.080000,0.200000,0.300000>
	matrix <0.517630, -0.680892, -0.518117,
		-0.168465, 0.512595, -0.841941,
		0.838856, 0.523099, 0.150628,
		24.846472, 36.910210, 35.884888>
	pigment { color rgbt <0,1,1,0> }
	no_shadow
}
cylinder {
	<24.588821, 36.536121, 35.191288>,  <24.259272, 36.544041, 35.779449>, 0.130000
	pigment { color rgbt <1,0,0,0> }
	no_shadow
}

// nucleotide -1

// particle -1
sphere {
	<24.588821, 36.536121, 35.191288> 0.250000
	pigment { color rgbt <1,0,0,0> }
	no_shadow
}
cylinder {
	<24.889761, 36.612473, 35.443489>,  <25.070324, 36.658283, 35.594810>, 0.100000
	pigment { color rgbt <1,0,0,0> }
	no_shadow
}
cylinder {
	<24.889761, 36.612473, 35.443489>,  <24.588821, 36.536121, 35.191288>, 0.100000
	pigment { color rgbt <1,0,0,0> }
	no_shadow
}

// particle -1
sphere {
	<24.889761, 36.612473, 35.443489> 0.100000
	pigment { color rgbt <1,0,0,0> }
	no_shadow
}
sphere {
	0, 1
	scale<0.080000,0.200000,0.300000>
	matrix <0.532160, -0.740247, -0.410902,
		0.388300, 0.644672, -0.658499,
		0.752349, 0.190874, 0.630506,
		25.115465, 36.669735, 35.632641>
	pigment { color rgbt <0,1,1,0> }
	no_shadow
}
cylinder {
	<24.968086, 37.148125, 35.266510>,  <24.588821, 36.536121, 35.191288>, 0.130000
	pigment { color rgbt <1,0,0,0> }
	no_shadow
}

// nucleotide -1

// particle -1
sphere {
	<24.968086, 37.148125, 35.266510> 0.250000
	pigment { color rgbt <1,0,0,0> }
	no_shadow
}
cylinder {
	<25.289642, 37.045326, 35.481064>,  <25.482576, 36.983646, 35.609798>, 0.100000
	pigment { color rgbt <1,0,0,0> }
	no_shadow
}
cylinder {
	<25.289642, 37.045326, 35.481064>,  <24.968086, 37.148125, 35.266510>, 0.100000
	pigment { color rgbt <1,0,0,0> }
	no_shadow
}

// particle -1
sphere {
	<25.289642, 37.045326, 35.481064> 0.100000
	pigment { color rgbt <1,0,0,0> }
	no_shadow
}
sphere {
	0, 1
	scale<0.080000,0.200000,0.300000>
	matrix <0.186088, -0.747876, -0.637222,
		0.564917, 0.612072, -0.553386,
		0.803890, -0.256999, 0.536388,
		25.530809, 36.968227, 35.641979>
	pigment { color rgbt <0,1,1,0> }
	no_shadow
}
cylinder {
	<25.476944, 36.835281, 34.745621>,  <24.968086, 37.148125, 35.266510>, 0.130000
	pigment { color rgbt <1,0,0,0> }
	no_shadow
}

// nucleotide -1

// particle -1
sphere {
	<25.476944, 36.835281, 34.745621> 0.250000
	pigment { color rgbt <1,0,0,0> }
	no_shadow
}
cylinder {
	<25.555454, 36.691841, 35.110672>,  <25.602560, 36.605778, 35.329700>, 0.100000
	pigment { color rgbt <1,0,0,0> }
	no_shadow
}
cylinder {
	<25.555454, 36.691841, 35.110672>,  <25.476944, 36.835281, 34.745621>, 0.100000
	pigment { color rgbt <1,0,0,0> }
	no_shadow
}

// particle -1
sphere {
	<25.555454, 36.691841, 35.110672> 0.100000
	pigment { color rgbt <1,0,0,0> }
	no_shadow
}
sphere {
	0, 1
	scale<0.080000,0.200000,0.300000>
	matrix <0.277880, -0.872230, -0.402490,
		0.940351, 0.332598, -0.071548,
		0.196274, -0.358600, 0.912624,
		25.614336, 36.584263, 35.384460>
	pigment { color rgbt <0,1,1,0> }
	no_shadow
}
cylinder {
	<26.174444, 36.561401, 34.692829>,  <25.476944, 36.835281, 34.745621>, 0.130000
	pigment { color rgbt <1,0,0,0> }
	no_shadow
}

// nucleotide -1

// particle -1
sphere {
	<26.174444, 36.561401, 34.692829> 0.250000
	pigment { color rgbt <1,0,0,0> }
	no_shadow
}
cylinder {
	<25.980650, 36.388084, 34.996811>,  <25.864374, 36.284096, 35.179199>, 0.100000
	pigment { color rgbt <1,0,0,0> }
	no_shadow
}
cylinder {
	<25.980650, 36.388084, 34.996811>,  <26.174444, 36.561401, 34.692829>, 0.100000
	pigment { color rgbt <1,0,0,0> }
	no_shadow
}

// particle -1
sphere {
	<25.980650, 36.388084, 34.996811> 0.100000
	pigment { color rgbt <1,0,0,0> }
	no_shadow
}
sphere {
	0, 1
	scale<0.080000,0.200000,0.300000>
	matrix <0.332961, -0.894669, -0.297832,
		0.808956, 0.108740, 0.577725,
		-0.484486, -0.433293, 0.759954,
		25.835304, 36.258095, 35.224796>
	pigment { color rgbt <0,1,1,0> }
	no_shadow
}
cylinder {
	<26.610626, 36.161625, 35.088497>,  <26.174444, 36.561401, 34.692829>, 0.130000
	pigment { color rgbt <1,0,0,0> }
	no_shadow
}

// nucleotide -1

// particle -1
sphere {
	<26.610626, 36.161625, 35.088497> 0.250000
	pigment { color rgbt <1,0,0,0> }
	no_shadow
}
cylinder {
	<26.251905, 36.006165, 35.173065>,  <26.036673, 35.912888, 35.223804>, 0.100000
	pigment { color rgbt <1,0,0,0> }
	no_shadow
}
cylinder {
	<26.251905, 36.006165, 35.173065>,  <26.610626, 36.161625, 35.088497>, 0.100000
	pigment { color rgbt <1,0,0,0> }
	no_shadow
}

// particle -1
sphere {
	<26.251905, 36.006165, 35.173065> 0.100000
	pigment { color rgbt <1,0,0,0> }
	no_shadow
}
sphere {
	0, 1
	scale<0.080000,0.200000,0.300000>
	matrix <0.381471, -0.921295, -0.075468,
		0.224111, 0.012970, 0.974477,
		-0.896802, -0.388648, 0.211420,
		25.982864, 35.889568, 35.236492>
	pigment { color rgbt <0,1,1,0> }
	no_shadow
}
cylinder {
	<26.346867, 35.613571, 35.509762>,  <26.610626, 36.161625, 35.088497>, 0.130000
	pigment { color rgbt <1,0,0,0> }
	no_shadow
}

// nucleotide -1

// particle -1
sphere {
	<26.346867, 35.613571, 35.509762> 0.250000
	pigment { color rgbt <1,0,0,0> }
	no_shadow
}
cylinder {
	<26.260290, 35.408077, 35.177681>,  <26.208345, 35.284779, 34.978432>, 0.100000
	pigment { color rgbt <1,0,0,0> }
	no_shadow
}
cylinder {
	<26.260290, 35.408077, 35.177681>,  <26.346867, 35.613571, 35.509762>, 0.100000
	pigment { color rgbt <1,0,0,0> }
	no_shadow
}

// particle -1
sphere {
	<26.260290, 35.408077, 35.177681> 0.100000
	pigment { color rgbt <1,0,0,0> }
	no_shadow
}
sphere {
	0, 1
	scale<0.080000,0.200000,0.300000>
	matrix <-0.662299, -0.547504, 0.511468,
		-0.717297, 0.660541, -0.221746,
		-0.216439, -0.513737, -0.830198,
		26.195358, 35.253956, 34.928623>
	pigment { color rgbt <0,1,1,0> }
	no_shadow
}
cylinder {
	<26.858252, 35.329361, 35.741722>,  <26.346867, 35.613571, 35.509762>, 0.130000
	pigment { color rgbt <1,0,0,0> }
	no_shadow
}

// nucleotide -1

// particle -1
sphere {
	<26.858252, 35.329361, 35.741722> 0.250000
	pigment { color rgbt <1,0,0,0> }
	no_shadow
}
cylinder {
	<26.531214, 35.168221, 35.577164>,  <26.334991, 35.071537, 35.478428>, 0.100000
	pigment { color rgbt <1,0,0,0> }
	no_shadow
}
cylinder {
	<26.531214, 35.168221, 35.577164>,  <26.858252, 35.329361, 35.741722>, 0.100000
	pigment { color rgbt <1,0,0,0> }
	no_shadow
}

// particle -1
sphere {
	<26.531214, 35.168221, 35.577164> 0.100000
	pigment { color rgbt <1,0,0,0> }
	no_shadow
}
sphere {
	0, 1
	scale<0.080000,0.200000,0.300000>
	matrix <0.465113, -0.040892, -0.884307,
		0.339422, -0.914351, 0.220805,
		-0.817596, -0.402852, -0.411397,
		26.285934, 35.047363, 35.453743>
	pigment { color rgbt <0,1,1,0> }
	no_shadow
}
cylinder {
	<27.046490, 34.688496, 35.607182>,  <26.858252, 35.329361, 35.741722>, 0.130000
	pigment { color rgbt <1,0,0,0> }
	no_shadow
}

// nucleotide -1

// particle -1
sphere {
	<27.046490, 34.688496, 35.607182> 0.250000
	pigment { color rgbt <1,0,0,0> }
	no_shadow
}
cylinder {
	<26.749544, 34.773117, 35.352894>,  <26.571377, 34.823891, 35.200321>, 0.100000
	pigment { color rgbt <1,0,0,0> }
	no_shadow
}
cylinder {
	<26.749544, 34.773117, 35.352894>,  <27.046490, 34.688496, 35.607182>, 0.100000
	pigment { color rgbt <1,0,0,0> }
	no_shadow
}

// particle -1
sphere {
	<26.749544, 34.773117, 35.352894> 0.100000
	pigment { color rgbt <1,0,0,0> }
	no_shadow
}
sphere {
	0, 1
	scale<0.080000,0.200000,0.300000>
	matrix <0.605638, -0.193879, -0.771760,
		-0.286524, -0.957943, 0.015802,
		-0.742366, 0.211558, -0.635717,
		26.526834, 34.836582, 35.162178>
	pigment { color rgbt <0,1,1,0> }
	no_shadow
}
cylinder {
	<27.544247, 34.474560, 36.285130>,  <27.046490, 34.688496, 35.607182>, 0.130000
	pigment { color rgbt <1,0,0,0> }
	no_shadow
}

// nucleotide -1

// particle -1
sphere {
	<27.544247, 34.474560, 36.285130> 0.250000
	pigment { color rgbt <1,0,0,0> }
	no_shadow
}
cylinder {
	<27.808558, 34.277573, 36.511703>,  <27.967144, 34.159378, 36.647648>, 0.100000
	pigment { color rgbt <1,0,0,0> }
	no_shadow
}
cylinder {
	<27.808558, 34.277573, 36.511703>,  <27.544247, 34.474560, 36.285130>, 0.100000
	pigment { color rgbt <1,0,0,0> }
	no_shadow
}

// particle -1
sphere {
	<27.808558, 34.277573, 36.511703> 0.100000
	pigment { color rgbt <1,0,0,0> }
	no_shadow
}
sphere {
	0, 1
	scale<0.080000,0.200000,0.300000>
	matrix <-0.744714, -0.335992, 0.576637,
		-0.093660, -0.802859, -0.588765,
		0.660779, -0.492469, 0.566432,
		28.006792, 34.129833, 36.681633>
	pigment { color rgbt <0,1,1,0> }
	no_shadow
}
cylinder {
	<27.434076, 33.720032, 36.338417>,  <27.544247, 34.474560, 36.285130>, 0.130000
	pigment { color rgbt <1,0,0,0> }
	no_shadow
}

// nucleotide -1

// particle -1
sphere {
	<27.434076, 33.720032, 36.338417> 0.250000
	pigment { color rgbt <1,0,0,0> }
	no_shadow
}
cylinder {
	<27.599192, 33.902779, 36.653603>,  <27.698261, 34.012428, 36.842712>, 0.100000
	pigment { color rgbt <1,0,0,0> }
	no_shadow
}
cylinder {
	<27.599192, 33.902779, 36.653603>,  <27.434076, 33.720032, 36.338417>, 0.100000
	pigment { color rgbt <1,0,0,0> }
	no_shadow
}

// particle -1
sphere {
	<27.599192, 33.902779, 36.653603> 0.100000
	pigment { color rgbt <1,0,0,0> }
	no_shadow
}
sphere {
	0, 1
	scale<0.080000,0.200000,0.300000>
	matrix <-0.666407, -0.438234, 0.603202,
		0.620893, -0.774096, 0.123562,
		0.412787, 0.456866, 0.787960,
		27.723028, 34.039837, 36.889992>
	pigment { color rgbt <0,1,1,0> }
	no_shadow
}
cylinder {
	<27.468077, 33.272511, 36.788521>,  <27.434076, 33.720032, 36.338417>, 0.130000
	pigment { color rgbt <1,0,0,0> }
	no_shadow
}

// nucleotide -1

// particle -1
sphere {
	<27.468077, 33.272511, 36.788521> 0.250000
	pigment { color rgbt <1,0,0,0> }
	no_shadow
}
cylinder {
	<27.504686, 33.595348, 37.021835>,  <27.526651, 33.789051, 37.161823>, 0.100000
	pigment { color rgbt <1,0,0,0> }
	no_shadow
}
cylinder {
	<27.504686, 33.595348, 37.021835>,  <27.468077, 33.272511, 36.788521>, 0.100000
	pigment { color rgbt <1,0,0,0> }
	no_shadow
}

// particle -1
sphere {
	<27.504686, 33.595348, 37.021835> 0.100000
	pigment { color rgbt <1,0,0,0> }
	no_shadow
}
sphere {
	0, 1
	scale<0.080000,0.200000,0.300000>
	matrix <-0.682721, -0.375552, 0.626779,
		0.724924, -0.455587, 0.516648,
		0.091524, 0.807094, 0.583286,
		27.532145, 33.837475, 37.196819>
	pigment { color rgbt <0,1,1,0> }
	no_shadow
}
cylinder {
	<27.667337, 33.051052, 37.468784>,  <27.468077, 33.272511, 36.788521>, 0.130000
	pigment { color rgbt <1,0,0,0> }
	no_shadow
}

// nucleotide -1

// particle -1
sphere {
	<27.667337, 33.051052, 37.468784> 0.250000
	pigment { color rgbt <1,0,0,0> }
	no_shadow
}
cylinder {
	<27.455275, 33.390209, 37.469498>,  <27.328037, 33.593704, 37.469925>, 0.100000
	pigment { color rgbt <1,0,0,0> }
	no_shadow
}
cylinder {
	<27.455275, 33.390209, 37.469498>,  <27.667337, 33.051052, 37.468784>, 0.100000
	pigment { color rgbt <1,0,0,0> }
	no_shadow
}

// particle -1
sphere {
	<27.455275, 33.390209, 37.469498> 0.100000
	pigment { color rgbt <1,0,0,0> }
	no_shadow
}
sphere {
	0, 1
	scale<0.080000,0.200000,0.300000>
	matrix <-0.658013, -0.412758, 0.629802,
		0.534743, 0.332720, 0.776754,
		-0.530159, 0.847896, 0.001786,
		27.296227, 33.644577, 37.470032>
	pigment { color rgbt <0,1,1,0> }
	no_shadow
}
cylinder {
	<27.646139, 33.405537, 38.134109>,  <27.667337, 33.051052, 37.468784>, 0.130000
	pigment { color rgbt <1,0,0,0> }
	no_shadow
}

// nucleotide -1

// particle -1
sphere {
	<27.646139, 33.405537, 38.134109> 0.250000
	pigment { color rgbt <1,0,0,0> }
	no_shadow
}
cylinder {
	<27.313961, 33.462391, 37.918644>,  <27.114655, 33.496506, 37.789364>, 0.100000
	pigment { color rgbt <1,0,0,0> }
	no_shadow
}
cylinder {
	<27.313961, 33.462391, 37.918644>,  <27.646139, 33.405537, 38.134109>, 0.100000
	pigment { color rgbt <1,0,0,0> }
	no_shadow
}

// particle -1
sphere {
	<27.313961, 33.462391, 37.918644> 0.100000
	pigment { color rgbt <1,0,0,0> }
	no_shadow
}
sphere {
	0, 1
	scale<0.080000,0.200000,0.300000>
	matrix <-0.529689, -0.501024, 0.684401,
		-0.172605, 0.853682, 0.491361,
		-0.830444, 0.142137, -0.538665,
		27.064827, 33.505032, 37.757046>
	pigment { color rgbt <0,1,1,0> }
	no_shadow
}
cylinder {
	<27.904905, 33.509178, 38.770847>,  <27.646139, 33.405537, 38.134109>, 0.130000
	pigment { color rgbt <1,0,0,0> }
	no_shadow
}

// nucleotide -1

// particle -1
sphere {
	<27.904905, 33.509178, 38.770847> 0.250000
	pigment { color rgbt <1,0,0,0> }
	no_shadow
}
cylinder {
	<27.521870, 33.589752, 38.688438>,  <27.292048, 33.638096, 38.638992>, 0.100000
	pigment { color rgbt <1,0,0,0> }
	no_shadow
}
cylinder {
	<27.521870, 33.589752, 38.688438>,  <27.904905, 33.509178, 38.770847>, 0.100000
	pigment { color rgbt <1,0,0,0> }
	no_shadow
}

// particle -1
sphere {
	<27.521870, 33.589752, 38.688438> 0.100000
	pigment { color rgbt <1,0,0,0> }
	no_shadow
}
sphere {
	0, 1
	scale<0.080000,0.200000,0.300000>
	matrix <-0.285766, -0.755458, 0.589594,
		-0.036881, 0.623464, 0.780982,
		-0.957590, 0.201433, -0.206026,
		27.234592, 33.650181, 38.626629>
	pigment { color rgbt <0,1,1,0> }
	no_shadow
}
cylinder {
	<27.561518, 33.549782, 39.455975>,  <27.904905, 33.509178, 38.770847>, 0.130000
	pigment { color rgbt <1,0,0,0> }
	no_shadow
}

// nucleotide -1

// particle -1
sphere {
	<27.561518, 33.549782, 39.455975> 0.250000
	pigment { color rgbt <1,0,0,0> }
	no_shadow
}
cylinder {
	<27.312309, 33.444138, 39.161469>,  <27.162785, 33.380749, 38.984764>, 0.100000
	pigment { color rgbt <1,0,0,0> }
	no_shadow
}
cylinder {
	<27.312309, 33.444138, 39.161469>,  <27.561518, 33.549782, 39.455975>, 0.100000
	pigment { color rgbt <1,0,0,0> }
	no_shadow
}

// particle -1
sphere {
	<27.312309, 33.444138, 39.161469> 0.100000
	pigment { color rgbt <1,0,0,0> }
	no_shadow
}
sphere {
	0, 1
	scale<0.080000,0.200000,0.300000>
	matrix <-0.262115, -0.816356, 0.514644,
		-0.736981, 0.513620, 0.439378,
		-0.623020, -0.264115, -0.736267,
		27.125402, 33.364902, 38.940590>
	pigment { color rgbt <0,1,1,0> }
	no_shadow
}
cylinder {
	<26.886168, 33.570457, 39.812107>,  <27.561518, 33.549782, 39.455975>, 0.130000
	pigment { color rgbt <1,0,0,0> }
	no_shadow
}

// nucleotide -1

// particle -1
sphere {
	<26.886168, 33.570457, 39.812107> 0.250000
	pigment { color rgbt <1,0,0,0> }
	no_shadow
}
cylinder {
	<26.910469, 33.327610, 39.495193>,  <26.925051, 33.181904, 39.305046>, 0.100000
	pigment { color rgbt <1,0,0,0> }
	no_shadow
}
cylinder {
	<26.910469, 33.327610, 39.495193>,  <26.886168, 33.570457, 39.812107>, 0.100000
	pigment { color rgbt <1,0,0,0> }
	no_shadow
}

// particle -1
sphere {
	<26.910469, 33.327610, 39.495193> 0.100000
	pigment { color rgbt <1,0,0,0> }
	no_shadow
}
sphere {
	0, 1
	scale<0.080000,0.200000,0.300000>
	matrix <-0.159788, -0.789432, 0.592676,
		-0.985280, 0.090590, -0.144971,
		0.060754, -0.607116, -0.792287,
		26.928696, 33.145473, 39.257507>
	pigment { color rgbt <0,1,1,0> }
	no_shadow
}
cylinder {
	<26.222157, 33.142250, 39.661793>,  <26.886168, 33.570457, 39.812107>, 0.130000
	pigment { color rgbt <1,0,0,0> }
	no_shadow
}

// nucleotide -1

// particle -1
sphere {
	<26.222157, 33.142250, 39.661793> 0.250000
	pigment { color rgbt <1,0,0,0> }
	no_shadow
}
cylinder {
	<26.580051, 32.987194, 39.573086>,  <26.794788, 32.894161, 39.519863>, 0.100000
	pigment { color rgbt <1,0,0,0> }
	no_shadow
}
cylinder {
	<26.580051, 32.987194, 39.573086>,  <26.222157, 33.142250, 39.661793>, 0.100000
	pigment { color rgbt <1,0,0,0> }
	no_shadow
}

// particle -1
sphere {
	<26.580051, 32.987194, 39.573086> 0.100000
	pigment { color rgbt <1,0,0,0> }
	no_shadow
}
sphere {
	0, 1
	scale<0.080000,0.200000,0.300000>
	matrix <-0.173070, -0.758733, 0.627990,
		-0.411695, -0.523505, -0.745956,
		0.894737, -0.387643, -0.221764,
		26.848473, 32.870903, 39.506557>
	pigment { color rgbt <0,1,1,0> }
	no_shadow
}
cylinder {
	<26.119179, 32.401073, 39.631767>,  <26.222157, 33.142250, 39.661793>, 0.130000
	pigment { color rgbt <1,0,0,0> }
	no_shadow
}

// nucleotide -1

// particle -1
sphere {
	<26.119179, 32.401073, 39.631767> 0.250000
	pigment { color rgbt <1,0,0,0> }
	no_shadow
}
cylinder {
	<26.503206, 32.456696, 39.728870>,  <26.733624, 32.490070, 39.787132>, 0.100000
	pigment { color rgbt <1,0,0,0> }
	no_shadow
}
cylinder {
	<26.503206, 32.456696, 39.728870>,  <26.119179, 32.401073, 39.631767>, 0.100000
	pigment { color rgbt <1,0,0,0> }
	no_shadow
}

// particle -1
sphere {
	<26.503206, 32.456696, 39.728870> 0.100000
	pigment { color rgbt <1,0,0,0> }
	no_shadow
}
sphere {
	0, 1
	scale<0.080000,0.200000,0.300000>
	matrix <-0.013881, -0.842967, 0.537786,
		0.279417, -0.519681, -0.807377,
		0.960069, 0.139059, 0.242753,
		26.791227, 32.498413, 39.801697>
	pigment { color rgbt <0,1,1,0> }
	no_shadow
}
cylinder {
	<26.722576, 31.820391, 39.552567>,  <26.119179, 32.401073, 39.631767>, 0.130000
	pigment { color rgbt <1,0,0,0> }
	no_shadow
}

// nucleotide -1

// particle -1
sphere {
	<26.722576, 31.820391, 39.552567> 0.250000
	pigment { color rgbt <1,0,0,0> }
	no_shadow
}
cylinder {
	<26.726814, 32.060410, 39.872524>,  <26.729357, 32.204422, 40.064499>, 0.100000
	pigment { color rgbt <1,0,0,0> }
	no_shadow
}
cylinder {
	<26.726814, 32.060410, 39.872524>,  <26.722576, 31.820391, 39.552567>, 0.100000
	pigment { color rgbt <1,0,0,0> }
	no_shadow
}

// particle -1
sphere {
	<26.726814, 32.060410, 39.872524> 0.100000
	pigment { color rgbt <1,0,0,0> }
	no_shadow
}
sphere {
	0, 1
	scale<0.080000,0.200000,0.300000>
	matrix <-0.036526, -0.799172, 0.599992,
		0.999277, -0.035574, 0.013451,
		0.010595, 0.600049, 0.799893,
		26.729992, 32.240425, 40.112492>
	pigment { color rgbt <0,1,1,0> }
	no_shadow
}
cylinder {
	<27.354256, 31.662069, 39.231819>,  <26.722576, 31.820391, 39.552567>, 0.130000
	pigment { color rgbt <1,0,0,0> }
	no_shadow
}

// nucleotide -1

// particle -1
sphere {
	<27.354256, 31.662069, 39.231819> 0.250000
	pigment { color rgbt <1,0,0,0> }
	no_shadow
}
cylinder {
	<27.115545, 31.344265, 39.276733>,  <26.972319, 31.153582, 39.303684>, 0.100000
	pigment { color rgbt <1,0,0,0> }
	no_shadow
}
cylinder {
	<27.115545, 31.344265, 39.276733>,  <27.354256, 31.662069, 39.231819>, 0.100000
	pigment { color rgbt <1,0,0,0> }
	no_shadow
}

// particle -1
sphere {
	<27.115545, 31.344265, 39.276733> 0.100000
	pigment { color rgbt <1,0,0,0> }
	no_shadow
}
sphere {
	0, 1
	scale<0.080000,0.200000,0.300000>
	matrix <0.238231, -0.309067, -0.920719,
		0.766227, -0.522714, 0.373721,
		-0.596777, -0.794511, 0.112289,
		26.936512, 31.105911, 39.310421>
	pigment { color rgbt <0,1,1,0> }
	no_shadow
}
cylinder {
	<27.523388, 32.192390, 38.584122>,  <27.354256, 31.662069, 39.231819>, 0.130000
	pigment { color rgbt <1,0,0,0> }
	no_shadow
}

// nucleotide -1

// particle -1
sphere {
	<27.523388, 32.192390, 38.584122> 0.250000
	pigment { color rgbt <1,0,0,0> }
	no_shadow
}
cylinder {
	<27.247429, 32.369709, 38.813042>,  <27.081854, 32.476101, 38.950394>, 0.100000
	pigment { color rgbt <1,0,0,0> }
	no_shadow
}
cylinder {
	<27.247429, 32.369709, 38.813042>,  <27.523388, 32.192390, 38.584122>, 0.100000
	pigment { color rgbt <1,0,0,0> }
	no_shadow
}

// particle -1
sphere {
	<27.247429, 32.369709, 38.813042> 0.100000
	pigment { color rgbt <1,0,0,0> }
	no_shadow
}
sphere {
	0, 1
	scale<0.080000,0.200000,0.300000>
