// switches for output
#declare DRAW_BASES = 1; // possible values are 0, 1; only relevant for DNA ribbons
#declare DRAW_BASES_TYPE = 3; // possible values are 1, 2, 3; only relevant for DNA ribbons
#declare DRAW_FOG = 0; // set to 1 to enable fog

#include "colors.inc"

#include "transforms.inc"
background { rgb <1, 1, 1>}

#default {
   normal{
       ripples 0.25
       frequency 0.20
       turbulence 0.2
       lambda 5
   }
	finish {
		phong 0.1
		phong_size 40.
	}
}

// original window dimensions: 1024x640


// camera settings

camera {
	sky <0, 0.179814, -0.983701>
	up <0, 0.179814, -0.983701>
	right 1.6 * <1, 0, 0>
	location <35, 94.9851, 44.8844>
	look_at <35, 29.7336, 32.9568>
	direction <0, -65.2515, -11.9276>
	angle 67.0682
}


# declare cpy_camera_pos = <35, 94.9851, 44.8844>;
# if (DRAW_FOG = 1)
fog {
	fog_type 2
	up vnormalize(cpy_camera_pos)
	color rgbt<1,1,1,0.3>
	distance 1e-5
	fog_alt 3e-3
	fog_offset 56
}
# end


// LIGHTS

# declare lum = 6;
global_settings {
	ambient_light rgb lum * <0.05, 0.05, 0.05>
	max_trace_level 15
}# declare cpy_direct_light_amount = 0.25;
light_source
{	1000 * <-1, -1.16352, -0.803886>,
	rgb lum * cpy_direct_light_amount
	parallel
}

light_source
{	1000 * <1, 1.16352, 0.803886>,
	rgb lum * cpy_direct_light_amount
	parallel
}

// strand 0

// nucleotide -1

// particle -1
sphere {
	<24.533365, 35.262707, 34.946125> 0.250000
	pigment { color rgbt <1,0,0,0> }
	no_shadow
}
cylinder {
	<24.357903, 34.903915, 34.924194>,  <24.252625, 34.688641, 34.911037>, 0.100000
	pigment { color rgbt <1,0,0,0> }
	no_shadow
}
cylinder {
	<24.357903, 34.903915, 34.924194>,  <24.533365, 35.262707, 34.946125>, 0.100000
	pigment { color rgbt <1,0,0,0> }
	no_shadow
}

// particle -1
sphere {
	<24.357903, 34.903915, 34.924194> 0.100000
	pigment { color rgbt <1,0,0,0> }
	no_shadow
}
sphere {
	0, 1
	scale<0.080000,0.200000,0.300000>
	matrix <0.507419, -0.196874, -0.838908,
		0.741691, -0.395810, 0.541506,
		-0.438657, -0.896981, -0.054822,
		24.226305, 34.634823, 34.907749>
	pigment { color rgbt <0,1,1,0> }
	no_shadow
}
cylinder {
	<24.969559, 35.433655, 34.312260>,  <24.533365, 35.262707, 34.946125>, 0.130000
	pigment { color rgbt <1,0,0,0> }
	no_shadow
}

// nucleotide -1

// particle -1
sphere {
	<24.969559, 35.433655, 34.312260> 0.250000
	pigment { color rgbt <1,0,0,0> }
	no_shadow
}
cylinder {
	<25.208862, 35.242340, 34.569424>,  <25.352444, 35.127552, 34.723721>, 0.100000
	pigment { color rgbt <1,0,0,0> }
	no_shadow
}
cylinder {
	<25.208862, 35.242340, 34.569424>,  <24.969559, 35.433655, 34.312260>, 0.100000
	pigment { color rgbt <1,0,0,0> }
	no_shadow
}

// particle -1
sphere {
	<25.208862, 35.242340, 34.569424> 0.100000
	pigment { color rgbt <1,0,0,0> }
	no_shadow
}
sphere {
	0, 1
	scale<0.080000,0.200000,0.300000>
	matrix <0.429191, 0.868799, 0.246947,
		-0.676671, 0.128194, 0.725040,
		0.598257, -0.478282, 0.642911,
		25.388340, 35.098854, 34.762299>
	pigment { color rgbt <0,1,1,0> }
	no_shadow
}
cylinder {
	<25.105688, 36.013645, 34.771580>,  <24.969559, 35.433655, 34.312260>, 0.130000
	pigment { color rgbt <1,0,0,0> }
	no_shadow
}

// nucleotide -1

// particle -1
sphere {
	<25.105688, 36.013645, 34.771580> 0.250000
	pigment { color rgbt <1,0,0,0> }
	no_shadow
}
cylinder {
	<25.390705, 35.733067, 34.765129>,  <25.561716, 35.564720, 34.761257>, 0.100000
	pigment { color rgbt <1,0,0,0> }
	no_shadow
}
cylinder {
	<25.390705, 35.733067, 34.765129>,  <25.105688, 36.013645, 34.771580>, 0.100000
	pigment { color rgbt <1,0,0,0> }
	no_shadow
}

// particle -1
sphere {
	<25.390705, 35.733067, 34.765129> 0.100000
	pigment { color rgbt <1,0,0,0> }
	no_shadow
}
sphere {
	0, 1
	scale<0.080000,0.200000,0.300000>
	matrix <0.662274, 0.664812, 0.345569,
		-0.231677, -0.256912, 0.938255,
		0.712544, -0.701442, -0.016125,
		25.604467, 35.522633, 34.760292>
	pigment { color rgbt <0,1,1,0> }
	no_shadow
}
cylinder {
	<25.310005, 35.770035, 35.486591>,  <25.105688, 36.013645, 34.771580>, 0.130000
	pigment { color rgbt <1,0,0,0> }
	no_shadow
}

// nucleotide -1

// particle -1
sphere {
	<25.310005, 35.770035, 35.486591> 0.250000
	pigment { color rgbt <1,0,0,0> }
	no_shadow
}
cylinder {
	<25.605453, 35.707024, 35.224407>,  <25.782722, 35.669216, 35.067097>, 0.100000
	pigment { color rgbt <1,0,0,0> }
	no_shadow
}
cylinder {
	<25.605453, 35.707024, 35.224407>,  <25.310005, 35.770035, 35.486591>, 0.100000
	pigment { color rgbt <1,0,0,0> }
	no_shadow
}

// particle -1
sphere {
	<25.605453, 35.707024, 35.224407> 0.100000
	pigment { color rgbt <1,0,0,0> }
	no_shadow
}
sphere {
	0, 1
	scale<0.080000,0.200000,0.300000>
	matrix <0.546345, 0.709464, 0.445161,
		0.394900, -0.686912, 0.610087,
		0.738621, -0.157524, -0.655458,
		25.827040, 35.659767, 35.027771>
	pigment { color rgbt <0,1,1,0> }
	no_shadow
}
cylinder {
	<26.010706, 35.646606, 35.808998>,  <25.310005, 35.770035, 35.486591>, 0.130000
	pigment { color rgbt <1,0,0,0> }
	no_shadow
}

// nucleotide -1

// particle -1
sphere {
	<26.010706, 35.646606, 35.808998> 0.250000
	pigment { color rgbt <1,0,0,0> }
	no_shadow
}
cylinder {
	<26.085369, 35.800652, 35.447479>,  <26.130167, 35.893078, 35.230568>, 0.100000
	pigment { color rgbt <1,0,0,0> }
	no_shadow
}
cylinder {
	<26.085369, 35.800652, 35.447479>,  <26.010706, 35.646606, 35.808998>, 0.100000
	pigment { color rgbt <1,0,0,0> }
	no_shadow
}

// particle -1
sphere {
	<26.085369, 35.800652, 35.447479> 0.100000
	pigment { color rgbt <1,0,0,0> }
	no_shadow
}
sphere {
	0, 1
	scale<0.080000,0.200000,0.300000>
	matrix <0.510077, 0.748257, 0.424185,
		0.839631, -0.540182, -0.056770,
		0.186658, 0.385116, -0.903795,
		26.141367, 35.916187, 35.176342>
	pigment { color rgbt <0,1,1,0> }
	no_shadow
}
cylinder {
	<26.645245, 35.730541, 35.803284>,  <26.010706, 35.646606, 35.808998>, 0.130000
	pigment { color rgbt <1,0,0,0> }
	no_shadow
}

// nucleotide -1

// particle -1
sphere {
	<26.645245, 35.730541, 35.803284> 0.250000
	pigment { color rgbt <1,0,0,0> }
	no_shadow
}
cylinder {
	<26.522516, 36.031502, 35.570129>,  <26.448879, 36.212078, 35.430237>, 0.100000
	pigment { color rgbt <1,0,0,0> }
	no_shadow
}
cylinder {
	<26.522516, 36.031502, 35.570129>,  <26.645245, 35.730541, 35.803284>, 0.100000
	pigment { color rgbt <1,0,0,0> }
	no_shadow
}

// particle -1
sphere {
	<26.522516, 36.031502, 35.570129> 0.100000
	pigment { color rgbt <1,0,0,0> }
	no_shadow
}
sphere {
	0, 1
	scale<0.080000,0.200000,0.300000>
	matrix <0.387235, 0.658128, 0.645691,
		0.869431, -0.027603, -0.493282,
		-0.306820, 0.752400, -0.582886,
		26.430470, 36.257221, 35.395264>
	pigment { color rgbt <0,1,1,0> }
	no_shadow
}
cylinder {
	<27.205660, 36.172245, 35.757206>,  <26.645245, 35.730541, 35.803284>, 0.130000
	pigment { color rgbt <1,0,0,0> }
	no_shadow
}

// nucleotide -1

// particle -1
sphere {
	<27.205660, 36.172245, 35.757206> 0.250000
	pigment { color rgbt <1,0,0,0> }
	no_shadow
}
cylinder {
	<26.916746, 36.422516, 35.639332>,  <26.743399, 36.572678, 35.568607>, 0.100000
	pigment { color rgbt <1,0,0,0> }
	no_shadow
}
cylinder {
	<26.916746, 36.422516, 35.639332>,  <27.205660, 36.172245, 35.757206>, 0.100000
	pigment { color rgbt <1,0,0,0> }
	no_shadow
}

// particle -1
sphere {
	<26.916746, 36.422516, 35.639332> 0.100000
	pigment { color rgbt <1,0,0,0> }
	no_shadow
}
sphere {
	0, 1
	scale<0.080000,0.200000,0.300000>
	matrix <0.314106, 0.676385, 0.666214,
		0.616152, 0.388633, -0.685070,
		-0.722283, 0.625674, -0.294684,
		26.700062, 36.610218, 35.550926>
	pigment { color rgbt <0,1,1,0> }
	no_shadow
}
cylinder {
	<27.526039, 36.863567, 35.577900>,  <27.205660, 36.172245, 35.757206>, 0.130000
	pigment { color rgbt <1,0,0,0> }
	no_shadow
}

// nucleotide -1

// particle -1
sphere {
	<27.526039, 36.863567, 35.577900> 0.250000
	pigment { color rgbt <1,0,0,0> }
	no_shadow
}
cylinder {
	<27.153580, 36.904541, 35.717884>,  <26.930103, 36.929123, 35.801876>, 0.100000
	pigment { color rgbt <1,0,0,0> }
	no_shadow
}
cylinder {
	<27.153580, 36.904541, 35.717884>,  <27.526039, 36.863567, 35.577900>, 0.100000
	pigment { color rgbt <1,0,0,0> }
	no_shadow
}

// particle -1
sphere {
	<27.153580, 36.904541, 35.717884> 0.100000
	pigment { color rgbt <1,0,0,0> }
	no_shadow
}
sphere {
	0, 1
	scale<0.080000,0.200000,0.300000>
	matrix <0.297856, 0.767288, 0.567936,
		-0.210347, 0.633070, -0.744968,
		-0.931148, 0.102430, 0.349960,
		26.874235, 36.935268, 35.822872>
	pigment { color rgbt <0,1,1,0> }
	no_shadow
}
cylinder {
	<27.370243, 37.544697, 35.492729>,  <27.526039, 36.863567, 35.577900>, 0.130000
	pigment { color rgbt <1,0,0,0> }
	no_shadow
}

// nucleotide -1

// particle -1
sphere {
	<27.370243, 37.544697, 35.492729> 0.250000
	pigment { color rgbt <1,0,0,0> }
	no_shadow
}
cylinder {
	<27.119543, 37.411354, 35.774456>,  <26.969124, 37.331348, 35.943493>, 0.100000
	pigment { color rgbt <1,0,0,0> }
	no_shadow
}
cylinder {
	<27.119543, 37.411354, 35.774456>,  <27.370243, 37.544697, 35.492729>, 0.100000
	pigment { color rgbt <1,0,0,0> }
	no_shadow
}

// particle -1
sphere {
	<27.119543, 37.411354, 35.774456> 0.100000
	pigment { color rgbt <1,0,0,0> }
	no_shadow
}
sphere {
	0, 1
	scale<0.080000,0.200000,0.300000>
	matrix <0.244430, 0.774143, 0.583914,
		-0.739891, 0.538124, -0.403713,
		-0.626750, -0.333353, 0.704315,
		26.931519, 37.311348, 35.985752>
	pigment { color rgbt <0,1,1,0> }
	no_shadow
}
cylinder {
	<26.975443, 38.102539, 35.907253>,  <27.370243, 37.544697, 35.492729>, 0.130000
	pigment { color rgbt <1,0,0,0> }
	no_shadow
}

// nucleotide -1

// particle -1
sphere {
	<26.975443, 38.102539, 35.907253> 0.250000
	pigment { color rgbt <1,0,0,0> }
	no_shadow
}
cylinder {
	<26.904329, 37.792484, 36.149757>,  <26.861662, 37.606449, 36.295261>, 0.100000
	pigment { color rgbt <1,0,0,0> }
	no_shadow
}
cylinder {
	<26.904329, 37.792484, 36.149757>,  <26.975443, 38.102539, 35.907253>, 0.100000
	pigment { color rgbt <1,0,0,0> }
	no_shadow
}

// particle -1
sphere {
	<26.904329, 37.792484, 36.149757> 0.100000
	pigment { color rgbt <1,0,0,0> }
	no_shadow
}
sphere {
	0, 1
	scale<0.080000,0.200000,0.300000>
	matrix <0.071983, 0.604181, 0.793589,
		-0.981433, 0.184728, -0.051616,
		-0.177783, -0.775139, 0.606261,
		26.850994, 37.559944, 36.331635>
	pigment { color rgbt <0,1,1,0> }
	no_shadow
}
cylinder {
	<26.508148, 38.456226, 36.180000>,  <26.975443, 38.102539, 35.907253>, 0.130000
	pigment { color rgbt <1,0,0,0> }
	no_shadow
}

// nucleotide -1

// particle -1
sphere {
	<26.508148, 38.456226, 36.180000> 0.250000
	pigment { color rgbt <1,0,0,0> }
	no_shadow
}
cylinder {
	<26.611237, 38.165688, 36.434875>,  <26.673090, 37.991364, 36.587799>, 0.100000
	pigment { color rgbt <1,0,0,0> }
	no_shadow
}
cylinder {
	<26.611237, 38.165688, 36.434875>,  <26.508148, 38.456226, 36.180000>, 0.100000
	pigment { color rgbt <1,0,0,0> }
	no_shadow
}

// particle -1
sphere {
	<26.611237, 38.165688, 36.434875> 0.100000
	pigment { color rgbt <1,0,0,0> }
	no_shadow
}
sphere {
	0, 1
	scale<0.080000,0.200000,0.300000>
	matrix <0.291069, 0.687191, 0.665617,
		-0.921335, 0.013922, 0.388520,
		0.257721, -0.726343, 0.637186,
		26.688553, 37.947784, 36.626030>
	pigment { color rgbt <0,1,1,0> }
	no_shadow
}
cylinder {
	<26.089119, 38.384312, 36.711651>,  <26.508148, 38.456226, 36.180000>, 0.130000
	pigment { color rgbt <1,0,0,0> }
	no_shadow
}

// nucleotide -1

// particle -1
sphere {
	<26.089119, 38.384312, 36.711651> 0.250000
	pigment { color rgbt <1,0,0,0> }
	no_shadow
}
cylinder {
	<26.466141, 38.286327, 36.802498>,  <26.692354, 38.227535, 36.857006>, 0.100000
	pigment { color rgbt <1,0,0,0> }
	no_shadow
}
cylinder {
	<26.466141, 38.286327, 36.802498>,  <26.089119, 38.384312, 36.711651>, 0.100000
	pigment { color rgbt <1,0,0,0> }
	no_shadow
}

// particle -1
sphere {
	<26.466141, 38.286327, 36.802498> 0.100000
	pigment { color rgbt <1,0,0,0> }
	no_shadow
}
sphere {
	0, 1
	scale<0.080000,0.200000,0.300000>
	matrix <0.076637, 0.820331, 0.566731,
		-0.325140, -0.516770, 0.791981,
		0.942556, -0.244962, 0.227119,
		26.748907, 38.212837, 36.870632>
	pigment { color rgbt <0,1,1,0> }
	no_shadow
}
cylinder {
	<26.225439, 38.233749, 37.542591>,  <26.089119, 38.384312, 36.711651>, 0.130000
	pigment { color rgbt <1,0,0,0> }
	no_shadow
}

// nucleotide -1

// particle -1
sphere {
	<26.225439, 38.233749, 37.542591> 0.250000
	pigment { color rgbt <1,0,0,0> }
	no_shadow
}
cylinder {
	<26.545160, 38.368046, 37.343235>,  <26.736994, 38.448624, 37.223621>, 0.100000
	pigment { color rgbt <1,0,0,0> }
	no_shadow
}
cylinder {
	<26.545160, 38.368046, 37.343235>,  <26.225439, 38.233749, 37.542591>, 0.100000
	pigment { color rgbt <1,0,0,0> }
	no_shadow
}

// particle -1
sphere {
	<26.545160, 38.368046, 37.343235> 0.100000
	pigment { color rgbt <1,0,0,0> }
	no_shadow
}
sphere {
	0, 1
	scale<0.080000,0.200000,0.300000>
	matrix <0.157511, 0.683320, 0.712926,
		0.579914, -0.648348, 0.493300,
		0.799306, 0.335736, -0.498389,
		26.784952, 38.468765, 37.193718>
	pigment { color rgbt <0,1,1,0> }
	no_shadow
}
cylinder {
	<26.793875, 38.200928, 38.022484>,  <26.225439, 38.233749, 37.542591>, 0.130000
	pigment { color rgbt <1,0,0,0> }
	no_shadow
}

// nucleotide -1

// particle -1
sphere {
	<26.793875, 38.200928, 38.022484> 0.250000
	pigment { color rgbt <1,0,0,0> }
	no_shadow
}
cylinder {
	<26.849703, 38.473198, 37.734818>,  <26.883200, 38.636562, 37.562218>, 0.100000
	pigment { color rgbt <1,0,0,0> }
	no_shadow
}
cylinder {
	<26.849703, 38.473198, 37.734818>,  <26.793875, 38.200928, 38.022484>, 0.100000
	pigment { color rgbt <1,0,0,0> }
	no_shadow
}

// particle -1
sphere {
	<26.849703, 38.473198, 37.734818> 0.100000
	pigment { color rgbt <1,0,0,0> }
	no_shadow
}
sphere {
	0, 1
	scale<0.080000,0.200000,0.300000>
	matrix <0.143427, 0.704717, 0.694840,
		0.979770, -0.200127, 0.000731,
		0.139572, 0.680679, -0.719164,
		26.891575, 38.677402, 37.519070>
	pigment { color rgbt <0,1,1,0> }
	no_shadow
}
cylinder {
	<27.514437, 38.466599, 38.002926>,  <26.793875, 38.200928, 38.022484>, 0.130000
	pigment { color rgbt <1,0,0,0> }
	no_shadow
}

// nucleotide -1

// particle -1
sphere {
	<27.514437, 38.466599, 38.002926> 0.250000
	pigment { color rgbt <1,0,0,0> }
	no_shadow
}
cylinder {
	<27.224670, 38.723736, 37.903347>,  <27.050810, 38.878017, 37.843601>, 0.100000
	pigment { color rgbt <1,0,0,0> }
	no_shadow
}
cylinder {
	<27.224670, 38.723736, 37.903347>,  <27.514437, 38.466599, 38.002926>, 0.100000
	pigment { color rgbt <1,0,0,0> }
	no_shadow
}

// particle -1
sphere {
	<27.224670, 38.723736, 37.903347> 0.100000
	pigment { color rgbt <1,0,0,0> }
	no_shadow
}
sphere {
	0, 1
	scale<0.080000,0.200000,0.300000>
	matrix <0.245697, 0.578174, 0.778041,
		0.644092, 0.502461, -0.576783,
		-0.724416, 0.642844, -0.248945,
		27.007345, 38.916588, 37.828663>
	pigment { color rgbt <0,1,1,0> }
	no_shadow
}
cylinder {
	<27.607761, 37.719940, 37.681309>,  <27.514437, 38.466599, 38.002926>, 0.130000
	pigment { color rgbt <1,0,0,0> }
	no_shadow
}

// nucleotide -1

// particle -1
sphere {
	<27.607761, 37.719940, 37.681309> 0.250000
	pigment { color rgbt <1,0,0,0> }
	no_shadow
}
cylinder {
	<27.332294, 37.857037, 37.425724>,  <27.167015, 37.939293, 37.272373>, 0.100000
	pigment { color rgbt <1,0,0,0> }
	no_shadow
}
cylinder {
	<27.332294, 37.857037, 37.425724>,  <27.607761, 37.719940, 37.681309>, 0.100000
	pigment { color rgbt <1,0,0,0> }
	no_shadow
}

// particle -1
sphere {
	<27.332294, 37.857037, 37.425724> 0.100000
	pigment { color rgbt <1,0,0,0> }
	no_shadow
}
sphere {
	0, 1
	scale<0.080000,0.200000,0.300000>
	matrix <-0.126820, -0.924581, -0.359260,
		-0.713902, -0.166377, 0.680193,
		-0.688666, 0.342738, -0.638960,
		27.125694, 37.959858, 37.234035>
	pigment { color rgbt <0,1,1,0> }
	no_shadow
}
cylinder {
	<27.273350, 37.085258, 37.463932>,  <27.607761, 37.719940, 37.681309>, 0.130000
	pigment { color rgbt <1,0,0,0> }
	no_shadow
}

// nucleotide -1

// particle -1
sphere {
	<27.273350, 37.085258, 37.463932> 0.250000
	pigment { color rgbt <1,0,0,0> }
	no_shadow
}
cylinder {
	<27.090992, 37.339115, 37.214329>,  <26.981577, 37.491428, 37.064568>, 0.100000
	pigment { color rgbt <1,0,0,0> }
	no_shadow
}
cylinder {
	<27.090992, 37.339115, 37.214329>,  <27.273350, 37.085258, 37.463932>, 0.100000
	pigment { color rgbt <1,0,0,0> }
	no_shadow
}

// particle -1
sphere {
	<27.090992, 37.339115, 37.214329> 0.100000
	pigment { color rgbt <1,0,0,0> }
	no_shadow
}
sphere {
	0, 1
	scale<0.080000,0.200000,0.300000>
	matrix <-0.221302, -0.759917, -0.611188,
		-0.862083, -0.140541, 0.486889,
		-0.455892, 0.634645, -0.624010,
		26.954224, 37.529507, 37.027126>
	pigment { color rgbt <0,1,1,0> }
	no_shadow
}
cylinder {
	<26.774914, 36.751686, 37.284462>,  <27.273350, 37.085258, 37.463932>, 0.130000
	pigment { color rgbt <1,0,0,0> }
	no_shadow
}

// nucleotide -1

// particle -1
sphere {
	<26.774914, 36.751686, 37.284462> 0.250000
	pigment { color rgbt <1,0,0,0> }
	no_shadow
}
cylinder {
	<26.793398, 37.010162, 36.979752>,  <26.804487, 37.165249, 36.796925>, 0.100000
	pigment { color rgbt <1,0,0,0> }
	no_shadow
}
cylinder {
	<26.793398, 37.010162, 36.979752>,  <26.774914, 36.751686, 37.284462>, 0.100000
	pigment { color rgbt <1,0,0,0> }
	no_shadow
}

// particle -1
sphere {
	<26.793398, 37.010162, 36.979752> 0.100000
	pigment { color rgbt <1,0,0,0> }
	no_shadow
}
sphere {
	0, 1
	scale<0.080000,0.200000,0.300000>
	matrix <-0.492140, -0.648892, -0.580290,
		-0.869289, 0.401714, 0.288033,
		0.046209, 0.646193, -0.761774,
		26.807261, 37.204021, 36.751221>
	pigment { color rgbt <0,1,1,0> }
	no_shadow
}
cylinder {
	<26.108761, 36.922756, 36.911190>,  <26.774914, 36.751686, 37.284462>, 0.130000
	pigment { color rgbt <1,0,0,0> }
	no_shadow
}

// nucleotide -1

// particle -1
sphere {
	<26.108761, 36.922756, 36.911190> 0.250000
	pigment { color rgbt <1,0,0,0> }
	no_shadow
}
cylinder {
	<26.359604, 37.037373, 36.621464>,  <26.510109, 37.106144, 36.447628>, 0.100000
	pigment { color rgbt <1,0,0,0> }
	no_shadow
}
cylinder {
	<26.359604, 37.037373, 36.621464>,  <26.108761, 36.922756, 36.911190>, 0.100000
	pigment { color rgbt <1,0,0,0> }
	no_shadow
}

// particle -1
sphere {
	<26.359604, 37.037373, 36.621464> 0.100000
	pigment { color rgbt <1,0,0,0> }
	no_shadow
}
sphere {
	0, 1
	scale<0.080000,0.200000,0.300000>
	matrix <-0.517364, -0.541916, -0.662316,
		-0.582299, 0.790076, -0.191592,
		0.627107, 0.286543, -0.724314,
		26.547735, 37.123337, 36.404171>
	pigment { color rgbt <0,1,1,0> }
	no_shadow
}
cylinder {
	<25.752386, 37.227974, 36.366360>,  <26.108761, 36.922756, 36.911190>, 0.130000
	pigment { color rgbt <1,0,0,0> }
	no_shadow
}

// nucleotide -1

// particle -1
sphere {
	<25.752386, 37.227974, 36.366360> 0.250000
	pigment { color rgbt <1,0,0,0> }
	no_shadow
}
cylinder {
	<26.089163, 37.097698, 36.194286>,  <26.291229, 37.019531, 36.091042>, 0.100000
	pigment { color rgbt <1,0,0,0> }
	no_shadow
}
cylinder {
	<26.089163, 37.097698, 36.194286>,  <25.752386, 37.227974, 36.366360>, 0.100000
	pigment { color rgbt <1,0,0,0> }
	no_shadow
}

// particle -1
sphere {
	<26.089163, 37.097698, 36.194286> 0.100000
	pigment { color rgbt <1,0,0,0> }
	no_shadow
}
sphere {
	0, 1
	scale<0.080000,0.200000,0.300000>
	matrix <-0.539416, -0.489344, -0.685254,
		0.012675, 0.808992, -0.587683,
		0.841944, -0.325691, -0.430181,
		26.341745, 36.999992, 36.065231>
	pigment { color rgbt <0,1,1,0> }
	no_shadow
}
cylinder {
	<25.566957, 37.074219, 35.687923>,  <25.752386, 37.227974, 36.366360>, 0.130000
	pigment { color rgbt <1,0,0,0> }
	no_shadow
}

// nucleotide -1

// particle -1
sphere {
	<25.566957, 37.074219, 35.687923> 0.250000
	pigment { color rgbt <1,0,0,0> }
	no_shadow
}
cylinder {
	<25.962854, 37.125847, 35.663437>,  <26.200394, 37.156826, 35.648746>, 0.100000
	pigment { color rgbt <1,0,0,0> }
	no_shadow
}
cylinder {
	<25.962854, 37.125847, 35.663437>,  <25.566957, 37.074219, 35.687923>, 0.100000
	pigment { color rgbt <1,0,0,0> }
	no_shadow
}

// particle -1
sphere {
	<25.962854, 37.125847, 35.663437> 0.100000
	pigment { color rgbt <1,0,0,0> }
	no_shadow
}
sphere {
	0, 1
	scale<0.080000,0.200000,0.300000>
	matrix <0.032471, -0.620548, -0.783496,
		-0.139114, 0.773473, -0.618375,
		0.989744, 0.129074, -0.061212,
		26.259777, 37.164570, 35.645073>
	pigment { color rgbt <0,1,1,0> }
	no_shadow
}
cylinder {
	<25.705887, 37.340546, 35.060585>,  <25.566957, 37.074219, 35.687923>, 0.130000
	pigment { color rgbt <1,0,0,0> }
	no_shadow
}

// nucleotide -1

// particle -1
sphere {
	<25.705887, 37.340546, 35.060585> 0.250000
	pigment { color rgbt <1,0,0,0> }
	no_shadow
}
cylinder {
	<25.996063, 37.114712, 35.218052>,  <26.170168, 36.979210, 35.312534>, 0.100000
	pigment { color rgbt <1,0,0,0> }
	no_shadow
}
cylinder {
	<25.996063, 37.114712, 35.218052>,  <25.705887, 37.340546, 35.060585>, 0.100000
	pigment { color rgbt <1,0,0,0> }
	no_shadow
}

// particle -1
sphere {
	<25.996063, 37.114712, 35.218052> 0.100000
	pigment { color rgbt <1,0,0,0> }
	no_shadow
}
sphere {
	0, 1
	scale<0.080000,0.200000,0.300000>
	matrix <-0.057783, -0.619897, -0.782553,
		0.685856, 0.544947, -0.482322,
		0.725440, -0.564588, 0.393671,
		26.213696, 36.945335, 35.336155>
	pigment { color rgbt <0,1,1,0> }
	no_shadow
}
cylinder {
	<26.090637, 37.144703, 34.394276>,  <25.705887, 37.340546, 35.060585>, 0.130000
	pigment { color rgbt <1,0,0,0> }
	no_shadow
}

// nucleotide -1

// particle -1
sphere {
	<26.090637, 37.144703, 34.394276> 0.250000
	pigment { color rgbt <1,0,0,0> }
	no_shadow
}
cylinder {
	<26.185257, 36.900635, 34.696728>,  <26.242029, 36.754192, 34.878201>, 0.100000
	pigment { color rgbt <1,0,0,0> }
	no_shadow
}
cylinder {
	<26.185257, 36.900635, 34.696728>,  <26.090637, 37.144703, 34.394276>, 0.100000
	pigment { color rgbt <1,0,0,0> }
	no_shadow
}

// particle -1
sphere {
	<26.185257, 36.900635, 34.696728> 0.100000
	pigment { color rgbt <1,0,0,0> }
	no_shadow
}
sphere {
	0, 1
	scale<0.080000,0.200000,0.300000>
	matrix <0.041829, -0.771101, -0.635337,
		0.970719, 0.181916, -0.156879,
		0.236547, -0.610172, 0.756132,
		26.256222, 36.717583, 34.923569>
	pigment { color rgbt <0,1,1,0> }
	no_shadow
}
cylinder {
	<26.555777, 36.643513, 34.128998>,  <26.090637, 37.144703, 34.394276>, 0.130000
	pigment { color rgbt <1,0,0,0> }
	no_shadow
}

// nucleotide -1

// particle -1
sphere {
	<26.555777, 36.643513, 34.128998> 0.250000
	pigment { color rgbt <1,0,0,0> }
	no_shadow
}
cylinder {
	<26.447155, 36.482807, 34.478821>,  <26.381983, 36.386383, 34.688713>, 0.100000
	pigment { color rgbt <1,0,0,0> }
	no_shadow
}
cylinder {
	<26.447155, 36.482807, 34.478821>,  <26.555777, 36.643513, 34.128998>, 0.100000
	pigment { color rgbt <1,0,0,0> }
	no_shadow
}

// particle -1
sphere {
	<26.447155, 36.482807, 34.478821> 0.100000
	pigment { color rgbt <1,0,0,0> }
	no_shadow
}
sphere {
	0, 1
	scale<0.080000,0.200000,0.300000>
	matrix <-0.104158, -0.891096, -0.441700,
		0.956771, -0.211037, 0.200133,
		-0.271553, -0.401760, 0.874556,
		26.365688, 36.362278, 34.741188>
	pigment { color rgbt <0,1,1,0> }
	no_shadow
}
cylinder {
	<26.621511, 35.989902, 34.020638>,  <26.555777, 36.643513, 34.128998>, 0.130000
	pigment { color rgbt <1,0,0,0> }
	no_shadow
}

// nucleotide -1

// particle -1
sphere {
	<26.621511, 35.989902, 34.020638> 0.250000
	pigment { color rgbt <1,0,0,0> }
	no_shadow
}
cylinder {
	<26.462055, 35.955727, 34.385887>,  <26.366383, 35.935223, 34.605038>, 0.100000
	pigment { color rgbt <1,0,0,0> }
	no_shadow
}
cylinder {
	<26.462055, 35.955727, 34.385887>,  <26.621511, 35.989902, 34.020638>, 0.100000
	pigment { color rgbt <1,0,0,0> }
	no_shadow
}

// particle -1
sphere {
	<26.462055, 35.955727, 34.385887> 0.100000
	pigment { color rgbt <1,0,0,0> }
	no_shadow
}
sphere {
	0, 1
	scale<0.080000,0.200000,0.300000>
	matrix <-0.283585, -0.935372, -0.211325,
		0.872162, -0.343189, 0.348646,
		-0.398638, -0.085439, 0.913120,
		26.342464, 35.930096, 34.659824>
	pigment { color rgbt <0,1,1,0> }
	no_shadow
}
cylinder {
	<26.799816, 35.313629, 34.201885>,  <26.621511, 35.989902, 34.020638>, 0.130000
	pigment { color rgbt <1,0,0,0> }
	no_shadow
}

// nucleotide -1

// particle -1
sphere {
	<26.799816, 35.313629, 34.201885> 0.250000
	pigment { color rgbt <1,0,0,0> }
	no_shadow
}
cylinder {
	<26.487274, 35.433765, 34.420708>,  <26.299749, 35.505848, 34.552002>, 0.100000
	pigment { color rgbt <1,0,0,0> }
	no_shadow
}
cylinder {
	<26.487274, 35.433765, 34.420708>,  <26.799816, 35.313629, 34.201885>, 0.100000
	pigment { color rgbt <1,0,0,0> }
	no_shadow
}

// particle -1
sphere {
	<26.487274, 35.433765, 34.420708> 0.100000
	pigment { color rgbt <1,0,0,0> }
	no_shadow
}
sphere {
	0, 1
	scale<0.080000,0.200000,0.300000>
	matrix <-0.410505, -0.907599, -0.088035,
		0.470071, -0.293358, 0.832451,
		-0.781357, 0.300343, 0.547060,
		26.252867, 35.523869, 34.584827>
	pigment { color rgbt <0,1,1,0> }
	no_shadow
}
cylinder {
	<26.622917, 34.757626, 34.789482>,  <26.799816, 35.313629, 34.201885>, 0.130000
	pigment { color rgbt <1,0,0,0> }
	no_shadow
}

// nucleotide -1

// particle -1
sphere {
	<26.622917, 34.757626, 34.789482> 0.250000
	pigment { color rgbt <1,0,0,0> }
	no_shadow
}
cylinder {
	<26.305527, 34.988365, 34.711880>,  <26.115093, 35.126808, 34.665318>, 0.100000
	pigment { color rgbt <1,0,0,0> }
	no_shadow
}
cylinder {
	<26.305527, 34.988365, 34.711880>,  <26.622917, 34.757626, 34.789482>, 0.100000
	pigment { color rgbt <1,0,0,0> }
	no_shadow
}

// particle -1
sphere {
	<26.305527, 34.988365, 34.711880> 0.100000
	pigment { color rgbt <1,0,0,0> }
	no_shadow
}
sphere {
	0, 1
	scale<0.080000,0.200000,0.300000>
	matrix <-0.598723, -0.797075, 0.078750,
		-0.109207, 0.178639, 0.977835,
		-0.793476, 0.576852, -0.194001,
		26.067484, 35.161423, 34.653679>
	pigment { color rgbt <0,1,1,0> }
	no_shadow
}
cylinder {
	<26.947395, 34.555744, 35.407036>,  <26.622917, 34.757626, 34.789482>, 0.130000
	pigment { color rgbt <1,0,0,0> }
	no_shadow
}

// nucleotide -1

// particle -1
sphere {
	<26.947395, 34.555744, 35.407036> 0.250000
	pigment { color rgbt <1,0,0,0> }
	no_shadow
}
cylinder {
	<26.650661, 34.822243, 35.376579>,  <26.472622, 34.982143, 35.358307>, 0.100000
	pigment { color rgbt <1,0,0,0> }
	no_shadow
}
cylinder {
	<26.650661, 34.822243, 35.376579>,  <26.947395, 34.555744, 35.407036>, 0.100000
	pigment { color rgbt <1,0,0,0> }
	no_shadow
}

// particle -1
sphere {
	<26.650661, 34.822243, 35.376579> 0.100000
	pigment { color rgbt <1,0,0,0> }
	no_shadow
}
sphere {
	0, 1
	scale<0.080000,0.200000,0.300000>
	matrix <-0.258826, -0.389220, -0.884035,
		-0.618622, -0.636099, 0.461178,
		-0.741833, 0.666248, -0.076142,
		26.428112, 35.022118, 35.353737>
	pigment { color rgbt <0,1,1,0> }
	no_shadow
}
cylinder {
	<26.696541, 34.232613, 36.055744>,  <26.947395, 34.555744, 35.407036>, 0.130000
	pigment { color rgbt <1,0,0,0> }
	no_shadow
}

// nucleotide -1

// particle -1
sphere {
	<26.696541, 34.232613, 36.055744> 0.250000
	pigment { color rgbt <1,0,0,0> }
	no_shadow
}
cylinder {
	<27.010677, 34.089863, 36.258083>,  <27.199160, 34.004211, 36.379486>, 0.100000
	pigment { color rgbt <1,0,0,0> }
	no_shadow
}
cylinder {
	<27.010677, 34.089863, 36.258083>,  <26.696541, 34.232613, 36.055744>, 0.100000
	pigment { color rgbt <1,0,0,0> }
	no_shadow
}

// particle -1
sphere {
	<27.010677, 34.089863, 36.258083> 0.100000
	pigment { color rgbt <1,0,0,0> }
	no_shadow
}
sphere {
	0, 1
	scale<0.080000,0.200000,0.300000>
	matrix <-0.517836, 0.069072, 0.852687,
		-0.339242, -0.931595, -0.130558,
		0.785341, -0.356875, 0.505846,
		27.246279, 33.982800, 36.409836>
	pigment { color rgbt <0,1,1,0> }
	no_shadow
}
cylinder {
	<26.549414, 33.586796, 36.577370>,  <26.696541, 34.232613, 36.055744>, 0.130000
	pigment { color rgbt <1,0,0,0> }
	no_shadow
}

// nucleotide -1

// particle -1
sphere {
	<26.549414, 33.586796, 36.577370> 0.250000
	pigment { color rgbt <1,0,0,0> }
	no_shadow
}
cylinder {
	<26.882620, 33.769424, 36.702354>,  <27.082542, 33.879002, 36.777344>, 0.100000
	pigment { color rgbt <1,0,0,0> }
	no_shadow
}
cylinder {
	<26.882620, 33.769424, 36.702354>,  <26.549414, 33.586796, 36.577370>, 0.100000
	pigment { color rgbt <1,0,0,0> }
	no_shadow
}

// particle -1
sphere {
	<26.882620, 33.769424, 36.702354> 0.100000
	pigment { color rgbt <1,0,0,0> }
	no_shadow
}
sphere {
	0, 1
	scale<0.080000,0.200000,0.300000>
	matrix <-0.339201, -0.024693, 0.940390,
		0.437070, -0.889344, 0.134300,
		0.833014, 0.456571, 0.312459,
		27.132524, 33.906395, 36.796093>
	pigment { color rgbt <0,1,1,0> }
	no_shadow
}
cylinder {
	<26.706371, 33.403557, 37.238297>,  <26.549414, 33.586796, 36.577370>, 0.130000
	pigment { color rgbt <1,0,0,0> }
	no_shadow
}

// nucleotide -1

// particle -1
sphere {
	<26.706371, 33.403557, 37.238297> 0.250000
	pigment { color rgbt <1,0,0,0> }
	no_shadow
}
cylinder {
	<26.865976, 33.766254, 37.183723>,  <26.961739, 33.983871, 37.150982>, 0.100000
	pigment { color rgbt <1,0,0,0> }
	no_shadow
}
cylinder {
	<26.865976, 33.766254, 37.183723>,  <26.706371, 33.403557, 37.238297>, 0.100000
	pigment { color rgbt <1,0,0,0> }
	no_shadow
}

// particle -1
sphere {
	<26.865976, 33.766254, 37.183723> 0.100000
	pigment { color rgbt <1,0,0,0> }
	no_shadow
}
sphere {
	0, 1
	scale<0.080000,0.200000,0.300000>
	matrix <-0.300534, 0.269891, 0.914789,
		0.866296, -0.324011, 0.380195,
		0.399013, 0.906739, -0.136429,
		26.985680, 34.038277, 37.142796>
	pigment { color rgbt <0,1,1,0> }
	no_shadow
}
cylinder {
	<27.160587, 33.494438, 37.750229>,  <26.706371, 33.403557, 37.238297>, 0.130000
	pigment { color rgbt <1,0,0,0> }
	no_shadow
}

// nucleotide -1

// particle -1
sphere {
	<27.160587, 33.494438, 37.750229> 0.250000
	pigment { color rgbt <1,0,0,0> }
	no_shadow
}
cylinder {
	<26.975597, 33.826672, 37.626133>,  <26.864603, 34.026012, 37.551674>, 0.100000
	pigment { color rgbt <1,0,0,0> }
	no_shadow
}
cylinder {
	<26.975597, 33.826672, 37.626133>,  <27.160587, 33.494438, 37.750229>, 0.100000
	pigment { color rgbt <1,0,0,0> }
	no_shadow
}

// particle -1
sphere {
	<26.975597, 33.826672, 37.626133> 0.100000
	pigment { color rgbt <1,0,0,0> }
	no_shadow
}
sphere {
	0, 1
	scale<0.080000,0.200000,0.300000>
	matrix <-0.350842, 0.149920, 0.924356,
		0.814266, 0.536337, 0.222069,
		-0.462473, 0.830582, -0.310244,
		26.836855, 34.075848, 37.533058>
	pigment { color rgbt <0,1,1,0> }
	no_shadow
}
cylinder {
	<27.367634, 34.021366, 38.163872>,  <27.160587, 33.494438, 37.750229>, 0.130000
	pigment { color rgbt <1,0,0,0> }
	no_shadow
}

// nucleotide -1

// particle -1
sphere {
	<27.367634, 34.021366, 38.163872> 0.250000
	pigment { color rgbt <1,0,0,0> }
	no_shadow
}
cylinder {
	<26.999289, 34.080658, 38.019627>,  <26.778282, 34.116234, 37.933079>, 0.100000
	pigment { color rgbt <1,0,0,0> }
	no_shadow
}
cylinder {
	<26.999289, 34.080658, 38.019627>,  <27.367634, 34.021366, 38.163872>, 0.100000
	pigment { color rgbt <1,0,0,0> }
	no_shadow
}

// particle -1
sphere {
	<26.999289, 34.080658, 38.019627> 0.100000
	pigment { color rgbt <1,0,0,0> }
	no_shadow
}
sphere {
	0, 1
	scale<0.080000,0.200000,0.300000>
	matrix <-0.342641, 0.133647, 0.929912,
		0.186035, 0.979881, -0.072281,
		-0.920863, 0.148230, -0.360610,
		26.723030, 34.125126, 37.911442>
	pigment { color rgbt <0,1,1,0> }
	no_shadow
}
cylinder {
	<27.039520, 34.590179, 38.448284>,  <27.367634, 34.021366, 38.163872>, 0.130000
	pigment { color rgbt <1,0,0,0> }
	no_shadow
}

// nucleotide -1

// particle -1
sphere {
	<27.039520, 34.590179, 38.448284> 0.250000
	pigment { color rgbt <1,0,0,0> }
	no_shadow
}
cylinder {
	<26.738644, 34.352768, 38.333790>,  <26.558119, 34.210320, 38.265091>, 0.100000
	pigment { color rgbt <1,0,0,0> }
	no_shadow
}
cylinder {
	<26.738644, 34.352768, 38.333790>,  <27.039520, 34.590179, 38.448284>, 0.100000
	pigment { color rgbt <1,0,0,0> }
	no_shadow
}

// particle -1
sphere {
	<26.738644, 34.352768, 38.333790> 0.100000
	pigment { color rgbt <1,0,0,0> }
	no_shadow
}
sphere {
	0, 1
	scale<0.080000,0.200000,0.300000>
	matrix <-0.432807, 0.117450, 0.893803,
		-0.496880, 0.796196, -0.345229,
		-0.752189, -0.593530, -0.286240,
		26.512987, 34.174709, 38.247917>
	pigment { color rgbt <0,1,1,0> }
	no_shadow
}
cylinder {
	<26.525379, 35.004711, 38.112854>,  <27.039520, 34.590179, 38.448284>, 0.130000
	pigment { color rgbt <1,0,0,0> }
	no_shadow
}

// nucleotide -1

// particle -1
sphere {
	<26.525379, 35.004711, 38.112854> 0.250000
	pigment { color rgbt <1,0,0,0> }
	no_shadow
}
cylinder {
	<26.211369, 34.829361, 37.937786>,  <26.022963, 34.724152, 37.832745>, 0.100000
	pigment { color rgbt <1,0,0,0> }
	no_shadow
}
cylinder {
	<26.211369, 34.829361, 37.937786>,  <26.525379, 35.004711, 38.112854>, 0.100000
	pigment { color rgbt <1,0,0,0> }
	no_shadow
}

// particle -1
sphere {
	<26.211369, 34.829361, 37.937786> 0.100000
	pigment { color rgbt <1,0,0,0> }
	no_shadow
}
sphere {
	0, 1
	scale<0.080000,0.200000,0.300000>
	matrix <-0.535847, 0.126069, 0.834850,
		-0.310805, 0.889904, -0.333872,
		-0.785028, -0.438380, -0.437670,
		25.975861, 34.697845, 37.806484>
	pigment { color rgbt <0,1,1,0> }
	no_shadow
}
cylinder {
	<25.846502, 35.363300, 38.168438>,  <26.525379, 35.004711, 38.112854>, 0.130000
	pigment { color rgbt <1,0,0,0> }
	no_shadow
}

// nucleotide -1

// particle -1
sphere {
	<25.846502, 35.363300, 38.168438> 0.250000
	pigment { color rgbt <1,0,0,0> }
	no_shadow
}
cylinder {
	<25.780300, 34.968945, 38.158451>,  <25.740578, 34.732330, 38.152458>, 0.100000
	pigment { color rgbt <1,0,0,0> }
	no_shadow
}
cylinder {
	<25.780300, 34.968945, 38.158451>,  <25.846502, 35.363300, 38.168438>, 0.100000
	pigment { color rgbt <1,0,0,0> }
	no_shadow
}

// particle -1
sphere {
	<25.780300, 34.968945, 38.158451> 0.100000
	pigment { color rgbt <1,0,0,0> }
	no_shadow
}
sphere {
	0, 1
	scale<0.080000,0.200000,0.300000>
	matrix <-0.556486, 0.072460, 0.827691,
		-0.814205, 0.150882, -0.560628,
		-0.165507, -0.985892, -0.024967,
		25.730648, 34.673176, 38.150963>
	pigment { color rgbt <0,1,1,0> }
	no_shadow
}
cylinder {
	<25.229401, 35.249908, 38.277451>,  <25.846502, 35.363300, 38.168438>, 0.130000
	pigment { color rgbt <1,0,0,0> }
	no_shadow
}

// nucleotide -1

// particle -1
sphere {
	<25.229401, 35.249908, 38.277451> 0.250000
	pigment { color rgbt <1,0,0,0> }
	no_shadow
}
cylinder {
	<25.374329, 34.899349, 38.404350>,  <25.461285, 34.689014, 38.480492>, 0.100000
	pigment { color rgbt <1,0,0,0> }
	no_shadow
}
cylinder {
	<25.374329, 34.899349, 38.404350>,  <25.229401, 35.249908, 38.277451>, 0.100000
	pigment { color rgbt <1,0,0,0> }
	no_shadow
}

// particle -1
sphere {
	<25.374329, 34.899349, 38.404350> 0.100000
	pigment { color rgbt <1,0,0,0> }
	no_shadow
}
sphere {
	0, 1
	scale<0.080000,0.200000,0.300000>
	matrix <-0.513030, 0.096650, 0.852912,
		-0.778155, -0.471785, -0.414601,
		0.362319, -0.876401, 0.317249,
		25.483025, 34.636429, 38.499523>
	pigment { color rgbt <0,1,1,0> }
	no_shadow
}
cylinder {
	<24.642080, 34.854458, 38.465912>,  <25.229401, 35.249908, 38.277451>, 0.130000
	pigment { color rgbt <1,0,0,0> }
	no_shadow
}

// nucleotide -1

// particle -1
sphere {
	<24.642080, 34.854458, 38.465912> 0.250000
	pigment { color rgbt <1,0,0,0> }
	no_shadow
}
cylinder {
	<24.949171, 34.713520, 38.679996>,  <25.133425, 34.628956, 38.808445>, 0.100000
	pigment { color rgbt <1,0,0,0> }
	no_shadow
}
cylinder {
	<24.949171, 34.713520, 38.679996>,  <24.642080, 34.854458, 38.465912>, 0.100000
	pigment { color rgbt <1,0,0,0> }
	no_shadow
}

// particle -1
sphere {
	<24.949171, 34.713520, 38.679996> 0.100000
	pigment { color rgbt <1,0,0,0> }
	no_shadow
}
sphere {
	0, 1
	scale<0.080000,0.200000,0.300000>
	matrix <-0.577055, -0.017048, 0.816527,
		-0.278578, -0.935714, -0.216413,
		0.767725, -0.352349, 0.535209,
		25.179489, 34.607815, 38.840561>
	pigment { color rgbt <0,1,1,0> }
	no_shadow
}
cylinder {
	<24.333635, 34.577778, 39.051025>,  <24.642080, 34.854458, 38.465912>, 0.130000
	pigment { color rgbt <1,0,0,0> }
	no_shadow
}

// nucleotide -1

// particle -1
sphere {
	<24.333635, 34.577778, 39.051025> 0.250000
	pigment { color rgbt <1,0,0,0> }
	no_shadow
}
cylinder {
	<24.714218, 34.601311, 39.171871>,  <24.942568, 34.615429, 39.244377>, 0.100000
	pigment { color rgbt <1,0,0,0> }
	no_shadow
}
cylinder {
	<24.714218, 34.601311, 39.171871>,  <24.333635, 34.577778, 39.051025>, 0.100000
	pigment { color rgbt <1,0,0,0> }
	no_shadow
}

// particle -1
sphere {
	<24.714218, 34.601311, 39.171871> 0.100000
	pigment { color rgbt <1,0,0,0> }
	no_shadow
}
sphere {
	0, 1
	scale<0.080000,0.200000,0.300000>
	matrix <-0.305977, 0.074447, 0.949124,
		0.033348, -0.995488, 0.088835,
		0.951455, 0.058833, 0.302114,
		24.999655, 34.618961, 39.262505>
	pigment { color rgbt <0,1,1,0> }
	no_shadow
}
cylinder {
	<24.414221, 34.729324, 39.715778>,  <24.333635, 34.577778, 39.051025>, 0.130000
	pigment { color rgbt <1,0,0,0> }
	no_shadow
}

// nucleotide -1

// particle -1
sphere {
	<24.414221, 34.729324, 39.715778> 0.250000
	pigment { color rgbt <1,0,0,0> }
	no_shadow
}
cylinder {
	<24.591051, 34.500031, 39.991741>,  <24.697149, 34.362453, 40.157318>, 0.100000
	pigment { color rgbt <1,0,0,0> }
	no_shadow
}
cylinder {
	<24.591051, 34.500031, 39.991741>,  <24.414221, 34.729324, 39.715778>, 0.100000
	pigment { color rgbt <1,0,0,0> }
	no_shadow
}

// particle -1
sphere {
	<24.591051, 34.500031, 39.991741> 0.100000
	pigment { color rgbt <1,0,0,0> }
	no_shadow
}
sphere {
	0, 1
	scale<0.080000,0.200000,0.300000>
	matrix <0.836440, -0.014323, -0.547871,
		0.323942, 0.819263, 0.473148,
		0.442074, -0.573239, 0.689905,
		24.723673, 34.328060, 40.198711>
	pigment { color rgbt <0,1,1,0> }
	no_shadow
}
cylinder {
	<24.959112, 35.123703, 40.140896>,  <24.414221, 34.729324, 39.715778>, 0.130000
	pigment { color rgbt <1,0,0,0> }
	no_shadow
}

// nucleotide -1

// particle -1
sphere {
	<24.959112, 35.123703, 40.140896> 0.250000
	pigment { color rgbt <1,0,0,0> }
	no_shadow
}
cylinder {
	<25.024950, 34.730480, 40.108635>,  <25.064453, 34.494545, 40.089279>, 0.100000
	pigment { color rgbt <1,0,0,0> }
	no_shadow
}
cylinder {
	<25.024950, 34.730480, 40.108635>,  <24.959112, 35.123703, 40.140896>, 0.100000
	pigment { color rgbt <1,0,0,0> }
	no_shadow
}

// particle -1
sphere {
	<25.024950, 34.730480, 40.108635> 0.100000
	pigment { color rgbt <1,0,0,0> }
	no_shadow
}
sphere {
	0, 1
	scale<0.080000,0.200000,0.300000>
	matrix <0.596885, 0.164368, -0.785310,
		0.785262, 0.081117, 0.613827,
		0.164596, -0.983058, -0.080654,
		25.074329, 34.435562, 40.084438>
	pigment { color rgbt <0,1,1,0> }
	no_shadow
}
cylinder {
	<25.738104, 34.982956, 40.161057>,  <24.959112, 35.123703, 40.140896>, 0.130000
	pigment { color rgbt <1,0,0,0> }
	no_shadow
}

// nucleotide -1

// particle -1
sphere {
	<25.738104, 34.982956, 40.161057> 0.250000
	pigment { color rgbt <1,0,0,0> }
	no_shadow
}
cylinder {
	<25.540359, 34.689465, 39.974617>,  <25.421713, 34.513371, 39.862751>, 0.100000
	pigment { color rgbt <1,0,0,0> }
	no_shadow
}
cylinder {
	<25.540359, 34.689465, 39.974617>,  <25.738104, 34.982956, 40.161057>, 0.100000
	pigment { color rgbt <1,0,0,0> }
	no_shadow
}

// particle -1
sphere {
	<25.540359, 34.689465, 39.974617> 0.100000
	pigment { color rgbt <1,0,0,0> }
	no_shadow
}
sphere {
	0, 1
	scale<0.080000,0.200000,0.300000>
	matrix <0.579100, 0.121894, -0.806093,
		0.648266, -0.668422, 0.364641,
		-0.494362, -0.733726, -0.466103,
		25.392052, 34.469345, 39.834785>
	pigment { color rgbt <0,1,1,0> }
	no_shadow
}
cylinder {
	<26.066713, 34.593842, 39.620636>,  <25.738104, 34.982956, 40.161057>, 0.130000
	pigment { color rgbt <1,0,0,0> }
	no_shadow
}

// nucleotide -1

// particle -1
sphere {
	<26.066713, 34.593842, 39.620636> 0.250000
	pigment { color rgbt <1,0,0,0> }
	no_shadow
}
cylinder {
	<25.699034, 34.492310, 39.500210>,  <25.478426, 34.431389, 39.427956>, 0.100000
	pigment { color rgbt <1,0,0,0> }
	no_shadow
}
cylinder {
	<25.699034, 34.492310, 39.500210>,  <26.066713, 34.593842, 39.620636>, 0.100000
	pigment { color rgbt <1,0,0,0> }
	no_shadow
}

// particle -1
sphere {
	<25.699034, 34.492310, 39.500210> 0.100000
	pigment { color rgbt <1,0,0,0> }
	no_shadow
}
sphere {
	0, 1
	scale<0.080000,0.200000,0.300000>
	matrix <0.349262, -0.172354, -0.921038,
