// switches for output
#declare DRAW_BASES = 1; // possible values are 0, 1; only relevant for DNA ribbons
#declare DRAW_BASES_TYPE = 3; // possible values are 1, 2, 3; only relevant for DNA ribbons
#declare DRAW_FOG = 0; // set to 1 to enable fog

#include "colors.inc"

#include "transforms.inc"
background { rgb <1, 1, 1>}

#default {
   normal{
       ripples 0.25
       frequency 0.20
       turbulence 0.2
       lambda 5
   }
	finish {
		phong 0.1
		phong_size 40.
	}
}

// original window dimensions: 1024x640


// camera settings

camera {
	sky <0, 0.179814, -0.983701>
	up <0, 0.179814, -0.983701>
	right 1.6 * <1, 0, 0>
	location <35, 94.9851, 44.8844>
	look_at <35, 29.7336, 32.9568>
	direction <0, -65.2515, -11.9276>
	angle 67.0682
}


# declare cpy_camera_pos = <35, 94.9851, 44.8844>;
# if (DRAW_FOG = 1)
fog {
	fog_type 2
	up vnormalize(cpy_camera_pos)
	color rgbt<1,1,1,0.3>
	distance 1e-5
	fog_alt 3e-3
	fog_offset 56
}
# end


// LIGHTS

# declare lum = 6;
global_settings {
	ambient_light rgb lum * <0.05, 0.05, 0.05>
	max_trace_level 15
}# declare cpy_direct_light_amount = 0.25;
light_source
{	1000 * <-1, -1.16352, -0.803886>,
	rgb lum * cpy_direct_light_amount
	parallel
}

light_source
{	1000 * <1, 1.16352, 0.803886>,
	rgb lum * cpy_direct_light_amount
	parallel
}

// strand 0

// nucleotide -1

// particle -1
sphere {
	<24.179911, 34.344700, 35.108700> 0.250000
	pigment { color rgbt <1,0,0,0> }
	no_shadow
}
cylinder {
	<24.428505, 34.648613, 35.185101>,  <24.577662, 34.830963, 35.230942>, 0.100000
	pigment { color rgbt <1,0,0,0> }
	no_shadow
}
cylinder {
	<24.428505, 34.648613, 35.185101>,  <24.179911, 34.344700, 35.108700>, 0.100000
	pigment { color rgbt <1,0,0,0> }
	no_shadow
}

// particle -1
sphere {
	<24.428505, 34.648613, 35.185101> 0.100000
	pigment { color rgbt <1,0,0,0> }
	no_shadow
}
sphere {
	0, 1
	scale<0.080000,0.200000,0.300000>
	matrix <0.457252, -0.153816, -0.875935,
		-0.636144, 0.631716, -0.443008,
		0.621484, 0.759786, 0.191005,
		24.614950, 34.876549, 35.242401>
	pigment { color rgbt <0,1,1,0> }
	no_shadow
}
cylinder {
	<24.091232, 34.711655, 34.549110>,  <24.179911, 34.344700, 35.108700>, 0.130000
	pigment { color rgbt <1,0,0,0> }
	no_shadow
}

// nucleotide -1

// particle -1
sphere {
	<24.091232, 34.711655, 34.549110> 0.250000
	pigment { color rgbt <1,0,0,0> }
	no_shadow
}
cylinder {
	<24.444695, 34.800186, 34.714115>,  <24.656771, 34.853306, 34.813118>, 0.100000
	pigment { color rgbt <1,0,0,0> }
	no_shadow
}
cylinder {
	<24.444695, 34.800186, 34.714115>,  <24.091232, 34.711655, 34.549110>, 0.100000
	pigment { color rgbt <1,0,0,0> }
	no_shadow
}

// particle -1
sphere {
	<24.444695, 34.800186, 34.714115> 0.100000
	pigment { color rgbt <1,0,0,0> }
	no_shadow
}
sphere {
	0, 1
	scale<0.080000,0.200000,0.300000>
	matrix <0.444675, -0.121362, -0.887432,
		-0.146353, 0.967618, -0.205663,
		0.883654, 0.221331, 0.412514,
		24.709791, 34.866585, 34.837868>
	pigment { color rgbt <0,1,1,0> }
	no_shadow
}
cylinder {
	<24.418198, 35.247589, 34.148361>,  <24.091232, 34.711655, 34.549110>, 0.130000
	pigment { color rgbt <1,0,0,0> }
	no_shadow
}

// nucleotide -1

// particle -1
sphere {
	<24.418198, 35.247589, 34.148361> 0.250000
	pigment { color rgbt <1,0,0,0> }
	no_shadow
}
cylinder {
	<24.690517, 35.009857, 34.319607>,  <24.853910, 34.867218, 34.422356>, 0.100000
	pigment { color rgbt <1,0,0,0> }
	no_shadow
}
cylinder {
	<24.690517, 35.009857, 34.319607>,  <24.418198, 35.247589, 34.148361>, 0.100000
	pigment { color rgbt <1,0,0,0> }
	no_shadow
}

// particle -1
sphere {
	<24.690517, 35.009857, 34.319607> 0.100000
	pigment { color rgbt <1,0,0,0> }
	no_shadow
}
sphere {
	0, 1
	scale<0.080000,0.200000,0.300000>
	matrix <0.529455, -0.004587, -0.848325,
		0.506149, 0.804208, 0.311548,
		0.680801, -0.594330, 0.428114,
		24.894758, 34.831558, 34.448040>
	pigment { color rgbt <0,1,1,0> }
	no_shadow
}
cylinder {
	<25.148544, 35.616875, 34.043556>,  <24.418198, 35.247589, 34.148361>, 0.130000
	pigment { color rgbt <1,0,0,0> }
	no_shadow
}

// nucleotide -1

// particle -1
sphere {
	<25.148544, 35.616875, 34.043556> 0.250000
	pigment { color rgbt <1,0,0,0> }
	no_shadow
}
cylinder {
	<25.223684, 35.228123, 34.100342>,  <25.268768, 34.994869, 34.134415>, 0.100000
	pigment { color rgbt <1,0,0,0> }
	no_shadow
}
cylinder {
	<25.223684, 35.228123, 34.100342>,  <25.148544, 35.616875, 34.043556>, 0.100000
	pigment { color rgbt <1,0,0,0> }
	no_shadow
}

// particle -1
sphere {
	<25.223684, 35.228123, 34.100342> 0.100000
	pigment { color rgbt <1,0,0,0> }
	no_shadow
}
sphere {
	0, 1
	scale<0.080000,0.200000,0.300000>
	matrix <0.555980, -0.013936, -0.831079,
		0.809691, 0.235046, 0.537731,
		0.187848, -0.971884, 0.141965,
		25.280039, 34.936558, 34.142933>
	pigment { color rgbt <0,1,1,0> }
	no_shadow
}
cylinder {
	<25.827028, 35.653221, 34.003857>,  <25.148544, 35.616875, 34.043556>, 0.130000
	pigment { color rgbt <1,0,0,0> }
	no_shadow
}

// nucleotide -1

// particle -1
sphere {
	<25.827028, 35.653221, 34.003857> 0.250000
	pigment { color rgbt <1,0,0,0> }
	no_shadow
}
cylinder {
	<25.737251, 35.270660, 33.929100>,  <25.683386, 35.041126, 33.884247>, 0.100000
	pigment { color rgbt <1,0,0,0> }
	no_shadow
}
cylinder {
	<25.737251, 35.270660, 33.929100>,  <25.827028, 35.653221, 34.003857>, 0.100000
	pigment { color rgbt <1,0,0,0> }
	no_shadow
}

// particle -1
sphere {
	<25.737251, 35.270660, 33.929100> 0.100000
	pigment { color rgbt <1,0,0,0> }
	no_shadow
}
sphere {
	0, 1
	scale<0.080000,0.200000,0.300000>
	matrix <0.754055, -0.048965, -0.654983,
		0.617274, -0.287931, 0.732167,
		-0.224441, -0.956398, -0.186891,
		25.669920, 34.983742, 33.873032>
	pigment { color rgbt <0,1,1,0> }
	no_shadow
}
cylinder {
	<26.376787, 35.451836, 33.718918>,  <25.827028, 35.653221, 34.003857>, 0.130000
	pigment { color rgbt <1,0,0,0> }
	no_shadow
}

// nucleotide -1

// particle -1
sphere {
	<26.376787, 35.451836, 33.718918> 0.250000
	pigment { color rgbt <1,0,0,0> }
	no_shadow
}
cylinder {
	<26.152411, 35.122402, 33.685314>,  <26.017784, 34.924744, 33.665150>, 0.100000
	pigment { color rgbt <1,0,0,0> }
	no_shadow
}
cylinder {
	<26.152411, 35.122402, 33.685314>,  <26.376787, 35.451836, 33.718918>, 0.100000
	pigment { color rgbt <1,0,0,0> }
	no_shadow
}

// particle -1
sphere {
	<26.152411, 35.122402, 33.685314> 0.100000
	pigment { color rgbt <1,0,0,0> }
	no_shadow
}
sphere {
	0, 1
	scale<0.080000,0.200000,0.300000>
	matrix <0.705697, -0.422642, -0.568652,
		0.432824, -0.378268, 0.818277,
		-0.560941, -0.823582, -0.084013,
		25.984129, 34.875328, 33.660110>
	pigment { color rgbt <0,1,1,0> }
	no_shadow
}
cylinder {
	<26.651697, 34.791634, 34.057121>,  <26.376787, 35.451836, 33.718918>, 0.130000
	pigment { color rgbt <1,0,0,0> }
	no_shadow
}

// nucleotide -1

// particle -1
sphere {
	<26.651697, 34.791634, 34.057121> 0.250000
	pigment { color rgbt <1,0,0,0> }
	no_shadow
}
cylinder {
	<26.428537, 34.730793, 33.730782>,  <26.294641, 34.694290, 33.534977>, 0.100000
	pigment { color rgbt <1,0,0,0> }
	no_shadow
}
cylinder {
	<26.428537, 34.730793, 33.730782>,  <26.651697, 34.791634, 34.057121>, 0.100000
	pigment { color rgbt <1,0,0,0> }
	no_shadow
}

// particle -1
sphere {
	<26.428537, 34.730793, 33.730782> 0.100000
	pigment { color rgbt <1,0,0,0> }
	no_shadow
}
sphere {
	0, 1
	scale<0.080000,0.200000,0.300000>
	matrix <0.815284, -0.284175, -0.504536,
		-0.155104, -0.946631, 0.282547,
		-0.557902, -0.152101, -0.815850,
		26.261168, 34.685162, 33.486027>
	pigment { color rgbt <0,1,1,0> }
	no_shadow
}
cylinder {
	<26.650230, 34.023144, 33.839603>,  <26.651697, 34.791634, 34.057121>, 0.130000
	pigment { color rgbt <1,0,0,0> }
	no_shadow
}

// nucleotide -1

// particle -1
sphere {
	<26.650230, 34.023144, 33.839603> 0.250000
	pigment { color rgbt <1,0,0,0> }
	no_shadow
}
cylinder {
	<26.625320, 34.324051, 33.577240>,  <26.610374, 34.504593, 33.419823>, 0.100000
	pigment { color rgbt <1,0,0,0> }
	no_shadow
}
cylinder {
	<26.625320, 34.324051, 33.577240>,  <26.650230, 34.023144, 33.839603>, 0.100000
	pigment { color rgbt <1,0,0,0> }
	no_shadow
}

// particle -1
sphere {
	<26.625320, 34.324051, 33.577240> 0.100000
	pigment { color rgbt <1,0,0,0> }
	no_shadow
}
sphere {
	0, 1
	scale<0.080000,0.200000,0.300000>
	matrix <0.667454, -0.457219, -0.587754,
		-0.742042, -0.474392, -0.473631,
		-0.062273, 0.752265, -0.655911,
		26.606638, 34.549732, 33.380466>
	pigment { color rgbt <0,1,1,0> }
	no_shadow
}
cylinder {
	<26.663103, 33.680824, 33.218449>,  <26.650230, 34.023144, 33.839603>, 0.130000
	pigment { color rgbt <1,0,0,0> }
	no_shadow
}

// nucleotide -1

// particle -1
sphere {
	<26.663103, 33.680824, 33.218449> 0.250000
	pigment { color rgbt <1,0,0,0> }
	no_shadow
}
cylinder {
	<26.757458, 34.049168, 33.094265>,  <26.814072, 34.270172, 33.019756>, 0.100000
	pigment { color rgbt <1,0,0,0> }
	no_shadow
}
cylinder {
	<26.757458, 34.049168, 33.094265>,  <26.663103, 33.680824, 33.218449>, 0.100000
	pigment { color rgbt <1,0,0,0> }
	no_shadow
}

// particle -1
sphere {
	<26.757458, 34.049168, 33.094265> 0.100000
	pigment { color rgbt <1,0,0,0> }
	no_shadow
}
sphere {
	0, 1
	scale<0.080000,0.200000,0.300000>
	matrix <0.694971, -0.383158, -0.608445,
		-0.679244, -0.072236, -0.730349,
		0.235888, 0.920854, -0.310460,
		26.828224, 34.325424, 33.001125>
	pigment { color rgbt <0,1,1,0> }
	no_shadow
}
cylinder {
	<26.835863, 33.589561, 32.615749>,  <26.663103, 33.680824, 33.218449>, 0.130000
	pigment { color rgbt <1,0,0,0> }
	no_shadow
}

// nucleotide -1

// particle -1
sphere {
	<26.835863, 33.589561, 32.615749> 0.250000
	pigment { color rgbt <1,0,0,0> }
	no_shadow
}
cylinder {
	<27.022711, 33.940010, 32.663441>,  <27.134819, 34.150280, 32.692055>, 0.100000
	pigment { color rgbt <1,0,0,0> }
	no_shadow
}
cylinder {
	<27.022711, 33.940010, 32.663441>,  <26.835863, 33.589561, 32.615749>, 0.100000
	pigment { color rgbt <1,0,0,0> }
	no_shadow
}

// particle -1
sphere {
	<27.022711, 33.940010, 32.663441> 0.100000
	pigment { color rgbt <1,0,0,0> }
	no_shadow
}
sphere {
	0, 1
	scale<0.080000,0.200000,0.300000>
	matrix <0.746754, -0.318701, -0.583771,
		-0.473455, 0.361724, -0.803117,
		0.467118, 0.876120, 0.119228,
		27.162846, 34.202847, 32.699207>
	pigment { color rgbt <0,1,1,0> }
	no_shadow
}
cylinder {
	<27.058310, 33.717937, 31.975437>,  <26.835863, 33.589561, 32.615749>, 0.130000
	pigment { color rgbt <1,0,0,0> }
	no_shadow
}

// nucleotide -1

// particle -1
sphere {
	<27.058310, 33.717937, 31.975437> 0.250000
	pigment { color rgbt <1,0,0,0> }
	no_shadow
}
cylinder {
	<27.279745, 33.948559, 32.215813>,  <27.412607, 34.086929, 32.360039>, 0.100000
	pigment { color rgbt <1,0,0,0> }
	no_shadow
}
cylinder {
	<27.279745, 33.948559, 32.215813>,  <27.058310, 33.717937, 31.975437>, 0.100000
	pigment { color rgbt <1,0,0,0> }
	no_shadow
}

// particle -1
sphere {
	<27.279745, 33.948559, 32.215813> 0.100000
	pigment { color rgbt <1,0,0,0> }
	no_shadow
}
sphere {
	0, 1
	scale<0.080000,0.200000,0.300000>
	matrix <0.811869, -0.212905, -0.543636,
		-0.185490, 0.788836, -0.585944,
		0.553590, 0.576549, 0.600940,
		27.445822, 34.121525, 32.396095>
	pigment { color rgbt <0,1,1,0> }
	no_shadow
}
cylinder {
	<27.490232, 33.993034, 31.491743>,  <27.058310, 33.717937, 31.975437>, 0.130000
	pigment { color rgbt <1,0,0,0> }
	no_shadow
}

// nucleotide -1

// particle -1
sphere {
	<27.490232, 33.993034, 31.491743> 0.250000
	pigment { color rgbt <1,0,0,0> }
	no_shadow
}
cylinder {
	<27.663288, 34.043484, 31.848824>,  <27.767122, 34.073753, 32.063072>, 0.100000
	pigment { color rgbt <1,0,0,0> }
	no_shadow
}
cylinder {
	<27.663288, 34.043484, 31.848824>,  <27.490232, 33.993034, 31.491743>, 0.100000
	pigment { color rgbt <1,0,0,0> }
	no_shadow
}

// particle -1
sphere {
	<27.663288, 34.043484, 31.848824> 0.100000
	pigment { color rgbt <1,0,0,0> }
	no_shadow
}
sphere {
	0, 1
	scale<0.080000,0.200000,0.300000>
	matrix <0.898452, -0.142558, -0.415285,
		0.074885, 0.981718, -0.174991,
		0.432640, 0.126122, 0.892702,
		27.793079, 34.081322, 32.116634>
	pigment { color rgbt <0,1,1,0> }
	no_shadow
}
cylinder {
	<28.139147, 33.883778, 31.138752>,  <27.490232, 33.993034, 31.491743>, 0.130000
	pigment { color rgbt <1,0,0,0> }
	no_shadow
}

// nucleotide -1

// particle -1
sphere {
	<28.139147, 33.883778, 31.138752> 0.250000
	pigment { color rgbt <1,0,0,0> }
	no_shadow
}
cylinder {
	<28.414427, 34.132271, 31.288658>,  <28.579596, 34.281364, 31.378603>, 0.100000
	pigment { color rgbt <1,0,0,0> }
	no_shadow
}
cylinder {
	<28.414427, 34.132271, 31.288658>,  <28.139147, 33.883778, 31.138752>, 0.100000
	pigment { color rgbt <1,0,0,0> }
	no_shadow
}

// particle -1
sphere {
	<28.414427, 34.132271, 31.288658> 0.100000
	pigment { color rgbt <1,0,0,0> }
	no_shadow
}
sphere {
	0, 1
	scale<0.080000,0.200000,0.300000>
	matrix <-0.477896, -0.000502, 0.878416,
		0.545888, -0.783627, 0.296539,
		0.688202, 0.621231, 0.374766,
		28.620888, 34.318642, 31.401089>
	pigment { color rgbt <0,1,1,0> }
	no_shadow
}
cylinder {
	<28.115810, 33.780323, 31.867796>,  <28.139147, 33.883778, 31.138752>, 0.130000
	pigment { color rgbt <1,0,0,0> }
	no_shadow
}

// nucleotide -1

// particle -1
sphere {
	<28.115810, 33.780323, 31.867796> 0.250000
	pigment { color rgbt <1,0,0,0> }
	no_shadow
}
cylinder {
	<28.319971, 34.123863, 31.850508>,  <28.442469, 34.329987, 31.840136>, 0.100000
	pigment { color rgbt <1,0,0,0> }
	no_shadow
}
cylinder {
	<28.319971, 34.123863, 31.850508>,  <28.115810, 33.780323, 31.867796>, 0.100000
	pigment { color rgbt <1,0,0,0> }
	no_shadow
}

// particle -1
sphere {
	<28.319971, 34.123863, 31.850508> 0.100000
	pigment { color rgbt <1,0,0,0> }
	no_shadow
}
sphere {
	0, 1
	scale<0.080000,0.200000,0.300000>
	matrix <-0.483783, 0.328332, 0.811265,
		0.710945, -0.393163, 0.583078,
		0.510403, 0.858849, -0.043220,
		28.473093, 34.381519, 31.837542>
	pigment { color rgbt <0,1,1,0> }
	no_shadow
}
cylinder {
	<28.514881, 33.751320, 32.585503>,  <28.115810, 33.780323, 31.867796>, 0.130000
	pigment { color rgbt <1,0,0,0> }
	no_shadow
}

// nucleotide -1

// particle -1
sphere {
	<28.514881, 33.751320, 32.585503> 0.250000
	pigment { color rgbt <1,0,0,0> }
	no_shadow
}
cylinder {
	<28.388660, 34.068630, 32.377216>,  <28.312927, 34.259014, 32.252243>, 0.100000
	pigment { color rgbt <1,0,0,0> }
	no_shadow
}
cylinder {
	<28.388660, 34.068630, 32.377216>,  <28.514881, 33.751320, 32.585503>, 0.100000
	pigment { color rgbt <1,0,0,0> }
	no_shadow
}

// particle -1
sphere {
	<28.388660, 34.068630, 32.377216> 0.100000
	pigment { color rgbt <1,0,0,0> }
	no_shadow
}
sphere {
	0, 1
	scale<0.080000,0.200000,0.300000>
	matrix <-0.716866, 0.160248, 0.678546,
		0.621715, 0.587401, 0.518103,
		-0.315553, 0.793272, -0.520716,
		28.293995, 34.306610, 32.221001>
	pigment { color rgbt <0,1,1,0> }
	no_shadow
}
cylinder {
	<28.468220, 34.330921, 33.047806>,  <28.514881, 33.751320, 32.585503>, 0.130000
	pigment { color rgbt <1,0,0,0> }
	no_shadow
}

// nucleotide -1

// particle -1
sphere {
	<28.468220, 34.330921, 33.047806> 0.250000
	pigment { color rgbt <1,0,0,0> }
	no_shadow
}
cylinder {
	<28.234482, 34.400070, 32.730656>,  <28.094238, 34.441559, 32.540363>, 0.100000
	pigment { color rgbt <1,0,0,0> }
	no_shadow
}
cylinder {
	<28.234482, 34.400070, 32.730656>,  <28.468220, 34.330921, 33.047806>, 0.100000
	pigment { color rgbt <1,0,0,0> }
	no_shadow
}

// particle -1
sphere {
	<28.234482, 34.400070, 32.730656> 0.100000
	pigment { color rgbt <1,0,0,0> }
	no_shadow
}
sphere {
	0, 1
	scale<0.080000,0.200000,0.300000>
	matrix <-0.756052, 0.238997, 0.609316,
		0.294830, 0.955508, -0.008956,
		-0.584346, 0.172874, -0.792877,
		28.059177, 34.451931, 32.492794>
	pigment { color rgbt <0,1,1,0> }
	no_shadow
}
cylinder {
	<28.195547, 34.922237, 33.104599>,  <28.468220, 34.330921, 33.047806>, 0.130000
	pigment { color rgbt <1,0,0,0> }
	no_shadow
}

// nucleotide -1

// particle -1
sphere {
	<28.195547, 34.922237, 33.104599> 0.250000
	pigment { color rgbt <1,0,0,0> }
	no_shadow
}
cylinder {
	<27.959352, 34.704456, 32.866306>,  <27.817635, 34.573788, 32.723331>, 0.100000
	pigment { color rgbt <1,0,0,0> }
	no_shadow
}
cylinder {
	<27.959352, 34.704456, 32.866306>,  <28.195547, 34.922237, 33.104599>, 0.100000
	pigment { color rgbt <1,0,0,0> }
	no_shadow
}

// particle -1
sphere {
	<27.959352, 34.704456, 32.866306> 0.100000
	pigment { color rgbt <1,0,0,0> }
	no_shadow
}
sphere {
	0, 1
	scale<0.080000,0.200000,0.300000>
	matrix <-0.804518, 0.338722, 0.487871,
		-0.063836, 0.767358, -0.638034,
		-0.590488, -0.544453, -0.595730,
		27.782206, 34.541119, 32.687588>
	pigment { color rgbt <0,1,1,0> }
	no_shadow
}
cylinder {
	<27.863970, 35.297981, 32.686813>,  <28.195547, 34.922237, 33.104599>, 0.130000
	pigment { color rgbt <1,0,0,0> }
	no_shadow
}

// nucleotide -1

// particle -1
sphere {
	<27.863970, 35.297981, 32.686813> 0.250000
	pigment { color rgbt <1,0,0,0> }
	no_shadow
}
cylinder {
	<27.632200, 34.972824, 32.710358>,  <27.493139, 34.777729, 32.724483>, 0.100000
	pigment { color rgbt <1,0,0,0> }
	no_shadow
}
cylinder {
	<27.632200, 34.972824, 32.710358>,  <27.863970, 35.297981, 32.686813>, 0.100000
	pigment { color rgbt <1,0,0,0> }
	no_shadow
}

// particle -1
sphere {
	<27.632200, 34.972824, 32.710358> 0.100000
	pigment { color rgbt <1,0,0,0> }
	no_shadow
}
sphere {
	0, 1
	scale<0.080000,0.200000,0.300000>
	matrix <-0.766829, 0.568205, 0.298525,
		-0.276118, 0.127833, -0.952585,
		-0.579424, -0.812897, 0.058865,
		27.458372, 34.728954, 32.728016>
	pigment { color rgbt <0,1,1,0> }
	no_shadow
}
cylinder {
	<27.186687, 35.534893, 32.717049>,  <27.863970, 35.297981, 32.686813>, 0.130000
	pigment { color rgbt <1,0,0,0> }
	no_shadow
}

// nucleotide -1

// particle -1
sphere {
	<27.186687, 35.534893, 32.717049> 0.250000
	pigment { color rgbt <1,0,0,0> }
	no_shadow
}
cylinder {
	<27.065296, 35.162823, 32.799683>,  <26.992462, 34.939579, 32.849262>, 0.100000
	pigment { color rgbt <1,0,0,0> }
	no_shadow
}
cylinder {
	<27.065296, 35.162823, 32.799683>,  <27.186687, 35.534893, 32.717049>, 0.100000
	pigment { color rgbt <1,0,0,0> }
	no_shadow
}

// particle -1
sphere {
	<27.065296, 35.162823, 32.799683> 0.100000
	pigment { color rgbt <1,0,0,0> }
	no_shadow
}
sphere {
	0, 1
	scale<0.080000,0.200000,0.300000>
	matrix <-0.881832, 0.356307, 0.308898,
		-0.360936, -0.088428, -0.928389,
		-0.303477, -0.930175, 0.206583,
		26.974253, 34.883770, 32.861656>
	pigment { color rgbt <0,1,1,0> }
	no_shadow
}
cylinder {
	<26.432878, 35.553307, 32.561028>,  <27.186687, 35.534893, 32.717049>, 0.130000
	pigment { color rgbt <1,0,0,0> }
	no_shadow
}

// nucleotide -1

// particle -1
sphere {
	<26.432878, 35.553307, 32.561028> 0.250000
	pigment { color rgbt <1,0,0,0> }
	no_shadow
}
cylinder {
	<26.512609, 35.255924, 32.816383>,  <26.560448, 35.077496, 32.969597>, 0.100000
	pigment { color rgbt <1,0,0,0> }
	no_shadow
}
cylinder {
	<26.512609, 35.255924, 32.816383>,  <26.432878, 35.553307, 32.561028>, 0.100000
	pigment { color rgbt <1,0,0,0> }
	no_shadow
}

// particle -1
sphere {
	<26.512609, 35.255924, 32.816383> 0.100000
	pigment { color rgbt <1,0,0,0> }
	no_shadow
}
sphere {
	0, 1
	scale<0.080000,0.200000,0.300000>
	matrix <-0.860854, 0.178402, 0.476553,
		-0.468186, -0.644550, -0.604448,
		0.199327, -0.743457, 0.638389,
		26.572407, 35.032887, 33.007900>
	pigment { color rgbt <0,1,1,0> }
	no_shadow
}
cylinder {
	<25.925951, 35.131241, 32.562210>,  <26.432878, 35.553307, 32.561028>, 0.130000
	pigment { color rgbt <1,0,0,0> }
	no_shadow
}

// nucleotide -1

// particle -1
sphere {
	<25.925951, 35.131241, 32.562210> 0.250000
	pigment { color rgbt <1,0,0,0> }
	no_shadow
}
cylinder {
	<26.081638, 35.071938, 32.925865>,  <26.175051, 35.036354, 33.144058>, 0.100000
	pigment { color rgbt <1,0,0,0> }
	no_shadow
}
cylinder {
	<26.081638, 35.071938, 32.925865>,  <25.925951, 35.131241, 32.562210>, 0.100000
	pigment { color rgbt <1,0,0,0> }
	no_shadow
}

// particle -1
sphere {
	<26.081638, 35.071938, 32.925865> 0.100000
	pigment { color rgbt <1,0,0,0> }
	no_shadow
}
sphere {
	0, 1
	scale<0.080000,0.200000,0.300000>
	matrix <-0.912607, 0.072006, 0.402446,
		-0.125130, -0.986324, -0.107277,
		0.389217, -0.148260, 0.909136,
		26.198404, 35.027458, 33.198605>
	pigment { color rgbt <0,1,1,0> }
	no_shadow
}
cylinder {
	<25.215174, 35.185753, 32.418427>,  <25.925951, 35.131241, 32.562210>, 0.130000
	pigment { color rgbt <1,0,0,0> }
	no_shadow
}

// nucleotide -1

// particle -1
sphere {
	<25.215174, 35.185753, 32.418427> 0.250000
	pigment { color rgbt <1,0,0,0> }
	no_shadow
}
cylinder {
	<25.082787, 35.113667, 32.047916>,  <25.003353, 35.070415, 31.825611>, 0.100000
	pigment { color rgbt <1,0,0,0> }
	no_shadow
}
cylinder {
	<25.082787, 35.113667, 32.047916>,  <25.215174, 35.185753, 32.418427>, 0.100000
	pigment { color rgbt <1,0,0,0> }
	no_shadow
}

// particle -1
sphere {
	<25.082787, 35.113667, 32.047916> 0.100000
	pigment { color rgbt <1,0,0,0> }
	no_shadow
}
sphere {
	0, 1
	scale<0.080000,0.200000,0.300000>
	matrix <0.735201, 0.566103, -0.372837,
		0.591557, -0.804394, -0.054867,
		-0.330969, -0.180216, -0.926273,
		24.983496, 35.059601, 31.770035>
	pigment { color rgbt <0,1,1,0> }
	no_shadow
}
cylinder {
	<25.157532, 34.889328, 33.032448>,  <25.215174, 35.185753, 32.418427>, 0.130000
	pigment { color rgbt <1,0,0,0> }
	no_shadow
}

// nucleotide -1

// particle -1
sphere {
	<25.157532, 34.889328, 33.032448> 0.250000
	pigment { color rgbt <1,0,0,0> }
	no_shadow
}
cylinder {
	<25.525387, 34.739098, 33.078411>,  <25.746099, 34.648960, 33.105988>, 0.100000
	pigment { color rgbt <1,0,0,0> }
	no_shadow
}
cylinder {
	<25.525387, 34.739098, 33.078411>,  <25.157532, 34.889328, 33.032448>, 0.100000
	pigment { color rgbt <1,0,0,0> }
	no_shadow
}

// particle -1
sphere {
	<25.525387, 34.739098, 33.078411> 0.100000
	pigment { color rgbt <1,0,0,0> }
	no_shadow
}
sphere {
	0, 1
	scale<0.080000,0.200000,0.300000>
	matrix <-0.211856, -0.228005, 0.950332,
		-0.330729, -0.898305, -0.289251,
		0.919638, -0.375582, 0.114903,
		25.801279, 34.626423, 33.112881>
	pigment { color rgbt <0,1,1,0> }
	no_shadow
}
cylinder {
	<25.030479, 34.173878, 33.343971>,  <25.157532, 34.889328, 33.032448>, 0.130000
	pigment { color rgbt <1,0,0,0> }
	no_shadow
}

// nucleotide -1

// particle -1
sphere {
	<25.030479, 34.173878, 33.343971> 0.250000
	pigment { color rgbt <1,0,0,0> }
	no_shadow
}
cylinder {
	<25.402212, 34.313431, 33.392349>,  <25.625252, 34.397163, 33.421375>, 0.100000
	pigment { color rgbt <1,0,0,0> }
	no_shadow
}
cylinder {
	<25.402212, 34.313431, 33.392349>,  <25.030479, 34.173878, 33.343971>, 0.100000
	pigment { color rgbt <1,0,0,0> }
	no_shadow
}

// particle -1
sphere {
	<25.402212, 34.313431, 33.392349> 0.100000
	pigment { color rgbt <1,0,0,0> }
	no_shadow
}
sphere {
	0, 1
	scale<0.080000,0.200000,0.300000>
	matrix <-0.043590, -0.221609, 0.974161,
		0.366669, -0.910589, -0.190740,
		0.929330, 0.348880, 0.120950,
		25.681011, 34.418095, 33.428635>
	pigment { color rgbt <0,1,1,0> }
	no_shadow
}
cylinder {
	<25.467813, 33.746376, 33.736519>,  <25.030479, 34.173878, 33.343971>, 0.130000
	pigment { color rgbt <1,0,0,0> }
	no_shadow
}

// nucleotide -1

// particle -1
sphere {
	<25.467813, 33.746376, 33.736519> 0.250000
	pigment { color rgbt <1,0,0,0> }
	no_shadow
}
cylinder {
	<25.544870, 34.135593, 33.787239>,  <25.591105, 34.369125, 33.817673>, 0.100000
	pigment { color rgbt <1,0,0,0> }
	no_shadow
}
cylinder {
	<25.544870, 34.135593, 33.787239>,  <25.467813, 33.746376, 33.736519>, 0.100000
	pigment { color rgbt <1,0,0,0> }
	no_shadow
}

// particle -1
sphere {
	<25.544870, 34.135593, 33.787239> 0.100000
	pigment { color rgbt <1,0,0,0> }
	no_shadow
}
sphere {
	0, 1
	scale<0.080000,0.200000,0.300000>
	matrix <-0.185850, -0.090703, 0.978383,
		0.963509, -0.212044, 0.163366,
		0.192642, 0.973042, 0.126801,
		25.602663, 34.427505, 33.825279>
	pigment { color rgbt <0,1,1,0> }
	no_shadow
}
cylinder {
	<25.679840, 33.746666, 34.411385>,  <25.467813, 33.746376, 33.736519>, 0.130000
	pigment { color rgbt <1,0,0,0> }
	no_shadow
}

// nucleotide -1

// particle -1
sphere {
	<25.679840, 33.746666, 34.411385> 0.250000
	pigment { color rgbt <1,0,0,0> }
	no_shadow
}
cylinder {
	<25.564547, 34.123947, 34.345303>,  <25.495371, 34.350315, 34.305653>, 0.100000
	pigment { color rgbt <1,0,0,0> }
	no_shadow
}
cylinder {
	<25.564547, 34.123947, 34.345303>,  <25.679840, 33.746666, 34.411385>, 0.100000
	pigment { color rgbt <1,0,0,0> }
	no_shadow
}

// particle -1
sphere {
	<25.564547, 34.123947, 34.345303> 0.100000
	pigment { color rgbt <1,0,0,0> }
	no_shadow
}
sphere {
	0, 1
	scale<0.080000,0.200000,0.300000>
	matrix <-0.376135, 0.047133, 0.925365,
		0.880593, 0.328860, 0.341186,
		-0.288234, 0.943202, -0.165201,
		25.478077, 34.406906, 34.295742>
	pigment { color rgbt <0,1,1,0> }
	no_shadow
}
cylinder {
	<25.829578, 34.147591, 35.054062>,  <25.679840, 33.746666, 34.411385>, 0.130000
	pigment { color rgbt <1,0,0,0> }
	no_shadow
}

// nucleotide -1

// particle -1
sphere {
	<25.829578, 34.147591, 35.054062> 0.250000
	pigment { color rgbt <1,0,0,0> }
	no_shadow
}
cylinder {
	<25.526089, 34.333405, 34.871391>,  <25.343996, 34.444893, 34.761791>, 0.100000
	pigment { color rgbt <1,0,0,0> }
	no_shadow
}
cylinder {
	<25.526089, 34.333405, 34.871391>,  <25.829578, 34.147591, 35.054062>, 0.100000
	pigment { color rgbt <1,0,0,0> }
	no_shadow
}

// particle -1
sphere {
	<25.526089, 34.333405, 34.871391> 0.100000
	pigment { color rgbt <1,0,0,0> }
	no_shadow
}
sphere {
	0, 1
	scale<0.080000,0.200000,0.300000>
	matrix <-0.490283, 0.054364, 0.869866,
		0.428907, 0.883886, 0.186505,
		-0.758723, 0.464532, -0.456672,
		25.298471, 34.472763, 34.734390>
	pigment { color rgbt <0,1,1,0> }
	no_shadow
}
cylinder {
	<25.378372, 34.513634, 35.626038>,  <25.829578, 34.147591, 35.054062>, 0.130000
	pigment { color rgbt <1,0,0,0> }
	no_shadow
}

// nucleotide -1

// particle -1
sphere {
	<25.378372, 34.513634, 35.626038> 0.250000
	pigment { color rgbt <1,0,0,0> }
	no_shadow
}
cylinder {
	<25.118683, 34.486481, 35.323013>,  <24.962870, 34.470188, 35.141197>, 0.100000
	pigment { color rgbt <1,0,0,0> }
	no_shadow
}
cylinder {
	<25.118683, 34.486481, 35.323013>,  <25.378372, 34.513634, 35.626038>, 0.100000
	pigment { color rgbt <1,0,0,0> }
	no_shadow
}

// particle -1
sphere {
	<25.118683, 34.486481, 35.323013> 0.100000
	pigment { color rgbt <1,0,0,0> }
	no_shadow
}
sphere {
	0, 1
	scale<0.080000,0.200000,0.300000>
	matrix <-0.759343, 0.115071, 0.640435,
		0.043702, 0.991035, -0.126249,
		-0.649222, -0.067878, -0.757564,
		24.923916, 34.466118, 35.095745>
	pigment { color rgbt <0,1,1,0> }
	no_shadow
}
cylinder {
	<26.124136, 34.302063, 35.803879>,  <25.378372, 34.513634, 35.626038>, 0.130000
	pigment { color rgbt <1,0,0,0> }
	no_shadow
}

// nucleotide -1

// particle -1
sphere {
	<26.124136, 34.302063, 35.803879> 0.250000
	pigment { color rgbt <1,0,0,0> }
	no_shadow
}
cylinder {
	<25.807135, 34.084240, 35.913708>,  <25.616934, 33.953545, 35.979607>, 0.100000
	pigment { color rgbt <1,0,0,0> }
	no_shadow
}
cylinder {
	<25.807135, 34.084240, 35.913708>,  <26.124136, 34.302063, 35.803879>, 0.100000
	pigment { color rgbt <1,0,0,0> }
	no_shadow
}

// particle -1
sphere {
	<25.807135, 34.084240, 35.913708> 0.100000
	pigment { color rgbt <1,0,0,0> }
	no_shadow
}
sphere {
	0, 1
	scale<0.080000,0.200000,0.300000>
	matrix <0.437607, -0.194182, 0.877948,
		-0.424777, 0.815934, 0.392193,
		-0.792505, -0.544559, 0.274575,
		25.569384, 33.920872, 35.996078>
	pigment { color rgbt <0,1,1,0> }
	no_shadow
}
cylinder {
	<26.502508, 35.009628, 35.913368>,  <26.124136, 34.302063, 35.803879>, 0.130000
	pigment { color rgbt <1,0,0,0> }
	no_shadow
}

// nucleotide -1

// particle -1
sphere {
	<26.502508, 35.009628, 35.913368> 0.250000
	pigment { color rgbt <1,0,0,0> }
	no_shadow
}
cylinder {
	<26.804556, 35.243572, 36.031849>,  <26.985785, 35.383938, 36.102936>, 0.100000
	pigment { color rgbt <1,0,0,0> }
	no_shadow
}
cylinder {
	<26.804556, 35.243572, 36.031849>,  <26.502508, 35.009628, 35.913368>, 0.100000
	pigment { color rgbt <1,0,0,0> }
	no_shadow
}

// particle -1
sphere {
	<26.804556, 35.243572, 36.031849> 0.100000
	pigment { color rgbt <1,0,0,0> }
	no_shadow
}
sphere {
	0, 1
	scale<0.080000,0.200000,0.300000>
	matrix <-0.538585, 0.295821, 0.788934,
		0.373797, -0.755265, 0.538377,
		0.755118, 0.584863, 0.296197,
		27.031092, 35.419029, 36.120708>
	pigment { color rgbt <0,1,1,0> }
	no_shadow
}
cylinder {
	<26.582836, 34.874840, 36.669163>,  <26.502508, 35.009628, 35.913368>, 0.130000
	pigment { color rgbt <1,0,0,0> }
	no_shadow
}

// nucleotide -1

// particle -1
sphere {
	<26.582836, 34.874840, 36.669163> 0.250000
	pigment { color rgbt <1,0,0,0> }
	no_shadow
}
cylinder {
	<26.754951, 35.227505, 36.591686>,  <26.858221, 35.439106, 36.545200>, 0.100000
	pigment { color rgbt <1,0,0,0> }
	no_shadow
}
cylinder {
	<26.754951, 35.227505, 36.591686>,  <26.582836, 34.874840, 36.669163>, 0.100000
	pigment { color rgbt <1,0,0,0> }
	no_shadow
}

// particle -1
sphere {
	<26.754951, 35.227505, 36.591686> 0.100000
	pigment { color rgbt <1,0,0,0> }
	no_shadow
}
sphere {
	0, 1
	scale<0.080000,0.200000,0.300000>
	matrix <-0.448155, 0.394905, 0.802002,
		0.783587, -0.258290, 0.565047,
		0.430289, 0.881666, -0.193688,
		26.884039, 35.492004, 36.533581>
	pigment { color rgbt <0,1,1,0> }
	no_shadow
}
cylinder {
	<26.610462, 35.209400, 37.239990>,  <26.582836, 34.874840, 36.669163>, 0.130000
	pigment { color rgbt <1,0,0,0> }
	no_shadow
}

// nucleotide -1

// particle -1
sphere {
	<26.610462, 35.209400, 37.239990> 0.250000
	pigment { color rgbt <1,0,0,0> }
	no_shadow
}
cylinder {
	<26.654911, 35.519852, 36.991707>,  <26.681580, 35.706123, 36.842735>, 0.100000
	pigment { color rgbt <1,0,0,0> }
	no_shadow
}
cylinder {
	<26.654911, 35.519852, 36.991707>,  <26.610462, 35.209400, 37.239990>, 0.100000
	pigment { color rgbt <1,0,0,0> }
	no_shadow
}

// particle -1
sphere {
	<26.654911, 35.519852, 36.991707> 0.100000
	pigment { color rgbt <1,0,0,0> }
	no_shadow
}
sphere {
	0, 1
	scale<0.080000,0.200000,0.300000>
	matrix <-0.325984, 0.618485, 0.714990,
		0.938822, 0.122891, 0.321731,
		0.111120, 0.776128, -0.620708,
		26.688248, 35.752689, 36.805496>
	pigment { color rgbt <0,1,1,0> }
	no_shadow
}
cylinder {
	<27.069445, 35.642242, 37.531391>,  <26.610462, 35.209400, 37.239990>, 0.130000
	pigment { color rgbt <1,0,0,0> }
	no_shadow
}

// nucleotide -1

// particle -1
sphere {
	<27.069445, 35.642242, 37.531391> 0.250000
	pigment { color rgbt <1,0,0,0> }
	no_shadow
}
cylinder {
	<26.853037, 35.880424, 37.293827>,  <26.723192, 36.023335, 37.151287>, 0.100000
	pigment { color rgbt <1,0,0,0> }
	no_shadow
}
cylinder {
	<26.853037, 35.880424, 37.293827>,  <27.069445, 35.642242, 37.531391>, 0.100000
	pigment { color rgbt <1,0,0,0> }
	no_shadow
}

// particle -1
sphere {
	<26.853037, 35.880424, 37.293827> 0.100000
	pigment { color rgbt <1,0,0,0> }
	no_shadow
}
sphere {
	0, 1
	scale<0.080000,0.200000,0.300000>
	matrix <-0.252509, 0.558593, 0.790072,
		0.802208, 0.577411, -0.151850,
		-0.541019, 0.595459, -0.593909,
		26.690731, 36.059063, 37.115654>
	pigment { color rgbt <0,1,1,0> }
	no_shadow
}
cylinder {
	<27.275425, 36.349934, 37.731621>,  <27.069445, 35.642242, 37.531391>, 0.130000
	pigment { color rgbt <1,0,0,0> }
	no_shadow
}

// nucleotide -1

// particle -1
sphere {
	<27.275425, 36.349934, 37.731621> 0.250000
	pigment { color rgbt <1,0,0,0> }
	no_shadow
}
cylinder {
	<26.922050, 36.365250, 37.544827>,  <26.710026, 36.374439, 37.432751>, 0.100000
	pigment { color rgbt <1,0,0,0> }
	no_shadow
}
cylinder {
	<26.922050, 36.365250, 37.544827>,  <27.275425, 36.349934, 37.731621>, 0.100000
	pigment { color rgbt <1,0,0,0> }
	no_shadow
}

// particle -1
sphere {
	<26.922050, 36.365250, 37.544827> 0.100000
	pigment { color rgbt <1,0,0,0> }
	no_shadow
}
sphere {
	0, 1
	scale<0.080000,0.200000,0.300000>
	matrix <-0.370218, 0.553847, 0.745783,
		0.287195, 0.831737, -0.475113,
		-0.883435, 0.038289, -0.466986,
		26.657021, 36.376736, 37.404732>
	pigment { color rgbt <0,1,1,0> }
	no_shadow
}
cylinder {
	<26.945805, 36.978683, 37.793182>,  <27.275425, 36.349934, 37.731621>, 0.130000
	pigment { color rgbt <1,0,0,0> }
	no_shadow
}

// nucleotide -1

// particle -1
sphere {
	<26.945805, 36.978683, 37.793182> 0.250000
	pigment { color rgbt <1,0,0,0> }
	no_shadow
}
cylinder {
	<26.632734, 36.732189, 37.758156>,  <26.444893, 36.584293, 37.737141>, 0.100000
	pigment { color rgbt <1,0,0,0> }
	no_shadow
}
cylinder {
	<26.632734, 36.732189, 37.758156>,  <26.945805, 36.978683, 37.793182>, 0.100000
	pigment { color rgbt <1,0,0,0> }
	no_shadow
}

// particle -1
sphere {
	<26.632734, 36.732189, 37.758156> 0.100000
	pigment { color rgbt <1,0,0,0> }
	no_shadow
}
sphere {
	0, 1
	scale<0.080000,0.200000,0.300000>
	matrix <-0.419160, 0.417824, 0.806057,
		-0.460135, 0.667586, -0.585324,
		-0.782675, -0.616240, -0.087570,
		26.397932, 36.547318, 37.731884>
	pigment { color rgbt <0,1,1,0> }
	no_shadow
}
cylinder {
	<27.124929, 37.388371, 37.087551>,  <26.945805, 36.978683, 37.793182>, 0.130000
	pigment { color rgbt <1,0,0,0> }
	no_shadow
}

// nucleotide -1

// particle -1
sphere {
	<27.124929, 37.388371, 37.087551> 0.250000
	pigment { color rgbt <1,0,0,0> }
	no_shadow
}
cylinder {
	<26.770788, 37.204777, 37.117168>,  <26.558304, 37.094620, 37.134937>, 0.100000
	pigment { color rgbt <1,0,0,0> }
	no_shadow
}
cylinder {
	<26.770788, 37.204777, 37.117168>,  <27.124929, 37.388371, 37.087551>, 0.100000
	pigment { color rgbt <1,0,0,0> }
	no_shadow
}

// particle -1
sphere {
	<26.770788, 37.204777, 37.117168> 0.100000
	pigment { color rgbt <1,0,0,0> }
	no_shadow
}
sphere {
	0, 1
	scale<0.080000,0.200000,0.300000>
	matrix <-0.306904, 0.696611, 0.648493,
		-0.349223, 0.551424, -0.757611,
		-0.885355, -0.458982, 0.074039,
		26.505182, 37.067081, 37.139381>
	pigment { color rgbt <0,1,1,0> }
	no_shadow
}
cylinder {
	<26.621109, 37.958534, 36.969959>,  <27.124929, 37.388371, 37.087551>, 0.130000
	pigment { color rgbt <1,0,0,0> }
	no_shadow
}

// nucleotide -1

// particle -1
sphere {
	<26.621109, 37.958534, 36.969959> 0.250000
	pigment { color rgbt <1,0,0,0> }
	no_shadow
}
cylinder {
	<26.472048, 37.665634, 37.197975>,  <26.382612, 37.489895, 37.334785>, 0.100000
	pigment { color rgbt <1,0,0,0> }
	no_shadow
}
cylinder {
	<26.472048, 37.665634, 37.197975>,  <26.621109, 37.958534, 36.969959>, 0.100000
	pigment { color rgbt <1,0,0,0> }
	no_shadow
}

// particle -1
sphere {
	<26.472048, 37.665634, 37.197975> 0.100000
	pigment { color rgbt <1,0,0,0> }
	no_shadow
}
sphere {
	0, 1
	scale<0.080000,0.200000,0.300000>
	matrix <-0.280143, 0.674396, 0.683162,
		-0.884676, 0.094889, -0.456448,
		-0.372651, -0.732247, 0.570039,
		26.360252, 37.445961, 37.368988>
	pigment { color rgbt <0,1,1,0> }
	no_shadow
}
cylinder {
	<25.850328, 38.116306, 37.112888>,  <26.621109, 37.958534, 36.969959>, 0.130000
	pigment { color rgbt <1,0,0,0> }
	no_shadow
}

// nucleotide -1

// particle -1
sphere {
	<25.850328, 38.116306, 37.112888> 0.250000
	pigment { color rgbt <1,0,0,0> }
	no_shadow
}
cylinder {
	<26.003973, 37.889809, 37.404594>,  <26.096159, 37.753910, 37.579617>, 0.100000
	pigment { color rgbt <1,0,0,0> }
	no_shadow
}
cylinder {
	<26.003973, 37.889809, 37.404594>,  <25.850328, 38.116306, 37.112888>, 0.100000
	pigment { color rgbt <1,0,0,0> }
	no_shadow
}

// particle -1
sphere {
	<26.003973, 37.889809, 37.404594> 0.100000
	pigment { color rgbt <1,0,0,0> }
	no_shadow
}
sphere {
	0, 1
	scale<0.080000,0.200000,0.300000>
	matrix <-0.407216, 0.604985, 0.684229,
		-0.828634, -0.559789, 0.001799,
		0.384112, -0.566242, 0.729266,
		26.119207, 37.719936, 37.623375>
	pigment { color rgbt <0,1,1,0> }
	no_shadow
}
cylinder {
	<25.856163, 38.665287, 37.669563>,  <25.850328, 38.116306, 37.112888>, 0.130000
	pigment { color rgbt <1,0,0,0> }
	no_shadow
}

// nucleotide -1

// particle -1
sphere {
	<25.856163, 38.665287, 37.669563> 0.250000
	pigment { color rgbt <1,0,0,0> }
	no_shadow
}
cylinder {
	<26.207117, 38.685123, 37.860451>,  <26.417688, 38.697025, 37.974983>, 0.100000
	pigment { color rgbt <1,0,0,0> }
	no_shadow
}
cylinder {
	<26.207117, 38.685123, 37.860451>,  <25.856163, 38.665287, 37.669563>, 0.100000
	pigment { color rgbt <1,0,0,0> }
	no_shadow
}

// particle -1
sphere {
	<26.207117, 38.685123, 37.860451> 0.100000
	pigment { color rgbt <1,0,0,0> }
	no_shadow
}
sphere {
	0, 1
	scale<0.080000,0.200000,0.300000>
	matrix <0.031518, 0.986538, -0.160465,
		-0.478755, 0.155830, 0.864009,
		0.877383, 0.049592, 0.477221,
		26.470331, 38.700001, 38.003616>
	pigment { color rgbt <0,1,1,0> }
	no_shadow
}
cylinder {
	<25.938772, 39.142643, 38.254269>,  <25.856163, 38.665287, 37.669563>, 0.130000
	pigment { color rgbt <1,0,0,0> }
	no_shadow
}

// nucleotide -1

// particle -1
sphere {
	<25.938772, 39.142643, 38.254269> 0.250000
	pigment { color rgbt <1,0,0,0> }
	no_shadow
}
cylinder {
	<26.280380, 39.104389, 38.049717>,  <26.485344, 39.081436, 37.926987>, 0.100000
	pigment { color rgbt <1,0,0,0> }
	no_shadow
}
cylinder {
	<26.280380, 39.104389, 38.049717>,  <25.938772, 39.142643, 38.254269>, 0.100000
	pigment { color rgbt <1,0,0,0> }
	no_shadow
}

// particle -1
sphere {
	<26.280380, 39.104389, 38.049717> 0.100000
	pigment { color rgbt <1,0,0,0> }
	no_shadow
}
sphere {
	0, 1
	scale<0.080000,0.200000,0.300000>
	matrix <0.059874, 0.994495, -0.085997,
		0.516786, 0.042825, 0.855043,
		0.854018, -0.095638, -0.511377,
		26.536585, 39.075699, 37.896305>
	pigment { color rgbt <0,1,1,0> }
	no_shadow
}
cylinder {
	<26.295301, 38.594204, 38.647743>,  <25.938772, 39.142643, 38.254269>, 0.130000
	pigment { color rgbt <1,0,0,0> }
	no_shadow
}

// nucleotide -1

// particle -1
sphere {
	<26.295301, 38.594204, 38.647743> 0.250000
	pigment { color rgbt <1,0,0,0> }
	no_shadow
}
cylinder {
	<26.256008, 38.279278, 38.891212>,  <26.232433, 38.090321, 39.037296>, 0.100000
	pigment { color rgbt <1,0,0,0> }
	no_shadow
}
cylinder {
	<26.256008, 38.279278, 38.891212>,  <26.295301, 38.594204, 38.647743>, 0.100000
	pigment { color rgbt <1,0,0,0> }
	no_shadow
}

// particle -1
sphere {
	<26.256008, 38.279278, 38.891212> 0.100000
	pigment { color rgbt <1,0,0,0> }
	no_shadow
}
sphere {
	0, 1
	scale<0.080000,0.200000,0.300000>
	matrix <-0.295207, -0.561050, -0.773353,
		0.950370, -0.255654, -0.177308,
		-0.098232, -0.787314, 0.608676,
		26.226538, 38.043083, 39.073814>
	pigment { color rgbt <0,1,1,0> }
	no_shadow
}
cylinder {
	<26.806309, 38.076515, 38.468231>,  <26.295301, 38.594204, 38.647743>, 0.130000
	pigment { color rgbt <1,0,0,0> }
	no_shadow
}

// nucleotide -1

// particle -1
sphere {
	<26.806309, 38.076515, 38.468231> 0.250000
	pigment { color rgbt <1,0,0,0> }
	no_shadow
}
cylinder {
	<26.467230, 37.920219, 38.611748>,  <26.263783, 37.826443, 38.697857>, 0.100000
	pigment { color rgbt <1,0,0,0> }
	no_shadow
}
cylinder {
	<26.467230, 37.920219, 38.611748>,  <26.806309, 38.076515, 38.468231>, 0.100000
	pigment { color rgbt <1,0,0,0> }
	no_shadow
}

// particle -1
sphere {
	<26.467230, 37.920219, 38.611748> 0.100000
	pigment { color rgbt <1,0,0,0> }
	no_shadow
}
sphere {
	0, 1
	scale<0.080000,0.200000,0.300000>
	matrix <-0.031963, -0.637507, -0.769781,
		0.529519, -0.664008, 0.527923,
		-0.847695, -0.390740, 0.358796,
		26.212921, 37.802998, 38.719387>
	pigment { color rgbt <0,1,1,0> }
	no_shadow
}
cylinder {
	<26.877058, 37.383335, 38.588039>,  <26.806309, 38.076515, 38.468231>, 0.130000
	pigment { color rgbt <1,0,0,0> }
	no_shadow
}

// nucleotide -1

// particle -1
sphere {
	<26.877058, 37.383335, 38.588039> 0.250000
	pigment { color rgbt <1,0,0,0> }
	no_shadow
}
cylinder {
	<26.502853, 37.467464, 38.474491>,  <26.278330, 37.517941, 38.406364>, 0.100000
	pigment { color rgbt <1,0,0,0> }
	no_shadow
}
cylinder {
	<26.502853, 37.467464, 38.474491>,  <26.877058, 37.383335, 38.588039>, 0.100000
	pigment { color rgbt <1,0,0,0> }
	no_shadow
}

// particle -1
sphere {
	<26.502853, 37.467464, 38.474491> 0.100000
	pigment { color rgbt <1,0,0,0> }
	no_shadow
}
sphere {
	0, 1
	scale<0.080000,0.200000,0.300000>
	matrix <0.048678, -0.719089, -0.693211,
