// switches for output
#declare DRAW_BASES = 1; // possible values are 0, 1; only relevant for DNA ribbons
#declare DRAW_BASES_TYPE = 3; // possible values are 1, 2, 3; only relevant for DNA ribbons
#declare DRAW_FOG = 0; // set to 1 to enable fog

#include "colors.inc"

#include "transforms.inc"
background { rgb <1, 1, 1>}

#default {
   normal{
       ripples 0.25
       frequency 0.20
       turbulence 0.2
       lambda 5
   }
	finish {
		phong 0.1
		phong_size 40.
	}
}

// original window dimensions: 1024x640


// camera settings

camera {
	sky <0, 0.179814, -0.983701>
	up <0, 0.179814, -0.983701>
	right 1.6 * <1, 0, 0>
	location <35, 94.9851, 44.8844>
	look_at <35, 29.7336, 32.9568>
	direction <0, -65.2515, -11.9276>
	angle 67.0682
}


# declare cpy_camera_pos = <35, 94.9851, 44.8844>;
# if (DRAW_FOG = 1)
fog {
	fog_type 2
	up vnormalize(cpy_camera_pos)
	color rgbt<1,1,1,0.3>
	distance 1e-5
	fog_alt 3e-3
	fog_offset 56
}
# end


// LIGHTS

# declare lum = 6;
global_settings {
	ambient_light rgb lum * <0.05, 0.05, 0.05>
	max_trace_level 15
}# declare cpy_direct_light_amount = 0.25;
light_source
{	1000 * <-1, -1.16352, -0.803886>,
	rgb lum * cpy_direct_light_amount
	parallel
}

light_source
{	1000 * <1, 1.16352, 0.803886>,
	rgb lum * cpy_direct_light_amount
	parallel
}

// strand 0

// nucleotide -1

// particle -1
sphere {
	<23.949760, 35.011257, 34.756149> 0.250000
	pigment { color rgbt <1,0,0,0> }
	no_shadow
}
cylinder {
	<24.270842, 35.193913, 34.909588>,  <24.463490, 35.303505, 35.001652>, 0.100000
	pigment { color rgbt <1,0,0,0> }
	no_shadow
}
cylinder {
	<24.270842, 35.193913, 34.909588>,  <23.949760, 35.011257, 34.756149>, 0.100000
	pigment { color rgbt <1,0,0,0> }
	no_shadow
}

// particle -1
sphere {
	<24.270842, 35.193913, 34.909588> 0.100000
	pigment { color rgbt <1,0,0,0> }
	no_shadow
}
sphere {
	0, 1
	scale<0.080000,0.200000,0.300000>
	matrix <0.034740, 0.606313, -0.794467,
		-0.595367, 0.651047, 0.470825,
		0.802702, 0.456643, 0.383596,
		24.511652, 35.330906, 35.024666>
	pigment { color rgbt <0,1,1,0> }
	no_shadow
}
cylinder {
	<23.846004, 35.775364, 34.707699>,  <23.949760, 35.011257, 34.756149>, 0.130000
	pigment { color rgbt <1,0,0,0> }
	no_shadow
}

// nucleotide -1

// particle -1
sphere {
	<23.846004, 35.775364, 34.707699> 0.250000
	pigment { color rgbt <1,0,0,0> }
	no_shadow
}
cylinder {
	<24.235529, 35.686722, 34.728031>,  <24.469244, 35.633537, 34.740231>, 0.100000
	pigment { color rgbt <1,0,0,0> }
	no_shadow
}
cylinder {
	<24.235529, 35.686722, 34.728031>,  <23.846004, 35.775364, 34.707699>, 0.100000
	pigment { color rgbt <1,0,0,0> }
	no_shadow
}

// particle -1
sphere {
	<24.235529, 35.686722, 34.728031> 0.100000
	pigment { color rgbt <1,0,0,0> }
	no_shadow
}
sphere {
	0, 1
	scale<0.080000,0.200000,0.300000>
	matrix <0.191710, 0.680150, -0.707561,
		0.122222, 0.698777, 0.704821,
		0.973812, -0.221601, 0.050833,
		24.527672, 35.620243, 34.743282>
	pigment { color rgbt <0,1,1,0> }
	no_shadow
}
cylinder {
	<24.374819, 36.387753, 34.833378>,  <23.846004, 35.775364, 34.707699>, 0.130000
	pigment { color rgbt <1,0,0,0> }
	no_shadow
}

// nucleotide -1

// particle -1
sphere {
	<24.374819, 36.387753, 34.833378> 0.250000
	pigment { color rgbt <1,0,0,0> }
	no_shadow
}
cylinder {
	<24.532436, 36.085758, 34.623722>,  <24.627007, 35.904560, 34.497929>, 0.100000
	pigment { color rgbt <1,0,0,0> }
	no_shadow
}
cylinder {
	<24.532436, 36.085758, 34.623722>,  <24.374819, 36.387753, 34.833378>, 0.100000
	pigment { color rgbt <1,0,0,0> }
	no_shadow
}

// particle -1
sphere {
	<24.532436, 36.085758, 34.623722> 0.100000
	pigment { color rgbt <1,0,0,0> }
	no_shadow
}
sphere {
	0, 1
	scale<0.080000,0.200000,0.300000>
	matrix <0.217143, 0.630609, -0.745105,
		0.893073, 0.179791, 0.412428,
		0.394044, -0.754989, -0.524139,
		24.650650, 35.859261, 34.466480>
	pigment { color rgbt <0,1,1,0> }
	no_shadow
}
cylinder {
	<25.052032, 36.636551, 34.573074>,  <24.374819, 36.387753, 34.833378>, 0.130000
	pigment { color rgbt <1,0,0,0> }
	no_shadow
}

// nucleotide -1

// particle -1
sphere {
	<25.052032, 36.636551, 34.573074> 0.250000
	pigment { color rgbt <1,0,0,0> }
	no_shadow
}
cylinder {
	<24.906363, 36.341881, 34.345150>,  <24.818960, 36.165077, 34.208393>, 0.100000
	pigment { color rgbt <1,0,0,0> }
	no_shadow
}
cylinder {
	<24.906363, 36.341881, 34.345150>,  <25.052032, 36.636551, 34.573074>, 0.100000
	pigment { color rgbt <1,0,0,0> }
	no_shadow
}

// particle -1
sphere {
	<24.906363, 36.341881, 34.345150> 0.100000
	pigment { color rgbt <1,0,0,0> }
	no_shadow
}
sphere {
	0, 1
	scale<0.080000,0.200000,0.300000>
	matrix <0.179297, 0.544927, -0.819089,
		0.913910, -0.400456, -0.066364,
		-0.364173, -0.736675, -0.569815,
		24.797112, 36.120880, 34.174206>
	pigment { color rgbt <0,1,1,0> }
	no_shadow
}
cylinder {
	<25.538422, 36.519211, 34.202049>,  <25.052032, 36.636551, 34.573074>, 0.130000
	pigment { color rgbt <1,0,0,0> }
	no_shadow
}

// nucleotide -1

// particle -1
sphere {
	<25.538422, 36.519211, 34.202049> 0.250000
	pigment { color rgbt <1,0,0,0> }
	no_shadow
}
cylinder {
	<25.232382, 36.372005, 33.990696>,  <25.048758, 36.283680, 33.863884>, 0.100000
	pigment { color rgbt <1,0,0,0> }
	no_shadow
}
cylinder {
	<25.232382, 36.372005, 33.990696>,  <25.538422, 36.519211, 34.202049>, 0.100000
	pigment { color rgbt <1,0,0,0> }
	no_shadow
}

// particle -1
sphere {
	<25.232382, 36.372005, 33.990696> 0.100000
	pigment { color rgbt <1,0,0,0> }
	no_shadow
}
sphere {
	0, 1
	scale<0.080000,0.200000,0.300000>
	matrix <0.234471, 0.605015, -0.760907,
		0.599673, -0.706075, -0.376629,
		-0.765124, -0.367987, -0.528366,
		25.002851, 36.261600, 33.832184>
	pigment { color rgbt <0,1,1,0> }
	no_shadow
}
cylinder {
	<25.723703, 36.160240, 33.652920>,  <25.538422, 36.519211, 34.202049>, 0.130000
	pigment { color rgbt <1,0,0,0> }
	no_shadow
}

// nucleotide -1

// particle -1
sphere {
	<25.723703, 36.160240, 33.652920> 0.250000
	pigment { color rgbt <1,0,0,0> }
	no_shadow
}
cylinder {
	<25.376255, 36.299980, 33.512379>,  <25.167786, 36.383823, 33.428055>, 0.100000
	pigment { color rgbt <1,0,0,0> }
	no_shadow
}
cylinder {
	<25.376255, 36.299980, 33.512379>,  <25.723703, 36.160240, 33.652920>, 0.100000
	pigment { color rgbt <1,0,0,0> }
	no_shadow
}

// particle -1
sphere {
	<25.376255, 36.299980, 33.512379> 0.100000
	pigment { color rgbt <1,0,0,0> }
	no_shadow
}
sphere {
	0, 1
	scale<0.080000,0.200000,0.300000>
	matrix <0.477975, 0.404026, -0.779938,
		-0.130513, -0.845411, -0.517926,
		-0.868623, 0.349348, -0.351355,
		25.115667, 36.404785, 33.406971>
	pigment { color rgbt <0,1,1,0> }
	no_shadow
}
cylinder {
	<25.836432, 36.089222, 32.954971>,  <25.723703, 36.160240, 33.652920>, 0.130000
	pigment { color rgbt <1,0,0,0> }
	no_shadow
}

// nucleotide -1

// particle -1
sphere {
	<25.836432, 36.089222, 32.954971> 0.250000
	pigment { color rgbt <1,0,0,0> }
	no_shadow
}
cylinder {
	<25.523312, 36.337025, 32.978397>,  <25.335440, 36.485706, 32.992451>, 0.100000
	pigment { color rgbt <1,0,0,0> }
	no_shadow
}
cylinder {
	<25.523312, 36.337025, 32.978397>,  <25.836432, 36.089222, 32.954971>, 0.100000
	pigment { color rgbt <1,0,0,0> }
	no_shadow
}

// particle -1
sphere {
	<25.523312, 36.337025, 32.978397> 0.100000
	pigment { color rgbt <1,0,0,0> }
	no_shadow
}
sphere {
	0, 1
	scale<0.080000,0.200000,0.300000>
	matrix <0.292622, 0.449530, -0.843976,
		-0.549177, -0.643528, -0.533175,
		-0.782800, 0.619511, 0.058561,
		25.288471, 36.522877, 32.995964>
	pigment { color rgbt <0,1,1,0> }
	no_shadow
}
cylinder {
	<25.393562, 36.096066, 32.354874>,  <25.836432, 36.089222, 32.954971>, 0.130000
	pigment { color rgbt <1,0,0,0> }
	no_shadow
}

// nucleotide -1

// particle -1
sphere {
	<25.393562, 36.096066, 32.354874> 0.250000
	pigment { color rgbt <1,0,0,0> }
	no_shadow
}
cylinder {
	<25.410849, 36.447262, 32.545563>,  <25.421221, 36.657982, 32.659977>, 0.100000
	pigment { color rgbt <1,0,0,0> }
	no_shadow
}
cylinder {
	<25.410849, 36.447262, 32.545563>,  <25.393562, 36.096066, 32.354874>, 0.100000
	pigment { color rgbt <1,0,0,0> }
	no_shadow
}

// particle -1
sphere {
	<25.410849, 36.447262, 32.545563> 0.100000
	pigment { color rgbt <1,0,0,0> }
	no_shadow
}
sphere {
	0, 1
	scale<0.080000,0.200000,0.300000>
	matrix <0.283941, 0.446693, -0.848436,
		-0.957867, 0.172027, -0.229993,
		0.043218, 0.877993, 0.476719,
		25.423815, 36.710659, 32.688580>
	pigment { color rgbt <0,1,1,0> }
	no_shadow
}
cylinder {
	<25.134111, 36.529186, 31.917221>,  <25.393562, 36.096066, 32.354874>, 0.130000
	pigment { color rgbt <1,0,0,0> }
	no_shadow
}

// nucleotide -1

// particle -1
sphere {
	<25.134111, 36.529186, 31.917221> 0.250000
	pigment { color rgbt <1,0,0,0> }
	no_shadow
}
cylinder {
	<25.330273, 36.781494, 32.157764>,  <25.447969, 36.932880, 32.302090>, 0.100000
	pigment { color rgbt <1,0,0,0> }
	no_shadow
}
cylinder {
	<25.330273, 36.781494, 32.157764>,  <25.134111, 36.529186, 31.917221>, 0.100000
	pigment { color rgbt <1,0,0,0> }
	no_shadow
}

// particle -1
sphere {
	<25.330273, 36.781494, 32.157764> 0.100000
	pigment { color rgbt <1,0,0,0> }
	no_shadow
}
sphere {
	0, 1
	scale<0.080000,0.200000,0.300000>
	matrix <0.371397, 0.472968, -0.798978,
		-0.788395, 0.615165, -0.002321,
		0.490405, 0.630772, 0.601356,
		25.477394, 36.970726, 32.338173>
	pigment { color rgbt <0,1,1,0> }
	no_shadow
}
cylinder {
	<24.990059, 37.218838, 31.665627>,  <25.134111, 36.529186, 31.917221>, 0.130000
	pigment { color rgbt <1,0,0,0> }
	no_shadow
}

// nucleotide -1

// particle -1
sphere {
	<24.990059, 37.218838, 31.665627> 0.250000
	pigment { color rgbt <1,0,0,0> }
	no_shadow
}
cylinder {
	<25.323158, 37.245842, 31.885435>,  <25.523018, 37.262043, 32.017319>, 0.100000
	pigment { color rgbt <1,0,0,0> }
	no_shadow
}
cylinder {
	<25.323158, 37.245842, 31.885435>,  <24.990059, 37.218838, 31.665627>, 0.100000
	pigment { color rgbt <1,0,0,0> }
	no_shadow
}

// particle -1
sphere {
	<25.323158, 37.245842, 31.885435> 0.100000
	pigment { color rgbt <1,0,0,0> }
	no_shadow
}
sphere {
	0, 1
	scale<0.080000,0.200000,0.300000>
	matrix <0.392642, 0.627748, -0.672134,
		-0.390336, 0.775483, 0.496249,
		0.832748, 0.067509, 0.549520,
		25.572983, 37.266094, 32.050293>
	pigment { color rgbt <0,1,1,0> }
	no_shadow
}
cylinder {
	<25.267822, 37.967876, 31.700970>,  <24.990059, 37.218838, 31.665627>, 0.130000
	pigment { color rgbt <1,0,0,0> }
	no_shadow
}

// nucleotide -1

// particle -1
sphere {
	<25.267822, 37.967876, 31.700970> 0.250000
	pigment { color rgbt <1,0,0,0> }
	no_shadow
}
cylinder {
	<25.590467, 37.743862, 31.776581>,  <25.784056, 37.609451, 31.821947>, 0.100000
	pigment { color rgbt <1,0,0,0> }
	no_shadow
}
cylinder {
	<25.590467, 37.743862, 31.776581>,  <25.267822, 37.967876, 31.700970>, 0.100000
	pigment { color rgbt <1,0,0,0> }
	no_shadow
}

// particle -1
sphere {
	<25.590467, 37.743862, 31.776581> 0.100000
	pigment { color rgbt <1,0,0,0> }
	no_shadow
}
sphere {
	0, 1
	scale<0.080000,0.200000,0.300000>
	matrix <0.546350, 0.584385, -0.599996,
		0.225555, 0.587241, 0.777350,
		0.806614, -0.560037, 0.189028,
		25.832451, 37.575851, 31.833290>
	pigment { color rgbt <0,1,1,0> }
	no_shadow
}
cylinder {
	<25.841982, 38.516479, 31.659498>,  <25.267822, 37.967876, 31.700970>, 0.130000
	pigment { color rgbt <1,0,0,0> }
	no_shadow
}

// nucleotide -1

// particle -1
sphere {
	<25.841982, 38.516479, 31.659498> 0.250000
	pigment { color rgbt <1,0,0,0> }
	no_shadow
}
cylinder {
	<25.952055, 38.134018, 31.619425>,  <26.018099, 37.904541, 31.595381>, 0.100000
	pigment { color rgbt <1,0,0,0> }
	no_shadow
}
cylinder {
	<25.952055, 38.134018, 31.619425>,  <25.841982, 38.516479, 31.659498>, 0.100000
	pigment { color rgbt <1,0,0,0> }
	no_shadow
}

// particle -1
sphere {
	<25.952055, 38.134018, 31.619425> 0.100000
	pigment { color rgbt <1,0,0,0> }
	no_shadow
}
sphere {
	0, 1
	scale<0.080000,0.200000,0.300000>
	matrix <0.458940, 0.222216, -0.860229,
		0.844777, 0.190743, 0.499969,
		0.275184, -0.956157, -0.100184,
		26.034611, 37.847172, 31.589371>
	pigment { color rgbt <0,1,1,0> }
	no_shadow
}
cylinder {
	<26.570408, 38.525387, 31.581881>,  <25.841982, 38.516479, 31.659498>, 0.130000
	pigment { color rgbt <1,0,0,0> }
	no_shadow
}

// nucleotide -1

// particle -1
sphere {
	<26.570408, 38.525387, 31.581881> 0.250000
	pigment { color rgbt <1,0,0,0> }
	no_shadow
}
cylinder {
	<26.427929, 38.187157, 31.422823>,  <26.342442, 37.984219, 31.327389>, 0.100000
	pigment { color rgbt <1,0,0,0> }
	no_shadow
}
cylinder {
	<26.427929, 38.187157, 31.422823>,  <26.570408, 38.525387, 31.581881>, 0.100000
	pigment { color rgbt <1,0,0,0> }
	no_shadow
}

// particle -1
sphere {
	<26.427929, 38.187157, 31.422823> 0.100000
	pigment { color rgbt <1,0,0,0> }
	no_shadow
}
sphere {
	0, 1
	scale<0.080000,0.200000,0.300000>
	matrix <0.688509, 0.050196, -0.723489,
		0.631726, -0.531487, 0.564308,
		-0.356199, -0.845578, -0.397644,
		26.321070, 37.933483, 31.303530>
	pigment { color rgbt <0,1,1,0> }
	no_shadow
}
cylinder {
	<26.994074, 38.005009, 31.314154>,  <26.570408, 38.525387, 31.581881>, 0.130000
	pigment { color rgbt <1,0,0,0> }
	no_shadow
}

// nucleotide -1

// particle -1
sphere {
	<26.994074, 38.005009, 31.314154> 0.250000
	pigment { color rgbt <1,0,0,0> }
	no_shadow
}
cylinder {
	<26.689857, 37.898365, 31.077343>,  <26.507328, 37.834377, 30.935257>, 0.100000
	pigment { color rgbt <1,0,0,0> }
	no_shadow
}
cylinder {
	<26.689857, 37.898365, 31.077343>,  <26.994074, 38.005009, 31.314154>, 0.100000
	pigment { color rgbt <1,0,0,0> }
	no_shadow
}

// particle -1
sphere {
	<26.689857, 37.898365, 31.077343> 0.100000
	pigment { color rgbt <1,0,0,0> }
	no_shadow
}
sphere {
	0, 1
	scale<0.080000,0.200000,0.300000>
	matrix <0.582847, 0.121470, -0.803451,
		0.286120, -0.956120, 0.063009,
		-0.760542, -0.266608, -0.592027,
		26.461695, 37.818382, 30.899734>
	pigment { color rgbt <0,1,1,0> }
	no_shadow
}
cylinder {
	<27.218983, 37.366398, 30.961300>,  <26.994074, 38.005009, 31.314154>, 0.130000
	pigment { color rgbt <1,0,0,0> }
	no_shadow
}

// nucleotide -1

// particle -1
sphere {
	<27.218983, 37.366398, 30.961300> 0.250000
	pigment { color rgbt <1,0,0,0> }
	no_shadow
}
cylinder {
	<26.970446, 37.627811, 30.788410>,  <26.821323, 37.784660, 30.684675>, 0.100000
	pigment { color rgbt <1,0,0,0> }
	no_shadow
}
cylinder {
	<26.970446, 37.627811, 30.788410>,  <27.218983, 37.366398, 30.961300>, 0.100000
	pigment { color rgbt <1,0,0,0> }
	no_shadow
}

// particle -1
sphere {
	<26.970446, 37.627811, 30.788410> 0.100000
	pigment { color rgbt <1,0,0,0> }
	no_shadow
}
sphere {
	0, 1
	scale<0.080000,0.200000,0.300000>
	matrix <0.715840, 0.249177, -0.652291,
		-0.318597, -0.714702, -0.622653,
		-0.621345, 0.653538, -0.432226,
		26.784042, 37.823872, 30.658743>
	pigment { color rgbt <0,1,1,0> }
	no_shadow
}
cylinder {
	<26.987980, 36.900196, 31.505976>,  <27.218983, 37.366398, 30.961300>, 0.130000
	pigment { color rgbt <1,0,0,0> }
	no_shadow
}

// nucleotide -1

// particle -1
sphere {
	<26.987980, 36.900196, 31.505976> 0.250000
	pigment { color rgbt <1,0,0,0> }
	no_shadow
}
cylinder {
	<26.765621, 37.208145, 31.631372>,  <26.632206, 37.392914, 31.706610>, 0.100000
	pigment { color rgbt <1,0,0,0> }
	no_shadow
}
cylinder {
	<26.765621, 37.208145, 31.631372>,  <26.987980, 36.900196, 31.505976>, 0.100000
	pigment { color rgbt <1,0,0,0> }
	no_shadow
}

// particle -1
sphere {
	<26.765621, 37.208145, 31.631372> 0.100000
	pigment { color rgbt <1,0,0,0> }
	no_shadow
}
sphere {
	0, 1
	scale<0.080000,0.200000,0.300000>
	matrix <-0.540300, -0.621244, 0.567567,
		0.631708, 0.146129, 0.761309,
		-0.555896, 0.769872, 0.313491,
		26.598852, 37.439106, 31.725420>
	pigment { color rgbt <0,1,1,0> }
	no_shadow
}
cylinder {
	<26.895334, 36.879627, 32.189808>,  <26.987980, 36.900196, 31.505976>, 0.130000
	pigment { color rgbt <1,0,0,0> }
	no_shadow
}

// nucleotide -1

// particle -1
sphere {
	<26.895334, 36.879627, 32.189808> 0.250000
	pigment { color rgbt <1,0,0,0> }
	no_shadow
}
cylinder {
	<26.577383, 37.091007, 32.070538>,  <26.386612, 37.217834, 31.998976>, 0.100000
	pigment { color rgbt <1,0,0,0> }
	no_shadow
}
cylinder {
	<26.577383, 37.091007, 32.070538>,  <26.895334, 36.879627, 32.189808>, 0.100000
	pigment { color rgbt <1,0,0,0> }
	no_shadow
}

// particle -1
sphere {
	<26.577383, 37.091007, 32.070538> 0.100000
	pigment { color rgbt <1,0,0,0> }
	no_shadow
}
sphere {
	0, 1
	scale<0.080000,0.200000,0.300000>
	matrix <-0.577888, -0.509526, 0.637517,
		0.184969, 0.679061, 0.710397,
		-0.794878, 0.528451, -0.298175,
		26.338919, 37.249542, 31.981085>
	pigment { color rgbt <0,1,1,0> }
	no_shadow
}
cylinder {
	<26.675167, 37.114147, 32.793068>,  <26.895334, 36.879627, 32.189808>, 0.130000
	pigment { color rgbt <1,0,0,0> }
	no_shadow
}

// nucleotide -1

// particle -1
sphere {
	<26.675167, 37.114147, 32.793068> 0.250000
	pigment { color rgbt <1,0,0,0> }
	no_shadow
}
cylinder {
	<26.360601, 37.173649, 32.553257>,  <26.171862, 37.209351, 32.409370>, 0.100000
	pigment { color rgbt <1,0,0,0> }
	no_shadow
}
cylinder {
	<26.360601, 37.173649, 32.553257>,  <26.675167, 37.114147, 32.793068>, 0.100000
	pigment { color rgbt <1,0,0,0> }
	no_shadow
}

// particle -1
sphere {
	<26.360601, 37.173649, 32.553257> 0.100000
	pigment { color rgbt <1,0,0,0> }
	no_shadow
}
sphere {
	0, 1
	scale<0.080000,0.200000,0.300000>
	matrix <-0.612786, -0.310092, 0.726868,
		-0.077781, 0.938997, 0.335017,
		-0.786412, 0.148757, -0.599523,
		26.124678, 37.218277, 32.373402>
	pigment { color rgbt <0,1,1,0> }
	no_shadow
}
cylinder {
	<26.330162, 37.489231, 33.243286>,  <26.675167, 37.114147, 32.793068>, 0.130000
	pigment { color rgbt <1,0,0,0> }
	no_shadow
}

// nucleotide -1

// particle -1
sphere {
	<26.330162, 37.489231, 33.243286> 0.250000
	pigment { color rgbt <1,0,0,0> }
	no_shadow
}
cylinder {
	<26.084906, 37.346138, 32.961552>,  <25.937752, 37.260281, 32.792511>, 0.100000
	pigment { color rgbt <1,0,0,0> }
	no_shadow
}
cylinder {
	<26.084906, 37.346138, 32.961552>,  <26.330162, 37.489231, 33.243286>, 0.100000
	pigment { color rgbt <1,0,0,0> }
	no_shadow
}

// particle -1
sphere {
	<26.084906, 37.346138, 32.961552> 0.100000
	pigment { color rgbt <1,0,0,0> }
	no_shadow
}
sphere {
	0, 1
	scale<0.080000,0.200000,0.300000>
	matrix <-0.591343, -0.383346, 0.709478,
		-0.523807, 0.851513, 0.023503,
		-0.613139, -0.357731, -0.704335,
		25.900965, 37.238819, 32.750252>
	pigment { color rgbt <0,1,1,0> }
	no_shadow
}
cylinder {
	<25.716633, 37.854160, 33.317009>,  <26.330162, 37.489231, 33.243286>, 0.130000
	pigment { color rgbt <1,0,0,0> }
	no_shadow
}

// nucleotide -1

// particle -1
sphere {
	<25.716633, 37.854160, 33.317009> 0.250000
	pigment { color rgbt <1,0,0,0> }
	no_shadow
}
cylinder {
	<25.667452, 37.488670, 33.162094>,  <25.637943, 37.269375, 33.069145>, 0.100000
	pigment { color rgbt <1,0,0,0> }
	no_shadow
}
cylinder {
	<25.667452, 37.488670, 33.162094>,  <25.716633, 37.854160, 33.317009>, 0.100000
	pigment { color rgbt <1,0,0,0> }
	no_shadow
}

// particle -1
sphere {
	<25.667452, 37.488670, 33.162094> 0.100000
	pigment { color rgbt <1,0,0,0> }
	no_shadow
}
sphere {
	0, 1
	scale<0.080000,0.200000,0.300000>
	matrix <-0.649834, -0.220821, 0.727292,
		-0.750066, 0.341091, -0.566619,
		-0.122951, -0.913726, -0.387283,
		25.630566, 37.214554, 33.045910>
	pigment { color rgbt <0,1,1,0> }
	no_shadow
}
cylinder {
	<24.982328, 37.687851, 33.165760>,  <25.716633, 37.854160, 33.317009>, 0.130000
	pigment { color rgbt <1,0,0,0> }
	no_shadow
}

// nucleotide -1

// particle -1
sphere {
	<24.982328, 37.687851, 33.165760> 0.250000
	pigment { color rgbt <1,0,0,0> }
	no_shadow
}
cylinder {
	<25.188641, 37.370632, 33.295406>,  <25.312428, 37.180302, 33.373192>, 0.100000
	pigment { color rgbt <1,0,0,0> }
	no_shadow
}
cylinder {
	<25.188641, 37.370632, 33.295406>,  <24.982328, 37.687851, 33.165760>, 0.100000
	pigment { color rgbt <1,0,0,0> }
	no_shadow
}

// particle -1
sphere {
	<25.188641, 37.370632, 33.295406> 0.100000
	pigment { color rgbt <1,0,0,0> }
	no_shadow
}
sphere {
	0, 1
	scale<0.080000,0.200000,0.300000>
	matrix <-0.719361, -0.195431, 0.666578,
		-0.465285, -0.576962, -0.671286,
		0.515781, -0.793046, 0.324113,
		25.343374, 37.132717, 33.392639>
	pigment { color rgbt <0,1,1,0> }
	no_shadow
}
cylinder {
	<24.347404, 37.423164, 32.918522>,  <24.982328, 37.687851, 33.165760>, 0.130000
	pigment { color rgbt <1,0,0,0> }
	no_shadow
}

// nucleotide -1

// particle -1
sphere {
	<24.347404, 37.423164, 32.918522> 0.250000
	pigment { color rgbt <1,0,0,0> }
	no_shadow
}
cylinder {
	<24.638779, 37.153526, 32.967472>,  <24.813604, 36.991745, 32.996841>, 0.100000
	pigment { color rgbt <1,0,0,0> }
	no_shadow
}
cylinder {
	<24.638779, 37.153526, 32.967472>,  <24.347404, 37.423164, 32.918522>, 0.100000
	pigment { color rgbt <1,0,0,0> }
	no_shadow
}

// particle -1
sphere {
	<24.638779, 37.153526, 32.967472> 0.100000
	pigment { color rgbt <1,0,0,0> }
	no_shadow
}
sphere {
	0, 1
	scale<0.080000,0.200000,0.300000>
	matrix <-0.641389, -0.608195, 0.467675,
		-0.240830, -0.419161, -0.875388,
		0.728438, -0.674094, 0.122374,
		24.857309, 36.951298, 33.004185>
	pigment { color rgbt <0,1,1,0> }
	no_shadow
}
cylinder {
	<23.980577, 36.984085, 33.165688>,  <24.347404, 37.423164, 32.918522>, 0.130000
	pigment { color rgbt <1,0,0,0> }
	no_shadow
}

// nucleotide -1

// particle -1
sphere {
	<23.980577, 36.984085, 33.165688> 0.250000
	pigment { color rgbt <1,0,0,0> }
	no_shadow
}
cylinder {
	<24.329441, 36.789104, 33.182308>,  <24.538759, 36.672115, 33.192280>, 0.100000
	pigment { color rgbt <1,0,0,0> }
	no_shadow
}
cylinder {
	<24.329441, 36.789104, 33.182308>,  <23.980577, 36.984085, 33.165688>, 0.100000
	pigment { color rgbt <1,0,0,0> }
	no_shadow
}

// particle -1
sphere {
	<24.329441, 36.789104, 33.182308> 0.100000
	pigment { color rgbt <1,0,0,0> }
	no_shadow
}
sphere {
	0, 1
	scale<0.080000,0.200000,0.300000>
	matrix <-0.434818, -0.733446, 0.522484,
		-0.224210, -0.473758, -0.851636,
		0.872160, -0.487453, 0.041552,
		24.591089, 36.642868, 33.194775>
	pigment { color rgbt <0,1,1,0> }
	no_shadow
}
cylinder {
	<23.790476, 36.456539, 33.580063>,  <23.980577, 36.984085, 33.165688>, 0.130000
	pigment { color rgbt <1,0,0,0> }
	no_shadow
}

// nucleotide -1

// particle -1
sphere {
	<23.790476, 36.456539, 33.580063> 0.250000
	pigment { color rgbt <1,0,0,0> }
	no_shadow
}
cylinder {
	<24.170849, 36.394070, 33.473225>,  <24.399073, 36.356590, 33.409122>, 0.100000
	pigment { color rgbt <1,0,0,0> }
	no_shadow
}
cylinder {
	<24.170849, 36.394070, 33.473225>,  <23.790476, 36.456539, 33.580063>, 0.100000
	pigment { color rgbt <1,0,0,0> }
	no_shadow
}

// particle -1
sphere {
	<24.170849, 36.394070, 33.473225> 0.100000
	pigment { color rgbt <1,0,0,0> }
	no_shadow
}
sphere {
	0, 1
	scale<0.080000,0.200000,0.300000>
	matrix <0.000326, -0.862759, 0.505615,
		-0.309401, -0.480892, -0.820374,
		0.950932, -0.156170, -0.267095,
		24.456129, 36.347218, 33.393097>
	pigment { color rgbt <0,1,1,0> }
	no_shadow
}
cylinder {
	<24.013523, 35.707016, 33.197392>,  <23.790476, 36.456539, 33.580063>, 0.130000
	pigment { color rgbt <1,0,0,0> }
	no_shadow
}

// nucleotide -1

// particle -1
sphere {
	<24.013523, 35.707016, 33.197392> 0.250000
	pigment { color rgbt <1,0,0,0> }
	no_shadow
}
cylinder {
	<24.322889, 35.876690, 33.385815>,  <24.508509, 35.978497, 33.498867>, 0.100000
	pigment { color rgbt <1,0,0,0> }
	no_shadow
}
cylinder {
	<24.322889, 35.876690, 33.385815>,  <24.013523, 35.707016, 33.197392>, 0.100000
	pigment { color rgbt <1,0,0,0> }
	no_shadow
}

// particle -1
sphere {
	<24.322889, 35.876690, 33.385815> 0.100000
	pigment { color rgbt <1,0,0,0> }
	no_shadow
}
sphere {
	0, 1
	scale<0.080000,0.200000,0.300000>
	matrix <0.036794, -0.771896, 0.634683,
		0.632833, -0.473540, -0.612603,
		0.773414, 0.424188, 0.471058,
		24.554913, 36.003948, 33.527130>
	pigment { color rgbt <0,1,1,0> }
	no_shadow
}
cylinder {
	<24.426613, 35.145538, 33.373817>,  <24.013523, 35.707016, 33.197392>, 0.130000
	pigment { color rgbt <1,0,0,0> }
	no_shadow
}

// nucleotide -1

// particle -1
sphere {
	<24.426613, 35.145538, 33.373817> 0.250000
	pigment { color rgbt <1,0,0,0> }
	no_shadow
}
cylinder {
	<24.529497, 35.449802, 33.612225>,  <24.591228, 35.632362, 33.755268>, 0.100000
	pigment { color rgbt <1,0,0,0> }
	no_shadow
}
cylinder {
	<24.529497, 35.449802, 33.612225>,  <24.426613, 35.145538, 33.373817>, 0.100000
	pigment { color rgbt <1,0,0,0> }
	no_shadow
}

// particle -1
sphere {
	<24.529497, 35.449802, 33.612225> 0.100000
	pigment { color rgbt <1,0,0,0> }
	no_shadow
}
sphere {
	0, 1
	scale<0.080000,0.200000,0.300000>
	matrix <-0.005092, -0.615691, 0.787971,
		0.966342, -0.205709, -0.154489,
		0.257211, 0.760663, 0.596015,
		24.606661, 35.678001, 33.791031>
	pigment { color rgbt <0,1,1,0> }
	no_shadow
}
cylinder {
	<25.089775, 34.917801, 33.778824>,  <24.426613, 35.145538, 33.373817>, 0.130000
	pigment { color rgbt <1,0,0,0> }
	no_shadow
}

// nucleotide -1

// particle -1
sphere {
	<25.089775, 34.917801, 33.778824> 0.250000
	pigment { color rgbt <1,0,0,0> }
	no_shadow
}
cylinder {
	<24.930161, 35.218155, 33.989326>,  <24.834391, 35.398365, 34.115627>, 0.100000
	pigment { color rgbt <1,0,0,0> }
	no_shadow
}
cylinder {
	<24.930161, 35.218155, 33.989326>,  <25.089775, 34.917801, 33.778824>, 0.100000
	pigment { color rgbt <1,0,0,0> }
	no_shadow
}

// particle -1
sphere {
	<24.930161, 35.218155, 33.989326> 0.100000
	pigment { color rgbt <1,0,0,0> }
	no_shadow
}
sphere {
	0, 1
	scale<0.080000,0.200000,0.300000>
	matrix <0.061129, -0.550870, 0.832349,
		0.914895, 0.364309, 0.173917,
		-0.399038, 0.750880, 0.526258,
		24.810450, 35.443420, 34.147205>
	pigment { color rgbt <0,1,1,0> }
	no_shadow
}
cylinder {
	<24.964880, 34.317383, 34.162540>,  <25.089775, 34.917801, 33.778824>, 0.130000
	pigment { color rgbt <1,0,0,0> }
	no_shadow
}

// nucleotide -1

// particle -1
sphere {
	<24.964880, 34.317383, 34.162540> 0.250000
	pigment { color rgbt <1,0,0,0> }
	no_shadow
}
cylinder {
	<25.232382, 34.530495, 34.369968>,  <25.392883, 34.658363, 34.494427>, 0.100000
	pigment { color rgbt <1,0,0,0> }
	no_shadow
}
cylinder {
	<25.232382, 34.530495, 34.369968>,  <24.964880, 34.317383, 34.162540>, 0.100000
	pigment { color rgbt <1,0,0,0> }
	no_shadow
}

// particle -1
sphere {
	<25.232382, 34.530495, 34.369968> 0.100000
	pigment { color rgbt <1,0,0,0> }
	no_shadow
}
sphere {
	0, 1
	scale<0.080000,0.200000,0.300000>
	matrix <-0.729637, 0.336310, 0.595421,
		0.142825, -0.776560, 0.613642,
		0.668754, 0.532777, 0.518573,
		25.433008, 34.690327, 34.525539>
	pigment { color rgbt <0,1,1,0> }
	no_shadow
}
cylinder {
	<24.854567, 34.172043, 34.909260>,  <24.964880, 34.317383, 34.162540>, 0.130000
	pigment { color rgbt <1,0,0,0> }
	no_shadow
}

// nucleotide -1

// particle -1
sphere {
	<24.854567, 34.172043, 34.909260> 0.250000
	pigment { color rgbt <1,0,0,0> }
	no_shadow
}
cylinder {
	<25.012457, 34.532070, 34.835423>,  <25.107191, 34.748085, 34.791119>, 0.100000
	pigment { color rgbt <1,0,0,0> }
	no_shadow
}
cylinder {
	<25.012457, 34.532070, 34.835423>,  <24.854567, 34.172043, 34.909260>, 0.100000
	pigment { color rgbt <1,0,0,0> }
	no_shadow
}

// particle -1
sphere {
	<25.012457, 34.532070, 34.835423> 0.100000
	pigment { color rgbt <1,0,0,0> }
	no_shadow
}
sphere {
	0, 1
	scale<0.080000,0.200000,0.300000>
	matrix <-0.603015, 0.405364, 0.687061,
		0.693228, -0.159887, 0.702760,
		0.394726, 0.900065, -0.184595,
		25.130875, 34.802090, 34.780045>
	pigment { color rgbt <0,1,1,0> }
	no_shadow
}
cylinder {
	<25.378757, 34.341663, 35.440327>,  <24.854567, 34.172043, 34.909260>, 0.130000
	pigment { color rgbt <1,0,0,0> }
	no_shadow
}

// nucleotide -1

// particle -1
sphere {
	<25.378757, 34.341663, 35.440327> 0.250000
	pigment { color rgbt <1,0,0,0> }
	no_shadow
}
cylinder {
	<25.153833, 34.628761, 35.276058>,  <25.018879, 34.801022, 35.177498>, 0.100000
	pigment { color rgbt <1,0,0,0> }
	no_shadow
}
cylinder {
	<25.153833, 34.628761, 35.276058>,  <25.378757, 34.341663, 35.440327>, 0.100000
	pigment { color rgbt <1,0,0,0> }
	no_shadow
}

// particle -1
sphere {
	<25.153833, 34.628761, 35.276058> 0.100000
	pigment { color rgbt <1,0,0,0> }
	no_shadow
}
sphere {
	0, 1
	scale<0.080000,0.200000,0.300000>
	matrix <-0.546392, 0.050274, 0.836019,
		0.620694, 0.694490, 0.363900,
		-0.562312, 0.717744, -0.410668,
		24.985140, 34.844086, 35.152859>
	pigment { color rgbt <0,1,1,0> }
	no_shadow
}
cylinder {
	<25.773148, 34.489838, 36.166862>,  <25.378757, 34.341663, 35.440327>, 0.130000
	pigment { color rgbt <1,0,0,0> }
	no_shadow
}

// nucleotide -1

// particle -1
sphere {
	<25.773148, 34.489838, 36.166862> 0.250000
	pigment { color rgbt <1,0,0,0> }
	no_shadow
}
cylinder {
	<26.125904, 34.614494, 36.308369>,  <26.337557, 34.689289, 36.393272>, 0.100000
	pigment { color rgbt <1,0,0,0> }
	no_shadow
}
cylinder {
	<26.125904, 34.614494, 36.308369>,  <25.773148, 34.489838, 36.166862>, 0.100000
	pigment { color rgbt <1,0,0,0> }
	no_shadow
}

// particle -1
sphere {
	<26.125904, 34.614494, 36.308369> 0.100000
	pigment { color rgbt <1,0,0,0> }
	no_shadow
}
sphere {
	0, 1
	scale<0.080000,0.200000,0.300000>
	matrix <0.080863, -0.839231, 0.537730,
		0.464470, -0.445612, -0.765309,
		0.881890, 0.311644, 0.353764,
		26.390471, 34.707989, 36.414497>
	pigment { color rgbt <0,1,1,0> }
	no_shadow
}
cylinder {
	<26.363913, 33.982929, 36.038765>,  <25.773148, 34.489838, 36.166862>, 0.130000
	pigment { color rgbt <1,0,0,0> }
	no_shadow
}

// nucleotide -1

// particle -1
sphere {
	<26.363913, 33.982929, 36.038765> 0.250000
	pigment { color rgbt <1,0,0,0> }
	no_shadow
}
cylinder {
	<26.456619, 34.197464, 36.363388>,  <26.512243, 34.326187, 36.558163>, 0.100000
	pigment { color rgbt <1,0,0,0> }
	no_shadow
}
cylinder {
	<26.456619, 34.197464, 36.363388>,  <26.363913, 33.982929, 36.038765>, 0.100000
	pigment { color rgbt <1,0,0,0> }
	no_shadow
}

// particle -1
sphere {
	<26.456619, 34.197464, 36.363388> 0.100000
	pigment { color rgbt <1,0,0,0> }
	no_shadow
}
sphere {
	0, 1
	scale<0.080000,0.200000,0.300000>
	matrix <0.027115, -0.837511, 0.545748,
		0.972394, -0.104480, -0.208648,
		0.231765, 0.536339, 0.811557,
		26.526148, 34.358364, 36.606853>
	pigment { color rgbt <0,1,1,0> }
	no_shadow
}
cylinder {
	<26.933167, 33.578545, 36.409908>,  <26.363913, 33.982929, 36.038765>, 0.130000
	pigment { color rgbt <1,0,0,0> }
	no_shadow
}

// nucleotide -1

// particle -1
sphere {
	<26.933167, 33.578545, 36.409908> 0.250000
	pigment { color rgbt <1,0,0,0> }
	no_shadow
}
cylinder {
	<26.801790, 33.827026, 36.694508>,  <26.722965, 33.976116, 36.865265>, 0.100000
	pigment { color rgbt <1,0,0,0> }
	no_shadow
}
cylinder {
	<26.801790, 33.827026, 36.694508>,  <26.933167, 33.578545, 36.409908>, 0.100000
	pigment { color rgbt <1,0,0,0> }
	no_shadow
}

// particle -1
sphere {
	<26.801790, 33.827026, 36.694508> 0.100000
	pigment { color rgbt <1,0,0,0> }
	no_shadow
}
sphere {
	0, 1
	scale<0.080000,0.200000,0.300000>
	matrix <0.057236, -0.738811, 0.671478,
		0.942789, 0.261263, 0.207099,
		-0.328439, 0.621209, 0.711496,
		26.703259, 34.013390, 36.907955>
	pigment { color rgbt <0,1,1,0> }
	no_shadow
}
cylinder {
	<27.452389, 33.637306, 36.942085>,  <26.933167, 33.578545, 36.409908>, 0.130000
	pigment { color rgbt <1,0,0,0> }
	no_shadow
}

// nucleotide -1

// particle -1
sphere {
	<27.452389, 33.637306, 36.942085> 0.250000
	pigment { color rgbt <1,0,0,0> }
	no_shadow
}
cylinder {
	<27.114964, 33.740837, 37.130302>,  <26.912508, 33.802956, 37.243233>, 0.100000
	pigment { color rgbt <1,0,0,0> }
	no_shadow
}
cylinder {
	<27.114964, 33.740837, 37.130302>,  <27.452389, 33.637306, 36.942085>, 0.100000
	pigment { color rgbt <1,0,0,0> }
	no_shadow
}

// particle -1
sphere {
	<27.114964, 33.740837, 37.130302> 0.100000
	pigment { color rgbt <1,0,0,0> }
	no_shadow
}
sphere {
	0, 1
	scale<0.080000,0.200000,0.300000>
	matrix <0.214466, -0.640930, 0.737030,
		0.492351, 0.722646, 0.485153,
		-0.843561, 0.258829, 0.470545,
		26.861895, 33.818485, 37.271465>
	pigment { color rgbt <0,1,1,0> }
	no_shadow
}
cylinder {
	<27.650061, 33.669235, 37.686768>,  <27.452389, 33.637306, 36.942085>, 0.130000
	pigment { color rgbt <1,0,0,0> }
	no_shadow
}

// nucleotide -1

// particle -1
sphere {
	<27.650061, 33.669235, 37.686768> 0.250000
	pigment { color rgbt <1,0,0,0> }
	no_shadow
}
cylinder {
	<27.258236, 33.608742, 37.633720>,  <27.023142, 33.572445, 37.601891>, 0.100000
	pigment { color rgbt <1,0,0,0> }
	no_shadow
}
cylinder {
	<27.258236, 33.608742, 37.633720>,  <27.650061, 33.669235, 37.686768>, 0.100000
	pigment { color rgbt <1,0,0,0> }
	no_shadow
}

// particle -1
sphere {
	<27.258236, 33.608742, 37.633720> 0.100000
	pigment { color rgbt <1,0,0,0> }
	no_shadow
}
sphere {
	0, 1
	scale<0.080000,0.200000,0.300000>
	matrix <0.004065, -0.674072, 0.738654,
		-0.201101, 0.723019, 0.660910,
		-0.979562, -0.151231, -0.132618,
		26.964367, 33.563374, 37.593937>
	pigment { color rgbt <0,1,1,0> }
	no_shadow
}
cylinder {
	<27.288654, 33.769768, 38.270538>,  <27.650061, 33.669235, 37.686768>, 0.130000
	pigment { color rgbt <1,0,0,0> }
	no_shadow
}

// nucleotide -1

// particle -1
sphere {
	<27.288654, 33.769768, 38.270538> 0.250000
	pigment { color rgbt <1,0,0,0> }
	no_shadow
}
cylinder {
	<27.102215, 33.505989, 38.034615>,  <26.990351, 33.347721, 37.893059>, 0.100000
	pigment { color rgbt <1,0,0,0> }
	no_shadow
}
cylinder {
	<27.102215, 33.505989, 38.034615>,  <27.288654, 33.769768, 38.270538>, 0.100000
	pigment { color rgbt <1,0,0,0> }
	no_shadow
}

// particle -1
sphere {
	<27.102215, 33.505989, 38.034615> 0.100000
	pigment { color rgbt <1,0,0,0> }
	no_shadow
}
sphere {
	0, 1
	scale<0.080000,0.200000,0.300000>
	matrix <0.209987, -0.730064, 0.650317,
		-0.859452, 0.179259, 0.478757,
		-0.466098, -0.659449, -0.589813,
		26.962385, 33.308155, 37.857670>
	pigment { color rgbt <0,1,1,0> }
	no_shadow
}
cylinder {
	<26.846270, 33.547295, 38.793182>,  <27.288654, 33.769768, 38.270538>, 0.130000
	pigment { color rgbt <1,0,0,0> }
	no_shadow
}

// nucleotide -1

// particle -1
sphere {
	<26.846270, 33.547295, 38.793182> 0.250000
	pigment { color rgbt <1,0,0,0> }
	no_shadow
}
cylinder {
	<26.681482, 33.460922, 38.439083>,  <26.582611, 33.409100, 38.226624>, 0.100000
	pigment { color rgbt <1,0,0,0> }
	no_shadow
}
cylinder {
	<26.681482, 33.460922, 38.439083>,  <26.846270, 33.547295, 38.793182>, 0.100000
	pigment { color rgbt <1,0,0,0> }
	no_shadow
}

// particle -1
sphere {
	<26.681482, 33.460922, 38.439083> 0.100000
	pigment { color rgbt <1,0,0,0> }
	no_shadow
}
sphere {
	0, 1
	scale<0.080000,0.200000,0.300000>
	matrix <-0.253237, -0.906113, 0.338866,
		-0.875302, 0.363779, 0.318608,
		-0.411967, -0.215927, -0.885245,
		26.557892, 33.396145, 38.173508>
	pigment { color rgbt <0,1,1,0> }
	no_shadow
}
cylinder {
	<26.204384, 33.200634, 38.926144>,  <26.846270, 33.547295, 38.793182>, 0.130000
	pigment { color rgbt <1,0,0,0> }
	no_shadow
}

// nucleotide -1

// particle -1
sphere {
	<26.204384, 33.200634, 38.926144> 0.250000
	pigment { color rgbt <1,0,0,0> }
	no_shadow
}
cylinder {
	<26.327755, 33.094147, 38.560848>,  <26.401777, 33.030254, 38.341671>, 0.100000
	pigment { color rgbt <1,0,0,0> }
	no_shadow
}
cylinder {
	<26.327755, 33.094147, 38.560848>,  <26.204384, 33.200634, 38.926144>, 0.100000
	pigment { color rgbt <1,0,0,0> }
	no_shadow
}

// particle -1
sphere {
	<26.327755, 33.094147, 38.560848> 0.100000
	pigment { color rgbt <1,0,0,0> }
	no_shadow
}
sphere {
	0, 1
	scale<0.080000,0.200000,0.300000>
	matrix <-0.223129, -0.953502, 0.202599,
		-0.924708, 0.141283, -0.353488,
		0.308428, -0.266219, -0.913236,
		26.420282, 33.014282, 38.286877>
	pigment { color rgbt <0,1,1,0> }
	no_shadow
}
cylinder {
	<25.671125, 32.773308, 38.673607>,  <26.204384, 33.200634, 38.926144>, 0.130000
	pigment { color rgbt <1,0,0,0> }
	no_shadow
}

// nucleotide -1

// particle -1
sphere {
	<25.671125, 32.773308, 38.673607> 0.250000
	pigment { color rgbt <1,0,0,0> }
	no_shadow
}
cylinder {
	<26.011789, 32.675499, 38.488186>,  <26.216188, 32.616814, 38.376934>, 0.100000
	pigment { color rgbt <1,0,0,0> }
	no_shadow
}
cylinder {
	<26.011789, 32.675499, 38.488186>,  <25.671125, 32.773308, 38.673607>, 0.100000
	pigment { color rgbt <1,0,0,0> }
	no_shadow
}

// particle -1
sphere {
	<26.011789, 32.675499, 38.488186> 0.100000
	pigment { color rgbt <1,0,0,0> }
	no_shadow
}
sphere {
	0, 1
	scale<0.080000,0.200000,0.300000>
	matrix <-0.052473, -0.919824, 0.388806,
		-0.521462, -0.306806, -0.796208,
		0.851660, -0.244526, -0.463554,
		26.267286, 32.602142, 38.349121>
	pigment { color rgbt <0,1,1,0> }
	no_shadow
}
cylinder {
	<25.653551, 32.025738, 38.695442>,  <25.671125, 32.773308, 38.673607>, 0.130000
	pigment { color rgbt <1,0,0,0> }
	no_shadow
}

// nucleotide -1

// particle -1
sphere {
	<25.653551, 32.025738, 38.695442> 0.250000
	pigment { color rgbt <1,0,0,0> }
	no_shadow
}
cylinder {
	<26.013865, 32.126820, 38.554176>,  <26.230053, 32.187469, 38.469418>, 0.100000
	pigment { color rgbt <1,0,0,0> }
	no_shadow
}
cylinder {
	<26.013865, 32.126820, 38.554176>,  <25.653551, 32.025738, 38.695442>, 0.100000
	pigment { color rgbt <1,0,0,0> }
	no_shadow
}

// particle -1
sphere {
	<26.013865, 32.126820, 38.554176> 0.100000
	pigment { color rgbt <1,0,0,0> }
	no_shadow
}
sphere {
	0, 1
	scale<0.080000,0.200000,0.300000>
	matrix <0.368220, -0.875588, 0.312665,
		-0.230216, -0.411687, -0.881768,
		0.900785, 0.252704, -0.353166,
		26.284100, 32.202629, 38.448227>
	pigment { color rgbt <0,1,1,0> }
	no_shadow
}
cylinder {
	<26.044725, 31.553877, 38.219246>,  <25.653551, 32.025738, 38.695442>, 0.130000
	pigment { color rgbt <1,0,0,0> }
	no_shadow
}

// nucleotide -1

// particle -1
sphere {
	<26.044725, 31.553877, 38.219246> 0.250000
	pigment { color rgbt <1,0,0,0> }
	no_shadow
}
cylinder {
	<25.929934, 31.205719, 38.059219>,  <25.861059, 30.996824, 37.963203>, 0.100000
	pigment { color rgbt <1,0,0,0> }
	no_shadow
}
cylinder {
	<25.929934, 31.205719, 38.059219>,  <26.044725, 31.553877, 38.219246>, 0.100000
	pigment { color rgbt <1,0,0,0> }
	no_shadow
}

// particle -1
sphere {
	<25.929934, 31.205719, 38.059219> 0.100000
	pigment { color rgbt <1,0,0,0> }
	no_shadow
}
sphere {
	0, 1
	scale<0.080000,0.200000,0.300000>
	matrix <0.288718, 0.319621, -0.902488,
		0.913392, -0.374502, 0.159575,
		-0.286980, -0.870397, -0.400065,
		25.843840, 30.944599, 37.939201>
	pigment { color rgbt <0,1,1,0> }
	no_shadow
}
cylinder {
	<26.827574, 31.698971, 38.002666>,  <26.044725, 31.553877, 38.219246>, 0.130000
	pigment { color rgbt <1,0,0,0> }
	no_shadow
}

// nucleotide -1

// particle -1
sphere {
	<26.827574, 31.698971, 38.002666> 0.250000
	pigment { color rgbt <1,0,0,0> }
	no_shadow
}
cylinder {
	<26.714306, 31.705332, 38.386242>,  <26.646345, 31.709148, 38.616386>, 0.100000
	pigment { color rgbt <1,0,0,0> }
	no_shadow
}
cylinder {
	<26.714306, 31.705332, 38.386242>,  <26.827574, 31.698971, 38.002666>, 0.100000
	pigment { color rgbt <1,0,0,0> }
	no_shadow
}

// particle -1
sphere {
	<26.714306, 31.705332, 38.386242> 0.100000
	pigment { color rgbt <1,0,0,0> }
	no_shadow
}
sphere {
	0, 1
	scale<0.080000,0.200000,0.300000>
	matrix <0.316216, -0.942404, 0.109007,
		0.905441, 0.334099, 0.261830,
		-0.283168, 0.015904, 0.958938,
		26.629354, 31.710104, 38.673923>
	pigment { color rgbt <0,1,1,0> }
	no_shadow
}
cylinder {
	<27.217405, 32.348301, 37.725456>,  <26.827574, 31.698971, 38.002666>, 0.130000
	pigment { color rgbt <1,0,0,0> }
	no_shadow
}

// nucleotide -1

// particle -1
sphere {
	<27.217405, 32.348301, 37.725456> 0.250000
	pigment { color rgbt <1,0,0,0> }
	no_shadow
}
cylinder {
	<26.848608, 32.428722, 37.857826>,  <26.627331, 32.476974, 37.937248>, 0.100000
	pigment { color rgbt <1,0,0,0> }
	no_shadow
}
cylinder {
	<26.848608, 32.428722, 37.857826>,  <27.217405, 32.348301, 37.725456>, 0.100000
	pigment { color rgbt <1,0,0,0> }
	no_shadow
}

// particle -1
sphere {
	<26.848608, 32.428722, 37.857826> 0.100000
	pigment { color rgbt <1,0,0,0> }
	no_shadow
}
sphere {
	0, 1
	scale<0.080000,0.200000,0.300000>
	matrix <0.053254, 0.912349, -0.405935,
