// switches for output
#declare DRAW_BASES = 1; // possible values are 0, 1; only relevant for DNA ribbons
#declare DRAW_BASES_TYPE = 3; // possible values are 1, 2, 3; only relevant for DNA ribbons
#declare DRAW_FOG = 0; // set to 1 to enable fog

#include "colors.inc"

#include "transforms.inc"
background { rgb <1, 1, 1>}

#default {
   normal{
       ripples 0.25
       frequency 0.20
       turbulence 0.2
       lambda 5
   }
	finish {
		phong 0.1
		phong_size 40.
	}
}

// original window dimensions: 1024x640


// camera settings

camera {
	sky <0, 0.179814, -0.983701>
	up <0, 0.179814, -0.983701>
	right 1.6 * <1, 0, 0>
	location <35, 94.9851, 44.8844>
	look_at <35, 29.7336, 32.9568>
	direction <0, -65.2515, -11.9276>
	angle 67.0682
}


# declare cpy_camera_pos = <35, 94.9851, 44.8844>;
# if (DRAW_FOG = 1)
fog {
	fog_type 2
	up vnormalize(cpy_camera_pos)
	color rgbt<1,1,1,0.3>
	distance 1e-5
	fog_alt 3e-3
	fog_offset 56
}
# end


// LIGHTS

# declare lum = 6;
global_settings {
	ambient_light rgb lum * <0.05, 0.05, 0.05>
	max_trace_level 15
}# declare cpy_direct_light_amount = 0.25;
light_source
{	1000 * <-1, -1.16352, -0.803886>,
	rgb lum * cpy_direct_light_amount
	parallel
}

light_source
{	1000 * <1, 1.16352, 0.803886>,
	rgb lum * cpy_direct_light_amount
	parallel
}

// strand 0

// nucleotide -1

// particle -1
sphere {
	<24.290955, 35.345749, 35.138428> 0.250000
	pigment { color rgbt <1,0,0,0> }
	no_shadow
}
cylinder {
	<24.235262, 35.100487, 34.827389>,  <24.201847, 34.953331, 34.640766>, 0.100000
	pigment { color rgbt <1,0,0,0> }
	no_shadow
}
cylinder {
	<24.235262, 35.100487, 34.827389>,  <24.290955, 35.345749, 35.138428>, 0.100000
	pigment { color rgbt <1,0,0,0> }
	no_shadow
}

// particle -1
sphere {
	<24.235262, 35.100487, 34.827389> 0.100000
	pigment { color rgbt <1,0,0,0> }
	no_shadow
}
sphere {
	0, 1
	scale<0.080000,0.200000,0.300000>
	matrix <-0.883043, -0.278505, 0.377717,
		-0.448163, 0.739243, -0.502663,
		-0.139230, -0.613152, -0.777599,
		24.193493, 34.916542, 34.594109>
	pigment { color rgbt <0,1,1,0> }
	no_shadow
}
cylinder {
	<24.201324, 34.489155, 34.964558>,  <24.290955, 35.345749, 35.138428>, 0.130000
	pigment { color rgbt <1,0,0,0> }
	no_shadow
}

// nucleotide -1

// particle -1
sphere {
	<24.201324, 34.489155, 34.964558> 0.250000
	pigment { color rgbt <1,0,0,0> }
	no_shadow
}
cylinder {
	<24.406599, 34.722126, 35.216721>,  <24.529764, 34.861908, 35.368019>, 0.100000
	pigment { color rgbt <1,0,0,0> }
	no_shadow
}
cylinder {
	<24.406599, 34.722126, 35.216721>,  <24.201324, 34.489155, 34.964558>, 0.100000
	pigment { color rgbt <1,0,0,0> }
	no_shadow
}

// particle -1
sphere {
	<24.406599, 34.722126, 35.216721> 0.100000
	pigment { color rgbt <1,0,0,0> }
	no_shadow
}
sphere {
	0, 1
	scale<0.080000,0.200000,0.300000>
	matrix <0.631760, -0.753524, 0.181883,
		0.580964, 0.304929, -0.754652,
		0.513186, 0.582426, 0.630412,
		24.560555, 34.896854, 35.405846>
	pigment { color rgbt <0,1,1,0> }
	no_shadow
}
cylinder {
	<24.752417, 34.524624, 34.631348>,  <24.201324, 34.489155, 34.964558>, 0.130000
	pigment { color rgbt <1,0,0,0> }
	no_shadow
}

// nucleotide -1

// particle -1
sphere {
	<24.752417, 34.524624, 34.631348> 0.250000
	pigment { color rgbt <1,0,0,0> }
	no_shadow
}
cylinder {
	<24.923136, 34.879280, 34.560123>,  <25.025566, 35.092075, 34.517387>, 0.100000
	pigment { color rgbt <1,0,0,0> }
	no_shadow
}
cylinder {
	<24.923136, 34.879280, 34.560123>,  <24.752417, 34.524624, 34.631348>, 0.100000
	pigment { color rgbt <1,0,0,0> }
	no_shadow
}

// particle -1
sphere {
	<24.923136, 34.879280, 34.560123> 0.100000
	pigment { color rgbt <1,0,0,0> }
	no_shadow
}
sphere {
	0, 1
	scale<0.080000,0.200000,0.300000>
	matrix <0.345303, 0.022207, 0.938228,
		0.835829, -0.461918, -0.296684,
		0.426796, 0.886645, -0.178063,
		25.051174, 35.145275, 34.506706>
	pigment { color rgbt <0,1,1,0> }
	no_shadow
}
cylinder {
	<25.415384, 34.556877, 34.908962>,  <24.752417, 34.524624, 34.631348>, 0.130000
	pigment { color rgbt <1,0,0,0> }
	no_shadow
}

// nucleotide -1

// particle -1
sphere {
	<25.415384, 34.556877, 34.908962> 0.250000
	pigment { color rgbt <1,0,0,0> }
	no_shadow
}
cylinder {
	<25.293779, 34.937107, 34.883717>,  <25.220816, 35.165245, 34.868568>, 0.100000
	pigment { color rgbt <1,0,0,0> }
	no_shadow
}
cylinder {
	<25.293779, 34.937107, 34.883717>,  <25.415384, 34.556877, 34.908962>, 0.100000
	pigment { color rgbt <1,0,0,0> }
	no_shadow
}

// particle -1
sphere {
	<25.293779, 34.937107, 34.883717> 0.100000
	pigment { color rgbt <1,0,0,0> }
	no_shadow
}
sphere {
	0, 1
	scale<0.080000,0.200000,0.300000>
	matrix <0.420519, 0.193343, 0.886443,
		0.854833, 0.242951, -0.458514,
		-0.304013, 0.950575, -0.063110,
		25.202576, 35.222279, 34.864784>
	pigment { color rgbt <0,1,1,0> }
	no_shadow
}
cylinder {
	<25.982573, 34.897675, 35.108448>,  <25.415384, 34.556877, 34.908962>, 0.130000
	pigment { color rgbt <1,0,0,0> }
	no_shadow
}

// nucleotide -1

// particle -1
sphere {
	<25.982573, 34.897675, 35.108448> 0.250000
	pigment { color rgbt <1,0,0,0> }
	no_shadow
}
cylinder {
	<25.666012, 35.137287, 35.157181>,  <25.476076, 35.281055, 35.186420>, 0.100000
	pigment { color rgbt <1,0,0,0> }
	no_shadow
}
cylinder {
	<25.666012, 35.137287, 35.157181>,  <25.982573, 34.897675, 35.108448>, 0.100000
	pigment { color rgbt <1,0,0,0> }
	no_shadow
}

// particle -1
sphere {
	<25.666012, 35.137287, 35.157181> 0.100000
	pigment { color rgbt <1,0,0,0> }
	no_shadow
}
sphere {
	0, 1
	scale<0.080000,0.200000,0.300000>
	matrix <0.343271, 0.270577, 0.899418,
		0.505817, 0.753622, -0.419766,
		-0.791400, 0.599035, 0.121834,
		25.428593, 35.316998, 35.193729>
	pigment { color rgbt <0,1,1,0> }
	no_shadow
}
cylinder {
	<26.192076, 35.563942, 35.168167>,  <25.982573, 34.897675, 35.108448>, 0.130000
	pigment { color rgbt <1,0,0,0> }
	no_shadow
}

// nucleotide -1

// particle -1
sphere {
	<26.192076, 35.563942, 35.168167> 0.250000
	pigment { color rgbt <1,0,0,0> }
	no_shadow
}
cylinder {
	<25.848230, 35.512684, 35.366013>,  <25.641924, 35.481930, 35.484722>, 0.100000
	pigment { color rgbt <1,0,0,0> }
	no_shadow
}
cylinder {
	<25.848230, 35.512684, 35.366013>,  <26.192076, 35.563942, 35.168167>, 0.100000
	pigment { color rgbt <1,0,0,0> }
	no_shadow
}

// particle -1
sphere {
	<25.848230, 35.512684, 35.366013> 0.100000
	pigment { color rgbt <1,0,0,0> }
	no_shadow
}
sphere {
	0, 1
	scale<0.080000,0.200000,0.300000>
	matrix <0.378191, 0.491348, 0.784569,
		-0.343565, 0.861485, -0.373908,
		-0.859613, -0.128142, 0.494616,
		25.590347, 35.474243, 35.514397>
	pigment { color rgbt <0,1,1,0> }
	no_shadow
}
cylinder {
	<26.029533, 36.200176, 35.420292>,  <26.192076, 35.563942, 35.168167>, 0.130000
	pigment { color rgbt <1,0,0,0> }
	no_shadow
}

// nucleotide -1

// particle -1
sphere {
	<26.029533, 36.200176, 35.420292> 0.250000
	pigment { color rgbt <1,0,0,0> }
	no_shadow
}
cylinder {
	<25.853098, 35.930939, 35.657742>,  <25.747236, 35.769398, 35.800209>, 0.100000
	pigment { color rgbt <1,0,0,0> }
	no_shadow
}
cylinder {
	<25.853098, 35.930939, 35.657742>,  <26.029533, 36.200176, 35.420292>, 0.100000
	pigment { color rgbt <1,0,0,0> }
	no_shadow
}

// particle -1
sphere {
	<25.853098, 35.930939, 35.657742> 0.100000
	pigment { color rgbt <1,0,0,0> }
	no_shadow
}
sphere {
	0, 1
	scale<0.080000,0.200000,0.300000>
	matrix <0.379675, 0.459386, 0.803001,
		-0.813197, 0.579577, 0.052928,
		-0.441086, -0.673094, 0.593622,
		25.720772, 35.729012, 35.835827>
	pigment { color rgbt <0,1,1,0> }
	no_shadow
}
cylinder {
	<25.610945, 36.582447, 35.839729>,  <26.029533, 36.200176, 35.420292>, 0.130000
	pigment { color rgbt <1,0,0,0> }
	no_shadow
}

// nucleotide -1

// particle -1
sphere {
	<25.610945, 36.582447, 35.839729> 0.250000
	pigment { color rgbt <1,0,0,0> }
	no_shadow
}
cylinder {
	<25.762300, 36.247444, 35.997410>,  <25.853113, 36.046440, 36.092018>, 0.100000
	pigment { color rgbt <1,0,0,0> }
	no_shadow
}
cylinder {
	<25.762300, 36.247444, 35.997410>,  <25.610945, 36.582447, 35.839729>, 0.100000
	pigment { color rgbt <1,0,0,0> }
	no_shadow
}

// particle -1
sphere {
	<25.762300, 36.247444, 35.997410> 0.100000
	pigment { color rgbt <1,0,0,0> }
	no_shadow
}
sphere {
	0, 1
	scale<0.080000,0.200000,0.300000>
	matrix <0.552643, 0.546039, 0.629625,
		-0.742569, -0.020390, 0.669460,
		0.378389, -0.837512, 0.394203,
		25.875816, 35.996189, 36.115669>
	pigment { color rgbt <0,1,1,0> }
	no_shadow
}
cylinder {
	<25.572903, 36.615982, 36.587486>,  <25.610945, 36.582447, 35.839729>, 0.130000
	pigment { color rgbt <1,0,0,0> }
	no_shadow
}

// nucleotide -1

// particle -1
sphere {
	<25.572903, 36.615982, 36.587486> 0.250000
	pigment { color rgbt <1,0,0,0> }
	no_shadow
}
cylinder {
	<25.856260, 36.348946, 36.495838>,  <26.026276, 36.188725, 36.440849>, 0.100000
	pigment { color rgbt <1,0,0,0> }
	no_shadow
}
cylinder {
	<25.856260, 36.348946, 36.495838>,  <25.572903, 36.615982, 36.587486>, 0.100000
	pigment { color rgbt <1,0,0,0> }
	no_shadow
}

// particle -1
sphere {
	<25.856260, 36.348946, 36.495838> 0.100000
	pigment { color rgbt <1,0,0,0> }
	no_shadow
}
sphere {
	0, 1
	scale<0.080000,0.200000,0.300000>
	matrix <0.645353, 0.481172, 0.593290,
		-0.285829, -0.568147, 0.771693,
		0.708393, -0.667594, -0.229122,
		26.068779, 36.148666, 36.427101>
	pigment { color rgbt <0,1,1,0> }
	no_shadow
}
cylinder {
	<25.863735, 36.577419, 37.248665>,  <25.572903, 36.615982, 36.587486>, 0.130000
	pigment { color rgbt <1,0,0,0> }
	no_shadow
}

// nucleotide -1

// particle -1
sphere {
	<25.863735, 36.577419, 37.248665> 0.250000
	pigment { color rgbt <1,0,0,0> }
	no_shadow
}
cylinder {
	<26.137331, 36.417755, 37.004425>,  <26.301489, 36.321957, 36.857883>, 0.100000
	pigment { color rgbt <1,0,0,0> }
	no_shadow
}
cylinder {
	<26.137331, 36.417755, 37.004425>,  <25.863735, 36.577419, 37.248665>, 0.100000
	pigment { color rgbt <1,0,0,0> }
	no_shadow
}

// particle -1
sphere {
	<26.137331, 36.417755, 37.004425> 0.100000
	pigment { color rgbt <1,0,0,0> }
	no_shadow
}
sphere {
	0, 1
	scale<0.080000,0.200000,0.300000>
	matrix <0.718929, 0.510765, 0.471445,
		0.123688, -0.761439, 0.636327,
		0.683990, -0.399161, -0.610596,
		26.342527, 36.298008, 36.821247>
	pigment { color rgbt <0,1,1,0> }
	no_shadow
}
cylinder {
	<26.300047, 36.154636, 37.608791>,  <25.863735, 36.577419, 37.248665>, 0.130000
	pigment { color rgbt <1,0,0,0> }
	no_shadow
}

// nucleotide -1

// particle -1
sphere {
	<26.300047, 36.154636, 37.608791> 0.250000
	pigment { color rgbt <1,0,0,0> }
	no_shadow
}
cylinder {
	<26.508583, 36.271526, 37.288090>,  <26.633705, 36.341660, 37.095669>, 0.100000
	pigment { color rgbt <1,0,0,0> }
	no_shadow
}
cylinder {
	<26.508583, 36.271526, 37.288090>,  <26.300047, 36.154636, 37.608791>, 0.100000
	pigment { color rgbt <1,0,0,0> }
	no_shadow
}

// particle -1
sphere {
	<26.508583, 36.271526, 37.288090> 0.100000
	pigment { color rgbt <1,0,0,0> }
	no_shadow
}
sphere {
	0, 1
	scale<0.080000,0.200000,0.300000>
	matrix <0.694065, 0.401398, 0.597624,
		0.496463, -0.868034, 0.006440,
		0.521343, 0.292228, -0.801751,
		26.664986, 36.359196, 37.047565>
	pigment { color rgbt <0,1,1,0> }
	no_shadow
}
cylinder {
	<26.973345, 35.898361, 37.697056>,  <26.300047, 36.154636, 37.608791>, 0.130000
	pigment { color rgbt <1,0,0,0> }
	no_shadow
}

// nucleotide -1

// particle -1
sphere {
	<26.973345, 35.898361, 37.697056> 0.250000
	pigment { color rgbt <1,0,0,0> }
	no_shadow
}
cylinder {
	<26.980831, 36.217991, 37.456680>,  <26.985323, 36.409771, 37.312454>, 0.100000
	pigment { color rgbt <1,0,0,0> }
	no_shadow
}
cylinder {
	<26.980831, 36.217991, 37.456680>,  <26.973345, 35.898361, 37.697056>, 0.100000
	pigment { color rgbt <1,0,0,0> }
	no_shadow
}

// particle -1
sphere {
	<26.980831, 36.217991, 37.456680> 0.100000
	pigment { color rgbt <1,0,0,0> }
	no_shadow
}
sphere {
	0, 1
	scale<0.080000,0.200000,0.300000>
	matrix <0.690944, 0.424090, 0.585444,
		0.722666, -0.426171, -0.544180,
		0.018718, 0.799079, -0.600935,
		26.986446, 36.457714, 37.276402>
	pigment { color rgbt <0,1,1,0> }
	no_shadow
}
cylinder {
	<27.488018, 36.395832, 37.602699>,  <26.973345, 35.898361, 37.697056>, 0.130000
	pigment { color rgbt <1,0,0,0> }
	no_shadow
}

// nucleotide -1

// particle -1
sphere {
	<27.488018, 36.395832, 37.602699> 0.250000
	pigment { color rgbt <1,0,0,0> }
	no_shadow
}
cylinder {
	<27.769201, 36.117607, 37.543308>,  <27.937912, 35.950672, 37.507671>, 0.100000
	pigment { color rgbt <1,0,0,0> }
	no_shadow
}
cylinder {
	<27.769201, 36.117607, 37.543308>,  <27.488018, 36.395832, 37.602699>, 0.100000
	pigment { color rgbt <1,0,0,0> }
	no_shadow
}

// particle -1
sphere {
	<27.769201, 36.117607, 37.543308> 0.100000
	pigment { color rgbt <1,0,0,0> }
	no_shadow
}
sphere {
	0, 1
	scale<0.080000,0.200000,0.300000>
	matrix <-0.282370, -0.081327, -0.955852,
		0.652777, 0.713851, -0.253575,
		0.702958, -0.695560, -0.148482,
		27.980089, 35.908939, 37.498764>
	pigment { color rgbt <0,1,1,0> }
	no_shadow
}
cylinder {
	<27.286003, 37.103954, 37.821804>,  <27.488018, 36.395832, 37.602699>, 0.130000
	pigment { color rgbt <1,0,0,0> }
	no_shadow
}

// nucleotide -1

// particle -1
sphere {
	<27.286003, 37.103954, 37.821804> 0.250000
	pigment { color rgbt <1,0,0,0> }
	no_shadow
}
cylinder {
	<27.584049, 37.105804, 37.555035>,  <27.762877, 37.106915, 37.394974>, 0.100000
	pigment { color rgbt <1,0,0,0> }
	no_shadow
}
cylinder {
	<27.584049, 37.105804, 37.555035>,  <27.286003, 37.103954, 37.821804>, 0.100000
	pigment { color rgbt <1,0,0,0> }
	no_shadow
}

// particle -1
sphere {
	<27.584049, 37.105804, 37.555035> 0.100000
	pigment { color rgbt <1,0,0,0> }
	no_shadow
}
sphere {
	0, 1
	scale<0.080000,0.200000,0.300000>
	matrix <-0.562469, -0.532975, -0.632112,
		-0.358379, 0.846118, -0.394523,
		0.745113, 0.004629, -0.666922,
		27.807583, 37.107193, 37.354958>
	pigment { color rgbt <0,1,1,0> }
	no_shadow
}
cylinder {
	<27.047392, 37.323441, 37.135311>,  <27.286003, 37.103954, 37.821804>, 0.130000
	pigment { color rgbt <1,0,0,0> }
	no_shadow
}

// nucleotide -1

// particle -1
sphere {
	<27.047392, 37.323441, 37.135311> 0.250000
	pigment { color rgbt <1,0,0,0> }
	no_shadow
}
cylinder {
	<27.336052, 37.053474, 37.073711>,  <27.509249, 36.891495, 37.036751>, 0.100000
	pigment { color rgbt <1,0,0,0> }
	no_shadow
}
cylinder {
	<27.336052, 37.053474, 37.073711>,  <27.047392, 37.323441, 37.135311>, 0.100000
	pigment { color rgbt <1,0,0,0> }
	no_shadow
}

// particle -1
sphere {
	<27.336052, 37.053474, 37.073711> 0.100000
	pigment { color rgbt <1,0,0,0> }
	no_shadow
}
sphere {
	0, 1
	scale<0.080000,0.200000,0.300000>
	matrix <-0.600174, -0.499119, -0.625038,
		0.344984, 0.543482, -0.765253,
		0.721649, -0.674913, -0.153996,
		27.552547, 36.851002, 37.027512>
	pigment { color rgbt <0,1,1,0> }
	no_shadow
}
cylinder {
	<27.162794, 37.235283, 36.488533>,  <27.047392, 37.323441, 37.135311>, 0.130000
	pigment { color rgbt <1,0,0,0> }
	no_shadow
}

// nucleotide -1

// particle -1
sphere {
	<27.162794, 37.235283, 36.488533> 0.250000
	pigment { color rgbt <1,0,0,0> }
	no_shadow
}
cylinder {
	<27.217949, 36.886478, 36.676399>,  <27.251041, 36.677197, 36.789120>, 0.100000
	pigment { color rgbt <1,0,0,0> }
	no_shadow
}
cylinder {
	<27.217949, 36.886478, 36.676399>,  <27.162794, 37.235283, 36.488533>, 0.100000
	pigment { color rgbt <1,0,0,0> }
	no_shadow
}

// particle -1
sphere {
	<27.217949, 36.886478, 36.676399> 0.100000
	pigment { color rgbt <1,0,0,0> }
	no_shadow
}
sphere {
	0, 1
	scale<0.080000,0.200000,0.300000>
	matrix <-0.671260, -0.430954, -0.603066,
		0.728284, -0.232114, -0.644768,
		0.137885, -0.872011, 0.469665,
		27.259315, 36.624874, 36.817299>
	pigment { color rgbt <0,1,1,0> }
	no_shadow
}
cylinder {
	<27.294186, 36.632759, 36.018063>,  <27.162794, 37.235283, 36.488533>, 0.130000
	pigment { color rgbt <1,0,0,0> }
	no_shadow
}

// nucleotide -1

// particle -1
sphere {
	<27.294186, 36.632759, 36.018063> 0.250000
	pigment { color rgbt <1,0,0,0> }
	no_shadow
}
cylinder {
	<27.105371, 36.513527, 36.349926>,  <26.992083, 36.441986, 36.549042>, 0.100000
	pigment { color rgbt <1,0,0,0> }
	no_shadow
}
cylinder {
	<27.105371, 36.513527, 36.349926>,  <27.294186, 36.632759, 36.018063>, 0.100000
	pigment { color rgbt <1,0,0,0> }
	no_shadow
}

// particle -1
sphere {
	<27.105371, 36.513527, 36.349926> 0.100000
	pigment { color rgbt <1,0,0,0> }
	no_shadow
}
sphere {
	0, 1
	scale<0.080000,0.200000,0.300000>
	matrix <-0.732324, -0.391352, -0.557266,
		0.490799, -0.870626, -0.033560,
		-0.472037, -0.298082, 0.829656,
		26.963760, 36.424103, 36.598824>
	pigment { color rgbt <0,1,1,0> }
	no_shadow
}
cylinder {
	<27.203291, 35.886765, 35.888912>,  <27.294186, 36.632759, 36.018063>, 0.130000
	pigment { color rgbt <1,0,0,0> }
	no_shadow
}

// nucleotide -1

// particle -1
sphere {
	<27.203291, 35.886765, 35.888912> 0.250000
	pigment { color rgbt <1,0,0,0> }
	no_shadow
}
cylinder {
	<26.964777, 36.009258, 36.185738>,  <26.821669, 36.082756, 36.363834>, 0.100000
	pigment { color rgbt <1,0,0,0> }
	no_shadow
}
cylinder {
	<26.964777, 36.009258, 36.185738>,  <27.203291, 35.886765, 35.888912>, 0.100000
	pigment { color rgbt <1,0,0,0> }
	no_shadow
}

// particle -1
sphere {
	<26.964777, 36.009258, 36.185738> 0.100000
	pigment { color rgbt <1,0,0,0> }
	no_shadow
}
sphere {
	0, 1
	scale<0.080000,0.200000,0.300000>
	matrix <-0.661792, -0.710750, -0.238467,
		0.454396, -0.633287, 0.626476,
		-0.596286, 0.306238, 0.742066,
		26.785891, 36.101131, 36.408356>
	pigment { color rgbt <0,1,1,0> }
	no_shadow
}
cylinder {
	<26.964804, 35.273026, 36.106972>,  <27.203291, 35.886765, 35.888912>, 0.130000
	pigment { color rgbt <1,0,0,0> }
	no_shadow
}

// nucleotide -1

// particle -1
sphere {
	<26.964804, 35.273026, 36.106972> 0.250000
	pigment { color rgbt <1,0,0,0> }
	no_shadow
}
cylinder {
	<26.683283, 35.541061, 36.201321>,  <26.514370, 35.701885, 36.257931>, 0.100000
	pigment { color rgbt <1,0,0,0> }
	no_shadow
}
cylinder {
	<26.683283, 35.541061, 36.201321>,  <26.964804, 35.273026, 36.106972>, 0.100000
	pigment { color rgbt <1,0,0,0> }
	no_shadow
}

// particle -1
sphere {
	<26.683283, 35.541061, 36.201321> 0.100000
	pigment { color rgbt <1,0,0,0> }
	no_shadow
}
sphere {
	0, 1
	scale<0.080000,0.200000,0.300000>
	matrix <-0.697626, -0.589266, -0.407535,
		-0.134092, -0.451378, 0.882200,
		-0.703803, 0.670093, 0.235877,
		26.472141, 35.742088, 36.272083>
	pigment { color rgbt <0,1,1,0> }
	no_shadow
}
cylinder {
	<26.535978, 34.903965, 36.582844>,  <26.964804, 35.273026, 36.106972>, 0.130000
	pigment { color rgbt <1,0,0,0> }
	no_shadow
}

// nucleotide -1

// particle -1
sphere {
	<26.535978, 34.903965, 36.582844> 0.250000
	pigment { color rgbt <1,0,0,0> }
	no_shadow
}
cylinder {
	<26.328720, 35.217972, 36.447041>,  <26.204365, 35.406376, 36.365559>, 0.100000
	pigment { color rgbt <1,0,0,0> }
	no_shadow
}
cylinder {
	<26.328720, 35.217972, 36.447041>,  <26.535978, 34.903965, 36.582844>, 0.100000
	pigment { color rgbt <1,0,0,0> }
	no_shadow
}

// particle -1
sphere {
	<26.328720, 35.217972, 36.447041> 0.100000
	pigment { color rgbt <1,0,0,0> }
	no_shadow
}
sphere {
	0, 1
	scale<0.080000,0.200000,0.300000>
	matrix <-0.672131, -0.619211, -0.405977,
		-0.528927, 0.017836, 0.848480,
		-0.518148, 0.785022, -0.339506,
		26.173277, 35.453480, 36.345188>
	pigment { color rgbt <0,1,1,0> }
	no_shadow
}
cylinder {
	<25.805111, 34.685863, 36.750626>,  <26.535978, 34.903965, 36.582844>, 0.130000
	pigment { color rgbt <1,0,0,0> }
	no_shadow
}

// nucleotide -1

// particle -1
sphere {
	<25.805111, 34.685863, 36.750626> 0.250000
	pigment { color rgbt <1,0,0,0> }
	no_shadow
}
cylinder {
	<25.801920, 35.000294, 36.503395>,  <25.800005, 35.188953, 36.355057>, 0.100000
	pigment { color rgbt <1,0,0,0> }
	no_shadow
}
cylinder {
	<25.801920, 35.000294, 36.503395>,  <25.805111, 34.685863, 36.750626>, 0.100000
	pigment { color rgbt <1,0,0,0> }
	no_shadow
}

// particle -1
sphere {
	<25.801920, 35.000294, 36.503395> 0.100000
	pigment { color rgbt <1,0,0,0> }
	no_shadow
}
sphere {
	0, 1
	scale<0.080000,0.200000,0.300000>
	matrix <-0.863340, -0.317289, -0.392393,
		-0.504560, 0.530479, 0.681184,
		-0.007976, 0.786079, -0.618075,
		25.799526, 35.236118, 36.317974>
	pigment { color rgbt <0,1,1,0> }
	no_shadow
}
cylinder {
	<25.024994, 34.699242, 36.493454>,  <25.805111, 34.685863, 36.750626>, 0.130000
	pigment { color rgbt <1,0,0,0> }
	no_shadow
}

// nucleotide -1

// particle -1
sphere {
	<25.024994, 34.699242, 36.493454> 0.250000
	pigment { color rgbt <1,0,0,0> }
	no_shadow
}
cylinder {
	<25.237614, 34.977551, 36.300228>,  <25.365185, 35.144535, 36.184292>, 0.100000
	pigment { color rgbt <1,0,0,0> }
	no_shadow
}
cylinder {
	<25.237614, 34.977551, 36.300228>,  <25.024994, 34.699242, 36.493454>, 0.100000
	pigment { color rgbt <1,0,0,0> }
	no_shadow
}

// particle -1
sphere {
	<25.237614, 34.977551, 36.300228> 0.100000
	pigment { color rgbt <1,0,0,0> }
	no_shadow
}
sphere {
	0, 1
	scale<0.080000,0.200000,0.300000>
	matrix <-0.639163, -0.044754, -0.767768,
		-0.555812, 0.716865, 0.420924,
		0.531548, 0.695774, -0.483069,
		25.397078, 35.186283, 36.155308>
	pigment { color rgbt <0,1,1,0> }
	no_shadow
}
cylinder {
	<24.549240, 35.175037, 36.253166>,  <25.024994, 34.699242, 36.493454>, 0.130000
	pigment { color rgbt <1,0,0,0> }
	no_shadow
}

// nucleotide -1

// particle -1
sphere {
	<24.549240, 35.175037, 36.253166> 0.250000
	pigment { color rgbt <1,0,0,0> }
	no_shadow
}
cylinder {
	<24.874210, 35.250744, 36.032570>,  <25.069193, 35.296169, 35.900211>, 0.100000
	pigment { color rgbt <1,0,0,0> }
	no_shadow
}
cylinder {
	<24.874210, 35.250744, 36.032570>,  <24.549240, 35.175037, 36.253166>, 0.100000
	pigment { color rgbt <1,0,0,0> }
	no_shadow
}

// particle -1
sphere {
	<24.874210, 35.250744, 36.032570> 0.100000
	pigment { color rgbt <1,0,0,0> }
	no_shadow
}
sphere {
	0, 1
	scale<0.080000,0.200000,0.300000>
	matrix <-0.570185, 0.060209, -0.819307,
		-0.121861, 0.980078, 0.156831,
		0.812428, 0.189265, -0.551489,
		25.117939, 35.307522, 35.867123>
	pigment { color rgbt <0,1,1,0> }
	no_shadow
}
cylinder {
	<24.602297, 35.869030, 36.077431>,  <24.549240, 35.175037, 36.253166>, 0.130000
	pigment { color rgbt <1,0,0,0> }
	no_shadow
}

// nucleotide -1

// particle -1
sphere {
	<24.602297, 35.869030, 36.077431> 0.250000
	pigment { color rgbt <1,0,0,0> }
	no_shadow
}
cylinder {
	<24.938627, 35.806644, 35.870090>,  <25.140427, 35.769215, 35.745686>, 0.100000
	pigment { color rgbt <1,0,0,0> }
	no_shadow
}
cylinder {
	<24.938627, 35.806644, 35.870090>,  <24.602297, 35.869030, 36.077431>, 0.100000
	pigment { color rgbt <1,0,0,0> }
	no_shadow
}

// particle -1
sphere {
	<24.938627, 35.806644, 35.870090> 0.100000
	pigment { color rgbt <1,0,0,0> }
	no_shadow
}
sphere {
	0, 1
	scale<0.080000,0.200000,0.300000>
	matrix <-0.539152, -0.156015, -0.827632,
		0.048211, 0.975364, -0.215270,
		0.840828, -0.155964, -0.518347,
		25.190876, 35.759853, 35.714588>
	pigment { color rgbt <0,1,1,0> }
	no_shadow
}
cylinder {
	<24.390354, 36.006958, 35.466991>,  <24.602297, 35.869030, 36.077431>, 0.130000
	pigment { color rgbt <1,0,0,0> }
	no_shadow
}

// nucleotide -1

// particle -1
sphere {
	<24.390354, 36.006958, 35.466991> 0.250000
	pigment { color rgbt <1,0,0,0> }
	no_shadow
}
cylinder {
	<24.739084, 35.835518, 35.372143>,  <24.948322, 35.732655, 35.315235>, 0.100000
	pigment { color rgbt <1,0,0,0> }
	no_shadow
}
cylinder {
	<24.739084, 35.835518, 35.372143>,  <24.390354, 36.006958, 35.466991>, 0.100000
	pigment { color rgbt <1,0,0,0> }
	no_shadow
}

// particle -1
sphere {
	<24.739084, 35.835518, 35.372143> 0.100000
	pigment { color rgbt <1,0,0,0> }
	no_shadow
}
sphere {
	0, 1
	scale<0.080000,0.200000,0.300000>
	matrix <-0.311294, -0.111065, -0.943801,
		0.378175, 0.896643, -0.230249,
		0.871825, -0.428597, -0.237118,
		25.000631, 35.706940, 35.301006>
	pigment { color rgbt <0,1,1,0> }
	no_shadow
}
cylinder {
	<24.814373, 36.464123, 34.992462>,  <24.390354, 36.006958, 35.466991>, 0.130000
	pigment { color rgbt <1,0,0,0> }
	no_shadow
}

// nucleotide -1

// particle -1
sphere {
	<24.814373, 36.464123, 34.992462> 0.250000
	pigment { color rgbt <1,0,0,0> }
	no_shadow
}
cylinder {
	<24.887836, 36.072510, 34.957233>,  <24.931913, 35.837540, 34.936096>, 0.100000
	pigment { color rgbt <1,0,0,0> }
	no_shadow
}
cylinder {
	<24.887836, 36.072510, 34.957233>,  <24.814373, 36.464123, 34.992462>, 0.100000
	pigment { color rgbt <1,0,0,0> }
	no_shadow
}

// particle -1
sphere {
	<24.887836, 36.072510, 34.957233> 0.100000
	pigment { color rgbt <1,0,0,0> }
	no_shadow
}
sphere {
	0, 1
	scale<0.080000,0.200000,0.300000>
	matrix <-0.331903, 0.022569, -0.943044,
		0.925262, 0.202427, -0.320800,
		0.183657, -0.979037, -0.088069,
		24.942934, 35.778797, 34.930813>
	pigment { color rgbt <0,1,1,0> }
	no_shadow
}
cylinder {
	<25.244144, 36.324753, 34.392052>,  <24.814373, 36.464123, 34.992462>, 0.130000
	pigment { color rgbt <1,0,0,0> }
	no_shadow
}

// nucleotide -1

// particle -1
sphere {
	<25.244144, 36.324753, 34.392052> 0.250000
	pigment { color rgbt <1,0,0,0> }
	no_shadow
}
cylinder {
	<25.080654, 35.967010, 34.464798>,  <24.982559, 35.752365, 34.508446>, 0.100000
	pigment { color rgbt <1,0,0,0> }
	no_shadow
}
cylinder {
	<25.080654, 35.967010, 34.464798>,  <25.244144, 36.324753, 34.392052>, 0.100000
	pigment { color rgbt <1,0,0,0> }
	no_shadow
}

// particle -1
sphere {
	<25.080654, 35.967010, 34.464798> 0.100000
	pigment { color rgbt <1,0,0,0> }
	no_shadow
}
sphere {
	0, 1
	scale<0.080000,0.200000,0.300000>
	matrix <-0.230338, -0.091738, -0.968777,
		0.883113, -0.437855, -0.168508,
		-0.408726, -0.894353, 0.181870,
		24.958036, 35.698704, 34.519360>
	pigment { color rgbt <0,1,1,0> }
	no_shadow
}
cylinder {
	<25.499031, 35.908981, 33.931908>,  <25.244144, 36.324753, 34.392052>, 0.130000
	pigment { color rgbt <1,0,0,0> }
	no_shadow
}

// nucleotide -1

// particle -1
sphere {
	<25.499031, 35.908981, 33.931908> 0.250000
	pigment { color rgbt <1,0,0,0> }
	no_shadow
}
cylinder {
	<25.133974, 35.780075, 34.032490>,  <24.914940, 35.702732, 34.092838>, 0.100000
	pigment { color rgbt <1,0,0,0> }
	no_shadow
}
cylinder {
	<25.133974, 35.780075, 34.032490>,  <25.499031, 35.908981, 33.931908>, 0.100000
	pigment { color rgbt <1,0,0,0> }
	no_shadow
}

// particle -1
sphere {
	<25.133974, 35.780075, 34.032490> 0.100000
	pigment { color rgbt <1,0,0,0> }
	no_shadow
}
sphere {
	0, 1
	scale<0.080000,0.200000,0.300000>
	matrix <-0.243601, -0.065200, -0.967681,
		0.328245, -0.944401, -0.019000,
		-0.912641, -0.322265, 0.251458,
		24.860182, 35.683395, 34.107929>
	pigment { color rgbt <0,1,1,0> }
	no_shadow
}
cylinder {
	<26.105513, 35.579769, 34.243908>,  <25.499031, 35.908981, 33.931908>, 0.130000
	pigment { color rgbt <1,0,0,0> }
	no_shadow
}

// nucleotide -1

// particle -1
sphere {
	<26.105513, 35.579769, 34.243908> 0.250000
	pigment { color rgbt <1,0,0,0> }
	no_shadow
}
cylinder {
	<25.974129, 35.320366, 33.969231>,  <25.895298, 35.164722, 33.804424>, 0.100000
	pigment { color rgbt <1,0,0,0> }
	no_shadow
}
cylinder {
	<25.974129, 35.320366, 33.969231>,  <26.105513, 35.579769, 34.243908>, 0.100000
	pigment { color rgbt <1,0,0,0> }
	no_shadow
}

// particle -1
sphere {
	<25.974129, 35.320366, 33.969231> 0.100000
	pigment { color rgbt <1,0,0,0> }
	no_shadow
}
sphere {
	0, 1
	scale<0.080000,0.200000,0.300000>
	matrix <0.740323, -0.628252, 0.239209,
		-0.586546, -0.429803, 0.686464,
		-0.328460, -0.648512, -0.686692,
		25.875591, 35.125813, 33.763222>
	pigment { color rgbt <0,1,1,0> }
	no_shadow
}
cylinder {
	<26.916204, 35.522999, 34.485939>,  <26.105513, 35.579769, 34.243908>, 0.130000
	pigment { color rgbt <1,0,0,0> }
	no_shadow
}

// nucleotide -1

// particle -1
sphere {
	<26.916204, 35.522999, 34.485939> 0.250000
	pigment { color rgbt <1,0,0,0> }
	no_shadow
}
cylinder {
	<27.294113, 35.395340, 34.456142>,  <27.520859, 35.318745, 34.438267>, 0.100000
	pigment { color rgbt <1,0,0,0> }
	no_shadow
}
cylinder {
	<27.294113, 35.395340, 34.456142>,  <26.916204, 35.522999, 34.485939>, 0.100000
	pigment { color rgbt <1,0,0,0> }
	no_shadow
}

// particle -1
sphere {
	<27.294113, 35.395340, 34.456142> 0.100000
	pigment { color rgbt <1,0,0,0> }
	no_shadow
}
sphere {
	0, 1
	scale<0.080000,0.200000,0.300000>
	matrix <0.078297, 0.440516, -0.894324,
		0.318235, 0.839100, 0.441176,
		0.944773, -0.319148, -0.074489,
		27.577545, 35.299595, 34.433796>
	pigment { color rgbt <0,1,1,0> }
	no_shadow
}
cylinder {
	<27.178747, 35.927422, 33.935833>,  <26.916204, 35.522999, 34.485939>, 0.130000
	pigment { color rgbt <1,0,0,0> }
	no_shadow
}

// nucleotide -1

// particle -1
sphere {
	<27.178747, 35.927422, 33.935833> 0.250000
	pigment { color rgbt <1,0,0,0> }
	no_shadow
}
cylinder {
	<27.426941, 35.616405, 33.976673>,  <27.575857, 35.429794, 34.001179>, 0.100000
	pigment { color rgbt <1,0,0,0> }
	no_shadow
}
cylinder {
	<27.426941, 35.616405, 33.976673>,  <27.178747, 35.927422, 33.935833>, 0.100000
	pigment { color rgbt <1,0,0,0> }
	no_shadow
}

// particle -1
sphere {
	<27.426941, 35.616405, 33.976673> 0.100000
	pigment { color rgbt <1,0,0,0> }
	no_shadow
}
sphere {
	0, 1
	scale<0.080000,0.200000,0.300000>
	matrix <0.314499, 0.127453, -0.940663,
		0.718393, 0.615778, 0.323619,
		0.620485, -0.777543, 0.102100,
		27.613087, 35.383144, 34.007301>
	pigment { color rgbt <0,1,1,0> }
	no_shadow
}
cylinder {
	<27.838015, 36.162457, 33.939201>,  <27.178747, 35.927422, 33.935833>, 0.130000
	pigment { color rgbt <1,0,0,0> }
	no_shadow
}

// nucleotide -1

// particle -1
sphere {
	<27.838015, 36.162457, 33.939201> 0.250000
	pigment { color rgbt <1,0,0,0> }
	no_shadow
}
cylinder {
	<27.837976, 35.785461, 33.805500>,  <27.837954, 35.559265, 33.725281>, 0.100000
	pigment { color rgbt <1,0,0,0> }
	no_shadow
}
cylinder {
	<27.837976, 35.785461, 33.805500>,  <27.838015, 36.162457, 33.939201>, 0.100000
	pigment { color rgbt <1,0,0,0> }
	no_shadow
}

// particle -1
sphere {
	<27.837976, 35.785461, 33.805500> 0.100000
	pigment { color rgbt <1,0,0,0> }
	no_shadow
}
sphere {
	0, 1
	scale<0.080000,0.200000,0.300000>
	matrix <0.172248, 0.329241, -0.928402,
		0.985054, -0.057661, 0.162310,
		-0.000093, -0.942484, -0.334252,
		27.837948, 35.502716, 33.705223>
	pigment { color rgbt <0,1,1,0> }
	no_shadow
}
cylinder {
	<28.465790, 35.967945, 33.689449>,  <27.838015, 36.162457, 33.939201>, 0.130000
	pigment { color rgbt <1,0,0,0> }
	no_shadow
}

// nucleotide -1

// particle -1
sphere {
	<28.465790, 35.967945, 33.689449> 0.250000
	pigment { color rgbt <1,0,0,0> }
	no_shadow
}
cylinder {
	<28.228212, 35.705318, 33.503483>,  <28.085667, 35.547741, 33.391903>, 0.100000
	pigment { color rgbt <1,0,0,0> }
	no_shadow
}
cylinder {
	<28.228212, 35.705318, 33.503483>,  <28.465790, 35.967945, 33.689449>, 0.100000
	pigment { color rgbt <1,0,0,0> }
	no_shadow
}

// particle -1
sphere {
	<28.228212, 35.705318, 33.503483> 0.100000
	pigment { color rgbt <1,0,0,0> }
	no_shadow
}
sphere {
	0, 1
	scale<0.080000,0.200000,0.300000>
	matrix <0.521407, 0.125939, -0.843963,
		0.612671, -0.743678, 0.267539,
		-0.593943, -0.656569, -0.464918,
		28.050030, 35.508347, 33.364006>
	pigment { color rgbt <0,1,1,0> }
	no_shadow
}
cylinder {
	<28.999338, 35.562592, 33.366741>,  <28.465790, 35.967945, 33.689449>, 0.130000
	pigment { color rgbt <1,0,0,0> }
	no_shadow
}

// nucleotide -1

// particle -1
sphere {
	<28.999338, 35.562592, 33.366741> 0.250000
	pigment { color rgbt <1,0,0,0> }
	no_shadow
}
cylinder {
	<28.646063, 35.529373, 33.182098>,  <28.434097, 35.509441, 33.071312>, 0.100000
	pigment { color rgbt <1,0,0,0> }
	no_shadow
}
cylinder {
	<28.646063, 35.529373, 33.182098>,  <28.999338, 35.562592, 33.366741>, 0.100000
	pigment { color rgbt <1,0,0,0> }
	no_shadow
}

// particle -1
sphere {
	<28.646063, 35.529373, 33.182098> 0.100000
	pigment { color rgbt <1,0,0,0> }
	no_shadow
}
sphere {
	0, 1
	scale<0.080000,0.200000,0.300000>
	matrix <0.448800, 0.136232, -0.883187,
		0.136232, -0.987190, -0.083047,
		0.883187, 0.083047, 0.461610,
		28.381107, 35.504459, 33.043613>
	pigment { color rgbt <0,1,1,0> }
	no_shadow
}
cylinder {
	<29.112455, 35.362450, 32.654613>,  <28.999338, 35.562592, 33.366741>, 0.130000
	pigment { color rgbt <1,0,0,0> }
	no_shadow
}

// nucleotide -1

// particle -1
sphere {
	<29.112455, 35.362450, 32.654613> 0.250000
	pigment { color rgbt <1,0,0,0> }
	no_shadow
}
cylinder {
	<28.766094, 35.559834, 32.687397>,  <28.558277, 35.678265, 32.707066>, 0.100000
	pigment { color rgbt <1,0,0,0> }
	no_shadow
}
cylinder {
	<28.766094, 35.559834, 32.687397>,  <29.112455, 35.362450, 32.654613>, 0.100000
	pigment { color rgbt <1,0,0,0> }
	no_shadow
}

// particle -1
sphere {
	<28.766094, 35.559834, 32.687397> 0.100000
	pigment { color rgbt <1,0,0,0> }
	no_shadow
}
sphere {
	0, 1
	scale<0.080000,0.200000,0.300000>
	matrix <0.270881, 0.600315, -0.752493,
		-0.420522, -0.629384, -0.653481,
		-0.865902, 0.493455, 0.081957,
		28.506323, 35.707870, 32.711983>
	pigment { color rgbt <0,1,1,0> }
	no_shadow
}
cylinder {
	<28.914371, 34.773499, 32.951431>,  <29.112455, 35.362450, 32.654613>, 0.130000
	pigment { color rgbt <1,0,0,0> }
	no_shadow
}

// nucleotide -1

// particle -1
sphere {
	<28.914371, 34.773499, 32.951431> 0.250000
	pigment { color rgbt <1,0,0,0> }
	no_shadow
}
cylinder {
	<28.671162, 35.036205, 32.773010>,  <28.525236, 35.193829, 32.665958>, 0.100000
	pigment { color rgbt <1,0,0,0> }
	no_shadow
}
cylinder {
	<28.671162, 35.036205, 32.773010>,  <28.914371, 34.773499, 32.951431>, 0.100000
	pigment { color rgbt <1,0,0,0> }
	no_shadow
}

// particle -1
sphere {
	<28.671162, 35.036205, 32.773010> 0.100000
	pigment { color rgbt <1,0,0,0> }
	no_shadow
}
sphere {
	0, 1
	scale<0.080000,0.200000,0.300000>
	matrix <0.547364, -0.060173, -0.834729,
		-0.575064, -0.751687, -0.322905,
		-0.608025, 0.656769, -0.446050,
		28.488754, 35.233234, 32.639194>
	pigment { color rgbt <0,1,1,0> }
	no_shadow
}
cylinder {
	<29.044640, 34.558266, 32.280945>,  <28.914371, 34.773499, 32.951431>, 0.130000
	pigment { color rgbt <1,0,0,0> }
	no_shadow
}

// nucleotide -1

// particle -1
sphere {
	<29.044640, 34.558266, 32.280945> 0.250000
	pigment { color rgbt <1,0,0,0> }
	no_shadow
}
cylinder {
	<28.849930, 34.906864, 32.257149>,  <28.733103, 35.116024, 32.242870>, 0.100000
	pigment { color rgbt <1,0,0,0> }
	no_shadow
}
cylinder {
	<28.849930, 34.906864, 32.257149>,  <29.044640, 34.558266, 32.280945>, 0.100000
	pigment { color rgbt <1,0,0,0> }
	no_shadow
}

// particle -1
sphere {
	<28.849930, 34.906864, 32.257149> 0.100000
	pigment { color rgbt <1,0,0,0> }
	no_shadow
}
sphere {
	0, 1
	scale<0.080000,0.200000,0.300000>
	matrix <0.387458, 0.154372, -0.908871,
		-0.782895, -0.465468, -0.412814,
		-0.486777, 0.871498, -0.059492,
		28.703897, 35.168312, 32.239300>
	pigment { color rgbt <0,1,1,0> }
	no_shadow
}
cylinder {
	<28.511803, 34.688850, 31.616619>,  <29.044640, 34.558266, 32.280945>, 0.130000
	pigment { color rgbt <1,0,0,0> }
	no_shadow
}

// nucleotide -1

// particle -1
sphere {
	<28.511803, 34.688850, 31.616619> 0.250000
	pigment { color rgbt <1,0,0,0> }
	no_shadow
}
cylinder {
	<28.664511, 35.035988, 31.743797>,  <28.756136, 35.244270, 31.820105>, 0.100000
	pigment { color rgbt <1,0,0,0> }
	no_shadow
}
cylinder {
	<28.664511, 35.035988, 31.743797>,  <28.511803, 34.688850, 31.616619>, 0.100000
	pigment { color rgbt <1,0,0,0> }
	no_shadow
}

// particle -1
sphere {
	<28.664511, 35.035988, 31.743797> 0.100000
	pigment { color rgbt <1,0,0,0> }
	no_shadow
}
sphere {
	0, 1
	scale<0.080000,0.200000,0.300000>
	matrix <0.360100, 0.177156, -0.915938,
		-0.851222, 0.464172, -0.244879,
		0.381771, 0.867848, 0.317948,
		28.779041, 35.296341, 31.839182>
	pigment { color rgbt <0,1,1,0> }
	no_shadow
}
cylinder {
	<28.388355, 35.376873, 31.265022>,  <28.511803, 34.688850, 31.616619>, 0.130000
	pigment { color rgbt <1,0,0,0> }
	no_shadow
}

// nucleotide -1

// particle -1
sphere {
	<28.388355, 35.376873, 31.265022> 0.250000
	pigment { color rgbt <1,0,0,0> }
	no_shadow
}
cylinder {
	<28.761839, 35.421112, 31.401232>,  <28.985929, 35.447655, 31.482958>, 0.100000
	pigment { color rgbt <1,0,0,0> }
	no_shadow
}
cylinder {
	<28.761839, 35.421112, 31.401232>,  <28.388355, 35.376873, 31.265022>, 0.100000
	pigment { color rgbt <1,0,0,0> }
	no_shadow
}

// particle -1
sphere {
	<28.761839, 35.421112, 31.401232> 0.100000
	pigment { color rgbt <1,0,0,0> }
	no_shadow
}
sphere {
	0, 1
	scale<0.080000,0.200000,0.300000>
	matrix <0.324349, 0.141466, -0.935300,
		-0.151618, 0.983745, 0.096214,
		0.933708, 0.110601, 0.340525,
		29.041952, 35.454292, 31.503389>
	pigment { color rgbt <0,1,1,0> }
	no_shadow
}
cylinder {
	<28.695194, 35.555603, 30.699009>,  <28.388355, 35.376873, 31.265022>, 0.130000
	pigment { color rgbt <1,0,0,0> }
	no_shadow
}

// nucleotide -1

// particle -1
sphere {
	<28.695194, 35.555603, 30.699009> 0.250000
	pigment { color rgbt <1,0,0,0> }
	no_shadow
}
cylinder {
	<29.019167, 35.522865, 30.931322>,  <29.213551, 35.503223, 31.070711>, 0.100000
	pigment { color rgbt <1,0,0,0> }
	no_shadow
}
cylinder {
	<29.019167, 35.522865, 30.931322>,  <28.695194, 35.555603, 30.699009>, 0.100000
	pigment { color rgbt <1,0,0,0> }
	no_shadow
}

// particle -1
sphere {
	<29.019167, 35.522865, 30.931322> 0.100000
	pigment { color rgbt <1,0,0,0> }
	no_shadow
}
sphere {
	0, 1
	scale<0.080000,0.200000,0.300000>
	matrix <0.559017, -0.191969, -0.806628,
		0.177507, 0.977983, -0.109732,
		0.809933, -0.081840, 0.580785,
		29.262146, 35.498314, 31.105558>
	pigment { color rgbt <0,1,1,0> }
	no_shadow
}
cylinder {
	<29.422829, 35.811337, 30.677904>,  <28.695194, 35.555603, 30.699009>, 0.130000
	pigment { color rgbt <1,0,0,0> }
	no_shadow
}

// nucleotide -1

// particle -1
sphere {
	<29.422829, 35.811337, 30.677904> 0.250000
	pigment { color rgbt <1,0,0,0> }
	no_shadow
}
cylinder {
	<29.283047, 36.134609, 30.867525>,  <29.199177, 36.328571, 30.981298>, 0.100000
	pigment { color rgbt <1,0,0,0> }
	no_shadow
}
cylinder {
	<29.283047, 36.134609, 30.867525>,  <29.422829, 35.811337, 30.677904>, 0.100000
	pigment { color rgbt <1,0,0,0> }
	no_shadow
}

// particle -1
sphere {
	<29.283047, 36.134609, 30.867525> 0.100000
	pigment { color rgbt <1,0,0,0> }
	no_shadow
}
sphere {
	0, 1
	scale<0.080000,0.200000,0.300000>
	matrix <-0.179691, -0.554369, 0.812641,
		0.919560, 0.198799, 0.338950,
		-0.349456, 0.808179, 0.474054,
		29.178209, 36.377064, 31.009741>
	pigment { color rgbt <0,1,1,0> }
	no_shadow
}
cylinder {
	<29.817995, 35.914532, 31.276232>,  <29.422829, 35.811337, 30.677904>, 0.130000
	pigment { color rgbt <1,0,0,0> }
	no_shadow
}

// nucleotide -1

// particle -1
sphere {
	<29.817995, 35.914532, 31.276232> 0.250000
	pigment { color rgbt <1,0,0,0> }
	no_shadow
}
cylinder {
	<29.450449, 36.059978, 31.337509>,  <29.229921, 36.147247, 31.374275>, 0.100000
	pigment { color rgbt <1,0,0,0> }
	no_shadow
}
cylinder {
	<29.450449, 36.059978, 31.337509>,  <29.817995, 35.914532, 31.276232>, 0.100000
	pigment { color rgbt <1,0,0,0> }
	no_shadow
}

// particle -1
sphere {
	<29.450449, 36.059978, 31.337509> 0.100000
	pigment { color rgbt <1,0,0,0> }
	no_shadow
}
sphere {
	0, 1
	scale<0.080000,0.200000,0.300000>
	matrix <-0.034681, -0.461182, 0.886628,
		0.393045, 0.809378, 0.436375,
		-0.918865, 0.363618, 0.153195,
		29.174789, 36.169064, 31.383467>
	pigment { color rgbt <0,1,1,0> }
	no_shadow
}
cylinder {
	<29.649763, 36.164722, 31.941141>,  <29.817995, 35.914532, 31.276232>, 0.130000
	pigment { color rgbt <1,0,0,0> }
	no_shadow
}

// nucleotide -1

// particle -1
sphere {
	<29.649763, 36.164722, 31.941141> 0.250000
	pigment { color rgbt <1,0,0,0> }
	no_shadow
}
cylinder {
	<29.295227, 36.065327, 31.784859>,  <29.082504, 36.005688, 31.691090>, 0.100000
	pigment { color rgbt <1,0,0,0> }
	no_shadow
}
cylinder {
	<29.295227, 36.065327, 31.784859>,  <29.649763, 36.164722, 31.941141>, 0.100000
	pigment { color rgbt <1,0,0,0> }
	no_shadow
}

// particle -1
sphere {
	<29.295227, 36.065327, 31.784859> 0.100000
	pigment { color rgbt <1,0,0,0> }
	no_shadow
}
sphere {
	0, 1
	scale<0.080000,0.200000,0.300000>
	matrix <-0.297176, -0.341797, 0.891550,
