// switches for output
#declare DRAW_BASES = 1; // possible values are 0, 1; only relevant for DNA ribbons
#declare DRAW_BASES_TYPE = 3; // possible values are 1, 2, 3; only relevant for DNA ribbons
#declare DRAW_FOG = 0; // set to 1 to enable fog

#include "colors.inc"

#include "transforms.inc"
background { rgb <1, 1, 1>}

#default {
   normal{
       ripples 0.25
       frequency 0.20
       turbulence 0.2
       lambda 5
   }
	finish {
		phong 0.1
		phong_size 40.
	}
}

// original window dimensions: 1024x640


// camera settings

camera {
	sky <0, 0.179814, -0.983701>
	up <0, 0.179814, -0.983701>
	right 1.6 * <1, 0, 0>
	location <35, 94.9851, 44.8844>
	look_at <35, 29.7336, 32.9568>
	direction <0, -65.2515, -11.9276>
	angle 67.0682
}


# declare cpy_camera_pos = <35, 94.9851, 44.8844>;
# if (DRAW_FOG = 1)
fog {
	fog_type 2
	up vnormalize(cpy_camera_pos)
	color rgbt<1,1,1,0.3>
	distance 1e-5
	fog_alt 3e-3
	fog_offset 56
}
# end


// LIGHTS

# declare lum = 6;
global_settings {
	ambient_light rgb lum * <0.05, 0.05, 0.05>
	max_trace_level 15
}# declare cpy_direct_light_amount = 0.25;
light_source
{	1000 * <-1, -1.16352, -0.803886>,
	rgb lum * cpy_direct_light_amount
	parallel
}

light_source
{	1000 * <1, 1.16352, 0.803886>,
	rgb lum * cpy_direct_light_amount
	parallel
}

// strand 0

// nucleotide -1

// particle -1
sphere {
	<24.534235, 35.041504, 35.443848> 0.250000
	pigment { color rgbt <1,0,0,0> }
	no_shadow
}
cylinder {
	<24.223272, 35.042652, 35.192249>,  <24.036695, 35.043339, 35.041290>, 0.100000
	pigment { color rgbt <1,0,0,0> }
	no_shadow
}
cylinder {
	<24.223272, 35.042652, 35.192249>,  <24.534235, 35.041504, 35.443848>, 0.100000
	pigment { color rgbt <1,0,0,0> }
	no_shadow
}

// particle -1
sphere {
	<24.223272, 35.042652, 35.192249> 0.100000
	pigment { color rgbt <1,0,0,0> }
	no_shadow
}
sphere {
	0, 1
	scale<0.080000,0.200000,0.300000>
	matrix <0.612274, 0.232522, -0.755681,
		0.144089, -0.972587, -0.182519,
		-0.777406, 0.002867, -0.628994,
		23.990051, 35.043510, 35.003551>
	pigment { color rgbt <0,1,1,0> }
	no_shadow
}
cylinder {
	<25.261456, 35.025047, 35.292557>,  <24.534235, 35.041504, 35.443848>, 0.130000
	pigment { color rgbt <1,0,0,0> }
	no_shadow
}

// nucleotide -1

// particle -1
sphere {
	<25.261456, 35.025047, 35.292557> 0.250000
	pigment { color rgbt <1,0,0,0> }
	no_shadow
}
cylinder {
	<25.595148, 34.817730, 35.217262>,  <25.795364, 34.693340, 35.172085>, 0.100000
	pigment { color rgbt <1,0,0,0> }
	no_shadow
}
cylinder {
	<25.595148, 34.817730, 35.217262>,  <25.261456, 35.025047, 35.292557>, 0.100000
	pigment { color rgbt <1,0,0,0> }
	no_shadow
}

// particle -1
sphere {
	<25.595148, 34.817730, 35.217262> 0.100000
	pigment { color rgbt <1,0,0,0> }
	no_shadow
}
sphere {
	0, 1
	scale<0.080000,0.200000,0.300000>
	matrix <0.435836, 0.410639, 0.800889,
		-0.337794, -0.750168, 0.568457,
		0.834231, -0.518290, -0.188239,
		25.845417, 34.662243, 35.160789>
	pigment { color rgbt <0,1,1,0> }
	no_shadow
}
cylinder {
	<25.532013, 34.856094, 35.992874>,  <25.261456, 35.025047, 35.292557>, 0.130000
	pigment { color rgbt <1,0,0,0> }
	no_shadow
}

// nucleotide -1

// particle -1
sphere {
	<25.532013, 34.856094, 35.992874> 0.250000
	pigment { color rgbt <1,0,0,0> }
	no_shadow
}
cylinder {
	<25.842258, 34.823017, 35.742565>,  <26.028406, 34.803169, 35.592381>, 0.100000
	pigment { color rgbt <1,0,0,0> }
	no_shadow
}
cylinder {
	<25.842258, 34.823017, 35.742565>,  <25.532013, 34.856094, 35.992874>, 0.100000
	pigment { color rgbt <1,0,0,0> }
	no_shadow
}

// particle -1
sphere {
	<25.842258, 34.823017, 35.742565> 0.100000
	pigment { color rgbt <1,0,0,0> }
	no_shadow
}
sphere {
	0, 1
	scale<0.080000,0.200000,0.300000>
	matrix <0.595614, 0.424098, 0.682192,
		0.208972, -0.901833, 0.378191,
		0.775613, -0.082697, -0.625769,
		26.074942, 34.798206, 35.554836>
	pigment { color rgbt <0,1,1,0> }
	no_shadow
}
cylinder {
	<26.103518, 34.547226, 36.380665>,  <25.532013, 34.856094, 35.992874>, 0.130000
	pigment { color rgbt <1,0,0,0> }
	no_shadow
}

// nucleotide -1

// particle -1
sphere {
	<26.103518, 34.547226, 36.380665> 0.250000
	pigment { color rgbt <1,0,0,0> }
	no_shadow
}
cylinder {
	<26.238033, 34.726883, 36.049561>,  <26.318743, 34.834675, 35.850899>, 0.100000
	pigment { color rgbt <1,0,0,0> }
	no_shadow
}
cylinder {
	<26.238033, 34.726883, 36.049561>,  <26.103518, 34.547226, 36.380665>, 0.100000
	pigment { color rgbt <1,0,0,0> }
	no_shadow
}

// particle -1
sphere {
	<26.238033, 34.726883, 36.049561> 0.100000
	pigment { color rgbt <1,0,0,0> }
	no_shadow
}
sphere {
	0, 1
	scale<0.080000,0.200000,0.300000>
	matrix <0.730119, 0.430829, 0.530388,
		0.594841, -0.782726, -0.183042,
		0.336288, 0.449139, -0.827759,
		26.338921, 34.861626, 35.801231>
	pigment { color rgbt <0,1,1,0> }
	no_shadow
}
cylinder {
	<26.853842, 34.399479, 36.164631>,  <26.103518, 34.547226, 36.380665>, 0.130000
	pigment { color rgbt <1,0,0,0> }
	no_shadow
}

// nucleotide -1

// particle -1
sphere {
	<26.853842, 34.399479, 36.164631> 0.250000
	pigment { color rgbt <1,0,0,0> }
	no_shadow
}
cylinder {
	<26.725430, 34.765953, 36.068672>,  <26.648382, 34.985836, 36.011097>, 0.100000
	pigment { color rgbt <1,0,0,0> }
	no_shadow
}
cylinder {
	<26.725430, 34.765953, 36.068672>,  <26.853842, 34.399479, 36.164631>, 0.100000
	pigment { color rgbt <1,0,0,0> }
	no_shadow
}

// particle -1
sphere {
	<26.725430, 34.765953, 36.068672> 0.100000
	pigment { color rgbt <1,0,0,0> }
	no_shadow
}
sphere {
	0, 1
	scale<0.080000,0.200000,0.300000>
	matrix <0.689675, 0.399757, 0.603773,
		0.649065, 0.028382, -0.760203,
		-0.321033, 0.916181, -0.239895,
		26.629120, 35.040806, 35.996704>
	pigment { color rgbt <0,1,1,0> }
	no_shadow
}
cylinder {
	<27.479027, 34.839405, 36.059578>,  <26.853842, 34.399479, 36.164631>, 0.130000
	pigment { color rgbt <1,0,0,0> }
	no_shadow
}

// nucleotide -1

// particle -1
sphere {
	<27.479027, 34.839405, 36.059578> 0.250000
	pigment { color rgbt <1,0,0,0> }
	no_shadow
}
cylinder {
	<27.168447, 35.064819, 36.172398>,  <26.982100, 35.200069, 36.240089>, 0.100000
	pigment { color rgbt <1,0,0,0> }
	no_shadow
}
cylinder {
	<27.168447, 35.064819, 36.172398>,  <27.479027, 34.839405, 36.059578>, 0.100000
	pigment { color rgbt <1,0,0,0> }
	no_shadow
}

// particle -1
sphere {
	<27.168447, 35.064819, 36.172398> 0.100000
	pigment { color rgbt <1,0,0,0> }
	no_shadow
}
sphere {
	0, 1
	scale<0.080000,0.200000,0.300000>
	matrix <0.607881, 0.551768, 0.570993,
		0.166153, 0.614798, -0.770984,
		-0.776450, 0.563539, 0.282046,
		26.935513, 35.233879, 36.257011>
	pigment { color rgbt <0,1,1,0> }
	no_shadow
}
cylinder {
	<27.689106, 35.631645, 36.110718>,  <27.479027, 34.839405, 36.059578>, 0.130000
	pigment { color rgbt <1,0,0,0> }
	no_shadow
}

// nucleotide -1

// particle -1
sphere {
	<27.689106, 35.631645, 36.110718> 0.250000
	pigment { color rgbt <1,0,0,0> }
	no_shadow
}
cylinder {
	<27.354132, 35.627083, 36.329285>,  <27.153147, 35.624344, 36.460426>, 0.100000
	pigment { color rgbt <1,0,0,0> }
	no_shadow
}
cylinder {
	<27.354132, 35.627083, 36.329285>,  <27.689106, 35.631645, 36.110718>, 0.100000
	pigment { color rgbt <1,0,0,0> }
	no_shadow
}

// particle -1
sphere {
	<27.354132, 35.627083, 36.329285> 0.100000
	pigment { color rgbt <1,0,0,0> }
	no_shadow
}
sphere {
	0, 1
	scale<0.080000,0.200000,0.300000>
	matrix <0.430721, 0.601656, 0.672674,
		-0.336428, 0.798674, -0.498934,
		-0.837434, -0.011405, 0.546420,
		27.102901, 35.623661, 36.493210>
	pigment { color rgbt <0,1,1,0> }
	no_shadow
}
cylinder {
	<27.382307, 36.372364, 36.291313>,  <27.689106, 35.631645, 36.110718>, 0.130000
	pigment { color rgbt <1,0,0,0> }
	no_shadow
}

// nucleotide -1

// particle -1
sphere {
	<27.382307, 36.372364, 36.291313> 0.250000
	pigment { color rgbt <1,0,0,0> }
	no_shadow
}
cylinder {
	<27.320005, 36.090874, 36.568592>,  <27.282625, 35.921982, 36.734959>, 0.100000
	pigment { color rgbt <1,0,0,0> }
	no_shadow
}
cylinder {
	<27.320005, 36.090874, 36.568592>,  <27.382307, 36.372364, 36.291313>, 0.100000
	pigment { color rgbt <1,0,0,0> }
	no_shadow
}

// particle -1
sphere {
	<27.320005, 36.090874, 36.568592> 0.100000
	pigment { color rgbt <1,0,0,0> }
	no_shadow
}
sphere {
	0, 1
	scale<0.080000,0.200000,0.300000>
	matrix <0.501717, 0.548140, 0.669196,
		-0.850895, 0.452016, 0.267695,
		-0.155753, -0.703722, 0.693193,
		27.273279, 35.879757, 36.776550>
	pigment { color rgbt <0,1,1,0> }
	no_shadow
}
cylinder {
	<27.229486, 36.764385, 36.919952>,  <27.382307, 36.372364, 36.291313>, 0.130000
	pigment { color rgbt <1,0,0,0> }
	no_shadow
}

// nucleotide -1

// particle -1
sphere {
	<27.229486, 36.764385, 36.919952> 0.250000
	pigment { color rgbt <1,0,0,0> }
	no_shadow
}
cylinder {
	<27.341709, 36.399220, 37.038532>,  <27.409042, 36.180122, 37.109680>, 0.100000
	pigment { color rgbt <1,0,0,0> }
	no_shadow
}
cylinder {
	<27.341709, 36.399220, 37.038532>,  <27.229486, 36.764385, 36.919952>, 0.100000
	pigment { color rgbt <1,0,0,0> }
	no_shadow
}

// particle -1
sphere {
	<27.341709, 36.399220, 37.038532> 0.100000
	pigment { color rgbt <1,0,0,0> }
	no_shadow
}
sphere {
	0, 1
	scale<0.080000,0.200000,0.300000>
	matrix <0.533287, 0.405052, 0.742656,
		-0.798056, -0.050264, 0.600483,
		0.280555, -0.912911, 0.296449,
		27.425877, 36.125347, 37.127468>
	pigment { color rgbt <0,1,1,0> }
	no_shadow
}
cylinder {
	<26.952435, 36.558998, 37.580124>,  <27.229486, 36.764385, 36.919952>, 0.130000
	pigment { color rgbt <1,0,0,0> }
	no_shadow
}

// nucleotide -1

// particle -1
sphere {
	<26.952435, 36.558998, 37.580124> 0.250000
	pigment { color rgbt <1,0,0,0> }
	no_shadow
}
cylinder {
	<27.280743, 36.339439, 37.516815>,  <27.477728, 36.207703, 37.478832>, 0.100000
	pigment { color rgbt <1,0,0,0> }
	no_shadow
}
cylinder {
	<27.280743, 36.339439, 37.516815>,  <26.952435, 36.558998, 37.580124>, 0.100000
	pigment { color rgbt <1,0,0,0> }
	no_shadow
}

// particle -1
sphere {
	<27.280743, 36.339439, 37.516815> 0.100000
	pigment { color rgbt <1,0,0,0> }
	no_shadow
}
sphere {
	0, 1
	scale<0.080000,0.200000,0.300000>
	matrix <0.461186, 0.473184, 0.750603,
		-0.337116, -0.689062, 0.641519,
		0.820768, -0.548900, -0.158268,
		27.526974, 36.174770, 37.469334>
	pigment { color rgbt <0,1,1,0> }
	no_shadow
}
cylinder {
	<27.221672, 36.455090, 38.232578>,  <26.952435, 36.558998, 37.580124>, 0.130000
	pigment { color rgbt <1,0,0,0> }
	no_shadow
}

// nucleotide -1

// particle -1
sphere {
	<27.221672, 36.455090, 38.232578> 0.250000
	pigment { color rgbt <1,0,0,0> }
	no_shadow
}
cylinder {
	<27.525782, 36.399975, 37.978649>,  <27.708248, 36.366905, 37.826290>, 0.100000
	pigment { color rgbt <1,0,0,0> }
	no_shadow
}
cylinder {
	<27.525782, 36.399975, 37.978649>,  <27.221672, 36.455090, 38.232578>, 0.100000
	pigment { color rgbt <1,0,0,0> }
	no_shadow
}

// particle -1
sphere {
	<27.525782, 36.399975, 37.978649> 0.100000
	pigment { color rgbt <1,0,0,0> }
	no_shadow
}
sphere {
	0, 1
	scale<0.080000,0.200000,0.300000>
	matrix <0.579038, 0.586697, 0.566129,
		0.294445, -0.797999, 0.525832,
		0.760274, -0.137782, -0.634822,
		27.753864, 36.358639, 37.788204>
	pigment { color rgbt <0,1,1,0> }
	no_shadow
}
cylinder {
	<27.854181, 36.063381, 38.580917>,  <27.221672, 36.455090, 38.232578>, 0.130000
	pigment { color rgbt <1,0,0,0> }
	no_shadow
}

// nucleotide -1

// particle -1
sphere {
	<27.854181, 36.063381, 38.580917> 0.250000
	pigment { color rgbt <1,0,0,0> }
	no_shadow
}
cylinder {
	<27.900494, 36.322666, 38.279873>,  <27.928280, 36.478237, 38.099247>, 0.100000
	pigment { color rgbt <1,0,0,0> }
	no_shadow
}
cylinder {
	<27.900494, 36.322666, 38.279873>,  <27.854181, 36.063381, 38.580917>, 0.100000
	pigment { color rgbt <1,0,0,0> }
	no_shadow
}

// particle -1
sphere {
	<27.900494, 36.322666, 38.279873> 0.100000
	pigment { color rgbt <1,0,0,0> }
	no_shadow
}
sphere {
	0, 1
	scale<0.080000,0.200000,0.300000>
	matrix <0.492288, 0.620649, 0.610285,
		0.862698, -0.441160, -0.247247,
		0.115780, 0.648208, -0.752610,
		27.935228, 36.517128, 38.054089>
	pigment { color rgbt <0,1,1,0> }
	no_shadow
}
cylinder {
	<28.479584, 36.337944, 38.674637>,  <27.854181, 36.063381, 38.580917>, 0.130000
	pigment { color rgbt <1,0,0,0> }
	no_shadow
}

// nucleotide -1

// particle -1
sphere {
	<28.479584, 36.337944, 38.674637> 0.250000
	pigment { color rgbt <1,0,0,0> }
	no_shadow
}
cylinder {
	<28.288046, 36.616581, 38.460922>,  <28.173122, 36.783764, 38.332695>, 0.100000
	pigment { color rgbt <1,0,0,0> }
	no_shadow
}
cylinder {
	<28.288046, 36.616581, 38.460922>,  <28.479584, 36.337944, 38.674637>, 0.100000
	pigment { color rgbt <1,0,0,0> }
	no_shadow
}

// particle -1
sphere {
	<28.288046, 36.616581, 38.460922> 0.100000
	pigment { color rgbt <1,0,0,0> }
	no_shadow
}
sphere {
	0, 1
	scale<0.080000,0.200000,0.300000>
	matrix <0.483951, 0.717225, 0.501378,
		0.732461, -0.018484, -0.680559,
		-0.478846, 0.696596, -0.534284,
		28.144392, 36.825562, 38.300636>
	pigment { color rgbt <0,1,1,0> }
	no_shadow
}
cylinder {
	<28.880423, 36.752312, 38.164536>,  <28.479584, 36.337944, 38.674637>, 0.130000
	pigment { color rgbt <1,0,0,0> }
	no_shadow
}

// nucleotide -1

// particle -1
sphere {
	<28.880423, 36.752312, 38.164536> 0.250000
	pigment { color rgbt <1,0,0,0> }
	no_shadow
}
cylinder {
	<28.589354, 36.997425, 38.287819>,  <28.414711, 37.144493, 38.361790>, 0.100000
	pigment { color rgbt <1,0,0,0> }
	no_shadow
}
cylinder {
	<28.589354, 36.997425, 38.287819>,  <28.880423, 36.752312, 38.164536>, 0.100000
	pigment { color rgbt <1,0,0,0> }
	no_shadow
}

// particle -1
sphere {
	<28.589354, 36.997425, 38.287819> 0.100000
	pigment { color rgbt <1,0,0,0> }
	no_shadow
}
sphere {
	0, 1
	scale<0.080000,0.200000,0.300000>
	matrix <0.684206, 0.680225, 0.262975,
		-0.048505, 0.402238, -0.914249,
		-0.727674, 0.612779, 0.308208,
		28.371052, 37.181259, 38.380280>
	pigment { color rgbt <0,1,1,0> }
	no_shadow
}
cylinder {
	<28.915388, 37.270481, 37.635967>,  <28.880423, 36.752312, 38.164536>, 0.130000
	pigment { color rgbt <1,0,0,0> }
	no_shadow
}

// nucleotide -1

// particle -1
sphere {
	<28.915388, 37.270481, 37.635967> 0.250000
	pigment { color rgbt <1,0,0,0> }
	no_shadow
}
cylinder {
	<28.803183, 37.379440, 38.004124>,  <28.735859, 37.444817, 38.225018>, 0.100000
	pigment { color rgbt <1,0,0,0> }
	no_shadow
}
cylinder {
	<28.803183, 37.379440, 38.004124>,  <28.915388, 37.270481, 37.635967>, 0.100000
	pigment { color rgbt <1,0,0,0> }
	no_shadow
}

// particle -1
sphere {
	<28.803183, 37.379440, 38.004124> 0.100000
	pigment { color rgbt <1,0,0,0> }
	no_shadow
}
sphere {
	0, 1
	scale<0.080000,0.200000,0.300000>
	matrix <0.717257, 0.696699, 0.012407,
		-0.637853, 0.663634, -0.390811,
		-0.280512, 0.272398, 0.920387,
		28.719028, 37.461159, 38.280239>
	pigment { color rgbt <0,1,1,0> }
	no_shadow
}
cylinder {
	<28.629339, 36.834881, 37.150391>,  <28.915388, 37.270481, 37.635967>, 0.130000
	pigment { color rgbt <1,0,0,0> }
	no_shadow
}

// nucleotide -1

// particle -1
sphere {
	<28.629339, 36.834881, 37.150391> 0.250000
	pigment { color rgbt <1,0,0,0> }
	no_shadow
}
cylinder {
	<28.508972, 36.642857, 37.479996>,  <28.436752, 36.527641, 37.677757>, 0.100000
	pigment { color rgbt <1,0,0,0> }
	no_shadow
}
cylinder {
	<28.508972, 36.642857, 37.479996>,  <28.629339, 36.834881, 37.150391>, 0.100000
	pigment { color rgbt <1,0,0,0> }
	no_shadow
}

// particle -1
sphere {
	<28.508972, 36.642857, 37.479996> 0.100000
	pigment { color rgbt <1,0,0,0> }
	no_shadow
}
sphere {
	0, 1
	scale<0.080000,0.200000,0.300000>
	matrix <-0.366795, -0.739327, -0.564674,
		0.880289, -0.472163, 0.046394,
		-0.300918, -0.480059, 0.824009,
		28.418697, 36.498840, 37.727200>
	pigment { color rgbt <0,1,1,0> }
	no_shadow
}
cylinder {
	<28.762379, 36.181873, 37.043598>,  <28.629339, 36.834881, 37.150391>, 0.130000
	pigment { color rgbt <1,0,0,0> }
	no_shadow
}

// nucleotide -1

// particle -1
sphere {
	<28.762379, 36.181873, 37.043598> 0.250000
	pigment { color rgbt <1,0,0,0> }
	no_shadow
}
cylinder {
	<28.453512, 36.187271, 37.297710>,  <28.268192, 36.190510, 37.450176>, 0.100000
	pigment { color rgbt <1,0,0,0> }
	no_shadow
}
cylinder {
	<28.453512, 36.187271, 37.297710>,  <28.762379, 36.181873, 37.043598>, 0.100000
	pigment { color rgbt <1,0,0,0> }
	no_shadow
}

// particle -1
sphere {
	<28.453512, 36.187271, 37.297710> 0.100000
	pigment { color rgbt <1,0,0,0> }
	no_shadow
}
sphere {
	0, 1
	scale<0.080000,0.200000,0.300000>
	matrix <-0.483578, -0.661048, -0.573732,
		0.412205, -0.750222, 0.516966,
		-0.772166, 0.013498, 0.635278,
		28.221863, 36.191322, 37.488293>
	pigment { color rgbt <0,1,1,0> }
	no_shadow
}
cylinder {
	<28.586279, 35.461266, 37.333889>,  <28.762379, 36.181873, 37.043598>, 0.130000
	pigment { color rgbt <1,0,0,0> }
	no_shadow
}

// nucleotide -1

// particle -1
sphere {
	<28.586279, 35.461266, 37.333889> 0.250000
	pigment { color rgbt <1,0,0,0> }
	no_shadow
}
cylinder {
	<28.258442, 35.689880, 37.349953>,  <28.061741, 35.827049, 37.359589>, 0.100000
	pigment { color rgbt <1,0,0,0> }
	no_shadow
}
cylinder {
	<28.258442, 35.689880, 37.349953>,  <28.586279, 35.461266, 37.333889>, 0.100000
	pigment { color rgbt <1,0,0,0> }
	no_shadow
}

// particle -1
sphere {
	<28.258442, 35.689880, 37.349953> 0.100000
	pigment { color rgbt <1,0,0,0> }
	no_shadow
}
sphere {
	0, 1
	scale<0.080000,0.200000,0.300000>
	matrix <-0.526514, -0.723674, -0.446183,
		-0.225950, -0.386831, 0.894040,
		-0.819591, 0.571540, 0.040158,
		28.012564, 35.861343, 37.362000>
	pigment { color rgbt <0,1,1,0> }
	no_shadow
}
cylinder {
	<27.964359, 35.022594, 37.445694>,  <28.586279, 35.461266, 37.333889>, 0.130000
	pigment { color rgbt <1,0,0,0> }
	no_shadow
}

// nucleotide -1

// particle -1
sphere {
	<27.964359, 35.022594, 37.445694> 0.250000
	pigment { color rgbt <1,0,0,0> }
	no_shadow
}
cylinder {
	<27.781513, 35.367134, 37.357037>,  <27.671806, 35.573856, 37.303841>, 0.100000
	pigment { color rgbt <1,0,0,0> }
	no_shadow
}
cylinder {
	<27.781513, 35.367134, 37.357037>,  <27.964359, 35.022594, 37.445694>, 0.100000
	pigment { color rgbt <1,0,0,0> }
	no_shadow
}

// particle -1
sphere {
	<27.781513, 35.367134, 37.357037> 0.100000
	pigment { color rgbt <1,0,0,0> }
	no_shadow
}
sphere {
	0, 1
	scale<0.080000,0.200000,0.300000>
	matrix <-0.683451, -0.499656, -0.532203,
		-0.569158, -0.091793, 0.817088,
		-0.457115, 0.861347, -0.221647,
		27.644379, 35.625538, 37.290543>
	pigment { color rgbt <0,1,1,0> }
	no_shadow
}
cylinder {
	<27.308220, 35.123806, 37.806686>,  <27.964359, 35.022594, 37.445694>, 0.130000
	pigment { color rgbt <1,0,0,0> }
	no_shadow
}

// nucleotide -1

// particle -1
sphere {
	<27.308220, 35.123806, 37.806686> 0.250000
	pigment { color rgbt <1,0,0,0> }
	no_shadow
}
cylinder {
	<27.296375, 35.346474, 37.474602>,  <27.289268, 35.480076, 37.275352>, 0.100000
	pigment { color rgbt <1,0,0,0> }
	no_shadow
}
cylinder {
	<27.296375, 35.346474, 37.474602>,  <27.308220, 35.123806, 37.806686>, 0.100000
	pigment { color rgbt <1,0,0,0> }
	no_shadow
}

// particle -1
sphere {
	<27.296375, 35.346474, 37.474602> 0.100000
	pigment { color rgbt <1,0,0,0> }
	no_shadow
}
sphere {
	0, 1
	scale<0.080000,0.200000,0.300000>
	matrix <-0.783933, -0.528230, -0.326225,
		-0.620139, 0.641166, 0.452032,
		-0.029612, 0.556668, -0.830207,
		27.287491, 35.513474, 37.225540>
	pigment { color rgbt <0,1,1,0> }
	no_shadow
}
cylinder {
	<26.780643, 34.871876, 37.426414>,  <27.308220, 35.123806, 37.806686>, 0.130000
	pigment { color rgbt <1,0,0,0> }
	no_shadow
}

// nucleotide -1

// particle -1
sphere {
	<26.780643, 34.871876, 37.426414> 0.250000
	pigment { color rgbt <1,0,0,0> }
	no_shadow
}
cylinder {
	<26.853432, 35.236069, 37.277874>,  <26.897104, 35.454586, 37.188751>, 0.100000
	pigment { color rgbt <1,0,0,0> }
	no_shadow
}
cylinder {
	<26.853432, 35.236069, 37.277874>,  <26.780643, 34.871876, 37.426414>, 0.100000
	pigment { color rgbt <1,0,0,0> }
	no_shadow
}

// particle -1
sphere {
	<26.853432, 35.236069, 37.277874> 0.100000
	pigment { color rgbt <1,0,0,0> }
	no_shadow
}
sphere {
	0, 1
	scale<0.080000,0.200000,0.300000>
	matrix <-0.807358, -0.077234, -0.584985,
		-0.561302, 0.406262, 0.721034,
		0.181969, 0.910487, -0.371350,
		26.908022, 35.509216, 37.166470>
	pigment { color rgbt <0,1,1,0> }
	no_shadow
}
cylinder {
	<26.210707, 35.422199, 37.355499>,  <26.780643, 34.871876, 37.426414>, 0.130000
	pigment { color rgbt <1,0,0,0> }
	no_shadow
}

// nucleotide -1

// particle -1
sphere {
	<26.210707, 35.422199, 37.355499> 0.250000
	pigment { color rgbt <1,0,0,0> }
	no_shadow
}
cylinder {
	<26.486607, 35.496929, 37.075687>,  <26.652147, 35.541767, 36.907803>, 0.100000
	pigment { color rgbt <1,0,0,0> }
	no_shadow
}
cylinder {
	<26.486607, 35.496929, 37.075687>,  <26.210707, 35.422199, 37.355499>, 0.100000
	pigment { color rgbt <1,0,0,0> }
	no_shadow
}

// particle -1
sphere {
	<26.486607, 35.496929, 37.075687> 0.100000
	pigment { color rgbt <1,0,0,0> }
	no_shadow
}
sphere {
	0, 1
	scale<0.080000,0.200000,0.300000>
	matrix <-0.665975, -0.215406, -0.714197,
		-0.284112, 0.958487, -0.024156,
		0.689752, 0.186824, -0.699528,
		26.693533, 35.552975, 36.865829>
	pigment { color rgbt <0,1,1,0> }
	no_shadow
}
cylinder {
	<25.922855, 35.938965, 36.707451>,  <26.210707, 35.422199, 37.355499>, 0.130000
	pigment { color rgbt <1,0,0,0> }
	no_shadow
}

// nucleotide -1

// particle -1
sphere {
	<25.922855, 35.938965, 36.707451> 0.250000
	pigment { color rgbt <1,0,0,0> }
	no_shadow
}
cylinder {
	<26.225395, 35.705826, 36.588638>,  <26.406919, 35.565945, 36.517349>, 0.100000
	pigment { color rgbt <1,0,0,0> }
	no_shadow
}
cylinder {
	<26.225395, 35.705826, 36.588638>,  <25.922855, 35.938965, 36.707451>, 0.100000
	pigment { color rgbt <1,0,0,0> }
	no_shadow
}

// particle -1
sphere {
	<26.225395, 35.705826, 36.588638> 0.100000
	pigment { color rgbt <1,0,0,0> }
	no_shadow
}
sphere {
	0, 1
	scale<0.080000,0.200000,0.300000>
	matrix <-0.489629, -0.203277, -0.847905,
		0.433816, 0.786748, -0.439125,
		0.756351, -0.582843, -0.297030,
		26.452301, 35.530972, 36.499531>
	pigment { color rgbt <0,1,1,0> }
	no_shadow
}
cylinder {
	<25.858614, 36.183834, 36.050663>,  <25.922855, 35.938965, 36.707451>, 0.130000
	pigment { color rgbt <1,0,0,0> }
	no_shadow
}

// nucleotide -1

// particle -1
sphere {
	<25.858614, 36.183834, 36.050663> 0.250000
	pigment { color rgbt <1,0,0,0> }
	no_shadow
}
cylinder {
	<26.019684, 35.820580, 36.096504>,  <26.116325, 35.602627, 36.124008>, 0.100000
	pigment { color rgbt <1,0,0,0> }
	no_shadow
}
cylinder {
	<26.019684, 35.820580, 36.096504>,  <25.858614, 36.183834, 36.050663>, 0.100000
	pigment { color rgbt <1,0,0,0> }
	no_shadow
}

// particle -1
sphere {
	<26.019684, 35.820580, 36.096504> 0.100000
	pigment { color rgbt <1,0,0,0> }
	no_shadow
}
sphere {
	0, 1
	scale<0.080000,0.200000,0.300000>
	matrix <-0.442421, -0.302704, -0.844176,
		0.801322, 0.289225, -0.523672,
		0.402674, -0.908140, 0.114604,
		26.140486, 35.548138, 36.130886>
	pigment { color rgbt <0,1,1,0> }
	no_shadow
}
cylinder {
	<26.531450, 36.246521, 35.762241>,  <25.858614, 36.183834, 36.050663>, 0.130000
	pigment { color rgbt <1,0,0,0> }
	no_shadow
}

// nucleotide -1

// particle -1
sphere {
	<26.531450, 36.246521, 35.762241> 0.250000
	pigment { color rgbt <1,0,0,0> }
	no_shadow
}
cylinder {
	<26.805187, 35.957100, 35.798347>,  <26.969429, 35.783447, 35.820011>, 0.100000
	pigment { color rgbt <1,0,0,0> }
	no_shadow
}
cylinder {
	<26.805187, 35.957100, 35.798347>,  <26.531450, 36.246521, 35.762241>, 0.100000
	pigment { color rgbt <1,0,0,0> }
	no_shadow
}

// particle -1
sphere {
	<26.805187, 35.957100, 35.798347> 0.100000
	pigment { color rgbt <1,0,0,0> }
	no_shadow
}
sphere {
	0, 1
	scale<0.080000,0.200000,0.300000>
	matrix <-0.526370, -0.575881, -0.625536,
		0.504590, 0.380569, -0.774956,
		0.684342, -0.723553, 0.090264,
		27.010490, 35.740036, 35.825428>
	pigment { color rgbt <0,1,1,0> }
	no_shadow
}
cylinder {
	<26.794493, 35.908310, 35.134266>,  <26.531450, 36.246521, 35.762241>, 0.130000
	pigment { color rgbt <1,0,0,0> }
	no_shadow
}

// nucleotide -1

// particle -1
sphere {
	<26.794493, 35.908310, 35.134266> 0.250000
	pigment { color rgbt <1,0,0,0> }
	no_shadow
}
cylinder {
	<26.796528, 35.621025, 35.412586>,  <26.797749, 35.448654, 35.579578>, 0.100000
	pigment { color rgbt <1,0,0,0> }
	no_shadow
}
cylinder {
	<26.796528, 35.621025, 35.412586>,  <26.794493, 35.908310, 35.134266>, 0.100000
	pigment { color rgbt <1,0,0,0> }
	no_shadow
}

// particle -1
sphere {
	<26.796528, 35.621025, 35.412586> 0.100000
	pigment { color rgbt <1,0,0,0> }
	no_shadow
}
sphere {
	0, 1
	scale<0.080000,0.200000,0.300000>
	matrix <-0.465787, -0.617424, -0.633901,
		0.884882, -0.320872, -0.337676,
		0.005088, -0.718212, 0.695805,
		26.798054, 35.405560, 35.621326>
	pigment { color rgbt <0,1,1,0> }
	no_shadow
}
cylinder {
	<26.952169, 35.400475, 34.754707>,  <26.794493, 35.908310, 35.134266>, 0.130000
	pigment { color rgbt <1,0,0,0> }
	no_shadow
}

// nucleotide -1

// particle -1
sphere {
	<26.952169, 35.400475, 34.754707> 0.250000
	pigment { color rgbt <1,0,0,0> }
	no_shadow
}
cylinder {
	<26.791702, 35.226822, 35.077347>,  <26.695423, 35.122631, 35.270931>, 0.100000
	pigment { color rgbt <1,0,0,0> }
	no_shadow
}
cylinder {
	<26.791702, 35.226822, 35.077347>,  <26.952169, 35.400475, 34.754707>, 0.100000
	pigment { color rgbt <1,0,0,0> }
	no_shadow
}

// particle -1
sphere {
	<26.791702, 35.226822, 35.077347> 0.100000
	pigment { color rgbt <1,0,0,0> }
	no_shadow
}
sphere {
	0, 1
	scale<0.080000,0.200000,0.300000>
	matrix <-0.403158, -0.707002, -0.581043,
		0.822514, -0.558280, 0.108601,
		-0.401166, -0.434133, 0.806595,
		26.671352, 35.096581, 35.319324>
	pigment { color rgbt <0,1,1,0> }
	no_shadow
}
cylinder {
	<27.097950, 34.631458, 34.732014>,  <26.952169, 35.400475, 34.754707>, 0.130000
	pigment { color rgbt <1,0,0,0> }
	no_shadow
}

// nucleotide -1

// particle -1
sphere {
	<27.097950, 34.631458, 34.732014> 0.250000
	pigment { color rgbt <1,0,0,0> }
	no_shadow
}
cylinder {
	<26.784668, 34.683559, 34.975201>,  <26.596699, 34.714821, 35.121113>, 0.100000
	pigment { color rgbt <1,0,0,0> }
	no_shadow
}
cylinder {
	<26.784668, 34.683559, 34.975201>,  <27.097950, 34.631458, 34.732014>, 0.100000
	pigment { color rgbt <1,0,0,0> }
	no_shadow
}

// particle -1
sphere {
	<26.784668, 34.683559, 34.975201> 0.100000
	pigment { color rgbt <1,0,0,0> }
	no_shadow
}
sphere {
	0, 1
	scale<0.080000,0.200000,0.300000>
	matrix <-0.508810, -0.696253, -0.506304,
		0.357351, -0.705880, 0.611583,
		-0.783207, 0.130252, 0.607965,
		26.549706, 34.722633, 35.157589>
	pigment { color rgbt <0,1,1,0> }
	no_shadow
}
cylinder {
	<26.860437, 33.954880, 34.934509>,  <27.097950, 34.631458, 34.732014>, 0.130000
	pigment { color rgbt <1,0,0,0> }
	no_shadow
}

// nucleotide -1

// particle -1
sphere {
	<26.860437, 33.954880, 34.934509> 0.250000
	pigment { color rgbt <1,0,0,0> }
	no_shadow
}
cylinder {
	<26.545187, 34.193989, 34.993191>,  <26.356037, 34.337456, 35.028400>, 0.100000
	pigment { color rgbt <1,0,0,0> }
	no_shadow
}
cylinder {
	<26.545187, 34.193989, 34.993191>,  <26.860437, 33.954880, 34.934509>, 0.100000
	pigment { color rgbt <1,0,0,0> }
	no_shadow
}

// particle -1
sphere {
	<26.545187, 34.193989, 34.993191> 0.100000
	pigment { color rgbt <1,0,0,0> }
	no_shadow
}
sphere {
	0, 1
	scale<0.080000,0.200000,0.300000>
	matrix <-0.601503, -0.697432, -0.389593,
		-0.130576, -0.395289, 0.909229,
		-0.788127, 0.597775, 0.146700,
		26.308748, 34.373322, 35.037201>
	pigment { color rgbt <0,1,1,0> }
	no_shadow
}
cylinder {
	<26.420061, 33.530460, 35.157272>,  <26.860437, 33.954880, 34.934509>, 0.130000
	pigment { color rgbt <1,0,0,0> }
	no_shadow
}

// nucleotide -1

// particle -1
sphere {
	<26.420061, 33.530460, 35.157272> 0.250000
	pigment { color rgbt <1,0,0,0> }
	no_shadow
}
cylinder {
	<26.209394, 33.833149, 35.002357>,  <26.082994, 34.014763, 34.909409>, 0.100000
	pigment { color rgbt <1,0,0,0> }
	no_shadow
}
cylinder {
	<26.209394, 33.833149, 35.002357>,  <26.420061, 33.530460, 35.157272>, 0.100000
	pigment { color rgbt <1,0,0,0> }
	no_shadow
}

// particle -1
sphere {
	<26.209394, 33.833149, 35.002357> 0.100000
	pigment { color rgbt <1,0,0,0> }
	no_shadow
}
sphere {
	0, 1
	scale<0.080000,0.200000,0.300000>
	matrix <-0.573150, -0.652568, -0.495635,
		-0.627789, -0.039062, 0.777403,
		-0.526669, 0.756723, -0.387287,
		26.051395, 34.060165, 34.886169>
	pigment { color rgbt <0,1,1,0> }
	no_shadow
}
cylinder {
	<26.683619, 33.258961, 35.698017>,  <26.420061, 33.530460, 35.157272>, 0.130000
	pigment { color rgbt <1,0,0,0> }
	no_shadow
}

// nucleotide -1

// particle -1
sphere {
	<26.683619, 33.258961, 35.698017> 0.250000
	pigment { color rgbt <1,0,0,0> }
	no_shadow
}
cylinder {
	<26.826233, 32.908714, 35.567673>,  <26.911800, 32.698566, 35.489464>, 0.100000
	pigment { color rgbt <1,0,0,0> }
	no_shadow
}
cylinder {
	<26.826233, 32.908714, 35.567673>,  <26.683619, 33.258961, 35.698017>, 0.100000
	pigment { color rgbt <1,0,0,0> }
	no_shadow
}

// particle -1
sphere {
	<26.826233, 32.908714, 35.567673> 0.100000
	pigment { color rgbt <1,0,0,0> }
	no_shadow
}
sphere {
	0, 1
	scale<0.080000,0.200000,0.300000>
	matrix <0.794131, 0.467759, -0.388018,
		0.492178, -0.120436, 0.862123,
		0.356535, -0.875612, -0.325863,
		26.933193, 32.646030, 35.469913>
	pigment { color rgbt <0,1,1,0> }
	no_shadow
}
cylinder {
	<27.233461, 32.958462, 36.086102>,  <26.683619, 33.258961, 35.698017>, 0.130000
	pigment { color rgbt <1,0,0,0> }
	no_shadow
}

// nucleotide -1

// particle -1
sphere {
	<27.233461, 32.958462, 36.086102> 0.250000
	pigment { color rgbt <1,0,0,0> }
	no_shadow
}
cylinder {
	<27.218935, 32.884636, 35.693241>,  <27.210220, 32.840340, 35.457527>, 0.100000
	pigment { color rgbt <1,0,0,0> }
	no_shadow
}
cylinder {
	<27.218935, 32.884636, 35.693241>,  <27.233461, 32.958462, 36.086102>, 0.100000
	pigment { color rgbt <1,0,0,0> }
	no_shadow
}

// particle -1
sphere {
	<27.218935, 32.884636, 35.693241> 0.100000
	pigment { color rgbt <1,0,0,0> }
	no_shadow
}
sphere {
	0, 1
	scale<0.080000,0.200000,0.300000>
	matrix <0.794525, 0.590778, -0.140396,
		0.606144, -0.785441, 0.125189,
		-0.036314, -0.184566, -0.982149,
		27.208040, 32.829266, 35.398598>
	pigment { color rgbt <0,1,1,0> }
	no_shadow
}
cylinder {
	<27.785555, 32.476883, 35.755333>,  <27.233461, 32.958462, 36.086102>, 0.130000
	pigment { color rgbt <1,0,0,0> }
	no_shadow
}

// nucleotide -1

// particle -1
sphere {
	<27.785555, 32.476883, 35.755333> 0.250000
	pigment { color rgbt <1,0,0,0> }
	no_shadow
}
cylinder {
	<27.671482, 32.764050, 35.501320>,  <27.603039, 32.936348, 35.348911>, 0.100000
	pigment { color rgbt <1,0,0,0> }
	no_shadow
}
cylinder {
	<27.671482, 32.764050, 35.501320>,  <27.785555, 32.476883, 35.755333>, 0.100000
	pigment { color rgbt <1,0,0,0> }
	no_shadow
}

// particle -1
sphere {
	<27.671482, 32.764050, 35.501320> 0.100000
	pigment { color rgbt <1,0,0,0> }
	no_shadow
}
sphere {
	0, 1
	scale<0.080000,0.200000,0.300000>
	matrix <0.896061, 0.434872, 0.089222,
		0.340212, -0.543584, -0.767315,
		-0.285184, 0.717916, -0.635033,
		27.585926, 32.979424, 35.310810>
	pigment { color rgbt <0,1,1,0> }
	no_shadow
}
cylinder {
	<28.274517, 32.539902, 35.083237>,  <27.785555, 32.476883, 35.755333>, 0.130000
	pigment { color rgbt <1,0,0,0> }
	no_shadow
}

// nucleotide -1

// particle -1
sphere {
	<28.274517, 32.539902, 35.083237> 0.250000
	pigment { color rgbt <1,0,0,0> }
	no_shadow
}
cylinder {
	<28.091257, 32.867756, 35.220818>,  <27.981300, 33.064468, 35.303364>, 0.100000
	pigment { color rgbt <1,0,0,0> }
	no_shadow
}
cylinder {
	<28.091257, 32.867756, 35.220818>,  <28.274517, 32.539902, 35.083237>, 0.100000
	pigment { color rgbt <1,0,0,0> }
	no_shadow
}

// particle -1
sphere {
	<28.091257, 32.867756, 35.220818> 0.100000
	pigment { color rgbt <1,0,0,0> }
	no_shadow
}
sphere {
	0, 1
	scale<0.080000,0.200000,0.300000>
	matrix <0.879355, 0.474415, 0.040798,
		-0.129735, 0.321145, -0.938102,
		-0.458152, 0.819632, 0.343949,
		27.953812, 33.113644, 35.324001>
	pigment { color rgbt <0,1,1,0> }
	no_shadow
}
cylinder {
	<28.916943, 32.862236, 35.304142>,  <28.274517, 32.539902, 35.083237>, 0.130000
	pigment { color rgbt <1,0,0,0> }
	no_shadow
}

// nucleotide -1

// particle -1
sphere {
	<28.916943, 32.862236, 35.304142> 0.250000
	pigment { color rgbt <1,0,0,0> }
	no_shadow
}
cylinder {
	<29.179916, 33.120667, 35.149033>,  <29.337700, 33.275723, 35.055965>, 0.100000
	pigment { color rgbt <1,0,0,0> }
	no_shadow
}
cylinder {
	<29.179916, 33.120667, 35.149033>,  <28.916943, 32.862236, 35.304142>, 0.100000
	pigment { color rgbt <1,0,0,0> }
	no_shadow
}

// particle -1
sphere {
	<29.179916, 33.120667, 35.149033> 0.100000
	pigment { color rgbt <1,0,0,0> }
	no_shadow
}
sphere {
	0, 1
	scale<0.080000,0.200000,0.300000>
	matrix <-0.743342, 0.471824, -0.474157,
		-0.123380, 0.599975, 0.790448,
		0.657435, 0.646074, -0.387772,
		29.377148, 33.314487, 35.032700>
	pigment { color rgbt <0,1,1,0> }
	no_shadow
}
cylinder {
	<28.633131, 33.568218, 35.384842>,  <28.916943, 32.862236, 35.304142>, 0.130000
	pigment { color rgbt <1,0,0,0> }
	no_shadow
}

// nucleotide -1

// particle -1
sphere {
	<28.633131, 33.568218, 35.384842> 0.250000
	pigment { color rgbt <1,0,0,0> }
	no_shadow
}
cylinder {
	<28.913275, 33.562740, 35.099377>,  <29.081362, 33.559452, 34.928097>, 0.100000
	pigment { color rgbt <1,0,0,0> }
	no_shadow
}
cylinder {
	<28.913275, 33.562740, 35.099377>,  <28.633131, 33.568218, 35.384842>, 0.100000
	pigment { color rgbt <1,0,0,0> }
	no_shadow
}

// particle -1
sphere {
	<28.913275, 33.562740, 35.099377> 0.100000
	pigment { color rgbt <1,0,0,0> }
	no_shadow
}
sphere {
	0, 1
	scale<0.080000,0.200000,0.300000>
	matrix <-0.570896, 0.589394, -0.571570,
		0.428456, 0.807729, 0.404967,
		0.700359, -0.013698, -0.713660,
		29.123383, 33.558632, 34.885281>
	pigment { color rgbt <0,1,1,0> }
	no_shadow
}
cylinder {
	<28.879126, 34.250443, 35.249836>,  <28.633131, 33.568218, 35.384842>, 0.130000
	pigment { color rgbt <1,0,0,0> }
	no_shadow
}

// nucleotide -1

// particle -1
sphere {
	<28.879126, 34.250443, 35.249836> 0.250000
	pigment { color rgbt <1,0,0,0> }
	no_shadow
}
cylinder {
	<28.936983, 34.041531, 34.913666>,  <28.971697, 33.916183, 34.711964>, 0.100000
	pigment { color rgbt <1,0,0,0> }
	no_shadow
}
cylinder {
	<28.936983, 34.041531, 34.913666>,  <28.879126, 34.250443, 35.249836>, 0.100000
	pigment { color rgbt <1,0,0,0> }
	no_shadow
}

// particle -1
sphere {
	<28.936983, 34.041531, 34.913666> 0.100000
	pigment { color rgbt <1,0,0,0> }
	no_shadow
}
sphere {
	0, 1
	scale<0.080000,0.200000,0.300000>
	matrix <-0.265949, 0.797579, -0.541423,
		0.953074, 0.301822, -0.023535,
		0.144642, -0.522275, -0.840421,
		28.980375, 33.884850, 34.661541>
	pigment { color rgbt <0,1,1,0> }
	no_shadow
}
cylinder {
	<29.099865, 34.664913, 34.812363>,  <28.879126, 34.250443, 35.249836>, 0.130000
	pigment { color rgbt <1,0,0,0> }
	no_shadow
}

// nucleotide -1

// particle -1
sphere {
	<29.099865, 34.664913, 34.812363> 0.250000
	pigment { color rgbt <1,0,0,0> }
	no_shadow
}
cylinder {
	<28.968189, 34.385635, 34.558071>,  <28.889183, 34.218067, 34.405495>, 0.100000
	pigment { color rgbt <1,0,0,0> }
	no_shadow
}
cylinder {
	<28.968189, 34.385635, 34.558071>,  <29.099865, 34.664913, 34.812363>, 0.100000
	pigment { color rgbt <1,0,0,0> }
	no_shadow
}

// particle -1
sphere {
	<28.968189, 34.385635, 34.558071> 0.100000
	pigment { color rgbt <1,0,0,0> }
	no_shadow
}
sphere {
	0, 1
	scale<0.080000,0.200000,0.300000>
	matrix <-0.355982, 0.715342, -0.601300,
		0.874592, 0.028368, -0.484028,
		-0.329188, -0.698198, -0.635732,
		28.869432, 34.176174, 34.367352>
	pigment { color rgbt <0,1,1,0> }
	no_shadow
}
cylinder {
	<29.280266, 34.864910, 34.072712>,  <29.099865, 34.664913, 34.812363>, 0.130000
	pigment { color rgbt <1,0,0,0> }
	no_shadow
}

// nucleotide -1

// particle -1
sphere {
	<29.280266, 34.864910, 34.072712> 0.250000
	pigment { color rgbt <1,0,0,0> }
	no_shadow
}
cylinder {
	<28.949669, 34.639866, 34.080463>,  <28.751310, 34.504837, 34.085114>, 0.100000
	pigment { color rgbt <1,0,0,0> }
	no_shadow
}
cylinder {
	<28.949669, 34.639866, 34.080463>,  <29.280266, 34.864910, 34.072712>, 0.100000
	pigment { color rgbt <1,0,0,0> }
	no_shadow
}

// particle -1
sphere {
	<28.949669, 34.639866, 34.080463> 0.100000
	pigment { color rgbt <1,0,0,0> }
	no_shadow
}
sphere {
	0, 1
	scale<0.080000,0.200000,0.300000>
	matrix <-0.490373, 0.702608, -0.515632,
		0.276485, -0.435669, -0.856591,
		-0.826492, -0.562614, 0.019380,
		28.701721, 34.471081, 34.086277>
	pigment { color rgbt <0,1,1,0> }
	no_shadow
}
cylinder {
	<28.897713, 34.865002, 33.336353>,  <29.280266, 34.864910, 34.072712>, 0.130000
	pigment { color rgbt <1,0,0,0> }
	no_shadow
}

// nucleotide -1

// particle -1
sphere {
	<28.897713, 34.865002, 33.336353> 0.250000
	pigment { color rgbt <1,0,0,0> }
	no_shadow
}
cylinder {
	<28.632765, 34.800762, 33.629059>,  <28.473797, 34.762218, 33.804680>, 0.100000
	pigment { color rgbt <1,0,0,0> }
	no_shadow
}
cylinder {
	<28.632765, 34.800762, 33.629059>,  <28.897713, 34.865002, 33.336353>, 0.100000
	pigment { color rgbt <1,0,0,0> }
	no_shadow
}

// particle -1
sphere {
	<28.632765, 34.800762, 33.629059> 0.100000
	pigment { color rgbt <1,0,0,0> }
	no_shadow
}
sphere {
	0, 1
	scale<0.080000,0.200000,0.300000>
	matrix <-0.593917, 0.707933, -0.382223,
		-0.456653, -0.687778, -0.564296,
		-0.662368, -0.160602, 0.731762,
		28.434055, 34.752583, 33.848587>
	pigment { color rgbt <0,1,1,0> }
	no_shadow
}
cylinder {
	<28.428028, 35.458374, 33.692833>,  <28.897713, 34.865002, 33.336353>, 0.130000
	pigment { color rgbt <1,0,0,0> }
	no_shadow
}

// nucleotide -1

// particle -1
sphere {
	<28.428028, 35.458374, 33.692833> 0.250000
	pigment { color rgbt <1,0,0,0> }
	no_shadow
}
cylinder {
	<28.124794, 35.273495, 33.508797>,  <27.942854, 35.162567, 33.398376>, 0.100000
	pigment { color rgbt <1,0,0,0> }
	no_shadow
}
cylinder {
	<28.124794, 35.273495, 33.508797>,  <28.428028, 35.458374, 33.692833>, 0.100000
	pigment { color rgbt <1,0,0,0> }
	no_shadow
}

// particle -1
sphere {
	<28.124794, 35.273495, 33.508797> 0.100000
	pigment { color rgbt <1,0,0,0> }
	no_shadow
}
sphere {
	0, 1
	scale<0.080000,0.200000,0.300000>
	matrix <0.230494, -0.849845, 0.473958,
		-0.610064, 0.253254, 0.750790,
		-0.758086, -0.462197, -0.460086,
		27.897367, 35.134834, 33.370770>
	pigment { color rgbt <0,1,1,0> }
	no_shadow
}
cylinder {
	<27.988739, 35.070873, 34.187828>,  <28.428028, 35.458374, 33.692833>, 0.130000
	pigment { color rgbt <1,0,0,0> }
	no_shadow
}

// nucleotide -1

// particle -1
sphere {
	<27.988739, 35.070873, 34.187828> 0.250000
	pigment { color rgbt <1,0,0,0> }
	no_shadow
}
cylinder {
	<28.019461, 34.926163, 33.816189>,  <28.037893, 34.839336, 33.593204>, 0.100000
	pigment { color rgbt <1,0,0,0> }
	no_shadow
}
cylinder {
	<28.019461, 34.926163, 33.816189>,  <27.988739, 35.070873, 34.187828>, 0.100000
	pigment { color rgbt <1,0,0,0> }
	no_shadow
}

// particle -1
sphere {
	<28.019461, 34.926163, 33.816189> 0.100000
	pigment { color rgbt <1,0,0,0> }
	no_shadow
}
sphere {
	0, 1
	scale<0.080000,0.200000,0.300000>
	matrix <0.441311, -0.823265, 0.357044,
		-0.894062, -0.437443, 0.096424,
		0.076804, -0.361772, -0.929098,
		28.042501, 34.817631, 33.537460>
	pigment { color rgbt <0,1,1,0> }
	no_shadow
}
cylinder {
	<27.764673, 34.455326, 34.106014>,  <27.988739, 35.070873, 34.187828>, 0.130000
	pigment { color rgbt <1,0,0,0> }
	no_shadow
}

// nucleotide -1

// particle -1
sphere {
	<27.764673, 34.455326, 34.106014> 0.250000
	pigment { color rgbt <1,0,0,0> }
	no_shadow
}
cylinder {
	<28.073322, 34.465775, 33.851795>,  <28.258512, 34.472046, 33.699265>, 0.100000
	pigment { color rgbt <1,0,0,0> }
	no_shadow
}
cylinder {
	<28.073322, 34.465775, 33.851795>,  <27.764673, 34.455326, 34.106014>, 0.100000
	pigment { color rgbt <1,0,0,0> }
	no_shadow
}

// particle -1
sphere {
	<28.073322, 34.465775, 33.851795> 0.100000
	pigment { color rgbt <1,0,0,0> }
	no_shadow
}
sphere {
	0, 1
	scale<0.080000,0.200000,0.300000>
