// switches for output
#declare DRAW_BASES = 1; // possible values are 0, 1; only relevant for DNA ribbons
#declare DRAW_BASES_TYPE = 3; // possible values are 1, 2, 3; only relevant for DNA ribbons
#declare DRAW_FOG = 0; // set to 1 to enable fog

#include "colors.inc"

#include "transforms.inc"
background { rgb <1, 1, 1>}

#default {
   normal{
       ripples 0.25
       frequency 0.20
       turbulence 0.2
       lambda 5
   }
	finish {
		phong 0.1
		phong_size 40.
	}
}

// original window dimensions: 1024x640


// camera settings

camera {
	sky <0, 0.179814, -0.983701>
	up <0, 0.179814, -0.983701>
	right 1.6 * <1, 0, 0>
	location <35, 94.9851, 44.8844>
	look_at <35, 29.7336, 32.9568>
	direction <0, -65.2515, -11.9276>
	angle 67.0682
}


# declare cpy_camera_pos = <35, 94.9851, 44.8844>;
# if (DRAW_FOG = 1)
fog {
	fog_type 2
	up vnormalize(cpy_camera_pos)
	color rgbt<1,1,1,0.3>
	distance 1e-5
	fog_alt 3e-3
	fog_offset 56
}
# end


// LIGHTS

# declare lum = 6;
global_settings {
	ambient_light rgb lum * <0.05, 0.05, 0.05>
	max_trace_level 15
}# declare cpy_direct_light_amount = 0.25;
light_source
{	1000 * <-1, -1.16352, -0.803886>,
	rgb lum * cpy_direct_light_amount
	parallel
}

light_source
{	1000 * <1, 1.16352, 0.803886>,
	rgb lum * cpy_direct_light_amount
	parallel
}

// strand 0

// nucleotide -1

// particle -1
sphere {
	<24.631258, 35.164715, 34.907459> 0.250000
	pigment { color rgbt <1,0,0,0> }
	no_shadow
}
cylinder {
	<24.330036, 34.971188, 35.085819>,  <24.149303, 34.855072, 35.192837>, 0.100000
	pigment { color rgbt <1,0,0,0> }
	no_shadow
}
cylinder {
	<24.330036, 34.971188, 35.085819>,  <24.631258, 35.164715, 34.907459>, 0.100000
	pigment { color rgbt <1,0,0,0> }
	no_shadow
}

// particle -1
sphere {
	<24.330036, 34.971188, 35.085819> 0.100000
	pigment { color rgbt <1,0,0,0> }
	no_shadow
}
sphere {
	0, 1
	scale<0.080000,0.200000,0.300000>
	matrix <0.603740, -0.238721, 0.760599,
		-0.261548, 0.841980, 0.471872,
		-0.753054, -0.483821, 0.445900,
		24.104120, 34.826042, 35.219589>
	pigment { color rgbt <0,1,1,0> }
	no_shadow
}
cylinder {
	<24.892170, 35.717110, 35.290455>,  <24.631258, 35.164715, 34.907459>, 0.130000
	pigment { color rgbt <1,0,0,0> }
	no_shadow
}

// nucleotide -1

// particle -1
sphere {
	<24.892170, 35.717110, 35.290455> 0.250000
	pigment { color rgbt <1,0,0,0> }
	no_shadow
}
cylinder {
	<25.197746, 35.972771, 35.254955>,  <25.381092, 36.126167, 35.233658>, 0.100000
	pigment { color rgbt <1,0,0,0> }
	no_shadow
}
cylinder {
	<25.197746, 35.972771, 35.254955>,  <24.892170, 35.717110, 35.290455>, 0.100000
	pigment { color rgbt <1,0,0,0> }
	no_shadow
}

// particle -1
sphere {
	<25.197746, 35.972771, 35.254955> 0.100000
	pigment { color rgbt <1,0,0,0> }
	no_shadow
}
sphere {
	0, 1
	scale<0.080000,0.200000,0.300000>
	matrix <0.523044, -0.532788, 0.665254,
		0.377918, -0.554632, -0.741324,
		0.763939, 0.639157, -0.088746,
		25.426928, 36.164516, 35.228333>
	pigment { color rgbt <0,1,1,0> }
	no_shadow
}
cylinder {
	<25.532227, 35.445320, 34.990829>,  <24.892170, 35.717110, 35.290455>, 0.130000
	pigment { color rgbt <1,0,0,0> }
	no_shadow
}

// nucleotide -1

// particle -1
sphere {
	<25.532227, 35.445320, 34.990829> 0.250000
	pigment { color rgbt <1,0,0,0> }
	no_shadow
}
cylinder {
	<25.591238, 35.738434, 35.256542>,  <25.626646, 35.914303, 35.415970>, 0.100000
	pigment { color rgbt <1,0,0,0> }
	no_shadow
}
cylinder {
	<25.591238, 35.738434, 35.256542>,  <25.532227, 35.445320, 34.990829>, 0.100000
	pigment { color rgbt <1,0,0,0> }
	no_shadow
}

// particle -1
sphere {
	<25.591238, 35.738434, 35.256542> 0.100000
	pigment { color rgbt <1,0,0,0> }
	no_shadow
}
sphere {
	0, 1
	scale<0.080000,0.200000,0.300000>
	matrix <0.365431, -0.664489, 0.651855,
		0.919073, 0.146580, -0.365813,
		0.147530, 0.732782, 0.664279,
		25.635496, 35.958267, 35.455826>
	pigment { color rgbt <0,1,1,0> }
	no_shadow
}
cylinder {
	<26.213787, 35.324364, 35.299622>,  <25.532227, 35.445320, 34.990829>, 0.130000
	pigment { color rgbt <1,0,0,0> }
	no_shadow
}

// nucleotide -1

// particle -1
sphere {
	<26.213787, 35.324364, 35.299622> 0.250000
	pigment { color rgbt <1,0,0,0> }
	no_shadow
}
cylinder {
	<26.008505, 35.554974, 35.553940>,  <25.885336, 35.693340, 35.706532>, 0.100000
	pigment { color rgbt <1,0,0,0> }
	no_shadow
}
cylinder {
	<26.008505, 35.554974, 35.553940>,  <26.213787, 35.324364, 35.299622>, 0.100000
	pigment { color rgbt <1,0,0,0> }
	no_shadow
}

// particle -1
sphere {
	<26.008505, 35.554974, 35.553940> 0.100000
	pigment { color rgbt <1,0,0,0> }
	no_shadow
}
sphere {
	0, 1
	scale<0.080000,0.200000,0.300000>
	matrix <0.213143, -0.631973, 0.745104,
		0.831377, 0.517909, 0.201451,
		-0.513208, 0.576524, 0.635797,
		25.854542, 35.727932, 35.744678>
	pigment { color rgbt <0,1,1,0> }
	no_shadow
}
cylinder {
	<26.635571, 35.463520, 35.889694>,  <26.213787, 35.324364, 35.299622>, 0.130000
	pigment { color rgbt <1,0,0,0> }
	no_shadow
}

// nucleotide -1

// particle -1
sphere {
	<26.635571, 35.463520, 35.889694> 0.250000
	pigment { color rgbt <1,0,0,0> }
	no_shadow
}
cylinder {
	<26.249504, 35.497383, 35.988724>,  <26.017864, 35.517700, 36.048141>, 0.100000
	pigment { color rgbt <1,0,0,0> }
	no_shadow
}
cylinder {
	<26.249504, 35.497383, 35.988724>,  <26.635571, 35.463520, 35.889694>, 0.100000
	pigment { color rgbt <1,0,0,0> }
	no_shadow
}

// particle -1
sphere {
	<26.249504, 35.497383, 35.988724> 0.100000
	pigment { color rgbt <1,0,0,0> }
	no_shadow
}
sphere {
	0, 1
	scale<0.080000,0.200000,0.300000>
	matrix <0.173974, -0.499092, 0.848906,
		0.195428, 0.862404, 0.466977,
		-0.965164, 0.084658, 0.247572,
		25.959955, 35.522781, 36.062996>
	pigment { color rgbt <0,1,1,0> }
	no_shadow
}
cylinder {
	<26.432152, 35.983231, 36.496811>,  <26.635571, 35.463520, 35.889694>, 0.130000
	pigment { color rgbt <1,0,0,0> }
	no_shadow
}

// nucleotide -1

// particle -1
sphere {
	<26.432152, 35.983231, 36.496811> 0.250000
	pigment { color rgbt <1,0,0,0> }
	no_shadow
}
cylinder {
	<26.225782, 35.640717, 36.487011>,  <26.101961, 35.435207, 36.481133>, 0.100000
	pigment { color rgbt <1,0,0,0> }
	no_shadow
}
cylinder {
	<26.225782, 35.640717, 36.487011>,  <26.432152, 35.983231, 36.496811>, 0.100000
	pigment { color rgbt <1,0,0,0> }
	no_shadow
}

// particle -1
sphere {
	<26.225782, 35.640717, 36.487011> 0.100000
	pigment { color rgbt <1,0,0,0> }
	no_shadow
}
sphere {
	0, 1
	scale<0.080000,0.200000,0.300000>
	matrix <0.271300, -0.190455, 0.943463,
		-0.812537, 0.480111, 0.330570,
		-0.515926, -0.856283, -0.024498,
		26.071005, 35.383831, 36.479660>
	pigment { color rgbt <0,1,1,0> }
	no_shadow
}
cylinder {
	<25.944855, 35.934235, 37.054962>,  <26.432152, 35.983231, 36.496811>, 0.130000
	pigment { color rgbt <1,0,0,0> }
	no_shadow
}

// nucleotide -1

// particle -1
sphere {
	<25.944855, 35.934235, 37.054962> 0.250000
	pigment { color rgbt <1,0,0,0> }
	no_shadow
}
cylinder {
	<26.096230, 35.578098, 36.953705>,  <26.187054, 35.364418, 36.892948>, 0.100000
	pigment { color rgbt <1,0,0,0> }
	no_shadow
}
cylinder {
	<26.096230, 35.578098, 36.953705>,  <25.944855, 35.934235, 37.054962>, 0.100000
	pigment { color rgbt <1,0,0,0> }
	no_shadow
}

// particle -1
sphere {
	<26.096230, 35.578098, 36.953705> 0.100000
	pigment { color rgbt <1,0,0,0> }
	no_shadow
}
sphere {
	0, 1
	scale<0.080000,0.200000,0.300000>
	matrix <0.488853, -0.039988, 0.871450,
		-0.786008, -0.453540, 0.420111,
		0.378438, -0.890339, -0.253145,
		26.209761, 35.310997, 36.877762>
	pigment { color rgbt <0,1,1,0> }
	no_shadow
}
cylinder {
	<25.761250, 35.533466, 37.620251>,  <25.944855, 35.934235, 37.054962>, 0.130000
	pigment { color rgbt <1,0,0,0> }
	no_shadow
}

// nucleotide -1

// particle -1
sphere {
	<25.761250, 35.533466, 37.620251> 0.250000
	pigment { color rgbt <1,0,0,0> }
	no_shadow
}
cylinder {
	<26.064781, 35.360062, 37.425831>,  <26.246901, 35.256020, 37.309181>, 0.100000
	pigment { color rgbt <1,0,0,0> }
	no_shadow
}
cylinder {
	<26.064781, 35.360062, 37.425831>,  <25.761250, 35.533466, 37.620251>, 0.100000
	pigment { color rgbt <1,0,0,0> }
	no_shadow
}

// particle -1
sphere {
	<26.064781, 35.360062, 37.425831> 0.100000
	pigment { color rgbt <1,0,0,0> }
	no_shadow
}
sphere {
	0, 1
	scale<0.080000,0.200000,0.300000>
	matrix <0.471212, -0.149733, 0.869218,
		-0.449596, -0.888620, 0.090655,
		0.758830, -0.433514, -0.486047,
		26.292431, 35.230007, 37.280018>
	pigment { color rgbt <0,1,1,0> }
	no_shadow
}
cylinder {
	<25.903660, 34.928005, 37.936600>,  <25.761250, 35.533466, 37.620251>, 0.130000
	pigment { color rgbt <1,0,0,0> }
	no_shadow
}

// nucleotide -1

// particle -1
sphere {
	<25.903660, 34.928005, 37.936600> 0.250000
	pigment { color rgbt <1,0,0,0> }
	no_shadow
}
cylinder {
	<26.245308, 34.939606, 37.728893>,  <26.450296, 34.946564, 37.604271>, 0.100000
	pigment { color rgbt <1,0,0,0> }
	no_shadow
}
cylinder {
	<26.245308, 34.939606, 37.728893>,  <25.903660, 34.928005, 37.936600>, 0.100000
	pigment { color rgbt <1,0,0,0> }
	no_shadow
}

// particle -1
sphere {
	<26.245308, 34.939606, 37.728893> 0.100000
	pigment { color rgbt <1,0,0,0> }
	no_shadow
}
sphere {
	0, 1
	scale<0.080000,0.200000,0.300000>
	matrix <0.469716, -0.471618, 0.746286,
		-0.223253, -0.881326, -0.416440,
		0.854122, 0.028998, -0.519263,
		26.501545, 34.948303, 37.573112>
	pigment { color rgbt <0,1,1,0> }
	no_shadow
}
cylinder {
	<26.134178, 34.260628, 38.019131>,  <25.903660, 34.928005, 37.936600>, 0.130000
	pigment { color rgbt <1,0,0,0> }
	no_shadow
}

// nucleotide -1

// particle -1
sphere {
	<26.134178, 34.260628, 38.019131> 0.250000
	pigment { color rgbt <1,0,0,0> }
	no_shadow
}
cylinder {
	<26.454603, 34.479671, 37.922447>,  <26.646858, 34.611095, 37.864437>, 0.100000
	pigment { color rgbt <1,0,0,0> }
	no_shadow
}
cylinder {
	<26.454603, 34.479671, 37.922447>,  <26.134178, 34.260628, 38.019131>, 0.100000
	pigment { color rgbt <1,0,0,0> }
	no_shadow
}

// particle -1
sphere {
	<26.454603, 34.479671, 37.922447> 0.100000
	pigment { color rgbt <1,0,0,0> }
	no_shadow
}
sphere {
	0, 1
	scale<0.080000,0.200000,0.300000>
	matrix <0.543965, -0.497469, 0.675741,
		0.249796, -0.672794, -0.696383,
		0.801064, 0.547606, -0.241711,
		26.694923, 34.643951, 37.849934>
	pigment { color rgbt <0,1,1,0> }
	no_shadow
}
cylinder {
	<26.658405, 33.783039, 37.834747>,  <26.134178, 34.260628, 38.019131>, 0.130000
	pigment { color rgbt <1,0,0,0> }
	no_shadow
}

// nucleotide -1

// particle -1
sphere {
	<26.658405, 33.783039, 37.834747> 0.250000
	pigment { color rgbt <1,0,0,0> }
	no_shadow
}
cylinder {
	<26.806877, 34.131866, 37.962318>,  <26.895960, 34.341164, 38.038860>, 0.100000
	pigment { color rgbt <1,0,0,0> }
	no_shadow
}
cylinder {
	<26.806877, 34.131866, 37.962318>,  <26.658405, 33.783039, 37.834747>, 0.100000
	pigment { color rgbt <1,0,0,0> }
	no_shadow
}

// particle -1
sphere {
	<26.806877, 34.131866, 37.962318> 0.100000
	pigment { color rgbt <1,0,0,0> }
	no_shadow
}
sphere {
	0, 1
	scale<0.080000,0.200000,0.300000>
	matrix <0.412843, -0.462639, 0.784554,
		0.831736, -0.159544, -0.531752,
		0.371181, 0.872072, 0.318927,
		26.918232, 34.393490, 38.057995>
	pigment { color rgbt <0,1,1,0> }
	no_shadow
}
cylinder {
	<27.275179, 33.683151, 38.014786>,  <26.658405, 33.783039, 37.834747>, 0.130000
	pigment { color rgbt <1,0,0,0> }
	no_shadow
}

// nucleotide -1

// particle -1
sphere {
	<27.275179, 33.683151, 38.014786> 0.250000
	pigment { color rgbt <1,0,0,0> }
	no_shadow
}
cylinder {
	<27.196390, 34.017723, 38.219368>,  <27.149117, 34.218468, 38.342117>, 0.100000
	pigment { color rgbt <1,0,0,0> }
	no_shadow
}
cylinder {
	<27.196390, 34.017723, 38.219368>,  <27.275179, 33.683151, 38.014786>, 0.100000
	pigment { color rgbt <1,0,0,0> }
	no_shadow
}

// particle -1
sphere {
	<27.196390, 34.017723, 38.219368> 0.100000
	pigment { color rgbt <1,0,0,0> }
	no_shadow
}
sphere {
	0, 1
	scale<0.080000,0.200000,0.300000>
	matrix <0.264495, -0.457001, 0.849230,
		0.944058, 0.302552, -0.131215,
		-0.196971, 0.836428, 0.511459,
		27.137299, 34.268650, 38.372807>
	pigment { color rgbt <0,1,1,0> }
	no_shadow
}
cylinder {
	<27.487593, 33.698795, 38.858047>,  <27.275179, 33.683151, 38.014786>, 0.130000
	pigment { color rgbt <1,0,0,0> }
	no_shadow
}

// nucleotide -1

// particle -1
sphere {
	<27.487593, 33.698795, 38.858047> 0.250000
	pigment { color rgbt <1,0,0,0> }
	no_shadow
}
cylinder {
	<27.711891, 33.941681, 38.632889>,  <27.846470, 34.087414, 38.497791>, 0.100000
	pigment { color rgbt <1,0,0,0> }
	no_shadow
}
cylinder {
	<27.711891, 33.941681, 38.632889>,  <27.487593, 33.698795, 38.858047>, 0.100000
	pigment { color rgbt <1,0,0,0> }
	no_shadow
}

// particle -1
sphere {
	<27.711891, 33.941681, 38.632889> 0.100000
	pigment { color rgbt <1,0,0,0> }
	no_shadow
}
sphere {
	0, 1
	scale<0.080000,0.200000,0.300000>
	matrix <-0.640642, 0.748868, 0.169630,
		0.524538, 0.265497, 0.808932,
		0.560747, 0.607214, -0.562899,
		27.880116, 34.123844, 38.464020>
	pigment { color rgbt <0,1,1,0> }
	no_shadow
}
cylinder {
	<26.794664, 33.895969, 38.994431>,  <27.487593, 33.698795, 38.858047>, 0.130000
	pigment { color rgbt <1,0,0,0> }
	no_shadow
}

// nucleotide -1

// particle -1
sphere {
	<26.794664, 33.895969, 38.994431> 0.250000
	pigment { color rgbt <1,0,0,0> }
	no_shadow
}
cylinder {
	<27.126139, 34.096718, 39.093548>,  <27.325024, 34.217167, 39.153019>, 0.100000
	pigment { color rgbt <1,0,0,0> }
	no_shadow
}
cylinder {
	<27.126139, 34.096718, 39.093548>,  <26.794664, 33.895969, 38.994431>, 0.100000
	pigment { color rgbt <1,0,0,0> }
	no_shadow
}

// particle -1
sphere {
	<27.126139, 34.096718, 39.093548> 0.100000
	pigment { color rgbt <1,0,0,0> }
	no_shadow
}
sphere {
	0, 1
	scale<0.080000,0.200000,0.300000>
	matrix <-0.122078, 0.594120, -0.795059,
		-0.546238, 0.628604, 0.553607,
		0.828686, 0.501875, 0.247792,
		27.374744, 34.247280, 39.167885>
	pigment { color rgbt <0,1,1,0> }
	no_shadow
}
cylinder {
	<26.720270, 34.644287, 39.092907>,  <26.794664, 33.895969, 38.994431>, 0.130000
	pigment { color rgbt <1,0,0,0> }
	no_shadow
}

// nucleotide -1

// particle -1
sphere {
	<26.720270, 34.644287, 39.092907> 0.250000
	pigment { color rgbt <1,0,0,0> }
	no_shadow
}
cylinder {
	<27.079031, 34.536579, 38.952587>,  <27.294289, 34.471954, 38.868397>, 0.100000
	pigment { color rgbt <1,0,0,0> }
	no_shadow
}
cylinder {
	<27.079031, 34.536579, 38.952587>,  <26.720270, 34.644287, 39.092907>, 0.100000
	pigment { color rgbt <1,0,0,0> }
	no_shadow
}

// particle -1
sphere {
	<27.079031, 34.536579, 38.952587> 0.100000
	pigment { color rgbt <1,0,0,0> }
	no_shadow
}
sphere {
	0, 1
	scale<0.080000,0.200000,0.300000>
	matrix <-0.143946, 0.572295, -0.807315,
		0.418142, 0.774580, 0.474534,
		0.896904, -0.269265, -0.350799,
		27.348103, 34.455799, 38.847347>
	pigment { color rgbt <0,1,1,0> }
	no_shadow
}
cylinder {
	<27.148510, 35.212158, 39.011539>,  <26.720270, 34.644287, 39.092907>, 0.130000
	pigment { color rgbt <1,0,0,0> }
	no_shadow
}

// nucleotide -1

// particle -1
sphere {
	<27.148510, 35.212158, 39.011539> 0.250000
	pigment { color rgbt <1,0,0,0> }
	no_shadow
}
cylinder {
	<27.291384, 34.927639, 38.769390>,  <27.377108, 34.756927, 38.624100>, 0.100000
	pigment { color rgbt <1,0,0,0> }
	no_shadow
}
cylinder {
	<27.291384, 34.927639, 38.769390>,  <27.148510, 35.212158, 39.011539>, 0.100000
	pigment { color rgbt <1,0,0,0> }
	no_shadow
}

// particle -1
sphere {
	<27.291384, 34.927639, 38.769390> 0.100000
	pigment { color rgbt <1,0,0,0> }
	no_shadow
}
sphere {
	0, 1
	scale<0.080000,0.200000,0.300000>
	matrix <-0.318176, 0.516708, -0.794844,
		0.878171, 0.476522, -0.041757,
		0.357184, -0.711295, -0.605376,
		27.398539, 34.714252, 38.587776>
	pigment { color rgbt <0,1,1,0> }
	no_shadow
}
cylinder {
	<27.622948, 35.455643, 38.479321>,  <27.148510, 35.212158, 39.011539>, 0.130000
	pigment { color rgbt <1,0,0,0> }
	no_shadow
}

// nucleotide -1

// particle -1
sphere {
	<27.622948, 35.455643, 38.479321> 0.250000
	pigment { color rgbt <1,0,0,0> }
	no_shadow
}
cylinder {
	<27.452295, 35.125870, 38.330566>,  <27.349903, 34.928005, 38.241314>, 0.100000
	pigment { color rgbt <1,0,0,0> }
	no_shadow
}
cylinder {
	<27.452295, 35.125870, 38.330566>,  <27.622948, 35.455643, 38.479321>, 0.100000
	pigment { color rgbt <1,0,0,0> }
	no_shadow
}

// particle -1
sphere {
	<27.452295, 35.125870, 38.330566> 0.100000
	pigment { color rgbt <1,0,0,0> }
	no_shadow
}
sphere {
	0, 1
	scale<0.080000,0.200000,0.300000>
	matrix <-0.349116, 0.529432, -0.773188,
		0.834328, -0.200036, -0.513695,
		-0.426632, -0.824431, -0.371884,
		27.324306, 34.878540, 38.219002>
	pigment { color rgbt <0,1,1,0> }
	no_shadow
}
cylinder {
	<27.823648, 35.344772, 37.769581>,  <27.622948, 35.455643, 38.479321>, 0.130000
	pigment { color rgbt <1,0,0,0> }
	no_shadow
}

// nucleotide -1

// particle -1
sphere {
	<27.823648, 35.344772, 37.769581> 0.250000
	pigment { color rgbt <1,0,0,0> }
	no_shadow
}
cylinder {
	<27.481163, 35.139908, 37.796673>,  <27.275671, 35.016987, 37.812927>, 0.100000
	pigment { color rgbt <1,0,0,0> }
	no_shadow
}
cylinder {
	<27.481163, 35.139908, 37.796673>,  <27.823648, 35.344772, 37.769581>, 0.100000
	pigment { color rgbt <1,0,0,0> }
	no_shadow
}

// particle -1
sphere {
	<27.481163, 35.139908, 37.796673> 0.100000
	pigment { color rgbt <1,0,0,0> }
	no_shadow
}
sphere {
	0, 1
	scale<0.080000,0.200000,0.300000>
	matrix <-0.298979, 0.384317, -0.873448,
		0.421327, -0.768103, -0.482184,
		-0.856210, -0.512170, 0.067723,
		27.224298, 34.986259, 37.816990>
	pigment { color rgbt <0,1,1,0> }
	no_shadow
}
cylinder {
	<27.676727, 35.141289, 37.119804>,  <27.823648, 35.344772, 37.769581>, 0.130000
	pigment { color rgbt <1,0,0,0> }
	no_shadow
}

// nucleotide -1

// particle -1
sphere {
	<27.676727, 35.141289, 37.119804> 0.250000
	pigment { color rgbt <1,0,0,0> }
	no_shadow
}
cylinder {
	<27.315712, 35.060738, 37.272053>,  <27.099102, 35.012409, 37.363403>, 0.100000
	pigment { color rgbt <1,0,0,0> }
	no_shadow
}
cylinder {
	<27.315712, 35.060738, 37.272053>,  <27.676727, 35.141289, 37.119804>, 0.100000
	pigment { color rgbt <1,0,0,0> }
	no_shadow
}

// particle -1
sphere {
	<27.315712, 35.060738, 37.272053> 0.100000
	pigment { color rgbt <1,0,0,0> }
	no_shadow
}
sphere {
	0, 1
	scale<0.080000,0.200000,0.300000>
	matrix <-0.413707, 0.160284, -0.896189,
		0.119461, -0.966311, -0.227973,
		-0.902538, -0.201374, 0.380622,
		27.044950, 35.000324, 37.386238>
	pigment { color rgbt <0,1,1,0> }
	no_shadow
}
cylinder {
	<27.347897, 34.725040, 36.641441>,  <27.676727, 35.141289, 37.119804>, 0.130000
	pigment { color rgbt <1,0,0,0> }
	no_shadow
}

// nucleotide -1

// particle -1
sphere {
	<27.347897, 34.725040, 36.641441> 0.250000
	pigment { color rgbt <1,0,0,0> }
	no_shadow
}
cylinder {
	<27.024731, 34.866028, 36.830349>,  <26.830832, 34.950619, 36.943695>, 0.100000
	pigment { color rgbt <1,0,0,0> }
	no_shadow
}
cylinder {
	<27.024731, 34.866028, 36.830349>,  <27.347897, 34.725040, 36.641441>, 0.100000
	pigment { color rgbt <1,0,0,0> }
	no_shadow
}

// particle -1
sphere {
	<27.024731, 34.866028, 36.830349> 0.100000
	pigment { color rgbt <1,0,0,0> }
	no_shadow
}
sphere {
	0, 1
	scale<0.080000,0.200000,0.300000>
	matrix <-0.432801, 0.189011, -0.881452,
		-0.399948, -0.916538, -0.000157,
		-0.807914, 0.352467, 0.472274,
		26.782356, 34.971767, 36.972031>
	pigment { color rgbt <0,1,1,0> }
	no_shadow
}
cylinder {
	<26.652891, 34.479229, 36.263935>,  <27.347897, 34.725040, 36.641441>, 0.130000
	pigment { color rgbt <1,0,0,0> }
	no_shadow
}

// nucleotide -1

// particle -1
sphere {
	<26.652891, 34.479229, 36.263935> 0.250000
	pigment { color rgbt <1,0,0,0> }
	no_shadow
}
cylinder {
	<26.589460, 34.821800, 36.460457>,  <26.551401, 35.027344, 36.578369>, 0.100000
	pigment { color rgbt <1,0,0,0> }
	no_shadow
}
cylinder {
	<26.589460, 34.821800, 36.460457>,  <26.652891, 34.479229, 36.263935>, 0.100000
	pigment { color rgbt <1,0,0,0> }
	no_shadow
}

// particle -1
sphere {
	<26.589460, 34.821800, 36.460457> 0.100000
	pigment { color rgbt <1,0,0,0> }
	no_shadow
}
sphere {
	0, 1
	scale<0.080000,0.200000,0.300000>
	matrix <-0.390714, 0.402554, -0.827824,
		-0.906750, -0.323236, 0.270783,
		-0.158578, 0.856428, 0.491308,
		26.541887, 35.078728, 36.607849>
	pigment { color rgbt <0,1,1,0> }
	no_shadow
}
cylinder {
	<26.048485, 34.886276, 36.025921>,  <26.652891, 34.479229, 36.263935>, 0.130000
	pigment { color rgbt <1,0,0,0> }
	no_shadow
}

// nucleotide -1

// particle -1
sphere {
	<26.048485, 34.886276, 36.025921> 0.250000
	pigment { color rgbt <1,0,0,0> }
	no_shadow
}
cylinder {
	<25.754961, 34.776230, 35.777458>,  <25.578846, 34.710201, 35.628380>, 0.100000
	pigment { color rgbt <1,0,0,0> }
	no_shadow
}
cylinder {
	<25.754961, 34.776230, 35.777458>,  <26.048485, 34.886276, 36.025921>, 0.100000
	pigment { color rgbt <1,0,0,0> }
	no_shadow
}

// particle -1
sphere {
	<25.754961, 34.776230, 35.777458> 0.100000
	pigment { color rgbt <1,0,0,0> }
	no_shadow
}
sphere {
	0, 1
	scale<0.080000,0.200000,0.300000>
	matrix <0.677039, -0.371596, -0.635244,
		-0.056055, -0.886696, 0.458943,
		-0.733809, -0.275114, -0.621157,
		25.534819, 34.693695, 35.591110>
	pigment { color rgbt <0,1,1,0> }
	no_shadow
}
cylinder {
	<25.447725, 34.719917, 36.456429>,  <26.048485, 34.886276, 36.025921>, 0.130000
	pigment { color rgbt <1,0,0,0> }
	no_shadow
}

// nucleotide -1

// particle -1
sphere {
	<25.447725, 34.719917, 36.456429> 0.250000
	pigment { color rgbt <1,0,0,0> }
	no_shadow
}
cylinder {
	<25.438057, 35.007030, 36.734768>,  <25.432257, 35.179298, 36.901772>, 0.100000
	pigment { color rgbt <1,0,0,0> }
	no_shadow
}
cylinder {
	<25.438057, 35.007030, 36.734768>,  <25.447725, 34.719917, 36.456429>, 0.100000
	pigment { color rgbt <1,0,0,0> }
	no_shadow
}

// particle -1
sphere {
	<25.438057, 35.007030, 36.734768> 0.100000
	pigment { color rgbt <1,0,0,0> }
	no_shadow
}
sphere {
	0, 1
	scale<0.080000,0.200000,0.300000>
	matrix <0.230277, 0.681327, -0.694814,
		-0.972825, 0.143444, -0.181757,
		-0.024169, 0.717786, 0.695844,
		25.430807, 35.222366, 36.943520>
	pigment { color rgbt <0,1,1,0> }
	no_shadow
}
cylinder {
	<24.900351, 35.235630, 36.358540>,  <25.447725, 34.719917, 36.456429>, 0.130000
	pigment { color rgbt <1,0,0,0> }
	no_shadow
}

// nucleotide -1

// particle -1
sphere {
	<24.900351, 35.235630, 36.358540> 0.250000
	pigment { color rgbt <1,0,0,0> }
	no_shadow
}
cylinder {
	<25.211409, 35.388443, 36.558270>,  <25.398043, 35.480133, 36.678108>, 0.100000
	pigment { color rgbt <1,0,0,0> }
	no_shadow
}
cylinder {
	<25.211409, 35.388443, 36.558270>,  <24.900351, 35.235630, 36.358540>, 0.100000
	pigment { color rgbt <1,0,0,0> }
	no_shadow
}

// particle -1
sphere {
	<25.211409, 35.388443, 36.558270> 0.100000
	pigment { color rgbt <1,0,0,0> }
	no_shadow
}
sphere {
	0, 1
	scale<0.080000,0.200000,0.300000>
	matrix <0.169518, 0.637379, -0.751673,
		-0.605421, 0.669177, 0.430891,
		0.777643, 0.382035, 0.499320,
		25.444702, 35.503052, 36.708065>
	pigment { color rgbt <0,1,1,0> }
	no_shadow
}
cylinder {
	<24.773312, 35.987045, 36.311005>,  <24.900351, 35.235630, 36.358540>, 0.130000
	pigment { color rgbt <1,0,0,0> }
	no_shadow
}

// nucleotide -1

// particle -1
sphere {
	<24.773312, 35.987045, 36.311005> 0.250000
	pigment { color rgbt <1,0,0,0> }
	no_shadow
}
cylinder {
	<25.158073, 35.881950, 36.341213>,  <25.388931, 35.818893, 36.359337>, 0.100000
	pigment { color rgbt <1,0,0,0> }
	no_shadow
}
cylinder {
	<25.158073, 35.881950, 36.341213>,  <24.773312, 35.987045, 36.311005>, 0.100000
	pigment { color rgbt <1,0,0,0> }
	no_shadow
}

// particle -1
sphere {
	<25.158073, 35.881950, 36.341213> 0.100000
	pigment { color rgbt <1,0,0,0> }
	no_shadow
}
sphere {
	0, 1
	scale<0.080000,0.200000,0.300000>
	matrix <0.242837, 0.694298, -0.677481,
		0.125567, 0.670013, 0.731653,
		0.961906, -0.262741, 0.075523,
		25.446646, 35.803127, 36.363869>
	pigment { color rgbt <0,1,1,0> }
	no_shadow
}
cylinder {
	<25.221149, 36.506393, 36.604748>,  <24.773312, 35.987045, 36.311005>, 0.130000
	pigment { color rgbt <1,0,0,0> }
	no_shadow
}

// nucleotide -1

// particle -1
sphere {
	<25.221149, 36.506393, 36.604748> 0.250000
	pigment { color rgbt <1,0,0,0> }
	no_shadow
}
cylinder {
	<25.418720, 36.275272, 36.344845>,  <25.537262, 36.136600, 36.188904>, 0.100000
	pigment { color rgbt <1,0,0,0> }
	no_shadow
}
cylinder {
	<25.418720, 36.275272, 36.344845>,  <25.221149, 36.506393, 36.604748>, 0.100000
	pigment { color rgbt <1,0,0,0> }
	no_shadow
}

// particle -1
sphere {
	<25.418720, 36.275272, 36.344845> 0.100000
	pigment { color rgbt <1,0,0,0> }
	no_shadow
}
sphere {
	0, 1
	scale<0.080000,0.200000,0.300000>
	matrix <-0.004807, 0.745445, -0.666549,
		0.869490, 0.332349, 0.365418,
		0.493926, -0.577802, -0.649755,
		25.566898, 36.101933, 36.149918>
	pigment { color rgbt <0,1,1,0> }
	no_shadow
}
cylinder {
	<25.714565, 36.954601, 36.306187>,  <25.221149, 36.506393, 36.604748>, 0.130000
	pigment { color rgbt <1,0,0,0> }
	no_shadow
}

// nucleotide -1

// particle -1
sphere {
	<25.714565, 36.954601, 36.306187> 0.250000
	pigment { color rgbt <1,0,0,0> }
	no_shadow
}
cylinder {
	<25.668066, 36.642399, 36.060490>,  <25.640167, 36.455078, 35.913071>, 0.100000
	pigment { color rgbt <1,0,0,0> }
	no_shadow
}
cylinder {
	<25.668066, 36.642399, 36.060490>,  <25.714565, 36.954601, 36.306187>, 0.100000
	pigment { color rgbt <1,0,0,0> }
	no_shadow
}

// particle -1
sphere {
	<25.668066, 36.642399, 36.060490> 0.100000
	pigment { color rgbt <1,0,0,0> }
	no_shadow
}
sphere {
	0, 1
	scale<0.080000,0.200000,0.300000>
	matrix <-0.134036, 0.625110, -0.768942,
		0.984135, -0.007057, -0.177283,
		-0.116247, -0.780505, -0.614246,
		25.633192, 36.408249, 35.876217>
	pigment { color rgbt <0,1,1,0> }
	no_shadow
}
cylinder {
	<26.077356, 37.049225, 35.696735>,  <25.714565, 36.954601, 36.306187>, 0.130000
	pigment { color rgbt <1,0,0,0> }
	no_shadow
}

// nucleotide -1

// particle -1
sphere {
	<26.077356, 37.049225, 35.696735> 0.250000
	pigment { color rgbt <1,0,0,0> }
	no_shadow
}
cylinder {
	<25.753649, 36.824257, 35.628887>,  <25.559425, 36.689278, 35.588177>, 0.100000
	pigment { color rgbt <1,0,0,0> }
	no_shadow
}
cylinder {
	<25.753649, 36.824257, 35.628887>,  <26.077356, 37.049225, 35.696735>, 0.100000
	pigment { color rgbt <1,0,0,0> }
	no_shadow
}

// particle -1
sphere {
	<25.753649, 36.824257, 35.628887> 0.100000
	pigment { color rgbt <1,0,0,0> }
	no_shadow
}
sphere {
	0, 1
	scale<0.080000,0.200000,0.300000>
	matrix <-0.305370, 0.649432, -0.696410,
		0.501832, -0.511784, -0.697310,
		-0.809267, -0.562418, -0.169622,
		25.510868, 36.655533, 35.577999>
	pigment { color rgbt <0,1,1,0> }
	no_shadow
}
cylinder {
	<25.958153, 36.828033, 34.888847>,  <26.077356, 37.049225, 35.696735>, 0.130000
	pigment { color rgbt <1,0,0,0> }
	no_shadow
}

// nucleotide -1

// particle -1
sphere {
	<25.958153, 36.828033, 34.888847> 0.250000
	pigment { color rgbt <1,0,0,0> }
	no_shadow
}
cylinder {
	<25.605072, 36.870949, 35.071854>,  <25.393223, 36.896698, 35.181660>, 0.100000
	pigment { color rgbt <1,0,0,0> }
	no_shadow
}
cylinder {
	<25.605072, 36.870949, 35.071854>,  <25.958153, 36.828033, 34.888847>, 0.100000
	pigment { color rgbt <1,0,0,0> }
	no_shadow
}

// particle -1
sphere {
	<25.605072, 36.870949, 35.071854> 0.100000
	pigment { color rgbt <1,0,0,0> }
	no_shadow
}
sphere {
	0, 1
	scale<0.080000,0.200000,0.300000>
	matrix <-0.254221, 0.709803, -0.656926,
		-0.395231, -0.696182, -0.599269,
		-0.882703, 0.107291, 0.457520,
		25.340261, 36.903137, 35.209110>
	pigment { color rgbt <0,1,1,0> }
	no_shadow
}
cylinder {
	<25.433998, 36.860165, 34.295094>,  <25.958153, 36.828033, 34.888847>, 0.130000
	pigment { color rgbt <1,0,0,0> }
	no_shadow
}

// nucleotide -1

// particle -1
sphere {
	<25.433998, 36.860165, 34.295094> 0.250000
	pigment { color rgbt <1,0,0,0> }
	no_shadow
}
cylinder {
	<25.267405, 37.053097, 34.603352>,  <25.167448, 37.168858, 34.788307>, 0.100000
	pigment { color rgbt <1,0,0,0> }
	no_shadow
}
cylinder {
	<25.267405, 37.053097, 34.603352>,  <25.433998, 36.860165, 34.295094>, 0.100000
	pigment { color rgbt <1,0,0,0> }
	no_shadow
}

// particle -1
sphere {
	<25.267405, 37.053097, 34.603352> 0.100000
	pigment { color rgbt <1,0,0,0> }
	no_shadow
}
sphere {
	0, 1
	scale<0.080000,0.200000,0.300000>
	matrix <-0.388451, 0.671983, -0.630511,
		-0.821977, -0.561958, -0.092509,
		-0.416485, 0.482330, 0.770647,
		25.142460, 37.197796, 34.834545>
	pigment { color rgbt <0,1,1,0> }
	no_shadow
}
cylinder {
	<24.969536, 37.371044, 34.043285>,  <25.433998, 36.860165, 34.295094>, 0.130000
	pigment { color rgbt <1,0,0,0> }
	no_shadow
}

// nucleotide -1

// particle -1
sphere {
	<24.969536, 37.371044, 34.043285> 0.250000
	pigment { color rgbt <1,0,0,0> }
	no_shadow
}
cylinder {
	<24.976894, 37.505493, 34.419941>,  <24.981310, 37.586163, 34.645935>, 0.100000
	pigment { color rgbt <1,0,0,0> }
	no_shadow
}
cylinder {
	<24.976894, 37.505493, 34.419941>,  <24.969536, 37.371044, 34.043285>, 0.100000
	pigment { color rgbt <1,0,0,0> }
	no_shadow
}

// particle -1
sphere {
	<24.976894, 37.505493, 34.419941> 0.100000
	pigment { color rgbt <1,0,0,0> }
	no_shadow
}
sphere {
	0, 1
	scale<0.080000,0.200000,0.300000>
	matrix <-0.282892, 0.905064, -0.317539,
		-0.958975, -0.260540, 0.111737,
		0.018398, 0.336121, 0.941639,
		24.982414, 37.606331, 34.702431>
	pigment { color rgbt <0,1,1,0> }
	no_shadow
}
cylinder {
	<25.131413, 37.558960, 33.338638>,  <24.969536, 37.371044, 34.043285>, 0.130000
	pigment { color rgbt <1,0,0,0> }
	no_shadow
}

// nucleotide -1

// particle -1
sphere {
	<25.131413, 37.558960, 33.338638> 0.250000
	pigment { color rgbt <1,0,0,0> }
	no_shadow
}
cylinder {
	<25.219484, 37.416645, 32.975334>,  <25.272327, 37.331257, 32.757351>, 0.100000
	pigment { color rgbt <1,0,0,0> }
	no_shadow
}
cylinder {
	<25.219484, 37.416645, 32.975334>,  <25.131413, 37.558960, 33.338638>, 0.100000
	pigment { color rgbt <1,0,0,0> }
	no_shadow
}

// particle -1
sphere {
	<25.219484, 37.416645, 32.975334> 0.100000
	pigment { color rgbt <1,0,0,0> }
	no_shadow
}
sphere {
	0, 1
	scale<0.080000,0.200000,0.300000>
	matrix <0.718241, 0.689162, -0.095844,
		0.660039, -0.631248, 0.407277,
		0.220178, -0.355784, -0.908262,
		25.285538, 37.309910, 32.702854>
	pigment { color rgbt <0,1,1,0> }
	no_shadow
}
cylinder {
	<25.792028, 37.431644, 33.360168>,  <25.131413, 37.558960, 33.338638>, 0.130000
	pigment { color rgbt <1,0,0,0> }
	no_shadow
}

// nucleotide -1

// particle -1
sphere {
	<25.792028, 37.431644, 33.360168> 0.250000
	pigment { color rgbt <1,0,0,0> }
	no_shadow
}
cylinder {
	<25.647663, 37.517452, 32.997131>,  <25.561045, 37.568935, 32.779308>, 0.100000
	pigment { color rgbt <1,0,0,0> }
	no_shadow
}
cylinder {
	<25.647663, 37.517452, 32.997131>,  <25.792028, 37.431644, 33.360168>, 0.100000
	pigment { color rgbt <1,0,0,0> }
	no_shadow
}

// particle -1
sphere {
	<25.647663, 37.517452, 32.997131> 0.100000
	pigment { color rgbt <1,0,0,0> }
	no_shadow
}
sphere {
	0, 1
	scale<0.080000,0.200000,0.300000>
	matrix <0.646486, 0.758959, -0.077692,
		0.672159, -0.614786, -0.412602,
		-0.360912, 0.214521, -0.907592,
		25.539389, 37.581810, 32.724854>
	pigment { color rgbt <0,1,1,0> }
	no_shadow
}
cylinder {
	<26.380108, 37.718353, 33.104488>,  <25.792028, 37.431644, 33.360168>, 0.130000
	pigment { color rgbt <1,0,0,0> }
	no_shadow
}

// nucleotide -1

// particle -1
sphere {
	<26.380108, 37.718353, 33.104488> 0.250000
	pigment { color rgbt <1,0,0,0> }
	no_shadow
}
cylinder {
	<26.081467, 37.807499, 32.853756>,  <25.902283, 37.860989, 32.703316>, 0.100000
	pigment { color rgbt <1,0,0,0> }
	no_shadow
}
cylinder {
	<26.081467, 37.807499, 32.853756>,  <26.380108, 37.718353, 33.104488>, 0.100000
	pigment { color rgbt <1,0,0,0> }
	no_shadow
}

// particle -1
sphere {
	<26.081467, 37.807499, 32.853756> 0.100000
	pigment { color rgbt <1,0,0,0> }
	no_shadow
}
sphere {
	0, 1
	scale<0.080000,0.200000,0.300000>
	matrix <0.450303, 0.862862, -0.229557,
		0.489708, -0.453651, -0.744572,
		-0.746601, 0.222867, -0.626831,
		25.857487, 37.874359, 32.665707>
	pigment { color rgbt <0,1,1,0> }
	no_shadow
}
cylinder {
	<26.625019, 37.800697, 32.369297>,  <26.380108, 37.718353, 33.104488>, 0.130000
	pigment { color rgbt <1,0,0,0> }
	no_shadow
}

// nucleotide -1

// particle -1
sphere {
	<26.625019, 37.800697, 32.369297> 0.250000
	pigment { color rgbt <1,0,0,0> }
	no_shadow
}
cylinder {
	<26.304457, 38.033451, 32.424652>,  <26.112118, 38.173103, 32.457867>, 0.100000
	pigment { color rgbt <1,0,0,0> }
	no_shadow
}
cylinder {
	<26.304457, 38.033451, 32.424652>,  <26.625019, 37.800697, 32.369297>, 0.100000
	pigment { color rgbt <1,0,0,0> }
	no_shadow
}

// particle -1
sphere {
	<26.304457, 38.033451, 32.424652> 0.100000
	pigment { color rgbt <1,0,0,0> }
	no_shadow
}
sphere {
	0, 1
	scale<0.080000,0.200000,0.300000>
	matrix <0.483337, 0.766334, -0.423222,
		-0.352321, -0.272285, -0.895394,
		-0.801408, 0.581887, 0.138390,
		26.064034, 38.208015, 32.466167>
	pigment { color rgbt <0,1,1,0> }
	no_shadow
}
cylinder {
	<26.235428, 38.112457, 31.737017>,  <26.625019, 37.800697, 32.369297>, 0.130000
	pigment { color rgbt <1,0,0,0> }
	no_shadow
}

// nucleotide -1

// particle -1
sphere {
	<26.235428, 38.112457, 31.737017> 0.250000
	pigment { color rgbt <1,0,0,0> }
	no_shadow
}
cylinder {
	<26.217403, 38.360756, 32.050102>,  <26.206589, 38.509735, 32.237953>, 0.100000
	pigment { color rgbt <1,0,0,0> }
	no_shadow
}
cylinder {
	<26.217403, 38.360756, 32.050102>,  <26.235428, 38.112457, 31.737017>, 0.100000
	pigment { color rgbt <1,0,0,0> }
	no_shadow
}

// particle -1
sphere {
	<26.217403, 38.360756, 32.050102> 0.100000
	pigment { color rgbt <1,0,0,0> }
	no_shadow
}
sphere {
	0, 1
	scale<0.080000,0.200000,0.300000>
	matrix <0.451914, 0.711424, -0.538191,
		-0.890923, 0.329470, -0.312580,
		-0.045060, 0.620746, 0.782716,
		26.203886, 38.546978, 32.284916>
	pigment { color rgbt <0,1,1,0> }
	no_shadow
}
cylinder {
	<25.860992, 38.778374, 31.668602>,  <26.235428, 38.112457, 31.737017>, 0.130000
	pigment { color rgbt <1,0,0,0> }
	no_shadow
}

// nucleotide -1

// particle -1
sphere {
	<25.860992, 38.778374, 31.668602> 0.250000
	pigment { color rgbt <1,0,0,0> }
	no_shadow
}
cylinder {
	<26.171743, 38.828362, 31.915451>,  <26.358194, 38.858353, 32.063560>, 0.100000
	pigment { color rgbt <1,0,0,0> }
	no_shadow
}
cylinder {
	<26.171743, 38.828362, 31.915451>,  <25.860992, 38.778374, 31.668602>, 0.100000
	pigment { color rgbt <1,0,0,0> }
	no_shadow
}

// particle -1
sphere {
	<26.171743, 38.828362, 31.915451> 0.100000
	pigment { color rgbt <1,0,0,0> }
	no_shadow
}
sphere {
	0, 1
	scale<0.080000,0.200000,0.300000>
	matrix <0.449556, 0.576153, -0.682603,
		-0.440861, 0.807732, 0.391422,
		0.776879, 0.124967, 0.617124,
		26.404808, 38.865852, 32.100590>
	pigment { color rgbt <0,1,1,0> }
	no_shadow
}
cylinder {
	<25.991884, 39.468597, 31.594578>,  <25.860992, 38.778374, 31.668602>, 0.130000
	pigment { color rgbt <1,0,0,0> }
	no_shadow
}

// nucleotide -1

// particle -1
sphere {
	<25.991884, 39.468597, 31.594578> 0.250000
	pigment { color rgbt <1,0,0,0> }
	no_shadow
}
cylinder {
	<26.317032, 39.265099, 31.708014>,  <26.512119, 39.142998, 31.776075>, 0.100000
	pigment { color rgbt <1,0,0,0> }
	no_shadow
}
cylinder {
	<26.317032, 39.265099, 31.708014>,  <25.991884, 39.468597, 31.594578>, 0.100000
	pigment { color rgbt <1,0,0,0> }
	no_shadow
}

// particle -1
sphere {
	<26.317032, 39.265099, 31.708014> 0.100000
	pigment { color rgbt <1,0,0,0> }
	no_shadow
}
sphere {
	0, 1
	scale<0.080000,0.200000,0.300000>
	matrix <0.510611, 0.388192, -0.767192,
		0.280221, 0.768428, 0.575321,
		0.812867, -0.508749, 0.283588,
		26.560892, 39.112473, 31.793091>
	pigment { color rgbt <0,1,1,0> }
	no_shadow
}
cylinder {
	<26.663794, 39.875099, 31.658680>,  <25.991884, 39.468597, 31.594578>, 0.130000
	pigment { color rgbt <1,0,0,0> }
	no_shadow
}

// nucleotide -1

// particle -1
sphere {
	<26.663794, 39.875099, 31.658680> 0.250000
	pigment { color rgbt <1,0,0,0> }
	no_shadow
}
cylinder {
	<26.759983, 39.497440, 31.568563>,  <26.817696, 39.270844, 31.514494>, 0.100000
	pigment { color rgbt <1,0,0,0> }
	no_shadow
}
cylinder {
	<26.759983, 39.497440, 31.568563>,  <26.663794, 39.875099, 31.658680>, 0.100000
	pigment { color rgbt <1,0,0,0> }
	no_shadow
}

// particle -1
sphere {
	<26.759983, 39.497440, 31.568563> 0.100000
	pigment { color rgbt <1,0,0,0> }
	no_shadow
}
sphere {
	0, 1
	scale<0.080000,0.200000,0.300000>
	matrix <0.550102, 0.323792, -0.769771,
		0.799726, 0.061174, 0.597240,
		0.240472, -0.944148, -0.225293,
		26.832125, 39.214195, 31.500975>
	pigment { color rgbt <0,1,1,0> }
	no_shadow
}
cylinder {
	<27.350674, 39.940197, 31.388710>,  <26.663794, 39.875099, 31.658680>, 0.130000
	pigment { color rgbt <1,0,0,0> }
	no_shadow
}

// nucleotide -1

// particle -1
sphere {
	<27.350674, 39.940197, 31.388710> 0.250000
	pigment { color rgbt <1,0,0,0> }
	no_shadow
}
cylinder {
	<27.268167, 39.564415, 31.279247>,  <27.218664, 39.338947, 31.213570>, 0.100000
	pigment { color rgbt <1,0,0,0> }
	no_shadow
}
cylinder {
	<27.268167, 39.564415, 31.279247>,  <27.350674, 39.940197, 31.388710>, 0.100000
	pigment { color rgbt <1,0,0,0> }
	no_shadow
}

// particle -1
sphere {
	<27.268167, 39.564415, 31.279247> 0.100000
	pigment { color rgbt <1,0,0,0> }
	no_shadow
}
sphere {
	0, 1
	scale<0.080000,0.200000,0.300000>
	matrix <0.868907, -0.047250, -0.492716,
		0.449952, -0.339411, 0.826041,
		-0.206263, -0.939451, -0.273656,
		27.206289, 39.282581, 31.197151>
	pigment { color rgbt <0,1,1,0> }
	no_shadow
}
cylinder {
	<27.644293, 40.053169, 30.617138>,  <27.350674, 39.940197, 31.388710>, 0.130000
	pigment { color rgbt <1,0,0,0> }
	no_shadow
}

// nucleotide -1

// particle -1
sphere {
	<27.644293, 40.053169, 30.617138> 0.250000
	pigment { color rgbt <1,0,0,0> }
	no_shadow
}
cylinder {
	<27.816227, 39.695614, 30.668045>,  <27.919388, 39.481079, 30.698589>, 0.100000
	pigment { color rgbt <1,0,0,0> }
	no_shadow
}
cylinder {
	<27.816227, 39.695614, 30.668045>,  <27.644293, 40.053169, 30.617138>, 0.100000
	pigment { color rgbt <1,0,0,0> }
	no_shadow
}

// particle -1
sphere {
	<27.816227, 39.695614, 30.668045> 0.100000
	pigment { color rgbt <1,0,0,0> }
	no_shadow
}
sphere {
	0, 1
	scale<0.080000,0.200000,0.300000>
	matrix <-0.775429, -0.293257, 0.559204,
		-0.462548, -0.339051, -0.819203,
		0.429836, -0.893893, 0.127265,
		27.945177, 39.427444, 30.706224>
	pigment { color rgbt <0,1,1,0> }
	no_shadow
}
cylinder {
	<27.153727, 39.446323, 30.538374>,  <27.644293, 40.053169, 30.617138>, 0.130000
	pigment { color rgbt <1,0,0,0> }
	no_shadow
}

// nucleotide -1

// particle -1
sphere {
	<27.153727, 39.446323, 30.538374> 0.250000
	pigment { color rgbt <1,0,0,0> }
	no_shadow
}
cylinder {
	<27.460114, 39.357014, 30.779520>,  <27.643946, 39.303429, 30.924208>, 0.100000
	pigment { color rgbt <1,0,0,0> }
	no_shadow
}
cylinder {
	<27.460114, 39.357014, 30.779520>,  <27.153727, 39.446323, 30.538374>, 0.100000
	pigment { color rgbt <1,0,0,0> }
	no_shadow
}

// particle -1
sphere {
	<27.460114, 39.357014, 30.779520> 0.100000
	pigment { color rgbt <1,0,0,0> }
	no_shadow
}
sphere {
	0, 1
	scale<0.080000,0.200000,0.300000>
	matrix <-0.642630, -0.239686, 0.727720,
		-0.017986, -0.944827, -0.327076,
		0.765965, -0.223278, 0.602863,
		27.689903, 39.290031, 30.960379>
	pigment { color rgbt <0,1,1,0> }
	no_shadow
}
cylinder {
	<27.238886, 38.669594, 30.808636>,  <27.153727, 39.446323, 30.538374>, 0.130000
	pigment { color rgbt <1,0,0,0> }
	no_shadow
}

// nucleotide -1

// particle -1
sphere {
	<27.238886, 38.669594, 30.808636> 0.250000
	pigment { color rgbt <1,0,0,0> }
	no_shadow
}
cylinder {
	<27.370310, 38.932396, 31.080046>,  <27.449163, 39.090076, 31.242891>, 0.100000
	pigment { color rgbt <1,0,0,0> }
	no_shadow
}
cylinder {
	<27.370310, 38.932396, 31.080046>,  <27.238886, 38.669594, 30.808636>, 0.100000
	pigment { color rgbt <1,0,0,0> }
	no_shadow
}

// particle -1
sphere {
	<27.370310, 38.932396, 31.080046> 0.100000
	pigment { color rgbt <1,0,0,0> }
	no_shadow
}
sphere {
	0, 1
	scale<0.080000,0.200000,0.300000>
	matrix <-0.696550, -0.316625, 0.643868,
