// switches for output
#declare DRAW_BASES = 1; // possible values are 0, 1; only relevant for DNA ribbons
#declare DRAW_BASES_TYPE = 3; // possible values are 1, 2, 3; only relevant for DNA ribbons
#declare DRAW_FOG = 0; // set to 1 to enable fog

#include "colors.inc"

#include "transforms.inc"
background { rgb <1, 1, 1>}

#default {
   normal{
       ripples 0.25
       frequency 0.20
       turbulence 0.2
       lambda 5
   }
	finish {
		phong 0.1
		phong_size 40.
	}
}

// original window dimensions: 1024x640


// camera settings

camera {
	sky <0, 0.179814, -0.983701>
	up <0, 0.179814, -0.983701>
	right 1.6 * <1, 0, 0>
	location <35, 94.9851, 44.8844>
	look_at <35, 29.7336, 32.9568>
	direction <0, -65.2515, -11.9276>
	angle 67.0682
}


# declare cpy_camera_pos = <35, 94.9851, 44.8844>;
# if (DRAW_FOG = 1)
fog {
	fog_type 2
	up vnormalize(cpy_camera_pos)
	color rgbt<1,1,1,0.3>
	distance 1e-5
	fog_alt 3e-3
	fog_offset 56
}
# end


// LIGHTS

# declare lum = 6;
global_settings {
	ambient_light rgb lum * <0.05, 0.05, 0.05>
	max_trace_level 15
}# declare cpy_direct_light_amount = 0.25;
light_source
{	1000 * <-1, -1.16352, -0.803886>,
	rgb lum * cpy_direct_light_amount
	parallel
}

light_source
{	1000 * <1, 1.16352, 0.803886>,
	rgb lum * cpy_direct_light_amount
	parallel
}

// strand 0

// nucleotide -1

// particle -1
sphere {
	<24.597433, 34.255302, 35.062279> 0.250000
	pigment { color rgbt <1,0,0,0> }
	no_shadow
}
cylinder {
	<24.523615, 34.647053, 35.095200>,  <24.479324, 34.882103, 35.114952>, 0.100000
	pigment { color rgbt <1,0,0,0> }
	no_shadow
}
cylinder {
	<24.523615, 34.647053, 35.095200>,  <24.597433, 34.255302, 35.062279>, 0.100000
	pigment { color rgbt <1,0,0,0> }
	no_shadow
}

// particle -1
sphere {
	<24.523615, 34.647053, 35.095200> 0.100000
	pigment { color rgbt <1,0,0,0> }
	no_shadow
}
sphere {
	0, 1
	scale<0.080000,0.200000,0.300000>
	matrix <0.745741, 0.194083, -0.637341,
		-0.640167, -0.056240, -0.766174,
		-0.184545, 0.979372, 0.082305,
		24.468252, 34.940865, 35.119892>
	pigment { color rgbt <0,1,1,0> }
	no_shadow
}
cylinder {
	<24.505117, 34.531250, 34.404213>,  <24.597433, 34.255302, 35.062279>, 0.130000
	pigment { color rgbt <1,0,0,0> }
	no_shadow
}

// nucleotide -1

// particle -1
sphere {
	<24.505117, 34.531250, 34.404213> 0.250000
	pigment { color rgbt <1,0,0,0> }
	no_shadow
}
cylinder {
	<24.645424, 34.822941, 34.639225>,  <24.729609, 34.997955, 34.780231>, 0.100000
	pigment { color rgbt <1,0,0,0> }
	no_shadow
}
cylinder {
	<24.645424, 34.822941, 34.639225>,  <24.505117, 34.531250, 34.404213>, 0.100000
	pigment { color rgbt <1,0,0,0> }
	no_shadow
}

// particle -1
sphere {
	<24.645424, 34.822941, 34.639225> 0.100000
	pigment { color rgbt <1,0,0,0> }
	no_shadow
}
sphere {
	0, 1
	scale<0.080000,0.200000,0.300000>
	matrix <0.710070, 0.201934, -0.674554,
		-0.610544, 0.653801, -0.446969,
		0.350766, 0.729224, 0.587534,
		24.750654, 35.041710, 34.815487>
	pigment { color rgbt <0,1,1,0> }
	no_shadow
}
cylinder {
	<24.534702, 35.384598, 34.251427>,  <24.505117, 34.531250, 34.404213>, 0.130000
	pigment { color rgbt <1,0,0,0> }
	no_shadow
}

// nucleotide -1

// particle -1
sphere {
	<24.534702, 35.384598, 34.251427> 0.250000
	pigment { color rgbt <1,0,0,0> }
	no_shadow
}
cylinder {
	<24.843611, 35.250698, 34.467403>,  <25.028955, 35.170357, 34.596989>, 0.100000
	pigment { color rgbt <1,0,0,0> }
	no_shadow
}
cylinder {
	<24.843611, 35.250698, 34.467403>,  <24.534702, 35.384598, 34.251427>, 0.100000
	pigment { color rgbt <1,0,0,0> }
	no_shadow
}

// particle -1
sphere {
	<24.843611, 35.250698, 34.467403> 0.100000
	pigment { color rgbt <1,0,0,0> }
	no_shadow
}
sphere {
	0, 1
	scale<0.080000,0.200000,0.300000>
	matrix <0.631912, 0.317210, -0.707152,
		0.065444, 0.887310, 0.456505,
		0.772272, -0.334750, 0.539943,
		25.075293, 35.150272, 34.629387>
	pigment { color rgbt <0,1,1,0> }
	no_shadow
}
cylinder {
	<25.034142, 35.975227, 34.246254>,  <24.534702, 35.384598, 34.251427>, 0.130000
	pigment { color rgbt <1,0,0,0> }
	no_shadow
}

// nucleotide -1

// particle -1
sphere {
	<25.034142, 35.975227, 34.246254> 0.250000
	pigment { color rgbt <1,0,0,0> }
	no_shadow
}
cylinder {
	<25.251823, 35.651028, 34.332912>,  <25.382433, 35.456509, 34.384907>, 0.100000
	pigment { color rgbt <1,0,0,0> }
	no_shadow
}
cylinder {
	<25.251823, 35.651028, 34.332912>,  <25.034142, 35.975227, 34.246254>, 0.100000
	pigment { color rgbt <1,0,0,0> }
	no_shadow
}

// particle -1
sphere {
	<25.251823, 35.651028, 34.332912> 0.100000
	pigment { color rgbt <1,0,0,0> }
	no_shadow
}
sphere {
	0, 1
	scale<0.080000,0.200000,0.300000>
	matrix <0.615539, 0.210281, -0.759535,
		0.570046, 0.546694, 0.613329,
		0.544205, -0.810498, 0.216641,
		25.415085, 35.407879, 34.397903>
	pigment { color rgbt <0,1,1,0> }
	no_shadow
}
cylinder {
	<25.627523, 36.208233, 34.219887>,  <25.034142, 35.975227, 34.246254>, 0.130000
	pigment { color rgbt <1,0,0,0> }
	no_shadow
}

// nucleotide -1

// particle -1
sphere {
	<25.627523, 36.208233, 34.219887> 0.250000
	pigment { color rgbt <1,0,0,0> }
	no_shadow
}
cylinder {
	<25.672550, 35.813099, 34.176960>,  <25.699566, 35.576019, 34.151203>, 0.100000
	pigment { color rgbt <1,0,0,0> }
	no_shadow
}
cylinder {
	<25.672550, 35.813099, 34.176960>,  <25.627523, 36.208233, 34.219887>, 0.100000
	pigment { color rgbt <1,0,0,0> }
	no_shadow
}

// particle -1
sphere {
	<25.672550, 35.813099, 34.176960> 0.100000
	pigment { color rgbt <1,0,0,0> }
	no_shadow
}
sphere {
	0, 1
	scale<0.080000,0.200000,0.300000>
	matrix <0.741003, 0.155408, -0.653272,
		0.662000, -0.005984, 0.749480,
		0.112566, -0.987832, -0.107314,
		25.706320, 35.516750, 34.144764>
	pigment { color rgbt <0,1,1,0> }
	no_shadow
}
cylinder {
	<26.380348, 35.950806, 34.430977>,  <25.627523, 36.208233, 34.219887>, 0.130000
	pigment { color rgbt <1,0,0,0> }
	no_shadow
}

// nucleotide -1

// particle -1
sphere {
	<26.380348, 35.950806, 34.430977> 0.250000
	pigment { color rgbt <1,0,0,0> }
	no_shadow
}
cylinder {
	<26.248257, 35.700069, 34.148693>,  <26.169003, 35.549629, 33.979324>, 0.100000
	pigment { color rgbt <1,0,0,0> }
	no_shadow
}
cylinder {
	<26.248257, 35.700069, 34.148693>,  <26.380348, 35.950806, 34.430977>, 0.100000
	pigment { color rgbt <1,0,0,0> }
	no_shadow
}

// particle -1
sphere {
	<26.248257, 35.700069, 34.148693> 0.100000
	pigment { color rgbt <1,0,0,0> }
	no_shadow
}
sphere {
	0, 1
	scale<0.080000,0.200000,0.300000>
	matrix <0.764068, 0.261461, -0.589778,
		0.554210, -0.733969, 0.392606,
		-0.330228, -0.626839, -0.705707,
		26.149189, 35.512016, 33.936981>
	pigment { color rgbt <0,1,1,0> }
	no_shadow
}
cylinder {
	<27.015409, 35.484741, 34.194038>,  <26.380348, 35.950806, 34.430977>, 0.130000
	pigment { color rgbt <1,0,0,0> }
	no_shadow
}

// nucleotide -1

// particle -1
sphere {
	<27.015409, 35.484741, 34.194038> 0.250000
	pigment { color rgbt <1,0,0,0> }
	no_shadow
}
cylinder {
	<26.734800, 35.538052, 33.914009>,  <26.566435, 35.570038, 33.745991>, 0.100000
	pigment { color rgbt <1,0,0,0> }
	no_shadow
}
cylinder {
	<26.734800, 35.538052, 33.914009>,  <27.015409, 35.484741, 34.194038>, 0.100000
	pigment { color rgbt <1,0,0,0> }
	no_shadow
}

// particle -1
sphere {
	<26.734800, 35.538052, 33.914009> 0.100000
	pigment { color rgbt <1,0,0,0> }
	no_shadow
}
sphere {
	0, 1
	scale<0.080000,0.200000,0.300000>
	matrix <0.692732, 0.358147, -0.625982,
		0.167298, -0.924104, -0.343576,
		-0.701523, 0.133280, -0.700073,
		26.524343, 35.578037, 33.703987>
	pigment { color rgbt <0,1,1,0> }
	no_shadow
}
cylinder {
	<27.321493, 35.199242, 33.584801>,  <27.015409, 35.484741, 34.194038>, 0.130000
	pigment { color rgbt <1,0,0,0> }
	no_shadow
}

// nucleotide -1

// particle -1
sphere {
	<27.321493, 35.199242, 33.584801> 0.250000
	pigment { color rgbt <1,0,0,0> }
	no_shadow
}
cylinder {
	<27.065010, 35.495850, 33.505806>,  <26.911119, 35.673813, 33.458408>, 0.100000
	pigment { color rgbt <1,0,0,0> }
	no_shadow
}
cylinder {
	<27.065010, 35.495850, 33.505806>,  <27.321493, 35.199242, 33.584801>, 0.100000
	pigment { color rgbt <1,0,0,0> }
	no_shadow
}

// particle -1
sphere {
	<27.065010, 35.495850, 33.505806> 0.100000
	pigment { color rgbt <1,0,0,0> }
	no_shadow
}
sphere {
	0, 1
	scale<0.080000,0.200000,0.300000>
	matrix <0.693676, 0.450060, -0.562370,
		-0.328126, -0.497590, -0.802956,
		-0.641208, 0.741519, -0.197490,
		26.872648, 35.718304, 33.446560>
	pigment { color rgbt <0,1,1,0> }
	no_shadow
}
cylinder {
	<27.370140, 35.273273, 32.866840>,  <27.321493, 35.199242, 33.584801>, 0.130000
	pigment { color rgbt <1,0,0,0> }
	no_shadow
}

// nucleotide -1

// particle -1
sphere {
	<27.370140, 35.273273, 32.866840> 0.250000
	pigment { color rgbt <1,0,0,0> }
	no_shadow
}
cylinder {
	<27.250217, 35.617950, 33.030594>,  <27.178263, 35.824757, 33.128845>, 0.100000
	pigment { color rgbt <1,0,0,0> }
	no_shadow
}
cylinder {
	<27.250217, 35.617950, 33.030594>,  <27.370140, 35.273273, 32.866840>, 0.100000
	pigment { color rgbt <1,0,0,0> }
	no_shadow
}

// particle -1
sphere {
	<27.250217, 35.617950, 33.030594> 0.100000
	pigment { color rgbt <1,0,0,0> }
	no_shadow
}
sphere {
	0, 1
	scale<0.080000,0.200000,0.300000>
	matrix <0.838374, 0.442755, -0.317959,
		-0.455241, 0.247892, -0.855164,
		-0.299808, 0.861695, 0.409387,
		27.160275, 35.876457, 33.153408>
	pigment { color rgbt <0,1,1,0> }
	no_shadow
}
cylinder {
	<27.341702, 35.878902, 32.376156>,  <27.370140, 35.273273, 32.866840>, 0.130000
	pigment { color rgbt <1,0,0,0> }
	no_shadow
}

// nucleotide -1

// particle -1
sphere {
	<27.341702, 35.878902, 32.376156> 0.250000
	pigment { color rgbt <1,0,0,0> }
	no_shadow
}
cylinder {
	<27.372881, 36.055988, 32.733463>,  <27.391588, 36.162239, 32.947845>, 0.100000
	pigment { color rgbt <1,0,0,0> }
	no_shadow
}
cylinder {
	<27.372881, 36.055988, 32.733463>,  <27.341702, 35.878902, 32.376156>, 0.100000
	pigment { color rgbt <1,0,0,0> }
	no_shadow
}

// particle -1
sphere {
	<27.372881, 36.055988, 32.733463> 0.100000
	pigment { color rgbt <1,0,0,0> }
	no_shadow
}
sphere {
	0, 1
	scale<0.080000,0.200000,0.300000>
	matrix <0.781956, 0.528661, -0.330246,
		-0.618441, 0.724237, -0.304979,
		0.077947, 0.442718, 0.893267,
		27.396265, 36.188805, 33.001442>
	pigment { color rgbt <0,1,1,0> }
	no_shadow
}
cylinder {
	<27.396141, 36.557419, 32.346916>,  <27.341702, 35.878902, 32.376156>, 0.130000
	pigment { color rgbt <1,0,0,0> }
	no_shadow
}

// nucleotide -1

// particle -1
sphere {
	<27.396141, 36.557419, 32.346916> 0.250000
	pigment { color rgbt <1,0,0,0> }
	no_shadow
}
cylinder {
	<27.597466, 36.507137, 32.688881>,  <27.718260, 36.476971, 32.894058>, 0.100000
	pigment { color rgbt <1,0,0,0> }
	no_shadow
}
cylinder {
	<27.597466, 36.507137, 32.688881>,  <27.396141, 36.557419, 32.346916>, 0.100000
	pigment { color rgbt <1,0,0,0> }
	no_shadow
}

// particle -1
sphere {
	<27.597466, 36.507137, 32.688881> 0.100000
	pigment { color rgbt <1,0,0,0> }
	no_shadow
}
sphere {
	0, 1
	scale<0.080000,0.200000,0.300000>
	matrix <0.765329, 0.524184, -0.373500,
		-0.401182, 0.842277, 0.360031,
		0.503313, -0.125701, 0.854912,
		27.748459, 36.469425, 32.945354>
	pigment { color rgbt <0,1,1,0> }
	no_shadow
}
cylinder {
	<27.632828, 37.245232, 32.548622>,  <27.396141, 36.557419, 32.346916>, 0.130000
	pigment { color rgbt <1,0,0,0> }
	no_shadow
}

// nucleotide -1

// particle -1
sphere {
	<27.632828, 37.245232, 32.548622> 0.250000
	pigment { color rgbt <1,0,0,0> }
	no_shadow
}
cylinder {
	<27.860971, 36.956348, 32.705139>,  <27.997858, 36.783020, 32.799049>, 0.100000
	pigment { color rgbt <1,0,0,0> }
	no_shadow
}
cylinder {
	<27.860971, 36.956348, 32.705139>,  <27.632828, 37.245232, 32.548622>, 0.100000
	pigment { color rgbt <1,0,0,0> }
	no_shadow
}

// particle -1
sphere {
	<27.860971, 36.956348, 32.705139> 0.100000
	pigment { color rgbt <1,0,0,0> }
	no_shadow
}
sphere {
	0, 1
	scale<0.080000,0.200000,0.300000>
	matrix <0.812920, 0.428061, -0.394874,
		0.117684, 0.543308, 0.831244,
		0.570361, -0.722205, 0.391290,
		28.032080, 36.739685, 32.822525>
	pigment { color rgbt <0,1,1,0> }
	no_shadow
}
cylinder {
	<28.243946, 36.960308, 32.128899>,  <27.632828, 37.245232, 32.548622>, 0.130000
	pigment { color rgbt <1,0,0,0> }
	no_shadow
}

// nucleotide -1

// particle -1
sphere {
	<28.243946, 36.960308, 32.128899> 0.250000
	pigment { color rgbt <1,0,0,0> }
	no_shadow
}
cylinder {
	<28.630623, 36.990402, 32.226753>,  <28.862629, 37.008457, 32.285465>, 0.100000
	pigment { color rgbt <1,0,0,0> }
	no_shadow
}
cylinder {
	<28.630623, 36.990402, 32.226753>,  <28.243946, 36.960308, 32.128899>, 0.100000
	pigment { color rgbt <1,0,0,0> }
	no_shadow
}

// particle -1
sphere {
	<28.630623, 36.990402, 32.226753> 0.100000
	pigment { color rgbt <1,0,0,0> }
	no_shadow
}
sphere {
	0, 1
	scale<0.080000,0.200000,0.300000>
	matrix <0.092438, 0.788666, -0.607834,
		-0.238664, 0.610202, 0.755443,
		0.966693, 0.075236, 0.244632,
		28.920631, 37.012974, 32.300144>
	pigment { color rgbt <0,1,1,0> }
	no_shadow
}
cylinder {
	<28.592651, 36.354603, 31.987797>,  <28.243946, 36.960308, 32.128899>, 0.130000
	pigment { color rgbt <1,0,0,0> }
	no_shadow
}

// nucleotide -1

// particle -1
sphere {
	<28.592651, 36.354603, 31.987797> 0.250000
	pigment { color rgbt <1,0,0,0> }
	no_shadow
}
cylinder {
	<28.969376, 36.232449, 32.043987>,  <29.195410, 36.159157, 32.077702>, 0.100000
	pigment { color rgbt <1,0,0,0> }
	no_shadow
}
cylinder {
	<28.969376, 36.232449, 32.043987>,  <28.592651, 36.354603, 31.987797>, 0.100000
	pigment { color rgbt <1,0,0,0> }
	no_shadow
}

// particle -1
sphere {
	<28.969376, 36.232449, 32.043987> 0.100000
	pigment { color rgbt <1,0,0,0> }
	no_shadow
}
sphere {
	0, 1
	scale<0.080000,0.200000,0.300000>
	matrix <-0.003070, 0.410065, 0.912051,
		-0.336135, -0.859409, 0.385266,
		0.941809, -0.305389, 0.140476,
		29.251919, 36.140831, 32.086128>
	pigment { color rgbt <0,1,1,0> }
	no_shadow
}
cylinder {
	<28.690210, 36.253544, 32.737820>,  <28.592651, 36.354603, 31.987797>, 0.130000
	pigment { color rgbt <1,0,0,0> }
	no_shadow
}

// nucleotide -1

// particle -1
sphere {
	<28.690210, 36.253544, 32.737820> 0.250000
	pigment { color rgbt <1,0,0,0> }
	no_shadow
}
cylinder {
	<28.629692, 36.583862, 32.955135>,  <28.593382, 36.782055, 33.085526>, 0.100000
	pigment { color rgbt <1,0,0,0> }
	no_shadow
}
cylinder {
	<28.629692, 36.583862, 32.955135>,  <28.690210, 36.253544, 32.737820>, 0.100000
	pigment { color rgbt <1,0,0,0> }
	no_shadow
}

// particle -1
sphere {
	<28.629692, 36.583862, 32.955135> 0.100000
	pigment { color rgbt <1,0,0,0> }
	no_shadow
}
sphere {
	0, 1
	scale<0.080000,0.200000,0.300000>
	matrix <-0.640980, -0.500362, 0.582050,
		0.752499, -0.260175, 0.605024,
		-0.151296, 0.825801, 0.543289,
		28.584303, 36.831604, 33.118122>
	pigment { color rgbt <0,1,1,0> }
	no_shadow
}
cylinder {
	<28.744934, 36.151501, 33.562588>,  <28.690210, 36.253544, 32.737820>, 0.130000
	pigment { color rgbt <1,0,0,0> }
	no_shadow
}

// nucleotide -1

// particle -1
sphere {
	<28.744934, 36.151501, 33.562588> 0.250000
	pigment { color rgbt <1,0,0,0> }
	no_shadow
}
cylinder {
	<28.506947, 36.443447, 33.427940>,  <28.364155, 36.618614, 33.347153>, 0.100000
	pigment { color rgbt <1,0,0,0> }
	no_shadow
}
cylinder {
	<28.506947, 36.443447, 33.427940>,  <28.744934, 36.151501, 33.562588>, 0.100000
	pigment { color rgbt <1,0,0,0> }
	no_shadow
}

// particle -1
sphere {
	<28.506947, 36.443447, 33.427940> 0.100000
	pigment { color rgbt <1,0,0,0> }
	no_shadow
}
sphere {
	0, 1
	scale<0.080000,0.200000,0.300000>
	matrix <-0.728263, -0.312332, 0.609985,
		0.340069, 0.608069, 0.717360,
		-0.594968, 0.729863, -0.336619,
		28.328457, 36.662407, 33.326954>
	pigment { color rgbt <0,1,1,0> }
	no_shadow
}
cylinder {
	<28.224966, 36.365261, 34.134968>,  <28.744934, 36.151501, 33.562588>, 0.130000
	pigment { color rgbt <1,0,0,0> }
	no_shadow
}

// nucleotide -1

// particle -1
sphere {
	<28.224966, 36.365261, 34.134968> 0.250000
	pigment { color rgbt <1,0,0,0> }
	no_shadow
}
cylinder {
	<28.082848, 36.402565, 33.762932>,  <27.997576, 36.424946, 33.539711>, 0.100000
	pigment { color rgbt <1,0,0,0> }
	no_shadow
}
cylinder {
	<28.082848, 36.402565, 33.762932>,  <28.224966, 36.365261, 34.134968>, 0.100000
	pigment { color rgbt <1,0,0,0> }
	no_shadow
}

// particle -1
sphere {
	<28.082848, 36.402565, 33.762932> 0.100000
	pigment { color rgbt <1,0,0,0> }
	no_shadow
}
sphere {
	0, 1
	scale<0.080000,0.200000,0.300000>
	matrix <-0.897698, -0.311420, 0.311699,
		-0.260581, 0.945686, 0.194363,
		-0.355298, 0.093257, -0.930090,
		27.976259, 36.430542, 33.483906>
	pigment { color rgbt <0,1,1,0> }
	no_shadow
}
cylinder {
	<27.530920, 36.748337, 34.185459>,  <28.224966, 36.365261, 34.134968>, 0.130000
	pigment { color rgbt <1,0,0,0> }
	no_shadow
}

// nucleotide -1

// particle -1
sphere {
	<27.530920, 36.748337, 34.185459> 0.250000
	pigment { color rgbt <1,0,0,0> }
	no_shadow
}
cylinder {
	<27.496246, 36.570770, 33.828712>,  <27.475443, 36.464230, 33.614666>, 0.100000
	pigment { color rgbt <1,0,0,0> }
	no_shadow
}
cylinder {
	<27.496246, 36.570770, 33.828712>,  <27.530920, 36.748337, 34.185459>, 0.100000
	pigment { color rgbt <1,0,0,0> }
	no_shadow
}

// particle -1
sphere {
	<27.496246, 36.570770, 33.828712> 0.100000
	pigment { color rgbt <1,0,0,0> }
	no_shadow
}
sphere {
	0, 1
	scale<0.080000,0.200000,0.300000>
	matrix <-0.956176, -0.214241, 0.199569,
		-0.279666, 0.870081, -0.405889,
		-0.086683, -0.443914, -0.891866,
		27.470242, 36.437595, 33.561153>
	pigment { color rgbt <0,1,1,0> }
	no_shadow
}
cylinder {
	<26.813284, 36.938366, 33.899422>,  <27.530920, 36.748337, 34.185459>, 0.130000
	pigment { color rgbt <1,0,0,0> }
	no_shadow
}

// nucleotide -1

// particle -1
sphere {
	<26.813284, 36.938366, 33.899422> 0.250000
	pigment { color rgbt <1,0,0,0> }
	no_shadow
}
cylinder {
	<26.914715, 36.627857, 33.668560>,  <26.975573, 36.441551, 33.530045>, 0.100000
	pigment { color rgbt <1,0,0,0> }
	no_shadow
}
cylinder {
	<26.914715, 36.627857, 33.668560>,  <26.813284, 36.938366, 33.899422>, 0.100000
	pigment { color rgbt <1,0,0,0> }
	no_shadow
}

// particle -1
sphere {
	<26.914715, 36.627857, 33.668560> 0.100000
	pigment { color rgbt <1,0,0,0> }
	no_shadow
}
sphere {
	0, 1
	scale<0.080000,0.200000,0.300000>
	matrix <-0.946473, -0.322301, 0.017656,
		-0.199723, 0.541780, -0.816447,
		0.253576, -0.776271, -0.577151,
		26.990788, 36.394978, 33.495415>
	pigment { color rgbt <0,1,1,0> }
	no_shadow
}
cylinder {
	<26.320267, 36.849831, 33.301285>,  <26.813284, 36.938366, 33.899422>, 0.130000
	pigment { color rgbt <1,0,0,0> }
	no_shadow
}

// nucleotide -1

// particle -1
sphere {
	<26.320267, 36.849831, 33.301285> 0.250000
	pigment { color rgbt <1,0,0,0> }
	no_shadow
}
cylinder {
	<26.476875, 36.487148, 33.364025>,  <26.570841, 36.269539, 33.401669>, 0.100000
	pigment { color rgbt <1,0,0,0> }
	no_shadow
}
cylinder {
	<26.476875, 36.487148, 33.364025>,  <26.320267, 36.849831, 33.301285>, 0.100000
	pigment { color rgbt <1,0,0,0> }
	no_shadow
}

// particle -1
sphere {
	<26.476875, 36.487148, 33.364025> 0.100000
	pigment { color rgbt <1,0,0,0> }
	no_shadow
}
sphere {
	0, 1
	scale<0.080000,0.200000,0.300000>
	matrix <-0.910632, -0.406271, -0.075453,
		0.132139, -0.113296, -0.984735,
		0.391521, -0.906702, 0.156855,
		26.594332, 36.215137, 33.411083>
	pigment { color rgbt <0,1,1,0> }
	no_shadow
}
cylinder {
	<25.951918, 36.136631, 33.031380>,  <26.320267, 36.849831, 33.301285>, 0.130000
	pigment { color rgbt <1,0,0,0> }
	no_shadow
}

// nucleotide -1

// particle -1
sphere {
	<25.951918, 36.136631, 33.031380> 0.250000
	pigment { color rgbt <1,0,0,0> }
	no_shadow
}
cylinder {
	<26.232689, 35.852230, 33.048199>,  <26.401152, 35.681587, 33.058292>, 0.100000
	pigment { color rgbt <1,0,0,0> }
	no_shadow
}
cylinder {
	<26.232689, 35.852230, 33.048199>,  <25.951918, 36.136631, 33.031380>, 0.100000
	pigment { color rgbt <1,0,0,0> }
	no_shadow
}

// particle -1
sphere {
	<26.232689, 35.852230, 33.048199> 0.100000
	pigment { color rgbt <1,0,0,0> }
	no_shadow
}
sphere {
	0, 1
	scale<0.080000,0.200000,0.300000>
	matrix <-0.447935, -0.394772, 0.802190,
		-0.553762, -0.581915, -0.595586,
		0.701928, -0.711006, 0.042050,
		26.443268, 35.638927, 33.060814>
	pigment { color rgbt <0,1,1,0> }
	no_shadow
}
cylinder {
	<25.653275, 35.524536, 32.789089>,  <25.951918, 36.136631, 33.031380>, 0.130000
	pigment { color rgbt <1,0,0,0> }
	no_shadow
}

// nucleotide -1

// particle -1
sphere {
	<25.653275, 35.524536, 32.789089> 0.250000
	pigment { color rgbt <1,0,0,0> }
	no_shadow
}
cylinder {
	<25.952806, 35.502949, 33.053314>,  <26.132526, 35.489998, 33.211849>, 0.100000
	pigment { color rgbt <1,0,0,0> }
	no_shadow
}
cylinder {
	<25.952806, 35.502949, 33.053314>,  <25.653275, 35.524536, 32.789089>, 0.100000
	pigment { color rgbt <1,0,0,0> }
	no_shadow
}

// particle -1
sphere {
	<25.952806, 35.502949, 33.053314> 0.100000
	pigment { color rgbt <1,0,0,0> }
	no_shadow
}
sphere {
	0, 1
	scale<0.080000,0.200000,0.300000>
	matrix <-0.616679, -0.421888, 0.664618,
		0.242814, -0.905040, -0.349204,
		0.748831, -0.053969, 0.660560,
		26.177456, 35.486759, 33.251484>
	pigment { color rgbt <0,1,1,0> }
	no_shadow
}
cylinder {
	<25.682110, 34.835384, 32.961815>,  <25.653275, 35.524536, 32.789089>, 0.130000
	pigment { color rgbt <1,0,0,0> }
	no_shadow
}

// nucleotide -1

// particle -1
sphere {
	<25.682110, 34.835384, 32.961815> 0.250000
	pigment { color rgbt <1,0,0,0> }
	no_shadow
}
cylinder {
	<25.829809, 35.066917, 33.252636>,  <25.918428, 35.205837, 33.427128>, 0.100000
	pigment { color rgbt <1,0,0,0> }
	no_shadow
}
cylinder {
	<25.829809, 35.066917, 33.252636>,  <25.682110, 34.835384, 32.961815>, 0.100000
	pigment { color rgbt <1,0,0,0> }
	no_shadow
}

// particle -1
sphere {
	<25.829809, 35.066917, 33.252636> 0.100000
	pigment { color rgbt <1,0,0,0> }
	no_shadow
}
sphere {
	0, 1
	scale<0.080000,0.200000,0.300000>
	matrix <-0.522111, -0.517992, 0.677557,
		0.768802, -0.629788, 0.110950,
		0.369246, 0.578836, 0.727053,
		25.940582, 35.240570, 33.470753>
	pigment { color rgbt <0,1,1,0> }
	no_shadow
}
cylinder {
	<25.413050, 34.349979, 33.462570>,  <25.682110, 34.835384, 32.961815>, 0.130000
	pigment { color rgbt <1,0,0,0> }
	no_shadow
}

// nucleotide -1

// particle -1
sphere {
	<25.413050, 34.349979, 33.462570> 0.250000
	pigment { color rgbt <1,0,0,0> }
	no_shadow
}
cylinder {
	<25.606224, 34.651707, 33.640457>,  <25.722130, 34.832745, 33.747189>, 0.100000
	pigment { color rgbt <1,0,0,0> }
	no_shadow
}
cylinder {
	<25.606224, 34.651707, 33.640457>,  <25.413050, 34.349979, 33.462570>, 0.100000
	pigment { color rgbt <1,0,0,0> }
	no_shadow
}

// particle -1
sphere {
	<25.606224, 34.651707, 33.640457> 0.100000
	pigment { color rgbt <1,0,0,0> }
	no_shadow
}
sphere {
	0, 1
	scale<0.080000,0.200000,0.300000>
	matrix <-0.440715, -0.229476, 0.867819,
		0.756665, -0.615097, 0.221617,
		0.482938, 0.754318, 0.444719,
		25.751106, 34.878002, 33.773872>
	pigment { color rgbt <0,1,1,0> }
	no_shadow
}
cylinder {
	<25.825056, 34.141121, 34.157940>,  <25.413050, 34.349979, 33.462570>, 0.130000
	pigment { color rgbt <1,0,0,0> }
	no_shadow
}

// nucleotide -1

// particle -1
sphere {
	<25.825056, 34.141121, 34.157940> 0.250000
	pigment { color rgbt <1,0,0,0> }
	no_shadow
}
cylinder {
	<25.759901, 34.535759, 34.154060>,  <25.720808, 34.772541, 34.151733>, 0.100000
	pigment { color rgbt <1,0,0,0> }
	no_shadow
}
cylinder {
	<25.759901, 34.535759, 34.154060>,  <25.825056, 34.141121, 34.157940>, 0.100000
	pigment { color rgbt <1,0,0,0> }
	no_shadow
}

// particle -1
sphere {
	<25.759901, 34.535759, 34.154060> 0.100000
	pigment { color rgbt <1,0,0,0> }
	no_shadow
}
sphere {
	0, 1
	scale<0.080000,0.200000,0.300000>
	matrix <-0.274744, -0.035911, 0.960847,
		0.947620, 0.159176, 0.276911,
		-0.162888, 0.986597, -0.009702,
		25.711035, 34.831738, 34.151150>
	pigment { color rgbt <0,1,1,0> }
	no_shadow
}
cylinder {
	<26.012384, 34.329826, 34.760048>,  <25.825056, 34.141121, 34.157940>, 0.130000
	pigment { color rgbt <1,0,0,0> }
	no_shadow
}

// nucleotide -1

// particle -1
sphere {
	<26.012384, 34.329826, 34.760048> 0.250000
	pigment { color rgbt <1,0,0,0> }
	no_shadow
}
cylinder {
	<25.829521, 34.665222, 34.641430>,  <25.719803, 34.866459, 34.570259>, 0.100000
	pigment { color rgbt <1,0,0,0> }
	no_shadow
}
cylinder {
	<25.829521, 34.665222, 34.641430>,  <26.012384, 34.329826, 34.760048>, 0.100000
	pigment { color rgbt <1,0,0,0> }
	no_shadow
}

// particle -1
sphere {
	<25.829521, 34.665222, 34.641430> 0.100000
	pigment { color rgbt <1,0,0,0> }
	no_shadow
}
sphere {
	0, 1
	scale<0.080000,0.200000,0.300000>
	matrix <-0.462738, 0.060501, 0.884428,
		0.759526, 0.541547, 0.360343,
		-0.457158, 0.838491, -0.296546,
		25.692373, 34.916771, 34.552467>
	pigment { color rgbt <0,1,1,0> }
	no_shadow
}
cylinder {
	<26.143646, 34.857750, 35.285755>,  <26.012384, 34.329826, 34.760048>, 0.130000
	pigment { color rgbt <1,0,0,0> }
	no_shadow
}

// nucleotide -1

// particle -1
sphere {
	<26.143646, 34.857750, 35.285755> 0.250000
	pigment { color rgbt <1,0,0,0> }
	no_shadow
}
cylinder {
	<25.804192, 34.940159, 35.090870>,  <25.600519, 34.989605, 34.973938>, 0.100000
	pigment { color rgbt <1,0,0,0> }
	no_shadow
}
cylinder {
	<25.804192, 34.940159, 35.090870>,  <26.143646, 34.857750, 35.285755>, 0.100000
	pigment { color rgbt <1,0,0,0> }
	no_shadow
}

// particle -1
sphere {
	<25.804192, 34.940159, 35.090870> 0.100000
	pigment { color rgbt <1,0,0,0> }
	no_shadow
}
sphere {
	0, 1
	scale<0.080000,0.200000,0.300000>
	matrix <-0.502872, -0.028421, 0.863894,
		0.164130, 0.978135, 0.127720,
		-0.848635, 0.206018, -0.487212,
		25.549601, 35.001965, 34.944706>
	pigment { color rgbt <0,1,1,0> }
	no_shadow
}
cylinder {
	<25.819019, 35.328796, 35.626831>,  <26.143646, 34.857750, 35.285755>, 0.130000
	pigment { color rgbt <1,0,0,0> }
	no_shadow
}

// nucleotide -1

// particle -1
sphere {
	<25.819019, 35.328796, 35.626831> 0.250000
	pigment { color rgbt <1,0,0,0> }
	no_shadow
}
cylinder {
	<25.504812, 35.151154, 35.454445>,  <25.316288, 35.044567, 35.351013>, 0.100000
	pigment { color rgbt <1,0,0,0> }
	no_shadow
}
cylinder {
	<25.504812, 35.151154, 35.454445>,  <25.819019, 35.328796, 35.626831>, 0.100000
	pigment { color rgbt <1,0,0,0> }
	no_shadow
}

// particle -1
sphere {
	<25.504812, 35.151154, 35.454445> 0.100000
	pigment { color rgbt <1,0,0,0> }
	no_shadow
}
sphere {
	0, 1
	scale<0.080000,0.200000,0.300000>
	matrix <-0.401916, -0.163426, 0.900975,
		-0.470559, 0.880944, -0.050120,
		-0.785517, -0.444106, -0.430967,
		25.269157, 35.017921, 35.325153>
	pigment { color rgbt <0,1,1,0> }
	no_shadow
}
cylinder {
	<25.272207, 35.779308, 35.888309>,  <25.819019, 35.328796, 35.626831>, 0.130000
	pigment { color rgbt <1,0,0,0> }
	no_shadow
}

// nucleotide -1

// particle -1
sphere {
	<25.272207, 35.779308, 35.888309> 0.250000
	pigment { color rgbt <1,0,0,0> }
	no_shadow
}
cylinder {
	<25.169773, 35.409672, 35.774841>,  <25.108313, 35.187889, 35.706760>, 0.100000
	pigment { color rgbt <1,0,0,0> }
	no_shadow
}
cylinder {
	<25.169773, 35.409672, 35.774841>,  <25.272207, 35.779308, 35.888309>, 0.100000
	pigment { color rgbt <1,0,0,0> }
	no_shadow
}

// particle -1
sphere {
	<25.169773, 35.409672, 35.774841> 0.100000
	pigment { color rgbt <1,0,0,0> }
	no_shadow
}
sphere {
	0, 1
	scale<0.080000,0.200000,0.300000>
	matrix <-0.393816, -0.168266, 0.903657,
		-0.882796, 0.343130, -0.320831,
		-0.256087, -0.924093, -0.283675,
		25.092947, 35.132442, 35.689739>
	pigment { color rgbt <0,1,1,0> }
	no_shadow
}
cylinder {
	<24.755777, 35.478073, 36.358349>,  <25.272207, 35.779308, 35.888309>, 0.130000
	pigment { color rgbt <1,0,0,0> }
	no_shadow
}

// nucleotide -1

// particle -1
sphere {
	<24.755777, 35.478073, 36.358349> 0.250000
	pigment { color rgbt <1,0,0,0> }
	no_shadow
}
cylinder {
	<24.881298, 35.138512, 36.188225>,  <24.956610, 34.934772, 36.086151>, 0.100000
	pigment { color rgbt <1,0,0,0> }
	no_shadow
}
cylinder {
	<24.881298, 35.138512, 36.188225>,  <24.755777, 35.478073, 36.358349>, 0.100000
	pigment { color rgbt <1,0,0,0> }
	no_shadow
}

// particle -1
sphere {
	<24.881298, 35.138512, 36.188225> 0.100000
	pigment { color rgbt <1,0,0,0> }
	no_shadow
}
sphere {
	0, 1
	scale<0.080000,0.200000,0.300000>
	matrix <-0.495855, -0.528515, 0.689057,
		-0.809727, -0.005335, -0.586782,
		0.313799, -0.848907, -0.425307,
		24.975437, 34.883839, 36.060635>
	pigment { color rgbt <0,1,1,0> }
	no_shadow
}
cylinder {
	<24.176367, 35.001781, 36.261738>,  <24.755777, 35.478073, 36.358349>, 0.130000
	pigment { color rgbt <1,0,0,0> }
	no_shadow
}

// nucleotide -1

// particle -1
sphere {
	<24.176367, 35.001781, 36.261738> 0.250000
	pigment { color rgbt <1,0,0,0> }
	no_shadow
}
cylinder {
	<24.545906, 34.860935, 36.321754>,  <24.767630, 34.776428, 36.357765>, 0.100000
	pigment { color rgbt <1,0,0,0> }
	no_shadow
}
cylinder {
	<24.545906, 34.860935, 36.321754>,  <24.176367, 35.001781, 36.261738>, 0.100000
	pigment { color rgbt <1,0,0,0> }
	no_shadow
}

// particle -1
sphere {
	<24.545906, 34.860935, 36.321754> 0.100000
	pigment { color rgbt <1,0,0,0> }
	no_shadow
}
sphere {
	0, 1
	scale<0.080000,0.200000,0.300000>
	matrix <-0.317795, -0.487179, 0.813426,
		-0.213323, -0.799168, -0.561982,
		0.923851, -0.352118, 0.150045,
		24.823061, 34.755299, 36.366768>
	pigment { color rgbt <0,1,1,0> }
	no_shadow
}
cylinder {
	<24.091154, 34.218285, 36.297028>,  <24.176367, 35.001781, 36.261738>, 0.130000
	pigment { color rgbt <1,0,0,0> }
	no_shadow
}

// nucleotide -1

// particle -1
sphere {
	<24.091154, 34.218285, 36.297028> 0.250000
	pigment { color rgbt <1,0,0,0> }
	no_shadow
}
cylinder {
	<24.442844, 34.319645, 36.458397>,  <24.653858, 34.380463, 36.555218>, 0.100000
	pigment { color rgbt <1,0,0,0> }
	no_shadow
}
cylinder {
	<24.442844, 34.319645, 36.458397>,  <24.091154, 34.218285, 36.297028>, 0.100000
	pigment { color rgbt <1,0,0,0> }
	no_shadow
}

// particle -1
sphere {
	<24.442844, 34.319645, 36.458397> 0.100000
	pigment { color rgbt <1,0,0,0> }
	no_shadow
}
sphere {
	0, 1
	scale<0.080000,0.200000,0.300000>
	matrix <-0.130094, -0.686907, 0.715006,
		0.458299, -0.681134, -0.570980,
		0.879225, 0.253405, 0.403420,
		24.706612, 34.395668, 36.579422>
	pigment { color rgbt <0,1,1,0> }
	no_shadow
}
cylinder {
	<24.487148, 33.686943, 36.491642>,  <24.091154, 34.218285, 36.297028>, 0.130000
	pigment { color rgbt <1,0,0,0> }
	no_shadow
}

// nucleotide -1

// particle -1
sphere {
	<24.487148, 33.686943, 36.491642> 0.250000
	pigment { color rgbt <1,0,0,0> }
	no_shadow
}
cylinder {
	<24.584511, 33.984394, 36.740726>,  <24.642929, 34.162865, 36.890179>, 0.100000
	pigment { color rgbt <1,0,0,0> }
	no_shadow
}
cylinder {
	<24.584511, 33.984394, 36.740726>,  <24.487148, 33.686943, 36.491642>, 0.100000
	pigment { color rgbt <1,0,0,0> }
	no_shadow
}

// particle -1
sphere {
	<24.584511, 33.984394, 36.740726> 0.100000
	pigment { color rgbt <1,0,0,0> }
	no_shadow
}
sphere {
	0, 1
	scale<0.080000,0.200000,0.300000>
	matrix <-0.211577, -0.585851, 0.782313,
		0.946566, -0.322173, 0.014733,
		0.243408, 0.743629, 0.622711,
		24.657534, 34.207481, 36.927540>
	pigment { color rgbt <0,1,1,0> }
	no_shadow
}
cylinder {
	<24.955748, 33.492290, 37.081722>,  <24.487148, 33.686943, 36.491642>, 0.130000
	pigment { color rgbt <1,0,0,0> }
	no_shadow
}

// nucleotide -1

// particle -1
sphere {
	<24.955748, 33.492290, 37.081722> 0.250000
	pigment { color rgbt <1,0,0,0> }
	no_shadow
}
cylinder {
	<24.707825, 33.788879, 37.184525>,  <24.559071, 33.966835, 37.246204>, 0.100000
	pigment { color rgbt <1,0,0,0> }
	no_shadow
}
cylinder {
	<24.707825, 33.788879, 37.184525>,  <24.955748, 33.492290, 37.081722>, 0.100000
	pigment { color rgbt <1,0,0,0> }
	no_shadow
}

// particle -1
sphere {
	<24.707825, 33.788879, 37.184525> 0.100000
	pigment { color rgbt <1,0,0,0> }
	no_shadow
}
sphere {
	0, 1
	scale<0.080000,0.200000,0.300000>
	matrix <-0.333970, -0.545590, 0.768632,
		0.710142, 0.390573, 0.585792,
		-0.619809, 0.741475, 0.257007,
		24.521881, 34.011322, 37.261627>
	pigment { color rgbt <0,1,1,0> }
	no_shadow
}
cylinder {
	<25.060438, 33.659203, 37.816917>,  <24.955748, 33.492290, 37.081722>, 0.130000
	pigment { color rgbt <1,0,0,0> }
	no_shadow
}

// nucleotide -1

// particle -1
sphere {
	<25.060438, 33.659203, 37.816917> 0.250000
	pigment { color rgbt <1,0,0,0> }
	no_shadow
}
cylinder {
	<24.699945, 33.791821, 37.705307>,  <24.483650, 33.871391, 37.638340>, 0.100000
	pigment { color rgbt <1,0,0,0> }
	no_shadow
}
cylinder {
	<24.699945, 33.791821, 37.705307>,  <25.060438, 33.659203, 37.816917>, 0.100000
	pigment { color rgbt <1,0,0,0> }
	no_shadow
}

// particle -1
sphere {
	<24.699945, 33.791821, 37.705307> 0.100000
	pigment { color rgbt <1,0,0,0> }
	no_shadow
}
sphere {
	0, 1
	scale<0.080000,0.200000,0.300000>
	matrix <-0.413284, -0.464031, 0.783499,
		0.130292, 0.821432, 0.555223,
		-0.901232, 0.331549, -0.279026,
		24.429575, 33.891285, 37.621601>
	pigment { color rgbt <0,1,1,0> }
	no_shadow
}
cylinder {
	<25.223257, 32.895401, 38.170742>,  <25.060438, 33.659203, 37.816917>, 0.130000
	pigment { color rgbt <1,0,0,0> }
	no_shadow
}

// nucleotide -1

// particle -1
sphere {
	<25.223257, 32.895401, 38.170742> 0.250000
	pigment { color rgbt <1,0,0,0> }
	no_shadow
}
cylinder {
	<25.568829, 32.707413, 38.098351>,  <25.776173, 32.594620, 38.054916>, 0.100000
	pigment { color rgbt <1,0,0,0> }
	no_shadow
}
cylinder {
	<25.568829, 32.707413, 38.098351>,  <25.223257, 32.895401, 38.170742>, 0.100000
	pigment { color rgbt <1,0,0,0> }
	no_shadow
}

// particle -1
sphere {
	<25.568829, 32.707413, 38.098351> 0.100000
	pigment { color rgbt <1,0,0,0> }
	no_shadow
}
sphere {
	0, 1
	scale<0.080000,0.200000,0.300000>
	matrix <0.383245, 0.380386, 0.841682,
		-0.326722, -0.796515, 0.508740,
		0.863930, -0.469969, -0.180980,
		25.828009, 32.566422, 38.044056>
	pigment { color rgbt <0,1,1,0> }
	no_shadow
}
cylinder {
	<25.398514, 32.531754, 38.800766>,  <25.223257, 32.895401, 38.170742>, 0.130000
	pigment { color rgbt <1,0,0,0> }
	no_shadow
}

// nucleotide -1

// particle -1
sphere {
	<25.398514, 32.531754, 38.800766> 0.250000
	pigment { color rgbt <1,0,0,0> }
	no_shadow
}
cylinder {
	<25.711851, 32.647861, 38.580906>,  <25.899853, 32.717525, 38.448990>, 0.100000
	pigment { color rgbt <1,0,0,0> }
	no_shadow
}
cylinder {
	<25.711851, 32.647861, 38.580906>,  <25.398514, 32.531754, 38.800766>, 0.100000
	pigment { color rgbt <1,0,0,0> }
	no_shadow
}

// particle -1
sphere {
	<25.711851, 32.647861, 38.580906> 0.100000
	pigment { color rgbt <1,0,0,0> }
	no_shadow
}
sphere {
	0, 1
	scale<0.080000,0.200000,0.300000>
	matrix <0.445851, 0.353760, 0.822235,
		0.433118, -0.889154, 0.147697,
		0.783342, 0.290275, -0.549650,
		25.946854, 32.734943, 38.416012>
	pigment { color rgbt <0,1,1,0> }
	no_shadow
}
cylinder {
	<26.061646, 32.307087, 39.116512>,  <25.398514, 32.531754, 38.800766>, 0.130000
	pigment { color rgbt <1,0,0,0> }
	no_shadow
}

// nucleotide -1

// particle -1
sphere {
	<26.061646, 32.307087, 39.116512> 0.250000
	pigment { color rgbt <1,0,0,0> }
	no_shadow
}
cylinder {
	<26.127863, 32.640137, 38.905106>,  <26.167593, 32.839966, 38.778263>, 0.100000
	pigment { color rgbt <1,0,0,0> }
	no_shadow
}
cylinder {
	<26.127863, 32.640137, 38.905106>,  <26.061646, 32.307087, 39.116512>, 0.100000
	pigment { color rgbt <1,0,0,0> }
	no_shadow
}

// particle -1
sphere {
	<26.127863, 32.640137, 38.905106> 0.100000
	pigment { color rgbt <1,0,0,0> }
	no_shadow
}
sphere {
	0, 1
	scale<0.080000,0.200000,0.300000>
	matrix <0.499646, 0.391233, 0.772846,
		0.850264, -0.392010, -0.351253,
		0.165542, 0.832625, -0.528518,
		26.177525, 32.889923, 38.746552>
	pigment { color rgbt <0,1,1,0> }
	no_shadow
}
cylinder {
	<26.688868, 32.468388, 39.299709>,  <26.061646, 32.307087, 39.116512>, 0.130000
	pigment { color rgbt <1,0,0,0> }
	no_shadow
}

// nucleotide -1

// particle -1
sphere {
	<26.688868, 32.468388, 39.299709> 0.250000
	pigment { color rgbt <1,0,0,0> }
	no_shadow
}
cylinder {
	<26.567648, 32.804028, 39.119011>,  <26.494917, 33.005413, 39.010593>, 0.100000
	pigment { color rgbt <1,0,0,0> }
	no_shadow
}
cylinder {
	<26.567648, 32.804028, 39.119011>,  <26.688868, 32.468388, 39.299709>, 0.100000
	pigment { color rgbt <1,0,0,0> }
	no_shadow
}

// particle -1
sphere {
	<26.567648, 32.804028, 39.119011> 0.100000
	pigment { color rgbt <1,0,0,0> }
	no_shadow
}
sphere {
	0, 1
	scale<0.080000,0.200000,0.300000>
	matrix <0.442933, 0.543743, 0.712849,
		0.843784, 0.015936, -0.536447,
		-0.303049, 0.839100, -0.451743,
		26.476732, 33.055759, 38.983486>
	pigment { color rgbt <0,1,1,0> }
	no_shadow
}
cylinder {
	<27.238607, 32.926582, 39.370087>,  <26.688868, 32.468388, 39.299709>, 0.130000
	pigment { color rgbt <1,0,0,0> }
	no_shadow
}

// nucleotide -1

// particle -1
sphere {
	<27.238607, 32.926582, 39.370087> 0.250000
	pigment { color rgbt <1,0,0,0> }
	no_shadow
}
cylinder {
	<26.904669, 33.144855, 39.341091>,  <26.704306, 33.275822, 39.323692>, 0.100000
	pigment { color rgbt <1,0,0,0> }
	no_shadow
}
cylinder {
	<26.904669, 33.144855, 39.341091>,  <27.238607, 32.926582, 39.370087>, 0.100000
	pigment { color rgbt <1,0,0,0> }
	no_shadow
}

// particle -1
sphere {
	<26.904669, 33.144855, 39.341091> 0.100000
	pigment { color rgbt <1,0,0,0> }
	no_shadow
}
sphere {
	0, 1
	scale<0.080000,0.200000,0.300000>
	matrix <0.209774, 0.437120, 0.874598,
		0.508943, 0.714950, -0.479399,
		-0.834848, 0.545686, -0.072491,
		26.654215, 33.308559, 39.319344>
	pigment { color rgbt <0,1,1,0> }
	no_shadow
}
cylinder {
	<26.741409, 33.132099, 39.831238>,  <27.238607, 32.926582, 39.370087>, 0.130000
	pigment { color rgbt <1,0,0,0> }
	no_shadow
}

// nucleotide -1

// particle -1
sphere {
	<26.741409, 33.132099, 39.831238> 0.250000
	pigment { color rgbt <1,0,0,0> }
	no_shadow
}
cylinder {
	<26.819586, 33.518951, 39.766178>,  <26.866491, 33.751064, 39.727142>, 0.100000
	pigment { color rgbt <1,0,0,0> }
	no_shadow
}
cylinder {
	<26.819586, 33.518951, 39.766178>,  <26.741409, 33.132099, 39.831238>, 0.100000
	pigment { color rgbt <1,0,0,0> }
	no_shadow
}

// particle -1
sphere {
	<26.819586, 33.518951, 39.766178> 0.100000
	pigment { color rgbt <1,0,0,0> }
	no_shadow
}
sphere {
	0, 1
	scale<0.080000,0.200000,0.300000>
	matrix <-0.463069, -0.055188, -0.884603,
		-0.864505, 0.248206, 0.437064,
		0.195443, 0.967134, -0.162647,
		26.878220, 33.809093, 39.717384>
	pigment { color rgbt <0,1,1,0> }
	no_shadow
}
cylinder {
	<26.128607, 33.631954, 39.782562>,  <26.741409, 33.132099, 39.831238>, 0.130000
	pigment { color rgbt <1,0,0,0> }
	no_shadow
}

// nucleotide -1

// particle -1
sphere {
	<26.128607, 33.631954, 39.782562> 0.250000
	pigment { color rgbt <1,0,0,0> }
	no_shadow
}
cylinder {
	<26.432281, 33.761288, 39.556610>,  <26.614487, 33.838886, 39.421040>, 0.100000
	pigment { color rgbt <1,0,0,0> }
	no_shadow
}
cylinder {
	<26.432281, 33.761288, 39.556610>,  <26.128607, 33.631954, 39.782562>, 0.100000
	pigment { color rgbt <1,0,0,0> }
	no_shadow
}

// particle -1
sphere {
	<26.432281, 33.761288, 39.556610> 0.100000
	pigment { color rgbt <1,0,0,0> }
	no_shadow
}
sphere {
	0, 1
	scale<0.080000,0.200000,0.300000>
	matrix <-0.564440, -0.105106, -0.818755,
		-0.324100, 0.940431, 0.102705,
		0.759188, 0.323330, -0.564882,
		26.660038, 33.858288, 39.387146>
	pigment { color rgbt <0,1,1,0> }
	no_shadow
}
cylinder {
	<25.840977, 34.097260, 39.214901>,  <26.128607, 33.631954, 39.782562>, 0.130000
	pigment { color rgbt <1,0,0,0> }
	no_shadow
}

// nucleotide -1

// particle -1
sphere {
	<25.840977, 34.097260, 39.214901> 0.250000
	pigment { color rgbt <1,0,0,0> }
	no_shadow
}
cylinder {
	<26.186199, 33.907280, 39.146133>,  <26.393333, 33.793293, 39.104874>, 0.100000
	pigment { color rgbt <1,0,0,0> }
	no_shadow
}
cylinder {
	<26.186199, 33.907280, 39.146133>,  <25.840977, 34.097260, 39.214901>, 0.100000
	pigment { color rgbt <1,0,0,0> }
	no_shadow
}

// particle -1
sphere {
	<26.186199, 33.907280, 39.146133> 0.100000
	pigment { color rgbt <1,0,0,0> }
	no_shadow
}
sphere {
	0, 1
	scale<0.080000,0.200000,0.300000>
	matrix <-0.402614, -0.441335, -0.801951,
