// switches for output
#declare DRAW_BASES = 1; // possible values are 0, 1; only relevant for DNA ribbons
#declare DRAW_BASES_TYPE = 3; // possible values are 1, 2, 3; only relevant for DNA ribbons
#declare DRAW_FOG = 0; // set to 1 to enable fog

#include "colors.inc"

#include "transforms.inc"
background { rgb <1, 1, 1>}

#default {
   normal{
       ripples 0.25
       frequency 0.20
       turbulence 0.2
       lambda 5
   }
	finish {
		phong 0.1
		phong_size 40.
	}
}

// original window dimensions: 1024x640


// camera settings

camera {
	sky <0, 0.179814, -0.983701>
	up <0, 0.179814, -0.983701>
	right 1.6 * <1, 0, 0>
	location <35, 94.9851, 44.8844>
	look_at <35, 29.7336, 32.9568>
	direction <0, -65.2515, -11.9276>
	angle 67.0682
}


# declare cpy_camera_pos = <35, 94.9851, 44.8844>;
# if (DRAW_FOG = 1)
fog {
	fog_type 2
	up vnormalize(cpy_camera_pos)
	color rgbt<1,1,1,0.3>
	distance 1e-5
	fog_alt 3e-3
	fog_offset 56
}
# end


// LIGHTS

# declare lum = 6;
global_settings {
	ambient_light rgb lum * <0.05, 0.05, 0.05>
	max_trace_level 15
}# declare cpy_direct_light_amount = 0.25;
light_source
{	1000 * <-1, -1.16352, -0.803886>,
	rgb lum * cpy_direct_light_amount
	parallel
}

light_source
{	1000 * <1, 1.16352, 0.803886>,
	rgb lum * cpy_direct_light_amount
	parallel
}

// strand 0

// nucleotide -1

// particle -1
sphere {
	<24.162735, 35.516594, 35.175732> 0.250000
	pigment { color rgbt <1,0,0,0> }
	no_shadow
}
cylinder {
	<24.066874, 35.169285, 35.001987>,  <24.009357, 34.960899, 34.897739>, 0.100000
	pigment { color rgbt <1,0,0,0> }
	no_shadow
}
cylinder {
	<24.066874, 35.169285, 35.001987>,  <24.162735, 35.516594, 35.175732>, 0.100000
	pigment { color rgbt <1,0,0,0> }
	no_shadow
}

// particle -1
sphere {
	<24.066874, 35.169285, 35.001987> 0.100000
	pigment { color rgbt <1,0,0,0> }
	no_shadow
}
sphere {
	0, 1
	scale<0.080000,0.200000,0.300000>
	matrix <0.139697, -0.473586, 0.869598,
		-0.960755, 0.147723, 0.234791,
		-0.239654, -0.868271, -0.434364,
		23.994978, 34.908802, 34.871677>
	pigment { color rgbt <0,1,1,0> }
	no_shadow
}
cylinder {
	<24.663506, 35.808876, 35.523098>,  <24.162735, 35.516594, 35.175732>, 0.130000
	pigment { color rgbt <1,0,0,0> }
	no_shadow
}

// nucleotide -1

// particle -1
sphere {
	<24.663506, 35.808876, 35.523098> 0.250000
	pigment { color rgbt <1,0,0,0> }
	no_shadow
}
cylinder {
	<24.978104, 35.581039, 35.618591>,  <25.166862, 35.444336, 35.675888>, 0.100000
	pigment { color rgbt <1,0,0,0> }
	no_shadow
}
cylinder {
	<24.978104, 35.581039, 35.618591>,  <24.663506, 35.808876, 35.523098>, 0.100000
	pigment { color rgbt <1,0,0,0> }
	no_shadow
}

// particle -1
sphere {
	<24.978104, 35.581039, 35.618591> 0.100000
	pigment { color rgbt <1,0,0,0> }
	no_shadow
}
sphere {
	0, 1
	scale<0.080000,0.200000,0.300000>
	matrix <0.401833, 0.765488, 0.502551,
		-0.468996, -0.299323, 0.830933,
		0.786494, -0.569591, 0.238733,
		25.214052, 35.410164, 35.690212>
	pigment { color rgbt <0,1,1,0> }
	no_shadow
}
cylinder {
	<24.751701, 35.897167, 36.184910>,  <24.663506, 35.808876, 35.523098>, 0.130000
	pigment { color rgbt <1,0,0,0> }
	no_shadow
}

// nucleotide -1

// particle -1
sphere {
	<24.751701, 35.897167, 36.184910> 0.250000
	pigment { color rgbt <1,0,0,0> }
	no_shadow
}
cylinder {
	<25.096579, 35.727879, 36.073547>,  <25.303505, 35.626305, 36.006729>, 0.100000
	pigment { color rgbt <1,0,0,0> }
	no_shadow
}
cylinder {
	<25.096579, 35.727879, 36.073547>,  <24.751701, 35.897167, 36.184910>, 0.100000
	pigment { color rgbt <1,0,0,0> }
	no_shadow
}

// particle -1
sphere {
	<25.096579, 35.727879, 36.073547> 0.100000
	pigment { color rgbt <1,0,0,0> }
	no_shadow
}
sphere {
	0, 1
	scale<0.080000,0.200000,0.300000>
	matrix <0.501986, 0.639910, 0.581829,
		-0.068084, -0.641405, 0.764175,
		0.862191, -0.423219, -0.278409,
		25.355236, 35.600914, 35.990025>
	pigment { color rgbt <0,1,1,0> }
	no_shadow
}
cylinder {
	<25.112288, 35.900787, 36.741451>,  <24.751701, 35.897167, 36.184910>, 0.130000
	pigment { color rgbt <1,0,0,0> }
	no_shadow
}

// nucleotide -1

// particle -1
sphere {
	<25.112288, 35.900787, 36.741451> 0.250000
	pigment { color rgbt <1,0,0,0> }
	no_shadow
}
cylinder {
	<25.346100, 35.914455, 36.417191>,  <25.486387, 35.922657, 36.222633>, 0.100000
	pigment { color rgbt <1,0,0,0> }
	no_shadow
}
cylinder {
	<25.346100, 35.914455, 36.417191>,  <25.112288, 35.900787, 36.741451>, 0.100000
	pigment { color rgbt <1,0,0,0> }
	no_shadow
}

// particle -1
sphere {
	<25.346100, 35.914455, 36.417191> 0.100000
	pigment { color rgbt <1,0,0,0> }
	no_shadow
}
sphere {
	0, 1
	scale<0.080000,0.200000,0.300000>
	matrix <0.607016, 0.644541, 0.464864,
		0.538383, -0.763805, 0.356013,
		0.584530, 0.034169, -0.810652,
		25.521460, 35.924706, 36.173996>
	pigment { color rgbt <0,1,1,0> }
	no_shadow
}
cylinder {
	<25.731852, 35.842381, 37.050312>,  <25.112288, 35.900787, 36.741451>, 0.130000
	pigment { color rgbt <1,0,0,0> }
	no_shadow
}

// nucleotide -1

// particle -1
sphere {
	<25.731852, 35.842381, 37.050312> 0.250000
	pigment { color rgbt <1,0,0,0> }
	no_shadow
}
cylinder {
	<25.784748, 35.975349, 36.676785>,  <25.816486, 36.055130, 36.452667>, 0.100000
	pigment { color rgbt <1,0,0,0> }
	no_shadow
}
cylinder {
	<25.784748, 35.975349, 36.676785>,  <25.731852, 35.842381, 37.050312>, 0.100000
	pigment { color rgbt <1,0,0,0> }
	no_shadow
}

// particle -1
sphere {
	<25.784748, 35.975349, 36.676785> 0.100000
	pigment { color rgbt <1,0,0,0> }
	no_shadow
}
sphere {
	0, 1
	scale<0.080000,0.200000,0.300000>
	matrix <0.627882, 0.700883, 0.338418,
		0.766991, -0.631079, -0.116033,
		0.132243, 0.332419, -0.933815,
		25.824421, 36.075073, 36.396641>
	pigment { color rgbt <0,1,1,0> }
	no_shadow
}
cylinder {
	<26.542704, 35.898788, 36.870422>,  <25.731852, 35.842381, 37.050312>, 0.130000
	pigment { color rgbt <1,0,0,0> }
	no_shadow
}

// nucleotide -1

// particle -1
sphere {
	<26.542704, 35.898788, 36.870422> 0.250000
	pigment { color rgbt <1,0,0,0> }
	no_shadow
}
cylinder {
	<26.294067, 36.143486, 36.674709>,  <26.144886, 36.290302, 36.557281>, 0.100000
	pigment { color rgbt <1,0,0,0> }
	no_shadow
}
cylinder {
	<26.294067, 36.143486, 36.674709>,  <26.542704, 35.898788, 36.870422>, 0.100000
	pigment { color rgbt <1,0,0,0> }
	no_shadow
}

// particle -1
sphere {
	<26.294067, 36.143486, 36.674709> 0.100000
	pigment { color rgbt <1,0,0,0> }
	no_shadow
}
sphere {
	0, 1
	scale<0.080000,0.200000,0.300000>
	matrix <0.438994, 0.789348, 0.429202,
		0.648777, 0.051994, -0.759200,
		-0.621589, 0.611740, -0.489286,
		26.107592, 36.327007, 36.527924>
	pigment { color rgbt <0,1,1,0> }
	no_shadow
}
cylinder {
	<26.918585, 36.389599, 36.467873>,  <26.542704, 35.898788, 36.870422>, 0.130000
	pigment { color rgbt <1,0,0,0> }
	no_shadow
}

// nucleotide -1

// particle -1
sphere {
	<26.918585, 36.389599, 36.467873> 0.250000
	pigment { color rgbt <1,0,0,0> }
	no_shadow
}
cylinder {
	<26.573669, 36.583965, 36.524933>,  <26.366720, 36.700584, 36.559170>, 0.100000
	pigment { color rgbt <1,0,0,0> }
	no_shadow
}
cylinder {
	<26.573669, 36.583965, 36.524933>,  <26.918585, 36.389599, 36.467873>, 0.100000
	pigment { color rgbt <1,0,0,0> }
	no_shadow
}

// particle -1
sphere {
	<26.573669, 36.583965, 36.524933> 0.100000
	pigment { color rgbt <1,0,0,0> }
	no_shadow
}
sphere {
	0, 1
	scale<0.080000,0.200000,0.300000>
	matrix <0.480737, 0.696842, 0.532261,
		0.159225, 0.527541, -0.834474,
		-0.862287, 0.485912, 0.142653,
		26.314983, 36.729740, 36.567730>
	pigment { color rgbt <0,1,1,0> }
	no_shadow
}
cylinder {
	<27.126041, 37.058933, 36.472034>,  <26.918585, 36.389599, 36.467873>, 0.130000
	pigment { color rgbt <1,0,0,0> }
	no_shadow
}

// nucleotide -1

// particle -1
sphere {
	<27.126041, 37.058933, 36.472034> 0.250000
	pigment { color rgbt <1,0,0,0> }
	no_shadow
}
cylinder {
	<26.763456, 37.079742, 36.639664>,  <26.545906, 37.092228, 36.740242>, 0.100000
	pigment { color rgbt <1,0,0,0> }
	no_shadow
}
cylinder {
	<26.763456, 37.079742, 36.639664>,  <27.126041, 37.058933, 36.472034>, 0.100000
	pigment { color rgbt <1,0,0,0> }
	no_shadow
}

// particle -1
sphere {
	<26.763456, 37.079742, 36.639664> 0.100000
	pigment { color rgbt <1,0,0,0> }
	no_shadow
}
sphere {
	0, 1
	scale<0.080000,0.200000,0.300000>
	matrix <0.326367, 0.716054, 0.617051,
		-0.267979, 0.696104, -0.666053,
		-0.906461, 0.052021, 0.419073,
		26.491518, 37.095348, 36.765385>
	pigment { color rgbt <0,1,1,0> }
	no_shadow
}
cylinder {
	<27.037445, 37.703587, 36.474926>,  <27.126041, 37.058933, 36.472034>, 0.130000
	pigment { color rgbt <1,0,0,0> }
	no_shadow
}

// nucleotide -1

// particle -1
sphere {
	<27.037445, 37.703587, 36.474926> 0.250000
	pigment { color rgbt <1,0,0,0> }
	no_shadow
}
cylinder {
	<26.796703, 37.564350, 36.762424>,  <26.652258, 37.480808, 36.934925>, 0.100000
	pigment { color rgbt <1,0,0,0> }
	no_shadow
}
cylinder {
	<26.796703, 37.564350, 36.762424>,  <27.037445, 37.703587, 36.474926>, 0.100000
	pigment { color rgbt <1,0,0,0> }
	no_shadow
}

// particle -1
sphere {
	<26.796703, 37.564350, 36.762424> 0.100000
	pigment { color rgbt <1,0,0,0> }
	no_shadow
}
sphere {
	0, 1
	scale<0.080000,0.200000,0.300000>
	matrix <0.129710, 0.845446, 0.518070,
		-0.788001, 0.405032, -0.463684,
		-0.601855, -0.348095, 0.718749,
		26.616146, 37.459923, 36.978050>
	pigment { color rgbt <0,1,1,0> }
	no_shadow
}
cylinder {
	<26.600267, 38.252205, 36.688694>,  <27.037445, 37.703587, 36.474926>, 0.130000
	pigment { color rgbt <1,0,0,0> }
	no_shadow
}

// nucleotide -1

// particle -1
sphere {
	<26.600267, 38.252205, 36.688694> 0.250000
	pigment { color rgbt <1,0,0,0> }
	no_shadow
}
cylinder {
	<26.584768, 37.997200, 36.996483>,  <26.575470, 37.844196, 37.181156>, 0.100000
	pigment { color rgbt <1,0,0,0> }
	no_shadow
}
cylinder {
	<26.584768, 37.997200, 36.996483>,  <26.600267, 38.252205, 36.688694>, 0.100000
	pigment { color rgbt <1,0,0,0> }
	no_shadow
}

// particle -1
sphere {
	<26.584768, 37.997200, 36.996483> 0.100000
	pigment { color rgbt <1,0,0,0> }
	no_shadow
}
sphere {
	0, 1
	scale<0.080000,0.200000,0.300000>
	matrix <0.136185, 0.759493, 0.636101,
		-0.989925, 0.129437, 0.057391,
		-0.038747, -0.637508, 0.769469,
		26.573145, 37.805946, 37.227322>
	pigment { color rgbt <0,1,1,0> }
	no_shadow
}
cylinder {
	<26.138208, 38.586552, 37.011692>,  <26.600267, 38.252205, 36.688694>, 0.130000
	pigment { color rgbt <1,0,0,0> }
	no_shadow
}

// nucleotide -1

// particle -1
sphere {
	<26.138208, 38.586552, 37.011692> 0.250000
	pigment { color rgbt <1,0,0,0> }
	no_shadow
}
cylinder {
	<26.366350, 38.338886, 37.227592>,  <26.503235, 38.190285, 37.357132>, 0.100000
	pigment { color rgbt <1,0,0,0> }
	no_shadow
}
cylinder {
	<26.366350, 38.338886, 37.227592>,  <26.138208, 38.586552, 37.011692>, 0.100000
	pigment { color rgbt <1,0,0,0> }
	no_shadow
}

// particle -1
sphere {
	<26.366350, 38.338886, 37.227592> 0.100000
	pigment { color rgbt <1,0,0,0> }
	no_shadow
}
sphere {
	0, 1
	scale<0.080000,0.200000,0.300000>
	matrix <0.238831, 0.753727, 0.612254,
		-0.785909, -0.220294, 0.577769,
		0.570356, -0.619165, 0.539748,
		26.537457, 38.153137, 37.389519>
	pigment { color rgbt <0,1,1,0> }
	no_shadow
}
cylinder {
	<26.160992, 38.910576, 37.655361>,  <26.138208, 38.586552, 37.011692>, 0.130000
	pigment { color rgbt <1,0,0,0> }
	no_shadow
}

// nucleotide -1

// particle -1
sphere {
	<26.160992, 38.910576, 37.655361> 0.250000
	pigment { color rgbt <1,0,0,0> }
	no_shadow
}
cylinder {
	<26.449335, 38.633717, 37.641003>,  <26.622341, 38.467602, 37.632385>, 0.100000
	pigment { color rgbt <1,0,0,0> }
	no_shadow
}
cylinder {
	<26.449335, 38.633717, 37.641003>,  <26.160992, 38.910576, 37.655361>, 0.100000
	pigment { color rgbt <1,0,0,0> }
	no_shadow
}

// particle -1
sphere {
	<26.449335, 38.633717, 37.641003> 0.100000
	pigment { color rgbt <1,0,0,0> }
	no_shadow
}
sphere {
	0, 1
	scale<0.080000,0.200000,0.300000>
	matrix <0.577561, 0.571268, 0.583160,
		-0.383128, -0.441109, 0.811564,
		0.720858, -0.692153, -0.035899,
		26.665592, 38.426071, 37.630234>
	pigment { color rgbt <0,1,1,0> }
	no_shadow
}
cylinder {
	<26.731173, 39.355282, 37.947174>,  <26.160992, 38.910576, 37.655361>, 0.130000
	pigment { color rgbt <1,0,0,0> }
	no_shadow
}

// nucleotide -1

// particle -1
sphere {
	<26.731173, 39.355282, 37.947174> 0.250000
	pigment { color rgbt <1,0,0,0> }
	no_shadow
}
cylinder {
	<27.060934, 39.249508, 38.147346>,  <27.258791, 39.186043, 38.267448>, 0.100000
	pigment { color rgbt <1,0,0,0> }
	no_shadow
}
cylinder {
	<27.060934, 39.249508, 38.147346>,  <26.731173, 39.355282, 37.947174>, 0.100000
	pigment { color rgbt <1,0,0,0> }
	no_shadow
}

// particle -1
sphere {
	<27.060934, 39.249508, 38.147346> 0.100000
	pigment { color rgbt <1,0,0,0> }
	no_shadow
}
sphere {
	0, 1
	scale<0.080000,0.200000,0.300000>
	matrix <-0.229419, -0.964382, -0.131657,
		0.517420, -0.006269, -0.855709,
		0.824405, -0.264438, 0.500429,
		27.308256, 39.170177, 38.297474>
	pigment { color rgbt <0,1,1,0> }
	no_shadow
}
cylinder {
	<27.217295, 39.046238, 37.459064>,  <26.731173, 39.355282, 37.947174>, 0.130000
	pigment { color rgbt <1,0,0,0> }
	no_shadow
}

// nucleotide -1

// particle -1
sphere {
	<27.217295, 39.046238, 37.459064> 0.250000
	pigment { color rgbt <1,0,0,0> }
	no_shadow
}
cylinder {
	<27.192057, 38.942055, 37.844433>,  <27.176914, 38.879543, 38.075653>, 0.100000
	pigment { color rgbt <1,0,0,0> }
	no_shadow
}
cylinder {
	<27.192057, 38.942055, 37.844433>,  <27.217295, 39.046238, 37.459064>, 0.100000
	pigment { color rgbt <1,0,0,0> }
	no_shadow
}

// particle -1
sphere {
	<27.192057, 38.942055, 37.844433> 0.100000
	pigment { color rgbt <1,0,0,0> }
	no_shadow
}
sphere {
	0, 1
	scale<0.080000,0.200000,0.300000>
	matrix <-0.247605, -0.931078, -0.267928,
		0.966805, -0.255453, -0.005745,
		-0.063094, -0.260457, 0.963422,
		27.173128, 38.863918, 38.133461>
	pigment { color rgbt <0,1,1,0> }
	no_shadow
}
cylinder {
	<27.609549, 38.446918, 37.596905>,  <27.217295, 39.046238, 37.459064>, 0.130000
	pigment { color rgbt <1,0,0,0> }
	no_shadow
}

// nucleotide -1

// particle -1
sphere {
	<27.609549, 38.446918, 37.596905> 0.250000
	pigment { color rgbt <1,0,0,0> }
	no_shadow
}
cylinder {
	<27.316082, 38.411476, 37.866390>,  <27.140003, 38.390209, 38.028080>, 0.100000
	pigment { color rgbt <1,0,0,0> }
	no_shadow
}
cylinder {
	<27.316082, 38.411476, 37.866390>,  <27.609549, 38.446918, 37.596905>, 0.100000
	pigment { color rgbt <1,0,0,0> }
	no_shadow
}

// particle -1
sphere {
	<27.316082, 38.411476, 37.866390> 0.100000
	pigment { color rgbt <1,0,0,0> }
	no_shadow
}
sphere {
	0, 1
	scale<0.080000,0.200000,0.300000>
	matrix <-0.202221, -0.918069, -0.340963,
		0.648724, -0.386391, 0.655637,
		-0.733665, -0.088607, 0.673710,
		27.095982, 38.384895, 38.068504>
	pigment { color rgbt <0,1,1,0> }
	no_shadow
}
cylinder {
	<27.573730, 37.776337, 37.900555>,  <27.609549, 38.446918, 37.596905>, 0.130000
	pigment { color rgbt <1,0,0,0> }
	no_shadow
}

// nucleotide -1

// particle -1
sphere {
	<27.573730, 37.776337, 37.900555> 0.250000
	pigment { color rgbt <1,0,0,0> }
	no_shadow
}
cylinder {
	<27.206036, 37.920059, 37.964939>,  <26.985418, 38.006290, 38.003571>, 0.100000
	pigment { color rgbt <1,0,0,0> }
	no_shadow
}
cylinder {
	<27.206036, 37.920059, 37.964939>,  <27.573730, 37.776337, 37.900555>, 0.100000
	pigment { color rgbt <1,0,0,0> }
	no_shadow
}

// particle -1
sphere {
	<27.206036, 37.920059, 37.964939> 0.100000
	pigment { color rgbt <1,0,0,0> }
	no_shadow
}
sphere {
	0, 1
	scale<0.080000,0.200000,0.300000>
	matrix <-0.390922, -0.784415, -0.481531,
		-0.046759, -0.505562, 0.861522,
		-0.919235, 0.359304, 0.160957,
		26.930265, 38.027851, 38.013226>
	pigment { color rgbt <0,1,1,0> }
	no_shadow
}
cylinder {
	<27.109825, 37.281437, 38.272881>,  <27.573730, 37.776337, 37.900555>, 0.130000
	pigment { color rgbt <1,0,0,0> }
	no_shadow
}

// nucleotide -1

// particle -1
sphere {
	<27.109825, 37.281437, 38.272881> 0.250000
	pigment { color rgbt <1,0,0,0> }
	no_shadow
}
cylinder {
	<26.871847, 37.530010, 38.068970>,  <26.729061, 37.679153, 37.946625>, 0.100000
	pigment { color rgbt <1,0,0,0> }
	no_shadow
}
cylinder {
	<26.871847, 37.530010, 38.068970>,  <27.109825, 37.281437, 38.272881>, 0.100000
	pigment { color rgbt <1,0,0,0> }
	no_shadow
}

// particle -1
sphere {
	<26.871847, 37.530010, 38.068970> 0.100000
	pigment { color rgbt <1,0,0,0> }
	no_shadow
}
sphere {
	0, 1
	scale<0.080000,0.200000,0.300000>
	matrix <-0.357134, -0.772563, -0.524977,
		-0.720067, -0.130275, 0.681566,
		-0.594944, 0.621429, -0.509771,
		26.693365, 37.716438, 37.916039>
	pigment { color rgbt <0,1,1,0> }
	no_shadow
}
cylinder {
	<26.476151, 36.892971, 38.132816>,  <27.109825, 37.281437, 38.272881>, 0.130000
	pigment { color rgbt <1,0,0,0> }
	no_shadow
}

// nucleotide -1

// particle -1
sphere {
	<26.476151, 36.892971, 38.132816> 0.250000
	pigment { color rgbt <1,0,0,0> }
	no_shadow
}
cylinder {
	<26.509180, 37.171871, 37.847996>,  <26.528997, 37.339211, 37.677101>, 0.100000
	pigment { color rgbt <1,0,0,0> }
	no_shadow
}
cylinder {
	<26.509180, 37.171871, 37.847996>,  <26.476151, 36.892971, 38.132816>, 0.100000
	pigment { color rgbt <1,0,0,0> }
	no_shadow
}

// particle -1
sphere {
	<26.509180, 37.171871, 37.847996> 0.100000
	pigment { color rgbt <1,0,0,0> }
	no_shadow
}
sphere {
	0, 1
	scale<0.080000,0.200000,0.300000>
	matrix <-0.520325, -0.579216, -0.627512,
		-0.849967, 0.422315, 0.314969,
		0.082573, 0.697250, -0.712056,
		26.533953, 37.381046, 37.634380>
	pigment { color rgbt <0,1,1,0> }
	no_shadow
}
cylinder {
	<25.822571, 36.905262, 37.890411>,  <26.476151, 36.892971, 38.132816>, 0.130000
	pigment { color rgbt <1,0,0,0> }
	no_shadow
}

// nucleotide -1

// particle -1
sphere {
	<25.822571, 36.905262, 37.890411> 0.250000
	pigment { color rgbt <1,0,0,0> }
	no_shadow
}
cylinder {
	<26.048801, 37.101826, 37.625492>,  <26.184540, 37.219765, 37.466541>, 0.100000
	pigment { color rgbt <1,0,0,0> }
	no_shadow
}
cylinder {
	<26.048801, 37.101826, 37.625492>,  <25.822571, 36.905262, 37.890411>, 0.100000
	pigment { color rgbt <1,0,0,0> }
	no_shadow
}

// particle -1
sphere {
	<26.048801, 37.101826, 37.625492> 0.100000
	pigment { color rgbt <1,0,0,0> }
	no_shadow
}
sphere {
	0, 1
	scale<0.080000,0.200000,0.300000>
	matrix <-0.557886, -0.363458, -0.746098,
		-0.607358, 0.791462, 0.068588,
		0.565579, 0.491413, -0.662294,
		26.218475, 37.249249, 37.426804>
	pigment { color rgbt <0,1,1,0> }
	no_shadow
}
cylinder {
	<25.398989, 37.242828, 37.395287>,  <25.822571, 36.905262, 37.890411>, 0.130000
	pigment { color rgbt <1,0,0,0> }
	no_shadow
}

// nucleotide -1

// particle -1
sphere {
	<25.398989, 37.242828, 37.395287> 0.250000
	pigment { color rgbt <1,0,0,0> }
	no_shadow
}
cylinder {
	<25.734879, 37.215469, 37.179813>,  <25.936413, 37.199055, 37.050529>, 0.100000
	pigment { color rgbt <1,0,0,0> }
	no_shadow
}
cylinder {
	<25.734879, 37.215469, 37.179813>,  <25.398989, 37.242828, 37.395287>, 0.100000
	pigment { color rgbt <1,0,0,0> }
	no_shadow
}

// particle -1
sphere {
	<25.734879, 37.215469, 37.179813> 0.100000
	pigment { color rgbt <1,0,0,0> }
	no_shadow
}
sphere {
	0, 1
	scale<0.080000,0.200000,0.300000>
	matrix <-0.491116, -0.518877, -0.699693,
		-0.231657, 0.852108, -0.469304,
		0.839726, -0.068394, -0.538686,
		25.986795, 37.194950, 37.018208>
	pigment { color rgbt <0,1,1,0> }
	no_shadow
}
cylinder {
	<24.814871, 37.772354, 37.113819>,  <25.398989, 37.242828, 37.395287>, 0.130000
	pigment { color rgbt <1,0,0,0> }
	no_shadow
}

// nucleotide -1

// particle -1
sphere {
	<24.814871, 37.772354, 37.113819> 0.250000
	pigment { color rgbt <1,0,0,0> }
	no_shadow
}
cylinder {
	<24.586319, 37.550877, 37.356125>,  <24.449188, 37.417992, 37.501511>, 0.100000
	pigment { color rgbt <1,0,0,0> }
	no_shadow
}
cylinder {
	<24.586319, 37.550877, 37.356125>,  <24.814871, 37.772354, 37.113819>, 0.100000
	pigment { color rgbt <1,0,0,0> }
	no_shadow
}

// particle -1
sphere {
	<24.586319, 37.550877, 37.356125> 0.100000
	pigment { color rgbt <1,0,0,0> }
	no_shadow
}
sphere {
	0, 1
	scale<0.080000,0.200000,0.300000>
	matrix <0.649418, 0.146254, 0.746234,
		-0.501780, 0.819778, 0.276011,
		-0.571378, -0.553692, 0.605766,
		24.414906, 37.384769, 37.537853>
	pigment { color rgbt <0,1,1,0> }
	no_shadow
}
cylinder {
	<25.131168, 37.201378, 36.668736>,  <24.814871, 37.772354, 37.113819>, 0.130000
	pigment { color rgbt <1,0,0,0> }
	no_shadow
}

// nucleotide -1

// particle -1
sphere {
	<25.131168, 37.201378, 36.668736> 0.250000
	pigment { color rgbt <1,0,0,0> }
	no_shadow
}
cylinder {
	<25.507111, 37.067848, 36.639797>,  <25.732676, 36.987732, 36.622437>, 0.100000
	pigment { color rgbt <1,0,0,0> }
	no_shadow
}
cylinder {
	<25.507111, 37.067848, 36.639797>,  <25.131168, 37.201378, 36.668736>, 0.100000
	pigment { color rgbt <1,0,0,0> }
	no_shadow
}

// particle -1
sphere {
	<25.507111, 37.067848, 36.639797> 0.100000
	pigment { color rgbt <1,0,0,0> }
	no_shadow
}
sphere {
	0, 1
	scale<0.080000,0.200000,0.300000>
	matrix <-0.259912, -0.561520, -0.785583,
		0.221624, 0.757137, -0.614513,
		0.939855, -0.333824, -0.072343,
		25.789066, 36.967701, 36.618095>
	pigment { color rgbt <0,1,1,0> }
	no_shadow
}
cylinder {
	<25.285225, 37.221886, 35.960629>,  <25.131168, 37.201378, 36.668736>, 0.130000
	pigment { color rgbt <1,0,0,0> }
	no_shadow
}

// nucleotide -1

// particle -1
sphere {
	<25.285225, 37.221886, 35.960629> 0.250000
	pigment { color rgbt <1,0,0,0> }
	no_shadow
}
cylinder {
	<25.560406, 36.972824, 36.109776>,  <25.725513, 36.823387, 36.199265>, 0.100000
	pigment { color rgbt <1,0,0,0> }
	no_shadow
}
cylinder {
	<25.560406, 36.972824, 36.109776>,  <25.285225, 37.221886, 35.960629>, 0.100000
	pigment { color rgbt <1,0,0,0> }
	no_shadow
}

// particle -1
sphere {
	<25.560406, 36.972824, 36.109776> 0.100000
	pigment { color rgbt <1,0,0,0> }
	no_shadow
}
sphere {
	0, 1
	scale<0.080000,0.200000,0.300000>
	matrix <-0.079269, -0.575150, -0.814198,
		0.721414, 0.530573, -0.445033,
		0.687952, -0.622651, 0.372864,
		25.766792, 36.786030, 36.221634>
	pigment { color rgbt <0,1,1,0> }
	no_shadow
}
cylinder {
	<25.721916, 36.977482, 35.392658>,  <25.285225, 37.221886, 35.960629>, 0.130000
	pigment { color rgbt <1,0,0,0> }
	no_shadow
}

// nucleotide -1

// particle -1
sphere {
	<25.721916, 36.977482, 35.392658> 0.250000
	pigment { color rgbt <1,0,0,0> }
	no_shadow
}
cylinder {
	<25.749901, 36.713726, 35.692074>,  <25.766691, 36.555473, 35.871723>, 0.100000
	pigment { color rgbt <1,0,0,0> }
	no_shadow
}
cylinder {
	<25.749901, 36.713726, 35.692074>,  <25.721916, 36.977482, 35.392658>, 0.100000
	pigment { color rgbt <1,0,0,0> }
	no_shadow
}

// particle -1
sphere {
	<25.749901, 36.713726, 35.692074> 0.100000
	pigment { color rgbt <1,0,0,0> }
	no_shadow
}
sphere {
	0, 1
	scale<0.080000,0.200000,0.300000>
	matrix <-0.194173, -0.745029, -0.638145,
		0.978469, -0.100700, -0.180160,
		0.069964, -0.659387, 0.748541,
		25.770889, 36.515911, 35.916637>
	pigment { color rgbt <0,1,1,0> }
	no_shadow
}
cylinder {
	<26.287809, 36.423496, 35.172859>,  <25.721916, 36.977482, 35.392658>, 0.130000
	pigment { color rgbt <1,0,0,0> }
	no_shadow
}

// nucleotide -1

// particle -1
sphere {
	<26.287809, 36.423496, 35.172859> 0.250000
	pigment { color rgbt <1,0,0,0> }
	no_shadow
}
cylinder {
	<26.141077, 36.316975, 35.529400>,  <26.053038, 36.253059, 35.743324>, 0.100000
	pigment { color rgbt <1,0,0,0> }
	no_shadow
}
cylinder {
	<26.141077, 36.316975, 35.529400>,  <26.287809, 36.423496, 35.172859>, 0.100000
	pigment { color rgbt <1,0,0,0> }
	no_shadow
}

// particle -1
sphere {
	<26.141077, 36.316975, 35.529400> 0.100000
	pigment { color rgbt <1,0,0,0> }
	no_shadow
}
sphere {
	0, 1
	scale<0.080000,0.200000,0.300000>
	matrix <-0.307937, -0.869377, -0.386469,
		0.877843, -0.416251, 0.236910,
		-0.366832, -0.266306, 0.891356,
		26.031027, 36.237083, 35.796806>
	pigment { color rgbt <0,1,1,0> }
	no_shadow
}
cylinder {
	<26.454216, 35.769478, 35.307133>,  <26.287809, 36.423496, 35.172859>, 0.130000
	pigment { color rgbt <1,0,0,0> }
	no_shadow
}

// nucleotide -1

// particle -1
sphere {
	<26.454216, 35.769478, 35.307133> 0.250000
	pigment { color rgbt <1,0,0,0> }
	no_shadow
}
cylinder {
	<26.148991, 35.816433, 35.561363>,  <25.965855, 35.844604, 35.713902>, 0.100000
	pigment { color rgbt <1,0,0,0> }
	no_shadow
}
cylinder {
	<26.148991, 35.816433, 35.561363>,  <26.454216, 35.769478, 35.307133>, 0.100000
	pigment { color rgbt <1,0,0,0> }
	no_shadow
}

// particle -1
sphere {
	<26.148991, 35.816433, 35.561363> 0.100000
	pigment { color rgbt <1,0,0,0> }
	no_shadow
}
sphere {
	0, 1
	scale<0.080000,0.200000,0.300000>
	matrix <-0.330905, -0.915665, -0.228166,
		0.555191, -0.384420, 0.737553,
		-0.763063, 0.117384, 0.635575,
		25.920073, 35.851646, 35.752037>
	pigment { color rgbt <0,1,1,0> }
	no_shadow
}
cylinder {
	<26.435596, 35.045990, 35.681168>,  <26.454216, 35.769478, 35.307133>, 0.130000
	pigment { color rgbt <1,0,0,0> }
	no_shadow
}

// nucleotide -1

// particle -1
sphere {
	<26.435596, 35.045990, 35.681168> 0.250000
	pigment { color rgbt <1,0,0,0> }
	no_shadow
}
cylinder {
	<26.095444, 35.242500, 35.756535>,  <25.891352, 35.360405, 35.801754>, 0.100000
	pigment { color rgbt <1,0,0,0> }
	no_shadow
}
cylinder {
	<26.095444, 35.242500, 35.756535>,  <26.435596, 35.045990, 35.681168>, 0.100000
	pigment { color rgbt <1,0,0,0> }
	no_shadow
}

// particle -1
sphere {
	<26.095444, 35.242500, 35.756535> 0.100000
	pigment { color rgbt <1,0,0,0> }
	no_shadow
}
sphere {
	0, 1
	scale<0.080000,0.200000,0.300000>
	matrix <-0.518411, -0.843539, -0.140329,
		0.089997, -0.217010, 0.972012,
		-0.850383, 0.491272, 0.188416,
		25.840328, 35.389881, 35.813061>
	pigment { color rgbt <0,1,1,0> }
	no_shadow
}
cylinder {
	<26.194901, 34.695335, 36.212372>,  <26.435596, 35.045990, 35.681168>, 0.130000
	pigment { color rgbt <1,0,0,0> }
	no_shadow
}

// nucleotide -1

// particle -1
sphere {
	<26.194901, 34.695335, 36.212372> 0.250000
	pigment { color rgbt <1,0,0,0> }
	no_shadow
}
cylinder {
	<25.905233, 34.868923, 35.997990>,  <25.731434, 34.973076, 35.869358>, 0.100000
	pigment { color rgbt <1,0,0,0> }
	no_shadow
}
cylinder {
	<25.905233, 34.868923, 35.997990>,  <26.194901, 34.695335, 36.212372>, 0.100000
	pigment { color rgbt <1,0,0,0> }
	no_shadow
}

// particle -1
sphere {
	<25.905233, 34.868923, 35.997990> 0.100000
	pigment { color rgbt <1,0,0,0> }
	no_shadow
}
sphere {
	0, 1
	scale<0.080000,0.200000,0.300000>
	matrix <-0.464265, -0.881469, -0.086436,
		-0.509941, 0.186233, 0.839808,
		-0.724168, 0.433971, -0.535958,
		25.687983, 34.999115, 35.837204>
	pigment { color rgbt <0,1,1,0> }
	no_shadow
}
cylinder {
	<26.834486, 35.115757, 36.305672>,  <26.194901, 34.695335, 36.212372>, 0.130000
	pigment { color rgbt <1,0,0,0> }
	no_shadow
}

// nucleotide -1

// particle -1
sphere {
	<26.834486, 35.115757, 36.305672> 0.250000
	pigment { color rgbt <1,0,0,0> }
	no_shadow
}
cylinder {
	<27.143696, 34.916756, 36.463112>,  <27.329222, 34.797356, 36.557575>, 0.100000
	pigment { color rgbt <1,0,0,0> }
	no_shadow
}
cylinder {
	<27.143696, 34.916756, 36.463112>,  <26.834486, 35.115757, 36.305672>, 0.100000
	pigment { color rgbt <1,0,0,0> }
	no_shadow
}

// particle -1
sphere {
	<27.143696, 34.916756, 36.463112> 0.100000
	pigment { color rgbt <1,0,0,0> }
	no_shadow
}
sphere {
	0, 1
	scale<0.080000,0.200000,0.300000>
	matrix <0.549603, 0.215370, -0.807188,
		0.316807, 0.840302, 0.439915,
		0.773026, -0.497502, 0.393602,
		27.375605, 34.767506, 36.581192>
	pigment { color rgbt <0,1,1,0> }
	no_shadow
}
cylinder {
	<27.480495, 35.586559, 36.229866>,  <26.834486, 35.115757, 36.305672>, 0.130000
	pigment { color rgbt <1,0,0,0> }
	no_shadow
}

// nucleotide -1

// particle -1
sphere {
	<27.480495, 35.586559, 36.229866> 0.250000
	pigment { color rgbt <1,0,0,0> }
	no_shadow
}
cylinder {
	<27.583075, 35.203472, 36.282047>,  <27.644623, 34.973621, 36.313358>, 0.100000
	pigment { color rgbt <1,0,0,0> }
	no_shadow
}
cylinder {
	<27.583075, 35.203472, 36.282047>,  <27.480495, 35.586559, 36.229866>, 0.100000
	pigment { color rgbt <1,0,0,0> }
	no_shadow
}

// particle -1
sphere {
	<27.583075, 35.203472, 36.282047> 0.100000
	pigment { color rgbt <1,0,0,0> }
	no_shadow
}
sphere {
	0, 1
	scale<0.080000,0.200000,0.300000>
	matrix <0.424557, -0.009640, -0.905350,
		0.868323, 0.287563, 0.404131,
		0.256450, -0.957713, 0.130458,
		27.660009, 34.916157, 36.321186>
	pigment { color rgbt <0,1,1,0> }
	no_shadow
}
cylinder {
	<28.192509, 35.554150, 36.006256>,  <27.480495, 35.586559, 36.229866>, 0.130000
	pigment { color rgbt <1,0,0,0> }
	no_shadow
}

// nucleotide -1

// particle -1
sphere {
	<28.192509, 35.554150, 36.006256> 0.250000
	pigment { color rgbt <1,0,0,0> }
	no_shadow
}
cylinder {
	<28.061531, 35.176308, 36.015232>,  <27.982944, 34.949604, 36.020618>, 0.100000
	pigment { color rgbt <1,0,0,0> }
	no_shadow
}
cylinder {
	<28.061531, 35.176308, 36.015232>,  <28.192509, 35.554150, 36.006256>, 0.100000
	pigment { color rgbt <1,0,0,0> }
	no_shadow
}

// particle -1
sphere {
	<28.061531, 35.176308, 36.015232> 0.100000
	pigment { color rgbt <1,0,0,0> }
	no_shadow
}
sphere {
	0, 1
	scale<0.080000,0.200000,0.300000>
	matrix <0.591537, -0.223455, -0.774695,
		0.736794, -0.240395, 0.631937,
		-0.327443, -0.944605, 0.022438,
		27.963299, 34.892925, 36.021965>
	pigment { color rgbt <0,1,1,0> }
	no_shadow
}
cylinder {
	<28.760935, 35.107319, 35.915203>,  <28.192509, 35.554150, 36.006256>, 0.130000
	pigment { color rgbt <1,0,0,0> }
	no_shadow
}

// nucleotide -1

// particle -1
sphere {
	<28.760935, 35.107319, 35.915203> 0.250000
	pigment { color rgbt <1,0,0,0> }
	no_shadow
}
cylinder {
	<28.460793, 34.881371, 35.777866>,  <28.280706, 34.745800, 35.695465>, 0.100000
	pigment { color rgbt <1,0,0,0> }
	no_shadow
}
cylinder {
	<28.460793, 34.881371, 35.777866>,  <28.760935, 35.107319, 35.915203>, 0.100000
	pigment { color rgbt <1,0,0,0> }
	no_shadow
}

// particle -1
sphere {
	<28.460793, 34.881371, 35.777866> 0.100000
	pigment { color rgbt <1,0,0,0> }
	no_shadow
}
sphere {
	0, 1
	scale<0.080000,0.200000,0.300000>
	matrix <0.560371, -0.268049, -0.783667,
		0.350641, -0.780428, 0.517671,
		-0.750357, -0.564874, -0.343340,
		28.235685, 34.711910, 35.674866>
	pigment { color rgbt <0,1,1,0> }
	no_shadow
}
cylinder {
	<28.989143, 34.396172, 35.763260>,  <28.760935, 35.107319, 35.915203>, 0.130000
	pigment { color rgbt <1,0,0,0> }
	no_shadow
}

// nucleotide -1

// particle -1
sphere {
	<28.989143, 34.396172, 35.763260> 0.250000
	pigment { color rgbt <1,0,0,0> }
	no_shadow
}
cylinder {
	<28.652723, 34.436886, 35.550743>,  <28.450871, 34.461315, 35.423233>, 0.100000
	pigment { color rgbt <1,0,0,0> }
	no_shadow
}
cylinder {
	<28.652723, 34.436886, 35.550743>,  <28.989143, 34.396172, 35.763260>, 0.100000
	pigment { color rgbt <1,0,0,0> }
	no_shadow
}

// particle -1
sphere {
	<28.652723, 34.436886, 35.550743> 0.100000
	pigment { color rgbt <1,0,0,0> }
	no_shadow
}
sphere {
	0, 1
	scale<0.080000,0.200000,0.300000>
	matrix <0.464317, -0.368105, -0.805548,
		-0.277568, -0.924195, 0.262333,
		-0.841050, 0.101788, -0.531294,
		28.400408, 34.467422, 35.391354>
	pigment { color rgbt <0,1,1,0> }
	no_shadow
}
cylinder {
	<29.092365, 33.894077, 35.268208>,  <28.989143, 34.396172, 35.763260>, 0.130000
	pigment { color rgbt <1,0,0,0> }
	no_shadow
}

// nucleotide -1

// particle -1
sphere {
	<29.092365, 33.894077, 35.268208> 0.250000
	pigment { color rgbt <1,0,0,0> }
	no_shadow
}
cylinder {
	<28.812872, 34.135284, 35.114250>,  <28.645176, 34.280010, 35.021877>, 0.100000
	pigment { color rgbt <1,0,0,0> }
	no_shadow
}
cylinder {
	<28.812872, 34.135284, 35.114250>,  <29.092365, 33.894077, 35.268208>, 0.100000
	pigment { color rgbt <1,0,0,0> }
	no_shadow
}

// particle -1
sphere {
	<28.812872, 34.135284, 35.114250> 0.100000
	pigment { color rgbt <1,0,0,0> }
	no_shadow
}
sphere {
	0, 1
	scale<0.080000,0.200000,0.300000>
	matrix <0.396454, -0.121440, -0.909987,
		-0.595482, -0.788428, -0.154216,
		-0.698731, 0.603020, -0.384891,
		28.603252, 34.316189, 34.998783>
	pigment { color rgbt <0,1,1,0> }
	no_shadow
}
cylinder {
	<28.655897, 33.197338, 35.259525>,  <29.092365, 33.894077, 35.268208>, 0.130000
	pigment { color rgbt <1,0,0,0> }
	no_shadow
}

// nucleotide -1

// particle -1
sphere {
	<28.655897, 33.197338, 35.259525> 0.250000
	pigment { color rgbt <1,0,0,0> }
	no_shadow
}
cylinder {
	<28.934147, 32.915810, 35.317139>,  <29.101097, 32.746895, 35.351707>, 0.100000
	pigment { color rgbt <1,0,0,0> }
	no_shadow
}
cylinder {
	<28.934147, 32.915810, 35.317139>,  <28.655897, 33.197338, 35.259525>, 0.100000
	pigment { color rgbt <1,0,0,0> }
	no_shadow
}

// particle -1
sphere {
	<28.934147, 32.915810, 35.317139> 0.100000
	pigment { color rgbt <1,0,0,0> }
	no_shadow
}
sphere {
	0, 1
	scale<0.080000,0.200000,0.300000>
	matrix <-0.702633, -0.708320, -0.067749,
		0.149708, -0.054078, -0.987250,
		0.695626, -0.703817, 0.144038,
		29.142834, 32.704666, 35.360352>
	pigment { color rgbt <0,1,1,0> }
	no_shadow
}
cylinder {
	<28.800621, 32.805168, 34.665634>,  <28.655897, 33.197338, 35.259525>, 0.130000
	pigment { color rgbt <1,0,0,0> }
	no_shadow
}

// nucleotide -1

// particle -1
sphere {
	<28.800621, 32.805168, 34.665634> 0.250000
	pigment { color rgbt <1,0,0,0> }
	no_shadow
}
cylinder {
	<28.809738, 32.639660, 35.029671>,  <28.815208, 32.540356, 35.248093>, 0.100000
	pigment { color rgbt <1,0,0,0> }
	no_shadow
}
cylinder {
	<28.809738, 32.639660, 35.029671>,  <28.800621, 32.805168, 34.665634>, 0.100000
	pigment { color rgbt <1,0,0,0> }
	no_shadow
}

// particle -1
sphere {
	<28.809738, 32.639660, 35.029671> 0.100000
	pigment { color rgbt <1,0,0,0> }
	no_shadow
}
sphere {
	0, 1
	scale<0.080000,0.200000,0.300000>
	matrix <-0.843985, -0.495921, -0.204330,
		0.535882, -0.763449, -0.360522,
		0.022795, -0.413772, 0.910095,
		28.816576, 32.515530, 35.302700>
	pigment { color rgbt <0,1,1,0> }
	no_shadow
}
cylinder {
	<28.886763, 33.554512, 34.524773>,  <28.800621, 32.805168, 34.665634>, 0.130000
	pigment { color rgbt <1,0,0,0> }
	no_shadow
}

// nucleotide -1

// particle -1
sphere {
	<28.886763, 33.554512, 34.524773> 0.250000
	pigment { color rgbt <1,0,0,0> }
	no_shadow
}
cylinder {
	<28.754427, 33.931877, 34.515663>,  <28.675026, 34.158295, 34.510197>, 0.100000
	pigment { color rgbt <1,0,0,0> }
	no_shadow
}
cylinder {
	<28.754427, 33.931877, 34.515663>,  <28.886763, 33.554512, 34.524773>, 0.100000
	pigment { color rgbt <1,0,0,0> }
	no_shadow
}

// particle -1
sphere {
	<28.754427, 33.931877, 34.515663> 0.100000
	pigment { color rgbt <1,0,0,0> }
	no_shadow
}
sphere {
	0, 1
	scale<0.080000,0.200000,0.300000>
	matrix <0.239262, 0.060507, -0.969068,
		-0.912853, -0.326053, -0.245741,
		-0.330837, 0.943413, -0.022778,
		28.655176, 34.214901, 34.508831>
	pigment { color rgbt <0,1,1,0> }
	no_shadow
}
cylinder {
	<28.529896, 33.593449, 33.868668>,  <28.886763, 33.554512, 34.524773>, 0.130000
	pigment { color rgbt <1,0,0,0> }
	no_shadow
}

// nucleotide -1

// particle -1
sphere {
	<28.529896, 33.593449, 33.868668> 0.250000
	pigment { color rgbt <1,0,0,0> }
	no_shadow
}
cylinder {
	<28.603701, 33.970791, 33.978966>,  <28.647984, 34.197197, 34.045143>, 0.100000
	pigment { color rgbt <1,0,0,0> }
	no_shadow
}
cylinder {
	<28.603701, 33.970791, 33.978966>,  <28.529896, 33.593449, 33.868668>, 0.100000
	pigment { color rgbt <1,0,0,0> }
	no_shadow
}

// particle -1
sphere {
	<28.603701, 33.970791, 33.978966> 0.100000
	pigment { color rgbt <1,0,0,0> }
	no_shadow
}
sphere {
	0, 1
	scale<0.080000,0.200000,0.300000>
	matrix <0.331175, 0.204475, -0.921148,
		-0.925353, 0.261282, -0.274688,
		0.184512, 0.943357, 0.275742,
		28.659054, 34.253799, 34.061687>
	pigment { color rgbt <0,1,1,0> }
	no_shadow
}
cylinder {
	<28.226658, 33.999870, 33.380451>,  <28.529896, 33.593449, 33.868668>, 0.130000
	pigment { color rgbt <1,0,0,0> }
	no_shadow
}

// nucleotide -1

// particle -1
sphere {
	<28.226658, 33.999870, 33.380451> 0.250000
	pigment { color rgbt <1,0,0,0> }
	no_shadow
}
cylinder {
	<28.517883, 34.210533, 33.555977>,  <28.692619, 34.336929, 33.661293>, 0.100000
	pigment { color rgbt <1,0,0,0> }
	no_shadow
}
cylinder {
	<28.517883, 34.210533, 33.555977>,  <28.226658, 33.999870, 33.380451>, 0.100000
	pigment { color rgbt <1,0,0,0> }
	no_shadow
}

// particle -1
sphere {
	<28.517883, 34.210533, 33.555977> 0.100000
	pigment { color rgbt <1,0,0,0> }
	no_shadow
}
sphere {
	0, 1
	scale<0.080000,0.200000,0.300000>
	matrix <0.335490, 0.284485, -0.898062,
		-0.597805, 0.801064, 0.030435,
		0.728063, 0.526655, 0.438816,
		28.736301, 34.368530, 33.687622>
	pigment { color rgbt <0,1,1,0> }
	no_shadow
}
cylinder {
	<28.255093, 34.721264, 33.046413>,  <28.226658, 33.999870, 33.380451>, 0.130000
	pigment { color rgbt <1,0,0,0> }
	no_shadow
}

// nucleotide -1

// particle -1
sphere {
	<28.255093, 34.721264, 33.046413> 0.250000
	pigment { color rgbt <1,0,0,0> }
	no_shadow
}
cylinder {
	<28.606615, 34.588791, 33.183826>,  <28.817530, 34.509308, 33.266273>, 0.100000
	pigment { color rgbt <1,0,0,0> }
	no_shadow
}
cylinder {
	<28.606615, 34.588791, 33.183826>,  <28.255093, 34.721264, 33.046413>, 0.100000
	pigment { color rgbt <1,0,0,0> }
	no_shadow
}

// particle -1
sphere {
	<28.606615, 34.588791, 33.183826> 0.100000
	pigment { color rgbt <1,0,0,0> }
	no_shadow
}
sphere {
	0, 1
	scale<0.080000,0.200000,0.300000>
	matrix <0.446546, 0.317008, -0.836721,
		0.168205, 0.888720, 0.426478,
		0.878808, -0.331182, 0.343532,
		28.870258, 34.489437, 33.286884>
	pigment { color rgbt <0,1,1,0> }
	no_shadow
}
cylinder {
	<28.767956, 35.293911, 33.005566>,  <28.255093, 34.721264, 33.046413>, 0.130000
	pigment { color rgbt <1,0,0,0> }
	no_shadow
}

// nucleotide -1

// particle -1
sphere {
	<28.767956, 35.293911, 33.005566> 0.250000
	pigment { color rgbt <1,0,0,0> }
	no_shadow
}
cylinder {
	<28.916937, 34.926682, 32.951283>,  <29.006325, 34.706345, 32.918713>, 0.100000
	pigment { color rgbt <1,0,0,0> }
	no_shadow
}
cylinder {
	<28.916937, 34.926682, 32.951283>,  <28.767956, 35.293911, 33.005566>, 0.100000
	pigment { color rgbt <1,0,0,0> }
	no_shadow
}

// particle -1
sphere {
	<28.916937, 34.926682, 32.951283> 0.100000
	pigment { color rgbt <1,0,0,0> }
	no_shadow
}
sphere {
	0, 1
	scale<0.080000,0.200000,0.300000>
	matrix <0.509861, 0.324607, -0.796663,
		0.775449, 0.227525, 0.588992,
		0.372452, -0.918075, -0.135710,
		29.028673, 34.651260, 32.910568>
	pigment { color rgbt <0,1,1,0> }
	no_shadow
}
cylinder {
	<29.390812, 35.033123, 33.394852>,  <28.767956, 35.293911, 33.005566>, 0.130000
	pigment { color rgbt <1,0,0,0> }
	no_shadow
}

// nucleotide -1

// particle -1
sphere {
	<29.390812, 35.033123, 33.394852> 0.250000
	pigment { color rgbt <1,0,0,0> }
	no_shadow
}
cylinder {
	<29.310852, 34.914776, 33.021221>,  <29.262877, 34.843769, 32.797043>, 0.100000
	pigment { color rgbt <1,0,0,0> }
	no_shadow
}
cylinder {
	<29.310852, 34.914776, 33.021221>,  <29.390812, 35.033123, 33.394852>, 0.100000
	pigment { color rgbt <1,0,0,0> }
	no_shadow
}

// particle -1
sphere {
	<29.310852, 34.914776, 33.021221> 0.100000
	pigment { color rgbt <1,0,0,0> }
	no_shadow
}
sphere {
	0, 1
	scale<0.080000,0.200000,0.300000>
	matrix <0.670580, 0.653767, -0.350587,
		0.714397, -0.696456, 0.067715,
		-0.199899, -0.295866, -0.934079,
		29.250883, 34.826015, 32.740997>
	pigment { color rgbt <0,1,1,0> }
	no_shadow
}
cylinder {
	<29.878677, 35.517567, 33.695873>,  <29.390812, 35.033123, 33.394852>, 0.130000
	pigment { color rgbt <1,0,0,0> }
	no_shadow
}

// nucleotide -1

// particle -1
sphere {
	<29.878677, 35.517567, 33.695873> 0.250000
	pigment { color rgbt <1,0,0,0> }
	no_shadow
}
cylinder {
	<30.018106, 35.888927, 33.644394>,  <30.101763, 36.111744, 33.613506>, 0.100000
	pigment { color rgbt <1,0,0,0> }
	no_shadow
}
cylinder {
	<30.018106, 35.888927, 33.644394>,  <29.878677, 35.517567, 33.695873>, 0.100000
	pigment { color rgbt <1,0,0,0> }
	no_shadow
}

// particle -1
sphere {
	<30.018106, 35.888927, 33.644394> 0.100000
	pigment { color rgbt <1,0,0,0> }
	no_shadow
}
sphere {
	0, 1
	scale<0.080000,0.200000,0.300000>
