// switches for output
#declare DRAW_BASES = 1; // possible values are 0, 1; only relevant for DNA ribbons
#declare DRAW_BASES_TYPE = 3; // possible values are 1, 2, 3; only relevant for DNA ribbons
#declare DRAW_FOG = 0; // set to 1 to enable fog

#include "colors.inc"

#include "transforms.inc"
background { rgb <1, 1, 1>}

#default {
   normal{
       ripples 0.25
       frequency 0.20
       turbulence 0.2
       lambda 5
   }
	finish {
		phong 0.1
		phong_size 40.
	}
}

// original window dimensions: 1024x640


// camera settings

camera {
	sky <0, 0.179814, -0.983701>
	up <0, 0.179814, -0.983701>
	right 1.6 * <1, 0, 0>
	location <35, 94.9851, 44.8844>
	look_at <35, 29.7336, 32.9568>
	direction <0, -65.2515, -11.9276>
	angle 67.0682
}


# declare cpy_camera_pos = <35, 94.9851, 44.8844>;
# if (DRAW_FOG = 1)
fog {
	fog_type 2
	up vnormalize(cpy_camera_pos)
	color rgbt<1,1,1,0.3>
	distance 1e-5
	fog_alt 3e-3
	fog_offset 56
}
# end


// LIGHTS

# declare lum = 6;
global_settings {
	ambient_light rgb lum * <0.05, 0.05, 0.05>
	max_trace_level 15
}# declare cpy_direct_light_amount = 0.25;
light_source
{	1000 * <-1, -1.16352, -0.803886>,
	rgb lum * cpy_direct_light_amount
	parallel
}

light_source
{	1000 * <1, 1.16352, 0.803886>,
	rgb lum * cpy_direct_light_amount
	parallel
}

// strand 0

// nucleotide -1

// particle -1
sphere {
	<24.138298, 35.183949, 35.255356> 0.250000
	pigment { color rgbt <1,0,0,0> }
	no_shadow
}
cylinder {
	<24.327183, 34.851032, 35.139210>,  <24.440514, 34.651283, 35.069523>, 0.100000
	pigment { color rgbt <1,0,0,0> }
	no_shadow
}
cylinder {
	<24.327183, 34.851032, 35.139210>,  <24.138298, 35.183949, 35.255356>, 0.100000
	pigment { color rgbt <1,0,0,0> }
	no_shadow
}

// particle -1
sphere {
	<24.327183, 34.851032, 35.139210> 0.100000
	pigment { color rgbt <1,0,0,0> }
	no_shadow
}
sphere {
	0, 1
	scale<0.080000,0.200000,0.300000>
	matrix <0.410919, 0.499268, -0.762809,
		0.779846, 0.240892, 0.577764,
		0.472213, -0.832287, -0.290366,
		24.468847, 34.601345, 35.052101>
	pigment { color rgbt <0,1,1,0> }
	no_shadow
}
cylinder {
	<24.777317, 35.398277, 35.120621>,  <24.138298, 35.183949, 35.255356>, 0.130000
	pigment { color rgbt <1,0,0,0> }
	no_shadow
}

// nucleotide -1

// particle -1
sphere {
	<24.777317, 35.398277, 35.120621> 0.250000
	pigment { color rgbt <1,0,0,0> }
	no_shadow
}
cylinder {
	<24.703039, 35.062630, 34.916115>,  <24.658472, 34.861240, 34.793411>, 0.100000
	pigment { color rgbt <1,0,0,0> }
	no_shadow
}
cylinder {
	<24.703039, 35.062630, 34.916115>,  <24.777317, 35.398277, 35.120621>, 0.100000
	pigment { color rgbt <1,0,0,0> }
	no_shadow
}

// particle -1
sphere {
	<24.703039, 35.062630, 34.916115> 0.100000
	pigment { color rgbt <1,0,0,0> }
	no_shadow
}
sphere {
	0, 1
	scale<0.080000,0.200000,0.300000>
	matrix <0.395835, 0.412348, -0.820538,
		0.899351, -0.354747, 0.255583,
		-0.185694, -0.839121, -0.511267,
		24.647331, 34.810894, 34.762733>
	pigment { color rgbt <0,1,1,0> }
	no_shadow
}
cylinder {
	<25.276915, 35.504730, 34.612267>,  <24.777317, 35.398277, 35.120621>, 0.130000
	pigment { color rgbt <1,0,0,0> }
	no_shadow
}

// nucleotide -1

// particle -1
sphere {
	<25.276915, 35.504730, 34.612267> 0.250000
	pigment { color rgbt <1,0,0,0> }
	no_shadow
}
cylinder {
	<25.071333, 35.193974, 34.466782>,  <24.947985, 35.007519, 34.379490>, 0.100000
	pigment { color rgbt <1,0,0,0> }
	no_shadow
}
cylinder {
	<25.071333, 35.193974, 34.466782>,  <25.276915, 35.504730, 34.612267>, 0.100000
	pigment { color rgbt <1,0,0,0> }
	no_shadow
}

// particle -1
sphere {
	<25.071333, 35.193974, 34.466782> 0.100000
	pigment { color rgbt <1,0,0,0> }
	no_shadow
}
sphere {
	0, 1
	scale<0.080000,0.200000,0.300000>
	matrix <0.366537, 0.184458, -0.911936,
		0.775567, -0.602007, 0.189957,
		-0.513953, -0.776893, -0.363717,
		24.917147, 34.960907, 34.357666>
	pigment { color rgbt <0,1,1,0> }
	no_shadow
}
cylinder {
	<25.627865, 35.228542, 34.094658>,  <25.276915, 35.504730, 34.612267>, 0.130000
	pigment { color rgbt <1,0,0,0> }
	no_shadow
}

// nucleotide -1

// particle -1
sphere {
	<25.627865, 35.228542, 34.094658> 0.250000
	pigment { color rgbt <1,0,0,0> }
	no_shadow
}
cylinder {
	<25.260530, 35.110714, 33.988918>,  <25.040129, 35.040016, 33.925472>, 0.100000
	pigment { color rgbt <1,0,0,0> }
	no_shadow
}
cylinder {
	<25.260530, 35.110714, 33.988918>,  <25.627865, 35.228542, 34.094658>, 0.100000
	pigment { color rgbt <1,0,0,0> }
	no_shadow
}

// particle -1
sphere {
	<25.260530, 35.110714, 33.988918> 0.100000
	pigment { color rgbt <1,0,0,0> }
	no_shadow
}
sphere {
	0, 1
	scale<0.080000,0.200000,0.300000>
	matrix <0.211475, 0.199388, -0.956829,
		0.334568, -0.934596, -0.120809,
		-0.918337, -0.294577, -0.264353,
		24.985029, 35.022343, 33.909611>
	pigment { color rgbt <0,1,1,0> }
	no_shadow
}
cylinder {
	<25.711880, 34.798069, 33.464375>,  <25.627865, 35.228542, 34.094658>, 0.130000
	pigment { color rgbt <1,0,0,0> }
	no_shadow
}

// nucleotide -1

// particle -1
sphere {
	<25.711880, 34.798069, 33.464375> 0.250000
	pigment { color rgbt <1,0,0,0> }
	no_shadow
}
cylinder {
	<25.326508, 34.905224, 33.461857>,  <25.095284, 34.969517, 33.460346>, 0.100000
	pigment { color rgbt <1,0,0,0> }
	no_shadow
}
cylinder {
	<25.326508, 34.905224, 33.461857>,  <25.711880, 34.798069, 33.464375>, 0.100000
	pigment { color rgbt <1,0,0,0> }
	no_shadow
}

// particle -1
sphere {
	<25.326508, 34.905224, 33.461857> 0.100000
	pigment { color rgbt <1,0,0,0> }
	no_shadow
}
sphere {
	0, 1
	scale<0.080000,0.200000,0.300000>
	matrix <0.118138, 0.403544, -0.907301,
		-0.240511, -0.874866, -0.420434,
		-0.963431, 0.267885, -0.006298,
		25.037479, 34.985588, 33.459969>
	pigment { color rgbt <0,1,1,0> }
	no_shadow
}
cylinder {
	<25.446417, 34.482792, 32.811432>,  <25.711880, 34.798069, 33.464375>, 0.130000
	pigment { color rgbt <1,0,0,0> }
	no_shadow
}

// nucleotide -1

// particle -1
sphere {
	<25.446417, 34.482792, 32.811432> 0.250000
	pigment { color rgbt <1,0,0,0> }
	no_shadow
}
cylinder {
	<25.241575, 34.815487, 32.897179>,  <25.118670, 35.015106, 32.948627>, 0.100000
	pigment { color rgbt <1,0,0,0> }
	no_shadow
}
cylinder {
	<25.241575, 34.815487, 32.897179>,  <25.446417, 34.482792, 32.811432>, 0.100000
	pigment { color rgbt <1,0,0,0> }
	no_shadow
}

// particle -1
sphere {
	<25.241575, 34.815487, 32.897179> 0.100000
	pigment { color rgbt <1,0,0,0> }
	no_shadow
}
sphere {
	0, 1
	scale<0.080000,0.200000,0.300000>
	matrix <0.212290, 0.364402, -0.906722,
		-0.832276, -0.418827, -0.363182,
		-0.512104, 0.831742, 0.214371,
		25.087944, 35.065010, 32.961491>
	pigment { color rgbt <0,1,1,0> }
	no_shadow
}
cylinder {
	<24.994776, 34.732899, 32.225468>,  <25.446417, 34.482792, 32.811432>, 0.130000
	pigment { color rgbt <1,0,0,0> }
	no_shadow
}

// nucleotide -1

// particle -1
sphere {
	<24.994776, 34.732899, 32.225468> 0.250000
	pigment { color rgbt <1,0,0,0> }
	no_shadow
}
cylinder {
	<25.103615, 35.059944, 32.428436>,  <25.168919, 35.256172, 32.550217>, 0.100000
	pigment { color rgbt <1,0,0,0> }
	no_shadow
}
cylinder {
	<25.103615, 35.059944, 32.428436>,  <24.994776, 34.732899, 32.225468>, 0.100000
	pigment { color rgbt <1,0,0,0> }
	no_shadow
}

// particle -1
sphere {
	<25.103615, 35.059944, 32.428436> 0.100000
	pigment { color rgbt <1,0,0,0> }
	no_shadow
}
sphere {
	0, 1
	scale<0.080000,0.200000,0.300000>
	matrix <0.218337, 0.461109, -0.860063,
		-0.937172, 0.344811, -0.053048,
		0.272098, 0.817609, 0.507423,
		25.185244, 35.305225, 32.580662>
	pigment { color rgbt <0,1,1,0> }
	no_shadow
}
cylinder {
	<24.562435, 35.300514, 32.138039>,  <24.994776, 34.732899, 32.225468>, 0.130000
	pigment { color rgbt <1,0,0,0> }
	no_shadow
}

// nucleotide -1

// particle -1
sphere {
	<24.562435, 35.300514, 32.138039> 0.250000
	pigment { color rgbt <1,0,0,0> }
	no_shadow
}
cylinder {
	<24.927202, 35.452488, 32.200073>,  <25.146063, 35.543671, 32.237293>, 0.100000
	pigment { color rgbt <1,0,0,0> }
	no_shadow
}
cylinder {
	<24.927202, 35.452488, 32.200073>,  <24.562435, 35.300514, 32.138039>, 0.100000
	pigment { color rgbt <1,0,0,0> }
	no_shadow
}

// particle -1
sphere {
	<24.927202, 35.452488, 32.200073> 0.100000
	pigment { color rgbt <1,0,0,0> }
	no_shadow
}
sphere {
	0, 1
	scale<0.080000,0.200000,0.300000>
	matrix <-0.127777, 0.622020, -0.772505,
		-0.389968, 0.684646, 0.615780,
		0.911920, 0.379935, 0.155086,
		25.200779, 35.566467, 32.246597>
	pigment { color rgbt <0,1,1,0> }
	no_shadow
}
cylinder {
	<24.466415, 36.111870, 32.103985>,  <24.562435, 35.300514, 32.138039>, 0.130000
	pigment { color rgbt <1,0,0,0> }
	no_shadow
}

// nucleotide -1

// particle -1
sphere {
	<24.466415, 36.111870, 32.103985> 0.250000
	pigment { color rgbt <1,0,0,0> }
	no_shadow
}
cylinder {
	<24.857426, 36.034462, 32.070541>,  <25.092031, 35.988018, 32.050476>, 0.100000
	pigment { color rgbt <1,0,0,0> }
	no_shadow
}
cylinder {
	<24.857426, 36.034462, 32.070541>,  <24.466415, 36.111870, 32.103985>, 0.100000
	pigment { color rgbt <1,0,0,0> }
	no_shadow
}

// particle -1
sphere {
	<24.857426, 36.034462, 32.070541> 0.100000
	pigment { color rgbt <1,0,0,0> }
	no_shadow
}
sphere {
	0, 1
	scale<0.080000,0.200000,0.300000>
	matrix <0.112739, 0.815014, -0.568367,
		0.178133, 0.546169, 0.818516,
		0.977527, -0.193524, -0.083607,
		25.150684, 35.976406, 32.045460>
	pigment { color rgbt <0,1,1,0> }
	no_shadow
}
cylinder {
	<24.768421, 36.687313, 32.299644>,  <24.466415, 36.111870, 32.103985>, 0.130000
	pigment { color rgbt <1,0,0,0> }
	no_shadow
}

// nucleotide -1

// particle -1
sphere {
	<24.768421, 36.687313, 32.299644> 0.250000
	pigment { color rgbt <1,0,0,0> }
	no_shadow
}
cylinder {
	<25.047556, 36.510666, 32.074081>,  <25.215036, 36.404678, 31.938744>, 0.100000
	pigment { color rgbt <1,0,0,0> }
	no_shadow
}
cylinder {
	<25.047556, 36.510666, 32.074081>,  <24.768421, 36.687313, 32.299644>, 0.100000
	pigment { color rgbt <1,0,0,0> }
	no_shadow
}

// particle -1
sphere {
	<25.047556, 36.510666, 32.074081> 0.100000
	pigment { color rgbt <1,0,0,0> }
	no_shadow
}
sphere {
	0, 1
	scale<0.080000,0.200000,0.300000>
	matrix <0.063657, 0.822428, -0.565297,
		0.713420, 0.358589, 0.602034,
		0.697839, -0.441618, -0.563910,
		25.256908, 36.378181, 31.904909>
	pigment { color rgbt <0,1,1,0> }
	no_shadow
}
cylinder {
	<25.263344, 37.206654, 32.228573>,  <24.768421, 36.687313, 32.299644>, 0.130000
	pigment { color rgbt <1,0,0,0> }
	no_shadow
}

// nucleotide -1

// particle -1
sphere {
	<25.263344, 37.206654, 32.228573> 0.250000
	pigment { color rgbt <1,0,0,0> }
	no_shadow
}
cylinder {
	<25.318863, 36.948467, 31.928146>,  <25.352175, 36.793556, 31.747890>, 0.100000
	pigment { color rgbt <1,0,0,0> }
	no_shadow
}
cylinder {
	<25.318863, 36.948467, 31.928146>,  <25.263344, 37.206654, 32.228573>, 0.100000
	pigment { color rgbt <1,0,0,0> }
	no_shadow
}

// particle -1
sphere {
	<25.318863, 36.948467, 31.928146> 0.100000
	pigment { color rgbt <1,0,0,0> }
	no_shadow
}
sphere {
	0, 1
	scale<0.080000,0.200000,0.300000>
	matrix <0.016449, 0.759808, -0.649939,
		0.990184, 0.077855, 0.116076,
		0.138797, -0.645469, -0.751070,
		25.360502, 36.754826, 31.702826>
	pigment { color rgbt <0,1,1,0> }
	no_shadow
}
cylinder {
	<25.916399, 37.441826, 31.815319>,  <25.263344, 37.206654, 32.228573>, 0.130000
	pigment { color rgbt <1,0,0,0> }
	no_shadow
}

// nucleotide -1

// particle -1
sphere {
	<25.916399, 37.441826, 31.815319> 0.250000
	pigment { color rgbt <1,0,0,0> }
	no_shadow
}
cylinder {
	<25.605440, 37.254677, 31.647154>,  <25.418865, 37.142387, 31.546255>, 0.100000
	pigment { color rgbt <1,0,0,0> }
	no_shadow
}
cylinder {
	<25.605440, 37.254677, 31.647154>,  <25.916399, 37.441826, 31.815319>, 0.100000
	pigment { color rgbt <1,0,0,0> }
	no_shadow
}

// particle -1
sphere {
	<25.605440, 37.254677, 31.647154> 0.100000
	pigment { color rgbt <1,0,0,0> }
	no_shadow
}
sphere {
	0, 1
	scale<0.080000,0.200000,0.300000>
	matrix <-0.137728, 0.778771, -0.612003,
		0.613744, -0.417868, -0.669854,
		-0.777399, -0.467871, -0.420414,
		25.372221, 37.114315, 31.521029>
	pigment { color rgbt <0,1,1,0> }
	no_shadow
}
cylinder {
	<25.984030, 37.520611, 31.079969>,  <25.916399, 37.441826, 31.815319>, 0.130000
	pigment { color rgbt <1,0,0,0> }
	no_shadow
}

// nucleotide -1

// particle -1
sphere {
	<25.984030, 37.520611, 31.079969> 0.250000
	pigment { color rgbt <1,0,0,0> }
	no_shadow
}
cylinder {
	<25.602228, 37.451084, 31.176889>,  <25.373146, 37.409370, 31.235041>, 0.100000
	pigment { color rgbt <1,0,0,0> }
	no_shadow
}
cylinder {
	<25.602228, 37.451084, 31.176889>,  <25.984030, 37.520611, 31.079969>, 0.100000
	pigment { color rgbt <1,0,0,0> }
	no_shadow
}

// particle -1
sphere {
	<25.602228, 37.451084, 31.176889> 0.100000
	pigment { color rgbt <1,0,0,0> }
	no_shadow
}
sphere {
	0, 1
	scale<0.080000,0.200000,0.300000>
	matrix <-0.269988, 0.848704, -0.454761,
		-0.126597, -0.499489, -0.857020,
		-0.954505, -0.173814, 0.242300,
		25.315876, 37.398941, 31.249578>
	pigment { color rgbt <0,1,1,0> }
	no_shadow
}
cylinder {
	<25.522009, 37.470558, 30.514742>,  <25.984030, 37.520611, 31.079969>, 0.130000
	pigment { color rgbt <1,0,0,0> }
	no_shadow
}

// nucleotide -1

// particle -1
sphere {
	<25.522009, 37.470558, 30.514742> 0.250000
	pigment { color rgbt <1,0,0,0> }
	no_shadow
}
cylinder {
	<25.323774, 37.605564, 30.834862>,  <25.204834, 37.686569, 31.026934>, 0.100000
	pigment { color rgbt <1,0,0,0> }
	no_shadow
}
cylinder {
	<25.323774, 37.605564, 30.834862>,  <25.522009, 37.470558, 30.514742>, 0.100000
	pigment { color rgbt <1,0,0,0> }
	no_shadow
}

// particle -1
sphere {
	<25.323774, 37.605564, 30.834862> 0.100000
	pigment { color rgbt <1,0,0,0> }
	no_shadow
}
sphere {
	0, 1
	scale<0.080000,0.200000,0.300000>
	matrix <-0.170884, 0.865511, -0.470839,
		-0.851583, -0.370098, -0.371258,
		-0.495585, 0.337516, 0.800299,
		25.175098, 37.706818, 31.074951>
	pigment { color rgbt <0,1,1,0> }
	no_shadow
}
cylinder {
	<24.983524, 36.897911, 30.483253>,  <25.522009, 37.470558, 30.514742>, 0.130000
	pigment { color rgbt <1,0,0,0> }
	no_shadow
}

// nucleotide -1

// particle -1
sphere {
	<24.983524, 36.897911, 30.483253> 0.250000
	pigment { color rgbt <1,0,0,0> }
	no_shadow
}
cylinder {
	<25.290926, 37.023888, 30.706041>,  <25.475367, 37.099472, 30.839714>, 0.100000
	pigment { color rgbt <1,0,0,0> }
	no_shadow
}
cylinder {
	<25.290926, 37.023888, 30.706041>,  <24.983524, 36.897911, 30.483253>, 0.100000
	pigment { color rgbt <1,0,0,0> }
	no_shadow
}

// particle -1
sphere {
	<25.290926, 37.023888, 30.706041> 0.100000
	pigment { color rgbt <1,0,0,0> }
	no_shadow
}
sphere {
	0, 1
	scale<0.080000,0.200000,0.300000>
	matrix <0.171207, -0.939951, 0.295264,
		0.616513, -0.131555, -0.776276,
		0.768505, 0.314938, 0.556969,
		25.521477, 37.118370, 30.873133>
	pigment { color rgbt <0,1,1,0> }
	no_shadow
}
cylinder {
	<25.663013, 36.543110, 30.382763>,  <24.983524, 36.897911, 30.483253>, 0.130000
	pigment { color rgbt <1,0,0,0> }
	no_shadow
}

// nucleotide -1

// particle -1
sphere {
	<25.663013, 36.543110, 30.382763> 0.250000
	pigment { color rgbt <1,0,0,0> }
	no_shadow
}
cylinder {
	<25.655449, 36.663731, 30.764069>,  <25.650909, 36.736103, 30.992851>, 0.100000
	pigment { color rgbt <1,0,0,0> }
	no_shadow
}
cylinder {
	<25.655449, 36.663731, 30.764069>,  <25.663013, 36.543110, 30.382763>, 0.100000
	pigment { color rgbt <1,0,0,0> }
	no_shadow
}

// particle -1
sphere {
	<25.655449, 36.663731, 30.764069> 0.100000
	pigment { color rgbt <1,0,0,0> }
	no_shadow
}
sphere {
	0, 1
	scale<0.080000,0.200000,0.300000>
	matrix <0.186420, -0.935651, 0.299675,
		0.982288, 0.183375, -0.038520,
		-0.018912, 0.301548, 0.953264,
		25.649775, 36.754196, 31.050047>
	pigment { color rgbt <0,1,1,0> }
	no_shadow
}
cylinder {
	<25.587912, 35.916370, 30.783840>,  <25.663013, 36.543110, 30.382763>, 0.130000
	pigment { color rgbt <1,0,0,0> }
	no_shadow
}

// nucleotide -1

// particle -1
sphere {
	<25.587912, 35.916370, 30.783840> 0.250000
	pigment { color rgbt <1,0,0,0> }
	no_shadow
}
cylinder {
	<25.554605, 36.179577, 31.083193>,  <25.534622, 36.337502, 31.262804>, 0.100000
	pigment { color rgbt <1,0,0,0> }
	no_shadow
}
cylinder {
	<25.554605, 36.179577, 31.083193>,  <25.587912, 35.916370, 30.783840>, 0.100000
	pigment { color rgbt <1,0,0,0> }
	no_shadow
}

// particle -1
sphere {
	<25.554605, 36.179577, 31.083193> 0.100000
	pigment { color rgbt <1,0,0,0> }
	no_shadow
}
sphere {
	0, 1
	scale<0.080000,0.200000,0.300000>
	matrix <-0.102584, -0.752660, 0.650368,
		0.991233, -0.022619, 0.130172,
		-0.083264, 0.658020, 0.748383,
		25.529627, 36.376984, 31.307707>
	pigment { color rgbt <0,1,1,0> }
	no_shadow
}
cylinder {
	<26.102489, 35.712284, 31.230524>,  <25.587912, 35.916370, 30.783840>, 0.130000
	pigment { color rgbt <1,0,0,0> }
	no_shadow
}

// nucleotide -1

// particle -1
sphere {
	<26.102489, 35.712284, 31.230524> 0.250000
	pigment { color rgbt <1,0,0,0> }
	no_shadow
}
cylinder {
	<25.839563, 35.944305, 31.422972>,  <25.681808, 36.083519, 31.538441>, 0.100000
	pigment { color rgbt <1,0,0,0> }
	no_shadow
}
cylinder {
	<25.839563, 35.944305, 31.422972>,  <26.102489, 35.712284, 31.230524>, 0.100000
	pigment { color rgbt <1,0,0,0> }
	no_shadow
}

// particle -1
sphere {
	<25.839563, 35.944305, 31.422972> 0.100000
	pigment { color rgbt <1,0,0,0> }
	no_shadow
}
sphere {
	0, 1
	scale<0.080000,0.200000,0.300000>
	matrix <-0.137230, -0.719870, 0.680408,
		0.741017, 0.381218, 0.552781,
		-0.657314, 0.580052, 0.481121,
		25.642368, 36.118320, 31.567308>
	pigment { color rgbt <0,1,1,0> }
	no_shadow
}
cylinder {
	<26.382971, 35.763149, 31.881882>,  <26.102489, 35.712284, 31.230524>, 0.130000
	pigment { color rgbt <1,0,0,0> }
	no_shadow
}

// nucleotide -1

// particle -1
sphere {
	<26.382971, 35.763149, 31.881882> 0.250000
	pigment { color rgbt <1,0,0,0> }
	no_shadow
}
cylinder {
	<26.003727, 35.855503, 31.969320>,  <25.776180, 35.910915, 32.021782>, 0.100000
	pigment { color rgbt <1,0,0,0> }
	no_shadow
}
cylinder {
	<26.003727, 35.855503, 31.969320>,  <26.382971, 35.763149, 31.881882>, 0.100000
	pigment { color rgbt <1,0,0,0> }
	no_shadow
}

// particle -1
sphere {
	<26.003727, 35.855503, 31.969320> 0.100000
	pigment { color rgbt <1,0,0,0> }
	no_shadow
}
sphere {
	0, 1
	scale<0.080000,0.200000,0.300000>
	matrix <-0.004668, -0.697555, 0.716516,
		0.317913, 0.678315, 0.662435,
		-0.948108, 0.230882, 0.218595,
		25.719294, 35.924767, 32.034901>
	pigment { color rgbt <0,1,1,0> }
	no_shadow
}
cylinder {
	<26.396513, 35.958168, 32.614098>,  <26.382971, 35.763149, 31.881882>, 0.130000
	pigment { color rgbt <1,0,0,0> }
	no_shadow
}

// nucleotide -1

// particle -1
sphere {
	<26.396513, 35.958168, 32.614098> 0.250000
	pigment { color rgbt <1,0,0,0> }
	no_shadow
}
cylinder {
	<26.028557, 35.845264, 32.505188>,  <25.807783, 35.777523, 32.439842>, 0.100000
	pigment { color rgbt <1,0,0,0> }
	no_shadow
}
cylinder {
	<26.028557, 35.845264, 32.505188>,  <26.396513, 35.958168, 32.614098>, 0.100000
	pigment { color rgbt <1,0,0,0> }
	no_shadow
}

// particle -1
sphere {
	<26.028557, 35.845264, 32.505188> 0.100000
	pigment { color rgbt <1,0,0,0> }
	no_shadow
}
sphere {
	0, 1
	scale<0.080000,0.200000,0.300000>
	matrix <-0.069393, -0.566158, 0.821370,
		-0.385990, 0.774464, 0.501216,
		-0.919889, -0.282260, -0.272274,
		25.752590, 35.760586, 32.423508>
	pigment { color rgbt <0,1,1,0> }
	no_shadow
}
cylinder {
	<26.070070, 35.936592, 33.195946>,  <26.396513, 35.958168, 32.614098>, 0.130000
	pigment { color rgbt <1,0,0,0> }
	no_shadow
}

// nucleotide -1

// particle -1
sphere {
	<26.070070, 35.936592, 33.195946> 0.250000
	pigment { color rgbt <1,0,0,0> }
	no_shadow
}
cylinder {
	<25.863102, 35.691853, 32.956642>,  <25.738920, 35.545010, 32.813061>, 0.100000
	pigment { color rgbt <1,0,0,0> }
	no_shadow
}
cylinder {
	<25.863102, 35.691853, 32.956642>,  <26.070070, 35.936592, 33.195946>, 0.100000
	pigment { color rgbt <1,0,0,0> }
	no_shadow
}

// particle -1
sphere {
	<25.863102, 35.691853, 32.956642> 0.100000
	pigment { color rgbt <1,0,0,0> }
	no_shadow
}
sphere {
	0, 1
	scale<0.080000,0.200000,0.300000>
	matrix <-0.076981, -0.663004, 0.744647,
		-0.852260, 0.431352, 0.295952,
		-0.517423, -0.611851, -0.598258,
		25.707874, 35.508297, 32.777164>
	pigment { color rgbt <0,1,1,0> }
	no_shadow
}
cylinder {
	<25.925011, 36.634693, 33.230202>,  <26.070070, 35.936592, 33.195946>, 0.130000
	pigment { color rgbt <1,0,0,0> }
	no_shadow
}

// nucleotide -1

// particle -1
sphere {
	<25.925011, 36.634693, 33.230202> 0.250000
	pigment { color rgbt <1,0,0,0> }
	no_shadow
}
cylinder {
	<25.754129, 36.884819, 33.491425>,  <25.651602, 37.034893, 33.648159>, 0.100000
	pigment { color rgbt <1,0,0,0> }
	no_shadow
}
cylinder {
	<25.754129, 36.884819, 33.491425>,  <25.925011, 36.634693, 33.230202>, 0.100000
	pigment { color rgbt <1,0,0,0> }
	no_shadow
}

// particle -1
sphere {
	<25.754129, 36.884819, 33.491425> 0.100000
	pigment { color rgbt <1,0,0,0> }
	no_shadow
}
sphere {
	0, 1
	scale<0.080000,0.200000,0.300000>
	matrix <-0.426079, 0.497824, -0.755399,
		-0.797468, -0.600961, 0.053762,
		-0.427202, 0.625313, 0.653056,
		25.625969, 37.072414, 33.687340>
	pigment { color rgbt <0,1,1,0> }
	no_shadow
}
cylinder {
	<25.182924, 36.579777, 33.043243>,  <25.925011, 36.634693, 33.230202>, 0.130000
	pigment { color rgbt <1,0,0,0> }
	no_shadow
}

// nucleotide -1

// particle -1
sphere {
	<25.182924, 36.579777, 33.043243> 0.250000
	pigment { color rgbt <1,0,0,0> }
	no_shadow
}
cylinder {
	<24.909620, 36.358147, 32.853020>,  <24.745638, 36.225170, 32.738884>, 0.100000
	pigment { color rgbt <1,0,0,0> }
	no_shadow
}
cylinder {
	<24.909620, 36.358147, 32.853020>,  <25.182924, 36.579777, 33.043243>, 0.100000
	pigment { color rgbt <1,0,0,0> }
	no_shadow
}

// particle -1
sphere {
	<24.909620, 36.358147, 32.853020> 0.100000
	pigment { color rgbt <1,0,0,0> }
	no_shadow
}
sphere {
	0, 1
	scale<0.080000,0.200000,0.300000>
	matrix <0.315045, -0.811257, 0.492553,
		-0.658712, 0.186719, 0.728858,
		-0.683261, -0.554074, -0.475560,
		24.704641, 36.191925, 32.710350>
	pigment { color rgbt <0,1,1,0> }
	no_shadow
}
cylinder {
	<24.773849, 36.202572, 33.491592>,  <25.182924, 36.579777, 33.043243>, 0.130000
	pigment { color rgbt <1,0,0,0> }
	no_shadow
}

// nucleotide -1

// particle -1
sphere {
	<24.773849, 36.202572, 33.491592> 0.250000
	pigment { color rgbt <1,0,0,0> }
	no_shadow
}
cylinder {
	<24.698608, 35.979027, 33.168533>,  <24.653463, 35.844898, 32.974697>, 0.100000
	pigment { color rgbt <1,0,0,0> }
	no_shadow
}
cylinder {
	<24.698608, 35.979027, 33.168533>,  <24.773849, 36.202572, 33.491592>, 0.100000
	pigment { color rgbt <1,0,0,0> }
	no_shadow
}

// particle -1
sphere {
	<24.698608, 35.979027, 33.168533> 0.100000
	pigment { color rgbt <1,0,0,0> }
	no_shadow
}
sphere {
	0, 1
	scale<0.080000,0.200000,0.300000>
	matrix <0.076625, -0.828167, 0.555220,
		-0.979156, 0.042554, 0.198604,
		-0.188104, -0.558864, -0.807643,
		24.642178, 35.811367, 32.926239>
	pigment { color rgbt <0,1,1,0> }
	no_shadow
}
cylinder {
	<24.064117, 35.912247, 33.522263>,  <24.773849, 36.202572, 33.491592>, 0.130000
	pigment { color rgbt <1,0,0,0> }
	no_shadow
}

// nucleotide -1

// particle -1
sphere {
	<24.064117, 35.912247, 33.522263> 0.250000
	pigment { color rgbt <1,0,0,0> }
	no_shadow
}
cylinder {
	<24.349646, 35.693485, 33.347282>,  <24.520962, 35.562229, 33.242294>, 0.100000
	pigment { color rgbt <1,0,0,0> }
	no_shadow
}
cylinder {
	<24.349646, 35.693485, 33.347282>,  <24.064117, 35.912247, 33.522263>, 0.100000
	pigment { color rgbt <1,0,0,0> }
	no_shadow
}

// particle -1
sphere {
	<24.349646, 35.693485, 33.347282> 0.100000
	pigment { color rgbt <1,0,0,0> }
	no_shadow
}
sphere {
	0, 1
	scale<0.080000,0.200000,0.300000>
	matrix <-0.086570, -0.688749, 0.719813,
		-0.694956, -0.475949, -0.538989,
		0.713822, -0.546898, -0.437448,
		24.563791, 35.529415, 33.216049>
	pigment { color rgbt <0,1,1,0> }
	no_shadow
}
cylinder {
	<23.827023, 35.306049, 33.545143>,  <24.064117, 35.912247, 33.522263>, 0.130000
	pigment { color rgbt <1,0,0,0> }
	no_shadow
}

// nucleotide -1

// particle -1
sphere {
	<23.827023, 35.306049, 33.545143> 0.250000
	pigment { color rgbt <1,0,0,0> }
	no_shadow
}
cylinder {
	<24.218807, 35.248459, 33.488678>,  <24.453878, 35.213905, 33.454800>, 0.100000
	pigment { color rgbt <1,0,0,0> }
	no_shadow
}
cylinder {
	<24.218807, 35.248459, 33.488678>,  <23.827023, 35.306049, 33.545143>, 0.100000
	pigment { color rgbt <1,0,0,0> }
	no_shadow
}

// particle -1
sphere {
	<24.218807, 35.248459, 33.488678> 0.100000
	pigment { color rgbt <1,0,0,0> }
	no_shadow
}
sphere {
	0, 1
	scale<0.080000,0.200000,0.300000>
	matrix <-0.025661, -0.783416, 0.620968,
		-0.199989, -0.604592, -0.771021,
		0.979463, -0.143972, -0.141160,
		24.512646, 35.205269, 33.446331>
	pigment { color rgbt <0,1,1,0> }
	no_shadow
}
cylinder {
	<23.808071, 34.620293, 33.632065>,  <23.827023, 35.306049, 33.545143>, 0.130000
	pigment { color rgbt <1,0,0,0> }
	no_shadow
}

// nucleotide -1

// particle -1
sphere {
	<23.808071, 34.620293, 33.632065> 0.250000
	pigment { color rgbt <1,0,0,0> }
	no_shadow
}
cylinder {
	<24.191416, 34.722160, 33.683731>,  <24.421423, 34.783283, 33.714733>, 0.100000
	pigment { color rgbt <1,0,0,0> }
	no_shadow
}
cylinder {
	<24.191416, 34.722160, 33.683731>,  <23.808071, 34.620293, 33.632065>, 0.100000
	pigment { color rgbt <1,0,0,0> }
	no_shadow
}

// particle -1
sphere {
	<24.191416, 34.722160, 33.683731> 0.100000
	pigment { color rgbt <1,0,0,0> }
	no_shadow
}
sphere {
	0, 1
	scale<0.080000,0.200000,0.300000>
	matrix <0.099443, -0.721671, 0.685056,
		0.267684, -0.643687, -0.716947,
		0.958362, 0.254674, 0.129169,
		24.478924, 34.798561, 33.722481>
	pigment { color rgbt <0,1,1,0> }
	no_shadow
}
cylinder {
	<24.042889, 34.058170, 33.893700>,  <23.808071, 34.620293, 33.632065>, 0.130000
	pigment { color rgbt <1,0,0,0> }
	no_shadow
}

// nucleotide -1

// particle -1
sphere {
	<24.042889, 34.058170, 33.893700> 0.250000
	pigment { color rgbt <1,0,0,0> }
	no_shadow
}
cylinder {
	<24.330902, 34.304382, 34.021870>,  <24.503710, 34.452110, 34.098770>, 0.100000
	pigment { color rgbt <1,0,0,0> }
	no_shadow
}
cylinder {
	<24.330902, 34.304382, 34.021870>,  <24.042889, 34.058170, 33.893700>, 0.100000
	pigment { color rgbt <1,0,0,0> }
	no_shadow
}

// particle -1
sphere {
	<24.330902, 34.304382, 34.021870> 0.100000
	pigment { color rgbt <1,0,0,0> }
	no_shadow
}
sphere {
	0, 1
	scale<0.080000,0.200000,0.300000>
	matrix <0.006306, -0.467533, 0.883953,
		0.693910, -0.634456, -0.340522,
		0.720034, 0.615531, 0.320424,
		24.546913, 34.489040, 34.117996>
	pigment { color rgbt <0,1,1,0> }
	no_shadow
}
cylinder {
	<24.632448, 33.729546, 34.135315>,  <24.042889, 34.058170, 33.893700>, 0.130000
	pigment { color rgbt <1,0,0,0> }
	no_shadow
}

// nucleotide -1

// particle -1
sphere {
	<24.632448, 33.729546, 34.135315> 0.250000
	pigment { color rgbt <1,0,0,0> }
	no_shadow
}
cylinder {
	<24.605782, 34.072659, 34.339188>,  <24.589781, 34.278526, 34.461510>, 0.100000
	pigment { color rgbt <1,0,0,0> }
	no_shadow
}
cylinder {
	<24.605782, 34.072659, 34.339188>,  <24.632448, 33.729546, 34.135315>, 0.100000
	pigment { color rgbt <1,0,0,0> }
	no_shadow
}

// particle -1
sphere {
	<24.605782, 34.072659, 34.339188> 0.100000
	pigment { color rgbt <1,0,0,0> }
	no_shadow
}
sphere {
	0, 1
	scale<0.080000,0.200000,0.300000>
	matrix <-0.018349, -0.511781, 0.858920,
		0.997606, 0.047910, 0.049858,
		-0.066667, 0.857779, 0.509677,
		24.585781, 34.329990, 34.492092>
	pigment { color rgbt <0,1,1,0> }
	no_shadow
}
cylinder {
	<25.156919, 33.705803, 34.634853>,  <24.632448, 33.729546, 34.135315>, 0.130000
	pigment { color rgbt <1,0,0,0> }
	no_shadow
}

// nucleotide -1

// particle -1
sphere {
	<25.156919, 33.705803, 34.634853> 0.250000
	pigment { color rgbt <1,0,0,0> }
	no_shadow
}
cylinder {
	<24.846533, 33.925053, 34.759716>,  <24.660301, 34.056602, 34.834633>, 0.100000
	pigment { color rgbt <1,0,0,0> }
	no_shadow
}
cylinder {
	<24.846533, 33.925053, 34.759716>,  <25.156919, 33.705803, 34.634853>, 0.100000
	pigment { color rgbt <1,0,0,0> }
	no_shadow
}

// particle -1
sphere {
	<24.846533, 33.925053, 34.759716> 0.100000
	pigment { color rgbt <1,0,0,0> }
	no_shadow
}
sphere {
	0, 1
	scale<0.080000,0.200000,0.300000>
	matrix <-0.113184, -0.607833, 0.785957,
		0.620537, 0.574545, 0.533696,
		-0.775966, 0.548121, 0.312154,
		24.613743, 34.089489, 34.853363>
	pigment { color rgbt <0,1,1,0> }
	no_shadow
}
cylinder {
	<25.541599, 33.122936, 34.396526>,  <25.156919, 33.705803, 34.634853>, 0.130000
	pigment { color rgbt <1,0,0,0> }
	no_shadow
}

// nucleotide -1

// particle -1
sphere {
	<25.541599, 33.122936, 34.396526> 0.250000
	pigment { color rgbt <1,0,0,0> }
	no_shadow
}
cylinder {
	<25.676342, 32.846336, 34.140915>,  <25.757187, 32.680378, 33.987549>, 0.100000
	pigment { color rgbt <1,0,0,0> }
	no_shadow
}
cylinder {
	<25.676342, 32.846336, 34.140915>,  <25.541599, 33.122936, 34.396526>, 0.100000
	pigment { color rgbt <1,0,0,0> }
	no_shadow
}

// particle -1
sphere {
	<25.676342, 32.846336, 34.140915> 0.100000
	pigment { color rgbt <1,0,0,0> }
	no_shadow
}
sphere {
	0, 1
	scale<0.080000,0.200000,0.300000>
	matrix <0.467136, 0.712015, -0.524232,
		0.817503, -0.121921, 0.562871,
		0.336857, -0.691499, -0.639028,
		25.777399, 32.638885, 33.949207>
	pigment { color rgbt <0,1,1,0> }
	no_shadow
}
cylinder {
	<26.318153, 32.992695, 34.356777>,  <25.541599, 33.122936, 34.396526>, 0.130000
	pigment { color rgbt <1,0,0,0> }
	no_shadow
}

// nucleotide -1

// particle -1
sphere {
	<26.318153, 32.992695, 34.356777> 0.250000
	pigment { color rgbt <1,0,0,0> }
	no_shadow
}
cylinder {
	<26.148291, 32.944710, 33.997829>,  <26.046373, 32.915920, 33.782459>, 0.100000
	pigment { color rgbt <1,0,0,0> }
	no_shadow
}
cylinder {
	<26.148291, 32.944710, 33.997829>,  <26.318153, 32.992695, 34.356777>, 0.100000
	pigment { color rgbt <1,0,0,0> }
	no_shadow
}

// particle -1
sphere {
	<26.148291, 32.944710, 33.997829> 0.100000
	pigment { color rgbt <1,0,0,0> }
	no_shadow
}
sphere {
	0, 1
	scale<0.080000,0.200000,0.300000>
	matrix <0.652189, 0.646942, -0.395116,
		0.627945, -0.753045, -0.196492,
		-0.424659, -0.119961, -0.897371,
		26.020893, 32.908722, 33.728619>
	pigment { color rgbt <0,1,1,0> }
	no_shadow
}
cylinder {
	<26.866997, 32.854370, 33.810307>,  <26.318153, 32.992695, 34.356777>, 0.130000
	pigment { color rgbt <1,0,0,0> }
	no_shadow
}

// nucleotide -1

// particle -1
sphere {
	<26.866997, 32.854370, 33.810307> 0.250000
	pigment { color rgbt <1,0,0,0> }
	no_shadow
}
cylinder {
	<26.550457, 33.002602, 33.615810>,  <26.360533, 33.091541, 33.499111>, 0.100000
	pigment { color rgbt <1,0,0,0> }
	no_shadow
}
cylinder {
	<26.550457, 33.002602, 33.615810>,  <26.866997, 32.854370, 33.810307>, 0.100000
	pigment { color rgbt <1,0,0,0> }
	no_shadow
}

// particle -1
sphere {
	<26.550457, 33.002602, 33.615810> 0.100000
	pigment { color rgbt <1,0,0,0> }
	no_shadow
}
sphere {
	0, 1
	scale<0.080000,0.200000,0.300000>
	matrix <0.598506, 0.631849, -0.492501,
		0.124722, -0.680761, -0.721809,
		-0.791350, 0.370582, -0.486245,
		26.313051, 33.113777, 33.469936>
	pigment { color rgbt <0,1,1,0> }
	no_shadow
}
cylinder {
	<26.973515, 32.811523, 33.088680>,  <26.866997, 32.854370, 33.810307>, 0.130000
	pigment { color rgbt <1,0,0,0> }
	no_shadow
}

// nucleotide -1

// particle -1
sphere {
	<26.973515, 32.811523, 33.088680> 0.250000
	pigment { color rgbt <1,0,0,0> }
	no_shadow
}
cylinder {
	<26.746677, 33.128143, 33.179768>,  <26.610575, 33.318115, 33.234421>, 0.100000
	pigment { color rgbt <1,0,0,0> }
	no_shadow
}
cylinder {
	<26.746677, 33.128143, 33.179768>,  <26.973515, 32.811523, 33.088680>, 0.100000
	pigment { color rgbt <1,0,0,0> }
	no_shadow
}

// particle -1
sphere {
	<26.746677, 33.128143, 33.179768> 0.100000
	pigment { color rgbt <1,0,0,0> }
	no_shadow
}
sphere {
	0, 1
	scale<0.080000,0.200000,0.300000>
	matrix <0.731094, 0.611080, -0.303452,
		-0.379354, -0.005598, -0.925235,
		-0.567091, 0.791549, 0.227723,
		26.576550, 33.365608, 33.248085>
	pigment { color rgbt <0,1,1,0> }
	no_shadow
}
cylinder {
	<27.109568, 33.405704, 32.581394>,  <26.973515, 32.811523, 33.088680>, 0.130000
	pigment { color rgbt <1,0,0,0> }
	no_shadow
}

// nucleotide -1

// particle -1
sphere {
	<27.109568, 33.405704, 32.581394> 0.250000
	pigment { color rgbt <1,0,0,0> }
	no_shadow
}
cylinder {
	<26.981680, 33.591057, 32.911983>,  <26.904947, 33.702267, 33.110336>, 0.100000
	pigment { color rgbt <1,0,0,0> }
	no_shadow
}
cylinder {
	<26.981680, 33.591057, 32.911983>,  <27.109568, 33.405704, 32.581394>, 0.100000
	pigment { color rgbt <1,0,0,0> }
	no_shadow
}

// particle -1
sphere {
	<26.981680, 33.591057, 32.911983> 0.100000
	pigment { color rgbt <1,0,0,0> }
	no_shadow
}
sphere {
	0, 1
	scale<0.080000,0.200000,0.300000>
	matrix <0.520681, 0.814674, -0.255338,
		-0.791625, 0.348693, -0.501740,
		-0.319720, 0.463378, 0.826474,
		26.885763, 33.730072, 33.159927>
	pigment { color rgbt <0,1,1,0> }
	no_shadow
}
cylinder {
	<27.563725, 33.691586, 33.211586>,  <27.109568, 33.405704, 32.581394>, 0.130000
	pigment { color rgbt <1,0,0,0> }
	no_shadow
}

// nucleotide -1

// particle -1
sphere {
	<27.563725, 33.691586, 33.211586> 0.250000
	pigment { color rgbt <1,0,0,0> }
	no_shadow
}
cylinder {
	<27.659208, 33.955402, 33.496689>,  <27.716499, 34.113693, 33.667751>, 0.100000
	pigment { color rgbt <1,0,0,0> }
	no_shadow
}
cylinder {
	<27.659208, 33.955402, 33.496689>,  <27.563725, 33.691586, 33.211586>, 0.100000
	pigment { color rgbt <1,0,0,0> }
	no_shadow
}

// particle -1
sphere {
	<27.659208, 33.955402, 33.496689> 0.100000
	pigment { color rgbt <1,0,0,0> }
	no_shadow
}
sphere {
	0, 1
	scale<0.080000,0.200000,0.300000>
	matrix <-0.685907, -0.405058, 0.604533,
		0.687423, -0.633192, 0.355693,
		0.238709, 0.659542, 0.712757,
		27.730822, 34.153263, 33.710514>
	pigment { color rgbt <0,1,1,0> }
	no_shadow
}
cylinder {
	<27.713545, 33.419174, 33.945560>,  <27.563725, 33.691586, 33.211586>, 0.130000
	pigment { color rgbt <1,0,0,0> }
	no_shadow
}

// nucleotide -1

// particle -1
sphere {
	<27.713545, 33.419174, 33.945560> 0.250000
	pigment { color rgbt <1,0,0,0> }
	no_shadow
}
cylinder {
	<27.606047, 33.793247, 34.037830>,  <27.541548, 34.017693, 34.093193>, 0.100000
	pigment { color rgbt <1,0,0,0> }
	no_shadow
}
cylinder {
	<27.606047, 33.793247, 34.037830>,  <27.713545, 33.419174, 33.945560>, 0.100000
	pigment { color rgbt <1,0,0,0> }
	no_shadow
}

// particle -1
sphere {
	<27.606047, 33.793247, 34.037830> 0.100000
	pigment { color rgbt <1,0,0,0> }
	no_shadow
}
sphere {
	0, 1
	scale<0.080000,0.200000,0.300000>
	matrix <-0.482436, -0.337968, 0.808104,
		0.833686, 0.105888, 0.541993,
		-0.268744, 0.935182, 0.230675,
		27.525423, 34.073803, 34.107033>
	pigment { color rgbt <0,1,1,0> }
	no_shadow
}
cylinder {
	<27.795631, 33.609489, 34.665810>,  <27.713545, 33.419174, 33.945560>, 0.130000
	pigment { color rgbt <1,0,0,0> }
	no_shadow
}

// nucleotide -1

// particle -1
sphere {
	<27.795631, 33.609489, 34.665810> 0.250000
	pigment { color rgbt <1,0,0,0> }
	no_shadow
}
cylinder {
	<27.532547, 33.905033, 34.607159>,  <27.374697, 34.082359, 34.571968>, 0.100000
	pigment { color rgbt <1,0,0,0> }
	no_shadow
}
cylinder {
	<27.532547, 33.905033, 34.607159>,  <27.795631, 33.609489, 34.665810>, 0.100000
	pigment { color rgbt <1,0,0,0> }
	no_shadow
}

// particle -1
sphere {
	<27.532547, 33.905033, 34.607159> 0.100000
	pigment { color rgbt <1,0,0,0> }
	no_shadow
}
sphere {
	0, 1
	scale<0.080000,0.200000,0.300000>
	matrix <-0.450720, -0.230053, 0.862512,
		0.603547, 0.633369, 0.484329,
		-0.657709, 0.738864, -0.146624,
		27.335234, 34.126694, 34.563171>
	pigment { color rgbt <0,1,1,0> }
	no_shadow
}
cylinder {
	<27.665331, 33.867558, 35.355690>,  <27.795631, 33.609489, 34.665810>, 0.130000
	pigment { color rgbt <1,0,0,0> }
	no_shadow
}

// nucleotide -1

// particle -1
sphere {
	<27.665331, 33.867558, 35.355690> 0.250000
	pigment { color rgbt <1,0,0,0> }
	no_shadow
}
cylinder {
	<27.363375, 34.023277, 35.144566>,  <27.182201, 34.116711, 35.017891>, 0.100000
	pigment { color rgbt <1,0,0,0> }
	no_shadow
}
cylinder {
	<27.363375, 34.023277, 35.144566>,  <27.665331, 33.867558, 35.355690>, 0.100000
	pigment { color rgbt <1,0,0,0> }
	no_shadow
}

// particle -1
sphere {
	<27.363375, 34.023277, 35.144566> 0.100000
	pigment { color rgbt <1,0,0,0> }
	no_shadow
}
sphere {
	0, 1
	scale<0.080000,0.200000,0.300000>
	matrix <-0.634351, -0.229049, 0.738332,
		0.166541, 0.892177, 0.419861,
		-0.754892, 0.389302, -0.527808,
		27.136908, 34.140068, 34.986221>
	pigment { color rgbt <0,1,1,0> }
	no_shadow
}
cylinder {
	<27.107706, 33.988262, 35.840134>,  <27.665331, 33.867558, 35.355690>, 0.130000
	pigment { color rgbt <1,0,0,0> }
	no_shadow
}

// nucleotide -1

// particle -1
sphere {
	<27.107706, 33.988262, 35.840134> 0.250000
	pigment { color rgbt <1,0,0,0> }
	no_shadow
}
cylinder {
	<27.373556, 33.689606, 35.828865>,  <27.533066, 33.510410, 35.822102>, 0.100000
	pigment { color rgbt <1,0,0,0> }
	no_shadow
}
cylinder {
	<27.373556, 33.689606, 35.828865>,  <27.107706, 33.988262, 35.840134>, 0.100000
	pigment { color rgbt <1,0,0,0> }
	no_shadow
}

// particle -1
sphere {
	<27.373556, 33.689606, 35.828865> 0.100000
	pigment { color rgbt <1,0,0,0> }
	no_shadow
}
sphere {
	0, 1
	scale<0.080000,0.200000,0.300000>
	matrix <-0.201507, -0.142804, -0.969021,
		0.719490, 0.649716, -0.245365,
		0.664628, -0.746643, -0.028176,
		27.572945, 33.465614, 35.820412>
	pigment { color rgbt <0,1,1,0> }
	no_shadow
}
cylinder {
	<26.369694, 33.740631, 35.828476>,  <27.107706, 33.988262, 35.840134>, 0.130000
	pigment { color rgbt <1,0,0,0> }
	no_shadow
}

// nucleotide -1

// particle -1
sphere {
	<26.369694, 33.740631, 35.828476> 0.250000
	pigment { color rgbt <1,0,0,0> }
	no_shadow
}
cylinder {
	<26.109552, 34.012383, 35.692543>,  <25.953468, 34.175434, 35.610985>, 0.100000
	pigment { color rgbt <1,0,0,0> }
	no_shadow
}
cylinder {
	<26.109552, 34.012383, 35.692543>,  <26.369694, 33.740631, 35.828476>, 0.100000
	pigment { color rgbt <1,0,0,0> }
	no_shadow
}

// particle -1
sphere {
	<26.109552, 34.012383, 35.692543> 0.100000
	pigment { color rgbt <1,0,0,0> }
	no_shadow
}
sphere {
	0, 1
	scale<0.080000,0.200000,0.300000>
	matrix <0.619496, 0.215442, -0.754857,
		-0.439623, -0.701445, -0.560987,
		-0.650351, 0.679382, -0.339829,
		25.914448, 34.216198, 35.590595>
	pigment { color rgbt <0,1,1,0> }
	no_shadow
}
cylinder {
	<26.254082, 33.505630, 35.187099>,  <26.369694, 33.740631, 35.828476>, 0.130000
	pigment { color rgbt <1,0,0,0> }
	no_shadow
}

// nucleotide -1

// particle -1
sphere {
	<26.254082, 33.505630, 35.187099> 0.250000
	pigment { color rgbt <1,0,0,0> }
	no_shadow
}
cylinder {
	<26.214411, 33.895657, 35.266502>,  <26.190609, 34.129673, 35.314144>, 0.100000
	pigment { color rgbt <1,0,0,0> }
	no_shadow
}
cylinder {
	<26.214411, 33.895657, 35.266502>,  <26.254082, 33.505630, 35.187099>, 0.100000
	pigment { color rgbt <1,0,0,0> }
	no_shadow
}

// particle -1
sphere {
	<26.214411, 33.895657, 35.266502> 0.100000
	pigment { color rgbt <1,0,0,0> }
	no_shadow
}
sphere {
	0, 1
	scale<0.080000,0.200000,0.300000>
	matrix <0.582067, 0.218644, -0.783194,
		-0.807070, 0.037868, -0.589241,
		-0.099176, 0.975070, 0.198503,
		26.184658, 34.188179, 35.326054>
	pigment { color rgbt <0,1,1,0> }
	no_shadow
}
cylinder {
	<25.894751, 33.874855, 34.591393>,  <26.254082, 33.505630, 35.187099>, 0.130000
	pigment { color rgbt <1,0,0,0> }
	no_shadow
}

// nucleotide -1

// particle -1
sphere {
	<25.894751, 33.874855, 34.591393> 0.250000
	pigment { color rgbt <1,0,0,0> }
	no_shadow
}
cylinder {
	<26.186197, 34.034019, 34.814381>,  <26.361065, 34.129520, 34.948174>, 0.100000
	pigment { color rgbt <1,0,0,0> }
	no_shadow
}
cylinder {
	<26.186197, 34.034019, 34.814381>,  <25.894751, 33.874855, 34.591393>, 0.100000
	pigment { color rgbt <1,0,0,0> }
	no_shadow
}

// particle -1
sphere {
	<26.186197, 34.034019, 34.814381> 0.100000
	pigment { color rgbt <1,0,0,0> }
	no_shadow
}
sphere {
	0, 1
	scale<0.080000,0.200000,0.300000>
	matrix <0.526927, 0.194323, -0.827397,
