// switches for output
#declare DRAW_BASES = 1; // possible values are 0, 1; only relevant for DNA ribbons
#declare DRAW_BASES_TYPE = 3; // possible values are 1, 2, 3; only relevant for DNA ribbons
#declare DRAW_FOG = 0; // set to 1 to enable fog

#include "colors.inc"

#include "transforms.inc"
background { rgb <1, 1, 1>}

#default {
   normal{
       ripples 0.25
       frequency 0.20
       turbulence 0.2
       lambda 5
   }
	finish {
		phong 0.1
		phong_size 40.
	}
}

// original window dimensions: 1024x640


// camera settings

camera {
	sky <0, 0.179814, -0.983701>
	up <0, 0.179814, -0.983701>
	right 1.6 * <1, 0, 0>
	location <35, 94.9851, 44.8844>
	look_at <35, 29.7336, 32.9568>
	direction <0, -65.2515, -11.9276>
	angle 67.0682
}


# declare cpy_camera_pos = <35, 94.9851, 44.8844>;
# if (DRAW_FOG = 1)
fog {
	fog_type 2
	up vnormalize(cpy_camera_pos)
	color rgbt<1,1,1,0.3>
	distance 1e-5
	fog_alt 3e-3
	fog_offset 56
}
# end


// LIGHTS

# declare lum = 6;
global_settings {
	ambient_light rgb lum * <0.05, 0.05, 0.05>
	max_trace_level 15
}# declare cpy_direct_light_amount = 0.25;
light_source
{	1000 * <-1, -1.16352, -0.803886>,
	rgb lum * cpy_direct_light_amount
	parallel
}

light_source
{	1000 * <1, 1.16352, 0.803886>,
	rgb lum * cpy_direct_light_amount
	parallel
}

// strand 0

// nucleotide -1

// particle -1
sphere {
	<24.229826, 35.090889, 34.987774> 0.250000
	pigment { color rgbt <1,0,0,0> }
	no_shadow
}
cylinder {
	<24.591089, 35.183582, 34.843216>,  <24.807846, 35.239197, 34.756481>, 0.100000
	pigment { color rgbt <1,0,0,0> }
	no_shadow
}
cylinder {
	<24.591089, 35.183582, 34.843216>,  <24.229826, 35.090889, 34.987774>, 0.100000
	pigment { color rgbt <1,0,0,0> }
	no_shadow
}

// particle -1
sphere {
	<24.591089, 35.183582, 34.843216> 0.100000
	pigment { color rgbt <1,0,0,0> }
	no_shadow
}
sphere {
	0, 1
	scale<0.080000,0.200000,0.300000>
	matrix <0.135703, 0.644551, 0.752421,
		0.407298, -0.728598, 0.550684,
		0.903157, 0.231730, -0.361398,
		24.862036, 35.253101, 34.734795>
	pigment { color rgbt <0,1,1,0> }
	no_shadow
}
cylinder {
	<24.782146, 35.186985, 35.545502>,  <24.229826, 35.090889, 34.987774>, 0.130000
	pigment { color rgbt <1,0,0,0> }
	no_shadow
}

// nucleotide -1

// particle -1
sphere {
	<24.782146, 35.186985, 35.545502> 0.250000
	pigment { color rgbt <1,0,0,0> }
	no_shadow
}
cylinder {
	<24.933470, 35.410469, 35.250278>,  <25.024263, 35.544559, 35.073143>, 0.100000
	pigment { color rgbt <1,0,0,0> }
	no_shadow
}
cylinder {
	<24.933470, 35.410469, 35.250278>,  <24.782146, 35.186985, 35.545502>, 0.100000
	pigment { color rgbt <1,0,0,0> }
	no_shadow
}

// particle -1
sphere {
	<24.933470, 35.410469, 35.250278> 0.100000
	pigment { color rgbt <1,0,0,0> }
	no_shadow
}
sphere {
	0, 1
	scale<0.080000,0.200000,0.300000>
	matrix <0.301539, 0.679446, 0.668900,
		0.875190, -0.475604, 0.088569,
		0.378309, 0.558708, -0.738057,
		25.046963, 35.578083, 35.028862>
	pigment { color rgbt <0,1,1,0> }
	no_shadow
}
cylinder {
	<25.396965, 35.256184, 35.710087>,  <24.782146, 35.186985, 35.545502>, 0.130000
	pigment { color rgbt <1,0,0,0> }
	no_shadow
}

// nucleotide -1

// particle -1
sphere {
	<25.396965, 35.256184, 35.710087> 0.250000
	pigment { color rgbt <1,0,0,0> }
	no_shadow
}
cylinder {
	<25.304914, 35.560181, 35.466957>,  <25.249683, 35.742580, 35.321079>, 0.100000
	pigment { color rgbt <1,0,0,0> }
	no_shadow
}
cylinder {
	<25.304914, 35.560181, 35.466957>,  <25.396965, 35.256184, 35.710087>, 0.100000
	pigment { color rgbt <1,0,0,0> }
	no_shadow
}

// particle -1
sphere {
	<25.304914, 35.560181, 35.466957> 0.100000
	pigment { color rgbt <1,0,0,0> }
	no_shadow
}
sphere {
	0, 1
	scale<0.080000,0.200000,0.300000>
	matrix <0.460771, 0.635235, 0.619812,
		0.857165, -0.137433, -0.496367,
		-0.230127, 0.759993, -0.607826,
		25.235876, 35.788177, 35.284611>
	pigment { color rgbt <0,1,1,0> }
	no_shadow
}
cylinder {
	<26.086136, 35.635269, 35.643764>,  <25.396965, 35.256184, 35.710087>, 0.130000
	pigment { color rgbt <1,0,0,0> }
	no_shadow
}

// nucleotide -1

// particle -1
sphere {
	<26.086136, 35.635269, 35.643764> 0.250000
	pigment { color rgbt <1,0,0,0> }
	no_shadow
}
cylinder {
	<25.797796, 35.883293, 35.519894>,  <25.624792, 36.032108, 35.445572>, 0.100000
	pigment { color rgbt <1,0,0,0> }
	no_shadow
}
cylinder {
	<25.797796, 35.883293, 35.519894>,  <26.086136, 35.635269, 35.643764>, 0.100000
	pigment { color rgbt <1,0,0,0> }
	no_shadow
}

// particle -1
sphere {
	<25.797796, 35.883293, 35.519894> 0.100000
	pigment { color rgbt <1,0,0,0> }
	no_shadow
}
sphere {
	0, 1
	scale<0.080000,0.200000,0.300000>
	matrix <0.299757, 0.681773, 0.667331,
		0.624917, 0.388216, -0.677323,
		-0.720850, 0.620059, -0.309681,
		25.581541, 36.069309, 35.426991>
	pigment { color rgbt <0,1,1,0> }
	no_shadow
}
cylinder {
	<26.312300, 35.121502, 35.340954>,  <26.086136, 35.635269, 35.643764>, 0.130000
	pigment { color rgbt <1,0,0,0> }
	no_shadow
}

// nucleotide -1

// particle -1
sphere {
	<26.312300, 35.121502, 35.340954> 0.250000
	pigment { color rgbt <1,0,0,0> }
	no_shadow
}
cylinder {
	<26.487823, 35.474094, 35.410732>,  <26.593138, 35.685650, 35.452599>, 0.100000
	pigment { color rgbt <1,0,0,0> }
	no_shadow
}
cylinder {
	<26.487823, 35.474094, 35.410732>,  <26.312300, 35.121502, 35.340954>, 0.100000
	pigment { color rgbt <1,0,0,0> }
	no_shadow
}

// particle -1
sphere {
	<26.487823, 35.474094, 35.410732> 0.100000
	pigment { color rgbt <1,0,0,0> }
	no_shadow
}
sphere {
	0, 1
	scale<0.080000,0.200000,0.300000>
	matrix <-0.321716, -0.027154, 0.946446,
		0.839014, -0.471434, 0.271672,
		0.438810, 0.881483, 0.174450,
		26.619467, 35.738541, 35.463066>
	pigment { color rgbt <0,1,1,0> }
	no_shadow
}
cylinder {
	<26.656979, 35.101002, 35.934265>,  <26.312300, 35.121502, 35.340954>, 0.130000
	pigment { color rgbt <1,0,0,0> }
	no_shadow
}

// nucleotide -1

// particle -1
sphere {
	<26.656979, 35.101002, 35.934265> 0.250000
	pigment { color rgbt <1,0,0,0> }
	no_shadow
}
cylinder {
	<26.615911, 35.496025, 35.886616>,  <26.591270, 35.733040, 35.858025>, 0.100000
	pigment { color rgbt <1,0,0,0> }
	no_shadow
}
cylinder {
	<26.615911, 35.496025, 35.886616>,  <26.656979, 35.101002, 35.934265>, 0.100000
	pigment { color rgbt <1,0,0,0> }
	no_shadow
}

// particle -1
sphere {
	<26.615911, 35.496025, 35.886616> 0.100000
	pigment { color rgbt <1,0,0,0> }
	no_shadow
}
sphere {
	0, 1
	scale<0.080000,0.200000,0.300000>
	matrix <0.022938, 0.122079, 0.992255,
		0.994451, 0.099140, -0.035187,
		-0.102668, 0.987557, -0.119127,
		26.585112, 35.792294, 35.850876>
	pigment { color rgbt <0,1,1,0> }
	no_shadow
}
cylinder {
	<26.073803, 35.104595, 36.417854>,  <26.656979, 35.101002, 35.934265>, 0.130000
	pigment { color rgbt <1,0,0,0> }
	no_shadow
}

// nucleotide -1

// particle -1
sphere {
	<26.073803, 35.104595, 36.417854> 0.250000
	pigment { color rgbt <1,0,0,0> }
	no_shadow
}
cylinder {
	<25.912071, 35.227825, 36.762321>,  <25.815031, 35.301765, 36.969002>, 0.100000
	pigment { color rgbt <1,0,0,0> }
	no_shadow
}
cylinder {
	<25.912071, 35.227825, 36.762321>,  <26.073803, 35.104595, 36.417854>, 0.100000
	pigment { color rgbt <1,0,0,0> }
	no_shadow
}

// particle -1
sphere {
	<25.912071, 35.227825, 36.762321> 0.100000
	pigment { color rgbt <1,0,0,0> }
	no_shadow
}
sphere {
	0, 1
	scale<0.080000,0.200000,0.300000>
	matrix <0.571968, -0.649558, 0.500926,
		0.713701, 0.695098, 0.086425,
		-0.404330, 0.308079, 0.861165,
		25.790771, 35.320248, 37.020672>
	pigment { color rgbt <0,1,1,0> }
	no_shadow
}
cylinder {
	<26.624596, 35.260456, 36.936737>,  <26.073803, 35.104595, 36.417854>, 0.130000
	pigment { color rgbt <1,0,0,0> }
	no_shadow
}

// nucleotide -1

// particle -1
sphere {
	<26.624596, 35.260456, 36.936737> 0.250000
	pigment { color rgbt <1,0,0,0> }
	no_shadow
}
cylinder {
	<26.273174, 35.132767, 37.078857>,  <26.062321, 35.056152, 37.164131>, 0.100000
	pigment { color rgbt <1,0,0,0> }
	no_shadow
}
cylinder {
	<26.273174, 35.132767, 37.078857>,  <26.624596, 35.260456, 36.936737>, 0.100000
	pigment { color rgbt <1,0,0,0> }
	no_shadow
}

// particle -1
sphere {
	<26.273174, 35.132767, 37.078857> 0.100000
	pigment { color rgbt <1,0,0,0> }
	no_shadow
}
sphere {
	0, 1
	scale<0.080000,0.200000,0.300000>
	matrix <0.470379, -0.707461, 0.527486,
		0.082978, 0.630553, 0.771698,
		-0.878554, -0.319221, 0.355303,
		26.009607, 35.036999, 37.185448>
	pigment { color rgbt <0,1,1,0> }
	no_shadow
}
cylinder {
	<26.735157, 35.029686, 37.585144>,  <26.624596, 35.260456, 36.936737>, 0.130000
	pigment { color rgbt <1,0,0,0> }
	no_shadow
}

// nucleotide -1

// particle -1
sphere {
	<26.735157, 35.029686, 37.585144> 0.250000
	pigment { color rgbt <1,0,0,0> }
	no_shadow
}
cylinder {
	<26.386606, 34.843884, 37.521984>,  <26.177475, 34.732403, 37.484089>, 0.100000
	pigment { color rgbt <1,0,0,0> }
	no_shadow
}
cylinder {
	<26.386606, 34.843884, 37.521984>,  <26.735157, 35.029686, 37.585144>, 0.100000
	pigment { color rgbt <1,0,0,0> }
	no_shadow
}

// particle -1
sphere {
	<26.386606, 34.843884, 37.521984> 0.100000
	pigment { color rgbt <1,0,0,0> }
	no_shadow
}
sphere {
	0, 1
	scale<0.080000,0.200000,0.300000>
	matrix <0.436964, -0.881136, 0.180725,
		-0.223081, 0.088482, 0.970776,
		-0.871377, -0.464511, -0.157901,
		26.125193, 34.704529, 37.474613>
	pigment { color rgbt <0,1,1,0> }
	no_shadow
}
cylinder {
	<26.501312, 34.555664, 38.147587>,  <26.735157, 35.029686, 37.585144>, 0.130000
	pigment { color rgbt <1,0,0,0> }
	no_shadow
}

// nucleotide -1

// particle -1
sphere {
	<26.501312, 34.555664, 38.147587> 0.250000
	pigment { color rgbt <1,0,0,0> }
	no_shadow
}
cylinder {
	<26.265028, 34.402817, 37.863319>,  <26.123259, 34.311108, 37.692760>, 0.100000
	pigment { color rgbt <1,0,0,0> }
	no_shadow
}
cylinder {
	<26.265028, 34.402817, 37.863319>,  <26.501312, 34.555664, 38.147587>, 0.100000
	pigment { color rgbt <1,0,0,0> }
	no_shadow
}

// particle -1
sphere {
	<26.265028, 34.402817, 37.863319> 0.100000
	pigment { color rgbt <1,0,0,0> }
	no_shadow
}
sphere {
	0, 1
	scale<0.080000,0.200000,0.300000>
	matrix <0.166288, -0.919498, 0.356190,
		-0.789564, 0.092229, 0.606698,
		-0.590709, -0.382122, -0.710666,
		26.087816, 34.288181, 37.650120>
	pigment { color rgbt <0,1,1,0> }
	no_shadow
}
cylinder {
	<26.196074, 34.138195, 38.501472>,  <26.501312, 34.555664, 38.147587>, 0.130000
	pigment { color rgbt <1,0,0,0> }
	no_shadow
}

// nucleotide -1

// particle -1
sphere {
	<26.196074, 34.138195, 38.501472> 0.250000
	pigment { color rgbt <1,0,0,0> }
	no_shadow
}
cylinder {
	<26.130730, 34.024670, 38.123528>,  <26.091522, 33.956554, 37.896759>, 0.100000
	pigment { color rgbt <1,0,0,0> }
	no_shadow
}
cylinder {
	<26.130730, 34.024670, 38.123528>,  <26.196074, 34.138195, 38.501472>, 0.100000
	pigment { color rgbt <1,0,0,0> }
	no_shadow
}

// particle -1
sphere {
	<26.130730, 34.024670, 38.123528> 0.100000
	pigment { color rgbt <1,0,0,0> }
	no_shadow
}
sphere {
	0, 1
	scale<0.080000,0.200000,0.300000>
	matrix <0.290281, -0.929161, 0.228905,
		-0.942894, -0.236881, 0.234174,
		-0.163362, -0.283810, -0.944862,
		26.081720, 33.939526, 37.840069>
	pigment { color rgbt <0,1,1,0> }
	no_shadow
}
cylinder {
	<25.763847, 33.513973, 38.394962>,  <26.196074, 34.138195, 38.501472>, 0.130000
	pigment { color rgbt <1,0,0,0> }
	no_shadow
}

// nucleotide -1

// particle -1
sphere {
	<25.763847, 33.513973, 38.394962> 0.250000
	pigment { color rgbt <1,0,0,0> }
	no_shadow
}
cylinder {
	<26.027149, 33.532734, 38.094429>,  <26.185131, 33.543991, 37.914108>, 0.100000
	pigment { color rgbt <1,0,0,0> }
	no_shadow
}
cylinder {
	<26.027149, 33.532734, 38.094429>,  <25.763847, 33.513973, 38.394962>, 0.100000
	pigment { color rgbt <1,0,0,0> }
	no_shadow
}

// particle -1
sphere {
	<26.027149, 33.532734, 38.094429> 0.100000
	pigment { color rgbt <1,0,0,0> }
	no_shadow
}
sphere {
	0, 1
	scale<0.080000,0.200000,0.300000>
	matrix <0.375243, -0.885669, 0.273464,
		-0.652604, -0.461941, -0.600599,
		0.658256, 0.046906, -0.751332,
		26.224627, 33.546806, 37.869030>
	pigment { color rgbt <0,1,1,0> }
	no_shadow
}
cylinder {
	<25.687052, 32.925728, 37.930782>,  <25.763847, 33.513973, 38.394962>, 0.130000
	pigment { color rgbt <1,0,0,0> }
	no_shadow
}

// nucleotide -1

// particle -1
sphere {
	<25.687052, 32.925728, 37.930782> 0.250000
	pigment { color rgbt <1,0,0,0> }
	no_shadow
}
cylinder {
	<26.059855, 33.070648, 37.934776>,  <26.283537, 33.157600, 37.937172>, 0.100000
	pigment { color rgbt <1,0,0,0> }
	no_shadow
}
cylinder {
	<26.059855, 33.070648, 37.934776>,  <25.687052, 32.925728, 37.930782>, 0.100000
	pigment { color rgbt <1,0,0,0> }
	no_shadow
}

// particle -1
sphere {
	<26.059855, 33.070648, 37.934776> 0.100000
	pigment { color rgbt <1,0,0,0> }
	no_shadow
}
sphere {
	0, 1
	scale<0.080000,0.200000,0.300000>
	matrix <0.356133, -0.920571, 0.160369,
		0.067292, -0.145910, -0.987007,
		0.932009, 0.362297, 0.009984,
		26.339457, 33.179337, 37.937771>
	pigment { color rgbt <0,1,1,0> }
	no_shadow
}
cylinder {
	<26.065495, 32.413647, 37.418331>,  <25.687052, 32.925728, 37.930782>, 0.130000
	pigment { color rgbt <1,0,0,0> }
	no_shadow
}

// nucleotide -1

// particle -1
sphere {
	<26.065495, 32.413647, 37.418331> 0.250000
	pigment { color rgbt <1,0,0,0> }
	no_shadow
}
cylinder {
	<25.693277, 32.429630, 37.272732>,  <25.469948, 32.439220, 37.185371>, 0.100000
	pigment { color rgbt <1,0,0,0> }
	no_shadow
}
cylinder {
	<25.693277, 32.429630, 37.272732>,  <26.065495, 32.413647, 37.418331>, 0.100000
	pigment { color rgbt <1,0,0,0> }
	no_shadow
}

// particle -1
sphere {
	<25.693277, 32.429630, 37.272732> 0.100000
	pigment { color rgbt <1,0,0,0> }
	no_shadow
}
sphere {
	0, 1
	scale<0.080000,0.200000,0.300000>
	matrix <0.096364, 0.985712, -0.138151,
		0.353275, -0.163632, -0.921098,
		-0.930543, 0.039955, -0.363996,
		25.414114, 32.441616, 37.163532>
	pigment { color rgbt <0,1,1,0> }
	no_shadow
}
cylinder {
	<26.062994, 32.624794, 36.614220>,  <26.065495, 32.413647, 37.418331>, 0.130000
	pigment { color rgbt <1,0,0,0> }
	no_shadow
}

// nucleotide -1

// particle -1
sphere {
	<26.062994, 32.624794, 36.614220> 0.250000
	pigment { color rgbt <1,0,0,0> }
	no_shadow
}
cylinder {
	<25.760473, 32.753059, 36.842319>,  <25.578960, 32.830017, 36.979179>, 0.100000
	pigment { color rgbt <1,0,0,0> }
	no_shadow
}
cylinder {
	<25.760473, 32.753059, 36.842319>,  <26.062994, 32.624794, 36.614220>, 0.100000
	pigment { color rgbt <1,0,0,0> }
	no_shadow
}

// particle -1
sphere {
	<25.760473, 32.753059, 36.842319> 0.100000
	pigment { color rgbt <1,0,0,0> }
	no_shadow
}
sphere {
	0, 1
	scale<0.080000,0.200000,0.300000>
	matrix <0.102898, 0.919096, -0.380360,
		-0.646079, -0.228990, -0.728111,
		-0.756303, 0.320664, 0.570246,
		25.533583, 32.849258, 37.013393>
	pigment { color rgbt <0,1,1,0> }
	no_shadow
}
cylinder {
	<26.400282, 33.168217, 36.786354>,  <26.062994, 32.624794, 36.614220>, 0.130000
	pigment { color rgbt <1,0,0,0> }
	no_shadow
}

// nucleotide -1

// particle -1
sphere {
	<26.400282, 33.168217, 36.786354> 0.250000
	pigment { color rgbt <1,0,0,0> }
	no_shadow
}
cylinder {
	<26.227522, 33.254959, 37.136539>,  <26.123865, 33.307003, 37.346649>, 0.100000
	pigment { color rgbt <1,0,0,0> }
	no_shadow
}
cylinder {
	<26.227522, 33.254959, 37.136539>,  <26.400282, 33.168217, 36.786354>, 0.100000
	pigment { color rgbt <1,0,0,0> }
	no_shadow
}

// particle -1
sphere {
	<26.227522, 33.254959, 37.136539> 0.100000
	pigment { color rgbt <1,0,0,0> }
	no_shadow
}
sphere {
	0, 1
	scale<0.080000,0.200000,0.300000>
	matrix <-0.014190, 0.968912, -0.247000,
		-0.901810, -0.119102, -0.415396,
		-0.431900, 0.216853, 0.875464,
		26.097952, 33.320015, 37.399178>
	pigment { color rgbt <0,1,1,0> }
	no_shadow
}
cylinder {
	<25.896185, 33.656528, 36.553562>,  <26.400282, 33.168217, 36.786354>, 0.130000
	pigment { color rgbt <1,0,0,0> }
	no_shadow
}

// nucleotide -1

// particle -1
sphere {
	<25.896185, 33.656528, 36.553562> 0.250000
	pigment { color rgbt <1,0,0,0> }
	no_shadow
}
cylinder {
	<25.938284, 33.707455, 36.948067>,  <25.963543, 33.738010, 37.184769>, 0.100000
	pigment { color rgbt <1,0,0,0> }
	no_shadow
}
cylinder {
	<25.938284, 33.707455, 36.948067>,  <25.896185, 33.656528, 36.553562>, 0.100000
	pigment { color rgbt <1,0,0,0> }
	no_shadow
}

// particle -1
sphere {
	<25.938284, 33.707455, 36.948067> 0.100000
	pigment { color rgbt <1,0,0,0> }
	no_shadow
}
sphere {
	0, 1
	scale<0.080000,0.200000,0.300000>
	matrix <-0.388941, 0.918039, -0.077004,
		-0.915231, -0.375493, 0.146140,
		0.105248, 0.127317, 0.986262,
		25.969858, 33.745651, 37.243946>
	pigment { color rgbt <0,1,1,0> }
	no_shadow
}
cylinder {
	<25.300940, 33.837929, 36.795628>,  <25.896185, 33.656528, 36.553562>, 0.130000
	pigment { color rgbt <1,0,0,0> }
	no_shadow
}

// nucleotide -1

// particle -1
sphere {
	<25.300940, 33.837929, 36.795628> 0.250000
	pigment { color rgbt <1,0,0,0> }
	no_shadow
}
cylinder {
	<25.559395, 33.992435, 37.058933>,  <25.714468, 34.085140, 37.216915>, 0.100000
	pigment { color rgbt <1,0,0,0> }
	no_shadow
}
cylinder {
	<25.559395, 33.992435, 37.058933>,  <25.300940, 33.837929, 36.795628>, 0.100000
	pigment { color rgbt <1,0,0,0> }
	no_shadow
}

// particle -1
sphere {
	<25.559395, 33.992435, 37.058933> 0.100000
	pigment { color rgbt <1,0,0,0> }
	no_shadow
}
sphere {
	0, 1
	scale<0.080000,0.200000,0.300000>
	matrix <-0.375843, 0.911685, -0.166051,
		-0.664265, -0.140110, 0.734248,
		0.646138, 0.386264, 0.658260,
		25.753237, 34.108315, 37.256413>
	pigment { color rgbt <0,1,1,0> }
	no_shadow
}
cylinder {
	<24.914911, 34.240154, 37.253616>,  <25.300940, 33.837929, 36.795628>, 0.130000
	pigment { color rgbt <1,0,0,0> }
	no_shadow
}

// nucleotide -1

// particle -1
sphere {
	<24.914911, 34.240154, 37.253616> 0.250000
	pigment { color rgbt <1,0,0,0> }
	no_shadow
}
cylinder {
	<25.281214, 34.384670, 37.323879>,  <25.500996, 34.471382, 37.366035>, 0.100000
	pigment { color rgbt <1,0,0,0> }
	no_shadow
}
cylinder {
	<25.281214, 34.384670, 37.323879>,  <24.914911, 34.240154, 37.253616>, 0.100000
	pigment { color rgbt <1,0,0,0> }
	no_shadow
}

// particle -1
sphere {
	<25.281214, 34.384670, 37.323879> 0.100000
	pigment { color rgbt <1,0,0,0> }
	no_shadow
}
sphere {
	0, 1
	scale<0.080000,0.200000,0.300000>
	matrix <-0.339216, 0.929666, -0.143712,
		-0.215222, 0.072021, 0.973906,
		0.915758, 0.361295, 0.175655,
		25.555941, 34.493057, 37.376575>
	pigment { color rgbt <0,1,1,0> }
	no_shadow
}
cylinder {
	<24.898951, 34.731895, 37.803703>,  <24.914911, 34.240154, 37.253616>, 0.130000
	pigment { color rgbt <1,0,0,0> }
	no_shadow
}

// nucleotide -1

// particle -1
sphere {
	<24.898951, 34.731895, 37.803703> 0.250000
	pigment { color rgbt <1,0,0,0> }
	no_shadow
}
cylinder {
	<25.213549, 34.790722, 37.563770>,  <25.402308, 34.826019, 37.419811>, 0.100000
	pigment { color rgbt <1,0,0,0> }
	no_shadow
}
cylinder {
	<25.213549, 34.790722, 37.563770>,  <24.898951, 34.731895, 37.803703>, 0.100000
	pigment { color rgbt <1,0,0,0> }
	no_shadow
}

// particle -1
sphere {
	<25.213549, 34.790722, 37.563770> 0.100000
	pigment { color rgbt <1,0,0,0> }
	no_shadow
}
sphere {
	0, 1
	scale<0.080000,0.200000,0.300000>
	matrix <-0.244597, 0.965991, -0.083869,
		0.567099, 0.212680, 0.795718,
		0.786493, 0.147069, -0.599833,
		25.449497, 34.834843, 37.383820>
	pigment { color rgbt <0,1,1,0> }
	no_shadow
}
cylinder {
	<24.992142, 35.363560, 37.902046>,  <24.898951, 34.731895, 37.803703>, 0.130000
	pigment { color rgbt <1,0,0,0> }
	no_shadow
}

// nucleotide -1

// particle -1
sphere {
	<24.992142, 35.363560, 37.902046> 0.250000
	pigment { color rgbt <1,0,0,0> }
	no_shadow
}
cylinder {
	<25.176706, 35.283882, 37.556232>,  <25.287445, 35.236076, 37.348743>, 0.100000
	pigment { color rgbt <1,0,0,0> }
	no_shadow
}
cylinder {
	<25.176706, 35.283882, 37.556232>,  <24.992142, 35.363560, 37.902046>, 0.100000
	pigment { color rgbt <1,0,0,0> }
	no_shadow
}

// particle -1
sphere {
	<25.176706, 35.283882, 37.556232> 0.100000
	pigment { color rgbt <1,0,0,0> }
	no_shadow
}
sphere {
	0, 1
	scale<0.080000,0.200000,0.300000>
	matrix <-0.362220, 0.847254, -0.388533,
		0.809875, 0.492424, 0.318779,
		0.461410, -0.199196, -0.864536,
		25.315128, 35.224125, 37.296871>
	pigment { color rgbt <0,1,1,0> }
	no_shadow
}
cylinder {
	<25.348524, 36.048473, 37.802666>,  <24.992142, 35.363560, 37.902046>, 0.130000
	pigment { color rgbt <1,0,0,0> }
	no_shadow
}

// nucleotide -1

// particle -1
sphere {
	<25.348524, 36.048473, 37.802666> 0.250000
	pigment { color rgbt <1,0,0,0> }
	no_shadow
}
cylinder {
	<25.301012, 35.883339, 37.441456>,  <25.272505, 35.784260, 37.224728>, 0.100000
	pigment { color rgbt <1,0,0,0> }
	no_shadow
}
cylinder {
	<25.301012, 35.883339, 37.441456>,  <25.348524, 36.048473, 37.802666>, 0.100000
	pigment { color rgbt <1,0,0,0> }
	no_shadow
}

// particle -1
sphere {
	<25.301012, 35.883339, 37.441456> 0.100000
	pigment { color rgbt <1,0,0,0> }
	no_shadow
}
sphere {
	0, 1
	scale<0.080000,0.200000,0.300000>
	matrix <-0.201704, 0.900535, -0.385164,
		0.972218, 0.136395, -0.190234,
		-0.118778, -0.412834, -0.903028,
		25.265379, 35.759487, 37.170547>
	pigment { color rgbt <0,1,1,0> }
	no_shadow
}
cylinder {
	<25.706522, 36.414433, 37.135624>,  <25.348524, 36.048473, 37.802666>, 0.130000
	pigment { color rgbt <1,0,0,0> }
	no_shadow
}

// nucleotide -1

// particle -1
sphere {
	<25.706522, 36.414433, 37.135624> 0.250000
	pigment { color rgbt <1,0,0,0> }
	no_shadow
}
cylinder {
	<25.372982, 36.232635, 37.010323>,  <25.172857, 36.123558, 36.935143>, 0.100000
	pigment { color rgbt <1,0,0,0> }
	no_shadow
}
cylinder {
	<25.372982, 36.232635, 37.010323>,  <25.706522, 36.414433, 37.135624>, 0.100000
	pigment { color rgbt <1,0,0,0> }
	no_shadow
}

// particle -1
sphere {
	<25.372982, 36.232635, 37.010323> 0.100000
	pigment { color rgbt <1,0,0,0> }
	no_shadow
}
sphere {
	0, 1
	scale<0.080000,0.200000,0.300000>
	matrix <-0.197216, 0.775339, -0.599963,
		0.515556, -0.438502, -0.736151,
		-0.833851, -0.454495, -0.313251,
		25.122828, 36.096287, 36.916348>
	pigment { color rgbt <0,1,1,0> }
	no_shadow
}
cylinder {
	<25.800476, 36.743790, 36.579617>,  <25.706522, 36.414433, 37.135624>, 0.130000
	pigment { color rgbt <1,0,0,0> }
	no_shadow
}

// nucleotide -1

// particle -1
sphere {
	<25.800476, 36.743790, 36.579617> 0.250000
	pigment { color rgbt <1,0,0,0> }
	no_shadow
}
cylinder {
	<25.716463, 37.018757, 36.301525>,  <25.666056, 37.183739, 36.134670>, 0.100000
	pigment { color rgbt <1,0,0,0> }
	no_shadow
}
cylinder {
	<25.716463, 37.018757, 36.301525>,  <25.800476, 36.743790, 36.579617>, 0.100000
	pigment { color rgbt <1,0,0,0> }
	no_shadow
}

// particle -1
sphere {
	<25.716463, 37.018757, 36.301525> 0.100000
	pigment { color rgbt <1,0,0,0> }
	no_shadow
}
sphere {
	0, 1
	scale<0.080000,0.200000,0.300000>
	matrix <-0.389445, -0.711064, -0.585422,
		-0.896783, 0.147797, 0.417057,
		-0.210031, 0.687418, -0.695229,
		25.653454, 37.224983, 36.092957>
	pigment { color rgbt <0,1,1,0> }
	no_shadow
}
cylinder {
	<25.084295, 36.674019, 36.390453>,  <25.800476, 36.743790, 36.579617>, 0.130000
	pigment { color rgbt <1,0,0,0> }
	no_shadow
}

// nucleotide -1

// particle -1
sphere {
	<25.084295, 36.674019, 36.390453> 0.250000
	pigment { color rgbt <1,0,0,0> }
	no_shadow
}
cylinder {
	<25.278658, 36.841007, 36.083309>,  <25.395275, 36.941200, 35.899021>, 0.100000
	pigment { color rgbt <1,0,0,0> }
	no_shadow
}
cylinder {
	<25.278658, 36.841007, 36.083309>,  <25.084295, 36.674019, 36.390453>, 0.100000
	pigment { color rgbt <1,0,0,0> }
	no_shadow
}

// particle -1
sphere {
	<25.278658, 36.841007, 36.083309> 0.100000
	pigment { color rgbt <1,0,0,0> }
	no_shadow
}
sphere {
	0, 1
	scale<0.080000,0.200000,0.300000>
	matrix <-0.418868, -0.659856, -0.623811,
		-0.767102, 0.624746, -0.145762,
		0.485905, 0.417472, -0.767863,
		25.424429, 36.966248, 35.852951>
	pigment { color rgbt <0,1,1,0> }
	no_shadow
}
cylinder {
	<24.660454, 36.942513, 35.817028>,  <25.084295, 36.674019, 36.390453>, 0.130000
	pigment { color rgbt <1,0,0,0> }
	no_shadow
}

// nucleotide -1

// particle -1
sphere {
	<24.660454, 36.942513, 35.817028> 0.250000
	pigment { color rgbt <1,0,0,0> }
	no_shadow
}
cylinder {
	<25.015903, 36.788376, 35.717545>,  <25.229174, 36.695896, 35.657852>, 0.100000
	pigment { color rgbt <1,0,0,0> }
	no_shadow
}
cylinder {
	<25.015903, 36.788376, 35.717545>,  <24.660454, 36.942513, 35.817028>, 0.100000
	pigment { color rgbt <1,0,0,0> }
	no_shadow
}

// particle -1
sphere {
	<25.015903, 36.788376, 35.717545> 0.100000
	pigment { color rgbt <1,0,0,0> }
	no_shadow
}
sphere {
	0, 1
	scale<0.080000,0.200000,0.300000>
	matrix <-0.440716, -0.567355, -0.695613,
		0.126938, 0.727752, -0.673991,
		0.888626, -0.385338, -0.248713,
		25.282492, 36.672775, 35.642929>
	pigment { color rgbt <0,1,1,0> }
	no_shadow
}
cylinder {
	<24.669952, 36.988800, 35.070499>,  <24.660454, 36.942513, 35.817028>, 0.130000
	pigment { color rgbt <1,0,0,0> }
	no_shadow
}

// nucleotide -1

// particle -1
sphere {
	<24.669952, 36.988800, 35.070499> 0.250000
	pigment { color rgbt <1,0,0,0> }
	no_shadow
}
cylinder {
	<24.947136, 36.718449, 35.170898>,  <25.113447, 36.556240, 35.231136>, 0.100000
	pigment { color rgbt <1,0,0,0> }
	no_shadow
}
cylinder {
	<24.947136, 36.718449, 35.170898>,  <24.669952, 36.988800, 35.070499>, 0.100000
	pigment { color rgbt <1,0,0,0> }
	no_shadow
}

// particle -1
sphere {
	<24.947136, 36.718449, 35.170898> 0.100000
	pigment { color rgbt <1,0,0,0> }
	no_shadow
}
sphere {
	0, 1
	scale<0.080000,0.200000,0.300000>
	matrix <-0.302503, -0.588567, -0.749720,
		0.654444, 0.443600, -0.612309,
		0.692961, -0.675875, 0.250994,
		25.155024, 36.515686, 35.246197>
	pigment { color rgbt <0,1,1,0> }
	no_shadow
}
cylinder {
	<24.932306, 36.769093, 34.410622>,  <24.669952, 36.988800, 35.070499>, 0.130000
	pigment { color rgbt <1,0,0,0> }
	no_shadow
}

// nucleotide -1

// particle -1
sphere {
	<24.932306, 36.769093, 34.410622> 0.250000
	pigment { color rgbt <1,0,0,0> }
	no_shadow
}
cylinder {
	<25.021446, 36.471344, 34.662415>,  <25.074930, 36.292694, 34.813488>, 0.100000
	pigment { color rgbt <1,0,0,0> }
	no_shadow
}
cylinder {
	<25.021446, 36.471344, 34.662415>,  <24.932306, 36.769093, 34.410622>, 0.100000
	pigment { color rgbt <1,0,0,0> }
	no_shadow
}

// particle -1
sphere {
	<25.021446, 36.471344, 34.662415> 0.100000
	pigment { color rgbt <1,0,0,0> }
	no_shadow
}
sphere {
	0, 1
	scale<0.080000,0.200000,0.300000>
	matrix <0.007654, -0.644361, -0.764683,
		0.974823, 0.175226, -0.137898,
		0.222848, -0.744375, 0.629479,
		25.088301, 36.248032, 34.851257>
	pigment { color rgbt <0,1,1,0> }
	no_shadow
}
cylinder {
	<25.347347, 36.278252, 33.978104>,  <24.932306, 36.769093, 34.410622>, 0.130000
	pigment { color rgbt <1,0,0,0> }
	no_shadow
}

// nucleotide -1

// particle -1
sphere {
	<25.347347, 36.278252, 33.978104> 0.250000
	pigment { color rgbt <1,0,0,0> }
	no_shadow
}
cylinder {
	<25.240421, 36.058155, 34.294529>,  <25.176266, 35.926098, 34.484383>, 0.100000
	pigment { color rgbt <1,0,0,0> }
	no_shadow
}
cylinder {
	<25.240421, 36.058155, 34.294529>,  <25.347347, 36.278252, 33.978104>, 0.100000
	pigment { color rgbt <1,0,0,0> }
	no_shadow
}

// particle -1
sphere {
	<25.240421, 36.058155, 34.294529> 0.100000
	pigment { color rgbt <1,0,0,0> }
	no_shadow
}
sphere {
	0, 1
	scale<0.080000,0.200000,0.300000>
	matrix <-0.279594, -0.741329, -0.610130,
		0.922155, -0.384272, 0.044323,
		-0.267314, -0.550242, 0.791060,
		25.160227, 35.893082, 34.531849>
	pigment { color rgbt <0,1,1,0> }
	no_shadow
}
cylinder {
	<25.625090, 35.641499, 33.987724>,  <25.347347, 36.278252, 33.978104>, 0.130000
	pigment { color rgbt <1,0,0,0> }
	no_shadow
}

// nucleotide -1

// particle -1
sphere {
	<25.625090, 35.641499, 33.987724> 0.250000
	pigment { color rgbt <1,0,0,0> }
	no_shadow
}
cylinder {
	<25.293108, 35.588348, 34.204433>,  <25.093918, 35.556458, 34.334457>, 0.100000
	pigment { color rgbt <1,0,0,0> }
	no_shadow
}
cylinder {
	<25.293108, 35.588348, 34.204433>,  <25.625090, 35.641499, 33.987724>, 0.100000
	pigment { color rgbt <1,0,0,0> }
	no_shadow
}

// particle -1
sphere {
	<25.293108, 35.588348, 34.204433> 0.100000
	pigment { color rgbt <1,0,0,0> }
	no_shadow
}
sphere {
	0, 1
	scale<0.080000,0.200000,0.300000>
	matrix <-0.244727, -0.786024, -0.567693,
		0.501281, -0.603746, 0.619845,
		-0.829956, -0.132880, 0.541772,
		25.044121, 35.548485, 34.366966>
	pigment { color rgbt <0,1,1,0> }
	no_shadow
}
cylinder {
	<25.066868, 35.756462, 33.493488>,  <25.625090, 35.641499, 33.987724>, 0.130000
	pigment { color rgbt <1,0,0,0> }
	no_shadow
}

// nucleotide -1

// particle -1
sphere {
	<25.066868, 35.756462, 33.493488> 0.250000
	pigment { color rgbt <1,0,0,0> }
	no_shadow
}
cylinder {
	<25.016962, 35.622917, 33.119759>,  <24.987019, 35.542789, 32.895519>, 0.100000
	pigment { color rgbt <1,0,0,0> }
	no_shadow
}
cylinder {
	<25.016962, 35.622917, 33.119759>,  <25.066868, 35.756462, 33.493488>, 0.100000
	pigment { color rgbt <1,0,0,0> }
	no_shadow
}

// particle -1
sphere {
	<25.016962, 35.622917, 33.119759> 0.100000
	pigment { color rgbt <1,0,0,0> }
	no_shadow
}
sphere {
	0, 1
	scale<0.080000,0.200000,0.300000>
	matrix <0.962174, 0.189147, -0.196072,
		0.242187, -0.923450, 0.297634,
		-0.124766, -0.333862, -0.934328,
		24.979532, 35.522758, 32.839458>
	pigment { color rgbt <0,1,1,0> }
	no_shadow
}
cylinder {
	<25.518742, 35.155834, 33.326145>,  <25.066868, 35.756462, 33.493488>, 0.130000
	pigment { color rgbt <1,0,0,0> }
	no_shadow
}

// nucleotide -1

// particle -1
sphere {
	<25.518742, 35.155834, 33.326145> 0.250000
	pigment { color rgbt <1,0,0,0> }
	no_shadow
}
cylinder {
	<25.438694, 35.412163, 33.029686>,  <25.390665, 35.565960, 32.851810>, 0.100000
	pigment { color rgbt <1,0,0,0> }
	no_shadow
}
cylinder {
	<25.438694, 35.412163, 33.029686>,  <25.518742, 35.155834, 33.326145>, 0.100000
	pigment { color rgbt <1,0,0,0> }
	no_shadow
}

// particle -1
sphere {
	<25.438694, 35.412163, 33.029686> 0.100000
	pigment { color rgbt <1,0,0,0> }
	no_shadow
}
sphere {
	0, 1
	scale<0.080000,0.200000,0.300000>
	matrix <0.979760, 0.127176, -0.154585,
		-0.004805, -0.757083, -0.653301,
		-0.200118, 0.640821, -0.741148,
		25.378658, 35.604408, 32.807343>
	pigment { color rgbt <0,1,1,0> }
	no_shadow
}
cylinder {
	<25.951658, 35.011456, 32.755360>,  <25.518742, 35.155834, 33.326145>, 0.130000
	pigment { color rgbt <1,0,0,0> }
	no_shadow
}

// nucleotide -1

// particle -1
sphere {
	<25.951658, 35.011456, 32.755360> 0.250000
	pigment { color rgbt <1,0,0,0> }
	no_shadow
}
cylinder {
	<25.839924, 35.395493, 32.760929>,  <25.772882, 35.625916, 32.764271>, 0.100000
	pigment { color rgbt <1,0,0,0> }
	no_shadow
}
cylinder {
	<25.839924, 35.395493, 32.760929>,  <25.951658, 35.011456, 32.755360>, 0.100000
	pigment { color rgbt <1,0,0,0> }
	no_shadow
}

// particle -1
sphere {
	<25.839924, 35.395493, 32.760929> 0.100000
	pigment { color rgbt <1,0,0,0> }
	no_shadow
}
sphere {
	0, 1
	scale<0.080000,0.200000,0.300000>
	matrix <0.957211, 0.279582, -0.074712,
		-0.075622, -0.007546, -0.997108,
		-0.279337, 0.960092, 0.013919,
		25.756123, 35.683521, 32.765106>
	pigment { color rgbt <0,1,1,0> }
	no_shadow
}
cylinder {
	<26.298923, 35.465160, 32.163200>,  <25.951658, 35.011456, 32.755360>, 0.130000
	pigment { color rgbt <1,0,0,0> }
	no_shadow
}

// nucleotide -1

// particle -1
sphere {
	<26.298923, 35.465160, 32.163200> 0.250000
	pigment { color rgbt <1,0,0,0> }
	no_shadow
}
cylinder {
	<26.212286, 35.654564, 32.504700>,  <26.160303, 35.768208, 32.709599>, 0.100000
	pigment { color rgbt <1,0,0,0> }
	no_shadow
}
cylinder {
	<26.212286, 35.654564, 32.504700>,  <26.298923, 35.465160, 32.163200>, 0.100000
	pigment { color rgbt <1,0,0,0> }
	no_shadow
}

// particle -1
sphere {
	<26.212286, 35.654564, 32.504700> 0.100000
	pigment { color rgbt <1,0,0,0> }
	no_shadow
}
sphere {
	0, 1
	scale<0.080000,0.200000,0.300000>
	matrix <0.970266, 0.007627, 0.241923,
		0.108041, 0.880756, -0.461080,
		-0.216591, 0.473508, 0.853744,
		26.147308, 35.796616, 32.760822>
	pigment { color rgbt <0,1,1,0> }
	no_shadow
}
cylinder {
	<26.970600, 35.286236, 32.096066>,  <26.298923, 35.465160, 32.163200>, 0.130000
	pigment { color rgbt <1,0,0,0> }
	no_shadow
}

// nucleotide -1

// particle -1
sphere {
	<26.970600, 35.286236, 32.096066> 0.250000
	pigment { color rgbt <1,0,0,0> }
	no_shadow
}
cylinder {
	<27.352798, 35.169151, 32.081371>,  <27.582117, 35.098900, 32.072556>, 0.100000
	pigment { color rgbt <1,0,0,0> }
	no_shadow
}
cylinder {
	<27.352798, 35.169151, 32.081371>,  <26.970600, 35.286236, 32.096066>, 0.100000
	pigment { color rgbt <1,0,0,0> }
	no_shadow
}

// particle -1
sphere {
	<27.352798, 35.169151, 32.081371> 0.100000
	pigment { color rgbt <1,0,0,0> }
	no_shadow
}
sphere {
	0, 1
	scale<0.080000,0.200000,0.300000>
	matrix <0.006700, 0.146015, -0.989260,
		0.294926, 0.944988, 0.141478,
		0.955497, -0.292707, -0.036732,
		27.639448, 35.081341, 32.070351>
	pigment { color rgbt <0,1,1,0> }
	no_shadow
}
cylinder {
	<27.420038, 35.766174, 31.741159>,  <26.970600, 35.286236, 32.096066>, 0.130000
	pigment { color rgbt <1,0,0,0> }
	no_shadow
}

// nucleotide -1

// particle -1
sphere {
	<27.420038, 35.766174, 31.741159> 0.250000
	pigment { color rgbt <1,0,0,0> }
	no_shadow
}
cylinder {
	<27.581573, 35.400555, 31.726067>,  <27.678495, 35.181183, 31.717010>, 0.100000
	pigment { color rgbt <1,0,0,0> }
	no_shadow
}
cylinder {
	<27.581573, 35.400555, 31.726067>,  <27.420038, 35.766174, 31.741159>, 0.100000
	pigment { color rgbt <1,0,0,0> }
	no_shadow
}

// particle -1
sphere {
	<27.581573, 35.400555, 31.726067> 0.100000
	pigment { color rgbt <1,0,0,0> }
	no_shadow
}
sphere {
	0, 1
	scale<0.080000,0.200000,0.300000>
	matrix <-0.080456, 0.005601, -0.996742,
		0.911286, 0.405559, -0.071279,
		0.403838, -0.914052, -0.037734,
		27.702724, 35.126339, 31.714746>
	pigment { color rgbt <0,1,1,0> }
	no_shadow
}
cylinder {
	<27.966509, 35.831169, 31.432890>,  <27.420038, 35.766174, 31.741159>, 0.130000
	pigment { color rgbt <1,0,0,0> }
	no_shadow
}

// nucleotide -1

// particle -1
sphere {
	<27.966509, 35.831169, 31.432890> 0.250000
	pigment { color rgbt <1,0,0,0> }
	no_shadow
}
cylinder {
	<27.856583, 35.449211, 31.387905>,  <27.790627, 35.220036, 31.360914>, 0.100000
	pigment { color rgbt <1,0,0,0> }
	no_shadow
}
cylinder {
	<27.856583, 35.449211, 31.387905>,  <27.966509, 35.831169, 31.432890>, 0.100000
	pigment { color rgbt <1,0,0,0> }
	no_shadow
}

// particle -1
sphere {
	<27.856583, 35.449211, 31.387905> 0.100000
	pigment { color rgbt <1,0,0,0> }
	no_shadow
}
sphere {
	0, 1
	scale<0.080000,0.200000,0.300000>
	matrix <-0.062569, 0.134477, -0.988939,
		0.959459, -0.264739, -0.096703,
		-0.274815, -0.954898, -0.112461,
		27.774137, 35.162743, 31.354166>
	pigment { color rgbt <0,1,1,0> }
	no_shadow
}
cylinder {
	<28.390953, 35.594906, 30.887264>,  <27.966509, 35.831169, 31.432890>, 0.130000
	pigment { color rgbt <1,0,0,0> }
	no_shadow
}

// nucleotide -1

// particle -1
sphere {
	<28.390953, 35.594906, 30.887264> 0.250000
	pigment { color rgbt <1,0,0,0> }
	no_shadow
}
cylinder {
	<28.079948, 35.343464, 30.894590>,  <27.893347, 35.192600, 30.898987>, 0.100000
	pigment { color rgbt <1,0,0,0> }
	no_shadow
}
cylinder {
	<28.079948, 35.343464, 30.894590>,  <28.390953, 35.594906, 30.887264>, 0.100000
	pigment { color rgbt <1,0,0,0> }
	no_shadow
}

// particle -1
sphere {
	<28.079948, 35.343464, 30.894590> 0.100000
	pigment { color rgbt <1,0,0,0> }
	no_shadow
}
sphere {
	0, 1
	scale<0.080000,0.200000,0.300000>
	matrix <-0.190345, 0.207476, -0.959543,
		0.599373, -0.749540, -0.280966,
		-0.777509, -0.628605, 0.018315,
		27.846695, 35.154884, 30.900085>
	pigment { color rgbt <0,1,1,0> }
	no_shadow
}
cylinder {
	<28.517866, 35.141937, 30.333509>,  <28.390953, 35.594906, 30.887264>, 0.130000
	pigment { color rgbt <1,0,0,0> }
	no_shadow
}

// nucleotide -1

// particle -1
sphere {
	<28.517866, 35.141937, 30.333509> 0.250000
	pigment { color rgbt <1,0,0,0> }
	no_shadow
}
cylinder {
	<28.128664, 35.166019, 30.422628>,  <27.895144, 35.180470, 30.476099>, 0.100000
	pigment { color rgbt <1,0,0,0> }
	no_shadow
}
cylinder {
	<28.128664, 35.166019, 30.422628>,  <28.517866, 35.141937, 30.333509>, 0.100000
	pigment { color rgbt <1,0,0,0> }
	no_shadow
}

// particle -1
sphere {
	<28.128664, 35.166019, 30.422628> 0.100000
	pigment { color rgbt <1,0,0,0> }
	no_shadow
}
sphere {
	0, 1
	scale<0.080000,0.200000,0.300000>
	matrix <-0.203719, 0.229581, -0.951730,
		-0.108454, -0.971425, -0.211117,
		-0.973004, 0.060211, 0.222797,
		27.836763, 35.184082, 30.489468>
	pigment { color rgbt <0,1,1,0> }
	no_shadow
}
cylinder {
	<28.020325, 34.966225, 29.779390>,  <28.517866, 35.141937, 30.333509>, 0.130000
	pigment { color rgbt <1,0,0,0> }
	no_shadow
}

// nucleotide -1

// particle -1
sphere {
	<28.020325, 34.966225, 29.779390> 0.250000
	pigment { color rgbt <1,0,0,0> }
	no_shadow
}
cylinder {
	<27.763521, 35.206871, 29.969496>,  <27.609438, 35.351261, 30.083559>, 0.100000
	pigment { color rgbt <1,0,0,0> }
	no_shadow
}
cylinder {
	<27.763521, 35.206871, 29.969496>,  <28.020325, 34.966225, 29.779390>, 0.100000
	pigment { color rgbt <1,0,0,0> }
	no_shadow
}

// particle -1
sphere {
	<27.763521, 35.206871, 29.969496> 0.100000
	pigment { color rgbt <1,0,0,0> }
	no_shadow
}
sphere {
	0, 1
	scale<0.080000,0.200000,0.300000>
	matrix <-0.347614, 0.324101, -0.879843,
		-0.683364, -0.730077, 0.001055,
		-0.642011, 0.601620, 0.475264,
		27.570917, 35.387356, 30.112076>
	pigment { color rgbt <0,1,1,0> }
	no_shadow
}
cylinder {
	<27.831753, 35.537518, 29.367119>,  <28.020325, 34.966225, 29.779390>, 0.130000
	pigment { color rgbt <1,0,0,0> }
	no_shadow
}

// nucleotide -1

// particle -1
sphere {
	<27.831753, 35.537518, 29.367119> 0.250000
	pigment { color rgbt <1,0,0,0> }
	no_shadow
}
cylinder {
	<27.486208, 35.336040, 29.364672>,  <27.278881, 35.215153, 29.363203>, 0.100000
	pigment { color rgbt <1,0,0,0> }
	no_shadow
}
cylinder {
	<27.486208, 35.336040, 29.364672>,  <27.831753, 35.537518, 29.367119>, 0.100000
	pigment { color rgbt <1,0,0,0> }
	no_shadow
}

// particle -1
sphere {
	<27.486208, 35.336040, 29.364672> 0.100000
	pigment { color rgbt <1,0,0,0> }
	no_shadow
}
sphere {
	0, 1
	scale<0.080000,0.200000,0.300000>
	matrix <0.000511, -0.013025, 0.999915,
		-0.503731, 0.863784, 0.011510,
		-0.863861, -0.503694, -0.006120,
		27.227049, 35.184933, 29.362835>
	pigment { color rgbt <0,1,1,0> }
	no_shadow
}
cylinder {
	<27.312067, 35.944054, 29.721554>,  <27.831753, 35.537518, 29.367119>, 0.130000
	pigment { color rgbt <1,0,0,0> }
	no_shadow
}

// nucleotide -1

// particle -1
sphere {
	<27.312067, 35.944054, 29.721554> 0.250000
	pigment { color rgbt <1,0,0,0> }
	no_shadow
}
cylinder {
	<27.233376, 35.552574, 29.745018>,  <27.186161, 35.317684, 29.759096>, 0.100000
	pigment { color rgbt <1,0,0,0> }
	no_shadow
}
cylinder {
	<27.233376, 35.552574, 29.745018>,  <27.312067, 35.944054, 29.721554>, 0.100000
	pigment { color rgbt <1,0,0,0> }
	no_shadow
}

// particle -1
sphere {
	<27.233376, 35.552574, 29.745018> 0.100000
	pigment { color rgbt <1,0,0,0> }
	no_shadow
}
sphere {
	0, 1
	scale<0.080000,0.200000,0.300000>
	matrix <0.052234, 0.049285, 0.997418,
		-0.979066, 0.199284, 0.041425,
		-0.196728, -0.978702, 0.058663,
		27.174356, 35.258965, 29.762617>
	pigment { color rgbt <0,1,1,0> }
	no_shadow
}
cylinder {
	<26.765190, 35.815552, 30.270468>,  <27.312067, 35.944054, 29.721554>, 0.130000
	pigment { color rgbt <1,0,0,0> }
	no_shadow
}

// nucleotide -1

// particle -1
sphere {
	<26.765190, 35.815552, 30.270468> 0.250000
	pigment { color rgbt <1,0,0,0> }
	no_shadow
}
cylinder {
	<27.009989, 35.502007, 30.228472>,  <27.156868, 35.313881, 30.203274>, 0.100000
	pigment { color rgbt <1,0,0,0> }
	no_shadow
}
cylinder {
	<27.009989, 35.502007, 30.228472>,  <26.765190, 35.815552, 30.270468>, 0.100000
	pigment { color rgbt <1,0,0,0> }
	no_shadow
}

// particle -1
sphere {
	<27.009989, 35.502007, 30.228472> 0.100000
	pigment { color rgbt <1,0,0,0> }
	no_shadow
}
sphere {
	0, 1
	scale<0.080000,0.200000,0.300000>
	matrix <0.089990, -0.062872, 0.993956,
