// switches for output
#declare DRAW_BASES = 1; // possible values are 0, 1; only relevant for DNA ribbons
#declare DRAW_BASES_TYPE = 3; // possible values are 1, 2, 3; only relevant for DNA ribbons
#declare DRAW_FOG = 0; // set to 1 to enable fog

#include "colors.inc"

#include "transforms.inc"
background { rgb <1, 1, 1>}

#default {
   normal{
       ripples 0.25
       frequency 0.20
       turbulence 0.2
       lambda 5
   }
	finish {
		phong 0.1
		phong_size 40.
	}
}

// original window dimensions: 1024x640


// camera settings

camera {
	sky <0, 0.179814, -0.983701>
	up <0, 0.179814, -0.983701>
	right 1.6 * <1, 0, 0>
	location <35, 94.9851, 44.8844>
	look_at <35, 29.7336, 32.9568>
	direction <0, -65.2515, -11.9276>
	angle 67.0682
}


# declare cpy_camera_pos = <35, 94.9851, 44.8844>;
# if (DRAW_FOG = 1)
fog {
	fog_type 2
	up vnormalize(cpy_camera_pos)
	color rgbt<1,1,1,0.3>
	distance 1e-5
	fog_alt 3e-3
	fog_offset 56
}
# end


// LIGHTS

# declare lum = 6;
global_settings {
	ambient_light rgb lum * <0.05, 0.05, 0.05>
	max_trace_level 15
}# declare cpy_direct_light_amount = 0.25;
light_source
{	1000 * <-1, -1.16352, -0.803886>,
	rgb lum * cpy_direct_light_amount
	parallel
}

light_source
{	1000 * <1, 1.16352, 0.803886>,
	rgb lum * cpy_direct_light_amount
	parallel
}

// strand 0

// nucleotide -1

// particle -1
sphere {
	<24.134266, 35.504139, 34.894917> 0.250000
	pigment { color rgbt <1,0,0,0> }
	no_shadow
}
cylinder {
	<24.218538, 35.124565, 34.988838>,  <24.269102, 34.896820, 35.045193>, 0.100000
	pigment { color rgbt <1,0,0,0> }
	no_shadow
}
cylinder {
	<24.218538, 35.124565, 34.988838>,  <24.134266, 35.504139, 34.894917>, 0.100000
	pigment { color rgbt <1,0,0,0> }
	no_shadow
}

// particle -1
sphere {
	<24.218538, 35.124565, 34.988838> 0.100000
	pigment { color rgbt <1,0,0,0> }
	no_shadow
}
sphere {
	0, 1
	scale<0.080000,0.200000,0.300000>
	matrix <0.627786, 0.315457, 0.711598,
		-0.749331, -0.002515, 0.662191,
		0.210683, -0.948936, 0.234803,
		24.281744, 34.839886, 35.059280>
	pigment { color rgbt <0,1,1,0> }
	no_shadow
}
cylinder {
	<23.931534, 35.357601, 35.600349>,  <24.134266, 35.504139, 34.894917>, 0.130000
	pigment { color rgbt <1,0,0,0> }
	no_shadow
}

// nucleotide -1

// particle -1
sphere {
	<23.931534, 35.357601, 35.600349> 0.250000
	pigment { color rgbt <1,0,0,0> }
	no_shadow
}
cylinder {
	<24.223667, 35.100601, 35.507561>,  <24.398947, 34.946404, 35.451889>, 0.100000
	pigment { color rgbt <1,0,0,0> }
	no_shadow
}
cylinder {
	<24.223667, 35.100601, 35.507561>,  <23.931534, 35.357601, 35.600349>, 0.100000
	pigment { color rgbt <1,0,0,0> }
	no_shadow
}

// particle -1
sphere {
	<24.223667, 35.100601, 35.507561> 0.100000
	pigment { color rgbt <1,0,0,0> }
	no_shadow
}
sphere {
	0, 1
	scale<0.080000,0.200000,0.300000>
	matrix <0.522757, 0.307107, 0.795242,
		-0.439702, -0.702056, 0.560160,
		0.730334, -0.642498, -0.231969,
		24.442768, 34.907852, 35.437969>
	pigment { color rgbt <0,1,1,0> }
	no_shadow
}
cylinder {
	<24.102871, 35.121876, 36.166855>,  <23.931534, 35.357601, 35.600349>, 0.130000
	pigment { color rgbt <1,0,0,0> }
	no_shadow
}

// nucleotide -1

// particle -1
sphere {
	<24.102871, 35.121876, 36.166855> 0.250000
	pigment { color rgbt <1,0,0,0> }
	no_shadow
}
cylinder {
	<24.427418, 35.079800, 35.936855>,  <24.622147, 35.054554, 35.798855>, 0.100000
	pigment { color rgbt <1,0,0,0> }
	no_shadow
}
cylinder {
	<24.427418, 35.079800, 35.936855>,  <24.102871, 35.121876, 36.166855>, 0.100000
	pigment { color rgbt <1,0,0,0> }
	no_shadow
}

// particle -1
sphere {
	<24.427418, 35.079800, 35.936855> 0.100000
	pigment { color rgbt <1,0,0,0> }
	no_shadow
}
sphere {
	0, 1
	scale<0.080000,0.200000,0.300000>
	matrix <0.573308, 0.335089, 0.747685,
		0.114023, -0.936296, 0.332188,
		0.811367, -0.105193, -0.574994,
		24.670828, 35.048241, 35.764359>
	pigment { color rgbt <0,1,1,0> }
	no_shadow
}
cylinder {
	<24.615858, 34.963253, 36.615345>,  <24.102871, 35.121876, 36.166855>, 0.130000
	pigment { color rgbt <1,0,0,0> }
	no_shadow
}

// nucleotide -1

// particle -1
sphere {
	<24.615858, 34.963253, 36.615345> 0.250000
	pigment { color rgbt <1,0,0,0> }
	no_shadow
}
cylinder {
	<24.841108, 35.078716, 36.305618>,  <24.976259, 35.147995, 36.119781>, 0.100000
	pigment { color rgbt <1,0,0,0> }
	no_shadow
}
cylinder {
	<24.841108, 35.078716, 36.305618>,  <24.615858, 34.963253, 36.615345>, 0.100000
	pigment { color rgbt <1,0,0,0> }
	no_shadow
}

// particle -1
sphere {
	<24.841108, 35.078716, 36.305618> 0.100000
	pigment { color rgbt <1,0,0,0> }
	no_shadow
}
sphere {
	0, 1
	scale<0.080000,0.200000,0.300000>
	matrix <0.621038, 0.470323, 0.626984,
		0.545162, -0.833951, 0.085585,
		0.563126, 0.288656, -0.774317,
		25.010046, 35.165314, 36.073322>
	pigment { color rgbt <0,1,1,0> }
	no_shadow
}
cylinder {
	<25.346178, 34.879860, 36.864128>,  <24.615858, 34.963253, 36.615345>, 0.130000
	pigment { color rgbt <1,0,0,0> }
	no_shadow
}

// nucleotide -1

// particle -1
sphere {
	<25.346178, 34.879860, 36.864128> 0.250000
	pigment { color rgbt <1,0,0,0> }
	no_shadow
}
cylinder {
	<25.396126, 35.146049, 36.569767>,  <25.426094, 35.305763, 36.393150>, 0.100000
	pigment { color rgbt <1,0,0,0> }
	no_shadow
}
cylinder {
	<25.396126, 35.146049, 36.569767>,  <25.346178, 34.879860, 36.864128>, 0.100000
	pigment { color rgbt <1,0,0,0> }
	no_shadow
}

// particle -1
sphere {
	<25.396126, 35.146049, 36.569767> 0.100000
	pigment { color rgbt <1,0,0,0> }
	no_shadow
}
sphere {
	0, 1
	scale<0.080000,0.200000,0.300000>
	matrix <0.643071, 0.510537, 0.570798,
		0.755557, -0.544511, -0.364199,
		0.124869, 0.665477, -0.735900,
		25.433586, 35.345692, 36.348995>
	pigment { color rgbt <0,1,1,0> }
	no_shadow
}
cylinder {
	<26.082483, 34.979511, 36.588280>,  <25.346178, 34.879860, 36.864128>, 0.130000
	pigment { color rgbt <1,0,0,0> }
	no_shadow
}

// nucleotide -1

// particle -1
sphere {
	<26.082483, 34.979511, 36.588280> 0.250000
	pigment { color rgbt <1,0,0,0> }
	no_shadow
}
cylinder {
	<25.849287, 35.304195, 36.574150>,  <25.709370, 35.499004, 36.565674>, 0.100000
	pigment { color rgbt <1,0,0,0> }
	no_shadow
}
cylinder {
	<25.849287, 35.304195, 36.574150>,  <26.082483, 34.979511, 36.588280>, 0.100000
	pigment { color rgbt <1,0,0,0> }
	no_shadow
}

// particle -1
sphere {
	<25.849287, 35.304195, 36.574150> 0.100000
	pigment { color rgbt <1,0,0,0> }
	no_shadow
}
sphere {
	0, 1
	scale<0.080000,0.200000,0.300000>
	matrix <0.682098, 0.512595, 0.521525,
		0.441434, 0.279950, -0.852504,
		-0.582990, 0.811711, -0.035323,
		25.674391, 35.547710, 36.563553>
	pigment { color rgbt <0,1,1,0> }
	no_shadow
}
cylinder {
	<26.540501, 35.607952, 36.376640>,  <26.082483, 34.979511, 36.588280>, 0.130000
	pigment { color rgbt <1,0,0,0> }
	no_shadow
}

// nucleotide -1

// particle -1
sphere {
	<26.540501, 35.607952, 36.376640> 0.250000
	pigment { color rgbt <1,0,0,0> }
	no_shadow
}
cylinder {
	<26.207424, 35.748886, 36.547512>,  <26.007578, 35.833447, 36.650036>, 0.100000
	pigment { color rgbt <1,0,0,0> }
	no_shadow
}
cylinder {
	<26.207424, 35.748886, 36.547512>,  <26.540501, 35.607952, 36.376640>, 0.100000
	pigment { color rgbt <1,0,0,0> }
	no_shadow
}

// particle -1
sphere {
	<26.207424, 35.748886, 36.547512> 0.100000
	pigment { color rgbt <1,0,0,0> }
	no_shadow
}
sphere {
	0, 1
	scale<0.080000,0.200000,0.300000>
	matrix <0.548433, 0.631311, 0.548331,
		-0.076487, 0.690871, -0.718920,
		-0.832689, 0.352339, 0.427184,
		25.957617, 35.854588, 36.675667>
	pigment { color rgbt <0,1,1,0> }
	no_shadow
}
cylinder {
	<26.598747, 36.364063, 36.317310>,  <26.540501, 35.607952, 36.376640>, 0.130000
	pigment { color rgbt <1,0,0,0> }
	no_shadow
}

// nucleotide -1

// particle -1
sphere {
	<26.598747, 36.364063, 36.317310> 0.250000
	pigment { color rgbt <1,0,0,0> }
	no_shadow
}
cylinder {
	<26.370010, 36.264824, 36.630089>,  <26.232769, 36.205280, 36.817757>, 0.100000
	pigment { color rgbt <1,0,0,0> }
	no_shadow
}
cylinder {
	<26.370010, 36.264824, 36.630089>,  <26.598747, 36.364063, 36.317310>, 0.100000
	pigment { color rgbt <1,0,0,0> }
	no_shadow
}

// particle -1
sphere {
	<26.370010, 36.264824, 36.630089> 0.100000
	pigment { color rgbt <1,0,0,0> }
	no_shadow
}
sphere {
	0, 1
	scale<0.080000,0.200000,0.300000>
	matrix <0.489488, 0.661717, 0.567919,
		-0.658330, 0.707514, -0.256954,
		-0.571841, -0.248103, 0.781948,
		26.198458, 36.190392, 36.864674>
	pigment { color rgbt <0,1,1,0> }
	no_shadow
}
cylinder {
	<26.490135, 37.007820, 36.675533>,  <26.598747, 36.364063, 36.317310>, 0.130000
	pigment { color rgbt <1,0,0,0> }
	no_shadow
}

// nucleotide -1

// particle -1
sphere {
	<26.490135, 37.007820, 36.675533> 0.250000
	pigment { color rgbt <1,0,0,0> }
	no_shadow
}
cylinder {
	<26.349813, 36.750004, 36.947269>,  <26.265621, 36.595314, 37.110313>, 0.100000
	pigment { color rgbt <1,0,0,0> }
	no_shadow
}
cylinder {
	<26.349813, 36.750004, 36.947269>,  <26.490135, 37.007820, 36.675533>, 0.100000
	pigment { color rgbt <1,0,0,0> }
	no_shadow
}

// particle -1
sphere {
	<26.349813, 36.750004, 36.947269> 0.100000
	pigment { color rgbt <1,0,0,0> }
	no_shadow
}
sphere {
	0, 1
	scale<0.080000,0.200000,0.300000>
	matrix <0.242371, 0.638235, 0.730693,
		-0.904540, 0.420983, -0.067678,
		-0.350804, -0.644538, 0.679343,
		26.244572, 36.556641, 37.151073>
	pigment { color rgbt <0,1,1,0> }
	no_shadow
}
cylinder {
	<25.999475, 37.381092, 37.086227>,  <26.490135, 37.007820, 36.675533>, 0.130000
	pigment { color rgbt <1,0,0,0> }
	no_shadow
}

// nucleotide -1

// particle -1
sphere {
	<25.999475, 37.381092, 37.086227> 0.250000
	pigment { color rgbt <1,0,0,0> }
	no_shadow
}
cylinder {
	<26.128832, 37.060001, 37.286648>,  <26.206446, 36.867348, 37.406902>, 0.100000
	pigment { color rgbt <1,0,0,0> }
	no_shadow
}
cylinder {
	<26.128832, 37.060001, 37.286648>,  <25.999475, 37.381092, 37.086227>, 0.100000
	pigment { color rgbt <1,0,0,0> }
	no_shadow
}

// particle -1
sphere {
	<26.128832, 37.060001, 37.286648> 0.100000
	pigment { color rgbt <1,0,0,0> }
	no_shadow
}
sphere {
	0, 1
	scale<0.080000,0.200000,0.300000>
	matrix <0.084850, 0.551972, 0.829534,
		-0.942454, -0.225749, 0.246614,
		0.323391, -0.802723, 0.501053,
		26.225849, 36.819183, 37.436962>
	pigment { color rgbt <0,1,1,0> }
	no_shadow
}
cylinder {
	<25.538059, 37.472679, 37.628906>,  <25.999475, 37.381092, 37.086227>, 0.130000
	pigment { color rgbt <1,0,0,0> }
	no_shadow
}

// nucleotide -1

// particle -1
sphere {
	<25.538059, 37.472679, 37.628906> 0.250000
	pigment { color rgbt <1,0,0,0> }
	no_shadow
}
cylinder {
	<25.828575, 37.228836, 37.755951>,  <26.002884, 37.082531, 37.832180>, 0.100000
	pigment { color rgbt <1,0,0,0> }
	no_shadow
}
cylinder {
	<25.828575, 37.228836, 37.755951>,  <25.538059, 37.472679, 37.628906>, 0.100000
	pigment { color rgbt <1,0,0,0> }
	no_shadow
}

// particle -1
sphere {
	<25.828575, 37.228836, 37.755951> 0.100000
	pigment { color rgbt <1,0,0,0> }
	no_shadow
}
sphere {
	0, 1
	scale<0.080000,0.200000,0.300000>
	matrix <0.189519, 0.621737, 0.759951,
		-0.660747, -0.491750, 0.567094,
		0.726289, -0.609611, 0.317615,
		26.046461, 37.045952, 37.851234>
	pigment { color rgbt <0,1,1,0> }
	no_shadow
}
cylinder {
	<25.577112, 37.463722, 38.358822>,  <25.538059, 37.472679, 37.628906>, 0.130000
	pigment { color rgbt <1,0,0,0> }
	no_shadow
}

// nucleotide -1

// particle -1
sphere {
	<25.577112, 37.463722, 38.358822> 0.250000
	pigment { color rgbt <1,0,0,0> }
	no_shadow
}
cylinder {
	<25.955914, 37.367672, 38.273476>,  <26.183195, 37.310043, 38.222267>, 0.100000
	pigment { color rgbt <1,0,0,0> }
	no_shadow
}
cylinder {
	<25.955914, 37.367672, 38.273476>,  <25.577112, 37.463722, 38.358822>, 0.100000
	pigment { color rgbt <1,0,0,0> }
	no_shadow
}

// particle -1
sphere {
	<25.955914, 37.367672, 38.273476> 0.100000
	pigment { color rgbt <1,0,0,0> }
	no_shadow
}
sphere {
	0, 1
	scale<0.080000,0.200000,0.300000>
	matrix <0.314398, 0.556692, 0.768926,
		-0.065858, -0.795257, 0.602684,
		0.947004, -0.240123, -0.213365,
		26.240015, 37.295635, 38.209465>
	pigment { color rgbt <0,1,1,0> }
	no_shadow
}
cylinder {
	<25.883505, 37.418671, 39.049583>,  <25.577112, 37.463722, 38.358822>, 0.130000
	pigment { color rgbt <1,0,0,0> }
	no_shadow
}

// nucleotide -1

// particle -1
sphere {
	<25.883505, 37.418671, 39.049583> 0.250000
	pigment { color rgbt <1,0,0,0> }
	no_shadow
}
cylinder {
	<26.156895, 37.462654, 38.760925>,  <26.320929, 37.489044, 38.587730>, 0.100000
	pigment { color rgbt <1,0,0,0> }
	no_shadow
}
cylinder {
	<26.156895, 37.462654, 38.760925>,  <25.883505, 37.418671, 39.049583>, 0.100000
	pigment { color rgbt <1,0,0,0> }
	no_shadow
}

// particle -1
sphere {
	<26.156895, 37.462654, 38.760925> 0.100000
	pigment { color rgbt <1,0,0,0> }
	no_shadow
}
sphere {
	0, 1
	scale<0.080000,0.200000,0.300000>
	matrix <0.521147, 0.618731, 0.587859,
		0.511145, -0.777870, 0.365582,
		0.683474, 0.109959, -0.721645,
		26.361937, 37.495644, 38.544430>
	pigment { color rgbt <0,1,1,0> }
	no_shadow
}
cylinder {
	<26.528854, 37.315395, 39.341133>,  <25.883505, 37.418671, 39.049583>, 0.130000
	pigment { color rgbt <1,0,0,0> }
	no_shadow
}

// nucleotide -1

// particle -1
sphere {
	<26.528854, 37.315395, 39.341133> 0.250000
	pigment { color rgbt <1,0,0,0> }
	no_shadow
}
cylinder {
	<26.562185, 37.544849, 39.015190>,  <26.582184, 37.682522, 38.819622>, 0.100000
	pigment { color rgbt <1,0,0,0> }
	no_shadow
}
cylinder {
	<26.562185, 37.544849, 39.015190>,  <26.528854, 37.315395, 39.341133>, 0.100000
	pigment { color rgbt <1,0,0,0> }
	no_shadow
}

// particle -1
sphere {
	<26.562185, 37.544849, 39.015190> 0.100000
	pigment { color rgbt <1,0,0,0> }
	no_shadow
}
sphere {
	0, 1
	scale<0.080000,0.200000,0.300000>
	matrix <0.649665, 0.588776, 0.480914,
		0.755640, -0.569461, -0.323608,
		0.083330, 0.573635, -0.814861,
		26.587185, 37.716938, 38.770733>
	pigment { color rgbt <0,1,1,0> }
	no_shadow
}
cylinder {
	<27.270723, 37.314167, 39.136913>,  <26.528854, 37.315395, 39.341133>, 0.130000
	pigment { color rgbt <1,0,0,0> }
	no_shadow
}

// nucleotide -1

// particle -1
sphere {
	<27.270723, 37.314167, 39.136913> 0.250000
	pigment { color rgbt <1,0,0,0> }
	no_shadow
}
cylinder {
	<27.049576, 37.633999, 39.043098>,  <26.916887, 37.825897, 38.986809>, 0.100000
	pigment { color rgbt <1,0,0,0> }
	no_shadow
}
cylinder {
	<27.049576, 37.633999, 39.043098>,  <27.270723, 37.314167, 39.136913>, 0.100000
	pigment { color rgbt <1,0,0,0> }
	no_shadow
}

// particle -1
sphere {
	<27.049576, 37.633999, 39.043098> 0.100000
	pigment { color rgbt <1,0,0,0> }
	no_shadow
}
sphere {
	0, 1
	scale<0.080000,0.200000,0.300000>
	matrix <0.656136, 0.591245, 0.468952,
		0.513634, 0.105379, -0.851513,
		-0.552870, 0.799578, -0.234541,
		26.883715, 37.873871, 38.972736>
	pigment { color rgbt <0,1,1,0> }
	no_shadow
}
cylinder {
	<27.127773, 37.112717, 38.330273>,  <27.270723, 37.314167, 39.136913>, 0.130000
	pigment { color rgbt <1,0,0,0> }
	no_shadow
}

// nucleotide -1

// particle -1
sphere {
	<27.127773, 37.112717, 38.330273> 0.250000
	pigment { color rgbt <1,0,0,0> }
	no_shadow
}
cylinder {
	<26.743269, 37.004662, 38.352188>,  <26.512566, 36.939831, 38.365337>, 0.100000
	pigment { color rgbt <1,0,0,0> }
	no_shadow
}
cylinder {
	<26.743269, 37.004662, 38.352188>,  <27.127773, 37.112717, 38.330273>, 0.100000
	pigment { color rgbt <1,0,0,0> }
	no_shadow
}

// particle -1
sphere {
	<26.743269, 37.004662, 38.352188> 0.100000
	pigment { color rgbt <1,0,0,0> }
	no_shadow
}
sphere {
	0, 1
	scale<0.080000,0.200000,0.300000>
	matrix <0.111902, -0.564120, -0.818075,
		0.251896, -0.780254, 0.572496,
		-0.961263, -0.270134, 0.054787,
		26.454889, 36.923622, 38.368626>
	pigment { color rgbt <0,1,1,0> }
	no_shadow
}
cylinder {
	<27.056843, 36.355732, 38.226482>,  <27.127773, 37.112717, 38.330273>, 0.130000
	pigment { color rgbt <1,0,0,0> }
	no_shadow
}

// nucleotide -1

// particle -1
sphere {
	<27.056843, 36.355732, 38.226482> 0.250000
	pigment { color rgbt <1,0,0,0> }
	no_shadow
}
cylinder {
	<26.712601, 36.538986, 38.137512>,  <26.506056, 36.648937, 38.084129>, 0.100000
	pigment { color rgbt <1,0,0,0> }
	no_shadow
}
cylinder {
	<26.712601, 36.538986, 38.137512>,  <27.056843, 36.355732, 38.226482>, 0.100000
	pigment { color rgbt <1,0,0,0> }
	no_shadow
}

// particle -1
sphere {
	<26.712601, 36.538986, 38.137512> 0.100000
	pigment { color rgbt <1,0,0,0> }
	no_shadow
}
sphere {
	0, 1
	scale<0.080000,0.200000,0.300000>
	matrix <-0.092228, -0.569733, -0.816638,
		-0.500853, -0.682289, 0.532568,
		-0.860604, 0.458133, -0.222426,
		26.454420, 36.676426, 38.070786>
	pigment { color rgbt <0,1,1,0> }
	no_shadow
}
cylinder {
	<26.560013, 35.742947, 38.073044>,  <27.056843, 36.355732, 38.226482>, 0.130000
	pigment { color rgbt <1,0,0,0> }
	no_shadow
}

// nucleotide -1

// particle -1
sphere {
	<26.560013, 35.742947, 38.073044> 0.250000
	pigment { color rgbt <1,0,0,0> }
	no_shadow
}
cylinder {
	<26.456272, 36.085163, 37.893806>,  <26.394028, 36.290493, 37.786263>, 0.100000
	pigment { color rgbt <1,0,0,0> }
	no_shadow
}
cylinder {
	<26.456272, 36.085163, 37.893806>,  <26.560013, 35.742947, 38.073044>, 0.100000
	pigment { color rgbt <1,0,0,0> }
	no_shadow
}

// particle -1
sphere {
	<26.456272, 36.085163, 37.893806> 0.100000
	pigment { color rgbt <1,0,0,0> }
	no_shadow
}
sphere {
	0, 1
	scale<0.080000,0.200000,0.300000>
	matrix <-0.612342, -0.504459, -0.608735,
		-0.746843, 0.116513, 0.654714,
		-0.259351, 0.855538, -0.448098,
		26.378468, 36.341824, 37.759377>
	pigment { color rgbt <0,1,1,0> }
	no_shadow
}
cylinder {
	<25.883043, 35.707138, 37.989182>,  <26.560013, 35.742947, 38.073044>, 0.130000
	pigment { color rgbt <1,0,0,0> }
	no_shadow
}

// nucleotide -1

// particle -1
sphere {
	<25.883043, 35.707138, 37.989182> 0.250000
	pigment { color rgbt <1,0,0,0> }
	no_shadow
}
cylinder {
	<26.016418, 35.987263, 37.736710>,  <26.096443, 36.155338, 37.585228>, 0.100000
	pigment { color rgbt <1,0,0,0> }
	no_shadow
}
cylinder {
	<26.016418, 35.987263, 37.736710>,  <25.883043, 35.707138, 37.989182>, 0.100000
	pigment { color rgbt <1,0,0,0> }
	no_shadow
}

// particle -1
sphere {
	<26.016418, 35.987263, 37.736710> 0.100000
	pigment { color rgbt <1,0,0,0> }
	no_shadow
}
sphere {
	0, 1
	scale<0.080000,0.200000,0.300000>
	matrix <-0.567467, -0.385548, -0.727554,
		-0.752862, 0.600767, 0.268846,
		0.333437, 0.700309, -0.631179,
		26.116449, 36.197357, 37.547356>
	pigment { color rgbt <0,1,1,0> }
	no_shadow
}
cylinder {
	<25.259846, 36.035854, 37.830288>,  <25.883043, 35.707138, 37.989182>, 0.130000
	pigment { color rgbt <1,0,0,0> }
	no_shadow
}

// nucleotide -1

// particle -1
sphere {
	<25.259846, 36.035854, 37.830288> 0.250000
	pigment { color rgbt <1,0,0,0> }
	no_shadow
}
cylinder {
	<25.547024, 36.073593, 37.554417>,  <25.719332, 36.096237, 37.388893>, 0.100000
	pigment { color rgbt <1,0,0,0> }
	no_shadow
}
cylinder {
	<25.547024, 36.073593, 37.554417>,  <25.259846, 36.035854, 37.830288>, 0.100000
	pigment { color rgbt <1,0,0,0> }
	no_shadow
}

// particle -1
sphere {
	<25.547024, 36.073593, 37.554417> 0.100000
	pigment { color rgbt <1,0,0,0> }
	no_shadow
}
sphere {
	0, 1
	scale<0.080000,0.200000,0.300000>
	matrix <-0.645063, -0.282194, -0.710113,
		-0.261622, 0.954707, -0.141738,
		0.717947, 0.094351, -0.689674,
		25.762407, 36.101898, 37.347515>
	pigment { color rgbt <0,1,1,0> }
	no_shadow
}
cylinder {
	<24.780621, 35.688541, 37.506718>,  <25.259846, 36.035854, 37.830288>, 0.130000
	pigment { color rgbt <1,0,0,0> }
	no_shadow
}

// nucleotide -1

// particle -1
sphere {
	<24.780621, 35.688541, 37.506718> 0.250000
	pigment { color rgbt <1,0,0,0> }
	no_shadow
}
cylinder {
	<24.432310, 35.822117, 37.651070>,  <24.223324, 35.902264, 37.737679>, 0.100000
	pigment { color rgbt <1,0,0,0> }
	no_shadow
}
cylinder {
	<24.432310, 35.822117, 37.651070>,  <24.780621, 35.688541, 37.506718>, 0.100000
	pigment { color rgbt <1,0,0,0> }
	no_shadow
}

// particle -1
sphere {
	<24.432310, 35.822117, 37.651070> 0.100000
	pigment { color rgbt <1,0,0,0> }
	no_shadow
}
sphere {
	0, 1
	scale<0.080000,0.200000,0.300000>
	matrix <-0.014299, -0.750855, 0.660312,
		0.491473, 0.569824, 0.658601,
		-0.870775, 0.333943, 0.360877,
		24.171078, 35.922298, 37.759335>
	pigment { color rgbt <0,1,1,0> }
	no_shadow
}
cylinder {
	<24.955442, 36.353127, 37.254990>,  <24.780621, 35.688541, 37.506718>, 0.130000
	pigment { color rgbt <1,0,0,0> }
	no_shadow
}

// nucleotide -1

// particle -1
sphere {
	<24.955442, 36.353127, 37.254990> 0.250000
	pigment { color rgbt <1,0,0,0> }
	no_shadow
}
cylinder {
	<25.264881, 36.191662, 37.059601>,  <25.450544, 36.094784, 36.942368>, 0.100000
	pigment { color rgbt <1,0,0,0> }
	no_shadow
}
cylinder {
	<25.264881, 36.191662, 37.059601>,  <24.955442, 36.353127, 37.254990>, 0.100000
	pigment { color rgbt <1,0,0,0> }
	no_shadow
}

// particle -1
sphere {
	<25.264881, 36.191662, 37.059601> 0.100000
	pigment { color rgbt <1,0,0,0> }
	no_shadow
}
sphere {
	0, 1
	scale<0.080000,0.200000,0.300000>
	matrix <-0.633647, -0.485005, -0.602712,
		0.006379, 0.775776, -0.630977,
		0.773596, -0.403661, -0.488474,
		25.496960, 36.070564, 36.913059>
	pigment { color rgbt <0,1,1,0> }
	no_shadow
}
cylinder {
	<24.806639, 36.467175, 36.445110>,  <24.955442, 36.353127, 37.254990>, 0.130000
	pigment { color rgbt <1,0,0,0> }
	no_shadow
}

// nucleotide -1

// particle -1
sphere {
	<24.806639, 36.467175, 36.445110> 0.250000
	pigment { color rgbt <1,0,0,0> }
	no_shadow
}
cylinder {
	<25.086599, 36.186005, 36.495758>,  <25.254576, 36.017303, 36.526146>, 0.100000
	pigment { color rgbt <1,0,0,0> }
	no_shadow
}
cylinder {
	<25.086599, 36.186005, 36.495758>,  <24.806639, 36.467175, 36.445110>, 0.100000
	pigment { color rgbt <1,0,0,0> }
	no_shadow
}

// particle -1
sphere {
	<25.086599, 36.186005, 36.495758> 0.100000
	pigment { color rgbt <1,0,0,0> }
	no_shadow
}
sphere {
	0, 1
	scale<0.080000,0.200000,0.300000>
	matrix <-0.427420, -0.554241, -0.714234,
		0.572232, 0.445772, -0.688358,
		0.699902, -0.702926, 0.126623,
		25.296570, 35.975128, 36.533745>
	pigment { color rgbt <0,1,1,0> }
	no_shadow
}
cylinder {
	<25.216305, 36.455677, 35.817463>,  <24.806639, 36.467175, 36.445110>, 0.130000
	pigment { color rgbt <1,0,0,0> }
	no_shadow
}

// nucleotide -1

// particle -1
sphere {
	<25.216305, 36.455677, 35.817463> 0.250000
	pigment { color rgbt <1,0,0,0> }
	no_shadow
}
cylinder {
	<25.447922, 36.180264, 35.992107>,  <25.586891, 36.015015, 36.096893>, 0.100000
	pigment { color rgbt <1,0,0,0> }
	no_shadow
}
cylinder {
	<25.447922, 36.180264, 35.992107>,  <25.216305, 36.455677, 35.817463>, 0.100000
	pigment { color rgbt <1,0,0,0> }
	no_shadow
}

// particle -1
sphere {
	<25.447922, 36.180264, 35.992107> 0.100000
	pigment { color rgbt <1,0,0,0> }
	no_shadow
}
sphere {
	0, 1
	scale<0.080000,0.200000,0.300000>
	matrix <-0.451702, -0.716749, -0.531259,
		0.678730, 0.110404, -0.726041,
		0.579043, -0.688536, 0.436610,
		25.621635, 35.973701, 36.123089>
	pigment { color rgbt <0,1,1,0> }
	no_shadow
}
cylinder {
	<25.446493, 36.023582, 35.299126>,  <25.216305, 36.455677, 35.817463>, 0.130000
	pigment { color rgbt <1,0,0,0> }
	no_shadow
}

// nucleotide -1

// particle -1
sphere {
	<25.446493, 36.023582, 35.299126> 0.250000
	pigment { color rgbt <1,0,0,0> }
	no_shadow
}
cylinder {
	<25.470390, 35.815121, 35.639671>,  <25.484728, 35.690044, 35.843998>, 0.100000
	pigment { color rgbt <1,0,0,0> }
	no_shadow
}
cylinder {
	<25.470390, 35.815121, 35.639671>,  <25.446493, 36.023582, 35.299126>, 0.100000
	pigment { color rgbt <1,0,0,0> }
	no_shadow
}

// particle -1
sphere {
	<25.470390, 35.815121, 35.639671> 0.100000
	pigment { color rgbt <1,0,0,0> }
	no_shadow
}
sphere {
	0, 1
	scale<0.080000,0.200000,0.300000>
	matrix <-0.300108, -0.822811, -0.482616,
		0.952033, -0.226669, -0.205560,
		0.059743, -0.521157, 0.851368,
		25.488314, 35.658775, 35.895081>
	pigment { color rgbt <0,1,1,0> }
	no_shadow
}
cylinder {
	<25.703388, 35.515450, 35.059986>,  <25.446493, 36.023582, 35.299126>, 0.130000
	pigment { color rgbt <1,0,0,0> }
	no_shadow
}

// nucleotide -1

// particle -1
sphere {
	<25.703388, 35.515450, 35.059986> 0.250000
	pigment { color rgbt <1,0,0,0> }
	no_shadow
}
cylinder {
	<25.492636, 35.402134, 35.380520>,  <25.366184, 35.334145, 35.572842>, 0.100000
	pigment { color rgbt <1,0,0,0> }
	no_shadow
}
cylinder {
	<25.492636, 35.402134, 35.380520>,  <25.703388, 35.515450, 35.059986>, 0.100000
	pigment { color rgbt <1,0,0,0> }
	no_shadow
}

// particle -1
sphere {
	<25.492636, 35.402134, 35.380520> 0.100000
	pigment { color rgbt <1,0,0,0> }
	no_shadow
}
sphere {
	0, 1
	scale<0.080000,0.200000,0.300000>
	matrix <-0.359821, -0.779814, -0.512269,
		0.770015, -0.558243, 0.308936,
		-0.526883, -0.283293, 0.801336,
		25.334570, 35.317146, 35.620922>
	pigment { color rgbt <0,1,1,0> }
	no_shadow
}
cylinder {
	<25.801683, 34.832367, 35.124584>,  <25.703388, 35.515450, 35.059986>, 0.130000
	pigment { color rgbt <1,0,0,0> }
	no_shadow
}

// nucleotide -1

// particle -1
sphere {
	<25.801683, 34.832367, 35.124584> 0.250000
	pigment { color rgbt <1,0,0,0> }
	no_shadow
}
cylinder {
	<25.446106, 34.935184, 35.276218>,  <25.232759, 34.996876, 35.367199>, 0.100000
	pigment { color rgbt <1,0,0,0> }
	no_shadow
}
cylinder {
	<25.446106, 34.935184, 35.276218>,  <25.801683, 34.832367, 35.124584>, 0.100000
	pigment { color rgbt <1,0,0,0> }
	no_shadow
}

// particle -1
sphere {
	<25.446106, 34.935184, 35.276218> 0.100000
	pigment { color rgbt <1,0,0,0> }
	no_shadow
}
sphere {
	0, 1
	scale<0.080000,0.200000,0.300000>
	matrix <-0.454280, -0.600319, -0.658215,
		0.058384, -0.757328, 0.650420,
		-0.888944, 0.257043, 0.379088,
		25.179422, 35.012299, 35.389946>
	pigment { color rgbt <0,1,1,0> }
	no_shadow
}
cylinder {
	<25.378498, 34.226215, 35.227325>,  <25.801683, 34.832367, 35.124584>, 0.130000
	pigment { color rgbt <1,0,0,0> }
	no_shadow
}

// nucleotide -1

// particle -1
sphere {
	<25.378498, 34.226215, 35.227325> 0.250000
	pigment { color rgbt <1,0,0,0> }
	no_shadow
}
cylinder {
	<25.114613, 34.525726, 35.201672>,  <24.956282, 34.705433, 35.186279>, 0.100000
	pigment { color rgbt <1,0,0,0> }
	no_shadow
}
cylinder {
	<25.114613, 34.525726, 35.201672>,  <25.378498, 34.226215, 35.227325>, 0.100000
	pigment { color rgbt <1,0,0,0> }
	no_shadow
}

// particle -1
sphere {
	<25.114613, 34.525726, 35.201672> 0.100000
	pigment { color rgbt <1,0,0,0> }
	no_shadow
}
sphere {
	0, 1
	scale<0.080000,0.200000,0.300000>
	matrix <-0.494051, -0.496428, -0.713774,
		-0.566294, -0.439201, 0.697433,
		-0.659716, 0.748773, -0.064137,
		24.916698, 34.750359, 35.182430>
	pigment { color rgbt <0,1,1,0> }
	no_shadow
}
cylinder {
	<25.150801, 33.754169, 34.638695>,  <25.378498, 34.226215, 35.227325>, 0.130000
	pigment { color rgbt <1,0,0,0> }
	no_shadow
}

// nucleotide -1

// particle -1
sphere {
	<25.150801, 33.754169, 34.638695> 0.250000
	pigment { color rgbt <1,0,0,0> }
	no_shadow
}
cylinder {
	<25.131035, 33.518513, 34.961304>,  <25.119175, 33.377121, 35.154869>, 0.100000
	pigment { color rgbt <1,0,0,0> }
	no_shadow
}
cylinder {
	<25.131035, 33.518513, 34.961304>,  <25.150801, 33.754169, 34.638695>, 0.100000
	pigment { color rgbt <1,0,0,0> }
	no_shadow
}

// particle -1
sphere {
	<25.131035, 33.518513, 34.961304> 0.100000
	pigment { color rgbt <1,0,0,0> }
	no_shadow
}
sphere {
	0, 1
	scale<0.080000,0.200000,0.300000>
	matrix <0.248032, -0.789449, -0.561472,
		0.967491, 0.172297, 0.185136,
		-0.049415, -0.589138, 0.806520,
		25.116211, 33.341770, 35.203259>
	pigment { color rgbt <0,1,1,0> }
	no_shadow
}
cylinder {
	<25.822355, 33.427402, 34.830612>,  <25.150801, 33.754169, 34.638695>, 0.130000
	pigment { color rgbt <1,0,0,0> }
	no_shadow
}

// nucleotide -1

// particle -1
sphere {
	<25.822355, 33.427402, 34.830612> 0.250000
	pigment { color rgbt <1,0,0,0> }
	no_shadow
}
cylinder {
	<25.507454, 33.196194, 34.916523>,  <25.318514, 33.057468, 34.968071>, 0.100000
	pigment { color rgbt <1,0,0,0> }
	no_shadow
}
cylinder {
	<25.507454, 33.196194, 34.916523>,  <25.822355, 33.427402, 34.830612>, 0.100000
	pigment { color rgbt <1,0,0,0> }
	no_shadow
}

// particle -1
sphere {
	<25.507454, 33.196194, 34.916523> 0.100000
	pigment { color rgbt <1,0,0,0> }
	no_shadow
}
sphere {
	0, 1
	scale<0.080000,0.200000,0.300000>
	matrix <0.331102, -0.690081, -0.643552,
		0.520198, -0.435524, 0.734651,
		-0.787251, -0.578019, 0.214776,
		25.271278, 33.022789, 34.980957>
	pigment { color rgbt <0,1,1,0> }
	no_shadow
}
cylinder {
	<26.526600, 33.628544, 35.183987>,  <25.822355, 33.427402, 34.830612>, 0.130000
	pigment { color rgbt <1,0,0,0> }
	no_shadow
}

// nucleotide -1

// particle -1
sphere {
	<26.526600, 33.628544, 35.183987> 0.250000
	pigment { color rgbt <1,0,0,0> }
	no_shadow
}
cylinder {
	<26.750904, 33.946003, 35.278362>,  <26.885487, 34.136478, 35.334988>, 0.100000
	pigment { color rgbt <1,0,0,0> }
	no_shadow
}
cylinder {
	<26.750904, 33.946003, 35.278362>,  <26.526600, 33.628544, 35.183987>, 0.100000
	pigment { color rgbt <1,0,0,0> }
	no_shadow
}

// particle -1
sphere {
	<26.750904, 33.946003, 35.278362> 0.100000
	pigment { color rgbt <1,0,0,0> }
	no_shadow
}
sphere {
	0, 1
	scale<0.080000,0.200000,0.300000>
	matrix <0.617400, -0.590676, 0.519537,
		0.551693, -0.145669, -0.821228,
		0.560760, 0.793651, 0.235935,
		26.919132, 34.184097, 35.349144>
	pigment { color rgbt <0,1,1,0> }
	no_shadow
}
cylinder {
	<27.264956, 33.499016, 35.056953>,  <26.526600, 33.628544, 35.183987>, 0.130000
	pigment { color rgbt <1,0,0,0> }
	no_shadow
}

// nucleotide -1

// particle -1
sphere {
	<27.264956, 33.499016, 35.056953> 0.250000
	pigment { color rgbt <1,0,0,0> }
	no_shadow
}
cylinder {
	<27.211832, 33.770576, 35.345798>,  <27.179958, 33.933514, 35.519108>, 0.100000
	pigment { color rgbt <1,0,0,0> }
	no_shadow
}
cylinder {
	<27.211832, 33.770576, 35.345798>,  <27.264956, 33.499016, 35.056953>, 0.100000
	pigment { color rgbt <1,0,0,0> }
	no_shadow
}

// particle -1
sphere {
	<27.211832, 33.770576, 35.345798> 0.100000
	pigment { color rgbt <1,0,0,0> }
	no_shadow
}
sphere {
	0, 1
	scale<0.080000,0.200000,0.300000>
	matrix <0.682617, -0.465581, 0.563265,
		0.718607, 0.567735, -0.401599,
		-0.132809, 0.678904, 0.722116,
		27.171989, 33.974247, 35.562431>
	pigment { color rgbt <0,1,1,0> }
	no_shadow
}
cylinder {
	<27.662766, 34.068520, 34.822521>,  <27.264956, 33.499016, 35.056953>, 0.130000
	pigment { color rgbt <1,0,0,0> }
	no_shadow
}

// nucleotide -1

// particle -1
sphere {
	<27.662766, 34.068520, 34.822521> 0.250000
	pigment { color rgbt <1,0,0,0> }
	no_shadow
}
cylinder {
	<27.460979, 34.373142, 34.985268>,  <27.339907, 34.555916, 35.082916>, 0.100000
	pigment { color rgbt <1,0,0,0> }
	no_shadow
}
cylinder {
	<27.460979, 34.373142, 34.985268>,  <27.662766, 34.068520, 34.822521>, 0.100000
	pigment { color rgbt <1,0,0,0> }
	no_shadow
}

// particle -1
sphere {
	<27.460979, 34.373142, 34.985268> 0.100000
	pigment { color rgbt <1,0,0,0> }
	no_shadow
}
sphere {
	0, 1
	scale<0.080000,0.200000,0.300000>
	matrix <-0.293511, -0.594413, 0.748681,
		0.812013, 0.258264, 0.523388,
		-0.504466, 0.761559, 0.406868,
		27.309639, 34.601608, 35.107327>
	pigment { color rgbt <0,1,1,0> }
	no_shadow
}
cylinder {
	<28.332500, 33.841530, 35.201202>,  <27.662766, 34.068520, 34.822521>, 0.130000
	pigment { color rgbt <1,0,0,0> }
	no_shadow
}

// nucleotide -1

// particle -1
sphere {
	<28.332500, 33.841530, 35.201202> 0.250000
	pigment { color rgbt <1,0,0,0> }
	no_shadow
}
cylinder {
	<28.316679, 33.916344, 35.593826>,  <28.307186, 33.961231, 35.829399>, 0.100000
	pigment { color rgbt <1,0,0,0> }
	no_shadow
}
cylinder {
	<28.316679, 33.916344, 35.593826>,  <28.332500, 33.841530, 35.201202>, 0.100000
	pigment { color rgbt <1,0,0,0> }
	no_shadow
}

// particle -1
sphere {
	<28.316679, 33.916344, 35.593826> 0.100000
	pigment { color rgbt <1,0,0,0> }
	no_shadow
}
sphere {
	0, 1
	scale<0.080000,0.200000,0.300000>
	matrix <0.671799, 0.732150, -0.112437,
		-0.739677, 0.654963, -0.154604,
		-0.039551, 0.187030, 0.981558,
		28.304813, 33.972454, 35.888294>
	pigment { color rgbt <0,1,1,0> }
	no_shadow
}
cylinder {
	<28.433071, 34.541424, 35.336666>,  <28.332500, 33.841530, 35.201202>, 0.130000
	pigment { color rgbt <1,0,0,0> }
	no_shadow
}

// nucleotide -1

// particle -1
sphere {
	<28.433071, 34.541424, 35.336666> 0.250000
	pigment { color rgbt <1,0,0,0> }
	no_shadow
}
cylinder {
	<28.554583, 34.379246, 35.681534>,  <28.627489, 34.281937, 35.888454>, 0.100000
	pigment { color rgbt <1,0,0,0> }
	no_shadow
}
cylinder {
	<28.554583, 34.379246, 35.681534>,  <28.433071, 34.541424, 35.336666>, 0.100000
	pigment { color rgbt <1,0,0,0> }
	no_shadow
}

// particle -1
sphere {
	<28.554583, 34.379246, 35.681534> 0.100000
	pigment { color rgbt <1,0,0,0> }
	no_shadow
}
sphere {
	0, 1
	scale<0.080000,0.200000,0.300000>
	matrix <0.656483, 0.744897, 0.118992,
		-0.690470, 0.529849, 0.492455,
		0.303780, -0.405449, 0.862165,
		28.645718, 34.257610, 35.940182>
	pigment { color rgbt <0,1,1,0> }
	no_shadow
}
cylinder {
	<28.433662, 35.074017, 35.841320>,  <28.433071, 34.541424, 35.336666>, 0.130000
	pigment { color rgbt <1,0,0,0> }
	no_shadow
}

// nucleotide -1

// particle -1
sphere {
	<28.433662, 35.074017, 35.841320> 0.250000
	pigment { color rgbt <1,0,0,0> }
	no_shadow
}
cylinder {
	<28.681456, 34.766827, 35.906372>,  <28.830132, 34.582512, 35.945404>, 0.100000
	pigment { color rgbt <1,0,0,0> }
	no_shadow
}
cylinder {
	<28.681456, 34.766827, 35.906372>,  <28.433662, 35.074017, 35.841320>, 0.100000
	pigment { color rgbt <1,0,0,0> }
	no_shadow
}

// particle -1
sphere {
	<28.681456, 34.766827, 35.906372> 0.100000
	pigment { color rgbt <1,0,0,0> }
	no_shadow
}
sphere {
	0, 1
	scale<0.080000,0.200000,0.300000>
	matrix <0.705872, 0.635598, 0.312666,
		-0.343490, -0.078894, 0.935837,
		0.619483, -0.767979, 0.162632,
		28.867300, 34.536434, 35.955162>
	pigment { color rgbt <0,1,1,0> }
	no_shadow
}
cylinder {
	<28.875031, 35.276352, 36.398739>,  <28.433662, 35.074017, 35.841320>, 0.130000
	pigment { color rgbt <1,0,0,0> }
	no_shadow
}

// nucleotide -1

// particle -1
sphere {
	<28.875031, 35.276352, 36.398739> 0.250000
	pigment { color rgbt <1,0,0,0> }
	no_shadow
}
cylinder {
	<29.069960, 34.980434, 36.213173>,  <29.186916, 34.802883, 36.101833>, 0.100000
	pigment { color rgbt <1,0,0,0> }
	no_shadow
}
cylinder {
	<29.069960, 34.980434, 36.213173>,  <28.875031, 35.276352, 36.398739>, 0.100000
	pigment { color rgbt <1,0,0,0> }
	no_shadow
}

// particle -1
sphere {
	<29.069960, 34.980434, 36.213173> 0.100000
	pigment { color rgbt <1,0,0,0> }
	no_shadow
}
sphere {
	0, 1
	scale<0.080000,0.200000,0.300000>
	matrix <0.873059, 0.423068, 0.242451,
		0.016904, -0.523177, 0.852057,
		0.487323, -0.739797, -0.463915,
		29.216156, 34.758495, 36.073997>
	pigment { color rgbt <0,1,1,0> }
	no_shadow
}
cylinder {
	<29.397175, 35.183411, 36.851994>,  <28.875031, 35.276352, 36.398739>, 0.130000
	pigment { color rgbt <1,0,0,0> }
	no_shadow
}

// nucleotide -1

// particle -1
sphere {
	<29.397175, 35.183411, 36.851994> 0.250000
	pigment { color rgbt <1,0,0,0> }
	no_shadow
}
cylinder {
	<29.529245, 35.027733, 36.508015>,  <29.608488, 34.934326, 36.301628>, 0.100000
	pigment { color rgbt <1,0,0,0> }
	no_shadow
}
cylinder {
	<29.529245, 35.027733, 36.508015>,  <29.397175, 35.183411, 36.851994>, 0.100000
	pigment { color rgbt <1,0,0,0> }
	no_shadow
}

// particle -1
sphere {
	<29.529245, 35.027733, 36.508015> 0.100000
	pigment { color rgbt <1,0,0,0> }
	no_shadow
}
sphere {
	0, 1
	scale<0.080000,0.200000,0.300000>
	matrix <0.828046, 0.556768, 0.065947,
		0.453125, -0.733850, 0.506104,
		0.330178, -0.389196, -0.859947,
		29.628300, 34.910973, 36.250031>
	pigment { color rgbt <0,1,1,0> }
	no_shadow
}
cylinder {
	<30.125170, 34.914864, 36.884014>,  <29.397175, 35.183411, 36.851994>, 0.130000
	pigment { color rgbt <1,0,0,0> }
	no_shadow
}

// nucleotide -1

// particle -1
sphere {
	<30.125170, 34.914864, 36.884014> 0.250000
	pigment { color rgbt <1,0,0,0> }
	no_shadow
}
cylinder {
	<30.057377, 34.998062, 36.498680>,  <30.016701, 35.047981, 36.267479>, 0.100000
	pigment { color rgbt <1,0,0,0> }
	no_shadow
}
cylinder {
	<30.057377, 34.998062, 36.498680>,  <30.125170, 34.914864, 36.884014>, 0.100000
	pigment { color rgbt <1,0,0,0> }
	no_shadow
}

// particle -1
sphere {
	<30.057377, 34.998062, 36.498680> 0.100000
	pigment { color rgbt <1,0,0,0> }
	no_shadow
}
sphere {
	0, 1
	scale<0.080000,0.200000,0.300000>
	matrix <0.845083, 0.533587, -0.033468,
		0.507062, -0.819770, -0.266207,
		-0.169480, 0.207997, -0.963335,
		30.006533, 35.060463, 36.209679>
	pigment { color rgbt <0,1,1,0> }
	no_shadow
}
cylinder {
	<30.646513, 35.312157, 37.289600>,  <30.125170, 34.914864, 36.884014>, 0.130000
	pigment { color rgbt <1,0,0,0> }
	no_shadow
}

// nucleotide -1

// particle -1
sphere {
	<30.646513, 35.312157, 37.289600> 0.250000
	pigment { color rgbt <1,0,0,0> }
	no_shadow
}
cylinder {
	<30.444292, 35.541386, 37.031605>,  <30.322960, 35.678925, 36.876808>, 0.100000
	pigment { color rgbt <1,0,0,0> }
	no_shadow
}
cylinder {
	<30.444292, 35.541386, 37.031605>,  <30.646513, 35.312157, 37.289600>, 0.100000
	pigment { color rgbt <1,0,0,0> }
	no_shadow
}

// particle -1
sphere {
	<30.444292, 35.541386, 37.031605> 0.100000
	pigment { color rgbt <1,0,0,0> }
	no_shadow
}
sphere {
	0, 1
	scale<0.080000,0.200000,0.300000>
	matrix <0.685312, 0.720880, 0.103343,
		0.524179, -0.389770, -0.757176,
		-0.505553, 0.573072, -0.644984,
		30.292625, 35.713306, 36.838108>
	pigment { color rgbt <0,1,1,0> }
	no_shadow
}
cylinder {
	<30.736155, 35.696640, 36.608109>,  <30.646513, 35.312157, 37.289600>, 0.130000
	pigment { color rgbt <1,0,0,0> }
	no_shadow
}

// nucleotide -1

// particle -1
sphere {
	<30.736155, 35.696640, 36.608109> 0.250000
	pigment { color rgbt <1,0,0,0> }
	no_shadow
}
cylinder {
	<30.809435, 35.739185, 36.217186>,  <30.853403, 35.764713, 35.982632>, 0.100000
	pigment { color rgbt <1,0,0,0> }
	no_shadow
}
cylinder {
	<30.809435, 35.739185, 36.217186>,  <30.736155, 35.696640, 36.608109>, 0.100000
	pigment { color rgbt <1,0,0,0> }
	no_shadow
}

// particle -1
sphere {
	<30.809435, 35.739185, 36.217186> 0.100000
	pigment { color rgbt <1,0,0,0> }
	no_shadow
}
sphere {
	0, 1
	scale<0.080000,0.200000,0.300000>
	matrix <-0.747718, -0.630343, -0.208768,
		-0.638243, 0.768995, -0.035949,
		0.183202, 0.106365, -0.977304,
		30.864395, 35.771095, 35.923996>
	pigment { color rgbt <0,1,1,0> }
	no_shadow
}
cylinder {
	<30.218069, 36.002930, 36.160229>,  <30.736155, 35.696640, 36.608109>, 0.130000
	pigment { color rgbt <1,0,0,0> }
	no_shadow
}

// nucleotide -1

// particle -1
sphere {
	<30.218069, 36.002930, 36.160229> 0.250000
	pigment { color rgbt <1,0,0,0> }
	no_shadow
}
cylinder {
	<30.453884, 35.742676, 35.968765>,  <30.595373, 35.586521, 35.853886>, 0.100000
	pigment { color rgbt <1,0,0,0> }
	no_shadow
}
cylinder {
	<30.453884, 35.742676, 35.968765>,  <30.218069, 36.002930, 36.160229>, 0.100000
	pigment { color rgbt <1,0,0,0> }
	no_shadow
}

// particle -1
sphere {
	<30.453884, 35.742676, 35.968765> 0.100000
	pigment { color rgbt <1,0,0,0> }
	no_shadow
}
sphere {
	0, 1
	scale<0.080000,0.200000,0.300000>
	matrix <-0.807241, -0.453757, -0.377447,
		0.028387, 0.608912, -0.792730,
		0.589539, -0.650639, -0.478658,
		30.630745, 35.547485, 35.825169>
	pigment { color rgbt <0,1,1,0> }
	no_shadow
}
cylinder {
	<30.032846, 35.951611, 35.361893>,  <30.218069, 36.002930, 36.160229>, 0.130000
	pigment { color rgbt <1,0,0,0> }
	no_shadow
}

// nucleotide -1

// particle -1
sphere {
	<30.032846, 35.951611, 35.361893> 0.250000
	pigment { color rgbt <1,0,0,0> }
	no_shadow
}
cylinder {
	<30.189077, 35.637123, 35.553436>,  <30.282816, 35.448429, 35.668362>, 0.100000
	pigment { color rgbt <1,0,0,0> }
	no_shadow
}
cylinder {
	<30.189077, 35.637123, 35.553436>,  <30.032846, 35.951611, 35.361893>, 0.100000
	pigment { color rgbt <1,0,0,0> }
	no_shadow
}

// particle -1
sphere {
	<30.189077, 35.637123, 35.553436> 0.100000
	pigment { color rgbt <1,0,0,0> }
	no_shadow
}
sphere {
	0, 1
	scale<0.080000,0.200000,0.300000>
	matrix <-0.865835, -0.490435, -0.099013,
