// switches for output
#declare DRAW_BASES = 1; // possible values are 0, 1; only relevant for DNA ribbons
#declare DRAW_BASES_TYPE = 3; // possible values are 1, 2, 3; only relevant for DNA ribbons
#declare DRAW_FOG = 0; // set to 1 to enable fog

#include "colors.inc"

#include "transforms.inc"
background { rgb <1, 1, 1>}

#default {
   normal{
       ripples 0.25
       frequency 0.20
       turbulence 0.2
       lambda 5
   }
	finish {
		phong 0.1
		phong_size 40.
	}
}

// original window dimensions: 1024x640


// camera settings

camera {
	sky <0, 0.179814, -0.983701>
	up <0, 0.179814, -0.983701>
	right 1.6 * <1, 0, 0>
	location <35, 94.9851, 44.8844>
	look_at <35, 29.7336, 32.9568>
	direction <0, -65.2515, -11.9276>
	angle 67.0682
}


# declare cpy_camera_pos = <35, 94.9851, 44.8844>;
# if (DRAW_FOG = 1)
fog {
	fog_type 2
	up vnormalize(cpy_camera_pos)
	color rgbt<1,1,1,0.3>
	distance 1e-5
	fog_alt 3e-3
	fog_offset 56
}
# end


// LIGHTS

# declare lum = 6;
global_settings {
	ambient_light rgb lum * <0.05, 0.05, 0.05>
	max_trace_level 15
}# declare cpy_direct_light_amount = 0.25;
light_source
{	1000 * <-1, -1.16352, -0.803886>,
	rgb lum * cpy_direct_light_amount
	parallel
}

light_source
{	1000 * <1, 1.16352, 0.803886>,
	rgb lum * cpy_direct_light_amount
	parallel
}

// strand 0

// nucleotide -1

// particle -1
sphere {
	<24.420765, 34.680580, 35.134403> 0.250000
	pigment { color rgbt <1,0,0,0> }
	no_shadow
}
cylinder {
	<24.280567, 34.969379, 34.895782>,  <24.196449, 35.142658, 34.752609>, 0.100000
	pigment { color rgbt <1,0,0,0> }
	no_shadow
}
cylinder {
	<24.280567, 34.969379, 34.895782>,  <24.420765, 34.680580, 35.134403>, 0.100000
	pigment { color rgbt <1,0,0,0> }
	no_shadow
}

// particle -1
sphere {
	<24.280567, 34.969379, 34.895782> 0.100000
	pigment { color rgbt <1,0,0,0> }
	no_shadow
}
sphere {
	0, 1
	scale<0.080000,0.200000,0.300000>
	matrix <-0.228783, -0.683665, -0.693008,
		-0.908192, -0.106413, 0.404800,
		-0.350493, 0.721996, -0.596554,
		24.175419, 35.185978, 34.716816>
	pigment { color rgbt <0,1,1,0> }
	no_shadow
}
cylinder {
	<24.904491, 34.845688, 34.595695>,  <24.420765, 34.680580, 35.134403>, 0.130000
	pigment { color rgbt <1,0,0,0> }
	no_shadow
}

// nucleotide -1

// particle -1
sphere {
	<24.904491, 34.845688, 34.595695> 0.250000
	pigment { color rgbt <1,0,0,0> }
	no_shadow
}
cylinder {
	<25.281527, 34.761971, 34.491600>,  <25.507748, 34.711739, 34.429142>, 0.100000
	pigment { color rgbt <1,0,0,0> }
	no_shadow
}
cylinder {
	<25.281527, 34.761971, 34.491600>,  <24.904491, 34.845688, 34.595695>, 0.100000
	pigment { color rgbt <1,0,0,0> }
	no_shadow
}

// particle -1
sphere {
	<25.281527, 34.761971, 34.491600> 0.100000
	pigment { color rgbt <1,0,0,0> }
	no_shadow
}
sphere {
	0, 1
	scale<0.080000,0.200000,0.300000>
	matrix <0.312768, 0.280074, 0.907598,
		-0.117070, -0.936885, 0.329455,
		0.942587, -0.209296, -0.260239,
		25.564302, 34.699181, 34.413528>
	pigment { color rgbt <0,1,1,0> }
	no_shadow
}
cylinder {
	<25.207579, 34.384872, 35.063847>,  <24.904491, 34.845688, 34.595695>, 0.130000
	pigment { color rgbt <1,0,0,0> }
	no_shadow
}

// nucleotide -1

// particle -1
sphere {
	<25.207579, 34.384872, 35.063847> 0.250000
	pigment { color rgbt <1,0,0,0> }
	no_shadow
}
cylinder {
	<25.502682, 34.576523, 34.873627>,  <25.679745, 34.691513, 34.759495>, 0.100000
	pigment { color rgbt <1,0,0,0> }
	no_shadow
}
cylinder {
	<25.502682, 34.576523, 34.873627>,  <25.207579, 34.384872, 35.063847>, 0.100000
	pigment { color rgbt <1,0,0,0> }
	no_shadow
}

// particle -1
sphere {
	<25.502682, 34.576523, 34.873627> 0.100000
	pigment { color rgbt <1,0,0,0> }
	no_shadow
}
sphere {
	0, 1
	scale<0.080000,0.200000,0.300000>
	matrix <0.434689, 0.201802, 0.877679,
		0.516485, -0.854234, -0.059388,
		0.737760, 0.479123, -0.475554,
		25.724010, 34.720261, 34.730961>
	pigment { color rgbt <0,1,1,0> }
	no_shadow
}
cylinder {
	<25.739735, 33.995304, 35.255470>,  <25.207579, 34.384872, 35.063847>, 0.130000
	pigment { color rgbt <1,0,0,0> }
	no_shadow
}

// nucleotide -1

// particle -1
sphere {
	<25.739735, 33.995304, 35.255470> 0.250000
	pigment { color rgbt <1,0,0,0> }
	no_shadow
}
cylinder {
	<25.895233, 34.337887, 35.119614>,  <25.988533, 34.543438, 35.038097>, 0.100000
	pigment { color rgbt <1,0,0,0> }
	no_shadow
}
cylinder {
	<25.895233, 34.337887, 35.119614>,  <25.739735, 33.995304, 35.255470>, 0.100000
	pigment { color rgbt <1,0,0,0> }
	no_shadow
}

// particle -1
sphere {
	<25.895233, 34.337887, 35.119614> 0.100000
	pigment { color rgbt <1,0,0,0> }
	no_shadow
}
sphere {
	0, 1
	scale<0.080000,0.200000,0.300000>
	matrix <0.484623, 0.123445, 0.865969,
		0.783592, -0.501241, -0.367070,
		0.388746, 0.856457, -0.339644,
		26.011858, 34.594826, 35.017719>
	pigment { color rgbt <0,1,1,0> }
	no_shadow
}
cylinder {
	<26.512278, 34.052368, 35.442284>,  <25.739735, 33.995304, 35.255470>, 0.130000
	pigment { color rgbt <1,0,0,0> }
	no_shadow
}

// nucleotide -1

// particle -1
sphere {
	<26.512278, 34.052368, 35.442284> 0.250000
	pigment { color rgbt <1,0,0,0> }
	no_shadow
}
cylinder {
	<26.416170, 34.437000, 35.389153>,  <26.358505, 34.667778, 35.357273>, 0.100000
	pigment { color rgbt <1,0,0,0> }
	no_shadow
}
cylinder {
	<26.416170, 34.437000, 35.389153>,  <26.512278, 34.052368, 35.442284>, 0.100000
	pigment { color rgbt <1,0,0,0> }
	no_shadow
}

// particle -1
sphere {
	<26.416170, 34.437000, 35.389153> 0.100000
	pigment { color rgbt <1,0,0,0> }
	no_shadow
}
sphere {
	0, 1
	scale<0.080000,0.200000,0.300000>
	matrix <0.519353, 0.242942, 0.819299,
		0.820088, 0.127867, -0.557769,
		-0.240267, 0.961576, -0.132826,
		26.344090, 34.725471, 35.349304>
	pigment { color rgbt <0,1,1,0> }
	no_shadow
}
cylinder {
	<27.160015, 34.571941, 35.455383>,  <26.512278, 34.052368, 35.442284>, 0.130000
	pigment { color rgbt <1,0,0,0> }
	no_shadow
}

// nucleotide -1

// particle -1
sphere {
	<27.160015, 34.571941, 35.455383> 0.250000
	pigment { color rgbt <1,0,0,0> }
	no_shadow
}
cylinder {
	<26.823259, 34.720867, 35.611641>,  <26.621206, 34.810223, 35.705395>, 0.100000
	pigment { color rgbt <1,0,0,0> }
	no_shadow
}
cylinder {
	<26.823259, 34.720867, 35.611641>,  <27.160015, 34.571941, 35.455383>, 0.100000
	pigment { color rgbt <1,0,0,0> }
	no_shadow
}

// particle -1
sphere {
	<26.823259, 34.720867, 35.611641> 0.100000
	pigment { color rgbt <1,0,0,0> }
	no_shadow
}
sphere {
	0, 1
	scale<0.080000,0.200000,0.300000>
	matrix <0.493153, 0.236845, 0.837081,
		0.219132, 0.897379, -0.383004,
		-0.841891, 0.372311, 0.390645,
		26.570692, 34.832561, 35.728836>
	pigment { color rgbt <0,1,1,0> }
	no_shadow
}
cylinder {
	<27.288671, 35.276340, 35.782059>,  <27.160015, 34.571941, 35.455383>, 0.130000
	pigment { color rgbt <1,0,0,0> }
	no_shadow
}

// nucleotide -1

// particle -1
sphere {
	<27.288671, 35.276340, 35.782059> 0.250000
	pigment { color rgbt <1,0,0,0> }
	no_shadow
}
cylinder {
	<26.976971, 35.130817, 35.986179>,  <26.789949, 35.043503, 36.108654>, 0.100000
	pigment { color rgbt <1,0,0,0> }
	no_shadow
}
cylinder {
	<26.976971, 35.130817, 35.986179>,  <27.288671, 35.276340, 35.782059>, 0.100000
	pigment { color rgbt <1,0,0,0> }
	no_shadow
}

// particle -1
sphere {
	<26.976971, 35.130817, 35.986179> 0.100000
	pigment { color rgbt <1,0,0,0> }
	no_shadow
}
sphere {
	0, 1
	scale<0.080000,0.200000,0.300000>
	matrix <0.485601, 0.164235, 0.858615,
		-0.396181, 0.916881, 0.048685,
		-0.779252, -0.363808, 0.510305,
		26.743195, 35.021675, 36.139271>
	pigment { color rgbt <0,1,1,0> }
	no_shadow
}
cylinder {
	<27.025757, 35.781185, 36.275261>,  <27.288671, 35.276340, 35.782059>, 0.130000
	pigment { color rgbt <1,0,0,0> }
	no_shadow
}

// nucleotide -1

// particle -1
sphere {
	<27.025757, 35.781185, 36.275261> 0.250000
	pigment { color rgbt <1,0,0,0> }
	no_shadow
}
cylinder {
	<26.956844, 35.408802, 36.404034>,  <26.915497, 35.185371, 36.481297>, 0.100000
	pigment { color rgbt <1,0,0,0> }
	no_shadow
}
cylinder {
	<26.956844, 35.408802, 36.404034>,  <27.025757, 35.781185, 36.275261>, 0.100000
	pigment { color rgbt <1,0,0,0> }
	no_shadow
}

// particle -1
sphere {
	<26.956844, 35.408802, 36.404034> 0.100000
	pigment { color rgbt <1,0,0,0> }
	no_shadow
}
sphere {
	0, 1
	scale<0.080000,0.200000,0.300000>
	matrix <0.476449, 0.207288, 0.854417,
		-0.862157, 0.300582, 0.407842,
		-0.172282, -0.930957, 0.321927,
		26.905159, 35.129517, 36.500610>
	pigment { color rgbt <0,1,1,0> }
	no_shadow
}
cylinder {
	<26.946934, 35.841652, 37.054634>,  <27.025757, 35.781185, 36.275261>, 0.130000
	pigment { color rgbt <1,0,0,0> }
	no_shadow
}

// nucleotide -1

// particle -1
sphere {
	<26.946934, 35.841652, 37.054634> 0.250000
	pigment { color rgbt <1,0,0,0> }
	no_shadow
}
cylinder {
	<27.042416, 35.455597, 37.011681>,  <27.099705, 35.223965, 36.985909>, 0.100000
	pigment { color rgbt <1,0,0,0> }
	no_shadow
}
cylinder {
	<27.042416, 35.455597, 37.011681>,  <26.946934, 35.841652, 37.054634>, 0.100000
	pigment { color rgbt <1,0,0,0> }
	no_shadow
}

// particle -1
sphere {
	<27.042416, 35.455597, 37.011681> 0.100000
	pigment { color rgbt <1,0,0,0> }
	no_shadow
}
sphere {
	0, 1
	scale<0.080000,0.200000,0.300000>
	matrix <0.576604, 0.051894, 0.815374,
		-0.781375, -0.256550, 0.568889,
		0.238706, -0.965137, -0.107379,
		27.114027, 35.166058, 36.979465>
	pigment { color rgbt <0,1,1,0> }
	no_shadow
}
cylinder {
	<27.009729, 35.551029, 37.800766>,  <26.946934, 35.841652, 37.054634>, 0.130000
	pigment { color rgbt <1,0,0,0> }
	no_shadow
}

// nucleotide -1

// particle -1
sphere {
	<27.009729, 35.551029, 37.800766> 0.250000
	pigment { color rgbt <1,0,0,0> }
	no_shadow
}
cylinder {
	<27.209894, 35.306404, 37.555630>,  <27.329992, 35.159630, 37.408546>, 0.100000
	pigment { color rgbt <1,0,0,0> }
	no_shadow
}
cylinder {
	<27.209894, 35.306404, 37.555630>,  <27.009729, 35.551029, 37.800766>, 0.100000
	pigment { color rgbt <1,0,0,0> }
	no_shadow
}

// particle -1
sphere {
	<27.209894, 35.306404, 37.555630> 0.100000
	pigment { color rgbt <1,0,0,0> }
	no_shadow
}
sphere {
	0, 1
	scale<0.080000,0.200000,0.300000>
	matrix <0.740152, -0.065058, 0.669285,
		-0.449180, -0.788517, 0.420094,
		0.500413, -0.611563, -0.612845,
		27.360018, 35.122936, 37.371777>
	pigment { color rgbt <0,1,1,0> }
	no_shadow
}
cylinder {
	<27.023111, 34.909328, 38.091694>,  <27.009729, 35.551029, 37.800766>, 0.130000
	pigment { color rgbt <1,0,0,0> }
	no_shadow
}

// nucleotide -1

// particle -1
sphere {
	<27.023111, 34.909328, 38.091694> 0.250000
	pigment { color rgbt <1,0,0,0> }
	no_shadow
}
cylinder {
	<27.328186, 34.965076, 37.839066>,  <27.511230, 34.998524, 37.687489>, 0.100000
	pigment { color rgbt <1,0,0,0> }
	no_shadow
}
cylinder {
	<27.328186, 34.965076, 37.839066>,  <27.023111, 34.909328, 38.091694>, 0.100000
	pigment { color rgbt <1,0,0,0> }
	no_shadow
}

// particle -1
sphere {
	<27.328186, 34.965076, 37.839066> 0.100000
	pigment { color rgbt <1,0,0,0> }
	no_shadow
}
sphere {
	0, 1
	scale<0.080000,0.200000,0.300000>
	matrix <0.625317, 0.090495, 0.775106,
		0.165182, -0.986097, -0.018132,
		0.762688, 0.139372, -0.631571,
		27.556993, 35.006886, 37.649593>
	pigment { color rgbt <0,1,1,0> }
	no_shadow
}
cylinder {
	<27.621878, 34.773201, 38.451355>,  <27.023111, 34.909328, 38.091694>, 0.130000
	pigment { color rgbt <1,0,0,0> }
	no_shadow
}

// nucleotide -1

// particle -1
sphere {
	<27.621878, 34.773201, 38.451355> 0.250000
	pigment { color rgbt <1,0,0,0> }
	no_shadow
}
cylinder {
	<27.751690, 34.972584, 38.129803>,  <27.829576, 35.092213, 37.936871>, 0.100000
	pigment { color rgbt <1,0,0,0> }
	no_shadow
}
cylinder {
	<27.751690, 34.972584, 38.129803>,  <27.621878, 34.773201, 38.451355>, 0.100000
	pigment { color rgbt <1,0,0,0> }
	no_shadow
}

// particle -1
sphere {
	<27.751690, 34.972584, 38.129803> 0.100000
	pigment { color rgbt <1,0,0,0> }
	no_shadow
}
sphere {
	0, 1
	scale<0.080000,0.200000,0.300000>
	matrix <0.707787, 0.435815, 0.555971,
		0.627470, -0.749404, -0.211366,
		0.324530, 0.498457, -0.803879,
		27.849049, 35.122120, 37.888638>
	pigment { color rgbt <0,1,1,0> }
	no_shadow
}
cylinder {
	<28.422474, 34.646061, 38.323196>,  <27.621878, 34.773201, 38.451355>, 0.130000
	pigment { color rgbt <1,0,0,0> }
	no_shadow
}

// nucleotide -1

// particle -1
sphere {
	<28.422474, 34.646061, 38.323196> 0.250000
	pigment { color rgbt <1,0,0,0> }
	no_shadow
}
cylinder {
	<28.271370, 35.006477, 38.237942>,  <28.180708, 35.222729, 38.186790>, 0.100000
	pigment { color rgbt <1,0,0,0> }
	no_shadow
}
cylinder {
	<28.271370, 35.006477, 38.237942>,  <28.422474, 34.646061, 38.323196>, 0.100000
	pigment { color rgbt <1,0,0,0> }
	no_shadow
}

// particle -1
sphere {
	<28.271370, 35.006477, 38.237942> 0.100000
	pigment { color rgbt <1,0,0,0> }
	no_shadow
}
sphere {
	0, 1
	scale<0.080000,0.200000,0.300000>
	matrix <0.742899, 0.432343, 0.511058,
		0.552630, 0.034720, -0.832703,
		-0.377758, 0.901040, -0.213132,
		28.158043, 35.276791, 38.174004>
	pigment { color rgbt <0,1,1,0> }
	no_shadow
}
cylinder {
	<29.042318, 34.960556, 38.136261>,  <28.422474, 34.646061, 38.323196>, 0.130000
	pigment { color rgbt <1,0,0,0> }
	no_shadow
}

// nucleotide -1

// particle -1
sphere {
	<29.042318, 34.960556, 38.136261> 0.250000
	pigment { color rgbt <1,0,0,0> }
	no_shadow
}
cylinder {
	<28.742264, 35.221420, 38.180054>,  <28.562231, 35.377937, 38.206329>, 0.100000
	pigment { color rgbt <1,0,0,0> }
	no_shadow
}
cylinder {
	<28.742264, 35.221420, 38.180054>,  <29.042318, 34.960556, 38.136261>, 0.100000
	pigment { color rgbt <1,0,0,0> }
	no_shadow
}

// particle -1
sphere {
	<28.742264, 35.221420, 38.180054> 0.100000
	pigment { color rgbt <1,0,0,0> }
	no_shadow
}
sphere {
	0, 1
	scale<0.080000,0.200000,0.300000>
	matrix <0.612488, 0.622775, 0.486836,
		0.249313, 0.432248, -0.866605,
		-0.750134, 0.652160, 0.109481,
		28.517223, 35.417068, 38.212898>
	pigment { color rgbt <0,1,1,0> }
	no_shadow
}
cylinder {
	<29.145031, 35.628273, 37.784344>,  <29.042318, 34.960556, 38.136261>, 0.130000
	pigment { color rgbt <1,0,0,0> }
	no_shadow
}

// nucleotide -1

// particle -1
sphere {
	<29.145031, 35.628273, 37.784344> 0.250000
	pigment { color rgbt <1,0,0,0> }
	no_shadow
}
cylinder {
	<28.917036, 35.684196, 38.108212>,  <28.780239, 35.717751, 38.302532>, 0.100000
	pigment { color rgbt <1,0,0,0> }
	no_shadow
}
cylinder {
	<28.917036, 35.684196, 38.108212>,  <29.145031, 35.628273, 37.784344>, 0.100000
	pigment { color rgbt <1,0,0,0> }
	no_shadow
}

// particle -1
sphere {
	<28.917036, 35.684196, 38.108212> 0.100000
	pigment { color rgbt <1,0,0,0> }
	no_shadow
}
sphere {
	0, 1
	scale<0.080000,0.200000,0.300000>
	matrix <0.741239, 0.512665, 0.433289,
		-0.354512, 0.847129, -0.395844,
		-0.569987, 0.139809, 0.809671,
		28.746040, 35.726139, 38.351112>
	pigment { color rgbt <0,1,1,0> }
	no_shadow
}
cylinder {
	<28.926344, 34.906960, 37.435989>,  <29.145031, 35.628273, 37.784344>, 0.130000
	pigment { color rgbt <1,0,0,0> }
	no_shadow
}

// nucleotide -1

// particle -1
sphere {
	<28.926344, 34.906960, 37.435989> 0.250000
	pigment { color rgbt <1,0,0,0> }
	no_shadow
}
cylinder {
	<28.539442, 34.913383, 37.537304>,  <28.307301, 34.917236, 37.598095>, 0.100000
	pigment { color rgbt <1,0,0,0> }
	no_shadow
}
cylinder {
	<28.539442, 34.913383, 37.537304>,  <28.926344, 34.906960, 37.435989>, 0.100000
	pigment { color rgbt <1,0,0,0> }
	no_shadow
}

// particle -1
sphere {
	<28.539442, 34.913383, 37.537304> 0.100000
	pigment { color rgbt <1,0,0,0> }
	no_shadow
}
sphere {
	0, 1
	scale<0.080000,0.200000,0.300000>
	matrix <-0.253722, -0.085748, -0.963469,
		0.006248, -0.996188, 0.087014,
		-0.967257, 0.016058, 0.253291,
		28.249266, 34.918201, 37.613293>
	pigment { color rgbt <0,1,1,0> }
	no_shadow
}
cylinder {
	<28.583811, 34.818691, 36.773880>,  <28.926344, 34.906960, 37.435989>, 0.130000
	pigment { color rgbt <1,0,0,0> }
	no_shadow
}

// nucleotide -1

// particle -1
sphere {
	<28.583811, 34.818691, 36.773880> 0.250000
	pigment { color rgbt <1,0,0,0> }
	no_shadow
}
cylinder {
	<28.277010, 34.865700, 37.026199>,  <28.092930, 34.893906, 37.177589>, 0.100000
	pigment { color rgbt <1,0,0,0> }
	no_shadow
}
cylinder {
	<28.277010, 34.865700, 37.026199>,  <28.583811, 34.818691, 36.773880>, 0.100000
	pigment { color rgbt <1,0,0,0> }
	no_shadow
}

// particle -1
sphere {
	<28.277010, 34.865700, 37.026199> 0.100000
	pigment { color rgbt <1,0,0,0> }
	no_shadow
}
sphere {
	0, 1
	scale<0.080000,0.200000,0.300000>
	matrix <-0.637483, -0.027741, -0.769965,
		-0.072991, -0.992682, 0.096197,
		-0.766999, 0.117524, 0.630793,
		28.046909, 34.900955, 37.215439>
	pigment { color rgbt <0,1,1,0> }
	no_shadow
}
cylinder {
	<28.025793, 34.317795, 36.629818>,  <28.583811, 34.818691, 36.773880>, 0.130000
	pigment { color rgbt <1,0,0,0> }
	no_shadow
}

// nucleotide -1

// particle -1
sphere {
	<28.025793, 34.317795, 36.629818> 0.250000
	pigment { color rgbt <1,0,0,0> }
	no_shadow
}
cylinder {
	<27.812790, 34.570282, 36.855381>,  <27.684988, 34.721775, 36.990719>, 0.100000
	pigment { color rgbt <1,0,0,0> }
	no_shadow
}
cylinder {
	<27.812790, 34.570282, 36.855381>,  <28.025793, 34.317795, 36.629818>, 0.100000
	pigment { color rgbt <1,0,0,0> }
	no_shadow
}

// particle -1
sphere {
	<27.812790, 34.570282, 36.855381> 0.100000
	pigment { color rgbt <1,0,0,0> }
	no_shadow
}
sphere {
	0, 1
	scale<0.080000,0.200000,0.300000>
	matrix <-0.808514, -0.182178, -0.559568,
		-0.250481, -0.753902, 0.607364,
		-0.532508, 0.631224, 0.563908,
		27.653038, 34.759647, 37.024555>
	pigment { color rgbt <0,1,1,0> }
	no_shadow
}
cylinder {
	<27.476612, 33.923912, 36.801422>,  <28.025793, 34.317795, 36.629818>, 0.130000
	pigment { color rgbt <1,0,0,0> }
	no_shadow
}

// nucleotide -1

// particle -1
sphere {
	<27.476612, 33.923912, 36.801422> 0.250000
	pigment { color rgbt <1,0,0,0> }
	no_shadow
}
cylinder {
	<27.366098, 34.304214, 36.857605>,  <27.299791, 34.532394, 36.891315>, 0.100000
	pigment { color rgbt <1,0,0,0> }
	no_shadow
}
cylinder {
	<27.366098, 34.304214, 36.857605>,  <27.476612, 33.923912, 36.801422>, 0.100000
	pigment { color rgbt <1,0,0,0> }
	no_shadow
}

// particle -1
sphere {
	<27.366098, 34.304214, 36.857605> 0.100000
	pigment { color rgbt <1,0,0,0> }
	no_shadow
}
sphere {
	0, 1
	scale<0.080000,0.200000,0.300000>
	matrix <-0.822242, -0.158169, -0.546719,
		-0.497581, -0.266538, 0.825452,
		-0.276282, 0.950758, 0.140457,
		27.283215, 34.589443, 36.899742>
	pigment { color rgbt <0,1,1,0> }
	no_shadow
}
cylinder {
	<26.698328, 33.901196, 36.894222>,  <27.476612, 33.923912, 36.801422>, 0.130000
	pigment { color rgbt <1,0,0,0> }
	no_shadow
}

// nucleotide -1

// particle -1
sphere {
	<26.698328, 33.901196, 36.894222> 0.250000
	pigment { color rgbt <1,0,0,0> }
	no_shadow
}
cylinder {
	<26.767292, 34.275173, 36.770184>,  <26.808670, 34.499557, 36.695759>, 0.100000
	pigment { color rgbt <1,0,0,0> }
	no_shadow
}
cylinder {
	<26.767292, 34.275173, 36.770184>,  <26.698328, 33.901196, 36.894222>, 0.100000
	pigment { color rgbt <1,0,0,0> }
	no_shadow
}

// particle -1
sphere {
	<26.767292, 34.275173, 36.770184> 0.100000
	pigment { color rgbt <1,0,0,0> }
	no_shadow
}
sphere {
	0, 1
	scale<0.080000,0.200000,0.300000>
	matrix <-0.785204, -0.059635, -0.616359,
		-0.594751, 0.349759, 0.723837,
		0.172411, 0.934940, -0.310100,
		26.819016, 34.555656, 36.677155>
	pigment { color rgbt <0,1,1,0> }
	no_shadow
}
cylinder {
	<26.070410, 34.280872, 36.853916>,  <26.698328, 33.901196, 36.894222>, 0.130000
	pigment { color rgbt <1,0,0,0> }
	no_shadow
}

// nucleotide -1

// particle -1
sphere {
	<26.070410, 34.280872, 36.853916> 0.250000
	pigment { color rgbt <1,0,0,0> }
	no_shadow
}
cylinder {
	<26.313972, 34.482265, 36.608727>,  <26.460110, 34.603100, 36.461613>, 0.100000
	pigment { color rgbt <1,0,0,0> }
	no_shadow
}
cylinder {
	<26.313972, 34.482265, 36.608727>,  <26.070410, 34.280872, 36.853916>, 0.100000
	pigment { color rgbt <1,0,0,0> }
	no_shadow
}

// particle -1
sphere {
	<26.313972, 34.482265, 36.608727> 0.100000
	pigment { color rgbt <1,0,0,0> }
	no_shadow
}
sphere {
	0, 1
	scale<0.080000,0.200000,0.300000>
	matrix <-0.771123, 0.194500, -0.606249,
		-0.186010, 0.841831, 0.506676,
		0.608908, 0.503478, -0.612977,
		26.496645, 34.633308, 36.424835>
	pigment { color rgbt <0,1,1,0> }
	no_shadow
}
cylinder {
	<25.610889, 34.874424, 36.698059>,  <26.070410, 34.280872, 36.853916>, 0.130000
	pigment { color rgbt <1,0,0,0> }
	no_shadow
}

// nucleotide -1

// particle -1
sphere {
	<25.610889, 34.874424, 36.698059> 0.250000
	pigment { color rgbt <1,0,0,0> }
	no_shadow
}
cylinder {
	<25.963734, 34.930458, 36.518169>,  <26.175440, 34.964081, 36.410236>, 0.100000
	pigment { color rgbt <1,0,0,0> }
	no_shadow
}
cylinder {
	<25.963734, 34.930458, 36.518169>,  <25.610889, 34.874424, 36.698059>, 0.100000
	pigment { color rgbt <1,0,0,0> }
	no_shadow
}

// particle -1
sphere {
	<25.963734, 34.930458, 36.518169> 0.100000
	pigment { color rgbt <1,0,0,0> }
	no_shadow
}
sphere {
	0, 1
	scale<0.080000,0.200000,0.300000>
	matrix <-0.465359, 0.111363, -0.878088,
		-0.072928, 0.983856, 0.163426,
		0.882113, 0.140089, -0.449725,
		26.228367, 34.972485, 36.383251>
	pigment { color rgbt <0,1,1,0> }
	no_shadow
}
cylinder {
	<25.482323, 35.400928, 36.262493>,  <25.610889, 34.874424, 36.698059>, 0.130000
	pigment { color rgbt <1,0,0,0> }
	no_shadow
}

// nucleotide -1

// particle -1
sphere {
	<25.482323, 35.400928, 36.262493> 0.250000
	pigment { color rgbt <1,0,0,0> }
	no_shadow
}
cylinder {
	<25.820917, 35.235363, 36.128544>,  <26.024075, 35.136024, 36.048176>, 0.100000
	pigment { color rgbt <1,0,0,0> }
	no_shadow
}
cylinder {
	<25.820917, 35.235363, 36.128544>,  <25.482323, 35.400928, 36.262493>, 0.100000
	pigment { color rgbt <1,0,0,0> }
	no_shadow
}

// particle -1
sphere {
	<25.820917, 35.235363, 36.128544> 0.100000
	pigment { color rgbt <1,0,0,0> }
	no_shadow
}
sphere {
	0, 1
	scale<0.080000,0.200000,0.300000>
	matrix <-0.361479, 0.014978, -0.932260,
		0.390887, 0.910194, -0.136941,
		0.846487, -0.413910, -0.334871,
		26.074863, 35.111191, 36.028084>
	pigment { color rgbt <0,1,1,0> }
	no_shadow
}
cylinder {
	<25.598288, 35.703686, 35.594810>,  <25.482323, 35.400928, 36.262493>, 0.130000
	pigment { color rgbt <1,0,0,0> }
	no_shadow
}

// nucleotide -1

// particle -1
sphere {
	<25.598288, 35.703686, 35.594810> 0.250000
	pigment { color rgbt <1,0,0,0> }
	no_shadow
}
cylinder {
	<25.930725, 35.482906, 35.622047>,  <26.130188, 35.350437, 35.638390>, 0.100000
	pigment { color rgbt <1,0,0,0> }
	no_shadow
}
cylinder {
	<25.930725, 35.482906, 35.622047>,  <25.598288, 35.703686, 35.594810>, 0.100000
	pigment { color rgbt <1,0,0,0> }
	no_shadow
}

// particle -1
sphere {
	<25.930725, 35.482906, 35.622047> 0.100000
	pigment { color rgbt <1,0,0,0> }
	no_shadow
}
sphere {
	0, 1
	scale<0.080000,0.200000,0.300000>
	matrix <-0.103577, -0.273926, -0.956157,
		0.546402, 0.787603, -0.284828,
		0.831094, -0.551948, 0.068096,
		26.180054, 35.317322, 35.642475>
	pigment { color rgbt <0,1,1,0> }
	no_shadow
}
cylinder {
	<26.103741, 35.936699, 35.107368>,  <25.598288, 35.703686, 35.594810>, 0.130000
	pigment { color rgbt <1,0,0,0> }
	no_shadow
}

// nucleotide -1

// particle -1
sphere {
	<26.103741, 35.936699, 35.107368> 0.250000
	pigment { color rgbt <1,0,0,0> }
	no_shadow
}
cylinder {
	<26.220543, 35.559532, 35.171425>,  <26.290625, 35.333233, 35.209858>, 0.100000
	pigment { color rgbt <1,0,0,0> }
	no_shadow
}
cylinder {
	<26.220543, 35.559532, 35.171425>,  <26.103741, 35.936699, 35.107368>, 0.100000
	pigment { color rgbt <1,0,0,0> }
	no_shadow
}

// particle -1
sphere {
	<26.220543, 35.559532, 35.171425> 0.100000
	pigment { color rgbt <1,0,0,0> }
	no_shadow
}
sphere {
	0, 1
	scale<0.080000,0.200000,0.300000>
	matrix <-0.106512, -0.198455, -0.974305,
		0.950468, 0.267444, -0.158381,
		0.292004, -0.942915, 0.160139,
		26.308144, 35.276657, 35.219467>
	pigment { color rgbt <0,1,1,0> }
	no_shadow
}
cylinder {
	<26.585848, 35.728973, 34.644508>,  <26.103741, 35.936699, 35.107368>, 0.130000
	pigment { color rgbt <1,0,0,0> }
	no_shadow
}

// nucleotide -1

// particle -1
sphere {
	<26.585848, 35.728973, 34.644508> 0.250000
	pigment { color rgbt <1,0,0,0> }
	no_shadow
}
cylinder {
	<26.421247, 35.383816, 34.761868>,  <26.322487, 35.176720, 34.832283>, 0.100000
	pigment { color rgbt <1,0,0,0> }
	no_shadow
}
cylinder {
	<26.421247, 35.383816, 34.761868>,  <26.585848, 35.728973, 34.644508>, 0.100000
	pigment { color rgbt <1,0,0,0> }
	no_shadow
}

// particle -1
sphere {
	<26.421247, 35.383816, 34.761868> 0.100000
	pigment { color rgbt <1,0,0,0> }
	no_shadow
}
sphere {
	0, 1
	scale<0.080000,0.200000,0.300000>
	matrix <-0.149353, -0.253724, -0.955677,
		0.899089, -0.437082, -0.024468,
		-0.411500, -0.862893, 0.293400,
		26.297798, 35.124947, 34.849888>
	pigment { color rgbt <0,1,1,0> }
	no_shadow
}
cylinder {
	<26.832043, 35.171375, 34.201569>,  <26.585848, 35.728973, 34.644508>, 0.130000
	pigment { color rgbt <1,0,0,0> }
	no_shadow
}

// nucleotide -1

// particle -1
sphere {
	<26.832043, 35.171375, 34.201569> 0.250000
	pigment { color rgbt <1,0,0,0> }
	no_shadow
}
cylinder {
	<26.494118, 35.024826, 34.357548>,  <26.291363, 34.936897, 34.451138>, 0.100000
	pigment { color rgbt <1,0,0,0> }
	no_shadow
}
cylinder {
	<26.494118, 35.024826, 34.357548>,  <26.832043, 35.171375, 34.201569>, 0.100000
	pigment { color rgbt <1,0,0,0> }
	no_shadow
}

// particle -1
sphere {
	<26.494118, 35.024826, 34.357548> 0.100000
	pigment { color rgbt <1,0,0,0> }
	no_shadow
}
sphere {
	0, 1
	scale<0.080000,0.200000,0.300000>
	matrix <-0.026241, -0.699549, -0.714102,
		0.534416, -0.613517, 0.581375,
		-0.844814, -0.366372, 0.389950,
		26.240673, 34.914913, 34.474533>
	pigment { color rgbt <0,1,1,0> }
	no_shadow
}
cylinder {
	<26.764908, 34.409389, 34.358448>,  <26.832043, 35.171375, 34.201569>, 0.130000
	pigment { color rgbt <1,0,0,0> }
	no_shadow
}

// nucleotide -1

// particle -1
sphere {
	<26.764908, 34.409389, 34.358448> 0.250000
	pigment { color rgbt <1,0,0,0> }
	no_shadow
}
cylinder {
	<26.404421, 34.555965, 34.265903>,  <26.188128, 34.643909, 34.210377>, 0.100000
	pigment { color rgbt <1,0,0,0> }
	no_shadow
}
cylinder {
	<26.404421, 34.555965, 34.265903>,  <26.764908, 34.409389, 34.358448>, 0.100000
	pigment { color rgbt <1,0,0,0> }
	no_shadow
}

// particle -1
sphere {
	<26.404421, 34.555965, 34.265903> 0.100000
	pigment { color rgbt <1,0,0,0> }
	no_shadow
}
sphere {
	0, 1
	scale<0.080000,0.200000,0.300000>
	matrix <-0.023411, -0.574262, -0.818337,
		-0.432731, -0.732085, 0.526114,
		-0.901219, 0.366437, -0.231361,
		26.134056, 34.665897, 34.196495>
	pigment { color rgbt <0,1,1,0> }
	no_shadow
}
cylinder {
	<26.303114, 33.831177, 34.304031>,  <26.764908, 34.409389, 34.358448>, 0.130000
	pigment { color rgbt <1,0,0,0> }
	no_shadow
}

// nucleotide -1

// particle -1
sphere {
	<26.303114, 33.831177, 34.304031> 0.250000
	pigment { color rgbt <1,0,0,0> }
	no_shadow
}
cylinder {
	<26.142189, 34.121761, 34.081177>,  <26.045633, 34.296112, 33.947464>, 0.100000
	pigment { color rgbt <1,0,0,0> }
	no_shadow
}
cylinder {
	<26.142189, 34.121761, 34.081177>,  <26.303114, 33.831177, 34.304031>, 0.100000
	pigment { color rgbt <1,0,0,0> }
	no_shadow
}

// particle -1
sphere {
	<26.142189, 34.121761, 34.081177> 0.100000
	pigment { color rgbt <1,0,0,0> }
	no_shadow
}
sphere {
	0, 1
	scale<0.080000,0.200000,0.300000>
	matrix <0.019887, -0.601480, -0.798641,
		-0.915286, -0.332385, 0.227536,
		-0.402314, 0.726459, -0.557136,
		26.021494, 34.339699, 33.914036>
	pigment { color rgbt <0,1,1,0> }
	no_shadow
}
cylinder {
	<25.619682, 33.796345, 34.124233>,  <26.303114, 33.831177, 34.304031>, 0.130000
	pigment { color rgbt <1,0,0,0> }
	no_shadow
}

// nucleotide -1

// particle -1
sphere {
	<25.619682, 33.796345, 34.124233> 0.250000
	pigment { color rgbt <1,0,0,0> }
	no_shadow
}
cylinder {
	<25.847919, 33.964111, 33.841812>,  <25.984861, 34.064774, 33.672359>, 0.100000
	pigment { color rgbt <1,0,0,0> }
	no_shadow
}
cylinder {
	<25.847919, 33.964111, 33.841812>,  <25.619682, 33.796345, 34.124233>, 0.100000
	pigment { color rgbt <1,0,0,0> }
	no_shadow
}

// particle -1
sphere {
	<25.847919, 33.964111, 33.841812> 0.100000
	pigment { color rgbt <1,0,0,0> }
	no_shadow
}
sphere {
	0, 1
	scale<0.080000,0.200000,0.300000>
	matrix <-0.255847, -0.726174, -0.638133,
		-0.780362, 0.544757, -0.307043,
		0.570594, 0.419419, -0.706053,
		26.019098, 34.089935, 33.629997>
	pigment { color rgbt <0,1,1,0> }
	no_shadow
}
cylinder {
	<25.199709, 33.991501, 33.424946>,  <25.619682, 33.796345, 34.124233>, 0.130000
	pigment { color rgbt <1,0,0,0> }
	no_shadow
}

// nucleotide -1

// particle -1
sphere {
	<25.199709, 33.991501, 33.424946> 0.250000
	pigment { color rgbt <1,0,0,0> }
	no_shadow
}
cylinder {
	<25.586763, 33.913509, 33.360863>,  <25.818996, 33.866714, 33.322414>, 0.100000
	pigment { color rgbt <1,0,0,0> }
	no_shadow
}
cylinder {
	<25.586763, 33.913509, 33.360863>,  <25.199709, 33.991501, 33.424946>, 0.100000
	pigment { color rgbt <1,0,0,0> }
	no_shadow
}

// particle -1
sphere {
	<25.586763, 33.913509, 33.360863> 0.100000
	pigment { color rgbt <1,0,0,0> }
	no_shadow
}
sphere {
	0, 1
	scale<0.080000,0.200000,0.300000>
	matrix <-0.252278, -0.763076, -0.595039,
		-0.006229, 0.616197, -0.787568,
		0.967635, -0.194979, -0.160207,
		25.877054, 33.855015, 33.312801>
	pigment { color rgbt <0,1,1,0> }
	no_shadow
}
cylinder {
	<25.135273, 33.565277, 32.825756>,  <25.199709, 33.991501, 33.424946>, 0.130000
	pigment { color rgbt <1,0,0,0> }
	no_shadow
}

// nucleotide -1

// particle -1
sphere {
	<25.135273, 33.565277, 32.825756> 0.250000
	pigment { color rgbt <1,0,0,0> }
	no_shadow
}
cylinder {
	<25.529621, 33.529907, 32.882660>,  <25.766230, 33.508686, 32.916801>, 0.100000
	pigment { color rgbt <1,0,0,0> }
	no_shadow
}
cylinder {
	<25.529621, 33.529907, 32.882660>,  <25.135273, 33.565277, 32.825756>, 0.100000
	pigment { color rgbt <1,0,0,0> }
	no_shadow
}

// particle -1
sphere {
	<25.529621, 33.529907, 32.882660> 0.100000
	pigment { color rgbt <1,0,0,0> }
	no_shadow
}
sphere {
	0, 1
	scale<0.080000,0.200000,0.300000>
	matrix <-0.031854, -0.932781, -0.359033,
		0.164443, 0.349429, -0.922419,
		0.985872, -0.088423, 0.142258,
		25.825382, 33.503380, 32.925339>
	pigment { color rgbt <0,1,1,0> }
	no_shadow
}
cylinder {
	<25.365887, 33.248291, 32.220329>,  <25.135273, 33.565277, 32.825756>, 0.130000
	pigment { color rgbt <1,0,0,0> }
	no_shadow
}

// nucleotide -1

// particle -1
sphere {
	<25.365887, 33.248291, 32.220329> 0.250000
	pigment { color rgbt <1,0,0,0> }
	no_shadow
}
cylinder {
	<25.650972, 33.174484, 32.491028>,  <25.822023, 33.130199, 32.653446>, 0.100000
	pigment { color rgbt <1,0,0,0> }
	no_shadow
}
cylinder {
	<25.650972, 33.174484, 32.491028>,  <25.365887, 33.248291, 32.220329>, 0.100000
	pigment { color rgbt <1,0,0,0> }
	no_shadow
}

// particle -1
sphere {
	<25.650972, 33.174484, 32.491028> 0.100000
	pigment { color rgbt <1,0,0,0> }
	no_shadow
}
sphere {
	0, 1
	scale<0.080000,0.200000,0.300000>
	matrix <0.116844, -0.920076, -0.373908,
		0.691653, 0.345564, -0.634194,
		0.712716, -0.184513, 0.676750,
		25.864788, 33.119129, 32.694054>
	pigment { color rgbt <0,1,1,0> }
	no_shadow
}
cylinder {
	<25.976189, 32.978180, 31.888456>,  <25.365887, 33.248291, 32.220329>, 0.130000
	pigment { color rgbt <1,0,0,0> }
	no_shadow
}

// nucleotide -1

// particle -1
sphere {
	<25.976189, 32.978180, 31.888456> 0.250000
	pigment { color rgbt <1,0,0,0> }
	no_shadow
}
cylinder {
	<25.994638, 32.851639, 32.267464>,  <26.005709, 32.775715, 32.494869>, 0.100000
	pigment { color rgbt <1,0,0,0> }
	no_shadow
}
cylinder {
	<25.994638, 32.851639, 32.267464>,  <25.976189, 32.978180, 31.888456>, 0.100000
	pigment { color rgbt <1,0,0,0> }
	no_shadow
}

// particle -1
sphere {
	<25.994638, 32.851639, 32.267464> 0.100000
	pigment { color rgbt <1,0,0,0> }
	no_shadow
}
sphere {
	0, 1
	scale<0.080000,0.200000,0.300000>
	matrix <0.204227, -0.925507, -0.318949,
		0.977836, 0.208220, 0.021921,
		0.046124, -0.316357, 0.947518,
		26.008476, 32.756733, 32.551720>
	pigment { color rgbt <0,1,1,0> }
	no_shadow
}
cylinder {
	<26.540283, 32.588020, 31.813938>,  <25.976189, 32.978180, 31.888456>, 0.130000
	pigment { color rgbt <1,0,0,0> }
	no_shadow
}

// nucleotide -1

// particle -1
sphere {
	<26.540283, 32.588020, 31.813938> 0.250000
	pigment { color rgbt <1,0,0,0> }
	no_shadow
}
cylinder {
	<26.349092, 32.471470, 32.145393>,  <26.234377, 32.401539, 32.344265>, 0.100000
	pigment { color rgbt <1,0,0,0> }
	no_shadow
}
cylinder {
	<26.349092, 32.471470, 32.145393>,  <26.540283, 32.588020, 31.813938>, 0.100000
	pigment { color rgbt <1,0,0,0> }
	no_shadow
}

// particle -1
sphere {
	<26.349092, 32.471470, 32.145393> 0.100000
	pigment { color rgbt <1,0,0,0> }
	no_shadow
}
sphere {
	0, 1
	scale<0.080000,0.200000,0.300000>
	matrix <0.137406, -0.956567, -0.257097,
		0.867558, -0.009027, 0.497254,
		-0.477978, -0.291372, 0.828637,
		26.205700, 32.384060, 32.393986>
	pigment { color rgbt <0,1,1,0> }
	no_shadow
}
cylinder {
	<27.118156, 32.862530, 32.234634>,  <26.540283, 32.588020, 31.813938>, 0.130000
	pigment { color rgbt <1,0,0,0> }
	no_shadow
}

// nucleotide -1

// particle -1
sphere {
	<27.118156, 32.862530, 32.234634> 0.250000
	pigment { color rgbt <1,0,0,0> }
	no_shadow
}
cylinder {
	<27.008375, 32.689747, 32.578281>,  <26.942507, 32.586075, 32.784470>, 0.100000
	pigment { color rgbt <1,0,0,0> }
	no_shadow
}
cylinder {
	<27.008375, 32.689747, 32.578281>,  <27.118156, 32.862530, 32.234634>, 0.100000
	pigment { color rgbt <1,0,0,0> }
	no_shadow
}

// particle -1
sphere {
	<27.008375, 32.689747, 32.578281> 0.100000
	pigment { color rgbt <1,0,0,0> }
	no_shadow
}
sphere {
	0, 1
	scale<0.080000,0.200000,0.300000>
	matrix <0.301096, -0.887102, -0.349845,
		0.913246, 0.162662, 0.373528,
		-0.274451, -0.431962, 0.859119,
		26.926041, 32.560158, 32.836018>
	pigment { color rgbt <0,1,1,0> }
	no_shadow
}
cylinder {
	<27.658730, 32.325737, 32.664646>,  <27.118156, 32.862530, 32.234634>, 0.130000
	pigment { color rgbt <1,0,0,0> }
	no_shadow
}

// nucleotide -1

// particle -1
sphere {
	<27.658730, 32.325737, 32.664646> 0.250000
	pigment { color rgbt <1,0,0,0> }
	no_shadow
}
cylinder {
	<27.280668, 32.195965, 32.679768>,  <27.053831, 32.118103, 32.688839>, 0.100000
	pigment { color rgbt <1,0,0,0> }
	no_shadow
}
cylinder {
	<27.280668, 32.195965, 32.679768>,  <27.658730, 32.325737, 32.664646>, 0.100000
	pigment { color rgbt <1,0,0,0> }
	no_shadow
}

// particle -1
sphere {
	<27.280668, 32.195965, 32.679768> 0.100000
	pigment { color rgbt <1,0,0,0> }
	no_shadow
}
sphere {
	0, 1
	scale<0.080000,0.200000,0.300000>
	matrix <0.319222, -0.942027, -0.103352,
		0.069141, -0.085616, 0.993926,
		-0.945154, -0.324429, 0.037802,
		26.997122, 32.098637, 32.691109>
	pigment { color rgbt <0,1,1,0> }
	no_shadow
}
cylinder {
	<27.715240, 31.653616, 32.987831>,  <27.658730, 32.325737, 32.664646>, 0.130000
	pigment { color rgbt <1,0,0,0> }
	no_shadow
}

// nucleotide -1

// particle -1
sphere {
	<27.715240, 31.653616, 32.987831> 0.250000
	pigment { color rgbt <1,0,0,0> }
	no_shadow
}
cylinder {
	<27.351522, 31.644691, 32.821609>,  <27.133291, 31.639336, 32.721878>, 0.100000
	pigment { color rgbt <1,0,0,0> }
	no_shadow
}
cylinder {
	<27.351522, 31.644691, 32.821609>,  <27.715240, 31.653616, 32.987831>, 0.100000
	pigment { color rgbt <1,0,0,0> }
	no_shadow
}

// particle -1
sphere {
	<27.351522, 31.644691, 32.821609> 0.100000
	pigment { color rgbt <1,0,0,0> }
	no_shadow
}
sphere {
	0, 1
	scale<0.080000,0.200000,0.300000>
	matrix <0.059496, -0.995274, -0.076747,
		-0.411877, -0.094509, 0.906325,
		-0.909295, -0.022313, -0.415553,
		27.078733, 31.637997, 32.696945>
	pigment { color rgbt <0,1,1,0> }
	no_shadow
}
cylinder {
	<27.206463, 31.302803, 33.401264>,  <27.715240, 31.653616, 32.987831>, 0.130000
	pigment { color rgbt <1,0,0,0> }
	no_shadow
}

// nucleotide -1

// particle -1
sphere {
	<27.206463, 31.302803, 33.401264> 0.250000
	pigment { color rgbt <1,0,0,0> }
	no_shadow
}
cylinder {
	<27.127922, 31.261337, 33.011250>,  <27.080797, 31.236458, 32.777241>, 0.100000
	pigment { color rgbt <1,0,0,0> }
	no_shadow
}
cylinder {
	<27.127922, 31.261337, 33.011250>,  <27.206463, 31.302803, 33.401264>, 0.100000
	pigment { color rgbt <1,0,0,0> }
	no_shadow
}

// particle -1
sphere {
	<27.127922, 31.261337, 33.011250> 0.100000
	pigment { color rgbt <1,0,0,0> }
	no_shadow
}
sphere {
	0, 1
	scale<0.080000,0.200000,0.300000>
	matrix <0.105321, -0.990873, 0.084137,
		-0.974861, -0.086172, 0.205476,
		-0.196350, -0.103663, -0.975039,
		27.069017, 31.230238, 32.718739>
	pigment { color rgbt <0,1,1,0> }
	no_shadow
}
cylinder {
	<26.868502, 30.641037, 33.181480>,  <27.206463, 31.302803, 33.401264>, 0.130000
	pigment { color rgbt <1,0,0,0> }
	no_shadow
}

// nucleotide -1

// particle -1
sphere {
	<26.868502, 30.641037, 33.181480> 0.250000
	pigment { color rgbt <1,0,0,0> }
	no_shadow
}
cylinder {
	<27.001163, 30.737387, 32.816628>,  <27.080761, 30.795197, 32.597717>, 0.100000
	pigment { color rgbt <1,0,0,0> }
	no_shadow
}
cylinder {
	<27.001163, 30.737387, 32.816628>,  <26.868502, 30.641037, 33.181480>, 0.100000
	pigment { color rgbt <1,0,0,0> }
	no_shadow
}

// particle -1
sphere {
	<27.001163, 30.737387, 32.816628> 0.100000
	pigment { color rgbt <1,0,0,0> }
	no_shadow
}
sphere {
	0, 1
	scale<0.080000,0.200000,0.300000>
	matrix <0.022375, -0.968591, -0.247650,
		-0.943136, 0.061725, -0.326625,
		0.331653, 0.240876, -0.912132,
		27.100658, 30.809650, 32.542988>
	pigment { color rgbt <0,1,1,0> }
	no_shadow
}
cylinder {
	<26.317127, 30.481125, 32.817406>,  <26.868502, 30.641037, 33.181480>, 0.130000
	pigment { color rgbt <1,0,0,0> }
	no_shadow
}

// nucleotide -1

// particle -1
sphere {
	<26.317127, 30.481125, 32.817406> 0.250000
	pigment { color rgbt <1,0,0,0> }
	no_shadow
}
cylinder {
	<26.667168, 30.460032, 32.624985>,  <26.877192, 30.447374, 32.509533>, 0.100000
	pigment { color rgbt <1,0,0,0> }
	no_shadow
}
cylinder {
	<26.667168, 30.460032, 32.624985>,  <26.317127, 30.481125, 32.817406>, 0.100000
	pigment { color rgbt <1,0,0,0> }
	no_shadow
}

// particle -1
sphere {
	<26.667168, 30.460032, 32.624985> 0.100000
	pigment { color rgbt <1,0,0,0> }
	no_shadow
}
sphere {
	0, 1
	scale<0.080000,0.200000,0.300000>
	matrix <-0.218343, -0.930144, -0.295227,
		-0.431883, 0.363389, -0.825485,
		0.875102, -0.052736, -0.481057,
		26.929699, 30.444210, 32.480667>
	pigment { color rgbt <0,1,1,0> }
	no_shadow
}
cylinder {
	<26.205030, 30.370712, 32.102325>,  <26.317127, 30.481125, 32.817406>, 0.130000
	pigment { color rgbt <1,0,0,0> }
	no_shadow
}

// nucleotide -1

// particle -1
sphere {
	<26.205030, 30.370712, 32.102325> 0.250000
	pigment { color rgbt <1,0,0,0> }
	no_shadow
}
cylinder {
	<26.538206, 30.224478, 32.268486>,  <26.738111, 30.136738, 32.368183>, 0.100000
	pigment { color rgbt <1,0,0,0> }
	no_shadow
}
cylinder {
	<26.538206, 30.224478, 32.268486>,  <26.205030, 30.370712, 32.102325>, 0.100000
	pigment { color rgbt <1,0,0,0> }
	no_shadow
}

// particle -1
sphere {
	<26.538206, 30.224478, 32.268486> 0.100000
	pigment { color rgbt <1,0,0,0> }
	no_shadow
}
sphere {
	0, 1
	scale<0.080000,0.200000,0.300000>
	matrix <-0.303266, -0.929492, -0.209937,
		0.462867, 0.048886, -0.885079,
		0.832937, -0.365587, 0.415406,
		26.788088, 30.114801, 32.393108>
	pigment { color rgbt <0,1,1,0> }
	no_shadow
}
cylinder {
	<26.357204, 30.994917, 31.769693>,  <26.205030, 30.370712, 32.102325>, 0.130000
	pigment { color rgbt <1,0,0,0> }
	no_shadow
}

// nucleotide -1

// particle -1
sphere {
	<26.357204, 30.994917, 31.769693> 0.250000
	pigment { color rgbt <1,0,0,0> }
	no_shadow
}
cylinder {
	<26.510321, 31.086361, 32.127735>,  <26.602190, 31.141228, 32.342560>, 0.100000
	pigment { color rgbt <1,0,0,0> }
	no_shadow
}
cylinder {
	<26.510321, 31.086361, 32.127735>,  <26.357204, 30.994917, 31.769693>, 0.100000
	pigment { color rgbt <1,0,0,0> }
	no_shadow
}

// particle -1
sphere {
	<26.510321, 31.086361, 32.127735> 0.100000
	pigment { color rgbt <1,0,0,0> }
	no_shadow
}
sphere {
	0, 1
	scale<0.080000,0.200000,0.300000>
