// switches for output
#declare DRAW_BASES = 1; // possible values are 0, 1; only relevant for DNA ribbons
#declare DRAW_BASES_TYPE = 3; // possible values are 1, 2, 3; only relevant for DNA ribbons
#declare DRAW_FOG = 0; // set to 1 to enable fog

#include "colors.inc"

#include "transforms.inc"
background { rgb <1, 1, 1>}

#default {
   normal{
       ripples 0.25
       frequency 0.20
       turbulence 0.2
       lambda 5
   }
	finish {
		phong 0.1
		phong_size 40.
	}
}

// original window dimensions: 1024x640


// camera settings

camera {
	sky <0, 0.179814, -0.983701>
	up <0, 0.179814, -0.983701>
	right 1.6 * <1, 0, 0>
	location <35, 94.9851, 44.8844>
	look_at <35, 29.7336, 32.9568>
	direction <0, -65.2515, -11.9276>
	angle 67.0682
}


# declare cpy_camera_pos = <35, 94.9851, 44.8844>;
# if (DRAW_FOG = 1)
fog {
	fog_type 2
	up vnormalize(cpy_camera_pos)
	color rgbt<1,1,1,0.3>
	distance 1e-5
	fog_alt 3e-3
	fog_offset 56
}
# end


// LIGHTS

# declare lum = 6;
global_settings {
	ambient_light rgb lum * <0.05, 0.05, 0.05>
	max_trace_level 15
}# declare cpy_direct_light_amount = 0.25;
light_source
{	1000 * <-1, -1.16352, -0.803886>,
	rgb lum * cpy_direct_light_amount
	parallel
}

light_source
{	1000 * <1, 1.16352, 0.803886>,
	rgb lum * cpy_direct_light_amount
	parallel
}

// strand 0

// nucleotide -1

// particle -1
sphere {
	<24.342752, 35.313293, 34.824326> 0.250000
	pigment { color rgbt <1,0,0,0> }
	no_shadow
}
cylinder {
	<24.381960, 34.927727, 34.923325>,  <24.405485, 34.696384, 34.982723>, 0.100000
	pigment { color rgbt <1,0,0,0> }
	no_shadow
}
cylinder {
	<24.381960, 34.927727, 34.923325>,  <24.342752, 35.313293, 34.824326>, 0.100000
	pigment { color rgbt <1,0,0,0> }
	no_shadow
}

// particle -1
sphere {
	<24.381960, 34.927727, 34.923325> 0.100000
	pigment { color rgbt <1,0,0,0> }
	no_shadow
}
sphere {
	0, 1
	scale<0.080000,0.200000,0.300000>
	matrix <-0.946209, -0.013212, 0.323287,
		-0.308353, -0.265868, -0.913363,
		0.098019, -0.963919, 0.247493,
		24.411366, 34.638550, 34.997574>
	pigment { color rgbt <0,1,1,0> }
	no_shadow
}
cylinder {
	<24.513115, 34.756741, 34.374969>,  <24.342752, 35.313293, 34.824326>, 0.130000
	pigment { color rgbt <1,0,0,0> }
	no_shadow
}

// nucleotide -1

// particle -1
sphere {
	<24.513115, 34.756741, 34.374969> 0.250000
	pigment { color rgbt <1,0,0,0> }
	no_shadow
}
cylinder {
	<24.683464, 34.395180, 34.390987>,  <24.785673, 34.178246, 34.400597>, 0.100000
	pigment { color rgbt <1,0,0,0> }
	no_shadow
}
cylinder {
	<24.683464, 34.395180, 34.390987>,  <24.513115, 34.756741, 34.374969>, 0.100000
	pigment { color rgbt <1,0,0,0> }
	no_shadow
}

// particle -1
sphere {
	<24.683464, 34.395180, 34.390987> 0.100000
	pigment { color rgbt <1,0,0,0> }
	no_shadow
}
sphere {
	0, 1
	scale<0.080000,0.200000,0.300000>
	matrix <0.608823, 0.253547, -0.751697,
		0.669304, 0.344505, 0.658292,
		0.425871, -0.903897, 0.040042,
		24.811226, 34.124012, 34.403000>
	pigment { color rgbt <0,1,1,0> }
	no_shadow
}
cylinder {
	<25.118706, 34.830498, 34.452766>,  <24.513115, 34.756741, 34.374969>, 0.130000
	pigment { color rgbt <1,0,0,0> }
	no_shadow
}

// nucleotide -1

// particle -1
sphere {
	<25.118706, 34.830498, 34.452766> 0.250000
	pigment { color rgbt <1,0,0,0> }
	no_shadow
}
cylinder {
	<25.101379, 34.471451, 34.277309>,  <25.090982, 34.256023, 34.172035>, 0.100000
	pigment { color rgbt <1,0,0,0> }
	no_shadow
}
cylinder {
	<25.101379, 34.471451, 34.277309>,  <25.118706, 34.830498, 34.452766>, 0.100000
	pigment { color rgbt <1,0,0,0> }
	no_shadow
}

// particle -1
sphere {
	<25.101379, 34.471451, 34.277309> 0.100000
	pigment { color rgbt <1,0,0,0> }
	no_shadow
}
sphere {
	0, 1
	scale<0.080000,0.200000,0.300000>
	matrix <0.762931, 0.253747, -0.594600,
		0.645027, -0.360410, 0.673829,
		-0.043318, -0.897618, -0.438641,
		25.088385, 34.202164, 34.145718>
	pigment { color rgbt <0,1,1,0> }
	no_shadow
}
cylinder {
	<25.773304, 34.657959, 34.422813>,  <25.118706, 34.830498, 34.452766>, 0.130000
	pigment { color rgbt <1,0,0,0> }
	no_shadow
}

// nucleotide -1

// particle -1
sphere {
	<25.773304, 34.657959, 34.422813> 0.250000
	pigment { color rgbt <1,0,0,0> }
	no_shadow
}
cylinder {
	<25.582972, 34.432690, 34.152576>,  <25.468771, 34.297527, 33.990437>, 0.100000
	pigment { color rgbt <1,0,0,0> }
	no_shadow
}
cylinder {
	<25.582972, 34.432690, 34.152576>,  <25.773304, 34.657959, 34.422813>, 0.100000
	pigment { color rgbt <1,0,0,0> }
	no_shadow
}

// particle -1
sphere {
	<25.582972, 34.432690, 34.152576> 0.100000
	pigment { color rgbt <1,0,0,0> }
	no_shadow
}
sphere {
	0, 1
	scale<0.080000,0.200000,0.300000>
	matrix <0.619701, 0.330407, -0.711900,
		0.624143, -0.757407, 0.191781,
		-0.475832, -0.563174, -0.675587,
		25.440222, 34.263737, 33.949902>
	pigment { color rgbt <0,1,1,0> }
	no_shadow
}
cylinder {
	<26.287117, 34.251587, 34.028572>,  <25.773304, 34.657959, 34.422813>, 0.130000
	pigment { color rgbt <1,0,0,0> }
	no_shadow
}

// nucleotide -1

// particle -1
sphere {
	<26.287117, 34.251587, 34.028572> 0.250000
	pigment { color rgbt <1,0,0,0> }
	no_shadow
}
cylinder {
	<25.953056, 34.263668, 33.808895>,  <25.752621, 34.270916, 33.677090>, 0.100000
	pigment { color rgbt <1,0,0,0> }
	no_shadow
}
cylinder {
	<25.953056, 34.263668, 33.808895>,  <26.287117, 34.251587, 34.028572>, 0.100000
	pigment { color rgbt <1,0,0,0> }
	no_shadow
}

// particle -1
sphere {
	<25.953056, 34.263668, 33.808895> 0.100000
	pigment { color rgbt <1,0,0,0> }
	no_shadow
}
sphere {
	0, 1
	scale<0.080000,0.200000,0.300000>
	matrix <0.549386, 0.093706, -0.830298,
		0.026385, -0.995142, -0.094851,
		-0.835152, 0.030202, -0.549190,
		25.702511, 34.272728, 33.644138>
	pigment { color rgbt <0,1,1,0> }
	no_shadow
}
cylinder {
	<26.439573, 33.832577, 33.536884>,  <26.287117, 34.251587, 34.028572>, 0.130000
	pigment { color rgbt <1,0,0,0> }
	no_shadow
}

// nucleotide -1

// particle -1
sphere {
	<26.439573, 33.832577, 33.536884> 0.250000
	pigment { color rgbt <1,0,0,0> }
	no_shadow
}
cylinder {
	<26.146231, 34.052734, 33.377258>,  <25.970224, 34.184830, 33.281483>, 0.100000
	pigment { color rgbt <1,0,0,0> }
	no_shadow
}
cylinder {
	<26.146231, 34.052734, 33.377258>,  <26.439573, 33.832577, 33.536884>, 0.100000
	pigment { color rgbt <1,0,0,0> }
	no_shadow
}

// particle -1
sphere {
	<26.146231, 34.052734, 33.377258> 0.100000
	pigment { color rgbt <1,0,0,0> }
	no_shadow
}
sphere {
	0, 1
	scale<0.080000,0.200000,0.300000>
	matrix <0.511501, 0.060035, -0.857183,
		-0.447830, -0.832744, -0.325554,
		-0.733358, 0.550394, -0.399064,
		25.926224, 34.217854, 33.257538>
	pigment { color rgbt <0,1,1,0> }
	no_shadow
}
cylinder {
	<26.366936, 33.538338, 33.018497>,  <26.439573, 33.832577, 33.536884>, 0.130000
	pigment { color rgbt <1,0,0,0> }
	no_shadow
}

// nucleotide -1

// particle -1
sphere {
	<26.366936, 33.538338, 33.018497> 0.250000
	pigment { color rgbt <1,0,0,0> }
	no_shadow
}
cylinder {
	<26.238142, 33.916138, 32.992432>,  <26.160866, 34.142818, 32.976791>, 0.100000
	pigment { color rgbt <1,0,0,0> }
	no_shadow
}
cylinder {
	<26.238142, 33.916138, 32.992432>,  <26.366936, 33.538338, 33.018497>, 0.100000
	pigment { color rgbt <1,0,0,0> }
	no_shadow
}

// particle -1
sphere {
	<26.238142, 33.916138, 32.992432> 0.100000
	pigment { color rgbt <1,0,0,0> }
	no_shadow
}
sphere {
	0, 1
	scale<0.080000,0.200000,0.300000>
	matrix <0.464761, 0.097719, -0.880028,
		-0.824818, -0.313640, -0.470430,
		-0.321982, 0.944500, -0.065167,
		26.141548, 34.199490, 32.972881>
	pigment { color rgbt <0,1,1,0> }
	no_shadow
}
cylinder {
	<25.861881, 33.664700, 32.427078>,  <26.366936, 33.538338, 33.018497>, 0.130000
	pigment { color rgbt <1,0,0,0> }
	no_shadow
}

// nucleotide -1

// particle -1
sphere {
	<25.861881, 33.664700, 32.427078> 0.250000
	pigment { color rgbt <1,0,0,0> }
	no_shadow
}
cylinder {
	<26.106707, 33.960106, 32.540199>,  <26.253601, 34.137348, 32.608070>, 0.100000
	pigment { color rgbt <1,0,0,0> }
	no_shadow
}
cylinder {
	<26.106707, 33.960106, 32.540199>,  <25.861881, 33.664700, 32.427078>, 0.100000
	pigment { color rgbt <1,0,0,0> }
	no_shadow
}

// particle -1
sphere {
	<26.106707, 33.960106, 32.540199> 0.100000
	pigment { color rgbt <1,0,0,0> }
	no_shadow
}
sphere {
	0, 1
	scale<0.080000,0.200000,0.300000>
	matrix <0.505185, -0.090011, -0.858304,
		-0.608413, 0.668205, -0.428178,
		0.612064, 0.738512, 0.282803,
		26.290325, 34.181660, 32.625042>
	pigment { color rgbt <0,1,1,0> }
	no_shadow
}
cylinder {
	<25.883135, 34.205936, 31.912561>,  <25.861881, 33.664700, 32.427078>, 0.130000
	pigment { color rgbt <1,0,0,0> }
	no_shadow
}

// nucleotide -1

// particle -1
sphere {
	<25.883135, 34.205936, 31.912561> 0.250000
	pigment { color rgbt <1,0,0,0> }
	no_shadow
}
cylinder {
	<26.206659, 34.285351, 32.133980>,  <26.400774, 34.333000, 32.266830>, 0.100000
	pigment { color rgbt <1,0,0,0> }
	no_shadow
}
cylinder {
	<26.206659, 34.285351, 32.133980>,  <25.883135, 34.205936, 31.912561>, 0.100000
	pigment { color rgbt <1,0,0,0> }
	no_shadow
}

// particle -1
sphere {
	<26.206659, 34.285351, 32.133980> 0.100000
	pigment { color rgbt <1,0,0,0> }
	no_shadow
}
sphere {
	0, 1
	scale<0.080000,0.200000,0.300000>
	matrix <0.510160, 0.231334, -0.828385,
		-0.292514, 0.952402, 0.085822,
		0.808809, 0.198531, 0.553546,
		26.449303, 34.344910, 32.300045>
	pigment { color rgbt <0,1,1,0> }
	no_shadow
}
cylinder {
	<26.210047, 34.958363, 31.719341>,  <25.883135, 34.205936, 31.912561>, 0.130000
	pigment { color rgbt <1,0,0,0> }
	no_shadow
}

// nucleotide -1

// particle -1
sphere {
	<26.210047, 34.958363, 31.719341> 0.250000
	pigment { color rgbt <1,0,0,0> }
	no_shadow
}
cylinder {
	<26.508606, 34.758762, 31.895473>,  <26.687742, 34.639004, 32.001152>, 0.100000
	pigment { color rgbt <1,0,0,0> }
	no_shadow
}
cylinder {
	<26.508606, 34.758762, 31.895473>,  <26.210047, 34.958363, 31.719341>, 0.100000
	pigment { color rgbt <1,0,0,0> }
	no_shadow
}

// particle -1
sphere {
	<26.508606, 34.758762, 31.895473> 0.100000
	pigment { color rgbt <1,0,0,0> }
	no_shadow
}
sphere {
	0, 1
	scale<0.080000,0.200000,0.300000>
	matrix <0.610310, 0.249423, -0.751871,
		0.265352, 0.829934, 0.490711,
		0.746398, -0.498996, 0.440332,
		26.732525, 34.609062, 32.027573>
	pigment { color rgbt <0,1,1,0> }
	no_shadow
}
cylinder {
	<26.694935, 35.425930, 31.690746>,  <26.210047, 34.958363, 31.719341>, 0.130000
	pigment { color rgbt <1,0,0,0> }
	no_shadow
}

// nucleotide -1

// particle -1
sphere {
	<26.694935, 35.425930, 31.690746> 0.250000
	pigment { color rgbt <1,0,0,0> }
	no_shadow
}
cylinder {
	<26.859468, 35.062668, 31.721888>,  <26.958189, 34.844711, 31.740572>, 0.100000
	pigment { color rgbt <1,0,0,0> }
	no_shadow
}
cylinder {
	<26.859468, 35.062668, 31.721888>,  <26.694935, 35.425930, 31.690746>, 0.100000
	pigment { color rgbt <1,0,0,0> }
	no_shadow
}

// particle -1
sphere {
	<26.859468, 35.062668, 31.721888> 0.100000
	pigment { color rgbt <1,0,0,0> }
	no_shadow
}
sphere {
	0, 1
	scale<0.080000,0.200000,0.300000>
	matrix <0.700094, 0.260088, -0.664998,
		0.583672, 0.328041, 0.742776,
		0.411333, -0.908154, 0.077854,
		26.982868, 34.790222, 31.745243>
	pigment { color rgbt <0,1,1,0> }
	no_shadow
}
cylinder {
	<27.347870, 35.499561, 31.635765>,  <26.694935, 35.425930, 31.690746>, 0.130000
	pigment { color rgbt <1,0,0,0> }
	no_shadow
}

// nucleotide -1

// particle -1
sphere {
	<27.347870, 35.499561, 31.635765> 0.250000
	pigment { color rgbt <1,0,0,0> }
	no_shadow
}
cylinder {
	<27.286890, 35.119415, 31.527275>,  <27.250301, 34.891327, 31.462181>, 0.100000
	pigment { color rgbt <1,0,0,0> }
	no_shadow
}
cylinder {
	<27.286890, 35.119415, 31.527275>,  <27.347870, 35.499561, 31.635765>, 0.100000
	pigment { color rgbt <1,0,0,0> }
	no_shadow
}

// particle -1
sphere {
	<27.286890, 35.119415, 31.527275> 0.100000
	pigment { color rgbt <1,0,0,0> }
	no_shadow
}
sphere {
	0, 1
	scale<0.080000,0.200000,0.300000>
	matrix <0.604318, 0.127513, -0.786473,
		0.782022, -0.283804, 0.554884,
		-0.152450, -0.950366, -0.271226,
		27.241156, 34.834305, 31.445908>
	pigment { color rgbt <0,1,1,0> }
	no_shadow
}
cylinder {
	<27.783327, 35.742596, 31.001154>,  <27.347870, 35.499561, 31.635765>, 0.130000
	pigment { color rgbt <1,0,0,0> }
	no_shadow
}

// nucleotide -1

// particle -1
sphere {
	<27.783327, 35.742596, 31.001154> 0.250000
	pigment { color rgbt <1,0,0,0> }
	no_shadow
}
cylinder {
	<27.482893, 35.480824, 30.966305>,  <27.302633, 35.323761, 30.945396>, 0.100000
	pigment { color rgbt <1,0,0,0> }
	no_shadow
}
cylinder {
	<27.482893, 35.480824, 30.966305>,  <27.783327, 35.742596, 31.001154>, 0.100000
	pigment { color rgbt <1,0,0,0> }
	no_shadow
}

// particle -1
sphere {
	<27.482893, 35.480824, 30.966305> 0.100000
	pigment { color rgbt <1,0,0,0> }
	no_shadow
}
sphere {
	0, 1
	scale<0.080000,0.200000,0.300000>
	matrix <-0.543883, 0.538532, 0.643564,
		-0.374252, 0.530755, -0.760418,
		-0.751084, -0.654434, -0.087122,
		27.257568, 35.284492, 30.940168>
	pigment { color rgbt <0,1,1,0> }
	no_shadow
}
cylinder {
	<27.930992, 35.096077, 30.657152>,  <27.783327, 35.742596, 31.001154>, 0.130000
	pigment { color rgbt <1,0,0,0> }
	no_shadow
}

// nucleotide -1

// particle -1
sphere {
	<27.930992, 35.096077, 30.657152> 0.250000
	pigment { color rgbt <1,0,0,0> }
	no_shadow
}
cylinder {
	<28.045137, 34.789177, 30.886896>,  <28.113625, 34.605038, 31.024742>, 0.100000
	pigment { color rgbt <1,0,0,0> }
	no_shadow
}
cylinder {
	<28.045137, 34.789177, 30.886896>,  <27.930992, 35.096077, 30.657152>, 0.100000
	pigment { color rgbt <1,0,0,0> }
	no_shadow
}

// particle -1
sphere {
	<28.045137, 34.789177, 30.886896> 0.100000
	pigment { color rgbt <1,0,0,0> }
	no_shadow
}
sphere {
	0, 1
	scale<0.080000,0.200000,0.300000>
	matrix <-0.895288, 0.000502, 0.445488,
		-0.342091, -0.641342, -0.686771,
		0.285365, -0.767255, 0.574358,
		28.130747, 34.559002, 31.059204>
	pigment { color rgbt <0,1,1,0> }
	no_shadow
}
cylinder {
	<27.393911, 34.536186, 30.788498>,  <27.930992, 35.096077, 30.657152>, 0.130000
	pigment { color rgbt <1,0,0,0> }
	no_shadow
}

// nucleotide -1

// particle -1
sphere {
	<27.393911, 34.536186, 30.788498> 0.250000
	pigment { color rgbt <1,0,0,0> }
	no_shadow
}
cylinder {
	<27.645800, 34.544361, 31.099119>,  <27.796932, 34.549267, 31.285492>, 0.100000
	pigment { color rgbt <1,0,0,0> }
	no_shadow
}
cylinder {
	<27.645800, 34.544361, 31.099119>,  <27.393911, 34.536186, 30.788498>, 0.100000
	pigment { color rgbt <1,0,0,0> }
	no_shadow
}

// particle -1
sphere {
	<27.645800, 34.544361, 31.099119> 0.100000
	pigment { color rgbt <1,0,0,0> }
	no_shadow
}
sphere {
	0, 1
	scale<0.080000,0.200000,0.300000>
	matrix <-0.771257, -0.102991, 0.628137,
		0.092817, -0.994472, -0.049091,
		0.629720, 0.020440, 0.776553,
		27.834715, 34.550491, 31.332085>
	pigment { color rgbt <0,1,1,0> }
	no_shadow
}
cylinder {
	<27.350531, 33.904797, 31.211403>,  <27.393911, 34.536186, 30.788498>, 0.130000
	pigment { color rgbt <1,0,0,0> }
	no_shadow
}

// nucleotide -1

// particle -1
sphere {
	<27.350531, 33.904797, 31.211403> 0.250000
	pigment { color rgbt <1,0,0,0> }
	no_shadow
}
cylinder {
	<27.444340, 34.233402, 31.419292>,  <27.500626, 34.430565, 31.544025>, 0.100000
	pigment { color rgbt <1,0,0,0> }
	no_shadow
}
cylinder {
	<27.444340, 34.233402, 31.419292>,  <27.350531, 33.904797, 31.211403>, 0.100000
	pigment { color rgbt <1,0,0,0> }
	no_shadow
}

// particle -1
sphere {
	<27.444340, 34.233402, 31.419292> 0.100000
	pigment { color rgbt <1,0,0,0> }
	no_shadow
}
sphere {
	0, 1
	scale<0.080000,0.200000,0.300000>
	matrix <-0.757476, -0.180657, 0.627370,
		0.609285, -0.540812, 0.579909,
		0.234525, 0.821514, 0.519724,
		27.514698, 34.479855, 31.575211>
	pigment { color rgbt <0,1,1,0> }
	no_shadow
}
cylinder {
	<27.600557, 33.703938, 31.915258>,  <27.350531, 33.904797, 31.211403>, 0.130000
	pigment { color rgbt <1,0,0,0> }
	no_shadow
}

// nucleotide -1

// particle -1
sphere {
	<27.600557, 33.703938, 31.915258> 0.250000
	pigment { color rgbt <1,0,0,0> }
	no_shadow
}
cylinder {
	<27.427916, 34.063629, 31.886702>,  <27.324329, 34.279446, 31.869568>, 0.100000
	pigment { color rgbt <1,0,0,0> }
	no_shadow
}
cylinder {
	<27.427916, 34.063629, 31.886702>,  <27.600557, 33.703938, 31.915258>, 0.100000
	pigment { color rgbt <1,0,0,0> }
	no_shadow
}

// particle -1
sphere {
	<27.427916, 34.063629, 31.886702> 0.100000
	pigment { color rgbt <1,0,0,0> }
	no_shadow
}
sphere {
	0, 1
	scale<0.080000,0.200000,0.300000>
	matrix <-0.598581, -0.226294, 0.768435,
		0.674846, 0.374395, 0.635934,
		-0.431606, 0.899233, -0.071392,
		27.298433, 34.333401, 31.865284>
	pigment { color rgbt <0,1,1,0> }
	no_shadow
}
cylinder {
	<27.674673, 33.976582, 32.611366>,  <27.600557, 33.703938, 31.915258>, 0.130000
	pigment { color rgbt <1,0,0,0> }
	no_shadow
}

// nucleotide -1

// particle -1
sphere {
	<27.674673, 33.976582, 32.611366> 0.250000
	pigment { color rgbt <1,0,0,0> }
	no_shadow
}
cylinder {
	<27.381021, 34.152431, 32.404373>,  <27.204830, 34.257942, 32.280178>, 0.100000
	pigment { color rgbt <1,0,0,0> }
	no_shadow
}
cylinder {
	<27.381021, 34.152431, 32.404373>,  <27.674673, 33.976582, 32.611366>, 0.100000
	pigment { color rgbt <1,0,0,0> }
	no_shadow
}

// particle -1
sphere {
	<27.381021, 34.152431, 32.404373> 0.100000
	pigment { color rgbt <1,0,0,0> }
	no_shadow
}
sphere {
	0, 1
	scale<0.080000,0.200000,0.300000>
	matrix <-0.549834, 0.062290, 0.832948,
		0.398422, 0.896017, 0.195994,
		-0.734127, 0.439629, -0.517478,
		27.160784, 34.284321, 32.249130>
	pigment { color rgbt <0,1,1,0> }
	no_shadow
}
cylinder {
	<27.530832, 34.598907, 32.936584>,  <27.674673, 33.976582, 32.611366>, 0.130000
	pigment { color rgbt <1,0,0,0> }
	no_shadow
}

// nucleotide -1

// particle -1
sphere {
	<27.530832, 34.598907, 32.936584> 0.250000
	pigment { color rgbt <1,0,0,0> }
	no_shadow
}
cylinder {
	<27.194168, 34.507915, 32.740685>,  <26.992168, 34.453320, 32.623142>, 0.100000
	pigment { color rgbt <1,0,0,0> }
	no_shadow
}
cylinder {
	<27.194168, 34.507915, 32.740685>,  <27.530832, 34.598907, 32.936584>, 0.100000
	pigment { color rgbt <1,0,0,0> }
	no_shadow
}

// particle -1
sphere {
	<27.194168, 34.507915, 32.740685> 0.100000
	pigment { color rgbt <1,0,0,0> }
	no_shadow
}
sphere {
	0, 1
	scale<0.080000,0.200000,0.300000>
	matrix <-0.530798, 0.181753, 0.827780,
		-0.099290, 0.956670, -0.273721,
		-0.841662, -0.227481, -0.489752,
		26.941669, 34.439671, 32.593758>
	pigment { color rgbt <0,1,1,0> }
	no_shadow
}
cylinder {
	<27.016829, 35.067875, 33.264954>,  <27.530832, 34.598907, 32.936584>, 0.130000
	pigment { color rgbt <1,0,0,0> }
	no_shadow
}

// nucleotide -1

// particle -1
sphere {
	<27.016829, 35.067875, 33.264954> 0.250000
	pigment { color rgbt <1,0,0,0> }
	no_shadow
}
cylinder {
	<26.800858, 34.799717, 33.061367>,  <26.671274, 34.638821, 32.939213>, 0.100000
	pigment { color rgbt <1,0,0,0> }
	no_shadow
}
cylinder {
	<26.800858, 34.799717, 33.061367>,  <27.016829, 35.067875, 33.264954>, 0.100000
	pigment { color rgbt <1,0,0,0> }
	no_shadow
}

// particle -1
sphere {
	<26.800858, 34.799717, 33.061367> 0.100000
	pigment { color rgbt <1,0,0,0> }
	no_shadow
}
sphere {
	0, 1
	scale<0.080000,0.200000,0.300000>
	matrix <-0.718285, 0.051741, 0.693822,
		-0.438799, 0.740199, -0.509470,
		-0.539928, -0.670394, -0.508970,
		26.638880, 34.598598, 32.908676>
	pigment { color rgbt <0,1,1,0> }
	no_shadow
}
cylinder {
	<26.832657, 34.992386, 32.414803>,  <27.016829, 35.067875, 33.264954>, 0.130000
	pigment { color rgbt <1,0,0,0> }
	no_shadow
}

// nucleotide -1

// particle -1
sphere {
	<26.832657, 34.992386, 32.414803> 0.250000
	pigment { color rgbt <1,0,0,0> }
	no_shadow
}
cylinder {
	<26.517344, 34.798317, 32.263428>,  <26.328156, 34.681873, 32.172604>, 0.100000
	pigment { color rgbt <1,0,0,0> }
	no_shadow
}
cylinder {
	<26.517344, 34.798317, 32.263428>,  <26.832657, 34.992386, 32.414803>, 0.100000
	pigment { color rgbt <1,0,0,0> }
	no_shadow
}

// particle -1
sphere {
	<26.517344, 34.798317, 32.263428> 0.100000
	pigment { color rgbt <1,0,0,0> }
	no_shadow
}
sphere {
	0, 1
	scale<0.080000,0.200000,0.300000>
	matrix <-0.438987, 0.012479, 0.898407,
		-0.431162, 0.874328, -0.222822,
		-0.788283, -0.485175, -0.378438,
		26.280859, 34.652763, 32.149895>
	pigment { color rgbt <0,1,1,0> }
	no_shadow
}
cylinder {
	<26.108681, 35.269680, 32.580383>,  <26.832657, 34.992386, 32.414803>, 0.130000
	pigment { color rgbt <1,0,0,0> }
	no_shadow
}

// nucleotide -1

// particle -1
sphere {
	<26.108681, 35.269680, 32.580383> 0.250000
	pigment { color rgbt <1,0,0,0> }
	no_shadow
}
cylinder {
	<26.062244, 34.877453, 32.517124>,  <26.034382, 34.642117, 32.479168>, 0.100000
	pigment { color rgbt <1,0,0,0> }
	no_shadow
}
cylinder {
	<26.062244, 34.877453, 32.517124>,  <26.108681, 35.269680, 32.580383>, 0.100000
	pigment { color rgbt <1,0,0,0> }
	no_shadow
}

// particle -1
sphere {
	<26.062244, 34.877453, 32.517124> 0.100000
	pigment { color rgbt <1,0,0,0> }
	no_shadow
}
sphere {
	0, 1
	scale<0.080000,0.200000,0.300000>
	matrix <-0.588355, -0.060389, 0.806344,
		-0.800225, 0.186655, -0.569912,
		-0.116092, -0.980568, -0.158144,
		26.027416, 34.583282, 32.469681>
	pigment { color rgbt <0,1,1,0> }
	no_shadow
}
cylinder {
	<25.615919, 35.191555, 32.955894>,  <26.108681, 35.269680, 32.580383>, 0.130000
	pigment { color rgbt <1,0,0,0> }
	no_shadow
}

// nucleotide -1

// particle -1
sphere {
	<25.615919, 35.191555, 32.955894> 0.250000
	pigment { color rgbt <1,0,0,0> }
	no_shadow
}
cylinder {
	<25.691900, 34.820099, 32.828426>,  <25.737488, 34.597225, 32.751945>, 0.100000
	pigment { color rgbt <1,0,0,0> }
	no_shadow
}
cylinder {
	<25.691900, 34.820099, 32.828426>,  <25.615919, 35.191555, 32.955894>, 0.100000
	pigment { color rgbt <1,0,0,0> }
	no_shadow
}

// particle -1
sphere {
	<25.691900, 34.820099, 32.828426> 0.100000
	pigment { color rgbt <1,0,0,0> }
	no_shadow
}
sphere {
	0, 1
	scale<0.080000,0.200000,0.300000>
	matrix <-0.675640, -0.359141, 0.643839,
		-0.712340, 0.093009, -0.695644,
		0.189951, -0.928637, -0.318671,
		25.748886, 34.541508, 32.732826>
	pigment { color rgbt <0,1,1,0> }
	no_shadow
}
cylinder {
	<24.970770, 34.894283, 32.847702>,  <25.615919, 35.191555, 32.955894>, 0.130000
	pigment { color rgbt <1,0,0,0> }
	no_shadow
}

// nucleotide -1

// particle -1
sphere {
	<24.970770, 34.894283, 32.847702> 0.250000
	pigment { color rgbt <1,0,0,0> }
	no_shadow
}
cylinder {
	<25.258390, 34.634212, 32.945877>,  <25.430962, 34.478172, 33.004784>, 0.100000
	pigment { color rgbt <1,0,0,0> }
	no_shadow
}
cylinder {
	<25.258390, 34.634212, 32.945877>,  <24.970770, 34.894283, 32.847702>, 0.100000
	pigment { color rgbt <1,0,0,0> }
	no_shadow
}

// particle -1
sphere {
	<25.258390, 34.634212, 32.945877> 0.100000
	pigment { color rgbt <1,0,0,0> }
	no_shadow
}
sphere {
	0, 1
	scale<0.080000,0.200000,0.300000>
	matrix <-0.517920, -0.265852, 0.813069,
		-0.463387, -0.711755, -0.527900,
		0.719049, -0.650175, 0.245440,
		25.474106, 34.439159, 33.019508>
	pigment { color rgbt <0,1,1,0> }
	no_shadow
}
cylinder {
	<24.637312, 34.309891, 32.909760>,  <24.970770, 34.894283, 32.847702>, 0.130000
	pigment { color rgbt <1,0,0,0> }
	no_shadow
}

// nucleotide -1

// particle -1
sphere {
	<24.637312, 34.309891, 32.909760> 0.250000
	pigment { color rgbt <1,0,0,0> }
	no_shadow
}
cylinder {
	<24.976273, 34.250320, 33.113617>,  <25.179649, 34.214581, 33.235931>, 0.100000
	pigment { color rgbt <1,0,0,0> }
	no_shadow
}
cylinder {
	<24.976273, 34.250320, 33.113617>,  <24.637312, 34.309891, 32.909760>, 0.100000
	pigment { color rgbt <1,0,0,0> }
	no_shadow
}

// particle -1
sphere {
	<24.976273, 34.250320, 33.113617> 0.100000
	pigment { color rgbt <1,0,0,0> }
	no_shadow
}
sphere {
	0, 1
	scale<0.080000,0.200000,0.300000>
	matrix <-0.520491, -0.422622, 0.741943,
		0.104896, -0.893987, -0.435642,
		0.847399, -0.148921, 0.509644,
		25.230492, 34.205643, 33.266510>
	pigment { color rgbt <0,1,1,0> }
	no_shadow
}
cylinder {
	<24.664593, 33.626034, 33.109585>,  <24.637312, 34.309891, 32.909760>, 0.130000
	pigment { color rgbt <1,0,0,0> }
	no_shadow
}

// nucleotide -1

// particle -1
sphere {
	<24.664593, 33.626034, 33.109585> 0.250000
	pigment { color rgbt <1,0,0,0> }
	no_shadow
}
cylinder {
	<24.914839, 33.812908, 33.359497>,  <25.064987, 33.925034, 33.509445>, 0.100000
	pigment { color rgbt <1,0,0,0> }
	no_shadow
}
cylinder {
	<24.914839, 33.812908, 33.359497>,  <24.664593, 33.626034, 33.109585>, 0.100000
	pigment { color rgbt <1,0,0,0> }
	no_shadow
}

// particle -1
sphere {
	<24.914839, 33.812908, 33.359497> 0.100000
	pigment { color rgbt <1,0,0,0> }
	no_shadow
}
sphere {
	0, 1
	scale<0.080000,0.200000,0.300000>
	matrix <-0.329715, -0.567477, 0.754492,
		0.707032, -0.678020, -0.200985,
		0.625615, 0.467182, 0.624777,
		25.102524, 33.953064, 33.546928>
	pigment { color rgbt <0,1,1,0> }
	no_shadow
}
cylinder {
	<24.899424, 33.070820, 33.608181>,  <24.664593, 33.626034, 33.109585>, 0.130000
	pigment { color rgbt <1,0,0,0> }
	no_shadow
}

// nucleotide -1

// particle -1
sphere {
	<24.899424, 33.070820, 33.608181> 0.250000
	pigment { color rgbt <1,0,0,0> }
	no_shadow
}
cylinder {
	<24.974669, 33.425751, 33.776592>,  <25.019815, 33.638710, 33.877640>, 0.100000
	pigment { color rgbt <1,0,0,0> }
	no_shadow
}
cylinder {
	<24.974669, 33.425751, 33.776592>,  <24.899424, 33.070820, 33.608181>, 0.100000
	pigment { color rgbt <1,0,0,0> }
	no_shadow
}

// particle -1
sphere {
	<24.974669, 33.425751, 33.776592> 0.100000
	pigment { color rgbt <1,0,0,0> }
	no_shadow
}
sphere {
	0, 1
	scale<0.080000,0.200000,0.300000>
	matrix <-0.460705, -0.298868, 0.835720,
		0.867390, -0.351176, 0.352577,
		0.188111, 0.887329, 0.421024,
		25.031101, 33.691948, 33.902901>
	pigment { color rgbt <0,1,1,0> }
	no_shadow
}
cylinder {
	<24.943602, 32.965786, 34.313213>,  <24.899424, 33.070820, 33.608181>, 0.130000
	pigment { color rgbt <1,0,0,0> }
	no_shadow
}

// nucleotide -1

// particle -1
sphere {
	<24.943602, 32.965786, 34.313213> 0.250000
	pigment { color rgbt <1,0,0,0> }
	no_shadow
}
cylinder {
	<24.851561, 33.354797, 34.299103>,  <24.796335, 33.588203, 34.290638>, 0.100000
	pigment { color rgbt <1,0,0,0> }
	no_shadow
}
cylinder {
	<24.851561, 33.354797, 34.299103>,  <24.943602, 32.965786, 34.313213>, 0.100000
	pigment { color rgbt <1,0,0,0> }
	no_shadow
}

// particle -1
sphere {
	<24.851561, 33.354797, 34.299103> 0.100000
	pigment { color rgbt <1,0,0,0> }
	no_shadow
}
sphere {
	0, 1
	scale<0.080000,0.200000,0.300000>
	matrix <-0.432799, -0.069800, 0.898784,
		0.871629, 0.222080, 0.436970,
		-0.230103, 0.972527, -0.035276,
		24.782530, 33.646557, 34.288521>
	pigment { color rgbt <0,1,1,0> }
	no_shadow
}
cylinder {
	<25.552622, 32.709919, 34.413368>,  <24.943602, 32.965786, 34.313213>, 0.130000
	pigment { color rgbt <1,0,0,0> }
	no_shadow
}

// nucleotide -1

// particle -1
sphere {
	<25.552622, 32.709919, 34.413368> 0.250000
	pigment { color rgbt <1,0,0,0> }
	no_shadow
}
cylinder {
	<25.349108, 33.010899, 34.580677>,  <25.226999, 33.191486, 34.681061>, 0.100000
	pigment { color rgbt <1,0,0,0> }
	no_shadow
}
cylinder {
	<25.349108, 33.010899, 34.580677>,  <25.552622, 32.709919, 34.413368>, 0.100000
	pigment { color rgbt <1,0,0,0> }
	no_shadow
}

// particle -1
sphere {
	<25.349108, 33.010899, 34.580677> 0.100000
	pigment { color rgbt <1,0,0,0> }
	no_shadow
}
sphere {
	0, 1
	scale<0.080000,0.200000,0.300000>
	matrix <-0.855076, -0.498077, -0.144100,
		0.099903, -0.430970, 0.896819,
		-0.508788, 0.752452, 0.418272,
		25.196472, 33.236633, 34.706158>
	pigment { color rgbt <0,1,1,0> }
	no_shadow
}
cylinder {
	<26.149170, 32.775101, 34.824509>,  <25.552622, 32.709919, 34.413368>, 0.130000
	pigment { color rgbt <1,0,0,0> }
	no_shadow
}

// nucleotide -1

// particle -1
sphere {
	<26.149170, 32.775101, 34.824509> 0.250000
	pigment { color rgbt <1,0,0,0> }
	no_shadow
}
cylinder {
	<26.230404, 32.517590, 34.529400>,  <26.279144, 32.363083, 34.352337>, 0.100000
	pigment { color rgbt <1,0,0,0> }
	no_shadow
}
cylinder {
	<26.230404, 32.517590, 34.529400>,  <26.149170, 32.775101, 34.824509>, 0.100000
	pigment { color rgbt <1,0,0,0> }
	no_shadow
}

// particle -1
sphere {
	<26.230404, 32.517590, 34.529400> 0.100000
	pigment { color rgbt <1,0,0,0> }
	no_shadow
}
sphere {
	0, 1
	scale<0.080000,0.200000,0.300000>
	matrix <0.497127, -0.581346, 0.644128,
		-0.843576, -0.497579, 0.201976,
		0.203087, -0.643779, -0.737770,
		26.291330, 32.324455, 34.308067>
	pigment { color rgbt <0,1,1,0> }
	no_shadow
}
cylinder {
	<26.095470, 32.033672, 35.068504>,  <26.149170, 32.775101, 34.824509>, 0.130000
	pigment { color rgbt <1,0,0,0> }
	no_shadow
}

// nucleotide -1

// particle -1
sphere {
	<26.095470, 32.033672, 35.068504> 0.250000
	pigment { color rgbt <1,0,0,0> }
	no_shadow
}
cylinder {
	<26.336098, 32.026165, 34.749065>,  <26.480474, 32.021660, 34.557400>, 0.100000
	pigment { color rgbt <1,0,0,0> }
	no_shadow
}
cylinder {
	<26.336098, 32.026165, 34.749065>,  <26.095470, 32.033672, 35.068504>, 0.100000
	pigment { color rgbt <1,0,0,0> }
	no_shadow
}

// particle -1
sphere {
	<26.336098, 32.026165, 34.749065> 0.100000
	pigment { color rgbt <1,0,0,0> }
	no_shadow
}
sphere {
	0, 1
	scale<0.080000,0.200000,0.300000>
	matrix <0.494134, -0.776764, 0.390473,
		-0.627651, -0.629512, -0.458005,
		0.601570, -0.018765, -0.798600,
		26.516569, 32.020535, 34.509487>
	pigment { color rgbt <0,1,1,0> }
	no_shadow
}
cylinder {
	<26.093647, 31.387436, 34.727131>,  <26.095470, 32.033672, 35.068504>, 0.130000
	pigment { color rgbt <1,0,0,0> }
	no_shadow
}

// nucleotide -1

// particle -1
sphere {
	<26.093647, 31.387436, 34.727131> 0.250000
	pigment { color rgbt <1,0,0,0> }
	no_shadow
}
cylinder {
	<26.451483, 31.551878, 34.657040>,  <26.666183, 31.650543, 34.614986>, 0.100000
	pigment { color rgbt <1,0,0,0> }
	no_shadow
}
cylinder {
	<26.451483, 31.551878, 34.657040>,  <26.093647, 31.387436, 34.727131>, 0.100000
	pigment { color rgbt <1,0,0,0> }
	no_shadow
}

// particle -1
sphere {
	<26.451483, 31.551878, 34.657040> 0.100000
	pigment { color rgbt <1,0,0,0> }
	no_shadow
}
sphere {
	0, 1
	scale<0.080000,0.200000,0.300000>
	matrix <0.442364, -0.758939, 0.477835,
		0.063455, -0.504979, -0.860796,
		0.894588, 0.411106, -0.175226,
		26.719860, 31.675209, 34.604473>
	pigment { color rgbt <0,1,1,0> }
	no_shadow
}
cylinder {
	<26.553400, 30.834568, 34.471291>,  <26.093647, 31.387436, 34.727131>, 0.130000
	pigment { color rgbt <1,0,0,0> }
	no_shadow
}

// nucleotide -1

// particle -1
sphere {
	<26.553400, 30.834568, 34.471291> 0.250000
	pigment { color rgbt <1,0,0,0> }
	no_shadow
}
cylinder {
	<26.798893, 31.113266, 34.619820>,  <26.946188, 31.280485, 34.708939>, 0.100000
	pigment { color rgbt <1,0,0,0> }
	no_shadow
}
cylinder {
	<26.798893, 31.113266, 34.619820>,  <26.553400, 30.834568, 34.471291>, 0.100000
	pigment { color rgbt <1,0,0,0> }
	no_shadow
}

// particle -1
sphere {
	<26.798893, 31.113266, 34.619820> 0.100000
	pigment { color rgbt <1,0,0,0> }
	no_shadow
}
sphere {
	0, 1
	scale<0.080000,0.200000,0.300000>
	matrix <0.352816, -0.662781, 0.660487,
		0.706296, -0.274354, -0.652592,
		0.613732, 0.696744, 0.371323,
		26.983013, 31.322289, 34.731216>
	pigment { color rgbt <0,1,1,0> }
	no_shadow
}
cylinder {
	<27.175364, 30.511724, 34.543907>,  <26.553400, 30.834568, 34.471291>, 0.130000
	pigment { color rgbt <1,0,0,0> }
	no_shadow
}

// nucleotide -1

// particle -1
sphere {
	<27.175364, 30.511724, 34.543907> 0.250000
	pigment { color rgbt <1,0,0,0> }
	no_shadow
}
cylinder {
	<27.212528, 30.794294, 34.824574>,  <27.234827, 30.963837, 34.992973>, 0.100000
	pigment { color rgbt <1,0,0,0> }
	no_shadow
}
cylinder {
	<27.212528, 30.794294, 34.824574>,  <27.175364, 30.511724, 34.543907>, 0.100000
	pigment { color rgbt <1,0,0,0> }
	no_shadow
}

// particle -1
sphere {
	<27.212528, 30.794294, 34.824574> 0.100000
	pigment { color rgbt <1,0,0,0> }
	no_shadow
}
sphere {
	0, 1
	scale<0.080000,0.200000,0.300000>
	matrix <0.446810, -0.659352, 0.604661,
		0.889791, 0.257332, -0.376898,
		0.092910, 0.706424, 0.701664,
		27.240400, 31.006222, 35.035072>
	pigment { color rgbt <0,1,1,0> }
	no_shadow
}
cylinder {
	<27.851389, 30.608984, 34.762589>,  <27.175364, 30.511724, 34.543907>, 0.130000
	pigment { color rgbt <1,0,0,0> }
	no_shadow
}

// nucleotide -1

// particle -1
sphere {
	<27.851389, 30.608984, 34.762589> 0.250000
	pigment { color rgbt <1,0,0,0> }
	no_shadow
}
cylinder {
	<27.619696, 30.727598, 35.066315>,  <27.480680, 30.798767, 35.248550>, 0.100000
	pigment { color rgbt <1,0,0,0> }
	no_shadow
}
cylinder {
	<27.619696, 30.727598, 35.066315>,  <27.851389, 30.608984, 34.762589>, 0.100000
	pigment { color rgbt <1,0,0,0> }
	no_shadow
}

// particle -1
sphere {
	<27.619696, 30.727598, 35.066315> 0.100000
	pigment { color rgbt <1,0,0,0> }
	no_shadow
}
sphere {
	0, 1
	scale<0.080000,0.200000,0.300000>
	matrix <0.566084, -0.523921, 0.636439,
		0.586547, 0.798482, 0.135608,
		-0.579233, 0.296536, 0.759312,
		27.445925, 30.816559, 35.294109>
	pigment { color rgbt <0,1,1,0> }
	no_shadow
}
cylinder {
	<28.421597, 30.357327, 35.178638>,  <27.851389, 30.608984, 34.762589>, 0.130000
	pigment { color rgbt <1,0,0,0> }
	no_shadow
}

// nucleotide -1

// particle -1
sphere {
	<28.421597, 30.357327, 35.178638> 0.250000
	pigment { color rgbt <1,0,0,0> }
	no_shadow
}
cylinder {
	<28.636642, 30.599401, 34.943790>,  <28.765671, 30.744646, 34.802879>, 0.100000
	pigment { color rgbt <1,0,0,0> }
	no_shadow
}
cylinder {
	<28.636642, 30.599401, 34.943790>,  <28.421597, 30.357327, 35.178638>, 0.100000
	pigment { color rgbt <1,0,0,0> }
	no_shadow
}

// particle -1
sphere {
	<28.636642, 30.599401, 34.943790> 0.100000
	pigment { color rgbt <1,0,0,0> }
	no_shadow
}
sphere {
	0, 1
	scale<0.080000,0.200000,0.300000>
	matrix <-0.428046, -0.404031, -0.808415,
		-0.726460, 0.685934, 0.041835,
		0.537617, 0.605189, -0.587124,
		28.797928, 30.780958, 34.767654>
	pigment { color rgbt <0,1,1,0> }
	no_shadow
}
cylinder {
	<28.535986, 31.104340, 35.065804>,  <28.421597, 30.357327, 35.178638>, 0.130000
	pigment { color rgbt <1,0,0,0> }
	no_shadow
}

// nucleotide -1

// particle -1
sphere {
	<28.535986, 31.104340, 35.065804> 0.250000
	pigment { color rgbt <1,0,0,0> }
	no_shadow
}
cylinder {
	<28.265675, 31.042442, 35.354076>,  <28.103487, 31.005304, 35.527039>, 0.100000
	pigment { color rgbt <1,0,0,0> }
	no_shadow
}
cylinder {
	<28.265675, 31.042442, 35.354076>,  <28.535986, 31.104340, 35.065804>, 0.100000
	pigment { color rgbt <1,0,0,0> }
	no_shadow
}

// particle -1
sphere {
	<28.265675, 31.042442, 35.354076> 0.100000
	pigment { color rgbt <1,0,0,0> }
	no_shadow
}
sphere {
	0, 1
	scale<0.080000,0.200000,0.300000>
	matrix <0.640972, -0.606151, 0.470888,
		0.363974, 0.780151, 0.508809,
		-0.675779, -0.154741, 0.720679,
		28.062941, 30.996019, 35.570278>
	pigment { color rgbt <0,1,1,0> }
	no_shadow
}
cylinder {
	<28.772417, 31.463079, 35.757675>,  <28.535986, 31.104340, 35.065804>, 0.130000
	pigment { color rgbt <1,0,0,0> }
	no_shadow
}

// nucleotide -1

// particle -1
sphere {
	<28.772417, 31.463079, 35.757675> 0.250000
	pigment { color rgbt <1,0,0,0> }
	no_shadow
}
cylinder {
	<28.524035, 31.167025, 35.860909>,  <28.375004, 30.989391, 35.922848>, 0.100000
	pigment { color rgbt <1,0,0,0> }
	no_shadow
}
cylinder {
	<28.524035, 31.167025, 35.860909>,  <28.772417, 31.463079, 35.757675>, 0.100000
	pigment { color rgbt <1,0,0,0> }
	no_shadow
}

// particle -1
sphere {
	<28.524035, 31.167025, 35.860909> 0.100000
	pigment { color rgbt <1,0,0,0> }
	no_shadow
}
sphere {
	0, 1
	scale<0.080000,0.200000,0.300000>
	matrix <0.713579, -0.397520, 0.576874,
		-0.324371, 0.542380, 0.774989,
		-0.620958, -0.740137, 0.258087,
		28.337748, 30.944984, 35.938335>
	pigment { color rgbt <0,1,1,0> }
	no_shadow
}
cylinder {
	<28.727428, 31.296648, 36.450764>,  <28.772417, 31.463079, 35.757675>, 0.130000
	pigment { color rgbt <1,0,0,0> }
	no_shadow
}

// nucleotide -1

// particle -1
sphere {
	<28.727428, 31.296648, 36.450764> 0.250000
	pigment { color rgbt <1,0,0,0> }
	no_shadow
}
cylinder {
	<28.612396, 30.937565, 36.317249>,  <28.543377, 30.722115, 36.237141>, 0.100000
	pigment { color rgbt <1,0,0,0> }
	no_shadow
}
cylinder {
	<28.612396, 30.937565, 36.317249>,  <28.727428, 31.296648, 36.450764>, 0.100000
	pigment { color rgbt <1,0,0,0> }
	no_shadow
}

// particle -1
sphere {
	<28.612396, 30.937565, 36.317249> 0.100000
	pigment { color rgbt <1,0,0,0> }
	no_shadow
}
sphere {
	0, 1
	scale<0.080000,0.200000,0.300000>
	matrix <0.460548, -0.435189, 0.773632,
		-0.839757, 0.068757, 0.538591,
		-0.287582, -0.897710, -0.333787,
		28.526121, 30.668251, 36.217113>
	pigment { color rgbt <0,1,1,0> }
	no_shadow
}
cylinder {
	<28.317039, 30.955671, 36.965256>,  <28.727428, 31.296648, 36.450764>, 0.130000
	pigment { color rgbt <1,0,0,0> }
	no_shadow
}

// nucleotide -1

// particle -1
sphere {
	<28.317039, 30.955671, 36.965256> 0.250000
	pigment { color rgbt <1,0,0,0> }
	no_shadow
}
cylinder {
	<28.533848, 30.711994, 36.733707>,  <28.663933, 30.565788, 36.594776>, 0.100000
	pigment { color rgbt <1,0,0,0> }
	no_shadow
}
cylinder {
	<28.533848, 30.711994, 36.733707>,  <28.317039, 30.955671, 36.965256>, 0.100000
	pigment { color rgbt <1,0,0,0> }
	no_shadow
}

// particle -1
sphere {
	<28.533848, 30.711994, 36.733707> 0.100000
	pigment { color rgbt <1,0,0,0> }
	no_shadow
}
sphere {
	0, 1
	scale<0.080000,0.200000,0.300000>
	matrix <0.338451, -0.472255, 0.813896,
		-0.769196, -0.637070, -0.049791,
		0.542022, -0.609194, -0.578874,
		28.696455, 30.529236, 36.560043>
	pigment { color rgbt <0,1,1,0> }
	no_shadow
}
cylinder {
	<28.066463, 30.312023, 36.992126>,  <28.317039, 30.955671, 36.965256>, 0.130000
	pigment { color rgbt <1,0,0,0> }
	no_shadow
}

// nucleotide -1

// particle -1
sphere {
	<28.066463, 30.312023, 36.992126> 0.250000
	pigment { color rgbt <1,0,0,0> }
	no_shadow
}
cylinder {
	<28.457216, 30.283979, 36.911346>,  <28.691668, 30.267153, 36.862877>, 0.100000
	pigment { color rgbt <1,0,0,0> }
	no_shadow
}
cylinder {
	<28.457216, 30.283979, 36.911346>,  <28.066463, 30.312023, 36.992126>, 0.100000
	pigment { color rgbt <1,0,0,0> }
	no_shadow
}

// particle -1
sphere {
	<28.457216, 30.283979, 36.911346> 0.100000
	pigment { color rgbt <1,0,0,0> }
	no_shadow
}
sphere {
	0, 1
	scale<0.080000,0.200000,0.300000>
	matrix <0.099834, -0.685735, 0.720972,
		-0.189034, -0.724466, -0.662883,
		0.976882, -0.070110, -0.201953,
		28.750280, 30.262947, 36.850761>
	pigment { color rgbt <0,1,1,0> }
	no_shadow
}
cylinder {
	<28.116730, 29.642683, 37.044643>,  <28.066463, 30.312023, 36.992126>, 0.130000
	pigment { color rgbt <1,0,0,0> }
	no_shadow
}

// nucleotide -1

// particle -1
sphere {
	<28.116730, 29.642683, 37.044643> 0.250000
	pigment { color rgbt <1,0,0,0> }
	no_shadow
}
cylinder {
	<28.501822, 29.743250, 37.084518>,  <28.732878, 29.803589, 37.108444>, 0.100000
	pigment { color rgbt <1,0,0,0> }
	no_shadow
}
cylinder {
	<28.501822, 29.743250, 37.084518>,  <28.116730, 29.642683, 37.044643>, 0.100000
	pigment { color rgbt <1,0,0,0> }
	no_shadow
}

// particle -1
sphere {
	<28.501822, 29.743250, 37.084518> 0.100000
	pigment { color rgbt <1,0,0,0> }
	no_shadow
}
sphere {
	0, 1
	scale<0.080000,0.200000,0.300000>
	matrix <0.148676, -0.799875, 0.581460,
		0.225927, -0.544969, -0.807444,
		0.962732, 0.251415, 0.099690,
		28.790642, 29.818674, 37.114426>
	pigment { color rgbt <0,1,1,0> }
	no_shadow
}
cylinder {
	<27.382027, 29.814837, 37.054916>,  <28.116730, 29.642683, 37.044643>, 0.130000
	pigment { color rgbt <1,0,0,0> }
	no_shadow
}

// nucleotide -1

// particle -1
sphere {
	<27.382027, 29.814837, 37.054916> 0.250000
	pigment { color rgbt <1,0,0,0> }
	no_shadow
}
cylinder {
	<27.183535, 29.855021, 37.399860>,  <27.064440, 29.879131, 37.606827>, 0.100000
	pigment { color rgbt <1,0,0,0> }
	no_shadow
}
cylinder {
	<27.183535, 29.855021, 37.399860>,  <27.382027, 29.814837, 37.054916>, 0.100000
	pigment { color rgbt <1,0,0,0> }
	no_shadow
}

// particle -1
sphere {
	<27.183535, 29.855021, 37.399860> 0.100000
	pigment { color rgbt <1,0,0,0> }
	no_shadow
}
sphere {
	0, 1
	scale<0.080000,0.200000,0.300000>
	matrix <-0.238247, 0.939394, -0.246532,
