// switches for output
#declare DRAW_BASES = 1; // possible values are 0, 1; only relevant for DNA ribbons
#declare DRAW_BASES_TYPE = 3; // possible values are 1, 2, 3; only relevant for DNA ribbons
#declare DRAW_FOG = 0; // set to 1 to enable fog

#include "colors.inc"

#include "transforms.inc"
background { rgb <1, 1, 1>}

#default {
   normal{
       ripples 0.25
       frequency 0.20
       turbulence 0.2
       lambda 5
   }
	finish {
		phong 0.1
		phong_size 40.
	}
}

// original window dimensions: 1024x640


// camera settings

camera {
	sky <0, 0.179814, -0.983701>
	up <0, 0.179814, -0.983701>
	right 1.6 * <1, 0, 0>
	location <35, 94.9851, 44.8844>
	look_at <35, 29.7336, 32.9568>
	direction <0, -65.2515, -11.9276>
	angle 67.0682
}


# declare cpy_camera_pos = <35, 94.9851, 44.8844>;
# if (DRAW_FOG = 1)
fog {
	fog_type 2
	up vnormalize(cpy_camera_pos)
	color rgbt<1,1,1,0.3>
	distance 1e-5
	fog_alt 3e-3
	fog_offset 56
}
# end


// LIGHTS

# declare lum = 6;
global_settings {
	ambient_light rgb lum * <0.05, 0.05, 0.05>
	max_trace_level 15
}# declare cpy_direct_light_amount = 0.25;
light_source
{	1000 * <-1, -1.16352, -0.803886>,
	rgb lum * cpy_direct_light_amount
	parallel
}

light_source
{	1000 * <1, 1.16352, 0.803886>,
	rgb lum * cpy_direct_light_amount
	parallel
}

// strand 0

// nucleotide -1

// particle -1
sphere {
	<24.321035, 35.211750, 35.436951> 0.250000
	pigment { color rgbt <1,0,0,0> }
	no_shadow
}
cylinder {
	<24.288427, 35.271839, 35.042835>,  <24.268862, 35.307892, 34.806366>, 0.100000
	pigment { color rgbt <1,0,0,0> }
	no_shadow
}
cylinder {
	<24.288427, 35.271839, 35.042835>,  <24.321035, 35.211750, 35.436951>, 0.100000
	pigment { color rgbt <1,0,0,0> }
	no_shadow
}

// particle -1
sphere {
	<24.288427, 35.271839, 35.042835> 0.100000
	pigment { color rgbt <1,0,0,0> }
	no_shadow
}
sphere {
	0, 1
	scale<0.080000,0.200000,0.300000>
	matrix <0.268258, -0.948787, -0.166856,
		-0.959892, -0.277913, 0.037046,
		-0.081520, 0.150226, -0.985285,
		24.263971, 35.316906, 34.747250>
	pigment { color rgbt <0,1,1,0> }
	no_shadow
}
cylinder {
	<24.559551, 34.633884, 35.038162>,  <24.321035, 35.211750, 35.436951>, 0.130000
	pigment { color rgbt <1,0,0,0> }
	no_shadow
}

// nucleotide -1

// particle -1
sphere {
	<24.559551, 34.633884, 35.038162> 0.250000
	pigment { color rgbt <1,0,0,0> }
	no_shadow
}
cylinder {
	<24.599091, 34.770298, 34.664227>,  <24.622814, 34.852146, 34.439865>, 0.100000
	pigment { color rgbt <1,0,0,0> }
	no_shadow
}
cylinder {
	<24.599091, 34.770298, 34.664227>,  <24.559551, 34.633884, 35.038162>, 0.100000
	pigment { color rgbt <1,0,0,0> }
	no_shadow
}

// particle -1
sphere {
	<24.599091, 34.770298, 34.664227> 0.100000
	pigment { color rgbt <1,0,0,0> }
	no_shadow
}
sphere {
	0, 1
	scale<0.080000,0.200000,0.300000>
	matrix <0.654571, -0.729870, -0.197047,
		-0.749511, -0.592440, -0.295378,
		0.098849, 0.341035, -0.934839,
		24.628746, 34.872608, 34.383774>
	pigment { color rgbt <0,1,1,0> }
	no_shadow
}
cylinder {
	<24.313780, 34.204529, 34.399704>,  <24.559551, 34.633884, 35.038162>, 0.130000
	pigment { color rgbt <1,0,0,0> }
	no_shadow
}

// nucleotide -1

// particle -1
sphere {
	<24.313780, 34.204529, 34.399704> 0.250000
	pigment { color rgbt <1,0,0,0> }
	no_shadow
}
cylinder {
	<24.650372, 34.417908, 34.365425>,  <24.852327, 34.545937, 34.344860>, 0.100000
	pigment { color rgbt <1,0,0,0> }
	no_shadow
}
cylinder {
	<24.650372, 34.417908, 34.365425>,  <24.313780, 34.204529, 34.399704>, 0.100000
	pigment { color rgbt <1,0,0,0> }
	no_shadow
}

// particle -1
sphere {
	<24.650372, 34.417908, 34.365425> 0.100000
	pigment { color rgbt <1,0,0,0> }
	no_shadow
}
sphere {
	0, 1
	scale<0.080000,0.200000,0.300000>
	matrix <0.534206, -0.845207, -0.015793,
		-0.080855, -0.032489, -0.996196,
		0.841479, 0.533451, -0.085695,
		24.902815, 34.577942, 34.339718>
	pigment { color rgbt <0,1,1,0> }
	no_shadow
}
cylinder {
	<24.653206, 33.936893, 33.815689>,  <24.313780, 34.204529, 34.399704>, 0.130000
	pigment { color rgbt <1,0,0,0> }
	no_shadow
}

// nucleotide -1

// particle -1
sphere {
	<24.653206, 33.936893, 33.815689> 0.250000
	pigment { color rgbt <1,0,0,0> }
	no_shadow
}
cylinder {
	<24.937330, 34.120502, 34.029140>,  <25.107805, 34.230667, 34.157211>, 0.100000
	pigment { color rgbt <1,0,0,0> }
	no_shadow
}
cylinder {
	<24.937330, 34.120502, 34.029140>,  <24.653206, 33.936893, 33.815689>, 0.100000
	pigment { color rgbt <1,0,0,0> }
	no_shadow
}

// particle -1
sphere {
	<24.937330, 34.120502, 34.029140> 0.100000
	pigment { color rgbt <1,0,0,0> }
	no_shadow
}
sphere {
	0, 1
	scale<0.080000,0.200000,0.300000>
	matrix <0.534771, -0.844866, 0.014907,
		0.457688, 0.274781, -0.845587,
		0.710311, 0.459018, 0.533630,
		25.150423, 34.258209, 34.189228>
	pigment { color rgbt <0,1,1,0> }
	no_shadow
}
cylinder {
	<25.309116, 33.815075, 33.444729>,  <24.653206, 33.936893, 33.815689>, 0.130000
	pigment { color rgbt <1,0,0,0> }
	no_shadow
}

// nucleotide -1

// particle -1
sphere {
	<25.309116, 33.815075, 33.444729> 0.250000
	pigment { color rgbt <1,0,0,0> }
	no_shadow
}
cylinder {
	<25.372269, 33.908833, 33.828423>,  <25.410160, 33.965088, 34.058640>, 0.100000
	pigment { color rgbt <1,0,0,0> }
	no_shadow
}
cylinder {
	<25.372269, 33.908833, 33.828423>,  <25.309116, 33.815075, 33.444729>, 0.100000
	pigment { color rgbt <1,0,0,0> }
	no_shadow
}

// particle -1
sphere {
	<25.372269, 33.908833, 33.828423> 0.100000
	pigment { color rgbt <1,0,0,0> }
	no_shadow
}
sphere {
	0, 1
	scale<0.080000,0.200000,0.300000>
	matrix <0.540647, -0.833399, 0.114657,
		0.826302, 0.500507, -0.258298,
		0.157879, 0.234389, 0.959237,
		25.419632, 33.979149, 34.116192>
	pigment { color rgbt <0,1,1,0> }
	no_shadow
}
cylinder {
	<26.007652, 33.773270, 33.545822>,  <25.309116, 33.815075, 33.444729>, 0.130000
	pigment { color rgbt <1,0,0,0> }
	no_shadow
}

// nucleotide -1

// particle -1
sphere {
	<26.007652, 33.773270, 33.545822> 0.250000
	pigment { color rgbt <1,0,0,0> }
	no_shadow
}
cylinder {
	<25.841967, 33.717300, 33.905567>,  <25.742556, 33.683720, 34.121414>, 0.100000
	pigment { color rgbt <1,0,0,0> }
	no_shadow
}
cylinder {
	<25.841967, 33.717300, 33.905567>,  <26.007652, 33.773270, 33.545822>, 0.100000
	pigment { color rgbt <1,0,0,0> }
	no_shadow
}

// particle -1
sphere {
	<25.841967, 33.717300, 33.905567> 0.100000
	pigment { color rgbt <1,0,0,0> }
	no_shadow
}
sphere {
	0, 1
	scale<0.080000,0.200000,0.300000>
	matrix <0.264684, -0.963927, -0.028060,
		0.870843, 0.226423, 0.436309,
		-0.414216, -0.139920, 0.899360,
		25.717701, 33.675323, 34.175377>
	pigment { color rgbt <0,1,1,0> }
	no_shadow
}
cylinder {
	<26.559488, 33.451694, 33.950493>,  <26.007652, 33.773270, 33.545822>, 0.130000
	pigment { color rgbt <1,0,0,0> }
	no_shadow
}

// nucleotide -1

// particle -1
sphere {
	<26.559488, 33.451694, 33.950493> 0.250000
	pigment { color rgbt <1,0,0,0> }
	no_shadow
}
cylinder {
	<26.219156, 33.379131, 34.147747>,  <26.014957, 33.335594, 34.266098>, 0.100000
	pigment { color rgbt <1,0,0,0> }
	no_shadow
}
cylinder {
	<26.219156, 33.379131, 34.147747>,  <26.559488, 33.451694, 33.950493>, 0.100000
	pigment { color rgbt <1,0,0,0> }
	no_shadow
}

// particle -1
sphere {
	<26.219156, 33.379131, 34.147747> 0.100000
	pigment { color rgbt <1,0,0,0> }
	no_shadow
}
sphere {
	0, 1
	scale<0.080000,0.200000,0.300000>
	matrix <0.282989, -0.948973, 0.139166,
		0.442725, 0.257958, 0.858751,
		-0.850830, -0.181405, 0.493133,
		25.963907, 33.324711, 34.295689>
	pigment { color rgbt <0,1,1,0> }
	no_shadow
}
cylinder {
	<26.761461, 33.006985, 34.460442>,  <26.559488, 33.451694, 33.950493>, 0.130000
	pigment { color rgbt <1,0,0,0> }
	no_shadow
}

// nucleotide -1

// particle -1
sphere {
	<26.761461, 33.006985, 34.460442> 0.250000
	pigment { color rgbt <1,0,0,0> }
	no_shadow
}
cylinder {
	<26.366179, 32.966743, 34.414265>,  <26.129009, 32.942600, 34.386559>, 0.100000
	pigment { color rgbt <1,0,0,0> }
	no_shadow
}
cylinder {
	<26.366179, 32.966743, 34.414265>,  <26.761461, 33.006985, 34.460442>, 0.100000
	pigment { color rgbt <1,0,0,0> }
	no_shadow
}

// particle -1
sphere {
	<26.366179, 32.966743, 34.414265> 0.100000
	pigment { color rgbt <1,0,0,0> }
	no_shadow
}
sphere {
	0, 1
	scale<0.080000,0.200000,0.300000>
	matrix <0.042246, -0.903768, 0.425933,
		-0.147183, 0.416033, 0.897359,
		-0.988207, -0.100600, -0.115443,
		26.069717, 32.936562, 34.379631>
	pigment { color rgbt <0,1,1,0> }
	no_shadow
}
cylinder {
	<26.434330, 32.818474, 35.081726>,  <26.761461, 33.006985, 34.460442>, 0.130000
	pigment { color rgbt <1,0,0,0> }
	no_shadow
}

// nucleotide -1

// particle -1
sphere {
	<26.434330, 32.818474, 35.081726> 0.250000
	pigment { color rgbt <1,0,0,0> }
	no_shadow
}
cylinder {
	<26.187813, 32.677105, 34.800220>,  <26.039904, 32.592285, 34.631317>, 0.100000
	pigment { color rgbt <1,0,0,0> }
	no_shadow
}
cylinder {
	<26.187813, 32.677105, 34.800220>,  <26.434330, 32.818474, 35.081726>, 0.100000
	pigment { color rgbt <1,0,0,0> }
	no_shadow
}

// particle -1
sphere {
	<26.187813, 32.677105, 34.800220> 0.100000
	pigment { color rgbt <1,0,0,0> }
	no_shadow
}
sphere {
	0, 1
	scale<0.080000,0.200000,0.300000>
	matrix <-0.096005, -0.853262, 0.512569,
		-0.781644, 0.383457, 0.491928,
		-0.616292, -0.353419, -0.703761,
		26.002926, 32.571079, 34.589092>
	pigment { color rgbt <0,1,1,0> }
	no_shadow
}
cylinder {
	<26.068439, 32.369362, 35.464310>,  <26.434330, 32.818474, 35.081726>, 0.130000
	pigment { color rgbt <1,0,0,0> }
	no_shadow
}

// nucleotide -1

// particle -1
sphere {
	<26.068439, 32.369362, 35.464310> 0.250000
	pigment { color rgbt <1,0,0,0> }
	no_shadow
}
cylinder {
	<25.990036, 32.259090, 35.087887>,  <25.942993, 32.192928, 34.862034>, 0.100000
	pigment { color rgbt <1,0,0,0> }
	no_shadow
}
cylinder {
	<25.990036, 32.259090, 35.087887>,  <26.068439, 32.369362, 35.464310>, 0.100000
	pigment { color rgbt <1,0,0,0> }
	no_shadow
}

// particle -1
sphere {
	<25.990036, 32.259090, 35.087887> 0.100000
	pigment { color rgbt <1,0,0,0> }
	no_shadow
}
sphere {
	0, 1
	scale<0.080000,0.200000,0.300000>
	matrix <-0.062745, -0.954177, 0.292589,
		-0.978592, 0.116398, 0.169732,
		-0.196011, -0.275675, -0.941054,
		25.931232, 32.176388, 34.805569>
	pigment { color rgbt <0,1,1,0> }
	no_shadow
}
cylinder {
	<25.469200, 31.805387, 35.470058>,  <26.068439, 32.369362, 35.464310>, 0.130000
	pigment { color rgbt <1,0,0,0> }
	no_shadow
}

// nucleotide -1

// particle -1
sphere {
	<25.469200, 31.805387, 35.470058> 0.250000
	pigment { color rgbt <1,0,0,0> }
	no_shadow
}
cylinder {
	<25.704176, 31.761677, 35.149315>,  <25.845161, 31.735451, 34.956867>, 0.100000
	pigment { color rgbt <1,0,0,0> }
	no_shadow
}
cylinder {
	<25.704176, 31.761677, 35.149315>,  <25.469200, 31.805387, 35.470058>, 0.100000
	pigment { color rgbt <1,0,0,0> }
	no_shadow
}

// particle -1
sphere {
	<25.704176, 31.761677, 35.149315> 0.100000
	pigment { color rgbt <1,0,0,0> }
	no_shadow
}
sphere {
	0, 1
	scale<0.080000,0.200000,0.300000>
	matrix <-0.012041, -0.991912, 0.126356,
		-0.809180, -0.064571, -0.584002,
		0.587438, -0.109276, -0.801858,
		25.880407, 31.728893, 34.908756>
	pigment { color rgbt <0,1,1,0> }
	no_shadow
}
cylinder {
	<25.243040, 31.331347, 34.921906>,  <25.469200, 31.805387, 35.470058>, 0.130000
	pigment { color rgbt <1,0,0,0> }
	no_shadow
}

// nucleotide -1

// particle -1
sphere {
	<25.243040, 31.331347, 34.921906> 0.250000
	pigment { color rgbt <1,0,0,0> }
	no_shadow
}
cylinder {
	<25.642729, 31.336184, 34.936913>,  <25.882542, 31.339087, 34.945915>, 0.100000
	pigment { color rgbt <1,0,0,0> }
	no_shadow
}
cylinder {
	<25.642729, 31.336184, 34.936913>,  <25.243040, 31.331347, 34.921906>, 0.100000
	pigment { color rgbt <1,0,0,0> }
	no_shadow
}

// particle -1
sphere {
	<25.642729, 31.336184, 34.936913> 0.100000
	pigment { color rgbt <1,0,0,0> }
	no_shadow
}
sphere {
	0, 1
	scale<0.080000,0.200000,0.300000>
	matrix <0.002355, -0.968374, 0.249490,
		0.039345, -0.249208, -0.967651,
		0.999223, 0.012095, 0.037514,
		25.942495, 31.339811, 34.948166>
	pigment { color rgbt <0,1,1,0> }
	no_shadow
}
cylinder {
	<25.474815, 30.751842, 34.483532>,  <25.243040, 31.331347, 34.921906>, 0.130000
	pigment { color rgbt <1,0,0,0> }
	no_shadow
}

// nucleotide -1

// particle -1
sphere {
	<25.474815, 30.751842, 34.483532> 0.250000
	pigment { color rgbt <1,0,0,0> }
	no_shadow
}
cylinder {
	<25.763390, 30.853018, 34.741386>,  <25.936533, 30.913723, 34.896099>, 0.100000
	pigment { color rgbt <1,0,0,0> }
	no_shadow
}
cylinder {
	<25.763390, 30.853018, 34.741386>,  <25.474815, 30.751842, 34.483532>, 0.100000
	pigment { color rgbt <1,0,0,0> }
	no_shadow
}

// particle -1
sphere {
	<25.763390, 30.853018, 34.741386> 0.100000
	pigment { color rgbt <1,0,0,0> }
	no_shadow
}
sphere {
	0, 1
	scale<0.080000,0.200000,0.300000>
	matrix <0.253993, -0.962678, 0.093479,
		0.644222, 0.096294, -0.758753,
		0.721433, 0.252939, 0.644636,
		25.979820, 30.928900, 34.934776>
	pigment { color rgbt <0,1,1,0> }
	no_shadow
}
cylinder {
	<26.015690, 30.288721, 34.436195>,  <25.474815, 30.751842, 34.483532>, 0.130000
	pigment { color rgbt <1,0,0,0> }
	no_shadow
}

// nucleotide -1

// particle -1
sphere {
	<26.015690, 30.288721, 34.436195> 0.250000
	pigment { color rgbt <1,0,0,0> }
	no_shadow
}
cylinder {
	<26.097292, 30.473701, 34.781338>,  <26.146254, 30.584690, 34.988422>, 0.100000
	pigment { color rgbt <1,0,0,0> }
	no_shadow
}
cylinder {
	<26.097292, 30.473701, 34.781338>,  <26.015690, 30.288721, 34.436195>, 0.100000
	pigment { color rgbt <1,0,0,0> }
	no_shadow
}

// particle -1
sphere {
	<26.097292, 30.473701, 34.781338> 0.100000
	pigment { color rgbt <1,0,0,0> }
	no_shadow
}
sphere {
	0, 1
	scale<0.080000,0.200000,0.300000>
	matrix <0.551147, -0.782695, 0.289180,
		0.809086, 0.416568, -0.414549,
		0.204003, 0.462449, 0.862858,
		26.158493, 30.612436, 35.040195>
	pigment { color rgbt <0,1,1,0> }
	no_shadow
}
cylinder {
	<26.813845, 30.462105, 34.553337>,  <26.015690, 30.288721, 34.436195>, 0.130000
	pigment { color rgbt <1,0,0,0> }
	no_shadow
}

// nucleotide -1

// particle -1
sphere {
	<26.813845, 30.462105, 34.553337> 0.250000
	pigment { color rgbt <1,0,0,0> }
	no_shadow
}
cylinder {
	<26.628508, 30.315725, 34.876175>,  <26.517305, 30.227898, 35.069878>, 0.100000
	pigment { color rgbt <1,0,0,0> }
	no_shadow
}
cylinder {
	<26.628508, 30.315725, 34.876175>,  <26.813845, 30.462105, 34.553337>, 0.100000
	pigment { color rgbt <1,0,0,0> }
	no_shadow
}

// particle -1
sphere {
	<26.628508, 30.315725, 34.876175> 0.100000
	pigment { color rgbt <1,0,0,0> }
	no_shadow
}
sphere {
	0, 1
	scale<0.080000,0.200000,0.300000>
	matrix <0.749540, -0.647708, 0.136617,
		0.472764, 0.668247, 0.574404,
		-0.463340, -0.365951, 0.807091,
		26.489506, 30.205940, 35.118301>
	pigment { color rgbt <0,1,1,0> }
	no_shadow
}
cylinder {
	<26.991688, 31.263592, 34.502968>,  <26.813845, 30.462105, 34.553337>, 0.130000
	pigment { color rgbt <1,0,0,0> }
	no_shadow
}

// nucleotide -1

// particle -1
sphere {
	<26.991688, 31.263592, 34.502968> 0.250000
	pigment { color rgbt <1,0,0,0> }
	no_shadow
}
cylinder {
	<26.600761, 31.272966, 34.587162>,  <26.366205, 31.278591, 34.637680>, 0.100000
	pigment { color rgbt <1,0,0,0> }
	no_shadow
}
cylinder {
	<26.600761, 31.272966, 34.587162>,  <26.991688, 31.263592, 34.502968>, 0.100000
	pigment { color rgbt <1,0,0,0> }
	no_shadow
}

// particle -1
sphere {
	<26.600761, 31.272966, 34.587162> 0.100000
	pigment { color rgbt <1,0,0,0> }
	no_shadow
}
sphere {
	0, 1
	scale<0.080000,0.200000,0.300000>
	matrix <-0.105939, 0.806489, -0.581681,
		-0.183387, -0.590785, -0.785711,
		-0.977315, 0.023435, 0.210487,
		26.307568, 31.279997, 34.650307>
	pigment { color rgbt <0,1,1,0> }
	no_shadow
}
cylinder {
	<26.700504, 31.444096, 33.924126>,  <26.991688, 31.263592, 34.502968>, 0.130000
	pigment { color rgbt <1,0,0,0> }
	no_shadow
}

// nucleotide -1

// particle -1
sphere {
	<26.700504, 31.444096, 33.924126> 0.250000
	pigment { color rgbt <1,0,0,0> }
	no_shadow
}
cylinder {
	<26.441019, 31.553728, 34.208111>,  <26.285328, 31.619509, 34.378502>, 0.100000
	pigment { color rgbt <1,0,0,0> }
	no_shadow
}
cylinder {
	<26.441019, 31.553728, 34.208111>,  <26.700504, 31.444096, 33.924126>, 0.100000
	pigment { color rgbt <1,0,0,0> }
	no_shadow
}

// particle -1
sphere {
	<26.441019, 31.553728, 34.208111> 0.100000
	pigment { color rgbt <1,0,0,0> }
	no_shadow
}
sphere {
	0, 1
	scale<0.080000,0.200000,0.300000>
	matrix <-0.223526, 0.823129, -0.522011,
		-0.727467, -0.497331, -0.472709,
		-0.648712, 0.274083, 0.709965,
		26.246405, 31.635954, 34.421101>
	pigment { color rgbt <0,1,1,0> }
	no_shadow
}
cylinder {
	<26.009373, 31.697704, 33.602848>,  <26.700504, 31.444096, 33.924126>, 0.130000
	pigment { color rgbt <1,0,0,0> }
	no_shadow
}

// nucleotide -1

// particle -1
sphere {
	<26.009373, 31.697704, 33.602848> 0.250000
	pigment { color rgbt <1,0,0,0> }
	no_shadow
}
cylinder {
	<25.985889, 31.851812, 33.971222>,  <25.971800, 31.944277, 34.192245>, 0.100000
	pigment { color rgbt <1,0,0,0> }
	no_shadow
}
cylinder {
	<25.985889, 31.851812, 33.971222>,  <26.009373, 31.697704, 33.602848>, 0.100000
	pigment { color rgbt <1,0,0,0> }
	no_shadow
}

// particle -1
sphere {
	<25.985889, 31.851812, 33.971222> 0.100000
	pigment { color rgbt <1,0,0,0> }
	no_shadow
}
sphere {
	0, 1
	scale<0.080000,0.200000,0.300000>
	matrix <-0.230248, 0.892427, -0.388020,
		-0.971360, -0.234823, 0.036316,
		-0.058707, 0.385269, 0.920935,
		25.968277, 31.967394, 34.247501>
	pigment { color rgbt <0,1,1,0> }
	no_shadow
}
cylinder {
	<25.429243, 32.040871, 33.627232>,  <26.009373, 31.697704, 33.602848>, 0.130000
	pigment { color rgbt <1,0,0,0> }
	no_shadow
}

// nucleotide -1

// particle -1
sphere {
	<25.429243, 32.040871, 33.627232> 0.250000
	pigment { color rgbt <1,0,0,0> }
	no_shadow
}
cylinder {
	<25.643507, 32.203911, 33.923050>,  <25.772066, 32.301735, 34.100540>, 0.100000
	pigment { color rgbt <1,0,0,0> }
	no_shadow
}
cylinder {
	<25.643507, 32.203911, 33.923050>,  <25.429243, 32.040871, 33.627232>, 0.100000
	pigment { color rgbt <1,0,0,0> }
	no_shadow
}

// particle -1
sphere {
	<25.643507, 32.203911, 33.923050> 0.100000
	pigment { color rgbt <1,0,0,0> }
	no_shadow
}
sphere {
	0, 1
	scale<0.080000,0.200000,0.300000>
	matrix <-0.215805, 0.912788, -0.346767,
		-0.816391, 0.026151, 0.576907,
		0.535662, 0.407597, 0.739548,
		25.804205, 32.326191, 34.144913>
	pigment { color rgbt <0,1,1,0> }
	no_shadow
}
cylinder {
	<24.943287, 32.489697, 33.984455>,  <25.429243, 32.040871, 33.627232>, 0.130000
	pigment { color rgbt <1,0,0,0> }
	no_shadow
}

// nucleotide -1

// particle -1
sphere {
	<24.943287, 32.489697, 33.984455> 0.250000
	pigment { color rgbt <1,0,0,0> }
	no_shadow
}
cylinder {
	<25.298344, 32.646004, 34.081940>,  <25.511377, 32.739788, 34.140430>, 0.100000
	pigment { color rgbt <1,0,0,0> }
	no_shadow
}
cylinder {
	<25.298344, 32.646004, 34.081940>,  <24.943287, 32.489697, 33.984455>, 0.100000
	pigment { color rgbt <1,0,0,0> }
	no_shadow
}

// particle -1
sphere {
	<25.298344, 32.646004, 34.081940> 0.100000
	pigment { color rgbt <1,0,0,0> }
	no_shadow
}
sphere {
	0, 1
	scale<0.080000,0.200000,0.300000>
	matrix <-0.383886, 0.920150, -0.077175,
		-0.254404, -0.025052, 0.966774,
		0.887643, 0.390764, 0.243707,
		25.564636, 32.763233, 34.155052>
	pigment { color rgbt <0,1,1,0> }
	no_shadow
}
cylinder {
	<25.127655, 32.320362, 34.665916>,  <24.943287, 32.489697, 33.984455>, 0.130000
	pigment { color rgbt <1,0,0,0> }
	no_shadow
}

// nucleotide -1

// particle -1
sphere {
	<25.127655, 32.320362, 34.665916> 0.250000
	pigment { color rgbt <1,0,0,0> }
	no_shadow
}
cylinder {
	<25.420980, 32.591419, 34.687992>,  <25.596975, 32.754055, 34.701237>, 0.100000
	pigment { color rgbt <1,0,0,0> }
	no_shadow
}
cylinder {
	<25.420980, 32.591419, 34.687992>,  <25.127655, 32.320362, 34.665916>, 0.100000
	pigment { color rgbt <1,0,0,0> }
	no_shadow
}

// particle -1
sphere {
	<25.420980, 32.591419, 34.687992> 0.100000
	pigment { color rgbt <1,0,0,0> }
	no_shadow
}
sphere {
	0, 1
	scale<0.080000,0.200000,0.300000>
	matrix <-0.609579, 0.691255, -0.388048,
		-0.301107, 0.250921, 0.919986,
		0.733314, 0.677647, 0.055186,
		25.640974, 32.794712, 34.704548>
	pigment { color rgbt <0,1,1,0> }
	no_shadow
}
cylinder {
	<24.768087, 33.041466, 34.859028>,  <25.127655, 32.320362, 34.665916>, 0.130000
	pigment { color rgbt <1,0,0,0> }
	no_shadow
}

// nucleotide -1

// particle -1
sphere {
	<24.768087, 33.041466, 34.859028> 0.250000
	pigment { color rgbt <1,0,0,0> }
	no_shadow
}
cylinder {
	<25.137735, 33.132401, 34.736179>,  <25.359524, 33.186962, 34.662472>, 0.100000
	pigment { color rgbt <1,0,0,0> }
	no_shadow
}
cylinder {
	<25.137735, 33.132401, 34.736179>,  <24.768087, 33.041466, 34.859028>, 0.100000
	pigment { color rgbt <1,0,0,0> }
	no_shadow
}

// particle -1
sphere {
	<25.137735, 33.132401, 34.736179> 0.100000
	pigment { color rgbt <1,0,0,0> }
	no_shadow
}
sphere {
	0, 1
	scale<0.080000,0.200000,0.300000>
	matrix <-0.303381, 0.925186, -0.228014,
		0.232306, 0.303887, 0.923952,
		0.924118, 0.227340, -0.307120,
		25.414970, 33.200603, 34.644043>
	pigment { color rgbt <0,1,1,0> }
	no_shadow
}
cylinder {
	<25.102053, 33.583035, 35.315891>,  <24.768087, 33.041466, 34.859028>, 0.130000
	pigment { color rgbt <1,0,0,0> }
	no_shadow
}

// nucleotide -1

// particle -1
sphere {
	<25.102053, 33.583035, 35.315891> 0.250000
	pigment { color rgbt <1,0,0,0> }
	no_shadow
}
cylinder {
	<25.302240, 33.590630, 34.969673>,  <25.422354, 33.595188, 34.761944>, 0.100000
	pigment { color rgbt <1,0,0,0> }
	no_shadow
}
cylinder {
	<25.302240, 33.590630, 34.969673>,  <25.102053, 33.583035, 35.315891>, 0.100000
	pigment { color rgbt <1,0,0,0> }
	no_shadow
}

// particle -1
sphere {
	<25.302240, 33.590630, 34.969673> 0.100000
	pigment { color rgbt <1,0,0,0> }
	no_shadow
}
sphere {
	0, 1
	scale<0.080000,0.200000,0.300000>
	matrix <-0.189008, 0.978040, -0.087827,
		0.844871, 0.207550, 0.493068,
		0.500469, 0.018991, -0.865546,
		25.452381, 33.596329, 34.710011>
	pigment { color rgbt <0,1,1,0> }
	no_shadow
}
cylinder {
	<25.816189, 33.671696, 35.346916>,  <25.102053, 33.583035, 35.315891>, 0.130000
	pigment { color rgbt <1,0,0,0> }
	no_shadow
}

// nucleotide -1

// particle -1
sphere {
	<25.816189, 33.671696, 35.346916> 0.250000
	pigment { color rgbt <1,0,0,0> }
	no_shadow
}
cylinder {
	<25.858559, 33.753605, 34.957691>,  <25.883980, 33.802750, 34.724155>, 0.100000
	pigment { color rgbt <1,0,0,0> }
	no_shadow
}
cylinder {
	<25.858559, 33.753605, 34.957691>,  <25.816189, 33.671696, 35.346916>, 0.100000
	pigment { color rgbt <1,0,0,0> }
	no_shadow
}

// particle -1
sphere {
	<25.858559, 33.753605, 34.957691> 0.100000
	pigment { color rgbt <1,0,0,0> }
	no_shadow
}
sphere {
	0, 1
	scale<0.080000,0.200000,0.300000>
	matrix <-0.410207, 0.900419, 0.144832,
		0.905820, 0.383815, 0.179377,
		0.105926, 0.204774, -0.973061,
		25.890335, 33.815037, 34.665771>
	pigment { color rgbt <0,1,1,0> }
	no_shadow
}
cylinder {
	<25.947189, 34.430336, 35.277927>,  <25.816189, 33.671696, 35.346916>, 0.130000
	pigment { color rgbt <1,0,0,0> }
	no_shadow
}

// nucleotide -1

// particle -1
sphere {
	<25.947189, 34.430336, 35.277927> 0.250000
	pigment { color rgbt <1,0,0,0> }
	no_shadow
}
cylinder {
	<25.796057, 34.316448, 34.925522>,  <25.705378, 34.248116, 34.714081>, 0.100000
	pigment { color rgbt <1,0,0,0> }
	no_shadow
}
cylinder {
	<25.796057, 34.316448, 34.925522>,  <25.947189, 34.430336, 35.277927>, 0.100000
	pigment { color rgbt <1,0,0,0> }
	no_shadow
}

// particle -1
sphere {
	<25.796057, 34.316448, 34.925522> 0.100000
	pigment { color rgbt <1,0,0,0> }
	no_shadow
}
sphere {
	0, 1
	scale<0.080000,0.200000,0.300000>
	matrix <-0.250761, 0.947448, -0.198649,
		0.891270, 0.145867, -0.429373,
		-0.377832, -0.284720, -0.881009,
		25.682707, 34.231033, 34.661221>
	pigment { color rgbt <0,1,1,0> }
	no_shadow
}
cylinder {
	<26.034517, 34.984921, 34.794804>,  <25.947189, 34.430336, 35.277927>, 0.130000
	pigment { color rgbt <1,0,0,0> }
	no_shadow
}

// nucleotide -1

// particle -1
sphere {
	<26.034517, 34.984921, 34.794804> 0.250000
	pigment { color rgbt <1,0,0,0> }
	no_shadow
}
cylinder {
	<25.752569, 34.775066, 34.603840>,  <25.583401, 34.649155, 34.489262>, 0.100000
	pigment { color rgbt <1,0,0,0> }
	no_shadow
}
cylinder {
	<25.752569, 34.775066, 34.603840>,  <26.034517, 34.984921, 34.794804>, 0.100000
	pigment { color rgbt <1,0,0,0> }
	no_shadow
}

// particle -1
sphere {
	<25.752569, 34.775066, 34.603840> 0.100000
	pigment { color rgbt <1,0,0,0> }
	no_shadow
}
sphere {
	0, 1
	scale<0.080000,0.200000,0.300000>
	matrix <-0.455091, 0.850732, -0.262960,
		0.544103, 0.031911, -0.838411,
		-0.704872, -0.524631, -0.477408,
		25.541107, 34.617676, 34.460617>
	pigment { color rgbt <0,1,1,0> }
	no_shadow
}
cylinder {
	<25.991060, 35.258427, 34.197517>,  <26.034517, 34.984921, 34.794804>, 0.130000
	pigment { color rgbt <1,0,0,0> }
	no_shadow
}

// nucleotide -1

// particle -1
sphere {
	<25.991060, 35.258427, 34.197517> 0.250000
	pigment { color rgbt <1,0,0,0> }
	no_shadow
}
cylinder {
	<25.646946, 35.059486, 34.242336>,  <25.440477, 34.940125, 34.269226>, 0.100000
	pigment { color rgbt <1,0,0,0> }
	no_shadow
}
cylinder {
	<25.646946, 35.059486, 34.242336>,  <25.991060, 35.258427, 34.197517>, 0.100000
	pigment { color rgbt <1,0,0,0> }
	no_shadow
}

// particle -1
sphere {
	<25.646946, 35.059486, 34.242336> 0.100000
	pigment { color rgbt <1,0,0,0> }
	no_shadow
}
sphere {
	0, 1
	scale<0.080000,0.200000,0.300000>
	matrix <-0.499998, 0.780176, -0.375935,
		0.099554, -0.379436, -0.919847,
		-0.860286, -0.497348, 0.112048,
		25.388861, 34.910282, 34.275951>
	pigment { color rgbt <0,1,1,0> }
	no_shadow
}
cylinder {
	<25.573639, 35.452679, 33.667648>,  <25.991060, 35.258427, 34.197517>, 0.130000
	pigment { color rgbt <1,0,0,0> }
	no_shadow
}

// nucleotide -1

// particle -1
sphere {
	<25.573639, 35.452679, 33.667648> 0.250000
	pigment { color rgbt <1,0,0,0> }
	no_shadow
}
cylinder {
	<25.320227, 35.307339, 33.940884>,  <25.168179, 35.220135, 34.104824>, 0.100000
	pigment { color rgbt <1,0,0,0> }
	no_shadow
}
cylinder {
	<25.320227, 35.307339, 33.940884>,  <25.573639, 35.452679, 33.667648>, 0.100000
	pigment { color rgbt <1,0,0,0> }
	no_shadow
}

// particle -1
sphere {
	<25.320227, 35.307339, 33.940884> 0.100000
	pigment { color rgbt <1,0,0,0> }
	no_shadow
}
sphere {
	0, 1
	scale<0.080000,0.200000,0.300000>
	matrix <-0.690397, 0.664022, -0.287102,
		-0.349269, -0.653492, -0.671535,
		-0.633533, -0.363350, 0.683091,
		25.130167, 35.198334, 34.145809>
	pigment { color rgbt <0,1,1,0> }
	no_shadow
}
cylinder {
	<25.766802, 36.181110, 33.627609>,  <25.573639, 35.452679, 33.667648>, 0.130000
	pigment { color rgbt <1,0,0,0> }
	no_shadow
}

// nucleotide -1

// particle -1
sphere {
	<25.766802, 36.181110, 33.627609> 0.250000
	pigment { color rgbt <1,0,0,0> }
	no_shadow
}
cylinder {
	<26.121767, 36.091862, 33.788960>,  <26.334745, 36.038311, 33.885769>, 0.100000
	pigment { color rgbt <1,0,0,0> }
	no_shadow
}
cylinder {
	<26.121767, 36.091862, 33.788960>,  <25.766802, 36.181110, 33.627609>, 0.100000
	pigment { color rgbt <1,0,0,0> }
	no_shadow
}

// particle -1
sphere {
	<26.121767, 36.091862, 33.788960> 0.100000
	pigment { color rgbt <1,0,0,0> }
	no_shadow
}
sphere {
	0, 1
	scale<0.080000,0.200000,0.300000>
	matrix <-0.194979, -0.974604, -0.110141,
		0.417710, 0.019091, -0.908380,
		0.887413, -0.223122, 0.403379,
		26.387991, 36.024925, 33.909973>
	pigment { color rgbt <0,1,1,0> }
	no_shadow
}
cylinder {
	<26.477896, 36.027409, 33.378780>,  <25.766802, 36.181110, 33.627609>, 0.130000
	pigment { color rgbt <1,0,0,0> }
	no_shadow
}

// nucleotide -1

// particle -1
sphere {
	<26.477896, 36.027409, 33.378780> 0.250000
	pigment { color rgbt <1,0,0,0> }
	no_shadow
}
cylinder {
	<26.851830, 36.051300, 33.238773>,  <27.076191, 36.065636, 33.154770>, 0.100000
	pigment { color rgbt <1,0,0,0> }
	no_shadow
}
cylinder {
	<26.851830, 36.051300, 33.238773>,  <26.477896, 36.027409, 33.378780>, 0.100000
	pigment { color rgbt <1,0,0,0> }
	no_shadow
}

// particle -1
sphere {
	<26.851830, 36.051300, 33.238773> 0.100000
	pigment { color rgbt <1,0,0,0> }
	no_shadow
}
sphere {
	0, 1
	scale<0.080000,0.200000,0.300000>
	matrix <0.253987, -0.801343, 0.541608,
		-0.248138, -0.595215, -0.764295,
		0.934836, 0.059727, -0.350021,
		27.132280, 36.069218, 33.133766>
	pigment { color rgbt <0,1,1,0> }
	no_shadow
}
cylinder {
	<26.667345, 35.300056, 33.210293>,  <26.477896, 36.027409, 33.378780>, 0.130000
	pigment { color rgbt <1,0,0,0> }
	no_shadow
}

// nucleotide -1

// particle -1
sphere {
	<26.667345, 35.300056, 33.210293> 0.250000
	pigment { color rgbt <1,0,0,0> }
	no_shadow
}
cylinder {
	<27.007774, 35.503368, 33.262947>,  <27.212032, 35.625355, 33.294540>, 0.100000
	pigment { color rgbt <1,0,0,0> }
	no_shadow
}
cylinder {
	<27.007774, 35.503368, 33.262947>,  <26.667345, 35.300056, 33.210293>, 0.100000
	pigment { color rgbt <1,0,0,0> }
	no_shadow
}

// particle -1
sphere {
	<27.007774, 35.503368, 33.262947> 0.100000
	pigment { color rgbt <1,0,0,0> }
	no_shadow
}
sphere {
	0, 1
	scale<0.080000,0.200000,0.300000>
	matrix <0.321179, -0.702318, 0.635290,
		0.415356, -0.498399, -0.760972,
		0.851072, 0.508280, 0.131636,
		27.263096, 35.655853, 33.302437>
	pigment { color rgbt <0,1,1,0> }
	no_shadow
}
cylinder {
	<27.202040, 34.840488, 33.086113>,  <26.667345, 35.300056, 33.210293>, 0.130000
	pigment { color rgbt <1,0,0,0> }
	no_shadow
}

// nucleotide -1

// particle -1
sphere {
	<27.202040, 34.840488, 33.086113> 0.250000
	pigment { color rgbt <1,0,0,0> }
	no_shadow
}
cylinder {
	<27.340124, 35.125057, 33.330967>,  <27.422974, 35.295799, 33.477879>, 0.100000
	pigment { color rgbt <1,0,0,0> }
	no_shadow
}
cylinder {
	<27.340124, 35.125057, 33.330967>,  <27.202040, 34.840488, 33.086113>, 0.100000
	pigment { color rgbt <1,0,0,0> }
	no_shadow
}

// particle -1
sphere {
	<27.340124, 35.125057, 33.330967> 0.100000
	pigment { color rgbt <1,0,0,0> }
	no_shadow
}
sphere {
	0, 1
	scale<0.080000,0.200000,0.300000>
	matrix <0.269268, -0.699885, 0.661555,
		0.899069, -0.063547, -0.433171,
		0.345210, 0.711423, 0.612134,
		27.443687, 35.338486, 33.514606>
	pigment { color rgbt <0,1,1,0> }
	no_shadow
}
cylinder {
	<27.833851, 34.587227, 33.352524>,  <27.202040, 34.840488, 33.086113>, 0.130000
	pigment { color rgbt <1,0,0,0> }
	no_shadow
}

// nucleotide -1

// particle -1
sphere {
	<27.833851, 34.587227, 33.352524> 0.250000
	pigment { color rgbt <1,0,0,0> }
	no_shadow
}
cylinder {
	<27.738764, 34.884365, 33.602859>,  <27.681711, 35.062649, 33.753059>, 0.100000
	pigment { color rgbt <1,0,0,0> }
	no_shadow
}
cylinder {
	<27.738764, 34.884365, 33.602859>,  <27.833851, 34.587227, 33.352524>, 0.100000
	pigment { color rgbt <1,0,0,0> }
	no_shadow
}

// particle -1
sphere {
	<27.738764, 34.884365, 33.602859> 0.100000
	pigment { color rgbt <1,0,0,0> }
	no_shadow
}
sphere {
	0, 1
	scale<0.080000,0.200000,0.300000>
	matrix <0.327127, -0.545444, 0.771673,
		0.914592, 0.388168, -0.113343,
		-0.237717, 0.742843, 0.625839,
		27.667448, 35.107220, 33.790611>
	pigment { color rgbt <0,1,1,0> }
	no_shadow
}
cylinder {
	<28.406998, 34.805614, 33.814980>,  <27.833851, 34.587227, 33.352524>, 0.130000
	pigment { color rgbt <1,0,0,0> }
	no_shadow
}

// nucleotide -1

// particle -1
sphere {
	<28.406998, 34.805614, 33.814980> 0.250000
	pigment { color rgbt <1,0,0,0> }
	no_shadow
}
cylinder {
	<28.063761, 34.873726, 34.008755>,  <27.857819, 34.914593, 34.125019>, 0.100000
	pigment { color rgbt <1,0,0,0> }
	no_shadow
}
cylinder {
	<28.063761, 34.873726, 34.008755>,  <28.406998, 34.805614, 33.814980>, 0.100000
	pigment { color rgbt <1,0,0,0> }
	no_shadow
}

// particle -1
sphere {
	<28.063761, 34.873726, 34.008755> 0.100000
	pigment { color rgbt <1,0,0,0> }
	no_shadow
}
sphere {
	0, 1
	scale<0.080000,0.200000,0.300000>
	matrix <0.278551, -0.638188, 0.717722,
		0.431376, 0.750814, 0.500193,
		-0.858093, 0.170279, 0.484439,
		27.806334, 34.924809, 34.154087>
	pigment { color rgbt <0,1,1,0> }
	no_shadow
}
cylinder {
	<28.432531, 35.245182, 34.467308>,  <28.406998, 34.805614, 33.814980>, 0.130000
	pigment { color rgbt <1,0,0,0> }
	no_shadow
}

// nucleotide -1

// particle -1
sphere {
	<28.432531, 35.245182, 34.467308> 0.250000
	pigment { color rgbt <1,0,0,0> }
	no_shadow
}
cylinder {
	<28.170240, 34.943279, 34.474991>,  <28.012865, 34.762138, 34.479599>, 0.100000
	pigment { color rgbt <1,0,0,0> }
	no_shadow
}
cylinder {
	<28.170240, 34.943279, 34.474991>,  <28.432531, 35.245182, 34.467308>, 0.100000
	pigment { color rgbt <1,0,0,0> }
	no_shadow
}

// particle -1
sphere {
	<28.170240, 34.943279, 34.474991> 0.100000
	pigment { color rgbt <1,0,0,0> }
	no_shadow
}
sphere {
	0, 1
	scale<0.080000,0.200000,0.300000>
	matrix <0.651386, -0.552693, 0.519833,
		-0.381731, 0.353380, 0.854052,
		-0.655727, -0.754754, 0.019206,
		27.973522, 34.716854, 34.480751>
	pigment { color rgbt <0,1,1,0> }
	no_shadow
}
cylinder {
	<28.482704, 35.030117, 35.061523>,  <28.432531, 35.245182, 34.467308>, 0.130000
	pigment { color rgbt <1,0,0,0> }
	no_shadow
}

// nucleotide -1

// particle -1
sphere {
	<28.482704, 35.030117, 35.061523> 0.250000
	pigment { color rgbt <1,0,0,0> }
	no_shadow
}
cylinder {
	<28.353159, 34.707397, 34.863857>,  <28.275433, 34.513767, 34.745258>, 0.100000
	pigment { color rgbt <1,0,0,0> }
	no_shadow
}
cylinder {
	<28.353159, 34.707397, 34.863857>,  <28.482704, 35.030117, 35.061523>, 0.100000
	pigment { color rgbt <1,0,0,0> }
	no_shadow
}

// particle -1
sphere {
	<28.353159, 34.707397, 34.863857> 0.100000
	pigment { color rgbt <1,0,0,0> }
	no_shadow
}
sphere {
	0, 1
	scale<0.080000,0.200000,0.300000>
	matrix <0.493841, -0.589668, 0.639071,
		-0.806990, -0.037065, 0.589401,
		-0.323864, -0.806795, -0.494161,
		28.256001, 34.465359, 34.715611>
	pigment { color rgbt <0,1,1,0> }
	no_shadow
}
cylinder {
	<28.064402, 34.809334, 35.749397>,  <28.482704, 35.030117, 35.061523>, 0.130000
	pigment { color rgbt <1,0,0,0> }
	no_shadow
}

// nucleotide -1

// particle -1
sphere {
	<28.064402, 34.809334, 35.749397> 0.250000
	pigment { color rgbt <1,0,0,0> }
	no_shadow
}
cylinder {
	<27.826134, 34.671825, 35.459019>,  <27.683172, 34.589321, 35.284790>, 0.100000
	pigment { color rgbt <1,0,0,0> }
	no_shadow
}
cylinder {
	<27.826134, 34.671825, 35.459019>,  <28.064402, 34.809334, 35.749397>, 0.100000
	pigment { color rgbt <1,0,0,0> }
	no_shadow
}

// particle -1
sphere {
	<27.826134, 34.671825, 35.459019> 0.100000
	pigment { color rgbt <1,0,0,0> }
	no_shadow
}
sphere {
	0, 1
	scale<0.080000,0.200000,0.300000>
	matrix <-0.472084, -0.581373, 0.662678,
		-0.649856, 0.737445, 0.184016,
		-0.595670, -0.343775, -0.725945,
		27.647432, 34.568691, 35.241234>
	pigment { color rgbt <0,1,1,0> }
	no_shadow
}
cylinder {
	<27.335449, 34.766197, 36.007965>,  <28.064402, 34.809334, 35.749397>, 0.130000
	pigment { color rgbt <1,0,0,0> }
	no_shadow
}

// nucleotide -1

// particle -1
sphere {
	<27.335449, 34.766197, 36.007965> 0.250000
	pigment { color rgbt <1,0,0,0> }
	no_shadow
}
cylinder {
	<27.360424, 34.510159, 35.701664>,  <27.375408, 34.356533, 35.517883>, 0.100000
	pigment { color rgbt <1,0,0,0> }
	no_shadow
}
cylinder {
	<27.360424, 34.510159, 35.701664>,  <27.335449, 34.766197, 36.007965>, 0.100000
	pigment { color rgbt <1,0,0,0> }
	no_shadow
}

// particle -1
sphere {
	<27.360424, 34.510159, 35.701664> 0.100000
	pigment { color rgbt <1,0,0,0> }
	no_shadow
}
sphere {
	0, 1
	scale<0.080000,0.200000,0.300000>
	matrix <-0.402877, -0.718125, 0.567439,
		-0.913122, 0.273075, -0.302717,
		0.062436, -0.640099, -0.765751,
		27.379154, 34.318130, 35.471939>
	pigment { color rgbt <0,1,1,0> }
	no_shadow
}
cylinder {
	<26.762770, 34.373672, 36.100075>,  <27.335449, 34.766197, 36.007965>, 0.130000
	pigment { color rgbt <1,0,0,0> }
	no_shadow
}

// nucleotide -1

// particle -1
sphere {
	<26.762770, 34.373672, 36.100075> 0.250000
	pigment { color rgbt <1,0,0,0> }
	no_shadow
}
cylinder {
	<27.056229, 34.180679, 35.908672>,  <27.232304, 34.064884, 35.793831>, 0.100000
	pigment { color rgbt <1,0,0,0> }
	no_shadow
}
cylinder {
	<27.056229, 34.180679, 35.908672>,  <26.762770, 34.373672, 36.100075>, 0.100000
	pigment { color rgbt <1,0,0,0> }
	no_shadow
}

// particle -1
sphere {
	<27.056229, 34.180679, 35.908672> 0.100000
	pigment { color rgbt <1,0,0,0> }
	no_shadow
}
sphere {
	0, 1
	scale<0.080000,0.200000,0.300000>
	matrix <-0.079715, -0.760416, 0.644525,
		-0.674836, -0.434711, -0.596341,
		0.733649, -0.482486, -0.478503,
		27.276323, 34.035934, 35.765121>
	pigment { color rgbt <0,1,1,0> }
	no_shadow
}
cylinder {
	<26.542139, 33.682819, 36.285683>,  <26.762770, 34.373672, 36.100075>, 0.130000
	pigment { color rgbt <1,0,0,0> }
	no_shadow
}

// nucleotide -1

// particle -1
sphere {
	<26.542139, 33.682819, 36.285683> 0.250000
	pigment { color rgbt <1,0,0,0> }
	no_shadow
}
cylinder {
	<26.724361, 33.331123, 36.229973>,  <26.833694, 33.120106, 36.196548>, 0.100000
	pigment { color rgbt <1,0,0,0> }
	no_shadow
}
cylinder {
	<26.724361, 33.331123, 36.229973>,  <26.542139, 33.682819, 36.285683>, 0.100000
	pigment { color rgbt <1,0,0,0> }
	no_shadow
}

// particle -1
sphere {
	<26.724361, 33.331123, 36.229973> 0.100000
	pigment { color rgbt <1,0,0,0> }
	no_shadow
}
sphere {
	0, 1
	scale<0.080000,0.200000,0.300000>
	matrix <0.294481, 0.296484, -0.908503,
		0.840088, 0.372863, 0.393986,
		0.455558, -0.879244, -0.139271,
		26.861029, 33.067348, 36.188190>
	pigment { color rgbt <0,1,1,0> }
	no_shadow
}
cylinder {
	<27.324751, 33.735783, 36.286518>,  <26.542139, 33.682819, 36.285683>, 0.130000
	pigment { color rgbt <1,0,0,0> }
	no_shadow
}

// nucleotide -1

// particle -1
sphere {
	<27.324751, 33.735783, 36.286518> 0.250000
	pigment { color rgbt <1,0,0,0> }
	no_shadow
}
cylinder {
	<27.171047, 33.435867, 36.071053>,  <27.078825, 33.255917, 35.941772>, 0.100000
	pigment { color rgbt <1,0,0,0> }
	no_shadow
}
cylinder {
	<27.171047, 33.435867, 36.071053>,  <27.324751, 33.735783, 36.286518>, 0.100000
	pigment { color rgbt <1,0,0,0> }
	no_shadow
}

// particle -1
sphere {
	<27.171047, 33.435867, 36.071053> 0.100000
	pigment { color rgbt <1,0,0,0> }
	no_shadow
}
sphere {
	0, 1
	scale<0.080000,0.200000,0.300000>
	matrix <0.360548, 0.415254, -0.835206,
		0.849911, -0.515151, 0.110770,
		-0.384259, -0.749789, -0.538666,
		27.055769, 33.210930, 35.909454>
	pigment { color rgbt <0,1,1,0> }
	no_shadow
}
cylinder {
	<27.823467, 33.186749, 35.941387>,  <27.324751, 33.735783, 36.286518>, 0.130000
	pigment { color rgbt <1,0,0,0> }
	no_shadow
}

// nucleotide -1

// particle -1
sphere {
	<27.823467, 33.186749, 35.941387> 0.250000
	pigment { color rgbt <1,0,0,0> }
	no_shadow
}
cylinder {
	<27.483803, 33.311504, 35.770905>,  <27.280005, 33.386360, 35.668613>, 0.100000
	pigment { color rgbt <1,0,0,0> }
	no_shadow
}
cylinder {
	<27.483803, 33.311504, 35.770905>,  <27.823467, 33.186749, 35.941387>, 0.100000
	pigment { color rgbt <1,0,0,0> }
	no_shadow
}

// particle -1
sphere {
	<27.483803, 33.311504, 35.770905> 0.100000
	pigment { color rgbt <1,0,0,0> }
	no_shadow
}
sphere {
	0, 1
	scale<0.080000,0.200000,0.300000>
	matrix <0.524708, 0.590036, -0.613627,
		0.060090, -0.744701, -0.664688,
		-0.849159, 0.311895, -0.426206,
		27.229055, 33.405071, 35.643044>
	pigment { color rgbt <0,1,1,0> }
	no_shadow
}
cylinder {
	<27.717754, 33.090881, 35.104935>,  <27.823467, 33.186749, 35.941387>, 0.130000
	pigment { color rgbt <1,0,0,0> }
	no_shadow
}

// nucleotide -1

// particle -1
sphere {
	<27.717754, 33.090881, 35.104935> 0.250000
	pigment { color rgbt <1,0,0,0> }
	no_shadow
}
cylinder {
	<27.534033, 33.420631, 35.237263>,  <27.423800, 33.618481, 35.316658>, 0.100000
	pigment { color rgbt <1,0,0,0> }
	no_shadow
}
cylinder {
	<27.534033, 33.420631, 35.237263>,  <27.717754, 33.090881, 35.104935>, 0.100000
	pigment { color rgbt <1,0,0,0> }
	no_shadow
}

// particle -1
sphere {
	<27.534033, 33.420631, 35.237263> 0.100000
	pigment { color rgbt <1,0,0,0> }
	no_shadow
}
sphere {
	0, 1
	scale<0.080000,0.200000,0.300000>
	matrix <0.345892, 0.509017, -0.788201,
