// switches for output
#declare DRAW_BASES = 1; // possible values are 0, 1; only relevant for DNA ribbons
#declare DRAW_BASES_TYPE = 3; // possible values are 1, 2, 3; only relevant for DNA ribbons
#declare DRAW_FOG = 0; // set to 1 to enable fog

#include "colors.inc"

#include "transforms.inc"
background { rgb <1, 1, 1>}

#default {
   normal{
       ripples 0.25
       frequency 0.20
       turbulence 0.2
       lambda 5
   }
	finish {
		phong 0.1
		phong_size 40.
	}
}

// original window dimensions: 1024x640


// camera settings

camera {
	sky <0, 0.179814, -0.983701>
	up <0, 0.179814, -0.983701>
	right 1.6 * <1, 0, 0>
	location <35, 94.9851, 44.8844>
	look_at <35, 29.7336, 32.9568>
	direction <0, -65.2515, -11.9276>
	angle 67.0682
}


# declare cpy_camera_pos = <35, 94.9851, 44.8844>;
# if (DRAW_FOG = 1)
fog {
	fog_type 2
	up vnormalize(cpy_camera_pos)
	color rgbt<1,1,1,0.3>
	distance 1e-5
	fog_alt 3e-3
	fog_offset 56
}
# end


// LIGHTS

# declare lum = 6;
global_settings {
	ambient_light rgb lum * <0.05, 0.05, 0.05>
	max_trace_level 15
}# declare cpy_direct_light_amount = 0.25;
light_source
{	1000 * <-1, -1.16352, -0.803886>,
	rgb lum * cpy_direct_light_amount
	parallel
}

light_source
{	1000 * <1, 1.16352, 0.803886>,
	rgb lum * cpy_direct_light_amount
	parallel
}

// strand 0

// nucleotide -1

// particle -1
sphere {
	<24.314701, 35.220890, 35.154964> 0.250000
	pigment { color rgbt <1,0,0,0> }
	no_shadow
}
cylinder {
	<24.403704, 34.866123, 34.993042>,  <24.457106, 34.653263, 34.895889>, 0.100000
	pigment { color rgbt <1,0,0,0> }
	no_shadow
}
cylinder {
	<24.403704, 34.866123, 34.993042>,  <24.314701, 35.220890, 35.154964>, 0.100000
	pigment { color rgbt <1,0,0,0> }
	no_shadow
}

// particle -1
sphere {
	<24.403704, 34.866123, 34.993042> 0.100000
	pigment { color rgbt <1,0,0,0> }
	no_shadow
}
sphere {
	0, 1
	scale<0.080000,0.200000,0.300000>
	matrix <-0.754307, -0.419668, 0.504876,
		-0.617667, 0.193007, -0.762388,
		0.222505, -0.886920, -0.404802,
		24.470455, 34.600048, 34.871601>
	pigment { color rgbt <0,1,1,0> }
	no_shadow
}
cylinder {
	<24.303478, 35.911343, 35.290882>,  <24.314701, 35.220890, 35.154964>, 0.130000
	pigment { color rgbt <1,0,0,0> }
	no_shadow
}

// nucleotide -1

// particle -1
sphere {
	<24.303478, 35.911343, 35.290882> 0.250000
	pigment { color rgbt <1,0,0,0> }
	no_shadow
}
cylinder {
	<24.626024, 35.946487, 35.524822>,  <24.819551, 35.967575, 35.665188>, 0.100000
	pigment { color rgbt <1,0,0,0> }
	no_shadow
}
cylinder {
	<24.626024, 35.946487, 35.524822>,  <24.303478, 35.911343, 35.290882>, 0.100000
	pigment { color rgbt <1,0,0,0> }
	no_shadow
}

// particle -1
sphere {
	<24.626024, 35.946487, 35.524822> 0.100000
	pigment { color rgbt <1,0,0,0> }
	no_shadow
}
sphere {
	0, 1
	scale<0.080000,0.200000,0.300000>
	matrix <0.465917, 0.514716, -0.719714,
		-0.364271, 0.852846, 0.374112,
		0.806367, 0.087866, 0.584852,
		24.867935, 35.972847, 35.700279>
	pigment { color rgbt <0,1,1,0> }
	no_shadow
}
cylinder {
	<24.428825, 36.557335, 35.397610>,  <24.303478, 35.911343, 35.290882>, 0.130000
	pigment { color rgbt <1,0,0,0> }
	no_shadow
}

// nucleotide -1

// particle -1
sphere {
	<24.428825, 36.557335, 35.397610> 0.250000
	pigment { color rgbt <1,0,0,0> }
	no_shadow
}
cylinder {
	<24.785351, 36.377571, 35.421581>,  <24.999266, 36.269714, 35.435966>, 0.100000
	pigment { color rgbt <1,0,0,0> }
	no_shadow
}
cylinder {
	<24.785351, 36.377571, 35.421581>,  <24.428825, 36.557335, 35.397610>, 0.100000
	pigment { color rgbt <1,0,0,0> }
	no_shadow
}

// particle -1
sphere {
	<24.785351, 36.377571, 35.421581> 0.100000
	pigment { color rgbt <1,0,0,0> }
	no_shadow
}
sphere {
	0, 1
	scale<0.080000,0.200000,0.300000>
	matrix <0.295694, 0.475999, -0.828245,
		0.343693, 0.755948, 0.557152,
		0.891314, -0.449409, 0.059931,
		25.052746, 36.242748, 35.439560>
	pigment { color rgbt <0,1,1,0> }
	no_shadow
}
cylinder {
	<24.979696, 37.055660, 35.439472>,  <24.428825, 36.557335, 35.397610>, 0.130000
	pigment { color rgbt <1,0,0,0> }
	no_shadow
}

// nucleotide -1

// particle -1
sphere {
	<24.979696, 37.055660, 35.439472> 0.250000
	pigment { color rgbt <1,0,0,0> }
	no_shadow
}
cylinder {
	<25.145826, 36.727642, 35.281975>,  <25.245504, 36.530830, 35.187477>, 0.100000
	pigment { color rgbt <1,0,0,0> }
	no_shadow
}
cylinder {
	<25.145826, 36.727642, 35.281975>,  <24.979696, 37.055660, 35.439472>, 0.100000
	pigment { color rgbt <1,0,0,0> }
	no_shadow
}

// particle -1
sphere {
	<25.145826, 36.727642, 35.281975> 0.100000
	pigment { color rgbt <1,0,0,0> }
	no_shadow
}
sphere {
	0, 1
	scale<0.080000,0.200000,0.300000>
	matrix <0.348698, 0.543297, -0.763700,
		0.840188, 0.179883, 0.511592,
		0.415323, -0.820043, -0.393747,
		25.270424, 36.481628, 35.163849>
	pigment { color rgbt <0,1,1,0> }
	no_shadow
}
cylinder {
	<25.624289, 37.165001, 35.242668>,  <24.979696, 37.055660, 35.439472>, 0.130000
	pigment { color rgbt <1,0,0,0> }
	no_shadow
}

// nucleotide -1

// particle -1
sphere {
	<25.624289, 37.165001, 35.242668> 0.250000
	pigment { color rgbt <1,0,0,0> }
	no_shadow
}
cylinder {
	<25.558245, 36.858143, 34.994724>,  <25.518620, 36.674026, 34.845959>, 0.100000
	pigment { color rgbt <1,0,0,0> }
	no_shadow
}
cylinder {
	<25.558245, 36.858143, 34.994724>,  <25.624289, 37.165001, 35.242668>, 0.100000
	pigment { color rgbt <1,0,0,0> }
	no_shadow
}

// particle -1
sphere {
	<25.558245, 36.858143, 34.994724> 0.100000
	pigment { color rgbt <1,0,0,0> }
	no_shadow
}
sphere {
	0, 1
	scale<0.080000,0.200000,0.300000>
	matrix <0.429938, 0.509647, -0.745260,
		0.887633, -0.389550, 0.245678,
		-0.165107, -0.767144, -0.619862,
		25.508713, 36.627998, 34.808765>
	pigment { color rgbt <0,1,1,0> }
	no_shadow
}
cylinder {
	<26.256960, 37.036503, 34.860752>,  <25.624289, 37.165001, 35.242668>, 0.130000
	pigment { color rgbt <1,0,0,0> }
	no_shadow
}

// nucleotide -1

// particle -1
sphere {
	<26.256960, 37.036503, 34.860752> 0.250000
	pigment { color rgbt <1,0,0,0> }
	no_shadow
}
cylinder {
	<25.949512, 36.889236, 34.651493>,  <25.765045, 36.800877, 34.525940>, 0.100000
	pigment { color rgbt <1,0,0,0> }
	no_shadow
}
cylinder {
	<25.949512, 36.889236, 34.651493>,  <26.256960, 37.036503, 34.860752>, 0.100000
	pigment { color rgbt <1,0,0,0> }
	no_shadow
}

// particle -1
sphere {
	<25.949512, 36.889236, 34.651493> 0.100000
	pigment { color rgbt <1,0,0,0> }
	no_shadow
}
sphere {
	0, 1
	scale<0.080000,0.200000,0.300000>
	matrix <0.320037, 0.486783, -0.812785,
		0.553897, -0.792147, -0.256323,
		-0.768618, -0.368166, -0.523144,
		25.718927, 36.778786, 34.494549>
	pigment { color rgbt <0,1,1,0> }
	no_shadow
}
cylinder {
	<26.476082, 36.499207, 34.222618>,  <26.256960, 37.036503, 34.860752>, 0.130000
	pigment { color rgbt <1,0,0,0> }
	no_shadow
}

// nucleotide -1

// particle -1
sphere {
	<26.476082, 36.499207, 34.222618> 0.250000
	pigment { color rgbt <1,0,0,0> }
	no_shadow
}
cylinder {
	<26.136112, 36.701401, 34.163136>,  <25.932131, 36.822716, 34.127445>, 0.100000
	pigment { color rgbt <1,0,0,0> }
	no_shadow
}
cylinder {
	<26.136112, 36.701401, 34.163136>,  <26.476082, 36.499207, 34.222618>, 0.100000
	pigment { color rgbt <1,0,0,0> }
	no_shadow
}

// particle -1
sphere {
	<26.136112, 36.701401, 34.163136> 0.100000
	pigment { color rgbt <1,0,0,0> }
	no_shadow
}
sphere {
	0, 1
	scale<0.080000,0.200000,0.300000>
	matrix <0.416267, 0.471132, -0.777661,
		-0.323033, -0.722856, -0.610843,
		-0.849925, 0.505484, -0.148710,
		25.881134, 36.853046, 34.118523>
	pigment { color rgbt <0,1,1,0> }
	no_shadow
}
cylinder {
	<26.236010, 36.326385, 33.502186>,  <26.476082, 36.499207, 34.222618>, 0.130000
	pigment { color rgbt <1,0,0,0> }
	no_shadow
}

// nucleotide -1

// particle -1
sphere {
	<26.236010, 36.326385, 33.502186> 0.250000
	pigment { color rgbt <1,0,0,0> }
	no_shadow
}
cylinder {
	<26.110353, 36.681400, 33.637005>,  <26.034960, 36.894409, 33.717896>, 0.100000
	pigment { color rgbt <1,0,0,0> }
	no_shadow
}
cylinder {
	<26.110353, 36.681400, 33.637005>,  <26.236010, 36.326385, 33.502186>, 0.100000
	pigment { color rgbt <1,0,0,0> }
	no_shadow
}

// particle -1
sphere {
	<26.110353, 36.681400, 33.637005> 0.100000
	pigment { color rgbt <1,0,0,0> }
	no_shadow
}
sphere {
	0, 1
	scale<0.080000,0.200000,0.300000>
	matrix <0.345710, 0.437586, -0.830062,
		-0.884195, -0.144234, -0.444292,
		-0.314139, 0.887533, 0.337048,
		26.016111, 36.947659, 33.738121>
	pigment { color rgbt <0,1,1,0> }
	no_shadow
}
cylinder {
	<25.980318, 36.664879, 32.880081>,  <26.236010, 36.326385, 33.502186>, 0.130000
	pigment { color rgbt <1,0,0,0> }
	no_shadow
}

// nucleotide -1

// particle -1
sphere {
	<25.980318, 36.664879, 32.880081> 0.250000
	pigment { color rgbt <1,0,0,0> }
	no_shadow
}
cylinder {
	<26.045664, 36.944118, 33.158928>,  <26.084871, 37.111664, 33.326237>, 0.100000
	pigment { color rgbt <1,0,0,0> }
	no_shadow
}
cylinder {
	<26.045664, 36.944118, 33.158928>,  <25.980318, 36.664879, 32.880081>, 0.100000
	pigment { color rgbt <1,0,0,0> }
	no_shadow
}

// particle -1
sphere {
	<26.045664, 36.944118, 33.158928> 0.100000
	pigment { color rgbt <1,0,0,0> }
	no_shadow
}
sphere {
	0, 1
	scale<0.080000,0.200000,0.300000>
	matrix <0.564437, 0.513404, -0.646396,
		-0.809150, 0.499076, -0.310161,
		0.163363, 0.698098, 0.697117,
		26.094673, 37.153549, 33.368065>
	pigment { color rgbt <0,1,1,0> }
	no_shadow
}
cylinder {
	<25.933971, 37.153839, 32.412277>,  <25.980318, 36.664879, 32.880081>, 0.130000
	pigment { color rgbt <1,0,0,0> }
	no_shadow
}

// nucleotide -1

// particle -1
sphere {
	<25.933971, 37.153839, 32.412277> 0.250000
	pigment { color rgbt <1,0,0,0> }
	no_shadow
}
cylinder {
	<26.083458, 37.280670, 32.760941>,  <26.173149, 37.356770, 32.970139>, 0.100000
	pigment { color rgbt <1,0,0,0> }
	no_shadow
}
cylinder {
	<26.083458, 37.280670, 32.760941>,  <25.933971, 37.153839, 32.412277>, 0.100000
	pigment { color rgbt <1,0,0,0> }
	no_shadow
}

// particle -1
sphere {
	<26.083458, 37.280670, 32.760941> 0.100000
	pigment { color rgbt <1,0,0,0> }
	no_shadow
}
sphere {
	0, 1
	scale<0.080000,0.200000,0.300000>
	matrix <0.655700, 0.574368, -0.490059,
		-0.656045, 0.754692, 0.006739,
		0.373714, 0.317082, 0.871663,
		26.195572, 37.375793, 33.022438>
	pigment { color rgbt <0,1,1,0> }
	no_shadow
}
cylinder {
	<25.995951, 37.817463, 32.321075>,  <25.933971, 37.153839, 32.412277>, 0.130000
	pigment { color rgbt <1,0,0,0> }
	no_shadow
}

// nucleotide -1

// particle -1
sphere {
	<25.995951, 37.817463, 32.321075> 0.250000
	pigment { color rgbt <1,0,0,0> }
	no_shadow
}
cylinder {
	<26.246771, 37.740364, 32.622978>,  <26.397263, 37.694107, 32.804119>, 0.100000
	pigment { color rgbt <1,0,0,0> }
	no_shadow
}
cylinder {
	<26.246771, 37.740364, 32.622978>,  <25.995951, 37.817463, 32.321075>, 0.100000
	pigment { color rgbt <1,0,0,0> }
	no_shadow
}

// particle -1
sphere {
	<26.246771, 37.740364, 32.622978> 0.100000
	pigment { color rgbt <1,0,0,0> }
	no_shadow
}
sphere {
	0, 1
	scale<0.080000,0.200000,0.300000>
	matrix <0.722124, 0.507193, -0.470417,
		-0.292136, 0.840003, 0.457222,
		0.627051, -0.192745, 0.754755,
		26.434887, 37.682541, 32.849403>
	pigment { color rgbt <0,1,1,0> }
	no_shadow
}
cylinder {
	<26.415226, 38.267757, 32.213200>,  <25.995951, 37.817463, 32.321075>, 0.130000
	pigment { color rgbt <1,0,0,0> }
	no_shadow
}

// nucleotide -1

// particle -1
sphere {
	<26.415226, 38.267757, 32.213200> 0.250000
	pigment { color rgbt <1,0,0,0> }
	no_shadow
}
cylinder {
	<26.621651, 38.129272, 32.526585>,  <26.745506, 38.046181, 32.714615>, 0.100000
	pigment { color rgbt <1,0,0,0> }
	no_shadow
}
cylinder {
	<26.621651, 38.129272, 32.526585>,  <26.415226, 38.267757, 32.213200>, 0.100000
	pigment { color rgbt <1,0,0,0> }
	no_shadow
}

// particle -1
sphere {
	<26.621651, 38.129272, 32.526585> 0.100000
	pigment { color rgbt <1,0,0,0> }
	no_shadow
}
sphere {
	0, 1
	scale<0.080000,0.200000,0.300000>
	matrix <0.746334, 0.630586, -0.212948,
		-0.420316, 0.694620, 0.583814,
		0.516063, -0.346215, 0.783463,
		26.776470, 38.025410, 32.761623>
	pigment { color rgbt <0,1,1,0> }
	no_shadow
}
cylinder {
	<27.111713, 38.537571, 32.174965>,  <26.415226, 38.267757, 32.213200>, 0.130000
	pigment { color rgbt <1,0,0,0> }
	no_shadow
}

// nucleotide -1

// particle -1
sphere {
	<27.111713, 38.537571, 32.174965> 0.250000
	pigment { color rgbt <1,0,0,0> }
	no_shadow
}
cylinder {
	<27.484632, 38.393051, 32.168201>,  <27.708384, 38.306339, 32.164143>, 0.100000
	pigment { color rgbt <1,0,0,0> }
	no_shadow
}
cylinder {
	<27.484632, 38.393051, 32.168201>,  <27.111713, 38.537571, 32.174965>, 0.100000
	pigment { color rgbt <1,0,0,0> }
	no_shadow
}

// particle -1
sphere {
	<27.484632, 38.393051, 32.168201> 0.100000
	pigment { color rgbt <1,0,0,0> }
	no_shadow
}
sphere {
	0, 1
	scale<0.080000,0.200000,0.300000>
	matrix <-0.253530, -0.686120, 0.681881,
		-0.257966, -0.631428, -0.731267,
		0.932296, -0.361300, -0.016910,
		27.764320, 38.284660, 32.163128>
	pigment { color rgbt <0,1,1,0> }
	no_shadow
}
cylinder {
	<27.071972, 37.863071, 31.973904>,  <27.111713, 38.537571, 32.174965>, 0.130000
	pigment { color rgbt <1,0,0,0> }
	no_shadow
}

// nucleotide -1

// particle -1
sphere {
	<27.071972, 37.863071, 31.973904> 0.250000
	pigment { color rgbt <1,0,0,0> }
	no_shadow
}
cylinder {
	<27.378994, 37.905891, 32.226696>,  <27.563208, 37.931583, 32.378372>, 0.100000
	pigment { color rgbt <1,0,0,0> }
	no_shadow
}
cylinder {
	<27.378994, 37.905891, 32.226696>,  <27.071972, 37.863071, 31.973904>, 0.100000
	pigment { color rgbt <1,0,0,0> }
	no_shadow
}

// particle -1
sphere {
	<27.378994, 37.905891, 32.226696> 0.100000
	pigment { color rgbt <1,0,0,0> }
	no_shadow
}
sphere {
	0, 1
	scale<0.080000,0.200000,0.300000>
	matrix <-0.468540, -0.579125, 0.667147,
		0.437411, -0.808180, -0.394356,
		0.767556, 0.107046, 0.631980,
		27.609261, 37.938004, 32.416290>
	pigment { color rgbt <0,1,1,0> }
	no_shadow
}
cylinder {
	<27.338495, 37.184540, 32.220570>,  <27.071972, 37.863071, 31.973904>, 0.130000
	pigment { color rgbt <1,0,0,0> }
	no_shadow
}

// nucleotide -1

// particle -1
sphere {
	<27.338495, 37.184540, 32.220570> 0.250000
	pigment { color rgbt <1,0,0,0> }
	no_shadow
}
cylinder {
	<27.424019, 37.478729, 32.477745>,  <27.475334, 37.655243, 32.632050>, 0.100000
	pigment { color rgbt <1,0,0,0> }
	no_shadow
}
cylinder {
	<27.424019, 37.478729, 32.477745>,  <27.338495, 37.184540, 32.220570>, 0.100000
	pigment { color rgbt <1,0,0,0> }
	no_shadow
}

// particle -1
sphere {
	<27.424019, 37.478729, 32.477745> 0.100000
	pigment { color rgbt <1,0,0,0> }
	no_shadow
}
sphere {
	0, 1
	scale<0.080000,0.200000,0.300000>
	matrix <-0.657584, -0.378349, 0.651487,
		0.722404, -0.562079, 0.402740,
		0.213811, 0.735472, 0.642936,
		27.488163, 37.699371, 32.670624>
	pigment { color rgbt <0,1,1,0> }
	no_shadow
}
cylinder {
	<27.486990, 36.902863, 32.960865>,  <27.338495, 37.184540, 32.220570>, 0.130000
	pigment { color rgbt <1,0,0,0> }
	no_shadow
}

// nucleotide -1

// particle -1
sphere {
	<27.486990, 36.902863, 32.960865> 0.250000
	pigment { color rgbt <1,0,0,0> }
	no_shadow
}
cylinder {
	<27.343582, 37.275040, 32.991188>,  <27.257538, 37.498344, 33.009380>, 0.100000
	pigment { color rgbt <1,0,0,0> }
	no_shadow
}
cylinder {
	<27.343582, 37.275040, 32.991188>,  <27.486990, 36.902863, 32.960865>, 0.100000
	pigment { color rgbt <1,0,0,0> }
	no_shadow
}

// particle -1
sphere {
	<27.343582, 37.275040, 32.991188> 0.100000
	pigment { color rgbt <1,0,0,0> }
	no_shadow
}
sphere {
	0, 1
	scale<0.080000,0.200000,0.300000>
	matrix <-0.766009, -0.339626, 0.545788,
		0.533568, 0.137610, 0.834487,
		-0.358519, 0.930440, 0.075803,
		27.236027, 37.554173, 33.013927>
	pigment { color rgbt <0,1,1,0> }
	no_shadow
}
cylinder {
	<27.304441, 37.150444, 33.665291>,  <27.486990, 36.902863, 32.960865>, 0.130000
	pigment { color rgbt <1,0,0,0> }
	no_shadow
}

// nucleotide -1

// particle -1
sphere {
	<27.304441, 37.150444, 33.665291> 0.250000
	pigment { color rgbt <1,0,0,0> }
	no_shadow
}
cylinder {
	<27.060307, 37.365273, 33.432381>,  <26.913826, 37.494167, 33.292633>, 0.100000
	pigment { color rgbt <1,0,0,0> }
	no_shadow
}
cylinder {
	<27.060307, 37.365273, 33.432381>,  <27.304441, 37.150444, 33.665291>, 0.100000
	pigment { color rgbt <1,0,0,0> }
	no_shadow
}

// particle -1
sphere {
	<27.060307, 37.365273, 33.432381> 0.100000
	pigment { color rgbt <1,0,0,0> }
	no_shadow
}
sphere {
	0, 1
	scale<0.080000,0.200000,0.300000>
	matrix <-0.770032, -0.229799, 0.595184,
		0.185848, 0.811634, 0.553814,
		-0.610337, 0.537068, -0.582277,
		26.877205, 37.526394, 33.257698>
	pigment { color rgbt <0,1,1,0> }
	no_shadow
}
cylinder {
	<26.943409, 37.548389, 34.124672>,  <27.304441, 37.150444, 33.665291>, 0.130000
	pigment { color rgbt <1,0,0,0> }
	no_shadow
}

// nucleotide -1

// particle -1
sphere {
	<26.943409, 37.548389, 34.124672> 0.250000
	pigment { color rgbt <1,0,0,0> }
	no_shadow
}
cylinder {
	<26.710424, 37.529022, 33.800106>,  <26.570633, 37.517403, 33.605366>, 0.100000
	pigment { color rgbt <1,0,0,0> }
	no_shadow
}
cylinder {
	<26.710424, 37.529022, 33.800106>,  <26.943409, 37.548389, 34.124672>, 0.100000
	pigment { color rgbt <1,0,0,0> }
	no_shadow
}

// particle -1
sphere {
	<26.710424, 37.529022, 33.800106> 0.100000
	pigment { color rgbt <1,0,0,0> }
	no_shadow
}
sphere {
	0, 1
	scale<0.080000,0.200000,0.300000>
	matrix <-0.804419, -0.109117, 0.583955,
		-0.116814, 0.992849, 0.024606,
		-0.582464, -0.048421, -0.811413,
		26.535685, 37.514496, 33.556683>
	pigment { color rgbt <0,1,1,0> }
	no_shadow
}
cylinder {
	<26.362726, 38.052063, 34.247612>,  <26.943409, 37.548389, 34.124672>, 0.130000
	pigment { color rgbt <1,0,0,0> }
	no_shadow
}

// nucleotide -1

// particle -1
sphere {
	<26.362726, 38.052063, 34.247612> 0.250000
	pigment { color rgbt <1,0,0,0> }
	no_shadow
}
cylinder {
	<26.283142, 37.774658, 33.970642>,  <26.235392, 37.608215, 33.804459>, 0.100000
	pigment { color rgbt <1,0,0,0> }
	no_shadow
}
cylinder {
	<26.283142, 37.774658, 33.970642>,  <26.362726, 38.052063, 34.247612>, 0.100000
	pigment { color rgbt <1,0,0,0> }
	no_shadow
}

// particle -1
sphere {
	<26.283142, 37.774658, 33.970642> 0.100000
	pigment { color rgbt <1,0,0,0> }
	no_shadow
}
sphere {
	0, 1
	scale<0.080000,0.200000,0.300000>
	matrix <-0.878262, -0.187313, 0.439965,
		-0.434822, 0.695669, -0.571817,
		-0.198961, -0.693512, -0.692428,
		26.223454, 37.566605, 33.762913>
	pigment { color rgbt <0,1,1,0> }
	no_shadow
}
cylinder {
	<25.620523, 38.102440, 34.252140>,  <26.362726, 38.052063, 34.247612>, 0.130000
	pigment { color rgbt <1,0,0,0> }
	no_shadow
}

// nucleotide -1

// particle -1
sphere {
	<25.620523, 38.102440, 34.252140> 0.250000
	pigment { color rgbt <1,0,0,0> }
	no_shadow
}
cylinder {
	<25.725510, 37.741627, 34.115059>,  <25.788502, 37.525139, 34.032810>, 0.100000
	pigment { color rgbt <1,0,0,0> }
	no_shadow
}
cylinder {
	<25.725510, 37.741627, 34.115059>,  <25.620523, 38.102440, 34.252140>, 0.100000
	pigment { color rgbt <1,0,0,0> }
	no_shadow
}

// particle -1
sphere {
	<25.725510, 37.741627, 34.115059> 0.100000
	pigment { color rgbt <1,0,0,0> }
	no_shadow
}
sphere {
	0, 1
	scale<0.080000,0.200000,0.300000>
	matrix <-0.760943, -0.411877, 0.501322,
		-0.593362, 0.129199, -0.794500,
		0.262466, -0.902034, -0.342705,
		25.804249, 37.471016, 34.012249>
	pigment { color rgbt <0,1,1,0> }
	no_shadow
}
cylinder {
	<25.068270, 37.843910, 33.730923>,  <25.620523, 38.102440, 34.252140>, 0.130000
	pigment { color rgbt <1,0,0,0> }
	no_shadow
}

// nucleotide -1

// particle -1
sphere {
	<25.068270, 37.843910, 33.730923> 0.250000
	pigment { color rgbt <1,0,0,0> }
	no_shadow
}
cylinder {
	<25.346739, 37.560520, 33.684620>,  <25.513821, 37.390484, 33.656837>, 0.100000
	pigment { color rgbt <1,0,0,0> }
	no_shadow
}
cylinder {
	<25.346739, 37.560520, 33.684620>,  <25.068270, 37.843910, 33.730923>, 0.100000
	pigment { color rgbt <1,0,0,0> }
	no_shadow
}

// particle -1
sphere {
	<25.346739, 37.560520, 33.684620> 0.100000
	pigment { color rgbt <1,0,0,0> }
	no_shadow
}
sphere {
	0, 1
	scale<0.080000,0.200000,0.300000>
	matrix <-0.561653, -0.637976, 0.526814,
		-0.447088, -0.301737, -0.842061,
		0.696174, -0.708478, -0.115760,
		25.555592, 37.347977, 33.649891>
	pigment { color rgbt <0,1,1,0> }
	no_shadow
}
cylinder {
	<24.706938, 37.230343, 33.690990>,  <25.068270, 37.843910, 33.730923>, 0.130000
	pigment { color rgbt <1,0,0,0> }
	no_shadow
}

// nucleotide -1

// particle -1
sphere {
	<24.706938, 37.230343, 33.690990> 0.250000
	pigment { color rgbt <1,0,0,0> }
	no_shadow
}
cylinder {
	<25.067064, 37.105797, 33.812637>,  <25.283140, 37.031071, 33.885624>, 0.100000
	pigment { color rgbt <1,0,0,0> }
	no_shadow
}
cylinder {
	<25.067064, 37.105797, 33.812637>,  <24.706938, 37.230343, 33.690990>, 0.100000
	pigment { color rgbt <1,0,0,0> }
	no_shadow
}

// particle -1
sphere {
	<25.067064, 37.105797, 33.812637> 0.100000
	pigment { color rgbt <1,0,0,0> }
	no_shadow
}
sphere {
	0, 1
	scale<0.080000,0.200000,0.300000>
	matrix <-0.433680, -0.582704, 0.687298,
		-0.036788, -0.750674, -0.659648,
		0.900316, -0.311360, 0.304115,
		25.337158, 37.012390, 33.903873>
	pigment { color rgbt <0,1,1,0> }
	no_shadow
}
cylinder {
	<24.535133, 36.577095, 33.913177>,  <24.706938, 37.230343, 33.690990>, 0.130000
	pigment { color rgbt <1,0,0,0> }
	no_shadow
}

// nucleotide -1

// particle -1
sphere {
	<24.535133, 36.577095, 33.913177> 0.250000
	pigment { color rgbt <1,0,0,0> }
	no_shadow
}
cylinder {
	<24.883234, 36.662289, 34.090851>,  <25.092094, 36.713406, 34.197456>, 0.100000
	pigment { color rgbt <1,0,0,0> }
	no_shadow
}
cylinder {
	<24.883234, 36.662289, 34.090851>,  <24.535133, 36.577095, 33.913177>, 0.100000
	pigment { color rgbt <1,0,0,0> }
	no_shadow
}

// particle -1
sphere {
	<24.883234, 36.662289, 34.090851> 0.100000
	pigment { color rgbt <1,0,0,0> }
	no_shadow
}
sphere {
	0, 1
	scale<0.080000,0.200000,0.300000>
	matrix <-0.270828, -0.546338, 0.792570,
		0.411477, -0.810034, -0.417770,
		0.870252, 0.212981, 0.444185,
		25.144310, 36.726181, 34.224106>
	pigment { color rgbt <0,1,1,0> }
	no_shadow
}
cylinder {
	<24.682867, 36.033085, 34.308323>,  <24.535133, 36.577095, 33.913177>, 0.130000
	pigment { color rgbt <1,0,0,0> }
	no_shadow
}

// nucleotide -1

// particle -1
sphere {
	<24.682867, 36.033085, 34.308323> 0.250000
	pigment { color rgbt <1,0,0,0> }
	no_shadow
}
cylinder {
	<24.882311, 36.332409, 34.483326>,  <25.001978, 36.512005, 34.588329>, 0.100000
	pigment { color rgbt <1,0,0,0> }
	no_shadow
}
cylinder {
	<24.882311, 36.332409, 34.483326>,  <24.682867, 36.033085, 34.308323>, 0.100000
	pigment { color rgbt <1,0,0,0> }
	no_shadow
}

// particle -1
sphere {
	<24.882311, 36.332409, 34.483326> 0.100000
	pigment { color rgbt <1,0,0,0> }
	no_shadow
}
sphere {
	0, 1
	scale<0.080000,0.200000,0.300000>
	matrix <-0.269217, -0.346081, 0.898749,
		0.823961, -0.565910, 0.028900,
		0.498609, 0.748314, 0.437509,
		25.031895, 36.556904, 34.614578>
	pigment { color rgbt <0,1,1,0> }
	no_shadow
}
cylinder {
	<25.236597, 35.588428, 34.150482>,  <24.682867, 36.033085, 34.308323>, 0.130000
	pigment { color rgbt <1,0,0,0> }
	no_shadow
}

// nucleotide -1

// particle -1
sphere {
	<25.236597, 35.588428, 34.150482> 0.250000
	pigment { color rgbt <1,0,0,0> }
	no_shadow
}
cylinder {
	<25.331093, 35.917290, 34.357655>,  <25.387791, 36.114605, 34.481956>, 0.100000
	pigment { color rgbt <1,0,0,0> }
	no_shadow
}
cylinder {
	<25.331093, 35.917290, 34.357655>,  <25.236597, 35.588428, 34.150482>, 0.100000
	pigment { color rgbt <1,0,0,0> }
	no_shadow
}

// particle -1
sphere {
	<25.331093, 35.917290, 34.357655> 0.100000
	pigment { color rgbt <1,0,0,0> }
	no_shadow
}
sphere {
	0, 1
	scale<0.080000,0.200000,0.300000>
	matrix <-0.022483, -0.528252, 0.848790,
		0.971434, -0.212164, -0.106310,
		0.236241, 0.822153, 0.517932,
		25.401966, 36.163937, 34.513035>
	pigment { color rgbt <0,1,1,0> }
	no_shadow
}
cylinder {
	<25.747898, 35.366444, 34.664455>,  <25.236597, 35.588428, 34.150482>, 0.130000
	pigment { color rgbt <1,0,0,0> }
	no_shadow
}

// nucleotide -1

// particle -1
sphere {
	<25.747898, 35.366444, 34.664455> 0.250000
	pigment { color rgbt <1,0,0,0> }
	no_shadow
}
cylinder {
	<25.589153, 35.711487, 34.789940>,  <25.493906, 35.918510, 34.865231>, 0.100000
	pigment { color rgbt <1,0,0,0> }
	no_shadow
}
cylinder {
	<25.589153, 35.711487, 34.789940>,  <25.747898, 35.366444, 34.664455>, 0.100000
	pigment { color rgbt <1,0,0,0> }
	no_shadow
}

// particle -1
sphere {
	<25.589153, 35.711487, 34.789940> 0.100000
	pigment { color rgbt <1,0,0,0> }
	no_shadow
}
sphere {
	0, 1
	scale<0.080000,0.200000,0.300000>
	matrix <-0.161132, -0.401945, 0.901375,
		0.903624, 0.307172, 0.298510,
		-0.396862, 0.862604, 0.313712,
		25.470095, 35.970268, 34.884052>
	pigment { color rgbt <0,1,1,0> }
	no_shadow
}
cylinder {
	<26.194607, 35.478226, 35.247208>,  <25.747898, 35.366444, 34.664455>, 0.130000
	pigment { color rgbt <1,0,0,0> }
	no_shadow
}

// nucleotide -1

// particle -1
sphere {
	<26.194607, 35.478226, 35.247208> 0.250000
	pigment { color rgbt <1,0,0,0> }
	no_shadow
}
cylinder {
	<25.865410, 35.693924, 35.318645>,  <25.667891, 35.823341, 35.361507>, 0.100000
	pigment { color rgbt <1,0,0,0> }
	no_shadow
}
cylinder {
	<25.865410, 35.693924, 35.318645>,  <26.194607, 35.478226, 35.247208>, 0.100000
	pigment { color rgbt <1,0,0,0> }
	no_shadow
}

// particle -1
sphere {
	<25.865410, 35.693924, 35.318645> 0.100000
	pigment { color rgbt <1,0,0,0> }
	no_shadow
}
sphere {
	0, 1
	scale<0.080000,0.200000,0.300000>
	matrix <-0.030921, -0.356456, 0.933800,
		0.567209, 0.762989, 0.310035,
		-0.822994, 0.539246, 0.178593,
		25.618511, 35.855698, 35.372223>
	pigment { color rgbt <0,1,1,0> }
	no_shadow
}
cylinder {
	<26.324368, 35.978092, 35.934662>,  <26.194607, 35.478226, 35.247208>, 0.130000
	pigment { color rgbt <1,0,0,0> }
	no_shadow
}

// nucleotide -1

// particle -1
sphere {
	<26.324368, 35.978092, 35.934662> 0.250000
	pigment { color rgbt <1,0,0,0> }
	no_shadow
}
cylinder {
	<25.966969, 35.828285, 35.835548>,  <25.752529, 35.738400, 35.776081>, 0.100000
	pigment { color rgbt <1,0,0,0> }
	no_shadow
}
cylinder {
	<25.966969, 35.828285, 35.835548>,  <26.324368, 35.978092, 35.934662>, 0.100000
	pigment { color rgbt <1,0,0,0> }
	no_shadow
}

// particle -1
sphere {
	<25.966969, 35.828285, 35.835548> 0.100000
	pigment { color rgbt <1,0,0,0> }
	no_shadow
}
sphere {
	0, 1
	scale<0.080000,0.200000,0.300000>
	matrix <-0.100551, -0.370911, 0.923209,
		-0.437663, 0.849801, 0.293750,
		-0.893499, -0.374517, -0.247783,
		25.698919, 35.715931, 35.761215>
	pigment { color rgbt <0,1,1,0> }
	no_shadow
}
cylinder {
	<26.102053, 35.874466, 36.669949>,  <26.324368, 35.978092, 35.934662>, 0.130000
	pigment { color rgbt <1,0,0,0> }
	no_shadow
}

// nucleotide -1

// particle -1
sphere {
	<26.102053, 35.874466, 36.669949> 0.250000
	pigment { color rgbt <1,0,0,0> }
	no_shadow
}
cylinder {
	<25.969973, 36.025261, 36.323803>,  <25.890724, 36.115738, 36.116116>, 0.100000
	pigment { color rgbt <1,0,0,0> }
	no_shadow
}
cylinder {
	<25.969973, 36.025261, 36.323803>,  <26.102053, 35.874466, 36.669949>, 0.100000
	pigment { color rgbt <1,0,0,0> }
	no_shadow
}

// particle -1
sphere {
	<25.969973, 36.025261, 36.323803> 0.100000
	pigment { color rgbt <1,0,0,0> }
	no_shadow
}
sphere {
	0, 1
	scale<0.080000,0.200000,0.300000>
	matrix <0.878666, -0.212168, -0.427705,
		-0.344840, -0.901592, -0.261184,
		-0.330200, 0.376983, -0.865362,
		25.870913, 36.138355, 36.064194>
	pigment { color rgbt <0,1,1,0> }
	no_shadow
}
cylinder {
	<26.104000, 35.108044, 36.830643>,  <26.102053, 35.874466, 36.669949>, 0.130000
	pigment { color rgbt <1,0,0,0> }
	no_shadow
}

// nucleotide -1

// particle -1
sphere {
	<26.104000, 35.108044, 36.830643> 0.250000
	pigment { color rgbt <1,0,0,0> }
	no_shadow
}
cylinder {
	<26.476547, 35.150841, 36.691441>,  <26.700075, 35.176521, 36.607922>, 0.100000
	pigment { color rgbt <1,0,0,0> }
	no_shadow
}
cylinder {
	<26.476547, 35.150841, 36.691441>,  <26.104000, 35.108044, 36.830643>, 0.100000
	pigment { color rgbt <1,0,0,0> }
	no_shadow
}

// particle -1
sphere {
	<26.476547, 35.150841, 36.691441> 0.100000
	pigment { color rgbt <1,0,0,0> }
	no_shadow
}
sphere {
	0, 1
	scale<0.080000,0.200000,0.300000>
	matrix <0.256871, -0.870493, 0.419832,
		-0.258013, -0.480410, -0.838233,
		0.931368, 0.106996, -0.348002,
		26.755959, 35.182941, 36.587040>
	pigment { color rgbt <0,1,1,0> }
	no_shadow
}
cylinder {
	<26.228188, 34.531986, 36.472397>,  <26.104000, 35.108044, 36.830643>, 0.130000
	pigment { color rgbt <1,0,0,0> }
	no_shadow
}

// nucleotide -1

// particle -1
sphere {
	<26.228188, 34.531986, 36.472397> 0.250000
	pigment { color rgbt <1,0,0,0> }
	no_shadow
}
cylinder {
	<26.582720, 34.695171, 36.560017>,  <26.795439, 34.793083, 36.612591>, 0.100000
	pigment { color rgbt <1,0,0,0> }
	no_shadow
}
cylinder {
	<26.582720, 34.695171, 36.560017>,  <26.228188, 34.531986, 36.472397>, 0.100000
	pigment { color rgbt <1,0,0,0> }
	no_shadow
}

// particle -1
sphere {
	<26.582720, 34.695171, 36.560017> 0.100000
	pigment { color rgbt <1,0,0,0> }
	no_shadow
}
sphere {
	0, 1
	scale<0.080000,0.200000,0.300000>
	matrix <0.279110, -0.848153, 0.450261,
		0.369480, -0.337940, -0.865610,
		0.886330, 0.407963, 0.219053,
		26.848619, 34.817562, 36.625732>
	pigment { color rgbt <0,1,1,0> }
	no_shadow
}
cylinder {
	<26.654581, 34.040531, 36.363384>,  <26.228188, 34.531986, 36.472397>, 0.130000
	pigment { color rgbt <1,0,0,0> }
	no_shadow
}

// nucleotide -1

// particle -1
sphere {
	<26.654581, 34.040531, 36.363384> 0.250000
	pigment { color rgbt <1,0,0,0> }
	no_shadow
}
cylinder {
	<26.892008, 34.266453, 36.592705>,  <27.034464, 34.402004, 36.730297>, 0.100000
	pigment { color rgbt <1,0,0,0> }
	no_shadow
}
cylinder {
	<26.892008, 34.266453, 36.592705>,  <26.654581, 34.040531, 36.363384>, 0.100000
	pigment { color rgbt <1,0,0,0> }
	no_shadow
}

// particle -1
sphere {
	<26.892008, 34.266453, 36.592705> 0.100000
	pigment { color rgbt <1,0,0,0> }
	no_shadow
}
sphere {
	0, 1
	scale<0.080000,0.200000,0.300000>
	matrix <0.282224, -0.813211, 0.508958,
		0.753677, -0.140300, -0.642096,
		0.593566, 0.564805, 0.573302,
		27.070078, 34.435894, 36.764694>
	pigment { color rgbt <0,1,1,0> }
	no_shadow
}
cylinder {
	<27.279221, 33.655270, 36.363194>,  <26.654581, 34.040531, 36.363384>, 0.130000
	pigment { color rgbt <1,0,0,0> }
	no_shadow
}

// nucleotide -1

// particle -1
sphere {
	<27.279221, 33.655270, 36.363194> 0.250000
	pigment { color rgbt <1,0,0,0> }
	no_shadow
}
cylinder {
	<27.268005, 33.895004, 36.683197>,  <27.261276, 34.038845, 36.875198>, 0.100000
	pigment { color rgbt <1,0,0,0> }
	no_shadow
}
cylinder {
	<27.268005, 33.895004, 36.683197>,  <27.279221, 33.655270, 36.363194>, 0.100000
	pigment { color rgbt <1,0,0,0> }
	no_shadow
}

// particle -1
sphere {
	<27.268005, 33.895004, 36.683197> 0.100000
	pigment { color rgbt <1,0,0,0> }
	no_shadow
}
sphere {
	0, 1
	scale<0.080000,0.200000,0.300000>
	matrix <0.360059, -0.740542, 0.567411,
		0.932508, 0.303958, -0.195034,
		-0.028038, 0.599339, 0.800004,
		27.259594, 34.074806, 36.923199>
	pigment { color rgbt <0,1,1,0> }
	no_shadow
}
cylinder {
	<27.745277, 33.237762, 36.829033>,  <27.279221, 33.655270, 36.363194>, 0.130000
	pigment { color rgbt <1,0,0,0> }
	no_shadow
}

// nucleotide -1

// particle -1
sphere {
	<27.745277, 33.237762, 36.829033> 0.250000
	pigment { color rgbt <1,0,0,0> }
	no_shadow
}
cylinder {
	<27.552956, 33.515194, 37.043610>,  <27.437563, 33.681652, 37.172356>, 0.100000
	pigment { color rgbt <1,0,0,0> }
	no_shadow
}
cylinder {
	<27.552956, 33.515194, 37.043610>,  <27.745277, 33.237762, 36.829033>, 0.100000
	pigment { color rgbt <1,0,0,0> }
	no_shadow
}

// particle -1
sphere {
	<27.552956, 33.515194, 37.043610> 0.100000
	pigment { color rgbt <1,0,0,0> }
	no_shadow
}
sphere {
	0, 1
	scale<0.080000,0.200000,0.300000>
	matrix <0.083806, -0.572649, 0.815506,
		0.872813, 0.437056, 0.217206,
		-0.480805, 0.693581, 0.536444,
		27.408714, 33.723267, 37.204544>
	pigment { color rgbt <0,1,1,0> }
	no_shadow
}
cylinder {
	<28.134212, 33.399326, 37.400627>,  <27.745277, 33.237762, 36.829033>, 0.130000
	pigment { color rgbt <1,0,0,0> }
	no_shadow
}

// nucleotide -1

// particle -1
sphere {
	<28.134212, 33.399326, 37.400627> 0.250000
	pigment { color rgbt <1,0,0,0> }
	no_shadow
}
cylinder {
	<27.748808, 33.451878, 37.493908>,  <27.517565, 33.483410, 37.549877>, 0.100000
	pigment { color rgbt <1,0,0,0> }
	no_shadow
}
cylinder {
	<27.748808, 33.451878, 37.493908>,  <28.134212, 33.399326, 37.400627>, 0.100000
	pigment { color rgbt <1,0,0,0> }
	no_shadow
}

// particle -1
sphere {
	<27.748808, 33.451878, 37.493908> 0.100000
	pigment { color rgbt <1,0,0,0> }
	no_shadow
}
sphere {
	0, 1
	scale<0.080000,0.200000,0.300000>
	matrix <0.132240, -0.523852, 0.841482,
		0.232718, 0.841617, 0.487364,
		-0.963512, 0.131379, 0.233205,
		27.459755, 33.491291, 37.563869>
	pigment { color rgbt <0,1,1,0> }
	no_shadow
}
cylinder {
	<28.137066, 33.824368, 38.019890>,  <28.134212, 33.399326, 37.400627>, 0.130000
	pigment { color rgbt <1,0,0,0> }
	no_shadow
}

// nucleotide -1

// particle -1
sphere {
	<28.137066, 33.824368, 38.019890> 0.250000
	pigment { color rgbt <1,0,0,0> }
	no_shadow
}
cylinder {
	<27.804087, 33.613483, 37.951672>,  <27.604300, 33.486954, 37.910740>, 0.100000
	pigment { color rgbt <1,0,0,0> }
	no_shadow
}
cylinder {
	<27.804087, 33.613483, 37.951672>,  <28.137066, 33.824368, 38.019890>, 0.100000
	pigment { color rgbt <1,0,0,0> }
	no_shadow
}

// particle -1
sphere {
	<27.804087, 33.613483, 37.951672> 0.100000
	pigment { color rgbt <1,0,0,0> }
	no_shadow
}
sphere {
	0, 1
	scale<0.080000,0.200000,0.300000>
	matrix <-0.043870, -0.244111, 0.968754,
		-0.552367, 0.813918, 0.180081,
		-0.832446, -0.527208, -0.170546,
		27.554354, 33.455322, 37.900509>
	pigment { color rgbt <0,1,1,0> }
	no_shadow
}
cylinder {
	<27.890259, 33.755539, 38.720154>,  <28.137066, 33.824368, 38.019890>, 0.130000
	pigment { color rgbt <1,0,0,0> }
	no_shadow
}

// nucleotide -1

// particle -1
sphere {
	<27.890259, 33.755539, 38.720154> 0.250000
	pigment { color rgbt <1,0,0,0> }
	no_shadow
}
cylinder {
	<27.588242, 33.618587, 38.496479>,  <27.407032, 33.536419, 38.362274>, 0.100000
	pigment { color rgbt <1,0,0,0> }
	no_shadow
}
cylinder {
	<27.588242, 33.618587, 38.496479>,  <27.890259, 33.755539, 38.720154>, 0.100000
	pigment { color rgbt <1,0,0,0> }
	no_shadow
}

// particle -1
sphere {
	<27.588242, 33.618587, 38.496479> 0.100000
	pigment { color rgbt <1,0,0,0> }
	no_shadow
}
sphere {
	0, 1
	scale<0.080000,0.200000,0.300000>
	matrix <-0.344021, -0.519165, 0.782379,
		-0.558178, 0.783101, 0.274207,
		-0.755041, -0.342374, -0.559190,
		27.361729, 33.515877, 38.328724>
	pigment { color rgbt <0,1,1,0> }
	no_shadow
}
cylinder {
	<27.397724, 33.775059, 39.247986>,  <27.890259, 33.755539, 38.720154>, 0.130000
	pigment { color rgbt <1,0,0,0> }
	no_shadow
}

// nucleotide -1

// particle -1
sphere {
	<27.397724, 33.775059, 39.247986> 0.250000
	pigment { color rgbt <1,0,0,0> }
	no_shadow
}
cylinder {
	<27.259178, 33.537361, 38.957634>,  <27.176050, 33.394741, 38.783424>, 0.100000
	pigment { color rgbt <1,0,0,0> }
	no_shadow
}
cylinder {
	<27.259178, 33.537361, 38.957634>,  <27.397724, 33.775059, 39.247986>, 0.100000
	pigment { color rgbt <1,0,0,0> }
	no_shadow
}

// particle -1
sphere {
	<27.259178, 33.537361, 38.957634> 0.100000
	pigment { color rgbt <1,0,0,0> }
	no_shadow
}
sphere {
	0, 1
	scale<0.080000,0.200000,0.300000>
	matrix <-0.118740, -0.739780, 0.662288,
		-0.930555, 0.315584, 0.185672,
		-0.346364, -0.594249, -0.725879,
		27.155270, 33.359085, 38.739872>
	pigment { color rgbt <0,1,1,0> }
	no_shadow
}
cylinder {
	<26.789709, 33.421303, 39.588047>,  <27.397724, 33.775059, 39.247986>, 0.130000
	pigment { color rgbt <1,0,0,0> }
	no_shadow
}

// nucleotide -1

// particle -1
sphere {
	<26.789709, 33.421303, 39.588047> 0.250000
	pigment { color rgbt <1,0,0,0> }
	no_shadow
}
cylinder {
	<26.938650, 33.204029, 39.287033>,  <27.028015, 33.073666, 39.106426>, 0.100000
	pigment { color rgbt <1,0,0,0> }
	no_shadow
}
cylinder {
	<26.938650, 33.204029, 39.287033>,  <26.789709, 33.421303, 39.588047>, 0.100000
	pigment { color rgbt <1,0,0,0> }
	no_shadow
}

// particle -1
sphere {
	<26.938650, 33.204029, 39.287033> 0.100000
	pigment { color rgbt <1,0,0,0> }
	no_shadow
}
sphere {
	0, 1
	scale<0.080000,0.200000,0.300000>
	matrix <-0.132135, -0.833604, 0.536326,
		-0.918637, -0.100267, -0.382169,
		0.372353, -0.543186, -0.752530,
		27.050356, 33.041073, 39.061275>
	pigment { color rgbt <0,1,1,0> }
	no_shadow
}
cylinder {
	<26.284353, 32.947266, 39.472153>,  <26.789709, 33.421303, 39.588047>, 0.130000
	pigment { color rgbt <1,0,0,0> }
	no_shadow
}

// nucleotide -1

// particle -1
sphere {
	<26.284353, 32.947266, 39.472153> 0.250000
	pigment { color rgbt <1,0,0,0> }
	no_shadow
}
cylinder {
	<26.646572, 32.806602, 39.377228>,  <26.863903, 32.722202, 39.320274>, 0.100000
	pigment { color rgbt <1,0,0,0> }
	no_shadow
}
cylinder {
	<26.646572, 32.806602, 39.377228>,  <26.284353, 32.947266, 39.472153>, 0.100000
	pigment { color rgbt <1,0,0,0> }
	no_shadow
}

// particle -1
sphere {
	<26.646572, 32.806602, 39.377228> 0.100000
	pigment { color rgbt <1,0,0,0> }
	no_shadow
}
sphere {
	0, 1
	scale<0.080000,0.200000,0.300000>
	matrix <-0.239147, -0.885159, 0.399128,
		-0.350415, -0.304677, -0.885653,
		0.905548, -0.351662, -0.237310,
		26.918236, 32.701103, 39.306034>
	pigment { color rgbt <0,1,1,0> }
	no_shadow
}
cylinder {
	<26.305895, 32.325348, 39.116154>,  <26.284353, 32.947266, 39.472153>, 0.130000
	pigment { color rgbt <1,0,0,0> }
	no_shadow
}

// nucleotide -1

// particle -1
sphere {
	<26.305895, 32.325348, 39.116154> 0.250000
	pigment { color rgbt <1,0,0,0> }
	no_shadow
}
cylinder {
	<26.661861, 32.325539, 39.298603>,  <26.875441, 32.325653, 39.408073>, 0.100000
	pigment { color rgbt <1,0,0,0> }
	no_shadow
}
cylinder {
	<26.661861, 32.325539, 39.298603>,  <26.305895, 32.325348, 39.116154>, 0.100000
	pigment { color rgbt <1,0,0,0> }
	no_shadow
}

// particle -1
sphere {
	<26.661861, 32.325539, 39.298603> 0.100000
	pigment { color rgbt <1,0,0,0> }
	no_shadow
}
sphere {
	0, 1
	scale<0.080000,0.200000,0.300000>
	matrix <-0.153438, -0.941409, 0.300341,
		0.429542, -0.337265, -0.837703,
		0.889916, 0.000474, 0.456124,
		26.928837, 32.325680, 39.435440>
	pigment { color rgbt <0,1,1,0> }
	no_shadow
}
cylinder {
	<26.795736, 31.771524, 38.851929>,  <26.305895, 32.325348, 39.116154>, 0.130000
	pigment { color rgbt <1,0,0,0> }
	no_shadow
}

// nucleotide -1

// particle -1
sphere {
	<26.795736, 31.771524, 38.851929> 0.250000
	pigment { color rgbt <1,0,0,0> }
	no_shadow
}
cylinder {
	<26.806725, 31.879568, 39.236904>,  <26.813318, 31.944395, 39.467888>, 0.100000
	pigment { color rgbt <1,0,0,0> }
	no_shadow
}
cylinder {
	<26.806725, 31.879568, 39.236904>,  <26.795736, 31.771524, 38.851929>, 0.100000
	pigment { color rgbt <1,0,0,0> }
	no_shadow
}

// particle -1
sphere {
	<26.806725, 31.879568, 39.236904> 0.100000
	pigment { color rgbt <1,0,0,0> }
	no_shadow
}
sphere {
	0, 1
	scale<0.080000,0.200000,0.300000>
	matrix <-0.369302, -0.891944, 0.260869,
		0.928903, -0.362597, 0.075249,
		0.027473, 0.270111, 0.962437,
		26.814966, 31.960602, 39.525635>
	pigment { color rgbt <0,1,1,0> }
	no_shadow
}
cylinder {
	<27.242876, 32.178226, 38.303082>,  <26.795736, 31.771524, 38.851929>, 0.130000
	pigment { color rgbt <1,0,0,0> }
	no_shadow
}

// nucleotide -1

// particle -1
sphere {
	<27.242876, 32.178226, 38.303082> 0.250000
	pigment { color rgbt <1,0,0,0> }
	no_shadow
}
cylinder {
	<26.994432, 32.449314, 38.460522>,  <26.845367, 32.611965, 38.554985>, 0.100000
	pigment { color rgbt <1,0,0,0> }
	no_shadow
}
cylinder {
	<26.994432, 32.449314, 38.460522>,  <27.242876, 32.178226, 38.303082>, 0.100000
	pigment { color rgbt <1,0,0,0> }
	no_shadow
}

// particle -1
sphere {
	<26.994432, 32.449314, 38.460522> 0.100000
	pigment { color rgbt <1,0,0,0> }
	no_shadow
}
sphere {
	0, 1
	scale<0.080000,0.200000,0.300000>
	matrix <0.099095, 0.566101, -0.818358,
