// switches for output
#declare DRAW_BASES = 1; // possible values are 0, 1; only relevant for DNA ribbons
#declare DRAW_BASES_TYPE = 3; // possible values are 1, 2, 3; only relevant for DNA ribbons
#declare DRAW_FOG = 0; // set to 1 to enable fog

#include "colors.inc"

#include "transforms.inc"
background { rgb <1, 1, 1>}

#default {
   normal{
       ripples 0.25
       frequency 0.20
       turbulence 0.2
       lambda 5
   }
	finish {
		phong 0.1
		phong_size 40.
	}
}

// original window dimensions: 1024x640


// camera settings

camera {
	sky <0, 0.179814, -0.983701>
	up <0, 0.179814, -0.983701>
	right 1.6 * <1, 0, 0>
	location <35, 94.9851, 44.8844>
	look_at <35, 29.7336, 32.9568>
	direction <0, -65.2515, -11.9276>
	angle 67.0682
}


# declare cpy_camera_pos = <35, 94.9851, 44.8844>;
# if (DRAW_FOG = 1)
fog {
	fog_type 2
	up vnormalize(cpy_camera_pos)
	color rgbt<1,1,1,0.3>
	distance 1e-5
	fog_alt 3e-3
	fog_offset 56
}
# end


// LIGHTS

# declare lum = 6;
global_settings {
	ambient_light rgb lum * <0.05, 0.05, 0.05>
	max_trace_level 15
}# declare cpy_direct_light_amount = 0.25;
light_source
{	1000 * <-1, -1.16352, -0.803886>,
	rgb lum * cpy_direct_light_amount
	parallel
}

light_source
{	1000 * <1, 1.16352, 0.803886>,
	rgb lum * cpy_direct_light_amount
	parallel
}

// strand 0

// nucleotide -1

// particle -1
sphere {
	<24.376787, 34.596920, 34.994438> 0.250000
	pigment { color rgbt <1,0,0,0> }
	no_shadow
}
cylinder {
	<24.167915, 34.929787, 35.069088>,  <24.042591, 35.129505, 35.113880>, 0.100000
	pigment { color rgbt <1,0,0,0> }
	no_shadow
}
cylinder {
	<24.167915, 34.929787, 35.069088>,  <24.376787, 34.596920, 34.994438>, 0.100000
	pigment { color rgbt <1,0,0,0> }
	no_shadow
}

// particle -1
sphere {
	<24.167915, 34.929787, 35.069088> 0.100000
	pigment { color rgbt <1,0,0,0> }
	no_shadow
}
sphere {
	0, 1
	scale<0.080000,0.200000,0.300000>
	matrix <0.713399, 0.306308, 0.630268,
		0.467321, 0.462253, -0.753613,
		-0.522181, 0.832164, 0.186627,
		24.011261, 35.179436, 35.125076>
	pigment { color rgbt <0,1,1,0> }
	no_shadow
}
cylinder {
	<24.843660, 35.193066, 34.863708>,  <24.376787, 34.596920, 34.994438>, 0.130000
	pigment { color rgbt <1,0,0,0> }
	no_shadow
}

// nucleotide -1

// particle -1
sphere {
	<24.843660, 35.193066, 34.863708> 0.250000
	pigment { color rgbt <1,0,0,0> }
	no_shadow
}
cylinder {
	<24.559259, 35.192451, 35.144985>,  <24.388618, 35.192081, 35.313751>, 0.100000
	pigment { color rgbt <1,0,0,0> }
	no_shadow
}
cylinder {
	<24.559259, 35.192451, 35.144985>,  <24.843660, 35.193066, 34.863708>, 0.100000
	pigment { color rgbt <1,0,0,0> }
	no_shadow
}

// particle -1
sphere {
	<24.559259, 35.192451, 35.144985> 0.100000
	pigment { color rgbt <1,0,0,0> }
	no_shadow
}
sphere {
	0, 1
	scale<0.080000,0.200000,0.300000>
	matrix <0.702160, -0.055640, 0.709842,
		0.038034, 0.998450, 0.040639,
		-0.711003, -0.001537, 0.703187,
		24.345959, 35.191990, 35.355942>
	pigment { color rgbt <0,1,1,0> }
	no_shadow
}
cylinder {
	<25.142410, 35.196957, 35.551121>,  <24.843660, 35.193066, 34.863708>, 0.130000
	pigment { color rgbt <1,0,0,0> }
	no_shadow
}

// nucleotide -1

// particle -1
sphere {
	<25.142410, 35.196957, 35.551121> 0.250000
	pigment { color rgbt <1,0,0,0> }
	no_shadow
}
cylinder {
	<25.527971, 35.293640, 35.595783>,  <25.759308, 35.351650, 35.622581>, 0.100000
	pigment { color rgbt <1,0,0,0> }
	no_shadow
}
cylinder {
	<25.527971, 35.293640, 35.595783>,  <25.142410, 35.196957, 35.551121>, 0.100000
	pigment { color rgbt <1,0,0,0> }
	no_shadow
}

// particle -1
sphere {
	<25.527971, 35.293640, 35.595783> 0.100000
	pigment { color rgbt <1,0,0,0> }
	no_shadow
}
sphere {
	0, 1
	scale<0.080000,0.200000,0.300000>
	matrix <-0.018329, -0.358136, 0.933490,
		0.265626, -0.901839, -0.340777,
		0.963902, 0.241713, 0.111660,
		25.817142, 35.366154, 35.629280>
	pigment { color rgbt <0,1,1,0> }
	no_shadow
}
cylinder {
	<25.426661, 34.599503, 35.858501>,  <25.142410, 35.196957, 35.551121>, 0.130000
	pigment { color rgbt <1,0,0,0> }
	no_shadow
}

// nucleotide -1

// particle -1
sphere {
	<25.426661, 34.599503, 35.858501> 0.250000
	pigment { color rgbt <1,0,0,0> }
	no_shadow
}
cylinder {
	<25.673088, 34.883904, 35.994114>,  <25.820946, 35.054543, 36.075481>, 0.100000
	pigment { color rgbt <1,0,0,0> }
	no_shadow
}
cylinder {
	<25.673088, 34.883904, 35.994114>,  <25.426661, 34.599503, 35.858501>, 0.100000
	pigment { color rgbt <1,0,0,0> }
	no_shadow
}

// particle -1
sphere {
	<25.673088, 34.883904, 35.994114> 0.100000
	pigment { color rgbt <1,0,0,0> }
	no_shadow
}
sphere {
	0, 1
	scale<0.080000,0.200000,0.300000>
	matrix <-0.033060, -0.406688, 0.912969,
		0.786998, -0.573661, -0.227042,
		0.616070, 0.710998, 0.339028,
		25.857908, 35.097202, 36.095821>
	pigment { color rgbt <0,1,1,0> }
	no_shadow
}
cylinder {
	<25.890667, 34.282356, 36.212025>,  <25.426661, 34.599503, 35.858501>, 0.130000
	pigment { color rgbt <1,0,0,0> }
	no_shadow
}

// nucleotide -1

// particle -1
sphere {
	<25.890667, 34.282356, 36.212025> 0.250000
	pigment { color rgbt <1,0,0,0> }
	no_shadow
}
cylinder {
	<25.922678, 34.655758, 36.351833>,  <25.941885, 34.879799, 36.435719>, 0.100000
	pigment { color rgbt <1,0,0,0> }
	no_shadow
}
cylinder {
	<25.922678, 34.655758, 36.351833>,  <25.890667, 34.282356, 36.212025>, 0.100000
	pigment { color rgbt <1,0,0,0> }
	no_shadow
}

// particle -1
sphere {
	<25.922678, 34.655758, 36.351833> 0.100000
	pigment { color rgbt <1,0,0,0> }
	no_shadow
}
sphere {
	0, 1
	scale<0.080000,0.200000,0.300000>
	matrix <-0.012519, -0.349674, 0.936788,
		0.996714, -0.079343, -0.016296,
		0.080025, 0.933506, 0.349518,
		25.946686, 34.935810, 36.456688>
	pigment { color rgbt <0,1,1,0> }
	no_shadow
}
cylinder {
	<26.371981, 34.263634, 36.650089>,  <25.890667, 34.282356, 36.212025>, 0.130000
	pigment { color rgbt <1,0,0,0> }
	no_shadow
}

// nucleotide -1

// particle -1
sphere {
	<26.371981, 34.263634, 36.650089> 0.250000
	pigment { color rgbt <1,0,0,0> }
	no_shadow
}
cylinder {
	<26.193998, 34.602024, 36.767628>,  <26.087208, 34.805058, 36.838150>, 0.100000
	pigment { color rgbt <1,0,0,0> }
	no_shadow
}
cylinder {
	<26.193998, 34.602024, 36.767628>,  <26.371981, 34.263634, 36.650089>, 0.100000
	pigment { color rgbt <1,0,0,0> }
	no_shadow
}

// particle -1
sphere {
	<26.193998, 34.602024, 36.767628> 0.100000
	pigment { color rgbt <1,0,0,0> }
	no_shadow
}
sphere {
	0, 1
	scale<0.080000,0.200000,0.300000>
	matrix <-0.151624, -0.394543, 0.906281,
		0.882623, 0.358702, 0.303824,
		-0.444957, 0.845972, 0.293844,
		26.060511, 34.855816, 36.855782>
	pigment { color rgbt <0,1,1,0> }
	no_shadow
}
cylinder {
	<26.650173, 34.435863, 37.365959>,  <26.371981, 34.263634, 36.650089>, 0.130000
	pigment { color rgbt <1,0,0,0> }
	no_shadow
}

// nucleotide -1

// particle -1
sphere {
	<26.650173, 34.435863, 37.365959> 0.250000
	pigment { color rgbt <1,0,0,0> }
	no_shadow
}
cylinder {
	<26.333628, 34.677200, 37.326519>,  <26.143700, 34.822002, 37.302853>, 0.100000
	pigment { color rgbt <1,0,0,0> }
	no_shadow
}
cylinder {
	<26.333628, 34.677200, 37.326519>,  <26.650173, 34.435863, 37.365959>, 0.100000
	pigment { color rgbt <1,0,0,0> }
	no_shadow
}

// particle -1
sphere {
	<26.333628, 34.677200, 37.326519> 0.100000
	pigment { color rgbt <1,0,0,0> }
	no_shadow
}
sphere {
	0, 1
	scale<0.080000,0.200000,0.300000>
	matrix <-0.320235, -0.271712, 0.907536,
		0.520761, 0.749769, 0.408234,
		-0.791364, 0.603340, -0.098605,
		26.096218, 34.858204, 37.296936>
	pigment { color rgbt <0,1,1,0> }
	no_shadow
}
cylinder {
	<26.741934, 34.846916, 37.946327>,  <26.650173, 34.435863, 37.365959>, 0.130000
	pigment { color rgbt <1,0,0,0> }
	no_shadow
}

// nucleotide -1

// particle -1
sphere {
	<26.741934, 34.846916, 37.946327> 0.250000
	pigment { color rgbt <1,0,0,0> }
	no_shadow
}
cylinder {
	<26.357767, 34.847504, 37.834904>,  <26.127266, 34.847858, 37.768051>, 0.100000
	pigment { color rgbt <1,0,0,0> }
	no_shadow
}
cylinder {
	<26.357767, 34.847504, 37.834904>,  <26.741934, 34.846916, 37.946327>, 0.100000
	pigment { color rgbt <1,0,0,0> }
	no_shadow
}

// particle -1
sphere {
	<26.357767, 34.847504, 37.834904> 0.100000
	pigment { color rgbt <1,0,0,0> }
	no_shadow
}
sphere {
	0, 1
	scale<0.080000,0.200000,0.300000>
	matrix <-0.274787, -0.169004, 0.946536,
		-0.045684, 0.985614, 0.162719,
		-0.960419, 0.001472, -0.278555,
		26.069641, 34.847946, 37.751339>
	pigment { color rgbt <0,1,1,0> }
	no_shadow
}
cylinder {
	<26.414440, 35.198044, 38.569237>,  <26.741934, 34.846916, 37.946327>, 0.130000
	pigment { color rgbt <1,0,0,0> }
	no_shadow
}

// nucleotide -1

// particle -1
sphere {
	<26.414440, 35.198044, 38.569237> 0.250000
	pigment { color rgbt <1,0,0,0> }
	no_shadow
}
cylinder {
	<26.087055, 35.044613, 38.398125>,  <25.890625, 34.952557, 38.295456>, 0.100000
	pigment { color rgbt <1,0,0,0> }
	no_shadow
}
cylinder {
	<26.087055, 35.044613, 38.398125>,  <26.414440, 35.198044, 38.569237>, 0.100000
	pigment { color rgbt <1,0,0,0> }
	no_shadow
}

// particle -1
sphere {
	<26.087055, 35.044613, 38.398125> 0.100000
	pigment { color rgbt <1,0,0,0> }
	no_shadow
}
sphere {
	0, 1
	scale<0.080000,0.200000,0.300000>
	matrix <-0.444129, -0.049991, 0.894567,
		-0.364517, 0.922156, -0.129440,
		-0.818460, -0.383573, -0.427779,
		25.841516, 34.929543, 38.269791>
	pigment { color rgbt <0,1,1,0> }
	no_shadow
}
cylinder {
	<25.882292, 35.588085, 38.673840>,  <26.414440, 35.198044, 38.569237>, 0.130000
	pigment { color rgbt <1,0,0,0> }
	no_shadow
}

// nucleotide -1

// particle -1
sphere {
	<25.882292, 35.588085, 38.673840> 0.250000
	pigment { color rgbt <1,0,0,0> }
	no_shadow
}
cylinder {
	<25.744833, 35.215630, 38.625031>,  <25.662357, 34.992157, 38.595745>, 0.100000
	pigment { color rgbt <1,0,0,0> }
	no_shadow
}
cylinder {
	<25.744833, 35.215630, 38.625031>,  <25.882292, 35.588085, 38.673840>, 0.100000
	pigment { color rgbt <1,0,0,0> }
	no_shadow
}

// particle -1
sphere {
	<25.744833, 35.215630, 38.625031> 0.100000
	pigment { color rgbt <1,0,0,0> }
	no_shadow
}
sphere {
	0, 1
	scale<0.080000,0.200000,0.300000>
	matrix <-0.323833, -0.004473, 0.946104,
		-0.881498, 0.364642, -0.299996,
		-0.343647, -0.931137, -0.122026,
		25.641739, 34.936287, 38.588421>
	pigment { color rgbt <0,1,1,0> }
	no_shadow
}
cylinder {
	<25.439947, 35.533913, 39.139435>,  <25.882292, 35.588085, 38.673840>, 0.130000
	pigment { color rgbt <1,0,0,0> }
	no_shadow
}

// nucleotide -1

// particle -1
sphere {
	<25.439947, 35.533913, 39.139435> 0.250000
	pigment { color rgbt <1,0,0,0> }
	no_shadow
}
cylinder {
	<25.513065, 35.149849, 39.054874>,  <25.556936, 34.919411, 39.004139>, 0.100000
	pigment { color rgbt <1,0,0,0> }
	no_shadow
}
cylinder {
	<25.513065, 35.149849, 39.054874>,  <25.439947, 35.533913, 39.139435>, 0.100000
	pigment { color rgbt <1,0,0,0> }
	no_shadow
}

// particle -1
sphere {
	<25.513065, 35.149849, 39.054874> 0.100000
	pigment { color rgbt <1,0,0,0> }
	no_shadow
}
sphere {
	0, 1
	scale<0.080000,0.200000,0.300000>
	matrix <-0.279682, -0.256921, 0.925078,
		-0.942531, -0.109975, -0.315501,
		0.182794, -0.960155, -0.211398,
		25.567904, 34.861801, 38.991455>
	pigment { color rgbt <0,1,1,0> }
	no_shadow
}
cylinder {
	<24.788815, 35.147602, 39.306843>,  <25.439947, 35.533913, 39.139435>, 0.130000
	pigment { color rgbt <1,0,0,0> }
	no_shadow
}

// nucleotide -1

// particle -1
sphere {
	<24.788815, 35.147602, 39.306843> 0.250000
	pigment { color rgbt <1,0,0,0> }
	no_shadow
}
cylinder {
	<25.112936, 34.915779, 39.341537>,  <25.307409, 34.776684, 39.362354>, 0.100000
	pigment { color rgbt <1,0,0,0> }
	no_shadow
}
cylinder {
	<25.112936, 34.915779, 39.341537>,  <24.788815, 35.147602, 39.306843>, 0.100000
	pigment { color rgbt <1,0,0,0> }
	no_shadow
}

// particle -1
sphere {
	<25.112936, 34.915779, 39.341537> 0.100000
	pigment { color rgbt <1,0,0,0> }
	no_shadow
}
sphere {
	0, 1
	scale<0.080000,0.200000,0.300000>
	matrix <-0.329472, -0.328158, 0.885302,
		-0.484624, -0.745937, -0.456856,
		0.810301, -0.579560, 0.086732,
		25.356026, 34.741913, 39.367558>
	pigment { color rgbt <0,1,1,0> }
	no_shadow
}
cylinder {
	<24.486979, 34.684879, 39.755661>,  <24.788815, 35.147602, 39.306843>, 0.130000
	pigment { color rgbt <1,0,0,0> }
	no_shadow
}

// nucleotide -1

// particle -1
sphere {
	<24.486979, 34.684879, 39.755661> 0.250000
	pigment { color rgbt <1,0,0,0> }
	no_shadow
}
cylinder {
	<24.875925, 34.594234, 39.778118>,  <25.109293, 34.539848, 39.791592>, 0.100000
	pigment { color rgbt <1,0,0,0> }
	no_shadow
}
cylinder {
	<24.875925, 34.594234, 39.778118>,  <24.486979, 34.684879, 39.755661>, 0.100000
	pigment { color rgbt <1,0,0,0> }
	no_shadow
}

// particle -1
sphere {
	<24.875925, 34.594234, 39.778118> 0.100000
	pigment { color rgbt <1,0,0,0> }
	no_shadow
}
sphere {
	0, 1
	scale<0.080000,0.200000,0.300000>
	matrix <-0.205539, -0.716879, 0.666212,
		-0.110723, -0.659342, -0.743646,
		0.972365, -0.226613, 0.056145,
		25.167635, 34.526249, 39.794960>
	pigment { color rgbt <0,1,1,0> }
	no_shadow
}
cylinder {
	<24.632820, 33.981720, 39.700401>,  <24.486979, 34.684879, 39.755661>, 0.130000
	pigment { color rgbt <1,0,0,0> }
	no_shadow
}

// nucleotide -1

// particle -1
sphere {
	<24.632820, 33.981720, 39.700401> 0.250000
	pigment { color rgbt <1,0,0,0> }
	no_shadow
}
cylinder {
	<24.886852, 34.130665, 39.971111>,  <25.039272, 34.220032, 40.133537>, 0.100000
	pigment { color rgbt <1,0,0,0> }
	no_shadow
}
cylinder {
	<24.886852, 34.130665, 39.971111>,  <24.632820, 33.981720, 39.700401>, 0.100000
	pigment { color rgbt <1,0,0,0> }
	no_shadow
}

// particle -1
sphere {
	<24.886852, 34.130665, 39.971111> 0.100000
	pigment { color rgbt <1,0,0,0> }
	no_shadow
}
sphere {
	0, 1
	scale<0.080000,0.200000,0.300000>
	matrix <-0.285340, -0.701086, 0.653497,
		0.717812, -0.608134, -0.338997,
		0.635080, 0.372359, 0.676773,
		25.077375, 34.242374, 40.174145>
	pigment { color rgbt <0,1,1,0> }
	no_shadow
}
cylinder {
	<25.062862, 33.551632, 40.110577>,  <24.632820, 33.981720, 39.700401>, 0.130000
	pigment { color rgbt <1,0,0,0> }
	no_shadow
}

// nucleotide -1

// particle -1
sphere {
	<25.062862, 33.551632, 40.110577> 0.250000
	pigment { color rgbt <1,0,0,0> }
	no_shadow
}
cylinder {
	<24.948294, 33.849026, 40.352303>,  <24.879553, 34.027462, 40.497337>, 0.100000
	pigment { color rgbt <1,0,0,0> }
	no_shadow
}
cylinder {
	<24.948294, 33.849026, 40.352303>,  <25.062862, 33.551632, 40.110577>, 0.100000
	pigment { color rgbt <1,0,0,0> }
	no_shadow
}

// particle -1
sphere {
	<24.948294, 33.849026, 40.352303> 0.100000
	pigment { color rgbt <1,0,0,0> }
	no_shadow
}
sphere {
	0, 1
	scale<0.080000,0.200000,0.300000>
	matrix <-0.500797, -0.653891, 0.567123,
		0.816801, -0.140200, 0.559625,
		-0.286423, 0.743485, 0.604311,
		24.862368, 34.072071, 40.533596>
	pigment { color rgbt <0,1,1,0> }
	no_shadow
}
cylinder {
	<25.565561, 33.616852, 39.632103>,  <25.062862, 33.551632, 40.110577>, 0.130000
	pigment { color rgbt <1,0,0,0> }
	no_shadow
}

// nucleotide -1

// particle -1
sphere {
	<25.565561, 33.616852, 39.632103> 0.250000
	pigment { color rgbt <1,0,0,0> }
	no_shadow
}
cylinder {
	<25.471189, 33.976101, 39.483665>,  <25.414566, 34.191650, 39.394604>, 0.100000
	pigment { color rgbt <1,0,0,0> }
	no_shadow
}
cylinder {
	<25.471189, 33.976101, 39.483665>,  <25.565561, 33.616852, 39.632103>, 0.100000
	pigment { color rgbt <1,0,0,0> }
	no_shadow
}

// particle -1
sphere {
	<25.471189, 33.976101, 39.483665> 0.100000
	pigment { color rgbt <1,0,0,0> }
	no_shadow
}
sphere {
	0, 1
	scale<0.080000,0.200000,0.300000>
	matrix <0.290471, -0.299242, -0.908890,
		-0.927342, -0.322228, -0.190278,
		-0.235930, 0.898122, -0.371097,
		25.400410, 34.245537, 39.372337>
	pigment { color rgbt <0,1,1,0> }
	no_shadow
}
cylinder {
	<25.597670, 33.559845, 38.893707>,  <25.565561, 33.616852, 39.632103>, 0.130000
	pigment { color rgbt <1,0,0,0> }
	no_shadow
}

// nucleotide -1

// particle -1
sphere {
	<25.597670, 33.559845, 38.893707> 0.250000
	pigment { color rgbt <1,0,0,0> }
	no_shadow
}
cylinder {
	<25.573343, 33.959019, 38.901924>,  <25.558746, 34.198524, 38.906857>, 0.100000
	pigment { color rgbt <1,0,0,0> }
	no_shadow
}
cylinder {
	<25.573343, 33.959019, 38.901924>,  <25.597670, 33.559845, 38.893707>, 0.100000
	pigment { color rgbt <1,0,0,0> }
	no_shadow
}

// particle -1
sphere {
	<25.573343, 33.959019, 38.901924> 0.100000
	pigment { color rgbt <1,0,0,0> }
	no_shadow
}
sphere {
	0, 1
	scale<0.080000,0.200000,0.300000>
	matrix <0.107323, 0.027002, -0.993858,
		-0.992362, -0.058239, -0.108744,
		-0.060818, 0.997938, 0.020545,
		25.555098, 34.258400, 38.908089>
	pigment { color rgbt <0,1,1,0> }
	no_shadow
}
cylinder {
	<25.129473, 33.751335, 38.322815>,  <25.597670, 33.559845, 38.893707>, 0.130000
	pigment { color rgbt <1,0,0,0> }
	no_shadow
}

// nucleotide -1

// particle -1
sphere {
	<25.129473, 33.751335, 38.322815> 0.250000
	pigment { color rgbt <1,0,0,0> }
	no_shadow
}
cylinder {
	<25.321018, 34.093788, 38.400509>,  <25.435946, 34.299259, 38.447124>, 0.100000
	pigment { color rgbt <1,0,0,0> }
	no_shadow
}
cylinder {
	<25.321018, 34.093788, 38.400509>,  <25.129473, 33.751335, 38.322815>, 0.100000
	pigment { color rgbt <1,0,0,0> }
	no_shadow
}

// particle -1
sphere {
	<25.321018, 34.093788, 38.400509> 0.100000
	pigment { color rgbt <1,0,0,0> }
	no_shadow
}
sphere {
	0, 1
	scale<0.080000,0.200000,0.300000>
	matrix <0.028595, 0.205923, -0.978150,
		-0.877424, 0.473954, 0.074128,
		0.478863, 0.856133, 0.194235,
		25.464678, 34.350628, 38.458778>
	pigment { color rgbt <0,1,1,0> }
	no_shadow
}
cylinder {
	<24.924427, 34.175293, 37.806805>,  <25.129473, 33.751335, 38.322815>, 0.130000
	pigment { color rgbt <1,0,0,0> }
	no_shadow
}

// nucleotide -1

// particle -1
sphere {
	<24.924427, 34.175293, 37.806805> 0.250000
	pigment { color rgbt <1,0,0,0> }
	no_shadow
}
cylinder {
	<25.225565, 34.396801, 37.949108>,  <25.406246, 34.529705, 38.034492>, 0.100000
	pigment { color rgbt <1,0,0,0> }
	no_shadow
}
cylinder {
	<25.225565, 34.396801, 37.949108>,  <24.924427, 34.175293, 37.806805>, 0.100000
	pigment { color rgbt <1,0,0,0> }
	no_shadow
}

// particle -1
sphere {
	<25.225565, 34.396801, 37.949108> 0.100000
	pigment { color rgbt <1,0,0,0> }
	no_shadow
}
sphere {
	0, 1
	scale<0.080000,0.200000,0.300000>
	matrix <0.128028, 0.406981, -0.904420,
		-0.645629, 0.726433, 0.235494,
		0.752842, 0.553770, 0.355762,
		25.451418, 34.562931, 38.055836>
	pigment { color rgbt <0,1,1,0> }
	no_shadow
}
cylinder {
	<24.803730, 34.785652, 37.466675>,  <24.924427, 34.175293, 37.806805>, 0.130000
	pigment { color rgbt <1,0,0,0> }
	no_shadow
}

// nucleotide -1

// particle -1
sphere {
	<24.803730, 34.785652, 37.466675> 0.250000
	pigment { color rgbt <1,0,0,0> }
	no_shadow
}
cylinder {
	<25.195343, 34.808075, 37.545010>,  <25.430311, 34.821529, 37.592010>, 0.100000
	pigment { color rgbt <1,0,0,0> }
	no_shadow
}
cylinder {
	<25.195343, 34.808075, 37.545010>,  <24.803730, 34.785652, 37.466675>, 0.100000
	pigment { color rgbt <1,0,0,0> }
	no_shadow
}

// particle -1
sphere {
	<25.195343, 34.808075, 37.545010> 0.100000
	pigment { color rgbt <1,0,0,0> }
	no_shadow
}
sphere {
	0, 1
	scale<0.080000,0.200000,0.300000>
	matrix <0.176985, 0.241872, -0.954030,
		-0.100844, 0.968688, 0.226880,
		0.979034, 0.056054, 0.195835,
		25.489054, 34.824890, 37.603760>
	pigment { color rgbt <0,1,1,0> }
	no_shadow
}
cylinder {
	<24.522131, 34.863045, 36.873268>,  <24.803730, 34.785652, 37.466675>, 0.130000
	pigment { color rgbt <1,0,0,0> }
	no_shadow
}

// nucleotide -1

// particle -1
sphere {
	<24.522131, 34.863045, 36.873268> 0.250000
	pigment { color rgbt <1,0,0,0> }
	no_shadow
}
cylinder {
	<24.780136, 34.572899, 36.777092>,  <24.934938, 34.398811, 36.719387>, 0.100000
	pigment { color rgbt <1,0,0,0> }
	no_shadow
}
cylinder {
	<24.780136, 34.572899, 36.777092>,  <24.522131, 34.863045, 36.873268>, 0.100000
	pigment { color rgbt <1,0,0,0> }
	no_shadow
}

// particle -1
sphere {
	<24.780136, 34.572899, 36.777092> 0.100000
	pigment { color rgbt <1,0,0,0> }
	no_shadow
}
sphere {
	0, 1
	scale<0.080000,0.200000,0.300000>
	matrix <0.586985, 0.671751, -0.451885,
		0.489293, 0.150339, 0.859064,
		0.645012, -0.725361, -0.240437,
		24.973640, 34.355289, 36.704960>
	pigment { color rgbt <0,1,1,0> }
	no_shadow
}
cylinder {
	<24.967150, 35.466438, 37.178982>,  <24.522131, 34.863045, 36.873268>, 0.130000
	pigment { color rgbt <1,0,0,0> }
	no_shadow
}

// nucleotide -1

// particle -1
sphere {
	<24.967150, 35.466438, 37.178982> 0.250000
	pigment { color rgbt <1,0,0,0> }
	no_shadow
}
cylinder {
	<25.309875, 35.262238, 37.207996>,  <25.515511, 35.139717, 37.225403>, 0.100000
	pigment { color rgbt <1,0,0,0> }
	no_shadow
}
cylinder {
	<25.309875, 35.262238, 37.207996>,  <24.967150, 35.466438, 37.178982>, 0.100000
	pigment { color rgbt <1,0,0,0> }
	no_shadow
}

// particle -1
sphere {
	<25.309875, 35.262238, 37.207996> 0.100000
	pigment { color rgbt <1,0,0,0> }
	no_shadow
}
sphere {
	0, 1
	scale<0.080000,0.200000,0.300000>
	matrix <0.310233, 0.398025, -0.863326,
		0.411856, 0.762212, 0.499407,
		0.856814, -0.510499, 0.072534,
		25.566919, 35.109089, 37.229755>
	pigment { color rgbt <0,1,1,0> }
	no_shadow
}
cylinder {
	<25.483141, 35.961311, 37.187382>,  <24.967150, 35.466438, 37.178982>, 0.130000
	pigment { color rgbt <1,0,0,0> }
	no_shadow
}

// nucleotide -1

// particle -1
sphere {
	<25.483141, 35.961311, 37.187382> 0.250000
	pigment { color rgbt <1,0,0,0> }
	no_shadow
}
cylinder {
	<25.647779, 35.618336, 37.063847>,  <25.746563, 35.412548, 36.989727>, 0.100000
	pigment { color rgbt <1,0,0,0> }
	no_shadow
}
cylinder {
	<25.647779, 35.618336, 37.063847>,  <25.483141, 35.961311, 37.187382>, 0.100000
	pigment { color rgbt <1,0,0,0> }
	no_shadow
}

// particle -1
sphere {
	<25.647779, 35.618336, 37.063847> 0.100000
	pigment { color rgbt <1,0,0,0> }
	no_shadow
}
sphere {
	0, 1
	scale<0.080000,0.200000,0.300000>
	matrix <0.195043, 0.413895, -0.889185,
		0.890251, 0.305748, 0.337595,
		0.411595, -0.857444, -0.308836,
		25.771257, 35.361103, 36.971195>
	pigment { color rgbt <0,1,1,0> }
	no_shadow
}
cylinder {
	<25.507212, 35.777206, 36.486656>,  <25.483141, 35.961311, 37.187382>, 0.130000
	pigment { color rgbt <1,0,0,0> }
	no_shadow
}

// nucleotide -1

// particle -1
sphere {
	<25.507212, 35.777206, 36.486656> 0.250000
	pigment { color rgbt <1,0,0,0> }
	no_shadow
}
cylinder {
	<25.612465, 36.120094, 36.309597>,  <25.675617, 36.325825, 36.203362>, 0.100000
	pigment { color rgbt <1,0,0,0> }
	no_shadow
}
cylinder {
	<25.612465, 36.120094, 36.309597>,  <25.507212, 35.777206, 36.486656>, 0.100000
	pigment { color rgbt <1,0,0,0> }
	no_shadow
}

// particle -1
sphere {
	<25.612465, 36.120094, 36.309597> 0.100000
	pigment { color rgbt <1,0,0,0> }
	no_shadow
}
sphere {
	0, 1
	scale<0.080000,0.200000,0.300000>
	matrix <0.258957, 0.379226, 0.888329,
		0.929356, -0.348377, -0.122194,
		0.263134, 0.857217, -0.442651,
		25.691404, 36.377258, 36.176804>
	pigment { color rgbt <0,1,1,0> }
	no_shadow
}
cylinder {
	<26.067905, 36.164783, 36.795757>,  <25.507212, 35.777206, 36.486656>, 0.130000
	pigment { color rgbt <1,0,0,0> }
	no_shadow
}

// nucleotide -1

// particle -1
sphere {
	<26.067905, 36.164783, 36.795757> 0.250000
	pigment { color rgbt <1,0,0,0> }
	no_shadow
}
cylinder {
	<26.062569, 35.773647, 36.712177>,  <26.059366, 35.538967, 36.662029>, 0.100000
	pigment { color rgbt <1,0,0,0> }
	no_shadow
}
cylinder {
	<26.062569, 35.773647, 36.712177>,  <26.067905, 36.164783, 36.795757>, 0.100000
	pigment { color rgbt <1,0,0,0> }
	no_shadow
}

// particle -1
sphere {
	<26.062569, 35.773647, 36.712177> 0.100000
	pigment { color rgbt <1,0,0,0> }
	no_shadow
}
sphere {
	0, 1
	scale<0.080000,0.200000,0.300000>
	matrix <0.124418, 0.205718, -0.970670,
		0.992140, -0.038947, 0.118916,
		-0.013341, -0.977836, -0.208946,
		26.058567, 35.480297, 36.649494>
	pigment { color rgbt <0,1,1,0> }
	no_shadow
}
cylinder {
	<26.715733, 35.958389, 36.445591>,  <26.067905, 36.164783, 36.795757>, 0.130000
	pigment { color rgbt <1,0,0,0> }
	no_shadow
}

// nucleotide -1

// particle -1
sphere {
	<26.715733, 35.958389, 36.445591> 0.250000
	pigment { color rgbt <1,0,0,0> }
	no_shadow
}
cylinder {
	<26.408377, 35.727322, 36.335403>,  <26.223963, 35.588680, 36.269291>, 0.100000
	pigment { color rgbt <1,0,0,0> }
	no_shadow
}
cylinder {
	<26.408377, 35.727322, 36.335403>,  <26.715733, 35.958389, 36.445591>, 0.100000
	pigment { color rgbt <1,0,0,0> }
	no_shadow
}

// particle -1
sphere {
	<26.408377, 35.727322, 36.335403> 0.100000
	pigment { color rgbt <1,0,0,0> }
	no_shadow
}
sphere {
	0, 1
	scale<0.080000,0.200000,0.300000>
	matrix <0.275873, 0.089420, -0.957026,
		0.577473, -0.811361, 0.090653,
		-0.768388, -0.577665, -0.275471,
		26.177860, 35.554024, 36.252762>
	pigment { color rgbt <0,1,1,0> }
	no_shadow
}
cylinder {
	<27.039207, 35.701431, 35.981289>,  <26.715733, 35.958389, 36.445591>, 0.130000
	pigment { color rgbt <1,0,0,0> }
	no_shadow
}

// nucleotide -1

// particle -1
sphere {
	<27.039207, 35.701431, 35.981289> 0.250000
	pigment { color rgbt <1,0,0,0> }
	no_shadow
}
cylinder {
	<26.669762, 35.582325, 35.884727>,  <26.448095, 35.510860, 35.826790>, 0.100000
	pigment { color rgbt <1,0,0,0> }
	no_shadow
}
cylinder {
	<26.669762, 35.582325, 35.884727>,  <27.039207, 35.701431, 35.981289>, 0.100000
	pigment { color rgbt <1,0,0,0> }
	no_shadow
}

// particle -1
sphere {
	<26.669762, 35.582325, 35.884727> 0.100000
	pigment { color rgbt <1,0,0,0> }
	no_shadow
}
sphere {
	0, 1
	scale<0.080000,0.200000,0.300000>
	matrix <0.247657, 0.017146, -0.968696,
		0.292583, -0.954485, 0.057907,
		-0.923613, -0.297765, -0.241402,
		26.392677, 35.492996, 35.812305>
	pigment { color rgbt <0,1,1,0> }
	no_shadow
}
cylinder {
	<27.104052, 35.324562, 35.277607>,  <27.039207, 35.701431, 35.981289>, 0.130000
	pigment { color rgbt <1,0,0,0> }
	no_shadow
}

// nucleotide -1

// particle -1
sphere {
	<27.104052, 35.324562, 35.277607> 0.250000
	pigment { color rgbt <1,0,0,0> }
	no_shadow
}
cylinder {
	<26.710855, 35.395760, 35.259514>,  <26.474937, 35.438477, 35.248657>, 0.100000
	pigment { color rgbt <1,0,0,0> }
	no_shadow
}
cylinder {
	<26.710855, 35.395760, 35.259514>,  <27.104052, 35.324562, 35.277607>, 0.100000
	pigment { color rgbt <1,0,0,0> }
	no_shadow
}

// particle -1
sphere {
	<26.710855, 35.395760, 35.259514> 0.100000
	pigment { color rgbt <1,0,0,0> }
	no_shadow
}
sphere {
	0, 1
	scale<0.080000,0.200000,0.300000>
	matrix <0.021078, -0.135302, -0.990580,
		-0.182432, -0.974686, 0.129249,
		-0.982993, 0.177989, -0.045228,
		26.415958, 35.449158, 35.245945>
	pigment { color rgbt <0,1,1,0> }
	no_shadow
}
cylinder {
	<26.591038, 34.772373, 34.934929>,  <27.104052, 35.324562, 35.277607>, 0.130000
	pigment { color rgbt <1,0,0,0> }
	no_shadow
}

// nucleotide -1

// particle -1
sphere {
	<26.591038, 34.772373, 34.934929> 0.250000
	pigment { color rgbt <1,0,0,0> }
	no_shadow
}
cylinder {
	<26.544266, 35.165306, 34.876476>,  <26.516203, 35.401066, 34.841404>, 0.100000
	pigment { color rgbt <1,0,0,0> }
	no_shadow
}
cylinder {
	<26.544266, 35.165306, 34.876476>,  <26.591038, 34.772373, 34.934929>, 0.100000
	pigment { color rgbt <1,0,0,0> }
	no_shadow
}

// particle -1
sphere {
	<26.544266, 35.165306, 34.876476> 0.100000
	pigment { color rgbt <1,0,0,0> }
	no_shadow
}
sphere {
	0, 1
	scale<0.080000,0.200000,0.300000>
	matrix <0.207365, -0.119752, -0.970906,
		-0.971250, -0.143831, -0.189698,
		-0.116930, 0.982330, -0.146135,
		26.509186, 35.460007, 34.832634>
	pigment { color rgbt <0,1,1,0> }
	no_shadow
}
cylinder {
	<26.385895, 34.060349, 34.960434>,  <26.591038, 34.772373, 34.934929>, 0.130000
	pigment { color rgbt <1,0,0,0> }
	no_shadow
}

// nucleotide -1

// particle -1
sphere {
	<26.385895, 34.060349, 34.960434> 0.250000
	pigment { color rgbt <1,0,0,0> }
	no_shadow
}
cylinder {
	<26.293877, 33.990513, 35.343391>,  <26.238667, 33.948612, 35.573166>, 0.100000
	pigment { color rgbt <1,0,0,0> }
	no_shadow
}
cylinder {
	<26.293877, 33.990513, 35.343391>,  <26.385895, 34.060349, 34.960434>, 0.100000
	pigment { color rgbt <1,0,0,0> }
	no_shadow
}

// particle -1
sphere {
	<26.293877, 33.990513, 35.343391> 0.100000
	pigment { color rgbt <1,0,0,0> }
	no_shadow
}
sphere {
	0, 1
	scale<0.080000,0.200000,0.300000>
	matrix <-0.738339, -0.609574, -0.288574,
		0.633982, -0.773265, 0.011323,
		-0.230046, -0.174590, 0.957391,
		26.224863, 33.938137, 35.630608>
	pigment { color rgbt <0,1,1,0> }
	no_shadow
}
cylinder {
	<26.226698, 33.246651, 35.069798>,  <26.385895, 34.060349, 34.960434>, 0.130000
	pigment { color rgbt <1,0,0,0> }
	no_shadow
}

// nucleotide -1

// particle -1
sphere {
	<26.226698, 33.246651, 35.069798> 0.250000
	pigment { color rgbt <1,0,0,0> }
	no_shadow
}
cylinder {
	<26.085941, 33.467804, 35.371922>,  <26.001488, 33.600498, 35.553196>, 0.100000
	pigment { color rgbt <1,0,0,0> }
	no_shadow
}
cylinder {
	<26.085941, 33.467804, 35.371922>,  <26.226698, 33.246651, 35.069798>, 0.100000
	pigment { color rgbt <1,0,0,0> }
	no_shadow
}

// particle -1
sphere {
	<26.085941, 33.467804, 35.371922> 0.100000
	pigment { color rgbt <1,0,0,0> }
	no_shadow
}
sphere {
	0, 1
	scale<0.080000,0.200000,0.300000>
	matrix <-0.833468, -0.552336, 0.016002,
		0.426030, -0.623893, 0.655176,
		-0.351894, 0.552886, 0.755307,
		25.980373, 33.633671, 35.598515>
	pigment { color rgbt <0,1,1,0> }
	no_shadow
}
cylinder {
	<26.263212, 32.558720, 34.589001>,  <26.226698, 33.246651, 35.069798>, 0.130000
	pigment { color rgbt <1,0,0,0> }
	no_shadow
}

// nucleotide -1

// particle -1
sphere {
	<26.263212, 32.558720, 34.589001> 0.250000
	pigment { color rgbt <1,0,0,0> }
	no_shadow
}
cylinder {
	<26.587029, 32.340313, 34.675266>,  <26.781319, 32.209270, 34.727028>, 0.100000
	pigment { color rgbt <1,0,0,0> }
	no_shadow
}
cylinder {
	<26.587029, 32.340313, 34.675266>,  <26.263212, 32.558720, 34.589001>, 0.100000
	pigment { color rgbt <1,0,0,0> }
	no_shadow
}

// particle -1
sphere {
	<26.587029, 32.340313, 34.675266> 0.100000
	pigment { color rgbt <1,0,0,0> }
	no_shadow
}
sphere {
	0, 1
	scale<0.080000,0.200000,0.300000>
	matrix <-0.217005, -0.619663, -0.754272,
		0.545485, 0.563812, -0.620131,
		0.809540, -0.546016, 0.215667,
		26.829891, 32.176510, 34.739967>
	pigment { color rgbt <0,1,1,0> }
	no_shadow
}
cylinder {
	<26.642479, 32.477100, 33.974380>,  <26.263212, 32.558720, 34.589001>, 0.130000
	pigment { color rgbt <1,0,0,0> }
	no_shadow
}

// nucleotide -1

// particle -1
sphere {
	<26.642479, 32.477100, 33.974380> 0.250000
	pigment { color rgbt <1,0,0,0> }
	no_shadow
}
cylinder {
	<26.754818, 32.166912, 34.200573>,  <26.822222, 31.980799, 34.336288>, 0.100000
	pigment { color rgbt <1,0,0,0> }
	no_shadow
}
cylinder {
	<26.754818, 32.166912, 34.200573>,  <26.642479, 32.477100, 33.974380>, 0.100000
	pigment { color rgbt <1,0,0,0> }
	no_shadow
}

// particle -1
sphere {
	<26.754818, 32.166912, 34.200573> 0.100000
	pigment { color rgbt <1,0,0,0> }
	no_shadow
}
sphere {
	0, 1
	scale<0.080000,0.200000,0.300000>
	matrix <-0.199486, -0.623497, -0.755948,
		0.938792, 0.099498, -0.329801,
		0.280845, -0.775469, 0.565486,
		26.839071, 31.934271, 34.370220>
	pigment { color rgbt <0,1,1,0> }
	no_shadow
}
cylinder {
	<27.074675, 32.092457, 33.573277>,  <26.642479, 32.477100, 33.974380>, 0.130000
	pigment { color rgbt <1,0,0,0> }
	no_shadow
}

// nucleotide -1

// particle -1
sphere {
	<27.074675, 32.092457, 33.573277> 0.250000
	pigment { color rgbt <1,0,0,0> }
	no_shadow
}
cylinder {
	<26.979416, 31.821852, 33.852020>,  <26.922260, 31.659489, 34.019268>, 0.100000
	pigment { color rgbt <1,0,0,0> }
	no_shadow
}
cylinder {
	<26.979416, 31.821852, 33.852020>,  <27.074675, 32.092457, 33.573277>, 0.100000
	pigment { color rgbt <1,0,0,0> }
	no_shadow
}

// particle -1
sphere {
	<26.979416, 31.821852, 33.852020> 0.100000
	pigment { color rgbt <1,0,0,0> }
	no_shadow
}
sphere {
	0, 1
	scale<0.080000,0.200000,0.300000>
	matrix <-0.267852, -0.643930, -0.716665,
		0.933564, -0.357327, -0.027856,
		-0.238147, -0.676514, 0.696861,
		26.907972, 31.618898, 34.061077>
	pigment { color rgbt <0,1,1,0> }
	no_shadow
}
cylinder {
	<27.419893, 31.474405, 33.461136>,  <27.074675, 32.092457, 33.573277>, 0.130000
	pigment { color rgbt <1,0,0,0> }
	no_shadow
}

// nucleotide -1

// particle -1
sphere {
	<27.419893, 31.474405, 33.461136> 0.250000
	pigment { color rgbt <1,0,0,0> }
	no_shadow
}
cylinder {
	<27.061296, 31.431538, 33.633095>,  <26.846138, 31.405817, 33.736271>, 0.100000
	pigment { color rgbt <1,0,0,0> }
	no_shadow
}
cylinder {
	<27.061296, 31.431538, 33.633095>,  <27.419893, 31.474405, 33.461136>, 0.100000
	pigment { color rgbt <1,0,0,0> }
	no_shadow
}

// particle -1
sphere {
	<27.061296, 31.431538, 33.633095> 0.100000
	pigment { color rgbt <1,0,0,0> }
	no_shadow
}
sphere {
	0, 1
	scale<0.080000,0.200000,0.300000>
	matrix <-0.262313, -0.653579, -0.709948,
		0.357059, -0.749232, 0.557817,
		-0.896494, -0.107170, 0.429899,
		26.792349, 31.399387, 33.762066>
	pigment { color rgbt <0,1,1,0> }
	no_shadow
}
cylinder {
	<27.188919, 30.902864, 33.130383>,  <27.419893, 31.474405, 33.461136>, 0.130000
	pigment { color rgbt <1,0,0,0> }
	no_shadow
}

// nucleotide -1

// particle -1
sphere {
	<27.188919, 30.902864, 33.130383> 0.250000
	pigment { color rgbt <1,0,0,0> }
	no_shadow
}
cylinder {
	<26.890949, 31.001514, 33.378338>,  <26.712168, 31.060703, 33.527111>, 0.100000
	pigment { color rgbt <1,0,0,0> }
	no_shadow
}
cylinder {
	<26.890949, 31.001514, 33.378338>,  <27.188919, 30.902864, 33.130383>, 0.100000
	pigment { color rgbt <1,0,0,0> }
	no_shadow
}

// particle -1
sphere {
	<26.890949, 31.001514, 33.378338> 0.100000
	pigment { color rgbt <1,0,0,0> }
	no_shadow
}
sphere {
	0, 1
	scale<0.080000,0.200000,0.300000>
	matrix <-0.576844, -0.704901, -0.412753,
		0.335166, -0.665050, 0.667362,
		-0.744926, 0.246623, 0.619889,
		26.667471, 31.075502, 33.564304>
	pigment { color rgbt <0,1,1,0> }
	no_shadow
}
cylinder {
	<27.097223, 30.412258, 33.701103>,  <27.188919, 30.902864, 33.130383>, 0.130000
	pigment { color rgbt <1,0,0,0> }
	no_shadow
}

// nucleotide -1

// particle -1
sphere {
	<27.097223, 30.412258, 33.701103> 0.250000
	pigment { color rgbt <1,0,0,0> }
	no_shadow
}
cylinder {
	<26.752666, 30.585867, 33.595554>,  <26.545933, 30.690033, 33.532227>, 0.100000
	pigment { color rgbt <1,0,0,0> }
	no_shadow
}
cylinder {
	<26.752666, 30.585867, 33.595554>,  <27.097223, 30.412258, 33.701103>, 0.100000
	pigment { color rgbt <1,0,0,0> }
	no_shadow
}

// particle -1
sphere {
	<26.752666, 30.585867, 33.595554> 0.100000
	pigment { color rgbt <1,0,0,0> }
	no_shadow
}
sphere {
	0, 1
	scale<0.080000,0.200000,0.300000>
	matrix <-0.387675, -0.897423, -0.210572,
		-0.328196, -0.079089, 0.941293,
		-0.861392, 0.434024, -0.263870,
		26.494249, 30.716074, 33.516392>
	pigment { color rgbt <0,1,1,0> }
	no_shadow
}
cylinder {
	<26.518547, 30.000851, 33.998562>,  <27.097223, 30.412258, 33.701103>, 0.130000
	pigment { color rgbt <1,0,0,0> }
	no_shadow
}

// nucleotide -1

// particle -1
sphere {
	<26.518547, 30.000851, 33.998562> 0.250000
	pigment { color rgbt <1,0,0,0> }
	no_shadow
}
cylinder {
	<26.400557, 30.218254, 33.684216>,  <26.329763, 30.348696, 33.495605>, 0.100000
	pigment { color rgbt <1,0,0,0> }
	no_shadow
}
cylinder {
	<26.400557, 30.218254, 33.684216>,  <26.518547, 30.000851, 33.998562>, 0.100000
	pigment { color rgbt <1,0,0,0> }
	no_shadow
}

// particle -1
sphere {
	<26.400557, 30.218254, 33.684216> 0.100000
	pigment { color rgbt <1,0,0,0> }
	no_shadow
}
sphere {
	0, 1
	scale<0.080000,0.200000,0.300000>
	matrix <-0.352716, -0.826313, -0.439088,
		-0.888021, 0.147669, 0.435445,
		-0.294974, 0.543507, -0.785869,
		26.312063, 30.381306, 33.448456>
	pigment { color rgbt <0,1,1,0> }
	no_shadow
}
cylinder {
	<25.851301, 29.872852, 33.890076>,  <26.518547, 30.000851, 33.998562>, 0.130000
	pigment { color rgbt <1,0,0,0> }
	no_shadow
}

// nucleotide -1

// particle -1
sphere {
	<25.851301, 29.872852, 33.890076> 0.250000
	pigment { color rgbt <1,0,0,0> }
	no_shadow
}
cylinder {
	<25.997255, 29.997259, 33.539047>,  <26.084827, 30.071903, 33.328430>, 0.100000
	pigment { color rgbt <1,0,0,0> }
	no_shadow
}
cylinder {
	<25.997255, 29.997259, 33.539047>,  <25.851301, 29.872852, 33.890076>, 0.100000
	pigment { color rgbt <1,0,0,0> }
	no_shadow
}

// particle -1
sphere {
	<25.997255, 29.997259, 33.539047> 0.100000
	pigment { color rgbt <1,0,0,0> }
	no_shadow
}
sphere {
	0, 1
	scale<0.080000,0.200000,0.300000>
	matrix <-0.391980, -0.803635, -0.447797,
		-0.844518, 0.507384, -0.171320,
		0.364884, 0.311019, -0.877569,
		26.106720, 30.090565, 33.275776>
	pigment { color rgbt <0,1,1,0> }
	no_shadow
}
cylinder {
	<25.982950, 29.426060, 33.265591>,  <25.851301, 29.872852, 33.890076>, 0.130000
	pigment { color rgbt <1,0,0,0> }
	no_shadow
}

// nucleotide -1

// particle -1
sphere {
	<25.982950, 29.426060, 33.265591> 0.250000
	pigment { color rgbt <1,0,0,0> }
	no_shadow
}
cylinder {
	<25.813057, 29.514977, 32.914551>,  <25.711121, 29.568327, 32.703926>, 0.100000
	pigment { color rgbt <1,0,0,0> }
	no_shadow
}
cylinder {
	<25.813057, 29.514977, 32.914551>,  <25.982950, 29.426060, 33.265591>, 0.100000
	pigment { color rgbt <1,0,0,0> }
	no_shadow
}

// particle -1
sphere {
	<25.813057, 29.514977, 32.914551> 0.100000
	pigment { color rgbt <1,0,0,0> }
	no_shadow
}
sphere {
	0, 1
	scale<0.080000,0.200000,0.300000>
	matrix <-0.111149, 0.949248, 0.294233,
		0.898470, 0.222515, -0.378469,
		-0.424733, 0.222293, -0.877603,
		25.685637, 29.581665, 32.651268>
	pigment { color rgbt <0,1,1,0> }
	no_shadow
}
cylinder {
	<26.407972, 29.751081, 32.900009>,  <25.982950, 29.426060, 33.265591>, 0.130000
	pigment { color rgbt <1,0,0,0> }
	no_shadow
}

// nucleotide -1

// particle -1
sphere {
	<26.407972, 29.751081, 32.900009> 0.250000
	pigment { color rgbt <1,0,0,0> }
	no_shadow
}
cylinder {
	<26.023724, 29.854767, 32.859978>,  <25.793175, 29.916979, 32.835957>, 0.100000
	pigment { color rgbt <1,0,0,0> }
	no_shadow
}
cylinder {
	<26.023724, 29.854767, 32.859978>,  <26.407972, 29.751081, 32.900009>, 0.100000
	pigment { color rgbt <1,0,0,0> }
	no_shadow
}

// particle -1
sphere {
	<26.023724, 29.854767, 32.859978> 0.100000
	pigment { color rgbt <1,0,0,0> }
	no_shadow
}
sphere {
	0, 1
	scale<0.080000,0.200000,0.300000>
	matrix <0.237716, 0.953157, 0.187034,
		0.143875, 0.155878, -0.977242,
		-0.960620, 0.259216, -0.100081,
		25.735538, 29.932531, 32.829952>
	pigment { color rgbt <0,1,1,0> }
	no_shadow
}
cylinder {
	<26.213644, 30.306545, 32.465961>,  <26.407972, 29.751081, 32.900009>, 0.130000
	pigment { color rgbt <1,0,0,0> }
	no_shadow
}

// nucleotide -1

// particle -1
sphere {
	<26.213644, 30.306545, 32.465961> 0.250000
	pigment { color rgbt <1,0,0,0> }
	no_shadow
}
cylinder {
	<25.968174, 30.293543, 32.781517>,  <25.820892, 30.285742, 32.970852>, 0.100000
	pigment { color rgbt <1,0,0,0> }
	no_shadow
}
cylinder {
	<25.968174, 30.293543, 32.781517>,  <26.213644, 30.306545, 32.465961>, 0.100000
	pigment { color rgbt <1,0,0,0> }
	no_shadow
}

// particle -1
sphere {
	<25.968174, 30.293543, 32.781517> 0.100000
	pigment { color rgbt <1,0,0,0> }
	no_shadow
}
sphere {
	0, 1
	scale<0.080000,0.200000,0.300000>
	matrix <0.355634, 0.880679, 0.312936,
		-0.704930, 0.472597, -0.528892,
		-0.613676, -0.032506, 0.788888,
		25.784071, 30.283791, 33.018185>
	pigment { color rgbt <0,1,1,0> }
	no_shadow
}
cylinder {
	<25.801224, 31.042376, 32.548599>,  <26.213644, 30.306545, 32.465961>, 0.130000
	pigment { color rgbt <1,0,0,0> }
	no_shadow
}

// nucleotide -1

// particle -1
sphere {
	<25.801224, 31.042376, 32.548599> 0.250000
	pigment { color rgbt <1,0,0,0> }
	no_shadow
}
cylinder {
	<25.863234, 30.819193, 32.874702>,  <25.900438, 30.685284, 33.070366>, 0.100000
	pigment { color rgbt <1,0,0,0> }
	no_shadow
}
cylinder {
	<25.863234, 30.819193, 32.874702>,  <25.801224, 31.042376, 32.548599>, 0.100000
	pigment { color rgbt <1,0,0,0> }
	no_shadow
}

// particle -1
sphere {
	<25.863234, 30.819193, 32.874702> 0.100000
	pigment { color rgbt <1,0,0,0> }
	no_shadow
}
sphere {
	0, 1
	scale<0.080000,0.200000,0.300000>
