// switches for output
#declare DRAW_BASES = 1; // possible values are 0, 1; only relevant for DNA ribbons
#declare DRAW_BASES_TYPE = 3; // possible values are 1, 2, 3; only relevant for DNA ribbons
#declare DRAW_FOG = 0; // set to 1 to enable fog

#include "colors.inc"

#include "transforms.inc"
background { rgb <1, 1, 1>}

#default {
   normal{
       ripples 0.25
       frequency 0.20
       turbulence 0.2
       lambda 5
   }
	finish {
		phong 0.1
		phong_size 40.
	}
}

// original window dimensions: 1024x640


// camera settings

camera {
	sky <0, 0.179814, -0.983701>
	up <0, 0.179814, -0.983701>
	right 1.6 * <1, 0, 0>
	location <35, 94.9851, 44.8844>
	look_at <35, 29.7336, 32.9568>
	direction <0, -65.2515, -11.9276>
	angle 67.0682
}


# declare cpy_camera_pos = <35, 94.9851, 44.8844>;
# if (DRAW_FOG = 1)
fog {
	fog_type 2
	up vnormalize(cpy_camera_pos)
	color rgbt<1,1,1,0.3>
	distance 1e-5
	fog_alt 3e-3
	fog_offset 56
}
# end


// LIGHTS

# declare lum = 6;
global_settings {
	ambient_light rgb lum * <0.05, 0.05, 0.05>
	max_trace_level 15
}# declare cpy_direct_light_amount = 0.25;
light_source
{	1000 * <-1, -1.16352, -0.803886>,
	rgb lum * cpy_direct_light_amount
	parallel
}

light_source
{	1000 * <1, 1.16352, 0.803886>,
	rgb lum * cpy_direct_light_amount
	parallel
}

// strand 0

// nucleotide -1

// particle -1
sphere {
	<24.471685, 35.043865, 35.310001> 0.250000
	pigment { color rgbt <1,0,0,0> }
	no_shadow
}
cylinder {
	<24.172440, 35.138397, 35.061977>,  <23.992893, 35.195114, 34.913162>, 0.100000
	pigment { color rgbt <1,0,0,0> }
	no_shadow
}
cylinder {
	<24.172440, 35.138397, 35.061977>,  <24.471685, 35.043865, 35.310001>, 0.100000
	pigment { color rgbt <1,0,0,0> }
	no_shadow
}

// particle -1
sphere {
	<24.172440, 35.138397, 35.061977> 0.100000
	pigment { color rgbt <1,0,0,0> }
	no_shadow
}
sphere {
	0, 1
	scale<0.080000,0.200000,0.300000>
	matrix <-0.657852, -0.386554, 0.646380,
		-0.086930, 0.891474, 0.444654,
		-0.748113, 0.236327, -0.620061,
		23.948006, 35.209293, 34.875957>
	pigment { color rgbt <0,1,1,0> }
	no_shadow
}
cylinder {
	<24.627625, 35.511353, 35.917992>,  <24.471685, 35.043865, 35.310001>, 0.130000
	pigment { color rgbt <1,0,0,0> }
	no_shadow
}

// nucleotide -1

// particle -1
sphere {
	<24.627625, 35.511353, 35.917992> 0.250000
	pigment { color rgbt <1,0,0,0> }
	no_shadow
}
cylinder {
	<24.470596, 35.870213, 35.998993>,  <24.376379, 36.085529, 36.047592>, 0.100000
	pigment { color rgbt <1,0,0,0> }
	no_shadow
}
cylinder {
	<24.470596, 35.870213, 35.998993>,  <24.627625, 35.511353, 35.917992>, 0.100000
	pigment { color rgbt <1,0,0,0> }
	no_shadow
}

// particle -1
sphere {
	<24.470596, 35.870213, 35.998993> 0.100000
	pigment { color rgbt <1,0,0,0> }
	no_shadow
}
sphere {
	0, 1
	scale<0.080000,0.200000,0.300000>
	matrix <-0.693905, -0.144408, -0.705437,
		-0.603641, -0.417451, 0.679229,
		-0.392572, 0.897151, 0.202501,
		24.352825, 36.139359, 36.059742>
	pigment { color rgbt <0,1,1,0> }
	no_shadow
}
cylinder {
	<24.636930, 34.730026, 36.017860>,  <24.627625, 35.511353, 35.917992>, 0.130000
	pigment { color rgbt <1,0,0,0> }
	no_shadow
}

// nucleotide -1

// particle -1
sphere {
	<24.636930, 34.730026, 36.017860> 0.250000
	pigment { color rgbt <1,0,0,0> }
	no_shadow
}
cylinder {
	<25.033806, 34.756134, 36.060383>,  <25.271931, 34.771797, 36.085896>, 0.100000
	pigment { color rgbt <1,0,0,0> }
	no_shadow
}
cylinder {
	<25.033806, 34.756134, 36.060383>,  <24.636930, 34.730026, 36.017860>, 0.100000
	pigment { color rgbt <1,0,0,0> }
	no_shadow
}

// particle -1
sphere {
	<25.033806, 34.756134, 36.060383> 0.100000
	pigment { color rgbt <1,0,0,0> }
	no_shadow
}
sphere {
	0, 1
	scale<0.080000,0.200000,0.300000>
	matrix <-0.104505, -0.030356, 0.994061,
		0.068111, -0.997406, -0.023298,
		0.992189, 0.065272, 0.106302,
		25.331463, 34.775715, 36.092274>
	pigment { color rgbt <0,1,1,0> }
	no_shadow
}
cylinder {
	<24.940643, 34.221466, 36.332115>,  <24.636930, 34.730026, 36.017860>, 0.130000
	pigment { color rgbt <1,0,0,0> }
	no_shadow
}

// nucleotide -1

// particle -1
sphere {
	<24.940643, 34.221466, 36.332115> 0.250000
	pigment { color rgbt <1,0,0,0> }
	no_shadow
}
cylinder {
	<25.140287, 34.564125, 36.384323>,  <25.260075, 34.769722, 36.415649>, 0.100000
	pigment { color rgbt <1,0,0,0> }
	no_shadow
}
cylinder {
	<25.140287, 34.564125, 36.384323>,  <24.940643, 34.221466, 36.332115>, 0.100000
	pigment { color rgbt <1,0,0,0> }
	no_shadow
}

// particle -1
sphere {
	<25.140287, 34.564125, 36.384323> 0.100000
	pigment { color rgbt <1,0,0,0> }
	no_shadow
}
sphere {
	0, 1
	scale<0.080000,0.200000,0.300000>
	matrix <-0.235510, -0.010850, 0.971811,
		0.833920, -0.515781, 0.196335,
		0.499111, 0.856652, 0.130519,
		25.290020, 34.821121, 36.423477>
	pigment { color rgbt <0,1,1,0> }
	no_shadow
}
cylinder {
	<25.368452, 34.134373, 36.884899>,  <24.940643, 34.221466, 36.332115>, 0.130000
	pigment { color rgbt <1,0,0,0> }
	no_shadow
}

// nucleotide -1

// particle -1
sphere {
	<25.368452, 34.134373, 36.884899> 0.250000
	pigment { color rgbt <1,0,0,0> }
	no_shadow
}
cylinder {
	<25.318972, 34.531101, 36.872284>,  <25.289284, 34.769138, 36.864716>, 0.100000
	pigment { color rgbt <1,0,0,0> }
	no_shadow
}
cylinder {
	<25.318972, 34.531101, 36.872284>,  <25.368452, 34.134373, 36.884899>, 0.100000
	pigment { color rgbt <1,0,0,0> }
	no_shadow
}

// particle -1
sphere {
	<25.318972, 34.531101, 36.872284> 0.100000
	pigment { color rgbt <1,0,0,0> }
	no_shadow
}
sphere {
	0, 1
	scale<0.080000,0.200000,0.300000>
	matrix <-0.108131, 0.018116, 0.993972,
		0.986411, 0.126364, 0.105006,
		-0.123700, 0.991819, -0.031534,
		25.281862, 34.828648, 36.862823>
	pigment { color rgbt <0,1,1,0> }
	no_shadow
}
cylinder {
	<25.894457, 34.613190, 37.333508>,  <25.368452, 34.134373, 36.884899>, 0.130000
	pigment { color rgbt <1,0,0,0> }
	no_shadow
}

// nucleotide -1

// particle -1
sphere {
	<25.894457, 34.613190, 37.333508> 0.250000
	pigment { color rgbt <1,0,0,0> }
	no_shadow
}
cylinder {
	<25.522820, 34.752586, 37.283962>,  <25.299837, 34.836224, 37.254234>, 0.100000
	pigment { color rgbt <1,0,0,0> }
	no_shadow
}
cylinder {
	<25.522820, 34.752586, 37.283962>,  <25.894457, 34.613190, 37.333508>, 0.100000
	pigment { color rgbt <1,0,0,0> }
	no_shadow
}

// particle -1
sphere {
	<25.522820, 34.752586, 37.283962> 0.100000
	pigment { color rgbt <1,0,0,0> }
	no_shadow
}
sphere {
	0, 1
	scale<0.080000,0.200000,0.300000>
	matrix <-0.131756, 0.001061, 0.991282,
		0.345583, 0.937312, 0.044930,
		-0.929092, 0.348490, -0.123863,
		25.244091, 34.857132, 37.246803>
	pigment { color rgbt <0,1,1,0> }
	no_shadow
}
cylinder {
	<25.761587, 35.174057, 37.811390>,  <25.894457, 34.613190, 37.333508>, 0.130000
	pigment { color rgbt <1,0,0,0> }
	no_shadow
}

// nucleotide -1

// particle -1
sphere {
	<25.761587, 35.174057, 37.811390> 0.250000
	pigment { color rgbt <1,0,0,0> }
	no_shadow
}
cylinder {
	<25.391596, 35.067818, 37.702671>,  <25.169601, 35.004074, 37.637440>, 0.100000
	pigment { color rgbt <1,0,0,0> }
	no_shadow
}
cylinder {
	<25.391596, 35.067818, 37.702671>,  <25.761587, 35.174057, 37.811390>, 0.100000
	pigment { color rgbt <1,0,0,0> }
	no_shadow
}

// particle -1
sphere {
	<25.391596, 35.067818, 37.702671> 0.100000
	pigment { color rgbt <1,0,0,0> }
	no_shadow
}
sphere {
	0, 1
	scale<0.080000,0.200000,0.300000>
	matrix <-0.291391, 0.036597, 0.955904,
		-0.243939, 0.963389, -0.111244,
		-0.924978, -0.265598, -0.271796,
		25.114101, 34.988140, 37.621132>
	pigment { color rgbt <0,1,1,0> }
	no_shadow
}
cylinder {
	<25.290760, 35.685001, 38.168667>,  <25.761587, 35.174057, 37.811390>, 0.130000
	pigment { color rgbt <1,0,0,0> }
	no_shadow
}

// nucleotide -1

// particle -1
sphere {
	<25.290760, 35.685001, 38.168667> 0.250000
	pigment { color rgbt <1,0,0,0> }
	no_shadow
}
cylinder {
	<25.090342, 35.339931, 38.141132>,  <24.970091, 35.132889, 38.124611>, 0.100000
	pigment { color rgbt <1,0,0,0> }
	no_shadow
}
cylinder {
	<25.090342, 35.339931, 38.141132>,  <25.290760, 35.685001, 38.168667>, 0.100000
	pigment { color rgbt <1,0,0,0> }
	no_shadow
}

// particle -1
sphere {
	<25.090342, 35.339931, 38.141132> 0.100000
	pigment { color rgbt <1,0,0,0> }
	no_shadow
}
sphere {
	0, 1
	scale<0.080000,0.200000,0.300000>
	matrix <-0.068994, -0.039471, 0.996836,
		-0.862666, 0.504211, -0.039743,
		-0.501047, -0.862678, -0.068837,
		24.940027, 35.081127, 38.120480>
	pigment { color rgbt <0,1,1,0> }
	no_shadow
}
cylinder {
	<24.906630, 35.571190, 38.861275>,  <25.290760, 35.685001, 38.168667>, 0.130000
	pigment { color rgbt <1,0,0,0> }
	no_shadow
}

// nucleotide -1

// particle -1
sphere {
	<24.906630, 35.571190, 38.861275> 0.250000
	pigment { color rgbt <1,0,0,0> }
	no_shadow
}
cylinder {
	<24.942934, 35.202686, 38.709991>,  <24.964716, 34.981583, 38.619221>, 0.100000
	pigment { color rgbt <1,0,0,0> }
	no_shadow
}
cylinder {
	<24.942934, 35.202686, 38.709991>,  <24.906630, 35.571190, 38.861275>, 0.100000
	pigment { color rgbt <1,0,0,0> }
	no_shadow
}

// particle -1
sphere {
	<24.942934, 35.202686, 38.709991> 0.100000
	pigment { color rgbt <1,0,0,0> }
	no_shadow
}
sphere {
	0, 1
	scale<0.080000,0.200000,0.300000>
	matrix <-0.199676, -0.388902, 0.899380,
		-0.975650, -0.006109, -0.219250,
		0.090761, -0.921259, -0.378213,
		24.970163, 34.926308, 38.596527>
	pigment { color rgbt <0,1,1,0> }
	no_shadow
}
cylinder {
	<24.415890, 35.183426, 39.184372>,  <24.906630, 35.571190, 38.861275>, 0.130000
	pigment { color rgbt <1,0,0,0> }
	no_shadow
}

// nucleotide -1

// particle -1
sphere {
	<24.415890, 35.183426, 39.184372> 0.250000
	pigment { color rgbt <1,0,0,0> }
	no_shadow
}
cylinder {
	<24.679319, 34.916035, 39.046143>,  <24.837378, 34.755600, 38.963203>, 0.100000
	pigment { color rgbt <1,0,0,0> }
	no_shadow
}
cylinder {
	<24.679319, 34.916035, 39.046143>,  <24.415890, 35.183426, 39.184372>, 0.100000
	pigment { color rgbt <1,0,0,0> }
	no_shadow
}

// particle -1
sphere {
	<24.679319, 34.916035, 39.046143> 0.100000
	pigment { color rgbt <1,0,0,0> }
	no_shadow
}
sphere {
	0, 1
	scale<0.080000,0.200000,0.300000>
	matrix <0.057714, -0.413002, 0.908900,
		-0.750299, -0.618522, -0.233412,
		0.658574, -0.668476, -0.345572,
		24.876892, 34.715492, 38.942471>
	pigment { color rgbt <0,1,1,0> }
	no_shadow
}
cylinder {
	<24.231470, 34.463367, 39.387894>,  <24.415890, 35.183426, 39.184372>, 0.130000
	pigment { color rgbt <1,0,0,0> }
	no_shadow
}

// nucleotide -1

// particle -1
sphere {
	<24.231470, 34.463367, 39.387894> 0.250000
	pigment { color rgbt <1,0,0,0> }
	no_shadow
}
cylinder {
	<24.623020, 34.442829, 39.308735>,  <24.857950, 34.430508, 39.261238>, 0.100000
	pigment { color rgbt <1,0,0,0> }
	no_shadow
}
cylinder {
	<24.623020, 34.442829, 39.308735>,  <24.231470, 34.463367, 39.387894>, 0.100000
	pigment { color rgbt <1,0,0,0> }
	no_shadow
}

// particle -1
sphere {
	<24.623020, 34.442829, 39.308735> 0.100000
	pigment { color rgbt <1,0,0,0> }
	no_shadow
}
sphere {
	0, 1
	scale<0.080000,0.200000,0.300000>
	matrix <0.172877, -0.308912, 0.935247,
		-0.109151, -0.949704, -0.293511,
		0.978877, -0.051342, -0.197900,
		24.916683, 34.427425, 39.249363>
	pigment { color rgbt <0,1,1,0> }
	no_shadow
}
cylinder {
	<24.486309, 33.935722, 39.765675>,  <24.231470, 34.463367, 39.387894>, 0.130000
	pigment { color rgbt <1,0,0,0> }
	no_shadow
}

// nucleotide -1

// particle -1
sphere {
	<24.486309, 33.935722, 39.765675> 0.250000
	pigment { color rgbt <1,0,0,0> }
	no_shadow
}
cylinder {
	<24.768484, 34.213993, 39.711426>,  <24.937790, 34.380955, 39.678879>, 0.100000
	pigment { color rgbt <1,0,0,0> }
	no_shadow
}
cylinder {
	<24.768484, 34.213993, 39.711426>,  <24.486309, 33.935722, 39.765675>, 0.100000
	pigment { color rgbt <1,0,0,0> }
	no_shadow
}

// particle -1
sphere {
	<24.768484, 34.213993, 39.711426> 0.100000
	pigment { color rgbt <1,0,0,0> }
	no_shadow
}
sphere {
	0, 1
	scale<0.080000,0.200000,0.300000>
	matrix <0.252181, -0.067534, 0.965321,
		0.662392, -0.715174, -0.223078,
		0.705437, 0.695676, -0.135619,
		24.980116, 34.422695, 39.670738>
	pigment { color rgbt <0,1,1,0> }
	no_shadow
}
cylinder {
	<25.249216, 33.695320, 39.887165>,  <24.486309, 33.935722, 39.765675>, 0.130000
	pigment { color rgbt <1,0,0,0> }
	no_shadow
}

// nucleotide -1

// particle -1
sphere {
	<25.249216, 33.695320, 39.887165> 0.250000
	pigment { color rgbt <1,0,0,0> }
	no_shadow
}
cylinder {
	<25.215212, 34.089745, 39.944378>,  <25.194809, 34.326401, 39.978706>, 0.100000
	pigment { color rgbt <1,0,0,0> }
	no_shadow
}
cylinder {
	<25.215212, 34.089745, 39.944378>,  <25.249216, 33.695320, 39.887165>, 0.100000
	pigment { color rgbt <1,0,0,0> }
	no_shadow
}

// particle -1
sphere {
	<25.215212, 34.089745, 39.944378> 0.100000
	pigment { color rgbt <1,0,0,0> }
	no_shadow
}
sphere {
	0, 1
	scale<0.080000,0.200000,0.300000>
	matrix <0.245269, -0.118424, 0.962195,
		0.965720, 0.116880, -0.231782,
		-0.085012, 0.986060, 0.143032,
		25.189709, 34.385563, 39.987286>
	pigment { color rgbt <0,1,1,0> }
	no_shadow
}
cylinder {
	<25.765432, 34.110954, 40.186588>,  <25.249216, 33.695320, 39.887165>, 0.130000
	pigment { color rgbt <1,0,0,0> }
	no_shadow
}

// nucleotide -1

// particle -1
sphere {
	<25.765432, 34.110954, 40.186588> 0.250000
	pigment { color rgbt <1,0,0,0> }
	no_shadow
}
cylinder {
	<25.444078, 34.328407, 40.283775>,  <25.251266, 34.458881, 40.342087>, 0.100000
	pigment { color rgbt <1,0,0,0> }
	no_shadow
}
cylinder {
	<25.444078, 34.328407, 40.283775>,  <25.765432, 34.110954, 40.186588>, 0.100000
	pigment { color rgbt <1,0,0,0> }
	no_shadow
}

// particle -1
sphere {
	<25.444078, 34.328407, 40.283775> 0.100000
	pigment { color rgbt <1,0,0,0> }
	no_shadow
}
sphere {
	0, 1
	scale<0.080000,0.200000,0.300000>
	matrix <0.428247, 0.243996, 0.870098,
		0.413734, 0.803073, -0.428833,
		-0.803386, 0.543636, 0.242964,
		25.203062, 34.491497, 40.356663>
	pigment { color rgbt <0,1,1,0> }
	no_shadow
}
cylinder {
	<25.981050, 34.694485, 40.328457>,  <25.765432, 34.110954, 40.186588>, 0.130000
	pigment { color rgbt <1,0,0,0> }
	no_shadow
}

// nucleotide -1

// particle -1
sphere {
	<25.981050, 34.694485, 40.328457> 0.250000
	pigment { color rgbt <1,0,0,0> }
	no_shadow
}
cylinder {
	<25.651310, 34.627769, 40.544834>,  <25.453465, 34.587738, 40.674660>, 0.100000
	pigment { color rgbt <1,0,0,0> }
	no_shadow
}
cylinder {
	<25.651310, 34.627769, 40.544834>,  <25.981050, 34.694485, 40.328457>, 0.100000
	pigment { color rgbt <1,0,0,0> }
	no_shadow
}

// particle -1
sphere {
	<25.651310, 34.627769, 40.544834> 0.100000
	pigment { color rgbt <1,0,0,0> }
	no_shadow
}
sphere {
	0, 1
	scale<0.080000,0.200000,0.300000>
	matrix <0.513918, 0.180145, 0.838711,
		-0.237339, 0.969396, -0.062785,
		-0.824353, -0.166792, 0.540946,
		25.404003, 34.577732, 40.707119>
	pigment { color rgbt <0,1,1,0> }
	no_shadow
}
cylinder {
	<26.170103, 34.759277, 39.614281>,  <25.981050, 34.694485, 40.328457>, 0.130000
	pigment { color rgbt <1,0,0,0> }
	no_shadow
}

// nucleotide -1

// particle -1
sphere {
	<26.170103, 34.759277, 39.614281> 0.250000
	pigment { color rgbt <1,0,0,0> }
	no_shadow
}
cylinder {
	<25.824127, 34.558571, 39.610035>,  <25.616541, 34.438148, 39.607487>, 0.100000
	pigment { color rgbt <1,0,0,0> }
	no_shadow
}
cylinder {
	<25.824127, 34.558571, 39.610035>,  <26.170103, 34.759277, 39.614281>, 0.100000
	pigment { color rgbt <1,0,0,0> }
	no_shadow
}

// particle -1
sphere {
	<25.824127, 34.558571, 39.610035> 0.100000
	pigment { color rgbt <1,0,0,0> }
	no_shadow
}
sphere {
	0, 1
	scale<0.080000,0.200000,0.300000>
	matrix <-0.083336, 0.164448, -0.982859,
		0.494909, -0.849229, -0.184052,
		-0.864939, -0.501764, -0.010615,
		25.564646, 34.408043, 39.606850>
	pigment { color rgbt <0,1,1,0> }
	no_shadow
}
cylinder {
	<26.177586, 34.306934, 39.023251>,  <26.170103, 34.759277, 39.614281>, 0.130000
	pigment { color rgbt <1,0,0,0> }
	no_shadow
}

// nucleotide -1

// particle -1
sphere {
	<26.177586, 34.306934, 39.023251> 0.250000
	pigment { color rgbt <1,0,0,0> }
	no_shadow
}
cylinder {
	<25.788553, 34.359283, 39.100143>,  <25.555134, 34.390694, 39.146278>, 0.100000
	pigment { color rgbt <1,0,0,0> }
	no_shadow
}
cylinder {
	<25.788553, 34.359283, 39.100143>,  <26.177586, 34.306934, 39.023251>, 0.100000
	pigment { color rgbt <1,0,0,0> }
	no_shadow
}

// particle -1
sphere {
	<25.788553, 34.359283, 39.100143> 0.100000
	pigment { color rgbt <1,0,0,0> }
	no_shadow
}
sphere {
	0, 1
	scale<0.080000,0.200000,0.300000>
	matrix <-0.179812, 0.101015, -0.978501,
		-0.147481, -0.986239, -0.074713,
		-0.972583, 0.130876, 0.192235,
		25.496778, 34.398544, 39.157814>
	pigment { color rgbt <0,1,1,0> }
	no_shadow
}
cylinder {
	<25.773417, 33.876602, 38.457592>,  <26.177586, 34.306934, 39.023251>, 0.130000
	pigment { color rgbt <1,0,0,0> }
	no_shadow
}

// nucleotide -1

// particle -1
sphere {
	<25.773417, 33.876602, 38.457592> 0.250000
	pigment { color rgbt <1,0,0,0> }
	no_shadow
}
cylinder {
	<25.501862, 34.136951, 38.593521>,  <25.338928, 34.293159, 38.675079>, 0.100000
	pigment { color rgbt <1,0,0,0> }
	no_shadow
}
cylinder {
	<25.501862, 34.136951, 38.593521>,  <25.773417, 33.876602, 38.457592>, 0.100000
	pigment { color rgbt <1,0,0,0> }
	no_shadow
}

// particle -1
sphere {
	<25.501862, 34.136951, 38.593521> 0.100000
	pigment { color rgbt <1,0,0,0> }
	no_shadow
}
sphere {
	0, 1
	scale<0.080000,0.200000,0.300000>
	matrix <-0.304752, 0.171292, -0.936902,
		-0.668012, -0.739612, 0.082066,
		-0.678886, 0.650872, 0.339824,
		25.298195, 34.332214, 38.695469>
	pigment { color rgbt <0,1,1,0> }
	no_shadow
}
cylinder {
	<25.199211, 33.695679, 38.127064>,  <25.773417, 33.876602, 38.457592>, 0.130000
	pigment { color rgbt <1,0,0,0> }
	no_shadow
}

// nucleotide -1

// particle -1
sphere {
	<25.199211, 33.695679, 38.127064> 0.250000
	pigment { color rgbt <1,0,0,0> }
	no_shadow
}
cylinder {
	<25.127172, 34.065620, 38.261051>,  <25.083950, 34.287586, 38.341442>, 0.100000
	pigment { color rgbt <1,0,0,0> }
	no_shadow
}
cylinder {
	<25.127172, 34.065620, 38.261051>,  <25.199211, 33.695679, 38.127064>, 0.100000
	pigment { color rgbt <1,0,0,0> }
	no_shadow
}

// particle -1
sphere {
	<25.127172, 34.065620, 38.261051> 0.100000
	pigment { color rgbt <1,0,0,0> }
	no_shadow
}
sphere {
	0, 1
	scale<0.080000,0.200000,0.300000>
	matrix <-0.475199, 0.216358, -0.852863,
		-0.861250, -0.312773, 0.400526,
		-0.180096, 0.924858, 0.334968,
		25.073143, 34.343079, 38.361542>
	pigment { color rgbt <0,1,1,0> }
	no_shadow
}
cylinder {
	<24.429289, 33.880379, 38.057320>,  <25.199211, 33.695679, 38.127064>, 0.130000
	pigment { color rgbt <1,0,0,0> }
	no_shadow
}

// nucleotide -1

// particle -1
sphere {
	<24.429289, 33.880379, 38.057320> 0.250000
	pigment { color rgbt <1,0,0,0> }
	no_shadow
}
cylinder {
	<24.638157, 34.221516, 38.056885>,  <24.763477, 34.426197, 38.056622>, 0.100000
	pigment { color rgbt <1,0,0,0> }
	no_shadow
}
cylinder {
	<24.638157, 34.221516, 38.056885>,  <24.429289, 33.880379, 38.057320>, 0.100000
	pigment { color rgbt <1,0,0,0> }
	no_shadow
}

// particle -1
sphere {
	<24.638157, 34.221516, 38.056885> 0.100000
	pigment { color rgbt <1,0,0,0> }
	no_shadow
}
sphere {
	0, 1
	scale<0.080000,0.200000,0.300000>
	matrix <-0.263148, 0.159901, -0.951412,
		-0.811228, 0.497088, 0.307919,
		0.522172, 0.852840, -0.001091,
		24.794809, 34.477367, 38.056557>
	pigment { color rgbt <0,1,1,0> }
	no_shadow
}
cylinder {
	<24.052738, 34.427364, 37.862877>,  <24.429289, 33.880379, 38.057320>, 0.130000
	pigment { color rgbt <1,0,0,0> }
	no_shadow
}

// nucleotide -1

// particle -1
sphere {
	<24.052738, 34.427364, 37.862877> 0.250000
	pigment { color rgbt <1,0,0,0> }
	no_shadow
}
cylinder {
	<24.429693, 34.543087, 37.795700>,  <24.655867, 34.612522, 37.755394>, 0.100000
	pigment { color rgbt <1,0,0,0> }
	no_shadow
}
cylinder {
	<24.429693, 34.543087, 37.795700>,  <24.052738, 34.427364, 37.862877>, 0.100000
	pigment { color rgbt <1,0,0,0> }
	no_shadow
}

// particle -1
sphere {
	<24.429693, 34.543087, 37.795700> 0.100000
	pigment { color rgbt <1,0,0,0> }
	no_shadow
}
sphere {
	0, 1
	scale<0.080000,0.200000,0.300000>
	matrix <-0.232076, 0.203867, -0.951093,
		-0.240922, 0.935275, 0.259263,
		0.942389, 0.289308, -0.167939,
		24.712410, 34.629879, 37.745319>
	pigment { color rgbt <0,1,1,0> }
	no_shadow
}
cylinder {
	<23.906954, 34.648487, 37.185730>,  <24.052738, 34.427364, 37.862877>, 0.130000
	pigment { color rgbt <1,0,0,0> }
	no_shadow
}

// nucleotide -1

// particle -1
sphere {
	<23.906954, 34.648487, 37.185730> 0.250000
	pigment { color rgbt <1,0,0,0> }
	no_shadow
}
cylinder {
	<24.281279, 34.712017, 37.311607>,  <24.505873, 34.750137, 37.387135>, 0.100000
	pigment { color rgbt <1,0,0,0> }
	no_shadow
}
cylinder {
	<24.281279, 34.712017, 37.311607>,  <23.906954, 34.648487, 37.185730>, 0.100000
	pigment { color rgbt <1,0,0,0> }
	no_shadow
}

// particle -1
sphere {
	<24.281279, 34.712017, 37.311607> 0.100000
	pigment { color rgbt <1,0,0,0> }
	no_shadow
}
sphere {
	0, 1
	scale<0.080000,0.200000,0.300000>
	matrix <0.235437, 0.382795, -0.893329,
		-0.262349, 0.910078, 0.320830,
		0.935811, 0.158829, 0.314692,
		24.562021, 34.759666, 37.406013>
	pigment { color rgbt <0,1,1,0> }
	no_shadow
}
cylinder {
	<24.098621, 35.290382, 36.911831>,  <23.906954, 34.648487, 37.185730>, 0.130000
	pigment { color rgbt <1,0,0,0> }
	no_shadow
}

// nucleotide -1

// particle -1
sphere {
	<24.098621, 35.290382, 36.911831> 0.250000
	pigment { color rgbt <1,0,0,0> }
	no_shadow
}
cylinder {
	<24.455235, 35.138966, 37.011330>,  <24.669203, 35.048115, 37.071030>, 0.100000
	pigment { color rgbt <1,0,0,0> }
	no_shadow
}
cylinder {
	<24.455235, 35.138966, 37.011330>,  <24.098621, 35.290382, 36.911831>, 0.100000
	pigment { color rgbt <1,0,0,0> }
	no_shadow
}

// particle -1
sphere {
	<24.455235, 35.138966, 37.011330> 0.100000
	pigment { color rgbt <1,0,0,0> }
	no_shadow
}
sphere {
	0, 1
	scale<0.080000,0.200000,0.300000>
	matrix <0.342087, 0.202752, -0.917533,
		0.296892, 0.903104, 0.310255,
		0.891533, -0.378542, 0.248745,
		24.722694, 35.025402, 37.085953>
	pigment { color rgbt <0,1,1,0> }
	no_shadow
}
cylinder {
	<24.615324, 35.756325, 36.690670>,  <24.098621, 35.290382, 36.911831>, 0.130000
	pigment { color rgbt <1,0,0,0> }
	no_shadow
}

// nucleotide -1

// particle -1
sphere {
	<24.615324, 35.756325, 36.690670> 0.250000
	pigment { color rgbt <1,0,0,0> }
	no_shadow
}
cylinder {
	<24.899654, 35.585579, 36.914284>,  <25.070253, 35.483131, 37.048450>, 0.100000
	pigment { color rgbt <1,0,0,0> }
	no_shadow
}
cylinder {
	<24.899654, 35.585579, 36.914284>,  <24.615324, 35.756325, 36.690670>, 0.100000
	pigment { color rgbt <1,0,0,0> }
	no_shadow
}

// particle -1
sphere {
	<24.899654, 35.585579, 36.914284> 0.100000
	pigment { color rgbt <1,0,0,0> }
	no_shadow
}
sphere {
	0, 1
	scale<0.080000,0.200000,0.300000>
	matrix <0.452848, -0.330409, -0.828105,
		0.538194, 0.841796, -0.041561,
		0.710828, -0.426860, 0.559030,
		25.112904, 35.457520, 37.081993>
	pigment { color rgbt <0,1,1,0> }
	no_shadow
}
cylinder {
	<25.324089, 36.143013, 36.625679>,  <24.615324, 35.756325, 36.690670>, 0.130000
	pigment { color rgbt <1,0,0,0> }
	no_shadow
}

// nucleotide -1

// particle -1
sphere {
	<25.324089, 36.143013, 36.625679> 0.250000
	pigment { color rgbt <1,0,0,0> }
	no_shadow
}
cylinder {
	<25.307331, 35.749775, 36.696964>,  <25.297277, 35.513832, 36.739735>, 0.100000
	pigment { color rgbt <1,0,0,0> }
	no_shadow
}
cylinder {
	<25.307331, 35.749775, 36.696964>,  <25.324089, 36.143013, 36.625679>, 0.100000
	pigment { color rgbt <1,0,0,0> }
	no_shadow
}

// particle -1
sphere {
	<25.307331, 35.749775, 36.696964> 0.100000
	pigment { color rgbt <1,0,0,0> }
	no_shadow
}
sphere {
	0, 1
	scale<0.080000,0.200000,0.300000>
	matrix <0.445572, -0.178036, -0.877365,
		0.894265, 0.042652, 0.445500,
		-0.041894, -0.983099, 0.178216,
		25.294764, 35.454845, 36.750427>
	pigment { color rgbt <0,1,1,0> }
	no_shadow
}
cylinder {
	<25.995657, 35.937786, 36.471107>,  <25.324089, 36.143013, 36.625679>, 0.130000
	pigment { color rgbt <1,0,0,0> }
	no_shadow
}

// nucleotide -1

// particle -1
sphere {
	<25.995657, 35.937786, 36.471107> 0.250000
	pigment { color rgbt <1,0,0,0> }
	no_shadow
}
cylinder {
	<25.755472, 35.618382, 36.454029>,  <25.611361, 35.426739, 36.443783>, 0.100000
	pigment { color rgbt <1,0,0,0> }
	no_shadow
}
cylinder {
	<25.755472, 35.618382, 36.454029>,  <25.995657, 35.937786, 36.471107>, 0.100000
	pigment { color rgbt <1,0,0,0> }
	no_shadow
}

// particle -1
sphere {
	<25.755472, 35.618382, 36.454029> 0.100000
	pigment { color rgbt <1,0,0,0> }
	no_shadow
}
sphere {
	0, 1
	scale<0.080000,0.200000,0.300000>
	matrix <0.476619, -0.314516, -0.820923,
		0.642090, -0.513281, 0.569441,
		-0.600463, -0.798513, -0.042692,
		25.575333, 35.378826, 36.441223>
	pigment { color rgbt <0,1,1,0> }
	no_shadow
}
cylinder {
	<26.390081, 35.416294, 36.208790>,  <25.995657, 35.937786, 36.471107>, 0.130000
	pigment { color rgbt <1,0,0,0> }
	no_shadow
}

// nucleotide -1

// particle -1
sphere {
	<26.390081, 35.416294, 36.208790> 0.250000
	pigment { color rgbt <1,0,0,0> }
	no_shadow
}
cylinder {
	<26.023457, 35.272434, 36.138859>,  <25.803482, 35.186119, 36.096901>, 0.100000
	pigment { color rgbt <1,0,0,0> }
	no_shadow
}
cylinder {
	<26.023457, 35.272434, 36.138859>,  <26.390081, 35.416294, 36.208790>, 0.100000
	pigment { color rgbt <1,0,0,0> }
	no_shadow
}

// particle -1
sphere {
	<26.023457, 35.272434, 36.138859> 0.100000
	pigment { color rgbt <1,0,0,0> }
	no_shadow
}
sphere {
	0, 1
	scale<0.080000,0.200000,0.300000>
	matrix <0.308830, -0.358885, -0.880810,
		0.254042, -0.861308, 0.440012,
		-0.916562, -0.359652, -0.174826,
		25.748487, 35.164539, 36.086411>
	pigment { color rgbt <0,1,1,0> }
	no_shadow
}
cylinder {
	<26.531496, 34.787788, 36.031078>,  <26.390081, 35.416294, 36.208790>, 0.130000
	pigment { color rgbt <1,0,0,0> }
	no_shadow
}

// nucleotide -1

// particle -1
sphere {
	<26.531496, 34.787788, 36.031078> 0.250000
	pigment { color rgbt <1,0,0,0> }
	no_shadow
}
cylinder {
	<26.176342, 34.900425, 35.885551>,  <25.963249, 34.968006, 35.798237>, 0.100000
	pigment { color rgbt <1,0,0,0> }
	no_shadow
}
cylinder {
	<26.176342, 34.900425, 35.885551>,  <26.531496, 34.787788, 36.031078>, 0.100000
	pigment { color rgbt <1,0,0,0> }
	no_shadow
}

// particle -1
sphere {
	<26.176342, 34.900425, 35.885551> 0.100000
	pigment { color rgbt <1,0,0,0> }
	no_shadow
}
sphere {
	0, 1
	scale<0.080000,0.200000,0.300000>
	matrix <0.137507, -0.592216, -0.793960,
		-0.439033, -0.754973, 0.487099,
		-0.887886, 0.281595, -0.363816,
		25.909977, 34.984905, 35.776405>
	pigment { color rgbt <0,1,1,0> }
	no_shadow
}
cylinder {
	<25.950037, 34.221310, 35.832840>,  <26.531496, 34.787788, 36.031078>, 0.130000
	pigment { color rgbt <1,0,0,0> }
	no_shadow
}

// nucleotide -1

// particle -1
sphere {
	<25.950037, 34.221310, 35.832840> 0.250000
	pigment { color rgbt <1,0,0,0> }
	no_shadow
}
cylinder {
	<25.934458, 34.549709, 35.605000>,  <25.925110, 34.746750, 35.468296>, 0.100000
	pigment { color rgbt <1,0,0,0> }
	no_shadow
}
cylinder {
	<25.934458, 34.549709, 35.605000>,  <25.950037, 34.221310, 35.832840>, 0.100000
	pigment { color rgbt <1,0,0,0> }
	no_shadow
}

// particle -1
sphere {
	<25.934458, 34.549709, 35.605000> 0.100000
	pigment { color rgbt <1,0,0,0> }
	no_shadow
}
sphere {
	0, 1
	scale<0.080000,0.200000,0.300000>
	matrix <0.202792, -0.551676, -0.809030,
		-0.978447, -0.147022, -0.145004,
		-0.038950, 0.820999, -0.569600,
		25.922773, 34.796009, 35.434120>
	pigment { color rgbt <0,1,1,0> }
	no_shadow
}
cylinder {
	<25.568321, 34.068298, 35.194569>,  <25.950037, 34.221310, 35.832840>, 0.130000
	pigment { color rgbt <1,0,0,0> }
	no_shadow
}

// nucleotide -1

// particle -1
sphere {
	<25.568321, 34.068298, 35.194569> 0.250000
	pigment { color rgbt <1,0,0,0> }
	no_shadow
}
cylinder {
	<25.824263, 34.360146, 35.098034>,  <25.977827, 34.535255, 35.040112>, 0.100000
	pigment { color rgbt <1,0,0,0> }
	no_shadow
}
cylinder {
	<25.824263, 34.360146, 35.098034>,  <25.568321, 34.068298, 35.194569>, 0.100000
	pigment { color rgbt <1,0,0,0> }
	no_shadow
}

// particle -1
sphere {
	<25.824263, 34.360146, 35.098034> 0.100000
	pigment { color rgbt <1,0,0,0> }
	no_shadow
}
sphere {
	0, 1
	scale<0.080000,0.200000,0.300000>
	matrix <0.180294, -0.447793, -0.875771,
		-0.747050, 0.516852, -0.418067,
		0.639852, 0.729620, -0.241339,
		26.016218, 34.579033, 35.025631>
	pigment { color rgbt <0,1,1,0> }
	no_shadow
}
cylinder {
	<25.411892, 34.314671, 34.568077>,  <25.568321, 34.068298, 35.194569>, 0.130000
	pigment { color rgbt <1,0,0,0> }
	no_shadow
}

// nucleotide -1

// particle -1
sphere {
	<25.411892, 34.314671, 34.568077> 0.250000
	pigment { color rgbt <1,0,0,0> }
	no_shadow
}
cylinder {
	<25.796288, 34.410763, 34.622913>,  <26.026924, 34.468418, 34.655815>, 0.100000
	pigment { color rgbt <1,0,0,0> }
	no_shadow
}
cylinder {
	<25.796288, 34.410763, 34.622913>,  <25.411892, 34.314671, 34.568077>, 0.100000
	pigment { color rgbt <1,0,0,0> }
	no_shadow
}

// particle -1
sphere {
	<25.796288, 34.410763, 34.622913> 0.100000
	pigment { color rgbt <1,0,0,0> }
	no_shadow
}
sphere {
	0, 1
	scale<0.080000,0.200000,0.300000>
	matrix <0.241027, -0.484191, -0.841110,
		-0.135684, 0.841337, -0.523203,
		0.960987, 0.240231, 0.137088,
		26.084583, 34.482834, 34.664040>
	pigment { color rgbt <0,1,1,0> }
	no_shadow
}
cylinder {
	<25.584829, 34.559986, 33.973076>,  <25.411892, 34.314671, 34.568077>, 0.130000
	pigment { color rgbt <1,0,0,0> }
	no_shadow
}

// nucleotide -1

// particle -1
sphere {
	<25.584829, 34.559986, 33.973076> 0.250000
	pigment { color rgbt <1,0,0,0> }
	no_shadow
}
cylinder {
	<25.899849, 34.417797, 34.174435>,  <26.088861, 34.332485, 34.295250>, 0.100000
	pigment { color rgbt <1,0,0,0> }
	no_shadow
}
cylinder {
	<25.899849, 34.417797, 34.174435>,  <25.584829, 34.559986, 33.973076>, 0.100000
	pigment { color rgbt <1,0,0,0> }
	no_shadow
}

// particle -1
sphere {
	<25.899849, 34.417797, 34.174435> 0.100000
	pigment { color rgbt <1,0,0,0> }
	no_shadow
}
sphere {
	0, 1
	scale<0.080000,0.200000,0.300000>
	matrix <0.306696, -0.482427, -0.820488,
		0.534513, 0.800564, -0.270913,
		0.787549, -0.355473, 0.503394,
		26.136114, 34.311153, 34.325451>
	pigment { color rgbt <0,1,1,0> }
	no_shadow
}
cylinder {
	<26.267353, 34.792183, 33.743954>,  <25.584829, 34.559986, 33.973076>, 0.130000
	pigment { color rgbt <1,0,0,0> }
	no_shadow
}

// nucleotide -1

// particle -1
sphere {
	<26.267353, 34.792183, 33.743954> 0.250000
	pigment { color rgbt <1,0,0,0> }
	no_shadow
}
cylinder {
	<26.326479, 34.433201, 33.910194>,  <26.361954, 34.217812, 34.009937>, 0.100000
	pigment { color rgbt <1,0,0,0> }
	no_shadow
}
cylinder {
	<26.326479, 34.433201, 33.910194>,  <26.267353, 34.792183, 33.743954>, 0.100000
	pigment { color rgbt <1,0,0,0> }
	no_shadow
}

// particle -1
sphere {
	<26.326479, 34.433201, 33.910194> 0.100000
	pigment { color rgbt <1,0,0,0> }
	no_shadow
}
sphere {
	0, 1
	scale<0.080000,0.200000,0.300000>
	matrix <0.447893, -0.313915, -0.837168,
		0.881785, 0.309889, 0.355563,
		0.147813, -0.897455, 0.415603,
		26.370823, 34.163963, 34.034874>
	pigment { color rgbt <0,1,1,0> }
	no_shadow
}
cylinder {
	<26.887852, 34.600094, 33.400879>,  <26.267353, 34.792183, 33.743954>, 0.130000
	pigment { color rgbt <1,0,0,0> }
	no_shadow
}

// nucleotide -1

// particle -1
sphere {
	<26.887852, 34.600094, 33.400879> 0.250000
	pigment { color rgbt <1,0,0,0> }
	no_shadow
}
cylinder {
	<26.762636, 34.258995, 33.568127>,  <26.687508, 34.054337, 33.668476>, 0.100000
	pigment { color rgbt <1,0,0,0> }
	no_shadow
}
cylinder {
	<26.762636, 34.258995, 33.568127>,  <26.887852, 34.600094, 33.400879>, 0.100000
	pigment { color rgbt <1,0,0,0> }
	no_shadow
}

// particle -1
sphere {
	<26.762636, 34.258995, 33.568127> 0.100000
	pigment { color rgbt <1,0,0,0> }
	no_shadow
}
sphere {
	0, 1
	scale<0.080000,0.200000,0.300000>
	matrix <0.283880, -0.504134, -0.815635,
		0.906322, -0.136629, 0.399891,
		-0.313038, -0.852749, 0.418122,
		26.668724, 34.003170, 33.693562>
	pigment { color rgbt <0,1,1,0> }
	no_shadow
}
cylinder {
	<27.396498, 34.092594, 33.172588>,  <26.887852, 34.600094, 33.400879>, 0.130000
	pigment { color rgbt <1,0,0,0> }
	no_shadow
}

// nucleotide -1

// particle -1
sphere {
	<27.396498, 34.092594, 33.172588> 0.250000
	pigment { color rgbt <1,0,0,0> }
	no_shadow
}
cylinder {
	<27.060188, 33.894726, 33.260590>,  <26.858402, 33.776005, 33.313389>, 0.100000
	pigment { color rgbt <1,0,0,0> }
	no_shadow
}
cylinder {
	<27.060188, 33.894726, 33.260590>,  <27.396498, 34.092594, 33.172588>, 0.100000
	pigment { color rgbt <1,0,0,0> }
	no_shadow
}

// particle -1
sphere {
	<27.060188, 33.894726, 33.260590> 0.100000
	pigment { color rgbt <1,0,0,0> }
	no_shadow
}
sphere {
	0, 1
	scale<0.080000,0.200000,0.300000>
	matrix <0.080658, -0.516287, -0.852609,
		0.535346, -0.699105, 0.473979,
		-0.840773, -0.494671, 0.220003,
		26.807957, 33.746323, 33.326591>
	pigment { color rgbt <0,1,1,0> }
	no_shadow
}
cylinder {
	<27.527990, 33.349056, 33.190090>,  <27.396498, 34.092594, 33.172588>, 0.130000
	pigment { color rgbt <1,0,0,0> }
	no_shadow
}

// nucleotide -1

// particle -1
sphere {
	<27.527990, 33.349056, 33.190090> 0.250000
	pigment { color rgbt <1,0,0,0> }
	no_shadow
}
cylinder {
	<27.138744, 33.408894, 33.120045>,  <26.905197, 33.444798, 33.078018>, 0.100000
	pigment { color rgbt <1,0,0,0> }
	no_shadow
}
cylinder {
	<27.138744, 33.408894, 33.120045>,  <27.527990, 33.349056, 33.190090>, 0.100000
	pigment { color rgbt <1,0,0,0> }
	no_shadow
}

// particle -1
sphere {
	<27.138744, 33.408894, 33.120045> 0.100000
	pigment { color rgbt <1,0,0,0> }
	no_shadow
}
sphere {
	0, 1
	scale<0.080000,0.200000,0.300000>
	matrix <0.019116, -0.705249, -0.708701,
		-0.229520, -0.692996, 0.683430,
		-0.973116, 0.149597, -0.175116,
		26.846809, 33.453773, 33.067509>
	pigment { color rgbt <0,1,1,0> }
	no_shadow
}
cylinder {
	<27.859581, 32.943596, 33.841434>,  <27.527990, 33.349056, 33.190090>, 0.130000
	pigment { color rgbt <1,0,0,0> }
	no_shadow
}

// nucleotide -1

// particle -1
sphere {
	<27.859581, 32.943596, 33.841434> 0.250000
	pigment { color rgbt <1,0,0,0> }
	no_shadow
}
cylinder {
	<27.497805, 32.998436, 33.679848>,  <27.280739, 33.031342, 33.582893>, 0.100000
	pigment { color rgbt <1,0,0,0> }
	no_shadow
}
cylinder {
	<27.497805, 32.998436, 33.679848>,  <27.859581, 32.943596, 33.841434>, 0.100000
	pigment { color rgbt <1,0,0,0> }
	no_shadow
}

// particle -1
sphere {
	<27.497805, 32.998436, 33.679848> 0.100000
	pigment { color rgbt <1,0,0,0> }
	no_shadow
}
sphere {
	0, 1
	scale<0.080000,0.200000,0.300000>
	matrix <0.207384, -0.686225, -0.697200,
		-0.372798, -0.714353, 0.592218,
		-0.904441, 0.137098, -0.403968,
		27.226473, 33.039566, 33.558659>
	pigment { color rgbt <0,1,1,0> }
	no_shadow
}
cylinder {
	<27.540796, 32.215527, 33.761742>,  <27.859581, 32.943596, 33.841434>, 0.130000
	pigment { color rgbt <1,0,0,0> }
	no_shadow
}

// nucleotide -1

// particle -1
sphere {
	<27.540796, 32.215527, 33.761742> 0.250000
	pigment { color rgbt <1,0,0,0> }
	no_shadow
}
cylinder {
	<27.387596, 32.470734, 33.494534>,  <27.295677, 32.623856, 33.334209>, 0.100000
	pigment { color rgbt <1,0,0,0> }
	no_shadow
}
cylinder {
	<27.387596, 32.470734, 33.494534>,  <27.540796, 32.215527, 33.761742>, 0.100000
	pigment { color rgbt <1,0,0,0> }
	no_shadow
}

// particle -1
sphere {
	<27.387596, 32.470734, 33.494534> 0.100000
	pigment { color rgbt <1,0,0,0> }
	no_shadow
}
sphere {
	0, 1
	scale<0.080000,0.200000,0.300000>
	matrix <0.141991, -0.673903, -0.725047,
		-0.912770, -0.372545, 0.167512,
		-0.382999, 0.638016, -0.668017,
		27.272696, 32.662140, 33.294128>
	pigment { color rgbt <0,1,1,0> }
	no_shadow
}
cylinder {
	<27.265326, 31.791451, 33.215534>,  <27.540796, 32.215527, 33.761742>, 0.130000
	pigment { color rgbt <1,0,0,0> }
	no_shadow
}

// nucleotide -1

// particle -1
sphere {
	<27.265326, 31.791451, 33.215534> 0.250000
	pigment { color rgbt <1,0,0,0> }
	no_shadow
}
cylinder {
	<27.344637, 32.147800, 33.052059>,  <27.392223, 32.361610, 32.953972>, 0.100000
	pigment { color rgbt <1,0,0,0> }
	no_shadow
}
cylinder {
	<27.344637, 32.147800, 33.052059>,  <27.265326, 31.791451, 33.215534>, 0.100000
	pigment { color rgbt <1,0,0,0> }
	no_shadow
}

// particle -1
sphere {
	<27.344637, 32.147800, 33.052059> 0.100000
	pigment { color rgbt <1,0,0,0> }
	no_shadow
}
sphere {
	0, 1
	scale<0.080000,0.200000,0.300000>
	matrix <0.349528, -0.453823, -0.819680,
		-0.915706, 0.019675, -0.401368,
		0.198277, 0.890875, -0.408692,
		27.404119, 32.415062, 32.929451>
	pigment { color rgbt <0,1,1,0> }
	no_shadow
}
cylinder {
	<27.010870, 31.633316, 32.571869>,  <27.265326, 31.791451, 33.215534>, 0.130000
	pigment { color rgbt <1,0,0,0> }
	no_shadow
}

// nucleotide -1

// particle -1
sphere {
	<27.010870, 31.633316, 32.571869> 0.250000
	pigment { color rgbt <1,0,0,0> }
	no_shadow
}
cylinder {
	<27.278570, 31.925503, 32.626308>,  <27.439190, 32.100815, 32.658970>, 0.100000
	pigment { color rgbt <1,0,0,0> }
	no_shadow
}
cylinder {
	<27.278570, 31.925503, 32.626308>,  <27.010870, 31.633316, 32.571869>, 0.100000
	pigment { color rgbt <1,0,0,0> }
	no_shadow
}

// particle -1
sphere {
	<27.278570, 31.925503, 32.626308> 0.100000
	pigment { color rgbt <1,0,0,0> }
	no_shadow
}
sphere {
	0, 1
	scale<0.080000,0.200000,0.300000>
	matrix <0.523683, -0.333765, -0.783809,
		-0.527121, 0.595837, -0.605906,
		0.669252, 0.730465, 0.136095,
		27.479345, 32.144642, 32.667137>
	pigment { color rgbt <0,1,1,0> }
	no_shadow
}
cylinder {
	<27.165445, 32.066586, 31.898935>,  <27.010870, 31.633316, 32.571869>, 0.130000
	pigment { color rgbt <1,0,0,0> }
	no_shadow
}

// nucleotide -1

// particle -1
sphere {
	<27.165445, 32.066586, 31.898935> 0.250000
	pigment { color rgbt <1,0,0,0> }
	no_shadow
}
cylinder {
	<27.452179, 32.008762, 32.171772>,  <27.624220, 31.974070, 32.335476>, 0.100000
	pigment { color rgbt <1,0,0,0> }
	no_shadow
}
cylinder {
	<27.452179, 32.008762, 32.171772>,  <27.165445, 32.066586, 31.898935>, 0.100000
	pigment { color rgbt <1,0,0,0> }
	no_shadow
}

// particle -1
sphere {
	<27.452179, 32.008762, 32.171772> 0.100000
	pigment { color rgbt <1,0,0,0> }
	no_shadow
}
sphere {
	0, 1
	scale<0.080000,0.200000,0.300000>
	matrix <0.518525, -0.543483, -0.660119,
		0.466130, 0.826879, -0.314632,
		0.716836, -0.144557, 0.682092,
		27.667231, 31.965395, 32.376400>
	pigment { color rgbt <0,1,1,0> }
	no_shadow
}
cylinder {
	<27.636925, 32.597237, 32.044785>,  <27.165445, 32.066586, 31.898935>, 0.130000
	pigment { color rgbt <1,0,0,0> }
	no_shadow
}

// nucleotide -1

// particle -1
sphere {
	<27.636925, 32.597237, 32.044785> 0.250000
	pigment { color rgbt <1,0,0,0> }
	no_shadow
}
cylinder {
	<27.334030, 32.441540, 32.254578>,  <27.152294, 32.348122, 32.380455>, 0.100000
	pigment { color rgbt <1,0,0,0> }
	no_shadow
}
cylinder {
	<27.334030, 32.441540, 32.254578>,  <27.636925, 32.597237, 32.044785>, 0.100000
	pigment { color rgbt <1,0,0,0> }
	no_shadow
}

// particle -1
sphere {
	<27.334030, 32.441540, 32.254578> 0.100000
	pigment { color rgbt <1,0,0,0> }
	no_shadow
}
sphere {
	0, 1
	scale<0.080000,0.200000,0.300000>
	matrix <-0.023831, 0.818950, 0.573369,
		-0.652706, 0.421678, -0.629415,
		-0.757237, -0.389241, 0.524485,
		27.106859, 32.324768, 32.411922>
	pigment { color rgbt <0,1,1,0> }
	no_shadow
}
cylinder {
	<27.248854, 33.210888, 32.213646>,  <27.636925, 32.597237, 32.044785>, 0.130000
	pigment { color rgbt <1,0,0,0> }
	no_shadow
}

// nucleotide -1

// particle -1
sphere {
	<27.248854, 33.210888, 32.213646> 0.250000
	pigment { color rgbt <1,0,0,0> }
	no_shadow
}
cylinder {
	<27.119938, 32.920486, 32.456646>,  <27.042587, 32.746246, 32.602444>, 0.100000
	pigment { color rgbt <1,0,0,0> }
	no_shadow
}
cylinder {
	<27.119938, 32.920486, 32.456646>,  <27.248854, 33.210888, 32.213646>, 0.100000
	pigment { color rgbt <1,0,0,0> }
	no_shadow
}

// particle -1
sphere {
	<27.119938, 32.920486, 32.456646> 0.100000
	pigment { color rgbt <1,0,0,0> }
	no_shadow
}
sphere {
	0, 1
	scale<0.080000,0.200000,0.300000>
