// switches for output
#declare DRAW_BASES = 1; // possible values are 0, 1; only relevant for DNA ribbons
#declare DRAW_BASES_TYPE = 3; // possible values are 1, 2, 3; only relevant for DNA ribbons
#declare DRAW_FOG = 0; // set to 1 to enable fog

#include "colors.inc"

#include "transforms.inc"
background { rgb <1, 1, 1>}

#default {
   normal{
       ripples 0.25
       frequency 0.20
       turbulence 0.2
       lambda 5
   }
	finish {
		phong 0.1
		phong_size 40.
	}
}

// original window dimensions: 1024x640


// camera settings

camera {
	sky <0, 0.179814, -0.983701>
	up <0, 0.179814, -0.983701>
	right 1.6 * <1, 0, 0>
	location <35, 94.9851, 44.8844>
	look_at <35, 29.7336, 32.9568>
	direction <0, -65.2515, -11.9276>
	angle 67.0682
}


# declare cpy_camera_pos = <35, 94.9851, 44.8844>;
# if (DRAW_FOG = 1)
fog {
	fog_type 2
	up vnormalize(cpy_camera_pos)
	color rgbt<1,1,1,0.3>
	distance 1e-5
	fog_alt 3e-3
	fog_offset 56
}
# end


// LIGHTS

# declare lum = 6;
global_settings {
	ambient_light rgb lum * <0.05, 0.05, 0.05>
	max_trace_level 15
}# declare cpy_direct_light_amount = 0.25;
light_source
{	1000 * <-1, -1.16352, -0.803886>,
	rgb lum * cpy_direct_light_amount
	parallel
}

light_source
{	1000 * <1, 1.16352, 0.803886>,
	rgb lum * cpy_direct_light_amount
	parallel
}

// strand 0

// nucleotide -1

// particle -1
sphere {
	<24.072821, 35.097633, 34.607105> 0.250000
	pigment { color rgbt <1,0,0,0> }
	no_shadow
}
cylinder {
	<24.442019, 35.069733, 34.758480>,  <24.663536, 35.052994, 34.849304>, 0.100000
	pigment { color rgbt <1,0,0,0> }
	no_shadow
}
cylinder {
	<24.442019, 35.069733, 34.758480>,  <24.072821, 35.097633, 34.607105>, 0.100000
	pigment { color rgbt <1,0,0,0> }
	no_shadow
}

// particle -1
sphere {
	<24.442019, 35.069733, 34.758480> 0.100000
	pigment { color rgbt <1,0,0,0> }
	no_shadow
}
sphere {
	0, 1
	scale<0.080000,0.200000,0.300000>
	matrix <0.063385, 0.997560, 0.029272,
		-0.379560, -0.003030, 0.925162,
		0.922994, -0.069752, 0.378442,
		24.718916, 35.048805, 34.872013>
	pigment { color rgbt <0,1,1,0> }
	no_shadow
}
cylinder {
	<24.093624, 35.521980, 35.308289>,  <24.072821, 35.097633, 34.607105>, 0.130000
	pigment { color rgbt <1,0,0,0> }
	no_shadow
}

// nucleotide -1

// particle -1
sphere {
	<24.093624, 35.521980, 35.308289> 0.250000
	pigment { color rgbt <1,0,0,0> }
	no_shadow
}
cylinder {
	<24.379549, 35.476116, 35.032345>,  <24.551104, 35.448597, 34.866779>, 0.100000
	pigment { color rgbt <1,0,0,0> }
	no_shadow
}
cylinder {
	<24.379549, 35.476116, 35.032345>,  <24.093624, 35.521980, 35.308289>, 0.100000
	pigment { color rgbt <1,0,0,0> }
	no_shadow
}

// particle -1
sphere {
	<24.379549, 35.476116, 35.032345> 0.100000
	pigment { color rgbt <1,0,0,0> }
	no_shadow
}
sphere {
	0, 1
	scale<0.080000,0.200000,0.300000>
	matrix <-0.076189, 0.967828, -0.239800,
		0.695156, 0.223971, 0.683078,
		0.714810, -0.114656, -0.689855,
		24.593992, 35.441719, 34.825390>
	pigment { color rgbt <0,1,1,0> }
	no_shadow
}
cylinder {
	<24.706280, 35.753551, 35.494568>,  <24.093624, 35.521980, 35.308289>, 0.130000
	pigment { color rgbt <1,0,0,0> }
	no_shadow
}

// nucleotide -1

// particle -1
sphere {
	<24.706280, 35.753551, 35.494568> 0.250000
	pigment { color rgbt <1,0,0,0> }
	no_shadow
}
cylinder {
	<24.702095, 35.781166, 35.095543>,  <24.699585, 35.797733, 34.856129>, 0.100000
	pigment { color rgbt <1,0,0,0> }
	no_shadow
}
cylinder {
	<24.702095, 35.781166, 35.095543>,  <24.706280, 35.753551, 35.494568>, 0.100000
	pigment { color rgbt <1,0,0,0> }
	no_shadow
}

// particle -1
sphere {
	<24.702095, 35.781166, 35.095543> 0.100000
	pigment { color rgbt <1,0,0,0> }
	no_shadow
}
sphere {
	0, 1
	scale<0.080000,0.200000,0.300000>
	matrix <0.259039, 0.963745, 0.063981,
		0.965810, -0.257738, -0.027964,
		-0.010460, 0.069037, -0.997559,
		24.698957, 35.801876, 34.796276>
	pigment { color rgbt <0,1,1,0> }
	no_shadow
}
cylinder {
	<25.399715, 36.157742, 35.258888>,  <24.706280, 35.753551, 35.494568>, 0.130000
	pigment { color rgbt <1,0,0,0> }
	no_shadow
}

// nucleotide -1

// particle -1
sphere {
	<25.399715, 36.157742, 35.258888> 0.250000
	pigment { color rgbt <1,0,0,0> }
	no_shadow
}
cylinder {
	<25.156309, 36.166885, 34.941605>,  <25.010265, 36.172371, 34.751232>, 0.100000
	pigment { color rgbt <1,0,0,0> }
	no_shadow
}
cylinder {
	<25.156309, 36.166885, 34.941605>,  <25.399715, 36.157742, 35.258888>, 0.100000
	pigment { color rgbt <1,0,0,0> }
	no_shadow
}

// particle -1
sphere {
	<25.156309, 36.166885, 34.941605> 0.100000
	pigment { color rgbt <1,0,0,0> }
	no_shadow
}
sphere {
	0, 1
	scale<0.080000,0.200000,0.300000>
	matrix <0.334378, 0.913898, -0.230179,
		0.719652, -0.405301, -0.563766,
		-0.608516, 0.022862, -0.793212,
		24.973755, 36.173744, 34.703640>
	pigment { color rgbt <0,1,1,0> }
	no_shadow
}
cylinder {
	<25.860054, 36.344624, 34.681797>,  <25.399715, 36.157742, 35.258888>, 0.130000
	pigment { color rgbt <1,0,0,0> }
	no_shadow
}

// nucleotide -1

// particle -1
sphere {
	<25.860054, 36.344624, 34.681797> 0.250000
	pigment { color rgbt <1,0,0,0> }
	no_shadow
}
cylinder {
	<25.477829, 36.429657, 34.600109>,  <25.248493, 36.480675, 34.551094>, 0.100000
	pigment { color rgbt <1,0,0,0> }
	no_shadow
}
cylinder {
	<25.477829, 36.429657, 34.600109>,  <25.860054, 36.344624, 34.681797>, 0.100000
	pigment { color rgbt <1,0,0,0> }
	no_shadow
}

// particle -1
sphere {
	<25.477829, 36.429657, 34.600109> 0.100000
	pigment { color rgbt <1,0,0,0> }
	no_shadow
}
sphere {
	0, 1
	scale<0.080000,0.200000,0.300000>
	matrix <0.256671, 0.940713, -0.221763,
		0.144972, -0.264327, -0.953475,
		-0.955564, 0.212580, -0.204222,
		25.191160, 36.493431, 34.538841>
	pigment { color rgbt <0,1,1,0> }
	no_shadow
}
cylinder {
	<25.733461, 36.587769, 33.922268>,  <25.860054, 36.344624, 34.681797>, 0.130000
	pigment { color rgbt <1,0,0,0> }
	no_shadow
}

// nucleotide -1

// particle -1
sphere {
	<25.733461, 36.587769, 33.922268> 0.250000
	pigment { color rgbt <1,0,0,0> }
	no_shadow
}
cylinder {
	<25.478670, 36.721710, 34.200008>,  <25.325794, 36.802074, 34.366653>, 0.100000
	pigment { color rgbt <1,0,0,0> }
	no_shadow
}
cylinder {
	<25.478670, 36.721710, 34.200008>,  <25.733461, 36.587769, 33.922268>, 0.100000
	pigment { color rgbt <1,0,0,0> }
	no_shadow
}

// particle -1
sphere {
	<25.478670, 36.721710, 34.200008> 0.100000
	pigment { color rgbt <1,0,0,0> }
	no_shadow
}
sphere {
	0, 1
	scale<0.080000,0.200000,0.300000>
	matrix <0.191487, 0.941229, -0.278247,
		-0.746719, -0.044278, -0.663664,
		-0.636980, 0.334855, 0.694355,
		25.287577, 36.822166, 34.408314>
	pigment { color rgbt <0,1,1,0> }
	no_shadow
}
cylinder {
	<25.329229, 37.064209, 33.589241>,  <25.733461, 36.587769, 33.922268>, 0.130000
	pigment { color rgbt <1,0,0,0> }
	no_shadow
}

// nucleotide -1

// particle -1
sphere {
	<25.329229, 37.064209, 33.589241> 0.250000
	pigment { color rgbt <1,0,0,0> }
	no_shadow
}
cylinder {
	<25.261127, 37.176495, 33.967068>,  <25.220266, 37.243866, 34.193764>, 0.100000
	pigment { color rgbt <1,0,0,0> }
	no_shadow
}
cylinder {
	<25.261127, 37.176495, 33.967068>,  <25.329229, 37.064209, 33.589241>, 0.100000
	pigment { color rgbt <1,0,0,0> }
	no_shadow
}

// particle -1
sphere {
	<25.261127, 37.176495, 33.967068> 0.100000
	pigment { color rgbt <1,0,0,0> }
	no_shadow
}
sphere {
	0, 1
	scale<0.080000,0.200000,0.300000>
	matrix <-0.001143, 0.958507, -0.285066,
		-0.985399, -0.049614, -0.162872,
		-0.170257, 0.280718, 0.944569,
		25.210051, 37.260712, 34.250439>
	pigment { color rgbt <0,1,1,0> }
	no_shadow
}
cylinder {
	<24.570791, 37.438759, 33.674271>,  <25.329229, 37.064209, 33.589241>, 0.130000
	pigment { color rgbt <1,0,0,0> }
	no_shadow
}

// nucleotide -1

// particle -1
sphere {
	<24.570791, 37.438759, 33.674271> 0.250000
	pigment { color rgbt <1,0,0,0> }
	no_shadow
}
cylinder {
	<24.849566, 37.561634, 33.933475>,  <25.016830, 37.635357, 34.088997>, 0.100000
	pigment { color rgbt <1,0,0,0> }
	no_shadow
}
cylinder {
	<24.849566, 37.561634, 33.933475>,  <24.570791, 37.438759, 33.674271>, 0.100000
	pigment { color rgbt <1,0,0,0> }
	no_shadow
}

// particle -1
sphere {
	<24.849566, 37.561634, 33.933475> 0.100000
	pigment { color rgbt <1,0,0,0> }
	no_shadow
}
sphere {
	0, 1
	scale<0.080000,0.200000,0.300000>
	matrix <-0.050026, 0.922235, -0.383379,
		-0.715385, 0.234774, 0.658107,
		0.696937, 0.307186, 0.648009,
		25.058647, 37.653790, 34.127876>
	pigment { color rgbt <0,1,1,0> }
	no_shadow
}
cylinder {
	<24.260412, 37.981800, 34.126362>,  <24.570791, 37.438759, 33.674271>, 0.130000
	pigment { color rgbt <1,0,0,0> }
	no_shadow
}

// nucleotide -1

// particle -1
sphere {
	<24.260412, 37.981800, 34.126362> 0.250000
	pigment { color rgbt <1,0,0,0> }
	no_shadow
}
cylinder {
	<24.654903, 38.034016, 34.085743>,  <24.891598, 38.065346, 34.061371>, 0.100000
	pigment { color rgbt <1,0,0,0> }
	no_shadow
}
cylinder {
	<24.654903, 38.034016, 34.085743>,  <24.260412, 37.981800, 34.126362>, 0.100000
	pigment { color rgbt <1,0,0,0> }
	no_shadow
}

// particle -1
sphere {
	<24.654903, 38.034016, 34.085743> 0.100000
	pigment { color rgbt <1,0,0,0> }
	no_shadow
}
sphere {
	0, 1
	scale<0.080000,0.200000,0.300000>
	matrix <-0.161409, 0.893536, -0.418976,
		0.036043, 0.429597, 0.902301,
		0.986229, 0.130538, -0.101547,
		24.950771, 38.073177, 34.055279>
	pigment { color rgbt <0,1,1,0> }
	no_shadow
}
cylinder {
	<24.395016, 38.712181, 34.391239>,  <24.260412, 37.981800, 34.126362>, 0.130000
	pigment { color rgbt <1,0,0,0> }
	no_shadow
}

// nucleotide -1

// particle -1
sphere {
	<24.395016, 38.712181, 34.391239> 0.250000
	pigment { color rgbt <1,0,0,0> }
	no_shadow
}
cylinder {
	<24.705656, 38.612522, 34.159786>,  <24.892040, 38.552727, 34.020912>, 0.100000
	pigment { color rgbt <1,0,0,0> }
	no_shadow
}
cylinder {
	<24.705656, 38.612522, 34.159786>,  <24.395016, 38.712181, 34.391239>, 0.100000
	pigment { color rgbt <1,0,0,0> }
	no_shadow
}

// particle -1
sphere {
	<24.705656, 38.612522, 34.159786> 0.100000
	pigment { color rgbt <1,0,0,0> }
	no_shadow
}
sphere {
	0, 1
	scale<0.080000,0.200000,0.300000>
	matrix <-0.103913, 0.855237, -0.507713,
		0.621366, 0.454417, 0.638286,
		0.776599, -0.249149, -0.578635,
		24.938635, 38.537777, 33.986195>
	pigment { color rgbt <0,1,1,0> }
	no_shadow
}
cylinder {
	<24.891645, 39.366028, 34.266800>,  <24.395016, 38.712181, 34.391239>, 0.130000
	pigment { color rgbt <1,0,0,0> }
	no_shadow
}

// nucleotide -1

// particle -1
sphere {
	<24.891645, 39.366028, 34.266800> 0.250000
	pigment { color rgbt <1,0,0,0> }
	no_shadow
}
cylinder {
	<24.929144, 39.108971, 33.962635>,  <24.951643, 38.954735, 33.780136>, 0.100000
	pigment { color rgbt <1,0,0,0> }
	no_shadow
}
cylinder {
	<24.929144, 39.108971, 33.962635>,  <24.891645, 39.366028, 34.266800>, 0.100000
	pigment { color rgbt <1,0,0,0> }
	no_shadow
}

// particle -1
sphere {
	<24.929144, 39.108971, 33.962635> 0.100000
	pigment { color rgbt <1,0,0,0> }
	no_shadow
}
sphere {
	0, 1
	scale<0.080000,0.200000,0.300000>
	matrix <-0.069731, 0.757659, -0.648915,
		0.993151, 0.113858, 0.026216,
		0.093747, -0.642643, -0.760409,
		24.957268, 38.916180, 33.734512>
	pigment { color rgbt <0,1,1,0> }
	no_shadow
}
cylinder {
	<25.528149, 39.527050, 33.847191>,  <24.891645, 39.366028, 34.266800>, 0.130000
	pigment { color rgbt <1,0,0,0> }
	no_shadow
}

// nucleotide -1

// particle -1
sphere {
	<25.528149, 39.527050, 33.847191> 0.250000
	pigment { color rgbt <1,0,0,0> }
	no_shadow
}
cylinder {
	<25.204350, 39.368938, 33.673542>,  <25.010071, 39.274071, 33.569351>, 0.100000
	pigment { color rgbt <1,0,0,0> }
	no_shadow
}
cylinder {
	<25.204350, 39.368938, 33.673542>,  <25.528149, 39.527050, 33.847191>, 0.100000
	pigment { color rgbt <1,0,0,0> }
	no_shadow
}

// particle -1
sphere {
	<25.204350, 39.368938, 33.673542> 0.100000
	pigment { color rgbt <1,0,0,0> }
	no_shadow
}
sphere {
	0, 1
	scale<0.080000,0.200000,0.300000>
	matrix <-0.138333, 0.847002, -0.513275,
		0.570592, -0.355442, -0.740328,
		-0.809499, -0.395283, -0.434124,
		24.961500, 39.250355, 33.543304>
	pigment { color rgbt <0,1,1,0> }
	no_shadow
}
cylinder {
	<25.480179, 39.655415, 33.113113>,  <25.528149, 39.527050, 33.847191>, 0.130000
	pigment { color rgbt <1,0,0,0> }
	no_shadow
}

// nucleotide -1

// particle -1
sphere {
	<25.480179, 39.655415, 33.113113> 0.250000
	pigment { color rgbt <1,0,0,0> }
	no_shadow
}
cylinder {
	<25.100721, 39.609455, 33.231014>,  <24.873047, 39.581879, 33.301754>, 0.100000
	pigment { color rgbt <1,0,0,0> }
	no_shadow
}
cylinder {
	<25.100721, 39.609455, 33.231014>,  <25.480179, 39.655415, 33.113113>, 0.100000
	pigment { color rgbt <1,0,0,0> }
	no_shadow
}

// particle -1
sphere {
	<25.100721, 39.609455, 33.231014> 0.100000
	pigment { color rgbt <1,0,0,0> }
	no_shadow
}
sphere {
	0, 1
	scale<0.080000,0.200000,0.300000>
	matrix <-0.257209, 0.822571, -0.507170,
		-0.184181, -0.556935, -0.809877,
		-0.948642, -0.114897, 0.294750,
		24.816130, 39.574986, 33.319439>
	pigment { color rgbt <0,1,1,0> }
	no_shadow
}
cylinder {
	<24.782507, 39.876705, 32.770405>,  <25.480179, 39.655415, 33.113113>, 0.130000
	pigment { color rgbt <1,0,0,0> }
	no_shadow
}

// nucleotide -1

// particle -1
sphere {
	<24.782507, 39.876705, 32.770405> 0.250000
	pigment { color rgbt <1,0,0,0> }
	no_shadow
}
cylinder {
	<25.032181, 39.624870, 32.585358>,  <25.181986, 39.473770, 32.474331>, 0.100000
	pigment { color rgbt <1,0,0,0> }
	no_shadow
}
cylinder {
	<25.032181, 39.624870, 32.585358>,  <24.782507, 39.876705, 32.770405>, 0.100000
	pigment { color rgbt <1,0,0,0> }
	no_shadow
}

// particle -1
sphere {
	<25.032181, 39.624870, 32.585358> 0.100000
	pigment { color rgbt <1,0,0,0> }
	no_shadow
}
sphere {
	0, 1
	scale<0.080000,0.200000,0.300000>
	matrix <0.036530, -0.567960, 0.822245,
		-0.780422, -0.530133, -0.331514,
		0.624186, -0.629588, -0.462614,
		25.219437, 39.435993, 32.446575>
	pigment { color rgbt <0,1,1,0> }
	no_shadow
}
cylinder {
	<24.470076, 39.194141, 32.626373>,  <24.782507, 39.876705, 32.770405>, 0.130000
	pigment { color rgbt <1,0,0,0> }
	no_shadow
}

// nucleotide -1

// particle -1
sphere {
	<24.470076, 39.194141, 32.626373> 0.250000
	pigment { color rgbt <1,0,0,0> }
	no_shadow
}
cylinder {
	<24.863607, 39.212090, 32.695732>,  <25.099726, 39.222858, 32.737347>, 0.100000
	pigment { color rgbt <1,0,0,0> }
	no_shadow
}
cylinder {
	<24.863607, 39.212090, 32.695732>,  <24.470076, 39.194141, 32.626373>, 0.100000
	pigment { color rgbt <1,0,0,0> }
	no_shadow
}

// particle -1
sphere {
	<24.863607, 39.212090, 32.695732> 0.100000
	pigment { color rgbt <1,0,0,0> }
	no_shadow
}
sphere {
	0, 1
	scale<0.080000,0.200000,0.300000>
	matrix <-0.114785, -0.585238, 0.802696,
		0.137499, -0.809619, -0.570623,
		0.983829, 0.044871, 0.173402,
		25.158756, 39.225552, 32.747753>
	pigment { color rgbt <0,1,1,0> }
	no_shadow
}
cylinder {
	<24.741127, 38.522915, 32.647789>,  <24.470076, 39.194141, 32.626373>, 0.130000
	pigment { color rgbt <1,0,0,0> }
	no_shadow
}

// nucleotide -1

// particle -1
sphere {
	<24.741127, 38.522915, 32.647789> 0.250000
	pigment { color rgbt <1,0,0,0> }
	no_shadow
}
cylinder {
	<24.983500, 38.739746, 32.880684>,  <25.128923, 38.869843, 33.020420>, 0.100000
	pigment { color rgbt <1,0,0,0> }
	no_shadow
}
cylinder {
	<24.983500, 38.739746, 32.880684>,  <24.741127, 38.522915, 32.647789>, 0.100000
	pigment { color rgbt <1,0,0,0> }
	no_shadow
}

// particle -1
sphere {
	<24.983500, 38.739746, 32.880684> 0.100000
	pigment { color rgbt <1,0,0,0> }
	no_shadow
}
sphere {
	0, 1
	scale<0.080000,0.200000,0.300000>
	matrix <0.012541, -0.738319, 0.674335,
		0.795419, -0.401298, -0.454168,
		0.605930, 0.542074, 0.582241,
		25.165279, 38.902367, 33.055355>
	pigment { color rgbt <0,1,1,0> }
	no_shadow
}
cylinder {
	<25.394047, 38.103458, 32.787933>,  <24.741127, 38.522915, 32.647789>, 0.130000
	pigment { color rgbt <1,0,0,0> }
	no_shadow
}

// nucleotide -1

// particle -1
sphere {
	<25.394047, 38.103458, 32.787933> 0.250000
	pigment { color rgbt <1,0,0,0> }
	no_shadow
}
cylinder {
	<25.282259, 38.374039, 33.060493>,  <25.215187, 38.536388, 33.224030>, 0.100000
	pigment { color rgbt <1,0,0,0> }
	no_shadow
}
cylinder {
	<25.282259, 38.374039, 33.060493>,  <25.394047, 38.103458, 32.787933>, 0.100000
	pigment { color rgbt <1,0,0,0> }
	no_shadow
}

// particle -1
sphere {
	<25.282259, 38.374039, 33.060493> 0.100000
	pigment { color rgbt <1,0,0,0> }
	no_shadow
}
sphere {
	0, 1
	scale<0.080000,0.200000,0.300000>
	matrix <0.085494, -0.689328, 0.719387,
		0.956341, 0.259301, 0.134813,
		-0.279468, 0.676454, 0.681402,
		25.198418, 38.576973, 33.264915>
	pigment { color rgbt <0,1,1,0> }
	no_shadow
}
cylinder {
	<25.944113, 38.109421, 33.257679>,  <25.394047, 38.103458, 32.787933>, 0.130000
	pigment { color rgbt <1,0,0,0> }
	no_shadow
}

// nucleotide -1

// particle -1
sphere {
	<25.944113, 38.109421, 33.257679> 0.250000
	pigment { color rgbt <1,0,0,0> }
	no_shadow
}
cylinder {
	<25.616198, 38.233292, 33.450367>,  <25.419449, 38.307613, 33.565979>, 0.100000
	pigment { color rgbt <1,0,0,0> }
	no_shadow
}
cylinder {
	<25.616198, 38.233292, 33.450367>,  <25.944113, 38.109421, 33.257679>, 0.100000
	pigment { color rgbt <1,0,0,0> }
	no_shadow
}

// particle -1
sphere {
	<25.616198, 38.233292, 33.450367> 0.100000
	pigment { color rgbt <1,0,0,0> }
	no_shadow
}
sphere {
	0, 1
	scale<0.080000,0.200000,0.300000>
	matrix <0.239221, -0.579093, 0.779375,
		0.520311, 0.754158, 0.400652,
		-0.819786, 0.309673, 0.481719,
		25.370262, 38.326195, 33.594883>
	pigment { color rgbt <0,1,1,0> }
	no_shadow
}
cylinder {
	<26.197922, 38.272911, 33.932682>,  <25.944113, 38.109421, 33.257679>, 0.130000
	pigment { color rgbt <1,0,0,0> }
	no_shadow
}

// nucleotide -1

// particle -1
sphere {
	<26.197922, 38.272911, 33.932682> 0.250000
	pigment { color rgbt <1,0,0,0> }
	no_shadow
}
cylinder {
	<25.802841, 38.216412, 33.959499>,  <25.565792, 38.182510, 33.975590>, 0.100000
	pigment { color rgbt <1,0,0,0> }
	no_shadow
}
cylinder {
	<25.802841, 38.216412, 33.959499>,  <26.197922, 38.272911, 33.932682>, 0.100000
	pigment { color rgbt <1,0,0,0> }
	no_shadow
}

// particle -1
sphere {
	<25.802841, 38.216412, 33.959499> 0.100000
	pigment { color rgbt <1,0,0,0> }
	no_shadow
}
sphere {
	0, 1
	scale<0.080000,0.200000,0.300000>
	matrix <0.136525, -0.570134, 0.810129,
		-0.076208, 0.809318, 0.582406,
		-0.987701, -0.141252, 0.067043,
		25.506531, 38.174038, 33.979610>
	pigment { color rgbt <0,1,1,0> }
	no_shadow
}
cylinder {
	<25.933462, 38.314064, 34.710873>,  <26.197922, 38.272911, 33.932682>, 0.130000
	pigment { color rgbt <1,0,0,0> }
	no_shadow
}

// nucleotide -1

// particle -1
sphere {
	<25.933462, 38.314064, 34.710873> 0.250000
	pigment { color rgbt <1,0,0,0> }
	no_shadow
}
cylinder {
	<25.715641, 38.097000, 34.455067>,  <25.584949, 37.966763, 34.301582>, 0.100000
	pigment { color rgbt <1,0,0,0> }
	no_shadow
}
cylinder {
	<25.715641, 38.097000, 34.455067>,  <25.933462, 38.314064, 34.710873>, 0.100000
	pigment { color rgbt <1,0,0,0> }
	no_shadow
}

// particle -1
sphere {
	<25.715641, 38.097000, 34.455067> 0.100000
	pigment { color rgbt <1,0,0,0> }
	no_shadow
}
sphere {
	0, 1
	scale<0.080000,0.200000,0.300000>
	matrix <0.053514, -0.783413, 0.619193,
		-0.837018, 0.302960, 0.455649,
		-0.544552, -0.542660, -0.639518,
		25.552275, 37.934200, 34.263210>
	pigment { color rgbt <0,1,1,0> }
	no_shadow
}
cylinder {
	<25.853685, 37.734131, 35.164673>,  <25.933462, 38.314064, 34.710873>, 0.130000
	pigment { color rgbt <1,0,0,0> }
	no_shadow
}

// nucleotide -1

// particle -1
sphere {
	<25.853685, 37.734131, 35.164673> 0.250000
	pigment { color rgbt <1,0,0,0> }
	no_shadow
}
cylinder {
	<25.555088, 37.758335, 34.899620>,  <25.375929, 37.772858, 34.740589>, 0.100000
	pigment { color rgbt <1,0,0,0> }
	no_shadow
}
cylinder {
	<25.555088, 37.758335, 34.899620>,  <25.853685, 37.734131, 35.164673>, 0.100000
	pigment { color rgbt <1,0,0,0> }
	no_shadow
}

// particle -1
sphere {
	<25.555088, 37.758335, 34.899620> 0.100000
	pigment { color rgbt <1,0,0,0> }
	no_shadow
}
sphere {
	0, 1
	scale<0.080000,0.200000,0.300000>
	matrix <-0.366805, -0.868297, 0.333936,
		-0.555159, 0.492340, 0.670373,
		-0.746493, 0.060508, -0.662636,
		25.331141, 37.776489, 34.700829>
	pigment { color rgbt <0,1,1,0> }
	no_shadow
}
cylinder {
	<25.172531, 37.682755, 35.477081>,  <25.853685, 37.734131, 35.164673>, 0.130000
	pigment { color rgbt <1,0,0,0> }
	no_shadow
}

// nucleotide -1

// particle -1
sphere {
	<25.172531, 37.682755, 35.477081> 0.250000
	pigment { color rgbt <1,0,0,0> }
	no_shadow
}
cylinder {
	<25.129108, 37.567448, 35.096531>,  <25.103056, 37.498264, 34.868202>, 0.100000
	pigment { color rgbt <1,0,0,0> }
	no_shadow
}
cylinder {
	<25.129108, 37.567448, 35.096531>,  <25.172531, 37.682755, 35.477081>, 0.100000
	pigment { color rgbt <1,0,0,0> }
	no_shadow
}

// particle -1
sphere {
	<25.129108, 37.567448, 35.096531> 0.100000
	pigment { color rgbt <1,0,0,0> }
	no_shadow
}
sphere {
	0, 1
	scale<0.080000,0.200000,0.300000>
	matrix <-0.336397, -0.889919, 0.308029,
		-0.935443, 0.353478, -0.000367,
		-0.108555, -0.288267, -0.951377,
		25.096542, 37.480968, 34.811119>
	pigment { color rgbt <0,1,1,0> }
	no_shadow
}
cylinder {
	<24.546095, 37.308514, 35.398777>,  <25.172531, 37.682755, 35.477081>, 0.130000
	pigment { color rgbt <1,0,0,0> }
	no_shadow
}

// nucleotide -1

// particle -1
sphere {
	<24.546095, 37.308514, 35.398777> 0.250000
	pigment { color rgbt <1,0,0,0> }
	no_shadow
}
cylinder {
	<24.779190, 37.166309, 35.106468>,  <24.919048, 37.080986, 34.931084>, 0.100000
	pigment { color rgbt <1,0,0,0> }
	no_shadow
}
cylinder {
	<24.779190, 37.166309, 35.106468>,  <24.546095, 37.308514, 35.398777>, 0.100000
	pigment { color rgbt <1,0,0,0> }
	no_shadow
}

// particle -1
sphere {
	<24.779190, 37.166309, 35.106468> 0.100000
	pigment { color rgbt <1,0,0,0> }
	no_shadow
}
sphere {
	0, 1
	scale<0.080000,0.200000,0.300000>
	matrix <-0.215026, -0.934638, 0.283223,
		-0.783695, -0.007911, -0.621096,
		0.582740, -0.355512, -0.730770,
		24.954012, 37.059654, 34.887238>
	pigment { color rgbt <0,1,1,0> }
	no_shadow
}
cylinder {
	<24.128014, 36.830048, 34.901897>,  <24.546095, 37.308514, 35.398777>, 0.130000
	pigment { color rgbt <1,0,0,0> }
	no_shadow
}

// nucleotide -1

// particle -1
sphere {
	<24.128014, 36.830048, 34.901897> 0.250000
	pigment { color rgbt <1,0,0,0> }
	no_shadow
}
cylinder {
	<24.519808, 36.749973, 34.911137>,  <24.754885, 36.701927, 34.916679>, 0.100000
	pigment { color rgbt <1,0,0,0> }
	no_shadow
}
cylinder {
	<24.519808, 36.749973, 34.911137>,  <24.128014, 36.830048, 34.901897>, 0.100000
	pigment { color rgbt <1,0,0,0> }
	no_shadow
}

// particle -1
sphere {
	<24.519808, 36.749973, 34.911137> 0.100000
	pigment { color rgbt <1,0,0,0> }
	no_shadow
}
sphere {
	0, 1
	scale<0.080000,0.200000,0.300000>
	matrix <-0.192103, -0.892961, 0.407083,
		-0.060866, -0.403169, -0.913099,
		0.979486, -0.200186, 0.023099,
		24.813654, 36.689919, 34.918068>
	pigment { color rgbt <0,1,1,0> }
	no_shadow
}
cylinder {
	<23.946987, 36.684605, 34.166767>,  <24.128014, 36.830048, 34.901897>, 0.130000
	pigment { color rgbt <1,0,0,0> }
	no_shadow
}

// nucleotide -1

// particle -1
sphere {
	<23.946987, 36.684605, 34.166767> 0.250000
	pigment { color rgbt <1,0,0,0> }
	no_shadow
}
cylinder {
	<24.325554, 36.629459, 34.283585>,  <24.552694, 36.596371, 34.353676>, 0.100000
	pigment { color rgbt <1,0,0,0> }
	no_shadow
}
cylinder {
	<24.325554, 36.629459, 34.283585>,  <23.946987, 36.684605, 34.166767>, 0.100000
	pigment { color rgbt <1,0,0,0> }
	no_shadow
}

// particle -1
sphere {
	<24.325554, 36.629459, 34.283585> 0.100000
	pigment { color rgbt <1,0,0,0> }
	no_shadow
}
sphere {
	0, 1
	scale<0.080000,0.200000,0.300000>
	matrix <-0.196693, -0.963295, 0.182687,
		0.256137, -0.230341, -0.938796,
		0.946417, -0.137862, 0.292042,
		24.609480, 36.588100, 34.371197>
	pigment { color rgbt <0,1,1,0> }
	no_shadow
}
cylinder {
	<24.232546, 36.364059, 33.639591>,  <23.946987, 36.684605, 34.166767>, 0.130000
	pigment { color rgbt <1,0,0,0> }
	no_shadow
}

// nucleotide -1

// particle -1
sphere {
	<24.232546, 36.364059, 33.639591> 0.250000
	pigment { color rgbt <1,0,0,0> }
	no_shadow
}
cylinder {
	<24.441422, 36.290409, 33.972679>,  <24.566748, 36.246220, 34.172531>, 0.100000
	pigment { color rgbt <1,0,0,0> }
	no_shadow
}
cylinder {
	<24.441422, 36.290409, 33.972679>,  <24.232546, 36.364059, 33.639591>, 0.100000
	pigment { color rgbt <1,0,0,0> }
	no_shadow
}

// particle -1
sphere {
	<24.441422, 36.290409, 33.972679> 0.100000
	pigment { color rgbt <1,0,0,0> }
	no_shadow
}
sphere {
	0, 1
	scale<0.080000,0.200000,0.300000>
	matrix <-0.142292, -0.981539, -0.127806,
		0.840876, -0.051750, -0.538748,
		0.522189, -0.184129, 0.832716,
		24.598078, 36.235172, 34.222492>
	pigment { color rgbt <0,1,1,0> }
	no_shadow
}
cylinder {
	<24.744997, 35.975105, 33.492035>,  <24.232546, 36.364059, 33.639591>, 0.130000
	pigment { color rgbt <1,0,0,0> }
	no_shadow
}

// nucleotide -1

// particle -1
sphere {
	<24.744997, 35.975105, 33.492035> 0.250000
	pigment { color rgbt <1,0,0,0> }
	no_shadow
}
cylinder {
	<24.705935, 35.925144, 33.886974>,  <24.682497, 35.895168, 34.123940>, 0.100000
	pigment { color rgbt <1,0,0,0> }
	no_shadow
}
cylinder {
	<24.705935, 35.925144, 33.886974>,  <24.744997, 35.975105, 33.492035>, 0.100000
	pigment { color rgbt <1,0,0,0> }
	no_shadow
}

// particle -1
sphere {
	<24.705935, 35.925144, 33.886974> 0.100000
	pigment { color rgbt <1,0,0,0> }
	no_shadow
}
sphere {
	0, 1
	scale<0.080000,0.200000,0.300000>
	matrix <0.098846, -0.988406, -0.115255,
		0.990299, 0.086340, 0.108872,
		-0.097659, -0.124899, 0.987352,
		24.676638, 35.887676, 34.183178>
	pigment { color rgbt <0,1,1,0> }
	no_shadow
}
cylinder {
	<25.002483, 35.255714, 33.566814>,  <24.744997, 35.975105, 33.492035>, 0.130000
	pigment { color rgbt <1,0,0,0> }
	no_shadow
}

// nucleotide -1

// particle -1
sphere {
	<25.002483, 35.255714, 33.566814> 0.250000
	pigment { color rgbt <1,0,0,0> }
	no_shadow
}
cylinder {
	<24.789440, 35.323586, 33.898487>,  <24.661613, 35.364307, 34.097488>, 0.100000
	pigment { color rgbt <1,0,0,0> }
	no_shadow
}
cylinder {
	<24.789440, 35.323586, 33.898487>,  <25.002483, 35.255714, 33.566814>, 0.100000
	pigment { color rgbt <1,0,0,0> }
	no_shadow
}

// particle -1
sphere {
	<24.789440, 35.323586, 33.898487> 0.100000
	pigment { color rgbt <1,0,0,0> }
	no_shadow
}
sphere {
	0, 1
	scale<0.080000,0.200000,0.300000>
	matrix <-0.136357, -0.984103, 0.113792,
		0.835305, -0.052458, 0.547279,
		-0.532610, 0.169676, 0.829179,
		24.629658, 35.374489, 34.147240>
	pigment { color rgbt <0,1,1,0> }
	no_shadow
}
cylinder {
	<25.259842, 34.809860, 34.132668>,  <25.002483, 35.255714, 33.566814>, 0.130000
	pigment { color rgbt <1,0,0,0> }
	no_shadow
}

// nucleotide -1

// particle -1
sphere {
	<25.259842, 34.809860, 34.132668> 0.250000
	pigment { color rgbt <1,0,0,0> }
	no_shadow
}
cylinder {
	<24.877016, 34.912315, 34.186962>,  <24.647322, 34.973789, 34.219540>, 0.100000
	pigment { color rgbt <1,0,0,0> }
	no_shadow
}
cylinder {
	<24.877016, 34.912315, 34.186962>,  <25.259842, 34.809860, 34.132668>, 0.100000
	pigment { color rgbt <1,0,0,0> }
	no_shadow
}

// particle -1
sphere {
	<24.877016, 34.912315, 34.186962> 0.100000
	pigment { color rgbt <1,0,0,0> }
	no_shadow
}
sphere {
	0, 1
	scale<0.080000,0.200000,0.300000>
	matrix <-0.238731, -0.962054, 0.132140,
		0.164431, 0.094062, 0.981894,
		-0.957064, 0.256136, 0.135736,
		24.589897, 34.989155, 34.227684>
	pigment { color rgbt <0,1,1,0> }
	no_shadow
}
cylinder {
	<25.016642, 34.320370, 33.645889>,  <25.259842, 34.809860, 34.132668>, 0.130000
	pigment { color rgbt <1,0,0,0> }
	no_shadow
}

// nucleotide -1

// particle -1
sphere {
	<25.016642, 34.320370, 33.645889> 0.250000
	pigment { color rgbt <1,0,0,0> }
	no_shadow
}
cylinder {
	<25.325687, 34.067532, 33.622135>,  <25.511114, 33.915829, 33.607883>, 0.100000
	pigment { color rgbt <1,0,0,0> }
	no_shadow
}
cylinder {
	<25.325687, 34.067532, 33.622135>,  <25.016642, 34.320370, 33.645889>, 0.100000
	pigment { color rgbt <1,0,0,0> }
	no_shadow
}

// particle -1
sphere {
	<25.325687, 34.067532, 33.622135> 0.100000
	pigment { color rgbt <1,0,0,0> }
	no_shadow
}
sphere {
	0, 1
	scale<0.080000,0.200000,0.300000>
	matrix <0.065321, -0.013900, 0.997767,
		-0.631506, -0.774769, 0.030549,
		0.772614, -0.632092, -0.059387,
		25.557472, 33.877903, 33.604321>
	pigment { color rgbt <0,1,1,0> }
	no_shadow
}
cylinder {
	<24.810177, 33.817253, 34.167233>,  <25.016642, 34.320370, 33.645889>, 0.130000
	pigment { color rgbt <1,0,0,0> }
	no_shadow
}

// nucleotide -1

// particle -1
sphere {
	<24.810177, 33.817253, 34.167233> 0.250000
	pigment { color rgbt <1,0,0,0> }
	no_shadow
}
cylinder {
	<25.203129, 33.825882, 34.092972>,  <25.438900, 33.831059, 34.048416>, 0.100000
	pigment { color rgbt <1,0,0,0> }
	no_shadow
}
cylinder {
	<25.203129, 33.825882, 34.092972>,  <24.810177, 33.817253, 34.167233>, 0.100000
	pigment { color rgbt <1,0,0,0> }
	no_shadow
}

// particle -1
sphere {
	<25.203129, 33.825882, 34.092972> 0.100000
	pigment { color rgbt <1,0,0,0> }
	no_shadow
}
sphere {
	0, 1
	scale<0.080000,0.200000,0.300000>
	matrix <0.186665, -0.063076, 0.980397,
		0.009443, -0.997775, -0.065992,
		0.982378, 0.021576, -0.185654,
		25.497843, 33.832355, 34.037277>
	pigment { color rgbt <0,1,1,0> }
	no_shadow
}
cylinder {
	<25.182306, 33.205509, 34.429909>,  <24.810177, 33.817253, 34.167233>, 0.130000
	pigment { color rgbt <1,0,0,0> }
	no_shadow
}

// nucleotide -1

// particle -1
sphere {
	<25.182306, 33.205509, 34.429909> 0.250000
	pigment { color rgbt <1,0,0,0> }
	no_shadow
}
cylinder {
	<25.464733, 33.486942, 34.397816>,  <25.634190, 33.655804, 34.378559>, 0.100000
	pigment { color rgbt <1,0,0,0> }
	no_shadow
}
cylinder {
	<25.464733, 33.486942, 34.397816>,  <25.182306, 33.205509, 34.429909>, 0.100000
	pigment { color rgbt <1,0,0,0> }
	no_shadow
}

// particle -1
sphere {
	<25.464733, 33.486942, 34.397816> 0.100000
	pigment { color rgbt <1,0,0,0> }
	no_shadow
}
sphere {
	0, 1
	scale<0.080000,0.200000,0.300000>
	matrix <0.421774, -0.326819, 0.845752,
		0.568838, -0.630997, -0.527510,
		0.706067, 0.703586, -0.080231,
		25.676554, 33.698017, 34.373745>
	pigment { color rgbt <0,1,1,0> }
	no_shadow
}
cylinder {
	<25.878311, 32.916893, 34.502625>,  <25.182306, 33.205509, 34.429909>, 0.130000
	pigment { color rgbt <1,0,0,0> }
	no_shadow
}

// nucleotide -1

// particle -1
sphere {
	<25.878311, 32.916893, 34.502625> 0.250000
	pigment { color rgbt <1,0,0,0> }
	no_shadow
}
cylinder {
	<25.949192, 33.302208, 34.583305>,  <25.991720, 33.533398, 34.631714>, 0.100000
	pigment { color rgbt <1,0,0,0> }
	no_shadow
}
cylinder {
	<25.949192, 33.302208, 34.583305>,  <25.878311, 32.916893, 34.502625>, 0.100000
	pigment { color rgbt <1,0,0,0> }
	no_shadow
}

// particle -1
sphere {
	<25.949192, 33.302208, 34.583305> 0.100000
	pigment { color rgbt <1,0,0,0> }
	no_shadow
}
sphere {
	0, 1
	scale<0.080000,0.200000,0.300000>
	matrix <0.601432, -0.268217, 0.752555,
		0.779025, -0.012040, -0.626878,
		0.177200, 0.963283, 0.201707,
		26.002352, 33.591194, 34.643818>
	pigment { color rgbt <0,1,1,0> }
	no_shadow
}
cylinder {
	<26.552481, 32.957912, 34.785721>,  <25.878311, 32.916893, 34.502625>, 0.130000
	pigment { color rgbt <1,0,0,0> }
	no_shadow
}

// nucleotide -1

// particle -1
sphere {
	<26.552481, 32.957912, 34.785721> 0.250000
	pigment { color rgbt <1,0,0,0> }
	no_shadow
}
cylinder {
	<26.366524, 33.284710, 34.922192>,  <26.254950, 33.480789, 35.004074>, 0.100000
	pigment { color rgbt <1,0,0,0> }
	no_shadow
}
cylinder {
	<26.366524, 33.284710, 34.922192>,  <26.552481, 32.957912, 34.785721>, 0.100000
	pigment { color rgbt <1,0,0,0> }
	no_shadow
}

// particle -1
sphere {
	<26.366524, 33.284710, 34.922192> 0.100000
	pigment { color rgbt <1,0,0,0> }
	no_shadow
}
sphere {
	0, 1
	scale<0.080000,0.200000,0.300000>
	matrix <0.373139, -0.168655, 0.912317,
		0.802896, 0.551435, -0.226445,
		-0.464893, 0.816991, 0.341174,
		26.227057, 33.529808, 35.024544>
	pigment { color rgbt <0,1,1,0> }
	no_shadow
}
cylinder {
	<27.052399, 33.329262, 35.228592>,  <26.552481, 32.957912, 34.785721>, 0.130000
	pigment { color rgbt <1,0,0,0> }
	no_shadow
}

// nucleotide -1

// particle -1
sphere {
	<27.052399, 33.329262, 35.228592> 0.250000
	pigment { color rgbt <1,0,0,0> }
	no_shadow
}
cylinder {
	<26.683758, 33.429668, 35.347012>,  <26.462574, 33.489910, 35.418064>, 0.100000
	pigment { color rgbt <1,0,0,0> }
	no_shadow
}
cylinder {
	<26.683758, 33.429668, 35.347012>,  <27.052399, 33.329262, 35.228592>, 0.100000
	pigment { color rgbt <1,0,0,0> }
	no_shadow
}

// particle -1
sphere {
	<26.683758, 33.429668, 35.347012> 0.100000
	pigment { color rgbt <1,0,0,0> }
	no_shadow
}
sphere {
	0, 1
	scale<0.080000,0.200000,0.300000>
	matrix <0.292844, -0.050927, 0.954803,
		0.254746, 0.966643, -0.026574,
		-0.921600, 0.251015, 0.296049,
		26.407278, 33.504974, 35.435825>
	pigment { color rgbt <0,1,1,0> }
	no_shadow
}
cylinder {
	<26.975983, 33.967377, 35.022705>,  <27.052399, 33.329262, 35.228592>, 0.130000
	pigment { color rgbt <1,0,0,0> }
	no_shadow
}

// nucleotide -1

// particle -1
sphere {
	<26.975983, 33.967377, 35.022705> 0.250000
	pigment { color rgbt <1,0,0,0> }
	no_shadow
}
cylinder {
	<26.676691, 33.957272, 35.287891>,  <26.497116, 33.951206, 35.447002>, 0.100000
	pigment { color rgbt <1,0,0,0> }
	no_shadow
}
cylinder {
	<26.676691, 33.957272, 35.287891>,  <26.975983, 33.967377, 35.022705>, 0.100000
	pigment { color rgbt <1,0,0,0> }
	no_shadow
}

// particle -1
sphere {
	<26.676691, 33.957272, 35.287891> 0.100000
	pigment { color rgbt <1,0,0,0> }
	no_shadow
}
sphere {
	0, 1
	scale<0.080000,0.200000,0.300000>
	matrix <0.647197, -0.247579, 0.720999,
		0.145919, 0.968538, 0.201597,
		-0.748227, -0.025266, 0.662962,
		26.452223, 33.949692, 35.486778>
	pigment { color rgbt <0,1,1,0> }
	no_shadow
}
cylinder {
	<27.332924, 33.860909, 35.707596>,  <26.975983, 33.967377, 35.022705>, 0.130000
	pigment { color rgbt <1,0,0,0> }
	no_shadow
}

// nucleotide -1

// particle -1
sphere {
	<27.332924, 33.860909, 35.707596> 0.250000
	pigment { color rgbt <1,0,0,0> }
	no_shadow
}
cylinder {
	<26.943460, 33.818897, 35.788551>,  <26.709784, 33.793690, 35.837124>, 0.100000
	pigment { color rgbt <1,0,0,0> }
	no_shadow
}
cylinder {
	<26.943460, 33.818897, 35.788551>,  <27.332924, 33.860909, 35.707596>, 0.100000
	pigment { color rgbt <1,0,0,0> }
	no_shadow
}

// particle -1
sphere {
	<26.943460, 33.818897, 35.788551> 0.100000
	pigment { color rgbt <1,0,0,0> }
	no_shadow
}
sphere {
	0, 1
	scale<0.080000,0.200000,0.300000>
	matrix <0.225390, -0.308915, 0.923997,
		-0.034521, 0.945273, 0.324449,
		-0.973657, -0.105025, 0.202391,
		26.651363, 33.787388, 35.849270>
	pigment { color rgbt <0,1,1,0> }
	no_shadow
}
cylinder {
	<27.314060, 34.154633, 36.390755>,  <27.332924, 33.860909, 35.707596>, 0.130000
	pigment { color rgbt <1,0,0,0> }
	no_shadow
}

// nucleotide -1

// particle -1
sphere {
	<27.314060, 34.154633, 36.390755> 0.250000
	pigment { color rgbt <1,0,0,0> }
	no_shadow
}
cylinder {
	<26.969952, 33.958187, 36.335987>,  <26.763487, 33.840321, 36.303127>, 0.100000
	pigment { color rgbt <1,0,0,0> }
	no_shadow
}
cylinder {
	<26.969952, 33.958187, 36.335987>,  <27.314060, 34.154633, 36.390755>, 0.100000
	pigment { color rgbt <1,0,0,0> }
	no_shadow
}

// particle -1
sphere {
	<26.969952, 33.958187, 36.335987> 0.100000
	pigment { color rgbt <1,0,0,0> }
	no_shadow
}
sphere {
	0, 1
	scale<0.080000,0.200000,0.300000>
	matrix <0.101072, -0.427493, 0.898351,
		-0.499719, 0.758986, 0.417397,
		-0.860270, -0.491110, -0.136914,
		26.711870, 33.810856, 36.294914>
	pigment { color rgbt <0,1,1,0> }
	no_shadow
}
cylinder {
	<27.014400, 34.215714, 36.937721>,  <27.314060, 34.154633, 36.390755>, 0.130000
	pigment { color rgbt <1,0,0,0> }
	no_shadow
}

// nucleotide -1

// particle -1
sphere {
	<27.014400, 34.215714, 36.937721> 0.250000
	pigment { color rgbt <1,0,0,0> }
	no_shadow
}
cylinder {
	<26.871258, 33.860680, 36.821705>,  <26.785372, 33.647659, 36.752094>, 0.100000
	pigment { color rgbt <1,0,0,0> }
	no_shadow
}
cylinder {
	<26.871258, 33.860680, 36.821705>,  <27.014400, 34.215714, 36.937721>, 0.100000
	pigment { color rgbt <1,0,0,0> }
	no_shadow
}

// particle -1
sphere {
	<26.871258, 33.860680, 36.821705> 0.100000
	pigment { color rgbt <1,0,0,0> }
	no_shadow
}
sphere {
	0, 1
	scale<0.080000,0.200000,0.300000>
	matrix <0.269893, -0.395671, 0.877840,
		-0.893922, 0.235861, 0.381147,
		-0.357857, -0.887589, -0.290042,
		26.763901, 33.594402, 36.734692>
	pigment { color rgbt <0,1,1,0> }
	no_shadow
}
cylinder {
	<26.697985, 33.833443, 37.526756>,  <27.014400, 34.215714, 36.937721>, 0.130000
	pigment { color rgbt <1,0,0,0> }
	no_shadow
}

// nucleotide -1

// particle -1
sphere {
	<26.697985, 33.833443, 37.526756> 0.250000
	pigment { color rgbt <1,0,0,0> }
	no_shadow
}
cylinder {
	<26.512093, 34.151764, 37.371464>,  <26.400557, 34.342758, 37.278290>, 0.100000
	pigment { color rgbt <1,0,0,0> }
	no_shadow
}
cylinder {
	<26.512093, 34.151764, 37.371464>,  <26.697985, 33.833443, 37.526756>, 0.100000
	pigment { color rgbt <1,0,0,0> }
	no_shadow
}

// particle -1
sphere {
	<26.512093, 34.151764, 37.371464> 0.100000
	pigment { color rgbt <1,0,0,0> }
	no_shadow
}
sphere {
	0, 1
	scale<0.080000,0.200000,0.300000>
	matrix <-0.789530, -0.570914, -0.225167,
		-0.400836, 0.201878, 0.893631,
		-0.464730, 0.795803, -0.388231,
		26.372673, 34.390507, 37.254993>
	pigment { color rgbt <0,1,1,0> }
	no_shadow
}
cylinder {
	<27.245628, 33.255566, 37.359455>,  <26.697985, 33.833443, 37.526756>, 0.130000
	pigment { color rgbt <1,0,0,0> }
	no_shadow
}

// nucleotide -1

// particle -1
sphere {
	<27.245628, 33.255566, 37.359455> 0.250000
	pigment { color rgbt <1,0,0,0> }
	no_shadow
}
cylinder {
	<26.866816, 33.148273, 37.430092>,  <26.639528, 33.083897, 37.472473>, 0.100000
	pigment { color rgbt <1,0,0,0> }
	no_shadow
}
cylinder {
	<26.866816, 33.148273, 37.430092>,  <27.245628, 33.255566, 37.359455>, 0.100000
	pigment { color rgbt <1,0,0,0> }
	no_shadow
}

// particle -1
sphere {
	<26.866816, 33.148273, 37.430092> 0.100000
	pigment { color rgbt <1,0,0,0> }
	no_shadow
}
sphere {
	0, 1
	scale<0.080000,0.200000,0.300000>
	matrix <-0.255918, 0.298131, -0.919578,
		0.194007, -0.916063, -0.350984,
		-0.947031, -0.268227, 0.176597,
		26.582706, 33.067806, 37.483070>
	pigment { color rgbt <0,1,1,0> }
	no_shadow
}
cylinder {
	<26.925709, 32.743420, 36.867279>,  <27.245628, 33.255566, 37.359455>, 0.130000
	pigment { color rgbt <1,0,0,0> }
	no_shadow
}

// nucleotide -1

// particle -1
sphere {
	<26.925709, 32.743420, 36.867279> 0.250000
	pigment { color rgbt <1,0,0,0> }
	no_shadow
}
cylinder {
	<26.681170, 33.041031, 36.975117>,  <26.534447, 33.219597, 37.039818>, 0.100000
	pigment { color rgbt <1,0,0,0> }
	no_shadow
}
cylinder {
	<26.681170, 33.041031, 36.975117>,  <26.925709, 32.743420, 36.867279>, 0.100000
	pigment { color rgbt <1,0,0,0> }
	no_shadow
}

// particle -1
sphere {
	<26.681170, 33.041031, 36.975117> 0.100000
	pigment { color rgbt <1,0,0,0> }
	no_shadow
}
sphere {
	0, 1
	scale<0.080000,0.200000,0.300000>
	matrix <-0.095970, 0.268449, -0.958501,
		-0.785522, -0.611850, -0.092711,
		-0.611347, 0.744027, 0.269592,
		26.497765, 33.264240, 37.055996>
	pigment { color rgbt <0,1,1,0> }
	no_shadow
}
cylinder {
	<26.229088, 32.771862, 36.525490>,  <26.925709, 32.743420, 36.867279>, 0.130000
	pigment { color rgbt <1,0,0,0> }
	no_shadow
}

// nucleotide -1

// particle -1
sphere {
	<26.229088, 32.771862, 36.525490> 0.250000
	pigment { color rgbt <1,0,0,0> }
	no_shadow
}
cylinder {
	<26.303219, 33.154949, 36.613522>,  <26.347698, 33.384800, 36.666340>, 0.100000
	pigment { color rgbt <1,0,0,0> }
	no_shadow
}
cylinder {
	<26.303219, 33.154949, 36.613522>,  <26.229088, 32.771862, 36.525490>, 0.100000
	pigment { color rgbt <1,0,0,0> }
	no_shadow
}

// particle -1
sphere {
	<26.303219, 33.154949, 36.613522> 0.100000
	pigment { color rgbt <1,0,0,0> }
	no_shadow
}
sphere {
	0, 1
	scale<0.080000,0.200000,0.300000>
	matrix <-0.286511, 0.266891, -0.920153,
