// switches for output
#declare DRAW_BASES = 1; // possible values are 0, 1; only relevant for DNA ribbons
#declare DRAW_BASES_TYPE = 3; // possible values are 1, 2, 3; only relevant for DNA ribbons
#declare DRAW_FOG = 0; // set to 1 to enable fog

#include "colors.inc"

#include "transforms.inc"
background { rgb <1, 1, 1>}

#default {
   normal{
       ripples 0.25
       frequency 0.20
       turbulence 0.2
       lambda 5
   }
	finish {
		phong 0.1
		phong_size 40.
	}
}

// original window dimensions: 1024x640


// camera settings

camera {
	sky <0, 0.179814, -0.983701>
	up <0, 0.179814, -0.983701>
	right 1.6 * <1, 0, 0>
	location <35, 94.9851, 44.8844>
	look_at <35, 29.7336, 32.9568>
	direction <0, -65.2515, -11.9276>
	angle 67.0682
}


# declare cpy_camera_pos = <35, 94.9851, 44.8844>;
# if (DRAW_FOG = 1)
fog {
	fog_type 2
	up vnormalize(cpy_camera_pos)
	color rgbt<1,1,1,0.3>
	distance 1e-5
	fog_alt 3e-3
	fog_offset 56
}
# end


// LIGHTS

# declare lum = 6;
global_settings {
	ambient_light rgb lum * <0.05, 0.05, 0.05>
	max_trace_level 15
}# declare cpy_direct_light_amount = 0.25;
light_source
{	1000 * <-1, -1.16352, -0.803886>,
	rgb lum * cpy_direct_light_amount
	parallel
}

light_source
{	1000 * <1, 1.16352, 0.803886>,
	rgb lum * cpy_direct_light_amount
	parallel
}

// strand 0

// nucleotide -1

// particle -1
sphere {
	<24.154001, 34.402393, 35.026932> 0.250000
	pigment { color rgbt <1,0,0,0> }
	no_shadow
}
cylinder {
	<24.209724, 34.790745, 35.104889>,  <24.243158, 35.023758, 35.151665>, 0.100000
	pigment { color rgbt <1,0,0,0> }
	no_shadow
}
cylinder {
	<24.209724, 34.790745, 35.104889>,  <24.154001, 34.402393, 35.026932>, 0.100000
	pigment { color rgbt <1,0,0,0> }
	no_shadow
}

// particle -1
sphere {
	<24.209724, 34.790745, 35.104889> 0.100000
	pigment { color rgbt <1,0,0,0> }
	no_shadow
}
sphere {
	0, 1
	scale<0.080000,0.200000,0.300000>
	matrix <0.818088, -0.223733, 0.529788,
		0.557966, 0.085639, -0.825433,
		0.139306, 0.970881, 0.194896,
		24.251516, 35.082008, 35.163357>
	pigment { color rgbt <0,1,1,0> }
	no_shadow
}
cylinder {
	<24.377220, 34.452751, 34.322056>,  <24.154001, 34.402393, 35.026932>, 0.130000
	pigment { color rgbt <1,0,0,0> }
	no_shadow
}

// nucleotide -1

// particle -1
sphere {
	<24.377220, 34.452751, 34.322056> 0.250000
	pigment { color rgbt <1,0,0,0> }
	no_shadow
}
cylinder {
	<24.513844, 34.696701, 34.608101>,  <24.595818, 34.843071, 34.779728>, 0.100000
	pigment { color rgbt <1,0,0,0> }
	no_shadow
}
cylinder {
	<24.513844, 34.696701, 34.608101>,  <24.377220, 34.452751, 34.322056>, 0.100000
	pigment { color rgbt <1,0,0,0> }
	no_shadow
}

// particle -1
sphere {
	<24.513844, 34.696701, 34.608101> 0.100000
	pigment { color rgbt <1,0,0,0> }
	no_shadow
}
sphere {
	0, 1
	scale<0.080000,0.200000,0.300000>
	matrix <0.930280, -0.111022, -0.349647,
		-0.133848, 0.784682, -0.605276,
		0.341561, 0.609876, 0.715114,
		24.616312, 34.879665, 34.822636>
	pigment { color rgbt <0,1,1,0> }
	no_shadow
}
cylinder {
	<24.731951, 35.043785, 33.982567>,  <24.377220, 34.452751, 34.322056>, 0.130000
	pigment { color rgbt <1,0,0,0> }
	no_shadow
}

// nucleotide -1

// particle -1
sphere {
	<24.731951, 35.043785, 33.982567> 0.250000
	pigment { color rgbt <1,0,0,0> }
	no_shadow
}
cylinder {
	<24.848196, 34.941021, 34.351250>,  <24.917944, 34.879364, 34.572460>, 0.100000
	pigment { color rgbt <1,0,0,0> }
	no_shadow
}
cylinder {
	<24.848196, 34.941021, 34.351250>,  <24.731951, 35.043785, 33.982567>, 0.100000
	pigment { color rgbt <1,0,0,0> }
	no_shadow
}

// particle -1
sphere {
	<24.848196, 34.941021, 34.351250> 0.100000
	pigment { color rgbt <1,0,0,0> }
	no_shadow
}
sphere {
	0, 1
	scale<0.080000,0.200000,0.300000>
	matrix <0.927101, -0.162692, -0.337663,
		0.236702, 0.952643, 0.190900,
		0.290614, -0.256909, 0.921706,
		24.935381, 34.863949, 34.627762>
	pigment { color rgbt <0,1,1,0> }
	no_shadow
}
cylinder {
	<25.391233, 35.447437, 34.055355>,  <24.731951, 35.043785, 33.982567>, 0.130000
	pigment { color rgbt <1,0,0,0> }
	no_shadow
}

// nucleotide -1

// particle -1
sphere {
	<25.391233, 35.447437, 34.055355> 0.250000
	pigment { color rgbt <1,0,0,0> }
	no_shadow
}
cylinder {
	<25.389622, 35.142639, 34.314384>,  <25.388655, 34.959763, 34.469803>, 0.100000
	pigment { color rgbt <1,0,0,0> }
	no_shadow
}
cylinder {
	<25.389622, 35.142639, 34.314384>,  <25.391233, 35.447437, 34.055355>, 0.100000
	pigment { color rgbt <1,0,0,0> }
	no_shadow
}

// particle -1
sphere {
	<25.389622, 35.142639, 34.314384> 0.100000
	pigment { color rgbt <1,0,0,0> }
	no_shadow
}
sphere {
	0, 1
	scale<0.080000,0.200000,0.300000>
	matrix <0.947043, -0.210835, -0.242196,
		0.321083, 0.612303, 0.722489,
		-0.004029, -0.761993, 0.647573,
		25.388412, 34.914040, 34.508656>
	pigment { color rgbt <0,1,1,0> }
	no_shadow
}
cylinder {
	<25.986794, 35.467201, 34.513683>,  <25.391233, 35.447437, 34.055355>, 0.130000
	pigment { color rgbt <1,0,0,0> }
	no_shadow
}

// nucleotide -1

// particle -1
sphere {
	<25.986794, 35.467201, 34.513683> 0.250000
	pigment { color rgbt <1,0,0,0> }
	no_shadow
}
cylinder {
	<25.892746, 35.078636, 34.500580>,  <25.836317, 34.845497, 34.492718>, 0.100000
	pigment { color rgbt <1,0,0,0> }
	no_shadow
}
cylinder {
	<25.892746, 35.078636, 34.500580>,  <25.986794, 35.467201, 34.513683>, 0.100000
	pigment { color rgbt <1,0,0,0> }
	no_shadow
}

// particle -1
sphere {
	<25.892746, 35.078636, 34.500580> 0.100000
	pigment { color rgbt <1,0,0,0> }
	no_shadow
}
sphere {
	0, 1
	scale<0.080000,0.200000,0.300000>
	matrix <0.956289, -0.225165, -0.186580,
		0.173871, -0.075194, 0.981894,
		-0.235118, -0.971415, -0.032757,
		25.822210, 34.787212, 34.490753>
	pigment { color rgbt <0,1,1,0> }
	no_shadow
}
cylinder {
	<26.642466, 35.319466, 34.584743>,  <25.986794, 35.467201, 34.513683>, 0.130000
	pigment { color rgbt <1,0,0,0> }
	no_shadow
}

// nucleotide -1

// particle -1
sphere {
	<26.642466, 35.319466, 34.584743> 0.250000
	pigment { color rgbt <1,0,0,0> }
	no_shadow
}
cylinder {
	<26.505642, 34.972290, 34.440697>,  <26.423548, 34.763985, 34.354271>, 0.100000
	pigment { color rgbt <1,0,0,0> }
	no_shadow
}
cylinder {
	<26.505642, 34.972290, 34.440697>,  <26.642466, 35.319466, 34.584743>, 0.100000
	pigment { color rgbt <1,0,0,0> }
	no_shadow
}

// particle -1
sphere {
	<26.505642, 34.972290, 34.440697> 0.100000
	pigment { color rgbt <1,0,0,0> }
	no_shadow
}
sphere {
	0, 1
	scale<0.080000,0.200000,0.300000>
	matrix <0.916256, -0.223036, -0.332761,
		0.208498, -0.443779, 0.871544,
		-0.342058, -0.867937, -0.360113,
		26.403025, 34.711910, 34.332664>
	pigment { color rgbt <0,1,1,0> }
	no_shadow
}
cylinder {
	<27.110943, 34.855679, 34.773560>,  <26.642466, 35.319466, 34.584743>, 0.130000
	pigment { color rgbt <1,0,0,0> }
	no_shadow
}

// nucleotide -1

// particle -1
sphere {
	<27.110943, 34.855679, 34.773560> 0.250000
	pigment { color rgbt <1,0,0,0> }
	no_shadow
}
cylinder {
	<26.912024, 34.686657, 34.470470>,  <26.792673, 34.585243, 34.288616>, 0.100000
	pigment { color rgbt <1,0,0,0> }
	no_shadow
}
cylinder {
	<26.912024, 34.686657, 34.470470>,  <27.110943, 34.855679, 34.773560>, 0.100000
	pigment { color rgbt <1,0,0,0> }
	no_shadow
}

// particle -1
sphere {
	<26.912024, 34.686657, 34.470470> 0.100000
	pigment { color rgbt <1,0,0,0> }
	no_shadow
}
sphere {
	0, 1
	scale<0.080000,0.200000,0.300000>
	matrix <0.854234, -0.391087, -0.342543,
		-0.151595, -0.817620, 0.555442,
		-0.497296, -0.422550, -0.757726,
		26.762835, 34.559891, 34.243153>
	pigment { color rgbt <0,1,1,0> }
	no_shadow
}
cylinder {
	<27.421236, 34.077816, 34.724243>,  <27.110943, 34.855679, 34.773560>, 0.130000
	pigment { color rgbt <1,0,0,0> }
	no_shadow
}

// nucleotide -1

// particle -1
sphere {
	<27.421236, 34.077816, 34.724243> 0.250000
	pigment { color rgbt <1,0,0,0> }
	no_shadow
}
cylinder {
	<27.248341, 34.190052, 34.381447>,  <27.144604, 34.257393, 34.175770>, 0.100000
	pigment { color rgbt <1,0,0,0> }
	no_shadow
}
cylinder {
	<27.248341, 34.190052, 34.381447>,  <27.421236, 34.077816, 34.724243>, 0.100000
	pigment { color rgbt <1,0,0,0> }
	no_shadow
}

// particle -1
sphere {
	<27.248341, 34.190052, 34.381447> 0.100000
	pigment { color rgbt <1,0,0,0> }
	no_shadow
}
sphere {
	0, 1
	scale<0.080000,0.200000,0.300000>
	matrix <0.806327, -0.305237, -0.506623,
		-0.403739, -0.910000, -0.094312,
		-0.432239, 0.280590, -0.856994,
		27.118670, 34.274227, 34.124348>
	pigment { color rgbt <0,1,1,0> }
	no_shadow
}
cylinder {
	<27.439888, 33.469311, 34.312298>,  <27.421236, 34.077816, 34.724243>, 0.130000
	pigment { color rgbt <1,0,0,0> }
	no_shadow
}

// nucleotide -1

// particle -1
sphere {
	<27.439888, 33.469311, 34.312298> 0.250000
	pigment { color rgbt <1,0,0,0> }
	no_shadow
}
cylinder {
	<27.432831, 33.787800, 34.070400>,  <27.428596, 33.978893, 33.925262>, 0.100000
	pigment { color rgbt <1,0,0,0> }
	no_shadow
}
cylinder {
	<27.432831, 33.787800, 34.070400>,  <27.439888, 33.469311, 34.312298>, 0.100000
	pigment { color rgbt <1,0,0,0> }
	no_shadow
}

// particle -1
sphere {
	<27.432831, 33.787800, 34.070400> 0.100000
	pigment { color rgbt <1,0,0,0> }
	no_shadow
}
sphere {
	0, 1
	scale<0.080000,0.200000,0.300000>
	matrix <0.720877, -0.408993, -0.559518,
		-0.692838, -0.445821, -0.566762,
		-0.017643, 0.796222, -0.604748,
		27.427538, 34.026665, 33.888977>
	pigment { color rgbt <0,1,1,0> }
	no_shadow
}
cylinder {
	<27.510456, 33.210403, 33.683914>,  <27.439888, 33.469311, 34.312298>, 0.130000
	pigment { color rgbt <1,0,0,0> }
	no_shadow
}

// nucleotide -1

// particle -1
sphere {
	<27.510456, 33.210403, 33.683914> 0.250000
	pigment { color rgbt <1,0,0,0> }
	no_shadow
}
cylinder {
	<27.589981, 33.591141, 33.590561>,  <27.637697, 33.819584, 33.534550>, 0.100000
	pigment { color rgbt <1,0,0,0> }
	no_shadow
}
cylinder {
	<27.589981, 33.591141, 33.590561>,  <27.510456, 33.210403, 33.683914>, 0.100000
	pigment { color rgbt <1,0,0,0> }
	no_shadow
}

// particle -1
sphere {
	<27.589981, 33.591141, 33.590561> 0.100000
	pigment { color rgbt <1,0,0,0> }
	no_shadow
}
sphere {
	0, 1
	scale<0.080000,0.200000,0.300000>
	matrix <0.640257, -0.306441, -0.704390,
		-0.741986, -0.009381, -0.670350,
		0.198815, 0.951844, -0.233381,
		27.649626, 33.876694, 33.520546>
	pigment { color rgbt <0,1,1,0> }
	no_shadow
}
cylinder {
	<27.425863, 33.245445, 32.917889>,  <27.510456, 33.210403, 33.683914>, 0.130000
	pigment { color rgbt <1,0,0,0> }
	no_shadow
}

// nucleotide -1

// particle -1
sphere {
	<27.425863, 33.245445, 32.917889> 0.250000
	pigment { color rgbt <1,0,0,0> }
	no_shadow
}
cylinder {
	<27.657936, 33.538593, 33.060036>,  <27.797180, 33.714481, 33.145325>, 0.100000
	pigment { color rgbt <1,0,0,0> }
	no_shadow
}
cylinder {
	<27.657936, 33.538593, 33.060036>,  <27.425863, 33.245445, 32.917889>, 0.100000
	pigment { color rgbt <1,0,0,0> }
	no_shadow
}

// particle -1
sphere {
	<27.657936, 33.538593, 33.060036> 0.100000
	pigment { color rgbt <1,0,0,0> }
	no_shadow
}
sphere {
	0, 1
	scale<0.080000,0.200000,0.300000>
	matrix <0.749899, -0.310378, -0.584224,
		-0.317865, 0.605445, -0.729656,
		0.580184, 0.732873, 0.355364,
		27.831991, 33.758453, 33.166645>
	pigment { color rgbt <0,1,1,0> }
	no_shadow
}
cylinder {
	<27.715647, 33.750790, 32.340439>,  <27.425863, 33.245445, 32.917889>, 0.130000
	pigment { color rgbt <1,0,0,0> }
	no_shadow
}

// nucleotide -1

// particle -1
sphere {
	<27.715647, 33.750790, 32.340439> 0.250000
	pigment { color rgbt <1,0,0,0> }
	no_shadow
}
cylinder {
	<27.964272, 33.744160, 32.653717>,  <28.113445, 33.740181, 32.841682>, 0.100000
	pigment { color rgbt <1,0,0,0> }
	no_shadow
}
cylinder {
	<27.964272, 33.744160, 32.653717>,  <27.715647, 33.750790, 32.340439>, 0.100000
	pigment { color rgbt <1,0,0,0> }
	no_shadow
}

// particle -1
sphere {
	<27.964272, 33.744160, 32.653717> 0.100000
	pigment { color rgbt <1,0,0,0> }
	no_shadow
}
sphere {
	0, 1
	scale<0.080000,0.200000,0.300000>
	matrix <0.746192, -0.291800, -0.598373,
		0.238454, 0.956336, -0.169003,
		0.621560, -0.016575, 0.783191,
		28.150740, 33.739185, 32.888676>
	pigment { color rgbt <0,1,1,0> }
	no_shadow
}
cylinder {
	<28.288025, 33.405132, 31.996351>,  <27.715647, 33.750790, 32.340439>, 0.130000
	pigment { color rgbt <1,0,0,0> }
	no_shadow
}

// nucleotide -1

// particle -1
sphere {
	<28.288025, 33.405132, 31.996351> 0.250000
	pigment { color rgbt <1,0,0,0> }
	no_shadow
}
cylinder {
	<28.665304, 33.441334, 32.124218>,  <28.891672, 33.463055, 32.200939>, 0.100000
	pigment { color rgbt <1,0,0,0> }
	no_shadow
}
cylinder {
	<28.665304, 33.441334, 32.124218>,  <28.288025, 33.405132, 31.996351>, 0.100000
	pigment { color rgbt <1,0,0,0> }
	no_shadow
}

// particle -1
sphere {
	<28.665304, 33.441334, 32.124218> 0.100000
	pigment { color rgbt <1,0,0,0> }
	no_shadow
}
sphere {
	0, 1
	scale<0.080000,0.200000,0.300000>
	matrix <-0.316667, 0.535948, 0.782612,
		-0.100498, -0.839386, 0.534164,
		0.943198, 0.090501, 0.319667,
		28.948263, 33.468483, 32.220119>
	pigment { color rgbt <0,1,1,0> }
	no_shadow
}
cylinder {
	<28.485983, 33.065453, 32.655697>,  <28.288025, 33.405132, 31.996351>, 0.130000
	pigment { color rgbt <1,0,0,0> }
	no_shadow
}

// nucleotide -1

// particle -1
sphere {
	<28.485983, 33.065453, 32.655697> 0.250000
	pigment { color rgbt <1,0,0,0> }
	no_shadow
}
cylinder {
	<28.693232, 33.402214, 32.595375>,  <28.817581, 33.604271, 32.559181>, 0.100000
	pigment { color rgbt <1,0,0,0> }
	no_shadow
}
cylinder {
	<28.693232, 33.402214, 32.595375>,  <28.485983, 33.065453, 32.655697>, 0.100000
	pigment { color rgbt <1,0,0,0> }
	no_shadow
}

// particle -1
sphere {
	<28.693232, 33.402214, 32.595375> 0.100000
	pigment { color rgbt <1,0,0,0> }
	no_shadow
}
sphere {
	0, 1
	scale<0.080000,0.200000,0.300000>
	matrix <-0.553068, 0.464279, 0.691781,
		0.652431, -0.275021, 0.706185,
		0.518121, 0.841908, -0.150804,
		28.848667, 33.654785, 32.550133>
	pigment { color rgbt <0,1,1,0> }
	no_shadow
}
cylinder {
	<28.639872, 33.325474, 33.308193>,  <28.485983, 33.065453, 32.655697>, 0.130000
	pigment { color rgbt <1,0,0,0> }
	no_shadow
}

// nucleotide -1

// particle -1
sphere {
	<28.639872, 33.325474, 33.308193> 0.250000
	pigment { color rgbt <1,0,0,0> }
	no_shadow
}
cylinder {
	<28.633989, 33.625481, 33.043694>,  <28.630459, 33.805485, 32.884995>, 0.100000
	pigment { color rgbt <1,0,0,0> }
	no_shadow
}
cylinder {
	<28.633989, 33.625481, 33.043694>,  <28.639872, 33.325474, 33.308193>, 0.100000
	pigment { color rgbt <1,0,0,0> }
	no_shadow
}

// particle -1
sphere {
	<28.633989, 33.625481, 33.043694> 0.100000
	pigment { color rgbt <1,0,0,0> }
	no_shadow
}
sphere {
	0, 1
	scale<0.080000,0.200000,0.300000>
	matrix <-0.515652, 0.560908, 0.647677,
		0.856672, 0.350501, 0.378500,
		-0.014708, 0.750021, -0.661250,
		28.629578, 33.850487, 32.845318>
	pigment { color rgbt <0,1,1,0> }
	no_shadow
}
cylinder {
	<28.924234, 33.939056, 33.718094>,  <28.639872, 33.325474, 33.308193>, 0.130000
	pigment { color rgbt <1,0,0,0> }
	no_shadow
}

// nucleotide -1

// particle -1
sphere {
	<28.924234, 33.939056, 33.718094> 0.250000
	pigment { color rgbt <1,0,0,0> }
	no_shadow
}
cylinder {
	<28.677979, 33.995171, 33.407917>,  <28.530224, 34.028839, 33.221813>, 0.100000
	pigment { color rgbt <1,0,0,0> }
	no_shadow
}
cylinder {
	<28.677979, 33.995171, 33.407917>,  <28.924234, 33.939056, 33.718094>, 0.100000
	pigment { color rgbt <1,0,0,0> }
	no_shadow
}

// particle -1
sphere {
	<28.677979, 33.995171, 33.407917> 0.100000
	pigment { color rgbt <1,0,0,0> }
	no_shadow
}
sphere {
	0, 1
	scale<0.080000,0.200000,0.300000>
	matrix <-0.671517, 0.421542, 0.609399,
		0.412372, 0.895891, -0.165312,
		-0.615641, 0.140289, -0.775438,
		28.493286, 34.037258, 33.175285>
	pigment { color rgbt <0,1,1,0> }
	no_shadow
}
cylinder {
	<28.687729, 34.717468, 33.650673>,  <28.924234, 33.939056, 33.718094>, 0.130000
	pigment { color rgbt <1,0,0,0> }
	no_shadow
}

// nucleotide -1

// particle -1
sphere {
	<28.687729, 34.717468, 33.650673> 0.250000
	pigment { color rgbt <1,0,0,0> }
	no_shadow
}
cylinder {
	<28.432274, 34.469559, 33.468235>,  <28.279001, 34.320812, 33.358772>, 0.100000
	pigment { color rgbt <1,0,0,0> }
	no_shadow
}
cylinder {
	<28.432274, 34.469559, 33.468235>,  <28.687729, 34.717468, 33.650673>, 0.100000
	pigment { color rgbt <1,0,0,0> }
	no_shadow
}

// particle -1
sphere {
	<28.432274, 34.469559, 33.468235> 0.100000
	pigment { color rgbt <1,0,0,0> }
	no_shadow
}
sphere {
	0, 1
	scale<0.080000,0.200000,0.300000>
	matrix <-0.767326, 0.468334, 0.438034,
		-0.057877, 0.629719, -0.774664,
		-0.638639, -0.619772, -0.456094,
		28.240683, 34.283627, 33.331406>
	pigment { color rgbt <0,1,1,0> }
	no_shadow
}
cylinder {
	<27.969828, 35.085087, 33.337509>,  <28.687729, 34.717468, 33.650673>, 0.130000
	pigment { color rgbt <1,0,0,0> }
	no_shadow
}

// nucleotide -1

// particle -1
sphere {
	<27.969828, 35.085087, 33.337509> 0.250000
	pigment { color rgbt <1,0,0,0> }
	no_shadow
}
cylinder {
	<27.860191, 34.706532, 33.405880>,  <27.794411, 34.479397, 33.446903>, 0.100000
	pigment { color rgbt <1,0,0,0> }
	no_shadow
}
cylinder {
	<27.860191, 34.706532, 33.405880>,  <27.969828, 35.085087, 33.337509>, 0.100000
	pigment { color rgbt <1,0,0,0> }
	no_shadow
}

// particle -1
sphere {
	<27.860191, 34.706532, 33.405880> 0.100000
	pigment { color rgbt <1,0,0,0> }
	no_shadow
}
sphere {
	0, 1
	scale<0.080000,0.200000,0.300000>
	matrix <-0.905846, 0.313751, 0.284612,
		-0.322985, -0.076828, -0.943281,
		-0.274089, -0.946392, 0.170931,
		27.777966, 34.422615, 33.457161>
	pigment { color rgbt <0,1,1,0> }
	no_shadow
}
cylinder {
	<27.345127, 35.030384, 33.028419>,  <27.969828, 35.085087, 33.337509>, 0.130000
	pigment { color rgbt <1,0,0,0> }
	no_shadow
}

// nucleotide -1

// particle -1
sphere {
	<27.345127, 35.030384, 33.028419> 0.250000
	pigment { color rgbt <1,0,0,0> }
	no_shadow
}
cylinder {
	<27.369661, 34.738533, 33.300854>,  <27.384382, 34.563423, 33.464314>, 0.100000
	pigment { color rgbt <1,0,0,0> }
	no_shadow
}
cylinder {
	<27.369661, 34.738533, 33.300854>,  <27.345127, 35.030384, 33.028419>, 0.100000
	pigment { color rgbt <1,0,0,0> }
	no_shadow
}

// particle -1
sphere {
	<27.369661, 34.738533, 33.300854> 0.100000
	pigment { color rgbt <1,0,0,0> }
	no_shadow
}
sphere {
	0, 1
	scale<0.080000,0.200000,0.300000>
	matrix <-0.966336, 0.127412, 0.223521,
		-0.249866, -0.671868, -0.697252,
		0.061338, -0.729630, 0.681085,
		27.388063, 34.519646, 33.505180>
	pigment { color rgbt <0,1,1,0> }
	no_shadow
}
cylinder {
	<26.699120, 34.569180, 32.955498>,  <27.345127, 35.030384, 33.028419>, 0.130000
	pigment { color rgbt <1,0,0,0> }
	no_shadow
}

// nucleotide -1

// particle -1
sphere {
	<26.699120, 34.569180, 32.955498> 0.250000
	pigment { color rgbt <1,0,0,0> }
	no_shadow
}
cylinder {
	<26.832397, 34.486702, 33.323513>,  <26.912363, 34.437218, 33.544323>, 0.100000
	pigment { color rgbt <1,0,0,0> }
	no_shadow
}
cylinder {
	<26.832397, 34.486702, 33.323513>,  <26.699120, 34.569180, 32.955498>, 0.100000
	pigment { color rgbt <1,0,0,0> }
	no_shadow
}

// particle -1
sphere {
	<26.832397, 34.486702, 33.323513> 0.100000
	pigment { color rgbt <1,0,0,0> }
	no_shadow
}
sphere {
	0, 1
	scale<0.080000,0.200000,0.300000>
	matrix <-0.940592, -0.005062, 0.339502,
		-0.065345, -0.978498, -0.195629,
		0.333192, -0.206192, 0.920036,
		26.932356, 34.424843, 33.599525>
	pigment { color rgbt <0,1,1,0> }
	no_shadow
}
cylinder {
	<26.021158, 34.408062, 32.629147>,  <26.699120, 34.569180, 32.955498>, 0.130000
	pigment { color rgbt <1,0,0,0> }
	no_shadow
}

// nucleotide -1

// particle -1
sphere {
	<26.021158, 34.408062, 32.629147> 0.250000
	pigment { color rgbt <1,0,0,0> }
	no_shadow
}
cylinder {
	<25.837294, 34.086121, 32.478989>,  <25.726974, 33.892956, 32.388893>, 0.100000
	pigment { color rgbt <1,0,0,0> }
	no_shadow
}
cylinder {
	<25.837294, 34.086121, 32.478989>,  <26.021158, 34.408062, 32.629147>, 0.100000
	pigment { color rgbt <1,0,0,0> }
	no_shadow
}

// particle -1
sphere {
	<25.837294, 34.086121, 32.478989> 0.100000
	pigment { color rgbt <1,0,0,0> }
	no_shadow
}
sphere {
	0, 1
	scale<0.080000,0.200000,0.300000>
	matrix <0.204486, 0.315418, -0.926659,
		0.864233, -0.502710, 0.019597,
		-0.459660, -0.804856, -0.375392,
		25.699396, 33.844666, 32.366371>
	pigment { color rgbt <0,1,1,0> }
	no_shadow
}
cylinder {
	<26.166590, 34.058060, 33.233479>,  <26.021158, 34.408062, 32.629147>, 0.130000
	pigment { color rgbt <1,0,0,0> }
	no_shadow
}

// nucleotide -1

// particle -1
sphere {
	<26.166590, 34.058060, 33.233479> 0.250000
	pigment { color rgbt <1,0,0,0> }
	no_shadow
}
cylinder {
	<26.358910, 34.214573, 33.547352>,  <26.474302, 34.308479, 33.735676>, 0.100000
	pigment { color rgbt <1,0,0,0> }
	no_shadow
}
cylinder {
	<26.358910, 34.214573, 33.547352>,  <26.166590, 34.058060, 33.233479>, 0.100000
	pigment { color rgbt <1,0,0,0> }
	no_shadow
}

// particle -1
sphere {
	<26.358910, 34.214573, 33.547352> 0.100000
	pigment { color rgbt <1,0,0,0> }
	no_shadow
}
sphere {
	0, 1
	scale<0.080000,0.200000,0.300000>
	matrix <-0.819410, -0.118019, 0.560927,
		0.312090, -0.912670, 0.263880,
		0.480799, 0.391286, 0.784684,
		26.503149, 34.331959, 33.782757>
	pigment { color rgbt <0,1,1,0> }
	no_shadow
}
cylinder {
	<25.942303, 33.650856, 33.703327>,  <26.166590, 34.058060, 33.233479>, 0.130000
	pigment { color rgbt <1,0,0,0> }
	no_shadow
}

// nucleotide -1

// particle -1
sphere {
	<25.942303, 33.650856, 33.703327> 0.250000
	pigment { color rgbt <1,0,0,0> }
	no_shadow
}
cylinder {
	<26.095301, 33.950211, 33.920074>,  <26.187099, 34.129822, 34.050121>, 0.100000
	pigment { color rgbt <1,0,0,0> }
	no_shadow
}
cylinder {
	<26.095301, 33.950211, 33.920074>,  <25.942303, 33.650856, 33.703327>, 0.100000
	pigment { color rgbt <1,0,0,0> }
	no_shadow
}

// particle -1
sphere {
	<26.095301, 33.950211, 33.920074> 0.100000
	pigment { color rgbt <1,0,0,0> }
	no_shadow
}
sphere {
	0, 1
	scale<0.080000,0.200000,0.300000>
	matrix <-0.690802, -0.157829, 0.705609,
		0.613588, -0.644214, 0.456616,
		0.382496, 0.748384, 0.541866,
		26.210049, 34.174725, 34.082634>
	pigment { color rgbt <0,1,1,0> }
	no_shadow
}
cylinder {
	<25.423424, 33.678371, 34.151043>,  <25.942303, 33.650856, 33.703327>, 0.130000
	pigment { color rgbt <1,0,0,0> }
	no_shadow
}

// nucleotide -1

// particle -1
sphere {
	<25.423424, 33.678371, 34.151043> 0.250000
	pigment { color rgbt <1,0,0,0> }
	no_shadow
}
cylinder {
	<25.648314, 33.967995, 34.310863>,  <25.783247, 34.141769, 34.406757>, 0.100000
	pigment { color rgbt <1,0,0,0> }
	no_shadow
}
cylinder {
	<25.648314, 33.967995, 34.310863>,  <25.423424, 33.678371, 34.151043>, 0.100000
	pigment { color rgbt <1,0,0,0> }
	no_shadow
}

// particle -1
sphere {
	<25.648314, 33.967995, 34.310863> 0.100000
	pigment { color rgbt <1,0,0,0> }
	no_shadow
}
sphere {
	0, 1
	scale<0.080000,0.200000,0.300000>
	matrix <-0.761313, 0.264479, 0.591991,
		0.322965, -0.637014, 0.699934,
		0.562224, 0.724061, 0.399549,
		25.816982, 34.185211, 34.430729>
	pigment { color rgbt <0,1,1,0> }
	no_shadow
}
cylinder {
	<25.438284, 33.662151, 34.855972>,  <25.423424, 33.678371, 34.151043>, 0.130000
	pigment { color rgbt <1,0,0,0> }
	no_shadow
}

// nucleotide -1

// particle -1
sphere {
	<25.438284, 33.662151, 34.855972> 0.250000
	pigment { color rgbt <1,0,0,0> }
	no_shadow
}
cylinder {
	<25.534325, 34.036797, 34.753910>,  <25.591949, 34.261585, 34.692673>, 0.100000
	pigment { color rgbt <1,0,0,0> }
	no_shadow
}
cylinder {
	<25.534325, 34.036797, 34.753910>,  <25.438284, 33.662151, 34.855972>, 0.100000
	pigment { color rgbt <1,0,0,0> }
	no_shadow
}

// particle -1
sphere {
	<25.534325, 34.036797, 34.753910> 0.100000
	pigment { color rgbt <1,0,0,0> }
	no_shadow
}
sphere {
	0, 1
	scale<0.080000,0.200000,0.300000>
	matrix <-0.598823, 0.349778, 0.720463,
		0.764043, -0.020193, 0.644849,
		0.240102, 0.936615, -0.255154,
		25.606356, 34.317780, 34.677364>
	pigment { color rgbt <0,1,1,0> }
	no_shadow
}
cylinder {
	<25.339025, 34.018238, 35.464466>,  <25.438284, 33.662151, 34.855972>, 0.130000
	pigment { color rgbt <1,0,0,0> }
	no_shadow
}

// nucleotide -1

// particle -1
sphere {
	<25.339025, 34.018238, 35.464466> 0.250000
	pigment { color rgbt <1,0,0,0> }
	no_shadow
}
cylinder {
	<25.359760, 34.294540, 35.175976>,  <25.372200, 34.460323, 35.002884>, 0.100000
	pigment { color rgbt <1,0,0,0> }
	no_shadow
}
cylinder {
	<25.359760, 34.294540, 35.175976>,  <25.339025, 34.018238, 35.464466>, 0.100000
	pigment { color rgbt <1,0,0,0> }
	no_shadow
}

// particle -1
sphere {
	<25.359760, 34.294540, 35.175976> 0.100000
	pigment { color rgbt <1,0,0,0> }
	no_shadow
}
sphere {
	0, 1
	scale<0.080000,0.200000,0.300000>
	matrix <-0.638276, 0.578351, 0.508048,
		0.768060, 0.434005, 0.470875,
		0.051836, 0.690760, -0.721224,
		25.375311, 34.501770, 34.959610>
	pigment { color rgbt <0,1,1,0> }
	no_shadow
}
cylinder {
	<25.601400, 34.749641, 35.767586>,  <25.339025, 34.018238, 35.464466>, 0.130000
	pigment { color rgbt <1,0,0,0> }
	no_shadow
}

// nucleotide -1

// particle -1
sphere {
	<25.601400, 34.749641, 35.767586> 0.250000
	pigment { color rgbt <1,0,0,0> }
	no_shadow
}
cylinder {
	<25.370340, 34.777706, 35.442280>,  <25.231705, 34.794544, 35.247097>, 0.100000
	pigment { color rgbt <1,0,0,0> }
	no_shadow
}
cylinder {
	<25.370340, 34.777706, 35.442280>,  <25.601400, 34.749641, 35.767586>, 0.100000
	pigment { color rgbt <1,0,0,0> }
	no_shadow
}

// particle -1
sphere {
	<25.370340, 34.777706, 35.442280> 0.100000
	pigment { color rgbt <1,0,0,0> }
	no_shadow
}
sphere {
	0, 1
	scale<0.080000,0.200000,0.300000>
	matrix <-0.530290, 0.725173, 0.439223,
		0.620575, 0.684983, -0.381687,
		-0.577649, 0.070166, -0.813264,
		25.197046, 34.798756, 35.198299>
	pigment { color rgbt <0,1,1,0> }
	no_shadow
}
cylinder {
	<25.047447, 35.184769, 35.814751>,  <25.601400, 34.749641, 35.767586>, 0.130000
	pigment { color rgbt <1,0,0,0> }
	no_shadow
}

// nucleotide -1

// particle -1
sphere {
	<25.047447, 35.184769, 35.814751> 0.250000
	pigment { color rgbt <1,0,0,0> }
	no_shadow
}
cylinder {
	<25.356922, 35.212200, 35.562813>,  <25.542606, 35.228657, 35.411652>, 0.100000
	pigment { color rgbt <1,0,0,0> }
	no_shadow
}
cylinder {
	<25.356922, 35.212200, 35.562813>,  <25.047447, 35.184769, 35.814751>, 0.100000
	pigment { color rgbt <1,0,0,0> }
	no_shadow
}

// particle -1
sphere {
	<25.356922, 35.212200, 35.562813> 0.100000
	pigment { color rgbt <1,0,0,0> }
	no_shadow
}
sphere {
	0, 1
	scale<0.080000,0.200000,0.300000>
	matrix <-0.591882, 0.432869, -0.679927,
		0.226014, 0.898845, 0.375494,
		0.773688, 0.068575, -0.629845,
		25.589029, 35.232773, 35.373859>
	pigment { color rgbt <0,1,1,0> }
	no_shadow
}
cylinder {
	<25.011711, 35.869308, 35.571949>,  <25.047447, 35.184769, 35.814751>, 0.130000
	pigment { color rgbt <1,0,0,0> }
	no_shadow
}

// nucleotide -1

// particle -1
sphere {
	<25.011711, 35.869308, 35.571949> 0.250000
	pigment { color rgbt <1,0,0,0> }
	no_shadow
}
cylinder {
	<25.182716, 35.598446, 35.332386>,  <25.285320, 35.435928, 35.188648>, 0.100000
	pigment { color rgbt <1,0,0,0> }
	no_shadow
}
cylinder {
	<25.182716, 35.598446, 35.332386>,  <25.011711, 35.869308, 35.571949>, 0.100000
	pigment { color rgbt <1,0,0,0> }
	no_shadow
}

// particle -1
sphere {
	<25.182716, 35.598446, 35.332386> 0.100000
	pigment { color rgbt <1,0,0,0> }
	no_shadow
}
sphere {
	0, 1
	scale<0.080000,0.200000,0.300000>
	matrix <-0.470548, 0.398990, -0.787014,
		0.771891, 0.618273, -0.148062,
		0.427514, -0.677160, -0.598904,
		25.310970, 35.395298, 35.152714>
	pigment { color rgbt <0,1,1,0> }
	no_shadow
}
cylinder {
	<25.178572, 36.158150, 34.874897>,  <25.011711, 35.869308, 35.571949>, 0.130000
	pigment { color rgbt <1,0,0,0> }
	no_shadow
}

// nucleotide -1

// particle -1
sphere {
	<25.178572, 36.158150, 34.874897> 0.250000
	pigment { color rgbt <1,0,0,0> }
	no_shadow
}
cylinder {
	<25.172230, 35.761616, 34.822731>,  <25.168425, 35.523697, 34.791431>, 0.100000
	pigment { color rgbt <1,0,0,0> }
	no_shadow
}
cylinder {
	<25.172230, 35.761616, 34.822731>,  <25.178572, 36.158150, 34.874897>, 0.100000
	pigment { color rgbt <1,0,0,0> }
	no_shadow
}

// particle -1
sphere {
	<25.172230, 35.761616, 34.822731> 0.100000
	pigment { color rgbt <1,0,0,0> }
	no_shadow
}
sphere {
	0, 1
	scale<0.080000,0.200000,0.300000>
	matrix <-0.493964, 0.121169, -0.860998,
		0.869338, 0.050767, -0.491604,
		-0.015857, -0.991333, -0.130414,
		25.167473, 35.464214, 34.783607>
	pigment { color rgbt <0,1,1,0> }
	no_shadow
}
cylinder {
	<25.727146, 36.148830, 35.362396>,  <25.178572, 36.158150, 34.874897>, 0.130000
	pigment { color rgbt <1,0,0,0> }
	no_shadow
}

// nucleotide -1

// particle -1
sphere {
	<25.727146, 36.148830, 35.362396> 0.250000
	pigment { color rgbt <1,0,0,0> }
	no_shadow
}
cylinder {
	<26.104485, 36.136253, 35.494522>,  <26.330889, 36.128708, 35.573795>, 0.100000
	pigment { color rgbt <1,0,0,0> }
	no_shadow
}
cylinder {
	<26.104485, 36.136253, 35.494522>,  <25.727146, 36.148830, 35.362396>, 0.100000
	pigment { color rgbt <1,0,0,0> }
	no_shadow
}

// particle -1
sphere {
	<26.104485, 36.136253, 35.494522> 0.100000
	pigment { color rgbt <1,0,0,0> }
	no_shadow
}
sphere {
	0, 1
	scale<0.080000,0.200000,0.300000>
	matrix <-0.234830, 0.640026, 0.731588,
		-0.234414, -0.767709, 0.596382,
		0.943347, -0.031446, 0.330312,
		26.387489, 36.126820, 35.593616>
	pigment { color rgbt <0,1,1,0> }
	no_shadow
}
cylinder {
	<25.686930, 36.212666, 36.046841>,  <25.727146, 36.148830, 35.362396>, 0.130000
	pigment { color rgbt <1,0,0,0> }
	no_shadow
}

// nucleotide -1

// particle -1
sphere {
	<25.686930, 36.212666, 36.046841> 0.250000
	pigment { color rgbt <1,0,0,0> }
	no_shadow
}
cylinder {
	<26.050884, 36.338749, 35.938953>,  <26.269257, 36.414398, 35.874222>, 0.100000
	pigment { color rgbt <1,0,0,0> }
	no_shadow
}
cylinder {
	<26.050884, 36.338749, 35.938953>,  <25.686930, 36.212666, 36.046841>, 0.100000
	pigment { color rgbt <1,0,0,0> }
	no_shadow
}

// particle -1
sphere {
	<26.050884, 36.338749, 35.938953> 0.100000
	pigment { color rgbt <1,0,0,0> }
	no_shadow
}
sphere {
	0, 1
	scale<0.080000,0.200000,0.300000>
	matrix <-0.078551, 0.769299, 0.634042,
		0.407350, -0.555720, 0.724735,
		0.909888, 0.315205, -0.269722,
		26.323851, 36.433311, 35.858036>
	pigment { color rgbt <0,1,1,0> }
	no_shadow
}
cylinder {
	<26.150646, 36.156158, 36.612053>,  <25.686930, 36.212666, 36.046841>, 0.130000
	pigment { color rgbt <1,0,0,0> }
	no_shadow
}

// nucleotide -1

// particle -1
sphere {
	<26.150646, 36.156158, 36.612053> 0.250000
	pigment { color rgbt <1,0,0,0> }
	no_shadow
}
cylinder {
	<26.260029, 36.437035, 36.349102>,  <26.325659, 36.605560, 36.191330>, 0.100000
	pigment { color rgbt <1,0,0,0> }
	no_shadow
}
cylinder {
	<26.260029, 36.437035, 36.349102>,  <26.150646, 36.156158, 36.612053>, 0.100000
	pigment { color rgbt <1,0,0,0> }
	no_shadow
}

// particle -1
sphere {
	<26.260029, 36.437035, 36.349102> 0.100000
	pigment { color rgbt <1,0,0,0> }
	no_shadow
}
sphere {
	0, 1
	scale<0.080000,0.200000,0.300000>
	matrix <-0.203630, 0.710200, 0.673907,
		0.940084, -0.050421, 0.337195,
		0.273455, 0.702192, -0.657380,
		26.342066, 36.647694, 36.151886>
	pigment { color rgbt <0,1,1,0> }
	no_shadow
}
cylinder {
	<26.605980, 36.576778, 37.018810>,  <26.150646, 36.156158, 36.612053>, 0.130000
	pigment { color rgbt <1,0,0,0> }
	no_shadow
}

// nucleotide -1

// particle -1
sphere {
	<26.605980, 36.576778, 37.018810> 0.250000
	pigment { color rgbt <1,0,0,0> }
	no_shadow
}
cylinder {
	<26.541527, 36.794678, 36.689621>,  <26.502855, 36.925419, 36.492107>, 0.100000
	pigment { color rgbt <1,0,0,0> }
	no_shadow
}
cylinder {
	<26.541527, 36.794678, 36.689621>,  <26.605980, 36.576778, 37.018810>, 0.100000
	pigment { color rgbt <1,0,0,0> }
	no_shadow
}

// particle -1
sphere {
	<26.541527, 36.794678, 36.689621> 0.100000
	pigment { color rgbt <1,0,0,0> }
	no_shadow
}
sphere {
	0, 1
	scale<0.080000,0.200000,0.300000>
	matrix <0.005987, 0.834393, 0.551137,
		0.986915, 0.083880, -0.137710,
		-0.161134, 0.544749, -0.822973,
		26.493187, 36.958103, 36.442730>
	pigment { color rgbt <0,1,1,0> }
	no_shadow
}
cylinder {
	<27.243940, 37.033997, 36.969658>,  <26.605980, 36.576778, 37.018810>, 0.130000
	pigment { color rgbt <1,0,0,0> }
	no_shadow
}

// nucleotide -1

// particle -1
sphere {
	<27.243940, 37.033997, 36.969658> 0.250000
	pigment { color rgbt <1,0,0,0> }
	no_shadow
}
cylinder {
	<26.905321, 37.162708, 36.800037>,  <26.702150, 37.239933, 36.698265>, 0.100000
	pigment { color rgbt <1,0,0,0> }
	no_shadow
}
cylinder {
	<26.905321, 37.162708, 36.800037>,  <27.243940, 37.033997, 36.969658>, 0.100000
	pigment { color rgbt <1,0,0,0> }
	no_shadow
}

// particle -1
sphere {
	<26.905321, 37.162708, 36.800037> 0.100000
	pigment { color rgbt <1,0,0,0> }
	no_shadow
}
sphere {
	0, 1
	scale<0.080000,0.200000,0.300000>
	matrix <0.154186, 0.910689, 0.383238,
		0.509495, 0.259046, -0.820554,
		-0.846547, 0.321776, -0.424051,
		26.651358, 37.259243, 36.672821>
	pigment { color rgbt <0,1,1,0> }
	no_shadow
}
cylinder {
	<27.305664, 37.683475, 36.738880>,  <27.243940, 37.033997, 36.969658>, 0.130000
	pigment { color rgbt <1,0,0,0> }
	no_shadow
}

// nucleotide -1

// particle -1
sphere {
	<27.305664, 37.683475, 36.738880> 0.250000
	pigment { color rgbt <1,0,0,0> }
	no_shadow
}
cylinder {
	<26.986193, 37.746029, 36.506447>,  <26.794510, 37.783562, 36.366989>, 0.100000
	pigment { color rgbt <1,0,0,0> }
	no_shadow
}
cylinder {
	<26.986193, 37.746029, 36.506447>,  <27.305664, 37.683475, 36.738880>, 0.100000
	pigment { color rgbt <1,0,0,0> }
	no_shadow
}

// particle -1
sphere {
	<26.986193, 37.746029, 36.506447> 0.100000
	pigment { color rgbt <1,0,0,0> }
	no_shadow
}
sphere {
	0, 1
	scale<0.080000,0.200000,0.300000>
	matrix <-0.355549, 0.656422, 0.665354,
		0.485488, 0.738006, -0.468666,
		-0.798678, 0.156387, -0.581082,
		26.746590, 37.792946, 36.332123>
	pigment { color rgbt <0,1,1,0> }
	no_shadow
}
cylinder {
	<27.258844, 38.393307, 36.570759>,  <27.305664, 37.683475, 36.738880>, 0.130000
	pigment { color rgbt <1,0,0,0> }
	no_shadow
}

// nucleotide -1

// particle -1
sphere {
	<27.258844, 38.393307, 36.570759> 0.250000
	pigment { color rgbt <1,0,0,0> }
	no_shadow
}
cylinder {
	<26.911192, 38.195541, 36.565548>,  <26.702600, 38.076881, 36.562420>, 0.100000
	pigment { color rgbt <1,0,0,0> }
	no_shadow
}
cylinder {
	<26.911192, 38.195541, 36.565548>,  <27.258844, 38.393307, 36.570759>, 0.100000
	pigment { color rgbt <1,0,0,0> }
	no_shadow
}

// particle -1
sphere {
	<26.911192, 38.195541, 36.565548> 0.100000
	pigment { color rgbt <1,0,0,0> }
	no_shadow
}
sphere {
	0, 1
	scale<0.080000,0.200000,0.300000>
	matrix <-0.375314, 0.642159, 0.668410,
		-0.322104, 0.585824, -0.743679,
		-0.869131, -0.494410, -0.013026,
		26.650452, 38.047218, 36.561642>
	pigment { color rgbt <0,1,1,0> }
	no_shadow
}
cylinder {
	<26.626621, 38.892517, 36.371914>,  <27.258844, 38.393307, 36.570759>, 0.130000
	pigment { color rgbt <1,0,0,0> }
	no_shadow
}

// nucleotide -1

// particle -1
sphere {
	<26.626621, 38.892517, 36.371914> 0.250000
	pigment { color rgbt <1,0,0,0> }
	no_shadow
}
cylinder {
	<26.475632, 38.600876, 36.600269>,  <26.385038, 38.425892, 36.737282>, 0.100000
	pigment { color rgbt <1,0,0,0> }
	no_shadow
}
cylinder {
	<26.475632, 38.600876, 36.600269>,  <26.626621, 38.892517, 36.371914>, 0.100000
	pigment { color rgbt <1,0,0,0> }
	no_shadow
}

// particle -1
sphere {
	<26.475632, 38.600876, 36.600269> 0.100000
	pigment { color rgbt <1,0,0,0> }
	no_shadow
}
sphere {
	0, 1
	scale<0.080000,0.200000,0.300000>
	matrix <-0.515857, 0.677547, 0.524234,
		-0.769028, -0.096614, -0.631871,
		-0.377474, -0.729107, 0.570892,
		26.362389, 38.382145, 36.771538>
	pigment { color rgbt <0,1,1,0> }
	no_shadow
}
cylinder {
	<25.837826, 38.920303, 36.354137>,  <26.626621, 38.892517, 36.371914>, 0.130000
	pigment { color rgbt <1,0,0,0> }
	no_shadow
}

// nucleotide -1

// particle -1
sphere {
	<25.837826, 38.920303, 36.354137> 0.250000
	pigment { color rgbt <1,0,0,0> }
	no_shadow
}
cylinder {
	<25.987291, 38.740181, 36.678509>,  <26.076971, 38.632107, 36.873131>, 0.100000
	pigment { color rgbt <1,0,0,0> }
	no_shadow
}
cylinder {
	<25.987291, 38.740181, 36.678509>,  <25.837826, 38.920303, 36.354137>, 0.100000
	pigment { color rgbt <1,0,0,0> }
	no_shadow
}

// particle -1
sphere {
	<25.987291, 38.740181, 36.678509> 0.100000
	pigment { color rgbt <1,0,0,0> }
	no_shadow
}
sphere {
	0, 1
	scale<0.080000,0.200000,0.300000>
	matrix <-0.469301, 0.662317, 0.584031,
		-0.800083, -0.598799, 0.036153,
		0.373662, -0.450307, 0.810926,
		26.099390, 38.605087, 36.921787>
	pigment { color rgbt <0,1,1,0> }
	no_shadow
}
cylinder {
	<26.026302, 39.240936, 36.978771>,  <25.837826, 38.920303, 36.354137>, 0.130000
	pigment { color rgbt <1,0,0,0> }
	no_shadow
}

// nucleotide -1

// particle -1
sphere {
	<26.026302, 39.240936, 36.978771> 0.250000
	pigment { color rgbt <1,0,0,0> }
	no_shadow
}
cylinder {
	<25.657316, 39.292572, 37.124313>,  <25.435925, 39.323555, 37.211639>, 0.100000
	pigment { color rgbt <1,0,0,0> }
	no_shadow
}
cylinder {
	<25.657316, 39.292572, 37.124313>,  <26.026302, 39.240936, 36.978771>, 0.100000
	pigment { color rgbt <1,0,0,0> }
	no_shadow
}

// particle -1
sphere {
	<25.657316, 39.292572, 37.124313> 0.100000
	pigment { color rgbt <1,0,0,0> }
	no_shadow
}
sphere {
	0, 1
	scale<0.080000,0.200000,0.300000>
	matrix <-0.047738, -0.973348, 0.224308,
		0.383117, 0.189546, 0.904043,
		-0.922465, 0.129094, 0.363858,
		25.380577, 39.331299, 37.233471>
	pigment { color rgbt <0,1,1,0> }
	no_shadow
}
cylinder {
	<25.994516, 39.034698, 37.724724>,  <26.026302, 39.240936, 36.978771>, 0.130000
	pigment { color rgbt <1,0,0,0> }
	no_shadow
}

// nucleotide -1

// particle -1
sphere {
	<25.994516, 39.034698, 37.724724> 0.250000
	pigment { color rgbt <1,0,0,0> }
	no_shadow
}
cylinder {
	<25.682018, 39.003517, 37.476990>,  <25.494518, 38.984810, 37.328350>, 0.100000
	pigment { color rgbt <1,0,0,0> }
	no_shadow
}
cylinder {
	<25.682018, 39.003517, 37.476990>,  <25.994516, 39.034698, 37.724724>, 0.100000
	pigment { color rgbt <1,0,0,0> }
	no_shadow
}

// particle -1
sphere {
	<25.682018, 39.003517, 37.476990> 0.100000
	pigment { color rgbt <1,0,0,0> }
	no_shadow
}
sphere {
	0, 1
	scale<0.080000,0.200000,0.300000>
	matrix <-0.025038, -0.987460, 0.155872,
		-0.623721, 0.137281, 0.769497,
		-0.781246, -0.077954, -0.619336,
		25.447645, 38.980129, 37.291187>
	pigment { color rgbt <0,1,1,0> }
	no_shadow
}
cylinder {
	<26.257452, 38.365612, 38.097462>,  <25.994516, 39.034698, 37.724724>, 0.130000
	pigment { color rgbt <1,0,0,0> }
	no_shadow
}

// nucleotide -1

// particle -1
sphere {
	<26.257452, 38.365612, 38.097462> 0.250000
	pigment { color rgbt <1,0,0,0> }
	no_shadow
}
cylinder {
	<25.987930, 38.378006, 37.802158>,  <25.826218, 38.385445, 37.624977>, 0.100000
	pigment { color rgbt <1,0,0,0> }
	no_shadow
}
cylinder {
	<25.987930, 38.378006, 37.802158>,  <26.257452, 38.365612, 38.097462>, 0.100000
	pigment { color rgbt <1,0,0,0> }
	no_shadow
}

// particle -1
sphere {
	<25.987930, 38.378006, 37.802158> 0.100000
	pigment { color rgbt <1,0,0,0> }
	no_shadow
}
sphere {
	0, 1
	scale<0.080000,0.200000,0.300000>
	matrix <0.569224, -0.615284, -0.545352,
		-0.471140, -0.787696, 0.396941,
		-0.673804, 0.030989, -0.738260,
		25.785789, 38.387302, 37.580681>
	pigment { color rgbt <0,1,1,0> }
	no_shadow
}
cylinder {
	<26.154261, 37.658455, 37.783405>,  <26.257452, 38.365612, 38.097462>, 0.130000
	pigment { color rgbt <1,0,0,0> }
	no_shadow
}

// nucleotide -1

// particle -1
sphere {
	<26.154261, 37.658455, 37.783405> 0.250000
	pigment { color rgbt <1,0,0,0> }
	no_shadow
}
cylinder {
	<26.038067, 37.914330, 37.498753>,  <25.968349, 38.067852, 37.327961>, 0.100000
	pigment { color rgbt <1,0,0,0> }
	no_shadow
}
cylinder {
	<26.038067, 37.914330, 37.498753>,  <26.154261, 37.658455, 37.783405>, 0.100000
	pigment { color rgbt <1,0,0,0> }
	no_shadow
}

// particle -1
sphere {
	<26.038067, 37.914330, 37.498753> 0.100000
	pigment { color rgbt <1,0,0,0> }
	no_shadow
}
sphere {
	0, 1
	scale<0.080000,0.200000,0.300000>
	matrix <0.544006, -0.501420, -0.672782,
