// switches for output
#declare DRAW_BASES = 1; // possible values are 0, 1; only relevant for DNA ribbons
#declare DRAW_BASES_TYPE = 3; // possible values are 1, 2, 3; only relevant for DNA ribbons
#declare DRAW_FOG = 0; // set to 1 to enable fog

#include "colors.inc"

#include "transforms.inc"
background { rgb <1, 1, 1>}

#default {
   normal{
       ripples 0.25
       frequency 0.20
       turbulence 0.2
       lambda 5
   }
	finish {
		phong 0.1
		phong_size 40.
	}
}

// original window dimensions: 1024x640


// camera settings

camera {
	sky <0, 0.179814, -0.983701>
	up <0, 0.179814, -0.983701>
	right 1.6 * <1, 0, 0>
	location <35, 94.9851, 44.8844>
	look_at <35, 29.7336, 32.9568>
	direction <0, -65.2515, -11.9276>
	angle 67.0682
}


# declare cpy_camera_pos = <35, 94.9851, 44.8844>;
# if (DRAW_FOG = 1)
fog {
	fog_type 2
	up vnormalize(cpy_camera_pos)
	color rgbt<1,1,1,0.3>
	distance 1e-5
	fog_alt 3e-3
	fog_offset 56
}
# end


// LIGHTS

# declare lum = 6;
global_settings {
	ambient_light rgb lum * <0.05, 0.05, 0.05>
	max_trace_level 15
}# declare cpy_direct_light_amount = 0.25;
light_source
{	1000 * <-1, -1.16352, -0.803886>,
	rgb lum * cpy_direct_light_amount
	parallel
}

light_source
{	1000 * <1, 1.16352, 0.803886>,
	rgb lum * cpy_direct_light_amount
	parallel
}

// strand 0

// nucleotide -1

// particle -1
sphere {
	<24.157640, 35.076122, 34.719765> 0.250000
	pigment { color rgbt <1,0,0,0> }
	no_shadow
}
cylinder {
	<24.434656, 35.258671, 34.943233>,  <24.600866, 35.368202, 35.077312>, 0.100000
	pigment { color rgbt <1,0,0,0> }
	no_shadow
}
cylinder {
	<24.434656, 35.258671, 34.943233>,  <24.157640, 35.076122, 34.719765>, 0.100000
	pigment { color rgbt <1,0,0,0> }
	no_shadow
}

// particle -1
sphere {
	<24.434656, 35.258671, 34.943233> 0.100000
	pigment { color rgbt <1,0,0,0> }
	no_shadow
}
sphere {
	0, 1
	scale<0.080000,0.200000,0.300000>
	matrix <-0.363488, 0.889710, -0.276211,
		-0.623109, -0.011783, 0.782046,
		0.692539, 0.456374, 0.558670,
		24.642418, 35.395584, 35.110836>
	pigment { color rgbt <0,1,1,0> }
	no_shadow
}
cylinder {
	<24.533375, 34.350555, 34.335987>,  <24.157640, 35.076122, 34.719765>, 0.130000
	pigment { color rgbt <1,0,0,0> }
	no_shadow
}

// nucleotide -1

// particle -1
sphere {
	<24.533375, 34.350555, 34.335987> 0.250000
	pigment { color rgbt <1,0,0,0> }
	no_shadow
}
cylinder {
	<24.788992, 34.063969, 34.224056>,  <24.942362, 33.892017, 34.156898>, 0.100000
	pigment { color rgbt <1,0,0,0> }
	no_shadow
}
cylinder {
	<24.788992, 34.063969, 34.224056>,  <24.533375, 34.350555, 34.335987>, 0.100000
	pigment { color rgbt <1,0,0,0> }
	no_shadow
}

// particle -1
sphere {
	<24.788992, 34.063969, 34.224056> 0.100000
	pigment { color rgbt <1,0,0,0> }
	no_shadow
}
sphere {
	0, 1
	scale<0.080000,0.200000,0.300000>
	matrix <0.674456, 0.347055, 0.651660,
		-0.369776, -0.605170, 0.705007,
		0.639042, -0.716465, -0.279828,
		24.980705, 33.849030, 34.140106>
	pigment { color rgbt <0,1,1,0> }
	no_shadow
}
cylinder {
	<24.481668, 34.651283, 33.628941>,  <24.533375, 34.350555, 34.335987>, 0.130000
	pigment { color rgbt <1,0,0,0> }
	no_shadow
}

// nucleotide -1

// particle -1
sphere {
	<24.481668, 34.651283, 33.628941> 0.250000
	pigment { color rgbt <1,0,0,0> }
	no_shadow
}
cylinder {
	<24.831369, 34.810970, 33.739437>,  <25.041189, 34.906784, 33.805737>, 0.100000
	pigment { color rgbt <1,0,0,0> }
	no_shadow
}
cylinder {
	<24.831369, 34.810970, 33.739437>,  <24.481668, 34.651283, 33.628941>, 0.100000
	pigment { color rgbt <1,0,0,0> }
	no_shadow
}

// particle -1
sphere {
	<24.831369, 34.810970, 33.739437> 0.100000
	pigment { color rgbt <1,0,0,0> }
	no_shadow
}
sphere {
	0, 1
	scale<0.080000,0.200000,0.300000>
	matrix <0.317580, -0.900669, 0.296543,
		0.367189, -0.171523, -0.914195,
		0.874251, 0.399217, 0.276243,
		25.093645, 34.930737, 33.822311>
	pigment { color rgbt <0,1,1,0> }
	no_shadow
}
cylinder {
	<25.122879, 34.324402, 33.237385>,  <24.481668, 34.651283, 33.628941>, 0.130000
	pigment { color rgbt <1,0,0,0> }
	no_shadow
}

// nucleotide -1

// particle -1
sphere {
	<25.122879, 34.324402, 33.237385> 0.250000
	pigment { color rgbt <1,0,0,0> }
	no_shadow
}
cylinder {
	<25.276443, 34.489845, 33.567608>,  <25.368582, 34.589111, 33.765739>, 0.100000
	pigment { color rgbt <1,0,0,0> }
	no_shadow
}
cylinder {
	<25.276443, 34.489845, 33.567608>,  <25.122879, 34.324402, 33.237385>, 0.100000
	pigment { color rgbt <1,0,0,0> }
	no_shadow
}

// particle -1
sphere {
	<25.276443, 34.489845, 33.567608> 0.100000
	pigment { color rgbt <1,0,0,0> }
	no_shadow
}
sphere {
	0, 1
	scale<0.080000,0.200000,0.300000>
	matrix <0.523356, -0.834058, 0.174488,
		0.760730, 0.365071, -0.536669,
		0.383912, 0.413607, 0.825555,
		25.391617, 34.613926, 33.815273>
	pigment { color rgbt <0,1,1,0> }
	no_shadow
}
cylinder {
	<25.823599, 34.327103, 33.261833>,  <25.122879, 34.324402, 33.237385>, 0.130000
	pigment { color rgbt <1,0,0,0> }
	no_shadow
}

// nucleotide -1

// particle -1
sphere {
	<25.823599, 34.327103, 33.261833> 0.250000
	pigment { color rgbt <1,0,0,0> }
	no_shadow
}
cylinder {
	<25.718615, 34.307728, 33.647324>,  <25.655624, 34.296104, 33.878616>, 0.100000
	pigment { color rgbt <1,0,0,0> }
	no_shadow
}
cylinder {
	<25.718615, 34.307728, 33.647324>,  <25.823599, 34.327103, 33.261833>, 0.100000
	pigment { color rgbt <1,0,0,0> }
	no_shadow
}

// particle -1
sphere {
	<25.718615, 34.307728, 33.647324> 0.100000
	pigment { color rgbt <1,0,0,0> }
	no_shadow
}
sphere {
	0, 1
	scale<0.080000,0.200000,0.300000>
	matrix <0.610449, -0.781814, 0.126957,
		0.747306, 0.621627, 0.234762,
		-0.262460, -0.048434, 0.963726,
		25.639877, 34.293198, 33.936443>
	pigment { color rgbt <0,1,1,0> }
	no_shadow
}
cylinder {
	<26.426279, 34.319893, 33.609249>,  <25.823599, 34.327103, 33.261833>, 0.130000
	pigment { color rgbt <1,0,0,0> }
	no_shadow
}

// nucleotide -1

// particle -1
sphere {
	<26.426279, 34.319893, 33.609249> 0.250000
	pigment { color rgbt <1,0,0,0> }
	no_shadow
}
cylinder {
	<26.135281, 34.171917, 33.840385>,  <25.960682, 34.083130, 33.979065>, 0.100000
	pigment { color rgbt <1,0,0,0> }
	no_shadow
}
cylinder {
	<26.135281, 34.171917, 33.840385>,  <26.426279, 34.319893, 33.609249>, 0.100000
	pigment { color rgbt <1,0,0,0> }
	no_shadow
}

// particle -1
sphere {
	<26.135281, 34.171917, 33.840385> 0.100000
	pigment { color rgbt <1,0,0,0> }
	no_shadow
}
sphere {
	0, 1
	scale<0.080000,0.200000,0.300000>
	matrix <0.507894, -0.856596, 0.091033,
		0.461295, 0.359706, 0.811060,
		-0.727496, -0.369939, 0.577836,
		25.917032, 34.060936, 34.013737>
	pigment { color rgbt <0,1,1,0> }
	no_shadow
}
cylinder {
	<26.715921, 34.215584, 34.239529>,  <26.426279, 34.319893, 33.609249>, 0.130000
	pigment { color rgbt <1,0,0,0> }
	no_shadow
}

// nucleotide -1

// particle -1
sphere {
	<26.715921, 34.215584, 34.239529> 0.250000
	pigment { color rgbt <1,0,0,0> }
	no_shadow
}
cylinder {
	<26.405220, 33.967052, 34.198326>,  <26.218800, 33.817936, 34.173603>, 0.100000
	pigment { color rgbt <1,0,0,0> }
	no_shadow
}
cylinder {
	<26.405220, 33.967052, 34.198326>,  <26.715921, 34.215584, 34.239529>, 0.100000
	pigment { color rgbt <1,0,0,0> }
	no_shadow
}

// particle -1
sphere {
	<26.405220, 33.967052, 34.198326> 0.100000
	pigment { color rgbt <1,0,0,0> }
	no_shadow
}
sphere {
	0, 1
	scale<0.080000,0.200000,0.300000>
	matrix <0.591264, -0.775735, 0.220549,
		-0.216938, 0.110408, 0.969922,
		-0.776752, -0.621326, -0.103006,
		26.172194, 33.780655, 34.167423>
	pigment { color rgbt <0,1,1,0> }
	no_shadow
}
cylinder {
	<26.612856, 33.674107, 34.875751>,  <26.715921, 34.215584, 34.239529>, 0.130000
	pigment { color rgbt <1,0,0,0> }
	no_shadow
}

// nucleotide -1

// particle -1
sphere {
	<26.612856, 33.674107, 34.875751> 0.250000
	pigment { color rgbt <1,0,0,0> }
	no_shadow
}
cylinder {
	<26.509853, 33.492035, 34.534809>,  <26.448051, 33.382793, 34.330246>, 0.100000
	pigment { color rgbt <1,0,0,0> }
	no_shadow
}
cylinder {
	<26.509853, 33.492035, 34.534809>,  <26.612856, 33.674107, 34.875751>, 0.100000
	pigment { color rgbt <1,0,0,0> }
	no_shadow
}

// particle -1
sphere {
	<26.509853, 33.492035, 34.534809> 0.100000
	pigment { color rgbt <1,0,0,0> }
	no_shadow
}
sphere {
	0, 1
	scale<0.080000,0.200000,0.300000>
	matrix <0.657422, -0.728995, 0.190689,
		-0.708158, -0.511251, 0.486965,
		-0.257505, -0.455179, -0.852351,
		26.432602, 33.355480, 34.279102>
	pigment { color rgbt <0,1,1,0> }
	no_shadow
}
cylinder {
	<26.754251, 33.045891, 35.026917>,  <26.612856, 33.674107, 34.875751>, 0.130000
	pigment { color rgbt <1,0,0,0> }
	no_shadow
}

// nucleotide -1

// particle -1
sphere {
	<26.754251, 33.045891, 35.026917> 0.250000
	pigment { color rgbt <1,0,0,0> }
	no_shadow
}
cylinder {
	<26.678852, 32.996021, 34.637264>,  <26.633612, 32.966099, 34.403473>, 0.100000
	pigment { color rgbt <1,0,0,0> }
	no_shadow
}
cylinder {
	<26.678852, 32.996021, 34.637264>,  <26.754251, 33.045891, 35.026917>, 0.100000
	pigment { color rgbt <1,0,0,0> }
	no_shadow
}

// particle -1
sphere {
	<26.678852, 32.996021, 34.637264> 0.100000
	pigment { color rgbt <1,0,0,0> }
	no_shadow
}
sphere {
	0, 1
	scale<0.080000,0.200000,0.300000>
	matrix <0.573683, -0.819054, -0.006183,
		-0.797092, -0.560006, 0.225916,
		-0.188500, -0.124676, -0.974127,
		26.622303, 32.958618, 34.345028>
	pigment { color rgbt <0,1,1,0> }
	no_shadow
}
cylinder {
	<26.414753, 32.417088, 35.052505>,  <26.754251, 33.045891, 35.026917>, 0.130000
	pigment { color rgbt <1,0,0,0> }
	no_shadow
}

// nucleotide -1

// particle -1
sphere {
	<26.414753, 32.417088, 35.052505> 0.250000
	pigment { color rgbt <1,0,0,0> }
	no_shadow
}
cylinder {
	<26.608570, 32.489590, 34.710194>,  <26.724859, 32.533089, 34.504807>, 0.100000
	pigment { color rgbt <1,0,0,0> }
	no_shadow
}
cylinder {
	<26.608570, 32.489590, 34.710194>,  <26.414753, 32.417088, 35.052505>, 0.100000
	pigment { color rgbt <1,0,0,0> }
	no_shadow
}

// particle -1
sphere {
	<26.608570, 32.489590, 34.710194> 0.100000
	pigment { color rgbt <1,0,0,0> }
	no_shadow
}
sphere {
	0, 1
	scale<0.080000,0.200000,0.300000>
	matrix <0.604976, -0.776054, 0.178169,
		-0.631841, -0.604059, -0.485685,
		0.484542, 0.181253, -0.855784,
		26.753933, 32.543964, 34.453457>
	pigment { color rgbt <0,1,1,0> }
	no_shadow
}
cylinder {
	<26.456432, 31.733688, 34.752998>,  <26.414753, 32.417088, 35.052505>, 0.130000
	pigment { color rgbt <1,0,0,0> }
	no_shadow
}

// nucleotide -1

// particle -1
sphere {
	<26.456432, 31.733688, 34.752998> 0.250000
	pigment { color rgbt <1,0,0,0> }
	no_shadow
}
cylinder {
	<26.703079, 31.958029, 34.532009>,  <26.851068, 32.092632, 34.399418>, 0.100000
	pigment { color rgbt <1,0,0,0> }
	no_shadow
}
cylinder {
	<26.703079, 31.958029, 34.532009>,  <26.456432, 31.733688, 34.752998>, 0.100000
	pigment { color rgbt <1,0,0,0> }
	no_shadow
}

// particle -1
sphere {
	<26.703079, 31.958029, 34.532009> 0.100000
	pigment { color rgbt <1,0,0,0> }
	no_shadow
}
sphere {
	0, 1
	scale<0.080000,0.200000,0.300000>
	matrix <0.740113, -0.652187, 0.163966,
		-0.268354, -0.509996, -0.817246,
		0.616619, 0.560853, -0.552471,
		26.888065, 32.126286, 34.366268>
	pigment { color rgbt <0,1,1,0> }
	no_shadow
}
cylinder {
	<26.768475, 31.249752, 34.290524>,  <26.456432, 31.733688, 34.752998>, 0.130000
	pigment { color rgbt <1,0,0,0> }
	no_shadow
}

// nucleotide -1

// particle -1
sphere {
	<26.768475, 31.249752, 34.290524> 0.250000
	pigment { color rgbt <1,0,0,0> }
	no_shadow
}
cylinder {
	<26.986803, 31.581888, 34.335453>,  <27.117800, 31.781170, 34.362411>, 0.100000
	pigment { color rgbt <1,0,0,0> }
	no_shadow
}
cylinder {
	<26.986803, 31.581888, 34.335453>,  <26.768475, 31.249752, 34.290524>, 0.100000
	pigment { color rgbt <1,0,0,0> }
	no_shadow
}

// particle -1
sphere {
	<26.986803, 31.581888, 34.335453> 0.100000
	pigment { color rgbt <1,0,0,0> }
	no_shadow
}
sphere {
	0, 1
	scale<0.080000,0.200000,0.300000>
	matrix <0.819754, -0.556927, 0.133552,
		0.173452, 0.019186, -0.984655,
		0.545819, 0.830340, 0.112328,
		27.150549, 31.830990, 34.369152>
	pigment { color rgbt <0,1,1,0> }
	no_shadow
}
cylinder {
	<27.313608, 31.150160, 33.789097>,  <26.768475, 31.249752, 34.290524>, 0.130000
	pigment { color rgbt <1,0,0,0> }
	no_shadow
}

// nucleotide -1

// particle -1
sphere {
	<27.313608, 31.150160, 33.789097> 0.250000
	pigment { color rgbt <1,0,0,0> }
	no_shadow
}
cylinder {
	<27.400194, 31.393984, 34.094143>,  <27.452145, 31.540277, 34.277172>, 0.100000
	pigment { color rgbt <1,0,0,0> }
	no_shadow
}
cylinder {
	<27.400194, 31.393984, 34.094143>,  <27.313608, 31.150160, 33.789097>, 0.100000
	pigment { color rgbt <1,0,0,0> }
	no_shadow
}

// particle -1
sphere {
	<27.400194, 31.393984, 34.094143> 0.100000
	pigment { color rgbt <1,0,0,0> }
	no_shadow
}
sphere {
	0, 1
	scale<0.080000,0.200000,0.300000>
	matrix <0.794702, -0.563747, 0.225031,
		0.567092, 0.557341, -0.606448,
		0.216464, 0.609558, 0.762615,
		27.465134, 31.576851, 34.322929>
	pigment { color rgbt <0,1,1,0> }
	no_shadow
}
cylinder {
	<27.690022, 31.146490, 34.419678>,  <27.313608, 31.150160, 33.789097>, 0.130000
	pigment { color rgbt <1,0,0,0> }
	no_shadow
}

// nucleotide -1

// particle -1
sphere {
	<27.690022, 31.146490, 34.419678> 0.250000
	pigment { color rgbt <1,0,0,0> }
	no_shadow
}
cylinder {
	<27.958246, 31.389254, 34.249027>,  <28.119181, 31.534912, 34.146637>, 0.100000
	pigment { color rgbt <1,0,0,0> }
	no_shadow
}
cylinder {
	<27.958246, 31.389254, 34.249027>,  <27.690022, 31.146490, 34.419678>, 0.100000
	pigment { color rgbt <1,0,0,0> }
	no_shadow
}

// particle -1
sphere {
	<27.958246, 31.389254, 34.249027> 0.100000
	pigment { color rgbt <1,0,0,0> }
	no_shadow
}
sphere {
	0, 1
	scale<0.080000,0.200000,0.300000>
	matrix <-0.592332, 0.784252, 0.184639,
		0.446639, 0.128891, 0.885381,
		0.670564, 0.606907, -0.426624,
		28.159416, 31.571325, 34.121040>
	pigment { color rgbt <0,1,1,0> }
	no_shadow
}
cylinder {
	<27.842274, 31.783766, 34.819675>,  <27.690022, 31.146490, 34.419678>, 0.130000
	pigment { color rgbt <1,0,0,0> }
	no_shadow
}

// nucleotide -1

// particle -1
sphere {
	<27.842274, 31.783766, 34.819675> 0.250000
	pigment { color rgbt <1,0,0,0> }
	no_shadow
}
cylinder {
	<27.855314, 31.811661, 34.420864>,  <27.863138, 31.828398, 34.181576>, 0.100000
	pigment { color rgbt <1,0,0,0> }
	no_shadow
}
cylinder {
	<27.855314, 31.811661, 34.420864>,  <27.842274, 31.783766, 34.819675>, 0.100000
	pigment { color rgbt <1,0,0,0> }
	no_shadow
}

// particle -1
sphere {
	<27.855314, 31.811661, 34.420864> 0.100000
	pigment { color rgbt <1,0,0,0> }
	no_shadow
}
sphere {
	0, 1
	scale<0.080000,0.200000,0.300000>
	matrix <-0.713964, 0.699715, 0.025596,
		0.699423, 0.711011, 0.072603,
		0.032602, 0.069739, -0.997033,
		27.865095, 31.832582, 34.121754>
	pigment { color rgbt <0,1,1,0> }
	no_shadow
}
cylinder {
	<28.016685, 32.515644, 34.547249>,  <27.842274, 31.783766, 34.819675>, 0.130000
	pigment { color rgbt <1,0,0,0> }
	no_shadow
}

// nucleotide -1

// particle -1
sphere {
	<28.016685, 32.515644, 34.547249> 0.250000
	pigment { color rgbt <1,0,0,0> }
	no_shadow
}
cylinder {
	<27.780394, 32.315929, 34.293713>,  <27.638618, 32.196102, 34.141590>, 0.100000
	pigment { color rgbt <1,0,0,0> }
	no_shadow
}
cylinder {
	<27.780394, 32.315929, 34.293713>,  <28.016685, 32.515644, 34.547249>, 0.100000
	pigment { color rgbt <1,0,0,0> }
	no_shadow
}

// particle -1
sphere {
	<27.780394, 32.315929, 34.293713> 0.100000
	pigment { color rgbt <1,0,0,0> }
	no_shadow
}
sphere {
	0, 1
	scale<0.080000,0.200000,0.300000>
	matrix <-0.715210, 0.687662, 0.124883,
		0.373518, 0.527102, -0.763314,
		-0.590728, -0.499284, -0.633843,
		27.603176, 32.166145, 34.103561>
	pigment { color rgbt <0,1,1,0> }
	no_shadow
}
cylinder {
	<27.861504, 32.830624, 33.764767>,  <28.016685, 32.515644, 34.547249>, 0.130000
	pigment { color rgbt <1,0,0,0> }
	no_shadow
}

// nucleotide -1

// particle -1
sphere {
	<27.861504, 32.830624, 33.764767> 0.250000
	pigment { color rgbt <1,0,0,0> }
	no_shadow
}
cylinder {
	<27.556662, 32.632027, 33.930992>,  <27.373756, 32.512867, 34.030727>, 0.100000
	pigment { color rgbt <1,0,0,0> }
	no_shadow
}
cylinder {
	<27.556662, 32.632027, 33.930992>,  <27.861504, 32.830624, 33.764767>, 0.100000
	pigment { color rgbt <1,0,0,0> }
	no_shadow
}

// particle -1
sphere {
	<27.556662, 32.632027, 33.930992> 0.100000
	pigment { color rgbt <1,0,0,0> }
	no_shadow
}
sphere {
	0, 1
	scale<0.080000,0.200000,0.300000>
	matrix <-0.605669, 0.773535, -0.186569,
		-0.228821, -0.393877, -0.890226,
		-0.762107, -0.496492, 0.415560,
		27.328030, 32.483078, 34.055660>
	pigment { color rgbt <0,1,1,0> }
	no_shadow
}
cylinder {
	<27.326448, 32.826523, 33.289833>,  <27.861504, 32.830624, 33.764767>, 0.130000
	pigment { color rgbt <1,0,0,0> }
	no_shadow
}

// nucleotide -1

// particle -1
sphere {
	<27.326448, 32.826523, 33.289833> 0.250000
	pigment { color rgbt <1,0,0,0> }
	no_shadow
}
cylinder {
	<27.168871, 32.758610, 33.651161>,  <27.074326, 32.717861, 33.867958>, 0.100000
	pigment { color rgbt <1,0,0,0> }
	no_shadow
}
cylinder {
	<27.168871, 32.758610, 33.651161>,  <27.326448, 32.826523, 33.289833>, 0.100000
	pigment { color rgbt <1,0,0,0> }
	no_shadow
}

// particle -1
sphere {
	<27.168871, 32.758610, 33.651161> 0.100000
	pigment { color rgbt <1,0,0,0> }
	no_shadow
}
sphere {
	0, 1
	scale<0.080000,0.200000,0.300000>
	matrix <-0.637883, 0.758083, -0.135702,
		-0.661752, -0.629671, -0.406939,
		-0.393942, -0.169778, 0.903319,
		27.050688, 32.707676, 33.922157>
	pigment { color rgbt <0,1,1,0> }
	no_shadow
}
cylinder {
	<26.588648, 32.825741, 33.068302>,  <27.326448, 32.826523, 33.289833>, 0.130000
	pigment { color rgbt <1,0,0,0> }
	no_shadow
}

// nucleotide -1

// particle -1
sphere {
	<26.588648, 32.825741, 33.068302> 0.250000
	pigment { color rgbt <1,0,0,0> }
	no_shadow
}
cylinder {
	<26.580805, 32.855709, 33.467102>,  <26.576099, 32.873688, 33.706383>, 0.100000
	pigment { color rgbt <1,0,0,0> }
	no_shadow
}
cylinder {
	<26.580805, 32.855709, 33.467102>,  <26.588648, 32.825741, 33.068302>, 0.100000
	pigment { color rgbt <1,0,0,0> }
	no_shadow
}

// particle -1
sphere {
	<26.580805, 32.855709, 33.467102> 0.100000
	pigment { color rgbt <1,0,0,0> }
	no_shadow
}
sphere {
	0, 1
	scale<0.080000,0.200000,0.300000>
	matrix <-0.821993, 0.566461, -0.058732,
		-0.569160, -0.820676, 0.050477,
		-0.019607, 0.074920, 0.996997,
		26.574923, 32.878185, 33.766201>
	pigment { color rgbt <0,1,1,0> }
	no_shadow
}
cylinder {
	<25.968609, 32.590279, 33.234119>,  <26.588648, 32.825741, 33.068302>, 0.130000
	pigment { color rgbt <1,0,0,0> }
	no_shadow
}

// nucleotide -1

// particle -1
sphere {
	<25.968609, 32.590279, 33.234119> 0.250000
	pigment { color rgbt <1,0,0,0> }
	no_shadow
}
cylinder {
	<26.112062, 32.820538, 33.528061>,  <26.198135, 32.958694, 33.704426>, 0.100000
	pigment { color rgbt <1,0,0,0> }
	no_shadow
}
cylinder {
	<26.112062, 32.820538, 33.528061>,  <25.968609, 32.590279, 33.234119>, 0.100000
	pigment { color rgbt <1,0,0,0> }
	no_shadow
}

// particle -1
sphere {
	<26.112062, 32.820538, 33.528061> 0.100000
	pigment { color rgbt <1,0,0,0> }
	no_shadow
}
sphere {
	0, 1
	scale<0.080000,0.200000,0.300000>
	matrix <-0.821779, 0.568106, -0.043971,
		-0.442786, -0.588117, 0.676801,
		0.358635, 0.575651, 0.734852,
		26.219652, 32.993233, 33.748516>
	pigment { color rgbt <0,1,1,0> }
	no_shadow
}
cylinder {
	<25.540697, 32.541359, 33.798454>,  <25.968609, 32.590279, 33.234119>, 0.130000
	pigment { color rgbt <1,0,0,0> }
	no_shadow
}

// nucleotide -1

// particle -1
sphere {
	<25.540697, 32.541359, 33.798454> 0.250000
	pigment { color rgbt <1,0,0,0> }
	no_shadow
}
cylinder {
	<25.749172, 32.882729, 33.800808>,  <25.874258, 33.087551, 33.802219>, 0.100000
	pigment { color rgbt <1,0,0,0> }
	no_shadow
}
cylinder {
	<25.749172, 32.882729, 33.800808>,  <25.540697, 32.541359, 33.798454>, 0.100000
	pigment { color rgbt <1,0,0,0> }
	no_shadow
}

// particle -1
sphere {
	<25.749172, 32.882729, 33.800808> 0.100000
	pigment { color rgbt <1,0,0,0> }
	no_shadow
}
sphere {
	0, 1
	scale<0.080000,0.200000,0.300000>
	matrix <-0.839432, 0.511375, 0.183982,
		0.154004, -0.100830, 0.982912,
		0.521187, 0.853422, 0.005886,
		25.905529, 33.138756, 33.802574>
	pigment { color rgbt <0,1,1,0> }
	no_shadow
}
cylinder {
	<25.046465, 33.060757, 33.782040>,  <25.540697, 32.541359, 33.798454>, 0.130000
	pigment { color rgbt <1,0,0,0> }
	no_shadow
}

// nucleotide -1

// particle -1
sphere {
	<25.046465, 33.060757, 33.782040> 0.250000
	pigment { color rgbt <1,0,0,0> }
	no_shadow
}
cylinder {
	<25.366266, 33.263969, 33.910229>,  <25.558147, 33.385895, 33.987141>, 0.100000
	pigment { color rgbt <1,0,0,0> }
	no_shadow
}
cylinder {
	<25.366266, 33.263969, 33.910229>,  <25.046465, 33.060757, 33.782040>, 0.100000
	pigment { color rgbt <1,0,0,0> }
	no_shadow
}

// particle -1
sphere {
	<25.366266, 33.263969, 33.910229> 0.100000
	pigment { color rgbt <1,0,0,0> }
	no_shadow
}
sphere {
	0, 1
	scale<0.080000,0.200000,0.300000>
	matrix <-0.577302, 0.797253, 0.176380,
		-0.165891, -0.326025, 0.930692,
		0.799502, 0.508030, 0.320472,
		25.606117, 33.416378, 34.006371>
	pigment { color rgbt <0,1,1,0> }
	no_shadow
}
cylinder {
	<24.945562, 33.294384, 34.461807>,  <25.046465, 33.060757, 33.782040>, 0.130000
	pigment { color rgbt <1,0,0,0> }
	no_shadow
}

// nucleotide -1

// particle -1
sphere {
	<24.945562, 33.294384, 34.461807> 0.250000
	pigment { color rgbt <1,0,0,0> }
	no_shadow
}
cylinder {
	<25.218420, 33.542187, 34.306427>,  <25.382135, 33.690868, 34.213200>, 0.100000
	pigment { color rgbt <1,0,0,0> }
	no_shadow
}
cylinder {
	<25.218420, 33.542187, 34.306427>,  <24.945562, 33.294384, 34.461807>, 0.100000
	pigment { color rgbt <1,0,0,0> }
	no_shadow
}

// particle -1
sphere {
	<25.218420, 33.542187, 34.306427> 0.100000
	pigment { color rgbt <1,0,0,0> }
	no_shadow
}
sphere {
	0, 1
	scale<0.080000,0.200000,0.300000>
	matrix <-0.500873, 0.782908, 0.369027,
		0.532733, -0.057167, 0.844351,
		0.682145, 0.619505, -0.388448,
		25.423063, 33.728039, 34.189892>
	pigment { color rgbt <0,1,1,0> }
	no_shadow
}
cylinder {
	<25.336273, 33.803539, 34.807808>,  <24.945562, 33.294384, 34.461807>, 0.130000
	pigment { color rgbt <1,0,0,0> }
	no_shadow
}

// nucleotide -1

// particle -1
sphere {
	<25.336273, 33.803539, 34.807808> 0.250000
	pigment { color rgbt <1,0,0,0> }
	no_shadow
}
cylinder {
	<25.662102, 34.016331, 34.715317>,  <25.857599, 34.144005, 34.659821>, 0.100000
	pigment { color rgbt <1,0,0,0> }
	no_shadow
}
cylinder {
	<25.662102, 34.016331, 34.715317>,  <25.336273, 33.803539, 34.807808>, 0.100000
	pigment { color rgbt <1,0,0,0> }
	no_shadow
}

// particle -1
sphere {
	<25.662102, 34.016331, 34.715317> 0.100000
	pigment { color rgbt <1,0,0,0> }
	no_shadow
}
sphere {
	0, 1
	scale<0.080000,0.200000,0.300000>
	matrix <-0.533682, 0.531134, -0.658088,
		-0.227275, 0.659464, 0.716556,
		0.814573, 0.531980, -0.231231,
		25.906473, 34.175926, 34.645947>
	pigment { color rgbt <0,1,1,0> }
	no_shadow
}
cylinder {
	<25.317423, 34.487953, 34.984241>,  <25.336273, 33.803539, 34.807808>, 0.130000
	pigment { color rgbt <1,0,0,0> }
	no_shadow
}

// nucleotide -1

// particle -1
sphere {
	<25.317423, 34.487953, 34.984241> 0.250000
	pigment { color rgbt <1,0,0,0> }
	no_shadow
}
cylinder {
	<25.568172, 34.466839, 34.673309>,  <25.718622, 34.454170, 34.486752>, 0.100000
	pigment { color rgbt <1,0,0,0> }
	no_shadow
}
cylinder {
	<25.568172, 34.466839, 34.673309>,  <25.317423, 34.487953, 34.984241>, 0.100000
	pigment { color rgbt <1,0,0,0> }
	no_shadow
}

// particle -1
sphere {
	<25.568172, 34.466839, 34.673309> 0.100000
	pigment { color rgbt <1,0,0,0> }
	no_shadow
}
sphere {
	0, 1
	scale<0.080000,0.200000,0.300000>
	matrix <-0.438546, 0.800739, -0.408037,
		0.643976, 0.596683, 0.478816,
		0.626875, -0.052784, -0.777330,
		25.756235, 34.451004, 34.440109>
	pigment { color rgbt <0,1,1,0> }
	no_shadow
}
cylinder {
	<25.766554, 35.202812, 34.932590>,  <25.317423, 34.487953, 34.984241>, 0.130000
	pigment { color rgbt <1,0,0,0> }
	no_shadow
}

// nucleotide -1

// particle -1
sphere {
	<25.766554, 35.202812, 34.932590> 0.250000
	pigment { color rgbt <1,0,0,0> }
	no_shadow
}
cylinder {
	<25.686687, 35.031860, 34.579891>,  <25.638767, 34.929287, 34.368271>, 0.100000
	pigment { color rgbt <1,0,0,0> }
	no_shadow
}
cylinder {
	<25.686687, 35.031860, 34.579891>,  <25.766554, 35.202812, 34.932590>, 0.100000
	pigment { color rgbt <1,0,0,0> }
	no_shadow
}

// particle -1
sphere {
	<25.686687, 35.031860, 34.579891> 0.100000
	pigment { color rgbt <1,0,0,0> }
	no_shadow
}
sphere {
	0, 1
	scale<0.080000,0.200000,0.300000>
	matrix <-0.281155, 0.887016, -0.366272,
		0.938661, 0.174775, -0.297269,
		-0.199667, -0.427384, -0.881746,
		25.626787, 34.903645, 34.315369>
	pigment { color rgbt <0,1,1,0> }
	no_shadow
}
cylinder {
	<26.214842, 35.533745, 34.329868>,  <25.766554, 35.202812, 34.932590>, 0.130000
	pigment { color rgbt <1,0,0,0> }
	no_shadow
}

// nucleotide -1

// particle -1
sphere {
	<26.214842, 35.533745, 34.329868> 0.250000
	pigment { color rgbt <1,0,0,0> }
	no_shadow
}
cylinder {
	<25.883430, 35.354801, 34.195164>,  <25.684584, 35.247437, 34.114342>, 0.100000
	pigment { color rgbt <1,0,0,0> }
	no_shadow
}
cylinder {
	<25.883430, 35.354801, 34.195164>,  <26.214842, 35.533745, 34.329868>, 0.100000
	pigment { color rgbt <1,0,0,0> }
	no_shadow
}

// particle -1
sphere {
	<25.883430, 35.354801, 34.195164> 0.100000
	pigment { color rgbt <1,0,0,0> }
	no_shadow
}
sphere {
	0, 1
	scale<0.080000,0.200000,0.300000>
	matrix <-0.346007, 0.881887, -0.320240,
		0.440245, -0.148808, -0.885460,
		-0.828530, -0.447360, -0.336758,
		25.634871, 35.220592, 34.094135>
	pigment { color rgbt <0,1,1,0> }
	no_shadow
}
cylinder {
	<25.982534, 35.878021, 33.761776>,  <26.214842, 35.533745, 34.329868>, 0.130000
	pigment { color rgbt <1,0,0,0> }
	no_shadow
}

// nucleotide -1

// particle -1
sphere {
	<25.982534, 35.878021, 33.761776> 0.250000
	pigment { color rgbt <1,0,0,0> }
	no_shadow
}
cylinder {
	<25.638487, 35.698448, 33.858650>,  <25.432058, 35.590702, 33.916775>, 0.100000
	pigment { color rgbt <1,0,0,0> }
	no_shadow
}
cylinder {
	<25.638487, 35.698448, 33.858650>,  <25.982534, 35.878021, 33.761776>, 0.100000
	pigment { color rgbt <1,0,0,0> }
	no_shadow
}

// particle -1
sphere {
	<25.638487, 35.698448, 33.858650> 0.100000
	pigment { color rgbt <1,0,0,0> }
	no_shadow
}
sphere {
	0, 1
	scale<0.080000,0.200000,0.300000>
	matrix <-0.509581, 0.777505, -0.368528,
		-0.022853, -0.440390, -0.897516,
		-0.860119, -0.448935, 0.242183,
		25.380451, 35.563766, 33.931305>
	pigment { color rgbt <0,1,1,0> }
	no_shadow
}
cylinder {
	<25.503984, 35.697956, 33.123646>,  <25.982534, 35.878021, 33.761776>, 0.130000
	pigment { color rgbt <1,0,0,0> }
	no_shadow
}

// nucleotide -1

// particle -1
sphere {
	<25.503984, 35.697956, 33.123646> 0.250000
	pigment { color rgbt <1,0,0,0> }
	no_shadow
}
cylinder {
	<25.281088, 35.788464, 33.443214>,  <25.147350, 35.842770, 33.634956>, 0.100000
	pigment { color rgbt <1,0,0,0> }
	no_shadow
}
cylinder {
	<25.281088, 35.788464, 33.443214>,  <25.503984, 35.697956, 33.123646>, 0.100000
	pigment { color rgbt <1,0,0,0> }
	no_shadow
}

// particle -1
sphere {
	<25.281088, 35.788464, 33.443214> 0.100000
	pigment { color rgbt <1,0,0,0> }
	no_shadow
}
sphere {
	0, 1
	scale<0.080000,0.200000,0.300000>
	matrix <-0.418421, 0.754551, -0.505547,
		-0.717220, -0.615999, -0.325792,
		-0.557243, 0.226270, 0.798926,
		25.113914, 35.856346, 33.682892>
	pigment { color rgbt <0,1,1,0> }
	no_shadow
}
cylinder {
	<25.892572, 35.115307, 33.153843>,  <25.503984, 35.697956, 33.123646>, 0.130000
	pigment { color rgbt <1,0,0,0> }
	no_shadow
}

// nucleotide -1

// particle -1
sphere {
	<25.892572, 35.115307, 33.153843> 0.250000
	pigment { color rgbt <1,0,0,0> }
	no_shadow
}
cylinder {
	<26.015673, 35.162361, 32.776176>,  <26.089533, 35.190594, 32.549576>, 0.100000
	pigment { color rgbt <1,0,0,0> }
	no_shadow
}
cylinder {
	<26.015673, 35.162361, 32.776176>,  <25.892572, 35.115307, 33.153843>, 0.100000
	pigment { color rgbt <1,0,0,0> }
	no_shadow
}

// particle -1
sphere {
	<26.015673, 35.162361, 32.776176> 0.100000
	pigment { color rgbt <1,0,0,0> }
	no_shadow
}
sphere {
	0, 1
	scale<0.080000,0.200000,0.300000>
	matrix <-0.767015, -0.556513, -0.319345,
		-0.563007, 0.822469, -0.081040,
		0.307751, 0.117634, -0.944167,
		26.107998, 35.197651, 32.492928>
	pigment { color rgbt <0,1,1,0> }
	no_shadow
}
cylinder {
	<25.302942, 34.998001, 32.850590>,  <25.892572, 35.115307, 33.153843>, 0.130000
	pigment { color rgbt <1,0,0,0> }
	no_shadow
}

// nucleotide -1

// particle -1
sphere {
	<25.302942, 34.998001, 32.850590> 0.250000
	pigment { color rgbt <1,0,0,0> }
	no_shadow
}
cylinder {
	<25.571745, 34.983585, 32.554722>,  <25.733027, 34.974937, 32.377201>, 0.100000
	pigment { color rgbt <1,0,0,0> }
	no_shadow
}
cylinder {
	<25.571745, 34.983585, 32.554722>,  <25.302942, 34.998001, 32.850590>, 0.100000
	pigment { color rgbt <1,0,0,0> }
	no_shadow
}

// particle -1
sphere {
	<25.571745, 34.983585, 32.554722> 0.100000
	pigment { color rgbt <1,0,0,0> }
	no_shadow
}
sphere {
	0, 1
	scale<0.080000,0.200000,0.300000>
	matrix <-0.539235, -0.708407, -0.455395,
		-0.507575, 0.704883, -0.495486,
		0.672007, -0.036036, -0.739668,
		25.773348, 34.972775, 32.332821>
	pigment { color rgbt <0,1,1,0> }
	no_shadow
}
cylinder {
	<25.044189, 35.087574, 32.160221>,  <25.302942, 34.998001, 32.850590>, 0.130000
	pigment { color rgbt <1,0,0,0> }
	no_shadow
}

// nucleotide -1

// particle -1
sphere {
	<25.044189, 35.087574, 32.160221> 0.250000
	pigment { color rgbt <1,0,0,0> }
	no_shadow
}
cylinder {
	<25.369654, 34.855518, 32.175133>,  <25.564934, 34.716286, 32.184078>, 0.100000
	pigment { color rgbt <1,0,0,0> }
	no_shadow
}
cylinder {
	<25.369654, 34.855518, 32.175133>,  <25.044189, 35.087574, 32.160221>, 0.100000
	pigment { color rgbt <1,0,0,0> }
	no_shadow
}

// particle -1
sphere {
	<25.369654, 34.855518, 32.175133> 0.100000
	pigment { color rgbt <1,0,0,0> }
	no_shadow
}
sphere {
	0, 1
	scale<0.080000,0.200000,0.300000>
	matrix <-0.547626, -0.786422, -0.285738,
		0.195084, 0.212081, -0.957582,
		0.813663, -0.580140, 0.037278,
		25.613752, 34.681477, 32.186317>
	pigment { color rgbt <0,1,1,0> }
	no_shadow
}
cylinder {
	<25.059340, 34.673283, 31.477539>,  <25.044189, 35.087574, 32.160221>, 0.130000
	pigment { color rgbt <1,0,0,0> }
	no_shadow
}

// nucleotide -1

// particle -1
sphere {
	<25.059340, 34.673283, 31.477539> 0.250000
	pigment { color rgbt <1,0,0,0> }
	no_shadow
}
cylinder {
	<25.278275, 34.457222, 31.733244>,  <25.409636, 34.327583, 31.886667>, 0.100000
	pigment { color rgbt <1,0,0,0> }
	no_shadow
}
cylinder {
	<25.278275, 34.457222, 31.733244>,  <25.059340, 34.673283, 31.477539>, 0.100000
	pigment { color rgbt <1,0,0,0> }
	no_shadow
}

// particle -1
sphere {
	<25.278275, 34.457222, 31.733244> 0.100000
	pigment { color rgbt <1,0,0,0> }
	no_shadow
}
sphere {
	0, 1
	scale<0.080000,0.200000,0.300000>
	matrix <-0.600805, -0.785351, -0.149187,
		0.582629, -0.302417, -0.754379,
		0.547336, -0.540156, 0.639262,
		25.442474, 34.295174, 31.925022>
	pigment { color rgbt <0,1,1,0> }
	no_shadow
}
cylinder {
	<25.355177, 34.097027, 31.155334>,  <25.059340, 34.673283, 31.477539>, 0.130000
	pigment { color rgbt <1,0,0,0> }
	no_shadow
}

// nucleotide -1

// particle -1
sphere {
	<25.355177, 34.097027, 31.155334> 0.250000
	pigment { color rgbt <1,0,0,0> }
	no_shadow
}
cylinder {
	<25.303217, 34.021503, 31.544687>,  <25.272041, 33.976189, 31.778299>, 0.100000
	pigment { color rgbt <1,0,0,0> }
	no_shadow
}
cylinder {
	<25.303217, 34.021503, 31.544687>,  <25.355177, 34.097027, 31.155334>, 0.100000
	pigment { color rgbt <1,0,0,0> }
	no_shadow
}

// particle -1
sphere {
	<25.303217, 34.021503, 31.544687> 0.100000
	pigment { color rgbt <1,0,0,0> }
	no_shadow
}
sphere {
	0, 1
	scale<0.080000,0.200000,0.300000>
	matrix <-0.642493, -0.731688, -0.227672,
		0.755201, -0.654967, -0.026264,
		-0.129900, -0.188812, 0.973384,
		25.264246, 33.964859, 31.836702>
	pigment { color rgbt <0,1,1,0> }
	no_shadow
}
cylinder {
	<25.537231, 33.383827, 31.236126>,  <25.355177, 34.097027, 31.155334>, 0.130000
	pigment { color rgbt <1,0,0,0> }
	no_shadow
}

// nucleotide -1

// particle -1
sphere {
	<25.537231, 33.383827, 31.236126> 0.250000
	pigment { color rgbt <1,0,0,0> }
	no_shadow
}
cylinder {
	<25.294844, 33.505451, 31.530159>,  <25.149410, 33.578426, 31.706579>, 0.100000
	pigment { color rgbt <1,0,0,0> }
	no_shadow
}
cylinder {
	<25.294844, 33.505451, 31.530159>,  <25.537231, 33.383827, 31.236126>, 0.100000
	pigment { color rgbt <1,0,0,0> }
	no_shadow
}

// particle -1
sphere {
	<25.294844, 33.505451, 31.530159> 0.100000
	pigment { color rgbt <1,0,0,0> }
	no_shadow
}
sphere {
	0, 1
	scale<0.080000,0.200000,0.300000>
	matrix <-0.695629, -0.650793, -0.304250,
		0.385876, -0.695712, 0.605875,
		-0.605970, 0.304062, 0.735083,
		25.113052, 33.596668, 31.750685>
	pigment { color rgbt <0,1,1,0> }
	no_shadow
}
cylinder {
	<25.841064, 33.383404, 31.883492>,  <25.537231, 33.383827, 31.236126>, 0.130000
	pigment { color rgbt <1,0,0,0> }
	no_shadow
}

// nucleotide -1

// particle -1
sphere {
	<25.841064, 33.383404, 31.883492> 0.250000
	pigment { color rgbt <1,0,0,0> }
	no_shadow
}
cylinder {
	<25.531935, 33.315228, 32.128014>,  <25.346457, 33.274323, 32.274727>, 0.100000
	pigment { color rgbt <1,0,0,0> }
	no_shadow
}
cylinder {
	<25.531935, 33.315228, 32.128014>,  <25.841064, 33.383404, 31.883492>, 0.100000
	pigment { color rgbt <1,0,0,0> }
	no_shadow
}

// particle -1
sphere {
	<25.531935, 33.315228, 32.128014> 0.100000
	pigment { color rgbt <1,0,0,0> }
	no_shadow
}
sphere {
	0, 1
	scale<0.080000,0.200000,0.300000>
	matrix <-0.485119, -0.462368, -0.742210,
		0.409150, -0.870153, 0.274646,
		-0.772823, -0.170439, 0.611306,
		25.300087, 33.264095, 32.311405>
	pigment { color rgbt <0,1,1,0> }
	no_shadow
}
cylinder {
	<25.789272, 32.616718, 31.984297>,  <25.841064, 33.383404, 31.883492>, 0.130000
	pigment { color rgbt <1,0,0,0> }
	no_shadow
}

// nucleotide -1

// particle -1
sphere {
	<25.789272, 32.616718, 31.984297> 0.250000
	pigment { color rgbt <1,0,0,0> }
	no_shadow
}
cylinder {
	<25.447842, 32.817158, 32.041302>,  <25.242983, 32.937420, 32.075504>, 0.100000
	pigment { color rgbt <1,0,0,0> }
	no_shadow
}
cylinder {
	<25.447842, 32.817158, 32.041302>,  <25.789272, 32.616718, 31.984297>, 0.100000
	pigment { color rgbt <1,0,0,0> }
	no_shadow
}

// particle -1
sphere {
	<25.447842, 32.817158, 32.041302> 0.100000
	pigment { color rgbt <1,0,0,0> }
	no_shadow
}
sphere {
	0, 1
	scale<0.080000,0.200000,0.300000>
	matrix <-0.451858, -0.575949, -0.681254,
		-0.259294, -0.645898, 0.718041,
		-0.853575, 0.501098, 0.142514,
		25.191769, 32.967487, 32.084057>
	pigment { color rgbt <0,1,1,0> }
	no_shadow
}
cylinder {
	<25.222752, 32.099892, 32.179249>,  <25.789272, 32.616718, 31.984297>, 0.130000
	pigment { color rgbt <1,0,0,0> }
	no_shadow
}

// nucleotide -1

// particle -1
sphere {
	<25.222752, 32.099892, 32.179249> 0.250000
	pigment { color rgbt <1,0,0,0> }
	no_shadow
}
cylinder {
	<25.024326, 32.430035, 32.071392>,  <24.905272, 32.628120, 32.006676>, 0.100000
	pigment { color rgbt <1,0,0,0> }
	no_shadow
}
cylinder {
	<25.024326, 32.430035, 32.071392>,  <25.222752, 32.099892, 32.179249>, 0.100000
	pigment { color rgbt <1,0,0,0> }
	no_shadow
}

// particle -1
sphere {
	<25.024326, 32.430035, 32.071392> 0.100000
	pigment { color rgbt <1,0,0,0> }
	no_shadow
}
sphere {
	0, 1
	scale<0.080000,0.200000,0.300000>
	matrix <-0.639218, -0.557310, -0.529911,
		-0.587644, -0.090503, 0.804042,
		-0.496059, 0.825357, -0.269648,
		24.875507, 32.677643, 31.990498>
	pigment { color rgbt <0,1,1,0> }
	no_shadow
}
cylinder {
	<24.492836, 31.783504, 32.116310>,  <25.222752, 32.099892, 32.179249>, 0.130000
	pigment { color rgbt <1,0,0,0> }
	no_shadow
}

// nucleotide -1

// particle -1
sphere {
	<24.492836, 31.783504, 32.116310> 0.250000
	pigment { color rgbt <1,0,0,0> }
	no_shadow
}
cylinder {
	<24.431576, 31.396553, 32.035587>,  <24.394819, 31.164383, 31.987154>, 0.100000
	pigment { color rgbt <1,0,0,0> }
	no_shadow
}
cylinder {
	<24.431576, 31.396553, 32.035587>,  <24.492836, 31.783504, 32.116310>, 0.100000
	pigment { color rgbt <1,0,0,0> }
	no_shadow
}

// particle -1
sphere {
	<24.431576, 31.396553, 32.035587> 0.100000
	pigment { color rgbt <1,0,0,0> }
	no_shadow
}
sphere {
	0, 1
	scale<0.080000,0.200000,0.300000>
	matrix <-0.944675, 0.083379, 0.317233,
		-0.290058, 0.239224, -0.926628,
		-0.153151, -0.967378, -0.201804,
		24.385630, 31.106340, 31.975046>
	pigment { color rgbt <0,1,1,0> }
	no_shadow
}
cylinder {
	<24.532486, 31.533388, 31.467344>,  <24.492836, 31.783504, 32.116310>, 0.130000
	pigment { color rgbt <1,0,0,0> }
	no_shadow
}

// nucleotide -1

// particle -1
sphere {
	<24.532486, 31.533388, 31.467344> 0.250000
	pigment { color rgbt <1,0,0,0> }
	no_shadow
}
cylinder {
	<24.245325, 31.701492, 31.245354>,  <24.073029, 31.802355, 31.112160>, 0.100000
	pigment { color rgbt <1,0,0,0> }
	no_shadow
}
cylinder {
	<24.245325, 31.701492, 31.245354>,  <24.532486, 31.533388, 31.467344>, 0.100000
	pigment { color rgbt <1,0,0,0> }
	no_shadow
}

// particle -1
sphere {
	<24.245325, 31.701492, 31.245354> 0.100000
	pigment { color rgbt <1,0,0,0> }
	no_shadow
}
sphere {
	0, 1
	scale<0.080000,0.200000,0.300000>
	matrix <0.275640, 0.903663, 0.327743,
		0.639249, 0.082314, -0.764581,
		-0.717902, 0.420259, -0.554977,
		24.029955, 31.827570, 31.078861>
	pigment { color rgbt <0,1,1,0> }
	no_shadow
}
cylinder {
	<24.740808, 32.107868, 31.043249>,  <24.532486, 31.533388, 31.467344>, 0.130000
	pigment { color rgbt <1,0,0,0> }
	no_shadow
}

// nucleotide -1

// particle -1
sphere {
	<24.740808, 32.107868, 31.043249> 0.250000
	pigment { color rgbt <1,0,0,0> }
	no_shadow
}
cylinder {
	<24.361582, 32.190327, 31.140137>,  <24.134045, 32.239799, 31.198269>, 0.100000
	pigment { color rgbt <1,0,0,0> }
	no_shadow
}
cylinder {
	<24.361582, 32.190327, 31.140137>,  <24.740808, 32.107868, 31.043249>, 0.100000
	pigment { color rgbt <1,0,0,0> }
	no_shadow
}

// particle -1
sphere {
	<24.361582, 32.190327, 31.140137> 0.100000
	pigment { color rgbt <1,0,0,0> }
	no_shadow
}
sphere {
	0, 1
	scale<0.080000,0.200000,0.300000>
	matrix <0.285540, 0.887103, 0.362650,
		-0.140115, 0.412980, -0.899897,
		-0.948069, 0.206144, 0.242219,
		24.077162, 32.252171, 31.212803>
	pigment { color rgbt <0,1,1,0> }
	no_shadow
}
cylinder {
	<24.615479, 32.784336, 30.855124>,  <24.740808, 32.107868, 31.043249>, 0.130000
	pigment { color rgbt <1,0,0,0> }
	no_shadow
}

// nucleotide -1

// particle -1
sphere {
	<24.615479, 32.784336, 30.855124> 0.250000
	pigment { color rgbt <1,0,0,0> }
	no_shadow
}
cylinder {
	<24.345922, 32.683865, 31.133053>,  <24.184189, 32.623581, 31.299810>, 0.100000
	pigment { color rgbt <1,0,0,0> }
	no_shadow
}
cylinder {
	<24.345922, 32.683865, 31.133053>,  <24.615479, 32.784336, 30.855124>, 0.100000
	pigment { color rgbt <1,0,0,0> }
	no_shadow
}

// particle -1
sphere {
	<24.345922, 32.683865, 31.133053> 0.100000
	pigment { color rgbt <1,0,0,0> }
	no_shadow
}
sphere {
	0, 1
	scale<0.080000,0.200000,0.300000>
	matrix <0.169186, 0.862984, 0.476062,
		-0.719198, 0.438369, -0.539061,
		-0.673891, -0.251182, 0.694822,
		24.143755, 32.608509, 31.341499>
	pigment { color rgbt <0,1,1,0> }
	no_shadow
}
cylinder {
	<24.018421, 33.260181, 31.058140>,  <24.615479, 32.784336, 30.855124>, 0.130000
	pigment { color rgbt <1,0,0,0> }
	no_shadow
}

// nucleotide -1

// particle -1
sphere {
	<24.018421, 33.260181, 31.058140> 0.250000
	pigment { color rgbt <1,0,0,0> }
	no_shadow
}
cylinder {
	<24.164064, 33.043812, 31.361410>,  <24.251450, 32.913990, 31.543371>, 0.100000
	pigment { color rgbt <1,0,0,0> }
	no_shadow
}
cylinder {
	<24.164064, 33.043812, 31.361410>,  <24.018421, 33.260181, 31.058140>, 0.100000
	pigment { color rgbt <1,0,0,0> }
	no_shadow
}

// particle -1
sphere {
	<24.164064, 33.043812, 31.361410> 0.100000
	pigment { color rgbt <1,0,0,0> }
	no_shadow
}
sphere {
	0, 1
	scale<0.080000,0.200000,0.300000>
