// switches for output
#declare DRAW_BASES = 1; // possible values are 0, 1; only relevant for DNA ribbons
#declare DRAW_BASES_TYPE = 3; // possible values are 1, 2, 3; only relevant for DNA ribbons
#declare DRAW_FOG = 0; // set to 1 to enable fog

#include "colors.inc"

#include "transforms.inc"
background { rgb <1, 1, 1>}

#default {
   normal{
       ripples 0.25
       frequency 0.20
       turbulence 0.2
       lambda 5
   }
	finish {
		phong 0.1
		phong_size 40.
	}
}

// original window dimensions: 1024x640


// camera settings

camera {
	sky <0, 0.179814, -0.983701>
	up <0, 0.179814, -0.983701>
	right 1.6 * <1, 0, 0>
	location <35, 94.9851, 44.8844>
	look_at <35, 29.7336, 32.9568>
	direction <0, -65.2515, -11.9276>
	angle 67.0682
}


# declare cpy_camera_pos = <35, 94.9851, 44.8844>;
# if (DRAW_FOG = 1)
fog {
	fog_type 2
	up vnormalize(cpy_camera_pos)
	color rgbt<1,1,1,0.3>
	distance 1e-5
	fog_alt 3e-3
	fog_offset 56
}
# end


// LIGHTS

# declare lum = 6;
global_settings {
	ambient_light rgb lum * <0.05, 0.05, 0.05>
	max_trace_level 15
}# declare cpy_direct_light_amount = 0.25;
light_source
{	1000 * <-1, -1.16352, -0.803886>,
	rgb lum * cpy_direct_light_amount
	parallel
}

light_source
{	1000 * <1, 1.16352, 0.803886>,
	rgb lum * cpy_direct_light_amount
	parallel
}

// strand 0

// nucleotide -1

// particle -1
sphere {
	<24.402136, 35.170795, 34.798370> 0.250000
	pigment { color rgbt <1,0,0,0> }
	no_shadow
}
cylinder {
	<24.228430, 34.940563, 35.075535>,  <24.124207, 34.802425, 35.241833>, 0.100000
	pigment { color rgbt <1,0,0,0> }
	no_shadow
}
cylinder {
	<24.228430, 34.940563, 35.075535>,  <24.402136, 35.170795, 34.798370>, 0.100000
	pigment { color rgbt <1,0,0,0> }
	no_shadow
}

// particle -1
sphere {
	<24.228430, 34.940563, 35.075535> 0.100000
	pigment { color rgbt <1,0,0,0> }
	no_shadow
}
sphere {
	0, 1
	scale<0.080000,0.200000,0.300000>
	matrix <-0.678648, 0.714874, 0.168499,
		-0.592327, -0.397068, -0.701061,
		-0.434265, -0.575580, 0.692908,
		24.098150, 34.767891, 35.283409>
	pigment { color rgbt <0,1,1,0> }
	no_shadow
}
cylinder {
	<25.109673, 35.135662, 34.994358>,  <24.402136, 35.170795, 34.798370>, 0.130000
	pigment { color rgbt <1,0,0,0> }
	no_shadow
}

// nucleotide -1

// particle -1
sphere {
	<25.109673, 35.135662, 34.994358> 0.250000
	pigment { color rgbt <1,0,0,0> }
	no_shadow
}
cylinder {
	<25.248043, 34.833771, 34.771393>,  <25.331066, 34.652634, 34.637611>, 0.100000
	pigment { color rgbt <1,0,0,0> }
	no_shadow
}
cylinder {
	<25.248043, 34.833771, 34.771393>,  <25.109673, 35.135662, 34.994358>, 0.100000
	pigment { color rgbt <1,0,0,0> }
	no_shadow
}

// particle -1
sphere {
	<25.248043, 34.833771, 34.771393> 0.100000
	pigment { color rgbt <1,0,0,0> }
	no_shadow
}
sphere {
	0, 1
	scale<0.080000,0.200000,0.300000>
	matrix <-0.160970, -0.633026, 0.757210,
		-0.924351, -0.172212, -0.340469,
		0.345926, -0.754733, -0.557417,
		25.351822, 34.607349, 34.604168>
	pigment { color rgbt <0,1,1,0> }
	no_shadow
}
cylinder {
	<24.678923, 34.580902, 35.053371>,  <25.109673, 35.135662, 34.994358>, 0.130000
	pigment { color rgbt <1,0,0,0> }
	no_shadow
}

// nucleotide -1

// particle -1
sphere {
	<24.678923, 34.580902, 35.053371> 0.250000
	pigment { color rgbt <1,0,0,0> }
	no_shadow
}
cylinder {
	<25.013680, 34.397026, 34.934513>,  <25.214535, 34.286701, 34.863197>, 0.100000
	pigment { color rgbt <1,0,0,0> }
	no_shadow
}
cylinder {
	<25.013680, 34.397026, 34.934513>,  <24.678923, 34.580902, 35.053371>, 0.100000
	pigment { color rgbt <1,0,0,0> }
	no_shadow
}

// particle -1
sphere {
	<25.013680, 34.397026, 34.934513> 0.100000
	pigment { color rgbt <1,0,0,0> }
	no_shadow
}
sphere {
	0, 1
	scale<0.080000,0.200000,0.300000>
	matrix <-0.133574, -0.697963, 0.703566,
		-0.530816, -0.549120, -0.645524,
		0.836894, -0.459690, -0.297142,
		25.264748, 34.259121, 34.845371>
	pigment { color rgbt <0,1,1,0> }
	no_shadow
}
cylinder {
	<24.538565, 33.878536, 35.098930>,  <24.678923, 34.580902, 35.053371>, 0.130000
	pigment { color rgbt <1,0,0,0> }
	no_shadow
}

// nucleotide -1

// particle -1
sphere {
	<24.538565, 33.878536, 35.098930> 0.250000
	pigment { color rgbt <1,0,0,0> }
	no_shadow
}
cylinder {
	<24.935545, 33.838917, 35.070000>,  <25.173733, 33.815147, 35.052643>, 0.100000
	pigment { color rgbt <1,0,0,0> }
	no_shadow
}
cylinder {
	<24.935545, 33.838917, 35.070000>,  <24.538565, 33.878536, 35.098930>, 0.100000
	pigment { color rgbt <1,0,0,0> }
	no_shadow
}

// particle -1
sphere {
	<24.935545, 33.838917, 35.070000> 0.100000
	pigment { color rgbt <1,0,0,0> }
	no_shadow
}
sphere {
	0, 1
	scale<0.080000,0.200000,0.300000>
	matrix <-0.029273, -0.763995, 0.644557,
		-0.119099, -0.637574, -0.761127,
		0.992451, -0.099047, -0.072327,
		25.233280, 33.809204, 35.048302>
	pigment { color rgbt <0,1,1,0> }
	no_shadow
}
cylinder {
	<24.666697, 33.174690, 34.974705>,  <24.538565, 33.878536, 35.098930>, 0.130000
	pigment { color rgbt <1,0,0,0> }
	no_shadow
}

// nucleotide -1

// particle -1
sphere {
	<24.666697, 33.174690, 34.974705> 0.250000
	pigment { color rgbt <1,0,0,0> }
	no_shadow
}
cylinder {
	<24.992336, 33.336391, 35.141472>,  <25.187721, 33.433411, 35.241531>, 0.100000
	pigment { color rgbt <1,0,0,0> }
	no_shadow
}
cylinder {
	<24.992336, 33.336391, 35.141472>,  <24.666697, 33.174690, 34.974705>, 0.100000
	pigment { color rgbt <1,0,0,0> }
	no_shadow
}

// particle -1
sphere {
	<24.992336, 33.336391, 35.141472> 0.100000
	pigment { color rgbt <1,0,0,0> }
	no_shadow
}
sphere {
	0, 1
	scale<0.080000,0.200000,0.300000>
	matrix <0.055752, -0.769018, 0.636792,
		0.578042, -0.495168, -0.648595,
		0.814100, 0.404253, 0.416918,
		25.236567, 33.457668, 35.266548>
	pigment { color rgbt <0,1,1,0> }
	no_shadow
}
cylinder {
	<25.233822, 32.765720, 34.893215>,  <24.666697, 33.174690, 34.974705>, 0.130000
	pigment { color rgbt <1,0,0,0> }
	no_shadow
}

// nucleotide -1

// particle -1
sphere {
	<25.233822, 32.765720, 34.893215> 0.250000
	pigment { color rgbt <1,0,0,0> }
	no_shadow
}
cylinder {
	<25.289318, 32.924118, 35.256298>,  <25.322617, 33.019157, 35.474148>, 0.100000
	pigment { color rgbt <1,0,0,0> }
	no_shadow
}
cylinder {
	<25.289318, 32.924118, 35.256298>,  <25.233822, 32.765720, 34.893215>, 0.100000
	pigment { color rgbt <1,0,0,0> }
	no_shadow
}

// particle -1
sphere {
	<25.289318, 32.924118, 35.256298> 0.100000
	pigment { color rgbt <1,0,0,0> }
	no_shadow
}
sphere {
	0, 1
	scale<0.080000,0.200000,0.300000>
	matrix <-0.197682, -0.887056, 0.417196,
		0.970398, -0.237321, -0.044792,
		0.138743, 0.395992, 0.907712,
		25.330940, 33.042915, 35.528610>
	pigment { color rgbt <0,1,1,0> }
	no_shadow
}
cylinder {
	<25.778522, 32.371964, 35.237438>,  <25.233822, 32.765720, 34.893215>, 0.130000
	pigment { color rgbt <1,0,0,0> }
	no_shadow
}

// nucleotide -1

// particle -1
sphere {
	<25.778522, 32.371964, 35.237438> 0.250000
	pigment { color rgbt <1,0,0,0> }
	no_shadow
}
cylinder {
	<25.565376, 32.550018, 35.525303>,  <25.437489, 32.656849, 35.698021>, 0.100000
	pigment { color rgbt <1,0,0,0> }
	no_shadow
}
cylinder {
	<25.565376, 32.550018, 35.525303>,  <25.778522, 32.371964, 35.237438>, 0.100000
	pigment { color rgbt <1,0,0,0> }
	no_shadow
}

// particle -1
sphere {
	<25.565376, 32.550018, 35.525303> 0.100000
	pigment { color rgbt <1,0,0,0> }
	no_shadow
}
sphere {
	0, 1
	scale<0.080000,0.200000,0.300000>
	matrix <-0.078978, -0.872910, 0.481446,
		0.842507, 0.199709, 0.500299,
		-0.532865, 0.445134, 0.719660,
		25.405518, 32.683559, 35.741199>
	pigment { color rgbt <0,1,1,0> }
	no_shadow
}
cylinder {
	<26.112354, 32.211502, 35.900700>,  <25.778522, 32.371964, 35.237438>, 0.130000
	pigment { color rgbt <1,0,0,0> }
	no_shadow
}

// nucleotide -1

// particle -1
sphere {
	<26.112354, 32.211502, 35.900700> 0.250000
	pigment { color rgbt <1,0,0,0> }
	no_shadow
}
cylinder {
	<25.722548, 32.288754, 35.946346>,  <25.488665, 32.335102, 35.973732>, 0.100000
	pigment { color rgbt <1,0,0,0> }
	no_shadow
}
cylinder {
	<25.722548, 32.288754, 35.946346>,  <26.112354, 32.211502, 35.900700>, 0.100000
	pigment { color rgbt <1,0,0,0> }
	no_shadow
}

// particle -1
sphere {
	<25.722548, 32.288754, 35.946346> 0.100000
	pigment { color rgbt <1,0,0,0> }
	no_shadow
}
sphere {
	0, 1
	scale<0.080000,0.200000,0.300000>
	matrix <-0.101678, -0.833742, 0.542712,
		0.199954, 0.517278, 0.832131,
		-0.974515, 0.193126, 0.114114,
		25.430193, 32.346691, 35.980579>
	pigment { color rgbt <0,1,1,0> }
	no_shadow
}
cylinder {
	<26.013508, 31.963665, 36.555996>,  <26.112354, 32.211502, 35.900700>, 0.130000
	pigment { color rgbt <1,0,0,0> }
	no_shadow
}

// nucleotide -1

// particle -1
sphere {
	<26.013508, 31.963665, 36.555996> 0.250000
	pigment { color rgbt <1,0,0,0> }
	no_shadow
}
cylinder {
	<25.671947, 31.977654, 36.348289>,  <25.467012, 31.986048, 36.223667>, 0.100000
	pigment { color rgbt <1,0,0,0> }
	no_shadow
}
cylinder {
	<25.671947, 31.977654, 36.348289>,  <26.013508, 31.963665, 36.555996>, 0.100000
	pigment { color rgbt <1,0,0,0> }
	no_shadow
}

// particle -1
sphere {
	<25.671947, 31.977654, 36.348289> 0.100000
	pigment { color rgbt <1,0,0,0> }
	no_shadow
}
sphere {
	0, 1
	scale<0.080000,0.200000,0.300000>
	matrix <-0.430278, -0.608721, 0.666573,
		-0.292774, 0.792613, 0.534835,
		-0.853899, 0.034972, -0.519262,
		25.415777, 31.988146, 36.192513>
	pigment { color rgbt <0,1,1,0> }
	no_shadow
}
cylinder {
	<25.506834, 32.132790, 37.063057>,  <26.013508, 31.963665, 36.555996>, 0.130000
	pigment { color rgbt <1,0,0,0> }
	no_shadow
}

// nucleotide -1

// particle -1
sphere {
	<25.506834, 32.132790, 37.063057> 0.250000
	pigment { color rgbt <1,0,0,0> }
	no_shadow
}
cylinder {
	<25.320503, 31.959864, 36.754227>,  <25.208704, 31.856108, 36.568928>, 0.100000
	pigment { color rgbt <1,0,0,0> }
	no_shadow
}
cylinder {
	<25.320503, 31.959864, 36.754227>,  <25.506834, 32.132790, 37.063057>, 0.100000
	pigment { color rgbt <1,0,0,0> }
	no_shadow
}

// particle -1
sphere {
	<25.320503, 31.959864, 36.754227> 0.100000
	pigment { color rgbt <1,0,0,0> }
	no_shadow
}
sphere {
	0, 1
	scale<0.080000,0.200000,0.300000>
	matrix <-0.408798, -0.668697, 0.621071,
		-0.784785, 0.604938, 0.134769,
		-0.465829, -0.432314, -0.772080,
		25.180754, 31.830170, 36.522602>
	pigment { color rgbt <0,1,1,0> }
	no_shadow
}
cylinder {
	<24.760756, 32.098331, 37.249180>,  <25.506834, 32.132790, 37.063057>, 0.130000
	pigment { color rgbt <1,0,0,0> }
	no_shadow
}

// nucleotide -1

// particle -1
sphere {
	<24.760756, 32.098331, 37.249180> 0.250000
	pigment { color rgbt <1,0,0,0> }
	no_shadow
}
cylinder {
	<24.832121, 31.815496, 36.975479>,  <24.874941, 31.645796, 36.811260>, 0.100000
	pigment { color rgbt <1,0,0,0> }
	no_shadow
}
cylinder {
	<24.832121, 31.815496, 36.975479>,  <24.760756, 32.098331, 37.249180>, 0.100000
	pigment { color rgbt <1,0,0,0> }
	no_shadow
}

// particle -1
sphere {
	<24.832121, 31.815496, 36.975479> 0.100000
	pigment { color rgbt <1,0,0,0> }
	no_shadow
}
sphere {
	0, 1
	scale<0.080000,0.200000,0.300000>
	matrix <-0.445165, -0.678173, 0.584731,
		-0.877495, 0.200280, -0.435765,
		0.178415, -0.707085, -0.684251,
		24.885645, 31.603371, 36.770203>
	pigment { color rgbt <0,1,1,0> }
	no_shadow
}
cylinder {
	<24.149494, 31.621077, 37.135754>,  <24.760756, 32.098331, 37.249180>, 0.130000
	pigment { color rgbt <1,0,0,0> }
	no_shadow
}

// nucleotide -1

// particle -1
sphere {
	<24.149494, 31.621077, 37.135754> 0.250000
	pigment { color rgbt <1,0,0,0> }
	no_shadow
}
cylinder {
	<24.486986, 31.421509, 37.056561>,  <24.689482, 31.301767, 37.009045>, 0.100000
	pigment { color rgbt <1,0,0,0> }
	no_shadow
}
cylinder {
	<24.486986, 31.421509, 37.056561>,  <24.149494, 31.621077, 37.135754>, 0.100000
	pigment { color rgbt <1,0,0,0> }
	no_shadow
}

// particle -1
sphere {
	<24.486986, 31.421509, 37.056561> 0.100000
	pigment { color rgbt <1,0,0,0> }
	no_shadow
}
sphere {
	0, 1
	scale<0.080000,0.200000,0.300000>
	matrix <-0.279676, -0.723442, 0.631200,
		-0.458148, -0.477191, -0.749925,
		0.843731, -0.498919, -0.197985,
		24.740105, 31.271833, 36.997166>
	pigment { color rgbt <0,1,1,0> }
	no_shadow
}
cylinder {
	<24.032545, 30.906944, 36.957317>,  <24.149494, 31.621077, 37.135754>, 0.130000
	pigment { color rgbt <1,0,0,0> }
	no_shadow
}

// nucleotide -1

// particle -1
sphere {
	<24.032545, 30.906944, 36.957317> 0.250000
	pigment { color rgbt <1,0,0,0> }
	no_shadow
}
cylinder {
	<24.409412, 30.917206, 37.090981>,  <24.635532, 30.923363, 37.171177>, 0.100000
	pigment { color rgbt <1,0,0,0> }
	no_shadow
}
cylinder {
	<24.409412, 30.917206, 37.090981>,  <24.032545, 30.906944, 36.957317>, 0.100000
	pigment { color rgbt <1,0,0,0> }
	no_shadow
}

// particle -1
sphere {
	<24.409412, 30.917206, 37.090981> 0.100000
	pigment { color rgbt <1,0,0,0> }
	no_shadow
}
sphere {
	0, 1
	scale<0.080000,0.200000,0.300000>
	matrix <-0.136084, -0.881886, 0.451396,
		0.306269, -0.470765, -0.827394,
		0.942168, 0.025653, 0.334158,
		24.692062, 30.924902, 37.191227>
	pigment { color rgbt <0,1,1,0> }
	no_shadow
}
cylinder {
	<24.332310, 30.199570, 36.927715>,  <24.032545, 30.906944, 36.957317>, 0.130000
	pigment { color rgbt <1,0,0,0> }
	no_shadow
}

// nucleotide -1

// particle -1
sphere {
	<24.332310, 30.199570, 36.927715> 0.250000
	pigment { color rgbt <1,0,0,0> }
	no_shadow
}
cylinder {
	<24.538460, 30.414230, 37.194965>,  <24.662149, 30.543026, 37.355316>, 0.100000
	pigment { color rgbt <1,0,0,0> }
	no_shadow
}
cylinder {
	<24.538460, 30.414230, 37.194965>,  <24.332310, 30.199570, 36.927715>, 0.100000
	pigment { color rgbt <1,0,0,0> }
	no_shadow
}

// particle -1
sphere {
	<24.538460, 30.414230, 37.194965> 0.100000
	pigment { color rgbt <1,0,0,0> }
	no_shadow
}
sphere {
	0, 1
	scale<0.080000,0.200000,0.300000>
	matrix <0.066796, -0.802428, 0.592998,
		0.854356, -0.260989, -0.449399,
		0.515377, 0.536650, 0.668127,
		24.693073, 30.575226, 37.395405>
	pigment { color rgbt <0,1,1,0> }
	no_shadow
}
cylinder {
	<25.077549, 30.065102, 37.075699>,  <24.332310, 30.199570, 36.927715>, 0.130000
	pigment { color rgbt <1,0,0,0> }
	no_shadow
}

// nucleotide -1

// particle -1
sphere {
	<25.077549, 30.065102, 37.075699> 0.250000
	pigment { color rgbt <1,0,0,0> }
	no_shadow
}
cylinder {
	<24.951561, 30.224924, 37.420059>,  <24.875967, 30.320818, 37.626675>, 0.100000
	pigment { color rgbt <1,0,0,0> }
	no_shadow
}
cylinder {
	<24.951561, 30.224924, 37.420059>,  <25.077549, 30.065102, 37.075699>, 0.100000
	pigment { color rgbt <1,0,0,0> }
	no_shadow
}

// particle -1
sphere {
	<24.951561, 30.224924, 37.420059> 0.100000
	pigment { color rgbt <1,0,0,0> }
	no_shadow
}
sphere {
	0, 1
	scale<0.080000,0.200000,0.300000>
	matrix <0.415122, -0.757708, 0.503540,
		0.853503, 0.515979, 0.072793,
		-0.314972, 0.399555, 0.860900,
		24.857069, 30.344791, 37.678329>
	pigment { color rgbt <0,1,1,0> }
	no_shadow
}
cylinder {
	<25.337511, 30.509224, 36.559002>,  <25.077549, 30.065102, 37.075699>, 0.130000
	pigment { color rgbt <1,0,0,0> }
	no_shadow
}

// nucleotide -1

// particle -1
sphere {
	<25.337511, 30.509224, 36.559002> 0.250000
	pigment { color rgbt <1,0,0,0> }
	no_shadow
}
cylinder {
	<25.019814, 30.751072, 36.583038>,  <24.829195, 30.896181, 36.597458>, 0.100000
	pigment { color rgbt <1,0,0,0> }
	no_shadow
}
cylinder {
	<25.019814, 30.751072, 36.583038>,  <25.337511, 30.509224, 36.559002>, 0.100000
	pigment { color rgbt <1,0,0,0> }
	no_shadow
}

// particle -1
sphere {
	<25.019814, 30.751072, 36.583038> 0.100000
	pigment { color rgbt <1,0,0,0> }
	no_shadow
}
sphere {
	0, 1
	scale<0.080000,0.200000,0.300000>
	matrix <0.449212, 0.650917, -0.611977,
		-0.409124, -0.459069, -0.788589,
		-0.794246, 0.604619, 0.060087,
		24.781540, 30.932457, 36.601063>
	pigment { color rgbt <0,1,1,0> }
	no_shadow
}
cylinder {
	<25.122908, 30.718292, 35.838562>,  <25.337511, 30.509224, 36.559002>, 0.130000
	pigment { color rgbt <1,0,0,0> }
	no_shadow
}

// nucleotide -1

// particle -1
sphere {
	<25.122908, 30.718292, 35.838562> 0.250000
	pigment { color rgbt <1,0,0,0> }
	no_shadow
}
cylinder {
	<24.999569, 30.990202, 36.104744>,  <24.925566, 31.153347, 36.264454>, 0.100000
	pigment { color rgbt <1,0,0,0> }
	no_shadow
}
cylinder {
	<24.999569, 30.990202, 36.104744>,  <25.122908, 30.718292, 35.838562>, 0.100000
	pigment { color rgbt <1,0,0,0> }
	no_shadow
}

// particle -1
sphere {
	<24.999569, 30.990202, 36.104744> 0.100000
	pigment { color rgbt <1,0,0,0> }
	no_shadow
}
sphere {
	0, 1
	scale<0.080000,0.200000,0.300000>
	matrix <0.335656, 0.732294, -0.592520,
		-0.890088, 0.040661, -0.453972,
		-0.308348, 0.679774, 0.665454,
		24.907064, 31.194134, 36.304379>
	pigment { color rgbt <0,1,1,0> }
	no_shadow
}
cylinder {
	<24.562969, 31.243982, 35.541409>,  <25.122908, 30.718292, 35.838562>, 0.130000
	pigment { color rgbt <1,0,0,0> }
	no_shadow
}

// nucleotide -1

// particle -1
sphere {
	<24.562969, 31.243982, 35.541409> 0.250000
	pigment { color rgbt <1,0,0,0> }
	no_shadow
}
cylinder {
	<24.740433, 31.435030, 35.844734>,  <24.846910, 31.549660, 36.026730>, 0.100000
	pigment { color rgbt <1,0,0,0> }
	no_shadow
}
cylinder {
	<24.740433, 31.435030, 35.844734>,  <24.562969, 31.243982, 35.541409>, 0.100000
	pigment { color rgbt <1,0,0,0> }
	no_shadow
}

// particle -1
sphere {
	<24.740433, 31.435030, 35.844734> 0.100000
	pigment { color rgbt <1,0,0,0> }
	no_shadow
}
sphere {
	0, 1
	scale<0.080000,0.200000,0.300000>
	matrix <0.195321, 0.774279, -0.601948,
		-0.874653, 0.415175, 0.250225,
		0.443658, 0.477621, 0.758318,
		24.873529, 31.578316, 36.072231>
	pigment { color rgbt <0,1,1,0> }
	no_shadow
}
cylinder {
	<24.219362, 31.945938, 35.656445>,  <24.562969, 31.243982, 35.541409>, 0.130000
	pigment { color rgbt <1,0,0,0> }
	no_shadow
}

// nucleotide -1

// particle -1
sphere {
	<24.219362, 31.945938, 35.656445> 0.250000
	pigment { color rgbt <1,0,0,0> }
	no_shadow
}
cylinder {
	<24.599316, 31.947624, 35.781475>,  <24.827288, 31.948635, 35.856491>, 0.100000
	pigment { color rgbt <1,0,0,0> }
	no_shadow
}
cylinder {
	<24.599316, 31.947624, 35.781475>,  <24.219362, 31.945938, 35.656445>, 0.100000
	pigment { color rgbt <1,0,0,0> }
	no_shadow
}

// particle -1
sphere {
	<24.599316, 31.947624, 35.781475> 0.100000
	pigment { color rgbt <1,0,0,0> }
	no_shadow
}
sphere {
	0, 1
	scale<0.080000,0.200000,0.300000>
	matrix <0.191285, 0.783016, -0.591859,
		-0.247244, 0.621988, 0.742968,
		0.949884, 0.004215, 0.312573,
		24.884281, 31.948889, 35.875248>
	pigment { color rgbt <0,1,1,0> }
	no_shadow
}
cylinder {
	<24.496527, 32.670376, 35.664883>,  <24.219362, 31.945938, 35.656445>, 0.130000
	pigment { color rgbt <1,0,0,0> }
	no_shadow
}

// nucleotide -1

// particle -1
sphere {
	<24.496527, 32.670376, 35.664883> 0.250000
	pigment { color rgbt <1,0,0,0> }
	no_shadow
}
cylinder {
	<24.826925, 32.445198, 35.653419>,  <25.025164, 32.310089, 35.646542>, 0.100000
	pigment { color rgbt <1,0,0,0> }
	no_shadow
}
cylinder {
	<24.826925, 32.445198, 35.653419>,  <24.496527, 32.670376, 35.664883>, 0.100000
	pigment { color rgbt <1,0,0,0> }
	no_shadow
}

// particle -1
sphere {
	<24.826925, 32.445198, 35.653419> 0.100000
	pigment { color rgbt <1,0,0,0> }
	no_shadow
}
sphere {
	0, 1
	scale<0.080000,0.200000,0.300000>
	matrix <0.434914, 0.668830, -0.602924,
		0.358580, 0.485549, 0.797284,
		0.825997, -0.562946, -0.028657,
		25.074724, 32.276314, 35.644821>
	pigment { color rgbt <0,1,1,0> }
	no_shadow
}
cylinder {
	<24.355856, 32.831043, 36.420818>,  <24.496527, 32.670376, 35.664883>, 0.130000
	pigment { color rgbt <1,0,0,0> }
	no_shadow
}

// nucleotide -1

// particle -1
sphere {
	<24.355856, 32.831043, 36.420818> 0.250000
	pigment { color rgbt <1,0,0,0> }
	no_shadow
}
cylinder {
	<24.742702, 32.730034, 36.408714>,  <24.974810, 32.669426, 36.401451>, 0.100000
	pigment { color rgbt <1,0,0,0> }
	no_shadow
}
cylinder {
	<24.742702, 32.730034, 36.408714>,  <24.355856, 32.831043, 36.420818>, 0.100000
	pigment { color rgbt <1,0,0,0> }
	no_shadow
}

// particle -1
sphere {
	<24.742702, 32.730034, 36.408714> 0.100000
	pigment { color rgbt <1,0,0,0> }
	no_shadow
}
sphere {
	0, 1
	scale<0.080000,0.200000,0.300000>
	matrix <0.192223, 0.803646, -0.563208,
		0.166541, 0.538871, 0.825761,
		0.967116, -0.252527, -0.030256,
		25.032837, 32.654274, 36.399639>
	pigment { color rgbt <0,1,1,0> }
	no_shadow
}
cylinder {
	<24.890215, 33.316059, 36.762482>,  <24.355856, 32.831043, 36.420818>, 0.130000
	pigment { color rgbt <1,0,0,0> }
	no_shadow
}

// nucleotide -1

// particle -1
sphere {
	<24.890215, 33.316059, 36.762482> 0.250000
	pigment { color rgbt <1,0,0,0> }
	no_shadow
}
cylinder {
	<25.073174, 33.120144, 36.465595>,  <25.182949, 33.002594, 36.287464>, 0.100000
	pigment { color rgbt <1,0,0,0> }
	no_shadow
}
cylinder {
	<25.073174, 33.120144, 36.465595>,  <24.890215, 33.316059, 36.762482>, 0.100000
	pigment { color rgbt <1,0,0,0> }
	no_shadow
}

// particle -1
sphere {
	<25.073174, 33.120144, 36.465595> 0.100000
	pigment { color rgbt <1,0,0,0> }
	no_shadow
}
sphere {
	0, 1
	scale<0.080000,0.200000,0.300000>
	matrix <0.283743, 0.871404, -0.400182,
		0.842779, -0.027557, 0.537553,
		0.457398, -0.489792, -0.742220,
		25.210392, 32.973206, 36.242928>
	pigment { color rgbt <0,1,1,0> }
	no_shadow
}
cylinder {
	<25.545666, 33.587055, 36.678085>,  <24.890215, 33.316059, 36.762482>, 0.130000
	pigment { color rgbt <1,0,0,0> }
	no_shadow
}

// nucleotide -1

// particle -1
sphere {
	<25.545666, 33.587055, 36.678085> 0.250000
	pigment { color rgbt <1,0,0,0> }
	no_shadow
}
cylinder {
	<25.518623, 33.387302, 36.332588>,  <25.502398, 33.267452, 36.125290>, 0.100000
	pigment { color rgbt <1,0,0,0> }
	no_shadow
}
cylinder {
	<25.518623, 33.387302, 36.332588>,  <25.545666, 33.587055, 36.678085>, 0.100000
	pigment { color rgbt <1,0,0,0> }
	no_shadow
}

// particle -1
sphere {
	<25.518623, 33.387302, 36.332588> 0.100000
	pigment { color rgbt <1,0,0,0> }
	no_shadow
}
sphere {
	0, 1
	scale<0.080000,0.200000,0.300000>
	matrix <0.437809, 0.763070, -0.475443,
		0.896523, -0.410296, 0.167046,
		-0.067604, -0.499380, -0.863742,
		25.498343, 33.237488, 36.073467>
	pigment { color rgbt <0,1,1,0> }
	no_shadow
}
cylinder {
	<25.731079, 34.075474, 36.199738>,  <25.545666, 33.587055, 36.678085>, 0.130000
	pigment { color rgbt <1,0,0,0> }
	no_shadow
}

// nucleotide -1

// particle -1
sphere {
	<25.731079, 34.075474, 36.199738> 0.250000
	pigment { color rgbt <1,0,0,0> }
	no_shadow
}
cylinder {
	<25.704971, 33.740631, 35.982487>,  <25.689306, 33.539726, 35.852135>, 0.100000
	pigment { color rgbt <1,0,0,0> }
	no_shadow
}
cylinder {
	<25.704971, 33.740631, 35.982487>,  <25.731079, 34.075474, 36.199738>, 0.100000
	pigment { color rgbt <1,0,0,0> }
	no_shadow
}

// particle -1
sphere {
	<25.704971, 33.740631, 35.982487> 0.100000
	pigment { color rgbt <1,0,0,0> }
	no_shadow
}
sphere {
	0, 1
	scale<0.080000,0.200000,0.300000>
	matrix <0.259583, 0.511304, -0.819259,
		0.963512, -0.194460, 0.183926,
		-0.065271, -0.837110, -0.543126,
		25.685390, 33.489498, 35.819550>
	pigment { color rgbt <0,1,1,0> }
	no_shadow
}
cylinder {
	<26.350275, 33.943790, 35.677071>,  <25.731079, 34.075474, 36.199738>, 0.130000
	pigment { color rgbt <1,0,0,0> }
	no_shadow
}

// nucleotide -1

// particle -1
sphere {
	<26.350275, 33.943790, 35.677071> 0.250000
	pigment { color rgbt <1,0,0,0> }
	no_shadow
}
cylinder {
	<26.009939, 33.779442, 35.546070>,  <25.805738, 33.680832, 35.467468>, 0.100000
	pigment { color rgbt <1,0,0,0> }
	no_shadow
}
cylinder {
	<26.009939, 33.779442, 35.546070>,  <26.350275, 33.943790, 35.677071>, 0.100000
	pigment { color rgbt <1,0,0,0> }
	no_shadow
}

// particle -1
sphere {
	<26.009939, 33.779442, 35.546070> 0.100000
	pigment { color rgbt <1,0,0,0> }
	no_shadow
}
sphere {
	0, 1
	scale<0.080000,0.200000,0.300000>
	matrix <0.134071, 0.432910, -0.891411,
		0.508032, -0.802357, -0.313251,
		-0.850840, -0.410867, -0.327505,
		25.754686, 33.656181, 35.447819>
	pigment { color rgbt <0,1,1,0> }
	no_shadow
}
cylinder {
	<26.543856, 33.768986, 35.044003>,  <26.350275, 33.943790, 35.677071>, 0.130000
	pigment { color rgbt <1,0,0,0> }
	no_shadow
}

// nucleotide -1

// particle -1
sphere {
	<26.543856, 33.768986, 35.044003> 0.250000
	pigment { color rgbt <1,0,0,0> }
	no_shadow
}
cylinder {
	<26.144115, 33.782566, 35.039143>,  <25.904272, 33.790714, 35.036224>, 0.100000
	pigment { color rgbt <1,0,0,0> }
	no_shadow
}
cylinder {
	<26.144115, 33.782566, 35.039143>,  <26.543856, 33.768986, 35.044003>, 0.100000
	pigment { color rgbt <1,0,0,0> }
	no_shadow
}

// particle -1
sphere {
	<26.144115, 33.782566, 35.039143> 0.100000
	pigment { color rgbt <1,0,0,0> }
	no_shadow
}
sphere {
	0, 1
	scale<0.080000,0.200000,0.300000>
	matrix <0.021601, 0.293700, -0.955654,
		-0.028875, -0.955295, -0.294242,
		-0.999350, 0.033950, -0.012154,
		25.844311, 33.792751, 35.035496>
	pigment { color rgbt <0,1,1,0> }
	no_shadow
}
cylinder {
	<26.342396, 33.507374, 34.508667>,  <26.543856, 33.768986, 35.044003>, 0.130000
	pigment { color rgbt <1,0,0,0> }
	no_shadow
}

// nucleotide -1

// particle -1
sphere {
	<26.342396, 33.507374, 34.508667> 0.250000
	pigment { color rgbt <1,0,0,0> }
	no_shadow
}
cylinder {
	<26.030413, 33.735516, 34.611706>,  <25.843222, 33.872402, 34.673531>, 0.100000
	pigment { color rgbt <1,0,0,0> }
	no_shadow
}
cylinder {
	<26.030413, 33.735516, 34.611706>,  <26.342396, 33.507374, 34.508667>, 0.100000
	pigment { color rgbt <1,0,0,0> }
	no_shadow
}

// particle -1
sphere {
	<26.030413, 33.735516, 34.611706> 0.100000
	pigment { color rgbt <1,0,0,0> }
	no_shadow
}
sphere {
	0, 1
	scale<0.080000,0.200000,0.300000>
	matrix <0.084671, 0.504000, -0.859544,
		-0.620076, -0.648598, -0.441392,
		-0.779959, 0.570356, 0.257601,
		25.796425, 33.906624, 34.688988>
	pigment { color rgbt <0,1,1,0> }
	no_shadow
}
cylinder {
	<25.942099, 33.675163, 33.952854>,  <26.342396, 33.507374, 34.508667>, 0.130000
	pigment { color rgbt <1,0,0,0> }
	no_shadow
}

// nucleotide -1

// particle -1
sphere {
	<25.942099, 33.675163, 33.952854> 0.250000
	pigment { color rgbt <1,0,0,0> }
	no_shadow
}
cylinder {
	<25.831337, 33.987762, 34.176491>,  <25.764879, 34.175323, 34.310673>, 0.100000
	pigment { color rgbt <1,0,0,0> }
	no_shadow
}
cylinder {
	<25.831337, 33.987762, 34.176491>,  <25.942099, 33.675163, 33.952854>, 0.100000
	pigment { color rgbt <1,0,0,0> }
	no_shadow
}

// particle -1
sphere {
	<25.831337, 33.987762, 34.176491> 0.100000
	pigment { color rgbt <1,0,0,0> }
	no_shadow
}
sphere {
	0, 1
	scale<0.080000,0.200000,0.300000>
	matrix <0.015769, 0.585460, -0.810548,
		-0.960768, -0.215628, -0.174440,
		-0.276904, 0.781499, 0.559091,
		25.748266, 34.222214, 34.344219>
	pigment { color rgbt <0,1,1,0> }
	no_shadow
}
cylinder {
	<25.293097, 33.989323, 33.787811>,  <25.942099, 33.675163, 33.952854>, 0.130000
	pigment { color rgbt <1,0,0,0> }
	no_shadow
}

// nucleotide -1

// particle -1
sphere {
	<25.293097, 33.989323, 33.787811> 0.250000
	pigment { color rgbt <1,0,0,0> }
	no_shadow
}
cylinder {
	<25.513763, 34.275932, 33.958576>,  <25.646164, 34.447899, 34.061035>, 0.100000
	pigment { color rgbt <1,0,0,0> }
	no_shadow
}
cylinder {
	<25.513763, 34.275932, 33.958576>,  <25.293097, 33.989323, 33.787811>, 0.100000
	pigment { color rgbt <1,0,0,0> }
	no_shadow
}

// particle -1
sphere {
	<25.513763, 34.275932, 33.958576> 0.100000
	pigment { color rgbt <1,0,0,0> }
	no_shadow
}
sphere {
	0, 1
	scale<0.080000,0.200000,0.300000>
	matrix <-0.012330, 0.518800, -0.854807,
		-0.833972, 0.466307, 0.295041,
		0.551669, 0.716523, 0.426914,
		25.679264, 34.490891, 34.086651>
	pigment { color rgbt <0,1,1,0> }
	no_shadow
}
cylinder {
	<25.076406, 34.590870, 33.441231>,  <25.293097, 33.989323, 33.787811>, 0.130000
	pigment { color rgbt <1,0,0,0> }
	no_shadow
}

// nucleotide -1

// particle -1
sphere {
	<25.076406, 34.590870, 33.441231> 0.250000
	pigment { color rgbt <1,0,0,0> }
	no_shadow
}
cylinder {
	<25.391020, 34.700100, 33.662788>,  <25.579788, 34.765636, 33.795723>, 0.100000
	pigment { color rgbt <1,0,0,0> }
	no_shadow
}
cylinder {
	<25.391020, 34.700100, 33.662788>,  <25.076406, 34.590870, 33.441231>, 0.100000
	pigment { color rgbt <1,0,0,0> }
	no_shadow
}

// particle -1
sphere {
	<25.391020, 34.700100, 33.662788> 0.100000
	pigment { color rgbt <1,0,0,0> }
	no_shadow
}
sphere {
	0, 1
	scale<0.080000,0.200000,0.300000>
	matrix <0.255109, 0.673144, -0.694115,
		-0.562394, 0.687248, 0.459786,
		0.786531, 0.273071, 0.553896,
		25.626980, 34.782021, 33.828957>
	pigment { color rgbt <0,1,1,0> }
	no_shadow
}
cylinder {
	<25.026390, 35.311451, 33.562927>,  <25.076406, 34.590870, 33.441231>, 0.130000
	pigment { color rgbt <1,0,0,0> }
	no_shadow
}

// nucleotide -1

// particle -1
sphere {
	<25.026390, 35.311451, 33.562927> 0.250000
	pigment { color rgbt <1,0,0,0> }
	no_shadow
}
cylinder {
	<25.403870, 35.180424, 33.581406>,  <25.630358, 35.101807, 33.592491>, 0.100000
	pigment { color rgbt <1,0,0,0> }
	no_shadow
}
cylinder {
	<25.403870, 35.180424, 33.581406>,  <25.026390, 35.311451, 33.562927>, 0.100000
	pigment { color rgbt <1,0,0,0> }
	no_shadow
}

// particle -1
sphere {
	<25.403870, 35.180424, 33.581406> 0.100000
	pigment { color rgbt <1,0,0,0> }
	no_shadow
}
sphere {
	0, 1
	scale<0.080000,0.200000,0.300000>
	matrix <0.283763, 0.729782, -0.622011,
		0.170039, 0.600099, 0.781645,
		0.943698, -0.327568, 0.046195,
		25.686979, 35.082153, 33.595264>
	pigment { color rgbt <0,1,1,0> }
	no_shadow
}
cylinder {
	<25.617983, 35.828548, 33.842812>,  <25.026390, 35.311451, 33.562927>, 0.130000
	pigment { color rgbt <1,0,0,0> }
	no_shadow
}

// nucleotide -1

// particle -1
sphere {
	<25.617983, 35.828548, 33.842812> 0.250000
	pigment { color rgbt <1,0,0,0> }
	no_shadow
}
cylinder {
	<25.766199, 35.561882, 33.584122>,  <25.855129, 35.401882, 33.428909>, 0.100000
	pigment { color rgbt <1,0,0,0> }
	no_shadow
}
cylinder {
	<25.766199, 35.561882, 33.584122>,  <25.617983, 35.828548, 33.842812>, 0.100000
	pigment { color rgbt <1,0,0,0> }
	no_shadow
}

// particle -1
sphere {
	<25.766199, 35.561882, 33.584122> 0.100000
	pigment { color rgbt <1,0,0,0> }
	no_shadow
}
sphere {
	0, 1
	scale<0.080000,0.200000,0.300000>
	matrix <0.399588, 0.742979, -0.536947,
		0.838469, -0.059464, 0.541696,
		0.370540, -0.666668, -0.646725,
		25.877361, 35.361881, 33.390102>
	pigment { color rgbt <0,1,1,0> }
	no_shadow
}
cylinder {
	<26.232635, 36.117405, 33.668739>,  <25.617983, 35.828548, 33.842812>, 0.130000
	pigment { color rgbt <1,0,0,0> }
	no_shadow
}

// nucleotide -1

// particle -1
sphere {
	<26.232635, 36.117405, 33.668739> 0.250000
	pigment { color rgbt <1,0,0,0> }
	no_shadow
}
cylinder {
	<26.168068, 35.837334, 33.390549>,  <26.129328, 35.669292, 33.223633>, 0.100000
	pigment { color rgbt <1,0,0,0> }
	no_shadow
}
cylinder {
	<26.168068, 35.837334, 33.390549>,  <26.232635, 36.117405, 33.668739>, 0.100000
	pigment { color rgbt <1,0,0,0> }
	no_shadow
}

// particle -1
sphere {
	<26.168068, 35.837334, 33.390549> 0.100000
	pigment { color rgbt <1,0,0,0> }
	no_shadow
}
sphere {
	0, 1
	scale<0.080000,0.200000,0.300000>
	matrix <0.464724, 0.567768, -0.679464,
		0.870618, -0.432884, 0.233742,
		-0.161417, -0.700179, -0.695481,
		26.119642, 35.627281, 33.181904>
	pigment { color rgbt <0,1,1,0> }
	no_shadow
}
cylinder {
	<26.928114, 36.022243, 33.212982>,  <26.232635, 36.117405, 33.668739>, 0.130000
	pigment { color rgbt <1,0,0,0> }
	no_shadow
}

// nucleotide -1

// particle -1
sphere {
	<26.928114, 36.022243, 33.212982> 0.250000
	pigment { color rgbt <1,0,0,0> }
	no_shadow
}
cylinder {
	<26.579203, 35.931057, 33.039936>,  <26.369856, 35.876343, 32.936108>, 0.100000
	pigment { color rgbt <1,0,0,0> }
	no_shadow
}
cylinder {
	<26.579203, 35.931057, 33.039936>,  <26.928114, 36.022243, 33.212982>, 0.100000
	pigment { color rgbt <1,0,0,0> }
	no_shadow
}

// particle -1
sphere {
	<26.579203, 35.931057, 33.039936> 0.100000
	pigment { color rgbt <1,0,0,0> }
	no_shadow
}
sphere {
	0, 1
	scale<0.080000,0.200000,0.300000>
	matrix <0.244588, 0.562675, -0.789667,
		0.423442, -0.794624, -0.435051,
		-0.872280, -0.227970, -0.432616,
		26.317518, 35.862667, 32.910152>
	pigment { color rgbt <0,1,1,0> }
	no_shadow
}
cylinder {
	<27.110479, 35.910561, 32.634476>,  <26.928114, 36.022243, 33.212982>, 0.130000
	pigment { color rgbt <1,0,0,0> }
	no_shadow
}

// nucleotide -1

// particle -1
sphere {
	<27.110479, 35.910561, 32.634476> 0.250000
	pigment { color rgbt <1,0,0,0> }
	no_shadow
}
cylinder {
	<26.720299, 35.987740, 32.592022>,  <26.486191, 36.034046, 32.566547>, 0.100000
	pigment { color rgbt <1,0,0,0> }
	no_shadow
}
cylinder {
	<26.720299, 35.987740, 32.592022>,  <27.110479, 35.910561, 32.634476>, 0.100000
	pigment { color rgbt <1,0,0,0> }
	no_shadow
}

// particle -1
sphere {
	<26.720299, 35.987740, 32.592022> 0.100000
	pigment { color rgbt <1,0,0,0> }
	no_shadow
}
sphere {
	0, 1
	scale<0.080000,0.200000,0.300000>
	matrix <0.177022, 0.400375, -0.899090,
		-0.130980, -0.895808, -0.424702,
		-0.975453, 0.192944, -0.106137,
		26.427664, 36.045624, 32.560181>
	pigment { color rgbt <0,1,1,0> }
	no_shadow
}
cylinder {
	<26.961081, 36.071644, 31.941463>,  <27.110479, 35.910561, 32.634476>, 0.130000
	pigment { color rgbt <1,0,0,0> }
	no_shadow
}

// nucleotide -1

// particle -1
sphere {
	<26.961081, 36.071644, 31.941463> 0.250000
	pigment { color rgbt <1,0,0,0> }
	no_shadow
}
cylinder {
	<26.599825, 35.949245, 32.061935>,  <26.383072, 35.875805, 32.134220>, 0.100000
	pigment { color rgbt <1,0,0,0> }
	no_shadow
}
cylinder {
	<26.599825, 35.949245, 32.061935>,  <26.961081, 36.071644, 31.941463>, 0.100000
	pigment { color rgbt <1,0,0,0> }
	no_shadow
}

// particle -1
sphere {
	<26.599825, 35.949245, 32.061935> 0.100000
	pigment { color rgbt <1,0,0,0> }
	no_shadow
}
sphere {
	0, 1
	scale<0.080000,0.200000,0.300000>
	matrix <-0.389351, 0.288035, -0.874895,
		0.180962, -0.907416, -0.379274,
		-0.903139, -0.305993, 0.301180,
		26.328884, 35.857445, 32.152290>
	pigment { color rgbt <0,1,1,0> }
	no_shadow
}
cylinder {
	<26.584969, 35.629971, 31.407387>,  <26.961081, 36.071644, 31.941463>, 0.130000
	pigment { color rgbt <1,0,0,0> }
	no_shadow
}

// nucleotide -1

// particle -1
sphere {
	<26.584969, 35.629971, 31.407387> 0.250000
	pigment { color rgbt <1,0,0,0> }
	no_shadow
}
cylinder {
	<26.310120, 35.804276, 31.639929>,  <26.145210, 35.908859, 31.779455>, 0.100000
	pigment { color rgbt <1,0,0,0> }
	no_shadow
}
cylinder {
	<26.310120, 35.804276, 31.639929>,  <26.584969, 35.629971, 31.407387>, 0.100000
	pigment { color rgbt <1,0,0,0> }
	no_shadow
}

// particle -1
sphere {
	<26.310120, 35.804276, 31.639929> 0.100000
	pigment { color rgbt <1,0,0,0> }
	no_shadow
}
sphere {
	0, 1
	scale<0.080000,0.200000,0.300000>
	matrix <-0.364759, 0.485116, -0.794741,
		-0.628341, -0.758140, -0.174388,
		-0.687124, 0.435758, 0.581357,
		26.103983, 35.935001, 31.814337>
	pigment { color rgbt <0,1,1,0> }
	no_shadow
}
cylinder {
	<26.023617, 35.737217, 30.924520>,  <26.584969, 35.629971, 31.407387>, 0.130000
	pigment { color rgbt <1,0,0,0> }
	no_shadow
}

// nucleotide -1

// particle -1
sphere {
	<26.023617, 35.737217, 30.924520> 0.250000
	pigment { color rgbt <1,0,0,0> }
	no_shadow
}
cylinder {
	<25.948919, 35.979446, 31.233946>,  <25.904100, 36.124786, 31.419601>, 0.100000
	pigment { color rgbt <1,0,0,0> }
	no_shadow
}
cylinder {
	<25.948919, 35.979446, 31.233946>,  <26.023617, 35.737217, 30.924520>, 0.100000
	pigment { color rgbt <1,0,0,0> }
	no_shadow
}

// particle -1
sphere {
	<25.948919, 35.979446, 31.233946> 0.100000
	pigment { color rgbt <1,0,0,0> }
	no_shadow
}
sphere {
	0, 1
	scale<0.080000,0.200000,0.300000>
	matrix <-0.567318, 0.576378, -0.588166,
		-0.802046, -0.548693, 0.235921,
		-0.186743, 0.605578, 0.773565,
		25.892897, 36.161121, 31.466015>
	pigment { color rgbt <0,1,1,0> }
	no_shadow
}
cylinder {
	<25.267162, 35.903034, 31.028986>,  <26.023617, 35.737217, 30.924520>, 0.130000
	pigment { color rgbt <1,0,0,0> }
	no_shadow
}

// nucleotide -1

// particle -1
sphere {
	<25.267162, 35.903034, 31.028986> 0.250000
	pigment { color rgbt <1,0,0,0> }
	no_shadow
}
cylinder {
	<25.511356, 36.196201, 31.149075>,  <25.657873, 36.372101, 31.221128>, 0.100000
	pigment { color rgbt <1,0,0,0> }
	no_shadow
}
cylinder {
	<25.511356, 36.196201, 31.149075>,  <25.267162, 35.903034, 31.028986>, 0.100000
	pigment { color rgbt <1,0,0,0> }
	no_shadow
}

// particle -1
sphere {
	<25.511356, 36.196201, 31.149075> 0.100000
	pigment { color rgbt <1,0,0,0> }
	no_shadow
}
sphere {
	0, 1
	scale<0.080000,0.200000,0.300000>
	matrix <-0.418584, 0.620356, -0.663285,
		-0.672381, 0.279256, 0.685507,
		0.610484, 0.732922, 0.300224,
		25.694502, 36.416077, 31.239141>
	pigment { color rgbt <0,1,1,0> }
	no_shadow
}
cylinder {
	<25.004217, 36.254410, 30.477930>,  <25.267162, 35.903034, 31.028986>, 0.130000
	pigment { color rgbt <1,0,0,0> }
	no_shadow
}

// nucleotide -1

// particle -1
sphere {
	<25.004217, 36.254410, 30.477930> 0.250000
	pigment { color rgbt <1,0,0,0> }
	no_shadow
}
cylinder {
	<24.919298, 36.645260, 30.482975>,  <24.868347, 36.879768, 30.486002>, 0.100000
	pigment { color rgbt <1,0,0,0> }
	no_shadow
}
cylinder {
	<24.919298, 36.645260, 30.482975>,  <25.004217, 36.254410, 30.477930>, 0.100000
	pigment { color rgbt <1,0,0,0> }
	no_shadow
}

// particle -1
sphere {
	<24.919298, 36.645260, 30.482975> 0.100000
	pigment { color rgbt <1,0,0,0> }
	no_shadow
}
sphere {
	0, 1
	scale<0.080000,0.200000,0.300000>
	matrix <0.441055, 0.084295, 0.893513,
		0.872009, 0.195254, -0.448861,
		-0.212299, 0.977123, 0.012611,
		24.855608, 36.938396, 30.486759>
	pigment { color rgbt <0,1,1,0> }
	no_shadow
}
cylinder {
	<25.621023, 36.556244, 30.525606>,  <25.004217, 36.254410, 30.477930>, 0.130000
	pigment { color rgbt <1,0,0,0> }
	no_shadow
}

// nucleotide -1

// particle -1
sphere {
	<25.621023, 36.556244, 30.525606> 0.250000
	pigment { color rgbt <1,0,0,0> }
	no_shadow
}
cylinder {
	<25.324684, 36.767834, 30.691174>,  <25.146881, 36.894787, 30.790514>, 0.100000
	pigment { color rgbt <1,0,0,0> }
	no_shadow
}
cylinder {
	<25.324684, 36.767834, 30.691174>,  <25.621023, 36.556244, 30.525606>, 0.100000
	pigment { color rgbt <1,0,0,0> }
	no_shadow
}

// particle -1
sphere {
	<25.324684, 36.767834, 30.691174> 0.100000
	pigment { color rgbt <1,0,0,0> }
	no_shadow
}
sphere {
	0, 1
	scale<0.080000,0.200000,0.300000>
	matrix <0.458329, -0.052356, 0.887239,
		0.490998, 0.847021, -0.203657,
		-0.740848, 0.528975, 0.413921,
		25.102430, 36.926525, 30.815350>
	pigment { color rgbt <0,1,1,0> }
	no_shadow
}
cylinder {
	<26.045359, 37.050789, 31.013840>,  <25.621023, 36.556244, 30.525606>, 0.130000
	pigment { color rgbt <1,0,0,0> }
	no_shadow
}

// nucleotide -1

// particle -1
sphere {
	<26.045359, 37.050789, 31.013840> 0.250000
	pigment { color rgbt <1,0,0,0> }
	no_shadow
}
cylinder {
	<25.668810, 36.973652, 31.124569>,  <25.442881, 36.927368, 31.191006>, 0.100000
	pigment { color rgbt <1,0,0,0> }
	no_shadow
}
cylinder {
	<25.668810, 36.973652, 31.124569>,  <26.045359, 37.050789, 31.013840>, 0.100000
	pigment { color rgbt <1,0,0,0> }
	no_shadow
}

// particle -1
sphere {
	<25.668810, 36.973652, 31.124569> 0.100000
	pigment { color rgbt <1,0,0,0> }
	no_shadow
}
sphere {
	0, 1
	scale<0.080000,0.200000,0.300000>
	matrix <0.320498, -0.254923, 0.912302,
		-0.105365, 0.947536, 0.301784,
		-0.941371, -0.192846, 0.276824,
		25.386398, 36.915798, 31.207617>
	pigment { color rgbt <0,1,1,0> }
	no_shadow
}
cylinder {
	<25.822634, 37.412865, 31.698435>,  <26.045359, 37.050789, 31.013840>, 0.130000
	pigment { color rgbt <1,0,0,0> }
	no_shadow
}

// nucleotide -1

// particle -1
sphere {
	<25.822634, 37.412865, 31.698435> 0.250000
	pigment { color rgbt <1,0,0,0> }
	no_shadow
}
cylinder {
	<25.692425, 37.048874, 31.595694>,  <25.614300, 36.830479, 31.534048>, 0.100000
	pigment { color rgbt <1,0,0,0> }
	no_shadow
}
cylinder {
	<25.692425, 37.048874, 31.595694>,  <25.822634, 37.412865, 31.698435>, 0.100000
	pigment { color rgbt <1,0,0,0> }
	no_shadow
}

// particle -1
sphere {
	<25.692425, 37.048874, 31.595694> 0.100000
	pigment { color rgbt <1,0,0,0> }
	no_shadow
}
sphere {
	0, 1
	scale<0.080000,0.200000,0.300000>
	matrix <0.348770, -0.368052, 0.861915,
