// switches for output
#declare DRAW_BASES = 1; // possible values are 0, 1; only relevant for DNA ribbons
#declare DRAW_BASES_TYPE = 3; // possible values are 1, 2, 3; only relevant for DNA ribbons
#declare DRAW_FOG = 0; // set to 1 to enable fog

#include "colors.inc"

#include "transforms.inc"
background { rgb <1, 1, 1>}

#default {
   normal{
       ripples 0.25
       frequency 0.20
       turbulence 0.2
       lambda 5
   }
	finish {
		phong 0.1
		phong_size 40.
	}
}

// original window dimensions: 1024x640


// camera settings

camera {
	sky <0, 0.179814, -0.983701>
	up <0, 0.179814, -0.983701>
	right 1.6 * <1, 0, 0>
	location <35, 94.9851, 44.8844>
	look_at <35, 29.7336, 32.9568>
	direction <0, -65.2515, -11.9276>
	angle 67.0682
}


# declare cpy_camera_pos = <35, 94.9851, 44.8844>;
# if (DRAW_FOG = 1)
fog {
	fog_type 2
	up vnormalize(cpy_camera_pos)
	color rgbt<1,1,1,0.3>
	distance 1e-5
	fog_alt 3e-3
	fog_offset 56
}
# end


// LIGHTS

# declare lum = 6;
global_settings {
	ambient_light rgb lum * <0.05, 0.05, 0.05>
	max_trace_level 15
}# declare cpy_direct_light_amount = 0.25;
light_source
{	1000 * <-1, -1.16352, -0.803886>,
	rgb lum * cpy_direct_light_amount
	parallel
}

light_source
{	1000 * <1, 1.16352, 0.803886>,
	rgb lum * cpy_direct_light_amount
	parallel
}

// strand 0

// nucleotide -1

// particle -1
sphere {
	<24.294378, 35.267750, 35.129002> 0.250000
	pigment { color rgbt <1,0,0,0> }
	no_shadow
}
cylinder {
	<24.440201, 34.972897, 34.901413>,  <24.527695, 34.795982, 34.764858>, 0.100000
	pigment { color rgbt <1,0,0,0> }
	no_shadow
}
cylinder {
	<24.440201, 34.972897, 34.901413>,  <24.294378, 35.267750, 35.129002>, 0.100000
	pigment { color rgbt <1,0,0,0> }
	no_shadow
}

// particle -1
sphere {
	<24.440201, 34.972897, 34.901413> 0.100000
	pigment { color rgbt <1,0,0,0> }
	no_shadow
}
sphere {
	0, 1
	scale<0.080000,0.200000,0.300000>
	matrix <0.718454, 0.611373, -0.331733,
		0.592387, -0.287846, 0.752477,
		0.364557, -0.737135, -0.568973,
		24.549568, 34.751755, 34.730721>
	pigment { color rgbt <0,1,1,0> }
	no_shadow
}
cylinder {
	<25.077713, 35.084869, 35.223816>,  <24.294378, 35.267750, 35.129002>, 0.130000
	pigment { color rgbt <1,0,0,0> }
	no_shadow
}

// nucleotide -1

// particle -1
sphere {
	<25.077713, 35.084869, 35.223816> 0.250000
	pigment { color rgbt <1,0,0,0> }
	no_shadow
}
cylinder {
	<24.924295, 35.036125, 34.857635>,  <24.832245, 35.006878, 34.637928>, 0.100000
	pigment { color rgbt <1,0,0,0> }
	no_shadow
}
cylinder {
	<24.924295, 35.036125, 34.857635>,  <25.077713, 35.084869, 35.223816>, 0.100000
	pigment { color rgbt <1,0,0,0> }
	no_shadow
}

// particle -1
sphere {
	<24.924295, 35.036125, 34.857635> 0.100000
	pigment { color rgbt <1,0,0,0> }
	no_shadow
}
sphere {
	0, 1
	scale<0.080000,0.200000,0.300000>
	matrix <0.638143, 0.681573, -0.358094,
		0.667582, -0.721532, -0.183649,
		-0.383547, -0.121862, -0.915446,
		24.809233, 34.999565, 34.583000>
	pigment { color rgbt <0,1,1,0> }
	no_shadow
}
cylinder {
	<24.829664, 34.591827, 35.758141>,  <25.077713, 35.084869, 35.223816>, 0.130000
	pigment { color rgbt <1,0,0,0> }
	no_shadow
}

// nucleotide -1

// particle -1
sphere {
	<24.829664, 34.591827, 35.758141> 0.250000
	pigment { color rgbt <1,0,0,0> }
	no_shadow
}
cylinder {
	<24.991646, 34.336864, 36.020355>,  <25.088835, 34.183887, 36.177685>, 0.100000
	pigment { color rgbt <1,0,0,0> }
	no_shadow
}
cylinder {
	<24.991646, 34.336864, 36.020355>,  <24.829664, 34.591827, 35.758141>, 0.100000
	pigment { color rgbt <1,0,0,0> }
	no_shadow
}

// particle -1
sphere {
	<24.991646, 34.336864, 36.020355> 0.100000
	pigment { color rgbt <1,0,0,0> }
	no_shadow
}
sphere {
	0, 1
	scale<0.080000,0.200000,0.300000>
	matrix <-0.199468, -0.761269, -0.616995,
		0.892313, 0.119098, -0.435422,
		0.404956, -0.637406, 0.655534,
		25.113132, 34.145641, 36.217014>
	pigment { color rgbt <0,1,1,0> }
	no_shadow
}
cylinder {
	<25.437725, 34.189999, 35.437355>,  <24.829664, 34.591827, 35.758141>, 0.130000
	pigment { color rgbt <1,0,0,0> }
	no_shadow
}

// nucleotide -1

// particle -1
sphere {
	<25.437725, 34.189999, 35.437355> 0.250000
	pigment { color rgbt <1,0,0,0> }
	no_shadow
}
cylinder {
	<25.287067, 33.976864, 35.740467>,  <25.196672, 33.848984, 35.922333>, 0.100000
	pigment { color rgbt <1,0,0,0> }
	no_shadow
}
cylinder {
	<25.287067, 33.976864, 35.740467>,  <25.437725, 34.189999, 35.437355>, 0.100000
	pigment { color rgbt <1,0,0,0> }
	no_shadow
}

// particle -1
sphere {
	<25.287067, 33.976864, 35.740467> 0.100000
	pigment { color rgbt <1,0,0,0> }
	no_shadow
}
sphere {
	0, 1
	scale<0.080000,0.200000,0.300000>
	matrix <0.024551, -0.823472, -0.566825,
		0.926034, -0.194886, 0.323236,
		-0.376642, -0.532835, 0.757778,
		25.174074, 33.817013, 35.967800>
	pigment { color rgbt <0,1,1,0> }
	no_shadow
}
cylinder {
	<25.827566, 33.592335, 35.416958>,  <25.437725, 34.189999, 35.437355>, 0.130000
	pigment { color rgbt <1,0,0,0> }
	no_shadow
}

// nucleotide -1

// particle -1
sphere {
	<25.827566, 33.592335, 35.416958> 0.250000
	pigment { color rgbt <1,0,0,0> }
	no_shadow
}
cylinder {
	<25.504395, 33.498951, 35.633381>,  <25.310492, 33.442921, 35.763237>, 0.100000
	pigment { color rgbt <1,0,0,0> }
	no_shadow
}
cylinder {
	<25.504395, 33.498951, 35.633381>,  <25.827566, 33.592335, 35.416958>, 0.100000
	pigment { color rgbt <1,0,0,0> }
	no_shadow
}

// particle -1
sphere {
	<25.504395, 33.498951, 35.633381> 0.100000
	pigment { color rgbt <1,0,0,0> }
	no_shadow
}
sphere {
	0, 1
	scale<0.080000,0.200000,0.300000>
	matrix <-0.042394, -0.892766, -0.448522,
		0.587752, -0.385312, 0.711395,
		-0.807930, -0.233461, 0.541060,
		25.262016, 33.428913, 35.795700>
	pigment { color rgbt <0,1,1,0> }
	no_shadow
}
cylinder {
	<25.979948, 33.073586, 35.897926>,  <25.827566, 33.592335, 35.416958>, 0.130000
	pigment { color rgbt <1,0,0,0> }
	no_shadow
}

// nucleotide -1

// particle -1
sphere {
	<25.979948, 33.073586, 35.897926> 0.250000
	pigment { color rgbt <1,0,0,0> }
	no_shadow
}
cylinder {
	<25.595007, 33.069447, 35.789280>,  <25.364042, 33.066963, 35.724094>, 0.100000
	pigment { color rgbt <1,0,0,0> }
	no_shadow
}
cylinder {
	<25.595007, 33.069447, 35.789280>,  <25.979948, 33.073586, 35.897926>, 0.100000
	pigment { color rgbt <1,0,0,0> }
	no_shadow
}

// particle -1
sphere {
	<25.595007, 33.069447, 35.789280> 0.100000
	pigment { color rgbt <1,0,0,0> }
	no_shadow
}
sphere {
	0, 1
	scale<0.080000,0.200000,0.300000>
	matrix <0.128360, -0.898130, -0.420577,
		-0.239593, -0.439607, 0.865645,
		-0.962351, -0.010346, -0.271614,
		25.306301, 33.066341, 35.707794>
	pigment { color rgbt <0,1,1,0> }
	no_shadow
}
cylinder {
	<25.726315, 32.385292, 36.021328>,  <25.979948, 33.073586, 35.897926>, 0.130000
	pigment { color rgbt <1,0,0,0> }
	no_shadow
}

// nucleotide -1

// particle -1
sphere {
	<25.726315, 32.385292, 36.021328> 0.250000
	pigment { color rgbt <1,0,0,0> }
	no_shadow
}
cylinder {
	<25.484457, 32.524723, 35.734859>,  <25.339342, 32.608383, 35.562981>, 0.100000
	pigment { color rgbt <1,0,0,0> }
	no_shadow
}
cylinder {
	<25.484457, 32.524723, 35.734859>,  <25.726315, 32.385292, 36.021328>, 0.100000
	pigment { color rgbt <1,0,0,0> }
	no_shadow
}

// particle -1
sphere {
	<25.484457, 32.524723, 35.734859> 0.100000
	pigment { color rgbt <1,0,0,0> }
	no_shadow
}
sphere {
	0, 1
	scale<0.080000,0.200000,0.300000>
	matrix <0.057378, -0.877751, -0.475670,
		-0.794425, -0.328704, 0.510728,
		-0.604646, 0.348579, -0.716167,
		25.303064, 32.629295, 35.520008>
	pigment { color rgbt <0,1,1,0> }
	no_shadow
}
cylinder {
	<24.989887, 32.004578, 35.948292>,  <25.726315, 32.385292, 36.021328>, 0.130000
	pigment { color rgbt <1,0,0,0> }
	no_shadow
}

// nucleotide -1

// particle -1
sphere {
	<24.989887, 32.004578, 35.948292> 0.250000
	pigment { color rgbt <1,0,0,0> }
	no_shadow
}
cylinder {
	<25.108494, 32.139290, 35.590820>,  <25.179659, 32.220116, 35.376339>, 0.100000
	pigment { color rgbt <1,0,0,0> }
	no_shadow
}
cylinder {
	<25.108494, 32.139290, 35.590820>,  <24.989887, 32.004578, 35.948292>, 0.100000
	pigment { color rgbt <1,0,0,0> }
	no_shadow
}

// particle -1
sphere {
	<25.108494, 32.139290, 35.590820> 0.100000
	pigment { color rgbt <1,0,0,0> }
	no_shadow
}
sphere {
	0, 1
	scale<0.080000,0.200000,0.300000>
	matrix <-0.013637, -0.934170, -0.356567,
		-0.954930, 0.117916, -0.272405,
		0.296518, 0.336782, -0.893675,
		25.197449, 32.240326, 35.322720>
	pigment { color rgbt <0,1,1,0> }
	no_shadow
}
cylinder {
	<24.511999, 31.720507, 35.425999>,  <24.989887, 32.004578, 35.948292>, 0.130000
	pigment { color rgbt <1,0,0,0> }
	no_shadow
}

// nucleotide -1

// particle -1
sphere {
	<24.511999, 31.720507, 35.425999> 0.250000
	pigment { color rgbt <1,0,0,0> }
	no_shadow
}
cylinder {
	<24.856722, 31.815125, 35.246517>,  <25.063557, 31.871895, 35.138828>, 0.100000
	pigment { color rgbt <1,0,0,0> }
	no_shadow
}
cylinder {
	<24.856722, 31.815125, 35.246517>,  <24.511999, 31.720507, 35.425999>, 0.100000
	pigment { color rgbt <1,0,0,0> }
	no_shadow
}

// particle -1
sphere {
	<24.856722, 31.815125, 35.246517> 0.100000
	pigment { color rgbt <1,0,0,0> }
	no_shadow
}
sphere {
	0, 1
	scale<0.080000,0.200000,0.300000>
	matrix <0.061498, -0.926804, -0.370475,
		-0.503492, 0.291684, -0.813275,
		0.861808, 0.236546, -0.448701,
		25.115265, 31.886087, 35.111908>
	pigment { color rgbt <0,1,1,0> }
	no_shadow
}
cylinder {
	<24.459311, 31.480181, 34.741539>,  <24.511999, 31.720507, 35.425999>, 0.130000
	pigment { color rgbt <1,0,0,0> }
	no_shadow
}

// nucleotide -1

// particle -1
sphere {
	<24.459311, 31.480181, 34.741539> 0.250000
	pigment { color rgbt <1,0,0,0> }
	no_shadow
}
cylinder {
	<24.854580, 31.531088, 34.775764>,  <25.091742, 31.561632, 34.796299>, 0.100000
	pigment { color rgbt <1,0,0,0> }
	no_shadow
}
cylinder {
	<24.854580, 31.531088, 34.775764>,  <24.459311, 31.480181, 34.741539>, 0.100000
	pigment { color rgbt <1,0,0,0> }
	no_shadow
}

// particle -1
sphere {
	<24.854580, 31.531088, 34.775764> 0.100000
	pigment { color rgbt <1,0,0,0> }
	no_shadow
}
sphere {
	0, 1
	scale<0.080000,0.200000,0.300000>
	matrix <0.152162, -0.883124, -0.443778,
		0.019082, 0.451548, -0.892043,
		0.988171, 0.127267, 0.085560,
		25.151031, 31.569267, 34.801434>
	pigment { color rgbt <0,1,1,0> }
	no_shadow
}
cylinder {
	<24.819407, 31.464062, 34.061699>,  <24.459311, 31.480181, 34.741539>, 0.130000
	pigment { color rgbt <1,0,0,0> }
	no_shadow
}

// nucleotide -1

// particle -1
sphere {
	<24.819407, 31.464062, 34.061699> 0.250000
	pigment { color rgbt <1,0,0,0> }
	no_shadow
}
cylinder {
	<25.069630, 31.346262, 34.350681>,  <25.219765, 31.275581, 34.524071>, 0.100000
	pigment { color rgbt <1,0,0,0> }
	no_shadow
}
cylinder {
	<25.069630, 31.346262, 34.350681>,  <24.819407, 31.464062, 34.061699>, 0.100000
	pigment { color rgbt <1,0,0,0> }
	no_shadow
}

// particle -1
sphere {
	<25.069630, 31.346262, 34.350681> 0.100000
	pigment { color rgbt <1,0,0,0> }
	no_shadow
}
sphere {
	0, 1
	scale<0.080000,0.200000,0.300000>
	matrix <0.071051, -0.900665, -0.428666,
		0.776934, 0.319488, -0.542495,
		0.625560, -0.294500, 0.722457,
		25.257298, 31.257912, 34.567417>
	pigment { color rgbt <0,1,1,0> }
	no_shadow
}
cylinder {
	<25.272757, 31.078062, 33.677395>,  <24.819407, 31.464062, 34.061699>, 0.130000
	pigment { color rgbt <1,0,0,0> }
	no_shadow
}

// nucleotide -1

// particle -1
sphere {
	<25.272757, 31.078062, 33.677395> 0.250000
	pigment { color rgbt <1,0,0,0> }
	no_shadow
}
cylinder {
	<25.234428, 30.937826, 34.050041>,  <25.211432, 30.853685, 34.273628>, 0.100000
	pigment { color rgbt <1,0,0,0> }
	no_shadow
}
cylinder {
	<25.234428, 30.937826, 34.050041>,  <25.272757, 31.078062, 33.677395>, 0.100000
	pigment { color rgbt <1,0,0,0> }
	no_shadow
}

// particle -1
sphere {
	<25.234428, 30.937826, 34.050041> 0.100000
	pigment { color rgbt <1,0,0,0> }
	no_shadow
}
sphere {
	0, 1
	scale<0.080000,0.200000,0.300000>
	matrix <-0.020094, -0.935049, -0.353948,
		0.995196, -0.052636, 0.082553,
		-0.095821, -0.350589, 0.931615,
		25.205683, 30.832649, 34.329525>
	pigment { color rgbt <0,1,1,0> }
	no_shadow
}
cylinder {
	<25.823154, 30.907904, 34.179173>,  <25.272757, 31.078062, 33.677395>, 0.130000
	pigment { color rgbt <1,0,0,0> }
	no_shadow
}

// nucleotide -1

// particle -1
sphere {
	<25.823154, 30.907904, 34.179173> 0.250000
	pigment { color rgbt <1,0,0,0> }
	no_shadow
}
cylinder {
	<26.140539, 30.959425, 33.941238>,  <26.330971, 30.990337, 33.798477>, 0.100000
	pigment { color rgbt <1,0,0,0> }
	no_shadow
}
cylinder {
	<26.140539, 30.959425, 33.941238>,  <25.823154, 30.907904, 34.179173>, 0.100000
	pigment { color rgbt <1,0,0,0> }
	no_shadow
}

// particle -1
sphere {
	<26.140539, 30.959425, 33.941238> 0.100000
	pigment { color rgbt <1,0,0,0> }
	no_shadow
}
sphere {
	0, 1
	scale<0.080000,0.200000,0.300000>
	matrix <-0.278384, 0.945925, -0.166516,
		0.541220, 0.297716, 0.786414,
		0.793463, 0.128803, -0.594833,
		26.378578, 30.998066, 33.762787>
	pigment { color rgbt <0,1,1,0> }
	no_shadow
}
cylinder {
	<26.343258, 30.654718, 34.707954>,  <25.823154, 30.907904, 34.179173>, 0.130000
	pigment { color rgbt <1,0,0,0> }
	no_shadow
}

// nucleotide -1

// particle -1
sphere {
	<26.343258, 30.654718, 34.707954> 0.250000
	pigment { color rgbt <1,0,0,0> }
	no_shadow
}
cylinder {
	<26.480154, 30.314695, 34.868088>,  <26.562292, 30.110682, 34.964169>, 0.100000
	pigment { color rgbt <1,0,0,0> }
	no_shadow
}
cylinder {
	<26.480154, 30.314695, 34.868088>,  <26.343258, 30.654718, 34.707954>, 0.100000
	pigment { color rgbt <1,0,0,0> }
	no_shadow
}

// particle -1
sphere {
	<26.480154, 30.314695, 34.868088> 0.100000
	pigment { color rgbt <1,0,0,0> }
	no_shadow
}
sphere {
	0, 1
	scale<0.080000,0.200000,0.300000>
	matrix <0.410933, 0.518572, 0.749811,
		-0.844988, -0.092105, 0.526794,
		0.342243, -0.850058, 0.400338,
		26.582827, 30.059677, 34.988190>
	pigment { color rgbt <0,1,1,0> }
	no_shadow
}
cylinder {
	<26.089268, 30.463203, 35.408783>,  <26.343258, 30.654718, 34.707954>, 0.130000
	pigment { color rgbt <1,0,0,0> }
	no_shadow
}

// nucleotide -1

// particle -1
sphere {
	<26.089268, 30.463203, 35.408783> 0.250000
	pigment { color rgbt <1,0,0,0> }
	no_shadow
}
cylinder {
	<26.473856, 30.379433, 35.337543>,  <26.704609, 30.329170, 35.294800>, 0.100000
	pigment { color rgbt <1,0,0,0> }
	no_shadow
}
cylinder {
	<26.473856, 30.379433, 35.337543>,  <26.089268, 30.463203, 35.408783>, 0.100000
	pigment { color rgbt <1,0,0,0> }
	no_shadow
}

// particle -1
sphere {
	<26.473856, 30.379433, 35.337543> 0.100000
	pigment { color rgbt <1,0,0,0> }
	no_shadow
}
sphere {
	0, 1
	scale<0.080000,0.200000,0.300000>
	matrix <0.274874, 0.721319, 0.635722,
		-0.004675, -0.660180, 0.751092,
		0.961469, -0.209428, -0.178094,
		26.762297, 30.316605, 35.284115>
	pigment { color rgbt <0,1,1,0> }
	no_shadow
}
cylinder {
	<25.510567, 30.799343, 35.496735>,  <26.089268, 30.463203, 35.408783>, 0.130000
	pigment { color rgbt <1,0,0,0> }
	no_shadow
}

// nucleotide -1

// particle -1
sphere {
	<25.510567, 30.799343, 35.496735> 0.250000
	pigment { color rgbt <1,0,0,0> }
	no_shadow
}
cylinder {
	<25.632900, 30.782408, 35.116276>,  <25.706301, 30.772247, 34.888000>, 0.100000
	pigment { color rgbt <1,0,0,0> }
	no_shadow
}
cylinder {
	<25.632900, 30.782408, 35.116276>,  <25.510567, 30.799343, 35.496735>, 0.100000
	pigment { color rgbt <1,0,0,0> }
	no_shadow
}

// particle -1
sphere {
	<25.632900, 30.782408, 35.116276> 0.100000
	pigment { color rgbt <1,0,0,0> }
	no_shadow
}
sphere {
	0, 1
	scale<0.080000,0.200000,0.300000>
	matrix <-0.102295, 0.991766, -0.077040,
		0.946573, 0.120859, 0.298987,
		0.305836, -0.042339, -0.951142,
		25.724651, 30.769707, 34.830933>
	pigment { color rgbt <0,1,1,0> }
	no_shadow
}
cylinder {
	<26.179045, 31.189255, 35.395599>,  <25.510567, 30.799343, 35.496735>, 0.130000
	pigment { color rgbt <1,0,0,0> }
	no_shadow
}

// nucleotide -1

// particle -1
sphere {
	<26.179045, 31.189255, 35.395599> 0.250000
	pigment { color rgbt <1,0,0,0> }
	no_shadow
}
cylinder {
	<25.923515, 31.182261, 35.087936>,  <25.770199, 31.178064, 34.903339>, 0.100000
	pigment { color rgbt <1,0,0,0> }
	no_shadow
}
cylinder {
	<25.923515, 31.182261, 35.087936>,  <26.179045, 31.189255, 35.395599>, 0.100000
	pigment { color rgbt <1,0,0,0> }
	no_shadow
}

// particle -1
sphere {
	<25.923515, 31.182261, 35.087936> 0.100000
	pigment { color rgbt <1,0,0,0> }
	no_shadow
}
sphere {
	0, 1
	scale<0.080000,0.200000,0.300000>
	matrix <-0.003803, 0.999801, -0.019571,
		0.769346, -0.009577, -0.638761,
		-0.638822, -0.017486, -0.769156,
		25.731869, 31.177015, 34.857189>
	pigment { color rgbt <0,1,1,0> }
	no_shadow
}
cylinder {
	<26.453302, 31.675634, 34.909889>,  <26.179045, 31.189255, 35.395599>, 0.130000
	pigment { color rgbt <1,0,0,0> }
	no_shadow
}

// nucleotide -1

// particle -1
sphere {
	<26.453302, 31.675634, 34.909889> 0.250000
	pigment { color rgbt <1,0,0,0> }
	no_shadow
}
cylinder {
	<26.055889, 31.651358, 34.871510>,  <25.817442, 31.636791, 34.848480>, 0.100000
	pigment { color rgbt <1,0,0,0> }
	no_shadow
}
cylinder {
	<26.055889, 31.651358, 34.871510>,  <26.453302, 31.675634, 34.909889>, 0.100000
	pigment { color rgbt <1,0,0,0> }
	no_shadow
}

// particle -1
sphere {
	<26.055889, 31.651358, 34.871510> 0.100000
	pigment { color rgbt <1,0,0,0> }
	no_shadow
}
sphere {
	0, 1
	scale<0.080000,0.200000,0.300000>
	matrix <-0.077683, 0.979728, 0.184656,
		0.082801, 0.190916, -0.978108,
		-0.993534, -0.060692, -0.095953,
		25.757830, 31.633150, 34.842724>
	pigment { color rgbt <0,1,1,0> }
	no_shadow
}
cylinder {
	<26.221910, 32.181450, 34.470322>,  <26.453302, 31.675634, 34.909889>, 0.130000
	pigment { color rgbt <1,0,0,0> }
	no_shadow
}

// nucleotide -1

// particle -1
sphere {
	<26.221910, 32.181450, 34.470322> 0.250000
	pigment { color rgbt <1,0,0,0> }
	no_shadow
}
cylinder {
	<25.879787, 32.091797, 34.657177>,  <25.674513, 32.038006, 34.769291>, 0.100000
	pigment { color rgbt <1,0,0,0> }
	no_shadow
}
cylinder {
	<25.879787, 32.091797, 34.657177>,  <26.221910, 32.181450, 34.470322>, 0.100000
	pigment { color rgbt <1,0,0,0> }
	no_shadow
}

// particle -1
sphere {
	<25.879787, 32.091797, 34.657177> 0.100000
	pigment { color rgbt <1,0,0,0> }
	no_shadow
}
sphere {
	0, 1
	scale<0.080000,0.200000,0.300000>
	matrix <-0.212301, 0.974037, 0.078620,
		-0.472627, -0.031929, -0.880684,
		-0.855309, -0.224128, 0.467134,
		25.623196, 32.024559, 34.797318>
	pigment { color rgbt <0,1,1,0> }
	no_shadow
}
cylinder {
	<25.619349, 32.637718, 34.117466>,  <26.221910, 32.181450, 34.470322>, 0.130000
	pigment { color rgbt <1,0,0,0> }
	no_shadow
}

// nucleotide -1

// particle -1
sphere {
	<25.619349, 32.637718, 34.117466> 0.250000
	pigment { color rgbt <1,0,0,0> }
	no_shadow
}
cylinder {
	<25.499393, 32.519665, 34.480335>,  <25.427422, 32.448833, 34.698055>, 0.100000
	pigment { color rgbt <1,0,0,0> }
	no_shadow
}
cylinder {
	<25.499393, 32.519665, 34.480335>,  <25.619349, 32.637718, 34.117466>, 0.100000
	pigment { color rgbt <1,0,0,0> }
	no_shadow
}

// particle -1
sphere {
	<25.499393, 32.519665, 34.480335> 0.100000
	pigment { color rgbt <1,0,0,0> }
	no_shadow
}
sphere {
	0, 1
	scale<0.080000,0.200000,0.300000>
	matrix <-0.353057, 0.917755, 0.181868,
		-0.886239, -0.265744, -0.379421,
		-0.299885, -0.295136, 0.907173,
		25.409428, 32.431126, 34.752487>
	pigment { color rgbt <0,1,1,0> }
	no_shadow
}
cylinder {
	<25.271690, 33.191559, 34.351284>,  <25.619349, 32.637718, 34.117466>, 0.130000
	pigment { color rgbt <1,0,0,0> }
	no_shadow
}

// nucleotide -1

// particle -1
sphere {
	<25.271690, 33.191559, 34.351284> 0.250000
	pigment { color rgbt <1,0,0,0> }
	no_shadow
}
cylinder {
	<25.144180, 32.910965, 34.606251>,  <25.067675, 32.742607, 34.759232>, 0.100000
	pigment { color rgbt <1,0,0,0> }
	no_shadow
}
cylinder {
	<25.144180, 32.910965, 34.606251>,  <25.271690, 33.191559, 34.351284>, 0.100000
	pigment { color rgbt <1,0,0,0> }
	no_shadow
}

// particle -1
sphere {
	<25.144180, 32.910965, 34.606251> 0.100000
	pigment { color rgbt <1,0,0,0> }
	no_shadow
}
sphere {
	0, 1
	scale<0.080000,0.200000,0.300000>
	matrix <-0.208052, 0.707887, 0.674989,
		-0.924714, 0.082554, -0.371602,
		-0.318775, -0.701485, 0.637418,
		25.048548, 32.700520, 34.797478>
	pigment { color rgbt <0,1,1,0> }
	no_shadow
}
cylinder {
	<24.531023, 33.175331, 34.617264>,  <25.271690, 33.191559, 34.351284>, 0.130000
	pigment { color rgbt <1,0,0,0> }
	no_shadow
}

// nucleotide -1

// particle -1
sphere {
	<24.531023, 33.175331, 34.617264> 0.250000
	pigment { color rgbt <1,0,0,0> }
	no_shadow
}
cylinder {
	<24.768076, 33.024895, 34.902176>,  <24.910309, 32.934631, 35.073124>, 0.100000
	pigment { color rgbt <1,0,0,0> }
	no_shadow
}
cylinder {
	<24.768076, 33.024895, 34.902176>,  <24.531023, 33.175331, 34.617264>, 0.100000
	pigment { color rgbt <1,0,0,0> }
	no_shadow
}

// particle -1
sphere {
	<24.768076, 33.024895, 34.902176> 0.100000
	pigment { color rgbt <1,0,0,0> }
	no_shadow
}
sphere {
	0, 1
	scale<0.080000,0.200000,0.300000>
	matrix <-0.193318, 0.792038, 0.579054,
		-0.781929, -0.480863, 0.396683,
		0.592634, -0.376093, 0.712277,
		24.945866, 32.912067, 35.115860>
	pigment { color rgbt <0,1,1,0> }
	no_shadow
}
cylinder {
	<24.094688, 33.287395, 35.206970>,  <24.531023, 33.175331, 34.617264>, 0.130000
	pigment { color rgbt <1,0,0,0> }
	no_shadow
}

// nucleotide -1

// particle -1
sphere {
	<24.094688, 33.287395, 35.206970> 0.250000
	pigment { color rgbt <1,0,0,0> }
	no_shadow
}
cylinder {
	<24.456850, 33.219872, 35.362785>,  <24.674147, 33.179356, 35.456276>, 0.100000
	pigment { color rgbt <1,0,0,0> }
	no_shadow
}
cylinder {
	<24.456850, 33.219872, 35.362785>,  <24.094688, 33.287395, 35.206970>, 0.100000
	pigment { color rgbt <1,0,0,0> }
	no_shadow
}

// particle -1
sphere {
	<24.456850, 33.219872, 35.362785> 0.100000
	pigment { color rgbt <1,0,0,0> }
	no_shadow
}
sphere {
	0, 1
	scale<0.080000,0.200000,0.300000>
	matrix <-0.171164, 0.694521, 0.698816,
		-0.388514, -0.699388, 0.599928,
		0.905406, -0.168814, 0.389540,
		24.728472, 33.169228, 35.479649>
	pigment { color rgbt <0,1,1,0> }
	no_shadow
}
cylinder {
	<24.054296, 33.299572, 35.974979>,  <24.094688, 33.287395, 35.206970>, 0.130000
	pigment { color rgbt <1,0,0,0> }
	no_shadow
}

// nucleotide -1

// particle -1
sphere {
	<24.054296, 33.299572, 35.974979> 0.250000
	pigment { color rgbt <1,0,0,0> }
	no_shadow
}
cylinder {
	<24.427969, 33.398499, 35.872108>,  <24.652172, 33.457855, 35.810387>, 0.100000
	pigment { color rgbt <1,0,0,0> }
	no_shadow
}
cylinder {
	<24.427969, 33.398499, 35.872108>,  <24.054296, 33.299572, 35.974979>, 0.100000
	pigment { color rgbt <1,0,0,0> }
	no_shadow
}

// particle -1
sphere {
	<24.427969, 33.398499, 35.872108> 0.100000
	pigment { color rgbt <1,0,0,0> }
	no_shadow
}
sphere {
	0, 1
	scale<0.080000,0.200000,0.300000>
	matrix <-0.078625, 0.845767, 0.527728,
		0.348028, -0.472772, 0.809545,
		0.934181, 0.247314, -0.257179,
		24.708223, 33.472694, 35.794956>
	pigment { color rgbt <0,1,1,0> }
	no_shadow
}
cylinder {
	<24.266005, 33.061455, 36.638111>,  <24.054296, 33.299572, 35.974979>, 0.130000
	pigment { color rgbt <1,0,0,0> }
	no_shadow
}

// nucleotide -1

// particle -1
sphere {
	<24.266005, 33.061455, 36.638111> 0.250000
	pigment { color rgbt <1,0,0,0> }
	no_shadow
}
cylinder {
	<24.576799, 33.151524, 36.402966>,  <24.763277, 33.205566, 36.261879>, 0.100000
	pigment { color rgbt <1,0,0,0> }
	no_shadow
}
cylinder {
	<24.576799, 33.151524, 36.402966>,  <24.266005, 33.061455, 36.638111>, 0.100000
	pigment { color rgbt <1,0,0,0> }
	no_shadow
}

// particle -1
sphere {
	<24.576799, 33.151524, 36.402966> 0.100000
	pigment { color rgbt <1,0,0,0> }
	no_shadow
}
sphere {
	0, 1
	scale<0.080000,0.200000,0.300000>
	matrix <0.284905, 0.706941, 0.647351,
		0.561352, -0.670470, 0.485132,
		0.776990, 0.225175, -0.587863,
		24.809896, 33.219078, 36.226608>
	pigment { color rgbt <0,1,1,0> }
	no_shadow
}
cylinder {
	<24.811481, 33.062958, 36.975338>,  <24.266005, 33.061455, 36.638111>, 0.130000
	pigment { color rgbt <1,0,0,0> }
	no_shadow
}

// nucleotide -1

// particle -1
sphere {
	<24.811481, 33.062958, 36.975338> 0.250000
	pigment { color rgbt <1,0,0,0> }
	no_shadow
}
cylinder {
	<24.877699, 33.318577, 36.674881>,  <24.917429, 33.471951, 36.494606>, 0.100000
	pigment { color rgbt <1,0,0,0> }
	no_shadow
}
cylinder {
	<24.877699, 33.318577, 36.674881>,  <24.811481, 33.062958, 36.975338>, 0.100000
	pigment { color rgbt <1,0,0,0> }
	no_shadow
}

// particle -1
sphere {
	<24.877699, 33.318577, 36.674881> 0.100000
	pigment { color rgbt <1,0,0,0> }
	no_shadow
}
sphere {
	0, 1
	scale<0.080000,0.200000,0.300000>
	matrix <0.330788, 0.681545, 0.652745,
		0.929072, -0.356525, -0.098565,
		0.165543, 0.639051, -0.751139,
		24.927362, 33.510292, 36.449539>
	pigment { color rgbt <0,1,1,0> }
	no_shadow
}
cylinder {
	<25.386526, 33.428226, 37.206551>,  <24.811481, 33.062958, 36.975338>, 0.130000
	pigment { color rgbt <1,0,0,0> }
	no_shadow
}

// nucleotide -1

// particle -1
sphere {
	<25.386526, 33.428226, 37.206551> 0.250000
	pigment { color rgbt <1,0,0,0> }
	no_shadow
}
cylinder {
	<25.298260, 33.626759, 36.870701>,  <25.245300, 33.745876, 36.669193>, 0.100000
	pigment { color rgbt <1,0,0,0> }
	no_shadow
}
cylinder {
	<25.298260, 33.626759, 36.870701>,  <25.386526, 33.428226, 37.206551>, 0.100000
	pigment { color rgbt <1,0,0,0> }
	no_shadow
}

// particle -1
sphere {
	<25.298260, 33.626759, 36.870701> 0.100000
	pigment { color rgbt <1,0,0,0> }
	no_shadow
}
sphere {
	0, 1
	scale<0.080000,0.200000,0.300000>
	matrix <0.506071, 0.794161, 0.336453,
		0.833786, -0.350665, -0.426420,
		-0.220664, 0.496329, -0.839622,
		25.232061, 33.775658, 36.618813>
	pigment { color rgbt <0,1,1,0> }
	no_shadow
}
cylinder {
	<26.039156, 33.769051, 36.920570>,  <25.386526, 33.428226, 37.206551>, 0.130000
	pigment { color rgbt <1,0,0,0> }
	no_shadow
}

// nucleotide -1

// particle -1
sphere {
	<26.039156, 33.769051, 36.920570> 0.250000
	pigment { color rgbt <1,0,0,0> }
	no_shadow
}
cylinder {
	<25.699358, 33.962093, 36.835293>,  <25.495480, 34.077919, 36.784126>, 0.100000
	pigment { color rgbt <1,0,0,0> }
	no_shadow
}
cylinder {
	<25.699358, 33.962093, 36.835293>,  <26.039156, 33.769051, 36.920570>, 0.100000
	pigment { color rgbt <1,0,0,0> }
	no_shadow
}

// particle -1
sphere {
	<25.699358, 33.962093, 36.835293> 0.100000
	pigment { color rgbt <1,0,0,0> }
	no_shadow
}
sphere {
	0, 1
	scale<0.080000,0.200000,0.300000>
	matrix <0.391105, 0.847239, 0.359476,
		0.354110, 0.221993, -0.908475,
		-0.849496, 0.482603, -0.213193,
		25.444510, 34.106873, 36.771336>
	pigment { color rgbt <0,1,1,0> }
	no_shadow
}
cylinder {
	<26.217699, 34.432320, 36.751797>,  <26.039156, 33.769051, 36.920570>, 0.130000
	pigment { color rgbt <1,0,0,0> }
	no_shadow
}

// nucleotide -1

// particle -1
sphere {
	<26.217699, 34.432320, 36.751797> 0.250000
	pigment { color rgbt <1,0,0,0> }
	no_shadow
}
cylinder {
	<25.829845, 34.469379, 36.842331>,  <25.597134, 34.491615, 36.896652>, 0.100000
	pigment { color rgbt <1,0,0,0> }
	no_shadow
}
cylinder {
	<25.829845, 34.469379, 36.842331>,  <26.217699, 34.432320, 36.751797>, 0.100000
	pigment { color rgbt <1,0,0,0> }
	no_shadow
}

// particle -1
sphere {
	<25.829845, 34.469379, 36.842331> 0.100000
	pigment { color rgbt <1,0,0,0> }
	no_shadow
}
sphere {
	0, 1
	scale<0.080000,0.200000,0.300000>
	matrix <0.144163, 0.964112, 0.222947,
		-0.197554, 0.248806, -0.948192,
		-0.969634, 0.092651, 0.226333,
		25.538956, 34.497173, 36.910233>
	pigment { color rgbt <0,1,1,0> }
	no_shadow
}
cylinder {
	<26.423092, 35.113239, 36.668076>,  <26.217699, 34.432320, 36.751797>, 0.130000
	pigment { color rgbt <1,0,0,0> }
	no_shadow
}

// nucleotide -1

// particle -1
sphere {
	<26.423092, 35.113239, 36.668076> 0.250000
	pigment { color rgbt <1,0,0,0> }
	no_shadow
}
cylinder {
	<26.820059, 35.135944, 36.624458>,  <27.058239, 35.149567, 36.598289>, 0.100000
	pigment { color rgbt <1,0,0,0> }
	no_shadow
}
cylinder {
	<26.820059, 35.135944, 36.624458>,  <26.423092, 35.113239, 36.668076>, 0.100000
	pigment { color rgbt <1,0,0,0> }
	no_shadow
}

// particle -1
sphere {
	<26.820059, 35.135944, 36.624458> 0.100000
	pigment { color rgbt <1,0,0,0> }
	no_shadow
}
sphere {
	0, 1
	scale<0.080000,0.200000,0.300000>
	matrix <-0.119421, 0.655600, -0.745606,
		0.029166, 0.752973, 0.657406,
		0.992415, 0.056761, -0.109042,
		27.117783, 35.152973, 36.591747>
	pigment { color rgbt <0,1,1,0> }
	no_shadow
}
cylinder {
	<26.507704, 35.790295, 36.487415>,  <26.423092, 35.113239, 36.668076>, 0.130000
	pigment { color rgbt <1,0,0,0> }
	no_shadow
}

// nucleotide -1

// particle -1
sphere {
	<26.507704, 35.790295, 36.487415> 0.250000
	pigment { color rgbt <1,0,0,0> }
	no_shadow
}
cylinder {
	<26.856113, 35.632599, 36.370186>,  <27.065159, 35.537983, 36.299847>, 0.100000
	pigment { color rgbt <1,0,0,0> }
	no_shadow
}
cylinder {
	<26.856113, 35.632599, 36.370186>,  <26.507704, 35.790295, 36.487415>, 0.100000
	pigment { color rgbt <1,0,0,0> }
	no_shadow
}

// particle -1
sphere {
	<26.856113, 35.632599, 36.370186> 0.100000
	pigment { color rgbt <1,0,0,0> }
	no_shadow
}
sphere {
	0, 1
	scale<0.080000,0.200000,0.300000>
	matrix <0.115518, 0.744254, -0.657831,
		0.477465, 0.539131, 0.693804,
		0.871024, -0.394239, -0.293076,
		27.117420, 35.514328, 36.282265>
	pigment { color rgbt <0,1,1,0> }
	no_shadow
}
cylinder {
	<27.014744, 36.260002, 36.547646>,  <26.507704, 35.790295, 36.487415>, 0.130000
	pigment { color rgbt <1,0,0,0> }
	no_shadow
}

// nucleotide -1

// particle -1
sphere {
	<27.014744, 36.260002, 36.547646> 0.250000
	pigment { color rgbt <1,0,0,0> }
	no_shadow
}
cylinder {
	<27.153812, 36.017513, 36.261536>,  <27.237253, 35.872021, 36.089870>, 0.100000
	pigment { color rgbt <1,0,0,0> }
	no_shadow
}
cylinder {
	<27.153812, 36.017513, 36.261536>,  <27.014744, 36.260002, 36.547646>, 0.100000
	pigment { color rgbt <1,0,0,0> }
	no_shadow
}

// particle -1
sphere {
	<27.153812, 36.017513, 36.261536> 0.100000
	pigment { color rgbt <1,0,0,0> }
	no_shadow
}
sphere {
	0, 1
	scale<0.080000,0.200000,0.300000>
	matrix <0.014502, 0.766254, -0.642374,
		0.937505, 0.212961, 0.275195,
		0.347670, -0.606220, -0.715278,
		27.258114, 35.835648, 36.046951>
	pigment { color rgbt <0,1,1,0> }
	no_shadow
}
cylinder {
	<27.461292, 36.613121, 36.295494>,  <27.014744, 36.260002, 36.547646>, 0.130000
	pigment { color rgbt <1,0,0,0> }
	no_shadow
}

// nucleotide -1

// particle -1
sphere {
	<27.461292, 36.613121, 36.295494> 0.250000
	pigment { color rgbt <1,0,0,0> }
	no_shadow
}
cylinder {
	<27.403112, 36.352543, 35.997643>,  <27.368204, 36.196198, 35.818932>, 0.100000
	pigment { color rgbt <1,0,0,0> }
	no_shadow
}
cylinder {
	<27.403112, 36.352543, 35.997643>,  <27.461292, 36.613121, 36.295494>, 0.100000
	pigment { color rgbt <1,0,0,0> }
	no_shadow
}

// particle -1
sphere {
	<27.403112, 36.352543, 35.997643> 0.100000
	pigment { color rgbt <1,0,0,0> }
	no_shadow
}
sphere {
	0, 1
	scale<0.080000,0.200000,0.300000>
	matrix <0.179508, 0.722762, -0.667377,
		0.972944, -0.230737, 0.011812,
		-0.145452, -0.651441, -0.744627,
		27.359476, 36.157112, 35.774254>
	pigment { color rgbt <0,1,1,0> }
	no_shadow
}
cylinder {
	<28.108589, 36.709534, 35.820507>,  <27.461292, 36.613121, 36.295494>, 0.130000
	pigment { color rgbt <1,0,0,0> }
	no_shadow
}

// nucleotide -1

// particle -1
sphere {
	<28.108589, 36.709534, 35.820507> 0.250000
	pigment { color rgbt <1,0,0,0> }
	no_shadow
}
cylinder {
	<27.796240, 36.567669, 35.614807>,  <27.608829, 36.482552, 35.491386>, 0.100000
	pigment { color rgbt <1,0,0,0> }
	no_shadow
}
cylinder {
	<27.796240, 36.567669, 35.614807>,  <28.108589, 36.709534, 35.820507>, 0.100000
	pigment { color rgbt <1,0,0,0> }
	no_shadow
}

// particle -1
sphere {
	<27.796240, 36.567669, 35.614807> 0.100000
	pigment { color rgbt <1,0,0,0> }
	no_shadow
}
sphere {
	0, 1
	scale<0.080000,0.200000,0.300000>
	matrix <0.080073, 0.759589, -0.645456,
		0.619535, -0.545197, -0.564745,
		-0.780875, -0.354662, -0.514247,
		27.561977, 36.461269, 35.460533>
	pigment { color rgbt <0,1,1,0> }
	no_shadow
}
cylinder {
	<28.272768, 36.555000, 35.154709>,  <28.108589, 36.709534, 35.820507>, 0.130000
	pigment { color rgbt <1,0,0,0> }
	no_shadow
}

// nucleotide -1

// particle -1
sphere {
	<28.272768, 36.555000, 35.154709> 0.250000
	pigment { color rgbt <1,0,0,0> }
	no_shadow
}
cylinder {
	<27.884171, 36.645508, 35.126408>,  <27.651012, 36.699814, 35.109425>, 0.100000
	pigment { color rgbt <1,0,0,0> }
	no_shadow
}
cylinder {
	<27.884171, 36.645508, 35.126408>,  <28.272768, 36.555000, 35.154709>, 0.100000
	pigment { color rgbt <1,0,0,0> }
	no_shadow
}

// particle -1
sphere {
	<27.884171, 36.645508, 35.126408> 0.100000
	pigment { color rgbt <1,0,0,0> }
	no_shadow
}
sphere {
	0, 1
	scale<0.080000,0.200000,0.300000>
	matrix <0.167918, 0.446060, -0.879110,
		-0.167354, -0.865929, -0.471338,
		-0.971491, 0.226269, -0.070755,
		27.592724, 36.713390, 35.105183>
	pigment { color rgbt <0,1,1,0> }
	no_shadow
}
cylinder {
	<28.082937, 36.553013, 34.377647>,  <28.272768, 36.555000, 35.154709>, 0.130000
	pigment { color rgbt <1,0,0,0> }
	no_shadow
}

// nucleotide -1

// particle -1
sphere {
	<28.082937, 36.553013, 34.377647> 0.250000
	pigment { color rgbt <1,0,0,0> }
	no_shadow
}
cylinder {
	<27.776182, 36.742271, 34.551090>,  <27.592129, 36.855827, 34.655155>, 0.100000
	pigment { color rgbt <1,0,0,0> }
	no_shadow
}
cylinder {
	<27.776182, 36.742271, 34.551090>,  <28.082937, 36.553013, 34.377647>, 0.100000
	pigment { color rgbt <1,0,0,0> }
	no_shadow
}

// particle -1
sphere {
	<27.776182, 36.742271, 34.551090> 0.100000
	pigment { color rgbt <1,0,0,0> }
	no_shadow
}
sphere {
	0, 1
	scale<0.080000,0.200000,0.300000>
	matrix <-0.200742, 0.464881, -0.862316,
		-0.609579, -0.748342, -0.261531,
		-0.766887, 0.473149, 0.433606,
		27.546116, 36.884216, 34.681171>
	pigment { color rgbt <0,1,1,0> }
	no_shadow
}
cylinder {
	<27.504034, 36.615868, 33.877953>,  <28.082937, 36.553013, 34.377647>, 0.130000
	pigment { color rgbt <1,0,0,0> }
	no_shadow
}

// nucleotide -1

// particle -1
sphere {
	<27.504034, 36.615868, 33.877953> 0.250000
	pigment { color rgbt <1,0,0,0> }
	no_shadow
}
cylinder {
	<27.358801, 36.883743, 34.137085>,  <27.271660, 37.044468, 34.292564>, 0.100000
	pigment { color rgbt <1,0,0,0> }
	no_shadow
}
cylinder {
	<27.358801, 36.883743, 34.137085>,  <27.504034, 36.615868, 33.877953>, 0.100000
	pigment { color rgbt <1,0,0,0> }
	no_shadow
}

// particle -1
sphere {
	<27.358801, 36.883743, 34.137085> 0.100000
	pigment { color rgbt <1,0,0,0> }
	no_shadow
}
sphere {
	0, 1
	scale<0.080000,0.200000,0.300000>
	matrix <-0.313729, 0.566810, -0.761775,
		-0.877351, -0.479831, 0.004303,
		-0.363084, 0.669693, 0.647828,
		27.249876, 37.084652, 34.331432>
	pigment { color rgbt <0,1,1,0> }
	no_shadow
}
cylinder {
	<26.869911, 36.893959, 33.696541>,  <27.504034, 36.615868, 33.877953>, 0.130000
	pigment { color rgbt <1,0,0,0> }
	no_shadow
}

// nucleotide -1

// particle -1
sphere {
	<26.869911, 36.893959, 33.696541> 0.250000
	pigment { color rgbt <1,0,0,0> }
	no_shadow
}
cylinder {
	<27.049416, 37.177757, 33.913883>,  <27.157118, 37.348034, 34.044289>, 0.100000
	pigment { color rgbt <1,0,0,0> }
	no_shadow
}
cylinder {
	<27.049416, 37.177757, 33.913883>,  <26.869911, 36.893959, 33.696541>, 0.100000
	pigment { color rgbt <1,0,0,0> }
	no_shadow
}

// particle -1
sphere {
	<27.049416, 37.177757, 33.913883> 0.100000
	pigment { color rgbt <1,0,0,0> }
	no_shadow
}
sphere {
	0, 1
	scale<0.080000,0.200000,0.300000>
	matrix <-0.274669, 0.688090, -0.671631,
		-0.850393, 0.152161, 0.503665,
		0.448763, 0.709492, 0.543354,
		27.184044, 37.390606, 34.076889>
	pigment { color rgbt <0,1,1,0> }
	no_shadow
}
cylinder {
	<26.398014, 37.460972, 33.515541>,  <26.869911, 36.893959, 33.696541>, 0.130000
	pigment { color rgbt <1,0,0,0> }
	no_shadow
}

// nucleotide -1

// particle -1
sphere {
	<26.398014, 37.460972, 33.515541> 0.250000
	pigment { color rgbt <1,0,0,0> }
	no_shadow
}
cylinder {
	<26.704964, 37.625252, 33.712502>,  <26.889133, 37.723820, 33.830677>, 0.100000
	pigment { color rgbt <1,0,0,0> }
	no_shadow
}
cylinder {
	<26.704964, 37.625252, 33.712502>,  <26.398014, 37.460972, 33.515541>, 0.100000
	pigment { color rgbt <1,0,0,0> }
	no_shadow
}

// particle -1
sphere {
	<26.704964, 37.625252, 33.712502> 0.100000
	pigment { color rgbt <1,0,0,0> }
	no_shadow
}
sphere {
	0, 1
	scale<0.080000,0.200000,0.300000>
	matrix <-0.214578, 0.888153, -0.406375,
		-0.604226, 0.206184, 0.769674,
		0.767376, 0.410698, 0.492403,
		26.935177, 37.748463, 33.860222>
	pigment { color rgbt <0,1,1,0> }
	no_shadow
}
cylinder {
	<26.261457, 38.148758, 33.122643>,  <26.398014, 37.460972, 33.515541>, 0.130000
	pigment { color rgbt <1,0,0,0> }
	no_shadow
}

// nucleotide -1

// particle -1
sphere {
	<26.261457, 38.148758, 33.122643> 0.250000
	pigment { color rgbt <1,0,0,0> }
	no_shadow
}
cylinder {
	<26.328691, 38.418732, 33.410034>,  <26.369032, 38.580715, 33.582470>, 0.100000
	pigment { color rgbt <1,0,0,0> }
	no_shadow
}
cylinder {
	<26.328691, 38.418732, 33.410034>,  <26.261457, 38.148758, 33.122643>, 0.100000
	pigment { color rgbt <1,0,0,0> }
	no_shadow
}

// particle -1
sphere {
	<26.328691, 38.418732, 33.410034> 0.100000
	pigment { color rgbt <1,0,0,0> }
	no_shadow
}
sphere {
	0, 1
	scale<0.080000,0.200000,0.300000>
	matrix <0.486639, -0.690660, 0.534949,
		0.857281, 0.259725, -0.444537,
		0.168084, 0.674931, 0.718482,
		26.379116, 38.621212, 33.625580>
	pigment { color rgbt <0,1,1,0> }
	no_shadow
}
cylinder {
	<27.063026, 38.201283, 33.370941>,  <26.261457, 38.148758, 33.122643>, 0.130000
	pigment { color rgbt <1,0,0,0> }
	no_shadow
}

// nucleotide -1

// particle -1
sphere {
	<27.063026, 38.201283, 33.370941> 0.250000
	pigment { color rgbt <1,0,0,0> }
	no_shadow
}
cylinder {
	<26.772596, 38.261742, 33.639259>,  <26.598339, 38.298016, 33.800251>, 0.100000
	pigment { color rgbt <1,0,0,0> }
	no_shadow
}
cylinder {
	<26.772596, 38.261742, 33.639259>,  <27.063026, 38.201283, 33.370941>, 0.100000
	pigment { color rgbt <1,0,0,0> }
	no_shadow
}

// particle -1
sphere {
	<26.772596, 38.261742, 33.639259> 0.100000
	pigment { color rgbt <1,0,0,0> }
	no_shadow
}
sphere {
	0, 1
	scale<0.080000,0.200000,0.300000>
	matrix <0.429402, -0.662271, 0.614012,
		0.537058, 0.733860, 0.415954,
		-0.726073, 0.151149, 0.670799,
		26.554775, 38.307087, 33.840500>
	pigment { color rgbt <0,1,1,0> }
	no_shadow
}
cylinder {
	<27.289030, 38.325970, 34.139713>,  <27.063026, 38.201283, 33.370941>, 0.130000
	pigment { color rgbt <1,0,0,0> }
	no_shadow
}

// nucleotide -1

// particle -1
sphere {
	<27.289030, 38.325970, 34.139713> 0.250000
	pigment { color rgbt <1,0,0,0> }
	no_shadow
}
cylinder {
	<26.951605, 38.111271, 34.132786>,  <26.749149, 37.982452, 34.128628>, 0.100000
	pigment { color rgbt <1,0,0,0> }
	no_shadow
}
cylinder {
	<26.951605, 38.111271, 34.132786>,  <27.289030, 38.325970, 34.139713>, 0.100000
	pigment { color rgbt <1,0,0,0> }
	no_shadow
}

// particle -1
sphere {
	<26.951605, 38.111271, 34.132786> 0.100000
	pigment { color rgbt <1,0,0,0> }
	no_shadow
}
sphere {
	0, 1
	scale<0.080000,0.200000,0.300000>
	matrix <0.450839, -0.725332, 0.520229,
		-0.291798, 0.431036, 0.853851,
		-0.843563, -0.536751, -0.017323,
		26.698536, 37.950245, 34.127590>
	pigment { color rgbt <0,1,1,0> }
	no_shadow
}
cylinder {
	<27.024471, 38.214046, 34.820278>,  <27.289030, 38.325970, 34.139713>, 0.130000
	pigment { color rgbt <1,0,0,0> }
	no_shadow
}

// nucleotide -1

// particle -1
sphere {
	<27.024471, 38.214046, 34.820278> 0.250000
	pigment { color rgbt <1,0,0,0> }
	no_shadow
}
cylinder {
	<26.930929, 37.909454, 34.578465>,  <26.874804, 37.726700, 34.433376>, 0.100000
	pigment { color rgbt <1,0,0,0> }
	no_shadow
}
cylinder {
	<26.930929, 37.909454, 34.578465>,  <27.024471, 38.214046, 34.820278>, 0.100000
	pigment { color rgbt <1,0,0,0> }
	no_shadow
}

// particle -1
sphere {
	<26.930929, 37.909454, 34.578465> 0.100000
	pigment { color rgbt <1,0,0,0> }
	no_shadow
}
sphere {
	0, 1
	scale<0.080000,0.200000,0.300000>
	matrix <0.422632, -0.639571, 0.642130,
