// switches for output
#declare DRAW_BASES = 1; // possible values are 0, 1; only relevant for DNA ribbons
#declare DRAW_BASES_TYPE = 3; // possible values are 1, 2, 3; only relevant for DNA ribbons
#declare DRAW_FOG = 0; // set to 1 to enable fog

#include "colors.inc"

#include "transforms.inc"
background { rgb <1, 1, 1>}

#default {
   normal{
       ripples 0.25
       frequency 0.20
       turbulence 0.2
       lambda 5
   }
	finish {
		phong 0.1
		phong_size 40.
	}
}

// original window dimensions: 1024x640


// camera settings

camera {
	sky <0, 0.179814, -0.983701>
	up <0, 0.179814, -0.983701>
	right 1.6 * <1, 0, 0>
	location <35, 94.9851, 44.8844>
	look_at <35, 29.7336, 32.9568>
	direction <0, -65.2515, -11.9276>
	angle 67.0682
}


# declare cpy_camera_pos = <35, 94.9851, 44.8844>;
# if (DRAW_FOG = 1)
fog {
	fog_type 2
	up vnormalize(cpy_camera_pos)
	color rgbt<1,1,1,0.3>
	distance 1e-5
	fog_alt 3e-3
	fog_offset 56
}
# end


// LIGHTS

# declare lum = 6;
global_settings {
	ambient_light rgb lum * <0.05, 0.05, 0.05>
	max_trace_level 15
}# declare cpy_direct_light_amount = 0.25;
light_source
{	1000 * <-1, -1.16352, -0.803886>,
	rgb lum * cpy_direct_light_amount
	parallel
}

light_source
{	1000 * <1, 1.16352, 0.803886>,
	rgb lum * cpy_direct_light_amount
	parallel
}

// strand 0

// nucleotide -1

// particle -1
sphere {
	<24.102560, 35.095772, 34.611038> 0.250000
	pigment { color rgbt <1,0,0,0> }
	no_shadow
}
cylinder {
	<24.046518, 35.022980, 35.000347>,  <24.012894, 34.979305, 35.233932>, 0.100000
	pigment { color rgbt <1,0,0,0> }
	no_shadow
}
cylinder {
	<24.046518, 35.022980, 35.000347>,  <24.102560, 35.095772, 34.611038>, 0.100000
	pigment { color rgbt <1,0,0,0> }
	no_shadow
}

// particle -1
sphere {
	<24.046518, 35.022980, 35.000347> 0.100000
	pigment { color rgbt <1,0,0,0> }
	no_shadow
}
sphere {
	0, 1
	scale<0.080000,0.200000,0.300000>
	matrix <0.916174, -0.396603, 0.057727,
		0.375496, 0.899771, 0.222294,
		-0.140104, -0.181984, 0.973269,
		24.004488, 34.968384, 35.292328>
	pigment { color rgbt <0,1,1,0> }
	no_shadow
}
cylinder {
	<24.728767, 35.339432, 34.956276>,  <24.102560, 35.095772, 34.611038>, 0.130000
	pigment { color rgbt <1,0,0,0> }
	no_shadow
}

// nucleotide -1

// particle -1
sphere {
	<24.728767, 35.339432, 34.956276> 0.250000
	pigment { color rgbt <1,0,0,0> }
	no_shadow
}
cylinder {
	<24.552778, 35.084000, 35.208828>,  <24.447186, 34.930740, 35.360359>, 0.100000
	pigment { color rgbt <1,0,0,0> }
	no_shadow
}
cylinder {
	<24.552778, 35.084000, 35.208828>,  <24.728767, 35.339432, 34.956276>, 0.100000
	pigment { color rgbt <1,0,0,0> }
	no_shadow
}

// particle -1
sphere {
	<24.552778, 35.084000, 35.208828> 0.100000
	pigment { color rgbt <1,0,0,0> }
	no_shadow
}
sphere {
	0, 1
	scale<0.080000,0.200000,0.300000>
	matrix <0.897620, -0.291971, 0.330198,
		-0.026516, 0.712014, 0.701665,
		-0.439971, -0.638584, 0.631376,
		24.420788, 34.892426, 35.398239>
	pigment { color rgbt <0,1,1,0> }
	no_shadow
}
cylinder {
	<25.052156, 35.420338, 35.623463>,  <24.728767, 35.339432, 34.956276>, 0.130000
	pigment { color rgbt <1,0,0,0> }
	no_shadow
}

// nucleotide -1

// particle -1
sphere {
	<25.052156, 35.420338, 35.623463> 0.250000
	pigment { color rgbt <1,0,0,0> }
	no_shadow
}
cylinder {
	<24.900322, 35.050686, 35.606030>,  <24.809221, 34.828896, 35.595570>, 0.100000
	pigment { color rgbt <1,0,0,0> }
	no_shadow
}
cylinder {
	<24.900322, 35.050686, 35.606030>,  <25.052156, 35.420338, 35.623463>, 0.100000
	pigment { color rgbt <1,0,0,0> }
	no_shadow
}

// particle -1
sphere {
	<24.900322, 35.050686, 35.606030> 0.100000
	pigment { color rgbt <1,0,0,0> }
	no_shadow
}
sphere {
	0, 1
	scale<0.080000,0.200000,0.300000>
	matrix <0.876067, -0.374189, 0.304120,
		-0.297353, 0.077261, 0.951636,
		-0.379589, -0.924128, -0.043580,
		24.786446, 34.773449, 35.592957>
	pigment { color rgbt <0,1,1,0> }
	no_shadow
}
cylinder {
	<25.422003, 36.043423, 35.950943>,  <25.052156, 35.420338, 35.623463>, 0.130000
	pigment { color rgbt <1,0,0,0> }
	no_shadow
}

// nucleotide -1

// particle -1
sphere {
	<25.422003, 36.043423, 35.950943> 0.250000
	pigment { color rgbt <1,0,0,0> }
	no_shadow
}
cylinder {
	<25.799761, 36.174770, 35.957726>,  <26.026415, 36.253578, 35.961796>, 0.100000
	pigment { color rgbt <1,0,0,0> }
	no_shadow
}
cylinder {
	<25.799761, 36.174770, 35.957726>,  <25.422003, 36.043423, 35.950943>, 0.100000
	pigment { color rgbt <1,0,0,0> }
	no_shadow
}

// particle -1
sphere {
	<25.799761, 36.174770, 35.957726> 0.100000
	pigment { color rgbt <1,0,0,0> }
	no_shadow
}
sphere {
	0, 1
	scale<0.080000,0.200000,0.300000>
	matrix <-0.015960, 0.097294, -0.995128,
		-0.328424, 0.939524, 0.097125,
		0.944396, 0.328374, 0.016959,
		26.083080, 36.273281, 35.962814>
	pigment { color rgbt <0,1,1,0> }
	no_shadow
}
cylinder {
	<25.442331, 36.662811, 35.433853>,  <25.422003, 36.043423, 35.950943>, 0.130000
	pigment { color rgbt <1,0,0,0> }
	no_shadow
}

// nucleotide -1

// particle -1
sphere {
	<25.442331, 36.662811, 35.433853> 0.250000
	pigment { color rgbt <1,0,0,0> }
	no_shadow
}
cylinder {
	<25.815029, 36.537743, 35.507706>,  <26.038649, 36.462700, 35.552017>, 0.100000
	pigment { color rgbt <1,0,0,0> }
	no_shadow
}
cylinder {
	<25.815029, 36.537743, 35.507706>,  <25.442331, 36.662811, 35.433853>, 0.100000
	pigment { color rgbt <1,0,0,0> }
	no_shadow
}

// particle -1
sphere {
	<25.815029, 36.537743, 35.507706> 0.100000
	pigment { color rgbt <1,0,0,0> }
	no_shadow
}
sphere {
	0, 1
	scale<0.080000,0.200000,0.300000>
	matrix <0.236849, 0.137899, -0.961710,
		0.275238, 0.939798, 0.202543,
		0.931744, -0.312671, 0.184635,
		26.094553, 36.443943, 35.563095>
	pigment { color rgbt <0,1,1,0> }
	no_shadow
}
cylinder {
	<25.986441, 37.185135, 35.296856>,  <25.442331, 36.662811, 35.433853>, 0.130000
	pigment { color rgbt <1,0,0,0> }
	no_shadow
}

// nucleotide -1

// particle -1
sphere {
	<25.986441, 37.185135, 35.296856> 0.250000
	pigment { color rgbt <1,0,0,0> }
	no_shadow
}
cylinder {
	<26.105055, 36.808018, 35.235924>,  <26.176224, 36.581749, 35.199364>, 0.100000
	pigment { color rgbt <1,0,0,0> }
	no_shadow
}
cylinder {
	<26.105055, 36.808018, 35.235924>,  <25.986441, 37.185135, 35.296856>, 0.100000
	pigment { color rgbt <1,0,0,0> }
	no_shadow
}

// particle -1
sphere {
	<26.105055, 36.808018, 35.235924> 0.100000
	pigment { color rgbt <1,0,0,0> }
	no_shadow
}
sphere {
	0, 1
	scale<0.080000,0.200000,0.300000>
	matrix <0.172870, 0.209863, -0.962327,
		0.939246, 0.259031, 0.225213,
		0.296537, -0.942794, -0.152335,
		26.194016, 36.525181, 35.190224>
	pigment { color rgbt <0,1,1,0> }
	no_shadow
}
cylinder {
	<26.471592, 37.241295, 34.845982>,  <25.986441, 37.185135, 35.296856>, 0.130000
	pigment { color rgbt <1,0,0,0> }
	no_shadow
}

// nucleotide -1

// particle -1
sphere {
	<26.471592, 37.241295, 34.845982> 0.250000
	pigment { color rgbt <1,0,0,0> }
	no_shadow
}
cylinder {
	<26.372972, 36.857464, 34.791691>,  <26.313801, 36.627163, 34.759117>, 0.100000
	pigment { color rgbt <1,0,0,0> }
	no_shadow
}
cylinder {
	<26.372972, 36.857464, 34.791691>,  <26.471592, 37.241295, 34.845982>, 0.100000
	pigment { color rgbt <1,0,0,0> }
	no_shadow
}

// particle -1
sphere {
	<26.372972, 36.857464, 34.791691> 0.100000
	pigment { color rgbt <1,0,0,0> }
	no_shadow
}
sphere {
	0, 1
	scale<0.080000,0.200000,0.300000>
	matrix <0.209191, 0.084051, -0.974256,
		0.946284, -0.268593, 0.180012,
		-0.246548, -0.959580, -0.135724,
		26.299007, 36.569592, 34.750973>
	pigment { color rgbt <0,1,1,0> }
	no_shadow
}
cylinder {
	<26.950600, 36.719166, 34.564518>,  <26.471592, 37.241295, 34.845982>, 0.130000
	pigment { color rgbt <1,0,0,0> }
	no_shadow
}

// nucleotide -1

// particle -1
sphere {
	<26.950600, 36.719166, 34.564518> 0.250000
	pigment { color rgbt <1,0,0,0> }
	no_shadow
}
cylinder {
	<26.576101, 36.656406, 34.438770>,  <26.351402, 36.618752, 34.363323>, 0.100000
	pigment { color rgbt <1,0,0,0> }
	no_shadow
}
cylinder {
	<26.576101, 36.656406, 34.438770>,  <26.950600, 36.719166, 34.564518>, 0.100000
	pigment { color rgbt <1,0,0,0> }
	no_shadow
}

// particle -1
sphere {
	<26.576101, 36.656406, 34.438770> 0.100000
	pigment { color rgbt <1,0,0,0> }
	no_shadow
}
sphere {
	0, 1
	scale<0.080000,0.200000,0.300000>
	matrix <0.286858, 0.175294, -0.941798,
		0.202885, -0.971932, -0.119107,
		-0.936242, -0.156910, -0.314371,
		26.295229, 36.609337, 34.344460>
	pigment { color rgbt <0,1,1,0> }
	no_shadow
}
cylinder {
	<27.124327, 36.299786, 33.961365>,  <26.950600, 36.719166, 34.564518>, 0.130000
	pigment { color rgbt <1,0,0,0> }
	no_shadow
}

// nucleotide -1

// particle -1
sphere {
	<27.124327, 36.299786, 33.961365> 0.250000
	pigment { color rgbt <1,0,0,0> }
	no_shadow
}
cylinder {
	<26.751514, 36.443703, 33.944061>,  <26.527828, 36.530052, 33.933681>, 0.100000
	pigment { color rgbt <1,0,0,0> }
	no_shadow
}
cylinder {
	<26.751514, 36.443703, 33.944061>,  <27.124327, 36.299786, 33.961365>, 0.100000
	pigment { color rgbt <1,0,0,0> }
	no_shadow
}

// particle -1
sphere {
	<26.751514, 36.443703, 33.944061> 0.100000
	pigment { color rgbt <1,0,0,0> }
	no_shadow
}
sphere {
	0, 1
	scale<0.080000,0.200000,0.300000>
	matrix <0.094405, 0.125826, -0.987550,
		-0.349869, -0.924510, -0.151239,
		-0.932030, 0.359791, -0.043256,
		26.471905, 36.551640, 33.931084>
	pigment { color rgbt <0,1,1,0> }
	no_shadow
}
cylinder {
	<26.814850, 35.892994, 33.479187>,  <27.124327, 36.299786, 33.961365>, 0.130000
	pigment { color rgbt <1,0,0,0> }
	no_shadow
}

// nucleotide -1

// particle -1
sphere {
	<26.814850, 35.892994, 33.479187> 0.250000
	pigment { color rgbt <1,0,0,0> }
	no_shadow
}
cylinder {
	<26.624632, 36.244617, 33.492489>,  <26.510502, 36.455593, 33.500469>, 0.100000
	pigment { color rgbt <1,0,0,0> }
	no_shadow
}
cylinder {
	<26.624632, 36.244617, 33.492489>,  <26.814850, 35.892994, 33.479187>, 0.100000
	pigment { color rgbt <1,0,0,0> }
	no_shadow
}

// particle -1
sphere {
	<26.624632, 36.244617, 33.492489> 0.100000
	pigment { color rgbt <1,0,0,0> }
	no_shadow
}
sphere {
	0, 1
	scale<0.080000,0.200000,0.300000>
	matrix <0.160946, 0.124106, -0.979129,
		-0.864843, -0.460268, -0.200499,
		-0.475545, 0.879062, 0.033254,
		26.481968, 36.508335, 33.502464>
	pigment { color rgbt <0,1,1,0> }
	no_shadow
}
cylinder {
	<26.280212, 35.789822, 32.992821>,  <26.814850, 35.892994, 33.479187>, 0.130000
	pigment { color rgbt <1,0,0,0> }
	no_shadow
}

// nucleotide -1

// particle -1
sphere {
	<26.280212, 35.789822, 32.992821> 0.250000
	pigment { color rgbt <1,0,0,0> }
	no_shadow
}
cylinder {
	<26.380957, 36.174873, 33.032658>,  <26.441404, 36.405903, 33.056561>, 0.100000
	pigment { color rgbt <1,0,0,0> }
	no_shadow
}
cylinder {
	<26.380957, 36.174873, 33.032658>,  <26.280212, 35.789822, 32.992821>, 0.100000
	pigment { color rgbt <1,0,0,0> }
	no_shadow
}

// particle -1
sphere {
	<26.380957, 36.174873, 33.032658> 0.100000
	pigment { color rgbt <1,0,0,0> }
	no_shadow
}
sphere {
	0, 1
	scale<0.080000,0.200000,0.300000>
	matrix <0.105409, 0.075008, -0.991596,
		-0.962005, 0.260243, -0.082578,
		0.251862, 0.962625, 0.099590,
		26.456514, 36.463661, 33.062534>
	pigment { color rgbt <0,1,1,0> }
	no_shadow
}
cylinder {
	<25.919590, 36.218094, 32.554794>,  <26.280212, 35.789822, 32.992821>, 0.130000
	pigment { color rgbt <1,0,0,0> }
	no_shadow
}

// nucleotide -1

// particle -1
sphere {
	<25.919590, 36.218094, 32.554794> 0.250000
	pigment { color rgbt <1,0,0,0> }
	no_shadow
}
cylinder {
	<26.255455, 36.421658, 32.630672>,  <26.456974, 36.543797, 32.676197>, 0.100000
	pigment { color rgbt <1,0,0,0> }
	no_shadow
}
cylinder {
	<26.255455, 36.421658, 32.630672>,  <25.919590, 36.218094, 32.554794>, 0.100000
	pigment { color rgbt <1,0,0,0> }
	no_shadow
}

// particle -1
sphere {
	<26.255455, 36.421658, 32.630672> 0.100000
	pigment { color rgbt <1,0,0,0> }
	no_shadow
}
sphere {
	0, 1
	scale<0.080000,0.200000,0.300000>
	matrix <0.183881, 0.062261, -0.980975,
		-0.511036, 0.858567, -0.041300,
		0.839661, 0.508908, 0.189692,
		26.507353, 36.574329, 32.687580>
	pigment { color rgbt <0,1,1,0> }
	no_shadow
}
cylinder {
	<26.009426, 36.774738, 32.137756>,  <25.919590, 36.218094, 32.554794>, 0.130000
	pigment { color rgbt <1,0,0,0> }
	no_shadow
}

// nucleotide -1

// particle -1
sphere {
	<26.009426, 36.774738, 32.137756> 0.250000
	pigment { color rgbt <1,0,0,0> }
	no_shadow
}
cylinder {
	<26.392967, 36.732422, 32.243141>,  <26.623091, 36.707031, 32.306374>, 0.100000
	pigment { color rgbt <1,0,0,0> }
	no_shadow
}
cylinder {
	<26.392967, 36.732422, 32.243141>,  <26.009426, 36.774738, 32.137756>, 0.100000
	pigment { color rgbt <1,0,0,0> }
	no_shadow
}

// particle -1
sphere {
	<26.392967, 36.732422, 32.243141> 0.100000
	pigment { color rgbt <1,0,0,0> }
	no_shadow
}
sphere {
	0, 1
	scale<0.080000,0.200000,0.300000>
	matrix <0.253565, -0.098342, -0.962306,
		0.127714, 0.989513, -0.067471,
		0.958850, -0.105792, 0.263465,
		26.680622, 36.700684, 32.322182>
	pigment { color rgbt <0,1,1,0> }
	no_shadow
}
cylinder {
	<26.505232, 37.219673, 31.786757>,  <26.009426, 36.774738, 32.137756>, 0.130000
	pigment { color rgbt <1,0,0,0> }
	no_shadow
}

// nucleotide -1

// particle -1
sphere {
	<26.505232, 37.219673, 31.786757> 0.250000
	pigment { color rgbt <1,0,0,0> }
	no_shadow
}
cylinder {
	<26.739878, 36.907082, 31.871765>,  <26.880665, 36.719524, 31.922771>, 0.100000
	pigment { color rgbt <1,0,0,0> }
	no_shadow
}
cylinder {
	<26.739878, 36.907082, 31.871765>,  <26.505232, 37.219673, 31.786757>, 0.100000
	pigment { color rgbt <1,0,0,0> }
	no_shadow
}

// particle -1
sphere {
	<26.739878, 36.907082, 31.871765> 0.100000
	pigment { color rgbt <1,0,0,0> }
	no_shadow
}
sphere {
	0, 1
	scale<0.080000,0.200000,0.300000>
	matrix <0.391666, 0.044067, -0.919051,
		0.708857, 0.622369, 0.331931,
		0.586616, -0.781483, 0.212523,
		26.915863, 36.672638, 31.935522>
	pigment { color rgbt <0,1,1,0> }
	no_shadow
}
cylinder {
	<26.667372, 37.800228, 32.191402>,  <26.505232, 37.219673, 31.786757>, 0.130000
	pigment { color rgbt <1,0,0,0> }
	no_shadow
}

// nucleotide -1

// particle -1
sphere {
	<26.667372, 37.800228, 32.191402> 0.250000
	pigment { color rgbt <1,0,0,0> }
	no_shadow
}
cylinder {
	<26.957026, 37.601223, 32.000359>,  <27.130817, 37.481819, 31.885731>, 0.100000
	pigment { color rgbt <1,0,0,0> }
	no_shadow
}
cylinder {
	<26.957026, 37.601223, 32.000359>,  <26.667372, 37.800228, 32.191402>, 0.100000
	pigment { color rgbt <1,0,0,0> }
	no_shadow
}

// particle -1
sphere {
	<26.957026, 37.601223, 32.000359> 0.100000
	pigment { color rgbt <1,0,0,0> }
	no_shadow
}
sphere {
	0, 1
	scale<0.080000,0.200000,0.300000>
	matrix <0.609636, 0.137974, 0.780581,
		-0.322449, -0.856415, 0.403211,
		0.724135, -0.497509, -0.477612,
		27.174267, 37.451969, 31.857075>
	pigment { color rgbt <0,1,1,0> }
	no_shadow
}
cylinder {
	<26.100904, 37.959385, 32.691013>,  <26.667372, 37.800228, 32.191402>, 0.130000
	pigment { color rgbt <1,0,0,0> }
	no_shadow
}

// nucleotide -1

// particle -1
sphere {
	<26.100904, 37.959385, 32.691013> 0.250000
	pigment { color rgbt <1,0,0,0> }
	no_shadow
}
cylinder {
	<25.960634, 37.755905, 32.376499>,  <25.876472, 37.633816, 32.187790>, 0.100000
	pigment { color rgbt <1,0,0,0> }
	no_shadow
}
cylinder {
	<25.960634, 37.755905, 32.376499>,  <26.100904, 37.959385, 32.691013>, 0.100000
	pigment { color rgbt <1,0,0,0> }
	no_shadow
}

// particle -1
sphere {
	<25.960634, 37.755905, 32.376499> 0.100000
	pigment { color rgbt <1,0,0,0> }
	no_shadow
}
sphere {
	0, 1
	scale<0.080000,0.200000,0.300000>
	matrix <-0.272213, 0.858723, -0.434159,
		0.896061, 0.061789, -0.439610,
		-0.350677, -0.508700, -0.786288,
		25.855431, 37.603294, 32.140614>
	pigment { color rgbt <0,1,1,0> }
	no_shadow
}
cylinder {
	<26.494825, 37.814178, 33.333157>,  <26.100904, 37.959385, 32.691013>, 0.130000
	pigment { color rgbt <1,0,0,0> }
	no_shadow
}

// nucleotide -1

// particle -1
sphere {
	<26.494825, 37.814178, 33.333157> 0.250000
	pigment { color rgbt <1,0,0,0> }
	no_shadow
}
cylinder {
	<26.451313, 37.430885, 33.227360>,  <26.425205, 37.200909, 33.163883>, 0.100000
	pigment { color rgbt <1,0,0,0> }
	no_shadow
}
cylinder {
	<26.451313, 37.430885, 33.227360>,  <26.494825, 37.814178, 33.333157>, 0.100000
	pigment { color rgbt <1,0,0,0> }
	no_shadow
}

// particle -1
sphere {
	<26.451313, 37.430885, 33.227360> 0.100000
	pigment { color rgbt <1,0,0,0> }
	no_shadow
}
sphere {
	0, 1
	scale<0.080000,0.200000,0.300000>
	matrix <-0.444757, -0.191040, 0.875040,
		-0.889021, 0.212822, -0.405399,
		-0.108781, -0.958233, -0.264493,
		26.418678, 37.143414, 33.148010>
	pigment { color rgbt <0,1,1,0> }
	no_shadow
}
cylinder {
	<25.742126, 37.618046, 33.421608>,  <26.494825, 37.814178, 33.333157>, 0.130000
	pigment { color rgbt <1,0,0,0> }
	no_shadow
}

// nucleotide -1

// particle -1
sphere {
	<25.742126, 37.618046, 33.421608> 0.250000
	pigment { color rgbt <1,0,0,0> }
	no_shadow
}
cylinder {
	<25.962765, 37.284523, 33.430584>,  <26.095148, 37.084408, 33.435970>, 0.100000
	pigment { color rgbt <1,0,0,0> }
	no_shadow
}
cylinder {
	<25.962765, 37.284523, 33.430584>,  <25.742126, 37.618046, 33.421608>, 0.100000
	pigment { color rgbt <1,0,0,0> }
	no_shadow
}

// particle -1
sphere {
	<25.962765, 37.284523, 33.430584> 0.100000
	pigment { color rgbt <1,0,0,0> }
	no_shadow
}
sphere {
	0, 1
	scale<0.080000,0.200000,0.300000>
	matrix <-0.442428, -0.269666, 0.855300,
		-0.707107, -0.481706, -0.517647,
		0.551595, -0.833810, 0.022437,
		26.128242, 37.034382, 33.437317>
	pigment { color rgbt <0,1,1,0> }
	no_shadow
}
cylinder {
	<25.299255, 37.111801, 33.640965>,  <25.742126, 37.618046, 33.421608>, 0.130000
	pigment { color rgbt <1,0,0,0> }
	no_shadow
}

// nucleotide -1

// particle -1
sphere {
	<25.299255, 37.111801, 33.640965> 0.250000
	pigment { color rgbt <1,0,0,0> }
	no_shadow
}
cylinder {
	<25.647648, 36.934620, 33.725990>,  <25.856684, 36.828312, 33.777004>, 0.100000
	pigment { color rgbt <1,0,0,0> }
	no_shadow
}
cylinder {
	<25.647648, 36.934620, 33.725990>,  <25.299255, 37.111801, 33.640965>, 0.100000
	pigment { color rgbt <1,0,0,0> }
	no_shadow
}

// particle -1
sphere {
	<25.647648, 36.934620, 33.725990> 0.100000
	pigment { color rgbt <1,0,0,0> }
	no_shadow
}
sphere {
	0, 1
	scale<0.080000,0.200000,0.300000>
	matrix <-0.339517, -0.229906, 0.912070,
		-0.355138, -0.866564, -0.350635,
		0.870980, -0.442957, 0.212565,
		25.908941, 36.801731, 33.789761>
	pigment { color rgbt <0,1,1,0> }
	no_shadow
}
cylinder {
	<25.105492, 36.396904, 33.930023>,  <25.299255, 37.111801, 33.640965>, 0.130000
	pigment { color rgbt <1,0,0,0> }
	no_shadow
}

// nucleotide -1

// particle -1
sphere {
	<25.105492, 36.396904, 33.930023> 0.250000
	pigment { color rgbt <1,0,0,0> }
	no_shadow
}
cylinder {
	<25.479740, 36.465149, 34.053635>,  <25.704290, 36.506096, 34.127804>, 0.100000
	pigment { color rgbt <1,0,0,0> }
	no_shadow
}
cylinder {
	<25.479740, 36.465149, 34.053635>,  <25.105492, 36.396904, 33.930023>, 0.100000
	pigment { color rgbt <1,0,0,0> }
	no_shadow
}

// particle -1
sphere {
	<25.479740, 36.465149, 34.053635> 0.100000
	pigment { color rgbt <1,0,0,0> }
	no_shadow
}
sphere {
	0, 1
	scale<0.080000,0.200000,0.300000>
	matrix <-0.286792, -0.143038, 0.947254,
		0.205816, -0.974901, -0.084899,
		0.935623, 0.170612, 0.309033,
		25.760427, 36.516331, 34.146343>
	pigment { color rgbt <0,1,1,0> }
	no_shadow
}
cylinder {
	<25.596851, 35.761154, 34.029938>,  <25.105492, 36.396904, 33.930023>, 0.130000
	pigment { color rgbt <1,0,0,0> }
	no_shadow
}

// nucleotide -1

// particle -1
sphere {
	<25.596851, 35.761154, 34.029938> 0.250000
	pigment { color rgbt <1,0,0,0> }
	no_shadow
}
cylinder {
	<25.899725, 36.000214, 34.135376>,  <26.081450, 36.143650, 34.198639>, 0.100000
	pigment { color rgbt <1,0,0,0> }
	no_shadow
}
cylinder {
	<25.899725, 36.000214, 34.135376>,  <25.596851, 35.761154, 34.029938>, 0.100000
	pigment { color rgbt <1,0,0,0> }
	no_shadow
}

// particle -1
sphere {
	<25.899725, 36.000214, 34.135376> 0.100000
	pigment { color rgbt <1,0,0,0> }
	no_shadow
}
sphere {
	0, 1
	scale<0.080000,0.200000,0.300000>
	matrix <-0.090579, -0.303574, 0.948493,
		0.646890, -0.742060, -0.175727,
		0.757185, 0.597653, 0.263593,
		26.126881, 36.179508, 34.214455>
	pigment { color rgbt <0,1,1,0> }
	no_shadow
}
cylinder {
	<25.948050, 35.398499, 34.464657>,  <25.596851, 35.761154, 34.029938>, 0.130000
	pigment { color rgbt <1,0,0,0> }
	no_shadow
}

// nucleotide -1

// particle -1
sphere {
	<25.948050, 35.398499, 34.464657> 0.250000
	pigment { color rgbt <1,0,0,0> }
	no_shadow
}
cylinder {
	<26.031580, 35.776421, 34.565639>,  <26.081697, 36.003174, 34.626228>, 0.100000
	pigment { color rgbt <1,0,0,0> }
	no_shadow
}
cylinder {
	<26.031580, 35.776421, 34.565639>,  <25.948050, 35.398499, 34.464657>, 0.100000
	pigment { color rgbt <1,0,0,0> }
	no_shadow
}

// particle -1
sphere {
	<26.031580, 35.776421, 34.565639> 0.100000
	pigment { color rgbt <1,0,0,0> }
	no_shadow
}
sphere {
	0, 1
	scale<0.080000,0.200000,0.300000>
	matrix <-0.015996, -0.254811, 0.966859,
		0.977822, -0.205944, -0.038098,
		0.208827, 0.944806, 0.252454,
		26.094229, 36.059864, 34.641376>
	pigment { color rgbt <0,1,1,0> }
	no_shadow
}
cylinder {
	<26.526331, 35.333546, 34.836346>,  <25.948050, 35.398499, 34.464657>, 0.130000
	pigment { color rgbt <1,0,0,0> }
	no_shadow
}

// nucleotide -1

// particle -1
sphere {
	<26.526331, 35.333546, 34.836346> 0.250000
	pigment { color rgbt <1,0,0,0> }
	no_shadow
}
cylinder {
	<26.415026, 35.703682, 34.939354>,  <26.348244, 35.925762, 35.001160>, 0.100000
	pigment { color rgbt <1,0,0,0> }
	no_shadow
}
cylinder {
	<26.415026, 35.703682, 34.939354>,  <26.526331, 35.333546, 34.836346>, 0.100000
	pigment { color rgbt <1,0,0,0> }
	no_shadow
}

// particle -1
sphere {
	<26.415026, 35.703682, 34.939354> 0.100000
	pigment { color rgbt <1,0,0,0> }
	no_shadow
}
sphere {
	0, 1
	scale<0.080000,0.200000,0.300000>
	matrix <0.043341, -0.255744, 0.965773,
		0.959527, 0.279899, 0.031059,
		-0.278262, 0.925339, 0.257524,
		26.331547, 35.981285, 35.016613>
	pigment { color rgbt <0,1,1,0> }
	no_shadow
}
cylinder {
	<26.927851, 35.621861, 35.411194>,  <26.526331, 35.333546, 34.836346>, 0.130000
	pigment { color rgbt <1,0,0,0> }
	no_shadow
}

// nucleotide -1

// particle -1
sphere {
	<26.927851, 35.621861, 35.411194> 0.250000
	pigment { color rgbt <1,0,0,0> }
	no_shadow
}
cylinder {
	<26.559378, 35.776424, 35.429550>,  <26.338293, 35.869164, 35.440563>, 0.100000
	pigment { color rgbt <1,0,0,0> }
	no_shadow
}
cylinder {
	<26.559378, 35.776424, 35.429550>,  <26.927851, 35.621861, 35.411194>, 0.100000
	pigment { color rgbt <1,0,0,0> }
	no_shadow
}

// particle -1
sphere {
	<26.559378, 35.776424, 35.429550> 0.100000
	pigment { color rgbt <1,0,0,0> }
	no_shadow
}
sphere {
	0, 1
	scale<0.080000,0.200000,0.300000>
	matrix <0.005072, -0.106010, 0.994352,
		0.389094, 0.916214, 0.095695,
		-0.921184, 0.386411, 0.045895,
		26.283022, 35.892349, 35.443317>
	pigment { color rgbt <0,1,1,0> }
	no_shadow
}
cylinder {
	<27.280102, 36.085117, 35.773430>,  <26.927851, 35.621861, 35.411194>, 0.130000
	pigment { color rgbt <1,0,0,0> }
	no_shadow
}

// nucleotide -1

// particle -1
sphere {
	<27.280102, 36.085117, 35.773430> 0.250000
	pigment { color rgbt <1,0,0,0> }
	no_shadow
}
cylinder {
	<26.901222, 36.196228, 35.709358>,  <26.673895, 36.262894, 35.670914>, 0.100000
	pigment { color rgbt <1,0,0,0> }
	no_shadow
}
cylinder {
	<26.901222, 36.196228, 35.709358>,  <27.280102, 36.085117, 35.773430>, 0.100000
	pigment { color rgbt <1,0,0,0> }
	no_shadow
}

// particle -1
sphere {
	<26.901222, 36.196228, 35.709358> 0.100000
	pigment { color rgbt <1,0,0,0> }
	no_shadow
}
sphere {
	0, 1
	scale<0.080000,0.200000,0.300000>
	matrix <-0.126294, 0.135982, 0.982629,
		0.294733, 0.950973, -0.093720,
		-0.947197, 0.277777, -0.160180,
		26.617064, 36.279560, 35.661304>
	pigment { color rgbt <0,1,1,0> }
	no_shadow
}
cylinder {
	<27.273523, 36.782528, 36.058483>,  <27.280102, 36.085117, 35.773430>, 0.130000
	pigment { color rgbt <1,0,0,0> }
	no_shadow
}

// nucleotide -1

// particle -1
sphere {
	<27.273523, 36.782528, 36.058483> 0.250000
	pigment { color rgbt <1,0,0,0> }
	no_shadow
}
cylinder {
	<26.918459, 36.600582, 36.029743>,  <26.705421, 36.491417, 36.012501>, 0.100000
	pigment { color rgbt <1,0,0,0> }
	no_shadow
}
cylinder {
	<26.918459, 36.600582, 36.029743>,  <27.273523, 36.782528, 36.058483>, 0.100000
	pigment { color rgbt <1,0,0,0> }
	no_shadow
}

// particle -1
sphere {
	<26.918459, 36.600582, 36.029743> 0.100000
	pigment { color rgbt <1,0,0,0> }
	no_shadow
}
sphere {
	0, 1
	scale<0.080000,0.200000,0.300000>
	matrix <-0.094651, 0.027526, 0.995130,
		-0.450670, 0.890136, -0.067487,
		-0.887659, -0.454863, -0.071847,
		26.652161, 36.464123, 36.008190>
	pigment { color rgbt <0,1,1,0> }
	no_shadow
}
cylinder {
	<27.722342, 36.913960, 36.559631>,  <27.273523, 36.782528, 36.058483>, 0.130000
	pigment { color rgbt <1,0,0,0> }
	no_shadow
}

// nucleotide -1

// particle -1
sphere {
	<27.722342, 36.913960, 36.559631> 0.250000
	pigment { color rgbt <1,0,0,0> }
	no_shadow
}
cylinder {
	<27.946653, 36.873695, 36.230904>,  <28.081242, 36.849537, 36.033665>, 0.100000
	pigment { color rgbt <1,0,0,0> }
	no_shadow
}
cylinder {
	<27.946653, 36.873695, 36.230904>,  <27.722342, 36.913960, 36.559631>, 0.100000
	pigment { color rgbt <1,0,0,0> }
	no_shadow
}

// particle -1
sphere {
	<27.946653, 36.873695, 36.230904> 0.100000
	pigment { color rgbt <1,0,0,0> }
	no_shadow
}
sphere {
	0, 1
	scale<0.080000,0.200000,0.300000>
	matrix <-0.696120, 0.480068, -0.533809,
		0.448265, 0.871436, 0.199141,
		0.560782, -0.100661, -0.821822,
		28.114887, 36.843498, 35.984356>
	pigment { color rgbt <0,1,1,0> }
	no_shadow
}
cylinder {
	<27.270254, 37.528557, 36.403095>,  <27.722342, 36.913960, 36.559631>, 0.130000
	pigment { color rgbt <1,0,0,0> }
	no_shadow
}

// nucleotide -1

// particle -1
sphere {
	<27.270254, 37.528557, 36.403095> 0.250000
	pigment { color rgbt <1,0,0,0> }
	no_shadow
}
cylinder {
	<27.388348, 37.329933, 36.076595>,  <27.459204, 37.210758, 35.880695>, 0.100000
	pigment { color rgbt <1,0,0,0> }
	no_shadow
}
cylinder {
	<27.388348, 37.329933, 36.076595>,  <27.270254, 37.528557, 36.403095>, 0.100000
	pigment { color rgbt <1,0,0,0> }
	no_shadow
}

// particle -1
sphere {
	<27.388348, 37.329933, 36.076595> 0.100000
	pigment { color rgbt <1,0,0,0> }
	no_shadow
}
sphere {
	0, 1
	scale<0.080000,0.200000,0.300000>
	matrix <0.470248, -0.668169, 0.576556,
		-0.831688, -0.554059, 0.036240,
		0.295232, -0.496557, -0.816253,
		27.476917, 37.180965, 35.831718>
	pigment { color rgbt <0,1,1,0> }
	no_shadow
}
cylinder {
	<27.746788, 38.125248, 36.585281>,  <27.270254, 37.528557, 36.403095>, 0.130000
	pigment { color rgbt <1,0,0,0> }
	no_shadow
}

// nucleotide -1

// particle -1
sphere {
	<27.746788, 38.125248, 36.585281> 0.250000
	pigment { color rgbt <1,0,0,0> }
	no_shadow
}
cylinder {
	<27.490929, 38.402054, 36.451439>,  <27.337412, 38.568138, 36.371136>, 0.100000
	pigment { color rgbt <1,0,0,0> }
	no_shadow
}
cylinder {
	<27.490929, 38.402054, 36.451439>,  <27.746788, 38.125248, 36.585281>, 0.100000
	pigment { color rgbt <1,0,0,0> }
	no_shadow
}

// particle -1
sphere {
	<27.490929, 38.402054, 36.451439> 0.100000
	pigment { color rgbt <1,0,0,0> }
	no_shadow
}
sphere {
	0, 1
	scale<0.080000,0.200000,0.300000>
	matrix <-0.146592, 0.317492, 0.936861,
		0.754559, 0.648314, -0.101639,
		-0.639650, 0.692017, -0.334604,
		27.299034, 38.609657, 36.351059>
	pigment { color rgbt <0,1,1,0> }
	no_shadow
}
cylinder {
	<28.501064, 38.023869, 36.693760>,  <27.746788, 38.125248, 36.585281>, 0.130000
	pigment { color rgbt <1,0,0,0> }
	no_shadow
}

// nucleotide -1

// particle -1
sphere {
	<28.501064, 38.023869, 36.693760> 0.250000
	pigment { color rgbt <1,0,0,0> }
	no_shadow
}
cylinder {
	<28.725170, 38.115791, 37.012077>,  <28.859632, 38.170944, 37.203068>, 0.100000
	pigment { color rgbt <1,0,0,0> }
	no_shadow
}
cylinder {
	<28.725170, 38.115791, 37.012077>,  <28.501064, 38.023869, 36.693760>, 0.100000
	pigment { color rgbt <1,0,0,0> }
	no_shadow
}

// particle -1
sphere {
	<28.725170, 38.115791, 37.012077> 0.100000
	pigment { color rgbt <1,0,0,0> }
	no_shadow
}
sphere {
	0, 1
	scale<0.080000,0.200000,0.300000>
	matrix <0.415701, 0.752983, -0.510106,
		-0.716448, 0.616608, 0.326338,
		0.560263, 0.229805, 0.795798,
		28.893250, 38.184734, 37.250816>
	pigment { color rgbt <0,1,1,0> }
	no_shadow
}
cylinder {
	<28.397291, 38.653725, 36.879005>,  <28.501064, 38.023869, 36.693760>, 0.130000
	pigment { color rgbt <1,0,0,0> }
	no_shadow
}

// nucleotide -1

// particle -1
sphere {
	<28.397291, 38.653725, 36.879005> 0.250000
	pigment { color rgbt <1,0,0,0> }
	no_shadow
}
cylinder {
	<28.774221, 38.593925, 36.998791>,  <29.000380, 38.558044, 37.070660>, 0.100000
	pigment { color rgbt <1,0,0,0> }
	no_shadow
}
cylinder {
	<28.774221, 38.593925, 36.998791>,  <28.397291, 38.653725, 36.879005>, 0.100000
	pigment { color rgbt <1,0,0,0> }
	no_shadow
}

// particle -1
sphere {
	<28.774221, 38.593925, 36.998791> 0.100000
	pigment { color rgbt <1,0,0,0> }
	no_shadow
}
sphere {
	0, 1
	scale<0.080000,0.200000,0.300000>
	matrix <0.282009, 0.836515, -0.469801,
		-0.180268, 0.527155, 0.830428,
		0.942324, -0.149498, 0.299459,
		29.056919, 38.549076, 37.088627>
	pigment { color rgbt <0,1,1,0> }
	no_shadow
}
cylinder {
	<28.648466, 39.284073, 37.216347>,  <28.397291, 38.653725, 36.879005>, 0.130000
	pigment { color rgbt <1,0,0,0> }
	no_shadow
}

// nucleotide -1

// particle -1
sphere {
	<28.648466, 39.284073, 37.216347> 0.250000
	pigment { color rgbt <1,0,0,0> }
	no_shadow
}
cylinder {
	<28.944681, 39.062031, 37.064838>,  <29.122410, 38.928806, 36.973934>, 0.100000
	pigment { color rgbt <1,0,0,0> }
	no_shadow
}
cylinder {
	<28.944681, 39.062031, 37.064838>,  <28.648466, 39.284073, 37.216347>, 0.100000
	pigment { color rgbt <1,0,0,0> }
	no_shadow
}

// particle -1
sphere {
	<28.944681, 39.062031, 37.064838> 0.100000
	pigment { color rgbt <1,0,0,0> }
	no_shadow
}
sphere {
	0, 1
	scale<0.080000,0.200000,0.300000>
	matrix <0.377346, 0.809867, -0.449139,
		0.556070, 0.189677, 0.809202,
		0.740538, -0.555102, -0.378769,
		29.166843, 38.895500, 36.951206>
	pigment { color rgbt <0,1,1,0> }
	no_shadow
}
cylinder {
	<29.248400, 39.563702, 37.432220>,  <28.648466, 39.284073, 37.216347>, 0.130000
	pigment { color rgbt <1,0,0,0> }
	no_shadow
}

// nucleotide -1

// particle -1
sphere {
	<29.248400, 39.563702, 37.432220> 0.250000
	pigment { color rgbt <1,0,0,0> }
	no_shadow
}
cylinder {
	<29.318951, 39.365265, 37.092152>,  <29.361280, 39.246204, 36.888111>, 0.100000
	pigment { color rgbt <1,0,0,0> }
	no_shadow
}
cylinder {
	<29.318951, 39.365265, 37.092152>,  <29.248400, 39.563702, 37.432220>, 0.100000
	pigment { color rgbt <1,0,0,0> }
	no_shadow
}

// particle -1
sphere {
	<29.318951, 39.365265, 37.092152> 0.100000
	pigment { color rgbt <1,0,0,0> }
	no_shadow
}
sphere {
	0, 1
	scale<0.080000,0.200000,0.300000>
	matrix <0.284217, 0.852588, -0.438536,
		0.942397, -0.164285, 0.291375,
		0.176378, -0.496088, -0.850169,
		29.371864, 39.216438, 36.837101>
	pigment { color rgbt <0,1,1,0> }
	no_shadow
}
cylinder {
	<29.969580, 39.756290, 37.236332>,  <29.248400, 39.563702, 37.432220>, 0.130000
	pigment { color rgbt <1,0,0,0> }
	no_shadow
}

// nucleotide -1

// particle -1
sphere {
	<29.969580, 39.756290, 37.236332> 0.250000
	pigment { color rgbt <1,0,0,0> }
	no_shadow
}
cylinder {
	<29.793692, 39.621769, 36.903214>,  <29.688160, 39.541058, 36.703342>, 0.100000
	pigment { color rgbt <1,0,0,0> }
	no_shadow
}
cylinder {
	<29.793692, 39.621769, 36.903214>,  <29.969580, 39.756290, 37.236332>, 0.100000
	pigment { color rgbt <1,0,0,0> }
	no_shadow
}

// particle -1
sphere {
	<29.793692, 39.621769, 36.903214> 0.100000
	pigment { color rgbt <1,0,0,0> }
	no_shadow
}
sphere {
	0, 1
	scale<0.080000,0.200000,0.300000>
	matrix <0.423777, 0.739850, -0.522527,
		0.791872, -0.582684, -0.182806,
		-0.439717, -0.336305, -0.832795,
		29.661776, 39.520878, 36.653374>
	pigment { color rgbt <0,1,1,0> }
	no_shadow
}
cylinder {
	<30.111349, 40.234978, 36.697826>,  <29.969580, 39.756290, 37.236332>, 0.130000
	pigment { color rgbt <1,0,0,0> }
	no_shadow
}

// nucleotide -1

// particle -1
sphere {
	<30.111349, 40.234978, 36.697826> 0.250000
	pigment { color rgbt <1,0,0,0> }
	no_shadow
}
cylinder {
	<29.895460, 39.964443, 36.497322>,  <29.765926, 39.802120, 36.377018>, 0.100000
	pigment { color rgbt <1,0,0,0> }
	no_shadow
}
cylinder {
	<29.895460, 39.964443, 36.497322>,  <30.111349, 40.234978, 36.697826>, 0.100000
	pigment { color rgbt <1,0,0,0> }
	no_shadow
}

// particle -1
sphere {
	<29.895460, 39.964443, 36.497322> 0.100000
	pigment { color rgbt <1,0,0,0> }
	no_shadow
}
sphere {
	0, 1
	scale<0.080000,0.200000,0.300000>
	matrix <0.269216, 0.425501, -0.863986,
		0.797635, -0.601261, -0.047572,
		-0.539723, -0.676338, -0.501264,
		29.733543, 39.761543, 36.346943>
	pigment { color rgbt <0,1,1,0> }
	no_shadow
}
cylinder {
	<30.477077, 40.063217, 36.112644>,  <30.111349, 40.234978, 36.697826>, 0.130000
	pigment { color rgbt <1,0,0,0> }
	no_shadow
}

// nucleotide -1

// particle -1
sphere {
	<30.477077, 40.063217, 36.112644> 0.250000
	pigment { color rgbt <1,0,0,0> }
	no_shadow
}
cylinder {
	<30.095901, 39.995079, 36.012337>,  <29.867195, 39.954197, 35.952152>, 0.100000
	pigment { color rgbt <1,0,0,0> }
	no_shadow
}
cylinder {
	<30.095901, 39.995079, 36.012337>,  <30.477077, 40.063217, 36.112644>, 0.100000
	pigment { color rgbt <1,0,0,0> }
	no_shadow
}

// particle -1
sphere {
	<30.095901, 39.995079, 36.012337> 0.100000
	pigment { color rgbt <1,0,0,0> }
	no_shadow
}
sphere {
	0, 1
	scale<0.080000,0.200000,0.300000>
	matrix <0.175150, 0.365791, -0.914067,
		0.247435, -0.914975, -0.318742,
		-0.952942, -0.170345, -0.250768,
		29.810019, 39.943974, 35.937107>
	pigment { color rgbt <0,1,1,0> }
	no_shadow
}
cylinder {
	<30.551352, 39.817589, 35.453102>,  <30.477077, 40.063217, 36.112644>, 0.130000
	pigment { color rgbt <1,0,0,0> }
	no_shadow
}

// nucleotide -1

// particle -1
sphere {
	<30.551352, 39.817589, 35.453102> 0.250000
	pigment { color rgbt <1,0,0,0> }
	no_shadow
}
cylinder {
	<30.157448, 39.887154, 35.453251>,  <29.921104, 39.928894, 35.453339>, 0.100000
	pigment { color rgbt <1,0,0,0> }
	no_shadow
}
cylinder {
	<30.157448, 39.887154, 35.453251>,  <30.551352, 39.817589, 35.453102>, 0.100000
	pigment { color rgbt <1,0,0,0> }
	no_shadow
}

// particle -1
sphere {
	<30.157448, 39.887154, 35.453251> 0.100000
	pigment { color rgbt <1,0,0,0> }
	no_shadow
}
sphere {
	0, 1
	scale<0.080000,0.200000,0.300000>
	matrix <0.075083, 0.427074, -0.901094,
		-0.156870, -0.887334, -0.433624,
		-0.984761, 0.173913, 0.000371,
		29.862019, 39.939327, 35.453362>
	pigment { color rgbt <0,1,1,0> }
	no_shadow
}
cylinder {
	<30.396036, 39.607735, 34.824387>,  <30.551352, 39.817589, 35.453102>, 0.130000
	pigment { color rgbt <1,0,0,0> }
	no_shadow
}

// nucleotide -1

// particle -1
sphere {
	<30.396036, 39.607735, 34.824387> 0.250000
	pigment { color rgbt <1,0,0,0> }
	no_shadow
}
cylinder {
	<30.110725, 39.861252, 34.944077>,  <29.939539, 40.013363, 35.015892>, 0.100000
	pigment { color rgbt <1,0,0,0> }
	no_shadow
}
cylinder {
	<30.110725, 39.861252, 34.944077>,  <30.396036, 39.607735, 34.824387>, 0.100000
	pigment { color rgbt <1,0,0,0> }
	no_shadow
}

// particle -1
sphere {
	<30.110725, 39.861252, 34.944077> 0.100000
	pigment { color rgbt <1,0,0,0> }
	no_shadow
}
sphere {
	0, 1
	scale<0.080000,0.200000,0.300000>
	matrix <0.163761, 0.565820, -0.808103,
		-0.681481, -0.527401, -0.507378,
		-0.713279, 0.633795, 0.299227,
		29.896742, 40.051392, 35.033844>
	pigment { color rgbt <0,1,1,0> }
	no_shadow
}
cylinder {
	<30.235474, 39.844833, 34.072220>,  <30.396036, 39.607735, 34.824387>, 0.130000
	pigment { color rgbt <1,0,0,0> }
	no_shadow
}

// nucleotide -1

// particle -1
sphere {
	<30.235474, 39.844833, 34.072220> 0.250000
	pigment { color rgbt <1,0,0,0> }
	no_shadow
}
cylinder {
	<30.051149, 40.074036, 34.343311>,  <29.940556, 40.211555, 34.505966>, 0.100000
	pigment { color rgbt <1,0,0,0> }
	no_shadow
}
cylinder {
	<30.051149, 40.074036, 34.343311>,  <30.235474, 39.844833, 34.072220>, 0.100000
	pigment { color rgbt <1,0,0,0> }
	no_shadow
}

// particle -1
sphere {
	<30.051149, 40.074036, 34.343311> 0.100000
	pigment { color rgbt <1,0,0,0> }
	no_shadow
}
sphere {
	0, 1
	scale<0.080000,0.200000,0.300000>
	matrix <0.144822, 0.801958, -0.579560,
		-0.875603, -0.168917, -0.452534,
		-0.460811, 0.573002, 0.677733,
		29.912907, 40.245937, 34.546631>
	pigment { color rgbt <0,1,1,0> }
	no_shadow
}
cylinder {
	<30.226727, 40.241848, 33.450260>,  <30.235474, 39.844833, 34.072220>, 0.130000
	pigment { color rgbt <1,0,0,0> }
	no_shadow
}

// nucleotide -1

// particle -1
sphere {
	<30.226727, 40.241848, 33.450260> 0.250000
	pigment { color rgbt <1,0,0,0> }
	no_shadow
}
cylinder {
	<30.020657, 40.583858, 33.474018>,  <29.897015, 40.789066, 33.488274>, 0.100000
	pigment { color rgbt <1,0,0,0> }
	no_shadow
}
cylinder {
	<30.020657, 40.583858, 33.474018>,  <30.226727, 40.241848, 33.450260>, 0.100000
	pigment { color rgbt <1,0,0,0> }
	no_shadow
}

// particle -1
sphere {
	<30.020657, 40.583858, 33.474018> 0.100000
	pigment { color rgbt <1,0,0,0> }
	no_shadow
}
sphere {
	0, 1
	scale<0.080000,0.200000,0.300000>
	matrix <-0.340296, -0.267650, 0.901422,
		0.786635, 0.444178, 0.428848,
		-0.515174, 0.855026, 0.059391,
		29.866104, 40.840366, 33.491837>
	pigment { color rgbt <0,1,1,0> }
	no_shadow
}
cylinder {
	<30.382160, 40.638744, 34.006828>,  <30.226727, 40.241848, 33.450260>, 0.130000
	pigment { color rgbt <1,0,0,0> }
	no_shadow
}

// nucleotide -1

// particle -1
sphere {
	<30.382160, 40.638744, 34.006828> 0.250000
	pigment { color rgbt <1,0,0,0> }
	no_shadow
}
cylinder {
	<30.016909, 40.778622, 33.923012>,  <29.797758, 40.862549, 33.872723>, 0.100000
	pigment { color rgbt <1,0,0,0> }
	no_shadow
}
cylinder {
	<30.016909, 40.778622, 33.923012>,  <30.382160, 40.638744, 34.006828>, 0.100000
	pigment { color rgbt <1,0,0,0> }
	no_shadow
}

// particle -1
sphere {
	<30.016909, 40.778622, 33.923012> 0.100000
	pigment { color rgbt <1,0,0,0> }
	no_shadow
}
sphere {
	0, 1
	scale<0.080000,0.200000,0.300000>
	matrix <-0.283316, -0.174755, 0.942970,
		0.293127, 0.920423, 0.258647,
		-0.913131, 0.349689, -0.209545,
		29.742970, 40.883530, 33.860149>
	pigment { color rgbt <0,1,1,0> }
	no_shadow
}
cylinder {
	<30.158356, 41.174831, 34.571743>,  <30.382160, 40.638744, 34.006828>, 0.130000
	pigment { color rgbt <1,0,0,0> }
	no_shadow
}

// nucleotide -1

// particle -1
sphere {
	<30.158356, 41.174831, 34.571743> 0.250000
	pigment { color rgbt <1,0,0,0> }
	no_shadow
}
cylinder {
	<29.885744, 40.940865, 34.395836>,  <29.722178, 40.800484, 34.290291>, 0.100000
	pigment { color rgbt <1,0,0,0> }
	no_shadow
}
cylinder {
	<29.885744, 40.940865, 34.395836>,  <30.158356, 41.174831, 34.571743>, 0.100000
	pigment { color rgbt <1,0,0,0> }
	no_shadow
}

// particle -1
sphere {
	<29.885744, 40.940865, 34.395836> 0.100000
	pigment { color rgbt <1,0,0,0> }
	no_shadow
}
sphere {
	0, 1
	scale<0.080000,0.200000,0.300000>
	matrix <-0.355134, -0.261082, 0.897617,
		-0.639844, 0.767928, -0.029788,
		-0.681528, -0.584913, -0.439769,
		29.681286, 40.765392, 34.263905>
	pigment { color rgbt <0,1,1,0> }
	no_shadow
}
cylinder {
	<29.583744, 41.286678, 34.978146>,  <30.158356, 41.174831, 34.571743>, 0.130000
	pigment { color rgbt <1,0,0,0> }
	no_shadow
}

// nucleotide -1

// particle -1
sphere {
	<29.583744, 41.286678, 34.978146> 0.250000
	pigment { color rgbt <1,0,0,0> }
	no_shadow
}
cylinder {
	<29.575781, 40.915630, 34.828945>,  <29.571003, 40.693001, 34.739426>, 0.100000
	pigment { color rgbt <1,0,0,0> }
	no_shadow
}
cylinder {
	<29.575781, 40.915630, 34.828945>,  <29.583744, 41.286678, 34.978146>, 0.100000
	pigment { color rgbt <1,0,0,0> }
	no_shadow
}

// particle -1
sphere {
	<29.575781, 40.915630, 34.828945> 0.100000
	pigment { color rgbt <1,0,0,0> }
	no_shadow
}
sphere {
	0, 1
	scale<0.080000,0.200000,0.300000>
	matrix <-0.212110, -0.360666, 0.908256,
