// switches for output
#declare DRAW_BASES = 1; // possible values are 0, 1; only relevant for DNA ribbons
#declare DRAW_BASES_TYPE = 3; // possible values are 1, 2, 3; only relevant for DNA ribbons
#declare DRAW_FOG = 0; // set to 1 to enable fog

#include "colors.inc"

#include "transforms.inc"
background { rgb <1, 1, 1>}

#default {
   normal{
       ripples 0.25
       frequency 0.20
       turbulence 0.2
       lambda 5
   }
	finish {
		phong 0.1
		phong_size 40.
	}
}

// original window dimensions: 1024x640


// camera settings

camera {
	sky <0, 0.179814, -0.983701>
	up <0, 0.179814, -0.983701>
	right 1.6 * <1, 0, 0>
	location <35, 94.9851, 44.8844>
	look_at <35, 29.7336, 32.9568>
	direction <0, -65.2515, -11.9276>
	angle 67.0682
}


# declare cpy_camera_pos = <35, 94.9851, 44.8844>;
# if (DRAW_FOG = 1)
fog {
	fog_type 2
	up vnormalize(cpy_camera_pos)
	color rgbt<1,1,1,0.3>
	distance 1e-5
	fog_alt 3e-3
	fog_offset 56
}
# end


// LIGHTS

# declare lum = 6;
global_settings {
	ambient_light rgb lum * <0.05, 0.05, 0.05>
	max_trace_level 15
}# declare cpy_direct_light_amount = 0.25;
light_source
{	1000 * <-1, -1.16352, -0.803886>,
	rgb lum * cpy_direct_light_amount
	parallel
}

light_source
{	1000 * <1, 1.16352, 0.803886>,
	rgb lum * cpy_direct_light_amount
	parallel
}

// strand 0

// nucleotide -1

// particle -1
sphere {
	<24.401876, 35.217297, 35.145416> 0.250000
	pigment { color rgbt <1,0,0,0> }
	no_shadow
}
cylinder {
	<24.141865, 34.941517, 35.017590>,  <23.985857, 34.776051, 34.940891>, 0.100000
	pigment { color rgbt <1,0,0,0> }
	no_shadow
}
cylinder {
	<24.141865, 34.941517, 35.017590>,  <24.401876, 35.217297, 35.145416>, 0.100000
	pigment { color rgbt <1,0,0,0> }
	no_shadow
}

// particle -1
sphere {
	<24.141865, 34.941517, 35.017590> 0.100000
	pigment { color rgbt <1,0,0,0> }
	no_shadow
}
sphere {
	0, 1
	scale<0.080000,0.200000,0.300000>
	matrix <-0.681355, 0.342580, 0.646835,
		-0.336480, 0.638202, -0.692445,
		-0.650029, -0.689447, -0.319571,
		23.946856, 34.734684, 34.921719>
	pigment { color rgbt <0,1,1,0> }
	no_shadow
}
cylinder {
	<24.917820, 34.729824, 34.722744>,  <24.401876, 35.217297, 35.145416>, 0.130000
	pigment { color rgbt <1,0,0,0> }
	no_shadow
}

// nucleotide -1

// particle -1
sphere {
	<24.917820, 34.729824, 34.722744> 0.250000
	pigment { color rgbt <1,0,0,0> }
	no_shadow
}
cylinder {
	<25.305708, 34.808285, 34.780945>,  <25.538441, 34.855362, 34.815865>, 0.100000
	pigment { color rgbt <1,0,0,0> }
	no_shadow
}
cylinder {
	<25.305708, 34.808285, 34.780945>,  <24.917820, 34.729824, 34.722744>, 0.100000
	pigment { color rgbt <1,0,0,0> }
	no_shadow
}

// particle -1
sphere {
	<25.305708, 34.808285, 34.780945> 0.100000
	pigment { color rgbt <1,0,0,0> }
	no_shadow
}
sphere {
	0, 1
	scale<0.080000,0.200000,0.300000>
	matrix <0.240406, -0.661754, -0.710132,
		-0.043005, 0.723608, -0.688870,
		0.969719, 0.196148, 0.145501,
		25.596624, 34.867130, 34.824596>
	pigment { color rgbt <0,1,1,0> }
	no_shadow
}
cylinder {
	<25.217800, 34.914341, 34.062862>,  <24.917820, 34.729824, 34.722744>, 0.130000
	pigment { color rgbt <1,0,0,0> }
	no_shadow
}

// nucleotide -1

// particle -1
sphere {
	<25.217800, 34.914341, 34.062862> 0.250000
	pigment { color rgbt <1,0,0,0> }
	no_shadow
}
cylinder {
	<25.531750, 34.790596, 34.277626>,  <25.720119, 34.716351, 34.406483>, 0.100000
	pigment { color rgbt <1,0,0,0> }
	no_shadow
}
cylinder {
	<25.531750, 34.790596, 34.277626>,  <25.217800, 34.914341, 34.062862>, 0.100000
	pigment { color rgbt <1,0,0,0> }
	no_shadow
}

// particle -1
sphere {
	<25.531750, 34.790596, 34.277626> 0.100000
	pigment { color rgbt <1,0,0,0> }
	no_shadow
}
sphere {
	0, 1
	scale<0.080000,0.200000,0.300000>
	matrix <0.220062, -0.670823, -0.708216,
		0.579262, 0.674014, -0.458434,
		0.784875, -0.309358, 0.536907,
		25.767212, 34.697788, 34.438698>
	pigment { color rgbt <0,1,1,0> }
	no_shadow
}
cylinder {
	<25.863138, 34.877941, 33.605404>,  <25.217800, 34.914341, 34.062862>, 0.130000
	pigment { color rgbt <1,0,0,0> }
	no_shadow
}

// nucleotide -1

// particle -1
sphere {
	<25.863138, 34.877941, 33.605404> 0.250000
	pigment { color rgbt <1,0,0,0> }
	no_shadow
}
cylinder {
	<25.986752, 34.644859, 33.906059>,  <26.060919, 34.505009, 34.086452>, 0.100000
	pigment { color rgbt <1,0,0,0> }
	no_shadow
}
cylinder {
	<25.986752, 34.644859, 33.906059>,  <25.863138, 34.877941, 33.605404>, 0.100000
	pigment { color rgbt <1,0,0,0> }
	no_shadow
}

// particle -1
sphere {
	<25.986752, 34.644859, 33.906059> 0.100000
	pigment { color rgbt <1,0,0,0> }
	no_shadow
}
sphere {
	0, 1
	scale<0.080000,0.200000,0.300000>
	matrix <0.464304, -0.597299, -0.653954,
		0.830012, 0.551080, 0.085967,
		0.309033, -0.582704, 0.751634,
		26.079462, 34.470047, 34.131550>
	pigment { color rgbt <0,1,1,0> }
	no_shadow
}
cylinder {
	<26.643927, 34.890015, 33.570572>,  <25.863138, 34.877941, 33.605404>, 0.130000
	pigment { color rgbt <1,0,0,0> }
	no_shadow
}

// nucleotide -1

// particle -1
sphere {
	<26.643927, 34.890015, 33.570572> 0.250000
	pigment { color rgbt <1,0,0,0> }
	no_shadow
}
cylinder {
	<26.409670, 34.588093, 33.688747>,  <26.269115, 34.406940, 33.759655>, 0.100000
	pigment { color rgbt <1,0,0,0> }
	no_shadow
}
cylinder {
	<26.409670, 34.588093, 33.688747>,  <26.643927, 34.890015, 33.570572>, 0.100000
	pigment { color rgbt <1,0,0,0> }
	no_shadow
}

// particle -1
sphere {
	<26.409670, 34.588093, 33.688747> 0.100000
	pigment { color rgbt <1,0,0,0> }
	no_shadow
}
sphere {
	0, 1
	scale<0.080000,0.200000,0.300000>
	matrix <0.415697, -0.592588, -0.689953,
		0.695858, -0.281252, 0.660817,
		-0.585643, -0.754809, 0.295442,
		26.233976, 34.361649, 33.777378>
	pigment { color rgbt <0,1,1,0> }
	no_shadow
}
cylinder {
	<27.066128, 34.360542, 33.788918>,  <26.643927, 34.890015, 33.570572>, 0.130000
	pigment { color rgbt <1,0,0,0> }
	no_shadow
}

// nucleotide -1

// particle -1
sphere {
	<27.066128, 34.360542, 33.788918> 0.250000
	pigment { color rgbt <1,0,0,0> }
	no_shadow
}
cylinder {
	<26.722515, 34.204994, 33.655743>,  <26.516348, 34.111668, 33.575840>, 0.100000
	pigment { color rgbt <1,0,0,0> }
	no_shadow
}
cylinder {
	<26.722515, 34.204994, 33.655743>,  <27.066128, 34.360542, 33.788918>, 0.100000
	pigment { color rgbt <1,0,0,0> }
	no_shadow
}

// particle -1
sphere {
	<26.722515, 34.204994, 33.655743> 0.100000
	pigment { color rgbt <1,0,0,0> }
	no_shadow
}
sphere {
	0, 1
	scale<0.080000,0.200000,0.300000>
	matrix <0.506874, -0.555018, -0.659571,
		0.071703, -0.735348, 0.673885,
		-0.859033, -0.388868, -0.332933,
		26.464806, 34.088333, 33.555862>
	pigment { color rgbt <0,1,1,0> }
	no_shadow
}
cylinder {
	<27.131443, 33.585220, 33.741520>,  <27.066128, 34.360542, 33.788918>, 0.130000
	pigment { color rgbt <1,0,0,0> }
	no_shadow
}

// nucleotide -1

// particle -1
sphere {
	<27.131443, 33.585220, 33.741520> 0.250000
	pigment { color rgbt <1,0,0,0> }
	no_shadow
}
cylinder {
	<26.836687, 33.653282, 33.479820>,  <26.659834, 33.694118, 33.322800>, 0.100000
	pigment { color rgbt <1,0,0,0> }
	no_shadow
}
cylinder {
	<26.836687, 33.653282, 33.479820>,  <27.131443, 33.585220, 33.741520>, 0.100000
	pigment { color rgbt <1,0,0,0> }
	no_shadow
}

// particle -1
sphere {
	<26.836687, 33.653282, 33.479820> 0.100000
	pigment { color rgbt <1,0,0,0> }
	no_shadow
}
sphere {
	0, 1
	scale<0.080000,0.200000,0.300000>
	matrix <0.491160, -0.530229, -0.691100,
		-0.464494, -0.830605, 0.307149,
		-0.736890, 0.170153, -0.654248,
		26.615620, 33.704330, 33.283546>
	pigment { color rgbt <0,1,1,0> }
	no_shadow
}
cylinder {
	<27.105734, 32.892517, 33.423843>,  <27.131443, 33.585220, 33.741520>, 0.130000
	pigment { color rgbt <1,0,0,0> }
	no_shadow
}

// nucleotide -1

// particle -1
sphere {
	<27.105734, 32.892517, 33.423843> 0.250000
	pigment { color rgbt <1,0,0,0> }
	no_shadow
}
cylinder {
	<26.922518, 33.177437, 33.211121>,  <26.812588, 33.348389, 33.083485>, 0.100000
	pigment { color rgbt <1,0,0,0> }
	no_shadow
}
cylinder {
	<26.922518, 33.177437, 33.211121>,  <27.105734, 32.892517, 33.423843>, 0.100000
	pigment { color rgbt <1,0,0,0> }
	no_shadow
}

// particle -1
sphere {
	<26.922518, 33.177437, 33.211121> 0.100000
	pigment { color rgbt <1,0,0,0> }
	no_shadow
}
sphere {
	0, 1
	scale<0.080000,0.200000,0.300000>
	matrix <0.443876, -0.335064, -0.831088,
		-0.770177, -0.616730, -0.162701,
		-0.458041, 0.712304, -0.531810,
		26.785105, 33.391129, 33.051579>
	pigment { color rgbt <0,1,1,0> }
	no_shadow
}
cylinder {
	<26.828104, 32.534538, 32.823700>,  <27.105734, 32.892517, 33.423843>, 0.130000
	pigment { color rgbt <1,0,0,0> }
	no_shadow
}

// nucleotide -1

// particle -1
sphere {
	<26.828104, 32.534538, 32.823700> 0.250000
	pigment { color rgbt <1,0,0,0> }
	no_shadow
}
cylinder {
	<26.876268, 32.928810, 32.776466>,  <26.905167, 33.165371, 32.748127>, 0.100000
	pigment { color rgbt <1,0,0,0> }
	no_shadow
}
cylinder {
	<26.876268, 32.928810, 32.776466>,  <26.828104, 32.534538, 32.823700>, 0.100000
	pigment { color rgbt <1,0,0,0> }
	no_shadow
}

// particle -1
sphere {
	<26.876268, 32.928810, 32.776466> 0.100000
	pigment { color rgbt <1,0,0,0> }
	no_shadow
}
sphere {
	0, 1
	scale<0.080000,0.200000,0.300000>
	matrix <0.538974, -0.164804, -0.826043,
		-0.833671, 0.035821, -0.551098,
		0.120413, 0.985676, -0.118085,
		26.912392, 33.224514, 32.741039>
	pigment { color rgbt <0,1,1,0> }
	no_shadow
}
cylinder {
	<26.939772, 32.593166, 32.106346>,  <26.828104, 32.534538, 32.823700>, 0.130000
	pigment { color rgbt <1,0,0,0> }
	no_shadow
}

// nucleotide -1

// particle -1
sphere {
	<26.939772, 32.593166, 32.106346> 0.250000
	pigment { color rgbt <1,0,0,0> }
	no_shadow
}
cylinder {
	<27.069984, 32.957409, 32.208195>,  <27.148111, 33.175953, 32.269302>, 0.100000
	pigment { color rgbt <1,0,0,0> }
	no_shadow
}
cylinder {
	<27.069984, 32.957409, 32.208195>,  <26.939772, 32.593166, 32.106346>, 0.100000
	pigment { color rgbt <1,0,0,0> }
	no_shadow
}

// particle -1
sphere {
	<27.069984, 32.957409, 32.208195> 0.100000
	pigment { color rgbt <1,0,0,0> }
	no_shadow
}
sphere {
	0, 1
	scale<0.080000,0.200000,0.300000>
	matrix <0.672824, -0.033882, -0.739027,
		-0.664332, 0.411893, -0.623704,
		0.325532, 0.910602, 0.254623,
		27.167645, 33.230591, 32.284580>
	pigment { color rgbt <0,1,1,0> }
	no_shadow
}
cylinder {
	<26.994967, 33.096016, 31.533524>,  <26.939772, 32.593166, 32.106346>, 0.130000
	pigment { color rgbt <1,0,0,0> }
	no_shadow
}

// nucleotide -1

// particle -1
sphere {
	<26.994967, 33.096016, 31.533524> 0.250000
	pigment { color rgbt <1,0,0,0> }
	no_shadow
}
cylinder {
	<27.229603, 33.283001, 31.798065>,  <27.370384, 33.395195, 31.956789>, 0.100000
	pigment { color rgbt <1,0,0,0> }
	no_shadow
}
cylinder {
	<27.229603, 33.283001, 31.798065>,  <26.994967, 33.096016, 31.533524>, 0.100000
	pigment { color rgbt <1,0,0,0> }
	no_shadow
}

// particle -1
sphere {
	<27.229603, 33.283001, 31.798065> 0.100000
	pigment { color rgbt <1,0,0,0> }
	no_shadow
}
sphere {
	0, 1
	scale<0.080000,0.200000,0.300000>
	matrix <0.652904, 0.210218, -0.727684,
		-0.479197, 0.858652, -0.181900,
		0.586589, 0.467467, 0.661353,
		27.405579, 33.423241, 31.996471>
	pigment { color rgbt <0,1,1,0> }
	no_shadow
}
cylinder {
	<27.272390, 33.783676, 31.188480>,  <26.994967, 33.096016, 31.533524>, 0.130000
	pigment { color rgbt <1,0,0,0> }
	no_shadow
}

// nucleotide -1

// particle -1
sphere {
	<27.272390, 33.783676, 31.188480> 0.250000
	pigment { color rgbt <1,0,0,0> }
	no_shadow
}
cylinder {
	<27.504692, 33.630127, 31.475636>,  <27.644073, 33.537998, 31.647928>, 0.100000
	pigment { color rgbt <1,0,0,0> }
	no_shadow
}
cylinder {
	<27.504692, 33.630127, 31.475636>,  <27.272390, 33.783676, 31.188480>, 0.100000
	pigment { color rgbt <1,0,0,0> }
	no_shadow
}

// particle -1
sphere {
	<27.504692, 33.630127, 31.475636> 0.100000
	pigment { color rgbt <1,0,0,0> }
	no_shadow
}
sphere {
	0, 1
	scale<0.080000,0.200000,0.300000>
	matrix <0.754766, -0.076539, -0.651514,
		0.305045, 0.920208, 0.245284,
		0.580754, -0.383873, 0.717890,
		27.678919, 33.514965, 31.691002>
	pigment { color rgbt <0,1,1,0> }
	no_shadow
}
cylinder {
	<27.929131, 34.129841, 31.283274>,  <27.272390, 33.783676, 31.188480>, 0.130000
	pigment { color rgbt <1,0,0,0> }
	no_shadow
}

// nucleotide -1

// particle -1
sphere {
	<27.929131, 34.129841, 31.283274> 0.250000
	pigment { color rgbt <1,0,0,0> }
	no_shadow
}
cylinder {
	<27.994585, 33.754089, 31.403795>,  <28.033857, 33.528637, 31.476109>, 0.100000
	pigment { color rgbt <1,0,0,0> }
	no_shadow
}
cylinder {
	<27.994585, 33.754089, 31.403795>,  <27.929131, 34.129841, 31.283274>, 0.100000
	pigment { color rgbt <1,0,0,0> }
	no_shadow
}

// particle -1
sphere {
	<27.994585, 33.754089, 31.403795> 0.100000
	pigment { color rgbt <1,0,0,0> }
	no_shadow
}
sphere {
	0, 1
	scale<0.080000,0.200000,0.300000>
	matrix <0.726129, -0.092056, -0.681368,
		0.667803, 0.330282, 0.667049,
		0.163638, -0.939383, 0.301302,
		28.043676, 33.472275, 31.494186>
	pigment { color rgbt <0,1,1,0> }
	no_shadow
}
cylinder {
	<28.600445, 33.995090, 31.642353>,  <27.929131, 34.129841, 31.283274>, 0.130000
	pigment { color rgbt <1,0,0,0> }
	no_shadow
}

// nucleotide -1

// particle -1
sphere {
	<28.600445, 33.995090, 31.642353> 0.250000
	pigment { color rgbt <1,0,0,0> }
	no_shadow
}
cylinder {
	<28.512594, 33.654385, 31.452085>,  <28.459883, 33.449963, 31.337925>, 0.100000
	pigment { color rgbt <1,0,0,0> }
	no_shadow
}
cylinder {
	<28.512594, 33.654385, 31.452085>,  <28.600445, 33.995090, 31.642353>, 0.100000
	pigment { color rgbt <1,0,0,0> }
	no_shadow
}

// particle -1
sphere {
	<28.512594, 33.654385, 31.452085> 0.100000
	pigment { color rgbt <1,0,0,0> }
	no_shadow
}
sphere {
	0, 1
	scale<0.080000,0.200000,0.300000>
	matrix <0.891201, 0.023190, -0.453016,
		0.396894, -0.523412, 0.753999,
		-0.219629, -0.851764, -0.475669,
		28.446705, 33.398857, 31.309385>
	pigment { color rgbt <0,1,1,0> }
	no_shadow
}
cylinder {
	<29.066269, 33.501911, 31.910923>,  <28.600445, 33.995090, 31.642353>, 0.130000
	pigment { color rgbt <1,0,0,0> }
	no_shadow
}

// nucleotide -1

// particle -1
sphere {
	<29.066269, 33.501911, 31.910923> 0.250000
	pigment { color rgbt <1,0,0,0> }
	no_shadow
}
cylinder {
	<28.950636, 33.464603, 31.529823>,  <28.881256, 33.442219, 31.301163>, 0.100000
	pigment { color rgbt <1,0,0,0> }
	no_shadow
}
cylinder {
	<28.950636, 33.464603, 31.529823>,  <29.066269, 33.501911, 31.910923>, 0.100000
	pigment { color rgbt <1,0,0,0> }
	no_shadow
}

// particle -1
sphere {
	<28.950636, 33.464603, 31.529823> 0.100000
	pigment { color rgbt <1,0,0,0> }
	no_shadow
}
sphere {
	0, 1
	scale<0.080000,0.200000,0.300000>
	matrix <0.946618, 0.120445, -0.299010,
		0.142641, -0.988329, 0.053468,
		-0.289081, -0.093265, -0.952751,
		28.863913, 33.436623, 31.243998>
	pigment { color rgbt <0,1,1,0> }
	no_shadow
}
cylinder {
	<28.646967, 33.895363, 32.360397>,  <29.066269, 33.501911, 31.910923>, 0.130000
	pigment { color rgbt <1,0,0,0> }
	no_shadow
}

// nucleotide -1

// particle -1
sphere {
	<28.646967, 33.895363, 32.360397> 0.250000
	pigment { color rgbt <1,0,0,0> }
	no_shadow
}
cylinder {
	<28.327570, 33.694450, 32.227654>,  <28.135933, 33.573902, 32.148006>, 0.100000
	pigment { color rgbt <1,0,0,0> }
	no_shadow
}
cylinder {
	<28.327570, 33.694450, 32.227654>,  <28.646967, 33.895363, 32.360397>, 0.100000
	pigment { color rgbt <1,0,0,0> }
	no_shadow
}

// particle -1
sphere {
	<28.327570, 33.694450, 32.227654> 0.100000
	pigment { color rgbt <1,0,0,0> }
	no_shadow
}
sphere {
	0, 1
	scale<0.080000,0.200000,0.300000>
	matrix <-0.483965, 0.207730, 0.850074,
		-0.358036, 0.839384, -0.408956,
		-0.798491, -0.502278, -0.331858,
		28.088022, 33.543766, 32.128098>
	pigment { color rgbt <0,1,1,0> }
	no_shadow
}
cylinder {
	<28.194418, 33.798672, 32.958572>,  <28.646967, 33.895363, 32.360397>, 0.130000
	pigment { color rgbt <1,0,0,0> }
	no_shadow
}

// nucleotide -1

// particle -1
sphere {
	<28.194418, 33.798672, 32.958572> 0.250000
	pigment { color rgbt <1,0,0,0> }
	no_shadow
}
cylinder {
	<27.956860, 33.715649, 32.647648>,  <27.814325, 33.665836, 32.461094>, 0.100000
	pigment { color rgbt <1,0,0,0> }
	no_shadow
}
cylinder {
	<27.956860, 33.715649, 32.647648>,  <28.194418, 33.798672, 32.958572>, 0.100000
	pigment { color rgbt <1,0,0,0> }
	no_shadow
}

// particle -1
sphere {
	<27.956860, 33.715649, 32.647648> 0.100000
	pigment { color rgbt <1,0,0,0> }
	no_shadow
}
sphere {
	0, 1
	scale<0.080000,0.200000,0.300000>
	matrix <-0.800831, 0.059817, 0.595895,
		-0.077185, 0.976393, -0.201741,
		-0.593895, -0.207555, -0.777309,
		27.778690, 33.653381, 32.414455>
	pigment { color rgbt <0,1,1,0> }
	no_shadow
}
cylinder {
	<27.548031, 34.289639, 32.860580>,  <28.194418, 33.798672, 32.958572>, 0.130000
	pigment { color rgbt <1,0,0,0> }
	no_shadow
}

// nucleotide -1

// particle -1
sphere {
	<27.548031, 34.289639, 32.860580> 0.250000
	pigment { color rgbt <1,0,0,0> }
	no_shadow
}
cylinder {
	<27.434727, 33.969639, 32.649010>,  <27.366743, 33.777637, 32.522068>, 0.100000
	pigment { color rgbt <1,0,0,0> }
	no_shadow
}
cylinder {
	<27.434727, 33.969639, 32.649010>,  <27.548031, 34.289639, 32.860580>, 0.100000
	pigment { color rgbt <1,0,0,0> }
	no_shadow
}

// particle -1
sphere {
	<27.434727, 33.969639, 32.649010> 0.100000
	pigment { color rgbt <1,0,0,0> }
	no_shadow
}
sphere {
	0, 1
	scale<0.080000,0.200000,0.300000>
	matrix <-0.936429, 0.111657, 0.332617,
		-0.207036, 0.589516, -0.780773,
		-0.283262, -0.800002, -0.528923,
		27.349749, 33.729637, 32.490334>
	pigment { color rgbt <0,1,1,0> }
	no_shadow
}
cylinder {
	<26.995150, 34.519001, 32.336033>,  <27.548031, 34.289639, 32.860580>, 0.130000
	pigment { color rgbt <1,0,0,0> }
	no_shadow
}

// nucleotide -1

// particle -1
sphere {
	<26.995150, 34.519001, 32.336033> 0.250000
	pigment { color rgbt <1,0,0,0> }
	no_shadow
}
cylinder {
	<26.984316, 34.140759, 32.465706>,  <26.977816, 33.913815, 32.543510>, 0.100000
	pigment { color rgbt <1,0,0,0> }
	no_shadow
}
cylinder {
	<26.984316, 34.140759, 32.465706>,  <26.995150, 34.519001, 32.336033>, 0.100000
	pigment { color rgbt <1,0,0,0> }
	no_shadow
}

// particle -1
sphere {
	<26.984316, 34.140759, 32.465706> 0.100000
	pigment { color rgbt <1,0,0,0> }
	no_shadow
}
sphere {
	0, 1
	scale<0.080000,0.200000,0.300000>
	matrix <-0.947484, 0.127663, 0.293216,
		-0.318653, -0.299215, -0.899406,
		-0.027086, -0.945607, 0.324182,
		26.976191, 33.857075, 32.562962>
	pigment { color rgbt <0,1,1,0> }
	no_shadow
}
cylinder {
	<26.358829, 34.360409, 32.357712>,  <26.995150, 34.519001, 32.336033>, 0.130000
	pigment { color rgbt <1,0,0,0> }
	no_shadow
}

// nucleotide -1

// particle -1
sphere {
	<26.358829, 34.360409, 32.357712> 0.250000
	pigment { color rgbt <1,0,0,0> }
	no_shadow
}
cylinder {
	<26.484293, 34.045555, 32.570137>,  <26.559572, 33.856644, 32.697594>, 0.100000
	pigment { color rgbt <1,0,0,0> }
	no_shadow
}
cylinder {
	<26.484293, 34.045555, 32.570137>,  <26.358829, 34.360409, 32.357712>, 0.100000
	pigment { color rgbt <1,0,0,0> }
	no_shadow
}

// particle -1
sphere {
	<26.484293, 34.045555, 32.570137> 0.100000
	pigment { color rgbt <1,0,0,0> }
	no_shadow
}
sphere {
	0, 1
	scale<0.080000,0.200000,0.300000>
	matrix <-0.846997, 0.020870, 0.531188,
		-0.429201, -0.616425, -0.660157,
		0.313659, -0.787137, 0.531067,
		26.578390, 33.809414, 32.729458>
	pigment { color rgbt <0,1,1,0> }
	no_shadow
}
cylinder {
	<25.823689, 34.055134, 31.905806>,  <26.358829, 34.360409, 32.357712>, 0.130000
	pigment { color rgbt <1,0,0,0> }
	no_shadow
}

// nucleotide -1

// particle -1
sphere {
	<25.823689, 34.055134, 31.905806> 0.250000
	pigment { color rgbt <1,0,0,0> }
	no_shadow
}
cylinder {
	<25.491104, 34.250244, 31.799408>,  <25.291553, 34.367310, 31.735569>, 0.100000
	pigment { color rgbt <1,0,0,0> }
	no_shadow
}
cylinder {
	<25.491104, 34.250244, 31.799408>,  <25.823689, 34.055134, 31.905806>, 0.100000
	pigment { color rgbt <1,0,0,0> }
	no_shadow
}

// particle -1
sphere {
	<25.491104, 34.250244, 31.799408> 0.100000
	pigment { color rgbt <1,0,0,0> }
	no_shadow
}
sphere {
	0, 1
	scale<0.080000,0.200000,0.300000>
	matrix <0.543380, 0.813739, -0.206318,
		0.115813, -0.316081, -0.941637,
		-0.831460, 0.487772, -0.265994,
		25.241667, 34.396576, 31.719610>
	pigment { color rgbt <0,1,1,0> }
	no_shadow
}
cylinder {
	<25.652060, 34.211113, 32.591827>,  <25.823689, 34.055134, 31.905806>, 0.130000
	pigment { color rgbt <1,0,0,0> }
	no_shadow
}

// nucleotide -1

// particle -1
sphere {
	<25.652060, 34.211113, 32.591827> 0.250000
	pigment { color rgbt <1,0,0,0> }
	no_shadow
}
cylinder {
	<25.931194, 34.019337, 32.804676>,  <26.098675, 33.904270, 32.932384>, 0.100000
	pigment { color rgbt <1,0,0,0> }
	no_shadow
}
cylinder {
	<25.931194, 34.019337, 32.804676>,  <25.652060, 34.211113, 32.591827>, 0.100000
	pigment { color rgbt <1,0,0,0> }
	no_shadow
}

// particle -1
sphere {
	<25.931194, 34.019337, 32.804676> 0.100000
	pigment { color rgbt <1,0,0,0> }
	no_shadow
}
sphere {
	0, 1
	scale<0.080000,0.200000,0.300000>
	matrix <-0.554267, 0.109084, 0.825160,
		-0.453665, -0.870766, -0.189618,
		0.697837, -0.479445, 0.532125,
		26.140545, 33.875504, 32.964314>
	pigment { color rgbt <0,1,1,0> }
	no_shadow
}
cylinder {
	<25.420139, 33.562923, 32.938313>,  <25.652060, 34.211113, 32.591827>, 0.130000
	pigment { color rgbt <1,0,0,0> }
	no_shadow
}

// nucleotide -1

// particle -1
sphere {
	<25.420139, 33.562923, 32.938313> 0.250000
	pigment { color rgbt <1,0,0,0> }
	no_shadow
}
cylinder {
	<25.723156, 33.739006, 33.131123>,  <25.904966, 33.844658, 33.246807>, 0.100000
	pigment { color rgbt <1,0,0,0> }
	no_shadow
}
cylinder {
	<25.723156, 33.739006, 33.131123>,  <25.420139, 33.562923, 32.938313>, 0.100000
	pigment { color rgbt <1,0,0,0> }
	no_shadow
}

// particle -1
sphere {
	<25.723156, 33.739006, 33.131123> 0.100000
	pigment { color rgbt <1,0,0,0> }
	no_shadow
}
sphere {
	0, 1
	scale<0.080000,0.200000,0.300000>
	matrix <-0.615993, 0.237644, 0.751051,
		0.216061, -0.865881, 0.451186,
		0.757542, 0.440201, 0.482031,
		25.950418, 33.871067, 33.275730>
	pigment { color rgbt <0,1,1,0> }
	no_shadow
}
cylinder {
	<25.710176, 33.287968, 33.586311>,  <25.420139, 33.562923, 32.938313>, 0.130000
	pigment { color rgbt <1,0,0,0> }
	no_shadow
}

// nucleotide -1

// particle -1
sphere {
	<25.710176, 33.287968, 33.586311> 0.250000
	pigment { color rgbt <1,0,0,0> }
	no_shadow
}
cylinder {
	<26.083092, 33.211365, 33.709057>,  <26.306841, 33.165401, 33.782703>, 0.100000
	pigment { color rgbt <1,0,0,0> }
	no_shadow
}
cylinder {
	<26.083092, 33.211365, 33.709057>,  <25.710176, 33.287968, 33.586311>, 0.100000
	pigment { color rgbt <1,0,0,0> }
	no_shadow
}

// particle -1
sphere {
	<26.083092, 33.211365, 33.709057> 0.100000
	pigment { color rgbt <1,0,0,0> }
	no_shadow
}
sphere {
	0, 1
	scale<0.080000,0.200000,0.300000>
	matrix <-0.059583, 0.755454, 0.652487,
		-0.356774, -0.626590, 0.692891,
		0.932289, -0.191506, 0.306860,
		26.362778, 33.153912, 33.801113>
	pigment { color rgbt <0,1,1,0> }
	no_shadow
}
cylinder {
	<25.624447, 33.469372, 34.284550>,  <25.710176, 33.287968, 33.586311>, 0.130000
	pigment { color rgbt <1,0,0,0> }
	no_shadow
}

// nucleotide -1

// particle -1
sphere {
	<25.624447, 33.469372, 34.284550> 0.250000
	pigment { color rgbt <1,0,0,0> }
	no_shadow
}
cylinder {
	<25.988924, 33.515182, 34.126255>,  <26.207611, 33.542667, 34.031277>, 0.100000
	pigment { color rgbt <1,0,0,0> }
	no_shadow
}
cylinder {
	<25.988924, 33.515182, 34.126255>,  <25.624447, 33.469372, 34.284550>, 0.100000
	pigment { color rgbt <1,0,0,0> }
	no_shadow
}

// particle -1
sphere {
	<25.988924, 33.515182, 34.126255> 0.100000
	pigment { color rgbt <1,0,0,0> }
	no_shadow
}
sphere {
	0, 1
	scale<0.080000,0.200000,0.300000>
	matrix <0.084402, 0.888318, 0.451406,
		0.403240, -0.444719, 0.799764,
		0.911194, 0.114523, -0.395741,
		26.262281, 33.549538, 34.007534>
	pigment { color rgbt <0,1,1,0> }
	no_shadow
}
cylinder {
	<26.156481, 33.464451, 34.856922>,  <25.624447, 33.469372, 34.284550>, 0.130000
	pigment { color rgbt <1,0,0,0> }
	no_shadow
}

// nucleotide -1

// particle -1
sphere {
	<26.156481, 33.464451, 34.856922> 0.250000
	pigment { color rgbt <1,0,0,0> }
	no_shadow
}
cylinder {
	<26.281530, 33.695511, 34.555305>,  <26.356560, 33.834148, 34.374336>, 0.100000
	pigment { color rgbt <1,0,0,0> }
	no_shadow
}
cylinder {
	<26.281530, 33.695511, 34.555305>,  <26.156481, 33.464451, 34.856922>, 0.100000
	pigment { color rgbt <1,0,0,0> }
	no_shadow
}

// particle -1
sphere {
	<26.281530, 33.695511, 34.555305> 0.100000
	pigment { color rgbt <1,0,0,0> }
	no_shadow
}
sphere {
	0, 1
	scale<0.080000,0.200000,0.300000>
	matrix <-0.063385, 0.804750, 0.590220,
		0.947760, -0.136720, 0.288197,
		0.312622, 0.577655, -0.754044,
		26.375317, 33.868809, 34.329094>
	pigment { color rgbt <0,1,1,0> }
	no_shadow
}
cylinder {
	<26.569628, 33.919819, 35.192501>,  <26.156481, 33.464451, 34.856922>, 0.130000
	pigment { color rgbt <1,0,0,0> }
	no_shadow
}

// nucleotide -1

// particle -1
sphere {
	<26.569628, 33.919819, 35.192501> 0.250000
	pigment { color rgbt <1,0,0,0> }
	no_shadow
}
cylinder {
	<26.435579, 34.090443, 34.856468>,  <26.355150, 34.192818, 34.654850>, 0.100000
	pigment { color rgbt <1,0,0,0> }
	no_shadow
}
cylinder {
	<26.435579, 34.090443, 34.856468>,  <26.569628, 33.919819, 35.192501>, 0.100000
	pigment { color rgbt <1,0,0,0> }
	no_shadow
}

// particle -1
sphere {
	<26.435579, 34.090443, 34.856468> 0.100000
	pigment { color rgbt <1,0,0,0> }
	no_shadow
}
sphere {
	0, 1
	scale<0.080000,0.200000,0.300000>
	matrix <-0.084170, 0.874523, 0.477625,
		0.938408, 0.230772, -0.257167,
		-0.335121, 0.426561, -0.840083,
		26.335043, 34.218410, 34.604443>
	pigment { color rgbt <0,1,1,0> }
	no_shadow
}
cylinder {
	<26.986746, 34.548504, 35.042854>,  <26.569628, 33.919819, 35.192501>, 0.130000
	pigment { color rgbt <1,0,0,0> }
	no_shadow
}

// nucleotide -1

// particle -1
sphere {
	<26.986746, 34.548504, 35.042854> 0.250000
	pigment { color rgbt <1,0,0,0> }
	no_shadow
}
cylinder {
	<26.611347, 34.565926, 34.905842>,  <26.386108, 34.576378, 34.823635>, 0.100000
	pigment { color rgbt <1,0,0,0> }
	no_shadow
}
cylinder {
	<26.611347, 34.565926, 34.905842>,  <26.986746, 34.548504, 35.042854>, 0.100000
	pigment { color rgbt <1,0,0,0> }
	no_shadow
}

// particle -1
sphere {
	<26.611347, 34.565926, 34.905842> 0.100000
	pigment { color rgbt <1,0,0,0> }
	no_shadow
}
sphere {
	0, 1
	scale<0.080000,0.200000,0.300000>
	matrix <-0.109938, 0.902696, 0.415997,
		0.327316, 0.428069, -0.842390,
		-0.938497, 0.043551, -0.342528,
		26.329798, 34.578991, 34.803082>
	pigment { color rgbt <0,1,1,0> }
	no_shadow
}
cylinder {
	<26.822969, 35.195496, 35.082607>,  <26.986746, 34.548504, 35.042854>, 0.130000
	pigment { color rgbt <1,0,0,0> }
	no_shadow
}

// nucleotide -1

// particle -1
sphere {
	<26.822969, 35.195496, 35.082607> 0.250000
	pigment { color rgbt <1,0,0,0> }
	no_shadow
}
cylinder {
	<26.443066, 35.082539, 35.028622>,  <26.215124, 35.014767, 34.996231>, 0.100000
	pigment { color rgbt <1,0,0,0> }
	no_shadow
}
cylinder {
	<26.443066, 35.082539, 35.028622>,  <26.822969, 35.195496, 35.082607>, 0.100000
	pigment { color rgbt <1,0,0,0> }
	no_shadow
}

// particle -1
sphere {
	<26.443066, 35.082539, 35.028622> 0.100000
	pigment { color rgbt <1,0,0,0> }
	no_shadow
}
sphere {
	0, 1
	scale<0.080000,0.200000,0.300000>
	matrix <-0.311997, 0.819979, 0.479887,
		-0.024844, 0.497886, -0.866886,
		-0.949758, -0.282388, -0.134968,
		26.158138, 34.997822, 34.988132>
	pigment { color rgbt <0,1,1,0> }
	no_shadow
}
cylinder {
	<26.263296, 35.815083, 35.221363>,  <26.822969, 35.195496, 35.082607>, 0.130000
	pigment { color rgbt <1,0,0,0> }
	no_shadow
}

// nucleotide -1

// particle -1
sphere {
	<26.263296, 35.815083, 35.221363> 0.250000
	pigment { color rgbt <1,0,0,0> }
	no_shadow
}
cylinder {
	<26.103270, 35.845066, 34.855995>,  <26.007254, 35.863056, 34.636776>, 0.100000
	pigment { color rgbt <1,0,0,0> }
	no_shadow
}
cylinder {
	<26.103270, 35.845066, 34.855995>,  <26.263296, 35.815083, 35.221363>, 0.100000
	pigment { color rgbt <1,0,0,0> }
	no_shadow
}

// particle -1
sphere {
	<26.103270, 35.845066, 34.855995> 0.100000
	pigment { color rgbt <1,0,0,0> }
	no_shadow
}
sphere {
	0, 1
	scale<0.080000,0.200000,0.300000>
	matrix <-0.532107, 0.792467, 0.298090,
		0.746196, 0.605291, -0.277155,
		-0.400067, 0.074958, -0.913415,
		25.983250, 35.867554, 34.581970>
	pigment { color rgbt <0,1,1,0> }
	no_shadow
}
cylinder {
	<26.403751, 36.373360, 34.882408>,  <26.263296, 35.815083, 35.221363>, 0.130000
	pigment { color rgbt <1,0,0,0> }
	no_shadow
}

// nucleotide -1

// particle -1
sphere {
	<26.403751, 36.373360, 34.882408> 0.250000
	pigment { color rgbt <1,0,0,0> }
	no_shadow
}
cylinder {
	<26.069874, 36.289192, 34.678837>,  <25.869547, 36.238693, 34.556694>, 0.100000
	pigment { color rgbt <1,0,0,0> }
	no_shadow
}
cylinder {
	<26.069874, 36.289192, 34.678837>,  <26.403751, 36.373360, 34.882408>, 0.100000
	pigment { color rgbt <1,0,0,0> }
	no_shadow
}

// particle -1
sphere {
	<26.069874, 36.289192, 34.678837> 0.100000
	pigment { color rgbt <1,0,0,0> }
	no_shadow
}
sphere {
	0, 1
	scale<0.080000,0.200000,0.300000>
	matrix <-0.244601, 0.969624, 0.000272,
		0.493416, 0.124713, -0.860806,
		-0.834692, -0.210420, -0.508932,
		25.819466, 36.226067, 34.526157>
	pigment { color rgbt <0,1,1,0> }
	no_shadow
}
cylinder {
	<26.952108, 36.720482, 34.781925>,  <26.403751, 36.373360, 34.882408>, 0.130000
	pigment { color rgbt <1,0,0,0> }
	no_shadow
}

// nucleotide -1

// particle -1
sphere {
	<26.952108, 36.720482, 34.781925> 0.250000
	pigment { color rgbt <1,0,0,0> }
	no_shadow
}
cylinder {
	<27.321444, 36.873730, 34.792278>,  <27.543045, 36.965679, 34.798492>, 0.100000
	pigment { color rgbt <1,0,0,0> }
	no_shadow
}
cylinder {
	<27.321444, 36.873730, 34.792278>,  <26.952108, 36.720482, 34.781925>, 0.100000
	pigment { color rgbt <1,0,0,0> }
	no_shadow
}

// particle -1
sphere {
	<27.321444, 36.873730, 34.792278> 0.100000
	pigment { color rgbt <1,0,0,0> }
	no_shadow
}
sphere {
	0, 1
	scale<0.080000,0.200000,0.300000>
	matrix <0.218681, -0.469227, -0.855573,
		-0.315637, 0.795643, -0.517035,
		0.923337, 0.383116, 0.025887,
		27.598444, 36.988667, 34.800045>
	pigment { color rgbt <0,1,1,0> }
	no_shadow
}
cylinder {
	<27.073156, 37.002419, 34.084461>,  <26.952108, 36.720482, 34.781925>, 0.130000
	pigment { color rgbt <1,0,0,0> }
	no_shadow
}

// nucleotide -1

// particle -1
sphere {
	<27.073156, 37.002419, 34.084461> 0.250000
	pigment { color rgbt <1,0,0,0> }
	no_shadow
}
cylinder {
	<27.432035, 36.946850, 34.252148>,  <27.647362, 36.913509, 34.352760>, 0.100000
	pigment { color rgbt <1,0,0,0> }
	no_shadow
}
cylinder {
	<27.432035, 36.946850, 34.252148>,  <27.073156, 37.002419, 34.084461>, 0.100000
	pigment { color rgbt <1,0,0,0> }
	no_shadow
}

// particle -1
sphere {
	<27.432035, 36.946850, 34.252148> 0.100000
	pigment { color rgbt <1,0,0,0> }
	no_shadow
}
sphere {
	0, 1
	scale<0.080000,0.200000,0.300000>
	matrix <0.335427, -0.403104, -0.851467,
		0.287276, 0.904548, -0.315064,
		0.897196, -0.138926, 0.419212,
		27.701195, 36.905170, 34.377911>
	pigment { color rgbt <0,1,1,0> }
	no_shadow
}
cylinder {
	<27.681458, 37.215847, 33.517235>,  <27.073156, 37.002419, 34.084461>, 0.130000
	pigment { color rgbt <1,0,0,0> }
	no_shadow
}

// nucleotide -1

// particle -1
sphere {
	<27.681458, 37.215847, 33.517235> 0.250000
	pigment { color rgbt <1,0,0,0> }
	no_shadow
}
cylinder {
	<27.785904, 36.952991, 33.800076>,  <27.848572, 36.795280, 33.969780>, 0.100000
	pigment { color rgbt <1,0,0,0> }
	no_shadow
}
cylinder {
	<27.785904, 36.952991, 33.800076>,  <27.681458, 37.215847, 33.517235>, 0.100000
	pigment { color rgbt <1,0,0,0> }
	no_shadow
}

// particle -1
sphere {
	<27.785904, 36.952991, 33.800076> 0.100000
	pigment { color rgbt <1,0,0,0> }
	no_shadow
}
sphere {
	0, 1
	scale<0.080000,0.200000,0.300000>
	matrix <0.471911, -0.552114, -0.687364,
		0.842092, 0.513171, 0.165944,
		0.261115, -0.657135, 0.707102,
		27.864239, 36.755852, 34.012207>
	pigment { color rgbt <0,1,1,0> }
	no_shadow
}
cylinder {
	<28.381681, 37.076550, 33.514229>,  <27.681458, 37.215847, 33.517235>, 0.130000
	pigment { color rgbt <1,0,0,0> }
	no_shadow
}

// nucleotide -1

// particle -1
sphere {
	<28.381681, 37.076550, 33.514229> 0.250000
	pigment { color rgbt <1,0,0,0> }
	no_shadow
}
cylinder {
	<28.230051, 36.739655, 33.667557>,  <28.139072, 36.537518, 33.759552>, 0.100000
	pigment { color rgbt <1,0,0,0> }
	no_shadow
}
cylinder {
	<28.230051, 36.739655, 33.667557>,  <28.381681, 37.076550, 33.514229>, 0.100000
	pigment { color rgbt <1,0,0,0> }
	no_shadow
}

// particle -1
sphere {
	<28.230051, 36.739655, 33.667557> 0.100000
	pigment { color rgbt <1,0,0,0> }
	no_shadow
}
sphere {
	0, 1
	scale<0.080000,0.200000,0.300000>
	matrix <0.555503, -0.538411, -0.633664,
		0.740080, -0.027273, 0.671965,
		-0.379075, -0.842241, 0.383317,
		28.116329, 36.486980, 33.782551>
	pigment { color rgbt <0,1,1,0> }
	no_shadow
}
cylinder {
	<29.000862, 36.688801, 33.688011>,  <28.381681, 37.076550, 33.514229>, 0.130000
	pigment { color rgbt <1,0,0,0> }
	no_shadow
}

// nucleotide -1

// particle -1
sphere {
	<29.000862, 36.688801, 33.688011> 0.250000
	pigment { color rgbt <1,0,0,0> }
	no_shadow
}
cylinder {
	<28.675900, 36.459560, 33.645016>,  <28.480923, 36.322018, 33.619217>, 0.100000
	pigment { color rgbt <1,0,0,0> }
	no_shadow
}
cylinder {
	<28.675900, 36.459560, 33.645016>,  <29.000862, 36.688801, 33.688011>, 0.100000
	pigment { color rgbt <1,0,0,0> }
	no_shadow
}

// particle -1
sphere {
	<28.675900, 36.459560, 33.645016> 0.100000
	pigment { color rgbt <1,0,0,0> }
	no_shadow
}
sphere {
	0, 1
	scale<0.080000,0.200000,0.300000>
	matrix <0.468307, -0.531464, -0.705858,
		0.347401, -0.623780, 0.700151,
		-0.812405, -0.573101, -0.107489,
		28.432178, 36.287632, 33.612770>
	pigment { color rgbt <0,1,1,0> }
	no_shadow
}
cylinder {
	<29.612305, 36.163860, 33.729126>,  <29.000862, 36.688801, 33.688011>, 0.130000
	pigment { color rgbt <1,0,0,0> }
	no_shadow
}

// nucleotide -1

// particle -1
sphere {
	<29.612305, 36.163860, 33.729126> 0.250000
	pigment { color rgbt <1,0,0,0> }
	no_shadow
}
cylinder {
	<29.228184, 36.068390, 33.786880>,  <28.997711, 36.011108, 33.821533>, 0.100000
	pigment { color rgbt <1,0,0,0> }
	no_shadow
}
cylinder {
	<29.228184, 36.068390, 33.786880>,  <29.612305, 36.163860, 33.729126>, 0.100000
	pigment { color rgbt <1,0,0,0> }
	no_shadow
}

// particle -1
sphere {
	<29.228184, 36.068390, 33.786880> 0.100000
	pigment { color rgbt <1,0,0,0> }
	no_shadow
}
sphere {
	0, 1
	scale<0.080000,0.200000,0.300000>
	matrix <0.111294, -0.802430, -0.586276,
		0.255790, -0.546935, 0.797141,
		-0.960305, -0.238681, 0.144383,
		28.940092, 35.996784, 33.830196>
	pigment { color rgbt <0,1,1,0> }
	no_shadow
}
cylinder {
	<29.617655, 35.551552, 34.031078>,  <29.612305, 36.163860, 33.729126>, 0.130000
	pigment { color rgbt <1,0,0,0> }
	no_shadow
}

// nucleotide -1

// particle -1
sphere {
	<29.617655, 35.551552, 34.031078> 0.250000
	pigment { color rgbt <1,0,0,0> }
	no_shadow
}
cylinder {
	<29.241579, 35.565250, 33.895512>,  <29.015934, 35.573471, 33.814171>, 0.100000
	pigment { color rgbt <1,0,0,0> }
	no_shadow
}
cylinder {
	<29.241579, 35.565250, 33.895512>,  <29.617655, 35.551552, 34.031078>, 0.100000
	pigment { color rgbt <1,0,0,0> }
	no_shadow
}

// particle -1
sphere {
	<29.241579, 35.565250, 33.895512> 0.100000
	pigment { color rgbt <1,0,0,0> }
	no_shadow
}
sphere {
	0, 1
	scale<0.080000,0.200000,0.300000>
	matrix <0.171301, -0.812446, -0.557303,
		-0.294441, -0.582029, 0.757989,
		-0.940192, 0.034249, -0.338919,
		28.959522, 35.575523, 33.793835>
	pigment { color rgbt <0,1,1,0> }
	no_shadow
}
cylinder {
	<30.302031, 35.418148, 33.547878>,  <29.617655, 35.551552, 34.031078>, 0.130000
	pigment { color rgbt <1,0,0,0> }
	no_shadow
}

// nucleotide -1

// particle -1
sphere {
	<30.302031, 35.418148, 33.547878> 0.250000
	pigment { color rgbt <1,0,0,0> }
	no_shadow
}
cylinder {
	<30.301474, 35.632969, 33.210457>,  <30.301140, 35.761860, 33.008003>, 0.100000
	pigment { color rgbt <1,0,0,0> }
	no_shadow
}
cylinder {
	<30.301474, 35.632969, 33.210457>,  <30.302031, 35.418148, 33.547878>, 0.100000
	pigment { color rgbt <1,0,0,0> }
	no_shadow
}

// particle -1
sphere {
	<30.301474, 35.632969, 33.210457> 0.100000
	pigment { color rgbt <1,0,0,0> }
	no_shadow
}
sphere {
	0, 1
	scale<0.080000,0.200000,0.300000>
	matrix <0.698290, 0.604350, 0.383606,
		0.715814, -0.588507, -0.375858,
		-0.001395, 0.537048, -0.843550,
		30.301056, 35.794083, 32.957390>
	pigment { color rgbt <0,1,1,0> }
	no_shadow
}
cylinder {
	<29.821241, 35.837505, 33.082798>,  <30.302031, 35.418148, 33.547878>, 0.130000
	pigment { color rgbt <1,0,0,0> }
	no_shadow
}

// nucleotide -1

// particle -1
sphere {
	<29.821241, 35.837505, 33.082798> 0.250000
	pigment { color rgbt <1,0,0,0> }
	no_shadow
}
cylinder {
	<29.856249, 35.761456, 32.691658>,  <29.877254, 35.715824, 32.456974>, 0.100000
	pigment { color rgbt <1,0,0,0> }
	no_shadow
}
cylinder {
	<29.856249, 35.761456, 32.691658>,  <29.821241, 35.837505, 33.082798>, 0.100000
	pigment { color rgbt <1,0,0,0> }
	no_shadow
}

// particle -1
sphere {
	<29.856249, 35.761456, 32.691658> 0.100000
	pigment { color rgbt <1,0,0,0> }
	no_shadow
}
sphere {
	0, 1
	scale<0.080000,0.200000,0.300000>
	matrix <0.903167, 0.429281, -0.002629,
		0.420272, -0.882933, 0.209284,
		0.087521, -0.190123, -0.977851,
		29.882505, 35.704418, 32.398304>
	pigment { color rgbt <0,1,1,0> }
	no_shadow
}
cylinder {
	<29.438915, 35.144924, 33.263203>,  <29.821241, 35.837505, 33.082798>, 0.130000
	pigment { color rgbt <1,0,0,0> }
	no_shadow
}

// nucleotide -1

// particle -1
sphere {
	<29.438915, 35.144924, 33.263203> 0.250000
	pigment { color rgbt <1,0,0,0> }
	no_shadow
}
cylinder {
	<29.432526, 34.882690, 32.961224>,  <29.428692, 34.725349, 32.780037>, 0.100000
	pigment { color rgbt <1,0,0,0> }
	no_shadow
}
cylinder {
	<29.432526, 34.882690, 32.961224>,  <29.438915, 35.144924, 33.263203>, 0.100000
	pigment { color rgbt <1,0,0,0> }
	no_shadow
}

// particle -1
sphere {
	<29.432526, 34.882690, 32.961224> 0.100000
	pigment { color rgbt <1,0,0,0> }
	no_shadow
}
sphere {
	0, 1
	scale<0.080000,0.200000,0.300000>
	matrix <-0.977664, -0.148012, 0.149218,
		-0.209568, 0.740473, -0.638578,
		-0.015975, -0.655585, -0.754952,
		29.427732, 34.686016, 32.734737>
	pigment { color rgbt <0,1,1,0> }
	no_shadow
}
cylinder {
	<29.116348, 35.398266, 32.698055>,  <29.438915, 35.144924, 33.263203>, 0.130000
	pigment { color rgbt <1,0,0,0> }
	no_shadow
}

// nucleotide -1

// particle -1
sphere {
	<29.116348, 35.398266, 32.698055> 0.250000
	pigment { color rgbt <1,0,0,0> }
	no_shadow
}
cylinder {
	<29.068956, 35.005955, 32.760059>,  <29.040522, 34.770569, 32.797260>, 0.100000
	pigment { color rgbt <1,0,0,0> }
	no_shadow
}
cylinder {
	<29.068956, 35.005955, 32.760059>,  <29.116348, 35.398266, 32.698055>, 0.100000
	pigment { color rgbt <1,0,0,0> }
	no_shadow
}

// particle -1
sphere {
	<29.068956, 35.005955, 32.760059> 0.100000
	pigment { color rgbt <1,0,0,0> }
	no_shadow
}
sphere {
	0, 1
	scale<0.080000,0.200000,0.300000>
	matrix <-0.947432, 0.158390, 0.278003,
		-0.297212, -0.113924, -0.947991,
		-0.118481, -0.980783, 0.155011,
		29.033411, 34.711720, 32.806564>
	pigment { color rgbt <0,1,1,0> }
	no_shadow
}
cylinder {
	<28.364403, 35.367760, 32.816555>,  <29.116348, 35.398266, 32.698055>, 0.130000
	pigment { color rgbt <1,0,0,0> }
	no_shadow
}

// nucleotide -1

// particle -1
sphere {
	<28.364403, 35.367760, 32.816555> 0.250000
	pigment { color rgbt <1,0,0,0> }
	no_shadow
}
cylinder {
	<28.447737, 35.277573, 33.197239>,  <28.497736, 35.223461, 33.425652>, 0.100000
	pigment { color rgbt <1,0,0,0> }
	no_shadow
}
cylinder {
	<28.447737, 35.277573, 33.197239>,  <28.364403, 35.367760, 32.816555>, 0.100000
	pigment { color rgbt <1,0,0,0> }
	no_shadow
}

// particle -1
sphere {
	<28.447737, 35.277573, 33.197239> 0.100000
	pigment { color rgbt <1,0,0,0> }
	no_shadow
}
sphere {
	0, 1
	scale<0.080000,0.200000,0.300000>
