// switches for output
#declare DRAW_BASES = 1; // possible values are 0, 1; only relevant for DNA ribbons
#declare DRAW_BASES_TYPE = 3; // possible values are 1, 2, 3; only relevant for DNA ribbons
#declare DRAW_FOG = 0; // set to 1 to enable fog

#include "colors.inc"

#include "transforms.inc"
background { rgb <1, 1, 1>}

#default {
   normal{
       ripples 0.25
       frequency 0.20
       turbulence 0.2
       lambda 5
   }
	finish {
		phong 0.1
		phong_size 40.
	}
}

// original window dimensions: 1024x640


// camera settings

camera {
	sky <0, 0.179814, -0.983701>
	up <0, 0.179814, -0.983701>
	right 1.6 * <1, 0, 0>
	location <35, 94.9851, 44.8844>
	look_at <35, 29.7336, 32.9568>
	direction <0, -65.2515, -11.9276>
	angle 67.0682
}


# declare cpy_camera_pos = <35, 94.9851, 44.8844>;
# if (DRAW_FOG = 1)
fog {
	fog_type 2
	up vnormalize(cpy_camera_pos)
	color rgbt<1,1,1,0.3>
	distance 1e-5
	fog_alt 3e-3
	fog_offset 56
}
# end


// LIGHTS

# declare lum = 6;
global_settings {
	ambient_light rgb lum * <0.05, 0.05, 0.05>
	max_trace_level 15
}# declare cpy_direct_light_amount = 0.25;
light_source
{	1000 * <-1, -1.16352, -0.803886>,
	rgb lum * cpy_direct_light_amount
	parallel
}

light_source
{	1000 * <1, 1.16352, 0.803886>,
	rgb lum * cpy_direct_light_amount
	parallel
}

// strand 0

// nucleotide -1

// particle -1
sphere {
	<24.344654, 35.100964, 35.338783> 0.250000
	pigment { color rgbt <1,0,0,0> }
	no_shadow
}
cylinder {
	<24.657181, 34.904808, 35.184349>,  <24.844698, 34.787117, 35.091690>, 0.100000
	pigment { color rgbt <1,0,0,0> }
	no_shadow
}
cylinder {
	<24.657181, 34.904808, 35.184349>,  <24.344654, 35.100964, 35.338783>, 0.100000
	pigment { color rgbt <1,0,0,0> }
	no_shadow
}

// particle -1
sphere {
	<24.657181, 34.904808, 35.184349> 0.100000
	pigment { color rgbt <1,0,0,0> }
	no_shadow
}
sphere {
	0, 1
	scale<0.080000,0.200000,0.300000>
	matrix <0.622547, 0.568267, 0.538060,
		-0.044456, -0.660754, 0.749285,
		0.781319, -0.490385, -0.386087,
		24.891577, 34.757694, 35.068523>
	pigment { color rgbt <0,1,1,0> }
	no_shadow
}
cylinder {
	<24.749708, 34.976112, 35.935890>,  <24.344654, 35.100964, 35.338783>, 0.130000
	pigment { color rgbt <1,0,0,0> }
	no_shadow
}

// nucleotide -1

// particle -1
sphere {
	<24.749708, 34.976112, 35.935890> 0.250000
	pigment { color rgbt <1,0,0,0> }
	no_shadow
}
cylinder {
	<25.001640, 34.990944, 35.625549>,  <25.152800, 34.999844, 35.439346>, 0.100000
	pigment { color rgbt <1,0,0,0> }
	no_shadow
}
cylinder {
	<25.001640, 34.990944, 35.625549>,  <24.749708, 34.976112, 35.935890>, 0.100000
	pigment { color rgbt <1,0,0,0> }
	no_shadow
}

// particle -1
sphere {
	<25.001640, 34.990944, 35.625549> 0.100000
	pigment { color rgbt <1,0,0,0> }
	no_shadow
}
sphere {
	0, 1
	scale<0.080000,0.200000,0.300000>
	matrix <0.629079, 0.561543, 0.537521,
		0.455605, -0.826616, 0.330348,
		0.629829, 0.037083, -0.775849,
		25.190588, 35.002068, 35.392796>
	pigment { color rgbt <0,1,1,0> }
	no_shadow
}
cylinder {
	<25.445347, 34.766239, 36.168468>,  <24.749708, 34.976112, 35.935890>, 0.130000
	pigment { color rgbt <1,0,0,0> }
	no_shadow
}

// nucleotide -1

// particle -1
sphere {
	<25.445347, 34.766239, 36.168468> 0.250000
	pigment { color rgbt <1,0,0,0> }
	no_shadow
}
cylinder {
	<25.469395, 35.013954, 35.855328>,  <25.483824, 35.162582, 35.667442>, 0.100000
	pigment { color rgbt <1,0,0,0> }
	no_shadow
}
cylinder {
	<25.469395, 35.013954, 35.855328>,  <25.445347, 34.766239, 36.168468>, 0.100000
	pigment { color rgbt <1,0,0,0> }
	no_shadow
}

// particle -1
sphere {
	<25.469395, 35.013954, 35.855328> 0.100000
	pigment { color rgbt <1,0,0,0> }
	no_shadow
}
sphere {
	0, 1
	scale<0.080000,0.200000,0.300000>
	matrix <0.465071, 0.676572, 0.570929,
		0.883230, -0.398409, -0.247337,
		0.060121, 0.619291, -0.782856,
		25.487431, 35.199741, 35.620472>
	pigment { color rgbt <0,1,1,0> }
	no_shadow
}
cylinder {
	<26.073357, 35.011810, 36.143547>,  <25.445347, 34.766239, 36.168468>, 0.130000
	pigment { color rgbt <1,0,0,0> }
	no_shadow
}

// nucleotide -1

// particle -1
sphere {
	<26.073357, 35.011810, 36.143547> 0.250000
	pigment { color rgbt <1,0,0,0> }
	no_shadow
}
cylinder {
	<25.836933, 35.283127, 35.968929>,  <25.695080, 35.445919, 35.864159>, 0.100000
	pigment { color rgbt <1,0,0,0> }
	no_shadow
}
cylinder {
	<25.836933, 35.283127, 35.968929>,  <26.073357, 35.011810, 36.143547>, 0.100000
	pigment { color rgbt <1,0,0,0> }
	no_shadow
}

// particle -1
sphere {
	<25.836933, 35.283127, 35.968929> 0.100000
	pigment { color rgbt <1,0,0,0> }
	no_shadow
}
sphere {
	0, 1
	scale<0.080000,0.200000,0.300000>
	matrix <0.534447, 0.734663, 0.417894,
		0.604166, 0.013691, -0.796741,
		-0.591058, 0.678293, -0.436542,
		25.659616, 35.486614, 35.837967>
	pigment { color rgbt <0,1,1,0> }
	no_shadow
}
cylinder {
	<26.617922, 35.597286, 35.861004>,  <26.073357, 35.011810, 36.143547>, 0.130000
	pigment { color rgbt <1,0,0,0> }
	no_shadow
}

// nucleotide -1

// particle -1
sphere {
	<26.617922, 35.597286, 35.861004> 0.250000
	pigment { color rgbt <1,0,0,0> }
	no_shadow
}
cylinder {
	<26.260784, 35.761311, 35.935493>,  <26.046501, 35.859726, 35.980186>, 0.100000
	pigment { color rgbt <1,0,0,0> }
	no_shadow
}
cylinder {
	<26.260784, 35.761311, 35.935493>,  <26.617922, 35.597286, 35.861004>, 0.100000
	pigment { color rgbt <1,0,0,0> }
	no_shadow
}

// particle -1
sphere {
	<26.260784, 35.761311, 35.935493> 0.100000
	pigment { color rgbt <1,0,0,0> }
	no_shadow
}
sphere {
	0, 1
	scale<0.080000,0.200000,0.300000>
	matrix <0.450324, 0.807189, 0.381647,
		0.006178, 0.424614, -0.905354,
		-0.892844, 0.410061, 0.186227,
		25.992931, 35.884327, 35.991360>
	pigment { color rgbt <0,1,1,0> }
	no_shadow
}
cylinder {
	<26.607325, 36.258591, 35.660526>,  <26.617922, 35.597286, 35.861004>, 0.130000
	pigment { color rgbt <1,0,0,0> }
	no_shadow
}

// nucleotide -1

// particle -1
sphere {
	<26.607325, 36.258591, 35.660526> 0.250000
	pigment { color rgbt <1,0,0,0> }
	no_shadow
}
cylinder {
	<26.383032, 36.290627, 35.990173>,  <26.248457, 36.309849, 36.187962>, 0.100000
	pigment { color rgbt <1,0,0,0> }
	no_shadow
}
cylinder {
	<26.383032, 36.290627, 35.990173>,  <26.607325, 36.258591, 35.660526>, 0.100000
	pigment { color rgbt <1,0,0,0> }
	no_shadow
}

// particle -1
sphere {
	<26.383032, 36.290627, 35.990173> 0.100000
	pigment { color rgbt <1,0,0,0> }
	no_shadow
}
sphere {
	0, 1
	scale<0.080000,0.200000,0.300000>
	matrix <0.618150, 0.702690, 0.352303,
		-0.550884, 0.706975, -0.443525,
		-0.560730, 0.080086, 0.824117,
		26.214813, 36.314651, 36.237408>
	pigment { color rgbt <0,1,1,0> }
	no_shadow
}
cylinder {
	<26.308538, 36.961109, 35.796597>,  <26.607325, 36.258591, 35.660526>, 0.130000
	pigment { color rgbt <1,0,0,0> }
	no_shadow
}

// nucleotide -1

// particle -1
sphere {
	<26.308538, 36.961109, 35.796597> 0.250000
	pigment { color rgbt <1,0,0,0> }
	no_shadow
}
cylinder {
	<26.374424, 36.753651, 36.132183>,  <26.413956, 36.629173, 36.333534>, 0.100000
	pigment { color rgbt <1,0,0,0> }
	no_shadow
}
cylinder {
	<26.374424, 36.753651, 36.132183>,  <26.308538, 36.961109, 35.796597>, 0.100000
	pigment { color rgbt <1,0,0,0> }
	no_shadow
}

// particle -1
sphere {
	<26.374424, 36.753651, 36.132183> 0.100000
	pigment { color rgbt <1,0,0,0> }
	no_shadow
}
sphere {
	0, 1
	scale<0.080000,0.200000,0.300000>
	matrix <0.440131, 0.799857, 0.408060,
		-0.882697, 0.302044, 0.360021,
		0.164713, -0.518650, 0.838971,
		26.423838, 36.598057, 36.383873>
	pigment { color rgbt <0,1,1,0> }
	no_shadow
}
cylinder {
	<26.053825, 37.419758, 36.369995>,  <26.308538, 36.961109, 35.796597>, 0.130000
	pigment { color rgbt <1,0,0,0> }
	no_shadow
}

// nucleotide -1

// particle -1
sphere {
	<26.053825, 37.419758, 36.369995> 0.250000
	pigment { color rgbt <1,0,0,0> }
	no_shadow
}
cylinder {
	<26.304106, 37.137699, 36.503418>,  <26.454275, 36.968464, 36.583473>, 0.100000
	pigment { color rgbt <1,0,0,0> }
	no_shadow
}
cylinder {
	<26.304106, 37.137699, 36.503418>,  <26.053825, 37.419758, 36.369995>, 0.100000
	pigment { color rgbt <1,0,0,0> }
	no_shadow
}

// particle -1
sphere {
	<26.304106, 37.137699, 36.503418> 0.100000
	pigment { color rgbt <1,0,0,0> }
	no_shadow
}
sphere {
	0, 1
	scale<0.080000,0.200000,0.300000>
	matrix <0.404236, 0.658819, 0.634468,
		-0.667150, -0.262152, 0.697272,
		0.625703, -0.705148, 0.333560,
		26.491817, 36.926155, 36.603485>
	pigment { color rgbt <0,1,1,0> }
	no_shadow
}
cylinder {
	<26.023100, 37.333740, 37.157871>,  <26.053825, 37.419758, 36.369995>, 0.130000
	pigment { color rgbt <1,0,0,0> }
	no_shadow
}

// nucleotide -1

// particle -1
sphere {
	<26.023100, 37.333740, 37.157871> 0.250000
	pigment { color rgbt <1,0,0,0> }
	no_shadow
}
cylinder {
	<26.380888, 37.212048, 37.026806>,  <26.595560, 37.139030, 36.948166>, 0.100000
	pigment { color rgbt <1,0,0,0> }
	no_shadow
}
cylinder {
	<26.380888, 37.212048, 37.026806>,  <26.023100, 37.333740, 37.157871>, 0.100000
	pigment { color rgbt <1,0,0,0> }
	no_shadow
}

// particle -1
sphere {
	<26.380888, 37.212048, 37.026806> 0.100000
	pigment { color rgbt <1,0,0,0> }
	no_shadow
}
sphere {
	0, 1
	scale<0.080000,0.200000,0.300000>
	matrix <0.447106, 0.601641, 0.661909,
		-0.004240, -0.738559, 0.674176,
		0.894471, -0.304235, -0.327663,
		26.649229, 37.120777, 36.928505>
	pigment { color rgbt <0,1,1,0> }
	no_shadow
}
cylinder {
	<26.443913, 37.221893, 37.801323>,  <26.023100, 37.333740, 37.157871>, 0.130000
	pigment { color rgbt <1,0,0,0> }
	no_shadow
}

// nucleotide -1

// particle -1
sphere {
	<26.443913, 37.221893, 37.801323> 0.250000
	pigment { color rgbt <1,0,0,0> }
	no_shadow
}
cylinder {
	<26.685276, 37.276150, 37.487000>,  <26.830095, 37.308704, 37.298405>, 0.100000
	pigment { color rgbt <1,0,0,0> }
	no_shadow
}
cylinder {
	<26.685276, 37.276150, 37.487000>,  <26.443913, 37.221893, 37.801323>, 0.100000
	pigment { color rgbt <1,0,0,0> }
	no_shadow
}

// particle -1
sphere {
	<26.685276, 37.276150, 37.487000> 0.100000
	pigment { color rgbt <1,0,0,0> }
	no_shadow
}
sphere {
	0, 1
	scale<0.080000,0.200000,0.300000>
	matrix <0.601211, 0.569993, 0.560047,
		0.523871, -0.810376, 0.262392,
		0.603410, 0.135639, -0.785810,
		26.866299, 37.316841, 37.251255>
	pigment { color rgbt <0,1,1,0> }
	no_shadow
}
cylinder {
	<27.133984, 37.135002, 38.120644>,  <26.443913, 37.221893, 37.801323>, 0.130000
	pigment { color rgbt <1,0,0,0> }
	no_shadow
}

// nucleotide -1

// particle -1
sphere {
	<27.133984, 37.135002, 38.120644> 0.250000
	pigment { color rgbt <1,0,0,0> }
	no_shadow
}
cylinder {
	<27.185005, 37.321274, 37.770359>,  <27.215618, 37.433037, 37.560188>, 0.100000
	pigment { color rgbt <1,0,0,0> }
	no_shadow
}
cylinder {
	<27.185005, 37.321274, 37.770359>,  <27.133984, 37.135002, 38.120644>, 0.100000
	pigment { color rgbt <1,0,0,0> }
	no_shadow
}

// particle -1
sphere {
	<27.185005, 37.321274, 37.770359> 0.100000
	pigment { color rgbt <1,0,0,0> }
	no_shadow
}
sphere {
	0, 1
	scale<0.080000,0.200000,0.300000>
	matrix <0.465844, 0.751350, 0.467400,
		0.875625, -0.467563, -0.121098,
		0.127552, 0.465680, -0.875713,
		27.223270, 37.460979, 37.507645>
	pigment { color rgbt <0,1,1,0> }
	no_shadow
}
cylinder {
	<27.779844, 37.481670, 38.074326>,  <27.133984, 37.135002, 38.120644>, 0.130000
	pigment { color rgbt <1,0,0,0> }
	no_shadow
}

// nucleotide -1

// particle -1
sphere {
	<27.779844, 37.481670, 38.074326> 0.250000
	pigment { color rgbt <1,0,0,0> }
	no_shadow
}
cylinder {
	<27.587955, 37.689949, 37.791840>,  <27.472822, 37.814915, 37.622349>, 0.100000
	pigment { color rgbt <1,0,0,0> }
	no_shadow
}
cylinder {
	<27.587955, 37.689949, 37.791840>,  <27.779844, 37.481670, 38.074326>, 0.100000
	pigment { color rgbt <1,0,0,0> }
	no_shadow
}

// particle -1
sphere {
	<27.587955, 37.689949, 37.791840> 0.100000
	pigment { color rgbt <1,0,0,0> }
	no_shadow
}
sphere {
	0, 1
	scale<0.080000,0.200000,0.300000>
	matrix <0.197110, 0.848259, 0.491532,
		0.854993, 0.096597, -0.509564,
		-0.479723, 0.520697, -0.706215,
		27.444038, 37.846157, 37.579975>
	pigment { color rgbt <0,1,1,0> }
	no_shadow
}
cylinder {
	<28.166653, 38.089863, 37.617741>,  <27.779844, 37.481670, 38.074326>, 0.130000
	pigment { color rgbt <1,0,0,0> }
	no_shadow
}

// nucleotide -1

// particle -1
sphere {
	<28.166653, 38.089863, 37.617741> 0.250000
	pigment { color rgbt <1,0,0,0> }
	no_shadow
}
cylinder {
	<27.777777, 38.173679, 37.659576>,  <27.544451, 38.223969, 37.684677>, 0.100000
	pigment { color rgbt <1,0,0,0> }
	no_shadow
}
cylinder {
	<27.777777, 38.173679, 37.659576>,  <28.166653, 38.089863, 37.617741>, 0.100000
	pigment { color rgbt <1,0,0,0> }
	no_shadow
}

// particle -1
sphere {
	<27.777777, 38.173679, 37.659576> 0.100000
	pigment { color rgbt <1,0,0,0> }
	no_shadow
}
sphere {
	0, 1
	scale<0.080000,0.200000,0.300000>
	matrix <0.233167, 0.907800, 0.348615,
		-0.021896, 0.363307, -0.931412,
		-0.972190, 0.209542, 0.104588,
		27.486120, 38.236542, 37.690952>
	pigment { color rgbt <0,1,1,0> }
	no_shadow
}
cylinder {
	<27.931566, 38.612179, 37.188438>,  <28.166653, 38.089863, 37.617741>, 0.130000
	pigment { color rgbt <1,0,0,0> }
	no_shadow
}

// nucleotide -1

// particle -1
sphere {
	<27.931566, 38.612179, 37.188438> 0.250000
	pigment { color rgbt <1,0,0,0> }
	no_shadow
}
cylinder {
	<27.717752, 38.588608, 37.525673>,  <27.589464, 38.574463, 37.728016>, 0.100000
	pigment { color rgbt <1,0,0,0> }
	no_shadow
}
cylinder {
	<27.717752, 38.588608, 37.525673>,  <27.931566, 38.612179, 37.188438>, 0.100000
	pigment { color rgbt <1,0,0,0> }
	no_shadow
}

// particle -1
sphere {
	<27.717752, 38.588608, 37.525673> 0.100000
	pigment { color rgbt <1,0,0,0> }
	no_shadow
}
sphere {
	0, 1
	scale<0.080000,0.200000,0.300000>
	matrix <0.132978, 0.979276, 0.152759,
		-0.834619, 0.193768, -0.515622,
		-0.534536, -0.058930, 0.843089,
		27.557392, 38.570930, 37.778599>
	pigment { color rgbt <0,1,1,0> }
	no_shadow
}
cylinder {
	<27.533571, 39.294167, 37.141605>,  <27.931566, 38.612179, 37.188438>, 0.130000
	pigment { color rgbt <1,0,0,0> }
	no_shadow
}

// nucleotide -1

// particle -1
sphere {
	<27.533571, 39.294167, 37.141605> 0.250000
	pigment { color rgbt <1,0,0,0> }
	no_shadow
}
cylinder {
	<27.550701, 39.127022, 37.504604>,  <27.560978, 39.026733, 37.722404>, 0.100000
	pigment { color rgbt <1,0,0,0> }
	no_shadow
}
cylinder {
	<27.550701, 39.127022, 37.504604>,  <27.533571, 39.294167, 37.141605>, 0.100000
	pigment { color rgbt <1,0,0,0> }
	no_shadow
}

// particle -1
sphere {
	<27.550701, 39.127022, 37.504604> 0.100000
	pigment { color rgbt <1,0,0,0> }
	no_shadow
}
sphere {
	0, 1
	scale<0.080000,0.200000,0.300000>
	matrix <0.040930, 0.908306, 0.416299,
		-0.998244, 0.019317, 0.056000,
		0.042823, -0.417861, 0.907502,
		27.563549, 39.001663, 37.776855>
	pigment { color rgbt <0,1,1,0> }
	no_shadow
}
cylinder {
	<27.264307, 38.528404, 36.934067>,  <27.533571, 39.294167, 37.141605>, 0.130000
	pigment { color rgbt <1,0,0,0> }
	no_shadow
}

// nucleotide -1

// particle -1
sphere {
	<27.264307, 38.528404, 36.934067> 0.250000
	pigment { color rgbt <1,0,0,0> }
	no_shadow
}
cylinder {
	<27.467653, 38.229996, 37.106121>,  <27.589661, 38.050949, 37.209354>, 0.100000
	pigment { color rgbt <1,0,0,0> }
	no_shadow
}
cylinder {
	<27.467653, 38.229996, 37.106121>,  <27.264307, 38.528404, 36.934067>, 0.100000
	pigment { color rgbt <1,0,0,0> }
	no_shadow
}

// particle -1
sphere {
	<27.467653, 38.229996, 37.106121> 0.100000
	pigment { color rgbt <1,0,0,0> }
	no_shadow
}
sphere {
	0, 1
	scale<0.080000,0.200000,0.300000>
	matrix <-0.619960, -0.663734, -0.418459,
		0.597673, -0.053933, -0.799924,
		0.508368, -0.746022, 0.430132,
		27.620163, 38.006187, 37.235161>
	pigment { color rgbt <0,1,1,0> }
	no_shadow
}
cylinder {
	<27.405916, 38.065697, 36.401287>,  <27.264307, 38.528404, 36.934067>, 0.130000
	pigment { color rgbt <1,0,0,0> }
	no_shadow
}

// nucleotide -1

// particle -1
sphere {
	<27.405916, 38.065697, 36.401287> 0.250000
	pigment { color rgbt <1,0,0,0> }
	no_shadow
}
cylinder {
	<27.390314, 37.862587, 36.745529>,  <27.380953, 37.740723, 36.952076>, 0.100000
	pigment { color rgbt <1,0,0,0> }
	no_shadow
}
cylinder {
	<27.390314, 37.862587, 36.745529>,  <27.405916, 38.065697, 36.401287>, 0.100000
	pigment { color rgbt <1,0,0,0> }
	no_shadow
}

// particle -1
sphere {
	<27.390314, 37.862587, 36.745529> 0.100000
	pigment { color rgbt <1,0,0,0> }
	no_shadow
}
sphere {
	0, 1
	scale<0.080000,0.200000,0.300000>
	matrix <-0.570248, -0.695931, -0.436460,
		0.820546, -0.507784, -0.262411,
		-0.039007, -0.507774, 0.860606,
		27.378613, 37.710255, 37.003712>
	pigment { color rgbt <0,1,1,0> }
	no_shadow
}
cylinder {
	<27.800779, 37.400951, 36.365322>,  <27.405916, 38.065697, 36.401287>, 0.130000
	pigment { color rgbt <1,0,0,0> }
	no_shadow
}

// nucleotide -1

// particle -1
sphere {
	<27.800779, 37.400951, 36.365322> 0.250000
	pigment { color rgbt <1,0,0,0> }
	no_shadow
}
cylinder {
	<27.522917, 37.374519, 36.651840>,  <27.356199, 37.358658, 36.823753>, 0.100000
	pigment { color rgbt <1,0,0,0> }
	no_shadow
}
cylinder {
	<27.522917, 37.374519, 36.651840>,  <27.800779, 37.400951, 36.365322>, 0.100000
	pigment { color rgbt <1,0,0,0> }
	no_shadow
}

// particle -1
sphere {
	<27.522917, 37.374519, 36.651840> 0.100000
	pigment { color rgbt <1,0,0,0> }
	no_shadow
}
sphere {
	0, 1
	scale<0.080000,0.200000,0.300000>
	matrix <-0.453131, -0.733172, -0.507080,
		0.558680, -0.676825, 0.479360,
		-0.694658, -0.066083, 0.716299,
		27.314520, 37.354694, 36.866730>
	pigment { color rgbt <0,1,1,0> }
	no_shadow
}
cylinder {
	<27.779461, 36.662571, 36.486549>,  <27.800779, 37.400951, 36.365322>, 0.130000
	pigment { color rgbt <1,0,0,0> }
	no_shadow
}

// nucleotide -1

// particle -1
sphere {
	<27.779461, 36.662571, 36.486549> 0.250000
	pigment { color rgbt <1,0,0,0> }
	no_shadow
}
cylinder {
	<27.440653, 36.813297, 36.636517>,  <27.237368, 36.903732, 36.726498>, 0.100000
	pigment { color rgbt <1,0,0,0> }
	no_shadow
}
cylinder {
	<27.440653, 36.813297, 36.636517>,  <27.779461, 36.662571, 36.486549>, 0.100000
	pigment { color rgbt <1,0,0,0> }
	no_shadow
}

// particle -1
sphere {
	<27.440653, 36.813297, 36.636517> 0.100000
	pigment { color rgbt <1,0,0,0> }
	no_shadow
}
sphere {
	0, 1
	scale<0.080000,0.200000,0.300000>
	matrix <-0.518611, -0.740555, -0.427343,
		0.116619, -0.556406, 0.822686,
		-0.847020, 0.376818, 0.374920,
		27.186546, 36.926342, 36.748993>
	pigment { color rgbt <0,1,1,0> }
	no_shadow
}
cylinder {
	<27.503641, 36.093662, 36.940880>,  <27.779461, 36.662571, 36.486549>, 0.130000
	pigment { color rgbt <1,0,0,0> }
	no_shadow
}

// nucleotide -1

// particle -1
sphere {
	<27.503641, 36.093662, 36.940880> 0.250000
	pigment { color rgbt <1,0,0,0> }
	no_shadow
}
cylinder {
	<27.219515, 36.353676, 36.832878>,  <27.049038, 36.509686, 36.768078>, 0.100000
	pigment { color rgbt <1,0,0,0> }
	no_shadow
}
cylinder {
	<27.219515, 36.353676, 36.832878>,  <27.503641, 36.093662, 36.940880>, 0.100000
	pigment { color rgbt <1,0,0,0> }
	no_shadow
}

// particle -1
sphere {
	<27.219515, 36.353676, 36.832878> 0.100000
	pigment { color rgbt <1,0,0,0> }
	no_shadow
}
sphere {
	0, 1
	scale<0.080000,0.200000,0.300000>
	matrix <-0.438788, -0.708863, -0.552248,
		-0.550376, -0.273798, 0.788746,
		-0.710318, 0.650037, -0.270002,
		27.006420, 36.548687, 36.751877>
	pigment { color rgbt <0,1,1,0> }
	no_shadow
}
cylinder {
	<26.771921, 35.817242, 37.100014>,  <27.503641, 36.093662, 36.940880>, 0.130000
	pigment { color rgbt <1,0,0,0> }
	no_shadow
}

// nucleotide -1

// particle -1
sphere {
	<26.771921, 35.817242, 37.100014> 0.250000
	pigment { color rgbt <1,0,0,0> }
	no_shadow
}
cylinder {
	<26.739391, 36.060478, 36.784138>,  <26.719873, 36.206421, 36.594612>, 0.100000
	pigment { color rgbt <1,0,0,0> }
	no_shadow
}
cylinder {
	<26.739391, 36.060478, 36.784138>,  <26.771921, 35.817242, 37.100014>, 0.100000
	pigment { color rgbt <1,0,0,0> }
	no_shadow
}

// particle -1
sphere {
	<26.739391, 36.060478, 36.784138> 0.100000
	pigment { color rgbt <1,0,0,0> }
	no_shadow
}
sphere {
	0, 1
	scale<0.080000,0.200000,0.300000>
	matrix <-0.503058, -0.709033, -0.494172,
		-0.860418, 0.357073, 0.363565,
		-0.081324, 0.608088, -0.789693,
		26.714994, 36.242905, 36.547230>
	pigment { color rgbt <0,1,1,0> }
	no_shadow
}
cylinder {
	<25.996874, 36.097118, 37.367920>,  <26.771921, 35.817242, 37.100014>, 0.130000
	pigment { color rgbt <1,0,0,0> }
	no_shadow
}

// nucleotide -1

// particle -1
sphere {
	<25.996874, 36.097118, 37.367920> 0.250000
	pigment { color rgbt <1,0,0,0> }
	no_shadow
}
cylinder {
	<26.058973, 36.355141, 37.068642>,  <26.096233, 36.509956, 36.889076>, 0.100000
	pigment { color rgbt <1,0,0,0> }
	no_shadow
}
cylinder {
	<26.058973, 36.355141, 37.068642>,  <25.996874, 36.097118, 37.367920>, 0.100000
	pigment { color rgbt <1,0,0,0> }
	no_shadow
}

// particle -1
sphere {
	<26.058973, 36.355141, 37.068642> 0.100000
	pigment { color rgbt <1,0,0,0> }
	no_shadow
}
sphere {
	0, 1
	scale<0.080000,0.200000,0.300000>
	matrix <-0.642957, -0.509029, -0.572272,
		-0.750003, 0.569903, 0.335718,
		0.155249, 0.645058, -0.748197,
		26.105549, 36.548656, 36.844181>
	pigment { color rgbt <0,1,1,0> }
	no_shadow
}
cylinder {
	<25.473141, 36.399822, 37.298832>,  <25.996874, 36.097118, 37.367920>, 0.130000
	pigment { color rgbt <1,0,0,0> }
	no_shadow
}

// nucleotide -1

// particle -1
sphere {
	<25.473141, 36.399822, 37.298832> 0.250000
	pigment { color rgbt <1,0,0,0> }
	no_shadow
}
cylinder {
	<25.675289, 36.390766, 36.953789>,  <25.796577, 36.385330, 36.746765>, 0.100000
	pigment { color rgbt <1,0,0,0> }
	no_shadow
}
cylinder {
	<25.675289, 36.390766, 36.953789>,  <25.473141, 36.399822, 37.298832>, 0.100000
	pigment { color rgbt <1,0,0,0> }
	no_shadow
}

// particle -1
sphere {
	<25.675289, 36.390766, 36.953789> 0.100000
	pigment { color rgbt <1,0,0,0> }
	no_shadow
}
sphere {
	0, 1
	scale<0.080000,0.200000,0.300000>
	matrix <-0.726060, -0.551360, -0.410900,
		-0.466301, 0.833960, -0.295083,
		0.505371, -0.022645, -0.862605,
		25.826900, 36.383972, 36.695007>
	pigment { color rgbt <0,1,1,0> }
	no_shadow
}
cylinder {
	<25.108217, 36.137749, 36.669899>,  <25.473141, 36.399822, 37.298832>, 0.130000
	pigment { color rgbt <1,0,0,0> }
	no_shadow
}

// nucleotide -1

// particle -1
sphere {
	<25.108217, 36.137749, 36.669899> 0.250000
	pigment { color rgbt <1,0,0,0> }
	no_shadow
}
cylinder {
	<25.440758, 36.241932, 36.473526>,  <25.640282, 36.304443, 36.355701>, 0.100000
	pigment { color rgbt <1,0,0,0> }
	no_shadow
}
cylinder {
	<25.440758, 36.241932, 36.473526>,  <25.108217, 36.137749, 36.669899>, 0.100000
	pigment { color rgbt <1,0,0,0> }
	no_shadow
}

// particle -1
sphere {
	<25.440758, 36.241932, 36.473526> 0.100000
	pigment { color rgbt <1,0,0,0> }
	no_shadow
}
sphere {
	0, 1
	scale<0.080000,0.200000,0.300000>
	matrix <-0.345965, -0.448784, -0.823955,
		-0.434931, 0.854841, -0.282986,
		0.831350, 0.260460, -0.490935,
		25.690163, 36.320068, 36.326244>
	pigment { color rgbt <0,1,1,0> }
	no_shadow
}
cylinder {
	<24.849756, 36.396557, 36.011097>,  <25.108217, 36.137749, 36.669899>, 0.130000
	pigment { color rgbt <1,0,0,0> }
	no_shadow
}

// nucleotide -1

// particle -1
sphere {
	<24.849756, 36.396557, 36.011097> 0.250000
	pigment { color rgbt <1,0,0,0> }
	no_shadow
}
cylinder {
	<25.221731, 36.249760, 36.001862>,  <25.444916, 36.161682, 35.996319>, 0.100000
	pigment { color rgbt <1,0,0,0> }
	no_shadow
}
cylinder {
	<25.221731, 36.249760, 36.001862>,  <24.849756, 36.396557, 36.011097>, 0.100000
	pigment { color rgbt <1,0,0,0> }
	no_shadow
}

// particle -1
sphere {
	<25.221731, 36.249760, 36.001862> 0.100000
	pigment { color rgbt <1,0,0,0> }
	no_shadow
}
sphere {
	0, 1
	scale<0.080000,0.200000,0.300000>
	matrix <-0.285179, -0.680138, -0.675341,
		0.232141, 0.634610, -0.737144,
		0.929937, -0.366992, -0.023090,
		25.500713, 36.139664, 35.994934>
	pigment { color rgbt <0,1,1,0> }
	no_shadow
}
cylinder {
	<25.044483, 36.511929, 35.349586>,  <24.849756, 36.396557, 36.011097>, 0.130000
	pigment { color rgbt <1,0,0,0> }
	no_shadow
}

// nucleotide -1

// particle -1
sphere {
	<25.044483, 36.511929, 35.349586> 0.250000
	pigment { color rgbt <1,0,0,0> }
	no_shadow
}
cylinder {
	<25.239426, 36.199615, 35.505978>,  <25.356392, 36.012226, 35.599812>, 0.100000
	pigment { color rgbt <1,0,0,0> }
	no_shadow
}
cylinder {
	<25.239426, 36.199615, 35.505978>,  <25.044483, 36.511929, 35.349586>, 0.100000
	pigment { color rgbt <1,0,0,0> }
	no_shadow
}

// particle -1
sphere {
	<25.239426, 36.199615, 35.505978> 0.100000
	pigment { color rgbt <1,0,0,0> }
	no_shadow
}
sphere {
	0, 1
	scale<0.080000,0.200000,0.300000>
	matrix <-0.292835, -0.567962, -0.769199,
		0.822636, 0.260383, -0.505441,
		0.487357, -0.780782, 0.390977,
		25.385633, 35.965382, 35.623272>
	pigment { color rgbt <0,1,1,0> }
	no_shadow
}
cylinder {
	<25.472466, 36.146618, 34.707729>,  <25.044483, 36.511929, 35.349586>, 0.130000
	pigment { color rgbt <1,0,0,0> }
	no_shadow
}

// nucleotide -1

// particle -1
sphere {
	<25.472466, 36.146618, 34.707729> 0.250000
	pigment { color rgbt <1,0,0,0> }
	no_shadow
}
cylinder {
	<25.362976, 35.894878, 34.998657>,  <25.297283, 35.743835, 35.173214>, 0.100000
	pigment { color rgbt <1,0,0,0> }
	no_shadow
}
cylinder {
	<25.362976, 35.894878, 34.998657>,  <25.472466, 36.146618, 34.707729>, 0.100000
	pigment { color rgbt <1,0,0,0> }
	no_shadow
}

// particle -1
sphere {
	<25.362976, 35.894878, 34.998657> 0.100000
	pigment { color rgbt <1,0,0,0> }
	no_shadow
}
sphere {
	0, 1
	scale<0.080000,0.200000,0.300000>
	matrix <-0.291527, -0.666339, -0.686298,
		0.916563, -0.399889, -0.001080,
		-0.273723, -0.629350, 0.727320,
		25.280859, 35.706074, 35.216854>
	pigment { color rgbt <0,1,1,0> }
	no_shadow
}
cylinder {
	<26.300682, 35.965050, 34.674706>,  <25.472466, 36.146618, 34.707729>, 0.130000
	pigment { color rgbt <1,0,0,0> }
	no_shadow
}

// nucleotide -1

// particle -1
sphere {
	<26.300682, 35.965050, 34.674706> 0.250000
	pigment { color rgbt <1,0,0,0> }
	no_shadow
}
cylinder {
	<26.070818, 35.984447, 34.347923>,  <25.932899, 35.996086, 34.151855>, 0.100000
	pigment { color rgbt <1,0,0,0> }
	no_shadow
}
cylinder {
	<26.070818, 35.984447, 34.347923>,  <26.300682, 35.965050, 34.674706>, 0.100000
	pigment { color rgbt <1,0,0,0> }
	no_shadow
}

// particle -1
sphere {
	<26.070818, 35.984447, 34.347923> 0.100000
	pigment { color rgbt <1,0,0,0> }
	no_shadow
}
sphere {
	0, 1
	scale<0.080000,0.200000,0.300000>
	matrix <0.708862, 0.528376, -0.467261,
		0.408996, -0.847624, -0.338016,
		-0.574662, 0.048499, -0.816952,
		25.898420, 35.998997, 34.102837>
	pigment { color rgbt <0,1,1,0> }
	no_shadow
}
cylinder {
	<26.634558, 35.550953, 34.023865>,  <26.300682, 35.965050, 34.674706>, 0.130000
	pigment { color rgbt <1,0,0,0> }
	no_shadow
}

// nucleotide -1

// particle -1
sphere {
	<26.634558, 35.550953, 34.023865> 0.250000
	pigment { color rgbt <1,0,0,0> }
	no_shadow
}
cylinder {
	<26.390844, 35.865135, 33.980358>,  <26.244616, 36.053646, 33.954254>, 0.100000
	pigment { color rgbt <1,0,0,0> }
	no_shadow
}
cylinder {
	<26.390844, 35.865135, 33.980358>,  <26.634558, 35.550953, 34.023865>, 0.100000
	pigment { color rgbt <1,0,0,0> }
	no_shadow
}

// particle -1
sphere {
	<26.390844, 35.865135, 33.980358> 0.100000
	pigment { color rgbt <1,0,0,0> }
	no_shadow
}
sphere {
	0, 1
	scale<0.080000,0.200000,0.300000>
	matrix <0.753792, 0.531147, -0.386886,
		-0.246112, -0.317711, -0.915690,
		-0.609284, 0.785457, -0.108766,
		26.208059, 36.100773, 33.947727>
	pigment { color rgbt <0,1,1,0> }
	no_shadow
}
cylinder {
	<26.542013, 35.714111, 33.302479>,  <26.634558, 35.550953, 34.023865>, 0.130000
	pigment { color rgbt <1,0,0,0> }
	no_shadow
}

// nucleotide -1

// particle -1
sphere {
	<26.542013, 35.714111, 33.302479> 0.250000
	pigment { color rgbt <1,0,0,0> }
	no_shadow
}
cylinder {
	<26.498987, 36.036739, 33.534988>,  <26.473171, 36.230316, 33.674492>, 0.100000
	pigment { color rgbt <1,0,0,0> }
	no_shadow
}
cylinder {
	<26.498987, 36.036739, 33.534988>,  <26.542013, 35.714111, 33.302479>, 0.100000
	pigment { color rgbt <1,0,0,0> }
	no_shadow
}

// particle -1
sphere {
	<26.498987, 36.036739, 33.534988> 0.100000
	pigment { color rgbt <1,0,0,0> }
	no_shadow
}
sphere {
	0, 1
	scale<0.080000,0.200000,0.300000>
	matrix <0.790906, 0.423684, -0.441542,
		-0.602410, 0.412237, -0.683493,
		-0.107565, 0.806568, 0.581272,
		26.466717, 36.278709, 33.709370>
	pigment { color rgbt <0,1,1,0> }
	no_shadow
}
cylinder {
	<26.378454, 36.340904, 32.959763>,  <26.542013, 35.714111, 33.302479>, 0.130000
	pigment { color rgbt <1,0,0,0> }
	no_shadow
}

// nucleotide -1

// particle -1
sphere {
	<26.378454, 36.340904, 32.959763> 0.250000
	pigment { color rgbt <1,0,0,0> }
	no_shadow
}
cylinder {
	<26.636261, 36.382816, 33.262714>,  <26.790945, 36.407963, 33.444485>, 0.100000
	pigment { color rgbt <1,0,0,0> }
	no_shadow
}
cylinder {
	<26.636261, 36.382816, 33.262714>,  <26.378454, 36.340904, 32.959763>, 0.100000
	pigment { color rgbt <1,0,0,0> }
	no_shadow
}

// particle -1
sphere {
	<26.636261, 36.382816, 33.262714> 0.100000
	pigment { color rgbt <1,0,0,0> }
	no_shadow
}
sphere {
	0, 1
	scale<0.080000,0.200000,0.300000>
	matrix <0.694463, 0.334186, -0.637213,
		-0.319870, 0.936665, 0.142625,
		0.644518, 0.104778, 0.757376,
		26.829617, 36.414249, 33.489925>
	pigment { color rgbt <0,1,1,0> }
	no_shadow
}
cylinder {
	<26.829367, 36.926407, 32.849190>,  <26.378454, 36.340904, 32.959763>, 0.130000
	pigment { color rgbt <1,0,0,0> }
	no_shadow
}

// nucleotide -1

// particle -1
sphere {
	<26.829367, 36.926407, 32.849190> 0.250000
	pigment { color rgbt <1,0,0,0> }
	no_shadow
}
cylinder {
	<27.038511, 36.734444, 33.130985>,  <27.163998, 36.619267, 33.300060>, 0.100000
	pigment { color rgbt <1,0,0,0> }
	no_shadow
}
cylinder {
	<27.038511, 36.734444, 33.130985>,  <26.829367, 36.926407, 32.849190>, 0.100000
	pigment { color rgbt <1,0,0,0> }
	no_shadow
}

// particle -1
sphere {
	<27.038511, 36.734444, 33.130985> 0.100000
	pigment { color rgbt <1,0,0,0> }
	no_shadow
}
sphere {
	0, 1
	scale<0.080000,0.200000,0.300000>
	matrix <0.852059, 0.270305, -0.448254,
		0.024696, 0.834638, 0.550245,
		0.522864, -0.479911, 0.704485,
		27.195370, 36.590469, 33.342331>
	pigment { color rgbt <0,1,1,0> }
	no_shadow
}
cylinder {
	<27.403160, 37.348892, 32.972786>,  <26.829367, 36.926407, 32.849190>, 0.130000
	pigment { color rgbt <1,0,0,0> }
	no_shadow
}

// nucleotide -1

// particle -1
sphere {
	<27.403160, 37.348892, 32.972786> 0.250000
	pigment { color rgbt <1,0,0,0> }
	no_shadow
}
cylinder {
	<27.514885, 37.001499, 33.136597>,  <27.581921, 36.793064, 33.234882>, 0.100000
	pigment { color rgbt <1,0,0,0> }
	no_shadow
}
cylinder {
	<27.514885, 37.001499, 33.136597>,  <27.403160, 37.348892, 32.972786>, 0.100000
	pigment { color rgbt <1,0,0,0> }
	no_shadow
}

// particle -1
sphere {
	<27.514885, 37.001499, 33.136597> 0.100000
	pigment { color rgbt <1,0,0,0> }
	no_shadow
}
sphere {
	0, 1
	scale<0.080000,0.200000,0.300000>
	matrix <0.947443, 0.179985, -0.264495,
		0.156001, 0.461884, 0.873114,
		0.279313, -0.868487, 0.409531,
		27.598679, 36.740952, 33.259457>
	pigment { color rgbt <0,1,1,0> }
	no_shadow
}
cylinder {
	<27.843599, 37.457382, 33.586662>,  <27.403160, 37.348892, 32.972786>, 0.130000
	pigment { color rgbt <1,0,0,0> }
	no_shadow
}

// nucleotide -1

// particle -1
sphere {
	<27.843599, 37.457382, 33.586662> 0.250000
	pigment { color rgbt <1,0,0,0> }
	no_shadow
}
cylinder {
	<27.954639, 37.097713, 33.451359>,  <28.021263, 36.881912, 33.370174>, 0.100000
	pigment { color rgbt <1,0,0,0> }
	no_shadow
}
cylinder {
	<27.954639, 37.097713, 33.451359>,  <27.843599, 37.457382, 33.586662>, 0.100000
	pigment { color rgbt <1,0,0,0> }
	no_shadow
}

// particle -1
sphere {
	<27.954639, 37.097713, 33.451359> 0.100000
	pigment { color rgbt <1,0,0,0> }
	no_shadow
}
sphere {
	0, 1
	scale<0.080000,0.200000,0.300000>
	matrix <0.951389, 0.306199, -0.033171,
		0.133402, -0.312611, 0.940467,
		0.277601, -0.899175, -0.338262,
		28.037920, 36.827961, 33.349880>
	pigment { color rgbt <0,1,1,0> }
	no_shadow
}
cylinder {
	<28.431103, 37.210094, 34.075230>,  <27.843599, 37.457382, 33.586662>, 0.130000
	pigment { color rgbt <1,0,0,0> }
	no_shadow
}

// nucleotide -1

// particle -1
sphere {
	<28.431103, 37.210094, 34.075230> 0.250000
	pigment { color rgbt <1,0,0,0> }
	no_shadow
}
cylinder {
	<28.412216, 37.041023, 33.713211>,  <28.400885, 36.939583, 33.495998>, 0.100000
	pigment { color rgbt <1,0,0,0> }
	no_shadow
}
cylinder {
	<28.412216, 37.041023, 33.713211>,  <28.431103, 37.210094, 34.075230>, 0.100000
	pigment { color rgbt <1,0,0,0> }
	no_shadow
}

// particle -1
sphere {
	<28.412216, 37.041023, 33.713211> 0.100000
	pigment { color rgbt <1,0,0,0> }
	no_shadow
}
sphere {
	0, 1
	scale<0.080000,0.200000,0.300000>
	matrix <0.955215, 0.245870, -0.164661,
		0.292123, -0.872292, 0.392136,
		-0.047218, -0.422675, -0.905050,
		28.398050, 36.914219, 33.441696>
	pigment { color rgbt <0,1,1,0> }
	no_shadow
}
cylinder {
	<28.567314, 36.423676, 34.141449>,  <28.431103, 37.210094, 34.075230>, 0.130000
	pigment { color rgbt <1,0,0,0> }
	no_shadow
}

// nucleotide -1

// particle -1
sphere {
	<28.567314, 36.423676, 34.141449> 0.250000
	pigment { color rgbt <1,0,0,0> }
	no_shadow
}
cylinder {
	<28.596434, 36.223240, 33.796516>,  <28.613905, 36.102978, 33.589558>, 0.100000
	pigment { color rgbt <1,0,0,0> }
	no_shadow
}
cylinder {
	<28.596434, 36.223240, 33.796516>,  <28.567314, 36.423676, 34.141449>, 0.100000
	pigment { color rgbt <1,0,0,0> }
	no_shadow
}

// particle -1
sphere {
	<28.596434, 36.223240, 33.796516> 0.100000
	pigment { color rgbt <1,0,0,0> }
	no_shadow
}
sphere {
	0, 1
	scale<0.080000,0.200000,0.300000>
	matrix <0.991458, 0.130180, 0.008056,
		0.108221, -0.855550, 0.506284,
		0.072801, -0.501087, -0.862329,
		28.618275, 36.072914, 33.537819>
	pigment { color rgbt <0,1,1,0> }
	no_shadow
}
cylinder {
	<29.099897, 35.886452, 34.143864>,  <28.567314, 36.423676, 34.141449>, 0.130000
	pigment { color rgbt <1,0,0,0> }
	no_shadow
}

// nucleotide -1

// particle -1
sphere {
	<29.099897, 35.886452, 34.143864> 0.250000
	pigment { color rgbt <1,0,0,0> }
	no_shadow
}
cylinder {
	<29.039639, 36.045364, 33.781765>,  <29.003483, 36.140713, 33.564507>, 0.100000
	pigment { color rgbt <1,0,0,0> }
	no_shadow
}
cylinder {
	<29.039639, 36.045364, 33.781765>,  <29.099897, 35.886452, 34.143864>, 0.100000
	pigment { color rgbt <1,0,0,0> }
	no_shadow
}

// particle -1
sphere {
	<29.039639, 36.045364, 33.781765> 0.100000
	pigment { color rgbt <1,0,0,0> }
	no_shadow
}
sphere {
	0, 1
	scale<0.080000,0.200000,0.300000>
	matrix <0.988576, 0.065072, -0.135955,
		0.004893, -0.915387, -0.402546,
		-0.150646, 0.397282, -0.905247,
		28.994444, 36.164547, 33.510189>
	pigment { color rgbt <0,1,1,0> }
	no_shadow
}
cylinder {
	<29.606541, 35.633312, 33.824821>,  <29.099897, 35.886452, 34.143864>, 0.130000
	pigment { color rgbt <1,0,0,0> }
	no_shadow
}

// nucleotide -1

// particle -1
sphere {
	<29.606541, 35.633312, 33.824821> 0.250000
	pigment { color rgbt <1,0,0,0> }
	no_shadow
}
cylinder {
	<29.526136, 35.924450, 33.562572>,  <29.477894, 36.099133, 33.405224>, 0.100000
	pigment { color rgbt <1,0,0,0> }
	no_shadow
}
cylinder {
	<29.526136, 35.924450, 33.562572>,  <29.606541, 35.633312, 33.824821>, 0.100000
	pigment { color rgbt <1,0,0,0> }
	no_shadow
}

// particle -1
sphere {
	<29.526136, 35.924450, 33.562572> 0.100000
	pigment { color rgbt <1,0,0,0> }
	no_shadow
}
sphere {
	0, 1
	scale<0.080000,0.200000,0.300000>
	matrix <0.957517, 0.004714, -0.288339,
		-0.206776, -0.685724, -0.697872,
		-0.201010, 0.727846, -0.655618,
		29.465834, 36.142803, 33.365887>
	pigment { color rgbt <0,1,1,0> }
	no_shadow
}
cylinder {
	<29.804192, 35.393112, 33.029396>,  <29.606541, 35.633312, 33.824821>, 0.130000
	pigment { color rgbt <1,0,0,0> }
	no_shadow
}

// nucleotide -1

// particle -1
sphere {
	<29.804192, 35.393112, 33.029396> 0.250000
	pigment { color rgbt <1,0,0,0> }
	no_shadow
}
cylinder {
	<29.813759, 35.786701, 33.100079>,  <29.819500, 36.022854, 33.142487>, 0.100000
	pigment { color rgbt <1,0,0,0> }
	no_shadow
}
cylinder {
	<29.813759, 35.786701, 33.100079>,  <29.804192, 35.393112, 33.029396>, 0.100000
	pigment { color rgbt <1,0,0,0> }
	no_shadow
}

// particle -1
sphere {
	<29.813759, 35.786701, 33.100079> 0.100000
	pigment { color rgbt <1,0,0,0> }
	no_shadow
}
sphere {
	0, 1
	scale<0.080000,0.200000,0.300000>
	matrix <0.967992, 0.021376, -0.250067,
		-0.249837, 0.177030, -0.951967,
		0.023920, 0.983973, 0.176705,
		29.820934, 36.081894, 33.153091>
	pigment { color rgbt <0,1,1,0> }
	no_shadow
}
cylinder {
	<29.993662, 35.748234, 32.361610>,  <29.804192, 35.393112, 33.029396>, 0.130000
	pigment { color rgbt <1,0,0,0> }
	no_shadow
}

// nucleotide -1

// particle -1
sphere {
	<29.993662, 35.748234, 32.361610> 0.250000
	pigment { color rgbt <1,0,0,0> }
	no_shadow
}
cylinder {
	<30.087896, 35.922081, 32.709312>,  <30.144438, 36.026390, 32.917934>, 0.100000
	pigment { color rgbt <1,0,0,0> }
	no_shadow
}
cylinder {
	<30.087896, 35.922081, 32.709312>,  <29.993662, 35.748234, 32.361610>, 0.100000
	pigment { color rgbt <1,0,0,0> }
	no_shadow
}

// particle -1
sphere {
	<30.087896, 35.922081, 32.709312> 0.100000
	pigment { color rgbt <1,0,0,0> }
	no_shadow
}
sphere {
	0, 1
	scale<0.080000,0.200000,0.300000>
	matrix <0.956917, 0.052474, -0.285582,
		-0.169733, 0.899085, -0.403532,
		0.235588, 0.434619, 0.869255,
		30.158573, 36.052467, 32.970089>
	pigment { color rgbt <0,1,1,0> }
	no_shadow
}
cylinder {
	<30.307699, 36.394127, 32.205833>,  <29.993662, 35.748234, 32.361610>, 0.130000
	pigment { color rgbt <1,0,0,0> }
	no_shadow
}

// nucleotide -1

// particle -1
sphere {
	<30.307699, 36.394127, 32.205833> 0.250000
	pigment { color rgbt <1,0,0,0> }
	no_shadow
}
cylinder {
	<30.426086, 36.199570, 32.534668>,  <30.497118, 36.082836, 32.731968>, 0.100000
	pigment { color rgbt <1,0,0,0> }
	no_shadow
}
cylinder {
	<30.426086, 36.199570, 32.534668>,  <30.307699, 36.394127, 32.205833>, 0.100000
	pigment { color rgbt <1,0,0,0> }
	no_shadow
}

// particle -1
sphere {
	<30.426086, 36.199570, 32.534668> 0.100000
	pigment { color rgbt <1,0,0,0> }
	no_shadow
}
sphere {
	0, 1
	scale<0.080000,0.200000,0.300000>
	matrix <0.940689, -0.001019, -0.339269,
		0.165855, 0.873742, 0.457240,
		0.295968, -0.486390, 0.822088,
		30.514877, 36.053654, 32.781296>
	pigment { color rgbt <0,1,1,0> }
	no_shadow
}
cylinder {
	<30.608044, 36.837097, 32.674313>,  <30.307699, 36.394127, 32.205833>, 0.130000
	pigment { color rgbt <1,0,0,0> }
	no_shadow
}

// nucleotide -1

// particle -1
sphere {
	<30.608044, 36.837097, 32.674313> 0.250000
	pigment { color rgbt <1,0,0,0> }
	no_shadow
}
cylinder {
	<30.746120, 36.463375, 32.638721>,  <30.828966, 36.239143, 32.617367>, 0.100000
	pigment { color rgbt <1,0,0,0> }
	no_shadow
}
cylinder {
	<30.746120, 36.463375, 32.638721>,  <30.608044, 36.837097, 32.674313>, 0.100000
	pigment { color rgbt <1,0,0,0> }
	no_shadow
}

// particle -1
sphere {
	<30.746120, 36.463375, 32.638721> 0.100000
	pigment { color rgbt <1,0,0,0> }
	no_shadow
}
sphere {
	0, 1
	scale<0.080000,0.200000,0.300000>
	matrix <0.828453, 0.347885, -0.438908,
		0.441028, 0.077794, 0.894115,
		0.345194, -0.934304, -0.088978,
		30.849678, 36.183083, 32.612026>
	pigment { color rgbt <0,1,1,0> }
	no_shadow
}
cylinder {
	<29.791149, 37.106297, 32.803020>,  <30.608044, 36.837097, 32.674313>, 0.130000
	pigment { color rgbt <1,0,0,0> }
	no_shadow
}

// nucleotide -1

// particle -1
sphere {
	<29.791149, 37.106297, 32.803020> 0.250000
	pigment { color rgbt <1,0,0,0> }
	no_shadow
}
cylinder {
	<29.814827, 36.707741, 32.778660>,  <29.829033, 36.468609, 32.764046>, 0.100000
	pigment { color rgbt <1,0,0,0> }
	no_shadow
}
cylinder {
	<29.814827, 36.707741, 32.778660>,  <29.791149, 37.106297, 32.803020>, 0.100000
	pigment { color rgbt <1,0,0,0> }
	no_shadow
}

// particle -1
sphere {
	<29.814827, 36.707741, 32.778660> 0.100000
	pigment { color rgbt <1,0,0,0> }
	no_shadow
}
sphere {
	0, 1
	scale<0.080000,0.200000,0.300000>
	matrix <-0.975334, -0.070723, 0.209097,
