// switches for output
#declare DRAW_BASES = 1; // possible values are 0, 1; only relevant for DNA ribbons
#declare DRAW_BASES_TYPE = 3; // possible values are 1, 2, 3; only relevant for DNA ribbons
#declare DRAW_FOG = 0; // set to 1 to enable fog

#include "colors.inc"

#include "transforms.inc"
background { rgb <1, 1, 1>}

#default {
   normal{
       ripples 0.25
       frequency 0.20
       turbulence 0.2
       lambda 5
   }
	finish {
		phong 0.1
		phong_size 40.
	}
}

// original window dimensions: 1024x640


// camera settings

camera {
	sky <0, 0.179814, -0.983701>
	up <0, 0.179814, -0.983701>
	right 1.6 * <1, 0, 0>
	location <35, 94.9851, 44.8844>
	look_at <35, 29.7336, 32.9568>
	direction <0, -65.2515, -11.9276>
	angle 67.0682
}


# declare cpy_camera_pos = <35, 94.9851, 44.8844>;
# if (DRAW_FOG = 1)
fog {
	fog_type 2
	up vnormalize(cpy_camera_pos)
	color rgbt<1,1,1,0.3>
	distance 1e-5
	fog_alt 3e-3
	fog_offset 56
}
# end


// LIGHTS

# declare lum = 6;
global_settings {
	ambient_light rgb lum * <0.05, 0.05, 0.05>
	max_trace_level 15
}# declare cpy_direct_light_amount = 0.25;
light_source
{	1000 * <-1, -1.16352, -0.803886>,
	rgb lum * cpy_direct_light_amount
	parallel
}

light_source
{	1000 * <1, 1.16352, 0.803886>,
	rgb lum * cpy_direct_light_amount
	parallel
}

// strand 0

// nucleotide -1

// particle -1
sphere {
	<23.837870, 34.719788, 35.057892> 0.250000
	pigment { color rgbt <1,0,0,0> }
	no_shadow
}
cylinder {
	<24.182985, 34.901890, 34.969948>,  <24.390055, 35.011150, 34.917183>, 0.100000
	pigment { color rgbt <1,0,0,0> }
	no_shadow
}
cylinder {
	<24.182985, 34.901890, 34.969948>,  <23.837870, 34.719788, 35.057892>, 0.100000
	pigment { color rgbt <1,0,0,0> }
	no_shadow
}

// particle -1
sphere {
	<24.182985, 34.901890, 34.969948> 0.100000
	pigment { color rgbt <1,0,0,0> }
	no_shadow
}
sphere {
	0, 1
	scale<0.080000,0.200000,0.300000>
	matrix <0.504481, -0.746773, 0.433392,
		0.033118, -0.484841, -0.873975,
		0.862788, 0.455257, -0.219861,
		24.441822, 35.038467, 34.903988>
	pigment { color rgbt <0,1,1,0> }
	no_shadow
}
cylinder {
	<24.227810, 34.206028, 34.743099>,  <23.837870, 34.719788, 35.057892>, 0.130000
	pigment { color rgbt <1,0,0,0> }
	no_shadow
}

// nucleotide -1

// particle -1
sphere {
	<24.227810, 34.206028, 34.743099> 0.250000
	pigment { color rgbt <1,0,0,0> }
	no_shadow
}
cylinder {
	<24.485590, 34.489716, 34.857426>,  <24.640259, 34.659927, 34.926022>, 0.100000
	pigment { color rgbt <1,0,0,0> }
	no_shadow
}
cylinder {
	<24.485590, 34.489716, 34.857426>,  <24.227810, 34.206028, 34.743099>, 0.100000
	pigment { color rgbt <1,0,0,0> }
	no_shadow
}

// particle -1
sphere {
	<24.485590, 34.489716, 34.857426> 0.100000
	pigment { color rgbt <1,0,0,0> }
	no_shadow
}
sphere {
	0, 1
	scale<0.080000,0.200000,0.300000>
	matrix <0.637085, -0.704726, 0.312223,
		0.422855, -0.019125, -0.905995,
		0.644450, 0.709222, 0.285813,
		24.678925, 34.702480, 34.943169>
	pigment { color rgbt <0,1,1,0> }
	no_shadow
}
cylinder {
	<24.846983, 34.179440, 34.406887>,  <24.227810, 34.206028, 34.743099>, 0.130000
	pigment { color rgbt <1,0,0,0> }
	no_shadow
}

// nucleotide -1

// particle -1
sphere {
	<24.846983, 34.179440, 34.406887> 0.250000
	pigment { color rgbt <1,0,0,0> }
	no_shadow
}
cylinder {
	<24.943354, 34.370407, 34.744888>,  <25.001175, 34.484989, 34.947689>, 0.100000
	pigment { color rgbt <1,0,0,0> }
	no_shadow
}
cylinder {
	<24.943354, 34.370407, 34.744888>,  <24.846983, 34.179440, 34.406887>, 0.100000
	pigment { color rgbt <1,0,0,0> }
	no_shadow
}

// particle -1
sphere {
	<24.943354, 34.370407, 34.744888> 0.100000
	pigment { color rgbt <1,0,0,0> }
	no_shadow
}
sphere {
	0, 1
	scale<0.080000,0.200000,0.300000>
	matrix <0.668965, -0.712476, 0.211809,
		0.703165, 0.514246, -0.491030,
		0.240925, 0.477418, 0.845001,
		25.015631, 34.513634, 34.998390>
	pigment { color rgbt <0,1,1,0> }
	no_shadow
}
cylinder {
	<25.613125, 34.226204, 34.461349>,  <24.846983, 34.179440, 34.406887>, 0.130000
	pigment { color rgbt <1,0,0,0> }
	no_shadow
}

// nucleotide -1

// particle -1
sphere {
	<25.613125, 34.226204, 34.461349> 0.250000
	pigment { color rgbt <1,0,0,0> }
	no_shadow
}
cylinder {
	<25.480938, 34.277153, 34.835423>,  <25.401625, 34.307724, 35.059868>, 0.100000
	pigment { color rgbt <1,0,0,0> }
	no_shadow
}
cylinder {
	<25.480938, 34.277153, 34.835423>,  <25.613125, 34.226204, 34.461349>, 0.100000
	pigment { color rgbt <1,0,0,0> }
	no_shadow
}

// particle -1
sphere {
	<25.480938, 34.277153, 34.835423> 0.100000
	pigment { color rgbt <1,0,0,0> }
	no_shadow
}
sphere {
	0, 1
	scale<0.080000,0.200000,0.300000>
	matrix <0.690166, -0.643258, 0.331497,
		0.643787, 0.754981, 0.124669,
		-0.330468, 0.127372, 0.935183,
		25.381798, 34.315365, 35.115978>
	pigment { color rgbt <0,1,1,0> }
	no_shadow
}
cylinder {
	<26.208920, 34.365505, 34.806538>,  <25.613125, 34.226204, 34.461349>, 0.130000
	pigment { color rgbt <1,0,0,0> }
	no_shadow
}

// nucleotide -1

// particle -1
sphere {
	<26.208920, 34.365505, 34.806538> 0.250000
	pigment { color rgbt <1,0,0,0> }
	no_shadow
}
cylinder {
	<25.935448, 34.241997, 35.071037>,  <25.771364, 34.167892, 35.229736>, 0.100000
	pigment { color rgbt <1,0,0,0> }
	no_shadow
}
cylinder {
	<25.935448, 34.241997, 35.071037>,  <26.208920, 34.365505, 34.806538>, 0.100000
	pigment { color rgbt <1,0,0,0> }
	no_shadow
}

// particle -1
sphere {
	<25.935448, 34.241997, 35.071037> 0.100000
	pigment { color rgbt <1,0,0,0> }
	no_shadow
}
sphere {
	0, 1
	scale<0.080000,0.200000,0.300000>
	matrix <0.653345, -0.662667, 0.366077,
		0.325152, 0.682300, 0.654785,
		-0.683679, -0.308770, 0.661245,
		25.730345, 34.149364, 35.269409>
	pigment { color rgbt <0,1,1,0> }
	no_shadow
}
cylinder {
	<26.467489, 34.297756, 35.525421>,  <26.208920, 34.365505, 34.806538>, 0.130000
	pigment { color rgbt <1,0,0,0> }
	no_shadow
}

// nucleotide -1

// particle -1
sphere {
	<26.467489, 34.297756, 35.525421> 0.250000
	pigment { color rgbt <1,0,0,0> }
	no_shadow
}
cylinder {
	<26.156780, 34.049477, 35.482792>,  <25.970354, 33.900509, 35.457214>, 0.100000
	pigment { color rgbt <1,0,0,0> }
	no_shadow
}
cylinder {
	<26.156780, 34.049477, 35.482792>,  <26.467489, 34.297756, 35.525421>, 0.100000
	pigment { color rgbt <1,0,0,0> }
	no_shadow
}

// particle -1
sphere {
	<26.156780, 34.049477, 35.482792> 0.100000
	pigment { color rgbt <1,0,0,0> }
	no_shadow
}
sphere {
	0, 1
	scale<0.080000,0.200000,0.300000>
	matrix <0.546198, -0.748208, 0.376635,
		-0.313513, 0.234351, 0.920212,
		-0.776774, -0.620697, -0.106571,
		25.923748, 33.863266, 35.450821>
	pigment { color rgbt <0,1,1,0> }
	no_shadow
}
cylinder {
	<26.475983, 33.988575, 36.126564>,  <26.467489, 34.297756, 35.525421>, 0.130000
	pigment { color rgbt <1,0,0,0> }
	no_shadow
}

// nucleotide -1

// particle -1
sphere {
	<26.475983, 33.988575, 36.126564> 0.250000
	pigment { color rgbt <1,0,0,0> }
	no_shadow
}
cylinder {
	<26.243330, 33.771309, 35.884346>,  <26.103739, 33.640949, 35.739017>, 0.100000
	pigment { color rgbt <1,0,0,0> }
	no_shadow
}
cylinder {
	<26.243330, 33.771309, 35.884346>,  <26.475983, 33.988575, 36.126564>, 0.100000
	pigment { color rgbt <1,0,0,0> }
	no_shadow
}

// particle -1
sphere {
	<26.243330, 33.771309, 35.884346> 0.100000
	pigment { color rgbt <1,0,0,0> }
	no_shadow
}
sphere {
	0, 1
	scale<0.080000,0.200000,0.300000>
	matrix <0.398948, -0.839206, 0.369559,
		-0.708903, -0.026632, 0.704803,
		-0.581633, -0.543161, -0.605541,
		26.068840, 33.608360, 35.702682>
	pigment { color rgbt <0,1,1,0> }
	no_shadow
}
cylinder {
	<26.432955, 33.412006, 36.493671>,  <26.475983, 33.988575, 36.126564>, 0.130000
	pigment { color rgbt <1,0,0,0> }
	no_shadow
}

// nucleotide -1

// particle -1
sphere {
	<26.432955, 33.412006, 36.493671> 0.250000
	pigment { color rgbt <1,0,0,0> }
	no_shadow
}
cylinder {
	<26.361958, 33.329052, 36.108864>,  <26.319359, 33.279282, 35.877979>, 0.100000
	pigment { color rgbt <1,0,0,0> }
	no_shadow
}
cylinder {
	<26.361958, 33.329052, 36.108864>,  <26.432955, 33.412006, 36.493671>, 0.100000
	pigment { color rgbt <1,0,0,0> }
	no_shadow
}

// particle -1
sphere {
	<26.361958, 33.329052, 36.108864> 0.100000
	pigment { color rgbt <1,0,0,0> }
	no_shadow
}
sphere {
	0, 1
	scale<0.080000,0.200000,0.300000>
	matrix <0.365674, -0.921454, 0.131170,
		-0.913662, -0.328505, 0.239385,
		-0.177492, -0.207382, -0.962023,
		26.308710, 33.266838, 35.820255>
	pigment { color rgbt <0,1,1,0> }
	no_shadow
}
cylinder {
	<25.975389, 32.787891, 36.451221>,  <26.432955, 33.412006, 36.493671>, 0.130000
	pigment { color rgbt <1,0,0,0> }
	no_shadow
}

// nucleotide -1

// particle -1
sphere {
	<25.975389, 32.787891, 36.451221> 0.250000
	pigment { color rgbt <1,0,0,0> }
	no_shadow
}
cylinder {
	<26.254017, 32.846985, 36.170376>,  <26.421194, 32.882439, 36.001869>, 0.100000
	pigment { color rgbt <1,0,0,0> }
	no_shadow
}
cylinder {
	<26.254017, 32.846985, 36.170376>,  <25.975389, 32.787891, 36.451221>, 0.100000
	pigment { color rgbt <1,0,0,0> }
	no_shadow
}

// particle -1
sphere {
	<26.254017, 32.846985, 36.170376> 0.100000
	pigment { color rgbt <1,0,0,0> }
	no_shadow
}
sphere {
	0, 1
	scale<0.080000,0.200000,0.300000>
	matrix <0.454403, -0.848138, 0.272361,
		-0.555254, -0.508761, -0.657917,
		0.696571, 0.147730, -0.702115,
		26.462988, 32.891304, 35.959740>
	pigment { color rgbt <0,1,1,0> }
	no_shadow
}
cylinder {
	<26.054945, 32.141613, 36.096249>,  <25.975389, 32.787891, 36.451221>, 0.130000
	pigment { color rgbt <1,0,0,0> }
	no_shadow
}

// nucleotide -1

// particle -1
sphere {
	<26.054945, 32.141613, 36.096249> 0.250000
	pigment { color rgbt <1,0,0,0> }
	no_shadow
}
cylinder {
	<26.384556, 32.361465, 36.041290>,  <26.582323, 32.493378, 36.008316>, 0.100000
	pigment { color rgbt <1,0,0,0> }
	no_shadow
}
cylinder {
	<26.384556, 32.361465, 36.041290>,  <26.054945, 32.141613, 36.096249>, 0.100000
	pigment { color rgbt <1,0,0,0> }
	no_shadow
}

// particle -1
sphere {
	<26.384556, 32.361465, 36.041290> 0.100000
	pigment { color rgbt <1,0,0,0> }
	no_shadow
}
sphere {
	0, 1
	scale<0.080000,0.200000,0.300000>
	matrix <0.562973, -0.767189, 0.307379,
		0.063534, -0.330642, -0.941615,
		0.824029, 0.549633, -0.137400,
		26.631765, 32.526356, 36.000069>
	pigment { color rgbt <0,1,1,0> }
	no_shadow
}
cylinder {
	<26.466404, 31.641190, 35.927750>,  <26.054945, 32.141613, 36.096249>, 0.130000
	pigment { color rgbt <1,0,0,0> }
	no_shadow
}

// nucleotide -1

// particle -1
sphere {
	<26.466404, 31.641190, 35.927750> 0.250000
	pigment { color rgbt <1,0,0,0> }
	no_shadow
}
cylinder {
	<26.705288, 31.940952, 36.042103>,  <26.848618, 32.120811, 36.110714>, 0.100000
	pigment { color rgbt <1,0,0,0> }
	no_shadow
}
cylinder {
	<26.705288, 31.940952, 36.042103>,  <26.466404, 31.641190, 35.927750>, 0.100000
	pigment { color rgbt <1,0,0,0> }
	no_shadow
}

// particle -1
sphere {
	<26.705288, 31.940952, 36.042103> 0.100000
	pigment { color rgbt <1,0,0,0> }
	no_shadow
}
sphere {
	0, 1
	scale<0.080000,0.200000,0.300000>
	matrix <0.626512, -0.658397, 0.417129,
		0.500822, -0.070006, -0.862714,
		0.597210, 0.749408, 0.285880,
		26.884451, 32.165775, 36.127869>
	pigment { color rgbt <0,1,1,0> }
	no_shadow
}
cylinder {
	<27.188732, 31.454329, 35.685497>,  <26.466404, 31.641190, 35.927750>, 0.130000
	pigment { color rgbt <1,0,0,0> }
	no_shadow
}

// nucleotide -1

// particle -1
sphere {
	<27.188732, 31.454329, 35.685497> 0.250000
	pigment { color rgbt <1,0,0,0> }
	no_shadow
}
cylinder {
	<27.125870, 31.670090, 36.016399>,  <27.088152, 31.799545, 36.214939>, 0.100000
	pigment { color rgbt <1,0,0,0> }
	no_shadow
}
cylinder {
	<27.125870, 31.670090, 36.016399>,  <27.188732, 31.454329, 35.685497>, 0.100000
	pigment { color rgbt <1,0,0,0> }
	no_shadow
}

// particle -1
sphere {
	<27.125870, 31.670090, 36.016399> 0.100000
	pigment { color rgbt <1,0,0,0> }
	no_shadow
}
sphere {
	0, 1
	scale<0.080000,0.200000,0.300000>
	matrix <0.583664, -0.624984, 0.518394,
		0.796642, 0.564306, -0.216610,
		-0.157155, 0.539402, 0.827254,
		27.078724, 31.831911, 36.264576>
	pigment { color rgbt <0,1,1,0> }
	no_shadow
}
cylinder {
	<27.216496, 31.231209, 36.457241>,  <27.188732, 31.454329, 35.685497>, 0.130000
	pigment { color rgbt <1,0,0,0> }
	no_shadow
}

// nucleotide -1

// particle -1
sphere {
	<27.216496, 31.231209, 36.457241> 0.250000
	pigment { color rgbt <1,0,0,0> }
	no_shadow
}
cylinder {
	<27.550301, 31.421448, 36.568520>,  <27.750584, 31.535591, 36.635288>, 0.100000
	pigment { color rgbt <1,0,0,0> }
	no_shadow
}
cylinder {
	<27.550301, 31.421448, 36.568520>,  <27.216496, 31.231209, 36.457241>, 0.100000
	pigment { color rgbt <1,0,0,0> }
	no_shadow
}

// particle -1
sphere {
	<27.550301, 31.421448, 36.568520> 0.100000
	pigment { color rgbt <1,0,0,0> }
	no_shadow
}
sphere {
	0, 1
	scale<0.080000,0.200000,0.300000>
	matrix <0.182595, 0.237667, -0.954030,
		-0.519855, 0.846948, 0.111494,
		0.834512, 0.475599, 0.278201,
		27.800653, 31.564127, 36.651981>
	pigment { color rgbt <0,1,1,0> }
	no_shadow
}
cylinder {
	<26.590479, 31.463514, 36.628788>,  <27.216496, 31.231209, 36.457241>, 0.130000
	pigment { color rgbt <1,0,0,0> }
	no_shadow
}

// nucleotide -1

// particle -1
sphere {
	<26.590479, 31.463514, 36.628788> 0.250000
	pigment { color rgbt <1,0,0,0> }
	no_shadow
}
cylinder {
	<26.459530, 31.839893, 36.594269>,  <26.380960, 32.065720, 36.573559>, 0.100000
	pigment { color rgbt <1,0,0,0> }
	no_shadow
}
cylinder {
	<26.459530, 31.839893, 36.594269>,  <26.590479, 31.463514, 36.628788>, 0.100000
	pigment { color rgbt <1,0,0,0> }
	no_shadow
}

// particle -1
sphere {
	<26.459530, 31.839893, 36.594269> 0.100000
	pigment { color rgbt <1,0,0,0> }
	no_shadow
}
sphere {
	0, 1
	scale<0.080000,0.200000,0.300000>
	matrix <0.124320, 0.133428, 0.983230,
		0.936681, 0.311155, -0.160659,
		-0.327373, 0.940946, -0.086297,
		26.361319, 32.122177, 36.568378>
	pigment { color rgbt <0,1,1,0> }
	no_shadow
}
cylinder {
	<26.862270, 32.028366, 37.029102>,  <26.590479, 31.463514, 36.628788>, 0.130000
	pigment { color rgbt <1,0,0,0> }
	no_shadow
}

// nucleotide -1

// particle -1
sphere {
	<26.862270, 32.028366, 37.029102> 0.250000
	pigment { color rgbt <1,0,0,0> }
	no_shadow
}
cylinder {
	<27.236860, 32.087482, 36.901871>,  <27.461615, 32.122952, 36.825531>, 0.100000
	pigment { color rgbt <1,0,0,0> }
	no_shadow
}
cylinder {
	<27.236860, 32.087482, 36.901871>,  <26.862270, 32.028366, 37.029102>, 0.100000
	pigment { color rgbt <1,0,0,0> }
	no_shadow
}

// particle -1
sphere {
	<27.236860, 32.087482, 36.901871> 0.100000
	pigment { color rgbt <1,0,0,0> }
	no_shadow
}
sphere {
	0, 1
	scale<0.080000,0.200000,0.300000>
	matrix <-0.333402, 0.656706, -0.676447,
		0.108911, 0.739523, 0.664262,
		0.936473, 0.147793, -0.318081,
		27.517801, 32.131821, 36.806446>
	pigment { color rgbt <0,1,1,0> }
	no_shadow
}
cylinder {
	<27.045654, 32.776722, 37.050171>,  <26.862270, 32.028366, 37.029102>, 0.130000
	pigment { color rgbt <1,0,0,0> }
	no_shadow
}

// nucleotide -1

// particle -1
sphere {
	<27.045654, 32.776722, 37.050171> 0.250000
	pigment { color rgbt <1,0,0,0> }
	no_shadow
}
cylinder {
	<27.227470, 32.544067, 36.780327>,  <27.336559, 32.404476, 36.618420>, 0.100000
	pigment { color rgbt <1,0,0,0> }
	no_shadow
}
cylinder {
	<27.227470, 32.544067, 36.780327>,  <27.045654, 32.776722, 37.050171>, 0.100000
	pigment { color rgbt <1,0,0,0> }
	no_shadow
}

// particle -1
sphere {
	<27.227470, 32.544067, 36.780327> 0.100000
	pigment { color rgbt <1,0,0,0> }
	no_shadow
}
sphere {
	0, 1
	scale<0.080000,0.200000,0.300000>
	matrix <-0.359836, 0.572912, -0.736404,
		0.814808, 0.577473, 0.051118,
		0.454539, -0.581634, -0.674608,
		27.363832, 32.369576, 36.577946>
	pigment { color rgbt <0,1,1,0> }
	no_shadow
}
cylinder {
	<27.514063, 33.148113, 36.599869>,  <27.045654, 32.776722, 37.050171>, 0.130000
	pigment { color rgbt <1,0,0,0> }
	no_shadow
}

// nucleotide -1

// particle -1
sphere {
	<27.514063, 33.148113, 36.599869> 0.250000
	pigment { color rgbt <1,0,0,0> }
	no_shadow
}
cylinder {
	<27.335157, 32.830540, 36.435123>,  <27.227814, 32.639996, 36.336277>, 0.100000
	pigment { color rgbt <1,0,0,0> }
	no_shadow
}
cylinder {
	<27.335157, 32.830540, 36.435123>,  <27.514063, 33.148113, 36.599869>, 0.100000
	pigment { color rgbt <1,0,0,0> }
	no_shadow
}

// particle -1
sphere {
	<27.335157, 32.830540, 36.435123> 0.100000
	pigment { color rgbt <1,0,0,0> }
	no_shadow
}
sphere {
	0, 1
	scale<0.080000,0.200000,0.300000>
	matrix <-0.514007, 0.605015, -0.608074,
		0.731951, -0.060268, -0.678686,
		-0.447263, -0.793930, -0.411863,
		27.200979, 32.592361, 36.311565>
	pigment { color rgbt <0,1,1,0> }
	no_shadow
}
cylinder {
	<27.722715, 33.173740, 35.910488>,  <27.514063, 33.148113, 36.599869>, 0.130000
	pigment { color rgbt <1,0,0,0> }
	no_shadow
}

// nucleotide -1

// particle -1
sphere {
	<27.722715, 33.173740, 35.910488> 0.250000
	pigment { color rgbt <1,0,0,0> }
	no_shadow
}
cylinder {
	<27.382318, 32.965412, 35.937500>,  <27.178082, 32.840416, 35.953709>, 0.100000
	pigment { color rgbt <1,0,0,0> }
	no_shadow
}
cylinder {
	<27.382318, 32.965412, 35.937500>,  <27.722715, 33.173740, 35.910488>, 0.100000
	pigment { color rgbt <1,0,0,0> }
	no_shadow
}

// particle -1
sphere {
	<27.382318, 32.965412, 35.937500> 0.100000
	pigment { color rgbt <1,0,0,0> }
	no_shadow
}
sphere {
	0, 1
	scale<0.080000,0.200000,0.300000>
	matrix <-0.410251, 0.578961, -0.704626,
		0.327887, -0.627334, -0.706358,
		-0.850990, -0.520822, 0.067531,
		27.127022, 32.809166, 35.957760>
	pigment { color rgbt <0,1,1,0> }
	no_shadow
}
cylinder {
	<27.434719, 33.065823, 35.179985>,  <27.722715, 33.173740, 35.910488>, 0.130000
	pigment { color rgbt <1,0,0,0> }
	no_shadow
}

// nucleotide -1

// particle -1
sphere {
	<27.434719, 33.065823, 35.179985> 0.250000
	pigment { color rgbt <1,0,0,0> }
	no_shadow
}
cylinder {
	<27.126032, 33.035259, 35.432529>,  <26.940821, 33.016922, 35.584057>, 0.100000
	pigment { color rgbt <1,0,0,0> }
	no_shadow
}
cylinder {
	<27.126032, 33.035259, 35.432529>,  <27.434719, 33.065823, 35.179985>, 0.100000
	pigment { color rgbt <1,0,0,0> }
	no_shadow
}

// particle -1
sphere {
	<27.126032, 33.035259, 35.432529> 0.100000
	pigment { color rgbt <1,0,0,0> }
	no_shadow
}
sphere {
	0, 1
	scale<0.080000,0.200000,0.300000>
	matrix <-0.529154, 0.627830, -0.570812,
		-0.352773, -0.774592, -0.524937,
		-0.771717, -0.076405, 0.631360,
		26.894516, 33.012337, 35.621937>
	pigment { color rgbt <0,1,1,0> }
	no_shadow
}
cylinder {
	<26.860767, 32.805252, 34.787617>,  <27.434719, 33.065823, 35.179985>, 0.130000
	pigment { color rgbt <1,0,0,0> }
	no_shadow
}

// nucleotide -1

// particle -1
sphere {
	<26.860767, 32.805252, 34.787617> 0.250000
	pigment { color rgbt <1,0,0,0> }
	no_shadow
}
cylinder {
	<26.774084, 33.048157, 35.093369>,  <26.722075, 33.193901, 35.276817>, 0.100000
	pigment { color rgbt <1,0,0,0> }
	no_shadow
}
cylinder {
	<26.774084, 33.048157, 35.093369>,  <26.860767, 32.805252, 34.787617>, 0.100000
	pigment { color rgbt <1,0,0,0> }
	no_shadow
}

// particle -1
sphere {
	<26.774084, 33.048157, 35.093369> 0.100000
	pigment { color rgbt <1,0,0,0> }
	no_shadow
}
sphere {
	0, 1
	scale<0.080000,0.200000,0.300000>
	matrix <-0.495788, 0.606035, -0.622025,
		-0.840971, -0.513766, 0.169741,
		-0.216706, 0.607261, 0.764377,
		26.709072, 33.230335, 35.322681>
	pigment { color rgbt <0,1,1,0> }
	no_shadow
}
cylinder {
	<26.101919, 32.841328, 34.922672>,  <26.860767, 32.805252, 34.787617>, 0.130000
	pigment { color rgbt <1,0,0,0> }
	no_shadow
}

// nucleotide -1

// particle -1
sphere {
	<26.101919, 32.841328, 34.922672> 0.250000
	pigment { color rgbt <1,0,0,0> }
	no_shadow
}
cylinder {
	<26.274736, 33.174274, 35.061527>,  <26.378428, 33.374043, 35.144840>, 0.100000
	pigment { color rgbt <1,0,0,0> }
	no_shadow
}
cylinder {
	<26.274736, 33.174274, 35.061527>,  <26.101919, 32.841328, 34.922672>, 0.100000
	pigment { color rgbt <1,0,0,0> }
	no_shadow
}

// particle -1
sphere {
	<26.274736, 33.174274, 35.061527> 0.100000
	pigment { color rgbt <1,0,0,0> }
	no_shadow
}
sphere {
	0, 1
	scale<0.080000,0.200000,0.300000>
	matrix <-0.515849, 0.543813, -0.661942,
		-0.739755, 0.106918, 0.664327,
		0.432044, 0.832368, 0.347135,
		26.404350, 33.423985, 35.165668>
	pigment { color rgbt <0,1,1,0> }
	no_shadow
}
cylinder {
	<25.283068, 32.723030, 35.083405>,  <26.101919, 32.841328, 34.922672>, 0.130000
	pigment { color rgbt <1,0,0,0> }
	no_shadow
}

// nucleotide -1

// particle -1
sphere {
	<25.283068, 32.723030, 35.083405> 0.250000
	pigment { color rgbt <1,0,0,0> }
	no_shadow
}
cylinder {
	<25.500153, 32.981743, 35.297745>,  <25.630404, 33.136971, 35.426350>, 0.100000
	pigment { color rgbt <1,0,0,0> }
	no_shadow
}
cylinder {
	<25.500153, 32.981743, 35.297745>,  <25.283068, 32.723030, 35.083405>, 0.100000
	pigment { color rgbt <1,0,0,0> }
	no_shadow
}

// particle -1
sphere {
	<25.500153, 32.981743, 35.297745> 0.100000
	pigment { color rgbt <1,0,0,0> }
	no_shadow
}
sphere {
	0, 1
	scale<0.080000,0.200000,0.300000>
	matrix <-0.699348, 0.701299, -0.138178,
		-0.465163, -0.299756, 0.832928,
		0.542712, 0.646782, 0.535852,
		25.662966, 33.175777, 35.458500>
	pigment { color rgbt <0,1,1,0> }
	no_shadow
}
cylinder {
	<24.817749, 33.175720, 35.525898>,  <25.283068, 32.723030, 35.083405>, 0.130000
	pigment { color rgbt <1,0,0,0> }
	no_shadow
}

// nucleotide -1

// particle -1
sphere {
	<24.817749, 33.175720, 35.525898> 0.250000
	pigment { color rgbt <1,0,0,0> }
	no_shadow
}
cylinder {
	<25.159971, 33.382538, 35.536446>,  <25.365305, 33.506626, 35.542774>, 0.100000
	pigment { color rgbt <1,0,0,0> }
	no_shadow
}
cylinder {
	<25.159971, 33.382538, 35.536446>,  <24.817749, 33.175720, 35.525898>, 0.100000
	pigment { color rgbt <1,0,0,0> }
	no_shadow
}

// particle -1
sphere {
	<25.159971, 33.382538, 35.536446> 0.100000
	pigment { color rgbt <1,0,0,0> }
	no_shadow
}
sphere {
	0, 1
	scale<0.080000,0.200000,0.300000>
	matrix <-0.517263, 0.855824, 0.001946,
		-0.021562, -0.015305, 0.999650,
		0.855555, 0.517040, 0.026370,
		25.416637, 33.537651, 35.544357>
	pigment { color rgbt <0,1,1,0> }
	no_shadow
}
cylinder {
	<25.367472, 33.186623, 35.959343>,  <24.817749, 33.175720, 35.525898>, 0.130000
	pigment { color rgbt <1,0,0,0> }
	no_shadow
}

// nucleotide -1

// particle -1
sphere {
	<25.367472, 33.186623, 35.959343> 0.250000
	pigment { color rgbt <1,0,0,0> }
	no_shadow
}
cylinder {
	<25.581263, 33.515411, 35.880657>,  <25.709538, 33.712685, 35.833447>, 0.100000
	pigment { color rgbt <1,0,0,0> }
	no_shadow
}
cylinder {
	<25.581263, 33.515411, 35.880657>,  <25.367472, 33.186623, 35.959343>, 0.100000
	pigment { color rgbt <1,0,0,0> }
	no_shadow
}

// particle -1
sphere {
	<25.581263, 33.515411, 35.880657> 0.100000
	pigment { color rgbt <1,0,0,0> }
	no_shadow
}
sphere {
	0, 1
	scale<0.080000,0.200000,0.300000>
	matrix <-0.844900, 0.513616, -0.149470,
		-0.021827, 0.246089, 0.969001,
		0.534478, 0.821972, -0.196710,
		25.741606, 33.762005, 35.821644>
	pigment { color rgbt <0,1,1,0> }
	no_shadow
}
cylinder {
	<24.868860, 33.758343, 36.224838>,  <25.367472, 33.186623, 35.959343>, 0.130000
	pigment { color rgbt <1,0,0,0> }
	no_shadow
}

// nucleotide -1

// particle -1
sphere {
	<24.868860, 33.758343, 36.224838> 0.250000
	pigment { color rgbt <1,0,0,0> }
	no_shadow
}
cylinder {
	<25.134357, 33.902660, 35.962761>,  <25.293655, 33.989250, 35.805515>, 0.100000
	pigment { color rgbt <1,0,0,0> }
	no_shadow
}
cylinder {
	<25.134357, 33.902660, 35.962761>,  <24.868860, 33.758343, 36.224838>, 0.100000
	pigment { color rgbt <1,0,0,0> }
	no_shadow
}

// particle -1
sphere {
	<25.134357, 33.902660, 35.962761> 0.100000
	pigment { color rgbt <1,0,0,0> }
	no_shadow
}
sphere {
	0, 1
	scale<0.080000,0.200000,0.300000>
	matrix <-0.624500, 0.749406, -0.219978,
		0.411639, 0.555176, 0.722727,
		0.663742, 0.360791, -0.655192,
		25.333481, 34.010899, 35.766205>
	pigment { color rgbt <0,1,1,0> }
	no_shadow
}
cylinder {
	<25.019571, 34.504448, 36.364296>,  <24.868860, 33.758343, 36.224838>, 0.130000
	pigment { color rgbt <1,0,0,0> }
	no_shadow
}

// nucleotide -1

// particle -1
sphere {
	<25.019571, 34.504448, 36.364296> 0.250000
	pigment { color rgbt <1,0,0,0> }
	no_shadow
}
cylinder {
	<25.123150, 34.447857, 35.982105>,  <25.185297, 34.413902, 35.752792>, 0.100000
	pigment { color rgbt <1,0,0,0> }
	no_shadow
}
cylinder {
	<25.123150, 34.447857, 35.982105>,  <25.019571, 34.504448, 36.364296>, 0.100000
	pigment { color rgbt <1,0,0,0> }
	no_shadow
}

// particle -1
sphere {
	<25.123150, 34.447857, 35.982105> 0.100000
	pigment { color rgbt <1,0,0,0> }
	no_shadow
}
sphere {
	0, 1
	scale<0.080000,0.200000,0.300000>
	matrix <-0.505953, 0.822776, -0.258944,
		0.822776, 0.550478, 0.141474,
		0.258944, -0.141474, -0.955475,
		25.200832, 34.405415, 35.695461>
	pigment { color rgbt <0,1,1,0> }
	no_shadow
}
cylinder {
	<25.329508, 35.138203, 36.101513>,  <25.019571, 34.504448, 36.364296>, 0.130000
	pigment { color rgbt <1,0,0,0> }
	no_shadow
}

// nucleotide -1

// particle -1
sphere {
	<25.329508, 35.138203, 36.101513> 0.250000
	pigment { color rgbt <1,0,0,0> }
	no_shadow
}
cylinder {
	<25.203447, 34.927624, 35.785656>,  <25.127811, 34.801277, 35.596142>, 0.100000
	pigment { color rgbt <1,0,0,0> }
	no_shadow
}
cylinder {
	<25.203447, 34.927624, 35.785656>,  <25.329508, 35.138203, 36.101513>, 0.100000
	pigment { color rgbt <1,0,0,0> }
	no_shadow
}

// particle -1
sphere {
	<25.203447, 34.927624, 35.785656> 0.100000
	pigment { color rgbt <1,0,0,0> }
	no_shadow
}
sphere {
	0, 1
	scale<0.080000,0.200000,0.300000>
	matrix <-0.535043, 0.785766, -0.310324,
		0.783839, 0.324686, -0.529316,
		-0.315161, -0.526451, -0.789635,
		25.108902, 34.769691, 35.548763>
	pigment { color rgbt <0,1,1,0> }
	no_shadow
}
cylinder {
	<25.481272, 35.570061, 35.472496>,  <25.329508, 35.138203, 36.101513>, 0.130000
	pigment { color rgbt <1,0,0,0> }
	no_shadow
}

// nucleotide -1

// particle -1
sphere {
	<25.481272, 35.570061, 35.472496> 0.250000
	pigment { color rgbt <1,0,0,0> }
	no_shadow
}
cylinder {
	<25.173409, 35.316734, 35.440170>,  <24.988689, 35.164738, 35.420773>, 0.100000
	pigment { color rgbt <1,0,0,0> }
	no_shadow
}
cylinder {
	<25.173409, 35.316734, 35.440170>,  <25.481272, 35.570061, 35.472496>, 0.100000
	pigment { color rgbt <1,0,0,0> }
	no_shadow
}

// particle -1
sphere {
	<25.173409, 35.316734, 35.440170> 0.100000
	pigment { color rgbt <1,0,0,0> }
	no_shadow
}
sphere {
	0, 1
	scale<0.080000,0.200000,0.300000>
	matrix <-0.588756, 0.753003, -0.293860,
		0.246963, -0.178591, -0.952426,
		-0.769660, -0.633318, -0.080817,
		24.942511, 35.126740, 35.415924>
	pigment { color rgbt <0,1,1,0> }
	no_shadow
}
cylinder {
	<25.801935, 36.156528, 35.852524>,  <25.481272, 35.570061, 35.472496>, 0.130000
	pigment { color rgbt <1,0,0,0> }
	no_shadow
}

// nucleotide -1

// particle -1
sphere {
	<25.801935, 36.156528, 35.852524> 0.250000
	pigment { color rgbt <1,0,0,0> }
	no_shadow
}
cylinder {
	<25.798990, 36.230072, 35.459354>,  <25.797224, 36.274200, 35.223454>, 0.100000
	pigment { color rgbt <1,0,0,0> }
	no_shadow
}
cylinder {
	<25.798990, 36.230072, 35.459354>,  <25.801935, 36.156528, 35.852524>, 0.100000
	pigment { color rgbt <1,0,0,0> }
	no_shadow
}

// particle -1
sphere {
	<25.798990, 36.230072, 35.459354> 0.100000
	pigment { color rgbt <1,0,0,0> }
	no_shadow
}
sphere {
	0, 1
	scale<0.080000,0.200000,0.300000>
	matrix <0.427593, 0.889133, 0.163114,
		0.903942, -0.419090, -0.085164,
		-0.007363, 0.183861, -0.982925,
		25.796782, 36.285229, 35.164478>
	pigment { color rgbt <0,1,1,0> }
	no_shadow
}
cylinder {
	<26.350475, 36.487171, 35.754486>,  <25.801935, 36.156528, 35.852524>, 0.130000
	pigment { color rgbt <1,0,0,0> }
	no_shadow
}

// nucleotide -1

// particle -1
sphere {
	<26.350475, 36.487171, 35.754486> 0.250000
	pigment { color rgbt <1,0,0,0> }
	no_shadow
}
cylinder {
	<26.137842, 36.572067, 35.426491>,  <26.010263, 36.623005, 35.229694>, 0.100000
	pigment { color rgbt <1,0,0,0> }
	no_shadow
}
cylinder {
	<26.137842, 36.572067, 35.426491>,  <26.350475, 36.487171, 35.754486>, 0.100000
	pigment { color rgbt <1,0,0,0> }
	no_shadow
}

// particle -1
sphere {
	<26.137842, 36.572067, 35.426491> 0.100000
	pigment { color rgbt <1,0,0,0> }
	no_shadow
}
sphere {
	0, 1
	scale<0.080000,0.200000,0.300000>
	matrix <0.380023, 0.924951, -0.006952,
		0.756970, -0.315309, -0.572343,
		-0.531581, 0.212241, -0.819985,
		25.978369, 36.635738, 35.180496>
	pigment { color rgbt <0,1,1,0> }
	no_shadow
}
cylinder {
	<26.759756, 36.988392, 35.460564>,  <26.350475, 36.487171, 35.754486>, 0.130000
	pigment { color rgbt <1,0,0,0> }
	no_shadow
}

// nucleotide -1

// particle -1
sphere {
	<26.759756, 36.988392, 35.460564> 0.250000
	pigment { color rgbt <1,0,0,0> }
	no_shadow
}
cylinder {
	<26.409149, 37.033981, 35.273491>,  <26.198786, 37.061337, 35.161247>, 0.100000
	pigment { color rgbt <1,0,0,0> }
	no_shadow
}
cylinder {
	<26.409149, 37.033981, 35.273491>,  <26.759756, 36.988392, 35.460564>, 0.100000
	pigment { color rgbt <1,0,0,0> }
	no_shadow
}

// particle -1
sphere {
	<26.409149, 37.033981, 35.273491> 0.100000
	pigment { color rgbt <1,0,0,0> }
	no_shadow
}
sphere {
	0, 1
	scale<0.080000,0.200000,0.300000>
	matrix <0.171091, 0.981890, -0.081360,
		0.449941, -0.151330, -0.880143,
		-0.876516, 0.113977, -0.467684,
		26.146194, 37.068176, 35.133186>
	pigment { color rgbt <0,1,1,0> }
	no_shadow
}
cylinder {
	<26.923508, 37.603920, 35.133266>,  <26.759756, 36.988392, 35.460564>, 0.130000
	pigment { color rgbt <1,0,0,0> }
	no_shadow
}

// nucleotide -1

// particle -1
sphere {
	<26.923508, 37.603920, 35.133266> 0.250000
	pigment { color rgbt <1,0,0,0> }
	no_shadow
}
cylinder {
	<26.526958, 37.577915, 35.087734>,  <26.289030, 37.562313, 35.060417>, 0.100000
	pigment { color rgbt <1,0,0,0> }
	no_shadow
}
cylinder {
	<26.526958, 37.577915, 35.087734>,  <26.923508, 37.603920, 35.133266>, 0.100000
	pigment { color rgbt <1,0,0,0> }
	no_shadow
}

// particle -1
sphere {
	<26.526958, 37.577915, 35.087734> 0.100000
	pigment { color rgbt <1,0,0,0> }
	no_shadow
}
sphere {
	0, 1
	scale<0.080000,0.200000,0.300000>
	matrix <-0.044775, 0.984069, -0.172059,
		0.123199, -0.165477, -0.978488,
		-0.991371, -0.065009, -0.113827,
		26.229548, 37.558411, 35.053585>
	pigment { color rgbt <0,1,1,0> }
	no_shadow
}
cylinder {
	<26.720251, 37.957565, 34.509964>,  <26.923508, 37.603920, 35.133266>, 0.130000
	pigment { color rgbt <1,0,0,0> }
	no_shadow
}

// nucleotide -1

// particle -1
sphere {
	<26.720251, 37.957565, 34.509964> 0.250000
	pigment { color rgbt <1,0,0,0> }
	no_shadow
}
cylinder {
	<26.425419, 37.954670, 34.780270>,  <26.248520, 37.952934, 34.942451>, 0.100000
	pigment { color rgbt <1,0,0,0> }
	no_shadow
}
cylinder {
	<26.425419, 37.954670, 34.780270>,  <26.720251, 37.957565, 34.509964>, 0.100000
	pigment { color rgbt <1,0,0,0> }
	no_shadow
}

// particle -1
sphere {
	<26.425419, 37.954670, 34.780270> 0.100000
	pigment { color rgbt <1,0,0,0> }
	no_shadow
}
sphere {
	0, 1
	scale<0.080000,0.200000,0.300000>
	matrix <-0.169760, 0.969863, -0.174776,
		-0.654135, -0.243542, -0.716097,
		-0.737082, -0.007238, 0.675765,
		26.204294, 37.952499, 34.982998>
	pigment { color rgbt <0,1,1,0> }
	no_shadow
}
cylinder {
	<26.277237, 38.438229, 34.252522>,  <26.720251, 37.957565, 34.509964>, 0.130000
	pigment { color rgbt <1,0,0,0> }
	no_shadow
}

// nucleotide -1

// particle -1
sphere {
	<26.277237, 38.438229, 34.252522> 0.250000
	pigment { color rgbt <1,0,0,0> }
	no_shadow
}
cylinder {
	<26.174225, 38.380566, 34.634705>,  <26.112417, 38.345966, 34.864014>, 0.100000
	pigment { color rgbt <1,0,0,0> }
	no_shadow
}
cylinder {
	<26.174225, 38.380566, 34.634705>,  <26.277237, 38.438229, 34.252522>, 0.100000
	pigment { color rgbt <1,0,0,0> }
	no_shadow
}

// particle -1
sphere {
	<26.174225, 38.380566, 34.634705> 0.100000
	pigment { color rgbt <1,0,0,0> }
	no_shadow
}
sphere {
	0, 1
	scale<0.080000,0.200000,0.300000>
	matrix <-0.105972, 0.987058, 0.120364,
		-0.960442, -0.070254, -0.269472,
		-0.257529, -0.144159, 0.955456,
		26.096966, 38.337318, 34.921341>
	pigment { color rgbt <0,1,1,0> }
	no_shadow
}
cylinder {
	<26.188042, 39.057945, 34.508659>,  <26.277237, 38.438229, 34.252522>, 0.130000
	pigment { color rgbt <1,0,0,0> }
	no_shadow
}

// nucleotide -1

// particle -1
sphere {
	<26.188042, 39.057945, 34.508659> 0.250000
	pigment { color rgbt <1,0,0,0> }
	no_shadow
}
cylinder {
	<26.057974, 38.879044, 34.841942>,  <25.979933, 38.771702, 35.041912>, 0.100000
	pigment { color rgbt <1,0,0,0> }
	no_shadow
}
cylinder {
	<26.057974, 38.879044, 34.841942>,  <26.188042, 39.057945, 34.508659>, 0.100000
	pigment { color rgbt <1,0,0,0> }
	no_shadow
}

// particle -1
sphere {
	<26.057974, 38.879044, 34.841942> 0.100000
	pigment { color rgbt <1,0,0,0> }
	no_shadow
}
sphere {
	0, 1
	scale<0.080000,0.200000,0.300000>
	matrix <-0.284525, 0.886533, 0.364836,
		-0.901837, -0.118434, -0.415529,
		-0.325171, -0.447251, 0.833205,
		25.960423, 38.744869, 35.091904>
	pigment { color rgbt <0,1,1,0> }
	no_shadow
}
cylinder {
	<25.649420, 39.404274, 34.759701>,  <26.188042, 39.057945, 34.508659>, 0.130000
	pigment { color rgbt <1,0,0,0> }
	no_shadow
}

// nucleotide -1

// particle -1
sphere {
	<25.649420, 39.404274, 34.759701> 0.250000
	pigment { color rgbt <1,0,0,0> }
	no_shadow
}
cylinder {
	<25.805618, 39.207317, 35.070847>,  <25.899338, 39.089146, 35.257534>, 0.100000
	pigment { color rgbt <1,0,0,0> }
	no_shadow
}
cylinder {
	<25.805618, 39.207317, 35.070847>,  <25.649420, 39.404274, 34.759701>, 0.100000
	pigment { color rgbt <1,0,0,0> }
	no_shadow
}

// particle -1
sphere {
	<25.805618, 39.207317, 35.070847> 0.100000
	pigment { color rgbt <1,0,0,0> }
	no_shadow
}
sphere {
	0, 1
	scale<0.080000,0.200000,0.300000>
	matrix <-0.017674, 0.840780, 0.541089,
		-0.920435, -0.225041, 0.319618,
		0.390496, -0.492388, 0.777860,
		25.922768, 39.059601, 35.304203>
	pigment { color rgbt <0,1,1,0> }
	no_shadow
}
cylinder {
	<25.399246, 39.706623, 35.348854>,  <25.649420, 39.404274, 34.759701>, 0.130000
	pigment { color rgbt <1,0,0,0> }
	no_shadow
}

// nucleotide -1

// particle -1
sphere {
	<25.399246, 39.706623, 35.348854> 0.250000
	pigment { color rgbt <1,0,0,0> }
	no_shadow
}
cylinder {
	<25.684212, 39.492111, 35.529907>,  <25.855190, 39.363403, 35.638538>, 0.100000
	pigment { color rgbt <1,0,0,0> }
	no_shadow
}
cylinder {
	<25.684212, 39.492111, 35.529907>,  <25.399246, 39.706623, 35.348854>, 0.100000
	pigment { color rgbt <1,0,0,0> }
	no_shadow
}

// particle -1
sphere {
	<25.684212, 39.492111, 35.529907> 0.100000
	pigment { color rgbt <1,0,0,0> }
	no_shadow
}
sphere {
	0, 1
	scale<0.080000,0.200000,0.300000>
	matrix <0.136110, 0.738340, 0.660551,
		-0.688435, -0.408976, 0.598995,
		0.712412, -0.536276, 0.452633,
		25.897936, 39.331230, 35.665699>
	pigment { color rgbt <0,1,1,0> }
	no_shadow
}
cylinder {
	<25.345411, 39.869114, 36.046028>,  <25.399246, 39.706623, 35.348854>, 0.130000
	pigment { color rgbt <1,0,0,0> }
	no_shadow
}

// nucleotide -1

// particle -1
sphere {
	<25.345411, 39.869114, 36.046028> 0.250000
	pigment { color rgbt <1,0,0,0> }
	no_shadow
}
cylinder {
	<25.706997, 39.699043, 36.027821>,  <25.923948, 39.597000, 36.016895>, 0.100000
	pigment { color rgbt <1,0,0,0> }
	no_shadow
}
cylinder {
	<25.706997, 39.699043, 36.027821>,  <25.345411, 39.869114, 36.046028>, 0.100000
	pigment { color rgbt <1,0,0,0> }
	no_shadow
}

// particle -1
sphere {
	<25.706997, 39.699043, 36.027821> 0.100000
	pigment { color rgbt <1,0,0,0> }
	no_shadow
}
sphere {
	0, 1
	scale<0.080000,0.200000,0.300000>
	matrix <0.335895, 0.640175, 0.690906,
		-0.264612, -0.639846, 0.721510,
		0.903966, -0.425174, -0.045523,
		25.978188, 39.571491, 36.014164>
	pigment { color rgbt <0,1,1,0> }
	no_shadow
}
cylinder {
	<25.526451, 39.795471, 36.687943>,  <25.345411, 39.869114, 36.046028>, 0.130000
	pigment { color rgbt <1,0,0,0> }
	no_shadow
}

// nucleotide -1

// particle -1
sphere {
	<25.526451, 39.795471, 36.687943> 0.250000
	pigment { color rgbt <1,0,0,0> }
	no_shadow
}
cylinder {
	<25.857651, 39.841492, 36.468422>,  <26.056370, 39.869102, 36.336708>, 0.100000
	pigment { color rgbt <1,0,0,0> }
	no_shadow
}
cylinder {
	<25.857651, 39.841492, 36.468422>,  <25.526451, 39.795471, 36.687943>, 0.100000
	pigment { color rgbt <1,0,0,0> }
	no_shadow
}

// particle -1
sphere {
	<25.857651, 39.841492, 36.468422> 0.100000
	pigment { color rgbt <1,0,0,0> }
	no_shadow
}
sphere {
	0, 1
	scale<0.080000,0.200000,0.300000>
	matrix <0.372523, 0.618656, 0.691731,
		0.419103, -0.777193, 0.469387,
		0.827997, 0.115049, -0.548802,
		26.106050, 39.876007, 36.303780>
	pigment { color rgbt <0,1,1,0> }
	no_shadow
}
cylinder {
	<25.568577, 40.510754, 36.699108>,  <25.526451, 39.795471, 36.687943>, 0.130000
	pigment { color rgbt <1,0,0,0> }
	no_shadow
}

// nucleotide -1

// particle -1
sphere {
	<25.568577, 40.510754, 36.699108> 0.250000
	pigment { color rgbt <1,0,0,0> }
	no_shadow
}
cylinder {
	<25.912634, 40.689693, 36.601109>,  <26.119068, 40.797058, 36.542309>, 0.100000
	pigment { color rgbt <1,0,0,0> }
	no_shadow
}
cylinder {
	<25.912634, 40.689693, 36.601109>,  <25.568577, 40.510754, 36.699108>, 0.100000
	pigment { color rgbt <1,0,0,0> }
	no_shadow
}

// particle -1
sphere {
	<25.912634, 40.689693, 36.601109> 0.100000
	pigment { color rgbt <1,0,0,0> }
	no_shadow
}
sphere {
	0, 1
	scale<0.080000,0.200000,0.300000>
	matrix <0.382694, -0.883595, -0.269825,
		-0.337188, 0.138328, -0.931220,
		0.860145, 0.447354, -0.245000,
		26.170677, 40.823898, 36.527607>
	pigment { color rgbt <0,1,1,0> }
	no_shadow
}
cylinder {
	<25.785675, 40.453434, 36.011307>,  <25.568577, 40.510754, 36.699108>, 0.130000
	pigment { color rgbt <1,0,0,0> }
	no_shadow
}

// nucleotide -1

// particle -1
sphere {
	<25.785675, 40.453434, 36.011307> 0.250000
	pigment { color rgbt <1,0,0,0> }
	no_shadow
}
cylinder {
	<26.144707, 40.489635, 36.183891>,  <26.360126, 40.511356, 36.287441>, 0.100000
	pigment { color rgbt <1,0,0,0> }
	no_shadow
}
cylinder {
	<26.144707, 40.489635, 36.183891>,  <25.785675, 40.453434, 36.011307>, 0.100000
	pigment { color rgbt <1,0,0,0> }
	no_shadow
}

// particle -1
sphere {
	<26.144707, 40.489635, 36.183891> 0.100000
	pigment { color rgbt <1,0,0,0> }
	no_shadow
}
sphere {
	0, 1
	scale<0.080000,0.200000,0.300000>
	matrix <0.226743, -0.934098, -0.275768,
		0.378074, 0.345355, -0.858947,
		0.897579, 0.090500, 0.431465,
		26.413980, 40.516785, 36.313332>
	pigment { color rgbt <0,1,1,0> }
	no_shadow
}
cylinder {
	<26.450605, 40.394836, 35.569370>,  <25.785675, 40.453434, 36.011307>, 0.130000
	pigment { color rgbt <1,0,0,0> }
	no_shadow
}

// nucleotide -1

// particle -1
sphere {
	<26.450605, 40.394836, 35.569370> 0.250000
	pigment { color rgbt <1,0,0,0> }
	no_shadow
}
cylinder {
	<26.524378, 40.246967, 35.933640>,  <26.568642, 40.158245, 36.152203>, 0.100000
	pigment { color rgbt <1,0,0,0> }
	no_shadow
}
cylinder {
	<26.524378, 40.246967, 35.933640>,  <26.450605, 40.394836, 35.569370>, 0.100000
	pigment { color rgbt <1,0,0,0> }
	no_shadow
}

// particle -1
sphere {
	<26.524378, 40.246967, 35.933640> 0.100000
	pigment { color rgbt <1,0,0,0> }
	no_shadow
}
sphere {
	0, 1
	scale<0.080000,0.200000,0.300000>
	matrix <0.195985, -0.894126, -0.402651,
		0.963107, 0.252739, -0.092452,
		0.184429, -0.369677, 0.910673,
		26.579706, 40.136063, 36.206841>
	pigment { color rgbt <0,1,1,0> }
	no_shadow
}
cylinder {
	<27.122282, 40.010300, 35.699188>,  <26.450605, 40.394836, 35.569370>, 0.130000
	pigment { color rgbt <1,0,0,0> }
	no_shadow
}

// nucleotide -1

// particle -1
sphere {
	<27.122282, 40.010300, 35.699188> 0.250000
	pigment { color rgbt <1,0,0,0> }
	no_shadow
}
cylinder {
	<26.839300, 39.860294, 35.938812>,  <26.669512, 39.770290, 36.082588>, 0.100000
	pigment { color rgbt <1,0,0,0> }
	no_shadow
}
cylinder {
	<26.839300, 39.860294, 35.938812>,  <27.122282, 40.010300, 35.699188>, 0.100000
	pigment { color rgbt <1,0,0,0> }
	no_shadow
}

// particle -1
sphere {
	<26.839300, 39.860294, 35.938812> 0.100000
	pigment { color rgbt <1,0,0,0> }
	no_shadow
}
sphere {
	0, 1
	scale<0.080000,0.200000,0.300000>
	matrix <-0.190701, -0.714888, -0.672732,
