// switches for output
#declare DRAW_BASES = 1; // possible values are 0, 1; only relevant for DNA ribbons
#declare DRAW_BASES_TYPE = 3; // possible values are 1, 2, 3; only relevant for DNA ribbons
#declare DRAW_FOG = 0; // set to 1 to enable fog

#include "colors.inc"

#include "transforms.inc"
background { rgb <1, 1, 1>}

#default {
   normal{
       ripples 0.25
       frequency 0.20
       turbulence 0.2
       lambda 5
   }
	finish {
		phong 0.1
		phong_size 40.
	}
}

// original window dimensions: 1024x640


// camera settings

camera {
	sky <0, 0.179814, -0.983701>
	up <0, 0.179814, -0.983701>
	right 1.6 * <1, 0, 0>
	location <35, 94.9851, 44.8844>
	look_at <35, 29.7336, 32.9568>
	direction <0, -65.2515, -11.9276>
	angle 67.0682
}


# declare cpy_camera_pos = <35, 94.9851, 44.8844>;
# if (DRAW_FOG = 1)
fog {
	fog_type 2
	up vnormalize(cpy_camera_pos)
	color rgbt<1,1,1,0.3>
	distance 1e-5
	fog_alt 3e-3
	fog_offset 56
}
# end


// LIGHTS

# declare lum = 6;
global_settings {
	ambient_light rgb lum * <0.05, 0.05, 0.05>
	max_trace_level 15
}# declare cpy_direct_light_amount = 0.25;
light_source
{	1000 * <-1, -1.16352, -0.803886>,
	rgb lum * cpy_direct_light_amount
	parallel
}

light_source
{	1000 * <1, 1.16352, 0.803886>,
	rgb lum * cpy_direct_light_amount
	parallel
}

// strand 0

// nucleotide -1

// particle -1
sphere {
	<24.475313, 34.911434, 34.675800> 0.250000
	pigment { color rgbt <1,0,0,0> }
	no_shadow
}
cylinder {
	<24.184433, 34.944439, 34.948380>,  <24.009905, 34.964241, 35.111927>, 0.100000
	pigment { color rgbt <1,0,0,0> }
	no_shadow
}
cylinder {
	<24.184433, 34.944439, 34.948380>,  <24.475313, 34.911434, 34.675800>, 0.100000
	pigment { color rgbt <1,0,0,0> }
	no_shadow
}

// particle -1
sphere {
	<24.184433, 34.944439, 34.948380> 0.100000
	pigment { color rgbt <1,0,0,0> }
	no_shadow
}
sphere {
	0, 1
	scale<0.080000,0.200000,0.300000>
	matrix <0.009551, -0.991437, 0.130234,
		0.686361, 0.101214, 0.720184,
		-0.727199, 0.082509, 0.681450,
		23.966274, 34.969193, 35.152813>
	pigment { color rgbt <0,1,1,0> }
	no_shadow
}
cylinder {
	<24.507088, 34.358791, 35.159019>,  <24.475313, 34.911434, 34.675800>, 0.130000
	pigment { color rgbt <1,0,0,0> }
	no_shadow
}

// nucleotide -1

// particle -1
sphere {
	<24.507088, 34.358791, 35.159019> 0.250000
	pigment { color rgbt <1,0,0,0> }
	no_shadow
}
cylinder {
	<24.849363, 34.162102, 35.223522>,  <25.054728, 34.044086, 35.262222>, 0.100000
	pigment { color rgbt <1,0,0,0> }
	no_shadow
}
cylinder {
	<24.849363, 34.162102, 35.223522>,  <24.507088, 34.358791, 35.159019>, 0.100000
	pigment { color rgbt <1,0,0,0> }
	no_shadow
}

// particle -1
sphere {
	<24.849363, 34.162102, 35.223522> 0.100000
	pigment { color rgbt <1,0,0,0> }
	no_shadow
}
sphere {
	0, 1
	scale<0.080000,0.200000,0.300000>
	matrix <0.007426, 0.323244, 0.946286,
		-0.517441, -0.808527, 0.280248,
		0.855687, -0.491728, 0.161255,
		25.106070, 34.014584, 35.271900>
	pigment { color rgbt <0,1,1,0> }
	no_shadow
}
cylinder {
	<24.383961, 33.870518, 35.574577>,  <24.507088, 34.358791, 35.159019>, 0.130000
	pigment { color rgbt <1,0,0,0> }
	no_shadow
}

// nucleotide -1

// particle -1
sphere {
	<24.383961, 33.870518, 35.574577> 0.250000
	pigment { color rgbt <1,0,0,0> }
	no_shadow
}
cylinder {
	<24.758432, 34.010105, 35.591518>,  <24.983114, 34.093857, 35.601681>, 0.100000
	pigment { color rgbt <1,0,0,0> }
	no_shadow
}
cylinder {
	<24.758432, 34.010105, 35.591518>,  <24.383961, 33.870518, 35.574577>, 0.100000
	pigment { color rgbt <1,0,0,0> }
	no_shadow
}

// particle -1
sphere {
	<24.758432, 34.010105, 35.591518> 0.100000
	pigment { color rgbt <1,0,0,0> }
	no_shadow
}
sphere {
	0, 1
	scale<0.080000,0.200000,0.300000>
	matrix <-0.197493, 0.422468, 0.884600,
		0.290804, -0.836507, 0.464423,
		0.936178, 0.348965, 0.042349,
		25.039286, 34.114796, 35.604221>
	pigment { color rgbt <0,1,1,0> }
	no_shadow
}
cylinder {
	<24.677197, 33.687195, 36.299736>,  <24.383961, 33.870518, 35.574577>, 0.130000
	pigment { color rgbt <1,0,0,0> }
	no_shadow
}

// nucleotide -1

// particle -1
sphere {
	<24.677197, 33.687195, 36.299736> 0.250000
	pigment { color rgbt <1,0,0,0> }
	no_shadow
}
cylinder {
	<24.963627, 33.944191, 36.190601>,  <25.135485, 34.098389, 36.125118>, 0.100000
	pigment { color rgbt <1,0,0,0> }
	no_shadow
}
cylinder {
	<24.963627, 33.944191, 36.190601>,  <24.677197, 33.687195, 36.299736>, 0.100000
	pigment { color rgbt <1,0,0,0> }
	no_shadow
}

// particle -1
sphere {
	<24.963627, 33.944191, 36.190601> 0.100000
	pigment { color rgbt <1,0,0,0> }
	no_shadow
}
sphere {
	0, 1
	scale<0.080000,0.200000,0.300000>
	matrix <0.116403, 0.275491, 0.954230,
		0.688248, -0.715061, 0.122485,
		0.716076, 0.642489, -0.272841,
		25.178450, 34.136936, 36.108749>
	pigment { color rgbt <0,1,1,0> }
	no_shadow
}
cylinder {
	<25.324734, 33.458973, 36.687912>,  <24.677197, 33.687195, 36.299736>, 0.130000
	pigment { color rgbt <1,0,0,0> }
	no_shadow
}

// nucleotide -1

// particle -1
sphere {
	<25.324734, 33.458973, 36.687912> 0.250000
	pigment { color rgbt <1,0,0,0> }
	no_shadow
}
cylinder {
	<25.333893, 33.843544, 36.578270>,  <25.339388, 34.074287, 36.512486>, 0.100000
	pigment { color rgbt <1,0,0,0> }
	no_shadow
}
cylinder {
	<25.333893, 33.843544, 36.578270>,  <25.324734, 33.458973, 36.687912>, 0.100000
	pigment { color rgbt <1,0,0,0> }
	no_shadow
}

// particle -1
sphere {
	<25.333893, 33.843544, 36.578270> 0.100000
	pigment { color rgbt <1,0,0,0> }
	no_shadow
}
sphere {
	0, 1
	scale<0.080000,0.200000,0.300000>
	matrix <-0.035803, 0.274794, 0.960837,
		0.999097, -0.012185, 0.040714,
		0.022896, 0.961426, -0.274109,
		25.340761, 34.131973, 36.496037>
	pigment { color rgbt <0,1,1,0> }
	no_shadow
}
cylinder {
	<25.967113, 33.744423, 36.933212>,  <25.324734, 33.458973, 36.687912>, 0.130000
	pigment { color rgbt <1,0,0,0> }
	no_shadow
}

// nucleotide -1

// particle -1
sphere {
	<25.967113, 33.744423, 36.933212> 0.250000
	pigment { color rgbt <1,0,0,0> }
	no_shadow
}
cylinder {
	<25.679401, 34.020981, 36.906082>,  <25.506773, 34.186916, 36.889805>, 0.100000
	pigment { color rgbt <1,0,0,0> }
	no_shadow
}
cylinder {
	<25.679401, 34.020981, 36.906082>,  <25.967113, 33.744423, 36.933212>, 0.100000
	pigment { color rgbt <1,0,0,0> }
	no_shadow
}

// particle -1
sphere {
	<25.679401, 34.020981, 36.906082> 0.100000
	pigment { color rgbt <1,0,0,0> }
	no_shadow
}
sphere {
	0, 1
	scale<0.080000,0.200000,0.300000>
	matrix <0.092089, 0.191652, 0.977133,
		0.688587, 0.696589, -0.201522,
		-0.719282, 0.691399, -0.067821,
		25.463617, 34.228401, 36.885735>
	pigment { color rgbt <0,1,1,0> }
	no_shadow
}
cylinder {
	<26.215034, 34.346931, 37.318836>,  <25.967113, 33.744423, 36.933212>, 0.130000
	pigment { color rgbt <1,0,0,0> }
	no_shadow
}

// nucleotide -1

// particle -1
sphere {
	<26.215034, 34.346931, 37.318836> 0.250000
	pigment { color rgbt <1,0,0,0> }
	no_shadow
}
cylinder {
	<25.816078, 34.346024, 37.289986>,  <25.576704, 34.345478, 37.272675>, 0.100000
	pigment { color rgbt <1,0,0,0> }
	no_shadow
}
cylinder {
	<25.816078, 34.346024, 37.289986>,  <26.215034, 34.346931, 37.318836>, 0.100000
	pigment { color rgbt <1,0,0,0> }
	no_shadow
}

// particle -1
sphere {
	<25.816078, 34.346024, 37.289986> 0.100000
	pigment { color rgbt <1,0,0,0> }
	no_shadow
}
sphere {
	0, 1
	scale<0.080000,0.200000,0.300000>
	matrix <-0.071705, 0.143619, 0.987032,
		0.008116, 0.989631, -0.143407,
		-0.997393, -0.002272, -0.072128,
		25.516861, 34.345341, 37.268349>
	pigment { color rgbt <0,1,1,0> }
	no_shadow
}
cylinder {
	<26.001223, 34.889038, 37.809322>,  <26.215034, 34.346931, 37.318836>, 0.130000
	pigment { color rgbt <1,0,0,0> }
	no_shadow
}

// nucleotide -1

// particle -1
sphere {
	<26.001223, 34.889038, 37.809322> 0.250000
	pigment { color rgbt <1,0,0,0> }
	no_shadow
}
cylinder {
	<25.695454, 34.641457, 37.737141>,  <25.511993, 34.492908, 37.693832>, 0.100000
	pigment { color rgbt <1,0,0,0> }
	no_shadow
}
cylinder {
	<25.695454, 34.641457, 37.737141>,  <26.001223, 34.889038, 37.809322>, 0.100000
	pigment { color rgbt <1,0,0,0> }
	no_shadow
}

// particle -1
sphere {
	<25.695454, 34.641457, 37.737141> 0.100000
	pigment { color rgbt <1,0,0,0> }
	no_shadow
}
sphere {
	0, 1
	scale<0.080000,0.200000,0.300000>
	matrix <-0.240776, 0.014429, 0.970473,
		-0.598070, 0.785299, -0.160058,
		-0.764421, -0.618949, -0.180451,
		25.466127, 34.455772, 37.683006>
	pigment { color rgbt <0,1,1,0> }
	no_shadow
}
cylinder {
	<25.302496, 35.256821, 38.022774>,  <26.001223, 34.889038, 37.809322>, 0.130000
	pigment { color rgbt <1,0,0,0> }
	no_shadow
}

// nucleotide -1

// particle -1
sphere {
	<25.302496, 35.256821, 38.022774> 0.250000
	pigment { color rgbt <1,0,0,0> }
	no_shadow
}
cylinder {
	<25.265944, 34.861404, 38.070824>,  <25.244013, 34.624153, 38.099655>, 0.100000
	pigment { color rgbt <1,0,0,0> }
	no_shadow
}
cylinder {
	<25.265944, 34.861404, 38.070824>,  <25.302496, 35.256821, 38.022774>, 0.100000
	pigment { color rgbt <1,0,0,0> }
	no_shadow
}

// particle -1
sphere {
	<25.265944, 34.861404, 38.070824> 0.100000
	pigment { color rgbt <1,0,0,0> }
	no_shadow
}
sphere {
	0, 1
	scale<0.080000,0.200000,0.300000>
	matrix <-0.106638, 0.129654, 0.985808,
		-0.990090, 0.077274, -0.117264,
		-0.091381, -0.988544, 0.120129,
		25.238529, 34.564842, 38.106861>
	pigment { color rgbt <0,1,1,0> }
	no_shadow
}
cylinder {
	<24.639448, 35.164551, 38.392815>,  <25.302496, 35.256821, 38.022774>, 0.130000
	pigment { color rgbt <1,0,0,0> }
	no_shadow
}

// nucleotide -1

// particle -1
sphere {
	<24.639448, 35.164551, 38.392815> 0.250000
	pigment { color rgbt <1,0,0,0> }
	no_shadow
}
cylinder {
	<24.829103, 34.817696, 38.453835>,  <24.942896, 34.609585, 38.490448>, 0.100000
	pigment { color rgbt <1,0,0,0> }
	no_shadow
}
cylinder {
	<24.829103, 34.817696, 38.453835>,  <24.639448, 35.164551, 38.392815>, 0.100000
	pigment { color rgbt <1,0,0,0> }
	no_shadow
}

// particle -1
sphere {
	<24.829103, 34.817696, 38.453835> 0.100000
	pigment { color rgbt <1,0,0,0> }
	no_shadow
}
sphere {
	0, 1
	scale<0.080000,0.200000,0.300000>
	matrix <-0.207716, 0.058206, 0.976456,
		-0.855598, -0.494662, -0.152520,
		0.474138, -0.867134, 0.152550,
		24.971344, 34.557556, 38.499599>
	pigment { color rgbt <0,1,1,0> }
	no_shadow
}
cylinder {
	<24.209225, 34.773914, 38.812737>,  <24.639448, 35.164551, 38.392815>, 0.130000
	pigment { color rgbt <1,0,0,0> }
	no_shadow
}

// nucleotide -1

// particle -1
sphere {
	<24.209225, 34.773914, 38.812737> 0.250000
	pigment { color rgbt <1,0,0,0> }
	no_shadow
}
cylinder {
	<24.585426, 34.647808, 38.863422>,  <24.811148, 34.572144, 38.893833>, 0.100000
	pigment { color rgbt <1,0,0,0> }
	no_shadow
}
cylinder {
	<24.585426, 34.647808, 38.863422>,  <24.209225, 34.773914, 38.812737>, 0.100000
	pigment { color rgbt <1,0,0,0> }
	no_shadow
}

// particle -1
sphere {
	<24.585426, 34.647808, 38.863422> 0.100000
	pigment { color rgbt <1,0,0,0> }
	no_shadow
}
sphere {
	0, 1
	scale<0.080000,0.200000,0.300000>
	matrix <-0.081017, 0.154092, 0.984729,
		-0.329982, -0.936408, 0.119382,
		0.940504, -0.315271, 0.126713,
		24.867579, 34.553226, 38.901436>
	pigment { color rgbt <0,1,1,0> }
	no_shadow
}
cylinder {
	<24.137344, 34.235939, 39.374180>,  <24.209225, 34.773914, 38.812737>, 0.130000
	pigment { color rgbt <1,0,0,0> }
	no_shadow
}

// nucleotide -1

// particle -1
sphere {
	<24.137344, 34.235939, 39.374180> 0.250000
	pigment { color rgbt <1,0,0,0> }
	no_shadow
}
cylinder {
	<24.497789, 34.407272, 39.347260>,  <24.714056, 34.510071, 39.331108>, 0.100000
	pigment { color rgbt <1,0,0,0> }
	no_shadow
}
cylinder {
	<24.497789, 34.407272, 39.347260>,  <24.137344, 34.235939, 39.374180>, 0.100000
	pigment { color rgbt <1,0,0,0> }
	no_shadow
}

// particle -1
sphere {
	<24.497789, 34.407272, 39.347260> 0.100000
	pigment { color rgbt <1,0,0,0> }
	no_shadow
}
sphere {
	0, 1
	scale<0.080000,0.200000,0.300000>
	matrix <0.093969, -0.041397, 0.994714,
		0.423283, -0.902672, -0.077553,
		0.901111, 0.428334, -0.067300,
		24.768124, 34.535774, 39.327068>
	pigment { color rgbt <0,1,1,0> }
	no_shadow
}
cylinder {
	<24.631462, 34.369465, 40.074181>,  <24.137344, 34.235939, 39.374180>, 0.130000
	pigment { color rgbt <1,0,0,0> }
	no_shadow
}

// nucleotide -1

// particle -1
sphere {
	<24.631462, 34.369465, 40.074181> 0.250000
	pigment { color rgbt <1,0,0,0> }
	no_shadow
}
cylinder {
	<24.995451, 34.351452, 40.239067>,  <25.213844, 34.340645, 40.337997>, 0.100000
	pigment { color rgbt <1,0,0,0> }
	no_shadow
}
cylinder {
	<24.995451, 34.351452, 40.239067>,  <24.631462, 34.369465, 40.074181>, 0.100000
	pigment { color rgbt <1,0,0,0> }
	no_shadow
}

// particle -1
sphere {
	<24.995451, 34.351452, 40.239067> 0.100000
	pigment { color rgbt <1,0,0,0> }
	no_shadow
}
sphere {
	0, 1
	scale<0.080000,0.200000,0.300000>
	matrix <0.413889, 0.159565, -0.896234,
		-0.025412, 0.986160, 0.163840,
		0.909972, -0.045037, 0.412216,
		25.268442, 34.337940, 40.362732>
	pigment { color rgbt <0,1,1,0> }
	no_shadow
}
cylinder {
	<25.034624, 35.001762, 40.021339>,  <24.631462, 34.369465, 40.074181>, 0.130000
	pigment { color rgbt <1,0,0,0> }
	no_shadow
}

// nucleotide -1

// particle -1
sphere {
	<25.034624, 35.001762, 40.021339> 0.250000
	pigment { color rgbt <1,0,0,0> }
	no_shadow
}
cylinder {
	<25.238146, 34.657440, 40.016811>,  <25.360258, 34.450848, 40.014095>, 0.100000
	pigment { color rgbt <1,0,0,0> }
	no_shadow
}
cylinder {
	<25.238146, 34.657440, 40.016811>,  <25.034624, 35.001762, 40.021339>, 0.100000
	pigment { color rgbt <1,0,0,0> }
	no_shadow
}

// particle -1
sphere {
	<25.238146, 34.657440, 40.016811> 0.100000
	pigment { color rgbt <1,0,0,0> }
	no_shadow
}
sphere {
	0, 1
	scale<0.080000,0.200000,0.300000>
	matrix <0.207124, 0.135171, -0.968932,
		0.835594, 0.490652, 0.247069,
		0.508805, -0.860807, -0.011322,
		25.390787, 34.399197, 40.013416>
	pigment { color rgbt <0,1,1,0> }
	no_shadow
}
cylinder {
	<25.724295, 34.996120, 39.692993>,  <25.034624, 35.001762, 40.021339>, 0.130000
	pigment { color rgbt <1,0,0,0> }
	no_shadow
}

// nucleotide -1

// particle -1
sphere {
	<25.724295, 34.996120, 39.692993> 0.250000
	pigment { color rgbt <1,0,0,0> }
	no_shadow
}
cylinder {
	<25.556166, 34.634861, 39.658001>,  <25.455288, 34.418106, 39.637005>, 0.100000
	pigment { color rgbt <1,0,0,0> }
	no_shadow
}
cylinder {
	<25.556166, 34.634861, 39.658001>,  <25.724295, 34.996120, 39.692993>, 0.100000
	pigment { color rgbt <1,0,0,0> }
	no_shadow
}

// particle -1
sphere {
	<25.556166, 34.634861, 39.658001> 0.100000
	pigment { color rgbt <1,0,0,0> }
	no_shadow
}
sphere {
	0, 1
	scale<0.080000,0.200000,0.300000>
	matrix <0.064757, 0.066306, -0.995696,
		0.905062, -0.424177, 0.030615,
		-0.420321, -0.903149, -0.087480,
		25.430069, 34.363914, 39.631756>
	pigment { color rgbt <0,1,1,0> }
	no_shadow
}
cylinder {
	<26.030390, 34.481010, 39.152233>,  <25.724295, 34.996120, 39.692993>, 0.130000
	pigment { color rgbt <1,0,0,0> }
	no_shadow
}

// nucleotide -1

// particle -1
sphere {
	<26.030390, 34.481010, 39.152233> 0.250000
	pigment { color rgbt <1,0,0,0> }
	no_shadow
}
cylinder {
	<25.654562, 34.362942, 39.221607>,  <25.429066, 34.292099, 39.263229>, 0.100000
	pigment { color rgbt <1,0,0,0> }
	no_shadow
}
cylinder {
	<25.654562, 34.362942, 39.221607>,  <26.030390, 34.481010, 39.152233>, 0.100000
	pigment { color rgbt <1,0,0,0> }
	no_shadow
}

// particle -1
sphere {
	<25.654562, 34.362942, 39.221607> 0.100000
	pigment { color rgbt <1,0,0,0> }
	no_shadow
}
sphere {
	0, 1
	scale<0.080000,0.200000,0.300000>
	matrix <-0.141904, -0.125244, -0.981925,
		0.311561, -0.947199, 0.075790,
		-0.939571, -0.295175, 0.173432,
		25.372690, 34.274391, 39.273636>
	pigment { color rgbt <0,1,1,0> }
	no_shadow
}
cylinder {
	<25.905371, 33.755650, 38.993629>,  <26.030390, 34.481010, 39.152233>, 0.130000
	pigment { color rgbt <1,0,0,0> }
	no_shadow
}

// nucleotide -1

// particle -1
sphere {
	<25.905371, 33.755650, 38.993629> 0.250000
	pigment { color rgbt <1,0,0,0> }
	no_shadow
}
cylinder {
	<25.572744, 33.975365, 38.960686>,  <25.373169, 34.107193, 38.940918>, 0.100000
	pigment { color rgbt <1,0,0,0> }
	no_shadow
}
cylinder {
	<25.572744, 33.975365, 38.960686>,  <25.905371, 33.755650, 38.993629>, 0.100000
	pigment { color rgbt <1,0,0,0> }
	no_shadow
}

// particle -1
sphere {
	<25.572744, 33.975365, 38.960686> 0.100000
	pigment { color rgbt <1,0,0,0> }
	no_shadow
}
sphere {
	0, 1
	scale<0.080000,0.200000,0.300000>
	matrix <-0.102636, -0.297698, -0.949127,
		-0.545859, -0.780809, 0.303932,
		-0.831567, 0.549284, -0.082362,
		25.323275, 34.140148, 38.935978>
	pigment { color rgbt <0,1,1,0> }
	no_shadow
}
cylinder {
	<25.470221, 33.369816, 38.532955>,  <25.905371, 33.755650, 38.993629>, 0.130000
	pigment { color rgbt <1,0,0,0> }
	no_shadow
}

// nucleotide -1

// particle -1
sphere {
	<25.470221, 33.369816, 38.532955> 0.250000
	pigment { color rgbt <1,0,0,0> }
	no_shadow
}
cylinder {
	<25.330254, 33.744514, 38.529770>,  <25.246273, 33.969334, 38.527859>, 0.100000
	pigment { color rgbt <1,0,0,0> }
	no_shadow
}
cylinder {
	<25.330254, 33.744514, 38.529770>,  <25.470221, 33.369816, 38.532955>, 0.100000
	pigment { color rgbt <1,0,0,0> }
	no_shadow
}

// particle -1
sphere {
	<25.330254, 33.744514, 38.529770> 0.100000
	pigment { color rgbt <1,0,0,0> }
	no_shadow
}
sphere {
	0, 1
	scale<0.080000,0.200000,0.300000>
	matrix <-0.134842, -0.058777, -0.989122,
		-0.927025, -0.345037, 0.146880,
		-0.349917, 0.936747, -0.007962,
		25.225279, 34.025539, 38.527382>
	pigment { color rgbt <0,1,1,0> }
	no_shadow
}
cylinder {
	<24.943087, 33.331841, 38.107319>,  <25.470221, 33.369816, 38.532955>, 0.130000
	pigment { color rgbt <1,0,0,0> }
	no_shadow
}

// nucleotide -1

// particle -1
sphere {
	<24.943087, 33.331841, 38.107319> 0.250000
	pigment { color rgbt <1,0,0,0> }
	no_shadow
}
cylinder {
	<25.016548, 33.725025, 38.110394>,  <25.060625, 33.960938, 38.112236>, 0.100000
	pigment { color rgbt <1,0,0,0> }
	no_shadow
}
cylinder {
	<25.016548, 33.725025, 38.110394>,  <24.943087, 33.331841, 38.107319>, 0.100000
	pigment { color rgbt <1,0,0,0> }
	no_shadow
}

// particle -1
sphere {
	<25.016548, 33.725025, 38.110394> 0.100000
	pigment { color rgbt <1,0,0,0> }
	no_shadow
}
sphere {
	0, 1
	scale<0.080000,0.200000,0.300000>
	matrix <-0.177144, 0.040785, -0.983340,
		-0.966898, 0.179232, 0.181616,
		0.183653, 0.982961, 0.007685,
		25.071644, 34.019913, 38.112698>
	pigment { color rgbt <0,1,1,0> }
	no_shadow
}
cylinder {
	<24.466969, 33.570274, 37.686569>,  <24.943087, 33.331841, 38.107319>, 0.130000
	pigment { color rgbt <1,0,0,0> }
	no_shadow
}

// nucleotide -1

// particle -1
sphere {
	<24.466969, 33.570274, 37.686569> 0.250000
	pigment { color rgbt <1,0,0,0> }
	no_shadow
}
cylinder {
	<24.750479, 33.852448, 37.685940>,  <24.920586, 34.021751, 37.685562>, 0.100000
	pigment { color rgbt <1,0,0,0> }
	no_shadow
}
cylinder {
	<24.750479, 33.852448, 37.685940>,  <24.466969, 33.570274, 37.686569>, 0.100000
	pigment { color rgbt <1,0,0,0> }
	no_shadow
}

// particle -1
sphere {
	<24.750479, 33.852448, 37.685940> 0.100000
	pigment { color rgbt <1,0,0,0> }
	no_shadow
}
sphere {
	0, 1
	scale<0.080000,0.200000,0.300000>
	matrix <-0.060068, 0.058125, -0.996500,
		-0.702871, 0.706391, 0.083571,
		0.708777, 0.705431, -0.001577,
		24.963112, 34.064075, 37.685467>
	pigment { color rgbt <0,1,1,0> }
	no_shadow
}
cylinder {
	<24.177399, 34.176693, 37.219398>,  <24.466969, 33.570274, 37.686569>, 0.130000
	pigment { color rgbt <1,0,0,0> }
	no_shadow
}

// nucleotide -1

// particle -1
sphere {
	<24.177399, 34.176693, 37.219398> 0.250000
	pigment { color rgbt <1,0,0,0> }
	no_shadow
}
cylinder {
	<24.575180, 34.134686, 37.221699>,  <24.813848, 34.109482, 37.223080>, 0.100000
	pigment { color rgbt <1,0,0,0> }
	no_shadow
}
cylinder {
	<24.575180, 34.134686, 37.221699>,  <24.177399, 34.176693, 37.219398>, 0.100000
	pigment { color rgbt <1,0,0,0> }
	no_shadow
}

// particle -1
sphere {
	<24.575180, 34.134686, 37.221699> 0.100000
	pigment { color rgbt <1,0,0,0> }
	no_shadow
}
sphere {
	0, 1
	scale<0.080000,0.200000,0.300000>
	matrix <0.003450, -0.022086, -0.999750,
		0.105118, 0.994225, -0.021601,
		0.994454, -0.105017, 0.005751,
		24.873516, 34.103180, 37.223423>
	pigment { color rgbt <0,1,1,0> }
	no_shadow
}
cylinder {
	<24.412266, 34.885723, 36.946838>,  <24.177399, 34.176693, 37.219398>, 0.130000
	pigment { color rgbt <1,0,0,0> }
	no_shadow
}

// nucleotide -1

// particle -1
sphere {
	<24.412266, 34.885723, 36.946838> 0.250000
	pigment { color rgbt <1,0,0,0> }
	no_shadow
}
cylinder {
	<24.776224, 34.810825, 37.094910>,  <24.994598, 34.765888, 37.183750>, 0.100000
	pigment { color rgbt <1,0,0,0> }
	no_shadow
}
cylinder {
	<24.776224, 34.810825, 37.094910>,  <24.412266, 34.885723, 36.946838>, 0.100000
	pigment { color rgbt <1,0,0,0> }
	no_shadow
}

// particle -1
sphere {
	<24.776224, 34.810825, 37.094910> 0.100000
	pigment { color rgbt <1,0,0,0> }
	no_shadow
}
sphere {
	0, 1
	scale<0.080000,0.200000,0.300000>
	matrix <0.345455, -0.152036, -0.926038,
		0.229674, 0.970477, -0.073653,
		0.909896, -0.187243, 0.370175,
		25.049192, 34.754654, 37.205963>
	pigment { color rgbt <0,1,1,0> }
	no_shadow
}
cylinder {
	<24.842682, 35.335602, 36.676327>,  <24.412266, 34.885723, 36.946838>, 0.130000
	pigment { color rgbt <1,0,0,0> }
	no_shadow
}

// nucleotide -1

// particle -1
sphere {
	<24.842682, 35.335602, 36.676327> 0.250000
	pigment { color rgbt <1,0,0,0> }
	no_shadow
}
cylinder {
	<25.020620, 34.988091, 36.763363>,  <25.127384, 34.779583, 36.815582>, 0.100000
	pigment { color rgbt <1,0,0,0> }
	no_shadow
}
cylinder {
	<25.020620, 34.988091, 36.763363>,  <24.842682, 35.335602, 36.676327>, 0.100000
	pigment { color rgbt <1,0,0,0> }
	no_shadow
}

// particle -1
sphere {
	<25.020620, 34.988091, 36.763363> 0.100000
	pigment { color rgbt <1,0,0,0> }
	no_shadow
}
sphere {
	0, 1
	scale<0.080000,0.200000,0.300000>
	matrix <0.216852, -0.131238, -0.967343,
		0.868958, 0.477503, 0.130015,
		0.444846, -0.868774, 0.217588,
		25.154074, 34.727459, 36.828640>
	pigment { color rgbt <0,1,1,0> }
	no_shadow
}
cylinder {
	<24.806387, 35.226597, 35.944725>,  <24.842682, 35.335602, 36.676327>, 0.130000
	pigment { color rgbt <1,0,0,0> }
	no_shadow
}

// nucleotide -1

// particle -1
sphere {
	<24.806387, 35.226597, 35.944725> 0.250000
	pigment { color rgbt <1,0,0,0> }
	no_shadow
}
cylinder {
	<24.526102, 34.961094, 35.840088>,  <24.357931, 34.801792, 35.777306>, 0.100000
	pigment { color rgbt <1,0,0,0> }
	no_shadow
}
cylinder {
	<24.526102, 34.961094, 35.840088>,  <24.806387, 35.226597, 35.944725>, 0.100000
	pigment { color rgbt <1,0,0,0> }
	no_shadow
}

// particle -1
sphere {
	<24.526102, 34.961094, 35.840088> 0.100000
	pigment { color rgbt <1,0,0,0> }
	no_shadow
}
sphere {
	0, 1
	scale<0.080000,0.200000,0.300000>
	matrix <0.438500, -0.689910, 0.575971,
		-0.562778, 0.288883, 0.774485,
		-0.700713, -0.663756, -0.261591,
		24.315887, 34.761967, 35.761612>
	pigment { color rgbt <0,1,1,0> }
	no_shadow
}
cylinder {
	<25.424879, 35.386719, 36.225700>,  <24.806387, 35.226597, 35.944725>, 0.130000
	pigment { color rgbt <1,0,0,0> }
	no_shadow
}

// nucleotide -1

// particle -1
sphere {
	<25.424879, 35.386719, 36.225700> 0.250000
	pigment { color rgbt <1,0,0,0> }
	no_shadow
}
cylinder {
	<25.386620, 34.994324, 36.293259>,  <25.363665, 34.758888, 36.333794>, 0.100000
	pigment { color rgbt <1,0,0,0> }
	no_shadow
}
cylinder {
	<25.386620, 34.994324, 36.293259>,  <25.424879, 35.386719, 36.225700>, 0.100000
	pigment { color rgbt <1,0,0,0> }
	no_shadow
}

// particle -1
sphere {
	<25.386620, 34.994324, 36.293259> 0.100000
	pigment { color rgbt <1,0,0,0> }
	no_shadow
}
sphere {
	0, 1
	scale<0.080000,0.200000,0.300000>
	matrix <0.115358, -0.179450, -0.976980,
		0.988708, -0.073961, 0.130328,
		-0.095646, -0.980982, 0.168892,
		25.357925, 34.700027, 36.343925>
	pigment { color rgbt <0,1,1,0> }
	no_shadow
}
cylinder {
	<25.949799, 35.083591, 35.831928>,  <25.424879, 35.386719, 36.225700>, 0.130000
	pigment { color rgbt <1,0,0,0> }
	no_shadow
}

// nucleotide -1

// particle -1
sphere {
	<25.949799, 35.083591, 35.831928> 0.250000
	pigment { color rgbt <1,0,0,0> }
	no_shadow
}
cylinder {
	<25.713074, 34.771320, 35.912235>,  <25.571039, 34.583958, 35.960419>, 0.100000
	pigment { color rgbt <1,0,0,0> }
	no_shadow
}
cylinder {
	<25.713074, 34.771320, 35.912235>,  <25.949799, 35.083591, 35.831928>, 0.100000
	pigment { color rgbt <1,0,0,0> }
	no_shadow
}

// particle -1
sphere {
	<25.713074, 34.771320, 35.912235> 0.100000
	pigment { color rgbt <1,0,0,0> }
	no_shadow
}
sphere {
	0, 1
	scale<0.080000,0.200000,0.300000>
	matrix <0.142680, -0.346590, -0.927102,
		0.793348, -0.520023, 0.316503,
		-0.591811, -0.780673, 0.200770,
		25.535530, 34.537117, 35.972466>
	pigment { color rgbt <0,1,1,0> }
	no_shadow
}
cylinder {
	<26.294149, 34.483070, 35.696445>,  <25.949799, 35.083591, 35.831928>, 0.130000
	pigment { color rgbt <1,0,0,0> }
	no_shadow
}

// nucleotide -1

// particle -1
sphere {
	<26.294149, 34.483070, 35.696445> 0.250000
	pigment { color rgbt <1,0,0,0> }
	no_shadow
}
cylinder {
	<25.918800, 34.348370, 35.665329>,  <25.693590, 34.267548, 35.646660>, 0.100000
	pigment { color rgbt <1,0,0,0> }
	no_shadow
}
cylinder {
	<25.918800, 34.348370, 35.665329>,  <26.294149, 34.483070, 35.696445>, 0.100000
	pigment { color rgbt <1,0,0,0> }
	no_shadow
}

// particle -1
sphere {
	<25.918800, 34.348370, 35.665329> 0.100000
	pigment { color rgbt <1,0,0,0> }
	no_shadow
}
sphere {
	0, 1
	scale<0.080000,0.200000,0.300000>
	matrix <0.176987, -0.274871, -0.945051,
		0.296865, -0.900580, 0.317532,
		-0.938374, -0.336752, -0.077791,
		25.637287, 34.247345, 35.641991>
	pigment { color rgbt <0,1,1,0> }
	no_shadow
}
cylinder {
	<26.362734, 33.805939, 35.414402>,  <26.294149, 34.483070, 35.696445>, 0.130000
	pigment { color rgbt <1,0,0,0> }
	no_shadow
}

// nucleotide -1

// particle -1
sphere {
	<26.362734, 33.805939, 35.414402> 0.250000
	pigment { color rgbt <1,0,0,0> }
	no_shadow
}
cylinder {
	<25.991903, 33.939075, 35.345417>,  <25.769405, 34.018959, 35.304028>, 0.100000
	pigment { color rgbt <1,0,0,0> }
	no_shadow
}
cylinder {
	<25.991903, 33.939075, 35.345417>,  <26.362734, 33.805939, 35.414402>, 0.100000
	pigment { color rgbt <1,0,0,0> }
	no_shadow
}

// particle -1
sphere {
	<25.991903, 33.939075, 35.345417> 0.100000
	pigment { color rgbt <1,0,0,0> }
	no_shadow
}
sphere {
	0, 1
	scale<0.080000,0.200000,0.300000>
	matrix <0.029450, -0.393969, -0.918652,
		-0.373709, -0.856742, 0.355438,
		-0.927078, 0.332840, -0.172460,
		25.713781, 34.038929, 35.293678>
	pigment { color rgbt <0,1,1,0> }
	no_shadow
}
cylinder {
	<26.351086, 33.351078, 34.836857>,  <26.362734, 33.805939, 35.414402>, 0.130000
	pigment { color rgbt <1,0,0,0> }
	no_shadow
}

// nucleotide -1

// particle -1
sphere {
	<26.351086, 33.351078, 34.836857> 0.250000
	pigment { color rgbt <1,0,0,0> }
	no_shadow
}
cylinder {
	<25.992138, 33.282093, 34.674385>,  <25.776770, 33.240704, 34.576900>, 0.100000
	pigment { color rgbt <1,0,0,0> }
	no_shadow
}
cylinder {
	<25.992138, 33.282093, 34.674385>,  <26.351086, 33.351078, 34.836857>, 0.100000
	pigment { color rgbt <1,0,0,0> }
	no_shadow
}

// particle -1
sphere {
	<25.992138, 33.282093, 34.674385> 0.100000
	pigment { color rgbt <1,0,0,0> }
	no_shadow
}
sphere {
	0, 1
	scale<0.080000,0.200000,0.300000>
	matrix <-0.240287, -0.581062, 0.777579,
		-0.370118, 0.795376, 0.479988,
		-0.897371, -0.172461, -0.406180,
		25.722927, 33.230354, 34.552532>
	pigment { color rgbt <0,1,1,0> }
	no_shadow
}
cylinder {
	<27.045891, 33.346817, 35.083717>,  <26.351086, 33.351078, 34.836857>, 0.130000
	pigment { color rgbt <1,0,0,0> }
	no_shadow
}

// nucleotide -1

// particle -1
sphere {
	<27.045891, 33.346817, 35.083717> 0.250000
	pigment { color rgbt <1,0,0,0> }
	no_shadow
}
cylinder {
	<27.380936, 33.432091, 34.882538>,  <27.581963, 33.483257, 34.761829>, 0.100000
	pigment { color rgbt <1,0,0,0> }
	no_shadow
}
cylinder {
	<27.380936, 33.432091, 34.882538>,  <27.045891, 33.346817, 35.083717>, 0.100000
	pigment { color rgbt <1,0,0,0> }
	no_shadow
}

// particle -1
sphere {
	<27.380936, 33.432091, 34.882538> 0.100000
	pigment { color rgbt <1,0,0,0> }
	no_shadow
}
sphere {
	0, 1
	scale<0.080000,0.200000,0.300000>
	matrix <-0.461162, -0.217539, -0.860237,
		-0.292801, 0.952485, -0.083900,
		0.837614, 0.213187, -0.502945,
		27.632219, 33.496048, 34.731655>
	pigment { color rgbt <0,1,1,0> }
	no_shadow
}
cylinder {
	<26.903503, 33.903816, 34.608952>,  <27.045891, 33.346817, 35.083717>, 0.130000
	pigment { color rgbt <1,0,0,0> }
	no_shadow
}

// nucleotide -1

// particle -1
sphere {
	<26.903503, 33.903816, 34.608952> 0.250000
	pigment { color rgbt <1,0,0,0> }
	no_shadow
}
cylinder {
	<27.186682, 33.662006, 34.462875>,  <27.356588, 33.516918, 34.375229>, 0.100000
	pigment { color rgbt <1,0,0,0> }
	no_shadow
}
cylinder {
	<27.186682, 33.662006, 34.462875>,  <26.903503, 33.903816, 34.608952>, 0.100000
	pigment { color rgbt <1,0,0,0> }
	no_shadow
}

// particle -1
sphere {
	<27.186682, 33.662006, 34.462875> 0.100000
	pigment { color rgbt <1,0,0,0> }
	no_shadow
}
sphere {
	0, 1
	scale<0.080000,0.200000,0.300000>
	matrix <-0.625300, -0.296100, -0.722029,
		0.328353, 0.739508, -0.587632,
		0.707944, -0.604527, -0.365189,
		27.399065, 33.480648, 34.353317>
	pigment { color rgbt <0,1,1,0> }
	no_shadow
}
cylinder {
	<27.031418, 34.014076, 33.876953>,  <26.903503, 33.903816, 34.608952>, 0.130000
	pigment { color rgbt <1,0,0,0> }
	no_shadow
}

// nucleotide -1

// particle -1
sphere {
	<27.031418, 34.014076, 33.876953> 0.250000
	pigment { color rgbt <1,0,0,0> }
	no_shadow
}
cylinder {
	<27.113871, 33.630806, 33.956364>,  <27.163342, 33.400845, 34.004009>, 0.100000
	pigment { color rgbt <1,0,0,0> }
	no_shadow
}
cylinder {
	<27.113871, 33.630806, 33.956364>,  <27.031418, 34.014076, 33.876953>, 0.100000
	pigment { color rgbt <1,0,0,0> }
	no_shadow
}

// particle -1
sphere {
	<27.113871, 33.630806, 33.956364> 0.100000
	pigment { color rgbt <1,0,0,0> }
	no_shadow
}
sphere {
	0, 1
	scale<0.080000,0.200000,0.300000>
	matrix <-0.581656, -0.283129, -0.762570,
		0.786884, 0.041717, -0.615690,
		0.206131, -0.958174, 0.198525,
		27.175711, 33.343353, 34.015923>
	pigment { color rgbt <0,1,1,0> }
	no_shadow
}
cylinder {
	<27.144438, 33.668640, 33.219139>,  <27.031418, 34.014076, 33.876953>, 0.130000
	pigment { color rgbt <1,0,0,0> }
	no_shadow
}

// nucleotide -1

// particle -1
sphere {
	<27.144438, 33.668640, 33.219139> 0.250000
	pigment { color rgbt <1,0,0,0> }
	no_shadow
}
cylinder {
	<27.027699, 33.373711, 33.462833>,  <26.957655, 33.196751, 33.609051>, 0.100000
	pigment { color rgbt <1,0,0,0> }
	no_shadow
}
cylinder {
	<27.027699, 33.373711, 33.462833>,  <27.144438, 33.668640, 33.219139>, 0.100000
	pigment { color rgbt <1,0,0,0> }
	no_shadow
}

// particle -1
sphere {
	<27.027699, 33.373711, 33.462833> 0.100000
	pigment { color rgbt <1,0,0,0> }
	no_shadow
}
sphere {
	0, 1
	scale<0.080000,0.200000,0.300000>
	matrix <-0.624768, -0.335341, -0.705132,
		0.724216, -0.586426, -0.362789,
		-0.291849, -0.737327, 0.609240,
		26.940144, 33.152512, 33.645607>
	pigment { color rgbt <0,1,1,0> }
	no_shadow
}
cylinder {
	<27.075508, 33.079330, 32.737595>,  <27.144438, 33.668640, 33.219139>, 0.130000
	pigment { color rgbt <1,0,0,0> }
	no_shadow
}

// nucleotide -1

// particle -1
sphere {
	<27.075508, 33.079330, 32.737595> 0.250000
	pigment { color rgbt <1,0,0,0> }
	no_shadow
}
cylinder {
	<26.864431, 32.987263, 33.064659>,  <26.737785, 32.932022, 33.260899>, 0.100000
	pigment { color rgbt <1,0,0,0> }
	no_shadow
}
cylinder {
	<26.864431, 32.987263, 33.064659>,  <27.075508, 33.079330, 32.737595>, 0.100000
	pigment { color rgbt <1,0,0,0> }
	no_shadow
}

// particle -1
sphere {
	<26.864431, 32.987263, 33.064659> 0.100000
	pigment { color rgbt <1,0,0,0> }
	no_shadow
}
sphere {
	0, 1
	scale<0.080000,0.200000,0.300000>
	matrix <-0.677056, -0.467335, -0.568501,
		0.512970, -0.853594, 0.090773,
		-0.527690, -0.230165, 0.817659,
		26.706125, 32.918213, 33.309956>
	pigment { color rgbt <0,1,1,0> }
	no_shadow
}
cylinder {
	<26.947027, 32.239651, 32.864628>,  <27.075508, 33.079330, 32.737595>, 0.130000
	pigment { color rgbt <1,0,0,0> }
	no_shadow
}

// nucleotide -1

// particle -1
sphere {
	<26.947027, 32.239651, 32.864628> 0.250000
	pigment { color rgbt <1,0,0,0> }
	no_shadow
}
cylinder {
	<26.677773, 32.509312, 32.986221>,  <26.516220, 32.671108, 33.059177>, 0.100000
	pigment { color rgbt <1,0,0,0> }
	no_shadow
}
cylinder {
	<26.677773, 32.509312, 32.986221>,  <26.947027, 32.239651, 32.864628>, 0.100000
	pigment { color rgbt <1,0,0,0> }
	no_shadow
}

// particle -1
sphere {
	<26.677773, 32.509312, 32.986221> 0.100000
	pigment { color rgbt <1,0,0,0> }
	no_shadow
}
sphere {
	0, 1
	scale<0.080000,0.200000,0.300000>
	matrix <-0.717598, -0.496107, -0.488805,
		-0.178718, -0.547174, 0.817717,
		-0.673136, 0.674150, 0.303988,
		26.475832, 32.711555, 33.077419>
	pigment { color rgbt <0,1,1,0> }
	no_shadow
}
cylinder {
	<26.371122, 32.010250, 33.024078>,  <26.947027, 32.239651, 32.864628>, 0.130000
	pigment { color rgbt <1,0,0,0> }
	no_shadow
}

// nucleotide -1

// particle -1
sphere {
	<26.371122, 32.010250, 33.024078> 0.250000
	pigment { color rgbt <1,0,0,0> }
	no_shadow
}
cylinder {
	<26.247278, 32.379311, 32.932125>,  <26.172972, 32.600746, 32.876953>, 0.100000
	pigment { color rgbt <1,0,0,0> }
	no_shadow
}
cylinder {
	<26.247278, 32.379311, 32.932125>,  <26.371122, 32.010250, 33.024078>, 0.100000
	pigment { color rgbt <1,0,0,0> }
	no_shadow
}

// particle -1
sphere {
	<26.247278, 32.379311, 32.932125> 0.100000
	pigment { color rgbt <1,0,0,0> }
	no_shadow
}
sphere {
	0, 1
	scale<0.080000,0.200000,0.300000>
	matrix <-0.799500, -0.383476, -0.462327,
		-0.514725, 0.040653, 0.856391,
		-0.309610, 0.922656, -0.229887,
		26.154394, 32.656109, 32.863159>
	pigment { color rgbt <0,1,1,0> }
	no_shadow
}
cylinder {
	<25.622776, 32.065178, 33.116798>,  <26.371122, 32.010250, 33.024078>, 0.130000
	pigment { color rgbt <1,0,0,0> }
	no_shadow
}

// nucleotide -1

// particle -1
sphere {
	<25.622776, 32.065178, 33.116798> 0.250000
	pigment { color rgbt <1,0,0,0> }
	no_shadow
}
cylinder {
	<25.706573, 32.360310, 32.860134>,  <25.756853, 32.537388, 32.706135>, 0.100000
	pigment { color rgbt <1,0,0,0> }
	no_shadow
}
cylinder {
	<25.706573, 32.360310, 32.860134>,  <25.622776, 32.065178, 33.116798>, 0.100000
	pigment { color rgbt <1,0,0,0> }
	no_shadow
}

// particle -1
sphere {
	<25.706573, 32.360310, 32.860134> 0.100000
	pigment { color rgbt <1,0,0,0> }
	no_shadow
}
sphere {
	0, 1
	scale<0.080000,0.200000,0.300000>
	matrix <-0.802547, -0.245136, -0.543899,
		-0.558596, 0.628905, 0.540785,
		0.209495, 0.737826, -0.641658,
		25.769423, 32.581657, 32.667637>
	pigment { color rgbt <0,1,1,0> }
	no_shadow
}
cylinder {
	<25.035286, 32.461720, 33.031414>,  <25.622776, 32.065178, 33.116798>, 0.130000
	pigment { color rgbt <1,0,0,0> }
	no_shadow
}

// nucleotide -1

// particle -1
sphere {
	<25.035286, 32.461720, 33.031414> 0.250000
	pigment { color rgbt <1,0,0,0> }
	no_shadow
}
cylinder {
	<25.271465, 32.465237, 32.708603>,  <25.413174, 32.467346, 32.514915>, 0.100000
	pigment { color rgbt <1,0,0,0> }
	no_shadow
}
cylinder {
	<25.271465, 32.465237, 32.708603>,  <25.035286, 32.461720, 33.031414>, 0.100000
	pigment { color rgbt <1,0,0,0> }
	no_shadow
}

// particle -1
sphere {
	<25.271465, 32.465237, 32.708603> 0.100000
	pigment { color rgbt <1,0,0,0> }
	no_shadow
}
sphere {
	0, 1
	scale<0.080000,0.200000,0.300000>
	matrix <-0.760917, -0.327253, -0.560278,
		-0.269030, 0.944896, -0.186534,
		0.590448, 0.008794, -0.807028,
		25.448599, 32.467876, 32.466496>
	pigment { color rgbt <0,1,1,0> }
	no_shadow
}
cylinder {
	<24.395744, 32.875820, 32.952824>,  <25.035286, 32.461720, 33.031414>, 0.130000
	pigment { color rgbt <1,0,0,0> }
	no_shadow
}

// nucleotide -1

// particle -1
sphere {
	<24.395744, 32.875820, 32.952824> 0.250000
	pigment { color rgbt <1,0,0,0> }
	no_shadow
}
cylinder {
	<24.729609, 33.076057, 32.860958>,  <24.929928, 33.196201, 32.805840>, 0.100000
	pigment { color rgbt <1,0,0,0> }
	no_shadow
}
cylinder {
	<24.729609, 33.076057, 32.860958>,  <24.395744, 32.875820, 32.952824>, 0.100000
	pigment { color rgbt <1,0,0,0> }
	no_shadow
}

// particle -1
sphere {
	<24.729609, 33.076057, 32.860958> 0.100000
	pigment { color rgbt <1,0,0,0> }
	no_shadow
}
sphere {
	0, 1
	scale<0.080000,0.200000,0.300000>
	matrix <-0.427099, 0.325013, -0.843773,
		-0.347743, 0.802355, 0.485079,
		0.834663, 0.500593, -0.229664,
		24.980007, 33.226234, 32.792057>
	pigment { color rgbt <0,1,1,0> }
	no_shadow
}
cylinder {
	<24.095890, 32.681522, 32.291451>,  <24.395744, 32.875820, 32.952824>, 0.130000
	pigment { color rgbt <1,0,0,0> }
	no_shadow
}

// nucleotide -1

// particle -1
sphere {
	<24.095890, 32.681522, 32.291451> 0.250000
	pigment { color rgbt <1,0,0,0> }
	no_shadow
}
cylinder {
	<24.284409, 32.758038, 31.947058>,  <24.397520, 32.803947, 31.740421>, 0.100000
	pigment { color rgbt <1,0,0,0> }
	no_shadow
}
cylinder {
	<24.284409, 32.758038, 31.947058>,  <24.095890, 32.681522, 32.291451>, 0.100000
	pigment { color rgbt <1,0,0,0> }
	no_shadow
}

// particle -1
sphere {
	<24.284409, 32.758038, 31.947058> 0.100000
	pigment { color rgbt <1,0,0,0> }
	no_shadow
}
sphere {
	0, 1
	scale<0.080000,0.200000,0.300000>
	matrix <0.855720, 0.137239, 0.498908,
		0.213593, -0.971893, -0.099005,
		0.471298, 0.191284, -0.860981,
		24.425798, 32.815422, 31.688763>
	pigment { color rgbt <0,1,1,0> }
	no_shadow
}
cylinder {
	<24.664146, 32.231895, 32.095791>,  <24.095890, 32.681522, 32.291451>, 0.130000
	pigment { color rgbt <1,0,0,0> }
	no_shadow
}

// nucleotide -1

// particle -1
sphere {
	<24.664146, 32.231895, 32.095791> 0.250000
	pigment { color rgbt <1,0,0,0> }
	no_shadow
}
cylinder {
	<24.727661, 32.603760, 31.962811>,  <24.765770, 32.826878, 31.883022>, 0.100000
	pigment { color rgbt <1,0,0,0> }
	no_shadow
}
cylinder {
	<24.727661, 32.603760, 31.962811>,  <24.664146, 32.231895, 32.095791>, 0.100000
	pigment { color rgbt <1,0,0,0> }
	no_shadow
}

// particle -1
sphere {
	<24.727661, 32.603760, 31.962811> 0.100000
	pigment { color rgbt <1,0,0,0> }
	no_shadow
}
sphere {
	0, 1
	scale<0.080000,0.200000,0.300000>
	matrix <0.782934, 0.086581, 0.616051,
		0.601500, -0.358108, -0.714112,
		0.158785, 0.929657, -0.332453,
		24.775297, 32.882656, 31.863075>
	pigment { color rgbt <0,1,1,0> }
	no_shadow
}
cylinder {
	<25.367903, 32.412910, 31.687716>,  <24.664146, 32.231895, 32.095791>, 0.130000
	pigment { color rgbt <1,0,0,0> }
	no_shadow
}

// nucleotide -1

// particle -1
sphere {
	<25.367903, 32.412910, 31.687716> 0.250000
	pigment { color rgbt <1,0,0,0> }
	no_shadow
}
cylinder {
	<25.168787, 32.652916, 31.938213>,  <25.049318, 32.796921, 32.088512>, 0.100000
	pigment { color rgbt <1,0,0,0> }
	no_shadow
}
cylinder {
	<25.168787, 32.652916, 31.938213>,  <25.367903, 32.412910, 31.687716>, 0.100000
	pigment { color rgbt <1,0,0,0> }
	no_shadow
}

// particle -1
sphere {
	<25.168787, 32.652916, 31.938213> 0.100000
	pigment { color rgbt <1,0,0,0> }
	no_shadow
}
sphere {
	0, 1
	scale<0.080000,0.200000,0.300000>
	matrix <0.759727, -0.046631, 0.648568,
		0.418354, 0.798627, -0.432637,
		-0.497790, 0.600017, 0.626247,
		25.019449, 32.832920, 32.126087>
	pigment { color rgbt <0,1,1,0> }
	no_shadow
}
cylinder {
	<25.743877, 33.087894, 31.966459>,  <25.367903, 32.412910, 31.687716>, 0.130000
	pigment { color rgbt <1,0,0,0> }
	no_shadow
}

// nucleotide -1

// particle -1
sphere {
	<25.743877, 33.087894, 31.966459> 0.250000
	pigment { color rgbt <1,0,0,0> }
	no_shadow
}
cylinder {
	<25.496363, 32.942188, 32.244858>,  <25.347855, 32.854763, 32.411896>, 0.100000
	pigment { color rgbt <1,0,0,0> }
	no_shadow
}
cylinder {
	<25.496363, 32.942188, 32.244858>,  <25.743877, 33.087894, 31.966459>, 0.100000
	pigment { color rgbt <1,0,0,0> }
	no_shadow
}

// particle -1
sphere {
	<25.496363, 32.942188, 32.244858> 0.100000
	pigment { color rgbt <1,0,0,0> }
	no_shadow
}
sphere {
	0, 1
	scale<0.080000,0.200000,0.300000>
	matrix <0.760148, -0.054129, 0.647492,
