// switches for output
#declare DRAW_BASES = 1; // possible values are 0, 1; only relevant for DNA ribbons
#declare DRAW_BASES_TYPE = 3; // possible values are 1, 2, 3; only relevant for DNA ribbons
#declare DRAW_FOG = 0; // set to 1 to enable fog

#include "colors.inc"

#include "transforms.inc"
background { rgb <1, 1, 1>}

#default {
   normal{
       ripples 0.25
       frequency 0.20
       turbulence 0.2
       lambda 5
   }
	finish {
		phong 0.1
		phong_size 40.
	}
}

// original window dimensions: 1024x640


// camera settings

camera {
	sky <0, 0.179814, -0.983701>
	up <0, 0.179814, -0.983701>
	right 1.6 * <1, 0, 0>
	location <35, 94.9851, 44.8844>
	look_at <35, 29.7336, 32.9568>
	direction <0, -65.2515, -11.9276>
	angle 67.0682
}


# declare cpy_camera_pos = <35, 94.9851, 44.8844>;
# if (DRAW_FOG = 1)
fog {
	fog_type 2
	up vnormalize(cpy_camera_pos)
	color rgbt<1,1,1,0.3>
	distance 1e-5
	fog_alt 3e-3
	fog_offset 56
}
# end


// LIGHTS

# declare lum = 6;
global_settings {
	ambient_light rgb lum * <0.05, 0.05, 0.05>
	max_trace_level 15
}# declare cpy_direct_light_amount = 0.25;
light_source
{	1000 * <-1, -1.16352, -0.803886>,
	rgb lum * cpy_direct_light_amount
	parallel
}

light_source
{	1000 * <1, 1.16352, 0.803886>,
	rgb lum * cpy_direct_light_amount
	parallel
}

// strand 0

// nucleotide -1

// particle -1
sphere {
	<24.726158, 34.974926, 35.357487> 0.250000
	pigment { color rgbt <1,0,0,0> }
	no_shadow
}
cylinder {
	<24.642862, 34.781052, 35.017670>,  <24.592886, 34.664726, 34.813782>, 0.100000
	pigment { color rgbt <1,0,0,0> }
	no_shadow
}
cylinder {
	<24.642862, 34.781052, 35.017670>,  <24.726158, 34.974926, 35.357487>, 0.100000
	pigment { color rgbt <1,0,0,0> }
	no_shadow
}

// particle -1
sphere {
	<24.642862, 34.781052, 35.017670> 0.100000
	pigment { color rgbt <1,0,0,0> }
	no_shadow
}
sphere {
	0, 1
	scale<0.080000,0.200000,0.300000>
	matrix <0.409327, 0.745672, -0.525760,
		0.888306, -0.457223, 0.043117,
		-0.208238, -0.484685, -0.849539,
		24.580391, 34.635647, 34.762810>
	pigment { color rgbt <0,1,1,0> }
	no_shadow
}
cylinder {
	<25.460762, 35.308723, 35.200748>,  <24.726158, 34.974926, 35.357487>, 0.130000
	pigment { color rgbt <1,0,0,0> }
	no_shadow
}

// nucleotide -1

// particle -1
sphere {
	<25.460762, 35.308723, 35.200748> 0.250000
	pigment { color rgbt <1,0,0,0> }
	no_shadow
}
cylinder {
	<25.823742, 35.437305, 35.308968>,  <26.041531, 35.514454, 35.373898>, 0.100000
	pigment { color rgbt <1,0,0,0> }
	no_shadow
}
cylinder {
	<25.823742, 35.437305, 35.308968>,  <25.460762, 35.308723, 35.200748>, 0.100000
	pigment { color rgbt <1,0,0,0> }
	no_shadow
}

// particle -1
sphere {
	<25.823742, 35.437305, 35.308968> 0.100000
	pigment { color rgbt <1,0,0,0> }
	no_shadow
}
sphere {
	0, 1
	scale<0.080000,0.200000,0.300000>
	matrix <0.105739, 0.448471, -0.887521,
		-0.406633, 0.833990, 0.372975,
		0.907452, 0.321457, 0.270549,
		26.095978, 35.533741, 35.390133>
	pigment { color rgbt <0,1,1,0> }
	no_shadow
}
cylinder {
	<25.496347, 36.022945, 35.243393>,  <25.460762, 35.308723, 35.200748>, 0.130000
	pigment { color rgbt <1,0,0,0> }
	no_shadow
}

// nucleotide -1

// particle -1
sphere {
	<25.496347, 36.022945, 35.243393> 0.250000
	pigment { color rgbt <1,0,0,0> }
	no_shadow
}
cylinder {
	<25.874792, 35.899990, 35.202633>,  <26.101860, 35.826218, 35.178177>, 0.100000
	pigment { color rgbt <1,0,0,0> }
	no_shadow
}
cylinder {
	<25.874792, 35.899990, 35.202633>,  <25.496347, 36.022945, 35.243393>, 0.100000
	pigment { color rgbt <1,0,0,0> }
	no_shadow
}

// particle -1
sphere {
	<25.874792, 35.899990, 35.202633> 0.100000
	pigment { color rgbt <1,0,0,0> }
	no_shadow
}
sphere {
	0, 1
	scale<0.080000,0.200000,0.300000>
	matrix <0.128904, 0.646139, -0.752255,
		0.297076, 0.698583, 0.650944,
		0.946113, -0.307386, -0.101902,
		26.158627, 35.807774, 35.172062>
	pigment { color rgbt <0,1,1,0> }
	no_shadow
}
cylinder {
	<25.830944, 36.626812, 35.069866>,  <25.496347, 36.022945, 35.243393>, 0.130000
	pigment { color rgbt <1,0,0,0> }
	no_shadow
}

// nucleotide -1

// particle -1
sphere {
	<25.830944, 36.626812, 35.069866> 0.250000
	pigment { color rgbt <1,0,0,0> }
	no_shadow
}
cylinder {
	<26.108725, 36.350319, 34.989937>,  <26.275393, 36.184422, 34.941978>, 0.100000
	pigment { color rgbt <1,0,0,0> }
	no_shadow
}
cylinder {
	<26.108725, 36.350319, 34.989937>,  <25.830944, 36.626812, 35.069866>, 0.100000
	pigment { color rgbt <1,0,0,0> }
	no_shadow
}

// particle -1
sphere {
	<26.108725, 36.350319, 34.989937> 0.100000
	pigment { color rgbt <1,0,0,0> }
	no_shadow
}
sphere {
	0, 1
	scale<0.080000,0.200000,0.300000>
	matrix <0.335303, 0.556598, -0.760113,
		0.636638, 0.460861, 0.618304,
		0.694452, -0.691236, -0.199823,
		26.317060, 36.142948, 34.929989>
	pigment { color rgbt <0,1,1,0> }
	no_shadow
}
cylinder {
	<26.416552, 37.009876, 35.018856>,  <25.830944, 36.626812, 35.069866>, 0.130000
	pigment { color rgbt <1,0,0,0> }
	no_shadow
}

// nucleotide -1

// particle -1
sphere {
	<26.416552, 37.009876, 35.018856> 0.250000
	pigment { color rgbt <1,0,0,0> }
	no_shadow
}
cylinder {
	<26.457737, 36.667377, 34.816372>,  <26.482449, 36.461880, 34.694881>, 0.100000
	pigment { color rgbt <1,0,0,0> }
	no_shadow
}
cylinder {
	<26.457737, 36.667377, 34.816372>,  <26.416552, 37.009876, 35.018856>, 0.100000
	pigment { color rgbt <1,0,0,0> }
	no_shadow
}

// particle -1
sphere {
	<26.457737, 36.667377, 34.816372> 0.100000
	pigment { color rgbt <1,0,0,0> }
	no_shadow
}
sphere {
	0, 1
	scale<0.080000,0.200000,0.300000>
	matrix <0.136763, 0.516266, -0.845438,
		0.985238, 0.017820, 0.170260,
		0.102965, -0.856243, -0.506207,
		26.488626, 36.410503, 34.664509>
	pigment { color rgbt <0,1,1,0> }
	no_shadow
}
cylinder {
	<27.113901, 36.941353, 34.695232>,  <26.416552, 37.009876, 35.018856>, 0.130000
	pigment { color rgbt <1,0,0,0> }
	no_shadow
}

// nucleotide -1

// particle -1
sphere {
	<27.113901, 36.941353, 34.695232> 0.250000
	pigment { color rgbt <1,0,0,0> }
	no_shadow
}
cylinder {
	<26.805138, 36.768574, 34.508652>,  <26.619881, 36.664906, 34.396702>, 0.100000
	pigment { color rgbt <1,0,0,0> }
	no_shadow
}
cylinder {
	<26.805138, 36.768574, 34.508652>,  <27.113901, 36.941353, 34.695232>, 0.100000
	pigment { color rgbt <1,0,0,0> }
	no_shadow
}

// particle -1
sphere {
	<26.805138, 36.768574, 34.508652> 0.100000
	pigment { color rgbt <1,0,0,0> }
	no_shadow
}
sphere {
	0, 1
	scale<0.080000,0.200000,0.300000>
	matrix <0.211680, 0.517226, -0.829258,
		0.599460, -0.738849, -0.307815,
		-0.771906, -0.431948, -0.466456,
		26.573566, 36.638988, 34.368713>
	pigment { color rgbt <0,1,1,0> }
	no_shadow
}
cylinder {
	<27.440226, 36.688519, 34.076824>,  <27.113901, 36.941353, 34.695232>, 0.130000
	pigment { color rgbt <1,0,0,0> }
	no_shadow
}

// nucleotide -1

// particle -1
sphere {
	<27.440226, 36.688519, 34.076824> 0.250000
	pigment { color rgbt <1,0,0,0> }
	no_shadow
}
cylinder {
	<27.047169, 36.729832, 34.015186>,  <26.811335, 36.754620, 33.978203>, 0.100000
	pigment { color rgbt <1,0,0,0> }
	no_shadow
}
cylinder {
	<27.047169, 36.729832, 34.015186>,  <27.440226, 36.688519, 34.076824>, 0.100000
	pigment { color rgbt <1,0,0,0> }
	no_shadow
}

// particle -1
sphere {
	<27.047169, 36.729832, 34.015186> 0.100000
	pigment { color rgbt <1,0,0,0> }
	no_shadow
}
sphere {
	0, 1
	scale<0.080000,0.200000,0.300000>
	matrix <0.185137, 0.493258, -0.849954,
		-0.011779, -0.863730, -0.503818,
		-0.982642, 0.103286, -0.154098,
		26.752377, 36.760818, 33.968956>
	pigment { color rgbt <0,1,1,0> }
	no_shadow
}
cylinder {
	<27.279728, 36.379086, 33.411407>,  <27.440226, 36.688519, 34.076824>, 0.130000
	pigment { color rgbt <1,0,0,0> }
	no_shadow
}

// nucleotide -1

// particle -1
sphere {
	<27.279728, 36.379086, 33.411407> 0.250000
	pigment { color rgbt <1,0,0,0> }
	no_shadow
}
cylinder {
	<26.993168, 36.653999, 33.459415>,  <26.821232, 36.818947, 33.488220>, 0.100000
	pigment { color rgbt <1,0,0,0> }
	no_shadow
}
cylinder {
	<26.993168, 36.653999, 33.459415>,  <27.279728, 36.379086, 33.411407>, 0.100000
	pigment { color rgbt <1,0,0,0> }
	no_shadow
}

// particle -1
sphere {
	<26.993168, 36.653999, 33.459415> 0.100000
	pigment { color rgbt <1,0,0,0> }
	no_shadow
}
sphere {
	0, 1
	scale<0.080000,0.200000,0.300000>
	matrix <0.225901, 0.391266, -0.892121,
		-0.660103, -0.612004, -0.435562,
		-0.716402, 0.687286, 0.120024,
		26.778248, 36.860184, 33.495422>
	pigment { color rgbt <0,1,1,0> }
	no_shadow
}
cylinder {
	<26.742792, 36.347660, 32.909657>,  <27.279728, 36.379086, 33.411407>, 0.130000
	pigment { color rgbt <1,0,0,0> }
	no_shadow
}

// nucleotide -1

// particle -1
sphere {
	<26.742792, 36.347660, 32.909657> 0.250000
	pigment { color rgbt <1,0,0,0> }
	no_shadow
}
cylinder {
	<26.772320, 36.728054, 33.029774>,  <26.790035, 36.956291, 33.101845>, 0.100000
	pigment { color rgbt <1,0,0,0> }
	no_shadow
}
cylinder {
	<26.772320, 36.728054, 33.029774>,  <26.742792, 36.347660, 32.909657>, 0.100000
	pigment { color rgbt <1,0,0,0> }
	no_shadow
}

// particle -1
sphere {
	<26.772320, 36.728054, 33.029774> 0.100000
	pigment { color rgbt <1,0,0,0> }
	no_shadow
}
sphere {
	0, 1
	scale<0.080000,0.200000,0.300000>
	matrix <0.228079, 0.277034, -0.933398,
		-0.970840, 0.137392, -0.196450,
		0.073817, 0.950987, 0.300292,
		26.794464, 37.013351, 33.119862>
	pigment { color rgbt <0,1,1,0> }
	no_shadow
}
cylinder {
	<26.487326, 36.796692, 32.209625>,  <26.742792, 36.347660, 32.909657>, 0.130000
	pigment { color rgbt <1,0,0,0> }
	no_shadow
}

// nucleotide -1

// particle -1
sphere {
	<26.487326, 36.796692, 32.209625> 0.250000
	pigment { color rgbt <1,0,0,0> }
	no_shadow
}
cylinder {
	<26.686857, 37.043018, 32.453575>,  <26.806576, 37.190815, 32.599945>, 0.100000
	pigment { color rgbt <1,0,0,0> }
	no_shadow
}
cylinder {
	<26.686857, 37.043018, 32.453575>,  <26.487326, 36.796692, 32.209625>, 0.100000
	pigment { color rgbt <1,0,0,0> }
	no_shadow
}

// particle -1
sphere {
	<26.686857, 37.043018, 32.453575> 0.100000
	pigment { color rgbt <1,0,0,0> }
	no_shadow
}
sphere {
	0, 1
	scale<0.080000,0.200000,0.300000>
	matrix <0.576717, 0.289426, -0.763957,
		-0.646966, 0.732809, -0.210774,
		0.498831, 0.615812, 0.609872,
		26.836506, 37.227760, 32.636536>
	pigment { color rgbt <0,1,1,0> }
	no_shadow
}
cylinder {
	<26.591917, 37.405838, 31.756727>,  <26.487326, 36.796692, 32.209625>, 0.130000
	pigment { color rgbt <1,0,0,0> }
	no_shadow
}

// nucleotide -1

// particle -1
sphere {
	<26.591917, 37.405838, 31.756727> 0.250000
	pigment { color rgbt <1,0,0,0> }
	no_shadow
}
cylinder {
	<26.839819, 37.400799, 32.070606>,  <26.988560, 37.397774, 32.258934>, 0.100000
	pigment { color rgbt <1,0,0,0> }
	no_shadow
}
cylinder {
	<26.839819, 37.400799, 32.070606>,  <26.591917, 37.405838, 31.756727>, 0.100000
	pigment { color rgbt <1,0,0,0> }
	no_shadow
}

// particle -1
sphere {
	<26.839819, 37.400799, 32.070606> 0.100000
	pigment { color rgbt <1,0,0,0> }
	no_shadow
}
sphere {
	0, 1
	scale<0.080000,0.200000,0.300000>
	matrix <0.744760, 0.324722, -0.582999,
		-0.247463, 0.945726, 0.210631,
		0.619753, -0.012599, 0.784696,
		27.025745, 37.397018, 32.306015>
	pigment { color rgbt <0,1,1,0> }
	no_shadow
}
cylinder {
	<26.890759, 38.110592, 31.815321>,  <26.591917, 37.405838, 31.756727>, 0.130000
	pigment { color rgbt <1,0,0,0> }
	no_shadow
}

// nucleotide -1

// particle -1
sphere {
	<26.890759, 38.110592, 31.815321> 0.250000
	pigment { color rgbt <1,0,0,0> }
	no_shadow
}
cylinder {
	<27.113743, 37.822708, 31.980852>,  <27.247534, 37.649979, 32.080170>, 0.100000
	pigment { color rgbt <1,0,0,0> }
	no_shadow
}
cylinder {
	<27.113743, 37.822708, 31.980852>,  <26.890759, 38.110592, 31.815321>, 0.100000
	pigment { color rgbt <1,0,0,0> }
	no_shadow
}

// particle -1
sphere {
	<27.113743, 37.822708, 31.980852> 0.100000
	pigment { color rgbt <1,0,0,0> }
	no_shadow
}
sphere {
	0, 1
	scale<0.080000,0.200000,0.300000>
	matrix <0.800437, 0.333668, -0.497962,
		0.220307, 0.608837, 0.762090,
		0.557463, -0.719710, 0.413826,
		27.280981, 37.606796, 32.105000>
	pigment { color rgbt <0,1,1,0> }
	no_shadow
}
cylinder {
	<27.457125, 38.393143, 32.259827>,  <26.890759, 38.110592, 31.815321>, 0.130000
	pigment { color rgbt <1,0,0,0> }
	no_shadow
}

// nucleotide -1

// particle -1
sphere {
	<27.457125, 38.393143, 32.259827> 0.250000
	pigment { color rgbt <1,0,0,0> }
	no_shadow
}
cylinder {
	<27.546734, 38.027538, 32.124535>,  <27.600500, 37.808174, 32.043362>, 0.100000
	pigment { color rgbt <1,0,0,0> }
	no_shadow
}
cylinder {
	<27.546734, 38.027538, 32.124535>,  <27.457125, 38.393143, 32.259827>, 0.100000
	pigment { color rgbt <1,0,0,0> }
	no_shadow
}

// particle -1
sphere {
	<27.546734, 38.027538, 32.124535> 0.100000
	pigment { color rgbt <1,0,0,0> }
	no_shadow
}
sphere {
	0, 1
	scale<0.080000,0.200000,0.300000>
	matrix <0.881993, 0.337781, -0.328622,
		0.414611, -0.224695, 0.881822,
		0.224023, -0.914011, -0.338227,
		27.613941, 37.753334, 32.023067>
	pigment { color rgbt <0,1,1,0> }
	no_shadow
}
cylinder {
	<28.246386, 38.661419, 32.338474>,  <27.457125, 38.393143, 32.259827>, 0.130000
	pigment { color rgbt <1,0,0,0> }
	no_shadow
}

// nucleotide -1

// particle -1
sphere {
	<28.246386, 38.661419, 32.338474> 0.250000
	pigment { color rgbt <1,0,0,0> }
	no_shadow
}
cylinder {
	<28.633747, 38.635361, 32.434761>,  <28.866165, 38.619724, 32.492535>, 0.100000
	pigment { color rgbt <1,0,0,0> }
	no_shadow
}
cylinder {
	<28.633747, 38.635361, 32.434761>,  <28.246386, 38.661419, 32.338474>, 0.100000
	pigment { color rgbt <1,0,0,0> }
	no_shadow
}

// particle -1
sphere {
	<28.633747, 38.635361, 32.434761> 0.100000
	pigment { color rgbt <1,0,0,0> }
	no_shadow
}
sphere {
	0, 1
	scale<0.080000,0.200000,0.300000>
	matrix <-0.240913, 0.005004, 0.970534,
		-0.064437, -0.997863, -0.010850,
		0.968405, -0.065152, 0.240721,
		28.924269, 38.615814, 32.506977>
	pigment { color rgbt <0,1,1,0> }
	no_shadow
}
cylinder {
	<28.313299, 37.993313, 32.782570>,  <28.246386, 38.661419, 32.338474>, 0.130000
	pigment { color rgbt <1,0,0,0> }
	no_shadow
}

// nucleotide -1

// particle -1
sphere {
	<28.313299, 37.993313, 32.782570> 0.250000
	pigment { color rgbt <1,0,0,0> }
	no_shadow
}
cylinder {
	<28.592533, 38.277302, 32.819695>,  <28.760073, 38.447697, 32.841969>, 0.100000
	pigment { color rgbt <1,0,0,0> }
	no_shadow
}
cylinder {
	<28.592533, 38.277302, 32.819695>,  <28.313299, 37.993313, 32.782570>, 0.100000
	pigment { color rgbt <1,0,0,0> }
	no_shadow
}

// particle -1
sphere {
	<28.592533, 38.277302, 32.819695> 0.100000
	pigment { color rgbt <1,0,0,0> }
	no_shadow
}
sphere {
	0, 1
	scale<0.080000,0.200000,0.300000>
	matrix <-0.109135, -0.022602, 0.993770,
		0.707650, -0.703864, 0.061705,
		0.698084, 0.709975, 0.092811,
		28.801958, 38.490295, 32.847538>
	pigment { color rgbt <0,1,1,0> }
	no_shadow
}
cylinder {
	<28.235485, 37.250603, 32.756176>,  <28.313299, 37.993313, 32.782570>, 0.130000
	pigment { color rgbt <1,0,0,0> }
	no_shadow
}

// nucleotide -1

// particle -1
sphere {
	<28.235485, 37.250603, 32.756176> 0.250000
	pigment { color rgbt <1,0,0,0> }
	no_shadow
}
cylinder {
	<27.933367, 37.441650, 32.576664>,  <27.752096, 37.556278, 32.468956>, 0.100000
	pigment { color rgbt <1,0,0,0> }
	no_shadow
}
cylinder {
	<27.933367, 37.441650, 32.576664>,  <28.235485, 37.250603, 32.756176>, 0.100000
	pigment { color rgbt <1,0,0,0> }
	no_shadow
}

// particle -1
sphere {
	<27.933367, 37.441650, 32.576664> 0.100000
	pigment { color rgbt <1,0,0,0> }
	no_shadow
}
sphere {
	0, 1
	scale<0.080000,0.200000,0.300000>
	matrix <-0.548728, -0.086427, 0.831521,
		0.358366, 0.874304, 0.327363,
		-0.755296, 0.477622, -0.448783,
		27.706778, 37.584938, 32.442028>
	pigment { color rgbt <0,1,1,0> }
	no_shadow
}
cylinder {
	<27.913450, 37.645641, 33.241688>,  <28.235485, 37.250603, 32.756176>, 0.130000
	pigment { color rgbt <1,0,0,0> }
	no_shadow
}

// nucleotide -1

// particle -1
sphere {
	<27.913450, 37.645641, 33.241688> 0.250000
	pigment { color rgbt <1,0,0,0> }
	no_shadow
}
cylinder {
	<27.627710, 37.593964, 32.966583>,  <27.456266, 37.562958, 32.801521>, 0.100000
	pigment { color rgbt <1,0,0,0> }
	no_shadow
}
cylinder {
	<27.627710, 37.593964, 32.966583>,  <27.913450, 37.645641, 33.241688>, 0.100000
	pigment { color rgbt <1,0,0,0> }
	no_shadow
}

// particle -1
sphere {
	<27.627710, 37.593964, 32.966583> 0.100000
	pigment { color rgbt <1,0,0,0> }
	no_shadow
}
sphere {
	0, 1
	scale<0.080000,0.200000,0.300000>
	matrix <-0.672020, -0.147457, 0.725704,
		-0.195173, 0.980594, 0.018514,
		-0.714351, -0.129196, -0.687758,
		27.413404, 37.555206, 32.760254>
	pigment { color rgbt <0,1,1,0> }
	no_shadow
}
cylinder {
	<27.417879, 38.067841, 33.481071>,  <27.913450, 37.645641, 33.241688>, 0.130000
	pigment { color rgbt <1,0,0,0> }
	no_shadow
}

// nucleotide -1

// particle -1
sphere {
	<27.417879, 38.067841, 33.481071> 0.250000
	pigment { color rgbt <1,0,0,0> }
	no_shadow
}
cylinder {
	<27.250366, 37.818455, 33.216976>,  <27.149858, 37.668823, 33.058517>, 0.100000
	pigment { color rgbt <1,0,0,0> }
	no_shadow
}
cylinder {
	<27.250366, 37.818455, 33.216976>,  <27.417879, 38.067841, 33.481071>, 0.100000
	pigment { color rgbt <1,0,0,0> }
	no_shadow
}

// particle -1
sphere {
	<27.250366, 37.818455, 33.216976> 0.100000
	pigment { color rgbt <1,0,0,0> }
	no_shadow
}
sphere {
	0, 1
	scale<0.080000,0.200000,0.300000>
	matrix <-0.783949, -0.118730, 0.609365,
		-0.458308, 0.772783, -0.439043,
		-0.418780, -0.623465, -0.660238,
		27.124733, 37.631416, 33.018906>
	pigment { color rgbt <0,1,1,0> }
	no_shadow
}
cylinder {
	<26.728458, 38.279099, 33.391666>,  <27.417879, 38.067841, 33.481071>, 0.130000
	pigment { color rgbt <1,0,0,0> }
	no_shadow
}

// nucleotide -1

// particle -1
sphere {
	<26.728458, 38.279099, 33.391666> 0.250000
	pigment { color rgbt <1,0,0,0> }
	no_shadow
}
cylinder {
	<26.757345, 37.887547, 33.315163>,  <26.774677, 37.652615, 33.269260>, 0.100000
	pigment { color rgbt <1,0,0,0> }
	no_shadow
}
cylinder {
	<26.757345, 37.887547, 33.315163>,  <26.728458, 38.279099, 33.391666>, 0.100000
	pigment { color rgbt <1,0,0,0> }
	no_shadow
}

// particle -1
sphere {
	<26.757345, 37.887547, 33.315163> 0.100000
	pigment { color rgbt <1,0,0,0> }
	no_shadow
}
sphere {
	0, 1
	scale<0.080000,0.200000,0.300000>
	matrix <-0.722391, -0.183557, 0.666677,
		-0.687704, 0.090022, -0.720388,
		0.072217, -0.978878, -0.191264,
		26.779011, 37.593884, 33.257782>
	pigment { color rgbt <0,1,1,0> }
	no_shadow
}
cylinder {
	<26.083523, 37.912201, 33.353912>,  <26.728458, 38.279099, 33.391666>, 0.130000
	pigment { color rgbt <1,0,0,0> }
	no_shadow
}

// nucleotide -1

// particle -1
sphere {
	<26.083523, 37.912201, 33.353912> 0.250000
	pigment { color rgbt <1,0,0,0> }
	no_shadow
}
cylinder {
	<26.317932, 37.594730, 33.419212>,  <26.458578, 37.404247, 33.458393>, 0.100000
	pigment { color rgbt <1,0,0,0> }
	no_shadow
}
cylinder {
	<26.317932, 37.594730, 33.419212>,  <26.083523, 37.912201, 33.353912>, 0.100000
	pigment { color rgbt <1,0,0,0> }
	no_shadow
}

// particle -1
sphere {
	<26.317932, 37.594730, 33.419212> 0.100000
	pigment { color rgbt <1,0,0,0> }
	no_shadow
}
sphere {
	0, 1
	scale<0.080000,0.200000,0.300000>
	matrix <-0.577443, -0.267721, 0.771288,
		-0.568451, -0.546259, -0.615195,
		0.586024, -0.793679, 0.163247,
		26.493740, 37.356628, 33.468185>
	pigment { color rgbt <0,1,1,0> }
	no_shadow
}
cylinder {
	<25.820929, 37.531631, 33.847477>,  <26.083523, 37.912201, 33.353912>, 0.130000
	pigment { color rgbt <1,0,0,0> }
	no_shadow
}

// nucleotide -1

// particle -1
sphere {
	<25.820929, 37.531631, 33.847477> 0.250000
	pigment { color rgbt <1,0,0,0> }
	no_shadow
}
cylinder {
	<26.007381, 37.212357, 33.694836>,  <26.119253, 37.020794, 33.603252>, 0.100000
	pigment { color rgbt <1,0,0,0> }
	no_shadow
}
cylinder {
	<26.007381, 37.212357, 33.694836>,  <25.820929, 37.531631, 33.847477>, 0.100000
	pigment { color rgbt <1,0,0,0> }
	no_shadow
}

// particle -1
sphere {
	<26.007381, 37.212357, 33.694836> 0.100000
	pigment { color rgbt <1,0,0,0> }
	no_shadow
}
sphere {
	0, 1
	scale<0.080000,0.200000,0.300000>
	matrix <-0.293347, -0.546368, 0.784493,
		-0.834666, -0.253736, -0.488825,
		0.466133, -0.798185, -0.381602,
		26.147221, 36.972900, 33.580357>
	pigment { color rgbt <0,1,1,0> }
	no_shadow
}
cylinder {
	<25.444048, 36.841705, 33.796864>,  <25.820929, 37.531631, 33.847477>, 0.130000
	pigment { color rgbt <1,0,0,0> }
	no_shadow
}

// nucleotide -1

// particle -1
sphere {
	<25.444048, 36.841705, 33.796864> 0.250000
	pigment { color rgbt <1,0,0,0> }
	no_shadow
}
cylinder {
	<25.839722, 36.809002, 33.845570>,  <26.077126, 36.789379, 33.874794>, 0.100000
	pigment { color rgbt <1,0,0,0> }
	no_shadow
}
cylinder {
	<25.839722, 36.809002, 33.845570>,  <25.444048, 36.841705, 33.796864>, 0.100000
	pigment { color rgbt <1,0,0,0> }
	no_shadow
}

// particle -1
sphere {
	<25.839722, 36.809002, 33.845570> 0.100000
	pigment { color rgbt <1,0,0,0> }
	no_shadow
}
sphere {
	0, 1
	scale<0.080000,0.200000,0.300000>
	matrix <-0.144548, -0.683967, 0.715049,
		0.024819, -0.724917, -0.688389,
		0.989186, -0.081759, 0.121761,
		26.136478, 36.784473, 33.882099>
	pigment { color rgbt <0,1,1,0> }
	no_shadow
}
cylinder {
	<25.543161, 36.131432, 33.676926>,  <25.444048, 36.841705, 33.796864>, 0.130000
	pigment { color rgbt <1,0,0,0> }
	no_shadow
}

// nucleotide -1

// particle -1
sphere {
	<25.543161, 36.131432, 33.676926> 0.250000
	pigment { color rgbt <1,0,0,0> }
	no_shadow
}
cylinder {
	<25.843897, 36.293095, 33.885311>,  <26.024338, 36.390091, 34.010342>, 0.100000
	pigment { color rgbt <1,0,0,0> }
	no_shadow
}
cylinder {
	<25.843897, 36.293095, 33.885311>,  <25.543161, 36.131432, 33.676926>, 0.100000
	pigment { color rgbt <1,0,0,0> }
	no_shadow
}

// particle -1
sphere {
	<25.843897, 36.293095, 33.885311> 0.100000
	pigment { color rgbt <1,0,0,0> }
	no_shadow
}
sphere {
	0, 1
	scale<0.080000,0.200000,0.300000>
	matrix <-0.159203, -0.655460, 0.738259,
		0.639840, -0.637989, -0.428456,
		0.751837, 0.404156, 0.520960,
		26.069448, 36.414341, 34.041599>
	pigment { color rgbt <0,1,1,0> }
	no_shadow
}
cylinder {
	<26.013399, 35.561424, 33.761208>,  <25.543161, 36.131432, 33.676926>, 0.130000
	pigment { color rgbt <1,0,0,0> }
	no_shadow
}

// nucleotide -1

// particle -1
sphere {
	<26.013399, 35.561424, 33.761208> 0.250000
	pigment { color rgbt <1,0,0,0> }
	no_shadow
}
cylinder {
	<26.305471, 35.805504, 33.884163>,  <26.480715, 35.951954, 33.957935>, 0.100000
	pigment { color rgbt <1,0,0,0> }
	no_shadow
}
cylinder {
	<26.305471, 35.805504, 33.884163>,  <26.013399, 35.561424, 33.761208>, 0.100000
	pigment { color rgbt <1,0,0,0> }
	no_shadow
}

// particle -1
sphere {
	<26.305471, 35.805504, 33.884163> 0.100000
	pigment { color rgbt <1,0,0,0> }
	no_shadow
}
sphere {
	0, 1
	scale<0.080000,0.200000,0.300000>
	matrix <-0.033676, -0.417206, 0.908188,
		0.682425, -0.673491, -0.284086,
		0.730179, 0.610203, 0.307393,
		26.524525, 35.988564, 33.976379>
	pigment { color rgbt <0,1,1,0> }
	no_shadow
}
cylinder {
	<26.608498, 35.270103, 34.016209>,  <26.013399, 35.561424, 33.761208>, 0.130000
	pigment { color rgbt <1,0,0,0> }
	no_shadow
}

// nucleotide -1

// particle -1
sphere {
	<26.608498, 35.270103, 34.016209> 0.250000
	pigment { color rgbt <1,0,0,0> }
	no_shadow
}
cylinder {
	<26.592230, 35.624851, 34.200302>,  <26.582470, 35.837700, 34.310757>, 0.100000
	pigment { color rgbt <1,0,0,0> }
	no_shadow
}
cylinder {
	<26.592230, 35.624851, 34.200302>,  <26.608498, 35.270103, 34.016209>, 0.100000
	pigment { color rgbt <1,0,0,0> }
	no_shadow
}

// particle -1
sphere {
	<26.592230, 35.624851, 34.200302> 0.100000
	pigment { color rgbt <1,0,0,0> }
	no_shadow
}
sphere {
	0, 1
	scale<0.080000,0.200000,0.300000>
	matrix <0.054310, -0.457968, 0.887308,
		0.997696, 0.061082, -0.029541,
		-0.040670, 0.886868, 0.460230,
		26.580029, 35.890911, 34.338371>
	pigment { color rgbt <0,1,1,0> }
	no_shadow
}
cylinder {
	<27.083447, 35.161495, 34.534508>,  <26.608498, 35.270103, 34.016209>, 0.130000
	pigment { color rgbt <1,0,0,0> }
	no_shadow
}

// nucleotide -1

// particle -1
sphere {
	<27.083447, 35.161495, 34.534508> 0.250000
	pigment { color rgbt <1,0,0,0> }
	no_shadow
}
cylinder {
	<26.850382, 35.464157, 34.653156>,  <26.710543, 35.645752, 34.724346>, 0.100000
	pigment { color rgbt <1,0,0,0> }
	no_shadow
}
cylinder {
	<26.850382, 35.464157, 34.653156>,  <27.083447, 35.161495, 34.534508>, 0.100000
	pigment { color rgbt <1,0,0,0> }
	no_shadow
}

// particle -1
sphere {
	<26.850382, 35.464157, 34.653156> 0.100000
	pigment { color rgbt <1,0,0,0> }
	no_shadow
}
sphere {
	0, 1
	scale<0.080000,0.200000,0.300000>
	matrix <-0.018967, -0.377537, 0.925800,
		0.812495, 0.533801, 0.234327,
		-0.582660, 0.756652, 0.296622,
		26.675583, 35.691154, 34.742142>
	pigment { color rgbt <0,1,1,0> }
	no_shadow
}
cylinder {
	<27.473654, 35.597088, 35.075630>,  <27.083447, 35.161495, 34.534508>, 0.130000
	pigment { color rgbt <1,0,0,0> }
	no_shadow
}

// nucleotide -1

// particle -1
sphere {
	<27.473654, 35.597088, 35.075630> 0.250000
	pigment { color rgbt <1,0,0,0> }
	no_shadow
}
cylinder {
	<27.084246, 35.684612, 35.102100>,  <26.850601, 35.737125, 35.117981>, 0.100000
	pigment { color rgbt <1,0,0,0> }
	no_shadow
}
cylinder {
	<27.084246, 35.684612, 35.102100>,  <27.473654, 35.597088, 35.075630>, 0.100000
	pigment { color rgbt <1,0,0,0> }
	no_shadow
}

// particle -1
sphere {
	<27.084246, 35.684612, 35.102100> 0.100000
	pigment { color rgbt <1,0,0,0> }
	no_shadow
}
sphere {
	0, 1
	scale<0.080000,0.200000,0.300000>
	matrix <-0.038964, -0.444069, 0.895145,
		0.225254, 0.868864, 0.440836,
		-0.973521, 0.218812, 0.066174,
		26.792189, 35.750256, 35.121952>
	pigment { color rgbt <0,1,1,0> }
	no_shadow
}
cylinder {
	<28.039963, 35.408588, 35.544315>,  <27.473654, 35.597088, 35.075630>, 0.130000
	pigment { color rgbt <1,0,0,0> }
	no_shadow
}

// nucleotide -1

// particle -1
sphere {
	<28.039963, 35.408588, 35.544315> 0.250000
	pigment { color rgbt <1,0,0,0> }
	no_shadow
}
cylinder {
	<27.940229, 35.146301, 35.829372>,  <27.880388, 34.988930, 36.000408>, 0.100000
	pigment { color rgbt <1,0,0,0> }
	no_shadow
}
cylinder {
	<27.940229, 35.146301, 35.829372>,  <28.039963, 35.408588, 35.544315>, 0.100000
	pigment { color rgbt <1,0,0,0> }
	no_shadow
}

// particle -1
sphere {
	<27.940229, 35.146301, 35.829372> 0.100000
	pigment { color rgbt <1,0,0,0> }
	no_shadow
}
sphere {
	0, 1
	scale<0.080000,0.200000,0.300000>
	matrix <0.848715, -0.502357, -0.165286,
		0.466384, 0.563622, 0.681774,
		-0.249335, -0.655719, 0.712646,
		27.865429, 34.949585, 36.043167>
	pigment { color rgbt <0,1,1,0> }
	no_shadow
}
cylinder {
	<28.660088, 35.228958, 35.945770>,  <28.039963, 35.408588, 35.544315>, 0.130000
	pigment { color rgbt <1,0,0,0> }
	no_shadow
}

// nucleotide -1

// particle -1
sphere {
	<28.660088, 35.228958, 35.945770> 0.250000
	pigment { color rgbt <1,0,0,0> }
	no_shadow
}
cylinder {
	<28.383135, 34.943737, 35.901657>,  <28.216963, 34.772606, 35.875187>, 0.100000
	pigment { color rgbt <1,0,0,0> }
	no_shadow
}
cylinder {
	<28.383135, 34.943737, 35.901657>,  <28.660088, 35.228958, 35.945770>, 0.100000
	pigment { color rgbt <1,0,0,0> }
	no_shadow
}

// particle -1
sphere {
	<28.383135, 34.943737, 35.901657> 0.100000
	pigment { color rgbt <1,0,0,0> }
	no_shadow
}
sphere {
	0, 1
	scale<0.080000,0.200000,0.300000>
	matrix <0.719744, -0.671809, -0.175045,
		0.050724, -0.200577, 0.978364,
		-0.692383, -0.713051, -0.110288,
		28.175419, 34.729820, 35.868572>
	pigment { color rgbt <0,1,1,0> }
	no_shadow
}
cylinder {
	<28.855225, 35.365799, 35.281879>,  <28.660088, 35.228958, 35.945770>, 0.130000
	pigment { color rgbt <1,0,0,0> }
	no_shadow
}

// nucleotide -1

// particle -1
sphere {
	<28.855225, 35.365799, 35.281879> 0.250000
	pigment { color rgbt <1,0,0,0> }
	no_shadow
}
cylinder {
	<29.040712, 35.135685, 35.012360>,  <29.152006, 34.997616, 34.850647>, 0.100000
	pigment { color rgbt <1,0,0,0> }
	no_shadow
}
cylinder {
	<29.040712, 35.135685, 35.012360>,  <28.855225, 35.365799, 35.281879>, 0.100000
	pigment { color rgbt <1,0,0,0> }
	no_shadow
}

// particle -1
sphere {
	<29.040712, 35.135685, 35.012360> 0.100000
	pigment { color rgbt <1,0,0,0> }
	no_shadow
}
sphere {
	0, 1
	scale<0.080000,0.200000,0.300000>
	matrix <-0.504477, -0.796636, 0.332977,
		-0.728331, 0.185508, -0.659637,
		0.463721, -0.575290, -0.673800,
		29.179829, 34.963097, 34.810219>
	pigment { color rgbt <0,1,1,0> }
	no_shadow
}
cylinder {
	<28.382992, 35.095066, 34.885334>,  <28.855225, 35.365799, 35.281879>, 0.130000
	pigment { color rgbt <1,0,0,0> }
	no_shadow
}

// nucleotide -1

// particle -1
sphere {
	<28.382992, 35.095066, 34.885334> 0.250000
	pigment { color rgbt <1,0,0,0> }
	no_shadow
}
cylinder {
	<28.700655, 34.852406, 34.899643>,  <28.891253, 34.706810, 34.908230>, 0.100000
	pigment { color rgbt <1,0,0,0> }
	no_shadow
}
cylinder {
	<28.700655, 34.852406, 34.899643>,  <28.382992, 35.095066, 34.885334>, 0.100000
	pigment { color rgbt <1,0,0,0> }
	no_shadow
}

// particle -1
sphere {
	<28.700655, 34.852406, 34.899643> 0.100000
	pigment { color rgbt <1,0,0,0> }
	no_shadow
}
sphere {
	0, 1
	scale<0.080000,0.200000,0.300000>
	matrix <-0.565838, -0.716687, 0.407661,
		-0.221671, -0.343990, -0.912432,
		0.794160, -0.606656, 0.035774,
		28.938904, 34.670410, 34.910374>
	pigment { color rgbt <0,1,1,0> }
	no_shadow
}
cylinder {
	<28.157871, 34.480637, 34.843678>,  <28.382992, 35.095066, 34.885334>, 0.130000
	pigment { color rgbt <1,0,0,0> }
	no_shadow
}

// nucleotide -1

// particle -1
sphere {
	<28.157871, 34.480637, 34.843678> 0.250000
	pigment { color rgbt <1,0,0,0> }
	no_shadow
}
cylinder {
	<28.521408, 34.362545, 34.961555>,  <28.739531, 34.291691, 35.032280>, 0.100000
	pigment { color rgbt <1,0,0,0> }
	no_shadow
}
cylinder {
	<28.521408, 34.362545, 34.961555>,  <28.157871, 34.480637, 34.843678>, 0.100000
	pigment { color rgbt <1,0,0,0> }
	no_shadow
}

// particle -1
sphere {
	<28.521408, 34.362545, 34.961555> 0.100000
	pigment { color rgbt <1,0,0,0> }
	no_shadow
}
sphere {
	0, 1
	scale<0.080000,0.200000,0.300000>
	matrix <-0.400820, -0.813738, 0.420919,
		0.115532, -0.500667, -0.857895,
		0.908843, -0.295232, 0.294690,
		28.794062, 34.273975, 35.049961>
	pigment { color rgbt <0,1,1,0> }
	no_shadow
}
cylinder {
	<28.205160, 33.800896, 34.750931>,  <28.157871, 34.480637, 34.843678>, 0.130000
	pigment { color rgbt <1,0,0,0> }
	no_shadow
}

// nucleotide -1

// particle -1
sphere {
	<28.205160, 33.800896, 34.750931> 0.250000
	pigment { color rgbt <1,0,0,0> }
	no_shadow
}
cylinder {
	<28.507156, 33.849861, 35.008614>,  <28.688354, 33.879242, 35.163223>, 0.100000
	pigment { color rgbt <1,0,0,0> }
	no_shadow
}
cylinder {
	<28.507156, 33.849861, 35.008614>,  <28.205160, 33.800896, 34.750931>, 0.100000
	pigment { color rgbt <1,0,0,0> }
	no_shadow
}

// particle -1
sphere {
	<28.507156, 33.849861, 35.008614> 0.100000
	pigment { color rgbt <1,0,0,0> }
	no_shadow
}
sphere {
	0, 1
	scale<0.080000,0.200000,0.300000>
	matrix <-0.340436, -0.766472, 0.544632,
		0.560441, -0.630503, -0.537003,
		0.754990, 0.122418, 0.644208,
		28.733654, 33.886585, 35.201878>
	pigment { color rgbt <0,1,1,0> }
	no_shadow
}
cylinder {
	<28.369864, 33.198135, 34.787155>,  <28.205160, 33.800896, 34.750931>, 0.130000
	pigment { color rgbt <1,0,0,0> }
	no_shadow
}

// nucleotide -1

// particle -1
sphere {
	<28.369864, 33.198135, 34.787155> 0.250000
	pigment { color rgbt <1,0,0,0> }
	no_shadow
}
cylinder {
	<28.532047, 33.374729, 35.107330>,  <28.629358, 33.480686, 35.299435>, 0.100000
	pigment { color rgbt <1,0,0,0> }
	no_shadow
}
cylinder {
	<28.532047, 33.374729, 35.107330>,  <28.369864, 33.198135, 34.787155>, 0.100000
	pigment { color rgbt <1,0,0,0> }
	no_shadow
}

// particle -1
sphere {
	<28.532047, 33.374729, 35.107330> 0.100000
	pigment { color rgbt <1,0,0,0> }
	no_shadow
}
sphere {
	0, 1
	scale<0.080000,0.200000,0.300000>
	matrix <-0.375627, -0.717830, 0.586195,
		0.833371, -0.538342, -0.125217,
		0.405459, 0.441484, 0.800434,
		28.653685, 33.507175, 35.347462>
	pigment { color rgbt <0,1,1,0> }
	no_shadow
}
cylinder {
	<28.430891, 32.648628, 35.266144>,  <28.369864, 33.198135, 34.787155>, 0.130000
	pigment { color rgbt <1,0,0,0> }
	no_shadow
}

// nucleotide -1

// particle -1
sphere {
	<28.430891, 32.648628, 35.266144> 0.250000
	pigment { color rgbt <1,0,0,0> }
	no_shadow
}
cylinder {
	<28.436285, 32.974941, 35.497425>,  <28.439522, 33.170731, 35.636192>, 0.100000
	pigment { color rgbt <1,0,0,0> }
	no_shadow
}
cylinder {
	<28.436285, 32.974941, 35.497425>,  <28.430891, 32.648628, 35.266144>, 0.100000
	pigment { color rgbt <1,0,0,0> }
	no_shadow
}

// particle -1
sphere {
	<28.436285, 32.974941, 35.497425> 0.100000
	pigment { color rgbt <1,0,0,0> }
	no_shadow
}
sphere {
	0, 1
	scale<0.080000,0.200000,0.300000>
	matrix <-0.659510, -0.427384, 0.618377,
		0.751575, -0.389667, 0.532255,
		0.013484, 0.815784, 0.578200,
		28.440331, 33.219677, 35.670883>
	pigment { color rgbt <0,1,1,0> }
	no_shadow
}
cylinder {
	<28.622778, 32.503925, 36.080898>,  <28.430891, 32.648628, 35.266144>, 0.130000
	pigment { color rgbt <1,0,0,0> }
	no_shadow
}

// nucleotide -1

// particle -1
sphere {
	<28.622778, 32.503925, 36.080898> 0.250000
	pigment { color rgbt <1,0,0,0> }
	no_shadow
}
cylinder {
	<28.381027, 32.805264, 35.977207>,  <28.235977, 32.986065, 35.914993>, 0.100000
	pigment { color rgbt <1,0,0,0> }
	no_shadow
}
cylinder {
	<28.381027, 32.805264, 35.977207>,  <28.622778, 32.503925, 36.080898>, 0.100000
	pigment { color rgbt <1,0,0,0> }
	no_shadow
}

// particle -1
sphere {
	<28.381027, 32.805264, 35.977207> 0.100000
	pigment { color rgbt <1,0,0,0> }
	no_shadow
}
sphere {
	0, 1
	scale<0.080000,0.200000,0.300000>
	matrix <-0.736026, -0.403424, 0.543613,
		0.304948, 0.519347, 0.798301,
		-0.604378, 0.753344, -0.259229,
		28.199715, 33.031265, 35.899437>
	pigment { color rgbt <0,1,1,0> }
	no_shadow
}
cylinder {
	<29.344246, 32.509659, 36.363297>,  <28.622778, 32.503925, 36.080898>, 0.130000
	pigment { color rgbt <1,0,0,0> }
	no_shadow
}

// nucleotide -1

// particle -1
sphere {
	<29.344246, 32.509659, 36.363297> 0.250000
	pigment { color rgbt <1,0,0,0> }
	no_shadow
}
cylinder {
	<29.046583, 32.776310, 36.346169>,  <28.867985, 32.936302, 36.335892>, 0.100000
	pigment { color rgbt <1,0,0,0> }
	no_shadow
}
cylinder {
	<29.046583, 32.776310, 36.346169>,  <29.344246, 32.509659, 36.363297>, 0.100000
	pigment { color rgbt <1,0,0,0> }
	no_shadow
}

// particle -1
sphere {
	<29.046583, 32.776310, 36.346169> 0.100000
	pigment { color rgbt <1,0,0,0> }
	no_shadow
}
sphere {
	0, 1
	scale<0.080000,0.200000,0.300000>
	matrix <-0.474991, -0.482985, 0.735601,
		0.469693, 0.567742, 0.676061,
		-0.744159, 0.666629, -0.042817,
		28.823336, 32.976299, 36.333324>
	pigment { color rgbt <0,1,1,0> }
	no_shadow
}
cylinder {
	<29.322142, 32.896229, 36.984592>,  <29.344246, 32.509659, 36.363297>, 0.130000
	pigment { color rgbt <1,0,0,0> }
	no_shadow
}

// nucleotide -1

// particle -1
sphere {
	<29.322142, 32.896229, 36.984592> 0.250000
	pigment { color rgbt <1,0,0,0> }
	no_shadow
}
cylinder {
	<28.957438, 32.902992, 36.820442>,  <28.738615, 32.907051, 36.721951>, 0.100000
	pigment { color rgbt <1,0,0,0> }
	no_shadow
}
cylinder {
	<28.957438, 32.902992, 36.820442>,  <29.322142, 32.896229, 36.984592>, 0.100000
	pigment { color rgbt <1,0,0,0> }
	no_shadow
}

// particle -1
sphere {
	<28.957438, 32.902992, 36.820442> 0.100000
	pigment { color rgbt <1,0,0,0> }
	no_shadow
}
sphere {
	0, 1
	scale<0.080000,0.200000,0.300000>
	matrix <-0.371229, -0.461429, 0.805774,
		-0.175733, 0.887016, 0.426990,
		-0.911760, 0.016910, -0.410374,
		28.683910, 32.908066, 36.697330>
	pigment { color rgbt <0,1,1,0> }
	no_shadow
}
cylinder {
	<28.814665, 33.148094, 37.448730>,  <29.322142, 32.896229, 36.984592>, 0.130000
	pigment { color rgbt <1,0,0,0> }
	no_shadow
}

// nucleotide -1

// particle -1
sphere {
	<28.814665, 33.148094, 37.448730> 0.250000
	pigment { color rgbt <1,0,0,0> }
	no_shadow
}
cylinder {
	<28.689070, 32.859066, 37.202381>,  <28.613712, 32.685650, 37.054569>, 0.100000
	pigment { color rgbt <1,0,0,0> }
	no_shadow
}
cylinder {
	<28.689070, 32.859066, 37.202381>,  <28.814665, 33.148094, 37.448730>, 0.100000
	pigment { color rgbt <1,0,0,0> }
	no_shadow
}

// particle -1
sphere {
	<28.689070, 32.859066, 37.202381> 0.100000
	pigment { color rgbt <1,0,0,0> }
	no_shadow
}
sphere {
	0, 1
	scale<0.080000,0.200000,0.300000>
	matrix <-0.411480, -0.481027, 0.774144,
		-0.855626, 0.496492, -0.146286,
		-0.313989, -0.722571, -0.615875,
		28.594873, 32.642296, 37.017620>
	pigment { color rgbt <0,1,1,0> }
	no_shadow
}
cylinder {
	<28.095278, 32.776611, 37.480167>,  <28.814665, 33.148094, 37.448730>, 0.130000
	pigment { color rgbt <1,0,0,0> }
	no_shadow
}

// nucleotide -1

// particle -1
sphere {
	<28.095278, 32.776611, 37.480167> 0.250000
	pigment { color rgbt <1,0,0,0> }
	no_shadow
}
cylinder {
	<28.349018, 32.485222, 37.376690>,  <28.501263, 32.310387, 37.314606>, 0.100000
	pigment { color rgbt <1,0,0,0> }
	no_shadow
}
cylinder {
	<28.349018, 32.485222, 37.376690>,  <28.095278, 32.776611, 37.480167>, 0.100000
	pigment { color rgbt <1,0,0,0> }
	no_shadow
}

// particle -1
sphere {
	<28.349018, 32.485222, 37.376690> 0.100000
	pigment { color rgbt <1,0,0,0> }
	no_shadow
}
sphere {
	0, 1
	scale<0.080000,0.200000,0.300000>
	matrix <-0.335090, -0.560686, 0.757196,
		-0.696643, -0.393644, -0.599777,
		0.634353, -0.728475, -0.258692,
		28.539324, 32.266678, 37.299084>
	pigment { color rgbt <0,1,1,0> }
	no_shadow
}
cylinder {
	<27.657530, 32.141663, 37.550114>,  <28.095278, 32.776611, 37.480167>, 0.130000
	pigment { color rgbt <1,0,0,0> }
	no_shadow
}

// nucleotide -1

// particle -1
sphere {
	<27.657530, 32.141663, 37.550114> 0.250000
	pigment { color rgbt <1,0,0,0> }
	no_shadow
}
cylinder {
	<28.035738, 32.024231, 37.493828>,  <28.262663, 31.953772, 37.460056>, 0.100000
	pigment { color rgbt <1,0,0,0> }
	no_shadow
}
cylinder {
	<28.035738, 32.024231, 37.493828>,  <27.657530, 32.141663, 37.550114>, 0.100000
	pigment { color rgbt <1,0,0,0> }
	no_shadow
}

// particle -1
sphere {
	<28.035738, 32.024231, 37.493828> 0.100000
	pigment { color rgbt <1,0,0,0> }
	no_shadow
}
sphere {
	0, 1
	scale<0.080000,0.200000,0.300000>
	matrix <-0.030427, -0.510011, 0.859629,
		-0.324133, -0.808517, -0.491159,
		0.945522, -0.293579, -0.140711,
		28.319395, 31.936157, 37.451614>
	pigment { color rgbt <0,1,1,0> }
	no_shadow
}
cylinder {
	<27.586956, 32.135033, 36.938141>,  <27.657530, 32.141663, 37.550114>, 0.130000
	pigment { color rgbt <1,0,0,0> }
	no_shadow
}

// nucleotide -1

// particle -1
sphere {
	<27.586956, 32.135033, 36.938141> 0.250000
	pigment { color rgbt <1,0,0,0> }
	no_shadow
}
cylinder {
	<27.587950, 32.522469, 37.037605>,  <27.588547, 32.754929, 37.097286>, 0.100000
	pigment { color rgbt <1,0,0,0> }
	no_shadow
}
cylinder {
	<27.587950, 32.522469, 37.037605>,  <27.586956, 32.135033, 36.938141>, 0.100000
	pigment { color rgbt <1,0,0,0> }
	no_shadow
}

// particle -1
sphere {
	<27.587950, 32.522469, 37.037605> 0.100000
	pigment { color rgbt <1,0,0,0> }
	no_shadow
}
sphere {
	0, 1
	scale<0.080000,0.200000,0.300000>
	matrix <0.532238, 0.209237, -0.820331,
		-0.846591, 0.134388, -0.514998,
		0.002486, 0.968587, 0.248664,
		27.588696, 32.813046, 37.112206>
	pigment { color rgbt <0,1,1,0> }
	no_shadow
}
cylinder {
	<27.481668, 32.516403, 36.333210>,  <27.586956, 32.135033, 36.938141>, 0.130000
	pigment { color rgbt <1,0,0,0> }
	no_shadow
}

// nucleotide -1

// particle -1
sphere {
	<27.481668, 32.516403, 36.333210> 0.250000
	pigment { color rgbt <1,0,0,0> }
	no_shadow
}
cylinder {
	<27.689602, 32.755219, 36.577610>,  <27.814362, 32.898506, 36.724251>, 0.100000
	pigment { color rgbt <1,0,0,0> }
	no_shadow
}
cylinder {
	<27.689602, 32.755219, 36.577610>,  <27.481668, 32.516403, 36.333210>, 0.100000
	pigment { color rgbt <1,0,0,0> }
	no_shadow
}

// particle -1
sphere {
	<27.689602, 32.755219, 36.577610> 0.100000
	pigment { color rgbt <1,0,0,0> }
	no_shadow
}
sphere {
	0, 1
	scale<0.080000,0.200000,0.300000>
	matrix <0.567528, 0.293228, -0.769369,
