// switches for output
#declare DRAW_BASES = 1; // possible values are 0, 1; only relevant for DNA ribbons
#declare DRAW_BASES_TYPE = 3; // possible values are 1, 2, 3; only relevant for DNA ribbons
#declare DRAW_FOG = 0; // set to 1 to enable fog

#include "colors.inc"

#include "transforms.inc"
background { rgb <1, 1, 1>}

#default {
   normal{
       ripples 0.25
       frequency 0.20
       turbulence 0.2
       lambda 5
   }
	finish {
		phong 0.1
		phong_size 40.
	}
}

// original window dimensions: 1024x640


// camera settings

camera {
	sky <0, 0.179814, -0.983701>
	up <0, 0.179814, -0.983701>
	right 1.6 * <1, 0, 0>
	location <35, 94.9851, 44.8844>
	look_at <35, 29.7336, 32.9568>
	direction <0, -65.2515, -11.9276>
	angle 67.0682
}


# declare cpy_camera_pos = <35, 94.9851, 44.8844>;
# if (DRAW_FOG = 1)
fog {
	fog_type 2
	up vnormalize(cpy_camera_pos)
	color rgbt<1,1,1,0.3>
	distance 1e-5
	fog_alt 3e-3
	fog_offset 56
}
# end


// LIGHTS

# declare lum = 6;
global_settings {
	ambient_light rgb lum * <0.05, 0.05, 0.05>
	max_trace_level 15
}# declare cpy_direct_light_amount = 0.25;
light_source
{	1000 * <-1, -1.16352, -0.803886>,
	rgb lum * cpy_direct_light_amount
	parallel
}

light_source
{	1000 * <1, 1.16352, 0.803886>,
	rgb lum * cpy_direct_light_amount
	parallel
}

// strand 0

// nucleotide -1

// particle -1
sphere {
	<24.405893, 34.824360, 35.486805> 0.250000
	pigment { color rgbt <1,0,0,0> }
	no_shadow
}
cylinder {
	<24.251863, 34.959057, 35.143101>,  <24.159445, 35.039875, 34.936878>, 0.100000
	pigment { color rgbt <1,0,0,0> }
	no_shadow
}
cylinder {
	<24.251863, 34.959057, 35.143101>,  <24.405893, 34.824360, 35.486805>, 0.100000
	pigment { color rgbt <1,0,0,0> }
	no_shadow
}

// particle -1
sphere {
	<24.251863, 34.959057, 35.143101> 0.100000
	pigment { color rgbt <1,0,0,0> }
	no_shadow
}
sphere {
	0, 1
	scale<0.080000,0.200000,0.300000>
	matrix <0.870622, 0.441421, -0.217176,
		0.306162, -0.831717, -0.463153,
		-0.385075, 0.336740, -0.859258,
		24.136341, 35.060078, 34.885323>
	pigment { color rgbt <0,1,1,0> }
	no_shadow
}
cylinder {
	<24.840540, 35.172283, 36.043678>,  <24.405893, 34.824360, 35.486805>, 0.130000
	pigment { color rgbt <1,0,0,0> }
	no_shadow
}

// nucleotide -1

// particle -1
sphere {
	<24.840540, 35.172283, 36.043678> 0.250000
	pigment { color rgbt <1,0,0,0> }
	no_shadow
}
cylinder {
	<25.031010, 34.973042, 36.333549>,  <25.145292, 34.853497, 36.507473>, 0.100000
	pigment { color rgbt <1,0,0,0> }
	no_shadow
}
cylinder {
	<25.031010, 34.973042, 36.333549>,  <24.840540, 35.172283, 36.043678>, 0.100000
	pigment { color rgbt <1,0,0,0> }
	no_shadow
}

// particle -1
sphere {
	<25.031010, 34.973042, 36.333549> 0.100000
	pigment { color rgbt <1,0,0,0> }
	no_shadow
}
sphere {
	0, 1
	scale<0.080000,0.200000,0.300000>
	matrix <0.239897, 0.866426, 0.437898,
		-0.845995, -0.034668, 0.532062,
		0.476174, -0.498100, 0.724676,
		25.173862, 34.823612, 36.550953>
	pigment { color rgbt <0,1,1,0> }
	no_shadow
}
cylinder {
	<24.475227, 35.158436, 36.821587>,  <24.840540, 35.172283, 36.043678>, 0.130000
	pigment { color rgbt <1,0,0,0> }
	no_shadow
}

// nucleotide -1

// particle -1
sphere {
	<24.475227, 35.158436, 36.821587> 0.250000
	pigment { color rgbt <1,0,0,0> }
	no_shadow
}
cylinder {
	<24.869720, 35.148949, 36.756130>,  <25.106417, 35.143257, 36.716854>, 0.100000
	pigment { color rgbt <1,0,0,0> }
	no_shadow
}
cylinder {
	<24.869720, 35.148949, 36.756130>,  <24.475227, 35.158436, 36.821587>, 0.100000
	pigment { color rgbt <1,0,0,0> }
	no_shadow
}

// particle -1
sphere {
	<24.869720, 35.148949, 36.756130> 0.100000
	pigment { color rgbt <1,0,0,0> }
	no_shadow
}
sphere {
	0, 1
	scale<0.080000,0.200000,0.300000>
	matrix <0.069549, 0.957354, 0.280420,
		0.150016, -0.287941, 0.945825,
		0.986234, -0.023714, -0.163645,
		25.165590, 35.141834, 36.707035>
	pigment { color rgbt <0,1,1,0> }
	no_shadow
}
cylinder {
	<24.860306, 35.304882, 37.431126>,  <24.475227, 35.158436, 36.821587>, 0.130000
	pigment { color rgbt <1,0,0,0> }
	no_shadow
}

// nucleotide -1

// particle -1
sphere {
	<24.860306, 35.304882, 37.431126> 0.250000
	pigment { color rgbt <1,0,0,0> }
	no_shadow
}
cylinder {
	<25.099604, 35.409264, 37.128075>,  <25.243183, 35.471893, 36.946243>, 0.100000
	pigment { color rgbt <1,0,0,0> }
	no_shadow
}
cylinder {
	<25.099604, 35.409264, 37.128075>,  <24.860306, 35.304882, 37.431126>, 0.100000
	pigment { color rgbt <1,0,0,0> }
	no_shadow
}

// particle -1
sphere {
	<25.099604, 35.409264, 37.128075> 0.100000
	pigment { color rgbt <1,0,0,0> }
	no_shadow
}
sphere {
	0, 1
	scale<0.080000,0.200000,0.300000>
	matrix <0.095031, 0.915708, 0.390445,
		0.795658, -0.305580, 0.523019,
		0.598245, 0.260958, -0.757631,
		25.279078, 35.487553, 36.900784>
	pigment { color rgbt <0,1,1,0> }
	no_shadow
}
cylinder {
	<25.425491, 35.679157, 37.816616>,  <24.860306, 35.304882, 37.431126>, 0.130000
	pigment { color rgbt <1,0,0,0> }
	no_shadow
}

// nucleotide -1

// particle -1
sphere {
	<25.425491, 35.679157, 37.816616> 0.250000
	pigment { color rgbt <1,0,0,0> }
	no_shadow
}
cylinder {
	<25.440346, 35.796749, 37.434578>,  <25.449259, 35.867302, 37.205357>, 0.100000
	pigment { color rgbt <1,0,0,0> }
	no_shadow
}
cylinder {
	<25.440346, 35.796749, 37.434578>,  <25.425491, 35.679157, 37.816616>, 0.100000
	pigment { color rgbt <1,0,0,0> }
	no_shadow
}

// particle -1
sphere {
	<25.440346, 35.796749, 37.434578> 0.100000
	pigment { color rgbt <1,0,0,0> }
	no_shadow
}
sphere {
	0, 1
	scale<0.080000,0.200000,0.300000>
	matrix <0.127077, 0.946602, 0.296304,
		0.991197, -0.132373, -0.002205,
		0.037136, 0.293976, -0.955091,
		25.451487, 35.884941, 37.148052>
	pigment { color rgbt <0,1,1,0> }
	no_shadow
}
cylinder {
	<26.068350, 35.974545, 37.659046>,  <25.425491, 35.679157, 37.816616>, 0.130000
	pigment { color rgbt <1,0,0,0> }
	no_shadow
}

// nucleotide -1

// particle -1
sphere {
	<26.068350, 35.974545, 37.659046> 0.250000
	pigment { color rgbt <1,0,0,0> }
	no_shadow
}
cylinder {
	<25.733616, 36.130424, 37.505245>,  <25.532776, 36.223953, 37.412964>, 0.100000
	pigment { color rgbt <1,0,0,0> }
	no_shadow
}
cylinder {
	<25.733616, 36.130424, 37.505245>,  <26.068350, 35.974545, 37.659046>, 0.100000
	pigment { color rgbt <1,0,0,0> }
	no_shadow
}

// particle -1
sphere {
	<25.733616, 36.130424, 37.505245> 0.100000
	pigment { color rgbt <1,0,0,0> }
	no_shadow
}
sphere {
	0, 1
	scale<0.080000,0.200000,0.300000>
	matrix <0.276145, 0.906920, 0.318183,
		0.472705, 0.160090, -0.866557,
		-0.836836, 0.389702, -0.384498,
		25.482565, 36.247334, 37.389896>
	pigment { color rgbt <0,1,1,0> }
	no_shadow
}
cylinder {
	<26.202196, 36.449074, 37.068928>,  <26.068350, 35.974545, 37.659046>, 0.130000
	pigment { color rgbt <1,0,0,0> }
	no_shadow
}

// nucleotide -1

// particle -1
sphere {
	<26.202196, 36.449074, 37.068928> 0.250000
	pigment { color rgbt <1,0,0,0> }
	no_shadow
}
cylinder {
	<25.872219, 36.522591, 37.282726>,  <25.674232, 36.566700, 37.411007>, 0.100000
	pigment { color rgbt <1,0,0,0> }
	no_shadow
}
cylinder {
	<25.872219, 36.522591, 37.282726>,  <26.202196, 36.449074, 37.068928>, 0.100000
	pigment { color rgbt <1,0,0,0> }
	no_shadow
}

// particle -1
sphere {
	<25.872219, 36.522591, 37.282726> 0.100000
	pigment { color rgbt <1,0,0,0> }
	no_shadow
}
sphere {
	0, 1
	scale<0.080000,0.200000,0.300000>
	matrix <0.473826, 0.740439, 0.476696,
		-0.308149, 0.646507, -0.697906,
		-0.824944, 0.183793, 0.534497,
		25.624735, 36.577728, 37.443077>
	pigment { color rgbt <0,1,1,0> }
	no_shadow
}
cylinder {
	<26.050720, 37.204765, 37.003204>,  <26.202196, 36.449074, 37.068928>, 0.130000
	pigment { color rgbt <1,0,0,0> }
	no_shadow
}

// nucleotide -1

// particle -1
sphere {
	<26.050720, 37.204765, 37.003204> 0.250000
	pigment { color rgbt <1,0,0,0> }
	no_shadow
}
cylinder {
	<25.885017, 37.077656, 37.344357>,  <25.785597, 37.001389, 37.549049>, 0.100000
	pigment { color rgbt <1,0,0,0> }
	no_shadow
}
cylinder {
	<25.885017, 37.077656, 37.344357>,  <26.050720, 37.204765, 37.003204>, 0.100000
	pigment { color rgbt <1,0,0,0> }
	no_shadow
}

// particle -1
sphere {
	<25.885017, 37.077656, 37.344357> 0.100000
	pigment { color rgbt <1,0,0,0> }
	no_shadow
}
sphere {
	0, 1
	scale<0.080000,0.200000,0.300000>
	matrix <0.380388, 0.790860, 0.479422,
		-0.826860, 0.523031, -0.206740,
		-0.414255, -0.317774, 0.852885,
		25.760740, 36.982323, 37.600224>
	pigment { color rgbt <0,1,1,0> }
	no_shadow
}
cylinder {
	<25.912525, 37.846161, 37.410175>,  <26.050720, 37.204765, 37.003204>, 0.130000
	pigment { color rgbt <1,0,0,0> }
	no_shadow
}

// nucleotide -1

// particle -1
sphere {
	<25.912525, 37.846161, 37.410175> 0.250000
	pigment { color rgbt <1,0,0,0> }
	no_shadow
}
cylinder {
	<25.938850, 37.569225, 37.697601>,  <25.954645, 37.403065, 37.870056>, 0.100000
	pigment { color rgbt <1,0,0,0> }
	no_shadow
}
cylinder {
	<25.938850, 37.569225, 37.697601>,  <25.912525, 37.846161, 37.410175>, 0.100000
	pigment { color rgbt <1,0,0,0> }
	no_shadow
}

// particle -1
sphere {
	<25.938850, 37.569225, 37.697601> 0.100000
	pigment { color rgbt <1,0,0,0> }
	no_shadow
}
sphere {
	0, 1
	scale<0.080000,0.200000,0.300000>
	matrix <0.428312, 0.670012, 0.606327,
		-0.901231, 0.267867, 0.340631,
		0.065811, -0.692337, 0.718567,
		25.958593, 37.361523, 37.913170>
	pigment { color rgbt <0,1,1,0> }
	no_shadow
}
cylinder {
	<25.594278, 38.190750, 38.061260>,  <25.912525, 37.846161, 37.410175>, 0.130000
	pigment { color rgbt <1,0,0,0> }
	no_shadow
}

// nucleotide -1

// particle -1
sphere {
	<25.594278, 38.190750, 38.061260> 0.250000
	pigment { color rgbt <1,0,0,0> }
	no_shadow
}
cylinder {
	<25.845053, 37.892395, 38.151237>,  <25.995518, 37.713383, 38.205223>, 0.100000
	pigment { color rgbt <1,0,0,0> }
	no_shadow
}
cylinder {
	<25.845053, 37.892395, 38.151237>,  <25.594278, 38.190750, 38.061260>, 0.100000
	pigment { color rgbt <1,0,0,0> }
	no_shadow
}

// particle -1
sphere {
	<25.845053, 37.892395, 38.151237> 0.100000
	pigment { color rgbt <1,0,0,0> }
	no_shadow
}
sphere {
	0, 1
	scale<0.080000,0.200000,0.300000>
	matrix <0.473256, 0.593977, 0.650554,
		-0.618853, -0.301400, 0.725382,
		0.626937, -0.745888, 0.224945,
		26.033134, 37.668629, 38.218719>
	pigment { color rgbt <0,1,1,0> }
	no_shadow
}
cylinder {
	<25.766485, 38.409874, 38.618885>,  <25.594278, 38.190750, 38.061260>, 0.130000
	pigment { color rgbt <1,0,0,0> }
	no_shadow
}

// nucleotide -1

// particle -1
sphere {
	<25.766485, 38.409874, 38.618885> 0.250000
	pigment { color rgbt <1,0,0,0> }
	no_shadow
}
cylinder {
	<26.041111, 38.121025, 38.585022>,  <26.205887, 37.947716, 38.564705>, 0.100000
	pigment { color rgbt <1,0,0,0> }
	no_shadow
}
cylinder {
	<26.041111, 38.121025, 38.585022>,  <25.766485, 38.409874, 38.618885>, 0.100000
	pigment { color rgbt <1,0,0,0> }
	no_shadow
}

// particle -1
sphere {
	<26.041111, 38.121025, 38.585022> 0.100000
	pigment { color rgbt <1,0,0,0> }
	no_shadow
}
sphere {
	0, 1
	scale<0.080000,0.200000,0.300000>
	matrix <0.603755, 0.501366, 0.619768,
		-0.405107, -0.476620, 0.780206,
		0.686562, -0.722126, -0.084654,
		26.247080, 37.904388, 38.559628>
	pigment { color rgbt <0,1,1,0> }
	no_shadow
}
cylinder {
	<26.017441, 38.273273, 39.370289>,  <25.766485, 38.409874, 38.618885>, 0.130000
	pigment { color rgbt <1,0,0,0> }
	no_shadow
}

// nucleotide -1

// particle -1
sphere {
	<26.017441, 38.273273, 39.370289> 0.250000
	pigment { color rgbt <1,0,0,0> }
	no_shadow
}
cylinder {
	<26.259722, 38.198421, 39.060940>,  <26.405090, 38.153511, 38.875332>, 0.100000
	pigment { color rgbt <1,0,0,0> }
	no_shadow
}
cylinder {
	<26.259722, 38.198421, 39.060940>,  <26.017441, 38.273273, 39.370289>, 0.100000
	pigment { color rgbt <1,0,0,0> }
	no_shadow
}

// particle -1
sphere {
	<26.259722, 38.198421, 39.060940> 0.100000
	pigment { color rgbt <1,0,0,0> }
	no_shadow
}
sphere {
	0, 1
	scale<0.080000,0.200000,0.300000>
	matrix <0.691374, 0.604883, 0.395118,
		0.393861, -0.774014, 0.495758,
		0.605703, -0.187133, -0.773373,
		26.441433, 38.142281, 38.828926>
	pigment { color rgbt <0,1,1,0> }
	no_shadow
}
cylinder {
	<26.579367, 38.797192, 39.671543>,  <26.017441, 38.273273, 39.370289>, 0.130000
	pigment { color rgbt <1,0,0,0> }
	no_shadow
}

// nucleotide -1

// particle -1
sphere {
	<26.579367, 38.797192, 39.671543> 0.250000
	pigment { color rgbt <1,0,0,0> }
	no_shadow
}
cylinder {
	<26.944532, 38.642857, 39.618301>,  <27.163631, 38.550255, 39.586357>, 0.100000
	pigment { color rgbt <1,0,0,0> }
	no_shadow
}
cylinder {
	<26.944532, 38.642857, 39.618301>,  <26.579367, 38.797192, 39.671543>, 0.100000
	pigment { color rgbt <1,0,0,0> }
	no_shadow
}

// particle -1
sphere {
	<26.944532, 38.642857, 39.618301> 0.100000
	pigment { color rgbt <1,0,0,0> }
	no_shadow
}
sphere {
	0, 1
	scale<0.080000,0.200000,0.300000>
	matrix <-0.366589, -0.631737, -0.683023,
		0.179451, 0.672336, -0.718166,
		0.912913, -0.385841, -0.133105,
		27.218407, 38.527103, 39.578369>
	pigment { color rgbt <0,1,1,0> }
	no_shadow
}
cylinder {
	<26.931717, 38.756939, 38.917824>,  <26.579367, 38.797192, 39.671543>, 0.130000
	pigment { color rgbt <1,0,0,0> }
	no_shadow
}

// nucleotide -1

// particle -1
sphere {
	<26.931717, 38.756939, 38.917824> 0.250000
	pigment { color rgbt <1,0,0,0> }
	no_shadow
}
cylinder {
	<27.073811, 38.461033, 39.146404>,  <27.159067, 38.283489, 39.283554>, 0.100000
	pigment { color rgbt <1,0,0,0> }
	no_shadow
}
cylinder {
	<27.073811, 38.461033, 39.146404>,  <26.931717, 38.756939, 38.917824>, 0.100000
	pigment { color rgbt <1,0,0,0> }
	no_shadow
}

// particle -1
sphere {
	<27.073811, 38.461033, 39.146404> 0.100000
	pigment { color rgbt <1,0,0,0> }
	no_shadow
}
sphere {
	0, 1
	scale<0.080000,0.200000,0.300000>
	matrix <-0.356170, -0.672327, -0.648937,
		0.864263, 0.026991, -0.502316,
		0.355236, -0.739762, 0.571454,
		27.180382, 38.239105, 39.317841>
	pigment { color rgbt <0,1,1,0> }
	no_shadow
}
cylinder {
	<27.547943, 38.337311, 38.630424>,  <26.931717, 38.756939, 38.917824>, 0.130000
	pigment { color rgbt <1,0,0,0> }
	no_shadow
}

// nucleotide -1

// particle -1
sphere {
	<27.547943, 38.337311, 38.630424> 0.250000
	pigment { color rgbt <1,0,0,0> }
	no_shadow
}
cylinder {
	<27.247389, 38.187328, 38.847614>,  <27.067057, 38.097340, 38.977928>, 0.100000
	pigment { color rgbt <1,0,0,0> }
	no_shadow
}
cylinder {
	<27.247389, 38.187328, 38.847614>,  <27.547943, 38.337311, 38.630424>, 0.100000
	pigment { color rgbt <1,0,0,0> }
	no_shadow
}

// particle -1
sphere {
	<27.247389, 38.187328, 38.847614> 0.100000
	pigment { color rgbt <1,0,0,0> }
	no_shadow
}
sphere {
	0, 1
	scale<0.080000,0.200000,0.300000>
	matrix <-0.305204, -0.532072, -0.789778,
		0.585037, -0.759148, 0.285353,
		-0.751387, -0.374959, 0.542977,
		27.021973, 38.074841, 39.010506>
	pigment { color rgbt <0,1,1,0> }
	no_shadow
}
cylinder {
	<27.440149, 37.775158, 38.262825>,  <27.547943, 38.337311, 38.630424>, 0.130000
	pigment { color rgbt <1,0,0,0> }
	no_shadow
}

// nucleotide -1

// particle -1
sphere {
	<27.440149, 37.775158, 38.262825> 0.250000
	pigment { color rgbt <1,0,0,0> }
	no_shadow
}
cylinder {
	<27.116299, 37.788589, 38.497219>,  <26.921988, 37.796650, 38.637856>, 0.100000
	pigment { color rgbt <1,0,0,0> }
	no_shadow
}
cylinder {
	<27.116299, 37.788589, 38.497219>,  <27.440149, 37.775158, 38.262825>, 0.100000
	pigment { color rgbt <1,0,0,0> }
	no_shadow
}

// particle -1
sphere {
	<27.116299, 37.788589, 38.497219> 0.100000
	pigment { color rgbt <1,0,0,0> }
	no_shadow
}
sphere {
	0, 1
	scale<0.080000,0.200000,0.300000>
	matrix <-0.472626, -0.629291, -0.616942,
		0.348036, -0.776444, 0.525363,
		-0.809627, 0.033582, 0.585983,
		26.873411, 37.798664, 38.673016>
	pigment { color rgbt <0,1,1,0> }
	no_shadow
}
cylinder {
	<27.185011, 37.040977, 38.355484>,  <27.440149, 37.775158, 38.262825>, 0.130000
	pigment { color rgbt <1,0,0,0> }
	no_shadow
}

// nucleotide -1

// particle -1
sphere {
	<27.185011, 37.040977, 38.355484> 0.250000
	pigment { color rgbt <1,0,0,0> }
	no_shadow
}
cylinder {
	<26.890055, 37.300301, 38.431332>,  <26.713081, 37.455894, 38.476841>, 0.100000
	pigment { color rgbt <1,0,0,0> }
	no_shadow
}
cylinder {
	<26.890055, 37.300301, 38.431332>,  <27.185011, 37.040977, 38.355484>, 0.100000
	pigment { color rgbt <1,0,0,0> }
	no_shadow
}

// particle -1
sphere {
	<26.890055, 37.300301, 38.431332> 0.100000
	pigment { color rgbt <1,0,0,0> }
	no_shadow
}
sphere {
	0, 1
	scale<0.080000,0.200000,0.300000>
	matrix <-0.674572, -0.692337, -0.256168,
		-0.034792, -0.316810, 0.947851,
		-0.737389, 0.648306, 0.189623,
		26.668839, 37.494793, 38.488220>
	pigment { color rgbt <0,1,1,0> }
	no_shadow
}
cylinder {
	<26.647886, 36.547943, 38.591995>,  <27.185011, 37.040977, 38.355484>, 0.130000
	pigment { color rgbt <1,0,0,0> }
	no_shadow
}

// nucleotide -1

// particle -1
sphere {
	<26.647886, 36.547943, 38.591995> 0.250000
	pigment { color rgbt <1,0,0,0> }
	no_shadow
}
cylinder {
	<26.480778, 36.893822, 38.480450>,  <26.380512, 37.101349, 38.413521>, 0.100000
	pigment { color rgbt <1,0,0,0> }
	no_shadow
}
cylinder {
	<26.480778, 36.893822, 38.480450>,  <26.647886, 36.547943, 38.591995>, 0.100000
	pigment { color rgbt <1,0,0,0> }
	no_shadow
}

// particle -1
sphere {
	<26.480778, 36.893822, 38.480450> 0.100000
	pigment { color rgbt <1,0,0,0> }
	no_shadow
}
sphere {
	0, 1
	scale<0.080000,0.200000,0.300000>
	matrix <-0.719702, -0.502292, -0.479303,
		-0.554526, 0.000465, 0.832166,
		-0.417768, 0.864698, -0.278868,
		26.355448, 37.153233, 38.396790>
	pigment { color rgbt <0,1,1,0> }
	no_shadow
}
cylinder {
	<26.022633, 36.440197, 38.861202>,  <26.647886, 36.547943, 38.591995>, 0.130000
	pigment { color rgbt <1,0,0,0> }
	no_shadow
}

// nucleotide -1

// particle -1
sphere {
	<26.022633, 36.440197, 38.861202> 0.250000
	pigment { color rgbt <1,0,0,0> }
	no_shadow
}
cylinder {
	<25.992275, 36.713566, 38.570774>,  <25.974060, 36.877586, 38.396519>, 0.100000
	pigment { color rgbt <1,0,0,0> }
	no_shadow
}
cylinder {
	<25.992275, 36.713566, 38.570774>,  <26.022633, 36.440197, 38.861202>, 0.100000
	pigment { color rgbt <1,0,0,0> }
	no_shadow
}

// particle -1
sphere {
	<25.992275, 36.713566, 38.570774> 0.100000
	pigment { color rgbt <1,0,0,0> }
	no_shadow
}
sphere {
	0, 1
	scale<0.080000,0.200000,0.300000>
	matrix <-0.822647, -0.454400, -0.341720,
		-0.563465, 0.571364, 0.596700,
		-0.075894, 0.683421, -0.726069,
		25.969507, 36.918591, 38.352955>
	pigment { color rgbt <0,1,1,0> }
	no_shadow
}
cylinder {
	<25.297886, 36.616753, 38.760429>,  <26.022633, 36.440197, 38.861202>, 0.130000
	pigment { color rgbt <1,0,0,0> }
	no_shadow
}

// nucleotide -1

// particle -1
sphere {
	<25.297886, 36.616753, 38.760429> 0.250000
	pigment { color rgbt <1,0,0,0> }
	no_shadow
}
cylinder {
	<25.450144, 36.723339, 38.406231>,  <25.541498, 36.787289, 38.193710>, 0.100000
	pigment { color rgbt <1,0,0,0> }
	no_shadow
}
cylinder {
	<25.450144, 36.723339, 38.406231>,  <25.297886, 36.616753, 38.760429>, 0.100000
	pigment { color rgbt <1,0,0,0> }
	no_shadow
}

// particle -1
sphere {
	<25.450144, 36.723339, 38.406231> 0.100000
	pigment { color rgbt <1,0,0,0> }
	no_shadow
}
sphere {
	0, 1
	scale<0.080000,0.200000,0.300000>
	matrix <-0.684322, -0.562876, -0.463546,
		-0.621943, 0.782412, -0.031910,
		0.380645, 0.266462, -0.885498,
		25.564337, 36.803276, 38.140583>
	pigment { color rgbt <0,1,1,0> }
	no_shadow
}
cylinder {
	<24.793348, 36.750229, 38.307434>,  <25.297886, 36.616753, 38.760429>, 0.130000
	pigment { color rgbt <1,0,0,0> }
	no_shadow
}

// nucleotide -1

// particle -1
sphere {
	<24.793348, 36.750229, 38.307434> 0.250000
	pigment { color rgbt <1,0,0,0> }
	no_shadow
}
cylinder {
	<25.091118, 36.635933, 38.066040>,  <25.269779, 36.567356, 37.921204>, 0.100000
	pigment { color rgbt <1,0,0,0> }
	no_shadow
}
cylinder {
	<25.091118, 36.635933, 38.066040>,  <24.793348, 36.750229, 38.307434>, 0.100000
	pigment { color rgbt <1,0,0,0> }
	no_shadow
}

// particle -1
sphere {
	<25.091118, 36.635933, 38.066040> 0.100000
	pigment { color rgbt <1,0,0,0> }
	no_shadow
}
sphere {
	0, 1
	scale<0.080000,0.200000,0.300000>
	matrix <-0.608256, -0.663018, -0.436384,
		-0.275428, 0.691925, -0.667367,
		0.744422, -0.285737, -0.603482,
		25.314444, 36.550213, 37.884995>
	pigment { color rgbt <0,1,1,0> }
	no_shadow
}
cylinder {
	<24.598444, 36.639931, 37.558743>,  <24.793348, 36.750229, 38.307434>, 0.130000
	pigment { color rgbt <1,0,0,0> }
	no_shadow
}

// nucleotide -1

// particle -1
sphere {
	<24.598444, 36.639931, 37.558743> 0.250000
	pigment { color rgbt <1,0,0,0> }
	no_shadow
}
cylinder {
	<24.899578, 36.391678, 37.646427>,  <25.080257, 36.242725, 37.699036>, 0.100000
	pigment { color rgbt <1,0,0,0> }
	no_shadow
}
cylinder {
	<24.899578, 36.391678, 37.646427>,  <24.598444, 36.639931, 37.558743>, 0.100000
	pigment { color rgbt <1,0,0,0> }
	no_shadow
}

// particle -1
sphere {
	<24.899578, 36.391678, 37.646427> 0.100000
	pigment { color rgbt <1,0,0,0> }
	no_shadow
}
sphere {
	0, 1
	scale<0.080000,0.200000,0.300000>
	matrix <-0.544321, -0.774280, -0.322808,
		0.370076, 0.123700, -0.920729,
		0.752834, -0.620636, 0.219210,
		25.125427, 36.205486, 37.712189>
	pigment { color rgbt <0,1,1,0> }
	no_shadow
}
cylinder {
	<24.873287, 36.305679, 36.898708>,  <24.598444, 36.639931, 37.558743>, 0.130000
	pigment { color rgbt <1,0,0,0> }
	no_shadow
}

// nucleotide -1

// particle -1
sphere {
	<24.873287, 36.305679, 36.898708> 0.250000
	pigment { color rgbt <1,0,0,0> }
	no_shadow
}
cylinder {
	<24.886909, 36.100464, 37.241783>,  <24.895082, 35.977333, 37.447628>, 0.100000
	pigment { color rgbt <1,0,0,0> }
	no_shadow
}
cylinder {
	<24.886909, 36.100464, 37.241783>,  <24.873287, 36.305679, 36.898708>, 0.100000
	pigment { color rgbt <1,0,0,0> }
	no_shadow
}

// particle -1
sphere {
	<24.886909, 36.100464, 37.241783> 0.100000
	pigment { color rgbt <1,0,0,0> }
	no_shadow
}
sphere {
	0, 1
	scale<0.080000,0.200000,0.300000>
	matrix <-0.477212, -0.762384, -0.437080,
		0.878128, -0.394414, -0.270792,
		0.034057, -0.513037, 0.857690,
		24.897127, 35.946552, 37.499092>
	pigment { color rgbt <0,1,1,0> }
	no_shadow
}
cylinder {
	<24.770279, 35.949646, 36.210613>,  <24.873287, 36.305679, 36.898708>, 0.130000
	pigment { color rgbt <1,0,0,0> }
	no_shadow
}

// nucleotide -1

// particle -1
sphere {
	<24.770279, 35.949646, 36.210613> 0.250000
	pigment { color rgbt <1,0,0,0> }
	no_shadow
}
cylinder {
	<24.449194, 35.900787, 35.977123>,  <24.256542, 35.871471, 35.837029>, 0.100000
	pigment { color rgbt <1,0,0,0> }
	no_shadow
}
cylinder {
	<24.449194, 35.900787, 35.977123>,  <24.770279, 35.949646, 36.210613>, 0.100000
	pigment { color rgbt <1,0,0,0> }
	no_shadow
}

// particle -1
sphere {
	<24.449194, 35.900787, 35.977123> 0.100000
	pigment { color rgbt <1,0,0,0> }
	no_shadow
}
sphere {
	0, 1
	scale<0.080000,0.200000,0.300000>
	matrix <0.335542, -0.901678, -0.272743,
		-0.493014, -0.414798, 0.764775,
		-0.802714, -0.122148, -0.583721,
		24.208380, 35.864143, 35.802006>
	pigment { color rgbt <0,1,1,0> }
	no_shadow
}
cylinder {
	<25.299023, 36.362659, 35.926910>,  <24.770279, 35.949646, 36.210613>, 0.130000
	pigment { color rgbt <1,0,0,0> }
	no_shadow
}

// nucleotide -1

// particle -1
sphere {
	<25.299023, 36.362659, 35.926910> 0.250000
	pigment { color rgbt <1,0,0,0> }
	no_shadow
}
cylinder {
	<25.378838, 36.218079, 36.291225>,  <25.426727, 36.131329, 36.509815>, 0.100000
	pigment { color rgbt <1,0,0,0> }
	no_shadow
}
cylinder {
	<25.378838, 36.218079, 36.291225>,  <25.299023, 36.362659, 35.926910>, 0.100000
	pigment { color rgbt <1,0,0,0> }
	no_shadow
}

// particle -1
sphere {
	<25.378838, 36.218079, 36.291225> 0.100000
	pigment { color rgbt <1,0,0,0> }
	no_shadow
}
sphere {
	0, 1
	scale<0.080000,0.200000,0.300000>
	matrix <0.111813, -0.915009, -0.387628,
		0.973490, 0.179184, -0.142164,
		0.199538, -0.361457, 0.910787,
		25.438700, 36.109642, 36.564461>
	pigment { color rgbt <0,1,1,0> }
	no_shadow
}
cylinder {
	<25.929562, 35.936131, 35.952965>,  <25.299023, 36.362659, 35.926910>, 0.130000
	pigment { color rgbt <1,0,0,0> }
	no_shadow
}

// nucleotide -1

// particle -1
sphere {
	<25.929562, 35.936131, 35.952965> 0.250000
	pigment { color rgbt <1,0,0,0> }
	no_shadow
}
cylinder {
	<25.728348, 35.793453, 36.267857>,  <25.607620, 35.707848, 36.456791>, 0.100000
	pigment { color rgbt <1,0,0,0> }
	no_shadow
}
cylinder {
	<25.728348, 35.793453, 36.267857>,  <25.929562, 35.936131, 35.952965>, 0.100000
	pigment { color rgbt <1,0,0,0> }
	no_shadow
}

// particle -1
sphere {
	<25.728348, 35.793453, 36.267857> 0.100000
	pigment { color rgbt <1,0,0,0> }
	no_shadow
}
sphere {
	0, 1
	scale<0.080000,0.200000,0.300000>
	matrix <0.263496, -0.930792, -0.253369,
		0.823120, 0.079978, 0.562208,
		-0.503035, -0.356692, 0.787227,
		25.577436, 35.686447, 36.504025>
	pigment { color rgbt <0,1,1,0> }
	no_shadow
}
cylinder {
	<26.325235, 35.420853, 35.941891>,  <25.929562, 35.936131, 35.952965>, 0.130000
	pigment { color rgbt <1,0,0,0> }
	no_shadow
}

// nucleotide -1

// particle -1
sphere {
	<26.325235, 35.420853, 35.941891> 0.250000
	pigment { color rgbt <1,0,0,0> }
	no_shadow
}
cylinder {
	<25.985153, 35.349384, 36.139973>,  <25.781103, 35.306503, 36.258820>, 0.100000
	pigment { color rgbt <1,0,0,0> }
	no_shadow
}
cylinder {
	<25.985153, 35.349384, 36.139973>,  <26.325235, 35.420853, 35.941891>, 0.100000
	pigment { color rgbt <1,0,0,0> }
	no_shadow
}

// particle -1
sphere {
	<25.985153, 35.349384, 36.139973> 0.100000
	pigment { color rgbt <1,0,0,0> }
	no_shadow
}
sphere {
	0, 1
	scale<0.080000,0.200000,0.300000>
	matrix <-0.047223, -0.910972, -0.409757,
		0.524326, -0.371763, 0.766077,
		-0.850207, -0.178670, 0.495202,
		25.730091, 35.295784, 36.288532>
	pigment { color rgbt <0,1,1,0> }
	no_shadow
}
cylinder {
	<26.285526, 34.937283, 36.547836>,  <26.325235, 35.420853, 35.941891>, 0.130000
	pigment { color rgbt <1,0,0,0> }
	no_shadow
}

// nucleotide -1

// particle -1
sphere {
	<26.285526, 34.937283, 36.547836> 0.250000
	pigment { color rgbt <1,0,0,0> }
	no_shadow
}
cylinder {
	<25.933247, 34.913254, 36.359898>,  <25.721878, 34.898838, 36.247135>, 0.100000
	pigment { color rgbt <1,0,0,0> }
	no_shadow
}
cylinder {
	<25.933247, 34.913254, 36.359898>,  <26.285526, 34.937283, 36.547836>, 0.100000
	pigment { color rgbt <1,0,0,0> }
	no_shadow
}

// particle -1
sphere {
	<25.933247, 34.913254, 36.359898> 0.100000
	pigment { color rgbt <1,0,0,0> }
	no_shadow
}
sphere {
	0, 1
	scale<0.080000,0.200000,0.300000>
	matrix <0.171269, -0.965199, -0.197633,
		-0.441628, -0.254526, 0.860338,
		-0.880699, -0.060069, -0.469851,
		25.669037, 34.895233, 36.218941>
	pigment { color rgbt <0,1,1,0> }
	no_shadow
}
cylinder {
	<26.264025, 34.245033, 36.222218>,  <26.285526, 34.937283, 36.547836>, 0.130000
	pigment { color rgbt <1,0,0,0> }
	no_shadow
}

// nucleotide -1

// particle -1
sphere {
	<26.264025, 34.245033, 36.222218> 0.250000
	pigment { color rgbt <1,0,0,0> }
	no_shadow
}
cylinder {
	<26.580854, 34.001850, 36.200298>,  <26.770952, 33.855938, 36.187145>, 0.100000
	pigment { color rgbt <1,0,0,0> }
	no_shadow
}
cylinder {
	<26.580854, 34.001850, 36.200298>,  <26.264025, 34.245033, 36.222218>, 0.100000
	pigment { color rgbt <1,0,0,0> }
	no_shadow
}

// particle -1
sphere {
	<26.580854, 34.001850, 36.200298> 0.100000
	pigment { color rgbt <1,0,0,0> }
	no_shadow
}
sphere {
	0, 1
	scale<0.080000,0.200000,0.300000>
	matrix <-0.251714, -0.243513, -0.936665,
		0.556111, 0.755702, -0.345912,
		0.792073, -0.607961, -0.054800,
		26.818476, 33.819462, 36.183857>
	pigment { color rgbt <0,1,1,0> }
	no_shadow
}
cylinder {
	<26.593098, 34.416061, 35.681469>,  <26.264025, 34.245033, 36.222218>, 0.130000
	pigment { color rgbt <1,0,0,0> }
	no_shadow
}

// nucleotide -1

// particle -1
sphere {
	<26.593098, 34.416061, 35.681469> 0.250000
	pigment { color rgbt <1,0,0,0> }
	no_shadow
}
cylinder {
	<26.622372, 34.029388, 35.779587>,  <26.639936, 33.797386, 35.838455>, 0.100000
	pigment { color rgbt <1,0,0,0> }
	no_shadow
}
cylinder {
	<26.622372, 34.029388, 35.779587>,  <26.593098, 34.416061, 35.681469>, 0.100000
	pigment { color rgbt <1,0,0,0> }
	no_shadow
}

// particle -1
sphere {
	<26.622372, 34.029388, 35.779587> 0.100000
	pigment { color rgbt <1,0,0,0> }
	no_shadow
}
sphere {
	0, 1
	scale<0.080000,0.200000,0.300000>
	matrix <-0.408238, -0.253438, -0.876989,
		0.909937, -0.035955, -0.413185,
		0.073185, -0.966683, 0.245291,
		26.644327, 33.739384, 35.853172>
	pigment { color rgbt <0,1,1,0> }
	no_shadow
}
cylinder {
	<26.881058, 34.119118, 35.218620>,  <26.593098, 34.416061, 35.681469>, 0.130000
	pigment { color rgbt <1,0,0,0> }
	no_shadow
}

// nucleotide -1

// particle -1
sphere {
	<26.881058, 34.119118, 35.218620> 0.250000
	pigment { color rgbt <1,0,0,0> }
	no_shadow
}
cylinder {
	<26.700981, 33.794415, 35.367416>,  <26.592936, 33.599594, 35.456696>, 0.100000
	pigment { color rgbt <1,0,0,0> }
	no_shadow
}
cylinder {
	<26.700981, 33.794415, 35.367416>,  <26.881058, 34.119118, 35.218620>, 0.100000
	pigment { color rgbt <1,0,0,0> }
	no_shadow
}

// particle -1
sphere {
	<26.700981, 33.794415, 35.367416> 0.100000
	pigment { color rgbt <1,0,0,0> }
	no_shadow
}
sphere {
	0, 1
	scale<0.080000,0.200000,0.300000>
	matrix <-0.421116, -0.174340, -0.890094,
		0.787392, -0.557365, -0.263357,
		-0.450194, -0.811757, 0.371989,
		26.565924, 33.550888, 35.479012>
	pigment { color rgbt <0,1,1,0> }
	no_shadow
}
cylinder {
	<27.022146, 33.667576, 34.751213>,  <26.881058, 34.119118, 35.218620>, 0.130000
	pigment { color rgbt <1,0,0,0> }
	no_shadow
}

// nucleotide -1

// particle -1
sphere {
	<27.022146, 33.667576, 34.751213> 0.250000
	pigment { color rgbt <1,0,0,0> }
	no_shadow
}
cylinder {
	<26.747623, 33.473434, 34.967884>,  <26.582911, 33.356949, 35.097885>, 0.100000
	pigment { color rgbt <1,0,0,0> }
	no_shadow
}
cylinder {
	<26.747623, 33.473434, 34.967884>,  <27.022146, 33.667576, 34.751213>, 0.100000
	pigment { color rgbt <1,0,0,0> }
	no_shadow
}

// particle -1
sphere {
	<26.747623, 33.473434, 34.967884> 0.100000
	pigment { color rgbt <1,0,0,0> }
	no_shadow
}
sphere {
	0, 1
	scale<0.080000,0.200000,0.300000>
	matrix <-0.491733, -0.239109, -0.837272,
		0.535896, -0.840985, -0.074564,
		-0.686305, -0.485356, 0.541678,
		26.541733, 33.327827, 35.130386>
	pigment { color rgbt <0,1,1,0> }
	no_shadow
}
cylinder {
	<26.982771, 32.899372, 34.533035>,  <27.022146, 33.667576, 34.751213>, 0.130000
	pigment { color rgbt <1,0,0,0> }
	no_shadow
}

// nucleotide -1

// particle -1
sphere {
	<26.982771, 32.899372, 34.533035> 0.250000
	pigment { color rgbt <1,0,0,0> }
	no_shadow
}
cylinder {
	<26.634212, 33.020744, 34.687225>,  <26.425077, 33.093567, 34.779739>, 0.100000
	pigment { color rgbt <1,0,0,0> }
	no_shadow
}
cylinder {
	<26.634212, 33.020744, 34.687225>,  <26.982771, 32.899372, 34.533035>, 0.100000
	pigment { color rgbt <1,0,0,0> }
	no_shadow
}

// particle -1
sphere {
	<26.634212, 33.020744, 34.687225> 0.100000
	pigment { color rgbt <1,0,0,0> }
	no_shadow
}
sphere {
	0, 1
	scale<0.080000,0.200000,0.300000>
	matrix <-0.462920, -0.248484, -0.850859,
		-0.162387, -0.919885, 0.356991,
		-0.871399, 0.303427, 0.385482,
		26.372793, 33.111774, 34.802868>
	pigment { color rgbt <0,1,1,0> }
	no_shadow
}
cylinder {
	<26.529263, 32.580982, 34.147366>,  <26.982771, 32.899372, 34.533035>, 0.130000
	pigment { color rgbt <1,0,0,0> }
	no_shadow
}

// nucleotide -1

// particle -1
sphere {
	<26.529263, 32.580982, 34.147366> 0.250000
	pigment { color rgbt <1,0,0,0> }
	no_shadow
}
cylinder {
	<26.308182, 32.875763, 34.303020>,  <26.175533, 33.052631, 34.396412>, 0.100000
	pigment { color rgbt <1,0,0,0> }
	no_shadow
}
cylinder {
	<26.308182, 32.875763, 34.303020>,  <26.529263, 32.580982, 34.147366>, 0.100000
	pigment { color rgbt <1,0,0,0> }
	no_shadow
}

// particle -1
sphere {
	<26.308182, 32.875763, 34.303020> 0.100000
	pigment { color rgbt <1,0,0,0> }
	no_shadow
}
sphere {
	0, 1
	scale<0.080000,0.200000,0.300000>
	matrix <-0.496796, 0.083543, -0.863837,
		-0.669113, -0.670766, 0.319939,
		-0.552703, 0.736949, 0.389134,
		26.142370, 33.096848, 34.419762>
	pigment { color rgbt <0,1,1,0> }
	no_shadow
}
cylinder {
	<25.771650, 32.555412, 34.246597>,  <26.529263, 32.580982, 34.147366>, 0.130000
	pigment { color rgbt <1,0,0,0> }
	no_shadow
}

// nucleotide -1

// particle -1
sphere {
	<25.771650, 32.555412, 34.246597> 0.250000
	pigment { color rgbt <1,0,0,0> }
	no_shadow
}
cylinder {
	<25.601091, 32.835644, 34.475464>,  <25.498756, 33.003784, 34.612785>, 0.100000
	pigment { color rgbt <1,0,0,0> }
	no_shadow
}
cylinder {
	<25.601091, 32.835644, 34.475464>,  <25.771650, 32.555412, 34.246597>, 0.100000
	pigment { color rgbt <1,0,0,0> }
	no_shadow
}

// particle -1
sphere {
	<25.601091, 32.835644, 34.475464> 0.100000
	pigment { color rgbt <1,0,0,0> }
	no_shadow
}
sphere {
	0, 1
	scale<0.080000,0.200000,0.300000>
	matrix <-0.569357, 0.283642, -0.771608,
		-0.702863, -0.654778, 0.277936,
		-0.426398, 0.700580, 0.572165,
		25.473171, 33.045818, 34.647114>
	pigment { color rgbt <0,1,1,0> }
	no_shadow
}
cylinder {
	<25.166487, 32.528229, 34.054180>,  <25.771650, 32.555412, 34.246597>, 0.130000
	pigment { color rgbt <1,0,0,0> }
	no_shadow
}

// nucleotide -1

// particle -1
sphere {
	<25.166487, 32.528229, 34.054180> 0.250000
	pigment { color rgbt <1,0,0,0> }
	no_shadow
}
cylinder {
	<25.227186, 32.902596, 34.181316>,  <25.263605, 33.127216, 34.257599>, 0.100000
	pigment { color rgbt <1,0,0,0> }
	no_shadow
}
cylinder {
	<25.227186, 32.902596, 34.181316>,  <25.166487, 32.528229, 34.054180>, 0.100000
	pigment { color rgbt <1,0,0,0> }
	no_shadow
}

// particle -1
sphere {
	<25.227186, 32.902596, 34.181316> 0.100000
	pigment { color rgbt <1,0,0,0> }
	no_shadow
}
sphere {
	0, 1
	scale<0.080000,0.200000,0.300000>
	matrix <-0.391055, 0.352177, -0.850322,
		-0.907772, 0.004740, 0.419438,
		0.151747, 0.935921, 0.317843,
		25.272711, 33.183372, 34.276669>
	pigment { color rgbt <0,1,1,0> }
	no_shadow
}
cylinder {
	<24.508965, 32.984623, 34.003757>,  <25.166487, 32.528229, 34.054180>, 0.130000
	pigment { color rgbt <1,0,0,0> }
	no_shadow
}

// nucleotide -1

// particle -1
sphere {
	<24.508965, 32.984623, 34.003757> 0.250000
	pigment { color rgbt <1,0,0,0> }
	no_shadow
}
cylinder {
	<24.828722, 33.224762, 33.994335>,  <25.020576, 33.368847, 33.988682>, 0.100000
	pigment { color rgbt <1,0,0,0> }
	no_shadow
}
cylinder {
	<24.828722, 33.224762, 33.994335>,  <24.508965, 32.984623, 34.003757>, 0.100000
	pigment { color rgbt <1,0,0,0> }
	no_shadow
}

// particle -1
sphere {
	<24.828722, 33.224762, 33.994335> 0.100000
	pigment { color rgbt <1,0,0,0> }
	no_shadow
}
sphere {
	0, 1
	scale<0.080000,0.200000,0.300000>
	matrix <-0.306185, 0.373344, -0.875708,
		-0.516936, 0.707246, 0.482266,
		0.799392, 0.600348, -0.023552,
		25.068541, 33.404865, 33.987270>
	pigment { color rgbt <0,1,1,0> }
	no_shadow
}
cylinder {
	<24.314703, 33.719681, 34.070621>,  <24.508965, 32.984623, 34.003757>, 0.130000
	pigment { color rgbt <1,0,0,0> }
	no_shadow
}

// nucleotide -1

// particle -1
sphere {
	<24.314703, 33.719681, 34.070621> 0.250000
	pigment { color rgbt <1,0,0,0> }
	no_shadow
}
cylinder {
	<24.651308, 33.693359, 33.856136>,  <24.853271, 33.677567, 33.727444>, 0.100000
	pigment { color rgbt <1,0,0,0> }
	no_shadow
}
cylinder {
	<24.651308, 33.693359, 33.856136>,  <24.314703, 33.719681, 34.070621>, 0.100000
	pigment { color rgbt <1,0,0,0> }
	no_shadow
}

// particle -1
sphere {
	<24.651308, 33.693359, 33.856136> 0.100000
	pigment { color rgbt <1,0,0,0> }
	no_shadow
}
sphere {
	0, 1
	scale<0.080000,0.200000,0.300000>
	matrix <-0.423429, 0.536067, -0.730302,
		0.335501, 0.841607, 0.423245,
		0.841515, -0.065803, -0.536212,
		24.903763, 33.673618, 33.695274>
	pigment { color rgbt <0,1,1,0> }
	no_shadow
}
cylinder {
	<24.565260, 34.420139, 33.911839>,  <24.314703, 33.719681, 34.070621>, 0.130000
	pigment { color rgbt <1,0,0,0> }
	no_shadow
}

// nucleotide -1

// particle -1
sphere {
	<24.565260, 34.420139, 33.911839> 0.250000
	pigment { color rgbt <1,0,0,0> }
	no_shadow
}
cylinder {
	<24.664072, 34.143204, 33.640652>,  <24.723360, 33.977043, 33.477940>, 0.100000
	pigment { color rgbt <1,0,0,0> }
	no_shadow
}
cylinder {
	<24.664072, 34.143204, 33.640652>,  <24.565260, 34.420139, 33.911839>, 0.100000
	pigment { color rgbt <1,0,0,0> }
	no_shadow
}

// particle -1
sphere {
	<24.664072, 34.143204, 33.640652> 0.100000
	pigment { color rgbt <1,0,0,0> }
	no_shadow
}
sphere {
	0, 1
	scale<0.080000,0.200000,0.300000>
	matrix <-0.459397, 0.532352, -0.711024,
		0.853188, 0.487103, -0.186550,
		0.247032, -0.692337, -0.677971,
		24.738182, 33.935501, 33.437260>
	pigment { color rgbt <0,1,1,0> }
	no_shadow
}
cylinder {
	<24.674417, 34.726700, 33.315411>,  <24.565260, 34.420139, 33.911839>, 0.130000
	pigment { color rgbt <1,0,0,0> }
	no_shadow
}

// nucleotide -1

// particle -1
sphere {
	<24.674417, 34.726700, 33.315411> 0.250000
	pigment { color rgbt <1,0,0,0> }
	no_shadow
}
cylinder {
	<24.586733, 34.354393, 33.198368>,  <24.534122, 34.131008, 33.128143>, 0.100000
	pigment { color rgbt <1,0,0,0> }
	no_shadow
}
cylinder {
	<24.586733, 34.354393, 33.198368>,  <24.674417, 34.726700, 33.315411>, 0.100000
	pigment { color rgbt <1,0,0,0> }
	no_shadow
}

// particle -1
sphere {
	<24.586733, 34.354393, 33.198368> 0.100000
	pigment { color rgbt <1,0,0,0> }
	no_shadow
}
sphere {
	0, 1
	scale<0.080000,0.200000,0.300000>
	matrix <-0.561743, 0.365608, -0.742142,
		0.797741, 0.001686, -0.602997,
		-0.219210, -0.930767, -0.292608,
		24.520969, 34.075161, 33.110584>
	pigment { color rgbt <0,1,1,0> }
	no_shadow
}
cylinder {
	<24.608454, 34.515610, 32.570454>,  <24.674417, 34.726700, 33.315411>, 0.130000
	pigment { color rgbt <1,0,0,0> }
	no_shadow
}

// nucleotide -1

// particle -1
sphere {
	<24.608454, 34.515610, 32.570454> 0.250000
	pigment { color rgbt <1,0,0,0> }
	no_shadow
}
cylinder {
	<25.007294, 34.486546, 32.579491>,  <25.246597, 34.469109, 32.584911>, 0.100000
	pigment { color rgbt <1,0,0,0> }
	no_shadow
}
cylinder {
	<25.007294, 34.486546, 32.579491>,  <24.608454, 34.515610, 32.570454>, 0.100000
	pigment { color rgbt <1,0,0,0> }
	no_shadow
}

// particle -1
sphere {
	<25.007294, 34.486546, 32.579491> 0.100000
	pigment { color rgbt <1,0,0,0> }
	no_shadow
}
sphere {
	0, 1
	scale<0.080000,0.200000,0.300000>
	matrix <-0.061131, -0.588137, 0.806448,
		-0.045307, -0.805491, -0.590874,
		0.997101, -0.072659, 0.022594,
		25.306423, 34.464748, 32.586269>
	pigment { color rgbt <0,1,1,0> }
	no_shadow
}
cylinder {
	<24.954256, 33.726967, 32.539207>,  <24.608454, 34.515610, 32.570454>, 0.130000
	pigment { color rgbt <1,0,0,0> }
	no_shadow
}

// nucleotide -1

// particle -1
sphere {
	<24.954256, 33.726967, 32.539207> 0.250000
	pigment { color rgbt <1,0,0,0> }
	no_shadow
}
cylinder {
	<25.171909, 33.999004, 32.735737>,  <25.302502, 34.162228, 32.853653>, 0.100000
	pigment { color rgbt <1,0,0,0> }
	no_shadow
}
cylinder {
	<25.171909, 33.999004, 32.735737>,  <24.954256, 33.726967, 32.539207>, 0.100000
	pigment { color rgbt <1,0,0,0> }
	no_shadow
}

// particle -1
sphere {
	<25.171909, 33.999004, 32.735737> 0.100000
	pigment { color rgbt <1,0,0,0> }
	no_shadow
}
sphere {
	0, 1
	scale<0.080000,0.200000,0.300000>
	matrix <-0.068123, -0.547856, 0.833795,
		0.836229, -0.487165, -0.251776,
		0.544132, 0.680092, 0.491320,
		25.335150, 34.203033, 32.883133>
	pigment { color rgbt <0,1,1,0> }
	no_shadow
}
cylinder {
	<25.511097, 33.297485, 32.793678>,  <24.954256, 33.726967, 32.539207>, 0.130000
	pigment { color rgbt <1,0,0,0> }
	no_shadow
}

// nucleotide -1

// particle -1
sphere {
	<25.511097, 33.297485, 32.793678> 0.250000
	pigment { color rgbt <1,0,0,0> }
	no_shadow
}
cylinder {
	<25.396749, 33.623989, 32.994480>,  <25.328142, 33.819889, 33.114960>, 0.100000
	pigment { color rgbt <1,0,0,0> }
	no_shadow
}
cylinder {
	<25.396749, 33.623989, 32.994480>,  <25.511097, 33.297485, 32.793678>, 0.100000
	pigment { color rgbt <1,0,0,0> }
	no_shadow
}

// particle -1
sphere {
	<25.396749, 33.623989, 32.994480> 0.100000
	pigment { color rgbt <1,0,0,0> }
	no_shadow
}
sphere {
	0, 1
	scale<0.080000,0.200000,0.300000>
