// switches for output
#declare DRAW_BASES = 1; // possible values are 0, 1; only relevant for DNA ribbons
#declare DRAW_BASES_TYPE = 3; // possible values are 1, 2, 3; only relevant for DNA ribbons
#declare DRAW_FOG = 0; // set to 1 to enable fog

#include "colors.inc"

#include "transforms.inc"
background { rgb <1, 1, 1>}

#default {
   normal{
       ripples 0.25
       frequency 0.20
       turbulence 0.2
       lambda 5
   }
	finish {
		phong 0.1
		phong_size 40.
	}
}

// original window dimensions: 1024x640


// camera settings

camera {
	sky <0, 0.179814, -0.983701>
	up <0, 0.179814, -0.983701>
	right 1.6 * <1, 0, 0>
	location <35, 94.9851, 44.8844>
	look_at <35, 29.7336, 32.9568>
	direction <0, -65.2515, -11.9276>
	angle 67.0682
}


# declare cpy_camera_pos = <35, 94.9851, 44.8844>;
# if (DRAW_FOG = 1)
fog {
	fog_type 2
	up vnormalize(cpy_camera_pos)
	color rgbt<1,1,1,0.3>
	distance 1e-5
	fog_alt 3e-3
	fog_offset 56
}
# end


// LIGHTS

# declare lum = 6;
global_settings {
	ambient_light rgb lum * <0.05, 0.05, 0.05>
	max_trace_level 15
}# declare cpy_direct_light_amount = 0.25;
light_source
{	1000 * <-1, -1.16352, -0.803886>,
	rgb lum * cpy_direct_light_amount
	parallel
}

light_source
{	1000 * <1, 1.16352, 0.803886>,
	rgb lum * cpy_direct_light_amount
	parallel
}

// strand 0

// nucleotide -1

// particle -1
sphere {
	<24.133425, 34.506935, 34.690029> 0.250000
	pigment { color rgbt <1,0,0,0> }
	no_shadow
}
cylinder {
	<24.059986, 34.755280, 34.994877>,  <24.015923, 34.904285, 35.177784>, 0.100000
	pigment { color rgbt <1,0,0,0> }
	no_shadow
}
cylinder {
	<24.059986, 34.755280, 34.994877>,  <24.133425, 34.506935, 34.690029>, 0.100000
	pigment { color rgbt <1,0,0,0> }
	no_shadow
}

// particle -1
sphere {
	<24.059986, 34.755280, 34.994877> 0.100000
	pigment { color rgbt <1,0,0,0> }
	no_shadow
}
sphere {
	0, 1
	scale<0.080000,0.200000,0.300000>
	matrix <0.924507, -0.154395, 0.348495,
		0.334034, 0.768566, -0.545644,
		-0.183597, 0.620861, 0.762118,
		24.004908, 34.941536, 35.223511>
	pigment { color rgbt <0,1,1,0> }
	no_shadow
}
cylinder {
	<24.811985, 34.290257, 35.006336>,  <24.133425, 34.506935, 34.690029>, 0.130000
	pigment { color rgbt <1,0,0,0> }
	no_shadow
}

// nucleotide -1

// particle -1
sphere {
	<24.811985, 34.290257, 35.006336> 0.250000
	pigment { color rgbt <1,0,0,0> }
	no_shadow
}
cylinder {
	<25.100103, 34.026489, 34.920231>,  <25.272974, 33.868229, 34.868568>, 0.100000
	pigment { color rgbt <1,0,0,0> }
	no_shadow
}
cylinder {
	<25.100103, 34.026489, 34.920231>,  <24.811985, 34.290257, 35.006336>, 0.100000
	pigment { color rgbt <1,0,0,0> }
	no_shadow
}

// particle -1
sphere {
	<25.100103, 34.026489, 34.920231> 0.100000
	pigment { color rgbt <1,0,0,0> }
	no_shadow
}
sphere {
	0, 1
	scale<0.080000,0.200000,0.300000>
	matrix <0.140955, 0.442997, -0.885373,
		0.679196, 0.607386, 0.412037,
		0.720294, -0.659421, -0.215268,
		25.316193, 33.828663, 34.855652>
	pigment { color rgbt <0,1,1,0> }
	no_shadow
}
cylinder {
	<25.492552, 34.707241, 34.762791>,  <24.811985, 34.290257, 35.006336>, 0.130000
	pigment { color rgbt <1,0,0,0> }
	no_shadow
}

// nucleotide -1

// particle -1
sphere {
	<25.492552, 34.707241, 34.762791> 0.250000
	pigment { color rgbt <1,0,0,0> }
	no_shadow
}
cylinder {
	<25.449976, 34.340576, 34.608704>,  <25.424431, 34.120575, 34.516251>, 0.100000
	pigment { color rgbt <1,0,0,0> }
	no_shadow
}
cylinder {
	<25.449976, 34.340576, 34.608704>,  <25.492552, 34.707241, 34.762791>, 0.100000
	pigment { color rgbt <1,0,0,0> }
	no_shadow
}

// particle -1
sphere {
	<25.449976, 34.340576, 34.608704> 0.100000
	pigment { color rgbt <1,0,0,0> }
	no_shadow
}
sphere {
	0, 1
	scale<0.080000,0.200000,0.300000>
	matrix <0.286927, 0.342623, -0.894584,
		0.952020, -0.205750, 0.226547,
		-0.106441, -0.916666, -0.385220,
		25.418043, 34.065575, 34.493137>
	pigment { color rgbt <0,1,1,0> }
	no_shadow
}
cylinder {
	<26.179056, 34.499786, 34.444042>,  <25.492552, 34.707241, 34.762791>, 0.130000
	pigment { color rgbt <1,0,0,0> }
	no_shadow
}

// nucleotide -1

// particle -1
sphere {
	<26.179056, 34.499786, 34.444042> 0.250000
	pigment { color rgbt <1,0,0,0> }
	no_shadow
}
cylinder {
	<25.911949, 34.255714, 34.273510>,  <25.751684, 34.109272, 34.171188>, 0.100000
	pigment { color rgbt <1,0,0,0> }
	no_shadow
}
cylinder {
	<25.911949, 34.255714, 34.273510>,  <26.179056, 34.499786, 34.444042>, 0.100000
	pigment { color rgbt <1,0,0,0> }
	no_shadow
}

// particle -1
sphere {
	<25.911949, 34.255714, 34.273510> 0.100000
	pigment { color rgbt <1,0,0,0> }
	no_shadow
}
sphere {
	0, 1
	scale<0.080000,0.200000,0.300000>
	matrix <0.375846, 0.217988, -0.900678,
		0.642515, -0.761680, 0.083769,
		-0.667768, -0.610184, -0.426335,
		25.711618, 34.072659, 34.145611>
	pigment { color rgbt <0,1,1,0> }
	no_shadow
}
cylinder {
	<26.575542, 34.093338, 33.902691>,  <26.179056, 34.499786, 34.444042>, 0.130000
	pigment { color rgbt <1,0,0,0> }
	no_shadow
}

// nucleotide -1

// particle -1
sphere {
	<26.575542, 34.093338, 33.902691> 0.250000
	pigment { color rgbt <1,0,0,0> }
	no_shadow
}
cylinder {
	<26.197464, 34.081028, 33.772675>,  <25.970615, 34.073643, 33.694664>, 0.100000
	pigment { color rgbt <1,0,0,0> }
	no_shadow
}
cylinder {
	<26.197464, 34.081028, 33.772675>,  <26.575542, 34.093338, 33.902691>, 0.100000
	pigment { color rgbt <1,0,0,0> }
	no_shadow
}

// particle -1
sphere {
	<26.197464, 34.081028, 33.772675> 0.100000
	pigment { color rgbt <1,0,0,0> }
	no_shadow
}
sphere {
	0, 1
	scale<0.080000,0.200000,0.300000>
	matrix <0.315537, 0.169681, -0.933619,
		0.083881, -0.985019, -0.150673,
		-0.945199, -0.030770, -0.325043,
		25.913904, 34.071796, 33.675163>
	pigment { color rgbt <0,1,1,0> }
	no_shadow
}
cylinder {
	<26.533798, 33.608589, 33.281696>,  <26.575542, 34.093338, 33.902691>, 0.130000
	pigment { color rgbt <1,0,0,0> }
	no_shadow
}

// nucleotide -1

// particle -1
sphere {
	<26.533798, 33.608589, 33.281696> 0.250000
	pigment { color rgbt <1,0,0,0> }
	no_shadow
}
cylinder {
	<26.286240, 33.922318, 33.264687>,  <26.137703, 34.110554, 33.254482>, 0.100000
	pigment { color rgbt <1,0,0,0> }
	no_shadow
}
cylinder {
	<26.286240, 33.922318, 33.264687>,  <26.533798, 33.608589, 33.281696>, 0.100000
	pigment { color rgbt <1,0,0,0> }
	no_shadow
}

// particle -1
sphere {
	<26.286240, 33.922318, 33.264687> 0.100000
	pigment { color rgbt <1,0,0,0> }
	no_shadow
}
sphere {
	0, 1
	scale<0.080000,0.200000,0.300000>
	matrix <0.380910, 0.252348, -0.889510,
		-0.686929, -0.566714, -0.454933,
		-0.618899, 0.784319, -0.042522,
		26.100571, 34.157612, 33.251930>
	pigment { color rgbt <0,1,1,0> }
	no_shadow
}
cylinder {
	<26.196459, 33.669743, 32.638474>,  <26.533798, 33.608589, 33.281696>, 0.130000
	pigment { color rgbt <1,0,0,0> }
	no_shadow
}

// nucleotide -1

// particle -1
sphere {
	<26.196459, 33.669743, 32.638474> 0.250000
	pigment { color rgbt <1,0,0,0> }
	no_shadow
}
cylinder {
	<26.181980, 34.045334, 32.775307>,  <26.173292, 34.270687, 32.857407>, 0.100000
	pigment { color rgbt <1,0,0,0> }
	no_shadow
}
cylinder {
	<26.181980, 34.045334, 32.775307>,  <26.196459, 33.669743, 32.638474>, 0.100000
	pigment { color rgbt <1,0,0,0> }
	no_shadow
}

// particle -1
sphere {
	<26.181980, 34.045334, 32.775307> 0.100000
	pigment { color rgbt <1,0,0,0> }
	no_shadow
}
sphere {
	0, 1
	scale<0.080000,0.200000,0.300000>
	matrix <0.340071, 0.333448, -0.879297,
		-0.939703, 0.084503, -0.331388,
		-0.036198, 0.938974, 0.342079,
		26.171122, 34.327026, 32.877930>
	pigment { color rgbt <0,1,1,0> }
	no_shadow
}
cylinder {
	<25.951677, 34.134251, 32.084709>,  <26.196459, 33.669743, 32.638474>, 0.130000
	pigment { color rgbt <1,0,0,0> }
	no_shadow
}

// nucleotide -1

// particle -1
sphere {
	<25.951677, 34.134251, 32.084709> 0.250000
	pigment { color rgbt <1,0,0,0> }
	no_shadow
}
cylinder {
	<26.189850, 34.309708, 32.353947>,  <26.332754, 34.414982, 32.515488>, 0.100000
	pigment { color rgbt <1,0,0,0> }
	no_shadow
}
cylinder {
	<26.189850, 34.309708, 32.353947>,  <25.951677, 34.134251, 32.084709>, 0.100000
	pigment { color rgbt <1,0,0,0> }
	no_shadow
}

// particle -1
sphere {
	<26.189850, 34.309708, 32.353947> 0.100000
	pigment { color rgbt <1,0,0,0> }
	no_shadow
}
sphere {
	0, 1
	scale<0.080000,0.200000,0.300000>
	matrix <0.441891, 0.520878, -0.730355,
		-0.670965, 0.732310, 0.116315,
		0.595432, 0.438643, 0.673092,
		26.368479, 34.441299, 32.555874>
	pigment { color rgbt <0,1,1,0> }
	no_shadow
}
cylinder {
	<26.016045, 34.890644, 31.958551>,  <25.951677, 34.134251, 32.084709>, 0.130000
	pigment { color rgbt <1,0,0,0> }
	no_shadow
}

// nucleotide -1

// particle -1
sphere {
	<26.016045, 34.890644, 31.958551> 0.250000
	pigment { color rgbt <1,0,0,0> }
	no_shadow
}
cylinder {
	<26.342354, 34.773579, 32.158096>,  <26.538139, 34.703339, 32.277824>, 0.100000
	pigment { color rgbt <1,0,0,0> }
	no_shadow
}
cylinder {
	<26.342354, 34.773579, 32.158096>,  <26.016045, 34.890644, 31.958551>, 0.100000
	pigment { color rgbt <1,0,0,0> }
	no_shadow
}

// particle -1
sphere {
	<26.342354, 34.773579, 32.158096> 0.100000
	pigment { color rgbt <1,0,0,0> }
	no_shadow
}
sphere {
	0, 1
	scale<0.080000,0.200000,0.300000>
	matrix <0.576071, 0.488034, -0.655717,
		-0.051558, 0.822296, 0.566719,
		0.815772, -0.292663, 0.498863,
		26.587086, 34.685780, 32.307755>
	pigment { color rgbt <0,1,1,0> }
	no_shadow
}
cylinder {
	<26.508614, 35.439945, 32.161247>,  <26.016045, 34.890644, 31.958551>, 0.130000
	pigment { color rgbt <1,0,0,0> }
	no_shadow
}

// nucleotide -1

// particle -1
sphere {
	<26.508614, 35.439945, 32.161247> 0.250000
	pigment { color rgbt <1,0,0,0> }
	no_shadow
}
cylinder {
	<26.774004, 35.140690, 32.157631>,  <26.933239, 34.961136, 32.155460>, 0.100000
	pigment { color rgbt <1,0,0,0> }
	no_shadow
}
cylinder {
	<26.774004, 35.140690, 32.157631>,  <26.508614, 35.439945, 32.161247>, 0.100000
	pigment { color rgbt <1,0,0,0> }
	no_shadow
}

// particle -1
sphere {
	<26.774004, 35.140690, 32.157631> 0.100000
	pigment { color rgbt <1,0,0,0> }
	no_shadow
}
sphere {
	0, 1
	scale<0.080000,0.200000,0.300000>
	matrix <0.559938, 0.504510, -0.657222,
		0.496255, 0.430990, 0.753643,
		0.663476, -0.748143, -0.009038,
		26.973047, 34.916248, 32.154919>
	pigment { color rgbt <0,1,1,0> }
	no_shadow
}
cylinder {
	<27.293411, 35.654629, 32.154453>,  <26.508614, 35.439945, 32.161247>, 0.130000
	pigment { color rgbt <1,0,0,0> }
	no_shadow
}

// nucleotide -1

// particle -1
sphere {
	<27.293411, 35.654629, 32.154453> 0.250000
	pigment { color rgbt <1,0,0,0> }
	no_shadow
}
cylinder {
	<27.316805, 35.297153, 31.976511>,  <27.330841, 35.082668, 31.869745>, 0.100000
	pigment { color rgbt <1,0,0,0> }
	no_shadow
}
cylinder {
	<27.316805, 35.297153, 31.976511>,  <27.293411, 35.654629, 32.154453>, 0.100000
	pigment { color rgbt <1,0,0,0> }
	no_shadow
}

// particle -1
sphere {
	<27.316805, 35.297153, 31.976511> 0.100000
	pigment { color rgbt <1,0,0,0> }
	no_shadow
}
sphere {
	0, 1
	scale<0.080000,0.200000,0.300000>
	matrix <0.556230, 0.399210, -0.728862,
		0.828968, -0.204814, 0.520446,
		0.058486, -0.893691, -0.444855,
		27.334351, 35.029045, 31.843054>
	pigment { color rgbt <0,1,1,0> }
	no_shadow
}
cylinder {
	<28.016817, 35.272583, 32.155430>,  <27.293411, 35.654629, 32.154453>, 0.130000
	pigment { color rgbt <1,0,0,0> }
	no_shadow
}

// nucleotide -1

// particle -1
sphere {
	<28.016817, 35.272583, 32.155430> 0.250000
	pigment { color rgbt <1,0,0,0> }
	no_shadow
}
cylinder {
	<27.748413, 35.272228, 31.858852>,  <27.587370, 35.272015, 31.680904>, 0.100000
	pigment { color rgbt <1,0,0,0> }
	no_shadow
}
cylinder {
	<27.748413, 35.272228, 31.858852>,  <28.016817, 35.272583, 32.155430>, 0.100000
	pigment { color rgbt <1,0,0,0> }
	no_shadow
}

// particle -1
sphere {
	<27.748413, 35.272228, 31.858852> 0.100000
	pigment { color rgbt <1,0,0,0> }
	no_shadow
}
sphere {
	0, 1
	scale<0.080000,0.200000,0.300000>
	matrix <0.648677, 0.483638, -0.587632,
		0.359110, -0.875267, -0.323955,
		-0.671012, -0.000882, -0.741446,
		27.547110, 35.271965, 31.636419>
	pigment { color rgbt <0,1,1,0> }
	no_shadow
}
cylinder {
	<28.520653, 35.405083, 31.462444>,  <28.016817, 35.272583, 32.155430>, 0.130000
	pigment { color rgbt <1,0,0,0> }
	no_shadow
}

// nucleotide -1

// particle -1
sphere {
	<28.520653, 35.405083, 31.462444> 0.250000
	pigment { color rgbt <1,0,0,0> }
	no_shadow
}
cylinder {
	<28.224009, 35.659264, 31.376448>,  <28.046022, 35.811771, 31.324850>, 0.100000
	pigment { color rgbt <1,0,0,0> }
	no_shadow
}
cylinder {
	<28.224009, 35.659264, 31.376448>,  <28.520653, 35.405083, 31.462444>, 0.100000
	pigment { color rgbt <1,0,0,0> }
	no_shadow
}

// particle -1
sphere {
	<28.224009, 35.659264, 31.376448> 0.100000
	pigment { color rgbt <1,0,0,0> }
	no_shadow
}
sphere {
	0, 1
	scale<0.080000,0.200000,0.300000>
	matrix <-0.460457, -0.715253, -0.525731,
		-0.487848, -0.290892, 0.823035,
		-0.741608, 0.635449, -0.214992,
		28.001526, 35.849899, 31.311951>
	pigment { color rgbt <0,1,1,0> }
	no_shadow
}
cylinder {
	<28.576872, 34.974613, 30.977043>,  <28.520653, 35.405083, 31.462444>, 0.130000
	pigment { color rgbt <1,0,0,0> }
	no_shadow
}

// nucleotide -1

// particle -1
sphere {
	<28.576872, 34.974613, 30.977043> 0.250000
	pigment { color rgbt <1,0,0,0> }
	no_shadow
}
cylinder {
	<28.539207, 34.593506, 31.092541>,  <28.516609, 34.364841, 31.161840>, 0.100000
	pigment { color rgbt <1,0,0,0> }
	no_shadow
}
cylinder {
	<28.539207, 34.593506, 31.092541>,  <28.576872, 34.974613, 30.977043>, 0.100000
	pigment { color rgbt <1,0,0,0> }
	no_shadow
}

// particle -1
sphere {
	<28.539207, 34.593506, 31.092541> 0.100000
	pigment { color rgbt <1,0,0,0> }
	no_shadow
}
sphere {
	0, 1
	scale<0.080000,0.200000,0.300000>
	matrix <-0.662850, 0.276398, 0.695869,
		-0.742808, -0.125873, -0.657565,
		-0.094159, -0.952765, 0.288746,
		28.510960, 34.307678, 31.179165>
	pigment { color rgbt <0,1,1,0> }
	no_shadow
}
cylinder {
	<27.826872, 34.921001, 31.018106>,  <28.576872, 34.974613, 30.977043>, 0.130000
	pigment { color rgbt <1,0,0,0> }
	no_shadow
}

// nucleotide -1

// particle -1
sphere {
	<27.826872, 34.921001, 31.018106> 0.250000
	pigment { color rgbt <1,0,0,0> }
	no_shadow
}
cylinder {
	<28.028210, 34.672264, 31.258091>,  <28.149012, 34.523022, 31.402082>, 0.100000
	pigment { color rgbt <1,0,0,0> }
	no_shadow
}
cylinder {
	<28.028210, 34.672264, 31.258091>,  <27.826872, 34.921001, 31.018106>, 0.100000
	pigment { color rgbt <1,0,0,0> }
	no_shadow
}

// particle -1
sphere {
	<28.028210, 34.672264, 31.258091> 0.100000
	pigment { color rgbt <1,0,0,0> }
	no_shadow
}
sphere {
	0, 1
	scale<0.080000,0.200000,0.300000>
	matrix <-0.737997, 0.051778, 0.672815,
		-0.449451, -0.781427, -0.432857,
		0.503343, -0.621844, 0.599963,
		28.179213, 34.485710, 31.438080>
	pigment { color rgbt <0,1,1,0> }
	no_shadow
}
cylinder {
	<27.332205, 34.363659, 31.185452>,  <27.826872, 34.921001, 31.018106>, 0.130000
	pigment { color rgbt <1,0,0,0> }
	no_shadow
}

// nucleotide -1

// particle -1
sphere {
	<27.332205, 34.363659, 31.185452> 0.250000
	pigment { color rgbt <1,0,0,0> }
	no_shadow
}
cylinder {
	<27.596987, 34.451801, 31.472019>,  <27.755856, 34.504688, 31.643959>, 0.100000
	pigment { color rgbt <1,0,0,0> }
	no_shadow
}
cylinder {
	<27.596987, 34.451801, 31.472019>,  <27.332205, 34.363659, 31.185452>, 0.100000
	pigment { color rgbt <1,0,0,0> }
	no_shadow
}

// particle -1
sphere {
	<27.596987, 34.451801, 31.472019> 0.100000
	pigment { color rgbt <1,0,0,0> }
	no_shadow
}
sphere {
	0, 1
	scale<0.080000,0.200000,0.300000>
	matrix <-0.745104, 0.089609, 0.660901,
		0.081417, -0.971301, 0.223484,
		0.661961, 0.220327, 0.716425,
		27.795574, 34.517910, 31.686945>
	pigment { color rgbt <0,1,1,0> }
	no_shadow
}
cylinder {
	<27.381979, 33.872063, 31.733696>,  <27.332205, 34.363659, 31.185452>, 0.130000
	pigment { color rgbt <1,0,0,0> }
	no_shadow
}

// nucleotide -1

// particle -1
sphere {
	<27.381979, 33.872063, 31.733696> 0.250000
	pigment { color rgbt <1,0,0,0> }
	no_shadow
}
cylinder {
	<27.470379, 34.231079, 31.886314>,  <27.523418, 34.446491, 31.977884>, 0.100000
	pigment { color rgbt <1,0,0,0> }
	no_shadow
}
cylinder {
	<27.470379, 34.231079, 31.886314>,  <27.381979, 33.872063, 31.733696>, 0.100000
	pigment { color rgbt <1,0,0,0> }
	no_shadow
}

// particle -1
sphere {
	<27.470379, 34.231079, 31.886314> 0.100000
	pigment { color rgbt <1,0,0,0> }
	no_shadow
}
sphere {
	0, 1
	scale<0.080000,0.200000,0.300000>
	matrix <-0.729977, -0.107207, 0.675012,
		0.646756, -0.427695, 0.631493,
		0.220998, 0.897543, 0.381544,
		27.536678, 34.500343, 32.000778>
	pigment { color rgbt <0,1,1,0> }
	no_shadow
}
cylinder {
	<27.594072, 33.897667, 32.514923>,  <27.381979, 33.872063, 31.733696>, 0.130000
	pigment { color rgbt <1,0,0,0> }
	no_shadow
}

// nucleotide -1

// particle -1
sphere {
	<27.594072, 33.897667, 32.514923> 0.250000
	pigment { color rgbt <1,0,0,0> }
	no_shadow
}
cylinder {
	<27.435390, 34.249771, 32.410797>,  <27.340181, 34.461033, 32.348320>, 0.100000
	pigment { color rgbt <1,0,0,0> }
	no_shadow
}
cylinder {
	<27.435390, 34.249771, 32.410797>,  <27.594072, 33.897667, 32.514923>, 0.100000
	pigment { color rgbt <1,0,0,0> }
	no_shadow
}

// particle -1
sphere {
	<27.435390, 34.249771, 32.410797> 0.100000
	pigment { color rgbt <1,0,0,0> }
	no_shadow
}
sphere {
	0, 1
	scale<0.080000,0.200000,0.300000>
	matrix <-0.670139, -0.083920, 0.737476,
		0.627327, 0.467007, 0.623190,
		-0.396704, 0.880262, -0.260314,
		27.316380, 34.513851, 32.332703>
	pigment { color rgbt <0,1,1,0> }
	no_shadow
}
cylinder {
	<27.581106, 34.366661, 33.091465>,  <27.594072, 33.897667, 32.514923>, 0.130000
	pigment { color rgbt <1,0,0,0> }
	no_shadow
}

// nucleotide -1

// particle -1
sphere {
	<27.581106, 34.366661, 33.091465> 0.250000
	pigment { color rgbt <1,0,0,0> }
	no_shadow
}
cylinder {
	<27.285543, 34.473080, 32.843842>,  <27.108206, 34.536930, 32.695267>, 0.100000
	pigment { color rgbt <1,0,0,0> }
	no_shadow
}
cylinder {
	<27.285543, 34.473080, 32.843842>,  <27.581106, 34.366661, 33.091465>, 0.100000
	pigment { color rgbt <1,0,0,0> }
	no_shadow
}

// particle -1
sphere {
	<27.285543, 34.473080, 32.843842> 0.100000
	pigment { color rgbt <1,0,0,0> }
	no_shadow
}
sphere {
	0, 1
	scale<0.080000,0.200000,0.300000>
	matrix <-0.646148, -0.019228, 0.762970,
		0.191082, 0.963768, 0.186113,
		-0.738905, 0.266046, -0.619063,
		27.063871, 34.552895, 32.658123>
	pigment { color rgbt <0,1,1,0> }
	no_shadow
}
cylinder {
	<27.233713, 34.923409, 33.372581>,  <27.581106, 34.366661, 33.091465>, 0.130000
	pigment { color rgbt <1,0,0,0> }
	no_shadow
}

// nucleotide -1

// particle -1
sphere {
	<27.233713, 34.923409, 33.372581> 0.250000
	pigment { color rgbt <1,0,0,0> }
	no_shadow
}
cylinder {
	<26.973507, 34.732700, 33.136101>,  <26.817383, 34.618275, 32.994213>, 0.100000
	pigment { color rgbt <1,0,0,0> }
	no_shadow
}
cylinder {
	<26.973507, 34.732700, 33.136101>,  <27.233713, 34.923409, 33.372581>, 0.100000
	pigment { color rgbt <1,0,0,0> }
	no_shadow
}

// particle -1
sphere {
	<26.973507, 34.732700, 33.136101> 0.100000
	pigment { color rgbt <1,0,0,0> }
	no_shadow
}
sphere {
	0, 1
	scale<0.080000,0.200000,0.300000>
	matrix <-0.659511, -0.031447, 0.751037,
		-0.376665, 0.878465, -0.293979,
		-0.650515, -0.476771, -0.591202,
		26.778353, 34.589668, 32.958740>
	pigment { color rgbt <0,1,1,0> }
	no_shadow
}
cylinder {
	<26.607771, 35.192303, 33.609734>,  <27.233713, 34.923409, 33.372581>, 0.130000
	pigment { color rgbt <1,0,0,0> }
	no_shadow
}

// nucleotide -1

// particle -1
sphere {
	<26.607771, 35.192303, 33.609734> 0.250000
	pigment { color rgbt <1,0,0,0> }
	no_shadow
}
cylinder {
	<26.572107, 34.835979, 33.431515>,  <26.550709, 34.622185, 33.324585>, 0.100000
	pigment { color rgbt <1,0,0,0> }
	no_shadow
}
cylinder {
	<26.572107, 34.835979, 33.431515>,  <26.607771, 35.192303, 33.609734>, 0.100000
	pigment { color rgbt <1,0,0,0> }
	no_shadow
}

// particle -1
sphere {
	<26.572107, 34.835979, 33.431515> 0.100000
	pigment { color rgbt <1,0,0,0> }
	no_shadow
}
sphere {
	0, 1
	scale<0.080000,0.200000,0.300000>
	matrix <-0.662786, -0.280846, 0.694147,
		-0.743482, 0.357187, -0.565377,
		-0.089157, -0.890810, -0.445543,
		26.545361, 34.568737, 33.297852>
	pigment { color rgbt <0,1,1,0> }
	no_shadow
}
cylinder {
	<26.076067, 35.583160, 33.291622>,  <26.607771, 35.192303, 33.609734>, 0.130000
	pigment { color rgbt <1,0,0,0> }
	no_shadow
}

// nucleotide -1

// particle -1
sphere {
	<26.076067, 35.583160, 33.291622> 0.250000
	pigment { color rgbt <1,0,0,0> }
	no_shadow
}
cylinder {
	<26.069195, 35.208923, 33.150558>,  <26.065071, 34.984383, 33.065918>, 0.100000
	pigment { color rgbt <1,0,0,0> }
	no_shadow
}
cylinder {
	<26.069195, 35.208923, 33.150558>,  <26.076067, 35.583160, 33.291622>, 0.100000
	pigment { color rgbt <1,0,0,0> }
	no_shadow
}

// particle -1
sphere {
	<26.069195, 35.208923, 33.150558> 0.100000
	pigment { color rgbt <1,0,0,0> }
	no_shadow
}
sphere {
	0, 1
	scale<0.080000,0.200000,0.300000>
	matrix <-0.571166, -0.280316, 0.771487,
		-0.820655, 0.214682, -0.529563,
		-0.017179, -0.935593, -0.352662,
		26.064041, 34.928246, 33.044762>
	pigment { color rgbt <0,1,1,0> }
	no_shadow
}
cylinder {
	<25.378185, 35.230385, 33.402710>,  <26.076067, 35.583160, 33.291622>, 0.130000
	pigment { color rgbt <1,0,0,0> }
	no_shadow
}

// nucleotide -1

// particle -1
sphere {
	<25.378185, 35.230385, 33.402710> 0.250000
	pigment { color rgbt <1,0,0,0> }
	no_shadow
}
cylinder {
	<25.584633, 34.896896, 33.324192>,  <25.708502, 34.696804, 33.277081>, 0.100000
	pigment { color rgbt <1,0,0,0> }
	no_shadow
}
cylinder {
	<25.584633, 34.896896, 33.324192>,  <25.378185, 35.230385, 33.402710>, 0.100000
	pigment { color rgbt <1,0,0,0> }
	no_shadow
}

// particle -1
sphere {
	<25.584633, 34.896896, 33.324192> 0.100000
	pigment { color rgbt <1,0,0,0> }
	no_shadow
}
sphere {
	0, 1
	scale<0.080000,0.200000,0.300000>
	matrix <-0.600275, -0.515561, 0.611447,
		-0.610977, -0.197749, -0.766552,
		0.516118, -0.833722, -0.196292,
		25.739468, 34.646778, 33.265305>
	pigment { color rgbt <0,1,1,0> }
	no_shadow
}
cylinder {
	<24.905178, 34.713951, 33.314987>,  <25.378185, 35.230385, 33.402710>, 0.130000
	pigment { color rgbt <1,0,0,0> }
	no_shadow
}

// nucleotide -1

// particle -1
sphere {
	<24.905178, 34.713951, 33.314987> 0.250000
	pigment { color rgbt <1,0,0,0> }
	no_shadow
}
cylinder {
	<25.258905, 34.544117, 33.392662>,  <25.471142, 34.442219, 33.439266>, 0.100000
	pigment { color rgbt <1,0,0,0> }
	no_shadow
}
cylinder {
	<25.258905, 34.544117, 33.392662>,  <24.905178, 34.713951, 33.314987>, 0.100000
	pigment { color rgbt <1,0,0,0> }
	no_shadow
}

// particle -1
sphere {
	<25.258905, 34.544117, 33.392662> 0.100000
	pigment { color rgbt <1,0,0,0> }
	no_shadow
}
sphere {
	0, 1
	scale<0.080000,0.200000,0.300000>
	matrix <-0.418642, -0.536976, 0.732390,
		-0.206683, -0.728963, -0.652606,
		0.884320, -0.424581, 0.194191,
		25.524200, 34.416744, 33.450920>
	pigment { color rgbt <0,1,1,0> }
	no_shadow
}
cylinder {
	<24.629070, 34.118183, 33.358646>,  <24.905178, 34.713951, 33.314987>, 0.130000
	pigment { color rgbt <1,0,0,0> }
	no_shadow
}

// nucleotide -1

// particle -1
sphere {
	<24.629070, 34.118183, 33.358646> 0.250000
	pigment { color rgbt <1,0,0,0> }
	no_shadow
}
cylinder {
	<25.013266, 34.088371, 33.465908>,  <25.243782, 34.070484, 33.530266>, 0.100000
	pigment { color rgbt <1,0,0,0> }
	no_shadow
}
cylinder {
	<25.013266, 34.088371, 33.465908>,  <24.629070, 34.118183, 33.358646>, 0.100000
	pigment { color rgbt <1,0,0,0> }
	no_shadow
}

// particle -1
sphere {
	<25.013266, 34.088371, 33.465908> 0.100000
	pigment { color rgbt <1,0,0,0> }
	no_shadow
}
sphere {
	0, 1
	scale<0.080000,0.200000,0.300000>
	matrix <-0.262250, -0.564988, 0.782313,
		0.093202, -0.821727, -0.562209,
		0.960488, -0.074526, 0.268156,
		25.301413, 34.066013, 33.546356>
	pigment { color rgbt <0,1,1,0> }
	no_shadow
}
cylinder {
	<24.822660, 33.377666, 33.517799>,  <24.629070, 34.118183, 33.358646>, 0.130000
	pigment { color rgbt <1,0,0,0> }
	no_shadow
}

// nucleotide -1

// particle -1
sphere {
	<24.822660, 33.377666, 33.517799> 0.250000
	pigment { color rgbt <1,0,0,0> }
	no_shadow
}
cylinder {
	<25.093630, 33.599785, 33.710773>,  <25.256212, 33.733055, 33.826557>, 0.100000
	pigment { color rgbt <1,0,0,0> }
	no_shadow
}
cylinder {
	<25.093630, 33.599785, 33.710773>,  <24.822660, 33.377666, 33.517799>, 0.100000
	pigment { color rgbt <1,0,0,0> }
	no_shadow
}

// particle -1
sphere {
	<25.093630, 33.599785, 33.710773> 0.100000
	pigment { color rgbt <1,0,0,0> }
	no_shadow
}
sphere {
	0, 1
	scale<0.080000,0.200000,0.300000>
	matrix <-0.206665, -0.485752, 0.849314,
		0.705966, -0.675047, -0.214298,
		0.677422, 0.555299, 0.482433,
		25.296856, 33.766373, 33.855503>
	pigment { color rgbt <0,1,1,0> }
	no_shadow
}
cylinder {
	<25.352495, 32.911633, 33.872452>,  <24.822660, 33.377666, 33.517799>, 0.130000
	pigment { color rgbt <1,0,0,0> }
	no_shadow
}

// nucleotide -1

// particle -1
sphere {
	<25.352495, 32.911633, 33.872452> 0.250000
	pigment { color rgbt <1,0,0,0> }
	no_shadow
}
cylinder {
	<25.325510, 33.254177, 34.077232>,  <25.309319, 33.459702, 34.200100>, 0.100000
	pigment { color rgbt <1,0,0,0> }
	no_shadow
}
cylinder {
	<25.325510, 33.254177, 34.077232>,  <25.352495, 32.911633, 33.872452>, 0.100000
	pigment { color rgbt <1,0,0,0> }
	no_shadow
}

// particle -1
sphere {
	<25.325510, 33.254177, 34.077232> 0.100000
	pigment { color rgbt <1,0,0,0> }
	no_shadow
}
sphere {
	0, 1
	scale<0.080000,0.200000,0.300000>
	matrix <-0.076434, -0.516052, 0.853140,
		0.994790, 0.018425, 0.100270,
		-0.067464, 0.856359, 0.511955,
		25.305271, 33.511086, 34.230820>
	pigment { color rgbt <0,1,1,0> }
	no_shadow
}
cylinder {
	<25.898745, 32.945095, 34.401550>,  <25.352495, 32.911633, 33.872452>, 0.130000
	pigment { color rgbt <1,0,0,0> }
	no_shadow
}

// nucleotide -1

// particle -1
sphere {
	<25.898745, 32.945095, 34.401550> 0.250000
	pigment { color rgbt <1,0,0,0> }
	no_shadow
}
cylinder {
	<25.574844, 33.159916, 34.496113>,  <25.380505, 33.288807, 34.552849>, 0.100000
	pigment { color rgbt <1,0,0,0> }
	no_shadow
}
cylinder {
	<25.574844, 33.159916, 34.496113>,  <25.898745, 32.945095, 34.401550>, 0.100000
	pigment { color rgbt <1,0,0,0> }
	no_shadow
}

// particle -1
sphere {
	<25.574844, 33.159916, 34.496113> 0.100000
	pigment { color rgbt <1,0,0,0> }
	no_shadow
}
sphere {
	0, 1
	scale<0.080000,0.200000,0.300000>
	matrix <-0.130397, -0.557510, 0.819866,
		0.572105, 0.633059, 0.521472,
		-0.809749, 0.537048, 0.236405,
		25.331921, 33.321030, 34.567036>
	pigment { color rgbt <0,1,1,0> }
	no_shadow
}
cylinder {
	<26.624418, 32.927719, 34.144386>,  <25.898745, 32.945095, 34.401550>, 0.130000
	pigment { color rgbt <1,0,0,0> }
	no_shadow
}

// nucleotide -1

// particle -1
sphere {
	<26.624418, 32.927719, 34.144386> 0.250000
	pigment { color rgbt <1,0,0,0> }
	no_shadow
}
cylinder {
	<26.922598, 33.189999, 34.096439>,  <27.101505, 33.347366, 34.067673>, 0.100000
	pigment { color rgbt <1,0,0,0> }
	no_shadow
}
cylinder {
	<26.922598, 33.189999, 34.096439>,  <26.624418, 32.927719, 34.144386>, 0.100000
	pigment { color rgbt <1,0,0,0> }
	no_shadow
}

// particle -1
sphere {
	<26.922598, 33.189999, 34.096439> 0.100000
	pigment { color rgbt <1,0,0,0> }
	no_shadow
}
sphere {
	0, 1
	scale<0.080000,0.200000,0.300000>
	matrix <0.002521, -0.182602, -0.983184,
		-0.666560, 0.732609, -0.137773,
		0.745447, 0.655698, -0.119869,
		27.146233, 33.386707, 34.060478>
	pigment { color rgbt <0,1,1,0> }
	no_shadow
}
cylinder {
	<27.068901, 32.969875, 33.528164>,  <26.624418, 32.927719, 34.144386>, 0.130000
	pigment { color rgbt <1,0,0,0> }
	no_shadow
}

// nucleotide -1

// particle -1
sphere {
	<27.068901, 32.969875, 33.528164> 0.250000
	pigment { color rgbt <1,0,0,0> }
	no_shadow
}
cylinder {
	<26.899025, 32.618263, 33.614834>,  <26.797098, 32.407295, 33.666836>, 0.100000
	pigment { color rgbt <1,0,0,0> }
	no_shadow
}
cylinder {
	<26.899025, 32.618263, 33.614834>,  <27.068901, 32.969875, 33.528164>, 0.100000
	pigment { color rgbt <1,0,0,0> }
	no_shadow
}

// particle -1
sphere {
	<26.899025, 32.618263, 33.614834> 0.100000
	pigment { color rgbt <1,0,0,0> }
	no_shadow
}
sphere {
	0, 1
	scale<0.080000,0.200000,0.300000>
	matrix <0.012571, -0.245032, -0.969433,
		0.905251, -0.408986, 0.115113,
		-0.424691, -0.879028, 0.216674,
		26.771618, 32.354553, 33.679836>
	pigment { color rgbt <0,1,1,0> }
	no_shadow
}
cylinder {
	<27.521585, 32.449120, 33.297684>,  <27.068901, 32.969875, 33.528164>, 0.130000
	pigment { color rgbt <1,0,0,0> }
	no_shadow
}

// nucleotide -1

// particle -1
sphere {
	<27.521585, 32.449120, 33.297684> 0.250000
	pigment { color rgbt <1,0,0,0> }
	no_shadow
}
cylinder {
	<27.147738, 32.306889, 33.294712>,  <26.923429, 32.221550, 33.292927>, 0.100000
	pigment { color rgbt <1,0,0,0> }
	no_shadow
}
cylinder {
	<27.147738, 32.306889, 33.294712>,  <27.521585, 32.449120, 33.297684>, 0.100000
	pigment { color rgbt <1,0,0,0> }
	no_shadow
}

// particle -1
sphere {
	<27.147738, 32.306889, 33.294712> 0.100000
	pigment { color rgbt <1,0,0,0> }
	no_shadow
}
sphere {
	0, 1
	scale<0.080000,0.200000,0.300000>
	matrix <0.143136, -0.356936, -0.923097,
		0.325578, -0.863807, 0.384495,
		-0.934618, -0.355575, -0.007431,
		26.867352, 32.200214, 33.292484>
	pigment { color rgbt <0,1,1,0> }
	no_shadow
}
cylinder {
	<27.728590, 31.761837, 32.976784>,  <27.521585, 32.449120, 33.297684>, 0.130000
	pigment { color rgbt <1,0,0,0> }
	no_shadow
}

// nucleotide -1

// particle -1
sphere {
	<27.728590, 31.761837, 32.976784> 0.250000
	pigment { color rgbt <1,0,0,0> }
	no_shadow
}
cylinder {
	<27.337755, 31.827709, 32.922855>,  <27.103254, 31.867233, 32.890499>, 0.100000
	pigment { color rgbt <1,0,0,0> }
	no_shadow
}
cylinder {
	<27.337755, 31.827709, 32.922855>,  <27.728590, 31.761837, 32.976784>, 0.100000
	pigment { color rgbt <1,0,0,0> }
	no_shadow
}

// particle -1
sphere {
	<27.337755, 31.827709, 32.922855> 0.100000
	pigment { color rgbt <1,0,0,0> }
	no_shadow
}
sphere {
	0, 1
	scale<0.080000,0.200000,0.300000>
	matrix <0.088811, -0.260196, -0.961463,
		-0.193412, -0.951409, 0.239609,
		-0.977090, 0.164678, -0.134821,
		27.044628, 31.877113, 32.882408>
	pigment { color rgbt <0,1,1,0> }
	no_shadow
}
cylinder {
	<27.570881, 31.366673, 32.323219>,  <27.728590, 31.761837, 32.976784>, 0.130000
	pigment { color rgbt <1,0,0,0> }
	no_shadow
}

// nucleotide -1

// particle -1
sphere {
	<27.570881, 31.366673, 32.323219> 0.250000
	pigment { color rgbt <1,0,0,0> }
	no_shadow
}
cylinder {
	<27.232084, 31.564911, 32.400146>,  <27.028805, 31.683853, 32.446304>, 0.100000
	pigment { color rgbt <1,0,0,0> }
	no_shadow
}
cylinder {
	<27.232084, 31.564911, 32.400146>,  <27.570881, 31.366673, 32.323219>, 0.100000
	pigment { color rgbt <1,0,0,0> }
	no_shadow
}

// particle -1
sphere {
	<27.232084, 31.564911, 32.400146> 0.100000
	pigment { color rgbt <1,0,0,0> }
	no_shadow
}
sphere {
	0, 1
	scale<0.080000,0.200000,0.300000>
	matrix <-0.268111, -0.085849, -0.959555,
		-0.459041, -0.864300, 0.205588,
		-0.846993, 0.495595, 0.192320,
		26.977985, 31.713589, 32.457844>
	pigment { color rgbt <0,1,1,0> }
	no_shadow
}
cylinder {
	<27.040701, 30.885912, 32.099449>,  <27.570881, 31.366673, 32.323219>, 0.130000
	pigment { color rgbt <1,0,0,0> }
	no_shadow
}

// nucleotide -1

// particle -1
sphere {
	<27.040701, 30.885912, 32.099449> 0.250000
	pigment { color rgbt <1,0,0,0> }
	no_shadow
}
cylinder {
	<26.953241, 31.273674, 32.054825>,  <26.900766, 31.506330, 32.028049>, 0.100000
	pigment { color rgbt <1,0,0,0> }
	no_shadow
}
cylinder {
	<26.953241, 31.273674, 32.054825>,  <27.040701, 30.885912, 32.099449>, 0.100000
	pigment { color rgbt <1,0,0,0> }
	no_shadow
}

// particle -1
sphere {
	<26.953241, 31.273674, 32.054825> 0.100000
	pigment { color rgbt <1,0,0,0> }
	no_shadow
}
sphere {
	0, 1
	scale<0.080000,0.200000,0.300000>
	matrix <-0.237847, -0.163825, -0.957387,
		-0.946372, -0.182798, 0.266391,
		-0.218650, 0.969405, -0.111561,
		26.887646, 31.564495, 32.021355>
	pigment { color rgbt <0,1,1,0> }
	no_shadow
}
cylinder {
	<26.367186, 30.959139, 31.814310>,  <27.040701, 30.885912, 32.099449>, 0.130000
	pigment { color rgbt <1,0,0,0> }
	no_shadow
}

// nucleotide -1

// particle -1
sphere {
	<26.367186, 30.959139, 31.814310> 0.250000
	pigment { color rgbt <1,0,0,0> }
	no_shadow
}
cylinder {
	<26.561981, 31.299654, 31.736181>,  <26.678858, 31.503963, 31.689304>, 0.100000
	pigment { color rgbt <1,0,0,0> }
	no_shadow
}
cylinder {
	<26.561981, 31.299654, 31.736181>,  <26.367186, 30.959139, 31.814310>, 0.100000
	pigment { color rgbt <1,0,0,0> }
	no_shadow
}

// particle -1
sphere {
	<26.561981, 31.299654, 31.736181> 0.100000
	pigment { color rgbt <1,0,0,0> }
	no_shadow
}
sphere {
	0, 1
	scale<0.080000,0.200000,0.300000>
	matrix <-0.222135, -0.095559, -0.970322,
		-0.844688, 0.515924, 0.142565,
		0.486988, 0.851288, -0.195323,
		26.708078, 31.555040, 31.677584>
	pigment { color rgbt <0,1,1,0> }
	no_shadow
}
cylinder {
	<25.905500, 31.333019, 31.428339>,  <26.367186, 30.959139, 31.814310>, 0.130000
	pigment { color rgbt <1,0,0,0> }
	no_shadow
}

// nucleotide -1

// particle -1
sphere {
	<25.905500, 31.333019, 31.428339> 0.250000
	pigment { color rgbt <1,0,0,0> }
	no_shadow
}
cylinder {
	<26.270683, 31.473251, 31.344818>,  <26.489794, 31.557390, 31.294706>, 0.100000
	pigment { color rgbt <1,0,0,0> }
	no_shadow
}
cylinder {
	<26.270683, 31.473251, 31.344818>,  <25.905500, 31.333019, 31.428339>, 0.100000
	pigment { color rgbt <1,0,0,0> }
	no_shadow
}

// particle -1
sphere {
	<26.270683, 31.473251, 31.344818> 0.100000
	pigment { color rgbt <1,0,0,0> }
	no_shadow
}
sphere {
	0, 1
	scale<0.080000,0.200000,0.300000>
	matrix <-0.147564, -0.193413, -0.969957,
		-0.380434, 0.916343, -0.124845,
		0.912959, 0.350582, -0.208800,
		26.544571, 31.578426, 31.282179>
	pigment { color rgbt <0,1,1,0> }
	no_shadow
}
cylinder {
	<25.325939, 31.680916, 31.642914>,  <25.905500, 31.333019, 31.428339>, 0.130000
	pigment { color rgbt <1,0,0,0> }
	no_shadow
}

// nucleotide -1

// particle -1
sphere {
	<25.325939, 31.680916, 31.642914> 0.250000
	pigment { color rgbt <1,0,0,0> }
	no_shadow
}
cylinder {
	<25.685326, 31.786636, 31.502684>,  <25.900957, 31.850069, 31.418545>, 0.100000
	pigment { color rgbt <1,0,0,0> }
	no_shadow
}
cylinder {
	<25.685326, 31.786636, 31.502684>,  <25.325939, 31.680916, 31.642914>, 0.100000
	pigment { color rgbt <1,0,0,0> }
	no_shadow
}

// particle -1
sphere {
	<25.685326, 31.786636, 31.502684> 0.100000
	pigment { color rgbt <1,0,0,0> }
	no_shadow
}
sphere {
	0, 1
	scale<0.080000,0.200000,0.300000>
	matrix <-0.372044, 0.034367, -0.927579,
		-0.233110, 0.963828, 0.129208,
		0.898467, 0.264299, -0.350575,
		25.954866, 31.865927, 31.397511>
	pigment { color rgbt <0,1,1,0> }
	no_shadow
}
cylinder {
	<25.220474, 32.207088, 31.089012>,  <25.325939, 31.680916, 31.642914>, 0.130000
	pigment { color rgbt <1,0,0,0> }
	no_shadow
}

// nucleotide -1

// particle -1
sphere {
	<25.220474, 32.207088, 31.089012> 0.250000
	pigment { color rgbt <1,0,0,0> }
	no_shadow
}
cylinder {
	<25.592754, 32.081741, 31.013542>,  <25.816122, 32.006535, 30.968260>, 0.100000
	pigment { color rgbt <1,0,0,0> }
	no_shadow
}
cylinder {
	<25.592754, 32.081741, 31.013542>,  <25.220474, 32.207088, 31.089012>, 0.100000
	pigment { color rgbt <1,0,0,0> }
	no_shadow
}

// particle -1
sphere {
	<25.592754, 32.081741, 31.013542> 0.100000
	pigment { color rgbt <1,0,0,0> }
	no_shadow
}
sphere {
	0, 1
	scale<0.080000,0.200000,0.300000>
	matrix <-0.202777, -0.012719, -0.979142,
		0.304430, 0.949547, -0.075381,
		0.930701, -0.313366, -0.188675,
		25.871965, 31.987732, 30.956940>
	pigment { color rgbt <0,1,1,0> }
	no_shadow
}
cylinder {
	<25.444277, 32.671463, 30.562952>,  <25.220474, 32.207088, 31.089012>, 0.130000
	pigment { color rgbt <1,0,0,0> }
	no_shadow
}

// nucleotide -1

// particle -1
sphere {
	<25.444277, 32.671463, 30.562952> 0.250000
	pigment { color rgbt <1,0,0,0> }
	no_shadow
}
cylinder {
	<25.587769, 32.298103, 30.559584>,  <25.673864, 32.074085, 30.557562>, 0.100000
	pigment { color rgbt <1,0,0,0> }
	no_shadow
}
cylinder {
	<25.587769, 32.298103, 30.559584>,  <25.444277, 32.671463, 30.562952>, 0.100000
	pigment { color rgbt <1,0,0,0> }
	no_shadow
}

// particle -1
sphere {
	<25.587769, 32.298103, 30.559584> 0.100000
	pigment { color rgbt <1,0,0,0> }
	no_shadow
}
sphere {
	0, 1
	scale<0.080000,0.200000,0.300000>
	matrix <-0.304829, -0.108616, -0.946194,
		0.882266, 0.341995, -0.323492,
		0.358729, -0.933404, -0.008422,
		25.695387, 32.018082, 30.557056>
	pigment { color rgbt <0,1,1,0> }
	no_shadow
}
cylinder {
	<25.904491, 32.569939, 30.057858>,  <25.444277, 32.671463, 30.562952>, 0.130000
	pigment { color rgbt <1,0,0,0> }
	no_shadow
}

// nucleotide -1

// particle -1
sphere {
	<25.904491, 32.569939, 30.057858> 0.250000
	pigment { color rgbt <1,0,0,0> }
	no_shadow
}
cylinder {
	<25.757406, 32.201145, 30.106411>,  <25.669155, 31.979870, 30.135544>, 0.100000
	pigment { color rgbt <1,0,0,0> }
	no_shadow
}
cylinder {
	<25.757406, 32.201145, 30.106411>,  <25.904491, 32.569939, 30.057858>, 0.100000
	pigment { color rgbt <1,0,0,0> }
	no_shadow
}

// particle -1
sphere {
	<25.757406, 32.201145, 30.106411> 0.100000
	pigment { color rgbt <1,0,0,0> }
	no_shadow
}
sphere {
	0, 1
	scale<0.080000,0.200000,0.300000>
	matrix <-0.101638, -0.089902, -0.990751,
		0.924368, -0.376649, -0.060650,
		-0.367713, -0.921983, 0.121385,
		25.647093, 31.924551, 30.142826>
	pigment { color rgbt <0,1,1,0> }
	no_shadow
}
cylinder {
	<26.134924, 31.881260, 29.820528>,  <25.904491, 32.569939, 30.057858>, 0.130000
	pigment { color rgbt <1,0,0,0> }
	no_shadow
}

// nucleotide -1

// particle -1
sphere {
	<26.134924, 31.881260, 29.820528> 0.250000
	pigment { color rgbt <1,0,0,0> }
	no_shadow
}
cylinder {
	<26.038031, 31.884430, 29.432453>,  <25.979895, 31.886332, 29.199608>, 0.100000
	pigment { color rgbt <1,0,0,0> }
	no_shadow
}
cylinder {
	<26.038031, 31.884430, 29.432453>,  <26.134924, 31.881260, 29.820528>, 0.100000
	pigment { color rgbt <1,0,0,0> }
	no_shadow
}

// particle -1
sphere {
	<26.038031, 31.884430, 29.432453> 0.100000
	pigment { color rgbt <1,0,0,0> }
	no_shadow
}
sphere {
	0, 1
	scale<0.080000,0.200000,0.300000>
	matrix <-0.644881, 0.745792, 0.167103,
		0.724881, 0.666132, -0.175544,
		-0.242233, 0.007925, -0.970186,
		25.965361, 31.886806, 29.141397>
	pigment { color rgbt <0,1,1,0> }
	no_shadow
}
cylinder {
	<26.769207, 32.058319, 30.123507>,  <26.134924, 31.881260, 29.820528>, 0.130000
	pigment { color rgbt <1,0,0,0> }
	no_shadow
}

// nucleotide -1

// particle -1
sphere {
	<26.769207, 32.058319, 30.123507> 0.250000
	pigment { color rgbt <1,0,0,0> }
	no_shadow
}
cylinder {
	<26.686705, 32.279655, 29.800701>,  <26.637203, 32.412457, 29.607018>, 0.100000
	pigment { color rgbt <1,0,0,0> }
	no_shadow
}
cylinder {
	<26.686705, 32.279655, 29.800701>,  <26.769207, 32.058319, 30.123507>, 0.100000
	pigment { color rgbt <1,0,0,0> }
	no_shadow
}

// particle -1
sphere {
	<26.686705, 32.279655, 29.800701> 0.100000
	pigment { color rgbt <1,0,0,0> }
	no_shadow
}
sphere {
	0, 1
	scale<0.080000,0.200000,0.300000>
	matrix <0.361260, -0.723418, -0.588352,
		-0.909368, -0.412893, -0.050690,
		-0.206257, 0.553340, -0.807015,
		26.624828, 32.445656, 29.558598>
	pigment { color rgbt <0,1,1,0> }
	no_shadow
}
cylinder {
	<27.081638, 31.353100, 30.006041>,  <26.769207, 32.058319, 30.123507>, 0.130000
	pigment { color rgbt <1,0,0,0> }
	no_shadow
}

// nucleotide -1

// particle -1
sphere {
	<27.081638, 31.353100, 30.006041> 0.250000
	pigment { color rgbt <1,0,0,0> }
	no_shadow
}
cylinder {
	<27.018398, 31.405373, 29.614546>,  <26.980453, 31.436737, 29.379648>, 0.100000
	pigment { color rgbt <1,0,0,0> }
	no_shadow
}
cylinder {
	<27.018398, 31.405373, 29.614546>,  <27.081638, 31.353100, 30.006041>, 0.100000
	pigment { color rgbt <1,0,0,0> }
	no_shadow
}

// particle -1
sphere {
	<27.018398, 31.405373, 29.614546> 0.100000
	pigment { color rgbt <1,0,0,0> }
	no_shadow
}
sphere {
	0, 1
	scale<0.080000,0.200000,0.300000>
