// switches for output
#declare DRAW_BASES = 1; // possible values are 0, 1; only relevant for DNA ribbons
#declare DRAW_BASES_TYPE = 3; // possible values are 1, 2, 3; only relevant for DNA ribbons
#declare DRAW_FOG = 0; // set to 1 to enable fog

#include "colors.inc"

#include "transforms.inc"
background { rgb <1, 1, 1>}

#default {
   normal{
       ripples 0.25
       frequency 0.20
       turbulence 0.2
       lambda 5
   }
	finish {
		phong 0.1
		phong_size 40.
	}
}

// original window dimensions: 1024x640


// camera settings

camera {
	sky <0, 0.179814, -0.983701>
	up <0, 0.179814, -0.983701>
	right 1.6 * <1, 0, 0>
	location <35, 94.9851, 44.8844>
	look_at <35, 29.7336, 32.9568>
	direction <0, -65.2515, -11.9276>
	angle 67.0682
}


# declare cpy_camera_pos = <35, 94.9851, 44.8844>;
# if (DRAW_FOG = 1)
fog {
	fog_type 2
	up vnormalize(cpy_camera_pos)
	color rgbt<1,1,1,0.3>
	distance 1e-5
	fog_alt 3e-3
	fog_offset 56
}
# end


// LIGHTS

# declare lum = 6;
global_settings {
	ambient_light rgb lum * <0.05, 0.05, 0.05>
	max_trace_level 15
}# declare cpy_direct_light_amount = 0.25;
light_source
{	1000 * <-1, -1.16352, -0.803886>,
	rgb lum * cpy_direct_light_amount
	parallel
}

light_source
{	1000 * <1, 1.16352, 0.803886>,
	rgb lum * cpy_direct_light_amount
	parallel
}

// strand 0

// nucleotide -1

// particle -1
sphere {
	<24.084373, 34.745243, 35.227524> 0.250000
	pigment { color rgbt <1,0,0,0> }
	no_shadow
}
cylinder {
	<24.340851, 34.974533, 35.023453>,  <24.494738, 35.112106, 34.901009>, 0.100000
	pigment { color rgbt <1,0,0,0> }
	no_shadow
}
cylinder {
	<24.340851, 34.974533, 35.023453>,  <24.084373, 34.745243, 35.227524>, 0.100000
	pigment { color rgbt <1,0,0,0> }
	no_shadow
}

// particle -1
sphere {
	<24.340851, 34.974533, 35.023453> 0.100000
	pigment { color rgbt <1,0,0,0> }
	no_shadow
}
sphere {
	0, 1
	scale<0.080000,0.200000,0.300000>
	matrix <0.431899, -0.819111, -0.377519,
		-0.634298, 0.021717, -0.772784,
		0.641194, 0.573224, -0.510181,
		24.533209, 35.146500, 34.870399>
	pigment { color rgbt <0,1,1,0> }
	no_shadow
}
cylinder {
	<23.925327, 34.802181, 34.456451>,  <24.084373, 34.745243, 35.227524>, 0.130000
	pigment { color rgbt <1,0,0,0> }
	no_shadow
}

// nucleotide -1

// particle -1
sphere {
	<23.925327, 34.802181, 34.456451> 0.250000
	pigment { color rgbt <1,0,0,0> }
	no_shadow
}
cylinder {
	<24.279982, 34.806374, 34.641392>,  <24.492775, 34.808887, 34.752354>, 0.100000
	pigment { color rgbt <1,0,0,0> }
	no_shadow
}
cylinder {
	<24.279982, 34.806374, 34.641392>,  <23.925327, 34.802181, 34.456451>, 0.100000
	pigment { color rgbt <1,0,0,0> }
	no_shadow
}

// particle -1
sphere {
	<24.279982, 34.806374, 34.641392> 0.100000
	pigment { color rgbt <1,0,0,0> }
	no_shadow
}
sphere {
	0, 1
	scale<0.080000,0.200000,0.300000>
	matrix <0.065639, -0.992474, -0.103376,
		0.457786, 0.122005, -0.880651,
		0.886636, 0.010481, 0.462349,
		24.545973, 34.809517, 34.780098>
	pigment { color rgbt <0,1,1,0> }
	no_shadow
}
cylinder {
	<24.412962, 34.535763, 34.090816>,  <23.925327, 34.802181, 34.456451>, 0.130000
	pigment { color rgbt <1,0,0,0> }
	no_shadow
}

// nucleotide -1

// particle -1
sphere {
	<24.412962, 34.535763, 34.090816> 0.250000
	pigment { color rgbt <1,0,0,0> }
	no_shadow
}
cylinder {
	<24.566475, 34.492794, 34.457680>,  <24.658583, 34.467010, 34.677795>, 0.100000
	pigment { color rgbt <1,0,0,0> }
	no_shadow
}
cylinder {
	<24.566475, 34.492794, 34.457680>,  <24.412962, 34.535763, 34.090816>, 0.100000
	pigment { color rgbt <1,0,0,0> }
	no_shadow
}

// particle -1
sphere {
	<24.566475, 34.492794, 34.457680> 0.100000
	pigment { color rgbt <1,0,0,0> }
	no_shadow
}
sphere {
	0, 1
	scale<0.080000,0.200000,0.300000>
	matrix <0.148412, -0.973123, -0.176085,
		0.911420, 0.203695, -0.357522,
		0.383780, -0.107427, 0.917154,
		24.681608, 34.460567, 34.732826>
	pigment { color rgbt <0,1,1,0> }
	no_shadow
}
cylinder {
	<25.093668, 34.191723, 33.949280>,  <24.412962, 34.535763, 34.090816>, 0.130000
	pigment { color rgbt <1,0,0,0> }
	no_shadow
}

// nucleotide -1

// particle -1
sphere {
	<25.093668, 34.191723, 33.949280> 0.250000
	pigment { color rgbt <1,0,0,0> }
	no_shadow
}
cylinder {
	<24.971798, 34.117432, 34.322948>,  <24.898676, 34.072857, 34.547150>, 0.100000
	pigment { color rgbt <1,0,0,0> }
	no_shadow
}
cylinder {
	<24.971798, 34.117432, 34.322948>,  <25.093668, 34.191723, 33.949280>, 0.100000
	pigment { color rgbt <1,0,0,0> }
	no_shadow
}

// particle -1
sphere {
	<24.971798, 34.117432, 34.322948> 0.100000
	pigment { color rgbt <1,0,0,0> }
	no_shadow
}
sphere {
	0, 1
	scale<0.080000,0.200000,0.300000>
	matrix <0.148837, -0.978039, -0.145902,
		0.940756, 0.094587, 0.325626,
		-0.304674, -0.185724, 0.934174,
		24.880396, 34.061714, 34.603199>
	pigment { color rgbt <0,1,1,0> }
	no_shadow
}
cylinder {
	<25.668844, 33.968395, 34.312634>,  <25.093668, 34.191723, 33.949280>, 0.130000
	pigment { color rgbt <1,0,0,0> }
	no_shadow
}

// nucleotide -1

// particle -1
sphere {
	<25.668844, 33.968395, 34.312634> 0.250000
	pigment { color rgbt <1,0,0,0> }
	no_shadow
}
cylinder {
	<25.336304, 33.818920, 34.477173>,  <25.136780, 33.729233, 34.575897>, 0.100000
	pigment { color rgbt <1,0,0,0> }
	no_shadow
}
cylinder {
	<25.336304, 33.818920, 34.477173>,  <25.668844, 33.968395, 34.312634>, 0.100000
	pigment { color rgbt <1,0,0,0> }
	no_shadow
}

// particle -1
sphere {
	<25.336304, 33.818920, 34.477173> 0.100000
	pigment { color rgbt <1,0,0,0> }
	no_shadow
}
sphere {
	0, 1
	scale<0.080000,0.200000,0.300000>
	matrix <0.348145, -0.927132, -0.138644,
		0.433187, 0.027948, 0.900871,
		-0.831351, -0.373692, 0.411351,
		25.086899, 33.706814, 34.600578>
	pigment { color rgbt <0,1,1,0> }
	no_shadow
}
cylinder {
	<25.779129, 33.470478, 34.872444>,  <25.668844, 33.968395, 34.312634>, 0.130000
	pigment { color rgbt <1,0,0,0> }
	no_shadow
}

// nucleotide -1

// particle -1
sphere {
	<25.779129, 33.470478, 34.872444> 0.250000
	pigment { color rgbt <1,0,0,0> }
	no_shadow
}
cylinder {
	<25.431293, 33.340599, 34.723644>,  <25.222591, 33.262672, 34.634365>, 0.100000
	pigment { color rgbt <1,0,0,0> }
	no_shadow
}
cylinder {
	<25.431293, 33.340599, 34.723644>,  <25.779129, 33.470478, 34.872444>, 0.100000
	pigment { color rgbt <1,0,0,0> }
	no_shadow
}

// particle -1
sphere {
	<25.431293, 33.340599, 34.723644> 0.100000
	pigment { color rgbt <1,0,0,0> }
	no_shadow
}
sphere {
	0, 1
	scale<0.080000,0.200000,0.300000>
	matrix <0.284902, -0.945265, 0.159072,
		-0.403292, 0.032343, 0.914500,
		-0.869590, -0.324695, -0.372003,
		25.170416, 33.243191, 34.612041>
	pigment { color rgbt <0,1,1,0> }
	no_shadow
}
cylinder {
	<25.448080, 33.096348, 35.400322>,  <25.779129, 33.470478, 34.872444>, 0.130000
	pigment { color rgbt <1,0,0,0> }
	no_shadow
}

// nucleotide -1

// particle -1
sphere {
	<25.448080, 33.096348, 35.400322> 0.250000
	pigment { color rgbt <1,0,0,0> }
	no_shadow
}
cylinder {
	<25.312456, 32.981991, 35.041813>,  <25.231083, 32.913376, 34.826706>, 0.100000
	pigment { color rgbt <1,0,0,0> }
	no_shadow
}
cylinder {
	<25.312456, 32.981991, 35.041813>,  <25.448080, 33.096348, 35.400322>, 0.100000
	pigment { color rgbt <1,0,0,0> }
	no_shadow
}

// particle -1
sphere {
	<25.312456, 32.981991, 35.041813> 0.100000
	pigment { color rgbt <1,0,0,0> }
	no_shadow
}
sphere {
	0, 1
	scale<0.080000,0.200000,0.300000>
	matrix <0.225343, -0.949652, 0.217673,
		-0.913379, -0.128165, 0.386411,
		-0.339058, -0.285893, -0.896273,
		25.210739, 32.896221, 34.772930>
	pigment { color rgbt <0,1,1,0> }
	no_shadow
}
cylinder {
	<24.934082, 32.381786, 35.410679>,  <25.448080, 33.096348, 35.400322>, 0.130000
	pigment { color rgbt <1,0,0,0> }
	no_shadow
}

// nucleotide -1

// particle -1
sphere {
	<24.934082, 32.381786, 35.410679> 0.250000
	pigment { color rgbt <1,0,0,0> }
	no_shadow
}
cylinder {
	<25.157707, 32.456753, 35.087612>,  <25.291882, 32.501732, 34.893772>, 0.100000
	pigment { color rgbt <1,0,0,0> }
	no_shadow
}
cylinder {
	<25.157707, 32.456753, 35.087612>,  <24.934082, 32.381786, 35.410679>, 0.100000
	pigment { color rgbt <1,0,0,0> }
	no_shadow
}

// particle -1
sphere {
	<25.157707, 32.456753, 35.087612> 0.100000
	pigment { color rgbt <1,0,0,0> }
	no_shadow
}
sphere {
	0, 1
	scale<0.080000,0.200000,0.300000>
	matrix <0.565974, -0.798127, 0.206561,
		-0.605906, -0.572598, -0.552276,
		0.559063, 0.187417, -0.807665,
		25.325426, 32.512978, 34.845314>
	pigment { color rgbt <0,1,1,0> }
	no_shadow
}
cylinder {
	<24.978418, 31.773647, 35.134846>,  <24.934082, 32.381786, 35.410679>, 0.130000
	pigment { color rgbt <1,0,0,0> }
	no_shadow
}

// nucleotide -1

// particle -1
sphere {
	<24.978418, 31.773647, 35.134846> 0.250000
	pigment { color rgbt <1,0,0,0> }
	no_shadow
}
cylinder {
	<25.259657, 31.978138, 34.937138>,  <25.428400, 32.100834, 34.818512>, 0.100000
	pigment { color rgbt <1,0,0,0> }
	no_shadow
}
cylinder {
	<25.259657, 31.978138, 34.937138>,  <24.978418, 31.773647, 35.134846>, 0.100000
	pigment { color rgbt <1,0,0,0> }
	no_shadow
}

// particle -1
sphere {
	<25.259657, 31.978138, 34.937138> 0.100000
	pigment { color rgbt <1,0,0,0> }
	no_shadow
}
sphere {
	0, 1
	scale<0.080000,0.200000,0.300000>
	matrix <0.608630, -0.792090, 0.046514,
		-0.367725, -0.333530, -0.868064,
		0.703099, 0.511225, -0.494268,
		25.470587, 32.131504, 34.788857>
	pigment { color rgbt <0,1,1,0> }
	no_shadow
}
cylinder {
	<25.126026, 31.341667, 34.594448>,  <24.978418, 31.773647, 35.134846>, 0.130000
	pigment { color rgbt <1,0,0,0> }
	no_shadow
}

// nucleotide -1

// particle -1
sphere {
	<25.126026, 31.341667, 34.594448> 0.250000
	pigment { color rgbt <1,0,0,0> }
	no_shadow
}
cylinder {
	<25.456366, 31.565847, 34.619328>,  <25.654570, 31.700356, 34.634254>, 0.100000
	pigment { color rgbt <1,0,0,0> }
	no_shadow
}
cylinder {
	<25.456366, 31.565847, 34.619328>,  <25.126026, 31.341667, 34.594448>, 0.100000
	pigment { color rgbt <1,0,0,0> }
	no_shadow
}

// particle -1
sphere {
	<25.456366, 31.565847, 34.619328> 0.100000
	pigment { color rgbt <1,0,0,0> }
	no_shadow
}
sphere {
	0, 1
	scale<0.080000,0.200000,0.300000>
	matrix <0.563684, -0.823506, -0.064023,
		0.015336, 0.087932, -0.996008,
		0.825848, 0.560452, 0.062195,
		25.704121, 31.733982, 34.637985>
	pigment { color rgbt <0,1,1,0> }
	no_shadow
}
cylinder {
	<25.685993, 31.065134, 34.126770>,  <25.126026, 31.341667, 34.594448>, 0.130000
	pigment { color rgbt <1,0,0,0> }
	no_shadow
}

// nucleotide -1

// particle -1
sphere {
	<25.685993, 31.065134, 34.126770> 0.250000
	pigment { color rgbt <1,0,0,0> }
	no_shadow
}
cylinder {
	<25.895346, 31.291752, 34.381359>,  <26.020958, 31.427723, 34.534111>, 0.100000
	pigment { color rgbt <1,0,0,0> }
	no_shadow
}
cylinder {
	<25.895346, 31.291752, 34.381359>,  <25.685993, 31.065134, 34.126770>, 0.100000
	pigment { color rgbt <1,0,0,0> }
	no_shadow
}

// particle -1
sphere {
	<25.895346, 31.291752, 34.381359> 0.100000
	pigment { color rgbt <1,0,0,0> }
	no_shadow
}
sphere {
	0, 1
	scale<0.080000,0.200000,0.300000>
	matrix <0.667714, -0.736729, 0.106715,
		0.529365, 0.369128, -0.763883,
		0.523383, 0.566547, 0.636471,
		26.052361, 31.461716, 34.572300>
	pigment { color rgbt <0,1,1,0> }
	no_shadow
}
cylinder {
	<26.437977, 31.087801, 34.051800>,  <25.685993, 31.065134, 34.126770>, 0.130000
	pigment { color rgbt <1,0,0,0> }
	no_shadow
}

// nucleotide -1

// particle -1
sphere {
	<26.437977, 31.087801, 34.051800> 0.250000
	pigment { color rgbt <1,0,0,0> }
	no_shadow
}
cylinder {
	<26.346512, 31.124557, 34.439465>,  <26.291634, 31.146610, 34.672062>, 0.100000
	pigment { color rgbt <1,0,0,0> }
	no_shadow
}
cylinder {
	<26.346512, 31.124557, 34.439465>,  <26.437977, 31.087801, 34.051800>, 0.100000
	pigment { color rgbt <1,0,0,0> }
	no_shadow
}

// particle -1
sphere {
	<26.346512, 31.124557, 34.439465> 0.100000
	pigment { color rgbt <1,0,0,0> }
	no_shadow
}
sphere {
	0, 1
	scale<0.080000,0.200000,0.300000>
	matrix <0.563953, -0.798971, 0.208813,
		0.793518, 0.594307, 0.130873,
		-0.228663, 0.091890, 0.969159,
		26.277912, 31.152124, 34.730213>
	pigment { color rgbt <0,1,1,0> }
	no_shadow
}
cylinder {
	<27.099775, 30.755173, 34.241673>,  <26.437977, 31.087801, 34.051800>, 0.130000
	pigment { color rgbt <1,0,0,0> }
	no_shadow
}

// nucleotide -1

// particle -1
sphere {
	<27.099775, 30.755173, 34.241673> 0.250000
	pigment { color rgbt <1,0,0,0> }
	no_shadow
}
cylinder {
	<27.238209, 30.679087, 34.609161>,  <27.321268, 30.633436, 34.829655>, 0.100000
	pigment { color rgbt <1,0,0,0> }
	no_shadow
}
cylinder {
	<27.238209, 30.679087, 34.609161>,  <27.099775, 30.755173, 34.241673>, 0.100000
	pigment { color rgbt <1,0,0,0> }
	no_shadow
}

// particle -1
sphere {
	<27.238209, 30.679087, 34.609161> 0.100000
	pigment { color rgbt <1,0,0,0> }
	no_shadow
}
sphere {
	0, 1
	scale<0.080000,0.200000,0.300000>
	matrix <-0.673003, 0.631930, 0.384357,
		-0.653677, -0.751321, 0.090685,
		0.346082, -0.190214, 0.918720,
		27.342033, 30.622023, 34.884777>
	pigment { color rgbt <0,1,1,0> }
	no_shadow
}
cylinder {
	<26.729197, 30.435230, 34.807819>,  <27.099775, 30.755173, 34.241673>, 0.130000
	pigment { color rgbt <1,0,0,0> }
	no_shadow
}

// nucleotide -1

// particle -1
sphere {
	<26.729197, 30.435230, 34.807819> 0.250000
	pigment { color rgbt <1,0,0,0> }
	no_shadow
}
cylinder {
	<26.984257, 30.734892, 34.879559>,  <27.137293, 30.914690, 34.922600>, 0.100000
	pigment { color rgbt <1,0,0,0> }
	no_shadow
}
cylinder {
	<26.984257, 30.734892, 34.879559>,  <26.729197, 30.435230, 34.807819>, 0.100000
	pigment { color rgbt <1,0,0,0> }
	no_shadow
}

// particle -1
sphere {
	<26.984257, 30.734892, 34.879559> 0.100000
	pigment { color rgbt <1,0,0,0> }
	no_shadow
}
sphere {
	0, 1
	scale<0.080000,0.200000,0.300000>
	matrix <-0.765326, 0.589629, 0.258097,
		0.087608, -0.301834, 0.949327,
		0.637653, 0.749156, 0.179345,
		27.175552, 30.959639, 34.933361>
	pigment { color rgbt <0,1,1,0> }
	no_shadow
}
cylinder {
	<26.522327, 30.840343, 35.335537>,  <26.729197, 30.435230, 34.807819>, 0.130000
	pigment { color rgbt <1,0,0,0> }
	no_shadow
}

// nucleotide -1

// particle -1
sphere {
	<26.522327, 30.840343, 35.335537> 0.250000
	pigment { color rgbt <1,0,0,0> }
	no_shadow
}
cylinder {
	<26.720152, 31.055126, 35.062160>,  <26.838846, 31.183996, 34.898136>, 0.100000
	pigment { color rgbt <1,0,0,0> }
	no_shadow
}
cylinder {
	<26.720152, 31.055126, 35.062160>,  <26.522327, 30.840343, 35.335537>, 0.100000
	pigment { color rgbt <1,0,0,0> }
	no_shadow
}

// particle -1
sphere {
	<26.720152, 31.055126, 35.062160> 0.100000
	pigment { color rgbt <1,0,0,0> }
	no_shadow
}
sphere {
	0, 1
	scale<0.080000,0.200000,0.300000>
	matrix <-0.628033, 0.764356, 0.146066,
		0.600820, 0.356982, 0.715248,
		0.494561, 0.536958, -0.683436,
		26.868521, 31.216213, 34.857128>
	pigment { color rgbt <0,1,1,0> }
	no_shadow
}
cylinder {
	<26.658562, 31.530214, 35.714458>,  <26.522327, 30.840343, 35.335537>, 0.130000
	pigment { color rgbt <1,0,0,0> }
	no_shadow
}

// nucleotide -1

// particle -1
sphere {
	<26.658562, 31.530214, 35.714458> 0.250000
	pigment { color rgbt <1,0,0,0> }
	no_shadow
}
cylinder {
	<26.644999, 31.546091, 35.315002>,  <26.636862, 31.555616, 35.075329>, 0.100000
	pigment { color rgbt <1,0,0,0> }
	no_shadow
}
cylinder {
	<26.644999, 31.546091, 35.315002>,  <26.658562, 31.530214, 35.714458>, 0.100000
	pigment { color rgbt <1,0,0,0> }
	no_shadow
}

// particle -1
sphere {
	<26.644999, 31.546091, 35.315002> 0.100000
	pigment { color rgbt <1,0,0,0> }
	no_shadow
}
sphere {
	0, 1
	scale<0.080000,0.200000,0.300000>
	matrix <-0.672434, 0.738316, 0.052176,
		0.739380, 0.673286, 0.001657,
		-0.033906, 0.039692, -0.998637,
		26.634827, 31.557999, 35.015411>
	pigment { color rgbt <0,1,1,0> }
	no_shadow
}
cylinder {
	<26.793709, 32.227264, 35.393826>,  <26.658562, 31.530214, 35.714458>, 0.130000
	pigment { color rgbt <1,0,0,0> }
	no_shadow
}

// nucleotide -1

// particle -1
sphere {
	<26.793709, 32.227264, 35.393826> 0.250000
	pigment { color rgbt <1,0,0,0> }
	no_shadow
}
cylinder {
	<26.575672, 32.014381, 35.134708>,  <26.444851, 31.886652, 34.979240>, 0.100000
	pigment { color rgbt <1,0,0,0> }
	no_shadow
}
cylinder {
	<26.575672, 32.014381, 35.134708>,  <26.793709, 32.227264, 35.393826>, 0.100000
	pigment { color rgbt <1,0,0,0> }
	no_shadow
}

// particle -1
sphere {
	<26.575672, 32.014381, 35.134708> 0.100000
	pigment { color rgbt <1,0,0,0> }
	no_shadow
}
sphere {
	0, 1
	scale<0.080000,0.200000,0.300000>
	matrix <-0.508933, 0.824070, -0.248789,
		0.666231, 0.194069, -0.720051,
		-0.545090, -0.532209, -0.647789,
		26.412146, 31.854719, 34.940372>
	pigment { color rgbt <0,1,1,0> }
	no_shadow
}
cylinder {
	<26.749851, 32.569824, 34.782681>,  <26.793709, 32.227264, 35.393826>, 0.130000
	pigment { color rgbt <1,0,0,0> }
	no_shadow
}

// nucleotide -1

// particle -1
sphere {
	<26.749851, 32.569824, 34.782681> 0.250000
	pigment { color rgbt <1,0,0,0> }
	no_shadow
}
cylinder {
	<26.426493, 32.338345, 34.739594>,  <26.232477, 32.199455, 34.713741>, 0.100000
	pigment { color rgbt <1,0,0,0> }
	no_shadow
}
cylinder {
	<26.426493, 32.338345, 34.739594>,  <26.749851, 32.569824, 34.782681>, 0.100000
	pigment { color rgbt <1,0,0,0> }
	no_shadow
}

// particle -1
sphere {
	<26.426493, 32.338345, 34.739594> 0.100000
	pigment { color rgbt <1,0,0,0> }
	no_shadow
}
sphere {
	0, 1
	scale<0.080000,0.200000,0.300000>
	matrix <-0.551756, 0.808706, -0.203861,
		0.205082, -0.105369, -0.973056,
		-0.808397, -0.578698, -0.107713,
		26.183973, 32.164734, 34.707279>
	pigment { color rgbt <0,1,1,0> }
	no_shadow
}
cylinder {
	<26.424759, 32.756454, 34.195549>,  <26.749851, 32.569824, 34.782681>, 0.130000
	pigment { color rgbt <1,0,0,0> }
	no_shadow
}

// nucleotide -1

// particle -1
sphere {
	<26.424759, 32.756454, 34.195549> 0.250000
	pigment { color rgbt <1,0,0,0> }
	no_shadow
}
cylinder {
	<26.137728, 32.569683, 34.402260>,  <25.965509, 32.457619, 34.526287>, 0.100000
	pigment { color rgbt <1,0,0,0> }
	no_shadow
}
cylinder {
	<26.137728, 32.569683, 34.402260>,  <26.424759, 32.756454, 34.195549>, 0.100000
	pigment { color rgbt <1,0,0,0> }
	no_shadow
}

// particle -1
sphere {
	<26.137728, 32.569683, 34.402260> 0.100000
	pigment { color rgbt <1,0,0,0> }
	no_shadow
}
sphere {
	0, 1
	scale<0.080000,0.200000,0.300000>
	matrix <-0.610008, 0.779424, -0.142789,
		-0.336115, -0.417700, -0.844129,
		-0.717577, -0.466932, 0.516776,
		25.922455, 32.429604, 34.557293>
	pigment { color rgbt <0,1,1,0> }
	no_shadow
}
cylinder {
	<25.831545, 32.701504, 33.680527>,  <26.424759, 32.756454, 34.195549>, 0.130000
	pigment { color rgbt <1,0,0,0> }
	no_shadow
}

// nucleotide -1

// particle -1
sphere {
	<25.831545, 32.701504, 33.680527> 0.250000
	pigment { color rgbt <1,0,0,0> }
	no_shadow
}
cylinder {
	<25.719767, 32.695625, 34.064545>,  <25.652699, 32.692097, 34.294956>, 0.100000
	pigment { color rgbt <1,0,0,0> }
	no_shadow
}
cylinder {
	<25.719767, 32.695625, 34.064545>,  <25.831545, 32.701504, 33.680527>, 0.100000
	pigment { color rgbt <1,0,0,0> }
	no_shadow
}

// particle -1
sphere {
	<25.719767, 32.695625, 34.064545> 0.100000
	pigment { color rgbt <1,0,0,0> }
	no_shadow
}
sphere {
	0, 1
	scale<0.080000,0.200000,0.300000>
	matrix <-0.759488, 0.615128, -0.211652,
		-0.587442, -0.788291, -0.183057,
		-0.279447, -0.014696, 0.960049,
		25.635933, 32.691216, 34.352558>
	pigment { color rgbt <0,1,1,0> }
	no_shadow
}
cylinder {
	<25.154743, 32.382130, 33.705311>,  <25.831545, 32.701504, 33.680527>, 0.130000
	pigment { color rgbt <1,0,0,0> }
	no_shadow
}

// nucleotide -1

// particle -1
sphere {
	<25.154743, 32.382130, 33.705311> 0.250000
	pigment { color rgbt <1,0,0,0> }
	no_shadow
}
cylinder {
	<25.086479, 32.388863, 34.099384>,  <25.045521, 32.392902, 34.335831>, 0.100000
	pigment { color rgbt <1,0,0,0> }
	no_shadow
}
cylinder {
	<25.086479, 32.388863, 34.099384>,  <25.154743, 32.382130, 33.705311>, 0.100000
	pigment { color rgbt <1,0,0,0> }
	no_shadow
}

// particle -1
sphere {
	<25.086479, 32.388863, 34.099384> 0.100000
	pigment { color rgbt <1,0,0,0> }
	no_shadow
}
sphere {
	0, 1
	scale<0.080000,0.200000,0.300000>
	matrix <-0.279494, 0.957959, -0.064784,
		-0.944859, -0.286410, -0.158780,
		-0.170659, 0.016834, 0.985186,
		25.035282, 32.393913, 34.394939>
	pigment { color rgbt <0,1,1,0> }
	no_shadow
}
cylinder {
	<24.474409, 32.385712, 33.848690>,  <25.154743, 32.382130, 33.705311>, 0.130000
	pigment { color rgbt <1,0,0,0> }
	no_shadow
}

// nucleotide -1

// particle -1
sphere {
	<24.474409, 32.385712, 33.848690> 0.250000
	pigment { color rgbt <1,0,0,0> }
	no_shadow
}
cylinder {
	<24.671791, 32.556061, 34.152039>,  <24.790220, 32.658272, 34.334049>, 0.100000
	pigment { color rgbt <1,0,0,0> }
	no_shadow
}
cylinder {
	<24.671791, 32.556061, 34.152039>,  <24.474409, 32.385712, 33.848690>, 0.100000
	pigment { color rgbt <1,0,0,0> }
	no_shadow
}

// particle -1
sphere {
	<24.671791, 32.556061, 34.152039> 0.100000
	pigment { color rgbt <1,0,0,0> }
	no_shadow
}
sphere {
	0, 1
	scale<0.080000,0.200000,0.300000>
	matrix <-0.441466, 0.873897, -0.203498,
		-0.749406, -0.234380, 0.619239,
		0.493455, 0.425876, 0.758375,
		24.819828, 32.683823, 34.379551>
	pigment { color rgbt <0,1,1,0> }
	no_shadow
}
cylinder {
	<23.960691, 32.957134, 34.154819>,  <24.474409, 32.385712, 33.848690>, 0.130000
	pigment { color rgbt <1,0,0,0> }
	no_shadow
}

// nucleotide -1

// particle -1
sphere {
	<23.960691, 32.957134, 34.154819> 0.250000
	pigment { color rgbt <1,0,0,0> }
	no_shadow
}
cylinder {
	<24.330532, 33.029102, 34.289127>,  <24.552437, 33.072285, 34.369713>, 0.100000
	pigment { color rgbt <1,0,0,0> }
	no_shadow
}
cylinder {
	<24.330532, 33.029102, 34.289127>,  <23.960691, 32.957134, 34.154819>, 0.100000
	pigment { color rgbt <1,0,0,0> }
	no_shadow
}

// particle -1
sphere {
	<24.330532, 33.029102, 34.289127> 0.100000
	pigment { color rgbt <1,0,0,0> }
	no_shadow
}
sphere {
	0, 1
	scale<0.080000,0.200000,0.300000>
	matrix <-0.175008, 0.983533, -0.045119,
		-0.338355, -0.017045, 0.940864,
		0.924602, 0.179925, 0.335767,
		24.607912, 33.083080, 34.389858>
	pigment { color rgbt <0,1,1,0> }
	no_shadow
}
cylinder {
	<24.126652, 33.358944, 34.716312>,  <23.960691, 32.957134, 34.154819>, 0.130000
	pigment { color rgbt <1,0,0,0> }
	no_shadow
}

// nucleotide -1

// particle -1
sphere {
	<24.126652, 33.358944, 34.716312> 0.250000
	pigment { color rgbt <1,0,0,0> }
	no_shadow
}
cylinder {
	<24.052423, 33.604992, 34.409798>,  <24.007887, 33.752621, 34.225891>, 0.100000
	pigment { color rgbt <1,0,0,0> }
	no_shadow
}
cylinder {
	<24.052423, 33.604992, 34.409798>,  <24.126652, 33.358944, 34.716312>, 0.100000
	pigment { color rgbt <1,0,0,0> }
	no_shadow
}

// particle -1
sphere {
	<24.052423, 33.604992, 34.409798> 0.100000
	pigment { color rgbt <1,0,0,0> }
	no_shadow
}
sphere {
	0, 1
	scale<0.080000,0.200000,0.300000>
	matrix <0.898934, -0.208666, -0.385196,
		-0.396839, -0.760321, -0.514229,
		-0.185571, 0.615119, -0.766285,
		23.996752, 33.789528, 34.179913>
	pigment { color rgbt <0,1,1,0> }
	no_shadow
}
cylinder {
	<23.994036, 33.612621, 35.324257>,  <24.126652, 33.358944, 34.716312>, 0.130000
	pigment { color rgbt <1,0,0,0> }
	no_shadow
}

// nucleotide -1

// particle -1
sphere {
	<23.994036, 33.612621, 35.324257> 0.250000
	pigment { color rgbt <1,0,0,0> }
	no_shadow
}
cylinder {
	<24.343275, 33.598835, 35.129726>,  <24.552818, 33.590561, 35.013008>, 0.100000
	pigment { color rgbt <1,0,0,0> }
	no_shadow
}
cylinder {
	<24.343275, 33.598835, 35.129726>,  <23.994036, 33.612621, 35.324257>, 0.100000
	pigment { color rgbt <1,0,0,0> }
	no_shadow
}

// particle -1
sphere {
	<24.343275, 33.598835, 35.129726> 0.100000
	pigment { color rgbt <1,0,0,0> }
	no_shadow
}
sphere {
	0, 1
	scale<0.080000,0.200000,0.300000>
	matrix <0.158966, 0.963111, 0.217132,
		0.460901, -0.266886, 0.846370,
		0.873098, -0.034468, -0.486325,
		24.605204, 33.588493, 34.983829>
	pigment { color rgbt <0,1,1,0> }
	no_shadow
}
cylinder {
	<24.480648, 33.842167, 35.799168>,  <23.994036, 33.612621, 35.324257>, 0.130000
	pigment { color rgbt <1,0,0,0> }
	no_shadow
}

// nucleotide -1

// particle -1
sphere {
	<24.480648, 33.842167, 35.799168> 0.250000
	pigment { color rgbt <1,0,0,0> }
	no_shadow
}
cylinder {
	<24.621689, 33.895481, 35.428673>,  <24.706314, 33.927467, 35.206375>, 0.100000
	pigment { color rgbt <1,0,0,0> }
	no_shadow
}
cylinder {
	<24.621689, 33.895481, 35.428673>,  <24.480648, 33.842167, 35.799168>, 0.100000
	pigment { color rgbt <1,0,0,0> }
	no_shadow
}

// particle -1
sphere {
	<24.621689, 33.895481, 35.428673> 0.100000
	pigment { color rgbt <1,0,0,0> }
	no_shadow
}
sphere {
	0, 1
	scale<0.080000,0.200000,0.300000>
	matrix <0.105772, 0.977785, 0.180967,
		0.929776, -0.161779, 0.330672,
		0.352603, 0.133283, -0.926233,
		24.727470, 33.935467, 35.150803>
	pigment { color rgbt <0,1,1,0> }
	no_shadow
}
cylinder {
	<25.069233, 34.153057, 35.913128>,  <24.480648, 33.842167, 35.799168>, 0.130000
	pigment { color rgbt <1,0,0,0> }
	no_shadow
}

// nucleotide -1

// particle -1
sphere {
	<25.069233, 34.153057, 35.913128> 0.250000
	pigment { color rgbt <1,0,0,0> }
	no_shadow
}
cylinder {
	<24.932901, 34.234638, 35.546032>,  <24.851103, 34.283588, 35.325775>, 0.100000
	pigment { color rgbt <1,0,0,0> }
	no_shadow
}
cylinder {
	<24.932901, 34.234638, 35.546032>,  <25.069233, 34.153057, 35.913128>, 0.100000
	pigment { color rgbt <1,0,0,0> }
	no_shadow
}

// particle -1
sphere {
	<24.932901, 34.234638, 35.546032> 0.100000
	pigment { color rgbt <1,0,0,0> }
	no_shadow
}
sphere {
	0, 1
	scale<0.080000,0.200000,0.300000>
	matrix <0.288424, 0.951793, 0.104410,
		0.894789, -0.229110, -0.383224,
		-0.340829, 0.203956, -0.917735,
		24.830652, 34.295826, 35.270710>
	pigment { color rgbt <0,1,1,0> }
	no_shadow
}
cylinder {
	<25.539209, 34.613396, 35.479927>,  <25.069233, 34.153057, 35.913128>, 0.130000
	pigment { color rgbt <1,0,0,0> }
	no_shadow
}

// nucleotide -1

// particle -1
sphere {
	<25.539209, 34.613396, 35.479927> 0.250000
	pigment { color rgbt <1,0,0,0> }
	no_shadow
}
cylinder {
	<25.148069, 34.655094, 35.407326>,  <24.913385, 34.680111, 35.363766>, 0.100000
	pigment { color rgbt <1,0,0,0> }
	no_shadow
}
cylinder {
	<25.148069, 34.655094, 35.407326>,  <25.539209, 34.613396, 35.479927>, 0.100000
	pigment { color rgbt <1,0,0,0> }
	no_shadow
}

// particle -1
sphere {
	<25.148069, 34.655094, 35.407326> 0.100000
	pigment { color rgbt <1,0,0,0> }
	no_shadow
}
sphere {
	0, 1
	scale<0.080000,0.200000,0.300000>
	matrix <0.076985, 0.985494, 0.151248,
		0.194638, 0.133924, -0.971689,
		-0.977849, 0.104244, -0.181505,
		24.854715, 34.686367, 35.352875>
	pigment { color rgbt <0,1,1,0> }
	no_shadow
}
cylinder {
	<25.372807, 35.180603, 34.940468>,  <25.539209, 34.613396, 35.479927>, 0.130000
	pigment { color rgbt <1,0,0,0> }
	no_shadow
}

// nucleotide -1

// particle -1
sphere {
	<25.372807, 35.180603, 34.940468> 0.250000
	pigment { color rgbt <1,0,0,0> }
	no_shadow
}
cylinder {
	<25.097239, 35.106339, 35.220730>,  <24.931898, 35.061779, 35.388889>, 0.100000
	pigment { color rgbt <1,0,0,0> }
	no_shadow
}
cylinder {
	<25.097239, 35.106339, 35.220730>,  <25.372807, 35.180603, 34.940468>, 0.100000
	pigment { color rgbt <1,0,0,0> }
	no_shadow
}

// particle -1
sphere {
	<25.097239, 35.106339, 35.220730> 0.100000
	pigment { color rgbt <1,0,0,0> }
	no_shadow
}
sphere {
	0, 1
	scale<0.080000,0.200000,0.300000>
	matrix <-0.018725, 0.970876, 0.238850,
		-0.724596, 0.151428, -0.672332,
		-0.688920, -0.185659, 0.700657,
		24.890562, 35.050640, 35.430927>
	pigment { color rgbt <0,1,1,0> }
	no_shadow
}
cylinder {
	<25.196249, 35.552750, 34.215546>,  <25.372807, 35.180603, 34.940468>, 0.130000
	pigment { color rgbt <1,0,0,0> }
	no_shadow
}

// nucleotide -1

// particle -1
sphere {
	<25.196249, 35.552750, 34.215546> 0.250000
	pigment { color rgbt <1,0,0,0> }
	no_shadow
}
cylinder {
	<25.551430, 35.589931, 34.035366>,  <25.764538, 35.612240, 33.927258>, 0.100000
	pigment { color rgbt <1,0,0,0> }
	no_shadow
}
cylinder {
	<25.551430, 35.589931, 34.035366>,  <25.196249, 35.552750, 34.215546>, 0.100000
	pigment { color rgbt <1,0,0,0> }
	no_shadow
}

// particle -1
sphere {
	<25.551430, 35.589931, 34.035366> 0.100000
	pigment { color rgbt <1,0,0,0> }
	no_shadow
}
sphere {
	0, 1
	scale<0.080000,0.200000,0.300000>
	matrix <-0.415783, 0.580932, -0.699744,
		0.196635, 0.808627, 0.554488,
		0.887952, 0.092953, -0.450445,
		25.817816, 35.617817, 33.900234>
	pigment { color rgbt <0,1,1,0> }
	no_shadow
}
cylinder {
	<25.262325, 36.262794, 33.950413>,  <25.196249, 35.552750, 34.215546>, 0.130000
	pigment { color rgbt <1,0,0,0> }
	no_shadow
}

// nucleotide -1

// particle -1
sphere {
	<25.262325, 36.262794, 33.950413> 0.250000
	pigment { color rgbt <1,0,0,0> }
	no_shadow
}
cylinder {
	<25.580273, 36.112915, 33.759506>,  <25.771042, 36.022987, 33.644962>, 0.100000
	pigment { color rgbt <1,0,0,0> }
	no_shadow
}
cylinder {
	<25.580273, 36.112915, 33.759506>,  <25.262325, 36.262794, 33.950413>, 0.100000
	pigment { color rgbt <1,0,0,0> }
	no_shadow
}

// particle -1
sphere {
	<25.580273, 36.112915, 33.759506> 0.100000
	pigment { color rgbt <1,0,0,0> }
	no_shadow
}
sphere {
	0, 1
	scale<0.080000,0.200000,0.300000>
	matrix <-0.185852, 0.598415, -0.779332,
		0.577617, 0.708169, 0.406024,
		0.794869, -0.374696, -0.477269,
		25.818733, 36.000507, 33.616325>
	pigment { color rgbt <0,1,1,0> }
	no_shadow
}
cylinder {
	<25.667028, 36.859764, 33.668095>,  <25.262325, 36.262794, 33.950413>, 0.130000
	pigment { color rgbt <1,0,0,0> }
	no_shadow
}

// nucleotide -1

// particle -1
sphere {
	<25.667028, 36.859764, 33.668095> 0.250000
	pigment { color rgbt <1,0,0,0> }
	no_shadow
}
cylinder {
	<25.753443, 36.535480, 33.450439>,  <25.805292, 36.340912, 33.319847>, 0.100000
	pigment { color rgbt <1,0,0,0> }
	no_shadow
}
cylinder {
	<25.753443, 36.535480, 33.450439>,  <25.667028, 36.859764, 33.668095>, 0.100000
	pigment { color rgbt <1,0,0,0> }
	no_shadow
}

// particle -1
sphere {
	<25.753443, 36.535480, 33.450439> 0.100000
	pigment { color rgbt <1,0,0,0> }
	no_shadow
}
sphere {
	0, 1
	scale<0.080000,0.200000,0.300000>
	matrix <-0.031143, 0.551293, -0.833731,
		0.975888, 0.197063, 0.093851,
		0.216037, -0.810705, -0.544137,
		25.818254, 36.292271, 33.287197>
	pigment { color rgbt <0,1,1,0> }
	no_shadow
}
cylinder {
	<26.021805, 37.194775, 33.115986>,  <25.667028, 36.859764, 33.668095>, 0.130000
	pigment { color rgbt <1,0,0,0> }
	no_shadow
}

// nucleotide -1

// particle -1
sphere {
	<26.021805, 37.194775, 33.115986> 0.250000
	pigment { color rgbt <1,0,0,0> }
	no_shadow
}
cylinder {
	<25.913820, 36.830799, 32.990040>,  <25.849030, 36.612415, 32.914474>, 0.100000
	pigment { color rgbt <1,0,0,0> }
	no_shadow
}
cylinder {
	<25.913820, 36.830799, 32.990040>,  <26.021805, 37.194775, 33.115986>, 0.100000
	pigment { color rgbt <1,0,0,0> }
	no_shadow
}

// particle -1
sphere {
	<25.913820, 36.830799, 32.990040> 0.100000
	pigment { color rgbt <1,0,0,0> }
	no_shadow
}
sphere {
	0, 1
	scale<0.080000,0.200000,0.300000>
	matrix <0.024382, 0.320440, -0.946955,
		0.962562, -0.263319, -0.064321,
		-0.269962, -0.909935, -0.314863,
		25.832832, 36.557819, 32.895580>
	pigment { color rgbt <0,1,1,0> }
	no_shadow
}
cylinder {
	<26.434162, 37.075172, 32.476082>,  <26.021805, 37.194775, 33.115986>, 0.130000
	pigment { color rgbt <1,0,0,0> }
	no_shadow
}

// nucleotide -1

// particle -1
sphere {
	<26.434162, 37.075172, 32.476082> 0.250000
	pigment { color rgbt <1,0,0,0> }
	no_shadow
}
cylinder {
	<26.138933, 36.805573, 32.463585>,  <25.961796, 36.643814, 32.456085>, 0.100000
	pigment { color rgbt <1,0,0,0> }
	no_shadow
}
cylinder {
	<26.138933, 36.805573, 32.463585>,  <26.434162, 37.075172, 32.476082>, 0.100000
	pigment { color rgbt <1,0,0,0> }
	no_shadow
}

// particle -1
sphere {
	<26.138933, 36.805573, 32.463585> 0.100000
	pigment { color rgbt <1,0,0,0> }
	no_shadow
}
sphere {
	0, 1
	scale<0.080000,0.200000,0.300000>
	matrix <-0.130498, 0.188028, -0.973456,
		0.661981, -0.714404, -0.226734,
		-0.738073, -0.673997, -0.031243,
		25.917511, 36.603374, 32.454212>
	pigment { color rgbt <0,1,1,0> }
	no_shadow
}
cylinder {
	<26.447548, 36.328846, 32.176800>,  <26.434162, 37.075172, 32.476082>, 0.130000
	pigment { color rgbt <1,0,0,0> }
	no_shadow
}

// nucleotide -1

// particle -1
sphere {
	<26.447548, 36.328846, 32.176800> 0.250000
	pigment { color rgbt <1,0,0,0> }
	no_shadow
}
cylinder {
	<26.119150, 36.102150, 32.149155>,  <25.922112, 35.966133, 32.132568>, 0.100000
	pigment { color rgbt <1,0,0,0> }
	no_shadow
}
cylinder {
	<26.119150, 36.102150, 32.149155>,  <26.447548, 36.328846, 32.176800>, 0.100000
	pigment { color rgbt <1,0,0,0> }
	no_shadow
}

// particle -1
sphere {
	<26.119150, 36.102150, 32.149155> 0.100000
	pigment { color rgbt <1,0,0,0> }
	no_shadow
}
sphere {
	0, 1
	scale<0.080000,0.200000,0.300000>
	matrix <-0.243331, 0.456841, -0.855621,
		0.516488, -0.685641, -0.512969,
		-0.820993, -0.566739, -0.069115,
		25.872852, 35.932129, 32.128422>
	pigment { color rgbt <0,1,1,0> }
	no_shadow
}
cylinder {
	<26.353056, 35.934856, 31.499935>,  <26.447548, 36.328846, 32.176800>, 0.130000
	pigment { color rgbt <1,0,0,0> }
	no_shadow
}

// nucleotide -1

// particle -1
sphere {
	<26.353056, 35.934856, 31.499935> 0.250000
	pigment { color rgbt <1,0,0,0> }
	no_shadow
}
cylinder {
	<25.983299, 36.010021, 31.632715>,  <25.761446, 36.055119, 31.712383>, 0.100000
	pigment { color rgbt <1,0,0,0> }
	no_shadow
}
cylinder {
	<25.983299, 36.010021, 31.632715>,  <26.353056, 35.934856, 31.499935>, 0.100000
	pigment { color rgbt <1,0,0,0> }
	no_shadow
}

// particle -1
sphere {
	<25.983299, 36.010021, 31.632715> 0.100000
	pigment { color rgbt <1,0,0,0> }
	no_shadow
}
sphere {
	0, 1
	scale<0.080000,0.200000,0.300000>
	matrix <-0.227330, 0.427413, -0.875008,
		-0.306303, -0.884312, -0.352379,
		-0.924391, 0.187911, 0.331948,
		25.705982, 36.066395, 31.732300>
	pigment { color rgbt <0,1,1,0> }
	no_shadow
}
cylinder {
	<25.965742, 35.744968, 31.033255>,  <26.353056, 35.934856, 31.499935>, 0.130000
	pigment { color rgbt <1,0,0,0> }
	no_shadow
}

// nucleotide -1

// particle -1
sphere {
	<25.965742, 35.744968, 31.033255> 0.250000
	pigment { color rgbt <1,0,0,0> }
	no_shadow
}
cylinder {
	<25.745615, 36.011208, 31.234900>,  <25.613539, 36.170952, 31.355886>, 0.100000
	pigment { color rgbt <1,0,0,0> }
	no_shadow
}
cylinder {
	<25.745615, 36.011208, 31.234900>,  <25.965742, 35.744968, 31.033255>, 0.100000
	pigment { color rgbt <1,0,0,0> }
	no_shadow
}

// particle -1
sphere {
	<25.745615, 36.011208, 31.234900> 0.100000
	pigment { color rgbt <1,0,0,0> }
	no_shadow
}
sphere {
	0, 1
	scale<0.080000,0.200000,0.300000>
	matrix <-0.357077, 0.358148, -0.862686,
		-0.754751, -0.654755, 0.040576,
		-0.550316, 0.665601, 0.504110,
		25.580521, 36.210888, 31.386133>
	pigment { color rgbt <0,1,1,0> }
	no_shadow
}
cylinder {
	<25.251444, 35.608494, 30.934372>,  <25.965742, 35.744968, 31.033255>, 0.130000
	pigment { color rgbt <1,0,0,0> }
	no_shadow
}

// nucleotide -1

// particle -1
sphere {
	<25.251444, 35.608494, 30.934372> 0.250000
	pigment { color rgbt <1,0,0,0> }
	no_shadow
}
cylinder {
	<25.298120, 35.998405, 31.010471>,  <25.326126, 36.232353, 31.056131>, 0.100000
	pigment { color rgbt <1,0,0,0> }
	no_shadow
}
cylinder {
	<25.298120, 35.998405, 31.010471>,  <25.251444, 35.608494, 30.934372>, 0.100000
	pigment { color rgbt <1,0,0,0> }
	no_shadow
}

// particle -1
sphere {
	<25.298120, 35.998405, 31.010471> 0.100000
	pigment { color rgbt <1,0,0,0> }
	no_shadow
}
sphere {
	0, 1
	scale<0.080000,0.200000,0.300000>
	matrix <-0.380752, 0.220831, -0.897921,
		-0.917285, 0.032341, 0.396917,
		0.116691, 0.974776, 0.190251,
		25.333128, 36.290836, 31.067547>
	pigment { color rgbt <0,1,1,0> }
	no_shadow
}
cylinder {
	<25.052509, 35.269695, 30.185200>,  <25.251444, 35.608494, 30.934372>, 0.130000
	pigment { color rgbt <1,0,0,0> }
	no_shadow
}

// nucleotide -1

// particle -1
sphere {
	<25.052509, 35.269695, 30.185200> 0.250000
	pigment { color rgbt <1,0,0,0> }
	no_shadow
}
cylinder {
	<24.673450, 35.144798, 30.211948>,  <24.446016, 35.069859, 30.227999>, 0.100000
	pigment { color rgbt <1,0,0,0> }
	no_shadow
}
cylinder {
	<24.673450, 35.144798, 30.211948>,  <25.052509, 35.269695, 30.185200>, 0.100000
	pigment { color rgbt <1,0,0,0> }
	no_shadow
}

// particle -1
sphere {
	<24.673450, 35.144798, 30.211948> 0.100000
	pigment { color rgbt <1,0,0,0> }
	no_shadow
}
sphere {
	0, 1
	scale<0.080000,0.200000,0.300000>
	matrix <0.206244, -0.438606, 0.874694,
		-0.243786, 0.842692, 0.480041,
		-0.947645, -0.312243, 0.066874,
		24.389156, 35.051125, 30.232010>
	pigment { color rgbt <0,1,1,0> }
	no_shadow
}
cylinder {
	<24.835348, 35.966721, 30.254333>,  <25.052509, 35.269695, 30.185200>, 0.130000
	pigment { color rgbt <1,0,0,0> }
	no_shadow
}

// nucleotide -1

// particle -1
sphere {
	<24.835348, 35.966721, 30.254333> 0.250000
	pigment { color rgbt <1,0,0,0> }
	no_shadow
}
cylinder {
	<24.835602, 35.704319, 29.952431>,  <24.835754, 35.546879, 29.771290>, 0.100000
	pigment { color rgbt <1,0,0,0> }
	no_shadow
}
cylinder {
	<24.835602, 35.704319, 29.952431>,  <24.835348, 35.966721, 30.254333>, 0.100000
	pigment { color rgbt <1,0,0,0> }
	no_shadow
}

// particle -1
sphere {
	<24.835602, 35.704319, 29.952431> 0.100000
	pigment { color rgbt <1,0,0,0> }
	no_shadow
}
sphere {
	0, 1
	scale<0.080000,0.200000,0.300000>
	matrix <-0.621034, -0.591825, 0.513867,
		-0.783783, 0.468403, -0.407777,
		0.000636, -0.656004, -0.754757,
		24.835793, 35.507519, 29.726004>
	pigment { color rgbt <0,1,1,0> }
	no_shadow
}
cylinder {
	<25.278679, 36.597343, 30.051291>,  <24.835348, 35.966721, 30.254333>, 0.130000
	pigment { color rgbt <1,0,0,0> }
	no_shadow
}

// nucleotide -1

// particle -1
sphere {
	<25.278679, 36.597343, 30.051291> 0.250000
	pigment { color rgbt <1,0,0,0> }
	no_shadow
}
cylinder {
	<25.108910, 36.953976, 30.114479>,  <25.007048, 37.167953, 30.152391>, 0.100000
	pigment { color rgbt <1,0,0,0> }
	no_shadow
}
cylinder {
	<25.108910, 36.953976, 30.114479>,  <25.278679, 36.597343, 30.051291>, 0.100000
	pigment { color rgbt <1,0,0,0> }
	no_shadow
}

// particle -1
sphere {
	<25.108910, 36.953976, 30.114479> 0.100000
	pigment { color rgbt <1,0,0,0> }
	no_shadow
}
sphere {
	0, 1
	scale<0.080000,0.200000,0.300000>
	matrix <0.241138, -0.056867, 0.968823,
		0.872765, 0.449283, -0.190857,
		-0.424422, 0.891578, 0.157971,
		24.981583, 37.221451, 30.161871>
	pigment { color rgbt <0,1,1,0> }
	no_shadow
}
cylinder {
	<25.736355, 36.962273, 30.404863>,  <25.278679, 36.597343, 30.051291>, 0.130000
	pigment { color rgbt <1,0,0,0> }
	no_shadow
}

// nucleotide -1

// particle -1
sphere {
	<25.736355, 36.962273, 30.404863> 0.250000
	pigment { color rgbt <1,0,0,0> }
	no_shadow
}
cylinder {
	<25.380537, 37.107880, 30.515284>,  <25.167046, 37.195244, 30.581535>, 0.100000
	pigment { color rgbt <1,0,0,0> }
	no_shadow
}
cylinder {
	<25.380537, 37.107880, 30.515284>,  <25.736355, 36.962273, 30.404863>, 0.100000
	pigment { color rgbt <1,0,0,0> }
	no_shadow
}

// particle -1
sphere {
	<25.380537, 37.107880, 30.515284> 0.100000
	pigment { color rgbt <1,0,0,0> }
	no_shadow
}
sphere {
	0, 1
	scale<0.080000,0.200000,0.300000>
	matrix <0.233210, -0.157777, 0.959541,
		0.392842, 0.917932, 0.055458,
		-0.889544, 0.364014, 0.276052,
		25.113674, 37.217083, 30.598099>
	pigment { color rgbt <0,1,1,0> }
	no_shadow
}
cylinder {
	<25.815048, 37.431667, 30.943865>,  <25.736355, 36.962273, 30.404863>, 0.130000
	pigment { color rgbt <1,0,0,0> }
	no_shadow
}

// nucleotide -1

// particle -1
sphere {
	<25.815048, 37.431667, 30.943865> 0.250000
	pigment { color rgbt <1,0,0,0> }
	no_shadow
}
cylinder {
	<25.471231, 37.231007, 30.982916>,  <25.264940, 37.110611, 31.006346>, 0.100000
	pigment { color rgbt <1,0,0,0> }
	no_shadow
}
cylinder {
	<25.471231, 37.231007, 30.982916>,  <25.815048, 37.431667, 30.943865>, 0.100000
	pigment { color rgbt <1,0,0,0> }
	no_shadow
}

// particle -1
sphere {
	<25.471231, 37.231007, 30.982916> 0.100000
	pigment { color rgbt <1,0,0,0> }
	no_shadow
}
sphere {
	0, 1
	scale<0.080000,0.200000,0.300000>
	matrix <0.326900, -0.392839, 0.859543,
