// switches for output
#declare DRAW_BASES = 1; // possible values are 0, 1; only relevant for DNA ribbons
#declare DRAW_BASES_TYPE = 3; // possible values are 1, 2, 3; only relevant for DNA ribbons
#declare DRAW_FOG = 0; // set to 1 to enable fog

#include "colors.inc"

#include "transforms.inc"
background { rgb <1, 1, 1>}

#default {
   normal{
       ripples 0.25
       frequency 0.20
       turbulence 0.2
       lambda 5
   }
	finish {
		phong 0.1
		phong_size 40.
	}
}

// original window dimensions: 1024x640


// camera settings

camera {
	sky <0, 0.179814, -0.983701>
	up <0, 0.179814, -0.983701>
	right 1.6 * <1, 0, 0>
	location <35, 94.9851, 44.8844>
	look_at <35, 29.7336, 32.9568>
	direction <0, -65.2515, -11.9276>
	angle 67.0682
}


# declare cpy_camera_pos = <35, 94.9851, 44.8844>;
# if (DRAW_FOG = 1)
fog {
	fog_type 2
	up vnormalize(cpy_camera_pos)
	color rgbt<1,1,1,0.3>
	distance 1e-5
	fog_alt 3e-3
	fog_offset 56
}
# end


// LIGHTS

# declare lum = 6;
global_settings {
	ambient_light rgb lum * <0.05, 0.05, 0.05>
	max_trace_level 15
}# declare cpy_direct_light_amount = 0.25;
light_source
{	1000 * <-1, -1.16352, -0.803886>,
	rgb lum * cpy_direct_light_amount
	parallel
}

light_source
{	1000 * <1, 1.16352, 0.803886>,
	rgb lum * cpy_direct_light_amount
	parallel
}

// strand 0

// nucleotide -1

// particle -1
sphere {
	<24.545443, 35.115883, 35.086567> 0.250000
	pigment { color rgbt <1,0,0,0> }
	no_shadow
}
cylinder {
	<24.402599, 34.744644, 35.044388>,  <24.316893, 34.521900, 35.019081>, 0.100000
	pigment { color rgbt <1,0,0,0> }
	no_shadow
}
cylinder {
	<24.402599, 34.744644, 35.044388>,  <24.545443, 35.115883, 35.086567>, 0.100000
	pigment { color rgbt <1,0,0,0> }
	no_shadow
}

// particle -1
sphere {
	<24.402599, 34.744644, 35.044388> 0.100000
	pigment { color rgbt <1,0,0,0> }
	no_shadow
}
sphere {
	0, 1
	scale<0.080000,0.200000,0.300000>
	matrix <-0.613533, 0.147945, 0.775687,
		-0.704309, 0.341698, -0.622247,
		-0.357109, -0.928092, -0.105444,
		24.295467, 34.466217, 35.012756>
	pigment { color rgbt <0,1,1,0> }
	no_shadow
}
cylinder {
	<24.286488, 35.696724, 35.517105>,  <24.545443, 35.115883, 35.086567>, 0.130000
	pigment { color rgbt <1,0,0,0> }
	no_shadow
}

// nucleotide -1

// particle -1
sphere {
	<24.286488, 35.696724, 35.517105> 0.250000
	pigment { color rgbt <1,0,0,0> }
	no_shadow
}
cylinder {
	<24.506874, 35.699242, 35.183304>,  <24.639107, 35.700752, 34.983025>, 0.100000
	pigment { color rgbt <1,0,0,0> }
	no_shadow
}
cylinder {
	<24.506874, 35.699242, 35.183304>,  <24.286488, 35.696724, 35.517105>, 0.100000
	pigment { color rgbt <1,0,0,0> }
	no_shadow
}

// particle -1
sphere {
	<24.506874, 35.699242, 35.183304> 0.100000
	pigment { color rgbt <1,0,0,0> }
	no_shadow
}
sphere {
	0, 1
	scale<0.080000,0.200000,0.300000>
	matrix <0.544941, 0.754626, 0.365485,
		0.632039, -0.656125, 0.412343,
		0.550968, 0.006298, -0.834503,
		24.672165, 35.701130, 34.932953>
	pigment { color rgbt <0,1,1,0> }
	no_shadow
}
cylinder {
	<24.983076, 35.537586, 35.555668>,  <24.286488, 35.696724, 35.517105>, 0.130000
	pigment { color rgbt <1,0,0,0> }
	no_shadow
}

// nucleotide -1

// particle -1
sphere {
	<24.983076, 35.537586, 35.555668> 0.250000
	pigment { color rgbt <1,0,0,0> }
	no_shadow
}
cylinder {
	<24.983120, 35.772991, 35.232273>,  <24.983147, 35.914234, 35.038235>, 0.100000
	pigment { color rgbt <1,0,0,0> }
	no_shadow
}
cylinder {
	<24.983120, 35.772991, 35.232273>,  <24.983076, 35.537586, 35.555668>, 0.100000
	pigment { color rgbt <1,0,0,0> }
	no_shadow
}

// particle -1
sphere {
	<24.983120, 35.772991, 35.232273> 0.100000
	pigment { color rgbt <1,0,0,0> }
	no_shadow
}
sphere {
	0, 1
	scale<0.080000,0.200000,0.300000>
	matrix <0.607344, 0.642256, 0.467590,
		0.794439, -0.491083, -0.357358,
		0.000110, 0.588510, -0.808490,
		24.983152, 35.949543, 34.989727>
	pigment { color rgbt <0,1,1,0> }
	no_shadow
}
cylinder {
	<25.687931, 35.773369, 35.371414>,  <24.983076, 35.537586, 35.555668>, 0.130000
	pigment { color rgbt <1,0,0,0> }
	no_shadow
}

// nucleotide -1

// particle -1
sphere {
	<25.687931, 35.773369, 35.371414> 0.250000
	pigment { color rgbt <1,0,0,0> }
	no_shadow
}
cylinder {
	<25.431202, 36.043571, 35.226219>,  <25.277164, 36.205692, 35.139103>, 0.100000
	pigment { color rgbt <1,0,0,0> }
	no_shadow
}
cylinder {
	<25.431202, 36.043571, 35.226219>,  <25.687931, 35.773369, 35.371414>, 0.100000
	pigment { color rgbt <1,0,0,0> }
	no_shadow
}

// particle -1
sphere {
	<25.431202, 36.043571, 35.226219> 0.100000
	pigment { color rgbt <1,0,0,0> }
	no_shadow
}
sphere {
	0, 1
	scale<0.080000,0.200000,0.300000>
	matrix <0.446798, 0.714107, 0.538908,
		0.623248, 0.183700, -0.760142,
		-0.641821, 0.675503, -0.362989,
		25.238655, 36.246223, 35.117321>
	pigment { color rgbt <0,1,1,0> }
	no_shadow
}
cylinder {
	<26.124281, 36.263565, 35.139797>,  <25.687931, 35.773369, 35.371414>, 0.130000
	pigment { color rgbt <1,0,0,0> }
	no_shadow
}

// nucleotide -1

// particle -1
sphere {
	<26.124281, 36.263565, 35.139797> 0.250000
	pigment { color rgbt <1,0,0,0> }
	no_shadow
}
cylinder {
	<25.765703, 36.415421, 35.231243>,  <25.550556, 36.506535, 35.286110>, 0.100000
	pigment { color rgbt <1,0,0,0> }
	no_shadow
}
cylinder {
	<25.765703, 36.415421, 35.231243>,  <26.124281, 36.263565, 35.139797>, 0.100000
	pigment { color rgbt <1,0,0,0> }
	no_shadow
}

// particle -1
sphere {
	<25.765703, 36.415421, 35.231243> 0.100000
	pigment { color rgbt <1,0,0,0> }
	no_shadow
}
sphere {
	0, 1
	scale<0.080000,0.200000,0.300000>
	matrix <0.441390, 0.718820, 0.537097,
		0.039571, 0.582385, -0.811949,
		-0.896443, 0.379640, 0.228614,
		25.496771, 36.529312, 35.299828>
	pigment { color rgbt <0,1,1,0> }
	no_shadow
}
cylinder {
	<26.155226, 36.945801, 34.974239>,  <26.124281, 36.263565, 35.139797>, 0.130000
	pigment { color rgbt <1,0,0,0> }
	no_shadow
}

// nucleotide -1

// particle -1
sphere {
	<26.155226, 36.945801, 34.974239> 0.250000
	pigment { color rgbt <1,0,0,0> }
	no_shadow
}
cylinder {
	<25.853539, 36.917030, 35.235310>,  <25.672525, 36.899769, 35.391953>, 0.100000
	pigment { color rgbt <1,0,0,0> }
	no_shadow
}
cylinder {
	<25.853539, 36.917030, 35.235310>,  <26.155226, 36.945801, 34.974239>, 0.100000
	pigment { color rgbt <1,0,0,0> }
	no_shadow
}

// particle -1
sphere {
	<25.853539, 36.917030, 35.235310> 0.100000
	pigment { color rgbt <1,0,0,0> }
	no_shadow
}
sphere {
	0, 1
	scale<0.080000,0.200000,0.300000>
	matrix <0.347659, 0.799487, 0.489850,
		-0.557035, 0.596362, -0.577983,
		-0.754218, -0.071922, 0.652673,
		25.627274, 36.895454, 35.431110>
	pigment { color rgbt <0,1,1,0> }
	no_shadow
}
cylinder {
	<25.817432, 37.535641, 34.952484>,  <26.155226, 36.945801, 34.974239>, 0.130000
	pigment { color rgbt <1,0,0,0> }
	no_shadow
}

// nucleotide -1

// particle -1
sphere {
	<25.817432, 37.535641, 34.952484> 0.250000
	pigment { color rgbt <1,0,0,0> }
	no_shadow
}
cylinder {
	<25.717169, 37.404415, 35.316799>,  <25.657011, 37.325680, 35.535389>, 0.100000
	pigment { color rgbt <1,0,0,0> }
	no_shadow
}
cylinder {
	<25.717169, 37.404415, 35.316799>,  <25.817432, 37.535641, 34.952484>, 0.100000
	pigment { color rgbt <1,0,0,0> }
	no_shadow
}

// particle -1
sphere {
	<25.717169, 37.404415, 35.316799> 0.100000
	pigment { color rgbt <1,0,0,0> }
	no_shadow
}
sphere {
	0, 1
	scale<0.080000,0.200000,0.300000>
	matrix <0.196860, 0.903896, 0.379762,
		-0.947849, 0.274488, -0.161984,
		-0.250657, -0.328068, 0.910792,
		25.641972, 37.305996, 35.590038>
	pigment { color rgbt <0,1,1,0> }
	no_shadow
}
cylinder {
	<25.310141, 37.998981, 35.376564>,  <25.817432, 37.535641, 34.952484>, 0.130000
	pigment { color rgbt <1,0,0,0> }
	no_shadow
}

// nucleotide -1

// particle -1
sphere {
	<25.310141, 37.998981, 35.376564> 0.250000
	pigment { color rgbt <1,0,0,0> }
	no_shadow
}
cylinder {
	<25.525784, 37.773548, 35.626919>,  <25.655169, 37.638287, 35.777130>, 0.100000
	pigment { color rgbt <1,0,0,0> }
	no_shadow
}
cylinder {
	<25.525784, 37.773548, 35.626919>,  <25.310141, 37.998981, 35.376564>, 0.100000
	pigment { color rgbt <1,0,0,0> }
	no_shadow
}

// particle -1
sphere {
	<25.525784, 37.773548, 35.626919> 0.100000
	pigment { color rgbt <1,0,0,0> }
	no_shadow
}
sphere {
	0, 1
	scale<0.080000,0.200000,0.300000>
	matrix <0.253143, 0.817189, 0.517804,
		-0.803296, -0.120712, 0.583219,
		0.539105, -0.563588, 0.625887,
		25.687515, 37.604473, 35.814686>
	pigment { color rgbt <0,1,1,0> }
	no_shadow
}
cylinder {
	<25.276382, 38.423443, 35.953629>,  <25.310141, 37.998981, 35.376564>, 0.130000
	pigment { color rgbt <1,0,0,0> }
	no_shadow
}

// nucleotide -1

// particle -1
sphere {
	<25.276382, 38.423443, 35.953629> 0.250000
	pigment { color rgbt <1,0,0,0> }
	no_shadow
}
cylinder {
	<25.592695, 38.181973, 35.994102>,  <25.782482, 38.037090, 36.018387>, 0.100000
	pigment { color rgbt <1,0,0,0> }
	no_shadow
}
cylinder {
	<25.592695, 38.181973, 35.994102>,  <25.276382, 38.423443, 35.953629>, 0.100000
	pigment { color rgbt <1,0,0,0> }
	no_shadow
}

// particle -1
sphere {
	<25.592695, 38.181973, 35.994102> 0.100000
	pigment { color rgbt <1,0,0,0> }
	no_shadow
}
sphere {
	0, 1
	scale<0.080000,0.200000,0.300000>
	matrix <0.455118, 0.690427, 0.562298,
		-0.409306, -0.398605, 0.820721,
		0.790782, -0.603676, 0.101184,
		25.829929, 38.000870, 36.024456>
	pigment { color rgbt <0,1,1,0> }
	no_shadow
}
cylinder {
	<25.476339, 38.549824, 36.608700>,  <25.276382, 38.423443, 35.953629>, 0.130000
	pigment { color rgbt <1,0,0,0> }
	no_shadow
}

// nucleotide -1

// particle -1
sphere {
	<25.476339, 38.549824, 36.608700> 0.250000
	pigment { color rgbt <1,0,0,0> }
	no_shadow
}
cylinder {
	<25.805426, 38.379074, 36.458542>,  <26.002878, 38.276627, 36.368446>, 0.100000
	pigment { color rgbt <1,0,0,0> }
	no_shadow
}
cylinder {
	<25.805426, 38.379074, 36.458542>,  <25.476339, 38.549824, 36.608700>, 0.100000
	pigment { color rgbt <1,0,0,0> }
	no_shadow
}

// particle -1
sphere {
	<25.805426, 38.379074, 36.458542> 0.100000
	pigment { color rgbt <1,0,0,0> }
	no_shadow
}
sphere {
	0, 1
	scale<0.080000,0.200000,0.300000>
	matrix <0.565724, 0.679477, 0.467191,
		0.055641, -0.596735, 0.800507,
		0.822715, -0.426871, -0.375394,
		26.052240, 38.251011, 36.345924>
	pigment { color rgbt <0,1,1,0> }
	no_shadow
}
cylinder {
	<25.868052, 38.272987, 37.171909>,  <25.476339, 38.549824, 36.608700>, 0.130000
	pigment { color rgbt <1,0,0,0> }
	no_shadow
}

// nucleotide -1

// particle -1
sphere {
	<25.868052, 38.272987, 37.171909> 0.250000
	pigment { color rgbt <1,0,0,0> }
	no_shadow
}
cylinder {
	<26.086723, 38.423225, 36.872559>,  <26.217926, 38.513367, 36.692947>, 0.100000
	pigment { color rgbt <1,0,0,0> }
	no_shadow
}
cylinder {
	<26.086723, 38.423225, 36.872559>,  <25.868052, 38.272987, 37.171909>, 0.100000
	pigment { color rgbt <1,0,0,0> }
	no_shadow
}

// particle -1
sphere {
	<26.086723, 38.423225, 36.872559> 0.100000
	pigment { color rgbt <1,0,0,0> }
	no_shadow
}
sphere {
	0, 1
	scale<0.080000,0.200000,0.300000>
	matrix <0.454149, 0.617881, 0.641850,
		0.703482, -0.690763, 0.167209,
		0.546682, 0.375592, -0.748378,
		26.250729, 38.535904, 36.648045>
	pigment { color rgbt <0,1,1,0> }
	no_shadow
}
cylinder {
	<26.629820, 38.202389, 37.316143>,  <25.868052, 38.272987, 37.171909>, 0.130000
	pigment { color rgbt <1,0,0,0> }
	no_shadow
}

// nucleotide -1

// particle -1
sphere {
	<26.629820, 38.202389, 37.316143> 0.250000
	pigment { color rgbt <1,0,0,0> }
	no_shadow
}
cylinder {
	<26.526554, 38.532578, 37.115364>,  <26.464596, 38.730690, 36.994896>, 0.100000
	pigment { color rgbt <1,0,0,0> }
	no_shadow
}
cylinder {
	<26.526554, 38.532578, 37.115364>,  <26.629820, 38.202389, 37.316143>, 0.100000
	pigment { color rgbt <1,0,0,0> }
	no_shadow
}

// particle -1
sphere {
	<26.526554, 38.532578, 37.115364> 0.100000
	pigment { color rgbt <1,0,0,0> }
	no_shadow
}
sphere {
	0, 1
	scale<0.080000,0.200000,0.300000>
	matrix <0.262330, 0.559936, 0.785910,
		0.929804, 0.071216, -0.361100,
		-0.258163, 0.825469, -0.501948,
		26.449106, 38.780220, 36.964779>
	pigment { color rgbt <0,1,1,0> }
	no_shadow
}
cylinder {
	<27.151316, 38.725460, 37.456150>,  <26.629820, 38.202389, 37.316143>, 0.130000
	pigment { color rgbt <1,0,0,0> }
	no_shadow
}

// nucleotide -1

// particle -1
sphere {
	<27.151316, 38.725460, 37.456150> 0.250000
	pigment { color rgbt <1,0,0,0> }
	no_shadow
}
cylinder {
	<26.850046, 38.951874, 37.322083>,  <26.669285, 39.087723, 37.241642>, 0.100000
	pigment { color rgbt <1,0,0,0> }
	no_shadow
}
cylinder {
	<26.850046, 38.951874, 37.322083>,  <27.151316, 38.725460, 37.456150>, 0.100000
	pigment { color rgbt <1,0,0,0> }
	no_shadow
}

// particle -1
sphere {
	<26.850046, 38.951874, 37.322083> 0.100000
	pigment { color rgbt <1,0,0,0> }
	no_shadow
}
sphere {
	0, 1
	scale<0.080000,0.200000,0.300000>
	matrix <0.447458, 0.814309, 0.369704,
		0.482194, 0.128478, -0.866592,
		-0.753173, 0.566033, -0.335167,
		26.624094, 39.121685, 37.221531>
	pigment { color rgbt <0,1,1,0> }
	no_shadow
}
cylinder {
	<27.222918, 39.259174, 36.997723>,  <27.151316, 38.725460, 37.456150>, 0.130000
	pigment { color rgbt <1,0,0,0> }
	no_shadow
}

// nucleotide -1

// particle -1
sphere {
	<27.222918, 39.259174, 36.997723> 0.250000
	pigment { color rgbt <1,0,0,0> }
	no_shadow
}
cylinder {
	<26.917042, 39.430473, 37.190331>,  <26.733517, 39.533253, 37.305893>, 0.100000
	pigment { color rgbt <1,0,0,0> }
	no_shadow
}
cylinder {
	<26.917042, 39.430473, 37.190331>,  <27.222918, 39.259174, 36.997723>, 0.100000
	pigment { color rgbt <1,0,0,0> }
	no_shadow
}

// particle -1
sphere {
	<26.917042, 39.430473, 37.190331> 0.100000
	pigment { color rgbt <1,0,0,0> }
	no_shadow
}
sphere {
	0, 1
	scale<0.080000,0.200000,0.300000>
	matrix <0.480092, 0.877042, -0.017581,
		-0.429839, 0.217729, -0.876260,
		-0.764689, 0.428243, 0.481517,
		26.687635, 39.558945, 37.334785>
	pigment { color rgbt <0,1,1,0> }
	no_shadow
}
cylinder {
	<26.698233, 39.785843, 36.618084>,  <27.222918, 39.259174, 36.997723>, 0.130000
	pigment { color rgbt <1,0,0,0> }
	no_shadow
}

// nucleotide -1

// particle -1
sphere {
	<26.698233, 39.785843, 36.618084> 0.250000
	pigment { color rgbt <1,0,0,0> }
	no_shadow
}
cylinder {
	<26.731037, 39.866165, 37.008560>,  <26.750719, 39.914356, 37.242847>, 0.100000
	pigment { color rgbt <1,0,0,0> }
	no_shadow
}
cylinder {
	<26.731037, 39.866165, 37.008560>,  <26.698233, 39.785843, 36.618084>, 0.100000
	pigment { color rgbt <1,0,0,0> }
	no_shadow
}

// particle -1
sphere {
	<26.731037, 39.866165, 37.008560> 0.100000
	pigment { color rgbt <1,0,0,0> }
	no_shadow
}
sphere {
	0, 1
	scale<0.080000,0.200000,0.300000>
	matrix <0.503798, 0.836779, -0.214449,
		-0.859920, 0.509391, -0.032540,
		0.082010, 0.200803, 0.976193,
		26.755640, 39.926407, 37.301418>
	pigment { color rgbt <0,1,1,0> }
	no_shadow
}
cylinder {
	<26.814466, 39.303745, 35.931770>,  <26.698233, 39.785843, 36.618084>, 0.130000
	pigment { color rgbt <1,0,0,0> }
	no_shadow
}

// nucleotide -1

// particle -1
sphere {
	<26.814466, 39.303745, 35.931770> 0.250000
	pigment { color rgbt <1,0,0,0> }
	no_shadow
}
cylinder {
	<26.782206, 39.058090, 36.245796>,  <26.762850, 38.910698, 36.434212>, 0.100000
	pigment { color rgbt <1,0,0,0> }
	no_shadow
}
cylinder {
	<26.782206, 39.058090, 36.245796>,  <26.814466, 39.303745, 35.931770>, 0.100000
	pigment { color rgbt <1,0,0,0> }
	no_shadow
}

// particle -1
sphere {
	<26.782206, 39.058090, 36.245796> 0.100000
	pigment { color rgbt <1,0,0,0> }
	no_shadow
}
sphere {
	0, 1
	scale<0.080000,0.200000,0.300000>
	matrix <-0.498710, -0.657091, -0.565261,
		0.863009, -0.437109, -0.253283,
		-0.080651, -0.614140, 0.785065,
		26.758011, 38.873848, 36.481316>
	pigment { color rgbt <0,1,1,0> }
	no_shadow
}
cylinder {
	<27.208105, 38.780983, 35.716583>,  <26.814466, 39.303745, 35.931770>, 0.130000
	pigment { color rgbt <1,0,0,0> }
	no_shadow
}

// nucleotide -1

// particle -1
sphere {
	<27.208105, 38.780983, 35.716583> 0.250000
	pigment { color rgbt <1,0,0,0> }
	no_shadow
}
cylinder {
	<26.896887, 38.700809, 35.954735>,  <26.710155, 38.652706, 36.097626>, 0.100000
	pigment { color rgbt <1,0,0,0> }
	no_shadow
}
cylinder {
	<26.896887, 38.700809, 35.954735>,  <27.208105, 38.780983, 35.716583>, 0.100000
	pigment { color rgbt <1,0,0,0> }
	no_shadow
}

// particle -1
sphere {
	<26.896887, 38.700809, 35.954735> 0.100000
	pigment { color rgbt <1,0,0,0> }
	no_shadow
}
sphere {
	0, 1
	scale<0.080000,0.200000,0.300000>
	matrix <-0.186533, -0.831284, -0.523615,
		0.599877, -0.518453, 0.609388,
		-0.778044, -0.200434, 0.595377,
		26.663473, 38.640678, 36.133347>
	pigment { color rgbt <0,1,1,0> }
	no_shadow
}
cylinder {
	<27.127378, 37.956432, 35.736233>,  <27.208105, 38.780983, 35.716583>, 0.130000
	pigment { color rgbt <1,0,0,0> }
	no_shadow
}

// nucleotide -1

// particle -1
sphere {
	<27.127378, 37.956432, 35.736233> 0.250000
	pigment { color rgbt <1,0,0,0> }
	no_shadow
}
cylinder {
	<26.784777, 38.051224, 35.919640>,  <26.579216, 38.108101, 36.029682>, 0.100000
	pigment { color rgbt <1,0,0,0> }
	no_shadow
}
cylinder {
	<26.784777, 38.051224, 35.919640>,  <27.127378, 37.956432, 35.736233>, 0.100000
	pigment { color rgbt <1,0,0,0> }
	no_shadow
}

// particle -1
sphere {
	<26.784777, 38.051224, 35.919640> 0.100000
	pigment { color rgbt <1,0,0,0> }
	no_shadow
}
sphere {
	0, 1
	scale<0.080000,0.200000,0.300000>
	matrix <-0.428082, -0.822462, -0.374569,
		0.288348, -0.517104, 0.805890,
		-0.856505, 0.236981, 0.458518,
		26.527824, 38.122318, 36.057194>
	pigment { color rgbt <0,1,1,0> }
	no_shadow
}
cylinder {
	<26.922091, 37.375645, 36.037560>,  <27.127378, 37.956432, 35.736233>, 0.130000
	pigment { color rgbt <1,0,0,0> }
	no_shadow
}

// nucleotide -1

// particle -1
sphere {
	<26.922091, 37.375645, 36.037560> 0.250000
	pigment { color rgbt <1,0,0,0> }
	no_shadow
}
cylinder {
	<26.569668, 37.562557, 36.066936>,  <26.358215, 37.674706, 36.084560>, 0.100000
	pigment { color rgbt <1,0,0,0> }
	no_shadow
}
cylinder {
	<26.569668, 37.562557, 36.066936>,  <26.922091, 37.375645, 36.037560>, 0.100000
	pigment { color rgbt <1,0,0,0> }
	no_shadow
}

// particle -1
sphere {
	<26.569668, 37.562557, 36.066936> 0.100000
	pigment { color rgbt <1,0,0,0> }
	no_shadow
}
sphere {
	0, 1
	scale<0.080000,0.200000,0.300000>
	matrix <-0.472935, -0.867399, -0.154763,
		-0.008617, -0.171087, 0.985218,
		-0.881055, 0.467278, 0.073439,
		26.305351, 37.702740, 36.088966>
	pigment { color rgbt <0,1,1,0> }
	no_shadow
}
cylinder {
	<26.486872, 36.955849, 36.539429>,  <26.922091, 37.375645, 36.037560>, 0.130000
	pigment { color rgbt <1,0,0,0> }
	no_shadow
}

// nucleotide -1

// particle -1
sphere {
	<26.486872, 36.955849, 36.539429> 0.250000
	pigment { color rgbt <1,0,0,0> }
	no_shadow
}
cylinder {
	<26.220978, 37.157059, 36.318489>,  <26.061441, 37.277786, 36.185925>, 0.100000
	pigment { color rgbt <1,0,0,0> }
	no_shadow
}
cylinder {
	<26.220978, 37.157059, 36.318489>,  <26.486872, 36.955849, 36.539429>, 0.100000
	pigment { color rgbt <1,0,0,0> }
	no_shadow
}

// particle -1
sphere {
	<26.220978, 37.157059, 36.318489> 0.100000
	pigment { color rgbt <1,0,0,0> }
	no_shadow
}
sphere {
	0, 1
	scale<0.080000,0.200000,0.300000>
	matrix <-0.492729, -0.850944, -0.181970,
		-0.561556, 0.151198, 0.813507,
		-0.664735, 0.503025, -0.552353,
		26.021557, 37.307968, 36.152782>
	pigment { color rgbt <0,1,1,0> }
	no_shadow
}
cylinder {
	<25.827278, 36.766766, 36.791615>,  <26.486872, 36.955849, 36.539429>, 0.130000
	pigment { color rgbt <1,0,0,0> }
	no_shadow
}

// nucleotide -1

// particle -1
sphere {
	<25.827278, 36.766766, 36.791615> 0.250000
	pigment { color rgbt <1,0,0,0> }
	no_shadow
}
cylinder {
	<25.794868, 36.901924, 36.416538>,  <25.775423, 36.983021, 36.191494>, 0.100000
	pigment { color rgbt <1,0,0,0> }
	no_shadow
}
cylinder {
	<25.794868, 36.901924, 36.416538>,  <25.827278, 36.766766, 36.791615>, 0.100000
	pigment { color rgbt <1,0,0,0> }
	no_shadow
}

// particle -1
sphere {
	<25.794868, 36.901924, 36.416538> 0.100000
	pigment { color rgbt <1,0,0,0> }
	no_shadow
}
sphere {
	0, 1
	scale<0.080000,0.200000,0.300000>
	matrix <-0.618859, -0.754525, -0.218416,
		-0.781312, 0.562600, 0.270245,
		-0.081025, 0.337895, -0.937690,
		25.770561, 37.003292, 36.135231>
	pigment { color rgbt <0,1,1,0> }
	no_shadow
}
cylinder {
	<25.121614, 36.962715, 36.807930>,  <25.827278, 36.766766, 36.791615>, 0.130000
	pigment { color rgbt <1,0,0,0> }
	no_shadow
}

// nucleotide -1

// particle -1
sphere {
	<25.121614, 36.962715, 36.807930> 0.250000
	pigment { color rgbt <1,0,0,0> }
	no_shadow
}
cylinder {
	<25.248968, 37.046345, 36.438084>,  <25.325380, 37.096523, 36.216175>, 0.100000
	pigment { color rgbt <1,0,0,0> }
	no_shadow
}
cylinder {
	<25.248968, 37.046345, 36.438084>,  <25.121614, 36.962715, 36.807930>, 0.100000
	pigment { color rgbt <1,0,0,0> }
	no_shadow
}

// particle -1
sphere {
	<25.248968, 37.046345, 36.438084> 0.100000
	pigment { color rgbt <1,0,0,0> }
	no_shadow
}
sphere {
	0, 1
	scale<0.080000,0.200000,0.300000>
	matrix <-0.238087, -0.926476, -0.291473,
		-0.917576, 0.312941, -0.245199,
		0.318385, 0.209070, -0.924619,
		25.344484, 37.109066, 36.160698>
	pigment { color rgbt <0,1,1,0> }
	no_shadow
}
cylinder {
	<24.732977, 36.560257, 36.361511>,  <25.121614, 36.962715, 36.807930>, 0.130000
	pigment { color rgbt <1,0,0,0> }
	no_shadow
}

// nucleotide -1

// particle -1
sphere {
	<24.732977, 36.560257, 36.361511> 0.250000
	pigment { color rgbt <1,0,0,0> }
	no_shadow
}
cylinder {
	<25.048849, 36.674564, 36.144348>,  <25.238373, 36.743149, 36.014050>, 0.100000
	pigment { color rgbt <1,0,0,0> }
	no_shadow
}
cylinder {
	<25.048849, 36.674564, 36.144348>,  <24.732977, 36.560257, 36.361511>, 0.100000
	pigment { color rgbt <1,0,0,0> }
	no_shadow
}

// particle -1
sphere {
	<25.048849, 36.674564, 36.144348> 0.100000
	pigment { color rgbt <1,0,0,0> }
	no_shadow
}
sphere {
	0, 1
	scale<0.080000,0.200000,0.300000>
	matrix <-0.046723, -0.854320, -0.517643,
		-0.611737, 0.434138, -0.661287,
		0.789680, 0.285765, -0.542904,
		25.285753, 36.760292, 35.981476>
	pigment { color rgbt <0,1,1,0> }
	no_shadow
}
cylinder {
	<24.580654, 36.560898, 35.625038>,  <24.732977, 36.560257, 36.361511>, 0.130000
	pigment { color rgbt <1,0,0,0> }
	no_shadow
}

// nucleotide -1

// particle -1
sphere {
	<24.580654, 36.560898, 35.625038> 0.250000
	pigment { color rgbt <1,0,0,0> }
	no_shadow
}
cylinder {
	<24.950481, 36.423836, 35.691685>,  <25.172379, 36.341599, 35.731670>, 0.100000
	pigment { color rgbt <1,0,0,0> }
	no_shadow
}
cylinder {
	<24.950481, 36.423836, 35.691685>,  <24.580654, 36.560898, 35.625038>, 0.100000
	pigment { color rgbt <1,0,0,0> }
	no_shadow
}

// particle -1
sphere {
	<24.950481, 36.423836, 35.691685> 0.100000
	pigment { color rgbt <1,0,0,0> }
	no_shadow
}
sphere {
	0, 1
	scale<0.080000,0.200000,0.300000>
	matrix <-0.112551, -0.663391, -0.739760,
		0.364013, 0.665207, -0.651916,
		0.924569, -0.342656, 0.166613,
		25.227852, 36.321037, 35.741669>
	pigment { color rgbt <0,1,1,0> }
	no_shadow
}
cylinder {
	<24.399677, 37.285984, 35.390896>,  <24.580654, 36.560898, 35.625038>, 0.130000
	pigment { color rgbt <1,0,0,0> }
	no_shadow
}

// nucleotide -1

// particle -1
sphere {
	<24.399677, 37.285984, 35.390896> 0.250000
	pigment { color rgbt <1,0,0,0> }
	no_shadow
}
cylinder {
	<24.706827, 37.034386, 35.342346>,  <24.891117, 36.883427, 35.313217>, 0.100000
	pigment { color rgbt <1,0,0,0> }
	no_shadow
}
cylinder {
	<24.706827, 37.034386, 35.342346>,  <24.399677, 37.285984, 35.390896>, 0.100000
	pigment { color rgbt <1,0,0,0> }
	no_shadow
}

// particle -1
sphere {
	<24.706827, 37.034386, 35.342346> 0.100000
	pigment { color rgbt <1,0,0,0> }
	no_shadow
}
sphere {
	0, 1
	scale<0.080000,0.200000,0.300000>
	matrix <-0.473874, -0.430242, -0.768333,
		0.431062, 0.647497, -0.628437,
		0.767873, -0.628999, -0.121371,
		24.937189, 36.845688, 35.305935>
	pigment { color rgbt <0,1,1,0> }
	no_shadow
}
cylinder {
	<24.515059, 37.185070, 34.682358>,  <24.399677, 37.285984, 35.390896>, 0.130000
	pigment { color rgbt <1,0,0,0> }
	no_shadow
}

// nucleotide -1

// particle -1
sphere {
	<24.515059, 37.185070, 34.682358> 0.250000
	pigment { color rgbt <1,0,0,0> }
	no_shadow
}
cylinder {
	<24.723963, 36.882481, 34.839836>,  <24.849304, 36.700928, 34.934322>, 0.100000
	pigment { color rgbt <1,0,0,0> }
	no_shadow
}
cylinder {
	<24.723963, 36.882481, 34.839836>,  <24.515059, 37.185070, 34.682358>, 0.100000
	pigment { color rgbt <1,0,0,0> }
	no_shadow
}

// particle -1
sphere {
	<24.723963, 36.882481, 34.839836> 0.100000
	pigment { color rgbt <1,0,0,0> }
	no_shadow
}
sphere {
	0, 1
	scale<0.080000,0.200000,0.300000>
	matrix <-0.371489, -0.617362, -0.693441,
		0.767620, 0.215903, -0.603445,
		0.522260, -0.756472, 0.393694,
		24.880640, 36.655540, 34.957943>
	pigment { color rgbt <0,1,1,0> }
	no_shadow
}
cylinder {
	<24.760250, 36.805157, 34.080265>,  <24.515059, 37.185070, 34.682358>, 0.130000
	pigment { color rgbt <1,0,0,0> }
	no_shadow
}

// nucleotide -1

// particle -1
sphere {
	<24.760250, 36.805157, 34.080265> 0.250000
	pigment { color rgbt <1,0,0,0> }
	no_shadow
}
cylinder {
	<24.840244, 36.554623, 34.381653>,  <24.888241, 36.404301, 34.562485>, 0.100000
	pigment { color rgbt <1,0,0,0> }
	no_shadow
}
cylinder {
	<24.840244, 36.554623, 34.381653>,  <24.760250, 36.805157, 34.080265>, 0.100000
	pigment { color rgbt <1,0,0,0> }
	no_shadow
}

// particle -1
sphere {
	<24.840244, 36.554623, 34.381653> 0.100000
	pigment { color rgbt <1,0,0,0> }
	no_shadow
}
sphere {
	0, 1
	scale<0.080000,0.200000,0.300000>
	matrix <-0.343984, -0.764934, -0.544565,
		0.917431, -0.150275, -0.368425,
		0.199986, -0.626334, 0.753466,
		24.900240, 36.366722, 34.607693>
	pigment { color rgbt <0,1,1,0> }
	no_shadow
}
cylinder {
	<25.073698, 36.498158, 33.498421>,  <24.760250, 36.805157, 34.080265>, 0.130000
	pigment { color rgbt <1,0,0,0> }
	no_shadow
}

// nucleotide -1

// particle -1
sphere {
	<25.073698, 36.498158, 33.498421> 0.250000
	pigment { color rgbt <1,0,0,0> }
	no_shadow
}
cylinder {
	<25.232164, 36.347012, 33.163692>,  <25.327244, 36.256325, 32.962856>, 0.100000
	pigment { color rgbt <1,0,0,0> }
	no_shadow
}
cylinder {
	<25.232164, 36.347012, 33.163692>,  <25.073698, 36.498158, 33.498421>, 0.100000
	pigment { color rgbt <1,0,0,0> }
	no_shadow
}

// particle -1
sphere {
	<25.232164, 36.347012, 33.163692> 0.100000
	pigment { color rgbt <1,0,0,0> }
	no_shadow
}
sphere {
	0, 1
	scale<0.080000,0.200000,0.300000>
	matrix <0.516723, 0.845123, -0.136982,
		0.758978, -0.378138, 0.530060,
		0.396168, -0.377860, -0.836823,
		25.351015, 36.233654, 32.912647>
	pigment { color rgbt <0,1,1,0> }
	no_shadow
}
cylinder {
	<25.844635, 36.562759, 33.498463>,  <25.073698, 36.498158, 33.498421>, 0.130000
	pigment { color rgbt <1,0,0,0> }
	no_shadow
}

// nucleotide -1

// particle -1
sphere {
	<25.844635, 36.562759, 33.498463> 0.250000
	pigment { color rgbt <1,0,0,0> }
	no_shadow
}
cylinder {
	<25.703375, 36.563606, 33.124237>,  <25.618620, 36.564114, 32.899700>, 0.100000
	pigment { color rgbt <1,0,0,0> }
	no_shadow
}
cylinder {
	<25.703375, 36.563606, 33.124237>,  <25.844635, 36.562759, 33.498463>, 0.100000
	pigment { color rgbt <1,0,0,0> }
	no_shadow
}

// particle -1
sphere {
	<25.703375, 36.563606, 33.124237> 0.100000
	pigment { color rgbt <1,0,0,0> }
	no_shadow
}
sphere {
	0, 1
	scale<0.080000,0.200000,0.300000>
	matrix <0.588319, 0.778038, -0.220312,
		0.727438, -0.628214, -0.276010,
		-0.353149, 0.002118, -0.935565,
		25.597429, 36.564243, 32.843567>
	pigment { color rgbt <0,1,1,0> }
	no_shadow
}
cylinder {
	<26.346197, 36.338924, 32.915611>,  <25.844635, 36.562759, 33.498463>, 0.130000
	pigment { color rgbt <1,0,0,0> }
	no_shadow
}

// nucleotide -1

// particle -1
sphere {
	<26.346197, 36.338924, 32.915611> 0.250000
	pigment { color rgbt <1,0,0,0> }
	no_shadow
}
cylinder {
	<26.093563, 36.625340, 32.796692>,  <25.941982, 36.797188, 32.725342>, 0.100000
	pigment { color rgbt <1,0,0,0> }
	no_shadow
}
cylinder {
	<26.093563, 36.625340, 32.796692>,  <26.346197, 36.338924, 32.915611>, 0.100000
	pigment { color rgbt <1,0,0,0> }
	no_shadow
}

// particle -1
sphere {
	<26.093563, 36.625340, 32.796692> 0.100000
	pigment { color rgbt <1,0,0,0> }
	no_shadow
}
sphere {
	0, 1
	scale<0.080000,0.200000,0.300000>
	matrix <0.749635, 0.661849, 0.001527,
		0.197858, -0.221899, -0.954784,
		-0.631584, 0.716042, -0.297296,
		25.904087, 36.840153, 32.707504>
	pigment { color rgbt <0,1,1,0> }
	no_shadow
}
cylinder {
	<26.634199, 36.846416, 32.540810>,  <26.346197, 36.338924, 32.915611>, 0.130000
	pigment { color rgbt <1,0,0,0> }
	no_shadow
}

// nucleotide -1

// particle -1
sphere {
	<26.634199, 36.846416, 32.540810> 0.250000
	pigment { color rgbt <1,0,0,0> }
	no_shadow
}
cylinder {
	<26.325848, 37.084389, 32.631855>,  <26.140837, 37.227173, 32.686481>, 0.100000
	pigment { color rgbt <1,0,0,0> }
	no_shadow
}
cylinder {
	<26.325848, 37.084389, 32.631855>,  <26.634199, 36.846416, 32.540810>, 0.100000
	pigment { color rgbt <1,0,0,0> }
	no_shadow
}

// particle -1
sphere {
	<26.325848, 37.084389, 32.631855> 0.100000
	pigment { color rgbt <1,0,0,0> }
	no_shadow
}
sphere {
	0, 1
	scale<0.080000,0.200000,0.300000>
	matrix <0.616222, 0.787002, 0.029986,
		-0.161292, 0.163375, -0.973290,
		-0.770880, 0.594926, 0.227612,
		26.094584, 37.262867, 32.700138>
	pigment { color rgbt <0,1,1,0> }
	no_shadow
}
cylinder {
	<27.030186, 37.065445, 31.906389>,  <26.634199, 36.846416, 32.540810>, 0.130000
	pigment { color rgbt <1,0,0,0> }
	no_shadow
}

// nucleotide -1

// particle -1
sphere {
	<27.030186, 37.065445, 31.906389> 0.250000
	pigment { color rgbt <1,0,0,0> }
	no_shadow
}
cylinder {
	<27.153467, 36.686256, 31.938299>,  <27.227436, 36.458744, 31.957445>, 0.100000
	pigment { color rgbt <1,0,0,0> }
	no_shadow
}
cylinder {
	<27.153467, 36.686256, 31.938299>,  <27.030186, 37.065445, 31.906389>, 0.100000
	pigment { color rgbt <1,0,0,0> }
	no_shadow
}

// particle -1
sphere {
	<27.153467, 36.686256, 31.938299> 0.100000
	pigment { color rgbt <1,0,0,0> }
	no_shadow
}
sphere {
	0, 1
	scale<0.080000,0.200000,0.300000>
	matrix <-0.271481, -0.168013, -0.947665,
		0.911760, 0.270419, -0.309139,
		0.308206, -0.947969, 0.079774,
		27.245930, 36.401867, 31.962231>
	pigment { color rgbt <0,1,1,0> }
	no_shadow
}
cylinder {
	<27.445246, 36.852642, 31.309998>,  <27.030186, 37.065445, 31.906389>, 0.130000
	pigment { color rgbt <1,0,0,0> }
	no_shadow
}

// nucleotide -1

// particle -1
sphere {
	<27.445246, 36.852642, 31.309998> 0.250000
	pigment { color rgbt <1,0,0,0> }
	no_shadow
}
cylinder {
	<27.310450, 36.512360, 31.471359>,  <27.229572, 36.308189, 31.568176>, 0.100000
	pigment { color rgbt <1,0,0,0> }
	no_shadow
}
cylinder {
	<27.310450, 36.512360, 31.471359>,  <27.445246, 36.852642, 31.309998>, 0.100000
	pigment { color rgbt <1,0,0,0> }
	no_shadow
}

// particle -1
sphere {
	<27.310450, 36.512360, 31.471359> 0.100000
	pigment { color rgbt <1,0,0,0> }
	no_shadow
}
sphere {
	0, 1
	scale<0.080000,0.200000,0.300000>
	matrix <-0.070160, -0.404585, -0.911805,
		0.938891, -0.335571, 0.076655,
		-0.336989, -0.850707, 0.403405,
		27.209352, 36.257149, 31.592381>
	pigment { color rgbt <0,1,1,0> }
	no_shadow
}
cylinder {
	<27.792114, 36.269344, 30.884596>,  <27.445246, 36.852642, 31.309998>, 0.130000
	pigment { color rgbt <1,0,0,0> }
	no_shadow
}

// nucleotide -1

// particle -1
sphere {
	<27.792114, 36.269344, 30.884596> 0.250000
	pigment { color rgbt <1,0,0,0> }
	no_shadow
}
cylinder {
	<27.495935, 36.066143, 31.060631>,  <27.318228, 35.944221, 31.166252>, 0.100000
	pigment { color rgbt <1,0,0,0> }
	no_shadow
}
cylinder {
	<27.495935, 36.066143, 31.060631>,  <27.792114, 36.269344, 30.884596>, 0.100000
	pigment { color rgbt <1,0,0,0> }
	no_shadow
}

// particle -1
sphere {
	<27.495935, 36.066143, 31.060631> 0.100000
	pigment { color rgbt <1,0,0,0> }
	no_shadow
}
sphere {
	0, 1
	scale<0.080000,0.200000,0.300000>
	matrix <-0.296832, -0.340299, -0.892237,
		0.603019, -0.791284, 0.101181,
		-0.740444, -0.508003, 0.440085,
		27.273802, 35.913742, 31.192656>
	pigment { color rgbt <0,1,1,0> }
	no_shadow
}
cylinder {
	<27.730968, 35.554291, 30.620741>,  <27.792114, 36.269344, 30.884596>, 0.130000
	pigment { color rgbt <1,0,0,0> }
	no_shadow
}

// nucleotide -1

// particle -1
sphere {
	<27.730968, 35.554291, 30.620741> 0.250000
	pigment { color rgbt <1,0,0,0> }
	no_shadow
}
cylinder {
	<27.385681, 35.698898, 30.761686>,  <27.178509, 35.785664, 30.846254>, 0.100000
	pigment { color rgbt <1,0,0,0> }
	no_shadow
}
cylinder {
	<27.385681, 35.698898, 30.761686>,  <27.730968, 35.554291, 30.620741>, 0.100000
	pigment { color rgbt <1,0,0,0> }
	no_shadow
}

// particle -1
sphere {
	<27.385681, 35.698898, 30.761686> 0.100000
	pigment { color rgbt <1,0,0,0> }
	no_shadow
}
sphere {
	0, 1
	scale<0.080000,0.200000,0.300000>
	matrix <-0.482367, -0.384751, -0.786949,
		-0.148924, -0.849277, 0.506508,
		-0.863217, 0.361518, 0.352364,
		27.126717, 35.807354, 30.867395>
	pigment { color rgbt <0,1,1,0> }
	no_shadow
}
cylinder {
	<27.849535, 35.305920, 31.257183>,  <27.730968, 35.554291, 30.620741>, 0.130000
	pigment { color rgbt <1,0,0,0> }
	no_shadow
}

// nucleotide -1

// particle -1
sphere {
	<27.849535, 35.305920, 31.257183> 0.250000
	pigment { color rgbt <1,0,0,0> }
	no_shadow
}
cylinder {
	<27.454618, 35.259514, 31.300631>,  <27.217669, 35.231670, 31.326698>, 0.100000
	pigment { color rgbt <1,0,0,0> }
	no_shadow
}
cylinder {
	<27.454618, 35.259514, 31.300631>,  <27.849535, 35.305920, 31.257183>, 0.100000
	pigment { color rgbt <1,0,0,0> }
	no_shadow
}

// particle -1
sphere {
	<27.454618, 35.259514, 31.300631> 0.100000
	pigment { color rgbt <1,0,0,0> }
	no_shadow
}
sphere {
	0, 1
	scale<0.080000,0.200000,0.300000>
	matrix <-0.121504, 0.110486, -0.986423,
		0.102419, -0.987086, -0.123176,
		-0.987293, -0.115995, 0.108619,
		27.158432, 35.224709, 31.333216>
	pigment { color rgbt <0,1,1,0> }
	no_shadow
}
cylinder {
	<27.465809, 34.727428, 30.927094>,  <27.849535, 35.305920, 31.257183>, 0.130000
	pigment { color rgbt <1,0,0,0> }
	no_shadow
}

// nucleotide -1

// particle -1
sphere {
	<27.465809, 34.727428, 30.927094> 0.250000
	pigment { color rgbt <1,0,0,0> }
	no_shadow
}
cylinder {
	<27.222775, 35.041561, 30.974579>,  <27.076954, 35.230042, 31.003071>, 0.100000
	pigment { color rgbt <1,0,0,0> }
	no_shadow
}
cylinder {
	<27.222775, 35.041561, 30.974579>,  <27.465809, 34.727428, 30.927094>, 0.100000
	pigment { color rgbt <1,0,0,0> }
	no_shadow
}

// particle -1
sphere {
	<27.222775, 35.041561, 30.974579> 0.100000
	pigment { color rgbt <1,0,0,0> }
	no_shadow
}
sphere {
	0, 1
	scale<0.080000,0.200000,0.300000>
	matrix <-0.209047, -0.013923, -0.977806,
		-0.766250, -0.618918, 0.172631,
		-0.607586, 0.785332, 0.118714,
		27.040499, 35.277161, 31.010193>
	pigment { color rgbt <0,1,1,0> }
	no_shadow
}
cylinder {
	<26.863136, 34.532124, 30.490150>,  <27.465809, 34.727428, 30.927094>, 0.130000
	pigment { color rgbt <1,0,0,0> }
	no_shadow
}

// nucleotide -1

// particle -1
sphere {
	<26.863136, 34.532124, 30.490150> 0.250000
	pigment { color rgbt <1,0,0,0> }
	no_shadow
}
cylinder {
	<26.777447, 34.915649, 30.564741>,  <26.726032, 35.145767, 30.609495>, 0.100000
	pigment { color rgbt <1,0,0,0> }
	no_shadow
}
cylinder {
	<26.777447, 34.915649, 30.564741>,  <26.863136, 34.532124, 30.490150>, 0.100000
	pigment { color rgbt <1,0,0,0> }
	no_shadow
}

// particle -1
sphere {
	<26.777447, 34.915649, 30.564741> 0.100000
	pigment { color rgbt <1,0,0,0> }
	no_shadow
}
sphere {
	0, 1
	scale<0.080000,0.200000,0.300000>
	matrix <-0.357380, 0.100733, -0.928511,
		-0.909058, -0.265554, 0.321083,
		-0.214226, 0.958819, 0.186476,
		26.713179, 35.203297, 30.620684>
	pigment { color rgbt <0,1,1,0> }
	no_shadow
}
cylinder {
	<26.119953, 34.596951, 30.461792>,  <26.863136, 34.532124, 30.490150>, 0.130000
	pigment { color rgbt <1,0,0,0> }
	no_shadow
}

// nucleotide -1

// particle -1
sphere {
	<26.119953, 34.596951, 30.461792> 0.250000
	pigment { color rgbt <1,0,0,0> }
	no_shadow
}
cylinder {
	<26.274622, 34.963810, 30.423176>,  <26.367424, 35.183926, 30.400005>, 0.100000
	pigment { color rgbt <1,0,0,0> }
	no_shadow
}
cylinder {
	<26.274622, 34.963810, 30.423176>,  <26.119953, 34.596951, 30.461792>, 0.100000
	pigment { color rgbt <1,0,0,0> }
	no_shadow
}

// particle -1
sphere {
	<26.274622, 34.963810, 30.423176> 0.100000
	pigment { color rgbt <1,0,0,0> }
	no_shadow
}
sphere {
	0, 1
	scale<0.080000,0.200000,0.300000>
	matrix <-0.257451, 0.006829, -0.966267,
		-0.885552, 0.398485, 0.238761,
		0.386674, 0.917149, -0.096543,
		26.390625, 35.238956, 30.394213>
	pigment { color rgbt <0,1,1,0> }
	no_shadow
}
cylinder {
	<25.580999, 35.004383, 30.246199>,  <26.119953, 34.596951, 30.461792>, 0.130000
	pigment { color rgbt <1,0,0,0> }
	no_shadow
}

// nucleotide -1

// particle -1
sphere {
	<25.580999, 35.004383, 30.246199> 0.250000
	pigment { color rgbt <1,0,0,0> }
	no_shadow
}
cylinder {
	<25.926456, 35.182583, 30.151831>,  <26.133730, 35.289501, 30.095209>, 0.100000
	pigment { color rgbt <1,0,0,0> }
	no_shadow
}
cylinder {
	<25.926456, 35.182583, 30.151831>,  <25.580999, 35.004383, 30.246199>, 0.100000
	pigment { color rgbt <1,0,0,0> }
	no_shadow
}

// particle -1
sphere {
	<25.926456, 35.182583, 30.151831> 0.100000
	pigment { color rgbt <1,0,0,0> }
	no_shadow
}
sphere {
	0, 1
	scale<0.080000,0.200000,0.300000>
	matrix <-0.296321, 0.070022, -0.952518,
		-0.407823, 0.892542, 0.192483,
		0.863640, 0.445495, -0.235922,
		26.185549, 35.316231, 30.081055>
	pigment { color rgbt <0,1,1,0> }
	no_shadow
}
cylinder {
	<25.850849, 34.960964, 29.500940>,  <25.580999, 35.004383, 30.246199>, 0.130000
	pigment { color rgbt <1,0,0,0> }
	no_shadow
}

// nucleotide -1

// particle -1
sphere {
	<25.850849, 34.960964, 29.500940> 0.250000
	pigment { color rgbt <1,0,0,0> }
	no_shadow
}
cylinder {
	<25.978622, 35.329483, 29.412233>,  <26.055286, 35.550594, 29.359009>, 0.100000
	pigment { color rgbt <1,0,0,0> }
	no_shadow
}
cylinder {
	<25.978622, 35.329483, 29.412233>,  <25.850849, 34.960964, 29.500940>, 0.100000
	pigment { color rgbt <1,0,0,0> }
	no_shadow
}

// particle -1
sphere {
	<25.978622, 35.329483, 29.412233> 0.100000
	pigment { color rgbt <1,0,0,0> }
	no_shadow
}
sphere {
	0, 1
	scale<0.080000,0.200000,0.300000>
	matrix <0.047629, 0.218122, 0.974759,
		0.946411, -0.321933, 0.025795,
		0.319433, 0.921294, -0.221766,
		26.074453, 35.605869, 29.345703>
	pigment { color rgbt <0,1,1,0> }
	no_shadow
}
cylinder {
	<26.651796, 35.211987, 29.722012>,  <25.850849, 34.960964, 29.500940>, 0.130000
	pigment { color rgbt <1,0,0,0> }
	no_shadow
}

// nucleotide -1

// particle -1
sphere {
	<26.651796, 35.211987, 29.722012> 0.250000
	pigment { color rgbt <1,0,0,0> }
	no_shadow
}
cylinder {
	<26.395189, 35.518120, 29.701136>,  <26.241224, 35.701797, 29.688610>, 0.100000
	pigment { color rgbt <1,0,0,0> }
	no_shadow
}
cylinder {
	<26.395189, 35.518120, 29.701136>,  <26.651796, 35.211987, 29.722012>, 0.100000
	pigment { color rgbt <1,0,0,0> }
	no_shadow
}

// particle -1
sphere {
	<26.395189, 35.518120, 29.701136> 0.100000
	pigment { color rgbt <1,0,0,0> }
	no_shadow
}
sphere {
	0, 1
	scale<0.080000,0.200000,0.300000>
	matrix <0.052773, 0.111904, 0.992317,
		0.765291, 0.633834, -0.112177,
		-0.641518, 0.765331, -0.052190,
		26.202734, 35.747719, 29.685478>
	pigment { color rgbt <0,1,1,0> }
	no_shadow
}
cylinder {
	<27.011606, 35.816250, 29.792574>,  <26.651796, 35.211987, 29.722012>, 0.130000
	pigment { color rgbt <1,0,0,0> }
	no_shadow
}

// nucleotide -1

// particle -1
sphere {
	<27.011606, 35.816250, 29.792574> 0.250000
	pigment { color rgbt <1,0,0,0> }
	no_shadow
}
cylinder {
	<26.634832, 35.812809, 29.926849>,  <26.408768, 35.810745, 30.007414>, 0.100000
	pigment { color rgbt <1,0,0,0> }
	no_shadow
}
cylinder {
	<26.634832, 35.812809, 29.926849>,  <27.011606, 35.816250, 29.792574>, 0.100000
	pigment { color rgbt <1,0,0,0> }
	no_shadow
}

// particle -1
sphere {
	<26.634832, 35.812809, 29.926849> 0.100000
	pigment { color rgbt <1,0,0,0> }
	no_shadow
}
sphere {
	0, 1
	scale<0.080000,0.200000,0.300000>
	matrix <0.334999, -0.092920, 0.937625,
