// switches for output
#declare DRAW_BASES = 1; // possible values are 0, 1; only relevant for DNA ribbons
#declare DRAW_BASES_TYPE = 3; // possible values are 1, 2, 3; only relevant for DNA ribbons
#declare DRAW_FOG = 0; // set to 1 to enable fog

#include "colors.inc"

#include "transforms.inc"
background { rgb <1, 1, 1>}

#default {
   normal{
       ripples 0.25
       frequency 0.20
       turbulence 0.2
       lambda 5
   }
	finish {
		phong 0.1
		phong_size 40.
	}
}

// original window dimensions: 1024x640


// camera settings

camera {
	sky <0, 0.179814, -0.983701>
	up <0, 0.179814, -0.983701>
	right 1.6 * <1, 0, 0>
	location <35, 94.9851, 44.8844>
	look_at <35, 29.7336, 32.9568>
	direction <0, -65.2515, -11.9276>
	angle 67.0682
}


# declare cpy_camera_pos = <35, 94.9851, 44.8844>;
# if (DRAW_FOG = 1)
fog {
	fog_type 2
	up vnormalize(cpy_camera_pos)
	color rgbt<1,1,1,0.3>
	distance 1e-5
	fog_alt 3e-3
	fog_offset 56
}
# end


// LIGHTS

# declare lum = 6;
global_settings {
	ambient_light rgb lum * <0.05, 0.05, 0.05>
	max_trace_level 15
}# declare cpy_direct_light_amount = 0.25;
light_source
{	1000 * <-1, -1.16352, -0.803886>,
	rgb lum * cpy_direct_light_amount
	parallel
}

light_source
{	1000 * <1, 1.16352, 0.803886>,
	rgb lum * cpy_direct_light_amount
	parallel
}

// strand 0

// nucleotide -1

// particle -1
sphere {
	<24.643585, 35.156368, 34.619190> 0.250000
	pigment { color rgbt <1,0,0,0> }
	no_shadow
}
cylinder {
	<24.457138, 34.950150, 34.906788>,  <24.345270, 34.826420, 35.079346>, 0.100000
	pigment { color rgbt <1,0,0,0> }
	no_shadow
}
cylinder {
	<24.457138, 34.950150, 34.906788>,  <24.643585, 35.156368, 34.619190>, 0.100000
	pigment { color rgbt <1,0,0,0> }
	no_shadow
}

// particle -1
sphere {
	<24.457138, 34.950150, 34.906788> 0.100000
	pigment { color rgbt <1,0,0,0> }
	no_shadow
}
sphere {
	0, 1
	scale<0.080000,0.200000,0.300000>
	matrix <0.617477, 0.392436, 0.681701,
		-0.633605, 0.761714, 0.135414,
		-0.466120, -0.515544, 0.718990,
		24.317303, 34.795486, 35.122486>
	pigment { color rgbt <0,1,1,0> }
	no_shadow
}
cylinder {
	<24.507744, 35.031403, 33.865067>,  <24.643585, 35.156368, 34.619190>, 0.130000
	pigment { color rgbt <1,0,0,0> }
	no_shadow
}

// nucleotide -1

// particle -1
sphere {
	<24.507744, 35.031403, 33.865067> 0.250000
	pigment { color rgbt <1,0,0,0> }
	no_shadow
}
cylinder {
	<24.150436, 35.209503, 33.889790>,  <23.936052, 35.316364, 33.904625>, 0.100000
	pigment { color rgbt <1,0,0,0> }
	no_shadow
}
cylinder {
	<24.150436, 35.209503, 33.889790>,  <24.507744, 35.031403, 33.865067>, 0.100000
	pigment { color rgbt <1,0,0,0> }
	no_shadow
}

// particle -1
sphere {
	<24.150436, 35.209503, 33.889790> 0.100000
	pigment { color rgbt <1,0,0,0> }
	no_shadow
}
sphere {
	0, 1
	scale<0.080000,0.200000,0.300000>
	matrix <-0.421517, -0.781894, -0.459309,
		-0.156177, -0.436342, 0.886123,
		-0.893270, 0.445250, 0.061812,
		23.882456, 35.343079, 33.908333>
	pigment { color rgbt <0,1,1,0> }
	no_shadow
}
cylinder {
	<24.784088, 35.219017, 33.215164>,  <24.507744, 35.031403, 33.865067>, 0.130000
	pigment { color rgbt <1,0,0,0> }
	no_shadow
}

// nucleotide -1

// particle -1
sphere {
	<24.784088, 35.219017, 33.215164> 0.250000
	pigment { color rgbt <1,0,0,0> }
	no_shadow
}
cylinder {
	<25.099417, 35.012127, 33.081882>,  <25.288614, 34.887993, 33.001915>, 0.100000
	pigment { color rgbt <1,0,0,0> }
	no_shadow
}
cylinder {
	<25.099417, 35.012127, 33.081882>,  <24.784088, 35.219017, 33.215164>, 0.100000
	pigment { color rgbt <1,0,0,0> }
	no_shadow
}

// particle -1
sphere {
	<25.099417, 35.012127, 33.081882> 0.100000
	pigment { color rgbt <1,0,0,0> }
	no_shadow
}
sphere {
	0, 1
	scale<0.080000,0.200000,0.300000>
	matrix <0.288778, 0.789255, -0.541926,
		0.543280, 0.330991, 0.771551,
		0.788323, -0.517225, -0.333204,
		25.335915, 34.856960, 32.981922>
	pigment { color rgbt <0,1,1,0> }
	no_shadow
}
cylinder {
	<25.308687, 35.622772, 33.433277>,  <24.784088, 35.219017, 33.215164>, 0.130000
	pigment { color rgbt <1,0,0,0> }
	no_shadow
}

// nucleotide -1

// particle -1
sphere {
	<25.308687, 35.622772, 33.433277> 0.250000
	pigment { color rgbt <1,0,0,0> }
	no_shadow
}
cylinder {
	<25.457472, 35.379482, 33.152790>,  <25.546743, 35.233509, 32.984497>, 0.100000
	pigment { color rgbt <1,0,0,0> }
	no_shadow
}
cylinder {
	<25.457472, 35.379482, 33.152790>,  <25.308687, 35.622772, 33.433277>, 0.100000
	pigment { color rgbt <1,0,0,0> }
	no_shadow
}

// particle -1
sphere {
	<25.457472, 35.379482, 33.152790> 0.100000
	pigment { color rgbt <1,0,0,0> }
	no_shadow
}
sphere {
	0, 1
	scale<0.080000,0.200000,0.300000>
	matrix <0.327210, 0.792844, -0.514132,
		0.868665, -0.038208, 0.493925,
		0.371961, -0.608226, -0.701218,
		25.569059, 35.197014, 32.942425>
	pigment { color rgbt <0,1,1,0> }
	no_shadow
}
cylinder {
	<26.039761, 35.747749, 33.316017>,  <25.308687, 35.622772, 33.433277>, 0.130000
	pigment { color rgbt <1,0,0,0> }
	no_shadow
}

// nucleotide -1

// particle -1
sphere {
	<26.039761, 35.747749, 33.316017> 0.250000
	pigment { color rgbt <1,0,0,0> }
	no_shadow
}
cylinder {
	<25.902636, 35.592075, 32.974018>,  <25.820360, 35.498672, 32.768818>, 0.100000
	pigment { color rgbt <1,0,0,0> }
	no_shadow
}
cylinder {
	<25.902636, 35.592075, 32.974018>,  <26.039761, 35.747749, 33.316017>, 0.100000
	pigment { color rgbt <1,0,0,0> }
	no_shadow
}

// particle -1
sphere {
	<25.902636, 35.592075, 32.974018> 0.100000
	pigment { color rgbt <1,0,0,0> }
	no_shadow
}
sphere {
	0, 1
	scale<0.080000,0.200000,0.300000>
	matrix <0.324021, 0.805303, -0.496485,
		0.881753, -0.447237, -0.149965,
		-0.342814, -0.389185, -0.854993,
		25.799791, 35.475319, 32.717522>
	pigment { color rgbt <0,1,1,0> }
	no_shadow
}
cylinder {
	<26.523331, 35.983402, 32.868073>,  <26.039761, 35.747749, 33.316017>, 0.130000
	pigment { color rgbt <1,0,0,0> }
	no_shadow
}

// nucleotide -1

// particle -1
sphere {
	<26.523331, 35.983402, 32.868073> 0.250000
	pigment { color rgbt <1,0,0,0> }
	no_shadow
}
cylinder {
	<26.234718, 35.856735, 32.621784>,  <26.061550, 35.780735, 32.474010>, 0.100000
	pigment { color rgbt <1,0,0,0> }
	no_shadow
}
cylinder {
	<26.234718, 35.856735, 32.621784>,  <26.523331, 35.983402, 32.868073>, 0.100000
	pigment { color rgbt <1,0,0,0> }
	no_shadow
}

// particle -1
sphere {
	<26.234718, 35.856735, 32.621784> 0.100000
	pigment { color rgbt <1,0,0,0> }
	no_shadow
}
sphere {
	0, 1
	scale<0.080000,0.200000,0.300000>
	matrix <0.207350, 0.749645, -0.628521,
		0.660604, -0.581168, -0.475233,
		-0.721532, -0.316664, -0.615724,
		26.018259, 35.761734, 32.437065>
	pigment { color rgbt <0,1,1,0> }
	no_shadow
}
cylinder {
	<26.832241, 35.876900, 32.176460>,  <26.523331, 35.983402, 32.868073>, 0.130000
	pigment { color rgbt <1,0,0,0> }
	no_shadow
}

// nucleotide -1

// particle -1
sphere {
	<26.832241, 35.876900, 32.176460> 0.250000
	pigment { color rgbt <1,0,0,0> }
	no_shadow
}
cylinder {
	<26.444870, 35.963634, 32.127258>,  <26.212448, 36.015675, 32.097736>, 0.100000
	pigment { color rgbt <1,0,0,0> }
	no_shadow
}
cylinder {
	<26.444870, 35.963634, 32.127258>,  <26.832241, 35.876900, 32.176460>, 0.100000
	pigment { color rgbt <1,0,0,0> }
	no_shadow
}

// particle -1
sphere {
	<26.444870, 35.963634, 32.127258> 0.100000
	pigment { color rgbt <1,0,0,0> }
	no_shadow
}
sphere {
	0, 1
	scale<0.080000,0.200000,0.300000>
	matrix <0.234085, 0.621238, -0.747841,
		-0.085742, -0.753024, -0.652382,
		-0.968428, 0.216834, -0.123006,
		26.154341, 36.028687, 32.090355>
	pigment { color rgbt <0,1,1,0> }
	no_shadow
}
cylinder {
	<26.533863, 35.738583, 31.513159>,  <26.832241, 35.876900, 32.176460>, 0.130000
	pigment { color rgbt <1,0,0,0> }
	no_shadow
}

// nucleotide -1

// particle -1
sphere {
	<26.533863, 35.738583, 31.513159> 0.250000
	pigment { color rgbt <1,0,0,0> }
	no_shadow
}
cylinder {
	<26.325308, 36.043400, 31.666752>,  <26.200174, 36.226292, 31.758907>, 0.100000
	pigment { color rgbt <1,0,0,0> }
	no_shadow
}
cylinder {
	<26.325308, 36.043400, 31.666752>,  <26.533863, 35.738583, 31.513159>, 0.100000
	pigment { color rgbt <1,0,0,0> }
	no_shadow
}

// particle -1
sphere {
	<26.325308, 36.043400, 31.666752> 0.100000
	pigment { color rgbt <1,0,0,0> }
	no_shadow
}
sphere {
	0, 1
	scale<0.080000,0.200000,0.300000>
	matrix <0.228752, 0.558337, -0.797453,
		-0.822087, -0.327946, -0.465430,
		-0.521388, 0.762044, 0.383983,
		26.168892, 36.272015, 31.781946>
	pigment { color rgbt <0,1,1,0> }
	no_shadow
}
cylinder {
	<26.304508, 36.058167, 30.890951>,  <26.533863, 35.738583, 31.513159>, 0.130000
	pigment { color rgbt <1,0,0,0> }
	no_shadow
}

// nucleotide -1

// particle -1
sphere {
	<26.304508, 36.058167, 30.890951> 0.250000
	pigment { color rgbt <1,0,0,0> }
	no_shadow
}
cylinder {
	<26.277203, 36.315369, 31.196075>,  <26.260818, 36.469692, 31.379150>, 0.100000
	pigment { color rgbt <1,0,0,0> }
	no_shadow
}
cylinder {
	<26.277203, 36.315369, 31.196075>,  <26.304508, 36.058167, 30.890951>, 0.100000
	pigment { color rgbt <1,0,0,0> }
	no_shadow
}

// particle -1
sphere {
	<26.277203, 36.315369, 31.196075> 0.100000
	pigment { color rgbt <1,0,0,0> }
	no_shadow
}
sphere {
	0, 1
	scale<0.080000,0.200000,0.300000>
	matrix <0.430872, 0.708613, -0.558763,
		-0.899827, 0.290530, -0.325428,
		-0.068265, 0.643008, 0.762811,
		26.256723, 36.508270, 31.424919>
	pigment { color rgbt <0,1,1,0> }
	no_shadow
}
cylinder {
	<26.152649, 36.675697, 30.596273>,  <26.304508, 36.058167, 30.890951>, 0.130000
	pigment { color rgbt <1,0,0,0> }
	no_shadow
}

// nucleotide -1

// particle -1
sphere {
	<26.152649, 36.675697, 30.596273> 0.250000
	pigment { color rgbt <1,0,0,0> }
	no_shadow
}
cylinder {
	<26.318153, 36.775990, 30.946344>,  <26.417456, 36.836166, 31.156387>, 0.100000
	pigment { color rgbt <1,0,0,0> }
	no_shadow
}
cylinder {
	<26.318153, 36.775990, 30.946344>,  <26.152649, 36.675697, 30.596273>, 0.100000
	pigment { color rgbt <1,0,0,0> }
	no_shadow
}

// particle -1
sphere {
	<26.318153, 36.775990, 30.946344> 0.100000
	pigment { color rgbt <1,0,0,0> }
	no_shadow
}
sphere {
	0, 1
	scale<0.080000,0.200000,0.300000>
	matrix <0.506190, 0.735664, -0.450078,
		-0.756686, 0.629230, 0.177470,
		0.413760, 0.250734, 0.875177,
		26.442282, 36.851212, 31.208897>
	pigment { color rgbt <0,1,1,0> }
	no_shadow
}
cylinder {
	<26.234135, 37.429855, 30.527178>,  <26.152649, 36.675697, 30.596273>, 0.130000
	pigment { color rgbt <1,0,0,0> }
	no_shadow
}

// nucleotide -1

// particle -1
sphere {
	<26.234135, 37.429855, 30.527178> 0.250000
	pigment { color rgbt <1,0,0,0> }
	no_shadow
}
cylinder {
	<26.495893, 37.315243, 30.807081>,  <26.652948, 37.246475, 30.975023>, 0.100000
	pigment { color rgbt <1,0,0,0> }
	no_shadow
}
cylinder {
	<26.495893, 37.315243, 30.807081>,  <26.234135, 37.429855, 30.527178>, 0.100000
	pigment { color rgbt <1,0,0,0> }
	no_shadow
}

// particle -1
sphere {
	<26.495893, 37.315243, 30.807081> 0.100000
	pigment { color rgbt <1,0,0,0> }
	no_shadow
}
sphere {
	0, 1
	scale<0.080000,0.200000,0.300000>
	matrix <0.751894, 0.344663, -0.562018,
		-0.080144, 0.893927, 0.440989,
		0.654395, -0.286534, 0.699761,
		26.692211, 37.229282, 31.017010>
	pigment { color rgbt <0,1,1,0> }
	no_shadow
}
cylinder {
	<26.874283, 37.908051, 30.605543>,  <26.234135, 37.429855, 30.527178>, 0.130000
	pigment { color rgbt <1,0,0,0> }
	no_shadow
}

// nucleotide -1

// particle -1
sphere {
	<26.874283, 37.908051, 30.605543> 0.250000
	pigment { color rgbt <1,0,0,0> }
	no_shadow
}
cylinder {
	<26.976967, 37.529526, 30.684128>,  <27.038576, 37.302410, 30.731279>, 0.100000
	pigment { color rgbt <1,0,0,0> }
	no_shadow
}
cylinder {
	<26.976967, 37.529526, 30.684128>,  <26.874283, 37.908051, 30.605543>, 0.100000
	pigment { color rgbt <1,0,0,0> }
	no_shadow
}

// particle -1
sphere {
	<26.976967, 37.529526, 30.684128> 0.100000
	pigment { color rgbt <1,0,0,0> }
	no_shadow
}
sphere {
	0, 1
	scale<0.080000,0.200000,0.300000>
	matrix <0.752788, 0.068287, -0.654712,
		0.606145, 0.315964, 0.729901,
		0.256708, -0.946310, 0.196463,
		27.053980, 37.245632, 30.743067>
	pigment { color rgbt <0,1,1,0> }
	no_shadow
}
cylinder {
	<27.357491, 38.157879, 30.054930>,  <26.874283, 37.908051, 30.605543>, 0.130000
	pigment { color rgbt <1,0,0,0> }
	no_shadow
}

// nucleotide -1

// particle -1
sphere {
	<27.357491, 38.157879, 30.054930> 0.250000
	pigment { color rgbt <1,0,0,0> }
	no_shadow
}
cylinder {
	<27.659897, 38.035076, 30.286167>,  <27.841341, 37.961395, 30.424910>, 0.100000
	pigment { color rgbt <1,0,0,0> }
	no_shadow
}
cylinder {
	<27.659897, 38.035076, 30.286167>,  <27.357491, 38.157879, 30.054930>, 0.100000
	pigment { color rgbt <1,0,0,0> }
	no_shadow
}

// particle -1
sphere {
	<27.659897, 38.035076, 30.286167> 0.100000
	pigment { color rgbt <1,0,0,0> }
	no_shadow
}
sphere {
	0, 1
	scale<0.080000,0.200000,0.300000>
	matrix <-0.626884, -0.593679, 0.504541,
		0.188306, -0.743837, -0.641286,
		0.756014, -0.307004, 0.578093,
		27.886702, 37.942974, 30.459595>
	pigment { color rgbt <0,1,1,0> }
	no_shadow
}
cylinder {
	<27.340036, 37.330902, 30.244436>,  <27.357491, 38.157879, 30.054930>, 0.130000
	pigment { color rgbt <1,0,0,0> }
	no_shadow
}

// nucleotide -1

// particle -1
sphere {
	<27.340036, 37.330902, 30.244436> 0.250000
	pigment { color rgbt <1,0,0,0> }
	no_shadow
}
cylinder {
	<27.558233, 37.518635, 30.522188>,  <27.689152, 37.631275, 30.688839>, 0.100000
	pigment { color rgbt <1,0,0,0> }
	no_shadow
}
cylinder {
	<27.558233, 37.518635, 30.522188>,  <27.340036, 37.330902, 30.244436>, 0.100000
	pigment { color rgbt <1,0,0,0> }
	no_shadow
}

// particle -1
sphere {
	<27.558233, 37.518635, 30.522188> 0.100000
	pigment { color rgbt <1,0,0,0> }
	no_shadow
}
sphere {
	0, 1
	scale<0.080000,0.200000,0.300000>
	matrix <-0.434628, -0.549986, 0.713172,
		0.716615, -0.690827, -0.096028,
		0.545492, 0.469333, 0.694381,
		27.721880, 37.659435, 30.730503>
	pigment { color rgbt <0,1,1,0> }
	no_shadow
}
cylinder {
	<27.756121, 36.831169, 30.563444>,  <27.340036, 37.330902, 30.244436>, 0.130000
	pigment { color rgbt <1,0,0,0> }
	no_shadow
}

// nucleotide -1

// particle -1
sphere {
	<27.756121, 36.831169, 30.563444> 0.250000
	pigment { color rgbt <1,0,0,0> }
	no_shadow
}
cylinder {
	<27.656656, 37.139126, 30.798536>,  <27.596977, 37.323902, 30.939592>, 0.100000
	pigment { color rgbt <1,0,0,0> }
	no_shadow
}
cylinder {
	<27.656656, 37.139126, 30.798536>,  <27.756121, 36.831169, 30.563444>, 0.100000
	pigment { color rgbt <1,0,0,0> }
	no_shadow
}

// particle -1
sphere {
	<27.656656, 37.139126, 30.798536> 0.100000
	pigment { color rgbt <1,0,0,0> }
	no_shadow
}
sphere {
	0, 1
	scale<0.080000,0.200000,0.300000>
	matrix <-0.497244, -0.622196, 0.604666,
		0.831214, -0.141888, 0.537542,
		-0.248662, 0.769896, 0.587730,
		27.582058, 37.370094, 30.974855>
	pigment { color rgbt <0,1,1,0> }
	no_shadow
}
cylinder {
	<27.804918, 36.553410, 31.278448>,  <27.756121, 36.831169, 30.563444>, 0.130000
	pigment { color rgbt <1,0,0,0> }
	no_shadow
}

// nucleotide -1

// particle -1
sphere {
	<27.804918, 36.553410, 31.278448> 0.250000
	pigment { color rgbt <1,0,0,0> }
	no_shadow
}
cylinder {
	<27.560019, 36.861000, 31.204880>,  <27.413078, 37.045555, 31.160738>, 0.100000
	pigment { color rgbt <1,0,0,0> }
	no_shadow
}
cylinder {
	<27.560019, 36.861000, 31.204880>,  <27.804918, 36.553410, 31.278448>, 0.100000
	pigment { color rgbt <1,0,0,0> }
	no_shadow
}

// particle -1
sphere {
	<27.560019, 36.861000, 31.204880> 0.100000
	pigment { color rgbt <1,0,0,0> }
	no_shadow
}
sphere {
	0, 1
	scale<0.080000,0.200000,0.300000>
	matrix <-0.705121, -0.425793, 0.567014,
		0.357708, 0.476840, 0.802912,
		-0.612249, 0.768976, -0.183921,
		27.376343, 37.091694, 31.149704>
	pigment { color rgbt <0,1,1,0> }
	no_shadow
}
cylinder {
	<27.606974, 36.889854, 31.851967>,  <27.804918, 36.553410, 31.278448>, 0.130000
	pigment { color rgbt <1,0,0,0> }
	no_shadow
}

// nucleotide -1

// particle -1
sphere {
	<27.606974, 36.889854, 31.851967> 0.250000
	pigment { color rgbt <1,0,0,0> }
	no_shadow
}
cylinder {
	<27.313505, 36.963055, 31.590208>,  <27.137424, 37.006977, 31.433153>, 0.100000
	pigment { color rgbt <1,0,0,0> }
	no_shadow
}
cylinder {
	<27.313505, 36.963055, 31.590208>,  <27.606974, 36.889854, 31.851967>, 0.100000
	pigment { color rgbt <1,0,0,0> }
	no_shadow
}

// particle -1
sphere {
	<27.313505, 36.963055, 31.590208> 0.100000
	pigment { color rgbt <1,0,0,0> }
	no_shadow
}
sphere {
	0, 1
	scale<0.080000,0.200000,0.300000>
	matrix <-0.666868, -0.378791, 0.641720,
		-0.130443, 0.907208, 0.399948,
		-0.733670, 0.183004, -0.654398,
		27.093405, 37.017956, 31.393888>
	pigment { color rgbt <0,1,1,0> }
	no_shadow
}
cylinder {
	<27.043388, 37.179367, 32.232201>,  <27.606974, 36.889854, 31.851967>, 0.130000
	pigment { color rgbt <1,0,0,0> }
	no_shadow
}

// nucleotide -1

// particle -1
sphere {
	<27.043388, 37.179367, 32.232201> 0.250000
	pigment { color rgbt <1,0,0,0> }
	no_shadow
}
cylinder {
	<26.835970, 37.104996, 31.898365>,  <26.711519, 37.060371, 31.698065>, 0.100000
	pigment { color rgbt <1,0,0,0> }
	no_shadow
}
cylinder {
	<26.835970, 37.104996, 31.898365>,  <27.043388, 37.179367, 32.232201>, 0.100000
	pigment { color rgbt <1,0,0,0> }
	no_shadow
}

// particle -1
sphere {
	<26.835970, 37.104996, 31.898365> 0.100000
	pigment { color rgbt <1,0,0,0> }
	no_shadow
}
sphere {
	0, 1
	scale<0.080000,0.200000,0.300000>
	matrix <-0.726233, -0.419432, 0.544667,
		-0.451324, 0.888541, 0.082466,
		-0.518548, -0.185932, -0.834588,
		26.680405, 37.049217, 31.647989>
	pigment { color rgbt <0,1,1,0> }
	no_shadow
}
cylinder {
	<26.305994, 37.387379, 32.403061>,  <27.043388, 37.179367, 32.232201>, 0.130000
	pigment { color rgbt <1,0,0,0> }
	no_shadow
}

// nucleotide -1

// particle -1
sphere {
	<26.305994, 37.387379, 32.403061> 0.250000
	pigment { color rgbt <1,0,0,0> }
	no_shadow
}
cylinder {
	<26.300840, 37.112164, 32.112839>,  <26.297749, 36.947033, 31.938705>, 0.100000
	pigment { color rgbt <1,0,0,0> }
	no_shadow
}
cylinder {
	<26.300840, 37.112164, 32.112839>,  <26.305994, 37.387379, 32.403061>, 0.100000
	pigment { color rgbt <1,0,0,0> }
	no_shadow
}

// particle -1
sphere {
	<26.300840, 37.112164, 32.112839> 0.100000
	pigment { color rgbt <1,0,0,0> }
	no_shadow
}
sphere {
	0, 1
	scale<0.080000,0.200000,0.300000>
	matrix <-0.690765, -0.518517, 0.503970,
		-0.722965, 0.507682, -0.468594,
		-0.012883, -0.688040, -0.725558,
		26.296976, 36.905750, 31.895172>
	pigment { color rgbt <0,1,1,0> }
	no_shadow
}
cylinder {
	<25.642754, 37.241310, 32.396763>,  <26.305994, 37.387379, 32.403061>, 0.130000
	pigment { color rgbt <1,0,0,0> }
	no_shadow
}

// nucleotide -1

// particle -1
sphere {
	<25.642754, 37.241310, 32.396763> 0.250000
	pigment { color rgbt <1,0,0,0> }
	no_shadow
}
cylinder {
	<25.812958, 36.936253, 32.201900>,  <25.915079, 36.753220, 32.084984>, 0.100000
	pigment { color rgbt <1,0,0,0> }
	no_shadow
}
cylinder {
	<25.812958, 36.936253, 32.201900>,  <25.642754, 37.241310, 32.396763>, 0.100000
	pigment { color rgbt <1,0,0,0> }
	no_shadow
}

// particle -1
sphere {
	<25.812958, 36.936253, 32.201900> 0.100000
	pigment { color rgbt <1,0,0,0> }
	no_shadow
}
sphere {
	0, 1
	scale<0.080000,0.200000,0.300000>
	matrix <-0.552484, -0.645280, 0.527613,
		-0.716731, 0.044643, -0.695919,
		0.425508, -0.762641, -0.487157,
		25.940611, 36.707458, 32.055756>
	pigment { color rgbt <0,1,1,0> }
	no_shadow
}
cylinder {
	<25.189926, 36.644199, 32.565296>,  <25.642754, 37.241310, 32.396763>, 0.130000
	pigment { color rgbt <1,0,0,0> }
	no_shadow
}

// nucleotide -1

// particle -1
sphere {
	<25.189926, 36.644199, 32.565296> 0.250000
	pigment { color rgbt <1,0,0,0> }
	no_shadow
}
cylinder {
	<25.427654, 36.582344, 32.249607>,  <25.570292, 36.545231, 32.060192>, 0.100000
	pigment { color rgbt <1,0,0,0> }
	no_shadow
}
cylinder {
	<25.427654, 36.582344, 32.249607>,  <25.189926, 36.644199, 32.565296>, 0.100000
	pigment { color rgbt <1,0,0,0> }
	no_shadow
}

// particle -1
sphere {
	<25.427654, 36.582344, 32.249607> 0.100000
	pigment { color rgbt <1,0,0,0> }
	no_shadow
}
sphere {
	0, 1
	scale<0.080000,0.200000,0.300000>
	matrix <-0.157920, -0.984674, 0.074010,
		-0.788572, 0.080649, -0.609631,
		0.594319, -0.154635, -0.789223,
		25.605949, 36.535954, 32.012840>
	pigment { color rgbt <0,1,1,0> }
	no_shadow
}
cylinder {
	<24.826918, 36.331116, 31.941338>,  <25.189926, 36.644199, 32.565296>, 0.130000
	pigment { color rgbt <1,0,0,0> }
	no_shadow
}

// nucleotide -1

// particle -1
sphere {
	<24.826918, 36.331116, 31.941338> 0.250000
	pigment { color rgbt <1,0,0,0> }
	no_shadow
}
cylinder {
	<25.214842, 36.240608, 31.977726>,  <25.447596, 36.186306, 31.999559>, 0.100000
	pigment { color rgbt <1,0,0,0> }
	no_shadow
}
cylinder {
	<25.214842, 36.240608, 31.977726>,  <24.826918, 36.331116, 31.941338>, 0.100000
	pigment { color rgbt <1,0,0,0> }
	no_shadow
}

// particle -1
sphere {
	<25.214842, 36.240608, 31.977726> 0.100000
	pigment { color rgbt <1,0,0,0> }
	no_shadow
}
sphere {
	0, 1
	scale<0.080000,0.200000,0.300000>
	matrix <-0.240909, -0.946825, 0.213273,
		0.037877, -0.228750, -0.972748,
		0.969808, -0.226265, 0.090971,
		25.505785, 36.172729, 32.005016>
	pigment { color rgbt <0,1,1,0> }
	no_shadow
}
cylinder {
	<24.907104, 35.683521, 31.669819>,  <24.826918, 36.331116, 31.941338>, 0.130000
	pigment { color rgbt <1,0,0,0> }
	no_shadow
}

// nucleotide -1

// particle -1
sphere {
	<24.907104, 35.683521, 31.669819> 0.250000
	pigment { color rgbt <1,0,0,0> }
	no_shadow
}
cylinder {
	<25.235268, 35.680683, 31.898512>,  <25.432165, 35.678982, 32.035728>, 0.100000
	pigment { color rgbt <1,0,0,0> }
	no_shadow
}
cylinder {
	<25.235268, 35.680683, 31.898512>,  <24.907104, 35.683521, 31.669819>, 0.100000
	pigment { color rgbt <1,0,0,0> }
	no_shadow
}

// particle -1
sphere {
	<25.235268, 35.680683, 31.898512> 0.100000
	pigment { color rgbt <1,0,0,0> }
	no_shadow
}
sphere {
	0, 1
	scale<0.080000,0.200000,0.300000>
	matrix <-0.152915, -0.966223, 0.207435,
		0.550950, -0.257608, -0.793784,
		0.820409, -0.007096, 0.571733,
		25.481390, 35.678555, 32.070030>
	pigment { color rgbt <0,1,1,0> }
	no_shadow
}
cylinder {
	<25.307590, 35.378422, 31.247639>,  <24.907104, 35.683521, 31.669819>, 0.130000
	pigment { color rgbt <1,0,0,0> }
	no_shadow
}

// nucleotide -1

// particle -1
sphere {
	<25.307590, 35.378422, 31.247639> 0.250000
	pigment { color rgbt <1,0,0,0> }
	no_shadow
}
cylinder {
	<25.367815, 35.333729, 31.640545>,  <25.403950, 35.306911, 31.876289>, 0.100000
	pigment { color rgbt <1,0,0,0> }
	no_shadow
}
cylinder {
	<25.367815, 35.333729, 31.640545>,  <25.307590, 35.378422, 31.247639>, 0.100000
	pigment { color rgbt <1,0,0,0> }
	no_shadow
}

// particle -1
sphere {
	<25.367815, 35.333729, 31.640545> 0.100000
	pigment { color rgbt <1,0,0,0> }
	no_shadow
}
sphere {
	0, 1
	scale<0.080000,0.200000,0.300000>
	matrix <0.105036, -0.986161, -0.128274,
		0.983005, 0.122487, -0.136744,
		0.150563, -0.111731, 0.982266,
		25.412985, 35.300209, 31.935225>
	pigment { color rgbt <0,1,1,0> }
	no_shadow
}
cylinder {
	<25.448206, 34.775143, 31.673431>,  <25.307590, 35.378422, 31.247639>, 0.130000
	pigment { color rgbt <1,0,0,0> }
	no_shadow
}

// nucleotide -1

// particle -1
sphere {
	<25.448206, 34.775143, 31.673431> 0.250000
	pigment { color rgbt <1,0,0,0> }
	no_shadow
}
cylinder {
	<25.584610, 34.995102, 31.978411>,  <25.666452, 35.127079, 32.161396>, 0.100000
	pigment { color rgbt <1,0,0,0> }
	no_shadow
}
cylinder {
	<25.584610, 34.995102, 31.978411>,  <25.448206, 34.775143, 31.673431>, 0.100000
	pigment { color rgbt <1,0,0,0> }
	no_shadow
}

// particle -1
sphere {
	<25.584610, 34.995102, 31.978411> 0.100000
	pigment { color rgbt <1,0,0,0> }
	no_shadow
}
sphere {
	0, 1
	scale<0.080000,0.200000,0.300000>
	matrix <-0.124153, -0.777613, 0.616364,
		0.931825, -0.304847, -0.196903,
		0.341011, 0.549897, 0.762446,
		25.686913, 35.160072, 32.207146>
	pigment { color rgbt <0,1,1,0> }
	no_shadow
}
cylinder {
	<26.056160, 34.442970, 32.028355>,  <25.448206, 34.775143, 31.673431>, 0.130000
	pigment { color rgbt <1,0,0,0> }
	no_shadow
}

// nucleotide -1

// particle -1
sphere {
	<26.056160, 34.442970, 32.028355> 0.250000
	pigment { color rgbt <1,0,0,0> }
	no_shadow
}
cylinder {
	<25.868780, 34.678574, 32.291756>,  <25.756351, 34.819935, 32.449795>, 0.100000
	pigment { color rgbt <1,0,0,0> }
	no_shadow
}
cylinder {
	<25.868780, 34.678574, 32.291756>,  <26.056160, 34.442970, 32.028355>, 0.100000
	pigment { color rgbt <1,0,0,0> }
	no_shadow
}

// particle -1
sphere {
	<25.868780, 34.678574, 32.291756> 0.100000
	pigment { color rgbt <1,0,0,0> }
	no_shadow
}
sphere {
	0, 1
	scale<0.080000,0.200000,0.300000>
	matrix <-0.085546, -0.772080, 0.629741,
		0.879339, 0.238670, 0.412068,
		-0.468450, 0.589007, 0.658503,
		25.728245, 34.855274, 32.489307>
	pigment { color rgbt <0,1,1,0> }
	no_shadow
}
cylinder {
	<26.349974, 34.166073, 32.587910>,  <26.056160, 34.442970, 32.028355>, 0.130000
	pigment { color rgbt <1,0,0,0> }
	no_shadow
}

// nucleotide -1

// particle -1
sphere {
	<26.349974, 34.166073, 32.587910> 0.250000
	pigment { color rgbt <1,0,0,0> }
	no_shadow
}
cylinder {
	<26.035397, 34.382668, 32.706772>,  <25.846651, 34.512623, 32.778088>, 0.100000
	pigment { color rgbt <1,0,0,0> }
	no_shadow
}
cylinder {
	<26.035397, 34.382668, 32.706772>,  <26.349974, 34.166073, 32.587910>, 0.100000
	pigment { color rgbt <1,0,0,0> }
	no_shadow
}

// particle -1
sphere {
	<26.035397, 34.382668, 32.706772> 0.100000
	pigment { color rgbt <1,0,0,0> }
	no_shadow
}
sphere {
	0, 1
	scale<0.080000,0.200000,0.300000>
	matrix <-0.339496, -0.780856, 0.524411,
		0.515996, 0.311537, 0.797930,
		-0.786442, 0.541488, 0.297153,
		25.799463, 34.545113, 32.795918>
	pigment { color rgbt <0,1,1,0> }
	no_shadow
}
cylinder {
	<26.353706, 34.120872, 33.333431>,  <26.349974, 34.166073, 32.587910>, 0.130000
	pigment { color rgbt <1,0,0,0> }
	no_shadow
}

// nucleotide -1

// particle -1
sphere {
	<26.353706, 34.120872, 33.333431> 0.250000
	pigment { color rgbt <1,0,0,0> }
	no_shadow
}
cylinder {
	<25.978024, 34.177425, 33.208275>,  <25.752615, 34.211357, 33.133179>, 0.100000
	pigment { color rgbt <1,0,0,0> }
	no_shadow
}
cylinder {
	<25.978024, 34.177425, 33.208275>,  <26.353706, 34.120872, 33.333431>, 0.100000
	pigment { color rgbt <1,0,0,0> }
	no_shadow
}

// particle -1
sphere {
	<25.978024, 34.177425, 33.208275> 0.100000
	pigment { color rgbt <1,0,0,0> }
	no_shadow
}
sphere {
	0, 1
	scale<0.080000,0.200000,0.300000>
	matrix <-0.305922, -0.758341, 0.575614,
		-0.155898, 0.636341, 0.755491,
		-0.939206, 0.141384, -0.312894,
		25.696262, 34.219841, 33.114407>
	pigment { color rgbt <0,1,1,0> }
	no_shadow
}
cylinder {
	<26.545727, 33.557735, 33.734318>,  <26.353706, 34.120872, 33.333431>, 0.130000
	pigment { color rgbt <1,0,0,0> }
	no_shadow
}

// nucleotide -1

// particle -1
sphere {
	<26.545727, 33.557735, 33.734318> 0.250000
	pigment { color rgbt <1,0,0,0> }
	no_shadow
}
cylinder {
	<26.863564, 33.495590, 33.969090>,  <27.054266, 33.458305, 34.109951>, 0.100000
	pigment { color rgbt <1,0,0,0> }
	no_shadow
}
cylinder {
	<26.863564, 33.495590, 33.969090>,  <26.545727, 33.557735, 33.734318>, 0.100000
	pigment { color rgbt <1,0,0,0> }
	no_shadow
}

// particle -1
sphere {
	<26.863564, 33.495590, 33.969090> 0.100000
	pigment { color rgbt <1,0,0,0> }
	no_shadow
}
sphere {
	0, 1
	scale<0.080000,0.200000,0.300000>
	matrix <-0.114334, -0.987700, -0.106657,
		0.596282, 0.017643, -0.802581,
		0.794591, -0.155361, 0.586931,
		27.101940, 33.448982, 34.145168>
	pigment { color rgbt <0,1,1,0> }
	no_shadow
}
cylinder {
	<27.164515, 33.109463, 33.430672>,  <26.545727, 33.557735, 33.734318>, 0.130000
	pigment { color rgbt <1,0,0,0> }
	no_shadow
}

// nucleotide -1

// particle -1
sphere {
	<27.164515, 33.109463, 33.430672> 0.250000
	pigment { color rgbt <1,0,0,0> }
	no_shadow
}
cylinder {
	<27.118034, 33.045708, 33.822815>,  <27.090147, 33.007454, 34.058102>, 0.100000
	pigment { color rgbt <1,0,0,0> }
	no_shadow
}
cylinder {
	<27.118034, 33.045708, 33.822815>,  <27.164515, 33.109463, 33.430672>, 0.100000
	pigment { color rgbt <1,0,0,0> }
	no_shadow
}

// particle -1
sphere {
	<27.118034, 33.045708, 33.822815> 0.100000
	pigment { color rgbt <1,0,0,0> }
	no_shadow
}
sphere {
	0, 1
	scale<0.080000,0.200000,0.300000>
	matrix <-0.102826, -0.979806, -0.171484,
		0.987889, -0.120732, 0.097463,
		-0.116199, -0.159386, 0.980354,
		27.083174, 32.997890, 34.116920>
	pigment { color rgbt <0,1,1,0> }
	no_shadow
}
cylinder {
	<27.630978, 32.543217, 33.532001>,  <27.164515, 33.109463, 33.430672>, 0.130000
	pigment { color rgbt <1,0,0,0> }
	no_shadow
}

// nucleotide -1

// particle -1
sphere {
	<27.630978, 32.543217, 33.532001> 0.250000
	pigment { color rgbt <1,0,0,0> }
	no_shadow
}
cylinder {
	<27.377485, 32.552425, 33.841286>,  <27.225389, 32.557953, 34.026855>, 0.100000
	pigment { color rgbt <1,0,0,0> }
	no_shadow
}
cylinder {
	<27.377485, 32.552425, 33.841286>,  <27.630978, 32.543217, 33.532001>, 0.100000
	pigment { color rgbt <1,0,0,0> }
	no_shadow
}

// particle -1
sphere {
	<27.377485, 32.552425, 33.841286> 0.100000
	pigment { color rgbt <1,0,0,0> }
	no_shadow
}
sphere {
	0, 1
	scale<0.080000,0.200000,0.300000>
	matrix <-0.070392, -0.997126, -0.028002,
		0.770344, -0.072173, 0.633530,
		-0.633731, 0.023024, 0.773211,
		27.187366, 32.559334, 34.073250>
	pigment { color rgbt <0,1,1,0> }
	no_shadow
}
cylinder {
	<27.832813, 32.151001, 34.073284>,  <27.630978, 32.543217, 33.532001>, 0.130000
	pigment { color rgbt <1,0,0,0> }
	no_shadow
}

// nucleotide -1

// particle -1
sphere {
	<27.832813, 32.151001, 34.073284> 0.250000
	pigment { color rgbt <1,0,0,0> }
	no_shadow
}
cylinder {
	<27.438072, 32.165405, 34.136311>,  <27.201227, 32.174049, 34.174126>, 0.100000
	pigment { color rgbt <1,0,0,0> }
	no_shadow
}
cylinder {
	<27.438072, 32.165405, 34.136311>,  <27.832813, 32.151001, 34.073284>, 0.100000
	pigment { color rgbt <1,0,0,0> }
	no_shadow
}

// particle -1
sphere {
	<27.438072, 32.165405, 34.136311> 0.100000
	pigment { color rgbt <1,0,0,0> }
	no_shadow
}
sphere {
	0, 1
	scale<0.080000,0.200000,0.300000>
	matrix <-0.040252, -0.998906, -0.023784,
		0.156534, -0.029813, 0.987222,
		-0.986852, 0.036015, 0.157563,
		27.142017, 32.176208, 34.183578>
	pigment { color rgbt <0,1,1,0> }
	no_shadow
}
cylinder {
	<27.693140, 31.630684, 34.467457>,  <27.832813, 32.151001, 34.073284>, 0.130000
	pigment { color rgbt <1,0,0,0> }
	no_shadow
}

// nucleotide -1

// particle -1
sphere {
	<27.693140, 31.630684, 34.467457> 0.250000
	pigment { color rgbt <1,0,0,0> }
	no_shadow
}
cylinder {
	<27.323511, 31.689775, 34.326450>,  <27.101734, 31.725231, 34.241848>, 0.100000
	pigment { color rgbt <1,0,0,0> }
	no_shadow
}
cylinder {
	<27.323511, 31.689775, 34.326450>,  <27.693140, 31.630684, 34.467457>, 0.100000
	pigment { color rgbt <1,0,0,0> }
	no_shadow
}

// particle -1
sphere {
	<27.323511, 31.689775, 34.326450> 0.100000
	pigment { color rgbt <1,0,0,0> }
	no_shadow
}
sphere {
	0, 1
	scale<0.080000,0.200000,0.300000>
	matrix <-0.082113, -0.977482, -0.194385,
		-0.373292, -0.150680, 0.915395,
		-0.924073, 0.147728, -0.352514,
		27.046289, 31.734095, 34.220695>
	pigment { color rgbt <0,1,1,0> }
	no_shadow
}
cylinder {
	<27.338812, 31.117668, 34.765728>,  <27.693140, 31.630684, 34.467457>, 0.130000
	pigment { color rgbt <1,0,0,0> }
	no_shadow
}

// nucleotide -1

// particle -1
sphere {
	<27.338812, 31.117668, 34.765728> 0.250000
	pigment { color rgbt <1,0,0,0> }
	no_shadow
}
cylinder {
	<27.106541, 31.216528, 34.455444>,  <26.967178, 31.275845, 34.269272>, 0.100000
	pigment { color rgbt <1,0,0,0> }
	no_shadow
}
cylinder {
	<27.106541, 31.216528, 34.455444>,  <27.338812, 31.117668, 34.765728>, 0.100000
	pigment { color rgbt <1,0,0,0> }
	no_shadow
}

// particle -1
sphere {
	<27.106541, 31.216528, 34.455444> 0.100000
	pigment { color rgbt <1,0,0,0> }
	no_shadow
}
sphere {
	0, 1
	scale<0.080000,0.200000,0.300000>
	matrix <-0.086552, -0.966149, -0.243034,
		-0.809519, -0.073985, 0.582413,
		-0.580679, 0.247150, -0.775712,
		26.932337, 31.290672, 34.222733>
	pigment { color rgbt <0,1,1,0> }
	no_shadow
}
cylinder {
	<26.688759, 30.668653, 34.782967>,  <27.338812, 31.117668, 34.765728>, 0.130000
	pigment { color rgbt <1,0,0,0> }
	no_shadow
}

// nucleotide -1

// particle -1
sphere {
	<26.688759, 30.668653, 34.782967> 0.250000
	pigment { color rgbt <1,0,0,0> }
	no_shadow
}
cylinder {
	<26.829514, 30.802204, 34.433178>,  <26.913967, 30.882334, 34.223305>, 0.100000
	pigment { color rgbt <1,0,0,0> }
	no_shadow
}
cylinder {
	<26.829514, 30.802204, 34.433178>,  <26.688759, 30.668653, 34.782967>, 0.100000
	pigment { color rgbt <1,0,0,0> }
	no_shadow
}

// particle -1
sphere {
	<26.829514, 30.802204, 34.433178> 0.100000
	pigment { color rgbt <1,0,0,0> }
	no_shadow
}
sphere {
	0, 1
	scale<0.080000,0.200000,0.300000>
	matrix <-0.038348, -0.928297, -0.369858,
		-0.935257, 0.163683, -0.313852,
		0.351887, 0.333876, -0.874473,
		26.935080, 30.902367, 34.170837>
	pigment { color rgbt <0,1,1,0> }
	no_shadow
}
cylinder {
	<25.977110, 30.974869, 34.807343>,  <26.688759, 30.668653, 34.782967>, 0.130000
	pigment { color rgbt <1,0,0,0> }
	no_shadow
}

// nucleotide -1

// particle -1
sphere {
	<25.977110, 30.974869, 34.807343> 0.250000
	pigment { color rgbt <1,0,0,0> }
	no_shadow
}
cylinder {
	<26.061256, 31.061083, 34.425915>,  <26.111744, 31.112810, 34.197060>, 0.100000
	pigment { color rgbt <1,0,0,0> }
	no_shadow
}
cylinder {
	<26.061256, 31.061083, 34.425915>,  <25.977110, 30.974869, 34.807343>, 0.100000
	pigment { color rgbt <1,0,0,0> }
	no_shadow
}

// particle -1
sphere {
	<26.061256, 31.061083, 34.425915> 0.100000
	pigment { color rgbt <1,0,0,0> }
	no_shadow
}
sphere {
	0, 1
	scale<0.080000,0.200000,0.300000>
	matrix <-0.339852, -0.898438, -0.278046,
		-0.916650, 0.382563, -0.115750,
		0.210364, 0.215533, -0.953568,
		26.124365, 31.125742, 34.139843>
	pigment { color rgbt <0,1,1,0> }
	no_shadow
}
cylinder {
	<25.354490, 31.004740, 34.328487>,  <25.977110, 30.974869, 34.807343>, 0.130000
	pigment { color rgbt <1,0,0,0> }
	no_shadow
}

// nucleotide -1

// particle -1
sphere {
	<25.354490, 31.004740, 34.328487> 0.250000
	pigment { color rgbt <1,0,0,0> }
	no_shadow
}
cylinder {
	<25.691570, 30.918398, 34.131203>,  <25.893818, 30.866592, 34.012833>, 0.100000
	pigment { color rgbt <1,0,0,0> }
	no_shadow
}
cylinder {
	<25.691570, 30.918398, 34.131203>,  <25.354490, 31.004740, 34.328487>, 0.100000
	pigment { color rgbt <1,0,0,0> }
	no_shadow
}

// particle -1
sphere {
	<25.691570, 30.918398, 34.131203> 0.100000
	pigment { color rgbt <1,0,0,0> }
	no_shadow
}
sphere {
	0, 1
	scale<0.080000,0.200000,0.300000>
	matrix <-0.437188, -0.809003, -0.392914,
		-0.314201, 0.546737, -0.776116,
		0.842701, -0.215855, -0.493216,
		25.944380, 30.853642, 33.983238>
	pigment { color rgbt <0,1,1,0> }
	no_shadow
}
cylinder {
	<25.166334, 31.101868, 33.653225>,  <25.354490, 31.004740, 34.328487>, 0.130000
	pigment { color rgbt <1,0,0,0> }
	no_shadow
}

// nucleotide -1

// particle -1
sphere {
	<25.166334, 31.101868, 33.653225> 0.250000
	pigment { color rgbt <1,0,0,0> }
	no_shadow
}
cylinder {
	<25.474590, 30.847027, 33.659103>,  <25.659544, 30.694122, 33.662632>, 0.100000
	pigment { color rgbt <1,0,0,0> }
	no_shadow
}
cylinder {
	<25.474590, 30.847027, 33.659103>,  <25.166334, 31.101868, 33.653225>, 0.100000
	pigment { color rgbt <1,0,0,0> }
	no_shadow
}

// particle -1
sphere {
	<25.474590, 30.847027, 33.659103> 0.100000
	pigment { color rgbt <1,0,0,0> }
	no_shadow
}
sphere {
	0, 1
	scale<0.080000,0.200000,0.300000>
	matrix <-0.582144, -0.713172, -0.390504,
		0.259274, 0.292380, -0.920484,
		0.770639, -0.637102, 0.014700,
		25.705782, 30.655897, 33.663513>
	pigment { color rgbt <0,1,1,0> }
	no_shadow
}
cylinder {
	<25.226700, 30.788496, 32.979557>,  <25.166334, 31.101868, 33.653225>, 0.130000
	pigment { color rgbt <1,0,0,0> }
	no_shadow
}

// nucleotide -1

// particle -1
sphere {
	<25.226700, 30.788496, 32.979557> 0.250000
	pigment { color rgbt <1,0,0,0> }
	no_shadow
}
cylinder {
	<25.316877, 30.566191, 33.299633>,  <25.370983, 30.432808, 33.491676>, 0.100000
	pigment { color rgbt <1,0,0,0> }
	no_shadow
}
cylinder {
	<25.316877, 30.566191, 33.299633>,  <25.226700, 30.788496, 32.979557>, 0.100000
	pigment { color rgbt <1,0,0,0> }
	no_shadow
}

// particle -1
sphere {
	<25.316877, 30.566191, 33.299633> 0.100000
	pigment { color rgbt <1,0,0,0> }
	no_shadow
}
sphere {
	0, 1
	scale<0.080000,0.200000,0.300000>
	matrix <-0.722770, -0.646148, -0.245144,
		0.653282, -0.523086, -0.547361,
		0.225444, -0.555764, 0.800188,
		25.384510, 30.399462, 33.539688>
	pigment { color rgbt <0,1,1,0> }
	no_shadow
}
cylinder {
	<25.365351, 30.047993, 32.785500>,  <25.226700, 30.788496, 32.979557>, 0.130000
	pigment { color rgbt <1,0,0,0> }
	no_shadow
}

// nucleotide -1

// particle -1
sphere {
	<25.365351, 30.047993, 32.785500> 0.250000
	pigment { color rgbt <1,0,0,0> }
	no_shadow
}
cylinder {
	<25.220165, 30.115026, 33.152142>,  <25.133055, 30.155247, 33.372128>, 0.100000
	pigment { color rgbt <1,0,0,0> }
	no_shadow
}
cylinder {
	<25.220165, 30.115026, 33.152142>,  <25.365351, 30.047993, 32.785500>, 0.100000
	pigment { color rgbt <1,0,0,0> }
	no_shadow
}

// particle -1
sphere {
	<25.220165, 30.115026, 33.152142> 0.100000
	pigment { color rgbt <1,0,0,0> }
	no_shadow
}
sphere {
	0, 1
	scale<0.080000,0.200000,0.300000>
	matrix <-0.816702, -0.530811, -0.226355,
		0.448614, -0.830756, 0.329530,
		-0.362964, 0.167582, 0.916610,
		25.111277, 30.165300, 33.427124>
	pigment { color rgbt <0,1,1,0> }
	no_shadow
}
cylinder {
	<25.299730, 29.496908, 33.343948>,  <25.365351, 30.047993, 32.785500>, 0.130000
	pigment { color rgbt <1,0,0,0> }
	no_shadow
}

// nucleotide -1

// particle -1
sphere {
	<25.299730, 29.496908, 33.343948> 0.250000
	pigment { color rgbt <1,0,0,0> }
	no_shadow
}
cylinder {
	<25.021563, 29.783876, 33.327454>,  <24.854662, 29.956057, 33.317558>, 0.100000
	pigment { color rgbt <1,0,0,0> }
	no_shadow
}
cylinder {
	<25.021563, 29.783876, 33.327454>,  <25.299730, 29.496908, 33.343948>, 0.100000
	pigment { color rgbt <1,0,0,0> }
	no_shadow
}

// particle -1
sphere {
	<25.021563, 29.783876, 33.327454> 0.100000
	pigment { color rgbt <1,0,0,0> }
	no_shadow
}
sphere {
	0, 1
	scale<0.080000,0.200000,0.300000>
	matrix <-0.670943, -0.668778, -0.320268,
		-0.257344, -0.195053, 0.946429,
		-0.695420, 0.717419, -0.041237,
		24.812937, 29.999102, 33.315083>
	pigment { color rgbt <0,1,1,0> }
	no_shadow
}
cylinder {
	<25.607321, 29.571299, 33.996437>,  <25.299730, 29.496908, 33.343948>, 0.130000
	pigment { color rgbt <1,0,0,0> }
	no_shadow
}

// nucleotide -1

// particle -1
sphere {
	<25.607321, 29.571299, 33.996437> 0.250000
	pigment { color rgbt <1,0,0,0> }
	no_shadow
}
cylinder {
	<25.621429, 29.734562, 33.631546>,  <25.629894, 29.832520, 33.412609>, 0.100000
	pigment { color rgbt <1,0,0,0> }
	no_shadow
}
cylinder {
	<25.621429, 29.734562, 33.631546>,  <25.607321, 29.571299, 33.996437>, 0.100000
	pigment { color rgbt <1,0,0,0> }
	no_shadow
}

// particle -1
sphere {
	<25.621429, 29.734562, 33.631546> 0.100000
	pigment { color rgbt <1,0,0,0> }
	no_shadow
}
sphere {
	0, 1
	scale<0.080000,0.200000,0.300000>
	matrix <0.803769, 0.530858, 0.268599,
		0.593896, -0.742695, -0.309342,
		0.035271, 0.408159, -0.912229,
		25.632011, 29.857010, 33.357876>
	pigment { color rgbt <0,1,1,0> }
	no_shadow
}
cylinder {
	<26.221304, 29.470800, 33.909168>,  <25.607321, 29.571299, 33.996437>, 0.130000
	pigment { color rgbt <1,0,0,0> }
	no_shadow
}

// nucleotide -1

// particle -1
sphere {
	<26.221304, 29.470800, 33.909168> 0.250000
	pigment { color rgbt <1,0,0,0> }
	no_shadow
}
cylinder {
	<26.075298, 29.778479, 33.699368>,  <25.987694, 29.963085, 33.573486>, 0.100000
	pigment { color rgbt <1,0,0,0> }
	no_shadow
}
cylinder {
	<26.075298, 29.778479, 33.699368>,  <26.221304, 29.470800, 33.909168>, 0.100000
	pigment { color rgbt <1,0,0,0> }
	no_shadow
}

// particle -1
sphere {
	<26.075298, 29.778479, 33.699368> 0.100000
	pigment { color rgbt <1,0,0,0> }
	no_shadow
}
sphere {
	0, 1
	scale<0.080000,0.200000,0.300000>
