// switches for output
#declare DRAW_BASES = 1; // possible values are 0, 1; only relevant for DNA ribbons
#declare DRAW_BASES_TYPE = 3; // possible values are 1, 2, 3; only relevant for DNA ribbons
#declare DRAW_FOG = 0; // set to 1 to enable fog

#include "colors.inc"

#include "transforms.inc"
background { rgb <1, 1, 1>}

#default {
   normal{
       ripples 0.25
       frequency 0.20
       turbulence 0.2
       lambda 5
   }
	finish {
		phong 0.1
		phong_size 40.
	}
}

// original window dimensions: 1024x640


// camera settings

camera {
	sky <0, 0.179814, -0.983701>
	up <0, 0.179814, -0.983701>
	right 1.6 * <1, 0, 0>
	location <35, 94.9851, 44.8844>
	look_at <35, 29.7336, 32.9568>
	direction <0, -65.2515, -11.9276>
	angle 67.0682
}


# declare cpy_camera_pos = <35, 94.9851, 44.8844>;
# if (DRAW_FOG = 1)
fog {
	fog_type 2
	up vnormalize(cpy_camera_pos)
	color rgbt<1,1,1,0.3>
	distance 1e-5
	fog_alt 3e-3
	fog_offset 56
}
# end


// LIGHTS

# declare lum = 6;
global_settings {
	ambient_light rgb lum * <0.05, 0.05, 0.05>
	max_trace_level 15
}# declare cpy_direct_light_amount = 0.25;
light_source
{	1000 * <-1, -1.16352, -0.803886>,
	rgb lum * cpy_direct_light_amount
	parallel
}

light_source
{	1000 * <1, 1.16352, 0.803886>,
	rgb lum * cpy_direct_light_amount
	parallel
}

// strand 0

// nucleotide -1

// particle -1
sphere {
	<24.441235, 34.658428, 34.965416> 0.250000
	pigment { color rgbt <1,0,0,0> }
	no_shadow
}
cylinder {
	<24.216444, 34.986641, 34.923637>,  <24.081570, 35.183567, 34.898571>, 0.100000
	pigment { color rgbt <1,0,0,0> }
	no_shadow
}
cylinder {
	<24.216444, 34.986641, 34.923637>,  <24.441235, 34.658428, 34.965416>, 0.100000
	pigment { color rgbt <1,0,0,0> }
	no_shadow
}

// particle -1
sphere {
	<24.216444, 34.986641, 34.923637> 0.100000
	pigment { color rgbt <1,0,0,0> }
	no_shadow
}
sphere {
	0, 1
	scale<0.080000,0.200000,0.300000>
	matrix <-0.179317, 0.002420, 0.983788,
		0.807483, 0.571595, 0.145775,
		-0.561976, 0.820532, -0.104451,
		24.047852, 35.232800, 34.892303>
	pigment { color rgbt <0,1,1,0> }
	no_shadow
}
cylinder {
	<24.444132, 34.321983, 35.657818>,  <24.441235, 34.658428, 34.965416>, 0.130000
	pigment { color rgbt <1,0,0,0> }
	no_shadow
}

// nucleotide -1

// particle -1
sphere {
	<24.444132, 34.321983, 35.657818> 0.250000
	pigment { color rgbt <1,0,0,0> }
	no_shadow
}
cylinder {
	<24.834450, 34.236954, 35.678360>,  <25.068640, 34.185936, 35.690685>, 0.100000
	pigment { color rgbt <1,0,0,0> }
	no_shadow
}
cylinder {
	<24.834450, 34.236954, 35.678360>,  <24.444132, 34.321983, 35.657818>, 0.100000
	pigment { color rgbt <1,0,0,0> }
	no_shadow
}

// particle -1
sphere {
	<24.834450, 34.236954, 35.678360> 0.100000
	pigment { color rgbt <1,0,0,0> }
	no_shadow
}
sphere {
	0, 1
	scale<0.080000,0.200000,0.300000>
	matrix <0.135577, 0.403778, -0.904755,
		0.171588, 0.889818, 0.422825,
		0.975795, -0.212570, 0.051355,
		25.127188, 34.173183, 35.693768>
	pigment { color rgbt <0,1,1,0> }
	no_shadow
}
cylinder {
	<24.831636, 34.929249, 35.501728>,  <24.444132, 34.321983, 35.657818>, 0.130000
	pigment { color rgbt <1,0,0,0> }
	no_shadow
}

// nucleotide -1

// particle -1
sphere {
	<24.831636, 34.929249, 35.501728> 0.250000
	pigment { color rgbt <1,0,0,0> }
	no_shadow
}
cylinder {
	<25.073101, 34.617126, 35.436356>,  <25.217979, 34.429852, 35.397133>, 0.100000
	pigment { color rgbt <1,0,0,0> }
	no_shadow
}
cylinder {
	<25.073101, 34.617126, 35.436356>,  <24.831636, 34.929249, 35.501728>, 0.100000
	pigment { color rgbt <1,0,0,0> }
	no_shadow
}

// particle -1
sphere {
	<25.073101, 34.617126, 35.436356> 0.100000
	pigment { color rgbt <1,0,0,0> }
	no_shadow
}
sphere {
	0, 1
	scale<0.080000,0.200000,0.300000>
	matrix <0.232752, 0.368558, -0.899995,
		0.762508, 0.505254, 0.404103,
		0.603662, -0.780310, -0.163429,
		25.254200, 34.383034, 35.387325>
	pigment { color rgbt <0,1,1,0> }
	no_shadow
}
cylinder {
	<25.531832, 35.221912, 35.254868>,  <24.831636, 34.929249, 35.501728>, 0.130000
	pigment { color rgbt <1,0,0,0> }
	no_shadow
}

// nucleotide -1

// particle -1
sphere {
	<25.531832, 35.221912, 35.254868> 0.250000
	pigment { color rgbt <1,0,0,0> }
	no_shadow
}
cylinder {
	<25.473906, 34.845459, 35.132694>,  <25.439150, 34.619587, 35.059391>, 0.100000
	pigment { color rgbt <1,0,0,0> }
	no_shadow
}
cylinder {
	<25.473906, 34.845459, 35.132694>,  <25.531832, 35.221912, 35.254868>, 0.100000
	pigment { color rgbt <1,0,0,0> }
	no_shadow
}

// particle -1
sphere {
	<25.473906, 34.845459, 35.132694> 0.100000
	pigment { color rgbt <1,0,0,0> }
	no_shadow
}
sphere {
	0, 1
	scale<0.080000,0.200000,0.300000>
	matrix <0.165716, 0.281261, -0.945215,
		0.975483, -0.187496, 0.115231,
		-0.144814, -0.941136, -0.305436,
		25.430462, 34.563118, 35.041065>
	pigment { color rgbt <0,1,1,0> }
	no_shadow
}
cylinder {
	<26.061634, 35.146423, 34.805759>,  <25.531832, 35.221912, 35.254868>, 0.130000
	pigment { color rgbt <1,0,0,0> }
	no_shadow
}

// nucleotide -1

// particle -1
sphere {
	<26.061634, 35.146423, 34.805759> 0.250000
	pigment { color rgbt <1,0,0,0> }
	no_shadow
}
cylinder {
	<25.815535, 34.844109, 34.716087>,  <25.667875, 34.662720, 34.662285>, 0.100000
	pigment { color rgbt <1,0,0,0> }
	no_shadow
}
cylinder {
	<25.815535, 34.844109, 34.716087>,  <26.061634, 35.146423, 34.805759>, 0.100000
	pigment { color rgbt <1,0,0,0> }
	no_shadow
}

// particle -1
sphere {
	<25.815535, 34.844109, 34.716087> 0.100000
	pigment { color rgbt <1,0,0,0> }
	no_shadow
}
sphere {
	0, 1
	scale<0.080000,0.200000,0.300000>
	matrix <0.079087, 0.223760, -0.971430,
		0.784356, -0.615400, -0.077895,
		-0.615248, -0.755787, -0.224178,
		25.630960, 34.617374, 34.648834>
	pigment { color rgbt <0,1,1,0> }
	no_shadow
}
cylinder {
	<26.377466, 34.817307, 34.311295>,  <26.061634, 35.146423, 34.805759>, 0.130000
	pigment { color rgbt <1,0,0,0> }
	no_shadow
}

// nucleotide -1

// particle -1
sphere {
	<26.377466, 34.817307, 34.311295> 0.250000
	pigment { color rgbt <1,0,0,0> }
	no_shadow
}
cylinder {
	<25.983610, 34.751545, 34.287800>,  <25.747295, 34.712086, 34.273705>, 0.100000
	pigment { color rgbt <1,0,0,0> }
	no_shadow
}
cylinder {
	<25.983610, 34.751545, 34.287800>,  <26.377466, 34.817307, 34.311295>, 0.100000
	pigment { color rgbt <1,0,0,0> }
	no_shadow
}

// particle -1
sphere {
	<25.983610, 34.751545, 34.287800> 0.100000
	pigment { color rgbt <1,0,0,0> }
	no_shadow
}
sphere {
	0, 1
	scale<0.080000,0.200000,0.300000>
	matrix <0.033007, 0.155050, -0.987355,
		0.171451, -0.974128, -0.147241,
		-0.984639, -0.164423, -0.058737,
		25.688217, 34.702225, 34.270180>
	pigment { color rgbt <0,1,1,0> }
	no_shadow
}
cylinder {
	<26.188663, 34.209877, 33.849602>,  <26.377466, 34.817307, 34.311295>, 0.130000
	pigment { color rgbt <1,0,0,0> }
	no_shadow
}

// nucleotide -1

// particle -1
sphere {
	<26.188663, 34.209877, 33.849602> 0.250000
	pigment { color rgbt <1,0,0,0> }
	no_shadow
}
cylinder {
	<25.900585, 34.487141, 33.861256>,  <25.727737, 34.653500, 33.868248>, 0.100000
	pigment { color rgbt <1,0,0,0> }
	no_shadow
}
cylinder {
	<25.900585, 34.487141, 33.861256>,  <26.188663, 34.209877, 33.849602>, 0.100000
	pigment { color rgbt <1,0,0,0> }
	no_shadow
}

// particle -1
sphere {
	<25.900585, 34.487141, 33.861256> 0.100000
	pigment { color rgbt <1,0,0,0> }
	no_shadow
}
sphere {
	0, 1
	scale<0.080000,0.200000,0.300000>
	matrix <0.006208, 0.048430, -0.998807,
		-0.693742, -0.719158, -0.039182,
		-0.720197, 0.693157, 0.029133,
		25.684526, 34.695087, 33.869995>
	pigment { color rgbt <0,1,1,0> }
	no_shadow
}
cylinder {
	<25.720100, 34.078072, 33.319016>,  <26.188663, 34.209877, 33.849602>, 0.130000
	pigment { color rgbt <1,0,0,0> }
	no_shadow
}

// nucleotide -1

// particle -1
sphere {
	<25.720100, 34.078072, 33.319016> 0.250000
	pigment { color rgbt <1,0,0,0> }
	no_shadow
}
cylinder {
	<25.645617, 34.466347, 33.379791>,  <25.600927, 34.699314, 33.416256>, 0.100000
	pigment { color rgbt <1,0,0,0> }
	no_shadow
}
cylinder {
	<25.645617, 34.466347, 33.379791>,  <25.720100, 34.078072, 33.319016>, 0.100000
	pigment { color rgbt <1,0,0,0> }
	no_shadow
}

// particle -1
sphere {
	<25.645617, 34.466347, 33.379791> 0.100000
	pigment { color rgbt <1,0,0,0> }
	no_shadow
}
sphere {
	0, 1
	scale<0.080000,0.200000,0.300000>
	matrix <0.174360, 0.184832, -0.967179,
		-0.966915, -0.153606, -0.203667,
		-0.186208, 0.970692, 0.151935,
		25.589754, 34.757553, 33.425373>
	pigment { color rgbt <0,1,1,0> }
	no_shadow
}
cylinder {
	<25.077925, 34.486336, 32.982365>,  <25.720100, 34.078072, 33.319016>, 0.130000
	pigment { color rgbt <1,0,0,0> }
	no_shadow
}

// nucleotide -1

// particle -1
sphere {
	<25.077925, 34.486336, 32.982365> 0.250000
	pigment { color rgbt <1,0,0,0> }
	no_shadow
}
cylinder {
	<25.371557, 34.753189, 33.033054>,  <25.547737, 34.913300, 33.063469>, 0.100000
	pigment { color rgbt <1,0,0,0> }
	no_shadow
}
cylinder {
	<25.371557, 34.753189, 33.033054>,  <25.077925, 34.486336, 32.982365>, 0.100000
	pigment { color rgbt <1,0,0,0> }
	no_shadow
}

// particle -1
sphere {
	<25.371557, 34.753189, 33.033054> 0.100000
	pigment { color rgbt <1,0,0,0> }
	no_shadow
}
sphere {
	0, 1
	scale<0.080000,0.200000,0.300000>
	matrix <0.092815, 0.086290, -0.991937,
		-0.672690, 0.739923, 0.001424,
		0.734080, 0.667134, 0.126722,
		25.591782, 34.953331, 33.071072>
	pigment { color rgbt <0,1,1,0> }
	no_shadow
}
cylinder {
	<24.900288, 35.139931, 32.517525>,  <25.077925, 34.486336, 32.982365>, 0.130000
	pigment { color rgbt <1,0,0,0> }
	no_shadow
}

// nucleotide -1

// particle -1
sphere {
	<24.900288, 35.139931, 32.517525> 0.250000
	pigment { color rgbt <1,0,0,0> }
	no_shadow
}
cylinder {
	<25.288994, 35.124981, 32.610714>,  <25.522217, 35.116013, 32.666630>, 0.100000
	pigment { color rgbt <1,0,0,0> }
	no_shadow
}
cylinder {
	<25.288994, 35.124981, 32.610714>,  <24.900288, 35.139931, 32.517525>, 0.100000
	pigment { color rgbt <1,0,0,0> }
	no_shadow
}

// particle -1
sphere {
	<25.288994, 35.124981, 32.610714> 0.100000
	pigment { color rgbt <1,0,0,0> }
	no_shadow
}
sphere {
	0, 1
	scale<0.080000,0.200000,0.300000>
	matrix <0.235914, 0.135288, -0.962311,
		0.004442, 0.990101, 0.140285,
		0.971764, -0.037370, 0.232978,
		25.580523, 35.113770, 32.680607>
	pigment { color rgbt <0,1,1,0> }
	no_shadow
}
cylinder {
	<25.248030, 35.625660, 32.103382>,  <24.900288, 35.139931, 32.517525>, 0.130000
	pigment { color rgbt <1,0,0,0> }
	no_shadow
}

// nucleotide -1

// particle -1
sphere {
	<25.248030, 35.625660, 32.103382> 0.250000
	pigment { color rgbt <1,0,0,0> }
	no_shadow
}
cylinder {
	<25.557674, 35.399521, 32.217319>,  <25.743462, 35.263836, 32.285683>, 0.100000
	pigment { color rgbt <1,0,0,0> }
	no_shadow
}
cylinder {
	<25.557674, 35.399521, 32.217319>,  <25.248030, 35.625660, 32.103382>, 0.100000
	pigment { color rgbt <1,0,0,0> }
	no_shadow
}

// particle -1
sphere {
	<25.557674, 35.399521, 32.217319> 0.100000
	pigment { color rgbt <1,0,0,0> }
	no_shadow
}
sphere {
	0, 1
	scale<0.080000,0.200000,0.300000>
	matrix <0.389573, 0.070775, -0.918272,
		0.498983, 0.821811, 0.275032,
		0.774112, -0.565347, 0.284840,
		25.789907, 35.229916, 32.302773>
	pigment { color rgbt <0,1,1,0> }
	no_shadow
}
cylinder {
	<25.913086, 35.929008, 31.884987>,  <25.248030, 35.625660, 32.103382>, 0.130000
	pigment { color rgbt <1,0,0,0> }
	no_shadow
}

// nucleotide -1

// particle -1
sphere {
	<25.913086, 35.929008, 31.884987> 0.250000
	pigment { color rgbt <1,0,0,0> }
	no_shadow
}
cylinder {
	<25.916647, 35.530430, 31.918497>,  <25.918783, 35.291283, 31.938602>, 0.100000
	pigment { color rgbt <1,0,0,0> }
	no_shadow
}
cylinder {
	<25.916647, 35.530430, 31.918497>,  <25.913086, 35.929008, 31.884987>, 0.100000
	pigment { color rgbt <1,0,0,0> }
	no_shadow
}

// particle -1
sphere {
	<25.916647, 35.530430, 31.918497> 0.100000
	pigment { color rgbt <1,0,0,0> }
	no_shadow
}
sphere {
	0, 1
	scale<0.080000,0.200000,0.300000>
	matrix <0.322791, -0.076428, -0.943380,
		0.946429, 0.035441, 0.320963,
		0.008904, -0.996445, 0.083774,
		25.919317, 35.231495, 31.943628>
	pigment { color rgbt <0,1,1,0> }
	no_shadow
}
cylinder {
	<26.611332, 35.502865, 31.853411>,  <25.913086, 35.929008, 31.884987>, 0.130000
	pigment { color rgbt <1,0,0,0> }
	no_shadow
}

// nucleotide -1

// particle -1
sphere {
	<26.611332, 35.502865, 31.853411> 0.250000
	pigment { color rgbt <1,0,0,0> }
	no_shadow
}
cylinder {
	<26.302673, 35.304165, 31.694513>,  <26.117479, 35.184944, 31.599174>, 0.100000
	pigment { color rgbt <1,0,0,0> }
	no_shadow
}
cylinder {
	<26.302673, 35.304165, 31.694513>,  <26.611332, 35.502865, 31.853411>, 0.100000
	pigment { color rgbt <1,0,0,0> }
	no_shadow
}

// particle -1
sphere {
	<26.302673, 35.304165, 31.694513> 0.100000
	pigment { color rgbt <1,0,0,0> }
	no_shadow
}
sphere {
	0, 1
	scale<0.080000,0.200000,0.300000>
	matrix <0.553572, -0.216924, -0.804054,
		0.313244, -0.840346, 0.442376,
		-0.771645, -0.496752, -0.397242,
		26.071180, 35.155140, 31.575340>
	pigment { color rgbt <0,1,1,0> }
	no_shadow
}
cylinder {
	<26.842863, 34.849075, 31.723536>,  <26.611332, 35.502865, 31.853411>, 0.130000
	pigment { color rgbt <1,0,0,0> }
	no_shadow
}

// nucleotide -1

// particle -1
sphere {
	<26.842863, 34.849075, 31.723536> 0.250000
	pigment { color rgbt <1,0,0,0> }
	no_shadow
}
cylinder {
	<26.534599, 34.944378, 31.487123>,  <26.349642, 35.001560, 31.345276>, 0.100000
	pigment { color rgbt <1,0,0,0> }
	no_shadow
}
cylinder {
	<26.534599, 34.944378, 31.487123>,  <26.842863, 34.849075, 31.723536>, 0.100000
	pigment { color rgbt <1,0,0,0> }
	no_shadow
}

// particle -1
sphere {
	<26.534599, 34.944378, 31.487123> 0.100000
	pigment { color rgbt <1,0,0,0> }
	no_shadow
}
sphere {
	0, 1
	scale<0.080000,0.200000,0.300000>
	matrix <0.476293, -0.400809, -0.782622,
		-0.423358, -0.884638, 0.195406,
		-0.770658, 0.238258, -0.591032,
		26.303402, 35.015854, 31.309814>
	pigment { color rgbt <0,1,1,0> }
	no_shadow
}
cylinder {
	<26.263283, 34.433140, 31.569263>,  <26.842863, 34.849075, 31.723536>, 0.130000
	pigment { color rgbt <1,0,0,0> }
	no_shadow
}

// nucleotide -1

// particle -1
sphere {
	<26.263283, 34.433140, 31.569263> 0.250000
	pigment { color rgbt <1,0,0,0> }
	no_shadow
}
cylinder {
	<25.942131, 34.294403, 31.763206>,  <25.749441, 34.211163, 31.879572>, 0.100000
	pigment { color rgbt <1,0,0,0> }
	no_shadow
}
cylinder {
	<25.942131, 34.294403, 31.763206>,  <26.263283, 34.433140, 31.569263>, 0.100000
	pigment { color rgbt <1,0,0,0> }
	no_shadow
}

// particle -1
sphere {
	<25.942131, 34.294403, 31.763206> 0.100000
	pigment { color rgbt <1,0,0,0> }
	no_shadow
}
sphere {
	0, 1
	scale<0.080000,0.200000,0.300000>
	matrix <-0.334127, -0.411759, -0.847829,
		0.493707, -0.842707, 0.214703,
		-0.802877, -0.346841, 0.484860,
		25.701267, 34.190350, 31.908665>
	pigment { color rgbt <0,1,1,0> }
	no_shadow
}
cylinder {
	<26.373047, 34.120338, 32.248524>,  <26.263283, 34.433140, 31.569263>, 0.130000
	pigment { color rgbt <1,0,0,0> }
	no_shadow
}

// nucleotide -1

// particle -1
sphere {
	<26.373047, 34.120338, 32.248524> 0.250000
	pigment { color rgbt <1,0,0,0> }
	no_shadow
}
cylinder {
	<26.376688, 34.509449, 32.155899>,  <26.378874, 34.742916, 32.100323>, 0.100000
	pigment { color rgbt <1,0,0,0> }
	no_shadow
}
cylinder {
	<26.376688, 34.509449, 32.155899>,  <26.373047, 34.120338, 32.248524>, 0.100000
	pigment { color rgbt <1,0,0,0> }
	no_shadow
}

// particle -1
sphere {
	<26.376688, 34.509449, 32.155899> 0.100000
	pigment { color rgbt <1,0,0,0> }
	no_shadow
}
sphere {
	0, 1
	scale<0.080000,0.200000,0.300000>
	matrix <-0.300082, 0.223558, 0.927347,
		0.953870, 0.061044, 0.293948,
		0.009105, 0.972777, -0.231563,
		26.379419, 34.801281, 32.086430>
	pigment { color rgbt <0,1,1,0> }
	no_shadow
}
cylinder {
	<26.717079, 34.473171, 32.757877>,  <26.373047, 34.120338, 32.248524>, 0.130000
	pigment { color rgbt <1,0,0,0> }
	no_shadow
}

// nucleotide -1

// particle -1
sphere {
	<26.717079, 34.473171, 32.757877> 0.250000
	pigment { color rgbt <1,0,0,0> }
	no_shadow
}
cylinder {
	<26.460869, 34.727219, 32.585205>,  <26.307142, 34.879646, 32.481602>, 0.100000
	pigment { color rgbt <1,0,0,0> }
	no_shadow
}
cylinder {
	<26.460869, 34.727219, 32.585205>,  <26.717079, 34.473171, 32.757877>, 0.100000
	pigment { color rgbt <1,0,0,0> }
	no_shadow
}

// particle -1
sphere {
	<26.460869, 34.727219, 32.585205> 0.100000
	pigment { color rgbt <1,0,0,0> }
	no_shadow
}
sphere {
	0, 1
	scale<0.080000,0.200000,0.300000>
	matrix <-0.170343, 0.430620, 0.886313,
		0.748807, 0.641239, -0.167633,
		-0.640524, 0.635122, -0.431682,
		26.268711, 34.917755, 32.455700>
	pigment { color rgbt <0,1,1,0> }
	no_shadow
}
cylinder {
	<26.869349, 35.137280, 33.023968>,  <26.717079, 34.473171, 32.757877>, 0.130000
	pigment { color rgbt <1,0,0,0> }
	no_shadow
}

// nucleotide -1

// particle -1
sphere {
	<26.869349, 35.137280, 33.023968> 0.250000
	pigment { color rgbt <1,0,0,0> }
	no_shadow
}
cylinder {
	<26.482826, 35.152885, 32.922199>,  <26.250914, 35.162247, 32.861137>, 0.100000
	pigment { color rgbt <1,0,0,0> }
	no_shadow
}
cylinder {
	<26.482826, 35.152885, 32.922199>,  <26.869349, 35.137280, 33.023968>, 0.100000
	pigment { color rgbt <1,0,0,0> }
	no_shadow
}

// particle -1
sphere {
	<26.482826, 35.152885, 32.922199> 0.100000
	pigment { color rgbt <1,0,0,0> }
	no_shadow
}
sphere {
	0, 1
	scale<0.080000,0.200000,0.300000>
	matrix <-0.229713, 0.315220, 0.920798,
		0.116122, 0.948217, -0.295637,
		-0.966306, 0.039013, -0.254421,
		26.192934, 35.164589, 32.845871>
	pigment { color rgbt <0,1,1,0> }
	no_shadow
}
cylinder {
	<26.553164, 35.743629, 33.194057>,  <26.869349, 35.137280, 33.023968>, 0.130000
	pigment { color rgbt <1,0,0,0> }
	no_shadow
}

// nucleotide -1

// particle -1
sphere {
	<26.553164, 35.743629, 33.194057> 0.250000
	pigment { color rgbt <1,0,0,0> }
	no_shadow
}
cylinder {
	<26.248665, 35.486500, 33.159935>,  <26.065966, 35.332222, 33.139462>, 0.100000
	pigment { color rgbt <1,0,0,0> }
	no_shadow
}
cylinder {
	<26.248665, 35.486500, 33.159935>,  <26.553164, 35.743629, 33.194057>, 0.100000
	pigment { color rgbt <1,0,0,0> }
	no_shadow
}

// particle -1
sphere {
	<26.248665, 35.486500, 33.159935> 0.100000
	pigment { color rgbt <1,0,0,0> }
	no_shadow
}
sphere {
	0, 1
	scale<0.080000,0.200000,0.300000>
	matrix <-0.329549, 0.270209, 0.904646,
		-0.558482, 0.716770, -0.417539,
		-0.761246, -0.642828, -0.085304,
		26.020290, 35.293652, 33.134342>
	pigment { color rgbt <0,1,1,0> }
	no_shadow
}
cylinder {
	<25.749887, 36.006336, 33.288624>,  <26.553164, 35.743629, 33.194057>, 0.130000
	pigment { color rgbt <1,0,0,0> }
	no_shadow
}

// nucleotide -1

// particle -1
sphere {
	<25.749887, 36.006336, 33.288624> 0.250000
	pigment { color rgbt <1,0,0,0> }
	no_shadow
}
cylinder {
	<25.811338, 35.629204, 33.406929>,  <25.848209, 35.402924, 33.477913>, 0.100000
	pigment { color rgbt <1,0,0,0> }
	no_shadow
}
cylinder {
	<25.811338, 35.629204, 33.406929>,  <25.749887, 36.006336, 33.288624>, 0.100000
	pigment { color rgbt <1,0,0,0> }
	no_shadow
}

// particle -1
sphere {
	<25.811338, 35.629204, 33.406929> 0.100000
	pigment { color rgbt <1,0,0,0> }
	no_shadow
}
sphere {
	0, 1
	scale<0.080000,0.200000,0.300000>
	matrix <-0.366000, 0.223729, 0.903321,
		-0.917847, -0.247024, -0.310704,
		0.153628, -0.942828, 0.295760,
		25.857428, 35.346355, 33.495655>
	pigment { color rgbt <0,1,1,0> }
	no_shadow
}
cylinder {
	<25.557642, 35.915920, 34.016689>,  <25.749887, 36.006336, 33.288624>, 0.130000
	pigment { color rgbt <1,0,0,0> }
	no_shadow
}

// nucleotide -1

// particle -1
sphere {
	<25.557642, 35.915920, 34.016689> 0.250000
	pigment { color rgbt <1,0,0,0> }
	no_shadow
}
cylinder {
	<25.529314, 35.581627, 33.798870>,  <25.512318, 35.381050, 33.668179>, 0.100000
	pigment { color rgbt <1,0,0,0> }
	no_shadow
}
cylinder {
	<25.529314, 35.581627, 33.798870>,  <25.557642, 35.915920, 34.016689>, 0.100000
	pigment { color rgbt <1,0,0,0> }
	no_shadow
}

// particle -1
sphere {
	<25.529314, 35.581627, 33.798870> 0.100000
	pigment { color rgbt <1,0,0,0> }
	no_shadow
}
sphere {
	0, 1
	scale<0.080000,0.200000,0.300000>
	matrix <-0.240519, -0.515507, 0.822438,
		-0.968058, 0.189218, -0.164502,
		-0.070819, -0.835733, -0.544551,
		25.508068, 35.330906, 33.635506>
	pigment { color rgbt <0,1,1,0> }
	no_shadow
}
cylinder {
	<24.878576, 35.643707, 34.091881>,  <25.557642, 35.915920, 34.016689>, 0.130000
	pigment { color rgbt <1,0,0,0> }
	no_shadow
}

// nucleotide -1

// particle -1
sphere {
	<24.878576, 35.643707, 34.091881> 0.250000
	pigment { color rgbt <1,0,0,0> }
	no_shadow
}
cylinder {
	<25.101439, 35.326424, 33.993580>,  <25.235155, 35.136055, 33.934597>, 0.100000
	pigment { color rgbt <1,0,0,0> }
	no_shadow
}
cylinder {
	<25.101439, 35.326424, 33.993580>,  <24.878576, 35.643707, 34.091881>, 0.100000
	pigment { color rgbt <1,0,0,0> }
	no_shadow
}

// particle -1
sphere {
	<25.101439, 35.326424, 33.993580> 0.100000
	pigment { color rgbt <1,0,0,0> }
	no_shadow
}
sphere {
	0, 1
	scale<0.080000,0.200000,0.300000>
	matrix <-0.091432, -0.352742, 0.931243,
		-0.825360, -0.496377, -0.269057,
		0.557155, -0.793211, -0.245754,
		25.268585, 35.088459, 33.919853>
	pigment { color rgbt <0,1,1,0> }
	no_shadow
}
cylinder {
	<24.473623, 35.029865, 34.338196>,  <24.878576, 35.643707, 34.091881>, 0.130000
	pigment { color rgbt <1,0,0,0> }
	no_shadow
}

// nucleotide -1

// particle -1
sphere {
	<24.473623, 35.029865, 34.338196> 0.250000
	pigment { color rgbt <1,0,0,0> }
	no_shadow
}
cylinder {
	<24.846407, 34.893932, 34.287659>,  <25.070078, 34.812374, 34.257336>, 0.100000
	pigment { color rgbt <1,0,0,0> }
	no_shadow
}
cylinder {
	<24.846407, 34.893932, 34.287659>,  <24.473623, 35.029865, 34.338196>, 0.100000
	pigment { color rgbt <1,0,0,0> }
	no_shadow
}

// particle -1
sphere {
	<24.846407, 34.893932, 34.287659> 0.100000
	pigment { color rgbt <1,0,0,0> }
	no_shadow
}
sphere {
	0, 1
	scale<0.080000,0.200000,0.300000>
	matrix <0.003067, -0.341078, 0.940030,
		-0.362550, -0.876457, -0.316829,
		0.931959, -0.339836, -0.126346,
		25.125996, 34.791981, 34.249756>
	pigment { color rgbt <0,1,1,0> }
	no_shadow
}
cylinder {
	<24.490156, 34.258629, 34.266926>,  <24.473623, 35.029865, 34.338196>, 0.130000
	pigment { color rgbt <1,0,0,0> }
	no_shadow
}

// nucleotide -1

// particle -1
sphere {
	<24.490156, 34.258629, 34.266926> 0.250000
	pigment { color rgbt <1,0,0,0> }
	no_shadow
}
cylinder {
	<24.883142, 34.325569, 34.234058>,  <25.118935, 34.365734, 34.214340>, 0.100000
	pigment { color rgbt <1,0,0,0> }
	no_shadow
}
cylinder {
	<24.883142, 34.325569, 34.234058>,  <24.490156, 34.258629, 34.266926>, 0.100000
	pigment { color rgbt <1,0,0,0> }
	no_shadow
}

// particle -1
sphere {
	<24.883142, 34.325569, 34.234058> 0.100000
	pigment { color rgbt <1,0,0,0> }
	no_shadow
}
sphere {
	0, 1
	scale<0.080000,0.200000,0.300000>
	matrix <0.164868, -0.574138, 0.801988,
		0.087039, -0.801473, -0.591663,
		0.982467, 0.167350, -0.082165,
		25.177883, 34.375774, 34.209408>
	pigment { color rgbt <0,1,1,0> }
	no_shadow
}
cylinder {
	<24.831701, 33.654987, 34.277531>,  <24.490156, 34.258629, 34.266926>, 0.130000
	pigment { color rgbt <1,0,0,0> }
	no_shadow
}

// nucleotide -1

// particle -1
sphere {
	<24.831701, 33.654987, 34.277531> 0.250000
	pigment { color rgbt <1,0,0,0> }
	no_shadow
}
cylinder {
	<25.093452, 33.936447, 34.388287>,  <25.250504, 34.105324, 34.454742>, 0.100000
	pigment { color rgbt <1,0,0,0> }
	no_shadow
}
cylinder {
	<25.093452, 33.936447, 34.388287>,  <24.831701, 33.654987, 34.277531>, 0.100000
	pigment { color rgbt <1,0,0,0> }
	no_shadow
}

// particle -1
sphere {
	<25.093452, 33.936447, 34.388287> 0.100000
	pigment { color rgbt <1,0,0,0> }
	no_shadow
}
sphere {
	0, 1
	scale<0.080000,0.200000,0.300000>
	matrix <0.005275, -0.370419, 0.928850,
		0.756150, -0.606357, -0.246105,
		0.654377, 0.703648, 0.276895,
		25.289766, 34.147541, 34.471355>
	pigment { color rgbt <0,1,1,0> }
	no_shadow
}
cylinder {
	<25.478163, 33.347713, 34.609756>,  <24.831701, 33.654987, 34.277531>, 0.130000
	pigment { color rgbt <1,0,0,0> }
	no_shadow
}

// nucleotide -1

// particle -1
sphere {
	<25.478163, 33.347713, 34.609756> 0.250000
	pigment { color rgbt <1,0,0,0> }
	no_shadow
}
cylinder {
	<25.437960, 33.719940, 34.750580>,  <25.413837, 33.943275, 34.835072>, 0.100000
	pigment { color rgbt <1,0,0,0> }
	no_shadow
}
cylinder {
	<25.437960, 33.719940, 34.750580>,  <25.478163, 33.347713, 34.609756>, 0.100000
	pigment { color rgbt <1,0,0,0> }
	no_shadow
}

// particle -1
sphere {
	<25.437960, 33.719940, 34.750580> 0.100000
	pigment { color rgbt <1,0,0,0> }
	no_shadow
}
sphere {
	0, 1
	scale<0.080000,0.200000,0.300000>
	matrix <0.115137, -0.340591, 0.933135,
		0.988252, 0.134322, -0.072911,
		-0.100508, 0.930567, 0.352055,
		25.407808, 33.999111, 34.856197>
	pigment { color rgbt <0,1,1,0> }
	no_shadow
}
cylinder {
	<26.080830, 33.441101, 35.113960>,  <25.478163, 33.347713, 34.609756>, 0.130000
	pigment { color rgbt <1,0,0,0> }
	no_shadow
}

// nucleotide -1

// particle -1
sphere {
	<26.080830, 33.441101, 35.113960> 0.250000
	pigment { color rgbt <1,0,0,0> }
	no_shadow
}
cylinder {
	<25.814724, 33.726288, 35.202591>,  <25.655060, 33.897400, 35.255772>, 0.100000
	pigment { color rgbt <1,0,0,0> }
	no_shadow
}
cylinder {
	<25.814724, 33.726288, 35.202591>,  <26.080830, 33.441101, 35.113960>, 0.100000
	pigment { color rgbt <1,0,0,0> }
	no_shadow
}

// particle -1
sphere {
	<25.814724, 33.726288, 35.202591> 0.100000
	pigment { color rgbt <1,0,0,0> }
	no_shadow
}
sphere {
	0, 1
	scale<0.080000,0.200000,0.300000>
	matrix <0.234809, -0.081924, 0.968583,
		0.708722, 0.696394, -0.112910,
		-0.665265, 0.712968, 0.221581,
		25.615145, 33.940178, 35.269066>
	pigment { color rgbt <0,1,1,0> }
	no_shadow
}
cylinder {
	<26.349369, 33.750671, 35.663902>,  <26.080830, 33.441101, 35.113960>, 0.130000
	pigment { color rgbt <1,0,0,0> }
	no_shadow
}

// nucleotide -1

// particle -1
sphere {
	<26.349369, 33.750671, 35.663902> 0.250000
	pigment { color rgbt <1,0,0,0> }
	no_shadow
}
cylinder {
	<25.959303, 33.838017, 35.649094>,  <25.725264, 33.890423, 35.640209>, 0.100000
	pigment { color rgbt <1,0,0,0> }
	no_shadow
}
cylinder {
	<25.959303, 33.838017, 35.649094>,  <26.349369, 33.750671, 35.663902>, 0.100000
	pigment { color rgbt <1,0,0,0> }
	no_shadow
}

// particle -1
sphere {
	<25.959303, 33.838017, 35.649094> 0.100000
	pigment { color rgbt <1,0,0,0> }
	no_shadow
}
sphere {
	0, 1
	scale<0.080000,0.200000,0.300000>
	matrix <-0.039638, -0.007594, 0.999185,
		0.217899, 0.975839, 0.016061,
		-0.975166, 0.218359, -0.037026,
		25.666754, 33.903522, 35.637985>
	pigment { color rgbt <0,1,1,0> }
	no_shadow
}
cylinder {
	<26.017811, 34.424030, 36.019104>,  <26.349369, 33.750671, 35.663902>, 0.130000
	pigment { color rgbt <1,0,0,0> }
	no_shadow
}

// nucleotide -1

// particle -1
sphere {
	<26.017811, 34.424030, 36.019104> 0.250000
	pigment { color rgbt <1,0,0,0> }
	no_shadow
}
cylinder {
	<25.769093, 34.111187, 36.035526>,  <25.619862, 33.923481, 36.045380>, 0.100000
	pigment { color rgbt <1,0,0,0> }
	no_shadow
}
cylinder {
	<25.769093, 34.111187, 36.035526>,  <26.017811, 34.424030, 36.019104>, 0.100000
	pigment { color rgbt <1,0,0,0> }
	no_shadow
}

// particle -1
sphere {
	<25.769093, 34.111187, 36.035526> 0.100000
	pigment { color rgbt <1,0,0,0> }
	no_shadow
}
sphere {
	0, 1
	scale<0.080000,0.200000,0.300000>
	matrix <-0.050497, 0.092347, 0.994446,
		-0.781551, 0.616267, -0.096915,
		-0.621794, -0.782104, 0.041054,
		25.582554, 33.876556, 36.047844>
	pigment { color rgbt <0,1,1,0> }
	no_shadow
}
cylinder {
	<25.421434, 34.569279, 36.458721>,  <26.017811, 34.424030, 36.019104>, 0.130000
	pigment { color rgbt <1,0,0,0> }
	no_shadow
}

// nucleotide -1

// particle -1
sphere {
	<25.421434, 34.569279, 36.458721> 0.250000
	pigment { color rgbt <1,0,0,0> }
	no_shadow
}
cylinder {
	<25.480446, 34.174679, 36.487183>,  <25.515852, 33.937920, 36.504257>, 0.100000
	pigment { color rgbt <1,0,0,0> }
	no_shadow
}
cylinder {
	<25.480446, 34.174679, 36.487183>,  <25.421434, 34.569279, 36.458721>, 0.100000
	pigment { color rgbt <1,0,0,0> }
	no_shadow
}

// particle -1
sphere {
	<25.480446, 34.174679, 36.487183> 0.100000
	pigment { color rgbt <1,0,0,0> }
	no_shadow
}
sphere {
	0, 1
	scale<0.080000,0.200000,0.300000>
	matrix <-0.039328, 0.066029, 0.997042,
		-0.988275, -0.149891, -0.029055,
		0.147529, -0.986495, 0.071150,
		25.524704, 33.878731, 36.508526>
	pigment { color rgbt <0,1,1,0> }
	no_shadow
}
cylinder {
	<24.969328, 34.157585, 36.699875>,  <25.421434, 34.569279, 36.458721>, 0.130000
	pigment { color rgbt <1,0,0,0> }
	no_shadow
}

// nucleotide -1

// particle -1
sphere {
	<24.969328, 34.157585, 36.699875> 0.250000
	pigment { color rgbt <1,0,0,0> }
	no_shadow
}
cylinder {
	<25.308529, 33.970711, 36.799973>,  <25.512051, 33.858585, 36.860031>, 0.100000
	pigment { color rgbt <1,0,0,0> }
	no_shadow
}
cylinder {
	<25.308529, 33.970711, 36.799973>,  <24.969328, 34.157585, 36.699875>, 0.100000
	pigment { color rgbt <1,0,0,0> }
	no_shadow
}

// particle -1
sphere {
	<25.308529, 33.970711, 36.799973> 0.100000
	pigment { color rgbt <1,0,0,0> }
	no_shadow
}
sphere {
	0, 1
	scale<0.080000,0.200000,0.300000>
	matrix <-0.224350, 0.111344, 0.968127,
		-0.480163, -0.877118, -0.010394,
		0.848004, -0.467190, 0.250244,
		25.562931, 33.830555, 36.875046>
	pigment { color rgbt <0,1,1,0> }
	no_shadow
}
cylinder {
	<24.764790, 33.652458, 37.123062>,  <24.969328, 34.157585, 36.699875>, 0.130000
	pigment { color rgbt <1,0,0,0> }
	no_shadow
}

// nucleotide -1

// particle -1
sphere {
	<24.764790, 33.652458, 37.123062> 0.250000
	pigment { color rgbt <1,0,0,0> }
	no_shadow
}
cylinder {
	<25.141909, 33.773144, 37.179768>,  <25.368181, 33.845554, 37.213791>, 0.100000
	pigment { color rgbt <1,0,0,0> }
	no_shadow
}
cylinder {
	<25.141909, 33.773144, 37.179768>,  <24.764790, 33.652458, 37.123062>, 0.100000
	pigment { color rgbt <1,0,0,0> }
	no_shadow
}

// particle -1
sphere {
	<25.141909, 33.773144, 37.179768> 0.100000
	pigment { color rgbt <1,0,0,0> }
	no_shadow
}
sphere {
	0, 1
	scale<0.080000,0.200000,0.300000>
	matrix <-0.232912, 0.291950, 0.927641,
		0.238492, -0.907599, 0.345522,
		0.942801, 0.301711, 0.141763,
		25.424747, 33.863659, 37.222298>
	pigment { color rgbt <0,1,1,0> }
	no_shadow
}
cylinder {
	<24.888868, 33.510643, 37.760948>,  <24.764790, 33.652458, 37.123062>, 0.130000
	pigment { color rgbt <1,0,0,0> }
	no_shadow
}

// nucleotide -1

// particle -1
sphere {
	<24.888868, 33.510643, 37.760948> 0.250000
	pigment { color rgbt <1,0,0,0> }
	no_shadow
}
cylinder {
	<25.201218, 33.755608, 37.711662>,  <25.388628, 33.902588, 37.682091>, 0.100000
	pigment { color rgbt <1,0,0,0> }
	no_shadow
}
cylinder {
	<25.201218, 33.755608, 37.711662>,  <24.888868, 33.510643, 37.760948>, 0.100000
	pigment { color rgbt <1,0,0,0> }
	no_shadow
}

// particle -1
sphere {
	<25.201218, 33.755608, 37.711662> 0.100000
	pigment { color rgbt <1,0,0,0> }
	no_shadow
}
sphere {
	0, 1
	scale<0.080000,0.200000,0.300000>
	matrix <-0.091238, 0.306936, 0.947347,
		0.617990, -0.728516, 0.295554,
		0.780873, 0.612417, -0.123215,
		25.435480, 33.939331, 37.674698>
	pigment { color rgbt <0,1,1,0> }
	no_shadow
}
cylinder {
	<25.410521, 33.307377, 38.281143>,  <24.888868, 33.510643, 37.760948>, 0.130000
	pigment { color rgbt <1,0,0,0> }
	no_shadow
}

// nucleotide -1

// particle -1
sphere {
	<25.410521, 33.307377, 38.281143> 0.250000
	pigment { color rgbt <1,0,0,0> }
	no_shadow
}
cylinder {
	<25.457094, 33.688908, 38.170387>,  <25.485039, 33.917824, 38.103935>, 0.100000
	pigment { color rgbt <1,0,0,0> }
	no_shadow
}
cylinder {
	<25.457094, 33.688908, 38.170387>,  <25.410521, 33.307377, 38.281143>, 0.100000
	pigment { color rgbt <1,0,0,0> }
	no_shadow
}

// particle -1
sphere {
	<25.457094, 33.688908, 38.170387> 0.100000
	pigment { color rgbt <1,0,0,0> }
	no_shadow
}
sphere {
	0, 1
	scale<0.080000,0.200000,0.300000>
	matrix <-0.023356, 0.281335, 0.959325,
		0.992924, -0.105231, 0.055034,
		0.116434, 0.953822, -0.276887,
		25.492023, 33.975056, 38.087322>
	pigment { color rgbt <0,1,1,0> }
	no_shadow
}
cylinder {
	<26.009047, 33.593079, 38.593292>,  <25.410521, 33.307377, 38.281143>, 0.130000
	pigment { color rgbt <1,0,0,0> }
	no_shadow
}

// nucleotide -1

// particle -1
sphere {
	<26.009047, 33.593079, 38.593292> 0.250000
	pigment { color rgbt <1,0,0,0> }
	no_shadow
}
cylinder {
	<25.758972, 33.897720, 38.525063>,  <25.608927, 34.080505, 38.484123>, 0.100000
	pigment { color rgbt <1,0,0,0> }
	no_shadow
}
cylinder {
	<25.758972, 33.897720, 38.525063>,  <26.009047, 33.593079, 38.593292>, 0.100000
	pigment { color rgbt <1,0,0,0> }
	no_shadow
}

// particle -1
sphere {
	<25.758972, 33.897720, 38.525063> 0.100000
	pigment { color rgbt <1,0,0,0> }
	no_shadow
}
sphere {
	0, 1
	scale<0.080000,0.200000,0.300000>
	matrix <0.021431, 0.235225, 0.971705,
		0.780180, 0.603843, -0.163382,
		-0.625188, 0.761606, -0.170577,
		25.571415, 34.126202, 38.473888>
	pigment { color rgbt <0,1,1,0> }
	no_shadow
}
cylinder {
	<26.269323, 34.145718, 38.976685>,  <26.009047, 33.593079, 38.593292>, 0.130000
	pigment { color rgbt <1,0,0,0> }
	no_shadow
}

// nucleotide -1

// particle -1
sphere {
	<26.269323, 34.145718, 38.976685> 0.250000
	pigment { color rgbt <1,0,0,0> }
	no_shadow
}
cylinder {
	<25.885115, 34.236027, 38.911655>,  <25.654591, 34.290211, 38.872639>, 0.100000
	pigment { color rgbt <1,0,0,0> }
	no_shadow
}
cylinder {
	<25.885115, 34.236027, 38.911655>,  <26.269323, 34.145718, 38.976685>, 0.100000
	pigment { color rgbt <1,0,0,0> }
	no_shadow
}

// particle -1
sphere {
	<25.885115, 34.236027, 38.911655> 0.100000
	pigment { color rgbt <1,0,0,0> }
	no_shadow
}
sphere {
	0, 1
	scale<0.080000,0.200000,0.300000>
	matrix <-0.127967, 0.160330, 0.978733,
		0.247032, 0.960897, -0.125110,
		-0.960521, 0.225768, -0.162570,
		25.596958, 34.303757, 38.862885>
	pigment { color rgbt <0,1,1,0> }
	no_shadow
}
cylinder {
	<26.663492, 34.705788, 38.868534>,  <26.269323, 34.145718, 38.976685>, 0.130000
	pigment { color rgbt <1,0,0,0> }
	no_shadow
}

// nucleotide -1

// particle -1
sphere {
	<26.663492, 34.705788, 38.868534> 0.250000
	pigment { color rgbt <1,0,0,0> }
	no_shadow
}
cylinder {
	<26.267372, 34.724918, 38.816360>,  <26.029699, 34.736397, 38.785057>, 0.100000
	pigment { color rgbt <1,0,0,0> }
	no_shadow
}
cylinder {
	<26.267372, 34.724918, 38.816360>,  <26.663492, 34.705788, 38.868534>, 0.100000
	pigment { color rgbt <1,0,0,0> }
	no_shadow
}

// particle -1
sphere {
	<26.267372, 34.724918, 38.816360> 0.100000
	pigment { color rgbt <1,0,0,0> }
	no_shadow
}
sphere {
	0, 1
	scale<0.080000,0.200000,0.300000>
	matrix <-0.094455, 0.456703, 0.884591,
		0.101881, 0.888333, -0.447756,
		-0.990302, 0.047830, -0.130437,
		25.970282, 34.739265, 38.777229>
	pigment { color rgbt <0,1,1,0> }
	no_shadow
}
cylinder {
	<26.433695, 35.362263, 38.993183>,  <26.663492, 34.705788, 38.868534>, 0.130000
	pigment { color rgbt <1,0,0,0> }
	no_shadow
}

// nucleotide -1

// particle -1
sphere {
	<26.433695, 35.362263, 38.993183> 0.250000
	pigment { color rgbt <1,0,0,0> }
	no_shadow
}
cylinder {
	<26.096891, 35.168079, 39.087292>,  <25.894810, 35.051571, 39.143757>, 0.100000
	pigment { color rgbt <1,0,0,0> }
	no_shadow
}
cylinder {
	<26.096891, 35.168079, 39.087292>,  <26.433695, 35.362263, 38.993183>, 0.100000
	pigment { color rgbt <1,0,0,0> }
	no_shadow
}

// particle -1
sphere {
	<26.096891, 35.168079, 39.087292> 0.100000
	pigment { color rgbt <1,0,0,0> }
	no_shadow
}
sphere {
	0, 1
	scale<0.080000,0.200000,0.300000>
	matrix <0.028486, 0.395501, 0.918024,
		-0.538711, 0.779686, -0.319187,
		-0.842009, -0.485457, 0.235271,
		25.844288, 35.022442, 39.157871>
	pigment { color rgbt <0,1,1,0> }
	no_shadow
}
cylinder {
	<25.753027, 35.782890, 39.197346>,  <26.433695, 35.362263, 38.993183>, 0.130000
	pigment { color rgbt <1,0,0,0> }
	no_shadow
}

// nucleotide -1

// particle -1
sphere {
	<25.753027, 35.782890, 39.197346> 0.250000
	pigment { color rgbt <1,0,0,0> }
	no_shadow
}
cylinder {
	<25.785667, 35.424728, 39.372433>,  <25.805252, 35.209831, 39.477486>, 0.100000
	pigment { color rgbt <1,0,0,0> }
	no_shadow
}
cylinder {
	<25.785667, 35.424728, 39.372433>,  <25.753027, 35.782890, 39.197346>, 0.100000
	pigment { color rgbt <1,0,0,0> }
	no_shadow
}

// particle -1
sphere {
	<25.785667, 35.424728, 39.372433> 0.100000
	pigment { color rgbt <1,0,0,0> }
	no_shadow
}
sphere {
	0, 1
	scale<0.080000,0.200000,0.300000>
	matrix <0.128596, 0.444972, 0.886264,
		-0.988334, -0.016029, 0.151454,
		0.081599, -0.895401, 0.437719,
		25.810146, 35.156109, 39.503750>
	pigment { color rgbt <0,1,1,0> }
	no_shadow
}
cylinder {
	<25.336206, 35.703941, 39.910889>,  <25.753027, 35.782890, 39.197346>, 0.130000
	pigment { color rgbt <1,0,0,0> }
	no_shadow
}

// nucleotide -1

// particle -1
sphere {
	<25.336206, 35.703941, 39.910889> 0.250000
	pigment { color rgbt <1,0,0,0> }
	no_shadow
}
cylinder {
	<25.667051, 35.479786, 39.893681>,  <25.865559, 35.345291, 39.883358>, 0.100000
	pigment { color rgbt <1,0,0,0> }
	no_shadow
}
cylinder {
	<25.667051, 35.479786, 39.893681>,  <25.336206, 35.703941, 39.910889>, 0.100000
	pigment { color rgbt <1,0,0,0> }
	no_shadow
}

// particle -1
sphere {
	<25.667051, 35.479786, 39.893681> 0.100000
	pigment { color rgbt <1,0,0,0> }
	no_shadow
}
sphere {
	0, 1
	scale<0.080000,0.200000,0.300000>
	matrix <0.183319, 0.196635, 0.963187,
		-0.531301, -0.804549, 0.265369,
		0.827112, -0.560389, -0.043016,
		25.915184, 35.311668, 39.880775>
	pigment { color rgbt <0,1,1,0> }
	no_shadow
}
cylinder {
	<25.345123, 35.119560, 40.500061>,  <25.336206, 35.703941, 39.910889>, 0.130000
	pigment { color rgbt <1,0,0,0> }
	no_shadow
}

// nucleotide -1

// particle -1
sphere {
	<25.345123, 35.119560, 40.500061> 0.250000
	pigment { color rgbt <1,0,0,0> }
	no_shadow
}
cylinder {
	<25.722029, 35.206841, 40.398449>,  <25.948172, 35.259209, 40.337482>, 0.100000
	pigment { color rgbt <1,0,0,0> }
	no_shadow
}
cylinder {
	<25.722029, 35.206841, 40.398449>,  <25.345123, 35.119560, 40.500061>, 0.100000
	pigment { color rgbt <1,0,0,0> }
	no_shadow
}

// particle -1
sphere {
	<25.722029, 35.206841, 40.398449> 0.100000
	pigment { color rgbt <1,0,0,0> }
	no_shadow
}
sphere {
	0, 1
	scale<0.080000,0.200000,0.300000>
	matrix <0.246327, 0.062263, 0.967185,
		0.226859, -0.973915, 0.004919,
		0.942263, 0.218203, -0.254026,
		26.004707, 35.272301, 40.322243>
	pigment { color rgbt <0,1,1,0> }
	no_shadow
}
cylinder {
	<24.862284, 34.645992, 40.581627>,  <25.345123, 35.119560, 40.500061>, 0.130000
	pigment { color rgbt <1,0,0,0> }
	no_shadow
}

// nucleotide -1

// particle -1
sphere {
	<24.862284, 34.645992, 40.581627> 0.250000
	pigment { color rgbt <1,0,0,0> }
	no_shadow
}
cylinder {
	<24.737583, 34.331169, 40.794548>,  <24.662764, 34.142273, 40.922302>, 0.100000
	pigment { color rgbt <1,0,0,0> }
	no_shadow
}
cylinder {
	<24.737583, 34.331169, 40.794548>,  <24.862284, 34.645992, 40.581627>, 0.100000
	pigment { color rgbt <1,0,0,0> }
	no_shadow
}

// particle -1
sphere {
	<24.737583, 34.331169, 40.794548> 0.100000
	pigment { color rgbt <1,0,0,0> }
	no_shadow
}
sphere {
	0, 1
	scale<0.080000,0.200000,0.300000>
	matrix <0.890185, -0.437825, -0.126017,
		0.332238, 0.434561, 0.837123,
		-0.311752, -0.787062, 0.532302,
		24.644058, 34.095051, 40.954239>
	pigment { color rgbt <0,1,1,0> }
	no_shadow
}
cylinder {
	<24.893509, 34.490597, 39.782879>,  <24.862284, 34.645992, 40.581627>, 0.130000
	pigment { color rgbt <1,0,0,0> }
	no_shadow
}

// nucleotide -1

// particle -1
sphere {
	<24.893509, 34.490597, 39.782879> 0.250000
	pigment { color rgbt <1,0,0,0> }
	no_shadow
}
cylinder {
	<25.080462, 34.786663, 39.589504>,  <25.192633, 34.964302, 39.473480>, 0.100000
	pigment { color rgbt <1,0,0,0> }
	no_shadow
}
cylinder {
	<25.080462, 34.786663, 39.589504>,  <24.893509, 34.490597, 39.782879>, 0.100000
	pigment { color rgbt <1,0,0,0> }
	no_shadow
}

// particle -1
sphere {
	<25.080462, 34.786663, 39.589504> 0.100000
	pigment { color rgbt <1,0,0,0> }
	no_shadow
}
sphere {
	0, 1
	scale<0.080000,0.200000,0.300000>
	matrix <-0.015740, -0.539783, -0.841657,
