// switches for output
#declare DRAW_BASES = 1; // possible values are 0, 1; only relevant for DNA ribbons
#declare DRAW_BASES_TYPE = 3; // possible values are 1, 2, 3; only relevant for DNA ribbons
#declare DRAW_FOG = 0; // set to 1 to enable fog

#include "colors.inc"

#include "transforms.inc"
background { rgb <1, 1, 1>}

#default {
   normal{
       ripples 0.25
       frequency 0.20
       turbulence 0.2
       lambda 5
   }
	finish {
		phong 0.1
		phong_size 40.
	}
}

// original window dimensions: 1024x640


// camera settings

camera {
	sky <0, 0.179814, -0.983701>
	up <0, 0.179814, -0.983701>
	right 1.6 * <1, 0, 0>
	location <35, 94.9851, 44.8844>
	look_at <35, 29.7336, 32.9568>
	direction <0, -65.2515, -11.9276>
	angle 67.0682
}


# declare cpy_camera_pos = <35, 94.9851, 44.8844>;
# if (DRAW_FOG = 1)
fog {
	fog_type 2
	up vnormalize(cpy_camera_pos)
	color rgbt<1,1,1,0.3>
	distance 1e-5
	fog_alt 3e-3
	fog_offset 56
}
# end


// LIGHTS

# declare lum = 6;
global_settings {
	ambient_light rgb lum * <0.05, 0.05, 0.05>
	max_trace_level 15
}# declare cpy_direct_light_amount = 0.25;
light_source
{	1000 * <-1, -1.16352, -0.803886>,
	rgb lum * cpy_direct_light_amount
	parallel
}

light_source
{	1000 * <1, 1.16352, 0.803886>,
	rgb lum * cpy_direct_light_amount
	parallel
}

// strand 0

// nucleotide -1

// particle -1
sphere {
	<24.273043, 35.261913, 34.800407> 0.250000
	pigment { color rgbt <1,0,0,0> }
	no_shadow
}
cylinder {
	<24.091673, 35.033478, 35.074127>,  <23.982851, 34.896416, 35.238358>, 0.100000
	pigment { color rgbt <1,0,0,0> }
	no_shadow
}
cylinder {
	<24.091673, 35.033478, 35.074127>,  <24.273043, 35.261913, 34.800407>, 0.100000
	pigment { color rgbt <1,0,0,0> }
	no_shadow
}

// particle -1
sphere {
	<24.091673, 35.033478, 35.074127> 0.100000
	pigment { color rgbt <1,0,0,0> }
	no_shadow
}
sphere {
	0, 1
	scale<0.080000,0.200000,0.300000>
	matrix <0.889192, -0.342548, 0.303314,
		0.061185, 0.746001, 0.663128,
		-0.453426, -0.571089, 0.684297,
		23.955645, 34.862152, 35.279415>
	pigment { color rgbt <0,1,1,0> }
	no_shadow
}
cylinder {
	<24.490929, 34.688702, 34.514038>,  <24.273043, 35.261913, 34.800407>, 0.130000
	pigment { color rgbt <1,0,0,0> }
	no_shadow
}

// nucleotide -1

// particle -1
sphere {
	<24.490929, 34.688702, 34.514038> 0.250000
	pigment { color rgbt <1,0,0,0> }
	no_shadow
}
cylinder {
	<24.874458, 34.723862, 34.406013>,  <25.104576, 34.744957, 34.341198>, 0.100000
	pigment { color rgbt <1,0,0,0> }
	no_shadow
}
cylinder {
	<24.874458, 34.723862, 34.406013>,  <24.490929, 34.688702, 34.514038>, 0.100000
	pigment { color rgbt <1,0,0,0> }
	no_shadow
}

// particle -1
sphere {
	<24.874458, 34.723862, 34.406013> 0.100000
	pigment { color rgbt <1,0,0,0> }
	no_shadow
}
sphere {
	0, 1
	scale<0.080000,0.200000,0.300000>
	matrix <0.058647, -0.991683, -0.114564,
		-0.277885, 0.094008, -0.956003,
		0.958822, 0.087903, -0.270061,
		25.162106, 34.750233, 34.324997>
	pigment { color rgbt <0,1,1,0> }
	no_shadow
}
cylinder {
	<24.529615, 34.266239, 33.851494>,  <24.490929, 34.688702, 34.514038>, 0.130000
	pigment { color rgbt <1,0,0,0> }
	no_shadow
}

// nucleotide -1

// particle -1
sphere {
	<24.529615, 34.266239, 33.851494> 0.250000
	pigment { color rgbt <1,0,0,0> }
	no_shadow
}
cylinder {
	<24.906836, 34.290863, 33.982254>,  <25.133167, 34.305637, 34.060711>, 0.100000
	pigment { color rgbt <1,0,0,0> }
	no_shadow
}
cylinder {
	<24.906836, 34.290863, 33.982254>,  <24.529615, 34.266239, 33.851494>, 0.100000
	pigment { color rgbt <1,0,0,0> }
	no_shadow
}

// particle -1
sphere {
	<24.906836, 34.290863, 33.982254> 0.100000
	pigment { color rgbt <1,0,0,0> }
	no_shadow
}
sphere {
	0, 1
	scale<0.080000,0.200000,0.300000>
	matrix <0.155147, -0.950693, -0.268539,
		0.294253, 0.303964, -0.906102,
		0.943051, 0.061561, 0.326903,
		25.189751, 34.309330, 34.080326>
	pigment { color rgbt <0,1,1,0> }
	no_shadow
}
cylinder {
	<24.854469, 34.007359, 33.335659>,  <24.529615, 34.266239, 33.851494>, 0.130000
	pigment { color rgbt <1,0,0,0> }
	no_shadow
}

// nucleotide -1

// particle -1
sphere {
	<24.854469, 34.007359, 33.335659> 0.250000
	pigment { color rgbt <1,0,0,0> }
	no_shadow
}
cylinder {
	<25.092356, 33.974033, 33.655502>,  <25.235088, 33.954037, 33.847408>, 0.100000
	pigment { color rgbt <1,0,0,0> }
	no_shadow
}
cylinder {
	<25.092356, 33.974033, 33.655502>,  <24.854469, 34.007359, 33.335659>, 0.100000
	pigment { color rgbt <1,0,0,0> }
	no_shadow
}

// particle -1
sphere {
	<25.092356, 33.974033, 33.655502> 0.100000
	pigment { color rgbt <1,0,0,0> }
	no_shadow
}
sphere {
	0, 1
	scale<0.080000,0.200000,0.300000>
	matrix <0.093871, -0.980616, -0.171990,
		0.798436, 0.177345, -0.575368,
		0.594716, -0.083313, 0.799607,
		25.270771, 33.949039, 33.895386>
	pigment { color rgbt <0,1,1,0> }
	no_shadow
}
cylinder {
	<25.588964, 33.678867, 33.182911>,  <24.854469, 34.007359, 33.335659>, 0.130000
	pigment { color rgbt <1,0,0,0> }
	no_shadow
}

// nucleotide -1

// particle -1
sphere {
	<25.588964, 33.678867, 33.182911> 0.250000
	pigment { color rgbt <1,0,0,0> }
	no_shadow
}
cylinder {
	<25.444286, 33.602654, 33.547958>,  <25.357479, 33.556927, 33.766987>, 0.100000
	pigment { color rgbt <1,0,0,0> }
	no_shadow
}
cylinder {
	<25.444286, 33.602654, 33.547958>,  <25.588964, 33.678867, 33.182911>, 0.100000
	pigment { color rgbt <1,0,0,0> }
	no_shadow
}

// particle -1
sphere {
	<25.444286, 33.602654, 33.547958> 0.100000
	pigment { color rgbt <1,0,0,0> }
	no_shadow
}
sphere {
	0, 1
	scale<0.080000,0.200000,0.300000>
	matrix <-0.011157, -0.977938, -0.208595,
		0.932231, -0.085629, 0.351588,
		-0.361693, -0.190536, 0.912620,
		25.335779, 33.545494, 33.821743>
	pigment { color rgbt <0,1,1,0> }
	no_shadow
}
cylinder {
	<26.048027, 33.211430, 33.500942>,  <25.588964, 33.678867, 33.182911>, 0.130000
	pigment { color rgbt <1,0,0,0> }
	no_shadow
}

// nucleotide -1

// particle -1
sphere {
	<26.048027, 33.211430, 33.500942> 0.250000
	pigment { color rgbt <1,0,0,0> }
	no_shadow
}
cylinder {
	<25.662319, 33.193172, 33.605324>,  <25.430893, 33.182220, 33.667953>, 0.100000
	pigment { color rgbt <1,0,0,0> }
	no_shadow
}
cylinder {
	<25.662319, 33.193172, 33.605324>,  <26.048027, 33.211430, 33.500942>, 0.100000
	pigment { color rgbt <1,0,0,0> }
	no_shadow
}

// particle -1
sphere {
	<25.662319, 33.193172, 33.605324> 0.100000
	pigment { color rgbt <1,0,0,0> }
	no_shadow
}
sphere {
	0, 1
	scale<0.080000,0.200000,0.300000>
	matrix <-0.067833, -0.909669, -0.409758,
		0.256082, -0.412819, 0.874072,
		-0.964272, -0.045641, 0.260953,
		25.373037, 33.179482, 33.683609>
	pigment { color rgbt <0,1,1,0> }
	no_shadow
}
cylinder {
	<25.927502, 32.646568, 33.935074>,  <26.048027, 33.211430, 33.500942>, 0.130000
	pigment { color rgbt <1,0,0,0> }
	no_shadow
}

// nucleotide -1

// particle -1
sphere {
	<25.927502, 32.646568, 33.935074> 0.250000
	pigment { color rgbt <1,0,0,0> }
	no_shadow
}
cylinder {
	<25.590706, 32.733330, 33.737484>,  <25.388628, 32.785389, 33.618931>, 0.100000
	pigment { color rgbt <1,0,0,0> }
	no_shadow
}
cylinder {
	<25.590706, 32.733330, 33.737484>,  <25.927502, 32.646568, 33.935074>, 0.100000
	pigment { color rgbt <1,0,0,0> }
	no_shadow
}

// particle -1
sphere {
	<25.590706, 32.733330, 33.737484> 0.100000
	pigment { color rgbt <1,0,0,0> }
	no_shadow
}
sphere {
	0, 1
	scale<0.080000,0.200000,0.300000>
	matrix <-0.018916, -0.926923, -0.374773,
		-0.539165, -0.306211, 0.784561,
		-0.841988, 0.216905, -0.493972,
		25.338110, 32.798401, 33.589291>
	pigment { color rgbt <0,1,1,0> }
	no_shadow
}
cylinder {
	<25.433681, 32.083355, 34.045280>,  <25.927502, 32.646568, 33.935074>, 0.130000
	pigment { color rgbt <1,0,0,0> }
	no_shadow
}

// nucleotide -1

// particle -1
sphere {
	<25.433681, 32.083355, 34.045280> 0.250000
	pigment { color rgbt <1,0,0,0> }
	no_shadow
}
cylinder {
	<25.387650, 32.253689, 33.686298>,  <25.360029, 32.355888, 33.470909>, 0.100000
	pigment { color rgbt <1,0,0,0> }
	no_shadow
}
cylinder {
	<25.387650, 32.253689, 33.686298>,  <25.433681, 32.083355, 34.045280>, 0.100000
	pigment { color rgbt <1,0,0,0> }
	no_shadow
}

// particle -1
sphere {
	<25.387650, 32.253689, 33.686298> 0.100000
	pigment { color rgbt <1,0,0,0> }
	no_shadow
}
sphere {
	0, 1
	scale<0.080000,0.200000,0.300000>
	matrix <0.041918, -0.900567, -0.432691,
		-0.992471, -0.087414, 0.085788,
		-0.115081, 0.425838, -0.897451,
		25.353125, 32.381439, 33.417065>
	pigment { color rgbt <0,1,1,0> }
	no_shadow
}
cylinder {
	<25.019783, 31.662212, 33.733337>,  <25.433681, 32.083355, 34.045280>, 0.130000
	pigment { color rgbt <1,0,0,0> }
	no_shadow
}

// nucleotide -1

// particle -1
sphere {
	<25.019783, 31.662212, 33.733337> 0.250000
	pigment { color rgbt <1,0,0,0> }
	no_shadow
}
cylinder {
	<25.144835, 31.855875, 33.406448>,  <25.219866, 31.972073, 33.210316>, 0.100000
	pigment { color rgbt <1,0,0,0> }
	no_shadow
}
cylinder {
	<25.144835, 31.855875, 33.406448>,  <25.019783, 31.662212, 33.733337>, 0.100000
	pigment { color rgbt <1,0,0,0> }
	no_shadow
}

// particle -1
sphere {
	<25.144835, 31.855875, 33.406448> 0.100000
	pigment { color rgbt <1,0,0,0> }
	no_shadow
}
sphere {
	0, 1
	scale<0.080000,0.200000,0.300000>
	matrix <0.141627, -0.874492, -0.463902,
		-0.939258, 0.029288, -0.341960,
		0.312627, 0.484155, -0.817226,
		25.238623, 32.001122, 33.161282>
	pigment { color rgbt <0,1,1,0> }
	no_shadow
}
cylinder {
	<24.685352, 31.344810, 33.233665>,  <25.019783, 31.662212, 33.733337>, 0.130000
	pigment { color rgbt <1,0,0,0> }
	no_shadow
}

// nucleotide -1

// particle -1
sphere {
	<24.685352, 31.344810, 33.233665> 0.250000
	pigment { color rgbt <1,0,0,0> }
	no_shadow
}
cylinder {
	<25.020948, 31.509838, 33.091743>,  <25.222305, 31.608854, 33.006592>, 0.100000
	pigment { color rgbt <1,0,0,0> }
	no_shadow
}
cylinder {
	<25.020948, 31.509838, 33.091743>,  <24.685352, 31.344810, 33.233665>, 0.100000
	pigment { color rgbt <1,0,0,0> }
	no_shadow
}

// particle -1
sphere {
	<25.020948, 31.509838, 33.091743> 0.100000
	pigment { color rgbt <1,0,0,0> }
	no_shadow
}
sphere {
	0, 1
	scale<0.080000,0.200000,0.300000>
	matrix <0.196849, -0.837991, -0.508941,
		-0.507295, 0.357153, -0.784279,
		0.838989, 0.412568, -0.354804,
		25.272644, 31.633608, 32.985302>
	pigment { color rgbt <0,1,1,0> }
	no_shadow
}
cylinder {
	<24.658180, 31.256069, 32.508278>,  <24.685352, 31.344810, 33.233665>, 0.130000
	pigment { color rgbt <1,0,0,0> }
	no_shadow
}

// nucleotide -1

// particle -1
sphere {
	<24.658180, 31.256069, 32.508278> 0.250000
	pigment { color rgbt <1,0,0,0> }
	no_shadow
}
cylinder {
	<25.044710, 31.306618, 32.597942>,  <25.276628, 31.336946, 32.651741>, 0.100000
	pigment { color rgbt <1,0,0,0> }
	no_shadow
}
cylinder {
	<25.044710, 31.306618, 32.597942>,  <24.658180, 31.256069, 32.508278>, 0.100000
	pigment { color rgbt <1,0,0,0> }
	no_shadow
}

// particle -1
sphere {
	<25.044710, 31.306618, 32.597942> 0.100000
	pigment { color rgbt <1,0,0,0> }
	no_shadow
}
sphere {
	0, 1
	scale<0.080000,0.200000,0.300000>
	matrix <0.219383, -0.859863, -0.460984,
		0.134491, 0.494637, -0.858630,
		0.966325, 0.126370, 0.224159,
		25.334608, 31.344528, 32.665192>
	pigment { color rgbt <0,1,1,0> }
	no_shadow
}
cylinder {
	<25.047010, 31.141108, 31.919981>,  <24.658180, 31.256069, 32.508278>, 0.130000
	pigment { color rgbt <1,0,0,0> }
	no_shadow
}

// nucleotide -1

// particle -1
sphere {
	<25.047010, 31.141108, 31.919981> 0.250000
	pigment { color rgbt <1,0,0,0> }
	no_shadow
}
cylinder {
	<25.267193, 31.057911, 32.243397>,  <25.399302, 31.007994, 32.437447>, 0.100000
	pigment { color rgbt <1,0,0,0> }
	no_shadow
}
cylinder {
	<25.267193, 31.057911, 32.243397>,  <25.047010, 31.141108, 31.919981>, 0.100000
	pigment { color rgbt <1,0,0,0> }
	no_shadow
}

// particle -1
sphere {
	<25.267193, 31.057911, 32.243397> 0.100000
	pigment { color rgbt <1,0,0,0> }
	no_shadow
}
sphere {
	0, 1
	scale<0.080000,0.200000,0.300000>
	matrix <0.289060, -0.861087, -0.418299,
		0.783227, 0.463972, -0.413868,
		0.550455, -0.207990, 0.808541,
		25.432329, 30.995514, 32.485958>
	pigment { color rgbt <0,1,1,0> }
	no_shadow
}
cylinder {
	<25.648840, 30.964462, 31.641987>,  <25.047010, 31.141108, 31.919981>, 0.130000
	pigment { color rgbt <1,0,0,0> }
	no_shadow
}

// nucleotide -1

// particle -1
sphere {
	<25.648840, 30.964462, 31.641987> 0.250000
	pigment { color rgbt <1,0,0,0> }
	no_shadow
}
cylinder {
	<25.667538, 30.820009, 32.014523>,  <25.678757, 30.733337, 32.238045>, 0.100000
	pigment { color rgbt <1,0,0,0> }
	no_shadow
}
cylinder {
	<25.667538, 30.820009, 32.014523>,  <25.648840, 30.964462, 31.641987>, 0.100000
	pigment { color rgbt <1,0,0,0> }
	no_shadow
}

// particle -1
sphere {
	<25.667538, 30.820009, 32.014523> 0.100000
	pigment { color rgbt <1,0,0,0> }
	no_shadow
}
sphere {
	0, 1
	scale<0.080000,0.200000,0.300000>
	matrix <0.263026, -0.895008, -0.360247,
		0.963656, 0.261806, 0.053153,
		0.046743, -0.361135, 0.931341,
		25.681561, 30.711668, 32.293926>
	pigment { color rgbt <0,1,1,0> }
	no_shadow
}
cylinder {
	<26.373240, 30.907534, 32.034637>,  <25.648840, 30.964462, 31.641987>, 0.130000
	pigment { color rgbt <1,0,0,0> }
	no_shadow
}

// nucleotide -1

// particle -1
sphere {
	<26.373240, 30.907534, 32.034637> 0.250000
	pigment { color rgbt <1,0,0,0> }
	no_shadow
}
cylinder {
	<26.074987, 30.645454, 32.083221>,  <25.896036, 30.488207, 32.112373>, 0.100000
	pigment { color rgbt <1,0,0,0> }
	no_shadow
}
cylinder {
	<26.074987, 30.645454, 32.083221>,  <26.373240, 30.907534, 32.034637>, 0.100000
	pigment { color rgbt <1,0,0,0> }
	no_shadow
}

// particle -1
sphere {
	<26.074987, 30.645454, 32.083221> 0.100000
	pigment { color rgbt <1,0,0,0> }
	no_shadow
}
sphere {
	0, 1
	scale<0.080000,0.200000,0.300000>
	matrix <0.579095, -0.727307, -0.368339,
		0.329674, -0.204306, 0.921723,
		-0.745630, -0.655197, 0.121462,
		25.851299, 30.448895, 32.119659>
	pigment { color rgbt <0,1,1,0> }
	no_shadow
}
cylinder {
	<26.418776, 30.623634, 32.721020>,  <26.373240, 30.907534, 32.034637>, 0.130000
	pigment { color rgbt <1,0,0,0> }
	no_shadow
}

// nucleotide -1

// particle -1
sphere {
	<26.418776, 30.623634, 32.721020> 0.250000
	pigment { color rgbt <1,0,0,0> }
	no_shadow
}
cylinder {
	<26.534668, 30.398403, 33.030602>,  <26.604202, 30.263264, 33.216351>, 0.100000
	pigment { color rgbt <1,0,0,0> }
	no_shadow
}
cylinder {
	<26.534668, 30.398403, 33.030602>,  <26.418776, 30.623634, 32.721020>, 0.100000
	pigment { color rgbt <1,0,0,0> }
	no_shadow
}

// particle -1
sphere {
	<26.534668, 30.398403, 33.030602> 0.100000
	pigment { color rgbt <1,0,0,0> }
	no_shadow
}
sphere {
	0, 1
	scale<0.080000,0.200000,0.300000>
	matrix <-0.939735, -0.320730, 0.118447,
		0.181535, -0.761627, -0.622069,
		0.289729, -0.563078, 0.773951,
		26.621586, 30.229481, 33.262787>
	pigment { color rgbt <0,1,1,0> }
	no_shadow
}
cylinder {
	<26.375839, 31.070765, 33.328709>,  <26.418776, 30.623634, 32.721020>, 0.130000
	pigment { color rgbt <1,0,0,0> }
	no_shadow
}

// nucleotide -1

// particle -1
sphere {
	<26.375839, 31.070765, 33.328709> 0.250000
	pigment { color rgbt <1,0,0,0> }
	no_shadow
}
cylinder {
	<26.126190, 31.080412, 33.016327>,  <25.976400, 31.086201, 32.828899>, 0.100000
	pigment { color rgbt <1,0,0,0> }
	no_shadow
}
cylinder {
	<26.126190, 31.080412, 33.016327>,  <26.375839, 31.070765, 33.328709>, 0.100000
	pigment { color rgbt <1,0,0,0> }
	no_shadow
}

// particle -1
sphere {
	<26.126190, 31.080412, 33.016327> 0.100000
	pigment { color rgbt <1,0,0,0> }
	no_shadow
}
sphere {
	0, 1
	scale<0.080000,0.200000,0.300000>
	matrix <0.007289, 0.999660, 0.025048,
		0.781292, 0.009941, -0.624087,
		-0.624123, 0.024118, -0.780953,
		25.938953, 31.087646, 32.782040>
	pigment { color rgbt <0,1,1,0> }
	no_shadow
}
cylinder {
	<26.617670, 31.574383, 32.942368>,  <26.375839, 31.070765, 33.328709>, 0.130000
	pigment { color rgbt <1,0,0,0> }
	no_shadow
}

// nucleotide -1

// particle -1
sphere {
	<26.617670, 31.574383, 32.942368> 0.250000
	pigment { color rgbt <1,0,0,0> }
	no_shadow
}
cylinder {
	<26.240694, 31.519905, 32.820213>,  <26.014509, 31.487219, 32.746922>, 0.100000
	pigment { color rgbt <1,0,0,0> }
	no_shadow
}
cylinder {
	<26.240694, 31.519905, 32.820213>,  <26.617670, 31.574383, 32.942368>, 0.100000
	pigment { color rgbt <1,0,0,0> }
	no_shadow
}

// particle -1
sphere {
	<26.240694, 31.519905, 32.820213> 0.100000
	pigment { color rgbt <1,0,0,0> }
	no_shadow
}
sphere {
	0, 1
	scale<0.080000,0.200000,0.300000>
	matrix <-0.156911, 0.986622, 0.044228,
		0.295277, 0.089601, -0.951201,
		-0.942438, -0.136195, -0.305386,
		25.957962, 31.479046, 32.728596>
	pigment { color rgbt <0,1,1,0> }
	no_shadow
}
cylinder {
	<26.323433, 32.083244, 32.365307>,  <26.617670, 31.574383, 32.942368>, 0.130000
	pigment { color rgbt <1,0,0,0> }
	no_shadow
}

// nucleotide -1

// particle -1
sphere {
	<26.323433, 32.083244, 32.365307> 0.250000
	pigment { color rgbt <1,0,0,0> }
	no_shadow
}
cylinder {
	<26.001802, 31.962574, 32.570225>,  <25.808823, 31.890171, 32.693176>, 0.100000
	pigment { color rgbt <1,0,0,0> }
	no_shadow
}
cylinder {
	<26.001802, 31.962574, 32.570225>,  <26.323433, 32.083244, 32.365307>, 0.100000
	pigment { color rgbt <1,0,0,0> }
	no_shadow
}

// particle -1
sphere {
	<26.001802, 31.962574, 32.570225> 0.100000
	pigment { color rgbt <1,0,0,0> }
	no_shadow
}
sphere {
	0, 1
	scale<0.080000,0.200000,0.300000>
	matrix <-0.232926, 0.952660, 0.195410,
		-0.546995, 0.037798, -0.836282,
		-0.804079, -0.301680, 0.512296,
		25.760578, 31.872070, 32.723915>
	pigment { color rgbt <0,1,1,0> }
	no_shadow
}
cylinder {
	<25.777779, 32.562519, 32.144703>,  <26.323433, 32.083244, 32.365307>, 0.130000
	pigment { color rgbt <1,0,0,0> }
	no_shadow
}

// nucleotide -1

// particle -1
sphere {
	<25.777779, 32.562519, 32.144703> 0.250000
	pigment { color rgbt <1,0,0,0> }
	no_shadow
}
cylinder {
	<25.612089, 32.390537, 32.465591>,  <25.512674, 32.287350, 32.658123>, 0.100000
	pigment { color rgbt <1,0,0,0> }
	no_shadow
}
cylinder {
	<25.612089, 32.390537, 32.465591>,  <25.777779, 32.562519, 32.144703>, 0.100000
	pigment { color rgbt <1,0,0,0> }
	no_shadow
}

// particle -1
sphere {
	<25.612089, 32.390537, 32.465591> 0.100000
	pigment { color rgbt <1,0,0,0> }
	no_shadow
}
sphere {
	0, 1
	scale<0.080000,0.200000,0.300000>
	matrix <-0.417686, 0.872900, 0.252160,
		-0.808676, -0.230626, -0.541161,
		-0.414225, -0.429951, 0.802222,
		25.487822, 32.261551, 32.706257>
	pigment { color rgbt <0,1,1,0> }
	no_shadow
}
cylinder {
	<25.210627, 33.011520, 32.264099>,  <25.777779, 32.562519, 32.144703>, 0.130000
	pigment { color rgbt <1,0,0,0> }
	no_shadow
}

// nucleotide -1

// particle -1
sphere {
	<25.210627, 33.011520, 32.264099> 0.250000
	pigment { color rgbt <1,0,0,0> }
	no_shadow
}
cylinder {
	<25.255569, 32.811924, 32.607815>,  <25.282536, 32.692165, 32.814045>, 0.100000
	pigment { color rgbt <1,0,0,0> }
	no_shadow
}
cylinder {
	<25.255569, 32.811924, 32.607815>,  <25.210627, 33.011520, 32.264099>, 0.100000
	pigment { color rgbt <1,0,0,0> }
	no_shadow
}

// particle -1
sphere {
	<25.255569, 32.811924, 32.607815> 0.100000
	pigment { color rgbt <1,0,0,0> }
	no_shadow
}
sphere {
	0, 1
	scale<0.080000,0.200000,0.300000>
	matrix <-0.360329, 0.785445, 0.503229,
		-0.926034, -0.366169, -0.091551,
		0.112358, -0.498995, 0.859290,
		25.289276, 32.662224, 32.865601>
	pigment { color rgbt <0,1,1,0> }
	no_shadow
}
cylinder {
	<24.516573, 32.985180, 32.699020>,  <25.210627, 33.011520, 32.264099>, 0.130000
	pigment { color rgbt <1,0,0,0> }
	no_shadow
}

// nucleotide -1

// particle -1
sphere {
	<24.516573, 32.985180, 32.699020> 0.250000
	pigment { color rgbt <1,0,0,0> }
	no_shadow
}
cylinder {
	<24.852180, 32.987488, 32.916649>,  <25.053545, 32.988873, 33.047226>, 0.100000
	pigment { color rgbt <1,0,0,0> }
	no_shadow
}
cylinder {
	<24.852180, 32.987488, 32.916649>,  <24.516573, 32.985180, 32.699020>, 0.100000
	pigment { color rgbt <1,0,0,0> }
	no_shadow
}

// particle -1
sphere {
	<24.852180, 32.987488, 32.916649> 0.100000
	pigment { color rgbt <1,0,0,0> }
	no_shadow
}
sphere {
	0, 1
	scale<0.080000,0.200000,0.300000>
	matrix <-0.244315, 0.897466, 0.367239,
		-0.486169, -0.441045, 0.754400,
		0.839017, 0.005771, 0.544074,
		25.103886, 32.989220, 33.079872>
	pigment { color rgbt <0,1,1,0> }
	no_shadow
}
cylinder {
	<24.446939, 32.999638, 33.473724>,  <24.516573, 32.985180, 32.699020>, 0.130000
	pigment { color rgbt <1,0,0,0> }
	no_shadow
}

// nucleotide -1

// particle -1
sphere {
	<24.446939, 32.999638, 33.473724> 0.250000
	pigment { color rgbt <1,0,0,0> }
	no_shadow
}
cylinder {
	<24.785654, 33.184811, 33.368923>,  <24.988884, 33.295914, 33.306042>, 0.100000
	pigment { color rgbt <1,0,0,0> }
	no_shadow
}
cylinder {
	<24.785654, 33.184811, 33.368923>,  <24.446939, 32.999638, 33.473724>, 0.100000
	pigment { color rgbt <1,0,0,0> }
	no_shadow
}

// particle -1
sphere {
	<24.785654, 33.184811, 33.368923> 0.100000
	pigment { color rgbt <1,0,0,0> }
	no_shadow
}
sphere {
	0, 1
	scale<0.080000,0.200000,0.300000>
	matrix <-0.439371, 0.886353, 0.146053,
		0.299838, -0.008561, 0.953951,
		0.846788, 0.462931, -0.262001,
		25.039690, 33.323689, 33.290321>
	pigment { color rgbt <0,1,1,0> }
	no_shadow
}
cylinder {
	<24.166059, 33.069824, 34.137501>,  <24.446939, 32.999638, 33.473724>, 0.130000
	pigment { color rgbt <1,0,0,0> }
	no_shadow
}

// nucleotide -1

// particle -1
sphere {
	<24.166059, 33.069824, 34.137501> 0.250000
	pigment { color rgbt <1,0,0,0> }
	no_shadow
}
cylinder {
	<24.519114, 33.094296, 33.951077>,  <24.730946, 33.108978, 33.839222>, 0.100000
	pigment { color rgbt <1,0,0,0> }
	no_shadow
}
cylinder {
	<24.519114, 33.094296, 33.951077>,  <24.166059, 33.069824, 34.137501>, 0.100000
	pigment { color rgbt <1,0,0,0> }
	no_shadow
}

// particle -1
sphere {
	<24.519114, 33.094296, 33.951077> 0.100000
	pigment { color rgbt <1,0,0,0> }
	no_shadow
}
sphere {
	0, 1
	scale<0.080000,0.200000,0.300000>
	matrix <0.184663, 0.866649, 0.463486,
		0.432268, -0.495153, 0.753637,
		0.882635, 0.061181, -0.466061,
		24.783903, 33.112648, 33.811260>
	pigment { color rgbt <0,1,1,0> }
	no_shadow
}
cylinder {
	<24.558830, 33.465130, 34.686028>,  <24.166059, 33.069824, 34.137501>, 0.130000
	pigment { color rgbt <1,0,0,0> }
	no_shadow
}

// nucleotide -1

// particle -1
sphere {
	<24.558830, 33.465130, 34.686028> 0.250000
	pigment { color rgbt <1,0,0,0> }
	no_shadow
}
cylinder {
	<24.736160, 33.491886, 34.328484>,  <24.842558, 33.507938, 34.113956>, 0.100000
	pigment { color rgbt <1,0,0,0> }
	no_shadow
}
cylinder {
	<24.736160, 33.491886, 34.328484>,  <24.558830, 33.465130, 34.686028>, 0.100000
	pigment { color rgbt <1,0,0,0> }
	no_shadow
}

// particle -1
sphere {
	<24.736160, 33.491886, 34.328484> 0.100000
	pigment { color rgbt <1,0,0,0> }
	no_shadow
}
sphere {
	0, 1
	scale<0.080000,0.200000,0.300000>
	matrix <0.140421, 0.979717, 0.142957,
		0.885293, -0.188894, 0.424941,
		0.443326, 0.066889, -0.893861,
		24.869158, 33.511951, 34.060326>
	pigment { color rgbt <0,1,1,0> }
	no_shadow
}
cylinder {
	<24.887884, 32.911320, 35.230625>,  <24.558830, 33.465130, 34.686028>, 0.130000
	pigment { color rgbt <1,0,0,0> }
	no_shadow
}

// nucleotide -1

// particle -1
sphere {
	<24.887884, 32.911320, 35.230625> 0.250000
	pigment { color rgbt <1,0,0,0> }
	no_shadow
}
cylinder {
	<24.510317, 32.781666, 35.255802>,  <24.283777, 32.703873, 35.270908>, 0.100000
	pigment { color rgbt <1,0,0,0> }
	no_shadow
}
cylinder {
	<24.510317, 32.781666, 35.255802>,  <24.887884, 32.911320, 35.230625>, 0.100000
	pigment { color rgbt <1,0,0,0> }
	no_shadow
}

// particle -1
sphere {
	<24.510317, 32.781666, 35.255802> 0.100000
	pigment { color rgbt <1,0,0,0> }
	no_shadow
}
sphere {
	0, 1
	scale<0.080000,0.200000,0.300000>
	matrix <-0.321203, 0.945561, 0.052380,
		-0.076494, 0.029225, -0.996642,
		-0.943916, -0.324131, 0.062942,
		24.227142, 32.684425, 35.274685>
	pigment { color rgbt <0,1,1,0> }
	no_shadow
}
cylinder {
	<25.430721, 33.434429, 34.879223>,  <24.887884, 32.911320, 35.230625>, 0.130000
	pigment { color rgbt <1,0,0,0> }
	no_shadow
}

// nucleotide -1

// particle -1
sphere {
	<25.430721, 33.434429, 34.879223> 0.250000
	pigment { color rgbt <1,0,0,0> }
	no_shadow
}
cylinder {
	<25.520365, 33.503227, 34.495518>,  <25.574150, 33.544506, 34.265293>, 0.100000
	pigment { color rgbt <1,0,0,0> }
	no_shadow
}
cylinder {
	<25.520365, 33.503227, 34.495518>,  <25.430721, 33.434429, 34.879223>, 0.100000
	pigment { color rgbt <1,0,0,0> }
	no_shadow
}

// particle -1
sphere {
	<25.520365, 33.503227, 34.495518> 0.100000
	pigment { color rgbt <1,0,0,0> }
	no_shadow
}
sphere {
	0, 1
	scale<0.080000,0.200000,0.300000>
	matrix <0.287057, 0.928986, 0.233630,
		0.931328, -0.327724, 0.158823,
		0.224110, 0.171994, -0.959266,
		25.587597, 33.554825, 34.207737>
	pigment { color rgbt <0,1,1,0> }
	no_shadow
}
cylinder {
	<25.993330, 33.819588, 34.986656>,  <25.430721, 33.434429, 34.879223>, 0.130000
	pigment { color rgbt <1,0,0,0> }
	no_shadow
}

// nucleotide -1

// particle -1
sphere {
	<25.993330, 33.819588, 34.986656> 0.250000
	pigment { color rgbt <1,0,0,0> }
	no_shadow
}
cylinder {
	<25.802303, 33.873089, 34.639313>,  <25.687687, 33.905190, 34.430908>, 0.100000
	pigment { color rgbt <1,0,0,0> }
	no_shadow
}
cylinder {
	<25.802303, 33.873089, 34.639313>,  <25.993330, 33.819588, 34.986656>, 0.100000
	pigment { color rgbt <1,0,0,0> }
	no_shadow
}

// particle -1
sphere {
	<25.802303, 33.873089, 34.639313> 0.100000
	pigment { color rgbt <1,0,0,0> }
	no_shadow
}
sphere {
	0, 1
	scale<0.080000,0.200000,0.300000>
	matrix <0.165533, 0.984342, 0.060576,
		0.862861, -0.114813, -0.492229,
		-0.477566, 0.133749, -0.868356,
		25.659033, 33.913212, 34.378807>
	pigment { color rgbt <0,1,1,0> }
	no_shadow
}
cylinder {
	<26.404753, 34.228046, 34.490135>,  <25.993330, 33.819588, 34.986656>, 0.130000
	pigment { color rgbt <1,0,0,0> }
	no_shadow
}

// nucleotide -1

// particle -1
sphere {
	<26.404753, 34.228046, 34.490135> 0.250000
	pigment { color rgbt <1,0,0,0> }
	no_shadow
}
cylinder {
	<26.021233, 34.284290, 34.391403>,  <25.791121, 34.318039, 34.332165>, 0.100000
	pigment { color rgbt <1,0,0,0> }
	no_shadow
}
cylinder {
	<26.021233, 34.284290, 34.391403>,  <26.404753, 34.228046, 34.490135>, 0.100000
	pigment { color rgbt <1,0,0,0> }
	no_shadow
}

// particle -1
sphere {
	<26.021233, 34.284290, 34.391403> 0.100000
	pigment { color rgbt <1,0,0,0> }
	no_shadow
}
sphere {
	0, 1
	scale<0.080000,0.200000,0.300000>
	matrix <0.134830, 0.990050, 0.040267,
		0.250041, 0.005327, -0.968221,
		-0.958802, 0.140614, -0.246835,
		25.733593, 34.326473, 34.317352>
	pigment { color rgbt <0,1,1,0> }
	no_shadow
}
cylinder {
	<26.418592, 34.772072, 33.978588>,  <26.404753, 34.228046, 34.490135>, 0.130000
	pigment { color rgbt <1,0,0,0> }
	no_shadow
}

// nucleotide -1

// particle -1
sphere {
	<26.418592, 34.772072, 33.978588> 0.250000
	pigment { color rgbt <1,0,0,0> }
	no_shadow
}
cylinder {
	<26.041958, 34.761436, 34.112877>,  <25.815977, 34.755054, 34.193451>, 0.100000
	pigment { color rgbt <1,0,0,0> }
	no_shadow
}
cylinder {
	<26.041958, 34.761436, 34.112877>,  <26.418592, 34.772072, 33.978588>, 0.100000
	pigment { color rgbt <1,0,0,0> }
	no_shadow
}

// particle -1
sphere {
	<26.041958, 34.761436, 34.112877> 0.100000
	pigment { color rgbt <1,0,0,0> }
	no_shadow
}
sphere {
	0, 1
	scale<0.080000,0.200000,0.300000>
	matrix <-0.021532, 0.999592, 0.018787,
		-0.336084, 0.010461, -0.941774,
		-0.941586, -0.026592, 0.335722,
		25.759481, 34.753460, 34.213593>
	pigment { color rgbt <0,1,1,0> }
	no_shadow
}
cylinder {
	<26.826733, 35.348675, 33.765129>,  <26.418592, 34.772072, 33.978588>, 0.130000
	pigment { color rgbt <1,0,0,0> }
	no_shadow
}

// nucleotide -1

// particle -1
sphere {
	<26.826733, 35.348675, 33.765129> 0.250000
	pigment { color rgbt <1,0,0,0> }
	no_shadow
}
cylinder {
	<26.783514, 35.657372, 34.015804>,  <26.757584, 35.842590, 34.166210>, 0.100000
	pigment { color rgbt <1,0,0,0> }
	no_shadow
}
cylinder {
	<26.783514, 35.657372, 34.015804>,  <26.826733, 35.348675, 33.765129>, 0.100000
	pigment { color rgbt <1,0,0,0> }
	no_shadow
}

// particle -1
sphere {
	<26.783514, 35.657372, 34.015804> 0.100000
	pigment { color rgbt <1,0,0,0> }
	no_shadow
}
sphere {
	0, 1
	scale<0.080000,0.200000,0.300000>
	matrix <-0.584123, 0.460809, -0.668173,
		-0.804442, -0.438259, 0.401002,
		-0.108047, 0.771741, 0.626691,
		26.751101, 35.888893, 34.203812>
	pigment { color rgbt <0,1,1,0> }
	no_shadow
}
cylinder {
	<26.190216, 35.643497, 33.597397>,  <26.826733, 35.348675, 33.765129>, 0.130000
	pigment { color rgbt <1,0,0,0> }
	no_shadow
}

// nucleotide -1

// particle -1
sphere {
	<26.190216, 35.643497, 33.597397> 0.250000
	pigment { color rgbt <1,0,0,0> }
	no_shadow
}
cylinder {
	<26.410479, 35.946178, 33.738354>,  <26.542635, 36.127789, 33.822929>, 0.100000
	pigment { color rgbt <1,0,0,0> }
	no_shadow
}
cylinder {
	<26.410479, 35.946178, 33.738354>,  <26.190216, 35.643497, 33.597397>, 0.100000
	pigment { color rgbt <1,0,0,0> }
	no_shadow
}

// particle -1
sphere {
	<26.410479, 35.946178, 33.738354> 0.100000
	pigment { color rgbt <1,0,0,0> }
	no_shadow
}
sphere {
	0, 1
	scale<0.080000,0.200000,0.300000>
	matrix <-0.492197, 0.635305, -0.595088,
		-0.674182, 0.154241, 0.722280,
		0.550655, 0.756702, 0.352394,
		26.575676, 36.173187, 33.844070>
	pigment { color rgbt <0,1,1,0> }
	no_shadow
}
cylinder {
	<25.834129, 36.198856, 34.046535>,  <26.190216, 35.643497, 33.597397>, 0.130000
	pigment { color rgbt <1,0,0,0> }
	no_shadow
}

// nucleotide -1

// particle -1
sphere {
	<25.834129, 36.198856, 34.046535> 0.250000
	pigment { color rgbt <1,0,0,0> }
	no_shadow
}
cylinder {
	<26.129080, 36.342793, 33.817875>,  <26.306051, 36.429153, 33.680679>, 0.100000
	pigment { color rgbt <1,0,0,0> }
	no_shadow
}
cylinder {
	<26.129080, 36.342793, 33.817875>,  <25.834129, 36.198856, 34.046535>, 0.100000
	pigment { color rgbt <1,0,0,0> }
	no_shadow
}

// particle -1
sphere {
	<26.129080, 36.342793, 33.817875> 0.100000
	pigment { color rgbt <1,0,0,0> }
	no_shadow
}
sphere {
	0, 1
	scale<0.080000,0.200000,0.300000>
	matrix <-0.627529, 0.678102, -0.382602,
		0.249963, 0.640852, 0.725829,
		0.737378, 0.359843, -0.571653,
		26.350292, 36.450745, 33.646378>
	pigment { color rgbt <0,1,1,0> }
	no_shadow
}
cylinder {
	<25.671875, 36.928837, 33.943649>,  <25.834129, 36.198856, 34.046535>, 0.130000
	pigment { color rgbt <1,0,0,0> }
	no_shadow
}

// nucleotide -1

// particle -1
sphere {
	<25.671875, 36.928837, 33.943649> 0.250000
	pigment { color rgbt <1,0,0,0> }
	no_shadow
}
cylinder {
	<25.920301, 36.847141, 33.640980>,  <26.069357, 36.798122, 33.459377>, 0.100000
	pigment { color rgbt <1,0,0,0> }
	no_shadow
}
cylinder {
	<25.920301, 36.847141, 33.640980>,  <25.671875, 36.928837, 33.943649>, 0.100000
	pigment { color rgbt <1,0,0,0> }
	no_shadow
}

// particle -1
sphere {
	<25.920301, 36.847141, 33.640980> 0.100000
	pigment { color rgbt <1,0,0,0> }
	no_shadow
}
sphere {
	0, 1
	scale<0.080000,0.200000,0.300000>
	matrix <-0.573263, 0.539979, -0.616273,
		0.534459, 0.816522, 0.218279,
		0.621066, -0.204241, -0.756678,
		26.106621, 36.785870, 33.413975>
	pigment { color rgbt <0,1,1,0> }
	no_shadow
}
cylinder {
	<25.574493, 37.491402, 33.540154>,  <25.671875, 36.928837, 33.943649>, 0.130000
	pigment { color rgbt <1,0,0,0> }
	no_shadow
}

// nucleotide -1

// particle -1
sphere {
	<25.574493, 37.491402, 33.540154> 0.250000
	pigment { color rgbt <1,0,0,0> }
	no_shadow
}
cylinder {
	<25.754227, 37.221176, 33.306328>,  <25.862066, 37.059040, 33.166031>, 0.100000
	pigment { color rgbt <1,0,0,0> }
	no_shadow
}
cylinder {
	<25.754227, 37.221176, 33.306328>,  <25.574493, 37.491402, 33.540154>, 0.100000
	pigment { color rgbt <1,0,0,0> }
	no_shadow
}

// particle -1
sphere {
	<25.754227, 37.221176, 33.306328> 0.100000
	pigment { color rgbt <1,0,0,0> }
	no_shadow
}
sphere {
	0, 1
	scale<0.080000,0.200000,0.300000>
	matrix <-0.402715, 0.430919, -0.807546,
		0.797446, 0.598271, -0.078431,
		0.449334, -0.675559, -0.584567,
		25.889027, 37.018509, 33.130959>
	pigment { color rgbt <0,1,1,0> }
	no_shadow
}
cylinder {
	<26.051035, 37.775745, 32.942848>,  <25.574493, 37.491402, 33.540154>, 0.130000
	pigment { color rgbt <1,0,0,0> }
	no_shadow
}

// nucleotide -1

// particle -1
sphere {
	<26.051035, 37.775745, 32.942848> 0.250000
	pigment { color rgbt <1,0,0,0> }
	no_shadow
}
cylinder {
	<25.966537, 37.403038, 32.824738>,  <25.915838, 37.179413, 32.753872>, 0.100000
	pigment { color rgbt <1,0,0,0> }
	no_shadow
}
cylinder {
	<25.966537, 37.403038, 32.824738>,  <26.051035, 37.775745, 32.942848>, 0.100000
	pigment { color rgbt <1,0,0,0> }
	no_shadow
}

// particle -1
sphere {
	<25.966537, 37.403038, 32.824738> 0.100000
	pigment { color rgbt <1,0,0,0> }
	no_shadow
}
sphere {
	0, 1
	scale<0.080000,0.200000,0.300000>
	matrix <-0.166215, 0.331937, -0.928542,
		0.963197, -0.147069, -0.224993,
		-0.211243, -0.931766, -0.295276,
		25.903164, 37.123508, 32.736156>
	pigment { color rgbt <0,1,1,0> }
	no_shadow
}
cylinder {
	<26.637344, 38.118481, 33.395638>,  <26.051035, 37.775745, 32.942848>, 0.130000
	pigment { color rgbt <1,0,0,0> }
	no_shadow
}

// nucleotide -1

// particle -1
sphere {
	<26.637344, 38.118481, 33.395638> 0.250000
	pigment { color rgbt <1,0,0,0> }
	no_shadow
}
cylinder {
	<26.587902, 37.774220, 33.198051>,  <26.558237, 37.567661, 33.079502>, 0.100000
	pigment { color rgbt <1,0,0,0> }
	no_shadow
}
cylinder {
	<26.587902, 37.774220, 33.198051>,  <26.637344, 38.118481, 33.395638>, 0.100000
	pigment { color rgbt <1,0,0,0> }
	no_shadow
}

// particle -1
sphere {
	<26.587902, 37.774220, 33.198051> 0.100000
	pigment { color rgbt <1,0,0,0> }
	no_shadow
}
sphere {
	0, 1
	scale<0.080000,0.200000,0.300000>
	matrix <-0.420321, 0.496328, -0.759598,
		0.898917, 0.113732, -0.423099,
		-0.123605, -0.860653, -0.493962,
		26.550821, 37.516026, 33.049862>
	pigment { color rgbt <0,1,1,0> }
	no_shadow
}
cylinder {
	<26.805897, 38.217457, 32.707317>,  <26.637344, 38.118481, 33.395638>, 0.130000
	pigment { color rgbt <1,0,0,0> }
	no_shadow
}

// nucleotide -1

// particle -1
sphere {
	<26.805897, 38.217457, 32.707317> 0.250000
	pigment { color rgbt <1,0,0,0> }
	no_shadow
}
cylinder {
	<26.606861, 37.873981, 32.658237>,  <26.487440, 37.667896, 32.628788>, 0.100000
	pigment { color rgbt <1,0,0,0> }
	no_shadow
}
cylinder {
	<26.606861, 37.873981, 32.658237>,  <26.805897, 38.217457, 32.707317>, 0.100000
	pigment { color rgbt <1,0,0,0> }
	no_shadow
}

// particle -1
sphere {
	<26.606861, 37.873981, 32.658237> 0.100000
	pigment { color rgbt <1,0,0,0> }
	no_shadow
}
sphere {
	0, 1
	scale<0.080000,0.200000,0.300000>
	matrix <-0.581303, 0.435102, -0.687584,
		0.643809, -0.270810, -0.715662,
		-0.497591, -0.858690, -0.122700,
		26.457584, 37.616375, 32.621426>
	pigment { color rgbt <0,1,1,0> }
	no_shadow
}
cylinder {
	<26.731852, 38.204700, 32.005169>,  <26.805897, 38.217457, 32.707317>, 0.130000
	pigment { color rgbt <1,0,0,0> }
	no_shadow
}

// nucleotide -1

// particle -1
sphere {
	<26.731852, 38.204700, 32.005169> 0.250000
	pigment { color rgbt <1,0,0,0> }
	no_shadow
}
cylinder {
	<26.438786, 37.965702, 32.135521>,  <26.262947, 37.822304, 32.213734>, 0.100000
	pigment { color rgbt <1,0,0,0> }
	no_shadow
}
cylinder {
	<26.438786, 37.965702, 32.135521>,  <26.731852, 38.204700, 32.005169>, 0.100000
	pigment { color rgbt <1,0,0,0> }
	no_shadow
}

// particle -1
sphere {
	<26.438786, 37.965702, 32.135521> 0.100000
	pigment { color rgbt <1,0,0,0> }
	no_shadow
}
sphere {
	0, 1
	scale<0.080000,0.200000,0.300000>
	matrix <-0.582728, 0.303355, -0.753925,
		0.351617, -0.742270, -0.570439,
		-0.732662, -0.597504, 0.325877,
		26.218987, 37.786453, 32.233284>
	pigment { color rgbt <0,1,1,0> }
	no_shadow
}
cylinder {
	<26.501928, 37.872913, 31.353256>,  <26.731852, 38.204700, 32.005169>, 0.130000
	pigment { color rgbt <1,0,0,0> }
	no_shadow
}

// nucleotide -1

// particle -1
sphere {
	<26.501928, 37.872913, 31.353256> 0.250000
	pigment { color rgbt <1,0,0,0> }
	no_shadow
}
cylinder {
	<26.223076, 37.879250, 31.639963>,  <26.055765, 37.883053, 31.811987>, 0.100000
	pigment { color rgbt <1,0,0,0> }
	no_shadow
}
cylinder {
	<26.223076, 37.879250, 31.639963>,  <26.501928, 37.872913, 31.353256>, 0.100000
	pigment { color rgbt <1,0,0,0> }
	no_shadow
}

// particle -1
sphere {
	<26.223076, 37.879250, 31.639963> 0.100000
	pigment { color rgbt <1,0,0,0> }
	no_shadow
}
sphere {
	0, 1
	scale<0.080000,0.200000,0.300000>
	matrix <-0.686717, 0.272478, -0.673925,
		-0.205979, -0.962032, -0.179075,
		-0.697132, 0.015840, 0.716768,
		26.013937, 37.884003, 31.854994>
	pigment { color rgbt <0,1,1,0> }
	no_shadow
}
cylinder {
	<25.966785, 37.774788, 30.860424>,  <26.501928, 37.872913, 31.353256>, 0.130000
	pigment { color rgbt <1,0,0,0> }
	no_shadow
}

// nucleotide -1

// particle -1
sphere {
	<25.966785, 37.774788, 30.860424> 0.250000
	pigment { color rgbt <1,0,0,0> }
	no_shadow
}
cylinder {
	<25.689741, 37.904305, 30.602602>,  <25.523514, 37.982014, 30.447908>, 0.100000
	pigment { color rgbt <1,0,0,0> }
	no_shadow
}
cylinder {
	<25.689741, 37.904305, 30.602602>,  <25.966785, 37.774788, 30.860424>, 0.100000
	pigment { color rgbt <1,0,0,0> }
	no_shadow
}

// particle -1
sphere {
	<25.689741, 37.904305, 30.602602> 0.100000
	pigment { color rgbt <1,0,0,0> }
	no_shadow
}
sphere {
	0, 1
	scale<0.080000,0.200000,0.300000>
	matrix <-0.646468, -0.675012, 0.355580,
		-0.319950, 0.662963, 0.676840,
		-0.692612, 0.323787, -0.644555,
		25.481958, 38.001442, 30.409235>
	pigment { color rgbt <0,1,1,0> }
	no_shadow
}
cylinder {
	<25.686188, 38.335793, 31.237234>,  <25.966785, 37.774788, 30.860424>, 0.130000
	pigment { color rgbt <1,0,0,0> }
	no_shadow
}

// nucleotide -1

// particle -1
sphere {
	<25.686188, 38.335793, 31.237234> 0.250000
	pigment { color rgbt <1,0,0,0> }
	no_shadow
}
cylinder {
	<26.026999, 38.234333, 31.054054>,  <26.231485, 38.173458, 30.944147>, 0.100000
	pigment { color rgbt <1,0,0,0> }
	no_shadow
}
cylinder {
	<26.026999, 38.234333, 31.054054>,  <25.686188, 38.335793, 31.237234>, 0.100000
	pigment { color rgbt <1,0,0,0> }
	no_shadow
}

// particle -1
sphere {
	<26.026999, 38.234333, 31.054054> 0.100000
	pigment { color rgbt <1,0,0,0> }
	no_shadow
}
sphere {
	0, 1
	scale<0.080000,0.200000,0.300000>
	matrix <-0.121711, 0.754832, -0.644527,
		0.509155, 0.604891, 0.612265,
		0.852026, -0.253645, -0.457948,
		26.282606, 38.158241, 30.916670>
	pigment { color rgbt <0,1,1,0> }
	no_shadow
}
cylinder {
	<25.476292, 38.811214, 31.755489>,  <25.686188, 38.335793, 31.237234>, 0.130000
	pigment { color rgbt <1,0,0,0> }
	no_shadow
}

// nucleotide -1

// particle -1
sphere {
	<25.476292, 38.811214, 31.755489> 0.250000
	pigment { color rgbt <1,0,0,0> }
	no_shadow
}
cylinder {
	<25.275242, 38.465946, 31.736313>,  <25.154612, 38.258785, 31.724808>, 0.100000
	pigment { color rgbt <1,0,0,0> }
	no_shadow
}
cylinder {
	<25.275242, 38.465946, 31.736313>,  <25.476292, 38.811214, 31.755489>, 0.100000
	pigment { color rgbt <1,0,0,0> }
	no_shadow
}

// particle -1
sphere {
	<25.275242, 38.465946, 31.736313> 0.100000
	pigment { color rgbt <1,0,0,0> }
	no_shadow
}
sphere {
	0, 1
	scale<0.080000,0.200000,0.300000>
	matrix <0.699808, -0.438801, 0.563669,
		-0.507581, 0.249765, 0.824609,
		-0.502623, -0.863175, -0.047939,
		25.124454, 38.206993, 31.721931>
	pigment { color rgbt <0,1,1,0> }
	no_shadow
}
cylinder {
	<25.307678, 38.581699, 32.462318>,  <25.476292, 38.811214, 31.755489>, 0.130000
	pigment { color rgbt <1,0,0,0> }
	no_shadow
}

// nucleotide -1

// particle -1
sphere {
	<25.307678, 38.581699, 32.462318> 0.250000
	pigment { color rgbt <1,0,0,0> }
	no_shadow
}
cylinder {
	<25.360643, 38.280041, 32.205032>,  <25.392422, 38.099045, 32.050659>, 0.100000
	pigment { color rgbt <1,0,0,0> }
	no_shadow
}
cylinder {
	<25.360643, 38.280041, 32.205032>,  <25.307678, 38.581699, 32.462318>, 0.100000
	pigment { color rgbt <1,0,0,0> }
	no_shadow
}

// particle -1
sphere {
	<25.360643, 38.280041, 32.205032> 0.100000
	pigment { color rgbt <1,0,0,0> }
	no_shadow
}
sphere {
	0, 1
	scale<0.080000,0.200000,0.300000>
	matrix <0.644368, -0.427601, 0.633992,
