// switches for output
#declare DRAW_BASES = 1; // possible values are 0, 1; only relevant for DNA ribbons
#declare DRAW_BASES_TYPE = 3; // possible values are 1, 2, 3; only relevant for DNA ribbons
#declare DRAW_FOG = 0; // set to 1 to enable fog

#include "colors.inc"

#include "transforms.inc"
background { rgb <1, 1, 1>}

#default {
   normal{
       ripples 0.25
       frequency 0.20
       turbulence 0.2
       lambda 5
   }
	finish {
		phong 0.1
		phong_size 40.
	}
}

// original window dimensions: 1024x640


// camera settings

camera {
	sky <0, 0.179814, -0.983701>
	up <0, 0.179814, -0.983701>
	right 1.6 * <1, 0, 0>
	location <35, 94.9851, 44.8844>
	look_at <35, 29.7336, 32.9568>
	direction <0, -65.2515, -11.9276>
	angle 67.0682
}


# declare cpy_camera_pos = <35, 94.9851, 44.8844>;
# if (DRAW_FOG = 1)
fog {
	fog_type 2
	up vnormalize(cpy_camera_pos)
	color rgbt<1,1,1,0.3>
	distance 1e-5
	fog_alt 3e-3
	fog_offset 56
}
# end


// LIGHTS

# declare lum = 6;
global_settings {
	ambient_light rgb lum * <0.05, 0.05, 0.05>
	max_trace_level 15
}# declare cpy_direct_light_amount = 0.25;
light_source
{	1000 * <-1, -1.16352, -0.803886>,
	rgb lum * cpy_direct_light_amount
	parallel
}

light_source
{	1000 * <1, 1.16352, 0.803886>,
	rgb lum * cpy_direct_light_amount
	parallel
}

// strand 0

// nucleotide -1

// particle -1
sphere {
	<24.189030, 35.146687, 35.513451> 0.250000
	pigment { color rgbt <1,0,0,0> }
	no_shadow
}
cylinder {
	<24.319401, 35.072727, 35.142597>,  <24.397623, 35.028351, 34.920086>, 0.100000
	pigment { color rgbt <1,0,0,0> }
	no_shadow
}
cylinder {
	<24.319401, 35.072727, 35.142597>,  <24.189030, 35.146687, 35.513451>, 0.100000
	pigment { color rgbt <1,0,0,0> }
	no_shadow
}

// particle -1
sphere {
	<24.319401, 35.072727, 35.142597> 0.100000
	pigment { color rgbt <1,0,0,0> }
	no_shadow
}
sphere {
	0, 1
	scale<0.080000,0.200000,0.300000>
	matrix <0.247810, -0.929689, 0.272522,
		-0.912337, -0.318577, -0.257196,
		0.325932, -0.184896, -0.927136,
		24.417179, 35.017258, 34.864456>
	pigment { color rgbt <0,1,1,0> }
	no_shadow
}
cylinder {
	<24.009222, 34.432713, 35.281773>,  <24.189030, 35.146687, 35.513451>, 0.130000
	pigment { color rgbt <1,0,0,0> }
	no_shadow
}

// nucleotide -1

// particle -1
sphere {
	<24.009222, 34.432713, 35.281773> 0.250000
	pigment { color rgbt <1,0,0,0> }
	no_shadow
}
cylinder {
	<24.363201, 34.539204, 35.128941>,  <24.575588, 34.603100, 35.037239>, 0.100000
	pigment { color rgbt <1,0,0,0> }
	no_shadow
}
cylinder {
	<24.363201, 34.539204, 35.128941>,  <24.009222, 34.432713, 35.281773>, 0.100000
	pigment { color rgbt <1,0,0,0> }
	no_shadow
}

// particle -1
sphere {
	<24.363201, 34.539204, 35.128941> 0.100000
	pigment { color rgbt <1,0,0,0> }
	no_shadow
}
sphere {
	0, 1
	scale<0.080000,0.200000,0.300000>
	matrix <0.297977, -0.954239, 0.025253,
		-0.357876, -0.136200, -0.923783,
		0.884949, 0.266229, -0.382083,
		24.628685, 34.619072, 35.014317>
	pigment { color rgbt <0,1,1,0> }
	no_shadow
}
cylinder {
	<24.176828, 34.030521, 34.672642>,  <24.009222, 34.432713, 35.281773>, 0.130000
	pigment { color rgbt <1,0,0,0> }
	no_shadow
}

// nucleotide -1

// particle -1
sphere {
	<24.176828, 34.030521, 34.672642> 0.250000
	pigment { color rgbt <1,0,0,0> }
	no_shadow
}
cylinder {
	<24.502253, 34.152897, 34.870438>,  <24.697508, 34.226322, 34.989117>, 0.100000
	pigment { color rgbt <1,0,0,0> }
	no_shadow
}
cylinder {
	<24.502253, 34.152897, 34.870438>,  <24.176828, 34.030521, 34.672642>, 0.100000
	pigment { color rgbt <1,0,0,0> }
	no_shadow
}

// particle -1
sphere {
	<24.502253, 34.152897, 34.870438> 0.100000
	pigment { color rgbt <1,0,0,0> }
	no_shadow
}
sphere {
	0, 1
	scale<0.080000,0.200000,0.300000>
	matrix <0.258820, -0.952038, 0.163203,
		0.520703, -0.004792, -0.853725,
		0.813561, 0.305942, 0.494488,
		24.746321, 34.244678, 35.018784>
	pigment { color rgbt <0,1,1,0> }
	no_shadow
}
cylinder {
	<24.702257, 33.528835, 34.499493>,  <24.176828, 34.030521, 34.672642>, 0.130000
	pigment { color rgbt <1,0,0,0> }
	no_shadow
}

// nucleotide -1

// particle -1
sphere {
	<24.702257, 33.528835, 34.499493> 0.250000
	pigment { color rgbt <1,0,0,0> }
	no_shadow
}
cylinder {
	<24.815702, 33.695629, 34.844906>,  <24.883770, 33.795704, 35.052155>, 0.100000
	pigment { color rgbt <1,0,0,0> }
	no_shadow
}
cylinder {
	<24.815702, 33.695629, 34.844906>,  <24.702257, 33.528835, 34.499493>, 0.100000
	pigment { color rgbt <1,0,0,0> }
	no_shadow
}

// particle -1
sphere {
	<24.815702, 33.695629, 34.844906> 0.100000
	pigment { color rgbt <1,0,0,0> }
	no_shadow
}
sphere {
	0, 1
	scale<0.080000,0.200000,0.300000>
	matrix <0.317928, -0.890464, 0.325569,
		0.904702, 0.182206, -0.385118,
		0.283613, 0.416983, 0.863533,
		24.900785, 33.820724, 35.103966>
	pigment { color rgbt <0,1,1,0> }
	no_shadow
}
cylinder {
	<25.278866, 33.227390, 34.561035>,  <24.702257, 33.528835, 34.499493>, 0.130000
	pigment { color rgbt <1,0,0,0> }
	no_shadow
}

// nucleotide -1

// particle -1
sphere {
	<25.278866, 33.227390, 34.561035> 0.250000
	pigment { color rgbt <1,0,0,0> }
	no_shadow
}
cylinder {
	<25.151232, 33.375641, 34.909935>,  <25.074652, 33.464592, 35.119274>, 0.100000
	pigment { color rgbt <1,0,0,0> }
	no_shadow
}
cylinder {
	<25.151232, 33.375641, 34.909935>,  <25.278866, 33.227390, 34.561035>, 0.100000
	pigment { color rgbt <1,0,0,0> }
	no_shadow
}

// particle -1
sphere {
	<25.151232, 33.375641, 34.909935> 0.100000
	pigment { color rgbt <1,0,0,0> }
	no_shadow
}
sphere {
	0, 1
	scale<0.080000,0.200000,0.300000>
	matrix <0.229011, -0.862932, 0.450447,
		0.919641, 0.343485, 0.190469,
		-0.319084, 0.370630, 0.872249,
		25.055506, 33.486832, 35.171608>
	pigment { color rgbt <0,1,1,0> }
	no_shadow
}
cylinder {
	<25.871386, 33.409538, 35.082733>,  <25.278866, 33.227390, 34.561035>, 0.130000
	pigment { color rgbt <1,0,0,0> }
	no_shadow
}

// nucleotide -1

// particle -1
sphere {
	<25.871386, 33.409538, 35.082733> 0.250000
	pigment { color rgbt <1,0,0,0> }
	no_shadow
}
cylinder {
	<25.541088, 33.280224, 35.267616>,  <25.342911, 33.202637, 35.378548>, 0.100000
	pigment { color rgbt <1,0,0,0> }
	no_shadow
}
cylinder {
	<25.541088, 33.280224, 35.267616>,  <25.871386, 33.409538, 35.082733>, 0.100000
	pigment { color rgbt <1,0,0,0> }
	no_shadow
}

// particle -1
sphere {
	<25.541088, 33.280224, 35.267616> 0.100000
	pigment { color rgbt <1,0,0,0> }
	no_shadow
}
sphere {
	0, 1
	scale<0.080000,0.200000,0.300000>
	matrix <0.518709, -0.757123, 0.397122,
		0.221566, 0.567673, 0.792878,
		-0.825742, -0.323285, 0.462210,
		25.293365, 33.183239, 35.406281>
	pigment { color rgbt <0,1,1,0> }
	no_shadow
}
cylinder {
	<26.066467, 33.341255, 35.787251>,  <25.871386, 33.409538, 35.082733>, 0.130000
	pigment { color rgbt <1,0,0,0> }
	no_shadow
}

// nucleotide -1

// particle -1
sphere {
	<26.066467, 33.341255, 35.787251> 0.250000
	pigment { color rgbt <1,0,0,0> }
	no_shadow
}
cylinder {
	<25.773008, 33.091652, 35.679634>,  <25.596933, 32.941891, 35.615063>, 0.100000
	pigment { color rgbt <1,0,0,0> }
	no_shadow
}
cylinder {
	<25.773008, 33.091652, 35.679634>,  <26.066467, 33.341255, 35.787251>, 0.100000
	pigment { color rgbt <1,0,0,0> }
	no_shadow
}

// particle -1
sphere {
	<25.773008, 33.091652, 35.679634> 0.100000
	pigment { color rgbt <1,0,0,0> }
	no_shadow
}
sphere {
	0, 1
	scale<0.080000,0.200000,0.300000>
	matrix <0.445676, -0.740723, 0.502695,
		-0.512970, 0.248894, 0.821531,
		-0.733645, -0.624004, -0.269042,
		25.552916, 32.904449, 35.598923>
	pigment { color rgbt <0,1,1,0> }
	no_shadow
}
cylinder {
	<25.602821, 33.209320, 36.399364>,  <26.066467, 33.341255, 35.787251>, 0.130000
	pigment { color rgbt <1,0,0,0> }
	no_shadow
}

// nucleotide -1

// particle -1
sphere {
	<25.602821, 33.209320, 36.399364> 0.250000
	pigment { color rgbt <1,0,0,0> }
	no_shadow
}
cylinder {
	<25.593142, 32.891102, 36.157200>,  <25.587334, 32.700172, 36.011902>, 0.100000
	pigment { color rgbt <1,0,0,0> }
	no_shadow
}
cylinder {
	<25.593142, 32.891102, 36.157200>,  <25.602821, 33.209320, 36.399364>, 0.100000
	pigment { color rgbt <1,0,0,0> }
	no_shadow
}

// particle -1
sphere {
	<25.593142, 32.891102, 36.157200> 0.100000
	pigment { color rgbt <1,0,0,0> }
	no_shadow
}
sphere {
	0, 1
	scale<0.080000,0.200000,0.300000>
	matrix <0.596632, -0.497407, 0.629775,
		-0.802150, -0.345966, 0.486686,
		-0.024200, -0.795546, -0.605409,
		25.585882, 32.652439, 35.975578>
	pigment { color rgbt <0,1,1,0> }
	no_shadow
}
cylinder {
	<25.295706, 32.657967, 36.840954>,  <25.602821, 33.209320, 36.399364>, 0.130000
	pigment { color rgbt <1,0,0,0> }
	no_shadow
}

// nucleotide -1

// particle -1
sphere {
	<25.295706, 32.657967, 36.840954> 0.250000
	pigment { color rgbt <1,0,0,0> }
	no_shadow
}
cylinder {
	<25.512827, 32.488758, 36.550735>,  <25.643101, 32.387234, 36.376606>, 0.100000
	pigment { color rgbt <1,0,0,0> }
	no_shadow
}
cylinder {
	<25.512827, 32.488758, 36.550735>,  <25.295706, 32.657967, 36.840954>, 0.100000
	pigment { color rgbt <1,0,0,0> }
	no_shadow
}

// particle -1
sphere {
	<25.512827, 32.488758, 36.550735> 0.100000
	pigment { color rgbt <1,0,0,0> }
	no_shadow
}
sphere {
	0, 1
	scale<0.080000,0.200000,0.300000>
	matrix <0.590653, -0.421878, 0.687858,
		-0.597071, -0.801917, 0.020862,
		0.542804, -0.423022, -0.725545,
		25.675669, 32.361851, 36.333073>
	pigment { color rgbt <0,1,1,0> }
	no_shadow
}
cylinder {
	<25.355633, 31.924776, 36.972507>,  <25.295706, 32.657967, 36.840954>, 0.130000
	pigment { color rgbt <1,0,0,0> }
	no_shadow
}

// nucleotide -1

// particle -1
sphere {
	<25.355633, 31.924776, 36.972507> 0.250000
	pigment { color rgbt <1,0,0,0> }
	no_shadow
}
cylinder {
	<25.660357, 32.011871, 36.728462>,  <25.843191, 32.064129, 36.582035>, 0.100000
	pigment { color rgbt <1,0,0,0> }
	no_shadow
}
cylinder {
	<25.660357, 32.011871, 36.728462>,  <25.355633, 31.924776, 36.972507>, 0.100000
	pigment { color rgbt <1,0,0,0> }
	no_shadow
}

// particle -1
sphere {
	<25.660357, 32.011871, 36.728462> 0.100000
	pigment { color rgbt <1,0,0,0> }
	no_shadow
}
sphere {
	0, 1
	scale<0.080000,0.200000,0.300000>
	matrix <0.646578, -0.313388, 0.695503,
		-0.039764, -0.924326, -0.379526,
		0.761811, 0.217737, -0.610110,
		25.888899, 32.077194, 36.545429>
	pigment { color rgbt <0,1,1,0> }
	no_shadow
}
cylinder {
	<25.717030, 31.352465, 36.790623>,  <25.355633, 31.924776, 36.972507>, 0.130000
	pigment { color rgbt <1,0,0,0> }
	no_shadow
}

// nucleotide -1

// particle -1
sphere {
	<25.717030, 31.352465, 36.790623> 0.250000
	pigment { color rgbt <1,0,0,0> }
	no_shadow
}
cylinder {
	<25.995239, 31.637165, 36.751312>,  <26.162165, 31.807985, 36.727726>, 0.100000
	pigment { color rgbt <1,0,0,0> }
	no_shadow
}
cylinder {
	<25.995239, 31.637165, 36.751312>,  <25.717030, 31.352465, 36.790623>, 0.100000
	pigment { color rgbt <1,0,0,0> }
	no_shadow
}

// particle -1
sphere {
	<25.995239, 31.637165, 36.751312> 0.100000
	pigment { color rgbt <1,0,0,0> }
	no_shadow
}
sphere {
	0, 1
	scale<0.080000,0.200000,0.300000>
	matrix <0.602718, -0.503504, 0.619044,
		0.391123, -0.489791, -0.779184,
		0.695524, 0.711751, -0.098274,
		26.203896, 31.850691, 36.721828>
	pigment { color rgbt <0,1,1,0> }
	no_shadow
}
cylinder {
	<26.088669, 31.216688, 37.486229>,  <25.717030, 31.352465, 36.790623>, 0.130000
	pigment { color rgbt <1,0,0,0> }
	no_shadow
}

// nucleotide -1

// particle -1
sphere {
	<26.088669, 31.216688, 37.486229> 0.250000
	pigment { color rgbt <1,0,0,0> }
	no_shadow
}
cylinder {
	<26.103476, 30.869259, 37.288555>,  <26.112360, 30.660801, 37.169952>, 0.100000
	pigment { color rgbt <1,0,0,0> }
	no_shadow
}
cylinder {
	<26.103476, 30.869259, 37.288555>,  <26.088669, 31.216688, 37.486229>, 0.100000
	pigment { color rgbt <1,0,0,0> }
	no_shadow
}

// particle -1
sphere {
	<26.103476, 30.869259, 37.288555> 0.100000
	pigment { color rgbt <1,0,0,0> }
	no_shadow
}
sphere {
	0, 1
	scale<0.080000,0.200000,0.300000>
	matrix <-0.798462, -0.323071, 0.508020,
		-0.600906, 0.375779, -0.705480,
		0.037017, -0.868571, -0.494180,
		26.114580, 30.608688, 37.140301>
	pigment { color rgbt <0,1,1,0> }
	no_shadow
}
cylinder {
	<26.077133, 31.934727, 37.786255>,  <26.088669, 31.216688, 37.486229>, 0.130000
	pigment { color rgbt <1,0,0,0> }
	no_shadow
}

// nucleotide -1

// particle -1
sphere {
	<26.077133, 31.934727, 37.786255> 0.250000
	pigment { color rgbt <1,0,0,0> }
	no_shadow
}
cylinder {
	<26.255396, 31.762478, 38.100185>,  <26.362354, 31.659128, 38.288544>, 0.100000
	pigment { color rgbt <1,0,0,0> }
	no_shadow
}
cylinder {
	<26.255396, 31.762478, 38.100185>,  <26.077133, 31.934727, 37.786255>, 0.100000
	pigment { color rgbt <1,0,0,0> }
	no_shadow
}

// particle -1
sphere {
	<26.255396, 31.762478, 38.100185> 0.100000
	pigment { color rgbt <1,0,0,0> }
	no_shadow
}
sphere {
	0, 1
	scale<0.080000,0.200000,0.300000>
	matrix <-0.000789, -0.876890, -0.480690,
		0.895203, 0.213604, -0.391132,
		0.445657, -0.430624, 0.784826,
		26.389093, 31.633291, 38.335632>
	pigment { color rgbt <0,1,1,0> }
	no_shadow
}
cylinder {
	<26.700188, 31.589821, 37.480747>,  <26.077133, 31.934727, 37.786255>, 0.130000
	pigment { color rgbt <1,0,0,0> }
	no_shadow
}

// nucleotide -1

// particle -1
sphere {
	<26.700188, 31.589821, 37.480747> 0.250000
	pigment { color rgbt <1,0,0,0> }
	no_shadow
}
cylinder {
	<26.545900, 31.452839, 37.823429>,  <26.453329, 31.370649, 38.029037>, 0.100000
	pigment { color rgbt <1,0,0,0> }
	no_shadow
}
cylinder {
	<26.545900, 31.452839, 37.823429>,  <26.700188, 31.589821, 37.480747>, 0.100000
	pigment { color rgbt <1,0,0,0> }
	no_shadow
}

// particle -1
sphere {
	<26.545900, 31.452839, 37.823429> 0.100000
	pigment { color rgbt <1,0,0,0> }
	no_shadow
}
sphere {
	0, 1
	scale<0.080000,0.200000,0.300000>
	matrix <0.087087, -0.937931, -0.335711,
		0.918498, -0.054881, 0.391599,
		-0.385717, -0.342453, 0.856708,
		26.430185, 31.350103, 38.080441>
	pigment { color rgbt <0,1,1,0> }
	no_shadow
}
cylinder {
	<26.892052, 32.264614, 37.606972>,  <26.700188, 31.589821, 37.480747>, 0.130000
	pigment { color rgbt <1,0,0,0> }
	no_shadow
}

// nucleotide -1

// particle -1
sphere {
	<26.892052, 32.264614, 37.606972> 0.250000
	pigment { color rgbt <1,0,0,0> }
	no_shadow
}
cylinder {
	<27.095074, 32.110439, 37.298729>,  <27.216887, 32.017933, 37.113785>, 0.100000
	pigment { color rgbt <1,0,0,0> }
	no_shadow
}
cylinder {
	<27.095074, 32.110439, 37.298729>,  <26.892052, 32.264614, 37.606972>, 0.100000
	pigment { color rgbt <1,0,0,0> }
	no_shadow
}

// particle -1
sphere {
	<27.095074, 32.110439, 37.298729> 0.100000
	pigment { color rgbt <1,0,0,0> }
	no_shadow
}
sphere {
	0, 1
	scale<0.080000,0.200000,0.300000>
	matrix <-0.696628, 0.342749, -0.630264,
		0.507050, 0.856716, -0.094542,
		0.507554, -0.385436, -0.770603,
		27.247339, 31.994808, 37.067547>
	pigment { color rgbt <0,1,1,0> }
	no_shadow
}
cylinder {
	<26.796572, 32.709057, 37.002449>,  <26.892052, 32.264614, 37.606972>, 0.130000
	pigment { color rgbt <1,0,0,0> }
	no_shadow
}

// nucleotide -1

// particle -1
sphere {
	<26.796572, 32.709057, 37.002449> 0.250000
	pigment { color rgbt <1,0,0,0> }
	no_shadow
}
cylinder {
	<26.865944, 32.338177, 36.869652>,  <26.907568, 32.115650, 36.789974>, 0.100000
	pigment { color rgbt <1,0,0,0> }
	no_shadow
}
cylinder {
	<26.865944, 32.338177, 36.869652>,  <26.796572, 32.709057, 37.002449>, 0.100000
	pigment { color rgbt <1,0,0,0> }
	no_shadow
}

// particle -1
sphere {
	<26.865944, 32.338177, 36.869652> 0.100000
	pigment { color rgbt <1,0,0,0> }
	no_shadow
}
sphere {
	0, 1
	scale<0.080000,0.200000,0.300000>
	matrix <-0.781563, 0.075534, -0.619237,
		0.599234, 0.366870, -0.711565,
		0.173432, -0.927200, -0.331995,
		26.917973, 32.060017, 36.770054>
	pigment { color rgbt <0,1,1,0> }
	no_shadow
}
cylinder {
	<27.015413, 32.690445, 36.240417>,  <26.796572, 32.709057, 37.002449>, 0.130000
	pigment { color rgbt <1,0,0,0> }
	no_shadow
}

// nucleotide -1

// particle -1
sphere {
	<27.015413, 32.690445, 36.240417> 0.250000
	pigment { color rgbt <1,0,0,0> }
	no_shadow
}
cylinder {
	<26.798922, 32.376789, 36.361877>,  <26.669027, 32.188595, 36.434753>, 0.100000
	pigment { color rgbt <1,0,0,0> }
	no_shadow
}
cylinder {
	<26.798922, 32.376789, 36.361877>,  <27.015413, 32.690445, 36.240417>, 0.100000
	pigment { color rgbt <1,0,0,0> }
	no_shadow
}

// particle -1
sphere {
	<26.798922, 32.376789, 36.361877> 0.100000
	pigment { color rgbt <1,0,0,0> }
	no_shadow
}
sphere {
	0, 1
	scale<0.080000,0.200000,0.300000>
	matrix <-0.684121, 0.200655, -0.701225,
		0.488928, -0.587254, -0.645045,
		-0.541228, -0.784137, 0.303647,
		26.636553, 32.141548, 36.452972>
	pigment { color rgbt <0,1,1,0> }
	no_shadow
}
cylinder {
	<26.861229, 32.216087, 35.654827>,  <27.015413, 32.690445, 36.240417>, 0.130000
	pigment { color rgbt <1,0,0,0> }
	no_shadow
}

// nucleotide -1

// particle -1
sphere {
	<26.861229, 32.216087, 35.654827> 0.250000
	pigment { color rgbt <1,0,0,0> }
	no_shadow
}
cylinder {
	<26.584473, 32.186272, 35.942085>,  <26.418419, 32.168381, 36.114441>, 0.100000
	pigment { color rgbt <1,0,0,0> }
	no_shadow
}
cylinder {
	<26.584473, 32.186272, 35.942085>,  <26.861229, 32.216087, 35.654827>, 0.100000
	pigment { color rgbt <1,0,0,0> }
	no_shadow
}

// particle -1
sphere {
	<26.584473, 32.186272, 35.942085> 0.100000
	pigment { color rgbt <1,0,0,0> }
	no_shadow
}
sphere {
	0, 1
	scale<0.080000,0.200000,0.300000>
	matrix <-0.717552, 0.181281, -0.672500,
		-0.080057, -0.980602, -0.178914,
		-0.691889, -0.074542, 0.718146,
		26.376905, 32.163910, 36.157528>
	pigment { color rgbt <0,1,1,0> }
	no_shadow
}
cylinder {
	<26.292782, 31.848068, 35.281849>,  <26.861229, 32.216087, 35.654827>, 0.130000
	pigment { color rgbt <1,0,0,0> }
	no_shadow
}

// nucleotide -1

// particle -1
sphere {
	<26.292782, 31.848068, 35.281849> 0.250000
	pigment { color rgbt <1,0,0,0> }
	no_shadow
}
cylinder {
	<26.149122, 32.015583, 35.615467>,  <26.062925, 32.116093, 35.815639>, 0.100000
	pigment { color rgbt <1,0,0,0> }
	no_shadow
}
cylinder {
	<26.149122, 32.015583, 35.615467>,  <26.292782, 31.848068, 35.281849>, 0.100000
	pigment { color rgbt <1,0,0,0> }
	no_shadow
}

// particle -1
sphere {
	<26.149122, 32.015583, 35.615467> 0.100000
	pigment { color rgbt <1,0,0,0> }
	no_shadow
}
sphere {
	0, 1
	scale<0.080000,0.200000,0.300000>
	matrix <-0.839925, 0.244557, -0.484478,
		-0.406864, -0.874534, 0.263917,
		-0.359149, 0.418787, 0.834044,
		26.041378, 32.141220, 35.865681>
	pigment { color rgbt <0,1,1,0> }
	no_shadow
}
cylinder {
	<25.610016, 31.602219, 35.240597>,  <26.292782, 31.848068, 35.281849>, 0.130000
	pigment { color rgbt <1,0,0,0> }
	no_shadow
}

// nucleotide -1

// particle -1
sphere {
	<25.610016, 31.602219, 35.240597> 0.250000
	pigment { color rgbt <1,0,0,0> }
	no_shadow
}
cylinder {
	<25.604336, 31.909388, 35.496750>,  <25.600927, 32.093689, 35.650440>, 0.100000
	pigment { color rgbt <1,0,0,0> }
	no_shadow
}
cylinder {
	<25.604336, 31.909388, 35.496750>,  <25.610016, 31.602219, 35.240597>, 0.100000
	pigment { color rgbt <1,0,0,0> }
	no_shadow
}

// particle -1
sphere {
	<25.604336, 31.909388, 35.496750> 0.100000
	pigment { color rgbt <1,0,0,0> }
	no_shadow
}
sphere {
	0, 1
	scale<0.080000,0.200000,0.300000>
	matrix <-0.835146, 0.343074, -0.429920,
		-0.549846, -0.540917, 0.636457,
		-0.014199, 0.767924, 0.640382,
		25.600077, 32.139767, 35.688866>
	pigment { color rgbt <0,1,1,0> }
	no_shadow
}
cylinder {
	<24.880583, 31.878716, 35.091351>,  <25.610016, 31.602219, 35.240597>, 0.130000
	pigment { color rgbt <1,0,0,0> }
	no_shadow
}

// nucleotide -1

// particle -1
sphere {
	<24.880583, 31.878716, 35.091351> 0.250000
	pigment { color rgbt <1,0,0,0> }
	no_shadow
}
cylinder {
	<25.081741, 32.102222, 35.355129>,  <25.202436, 32.236328, 35.513397>, 0.100000
	pigment { color rgbt <1,0,0,0> }
	no_shadow
}
cylinder {
	<25.081741, 32.102222, 35.355129>,  <24.880583, 31.878716, 35.091351>, 0.100000
	pigment { color rgbt <1,0,0,0> }
	no_shadow
}

// particle -1
sphere {
	<25.081741, 32.102222, 35.355129> 0.100000
	pigment { color rgbt <1,0,0,0> }
	no_shadow
}
sphere {
	0, 1
	scale<0.080000,0.200000,0.300000>
	matrix <-0.660885, 0.740293, -0.123278,
		-0.557069, -0.373825, 0.741572,
		0.502896, 0.558768, 0.659449,
		25.232611, 32.269852, 35.552963>
	pigment { color rgbt <0,1,1,0> }
	no_shadow
}
cylinder {
	<24.376291, 32.245190, 35.561115>,  <24.880583, 31.878716, 35.091351>, 0.130000
	pigment { color rgbt <1,0,0,0> }
	no_shadow
}

// nucleotide -1

// particle -1
sphere {
	<24.376291, 32.245190, 35.561115> 0.250000
	pigment { color rgbt <1,0,0,0> }
	no_shadow
}
cylinder {
	<24.723072, 32.443741, 35.579048>,  <24.931141, 32.562870, 35.589806>, 0.100000
	pigment { color rgbt <1,0,0,0> }
	no_shadow
}
cylinder {
	<24.723072, 32.443741, 35.579048>,  <24.376291, 32.245190, 35.561115>, 0.100000
	pigment { color rgbt <1,0,0,0> }
	no_shadow
}

// particle -1
sphere {
	<24.723072, 32.443741, 35.579048> 0.100000
	pigment { color rgbt <1,0,0,0> }
	no_shadow
}
sphere {
	0, 1
	scale<0.080000,0.200000,0.300000>
	matrix <-0.490831, 0.865943, -0.096053,
		-0.086498, 0.061270, 0.994366,
		0.866950, 0.496375, 0.044829,
		24.983156, 32.592651, 35.592499>
	pigment { color rgbt <0,1,1,0> }
	no_shadow
}
cylinder {
	<24.260866, 32.805874, 36.035477>,  <24.376291, 32.245190, 35.561115>, 0.130000
	pigment { color rgbt <1,0,0,0> }
	no_shadow
}

// nucleotide -1

// particle -1
sphere {
	<24.260866, 32.805874, 36.035477> 0.250000
	pigment { color rgbt <1,0,0,0> }
	no_shadow
}
cylinder {
	<24.586636, 32.902832, 35.824589>,  <24.782097, 32.961006, 35.698055>, 0.100000
	pigment { color rgbt <1,0,0,0> }
	no_shadow
}
cylinder {
	<24.586636, 32.902832, 35.824589>,  <24.260866, 32.805874, 36.035477>, 0.100000
	pigment { color rgbt <1,0,0,0> }
	no_shadow
}

// particle -1
sphere {
	<24.586636, 32.902832, 35.824589> 0.100000
	pigment { color rgbt <1,0,0,0> }
	no_shadow
}
sphere {
	0, 1
	scale<0.080000,0.200000,0.300000>
	matrix <-0.301660, 0.953009, -0.027827,
		0.495697, 0.181703, 0.849275,
		0.814424, 0.242399, -0.527216,
		24.830963, 32.975552, 35.666424>
	pigment { color rgbt <0,1,1,0> }
	no_shadow
}
cylinder {
	<24.289938, 33.526745, 36.103271>,  <24.260866, 32.805874, 36.035477>, 0.130000
	pigment { color rgbt <1,0,0,0> }
	no_shadow
}

// nucleotide -1

// particle -1
sphere {
	<24.289938, 33.526745, 36.103271> 0.250000
	pigment { color rgbt <1,0,0,0> }
	no_shadow
}
cylinder {
	<24.575542, 33.441795, 35.836414>,  <24.746904, 33.390827, 35.676300>, 0.100000
	pigment { color rgbt <1,0,0,0> }
	no_shadow
}
cylinder {
	<24.575542, 33.441795, 35.836414>,  <24.289938, 33.526745, 36.103271>, 0.100000
	pigment { color rgbt <1,0,0,0> }
	no_shadow
}

// particle -1
sphere {
	<24.575542, 33.441795, 35.836414> 0.100000
	pigment { color rgbt <1,0,0,0> }
	no_shadow
}
sphere {
	0, 1
	scale<0.080000,0.200000,0.300000>
	matrix <0.136988, 0.976844, -0.164351,
		0.686602, 0.025957, 0.726570,
		0.714011, -0.212375, -0.667147,
		24.789745, 33.378082, 35.636269>
	pigment { color rgbt <0,1,1,0> }
	no_shadow
}
cylinder {
	<24.675098, 34.083038, 36.280388>,  <24.289938, 33.526745, 36.103271>, 0.130000
	pigment { color rgbt <1,0,0,0> }
	no_shadow
}

// nucleotide -1

// particle -1
sphere {
	<24.675098, 34.083038, 36.280388> 0.250000
	pigment { color rgbt <1,0,0,0> }
	no_shadow
}
cylinder {
	<24.803043, 33.895096, 35.951286>,  <24.879810, 33.782330, 35.753826>, 0.100000
	pigment { color rgbt <1,0,0,0> }
	no_shadow
}
cylinder {
	<24.803043, 33.895096, 35.951286>,  <24.675098, 34.083038, 36.280388>, 0.100000
	pigment { color rgbt <1,0,0,0> }
	no_shadow
}

// particle -1
sphere {
	<24.803043, 33.895096, 35.951286> 0.100000
	pigment { color rgbt <1,0,0,0> }
	no_shadow
}
sphere {
	0, 1
	scale<0.080000,0.200000,0.300000>
	matrix <0.292513, 0.874925, -0.385932,
		0.901180, -0.117222, 0.417293,
		0.319861, -0.469857, -0.822753,
		24.899002, 33.754139, 35.704460>
	pigment { color rgbt <0,1,1,0> }
	no_shadow
}
cylinder {
	<25.348671, 34.443657, 36.127644>,  <24.675098, 34.083038, 36.280388>, 0.130000
	pigment { color rgbt <1,0,0,0> }
	no_shadow
}

// nucleotide -1

// particle -1
sphere {
	<25.348671, 34.443657, 36.127644> 0.250000
	pigment { color rgbt <1,0,0,0> }
	no_shadow
}
cylinder {
	<25.187729, 34.260571, 35.810505>,  <25.091164, 34.150719, 35.620220>, 0.100000
	pigment { color rgbt <1,0,0,0> }
	no_shadow
}
cylinder {
	<25.187729, 34.260571, 35.810505>,  <25.348671, 34.443657, 36.127644>, 0.100000
	pigment { color rgbt <1,0,0,0> }
	no_shadow
}

// particle -1
sphere {
	<25.187729, 34.260571, 35.810505> 0.100000
	pigment { color rgbt <1,0,0,0> }
	no_shadow
}
sphere {
	0, 1
	scale<0.080000,0.200000,0.300000>
	matrix <0.166218, 0.815125, -0.554926,
		0.900269, -0.355062, -0.251886,
		-0.402352, -0.457715, -0.792849,
		25.067022, 34.123257, 35.572651>
	pigment { color rgbt <0,1,1,0> }
	no_shadow
}
cylinder {
	<25.812939, 34.623764, 35.637398>,  <25.348671, 34.443657, 36.127644>, 0.130000
	pigment { color rgbt <1,0,0,0> }
	no_shadow
}

// nucleotide -1

// particle -1
sphere {
	<25.812939, 34.623764, 35.637398> 0.250000
	pigment { color rgbt <1,0,0,0> }
	no_shadow
}
cylinder {
	<25.486528, 34.498539, 35.443039>,  <25.290682, 34.423405, 35.326424>, 0.100000
	pigment { color rgbt <1,0,0,0> }
	no_shadow
}
cylinder {
	<25.486528, 34.498539, 35.443039>,  <25.812939, 34.623764, 35.637398>, 0.100000
	pigment { color rgbt <1,0,0,0> }
	no_shadow
}

// particle -1
sphere {
	<25.486528, 34.498539, 35.443039> 0.100000
	pigment { color rgbt <1,0,0,0> }
	no_shadow
}
sphere {
	0, 1
	scale<0.080000,0.200000,0.300000>
	matrix <-0.059941, 0.881928, -0.467558,
		0.574897, -0.352415, -0.738443,
		-0.816027, -0.313061, -0.485893,
		25.241720, 34.404621, 35.297272>
	pigment { color rgbt <0,1,1,0> }
	no_shadow
}
cylinder {
	<25.782827, 34.645321, 34.792843>,  <25.812939, 34.623764, 35.637398>, 0.130000
	pigment { color rgbt <1,0,0,0> }
	no_shadow
}

// nucleotide -1

// particle -1
sphere {
	<25.782827, 34.645321, 34.792843> 0.250000
	pigment { color rgbt <1,0,0,0> }
	no_shadow
}
cylinder {
	<25.435999, 34.722626, 34.976513>,  <25.227901, 34.769009, 35.086716>, 0.100000
	pigment { color rgbt <1,0,0,0> }
	no_shadow
}
cylinder {
	<25.435999, 34.722626, 34.976513>,  <25.782827, 34.645321, 34.792843>, 0.100000
	pigment { color rgbt <1,0,0,0> }
	no_shadow
}

// particle -1
sphere {
	<25.435999, 34.722626, 34.976513> 0.100000
	pigment { color rgbt <1,0,0,0> }
	no_shadow
}
sphere {
	0, 1
	scale<0.080000,0.200000,0.300000>
	matrix <-0.025017, 0.903637, -0.427569,
		-0.497558, -0.382219, -0.778682,
		-0.867070, 0.193260, 0.459173,
		25.175879, 34.780605, 35.114265>
	pigment { color rgbt <0,1,1,0> }
	no_shadow
}
cylinder {
	<25.193611, 34.846046, 34.310757>,  <25.782827, 34.645321, 34.792843>, 0.130000
	pigment { color rgbt <1,0,0,0> }
	no_shadow
}

// nucleotide -1

// particle -1
sphere {
	<25.193611, 34.846046, 34.310757> 0.250000
	pigment { color rgbt <1,0,0,0> }
	no_shadow
}
cylinder {
	<25.130545, 35.005512, 34.672134>,  <25.092705, 35.101192, 34.888962>, 0.100000
	pigment { color rgbt <1,0,0,0> }
	no_shadow
}
cylinder {
	<25.130545, 35.005512, 34.672134>,  <25.193611, 34.846046, 34.310757>, 0.100000
	pigment { color rgbt <1,0,0,0> }
	no_shadow
}

// particle -1
sphere {
	<25.130545, 35.005512, 34.672134> 0.100000
	pigment { color rgbt <1,0,0,0> }
	no_shadow
}
sphere {
	0, 1
	scale<0.080000,0.200000,0.300000>
	matrix <-0.072347, 0.907764, -0.413196,
		-0.984838, -0.130509, -0.114283,
		-0.157668, 0.398663, 0.903442,
		25.083244, 35.125111, 34.943169>
	pigment { color rgbt <0,1,1,0> }
	no_shadow
}
cylinder {
	<24.821737, 35.396015, 34.169044>,  <25.193611, 34.846046, 34.310757>, 0.130000
	pigment { color rgbt <1,0,0,0> }
	no_shadow
}

// nucleotide -1

// particle -1
sphere {
	<24.821737, 35.396015, 34.169044> 0.250000
	pigment { color rgbt <1,0,0,0> }
	no_shadow
}
cylinder {
	<25.006496, 35.469391, 34.516148>,  <25.117352, 35.513416, 34.724407>, 0.100000
	pigment { color rgbt <1,0,0,0> }
	no_shadow
}
cylinder {
	<25.006496, 35.469391, 34.516148>,  <24.821737, 35.396015, 34.169044>, 0.100000
	pigment { color rgbt <1,0,0,0> }
	no_shadow
}

// particle -1
sphere {
	<25.006496, 35.469391, 34.516148> 0.100000
	pigment { color rgbt <1,0,0,0> }
	no_shadow
}
sphere {
	0, 1
	scale<0.080000,0.200000,0.300000>
	matrix <0.049745, 0.971481, -0.231842,
		-0.885536, 0.150254, 0.439602,
		0.461900, 0.183436, 0.867756,
		25.145067, 35.524422, 34.776474>
	pigment { color rgbt <0,1,1,0> }
	no_shadow
}
cylinder {
	<24.501825, 35.829357, 34.731709>,  <24.821737, 35.396015, 34.169044>, 0.130000
	pigment { color rgbt <1,0,0,0> }
	no_shadow
}

// nucleotide -1

// particle -1
sphere {
	<24.501825, 35.829357, 34.731709> 0.250000
	pigment { color rgbt <1,0,0,0> }
	no_shadow
}
cylinder {
	<24.900211, 35.851334, 34.703323>,  <25.139242, 35.864517, 34.686295>, 0.100000
	pigment { color rgbt <1,0,0,0> }
	no_shadow
}
cylinder {
	<24.900211, 35.851334, 34.703323>,  <24.501825, 35.829357, 34.731709>, 0.100000
	pigment { color rgbt <1,0,0,0> }
	no_shadow
}

// particle -1
sphere {
	<24.900211, 35.851334, 34.703323> 0.100000
	pigment { color rgbt <1,0,0,0> }
	no_shadow
}
sphere {
	0, 1
	scale<0.080000,0.200000,0.300000>
	matrix <-0.055654, 0.998417, -0.008123,
		0.070402, 0.012040, 0.997446,
		0.995965, 0.054940, -0.070960,
		25.199001, 35.867817, 34.682034>
	pigment { color rgbt <0,1,1,0> }
	no_shadow
}
cylinder {
	<24.969629, 36.099354, 35.337681>,  <24.501825, 35.829357, 34.731709>, 0.130000
	pigment { color rgbt <1,0,0,0> }
	no_shadow
}

// nucleotide -1

// particle -1
sphere {
	<24.969629, 36.099354, 35.337681> 0.250000
	pigment { color rgbt <1,0,0,0> }
	no_shadow
}
cylinder {
	<25.099022, 36.165062, 34.964935>,  <25.176657, 36.204487, 34.741287>, 0.100000
	pigment { color rgbt <1,0,0,0> }
	no_shadow
}
cylinder {
	<25.099022, 36.165062, 34.964935>,  <24.969629, 36.099354, 35.337681>, 0.100000
	pigment { color rgbt <1,0,0,0> }
	no_shadow
}

// particle -1
sphere {
	<25.099022, 36.165062, 34.964935> 0.100000
	pigment { color rgbt <1,0,0,0> }
	no_shadow
}
sphere {
	0, 1
	scale<0.080000,0.200000,0.300000>
	matrix <-0.168915, 0.979022, 0.113950,
		0.931036, 0.120545, 0.344443,
		0.323481, 0.164273, -0.931866,
		25.196066, 36.214344, 34.685375>
	pigment { color rgbt <0,1,1,0> }
	no_shadow
}
cylinder {
	<25.452963, 36.572342, 35.461380>,  <24.969629, 36.099354, 35.337681>, 0.130000
	pigment { color rgbt <1,0,0,0> }
	no_shadow
}

// nucleotide -1

// particle -1
sphere {
	<25.452963, 36.572342, 35.461380> 0.250000
	pigment { color rgbt <1,0,0,0> }
	no_shadow
}
cylinder {
	<25.362238, 36.613262, 35.073959>,  <25.307804, 36.637814, 34.841507>, 0.100000
	pigment { color rgbt <1,0,0,0> }
	no_shadow
}
cylinder {
	<25.362238, 36.613262, 35.073959>,  <25.452963, 36.572342, 35.461380>, 0.100000
	pigment { color rgbt <1,0,0,0> }
	no_shadow
}

// particle -1
sphere {
	<25.362238, 36.613262, 35.073959> 0.100000
	pigment { color rgbt <1,0,0,0> }
	no_shadow
}
sphere {
	0, 1
	scale<0.080000,0.200000,0.300000>
	matrix <0.105211, 0.991222, 0.080062,
		0.968239, -0.083743, -0.235584,
		-0.226811, 0.102305, -0.968551,
		25.294195, 36.643955, 34.783394>
	pigment { color rgbt <0,1,1,0> }
	no_shadow
}
cylinder {
	<26.018206, 36.933132, 35.157894>,  <25.452963, 36.572342, 35.461380>, 0.130000
	pigment { color rgbt <1,0,0,0> }
	no_shadow
}

// nucleotide -1

// particle -1
sphere {
	<26.018206, 36.933132, 35.157894> 0.250000
	pigment { color rgbt <1,0,0,0> }
	no_shadow
}
cylinder {
	<25.705803, 36.992771, 34.915310>,  <25.518362, 37.028553, 34.769760>, 0.100000
	pigment { color rgbt <1,0,0,0> }
	no_shadow
}
cylinder {
	<25.705803, 36.992771, 34.915310>,  <26.018206, 36.933132, 35.157894>, 0.100000
	pigment { color rgbt <1,0,0,0> }
	no_shadow
}

// particle -1
sphere {
	<25.705803, 36.992771, 34.915310> 0.100000
	pigment { color rgbt <1,0,0,0> }
	no_shadow
}
sphere {
	0, 1
	scale<0.080000,0.200000,0.300000>
	matrix <0.181073, 0.983432, 0.008586,
		0.597697, -0.103109, -0.795064,
		-0.781006, 0.149097, -0.606465,
		25.471500, 37.037498, 34.733372>
	pigment { color rgbt <0,1,1,0> }
	no_shadow
}
cylinder {
	<26.215445, 37.236267, 34.398151>,  <26.018206, 36.933132, 35.157894>, 0.130000
	pigment { color rgbt <1,0,0,0> }
	no_shadow
}

// nucleotide -1

// particle -1
sphere {
	<26.215445, 37.236267, 34.398151> 0.250000
	pigment { color rgbt <1,0,0,0> }
	no_shadow
}
cylinder {
	<25.853624, 37.316467, 34.548660>,  <25.636532, 37.364590, 34.638966>, 0.100000
	pigment { color rgbt <1,0,0,0> }
	no_shadow
}
cylinder {
	<25.853624, 37.316467, 34.548660>,  <26.215445, 37.236267, 34.398151>, 0.100000
	pigment { color rgbt <1,0,0,0> }
	no_shadow
}

// particle -1
sphere {
	<25.853624, 37.316467, 34.548660> 0.100000
	pigment { color rgbt <1,0,0,0> }
	no_shadow
}
sphere {
	0, 1
	scale<0.080000,0.200000,0.300000>
	matrix <0.246673, 0.965932, 0.078278,
		-0.347761, 0.163623, -0.923195,
		-0.904552, 0.200505, 0.376275,
		25.582258, 37.376617, 34.661541>
	pigment { color rgbt <0,1,1,0> }
	no_shadow
}
cylinder {
	<26.142887, 37.885513, 34.234619>,  <26.215445, 37.236267, 34.398151>, 0.130000
	pigment { color rgbt <1,0,0,0> }
	no_shadow
}

// nucleotide -1

// particle -1
sphere {
	<26.142887, 37.885513, 34.234619> 0.250000
	pigment { color rgbt <1,0,0,0> }
	no_shadow
}
cylinder {
	<25.854919, 37.685543, 34.042042>,  <25.682138, 37.565559, 33.926495>, 0.100000
	pigment { color rgbt <1,0,0,0> }
	no_shadow
}
cylinder {
	<25.854919, 37.685543, 34.042042>,  <26.142887, 37.885513, 34.234619>, 0.100000
	pigment { color rgbt <1,0,0,0> }
	no_shadow
}

// particle -1
sphere {
	<25.854919, 37.685543, 34.042042> 0.100000
	pigment { color rgbt <1,0,0,0> }
	no_shadow
}
sphere {
	0, 1
	scale<0.080000,0.200000,0.300000>
	matrix <-0.649797, 0.729235, 0.214429,
		0.243885, 0.467211, -0.849844,
		-0.719920, -0.499930, -0.481442,
		25.638943, 37.535564, 33.897610>
	pigment { color rgbt <0,1,1,0> }
	no_shadow
}
cylinder {
	<25.929176, 38.152527, 33.638504>,  <26.142887, 37.885513, 34.234619>, 0.130000
	pigment { color rgbt <1,0,0,0> }
	no_shadow
}

// nucleotide -1

// particle -1
sphere {
	<25.929176, 38.152527, 33.638504> 0.250000
	pigment { color rgbt <1,0,0,0> }
	no_shadow
}
cylinder {
	<25.641733, 37.960018, 33.839294>,  <25.469267, 37.844513, 33.959770>, 0.100000
	pigment { color rgbt <1,0,0,0> }
	no_shadow
}
cylinder {
	<25.641733, 37.960018, 33.839294>,  <25.929176, 38.152527, 33.638504>, 0.100000
	pigment { color rgbt <1,0,0,0> }
	no_shadow
}

// particle -1
sphere {
	<25.641733, 37.960018, 33.839294> 0.100000
	pigment { color rgbt <1,0,0,0> }
	no_shadow
}
sphere {
	0, 1
	scale<0.080000,0.200000,0.300000>
	matrix <-0.483848, 0.864492, 0.136178,
		-0.499491, -0.145021, -0.854094,
		-0.718609, -0.481272, 0.501975,
		25.426151, 37.815636, 33.989887>
	pigment { color rgbt <0,1,1,0> }
	no_shadow
}
cylinder {
	<25.269300, 38.461906, 33.340229>,  <25.929176, 38.152527, 33.638504>, 0.130000
	pigment { color rgbt <1,0,0,0> }
	no_shadow
}

// nucleotide -1

// particle -1
sphere {
	<25.269300, 38.461906, 33.340229> 0.250000
	pigment { color rgbt <1,0,0,0> }
	no_shadow
}
cylinder {
	<25.200903, 38.315754, 33.706238>,  <25.159864, 38.228062, 33.925842>, 0.100000
	pigment { color rgbt <1,0,0,0> }
	no_shadow
}
cylinder {
	<25.200903, 38.315754, 33.706238>,  <25.269300, 38.461906, 33.340229>, 0.100000
	pigment { color rgbt <1,0,0,0> }
	no_shadow
}

// particle -1
sphere {
	<25.200903, 38.315754, 33.706238> 0.100000
	pigment { color rgbt <1,0,0,0> }
	no_shadow
}
sphere {
	0, 1
	scale<0.080000,0.200000,0.300000>
	matrix <-0.493689, 0.835474, 0.241359,
		-0.852662, -0.410464, -0.323245,
		-0.170994, -0.365381, 0.915018,
		25.149605, 38.206139, 33.980743>
	pigment { color rgbt <0,1,1,0> }
	no_shadow
}
cylinder {
	<24.633425, 38.600746, 33.525326>,  <25.269300, 38.461906, 33.340229>, 0.130000
	pigment { color rgbt <1,0,0,0> }
	no_shadow
}

// nucleotide -1

// particle -1
sphere {
	<24.633425, 38.600746, 33.525326> 0.250000
	pigment { color rgbt <1,0,0,0> }
	no_shadow
}
cylinder {
	<24.801764, 38.541386, 33.883289>,  <24.902767, 38.505768, 34.098068>, 0.100000
	pigment { color rgbt <1,0,0,0> }
	no_shadow
}
cylinder {
	<24.801764, 38.541386, 33.883289>,  <24.633425, 38.600746, 33.525326>, 0.100000
	pigment { color rgbt <1,0,0,0> }
	no_shadow
}

// particle -1
sphere {
	<24.801764, 38.541386, 33.883289> 0.100000
	pigment { color rgbt <1,0,0,0> }
	no_shadow
}
sphere {
	0, 1
	scale<0.080000,0.200000,0.300000>
	matrix <-0.482004, 0.799157, 0.359195,
		-0.768480, -0.582515, 0.264790,
		0.420845, -0.148405, 0.894911,
		24.928017, 38.496864, 34.151764>
	pigment { color rgbt <0,1,1,0> }
	no_shadow
}
cylinder {
	<24.171270, 38.633694, 34.138142>,  <24.633425, 38.600746, 33.525326>, 0.130000
	pigment { color rgbt <1,0,0,0> }
	no_shadow
}

// nucleotide -1

// particle -1
sphere {
	<24.171270, 38.633694, 34.138142> 0.250000
	pigment { color rgbt <1,0,0,0> }
	no_shadow
}
cylinder {
	<24.520529, 38.778214, 34.269032>,  <24.730083, 38.864925, 34.347565>, 0.100000
	pigment { color rgbt <1,0,0,0> }
	no_shadow
}
cylinder {
	<24.520529, 38.778214, 34.269032>,  <24.171270, 38.633694, 34.138142>, 0.100000
	pigment { color rgbt <1,0,0,0> }
	no_shadow
}

// particle -1
sphere {
	<24.520529, 38.778214, 34.269032> 0.100000
	pigment { color rgbt <1,0,0,0> }
	no_shadow
}
sphere {
	0, 1
	scale<0.080000,0.200000,0.300000>
	matrix <-0.478217, 0.764980, 0.431408,
		-0.094449, -0.533166, 0.840722,
		0.873148, 0.361302, 0.327220,
		24.782473, 38.886604, 34.367199>
	pigment { color rgbt <0,1,1,0> }
	no_shadow
}
cylinder {
	<24.163553, 38.732231, 34.878395>,  <24.171270, 38.633694, 34.138142>, 0.130000
	pigment { color rgbt <1,0,0,0> }
	no_shadow
}

// nucleotide -1

// particle -1
sphere {
	<24.163553, 38.732231, 34.878395> 0.250000
	pigment { color rgbt <1,0,0,0> }
	no_shadow
}
cylinder {
	<24.385645, 39.002132, 34.683899>,  <24.518900, 39.164074, 34.567200>, 0.100000
	pigment { color rgbt <1,0,0,0> }
	no_shadow
}
cylinder {
	<24.385645, 39.002132, 34.683899>,  <24.163553, 38.732231, 34.878395>, 0.100000
	pigment { color rgbt <1,0,0,0> }
	no_shadow
}

// particle -1
sphere {
	<24.385645, 39.002132, 34.683899> 0.100000
	pigment { color rgbt <1,0,0,0> }
	no_shadow
}
sphere {
	0, 1
	scale<0.080000,0.200000,0.300000>
	matrix <-0.490049, 0.737788, 0.464242,
		0.671992, -0.019477, 0.740303,
		0.555229, 0.674751, -0.486242,
		24.552214, 39.204559, 34.538025>
	pigment { color rgbt <0,1,1,0> }
	no_shadow
}
cylinder {
	<24.678942, 39.310169, 35.272038>,  <24.163553, 38.732231, 34.878395>, 0.130000
	pigment { color rgbt <1,0,0,0> }
	no_shadow
}

// nucleotide -1

// particle -1
sphere {
	<24.678942, 39.310169, 35.272038> 0.250000
	pigment { color rgbt <1,0,0,0> }
	no_shadow
}
cylinder {
	<24.471025, 39.411396, 34.945656>,  <24.346275, 39.472130, 34.749828>, 0.100000
	pigment { color rgbt <1,0,0,0> }
	no_shadow
}
cylinder {
	<24.471025, 39.411396, 34.945656>,  <24.678942, 39.310169, 35.272038>, 0.100000
	pigment { color rgbt <1,0,0,0> }
	no_shadow
}

// particle -1
sphere {
	<24.471025, 39.411396, 34.945656> 0.100000
	pigment { color rgbt <1,0,0,0> }
	no_shadow
}
sphere {
	0, 1
	scale<0.080000,0.200000,0.300000>
	matrix <-0.450403, 0.730410, 0.513458,
		0.725917, 0.634397, -0.265679,
		-0.519790, 0.253065, -0.815951,
		24.315088, 39.487316, 34.700871>
	pigment { color rgbt <0,1,1,0> }
	no_shadow
}
cylinder {
	<25.437983, 39.038891, 35.218670>,  <24.678942, 39.310169, 35.272038>, 0.130000
	pigment { color rgbt <1,0,0,0> }
	no_shadow
}

// nucleotide -1

// particle -1
sphere {
	<25.437983, 39.038891, 35.218670> 0.250000
	pigment { color rgbt <1,0,0,0> }
	no_shadow
}
cylinder {
	<25.146940, 38.873238, 34.999916>,  <24.972315, 38.773846, 34.868664>, 0.100000
	pigment { color rgbt <1,0,0,0> }
	no_shadow
}
cylinder {
	<25.146940, 38.873238, 34.999916>,  <25.437983, 39.038891, 35.218670>, 0.100000
	pigment { color rgbt <1,0,0,0> }
	no_shadow
}

// particle -1
sphere {
	<25.146940, 38.873238, 34.999916> 0.100000
	pigment { color rgbt <1,0,0,0> }
	no_shadow
}
sphere {
	0, 1
	scale<0.080000,0.200000,0.300000>
	matrix <0.624687, -0.729427, -0.278753,
