// switches for output
#declare DRAW_BASES = 1; // possible values are 0, 1; only relevant for DNA ribbons
#declare DRAW_BASES_TYPE = 3; // possible values are 1, 2, 3; only relevant for DNA ribbons
#declare DRAW_FOG = 0; // set to 1 to enable fog

#include "colors.inc"

#include "transforms.inc"
background { rgb <1, 1, 1>}

#default {
   normal{
       ripples 0.25
       frequency 0.20
       turbulence 0.2
       lambda 5
   }
	finish {
		phong 0.1
		phong_size 40.
	}
}

// original window dimensions: 1024x640


// camera settings

camera {
	sky <0, 0.179814, -0.983701>
	up <0, 0.179814, -0.983701>
	right 1.6 * <1, 0, 0>
	location <35, 94.9851, 44.8844>
	look_at <35, 29.7336, 32.9568>
	direction <0, -65.2515, -11.9276>
	angle 67.0682
}


# declare cpy_camera_pos = <35, 94.9851, 44.8844>;
# if (DRAW_FOG = 1)
fog {
	fog_type 2
	up vnormalize(cpy_camera_pos)
	color rgbt<1,1,1,0.3>
	distance 1e-5
	fog_alt 3e-3
	fog_offset 56
}
# end


// LIGHTS

# declare lum = 6;
global_settings {
	ambient_light rgb lum * <0.05, 0.05, 0.05>
	max_trace_level 15
}# declare cpy_direct_light_amount = 0.25;
light_source
{	1000 * <-1, -1.16352, -0.803886>,
	rgb lum * cpy_direct_light_amount
	parallel
}

light_source
{	1000 * <1, 1.16352, 0.803886>,
	rgb lum * cpy_direct_light_amount
	parallel
}

// strand 0

// nucleotide -1

// particle -1
sphere {
	<24.149086, 35.247639, 34.994045> 0.250000
	pigment { color rgbt <1,0,0,0> }
	no_shadow
}
cylinder {
	<24.236849, 34.859070, 34.957840>,  <24.289507, 34.625927, 34.936115>, 0.100000
	pigment { color rgbt <1,0,0,0> }
	no_shadow
}
cylinder {
	<24.236849, 34.859070, 34.957840>,  <24.149086, 35.247639, 34.994045>, 0.100000
	pigment { color rgbt <1,0,0,0> }
	no_shadow
}

// particle -1
sphere {
	<24.236849, 34.859070, 34.957840> 0.100000
	pigment { color rgbt <1,0,0,0> }
	no_shadow
}
sphere {
	0, 1
	scale<0.080000,0.200000,0.300000>
	matrix <0.880514, 0.157203, 0.447195,
		-0.420187, -0.177818, 0.889845,
		0.219406, -0.971426, -0.090516,
		24.302671, 34.567642, 34.930687>
	pigment { color rgbt <0,1,1,0> }
	no_shadow
}
cylinder {
	<24.273096, 34.916737, 35.669010>,  <24.149086, 35.247639, 34.994045>, 0.130000
	pigment { color rgbt <1,0,0,0> }
	no_shadow
}

// nucleotide -1

// particle -1
sphere {
	<24.273096, 34.916737, 35.669010> 0.250000
	pigment { color rgbt <1,0,0,0> }
	no_shadow
}
cylinder {
	<24.497217, 34.777252, 35.368488>,  <24.631689, 34.693562, 35.188175>, 0.100000
	pigment { color rgbt <1,0,0,0> }
	no_shadow
}
cylinder {
	<24.497217, 34.777252, 35.368488>,  <24.273096, 34.916737, 35.669010>, 0.100000
	pigment { color rgbt <1,0,0,0> }
	no_shadow
}

// particle -1
sphere {
	<24.497217, 34.777252, 35.368488> 0.100000
	pigment { color rgbt <1,0,0,0> }
	no_shadow
}
sphere {
	0, 1
	scale<0.080000,0.200000,0.300000>
	matrix <0.821705, 0.119878, 0.557163,
		-0.104224, -0.929532, 0.353705,
		0.560302, -0.348711, -0.751307,
		24.665308, 34.672638, 35.143097>
	pigment { color rgbt <0,1,1,0> }
	no_shadow
}
cylinder {
	<24.609270, 34.447575, 35.873623>,  <24.273096, 34.916737, 35.669010>, 0.130000
	pigment { color rgbt <1,0,0,0> }
	no_shadow
}

// nucleotide -1

// particle -1
sphere {
	<24.609270, 34.447575, 35.873623> 0.250000
	pigment { color rgbt <1,0,0,0> }
	no_shadow
}
cylinder {
	<24.825325, 34.578094, 35.563324>,  <24.954958, 34.656406, 35.377144>, 0.100000
	pigment { color rgbt <1,0,0,0> }
	no_shadow
}
cylinder {
	<24.825325, 34.578094, 35.563324>,  <24.609270, 34.447575, 35.873623>, 0.100000
	pigment { color rgbt <1,0,0,0> }
	no_shadow
}

// particle -1
sphere {
	<24.825325, 34.578094, 35.563324> 0.100000
	pigment { color rgbt <1,0,0,0> }
	no_shadow
}
sphere {
	0, 1
	scale<0.080000,0.200000,0.300000>
	matrix <0.770158, 0.179958, 0.611941,
		0.339279, -0.927978, -0.154102,
		0.540136, 0.326302, -0.775745,
		24.987366, 34.675983, 35.330601>
	pigment { color rgbt <0,1,1,0> }
	no_shadow
}
cylinder {
	<25.209137, 34.255020, 36.019791>,  <24.609270, 34.447575, 35.873623>, 0.130000
	pigment { color rgbt <1,0,0,0> }
	no_shadow
}

// nucleotide -1

// particle -1
sphere {
	<25.209137, 34.255020, 36.019791> 0.250000
	pigment { color rgbt <1,0,0,0> }
	no_shadow
}
cylinder {
	<25.301304, 34.526524, 35.740879>,  <25.356604, 34.689426, 35.573532>, 0.100000
	pigment { color rgbt <1,0,0,0> }
	no_shadow
}
cylinder {
	<25.301304, 34.526524, 35.740879>,  <25.209137, 34.255020, 36.019791>, 0.100000
	pigment { color rgbt <1,0,0,0> }
	no_shadow
}

// particle -1
sphere {
	<25.301304, 34.526524, 35.740879> 0.100000
	pigment { color rgbt <1,0,0,0> }
	no_shadow
}
sphere {
	0, 1
	scale<0.080000,0.200000,0.300000>
	matrix <0.721347, 0.361796, 0.590560,
		0.653120, -0.639055, -0.406255,
		0.230419, 0.678757, -0.697277,
		25.370430, 34.730152, 35.531696>
	pigment { color rgbt <0,1,1,0> }
	no_shadow
}
cylinder {
	<25.829676, 34.121655, 35.700745>,  <25.209137, 34.255020, 36.019791>, 0.130000
	pigment { color rgbt <1,0,0,0> }
	no_shadow
}

// nucleotide -1

// particle -1
sphere {
	<25.829676, 34.121655, 35.700745> 0.250000
	pigment { color rgbt <1,0,0,0> }
	no_shadow
}
cylinder {
	<25.771372, 34.517124, 35.686466>,  <25.736389, 34.754406, 35.677898>, 0.100000
	pigment { color rgbt <1,0,0,0> }
	no_shadow
}
cylinder {
	<25.771372, 34.517124, 35.686466>,  <25.829676, 34.121655, 35.700745>, 0.100000
	pigment { color rgbt <1,0,0,0> }
	no_shadow
}

// particle -1
sphere {
	<25.771372, 34.517124, 35.686466> 0.100000
	pigment { color rgbt <1,0,0,0> }
	no_shadow
}
sphere {
	0, 1
	scale<0.080000,0.200000,0.300000>
	matrix <0.788342, 0.137873, 0.599590,
		0.597721, 0.059258, -0.799511,
		-0.145762, 0.988676, -0.035694,
		25.727644, 34.813728, 35.675758>
	pigment { color rgbt <0,1,1,0> }
	no_shadow
}
cylinder {
	<26.384615, 34.477585, 35.354572>,  <25.829676, 34.121655, 35.700745>, 0.130000
	pigment { color rgbt <1,0,0,0> }
	no_shadow
}

// nucleotide -1

// particle -1
sphere {
	<26.384615, 34.477585, 35.354572> 0.250000
	pigment { color rgbt <1,0,0,0> }
	no_shadow
}
cylinder {
	<26.205439, 34.679722, 35.649590>,  <26.097933, 34.801006, 35.826599>, 0.100000
	pigment { color rgbt <1,0,0,0> }
	no_shadow
}
cylinder {
	<26.205439, 34.679722, 35.649590>,  <26.384615, 34.477585, 35.354572>, 0.100000
	pigment { color rgbt <1,0,0,0> }
	no_shadow
}

// particle -1
sphere {
	<26.205439, 34.679722, 35.649590> 0.100000
	pigment { color rgbt <1,0,0,0> }
	no_shadow
}
sphere {
	0, 1
	scale<0.080000,0.200000,0.300000>
	matrix <0.823389, -0.088284, 0.560568,
		0.348394, 0.858389, -0.376549,
		-0.447943, 0.505345, 0.737546,
		26.071056, 34.831326, 35.870853>
	pigment { color rgbt <0,1,1,0> }
	no_shadow
}
cylinder {
	<26.596413, 35.270573, 35.293083>,  <26.384615, 34.477585, 35.354572>, 0.130000
	pigment { color rgbt <1,0,0,0> }
	no_shadow
}

// nucleotide -1

// particle -1
sphere {
	<26.596413, 35.270573, 35.293083> 0.250000
	pigment { color rgbt <1,0,0,0> }
	no_shadow
}
cylinder {
	<26.468414, 35.168766, 35.658119>,  <26.391615, 35.107681, 35.877140>, 0.100000
	pigment { color rgbt <1,0,0,0> }
	no_shadow
}
cylinder {
	<26.468414, 35.168766, 35.658119>,  <26.596413, 35.270573, 35.293083>, 0.100000
	pigment { color rgbt <1,0,0,0> }
	no_shadow
}

// particle -1
sphere {
	<26.468414, 35.168766, 35.658119> 0.100000
	pigment { color rgbt <1,0,0,0> }
	no_shadow
}
sphere {
	0, 1
	scale<0.080000,0.200000,0.300000>
	matrix <0.918910, 0.151143, 0.364362,
		-0.230669, 0.955184, 0.185514,
		-0.319994, -0.254518, 0.912592,
		26.372416, 35.092411, 35.931896>
	pigment { color rgbt <0,1,1,0> }
	no_shadow
}
cylinder {
	<26.670076, 35.808010, 35.875549>,  <26.596413, 35.270573, 35.293083>, 0.130000
	pigment { color rgbt <1,0,0,0> }
	no_shadow
}

// nucleotide -1

// particle -1
sphere {
	<26.670076, 35.808010, 35.875549> 0.250000
	pigment { color rgbt <1,0,0,0> }
	no_shadow
}
cylinder {
	<26.689785, 35.455021, 36.062660>,  <26.701611, 35.243229, 36.174927>, 0.100000
	pigment { color rgbt <1,0,0,0> }
	no_shadow
}
cylinder {
	<26.689785, 35.455021, 36.062660>,  <26.670076, 35.808010, 35.875549>, 0.100000
	pigment { color rgbt <1,0,0,0> }
	no_shadow
}

// particle -1
sphere {
	<26.689785, 35.455021, 36.062660> 0.100000
	pigment { color rgbt <1,0,0,0> }
	no_shadow
}
sphere {
	0, 1
	scale<0.080000,0.200000,0.300000>
	matrix <0.946007, 0.191464, 0.261557,
		-0.320379, 0.429632, 0.844259,
		0.049272, -0.882473, 0.467776,
		26.704567, 35.190281, 36.202991>
	pigment { color rgbt <0,1,1,0> }
	no_shadow
}
cylinder {
	<27.053288, 35.936188, 36.412769>,  <26.670076, 35.808010, 35.875549>, 0.130000
	pigment { color rgbt <1,0,0,0> }
	no_shadow
}

// nucleotide -1

// particle -1
sphere {
	<27.053288, 35.936188, 36.412769> 0.250000
	pigment { color rgbt <1,0,0,0> }
	no_shadow
}
cylinder {
	<27.084131, 35.539413, 36.372520>,  <27.102636, 35.301350, 36.348373>, 0.100000
	pigment { color rgbt <1,0,0,0> }
	no_shadow
}
cylinder {
	<27.084131, 35.539413, 36.372520>,  <27.053288, 35.936188, 36.412769>, 0.100000
	pigment { color rgbt <1,0,0,0> }
	no_shadow
}

// particle -1
sphere {
	<27.084131, 35.539413, 36.372520> 0.100000
	pigment { color rgbt <1,0,0,0> }
	no_shadow
}
sphere {
	0, 1
	scale<0.080000,0.200000,0.300000>
	matrix <0.953285, 0.043786, 0.298884,
		-0.292067, -0.118965, 0.948970,
		0.077108, -0.991932, -0.100619,
		27.107264, 35.241833, 36.342335>
	pigment { color rgbt <0,1,1,0> }
	no_shadow
}
cylinder {
	<27.470722, 35.615898, 37.033245>,  <27.053288, 35.936188, 36.412769>, 0.130000
	pigment { color rgbt <1,0,0,0> }
	no_shadow
}

// nucleotide -1

// particle -1
sphere {
	<27.470722, 35.615898, 37.033245> 0.250000
	pigment { color rgbt <1,0,0,0> }
	no_shadow
}
cylinder {
	<27.526871, 35.385002, 36.711475>,  <27.560560, 35.246464, 36.518414>, 0.100000
	pigment { color rgbt <1,0,0,0> }
	no_shadow
}
cylinder {
	<27.526871, 35.385002, 36.711475>,  <27.470722, 35.615898, 37.033245>, 0.100000
	pigment { color rgbt <1,0,0,0> }
	no_shadow
}

// particle -1
sphere {
	<27.526871, 35.385002, 36.711475> 0.100000
	pigment { color rgbt <1,0,0,0> }
	no_shadow
}
sphere {
	0, 1
	scale<0.080000,0.200000,0.300000>
	matrix <0.979666, -0.036659, 0.197258,
		-0.143354, -0.815752, 0.560355,
		0.140371, -0.577239, -0.804420,
		27.568983, 35.211830, 36.470150>
	pigment { color rgbt <0,1,1,0> }
	no_shadow
}
cylinder {
	<27.825453, 35.037815, 37.246147>,  <27.470722, 35.615898, 37.033245>, 0.130000
	pigment { color rgbt <1,0,0,0> }
	no_shadow
}

// nucleotide -1

// particle -1
sphere {
	<27.825453, 35.037815, 37.246147> 0.250000
	pigment { color rgbt <1,0,0,0> }
	no_shadow
}
cylinder {
	<27.898386, 35.036503, 36.852856>,  <27.942146, 35.035717, 36.616879>, 0.100000
	pigment { color rgbt <1,0,0,0> }
	no_shadow
}
cylinder {
	<27.898386, 35.036503, 36.852856>,  <27.825453, 35.037815, 37.246147>, 0.100000
	pigment { color rgbt <1,0,0,0> }
	no_shadow
}

// particle -1
sphere {
	<27.898386, 35.036503, 36.852856> 0.100000
	pigment { color rgbt <1,0,0,0> }
	no_shadow
}
sphere {
	0, 1
	scale<0.080000,0.200000,0.300000>
	matrix <0.963276, 0.201069, 0.177964,
		0.197113, -0.979572, 0.039822,
		0.182336, -0.003281, -0.983231,
		27.953087, 35.035519, 36.557888>
	pigment { color rgbt <0,1,1,0> }
	no_shadow
}
cylinder {
	<28.466539, 34.601475, 36.988983>,  <27.825453, 35.037815, 37.246147>, 0.130000
	pigment { color rgbt <1,0,0,0> }
	no_shadow
}

// nucleotide -1

// particle -1
sphere {
	<28.466539, 34.601475, 36.988983> 0.250000
	pigment { color rgbt <1,0,0,0> }
	no_shadow
}
cylinder {
	<28.372459, 34.915020, 36.759117>,  <28.316011, 35.103146, 36.621197>, 0.100000
	pigment { color rgbt <1,0,0,0> }
	no_shadow
}
cylinder {
	<28.372459, 34.915020, 36.759117>,  <28.466539, 34.601475, 36.988983>, 0.100000
	pigment { color rgbt <1,0,0,0> }
	no_shadow
}

// particle -1
sphere {
	<28.372459, 34.915020, 36.759117> 0.100000
	pigment { color rgbt <1,0,0,0> }
	no_shadow
}
sphere {
	0, 1
	scale<0.080000,0.200000,0.300000>
	matrix <0.954542, 0.297679, 0.015369,
		0.183114, -0.544930, -0.818242,
		-0.235199, 0.783861, -0.574668,
		28.301899, 35.150177, 36.586716>
	pigment { color rgbt <0,1,1,0> }
	no_shadow
}
cylinder {
	<28.947779, 34.664368, 36.408428>,  <28.466539, 34.601475, 36.988983>, 0.130000
	pigment { color rgbt <1,0,0,0> }
	no_shadow
}

// nucleotide -1

// particle -1
sphere {
	<28.947779, 34.664368, 36.408428> 0.250000
	pigment { color rgbt <1,0,0,0> }
	no_shadow
}
cylinder {
	<28.798990, 35.033337, 36.449959>,  <28.709717, 35.254719, 36.474876>, 0.100000
	pigment { color rgbt <1,0,0,0> }
	no_shadow
}
cylinder {
	<28.798990, 35.033337, 36.449959>,  <28.947779, 34.664368, 36.408428>, 0.100000
	pigment { color rgbt <1,0,0,0> }
	no_shadow
}

// particle -1
sphere {
	<28.798990, 35.033337, 36.449959> 0.100000
	pigment { color rgbt <1,0,0,0> }
	no_shadow
}
sphere {
	0, 1
	scale<0.080000,0.200000,0.300000>
	matrix <0.927462, 0.373917, 0.000784,
		-0.038098, 0.096584, -0.994595,
		-0.371972, 0.922420, 0.103823,
		28.687399, 35.310062, 36.481106>
	pigment { color rgbt <0,1,1,0> }
	no_shadow
}
cylinder {
	<29.258175, 35.203506, 35.890270>,  <28.947779, 34.664368, 36.408428>, 0.130000
	pigment { color rgbt <1,0,0,0> }
	no_shadow
}

// nucleotide -1

// particle -1
sphere {
	<29.258175, 35.203506, 35.890270> 0.250000
	pigment { color rgbt <1,0,0,0> }
	no_shadow
}
cylinder {
	<29.127155, 35.366360, 36.231316>,  <29.048544, 35.464069, 36.435944>, 0.100000
	pigment { color rgbt <1,0,0,0> }
	no_shadow
}
cylinder {
	<29.127155, 35.366360, 36.231316>,  <29.258175, 35.203506, 35.890270>, 0.100000
	pigment { color rgbt <1,0,0,0> }
	no_shadow
}

// particle -1
sphere {
	<29.127155, 35.366360, 36.231316> 0.100000
	pigment { color rgbt <1,0,0,0> }
	no_shadow
}
sphere {
	0, 1
	scale<0.080000,0.200000,0.300000>
	matrix <0.862259, 0.497748, 0.093577,
		-0.386290, 0.765828, -0.514089,
		-0.327551, 0.407130, 0.852617,
		29.028891, 35.488499, 36.487103>
	pigment { color rgbt <0,1,1,0> }
	no_shadow
}
cylinder {
	<29.060226, 35.927177, 35.853600>,  <29.258175, 35.203506, 35.890270>, 0.130000
	pigment { color rgbt <1,0,0,0> }
	no_shadow
}

// nucleotide -1

// particle -1
sphere {
	<29.060226, 35.927177, 35.853600> 0.250000
	pigment { color rgbt <1,0,0,0> }
	no_shadow
}
cylinder {
	<29.210535, 35.764030, 36.186451>,  <29.300720, 35.666142, 36.386162>, 0.100000
	pigment { color rgbt <1,0,0,0> }
	no_shadow
}
cylinder {
	<29.210535, 35.764030, 36.186451>,  <29.060226, 35.927177, 35.853600>, 0.100000
	pigment { color rgbt <1,0,0,0> }
	no_shadow
}

// particle -1
sphere {
	<29.210535, 35.764030, 36.186451> 0.100000
	pigment { color rgbt <1,0,0,0> }
	no_shadow
}
sphere {
	0, 1
	scale<0.080000,0.200000,0.300000>
	matrix <0.811943, 0.577738, -0.083475,
		-0.446706, 0.707009, 0.548262,
		0.375769, -0.407869, 0.832130,
		29.323265, 35.641670, 36.436089>
	pigment { color rgbt <0,1,1,0> }
	no_shadow
}
cylinder {
	<28.453590, 35.556126, 35.594307>,  <29.060226, 35.927177, 35.853600>, 0.130000
	pigment { color rgbt <1,0,0,0> }
	no_shadow
}

// nucleotide -1

// particle -1
sphere {
	<28.453590, 35.556126, 35.594307> 0.250000
	pigment { color rgbt <1,0,0,0> }
	no_shadow
}
cylinder {
	<28.455259, 35.256069, 35.858814>,  <28.456261, 35.076035, 36.017517>, 0.100000
	pigment { color rgbt <1,0,0,0> }
	no_shadow
}
cylinder {
	<28.455259, 35.256069, 35.858814>,  <28.453590, 35.556126, 35.594307>, 0.100000
	pigment { color rgbt <1,0,0,0> }
	no_shadow
}

// particle -1
sphere {
	<28.455259, 35.256069, 35.858814> 0.100000
	pigment { color rgbt <1,0,0,0> }
	no_shadow
}
sphere {
	0, 1
	scale<0.080000,0.200000,0.300000>
	matrix <-0.961246, -0.185299, -0.204134,
		0.275661, -0.634789, -0.721841,
		0.004174, -0.750138, 0.661268,
		28.456512, 35.031029, 36.057194>
	pigment { color rgbt <0,1,1,0> }
	no_shadow
}
cylinder {
	<28.132202, 34.946819, 35.265076>,  <28.453590, 35.556126, 35.594307>, 0.130000
	pigment { color rgbt <1,0,0,0> }
	no_shadow
}

// nucleotide -1

// particle -1
sphere {
	<28.132202, 34.946819, 35.265076> 0.250000
	pigment { color rgbt <1,0,0,0> }
	no_shadow
}
cylinder {
	<28.082392, 34.970596, 35.661251>,  <28.052505, 34.984863, 35.898956>, 0.100000
	pigment { color rgbt <1,0,0,0> }
	no_shadow
}
cylinder {
	<28.082392, 34.970596, 35.661251>,  <28.132202, 34.946819, 35.265076>, 0.100000
	pigment { color rgbt <1,0,0,0> }
	no_shadow
}

// particle -1
sphere {
	<28.082392, 34.970596, 35.661251> 0.100000
	pigment { color rgbt <1,0,0,0> }
	no_shadow
}
sphere {
	0, 1
	scale<0.080000,0.200000,0.300000>
	matrix <-0.963629, -0.245128, -0.106446,
		0.236455, -0.967667, 0.087805,
		-0.124528, 0.059442, 0.990434,
		28.045033, 34.988430, 35.958382>
	pigment { color rgbt <0,1,1,0> }
	no_shadow
}
cylinder {
	<27.814518, 34.343037, 35.544197>,  <28.132202, 34.946819, 35.265076>, 0.130000
	pigment { color rgbt <1,0,0,0> }
	no_shadow
}

// nucleotide -1

// particle -1
sphere {
	<27.814518, 34.343037, 35.544197> 0.250000
	pigment { color rgbt <1,0,0,0> }
	no_shadow
}
cylinder {
	<27.715431, 34.619648, 35.815617>,  <27.655979, 34.785614, 35.978470>, 0.100000
	pigment { color rgbt <1,0,0,0> }
	no_shadow
}
cylinder {
	<27.715431, 34.619648, 35.815617>,  <27.814518, 34.343037, 35.544197>, 0.100000
	pigment { color rgbt <1,0,0,0> }
	no_shadow
}

// particle -1
sphere {
	<27.715431, 34.619648, 35.815617> 0.100000
	pigment { color rgbt <1,0,0,0> }
	no_shadow
}
sphere {
	0, 1
	scale<0.080000,0.200000,0.300000>
	matrix <-0.938326, -0.345617, 0.009677,
		0.241210, -0.634302, 0.734492,
		-0.247715, 0.691527, 0.678548,
		27.641117, 34.827106, 36.019180>
	pigment { color rgbt <0,1,1,0> }
	no_shadow
}
cylinder {
	<27.292969, 34.014511, 35.979084>,  <27.814518, 34.343037, 35.544197>, 0.130000
	pigment { color rgbt <1,0,0,0> }
	no_shadow
}

// nucleotide -1

// particle -1
sphere {
	<27.292969, 34.014511, 35.979084> 0.250000
	pigment { color rgbt <1,0,0,0> }
	no_shadow
}
cylinder {
	<27.229725, 34.393368, 36.090740>,  <27.191778, 34.620682, 36.157734>, 0.100000
	pigment { color rgbt <1,0,0,0> }
	no_shadow
}
cylinder {
	<27.229725, 34.393368, 36.090740>,  <27.292969, 34.014511, 35.979084>, 0.100000
	pigment { color rgbt <1,0,0,0> }
	no_shadow
}

// particle -1
sphere {
	<27.229725, 34.393368, 36.090740> 0.100000
	pigment { color rgbt <1,0,0,0> }
	no_shadow
}
sphere {
	0, 1
	scale<0.080000,0.200000,0.300000>
	matrix <-0.983743, -0.175472, 0.038187,
		0.085150, -0.268562, 0.959491,
		-0.158109, 0.947146, 0.279138,
		27.182293, 34.677513, 36.174480>
	pigment { color rgbt <0,1,1,0> }
	no_shadow
}
cylinder {
	<26.676479, 33.912533, 36.400017>,  <27.292969, 34.014511, 35.979084>, 0.130000
	pigment { color rgbt <1,0,0,0> }
	no_shadow
}

// nucleotide -1

// particle -1
sphere {
	<26.676479, 33.912533, 36.400017> 0.250000
	pigment { color rgbt <1,0,0,0> }
	no_shadow
}
cylinder {
	<26.698112, 34.304592, 36.323711>,  <26.711092, 34.539825, 36.277927>, 0.100000
	pigment { color rgbt <1,0,0,0> }
	no_shadow
}
cylinder {
	<26.698112, 34.304592, 36.323711>,  <26.676479, 33.912533, 36.400017>, 0.100000
	pigment { color rgbt <1,0,0,0> }
	no_shadow
}

// particle -1
sphere {
	<26.698112, 34.304592, 36.323711> 0.100000
	pigment { color rgbt <1,0,0,0> }
	no_shadow
}
sphere {
	0, 1
	scale<0.080000,0.200000,0.300000>
	matrix <-0.987291, 0.023901, -0.157118,
		-0.149439, 0.196832, 0.968982,
		0.054085, 0.980146, -0.190759,
		26.714338, 34.598637, 36.266483>
	pigment { color rgbt <0,1,1,0> }
	no_shadow
}
cylinder {
	<26.569563, 34.489784, 37.102238>,  <26.676479, 33.912533, 36.400017>, 0.130000
	pigment { color rgbt <1,0,0,0> }
	no_shadow
}

// nucleotide -1

// particle -1
sphere {
	<26.569563, 34.489784, 37.102238> 0.250000
	pigment { color rgbt <1,0,0,0> }
	no_shadow
}
cylinder {
	<26.548653, 34.797169, 36.847137>,  <26.536106, 34.981602, 36.694077>, 0.100000
	pigment { color rgbt <1,0,0,0> }
	no_shadow
}
cylinder {
	<26.548653, 34.797169, 36.847137>,  <26.569563, 34.489784, 37.102238>, 0.100000
	pigment { color rgbt <1,0,0,0> }
	no_shadow
}

// particle -1
sphere {
	<26.548653, 34.797169, 36.847137> 0.100000
	pigment { color rgbt <1,0,0,0> }
	no_shadow
}
sphere {
	0, 1
	scale<0.080000,0.200000,0.300000>
	matrix <-0.875576, -0.342388, -0.340790,
		-0.480244, 0.540588, 0.690747,
		-0.052276, 0.768463, -0.637755,
		26.532970, 35.027706, 36.655811>
	pigment { color rgbt <0,1,1,0> }
	no_shadow
}
cylinder {
	<25.913130, 34.936951, 37.206017>,  <26.569563, 34.489784, 37.102238>, 0.130000
	pigment { color rgbt <1,0,0,0> }
	no_shadow
}

// nucleotide -1

// particle -1
sphere {
	<25.913130, 34.936951, 37.206017> 0.250000
	pigment { color rgbt <1,0,0,0> }
	no_shadow
}
cylinder {
	<26.055344, 34.970020, 36.833618>,  <26.140673, 34.989864, 36.610180>, 0.100000
	pigment { color rgbt <1,0,0,0> }
	no_shadow
}
cylinder {
	<26.055344, 34.970020, 36.833618>,  <25.913130, 34.936951, 37.206017>, 0.100000
	pigment { color rgbt <1,0,0,0> }
	no_shadow
}

// particle -1
sphere {
	<26.055344, 34.970020, 36.833618> 0.100000
	pigment { color rgbt <1,0,0,0> }
	no_shadow
}
sphere {
	0, 1
	scale<0.080000,0.200000,0.300000>
	matrix <-0.926544, -0.099833, -0.362699,
		-0.122931, 0.991563, 0.041110,
		0.355535, 0.082677, -0.930999,
		26.162004, 34.994823, 36.554317>
	pigment { color rgbt <0,1,1,0> }
	no_shadow
}
cylinder {
	<25.511028, 35.427288, 36.859795>,  <25.913130, 34.936951, 37.206017>, 0.130000
	pigment { color rgbt <1,0,0,0> }
	no_shadow
}

// nucleotide -1

// particle -1
sphere {
	<25.511028, 35.427288, 36.859795> 0.250000
	pigment { color rgbt <1,0,0,0> }
	no_shadow
}
cylinder {
	<25.664406, 35.204483, 36.565121>,  <25.756432, 35.070801, 36.388317>, 0.100000
	pigment { color rgbt <1,0,0,0> }
	no_shadow
}
cylinder {
	<25.664406, 35.204483, 36.565121>,  <25.511028, 35.427288, 36.859795>, 0.100000
	pigment { color rgbt <1,0,0,0> }
	no_shadow
}

// particle -1
sphere {
	<25.664406, 35.204483, 36.565121> 0.100000
	pigment { color rgbt <1,0,0,0> }
	no_shadow
}
sphere {
	0, 1
	scale<0.080000,0.200000,0.300000>
	matrix <-0.888300, -0.004117, -0.459245,
		0.252772, 0.830494, -0.496373,
		0.383444, -0.557012, -0.736687,
		25.779440, 35.037380, 36.344116>
	pigment { color rgbt <0,1,1,0> }
	no_shadow
}
cylinder {
	<25.356960, 35.891666, 36.367245>,  <25.511028, 35.427288, 36.859795>, 0.130000
	pigment { color rgbt <1,0,0,0> }
	no_shadow
}

// nucleotide -1

// particle -1
sphere {
	<25.356960, 35.891666, 36.367245> 0.250000
	pigment { color rgbt <1,0,0,0> }
	no_shadow
}
cylinder {
	<25.428650, 35.529221, 36.213966>,  <25.471664, 35.311752, 36.121998>, 0.100000
	pigment { color rgbt <1,0,0,0> }
	no_shadow
}
cylinder {
	<25.428650, 35.529221, 36.213966>,  <25.356960, 35.891666, 36.367245>, 0.100000
	pigment { color rgbt <1,0,0,0> }
	no_shadow
}

// particle -1
sphere {
	<25.428650, 35.529221, 36.213966> 0.100000
	pigment { color rgbt <1,0,0,0> }
	no_shadow
}
sphere {
	0, 1
	scale<0.080000,0.200000,0.300000>
	matrix <-0.873444, 0.032692, -0.485827,
		0.452741, 0.421772, -0.785579,
		0.179226, -0.906113, -0.383195,
		25.482418, 35.257385, 36.099007>
	pigment { color rgbt <0,1,1,0> }
	no_shadow
}
cylinder {
	<25.312586, 35.697144, 35.620682>,  <25.356960, 35.891666, 36.367245>, 0.130000
	pigment { color rgbt <1,0,0,0> }
	no_shadow
}

// nucleotide -1

// particle -1
sphere {
	<25.312586, 35.697144, 35.620682> 0.250000
	pigment { color rgbt <1,0,0,0> }
	no_shadow
}
cylinder {
	<25.183399, 35.362930, 35.798477>,  <25.105888, 35.162403, 35.905155>, 0.100000
	pigment { color rgbt <1,0,0,0> }
	no_shadow
}
cylinder {
	<25.183399, 35.362930, 35.798477>,  <25.312586, 35.697144, 35.620682>, 0.100000
	pigment { color rgbt <1,0,0,0> }
	no_shadow
}

// particle -1
sphere {
	<25.183399, 35.362930, 35.798477> 0.100000
	pigment { color rgbt <1,0,0,0> }
	no_shadow
}
sphere {
	0, 1
	scale<0.080000,0.200000,0.300000>
	matrix <-0.925832, 0.181524, -0.331487,
		0.196286, -0.518577, -0.832196,
		-0.322965, -0.835540, 0.444485,
		25.086510, 35.112270, 35.931824>
	pigment { color rgbt <0,1,1,0> }
	no_shadow
}
cylinder {
	<25.903147, 35.959686, 35.191814>,  <25.312586, 35.697144, 35.620682>, 0.130000
	pigment { color rgbt <1,0,0,0> }
	no_shadow
}

// nucleotide -1

// particle -1
sphere {
	<25.903147, 35.959686, 35.191814> 0.250000
	pigment { color rgbt <1,0,0,0> }
	no_shadow
}
cylinder {
	<25.878544, 35.563705, 35.242741>,  <25.863781, 35.326118, 35.273296>, 0.100000
	pigment { color rgbt <1,0,0,0> }
	no_shadow
}
cylinder {
	<25.878544, 35.563705, 35.242741>,  <25.903147, 35.959686, 35.191814>, 0.100000
	pigment { color rgbt <1,0,0,0> }
	no_shadow
}

// particle -1
sphere {
	<25.878544, 35.563705, 35.242741> 0.100000
	pigment { color rgbt <1,0,0,0> }
	no_shadow
}
sphere {
	0, 1
	scale<0.080000,0.200000,0.300000>
	matrix <-0.821346, -0.022274, -0.569995,
		0.567105, -0.139630, -0.811724,
		-0.061508, -0.989953, 0.127316,
		25.860092, 35.266720, 35.280937>
	pigment { color rgbt <0,1,1,0> }
	no_shadow
}
cylinder {
	<25.595793, 35.648071, 34.604046>,  <25.903147, 35.959686, 35.191814>, 0.130000
	pigment { color rgbt <1,0,0,0> }
	no_shadow
}

// nucleotide -1

// particle -1
sphere {
	<25.595793, 35.648071, 34.604046> 0.250000
	pigment { color rgbt <1,0,0,0> }
	no_shadow
}
cylinder {
	<25.556583, 35.345749, 34.863014>,  <25.533058, 35.164356, 35.018394>, 0.100000
	pigment { color rgbt <1,0,0,0> }
	no_shadow
}
cylinder {
	<25.556583, 35.345749, 34.863014>,  <25.595793, 35.648071, 34.604046>, 0.100000
	pigment { color rgbt <1,0,0,0> }
	no_shadow
}

// particle -1
sphere {
	<25.556583, 35.345749, 34.863014> 0.100000
	pigment { color rgbt <1,0,0,0> }
	no_shadow
}
sphere {
	0, 1
	scale<0.080000,0.200000,0.300000>
	matrix <-0.779081, -0.346502, -0.522465,
		0.619213, -0.555607, -0.554866,
		-0.098024, -0.755802, 0.647421,
		25.527176, 35.119007, 35.057240>
	pigment { color rgbt <0,1,1,0> }
	no_shadow
}
cylinder {
	<25.609140, 35.065380, 34.256069>,  <25.595793, 35.648071, 34.604046>, 0.130000
	pigment { color rgbt <1,0,0,0> }
	no_shadow
}

// nucleotide -1

// particle -1
sphere {
	<25.609140, 35.065380, 34.256069> 0.250000
	pigment { color rgbt <1,0,0,0> }
	no_shadow
}
cylinder {
	<25.416725, 34.930321, 34.579697>,  <25.301275, 34.849285, 34.773872>, 0.100000
	pigment { color rgbt <1,0,0,0> }
	no_shadow
}
cylinder {
	<25.416725, 34.930321, 34.579697>,  <25.609140, 35.065380, 34.256069>, 0.100000
	pigment { color rgbt <1,0,0,0> }
	no_shadow
}

// particle -1
sphere {
	<25.416725, 34.930321, 34.579697> 0.100000
	pigment { color rgbt <1,0,0,0> }
	no_shadow
}
sphere {
	0, 1
	scale<0.080000,0.200000,0.300000>
	matrix <-0.678715, -0.440724, -0.587459,
		0.554931, -0.831719, -0.017162,
		-0.481037, -0.337647, 0.809072,
		25.272413, 34.829025, 34.822418>
	pigment { color rgbt <0,1,1,0> }
	no_shadow
}
cylinder {
	<25.470009, 34.370525, 34.070778>,  <25.609140, 35.065380, 34.256069>, 0.130000
	pigment { color rgbt <1,0,0,0> }
	no_shadow
}

// nucleotide -1

// particle -1
sphere {
	<25.470009, 34.370525, 34.070778> 0.250000
	pigment { color rgbt <1,0,0,0> }
	no_shadow
}
cylinder {
	<25.218418, 34.488483, 34.358505>,  <25.067463, 34.559258, 34.531143>, 0.100000
	pigment { color rgbt <1,0,0,0> }
	no_shadow
}
cylinder {
	<25.218418, 34.488483, 34.358505>,  <25.470009, 34.370525, 34.070778>, 0.100000
	pigment { color rgbt <1,0,0,0> }
	no_shadow
}

// particle -1
sphere {
	<25.218418, 34.488483, 34.358505> 0.100000
	pigment { color rgbt <1,0,0,0> }
	no_shadow
}
sphere {
	0, 1
	scale<0.080000,0.200000,0.300000>
	matrix <-0.743143, -0.499795, -0.444908,
		0.228312, -0.814396, 0.533510,
		-0.628977, 0.294896, 0.719322,
		25.029724, 34.576954, 34.574303>
	pigment { color rgbt <0,1,1,0> }
	no_shadow
}
cylinder {
	<25.990534, 34.073524, 33.572159>,  <25.470009, 34.370525, 34.070778>, 0.130000
	pigment { color rgbt <1,0,0,0> }
	no_shadow
}

// nucleotide -1

// particle -1
sphere {
	<25.990534, 34.073524, 33.572159> 0.250000
	pigment { color rgbt <1,0,0,0> }
	no_shadow
}
cylinder {
	<26.354649, 34.218056, 33.652977>,  <26.573116, 34.304775, 33.701466>, 0.100000
	pigment { color rgbt <1,0,0,0> }
	no_shadow
}
cylinder {
	<26.354649, 34.218056, 33.652977>,  <25.990534, 34.073524, 33.572159>, 0.100000
	pigment { color rgbt <1,0,0,0> }
	no_shadow
}

// particle -1
sphere {
	<26.354649, 34.218056, 33.652977> 0.100000
	pigment { color rgbt <1,0,0,0> }
	no_shadow
}
sphere {
	0, 1
	scale<0.080000,0.200000,0.300000>
	matrix <-0.074351, 0.622807, -0.778834,
		-0.407250, 0.693939, 0.593797,
		0.910285, 0.361330, 0.202043,
		26.627735, 34.326454, 33.713589>
	pigment { color rgbt <0,1,1,0> }
	no_shadow
}
cylinder {
	<25.886980, 34.753845, 33.568264>,  <25.990534, 34.073524, 33.572159>, 0.130000
	pigment { color rgbt <1,0,0,0> }
	no_shadow
}

// nucleotide -1

// particle -1
sphere {
	<25.886980, 34.753845, 33.568264> 0.250000
	pigment { color rgbt <1,0,0,0> }
	no_shadow
}
cylinder {
	<26.282457, 34.705166, 33.533230>,  <26.519745, 34.675957, 33.512207>, 0.100000
	pigment { color rgbt <1,0,0,0> }
	no_shadow
}
cylinder {
	<26.282457, 34.705166, 33.533230>,  <25.886980, 34.753845, 33.568264>, 0.100000
	pigment { color rgbt <1,0,0,0> }
	no_shadow
}

// particle -1
sphere {
	<26.282457, 34.705166, 33.533230> 0.100000
	pigment { color rgbt <1,0,0,0> }
	no_shadow
}
sphere {
	0, 1
	scale<0.080000,0.200000,0.300000>
	matrix <0.042415, 0.787280, -0.615136,
		0.143819, 0.604466, 0.783541,
		0.988695, -0.121701, -0.087587,
		26.579065, 34.668655, 33.506954>
	pigment { color rgbt <0,1,1,0> }
	no_shadow
}
cylinder {
	<26.143621, 35.395573, 33.633205>,  <25.886980, 34.753845, 33.568264>, 0.130000
	pigment { color rgbt <1,0,0,0> }
	no_shadow
}

// nucleotide -1

// particle -1
sphere {
	<26.143621, 35.395573, 33.633205> 0.250000
	pigment { color rgbt <1,0,0,0> }
	no_shadow
}
cylinder {
	<26.452841, 35.220818, 33.449234>,  <26.638372, 35.115967, 33.338852>, 0.100000
	pigment { color rgbt <1,0,0,0> }
	no_shadow
}
cylinder {
	<26.452841, 35.220818, 33.449234>,  <26.143621, 35.395573, 33.633205>, 0.100000
	pigment { color rgbt <1,0,0,0> }
	no_shadow
}

// particle -1
sphere {
	<26.452841, 35.220818, 33.449234> 0.100000
	pigment { color rgbt <1,0,0,0> }
	no_shadow
}
sphere {
	0, 1
	scale<0.080000,0.200000,0.300000>
	matrix <0.067901, 0.777859, -0.624759,
		0.630705, 0.451739, 0.630986,
		0.773046, -0.436883, -0.459926,
		26.684755, 35.089752, 33.311256>
	pigment { color rgbt <0,1,1,0> }
	no_shadow
}
cylinder {
	<26.655485, 35.835304, 33.558029>,  <26.143621, 35.395573, 33.633205>, 0.130000
	pigment { color rgbt <1,0,0,0> }
	no_shadow
}

// nucleotide -1

// particle -1
sphere {
	<26.655485, 35.835304, 33.558029> 0.250000
	pigment { color rgbt <1,0,0,0> }
	no_shadow
}
cylinder {
	<26.754879, 35.563873, 33.281540>,  <26.814516, 35.401016, 33.115646>, 0.100000
	pigment { color rgbt <1,0,0,0> }
	no_shadow
}
cylinder {
	<26.754879, 35.563873, 33.281540>,  <26.655485, 35.835304, 33.558029>, 0.100000
	pigment { color rgbt <1,0,0,0> }
	no_shadow
}

// particle -1
sphere {
	<26.754879, 35.563873, 33.281540> 0.100000
	pigment { color rgbt <1,0,0,0> }
	no_shadow
}
sphere {
	0, 1
	scale<0.080000,0.200000,0.300000>
	matrix <0.060315, 0.723058, -0.688150,
		0.966756, 0.129305, 0.220598,
		0.248486, -0.678578, -0.691221,
		26.829426, 35.360298, 33.074173>
	pigment { color rgbt <0,1,1,0> }
	no_shadow
}
cylinder {
	<27.192717, 36.195049, 33.155449>,  <26.655485, 35.835304, 33.558029>, 0.130000
	pigment { color rgbt <1,0,0,0> }
	no_shadow
}

// nucleotide -1

// particle -1
sphere {
	<27.192717, 36.195049, 33.155449> 0.250000
	pigment { color rgbt <1,0,0,0> }
	no_shadow
}
cylinder {
	<27.035402, 35.918804, 32.912674>,  <26.941013, 35.753056, 32.767010>, 0.100000
	pigment { color rgbt <1,0,0,0> }
	no_shadow
}
cylinder {
	<27.035402, 35.918804, 32.912674>,  <27.192717, 36.195049, 33.155449>, 0.100000
	pigment { color rgbt <1,0,0,0> }
	no_shadow
}

// particle -1
sphere {
	<27.035402, 35.918804, 32.912674> 0.100000
	pigment { color rgbt <1,0,0,0> }
	no_shadow
}
sphere {
	0, 1
	scale<0.080000,0.200000,0.300000>
	matrix <-0.022963, 0.667309, -0.744427,
		0.919130, -0.278835, -0.278302,
		-0.393286, -0.690615, -0.606941,
		26.917416, 35.711620, 32.730591>
	pigment { color rgbt <0,1,1,0> }
	no_shadow
}
cylinder {
	<27.562468, 36.241936, 32.461800>,  <27.192717, 36.195049, 33.155449>, 0.130000
	pigment { color rgbt <1,0,0,0> }
	no_shadow
}

// nucleotide -1

// particle -1
sphere {
	<27.562468, 36.241936, 32.461800> 0.250000
	pigment { color rgbt <1,0,0,0> }
	no_shadow
}
cylinder {
	<27.197031, 36.082016, 32.432095>,  <26.977770, 35.986065, 32.414272>, 0.100000
	pigment { color rgbt <1,0,0,0> }
	no_shadow
}
cylinder {
	<27.197031, 36.082016, 32.432095>,  <27.562468, 36.241936, 32.461800>, 0.100000
	pigment { color rgbt <1,0,0,0> }
	no_shadow
}

// particle -1
sphere {
	<27.197031, 36.082016, 32.432095> 0.100000
	pigment { color rgbt <1,0,0,0> }
	no_shadow
}
sphere {
	0, 1
	scale<0.080000,0.200000,0.300000>
	matrix <-0.164748, 0.530872, -0.831284,
		0.371769, -0.747218, -0.550866,
		-0.913590, -0.399799, -0.074259,
		26.922955, 35.962078, 32.409817>
	pigment { color rgbt <0,1,1,0> }
	no_shadow
}
cylinder {
	<27.341492, 36.574081, 31.864197>,  <27.562468, 36.241936, 32.461800>, 0.130000
	pigment { color rgbt <1,0,0,0> }
	no_shadow
}

// nucleotide -1

// particle -1
sphere {
	<27.341492, 36.574081, 31.864197> 0.250000
	pigment { color rgbt <1,0,0,0> }
	no_shadow
}
cylinder {
	<27.053778, 36.313763, 31.961430>,  <26.881149, 36.157570, 32.019768>, 0.100000
	pigment { color rgbt <1,0,0,0> }
	no_shadow
}
cylinder {
	<27.053778, 36.313763, 31.961430>,  <27.341492, 36.574081, 31.864197>, 0.100000
	pigment { color rgbt <1,0,0,0> }
	no_shadow
}

// particle -1
sphere {
	<27.053778, 36.313763, 31.961430> 0.100000
	pigment { color rgbt <1,0,0,0> }
	no_shadow
}
sphere {
	0, 1
	scale<0.080000,0.200000,0.300000>
	matrix <-0.456268, 0.178686, -0.871717,
		0.523875, -0.737926, -0.425465,
		-0.719287, -0.650797, 0.243083,
		26.837992, 36.118523, 32.034355>
	pigment { color rgbt <0,1,1,0> }
	no_shadow
}
cylinder {
	<27.691128, 35.923904, 31.691456>,  <27.341492, 36.574081, 31.864197>, 0.130000
	pigment { color rgbt <1,0,0,0> }
	no_shadow
}

// nucleotide -1

// particle -1
sphere {
	<27.691128, 35.923904, 31.691456> 0.250000
	pigment { color rgbt <1,0,0,0> }
	no_shadow
}
cylinder {
	<27.341644, 35.770638, 31.811333>,  <27.131954, 35.678677, 31.883259>, 0.100000
	pigment { color rgbt <1,0,0,0> }
	no_shadow
}
cylinder {
	<27.341644, 35.770638, 31.811333>,  <27.691128, 35.923904, 31.691456>, 0.100000
	pigment { color rgbt <1,0,0,0> }
	no_shadow
}

// particle -1
sphere {
	<27.341644, 35.770638, 31.811333> 0.100000
	pigment { color rgbt <1,0,0,0> }
	no_shadow
}
sphere {
	0, 1
	scale<0.080000,0.200000,0.300000>
	matrix <-0.437384, 0.349165, -0.828721,
		0.212895, -0.855142, -0.472660,
		-0.873711, -0.383164, 0.299690,
		27.079531, 35.655689, 31.901239>
	pigment { color rgbt <0,1,1,0> }
	no_shadow
}
cylinder {
	<27.436022, 35.534817, 31.155092>,  <27.691128, 35.923904, 31.691456>, 0.130000
	pigment { color rgbt <1,0,0,0> }
	no_shadow
}

// nucleotide -1

// particle -1
sphere {
	<27.436022, 35.534817, 31.155092> 0.250000
	pigment { color rgbt <1,0,0,0> }
	no_shadow
}
cylinder {
	<27.115675, 35.628544, 31.375532>,  <26.923468, 35.684780, 31.507795>, 0.100000
	pigment { color rgbt <1,0,0,0> }
	no_shadow
}
cylinder {
	<27.115675, 35.628544, 31.375532>,  <27.436022, 35.534817, 31.155092>, 0.100000
	pigment { color rgbt <1,0,0,0> }
	no_shadow
}

// particle -1
sphere {
	<27.115675, 35.628544, 31.375532> 0.100000
	pigment { color rgbt <1,0,0,0> }
	no_shadow
}
sphere {
	0, 1
	scale<0.080000,0.200000,0.300000>
	matrix <-0.367004, 0.535142, -0.760875,
		-0.473205, -0.811613, -0.342580,
		-0.800865, 0.234322, 0.551098,
		26.875416, 35.698841, 31.540861>
	pigment { color rgbt <0,1,1,0> }
	no_shadow
}
cylinder {
	<26.943510, 35.631493, 30.678698>,  <27.436022, 35.534817, 31.155092>, 0.130000
	pigment { color rgbt <1,0,0,0> }
	no_shadow
}

// nucleotide -1

// particle -1
sphere {
	<26.943510, 35.631493, 30.678698> 0.250000
	pigment { color rgbt <1,0,0,0> }
	no_shadow
}
cylinder {
	<26.761518, 35.803303, 30.990725>,  <26.652323, 35.906387, 31.177940>, 0.100000
	pigment { color rgbt <1,0,0,0> }
	no_shadow
}
cylinder {
	<26.761518, 35.803303, 30.990725>,  <26.943510, 35.631493, 30.678698>, 0.100000
	pigment { color rgbt <1,0,0,0> }
	no_shadow
}

// particle -1
sphere {
	<26.761518, 35.803303, 30.990725> 0.100000
	pigment { color rgbt <1,0,0,0> }
	no_shadow
}
sphere {
	0, 1
	scale<0.080000,0.200000,0.300000>
	matrix <-0.510761, 0.591701, -0.623709,
		-0.729463, -0.682203, -0.049828,
		-0.454980, 0.429523, 0.780067,
		26.625025, 35.932159, 31.224745>
	pigment { color rgbt <0,1,1,0> }
	no_shadow
}
cylinder {
	<26.151134, 35.680767, 30.574255>,  <26.943510, 35.631493, 30.678698>, 0.130000
	pigment { color rgbt <1,0,0,0> }
	no_shadow
}

// nucleotide -1

// particle -1
sphere {
	<26.151134, 35.680767, 30.574255> 0.250000
	pigment { color rgbt <1,0,0,0> }
	no_shadow
}
cylinder {
	<26.329496, 35.957592, 30.801313>,  <26.436514, 36.123688, 30.937550>, 0.100000
	pigment { color rgbt <1,0,0,0> }
	no_shadow
}
cylinder {
	<26.329496, 35.957592, 30.801313>,  <26.151134, 35.680767, 30.574255>, 0.100000
	pigment { color rgbt <1,0,0,0> }
	no_shadow
}

// particle -1
sphere {
	<26.329496, 35.957592, 30.801313> 0.100000
	pigment { color rgbt <1,0,0,0> }
	no_shadow
}
sphere {
	0, 1
	scale<0.080000,0.200000,0.300000>
	matrix <-0.389685, 0.721026, -0.572946,
		-0.805802, 0.034274, 0.591193,
		0.445902, 0.692060, 0.567648,
		26.463266, 36.165211, 30.971607>
	pigment { color rgbt <0,1,1,0> }
	no_shadow
}
cylinder {
	<25.702595, 36.129498, 30.884203>,  <26.151134, 35.680767, 30.574255>, 0.130000
	pigment { color rgbt <1,0,0,0> }
	no_shadow
}

// nucleotide -1

// particle -1
sphere {
	<25.702595, 36.129498, 30.884203> 0.250000
	pigment { color rgbt <1,0,0,0> }
	no_shadow
}
cylinder {
	<26.062704, 36.283489, 30.802917>,  <26.278770, 36.375885, 30.754147>, 0.100000
	pigment { color rgbt <1,0,0,0> }
	no_shadow
}
cylinder {
	<26.062704, 36.283489, 30.802917>,  <25.702595, 36.129498, 30.884203>, 0.100000
	pigment { color rgbt <1,0,0,0> }
	no_shadow
}

// particle -1
sphere {
	<26.062704, 36.283489, 30.802917> 0.100000
	pigment { color rgbt <1,0,0,0> }
	no_shadow
}
sphere {
	0, 1
	scale<0.080000,0.200000,0.300000>
	matrix <-0.427531, 0.693973, -0.579326,
		-0.082005, 0.608432, 0.789358,
		0.900274, 0.384982, -0.203214,
		26.332787, 36.398983, 30.741953>
	pigment { color rgbt <0,1,1,0> }
	no_shadow
}
cylinder {
	<25.729952, 36.889412, 30.927483>,  <25.702595, 36.129498, 30.884203>, 0.130000
	pigment { color rgbt <1,0,0,0> }
	no_shadow
}

// nucleotide -1

// particle -1
sphere {
	<25.729952, 36.889412, 30.927483> 0.250000
	pigment { color rgbt <1,0,0,0> }
	no_shadow
}
cylinder {
	<26.003977, 36.795135, 30.651760>,  <26.168392, 36.738567, 30.486326>, 0.100000
	pigment { color rgbt <1,0,0,0> }
	no_shadow
}
cylinder {
	<26.003977, 36.795135, 30.651760>,  <25.729952, 36.889412, 30.927483>, 0.100000
	pigment { color rgbt <1,0,0,0> }
	no_shadow
}

// particle -1
sphere {
	<26.003977, 36.795135, 30.651760> 0.100000
	pigment { color rgbt <1,0,0,0> }
	no_shadow
}
sphere {
	0, 1
	scale<0.080000,0.200000,0.300000>
	matrix <-0.448405, 0.609295, -0.653982,
		0.574130, 0.757105, 0.311717,
		0.685061, -0.235695, -0.689304,
		26.209496, 36.724426, 30.444969>
	pigment { color rgbt <0,1,1,0> }
	no_shadow
}
cylinder {
	<25.880613, 36.924400, 31.625925>,  <25.729952, 36.889412, 30.927483>, 0.130000
	pigment { color rgbt <1,0,0,0> }
	no_shadow
}

// nucleotide -1

// particle -1
sphere {
	<25.880613, 36.924400, 31.625925> 0.250000
	pigment { color rgbt <1,0,0,0> }
	no_shadow
}
cylinder {
	<25.999216, 36.605560, 31.415508>,  <26.070377, 36.414257, 31.289257>, 0.100000
	pigment { color rgbt <1,0,0,0> }
	no_shadow
}
cylinder {
	<25.999216, 36.605560, 31.415508>,  <25.880613, 36.924400, 31.625925>, 0.100000
	pigment { color rgbt <1,0,0,0> }
	no_shadow
}

// particle -1
sphere {
	<25.999216, 36.605560, 31.415508> 0.100000
	pigment { color rgbt <1,0,0,0> }
	no_shadow
}
sphere {
	0, 1
	scale<0.080000,0.200000,0.300000>
	matrix <0.292170, -0.448696, 0.844576,
