// switches for output
#declare DRAW_BASES = 1; // possible values are 0, 1; only relevant for DNA ribbons
#declare DRAW_BASES_TYPE = 3; // possible values are 1, 2, 3; only relevant for DNA ribbons
#declare DRAW_FOG = 0; // set to 1 to enable fog

#include "colors.inc"

#include "transforms.inc"
background { rgb <1, 1, 1>}

#default {
   normal{
       ripples 0.25
       frequency 0.20
       turbulence 0.2
       lambda 5
   }
	finish {
		phong 0.1
		phong_size 40.
	}
}

// original window dimensions: 1024x640


// camera settings

camera {
	sky <0, 0.179814, -0.983701>
	up <0, 0.179814, -0.983701>
	right 1.6 * <1, 0, 0>
	location <35, 94.9851, 44.8844>
	look_at <35, 29.7336, 32.9568>
	direction <0, -65.2515, -11.9276>
	angle 67.0682
}


# declare cpy_camera_pos = <35, 94.9851, 44.8844>;
# if (DRAW_FOG = 1)
fog {
	fog_type 2
	up vnormalize(cpy_camera_pos)
	color rgbt<1,1,1,0.3>
	distance 1e-5
	fog_alt 3e-3
	fog_offset 56
}
# end


// LIGHTS

# declare lum = 6;
global_settings {
	ambient_light rgb lum * <0.05, 0.05, 0.05>
	max_trace_level 15
}# declare cpy_direct_light_amount = 0.25;
light_source
{	1000 * <-1, -1.16352, -0.803886>,
	rgb lum * cpy_direct_light_amount
	parallel
}

light_source
{	1000 * <1, 1.16352, 0.803886>,
	rgb lum * cpy_direct_light_amount
	parallel
}

// strand 0

// nucleotide -1

// particle -1
sphere {
	<24.033373, 34.792278, 35.278370> 0.250000
	pigment { color rgbt <1,0,0,0> }
	no_shadow
}
cylinder {
	<24.241795, 34.774097, 34.937447>,  <24.366848, 34.763187, 34.732891>, 0.100000
	pigment { color rgbt <1,0,0,0> }
	no_shadow
}
cylinder {
	<24.241795, 34.774097, 34.937447>,  <24.033373, 34.792278, 35.278370>, 0.100000
	pigment { color rgbt <1,0,0,0> }
	no_shadow
}

// particle -1
sphere {
	<24.241795, 34.774097, 34.937447> 0.100000
	pigment { color rgbt <1,0,0,0> }
	no_shadow
}
sphere {
	0, 1
	scale<0.080000,0.200000,0.300000>
	matrix <0.361338, -0.892934, 0.268521,
		-0.773263, -0.447887, -0.448846,
		0.521056, -0.045452, -0.852311,
		24.398111, 34.760460, 34.681755>
	pigment { color rgbt <0,1,1,0> }
	no_shadow
}
cylinder {
	<23.888395, 34.158329, 34.888893>,  <24.033373, 34.792278, 35.278370>, 0.130000
	pigment { color rgbt <1,0,0,0> }
	no_shadow
}

// nucleotide -1

// particle -1
sphere {
	<23.888395, 34.158329, 34.888893> 0.250000
	pigment { color rgbt <1,0,0,0> }
	no_shadow
}
cylinder {
	<24.249336, 34.312489, 34.811710>,  <24.465900, 34.404984, 34.765400>, 0.100000
	pigment { color rgbt <1,0,0,0> }
	no_shadow
}
cylinder {
	<24.249336, 34.312489, 34.811710>,  <23.888395, 34.158329, 34.888893>, 0.100000
	pigment { color rgbt <1,0,0,0> }
	no_shadow
}

// particle -1
sphere {
	<24.249336, 34.312489, 34.811710> 0.100000
	pigment { color rgbt <1,0,0,0> }
	no_shadow
}
sphere {
	0, 1
	scale<0.080000,0.200000,0.300000>
	matrix <0.420296, -0.885998, 0.195855,
		-0.095475, -0.257828, -0.961462,
		0.902350, 0.385400, -0.192954,
		24.520041, 34.428108, 34.753822>
	pigment { color rgbt <0,1,1,0> }
	no_shadow
}
cylinder {
	<24.183558, 33.735634, 34.475155>,  <23.888395, 34.158329, 34.888893>, 0.130000
	pigment { color rgbt <1,0,0,0> }
	no_shadow
}

// nucleotide -1

// particle -1
sphere {
	<24.183558, 33.735634, 34.475155> 0.250000
	pigment { color rgbt <1,0,0,0> }
	no_shadow
}
cylinder {
	<24.493458, 33.934761, 34.631073>,  <24.679398, 34.054237, 34.724625>, 0.100000
	pigment { color rgbt <1,0,0,0> }
	no_shadow
}
cylinder {
	<24.493458, 33.934761, 34.631073>,  <24.183558, 33.735634, 34.475155>, 0.100000
	pigment { color rgbt <1,0,0,0> }
	no_shadow
}

// particle -1
sphere {
	<24.493458, 33.934761, 34.631073> 0.100000
	pigment { color rgbt <1,0,0,0> }
	no_shadow
}
sphere {
	0, 1
	scale<0.080000,0.200000,0.300000>
	matrix <0.422370, -0.866261, 0.266824,
		0.470492, -0.042086, -0.881400,
		0.774752, 0.497816, 0.389793,
		24.725883, 34.084106, 34.748013>
	pigment { color rgbt <0,1,1,0> }
	no_shadow
}
cylinder {
	<24.799574, 33.437809, 34.120518>,  <24.183558, 33.735634, 34.475155>, 0.130000
	pigment { color rgbt <1,0,0,0> }
	no_shadow
}

// nucleotide -1

// particle -1
sphere {
	<24.799574, 33.437809, 34.120518> 0.250000
	pigment { color rgbt <1,0,0,0> }
	no_shadow
}
cylinder {
	<24.892756, 33.607136, 34.470726>,  <24.948666, 33.708733, 34.680851>, 0.100000
	pigment { color rgbt <1,0,0,0> }
	no_shadow
}
cylinder {
	<24.892756, 33.607136, 34.470726>,  <24.799574, 33.437809, 34.120518>, 0.100000
	pigment { color rgbt <1,0,0,0> }
	no_shadow
}

// particle -1
sphere {
	<24.892756, 33.607136, 34.470726> 0.100000
	pigment { color rgbt <1,0,0,0> }
	no_shadow
}
sphere {
	0, 1
	scale<0.080000,0.200000,0.300000>
	matrix <0.364893, -0.872559, 0.324797,
		0.901435, 0.243808, -0.357733,
		0.232956, 0.423318, 0.875519,
		24.962643, 33.734131, 34.733383>
	pigment { color rgbt <0,1,1,0> }
	no_shadow
}
cylinder {
	<25.579178, 33.448521, 34.175312>,  <24.799574, 33.437809, 34.120518>, 0.130000
	pigment { color rgbt <1,0,0,0> }
	no_shadow
}

// nucleotide -1

// particle -1
sphere {
	<25.579178, 33.448521, 34.175312> 0.250000
	pigment { color rgbt <1,0,0,0> }
	no_shadow
}
cylinder {
	<25.381458, 33.369442, 34.513916>,  <25.262827, 33.321995, 34.717079>, 0.100000
	pigment { color rgbt <1,0,0,0> }
	no_shadow
}
cylinder {
	<25.381458, 33.369442, 34.513916>,  <25.579178, 33.448521, 34.175312>, 0.100000
	pigment { color rgbt <1,0,0,0> }
	no_shadow
}

// particle -1
sphere {
	<25.381458, 33.369442, 34.513916> 0.100000
	pigment { color rgbt <1,0,0,0> }
	no_shadow
}
sphere {
	0, 1
	scale<0.080000,0.200000,0.300000>
	matrix <0.571043, -0.808061, 0.144733,
		0.655422, 0.554936, 0.512317,
		-0.494300, -0.197694, 0.846513,
		25.233168, 33.310135, 34.767868>
	pigment { color rgbt <0,1,1,0> }
	no_shadow
}
cylinder {
	<26.129576, 33.250938, 34.669529>,  <25.579178, 33.448521, 34.175312>, 0.130000
	pigment { color rgbt <1,0,0,0> }
	no_shadow
}

// nucleotide -1

// particle -1
sphere {
	<26.129576, 33.250938, 34.669529> 0.250000
	pigment { color rgbt <1,0,0,0> }
	no_shadow
}
cylinder {
	<25.783886, 33.084785, 34.783073>,  <25.576473, 32.985092, 34.851200>, 0.100000
	pigment { color rgbt <1,0,0,0> }
	no_shadow
}
cylinder {
	<25.783886, 33.084785, 34.783073>,  <26.129576, 33.250938, 34.669529>, 0.100000
	pigment { color rgbt <1,0,0,0> }
	no_shadow
}

// particle -1
sphere {
	<25.783886, 33.084785, 34.783073> 0.100000
	pigment { color rgbt <1,0,0,0> }
	no_shadow
}
sphere {
	0, 1
	scale<0.080000,0.200000,0.300000>
	matrix <0.475115, -0.859410, 0.188892,
		0.165486, 0.298110, 0.940077,
		-0.864222, -0.415385, 0.283857,
		25.524620, 32.960171, 34.868229>
	pigment { color rgbt <0,1,1,0> }
	no_shadow
}
cylinder {
	<26.043396, 33.155350, 35.468788>,  <26.129576, 33.250938, 34.669529>, 0.130000
	pigment { color rgbt <1,0,0,0> }
	no_shadow
}

// nucleotide -1

// particle -1
sphere {
	<26.043396, 33.155350, 35.468788> 0.250000
	pigment { color rgbt <1,0,0,0> }
	no_shadow
}
cylinder {
	<25.850588, 32.889481, 35.240452>,  <25.734903, 32.729958, 35.103451>, 0.100000
	pigment { color rgbt <1,0,0,0> }
	no_shadow
}
cylinder {
	<25.850588, 32.889481, 35.240452>,  <26.043396, 33.155350, 35.468788>, 0.100000
	pigment { color rgbt <1,0,0,0> }
	no_shadow
}

// particle -1
sphere {
	<25.850588, 32.889481, 35.240452> 0.100000
	pigment { color rgbt <1,0,0,0> }
	no_shadow
}
sphere {
	0, 1
	scale<0.080000,0.200000,0.300000>
	matrix <0.710965, -0.677489, 0.188511,
		-0.512038, -0.314983, 0.799126,
		-0.482021, -0.664676, -0.570842,
		25.705982, 32.690079, 35.069199>
	pigment { color rgbt <0,1,1,0> }
	no_shadow
}
cylinder {
	<26.108366, 32.621758, 35.903030>,  <26.043396, 33.155350, 35.468788>, 0.130000
	pigment { color rgbt <1,0,0,0> }
	no_shadow
}

// nucleotide -1

// particle -1
sphere {
	<26.108366, 32.621758, 35.903030> 0.250000
	pigment { color rgbt <1,0,0,0> }
	no_shadow
}
cylinder {
	<26.149857, 32.424660, 35.557442>,  <26.174751, 32.306400, 35.350090>, 0.100000
	pigment { color rgbt <1,0,0,0> }
	no_shadow
}
cylinder {
	<26.149857, 32.424660, 35.557442>,  <26.108366, 32.621758, 35.903030>, 0.100000
	pigment { color rgbt <1,0,0,0> }
	no_shadow
}

// particle -1
sphere {
	<26.149857, 32.424660, 35.557442> 0.100000
	pigment { color rgbt <1,0,0,0> }
	no_shadow
}
sphere {
	0, 1
	scale<0.080000,0.200000,0.300000>
	matrix <0.708950, -0.572621, 0.411698,
		-0.697590, -0.655213, 0.289940,
		0.103725, -0.492749, -0.863967,
		26.180973, 32.276836, 35.298252>
	pigment { color rgbt <0,1,1,0> }
	no_shadow
}
cylinder {
	<26.066181, 31.956312, 36.111294>,  <26.108366, 32.621758, 35.903030>, 0.130000
	pigment { color rgbt <1,0,0,0> }
	no_shadow
}

// nucleotide -1

// particle -1
sphere {
	<26.066181, 31.956312, 36.111294> 0.250000
	pigment { color rgbt <1,0,0,0> }
	no_shadow
}
cylinder {
	<26.257477, 31.966082, 35.760136>,  <26.372253, 31.971943, 35.549442>, 0.100000
	pigment { color rgbt <1,0,0,0> }
	no_shadow
}
cylinder {
	<26.257477, 31.966082, 35.760136>,  <26.066181, 31.956312, 36.111294>, 0.100000
	pigment { color rgbt <1,0,0,0> }
	no_shadow
}

// particle -1
sphere {
	<26.257477, 31.966082, 35.760136> 0.100000
	pigment { color rgbt <1,0,0,0> }
	no_shadow
}
sphere {
	0, 1
	scale<0.080000,0.200000,0.300000>
	matrix <0.758318, -0.515706, 0.398750,
		-0.442994, -0.856418, -0.265151,
		0.478237, 0.024424, -0.877891,
		26.400948, 31.973410, 35.496769>
	pigment { color rgbt <0,1,1,0> }
	no_shadow
}
cylinder {
	<26.387470, 31.225958, 36.032803>,  <26.066181, 31.956312, 36.111294>, 0.130000
	pigment { color rgbt <1,0,0,0> }
	no_shadow
}

// nucleotide -1

// particle -1
sphere {
	<26.387470, 31.225958, 36.032803> 0.250000
	pigment { color rgbt <1,0,0,0> }
	no_shadow
}
cylinder {
	<26.561583, 31.485420, 35.783073>,  <26.666050, 31.641098, 35.633236>, 0.100000
	pigment { color rgbt <1,0,0,0> }
	no_shadow
}
cylinder {
	<26.561583, 31.485420, 35.783073>,  <26.387470, 31.225958, 36.032803>, 0.100000
	pigment { color rgbt <1,0,0,0> }
	no_shadow
}

// particle -1
sphere {
	<26.561583, 31.485420, 35.783073> 0.100000
	pigment { color rgbt <1,0,0,0> }
	no_shadow
}
sphere {
	0, 1
	scale<0.080000,0.200000,0.300000>
	matrix <0.900285, -0.316888, 0.298445,
		-0.004251, -0.691972, -0.721912,
		0.435281, 0.648657, -0.624319,
		26.692167, 31.680017, 35.595779>
	pigment { color rgbt <0,1,1,0> }
	no_shadow
}
cylinder {
	<26.931850, 30.835592, 35.818867>,  <26.387470, 31.225958, 36.032803>, 0.130000
	pigment { color rgbt <1,0,0,0> }
	no_shadow
}

// nucleotide -1

// particle -1
sphere {
	<26.931850, 30.835592, 35.818867> 0.250000
	pigment { color rgbt <1,0,0,0> }
	no_shadow
}
cylinder {
	<27.060213, 31.198526, 35.710232>,  <27.137230, 31.416286, 35.645050>, 0.100000
	pigment { color rgbt <1,0,0,0> }
	no_shadow
}
cylinder {
	<27.060213, 31.198526, 35.710232>,  <26.931850, 30.835592, 35.818867>, 0.100000
	pigment { color rgbt <1,0,0,0> }
	no_shadow
}

// particle -1
sphere {
	<27.060213, 31.198526, 35.710232> 0.100000
	pigment { color rgbt <1,0,0,0> }
	no_shadow
}
sphere {
	0, 1
	scale<0.080000,0.200000,0.300000>
	matrix <0.799993, -0.106176, 0.590541,
		0.506982, -0.406779, -0.759934,
		0.320906, 0.907335, -0.271591,
		27.156485, 31.470726, 35.628754>
	pigment { color rgbt <0,1,1,0> }
	no_shadow
}
cylinder {
	<27.650452, 30.759022, 35.559254>,  <26.931850, 30.835592, 35.818867>, 0.130000
	pigment { color rgbt <1,0,0,0> }
	no_shadow
}

// nucleotide -1

// particle -1
sphere {
	<27.650452, 30.759022, 35.559254> 0.250000
	pigment { color rgbt <1,0,0,0> }
	no_shadow
}
cylinder {
	<27.645006, 31.135633, 35.693920>,  <27.641739, 31.361601, 35.774719>, 0.100000
	pigment { color rgbt <1,0,0,0> }
	no_shadow
}
cylinder {
	<27.645006, 31.135633, 35.693920>,  <27.650452, 30.759022, 35.559254>, 0.100000
	pigment { color rgbt <1,0,0,0> }
	no_shadow
}

// particle -1
sphere {
	<27.645006, 31.135633, 35.693920> 0.100000
	pigment { color rgbt <1,0,0,0> }
	no_shadow
}
sphere {
	0, 1
	scale<0.080000,0.200000,0.300000>
	matrix <0.818073, -0.183114, 0.545184,
		0.574953, 0.282836, -0.767745,
		-0.013613, 0.941527, 0.336663,
		27.640923, 31.418091, 35.794918>
	pigment { color rgbt <0,1,1,0> }
	no_shadow
}
cylinder {
	<28.370810, 30.853186, 35.600494>,  <27.650452, 30.759022, 35.559254>, 0.130000
	pigment { color rgbt <1,0,0,0> }
	no_shadow
}

// nucleotide -1

// particle -1
sphere {
	<28.370810, 30.853186, 35.600494> 0.250000
	pigment { color rgbt <1,0,0,0> }
	no_shadow
}
cylinder {
	<28.090837, 31.024380, 35.371784>,  <27.922855, 31.127096, 35.234558>, 0.100000
	pigment { color rgbt <1,0,0,0> }
	no_shadow
}
cylinder {
	<28.090837, 31.024380, 35.371784>,  <28.370810, 30.853186, 35.600494>, 0.100000
	pigment { color rgbt <1,0,0,0> }
	no_shadow
}

// particle -1
sphere {
	<28.090837, 31.024380, 35.371784> 0.100000
	pigment { color rgbt <1,0,0,0> }
	no_shadow
}
sphere {
	0, 1
	scale<0.080000,0.200000,0.300000>
	matrix <0.639763, 0.731589, -0.235545,
		0.317497, -0.530667, -0.785868,
		-0.699928, 0.427984, -0.571778,
		27.880859, 31.152775, 35.200253>
	pigment { color rgbt <0,1,1,0> }
	no_shadow
}
cylinder {
	<28.073776, 31.195448, 36.200974>,  <28.370810, 30.853186, 35.600494>, 0.130000
	pigment { color rgbt <1,0,0,0> }
	no_shadow
}

// nucleotide -1

// particle -1
sphere {
	<28.073776, 31.195448, 36.200974> 0.250000
	pigment { color rgbt <1,0,0,0> }
	no_shadow
}
cylinder {
	<28.271242, 31.490789, 36.017178>,  <28.389723, 31.667994, 35.906902>, 0.100000
	pigment { color rgbt <1,0,0,0> }
	no_shadow
}
cylinder {
	<28.271242, 31.490789, 36.017178>,  <28.073776, 31.195448, 36.200974>, 0.100000
	pigment { color rgbt <1,0,0,0> }
	no_shadow
}

// particle -1
sphere {
	<28.271242, 31.490789, 36.017178> 0.100000
	pigment { color rgbt <1,0,0,0> }
	no_shadow
}
sphere {
	0, 1
	scale<0.080000,0.200000,0.300000>
	matrix <-0.841751, 0.272927, -0.465796,
		-0.218516, 0.616720, 0.756245,
		0.493666, 0.738354, -0.459486,
		28.419342, 31.712296, 35.879333>
	pigment { color rgbt <0,1,1,0> }
	no_shadow
}
cylinder {
	<27.750917, 31.869032, 36.461781>,  <28.073776, 31.195448, 36.200974>, 0.130000
	pigment { color rgbt <1,0,0,0> }
	no_shadow
}

// nucleotide -1

// particle -1
sphere {
	<27.750917, 31.869032, 36.461781> 0.250000
	pigment { color rgbt <1,0,0,0> }
	no_shadow
}
cylinder {
	<27.920322, 31.868309, 36.099426>,  <28.021965, 31.867876, 35.882011>, 0.100000
	pigment { color rgbt <1,0,0,0> }
	no_shadow
}
cylinder {
	<27.920322, 31.868309, 36.099426>,  <27.750917, 31.869032, 36.461781>, 0.100000
	pigment { color rgbt <1,0,0,0> }
	no_shadow
}

// particle -1
sphere {
	<27.920322, 31.868309, 36.099426> 0.100000
	pigment { color rgbt <1,0,0,0> }
	no_shadow
}
sphere {
	0, 1
	scale<0.080000,0.200000,0.300000>
	matrix <-0.901686, 0.095399, -0.421737,
		0.087182, 0.995438, 0.038775,
		0.423511, -0.001805, -0.905889,
		28.047377, 31.867767, 35.827660>
	pigment { color rgbt <0,1,1,0> }
	no_shadow
}
cylinder {
	<27.535704, 32.508408, 36.093754>,  <27.750917, 31.869032, 36.461781>, 0.130000
	pigment { color rgbt <1,0,0,0> }
	no_shadow
}

// nucleotide -1

// particle -1
sphere {
	<27.535704, 32.508408, 36.093754> 0.250000
	pigment { color rgbt <1,0,0,0> }
	no_shadow
}
cylinder {
	<27.611490, 32.186085, 35.869335>,  <27.656961, 31.992691, 35.734684>, 0.100000
	pigment { color rgbt <1,0,0,0> }
	no_shadow
}
cylinder {
	<27.611490, 32.186085, 35.869335>,  <27.535704, 32.508408, 36.093754>, 0.100000
	pigment { color rgbt <1,0,0,0> }
	no_shadow
}

// particle -1
sphere {
	<27.611490, 32.186085, 35.869335> 0.100000
	pigment { color rgbt <1,0,0,0> }
	no_shadow
}
sphere {
	0, 1
	scale<0.080000,0.200000,0.300000>
	matrix <-0.936226, 0.023964, -0.350581,
		0.295946, 0.591689, -0.749880,
		0.189464, -0.805810, -0.561047,
		27.668329, 31.944342, 35.701019>
	pigment { color rgbt <0,1,1,0> }
	no_shadow
}
cylinder {
	<27.550613, 32.664272, 35.298542>,  <27.535704, 32.508408, 36.093754>, 0.130000
	pigment { color rgbt <1,0,0,0> }
	no_shadow
}

// nucleotide -1

// particle -1
sphere {
	<27.550613, 32.664272, 35.298542> 0.250000
	pigment { color rgbt <1,0,0,0> }
	no_shadow
}
cylinder {
	<27.439011, 32.292976, 35.396946>,  <27.372049, 32.070198, 35.455986>, 0.100000
	pigment { color rgbt <1,0,0,0> }
	no_shadow
}
cylinder {
	<27.439011, 32.292976, 35.396946>,  <27.550613, 32.664272, 35.298542>, 0.100000
	pigment { color rgbt <1,0,0,0> }
	no_shadow
}

// particle -1
sphere {
	<27.439011, 32.292976, 35.396946> 0.100000
	pigment { color rgbt <1,0,0,0> }
	no_shadow
}
sphere {
	0, 1
	scale<0.080000,0.200000,0.300000>
	matrix <-0.871057, 0.136796, -0.471749,
		0.404245, -0.345907, -0.846720,
		-0.279009, -0.928243, 0.246005,
		27.355309, 32.014503, 35.470749>
	pigment { color rgbt <0,1,1,0> }
	no_shadow
}
cylinder {
	<27.274288, 32.516350, 34.728008>,  <27.550613, 32.664272, 35.298542>, 0.130000
	pigment { color rgbt <1,0,0,0> }
	no_shadow
}

// nucleotide -1

// particle -1
sphere {
	<27.274288, 32.516350, 34.728008> 0.250000
	pigment { color rgbt <1,0,0,0> }
	no_shadow
}
cylinder {
	<27.095457, 32.268253, 34.985821>,  <26.988159, 32.119396, 35.140511>, 0.100000
	pigment { color rgbt <1,0,0,0> }
	no_shadow
}
cylinder {
	<27.095457, 32.268253, 34.985821>,  <27.274288, 32.516350, 34.728008>, 0.100000
	pigment { color rgbt <1,0,0,0> }
	no_shadow
}

// particle -1
sphere {
	<27.095457, 32.268253, 34.985821> 0.100000
	pigment { color rgbt <1,0,0,0> }
	no_shadow
}
sphere {
	0, 1
	scale<0.080000,0.200000,0.300000>
	matrix <-0.858188, 0.094207, -0.504618,
		0.252265, -0.778733, -0.574401,
		-0.447075, -0.620241, 0.644534,
		26.961334, 32.082180, 35.179180>
	pigment { color rgbt <0,1,1,0> }
	no_shadow
}
cylinder {
	<26.946516, 32.038929, 34.275005>,  <27.274288, 32.516350, 34.728008>, 0.130000
	pigment { color rgbt <1,0,0,0> }
	no_shadow
}

// nucleotide -1

// particle -1
sphere {
	<26.946516, 32.038929, 34.275005> 0.250000
	pigment { color rgbt <1,0,0,0> }
	no_shadow
}
cylinder {
	<26.787788, 32.020782, 34.641716>,  <26.692553, 32.009895, 34.861744>, 0.100000
	pigment { color rgbt <1,0,0,0> }
	no_shadow
}
cylinder {
	<26.787788, 32.020782, 34.641716>,  <26.946516, 32.038929, 34.275005>, 0.100000
	pigment { color rgbt <1,0,0,0> }
	no_shadow
}

// particle -1
sphere {
	<26.787788, 32.020782, 34.641716> 0.100000
	pigment { color rgbt <1,0,0,0> }
	no_shadow
}
sphere {
	0, 1
	scale<0.080000,0.200000,0.300000>
	matrix <-0.917849, 0.009392, -0.396818,
		0.009392, -0.998926, -0.045368,
		0.396818, 0.045368, -0.916775,
		26.668743, 32.007172, 34.916748>
	pigment { color rgbt <0,1,1,0> }
	no_shadow
}
cylinder {
	<26.328880, 31.591322, 34.206440>,  <26.946516, 32.038929, 34.275005>, 0.130000
	pigment { color rgbt <1,0,0,0> }
	no_shadow
}

// nucleotide -1

// particle -1
sphere {
	<26.328880, 31.591322, 34.206440> 0.250000
	pigment { color rgbt <1,0,0,0> }
	no_shadow
}
cylinder {
	<26.286585, 31.807705, 34.540192>,  <26.261208, 31.937534, 34.740440>, 0.100000
	pigment { color rgbt <1,0,0,0> }
	no_shadow
}
cylinder {
	<26.286585, 31.807705, 34.540192>,  <26.328880, 31.591322, 34.206440>, 0.100000
	pigment { color rgbt <1,0,0,0> }
	no_shadow
}

// particle -1
sphere {
	<26.286585, 31.807705, 34.540192> 0.100000
	pigment { color rgbt <1,0,0,0> }
	no_shadow
}
sphere {
	0, 1
	scale<0.080000,0.200000,0.300000>
	matrix <-0.928456, 0.246749, -0.277640,
		-0.356073, -0.804040, 0.476163,
		-0.105741, 0.540957, 0.834377,
		26.254862, 31.969992, 34.790504>
	pigment { color rgbt <0,1,1,0> }
	no_shadow
}
cylinder {
	<25.565903, 31.772266, 34.065662>,  <26.328880, 31.591322, 34.206440>, 0.130000
	pigment { color rgbt <1,0,0,0> }
	no_shadow
}

// nucleotide -1

// particle -1
sphere {
	<25.565903, 31.772266, 34.065662> 0.250000
	pigment { color rgbt <1,0,0,0> }
	no_shadow
}
cylinder {
	<25.618868, 31.915451, 34.435383>,  <25.650646, 32.001362, 34.657215>, 0.100000
	pigment { color rgbt <1,0,0,0> }
	no_shadow
}
cylinder {
	<25.618868, 31.915451, 34.435383>,  <25.565903, 31.772266, 34.065662>, 0.100000
	pigment { color rgbt <1,0,0,0> }
	no_shadow
}

// particle -1
sphere {
	<25.618868, 31.915451, 34.435383> 0.100000
	pigment { color rgbt <1,0,0,0> }
	no_shadow
}
sphere {
	0, 1
	scale<0.080000,0.200000,0.300000>
	matrix <-0.715182, 0.680153, -0.160953,
		-0.686281, -0.639731, 0.346069,
		0.132413, 0.357962, 0.924300,
		25.658592, 32.022839, 34.712673>
	pigment { color rgbt <0,1,1,0> }
	no_shadow
}
cylinder {
	<24.937542, 31.870443, 34.470432>,  <25.565903, 31.772266, 34.065662>, 0.130000
	pigment { color rgbt <1,0,0,0> }
	no_shadow
}

// nucleotide -1

// particle -1
sphere {
	<24.937542, 31.870443, 34.470432> 0.250000
	pigment { color rgbt <1,0,0,0> }
	no_shadow
}
cylinder {
	<25.178301, 32.136303, 34.647503>,  <25.322756, 32.295818, 34.753746>, 0.100000
	pigment { color rgbt <1,0,0,0> }
	no_shadow
}
cylinder {
	<25.178301, 32.136303, 34.647503>,  <24.937542, 31.870443, 34.470432>, 0.100000
	pigment { color rgbt <1,0,0,0> }
	no_shadow
}

// particle -1
sphere {
	<25.178301, 32.136303, 34.647503> 0.100000
	pigment { color rgbt <1,0,0,0> }
	no_shadow
}
sphere {
	0, 1
	scale<0.080000,0.200000,0.300000>
	matrix <-0.682963, 0.715715, -0.145994,
		-0.413864, -0.214457, 0.884717,
		0.601896, 0.664651, 0.442675,
		25.358870, 32.335697, 34.780304>
	pigment { color rgbt <0,1,1,0> }
	no_shadow
}
cylinder {
	<24.501722, 32.180641, 34.902115>,  <24.937542, 31.870443, 34.470432>, 0.130000
	pigment { color rgbt <1,0,0,0> }
	no_shadow
}

// nucleotide -1

// particle -1
sphere {
	<24.501722, 32.180641, 34.902115> 0.250000
	pigment { color rgbt <1,0,0,0> }
	no_shadow
}
cylinder {
	<24.811558, 32.432007, 34.873531>,  <24.997459, 32.582825, 34.856380>, 0.100000
	pigment { color rgbt <1,0,0,0> }
	no_shadow
}
cylinder {
	<24.811558, 32.432007, 34.873531>,  <24.501722, 32.180641, 34.902115>, 0.100000
	pigment { color rgbt <1,0,0,0> }
	no_shadow
}

// particle -1
sphere {
	<24.811558, 32.432007, 34.873531> 0.100000
	pigment { color rgbt <1,0,0,0> }
	no_shadow
}
sphere {
	0, 1
	scale<0.080000,0.200000,0.300000>
	matrix <-0.632459, 0.769239, -0.090918,
		-0.002162, 0.115622, 0.993291,
		0.774591, 0.628413, -0.071463,
		25.043936, 32.620529, 34.852093>
	pigment { color rgbt <0,1,1,0> }
	no_shadow
}
cylinder {
	<24.532198, 32.723682, 35.477173>,  <24.501722, 32.180641, 34.902115>, 0.130000
	pigment { color rgbt <1,0,0,0> }
	no_shadow
}

// nucleotide -1

// particle -1
sphere {
	<24.532198, 32.723682, 35.477173> 0.250000
	pigment { color rgbt <1,0,0,0> }
	no_shadow
}
cylinder {
	<24.728931, 32.878181, 35.165043>,  <24.846972, 32.970882, 34.977764>, 0.100000
	pigment { color rgbt <1,0,0,0> }
	no_shadow
}
cylinder {
	<24.728931, 32.878181, 35.165043>,  <24.532198, 32.723682, 35.477173>, 0.100000
	pigment { color rgbt <1,0,0,0> }
	no_shadow
}

// particle -1
sphere {
	<24.728931, 32.878181, 35.165043> 0.100000
	pigment { color rgbt <1,0,0,0> }
	no_shadow
}
sphere {
	0, 1
	scale<0.080000,0.200000,0.300000>
	matrix <-0.510563, 0.853904, 0.100865,
		0.705284, 0.348797, 0.617183,
		0.491833, 0.386249, -0.780328,
		24.876482, 32.994057, 34.930946>
	pigment { color rgbt <0,1,1,0> }
	no_shadow
}
cylinder {
	<24.833311, 33.240887, 36.019547>,  <24.532198, 32.723682, 35.477173>, 0.130000
	pigment { color rgbt <1,0,0,0> }
	no_shadow
}

// nucleotide -1

// particle -1
sphere {
	<24.833311, 33.240887, 36.019547> 0.250000
	pigment { color rgbt <1,0,0,0> }
	no_shadow
}
cylinder {
	<24.960087, 33.238583, 35.640175>,  <25.036152, 33.237202, 35.412552>, 0.100000
	pigment { color rgbt <1,0,0,0> }
	no_shadow
}
cylinder {
	<24.960087, 33.238583, 35.640175>,  <24.833311, 33.240887, 36.019547>, 0.100000
	pigment { color rgbt <1,0,0,0> }
	no_shadow
}

// particle -1
sphere {
	<24.960087, 33.238583, 35.640175> 0.100000
	pigment { color rgbt <1,0,0,0> }
	no_shadow
}
sphere {
	0, 1
	scale<0.080000,0.200000,0.300000>
	matrix <-0.129713, 0.990322, -0.049359,
		0.939534, 0.138667, 0.313124,
		0.316939, -0.005759, -0.948429,
		25.055168, 33.236855, 35.355648>
	pigment { color rgbt <0,1,1,0> }
	no_shadow
}
cylinder {
	<25.526363, 33.560516, 35.898018>,  <24.833311, 33.240887, 36.019547>, 0.130000
	pigment { color rgbt <1,0,0,0> }
	no_shadow
}

// nucleotide -1

// particle -1
sphere {
	<25.526363, 33.560516, 35.898018> 0.250000
	pigment { color rgbt <1,0,0,0> }
	no_shadow
}
cylinder {
	<25.301170, 33.596592, 35.569405>,  <25.166056, 33.618237, 35.372238>, 0.100000
	pigment { color rgbt <1,0,0,0> }
	no_shadow
}
cylinder {
	<25.301170, 33.596592, 35.569405>,  <25.526363, 33.560516, 35.898018>, 0.100000
	pigment { color rgbt <1,0,0,0> }
	no_shadow
}

// particle -1
sphere {
	<25.301170, 33.596592, 35.569405> 0.100000
	pigment { color rgbt <1,0,0,0> }
	no_shadow
}
sphere {
	0, 1
	scale<0.080000,0.200000,0.300000>
	matrix <0.161058, 0.986943, -0.002020,
		0.810624, -0.133452, -0.570156,
		-0.562981, 0.090191, -0.821534,
		25.132277, 33.623650, 35.322945>
	pigment { color rgbt <0,1,1,0> }
	no_shadow
}
cylinder {
	<25.542637, 34.258099, 35.810600>,  <25.526363, 33.560516, 35.898018>, 0.130000
	pigment { color rgbt <1,0,0,0> }
	no_shadow
}

// nucleotide -1

// particle -1
sphere {
	<25.542637, 34.258099, 35.810600> 0.250000
	pigment { color rgbt <1,0,0,0> }
	no_shadow
}
cylinder {
	<25.347361, 34.115501, 35.491955>,  <25.230194, 34.029945, 35.300770>, 0.100000
	pigment { color rgbt <1,0,0,0> }
	no_shadow
}
cylinder {
	<25.347361, 34.115501, 35.491955>,  <25.542637, 34.258099, 35.810600>, 0.100000
	pigment { color rgbt <1,0,0,0> }
	no_shadow
}

// particle -1
sphere {
	<25.347361, 34.115501, 35.491955> 0.100000
	pigment { color rgbt <1,0,0,0> }
	no_shadow
}
sphere {
	0, 1
	scale<0.080000,0.200000,0.300000>
	matrix <-0.163830, 0.933977, -0.317562,
		0.857222, -0.024522, -0.514363,
		-0.488190, -0.356489, -0.796609,
		25.200903, 34.008556, 35.252972>
	pigment { color rgbt <0,1,1,0> }
	no_shadow
}
cylinder {
	<25.690195, 34.794186, 35.313274>,  <25.542637, 34.258099, 35.810600>, 0.130000
	pigment { color rgbt <1,0,0,0> }
	no_shadow
}

// nucleotide -1

// particle -1
sphere {
	<25.690195, 34.794186, 35.313274> 0.250000
	pigment { color rgbt <1,0,0,0> }
	no_shadow
}
cylinder {
	<25.413933, 34.576458, 35.122814>,  <25.248175, 34.445824, 35.008537>, 0.100000
	pigment { color rgbt <1,0,0,0> }
	no_shadow
}
cylinder {
	<25.413933, 34.576458, 35.122814>,  <25.690195, 34.794186, 35.313274>, 0.100000
	pigment { color rgbt <1,0,0,0> }
	no_shadow
}

// particle -1
sphere {
	<25.413933, 34.576458, 35.122814> 0.100000
	pigment { color rgbt <1,0,0,0> }
	no_shadow
}
sphere {
	0, 1
	scale<0.080000,0.200000,0.300000>
	matrix <-0.306904, 0.816781, -0.488549,
		0.654832, -0.191288, -0.731167,
		-0.690656, -0.544315, -0.476147,
		25.206736, 34.413162, 34.979969>
	pigment { color rgbt <0,1,1,0> }
	no_shadow
}
cylinder {
	<25.738268, 34.975475, 34.675934>,  <25.690195, 34.794186, 35.313274>, 0.130000
	pigment { color rgbt <1,0,0,0> }
	no_shadow
}

// nucleotide -1

// particle -1
sphere {
	<25.738268, 34.975475, 34.675934> 0.250000
	pigment { color rgbt <1,0,0,0> }
	no_shadow
}
cylinder {
	<25.367117, 34.826454, 34.682281>,  <25.144426, 34.737041, 34.686089>, 0.100000
	pigment { color rgbt <1,0,0,0> }
	no_shadow
}
cylinder {
	<25.367117, 34.826454, 34.682281>,  <25.738268, 34.975475, 34.675934>, 0.100000
	pigment { color rgbt <1,0,0,0> }
	no_shadow
}

// particle -1
sphere {
	<25.367117, 34.826454, 34.682281> 0.100000
	pigment { color rgbt <1,0,0,0> }
	no_shadow
}
sphere {
	0, 1
	scale<0.080000,0.200000,0.300000>
	matrix <-0.348546, 0.851390, -0.391983,
		0.132526, -0.369242, -0.919835,
		-0.927875, -0.372553, 0.015866,
		25.088755, 34.714687, 34.687042>
	pigment { color rgbt <0,1,1,0> }
	no_shadow
}
cylinder {
	<25.555882, 35.026627, 33.887566>,  <25.738268, 34.975475, 34.675934>, 0.130000
	pigment { color rgbt <1,0,0,0> }
	no_shadow
}

// nucleotide -1

// particle -1
sphere {
	<25.555882, 35.026627, 33.887566> 0.250000
	pigment { color rgbt <1,0,0,0> }
	no_shadow
}
cylinder {
	<25.273905, 35.038731, 34.171013>,  <25.104719, 35.045994, 34.341080>, 0.100000
	pigment { color rgbt <1,0,0,0> }
	no_shadow
}
cylinder {
	<25.273905, 35.038731, 34.171013>,  <25.555882, 35.026627, 33.887566>, 0.100000
	pigment { color rgbt <1,0,0,0> }
	no_shadow
}

// particle -1
sphere {
	<25.273905, 35.038731, 34.171013> 0.100000
	pigment { color rgbt <1,0,0,0> }
	no_shadow
}
sphere {
	0, 1
	scale<0.080000,0.200000,0.300000>
	matrix <-0.199111, 0.950469, -0.238670,
		-0.680742, -0.309343, -0.664001,
		-0.704944, 0.030263, 0.708617,
		25.062422, 35.047810, 34.383598>
	pigment { color rgbt <0,1,1,0> }
	no_shadow
}
cylinder {
	<26.205149, 34.600964, 33.943462>,  <25.555882, 35.026627, 33.887566>, 0.130000
	pigment { color rgbt <1,0,0,0> }
	no_shadow
}

// nucleotide -1

// particle -1
sphere {
	<26.205149, 34.600964, 33.943462> 0.250000
	pigment { color rgbt <1,0,0,0> }
	no_shadow
}
cylinder {
	<26.603922, 34.603390, 33.974659>,  <26.843185, 34.604847, 33.993378>, 0.100000
	pigment { color rgbt <1,0,0,0> }
	no_shadow
}
cylinder {
	<26.603922, 34.603390, 33.974659>,  <26.205149, 34.600964, 33.943462>, 0.100000
	pigment { color rgbt <1,0,0,0> }
	no_shadow
}

// particle -1
sphere {
	<26.603922, 34.603390, 33.974659> 0.100000
	pigment { color rgbt <1,0,0,0> }
	no_shadow
}
sphere {
	0, 1
	scale<0.080000,0.200000,0.300000>
	matrix <0.031196, 0.883446, -0.467492,
		-0.071743, 0.468493, 0.880550,
		0.996935, 0.006069, 0.077996,
		26.903002, 34.605209, 33.998058>
	pigment { color rgbt <0,1,1,0> }
	no_shadow
}
cylinder {
	<26.282942, 35.199207, 34.283035>,  <26.205149, 34.600964, 33.943462>, 0.130000
	pigment { color rgbt <1,0,0,0> }
	no_shadow
}

// nucleotide -1

// particle -1
sphere {
	<26.282942, 35.199207, 34.283035> 0.250000
	pigment { color rgbt <1,0,0,0> }
	no_shadow
}
cylinder {
	<26.575911, 35.066540, 34.045193>,  <26.751692, 34.986938, 33.902489>, 0.100000
	pigment { color rgbt <1,0,0,0> }
	no_shadow
}
cylinder {
	<26.575911, 35.066540, 34.045193>,  <26.282942, 35.199207, 34.283035>, 0.100000
	pigment { color rgbt <1,0,0,0> }
	no_shadow
}

// particle -1
sphere {
	<26.575911, 35.066540, 34.045193> 0.100000
	pigment { color rgbt <1,0,0,0> }
	no_shadow
}
sphere {
	0, 1
	scale<0.080000,0.200000,0.300000>
	matrix <-0.073876, 0.829453, -0.553669,
		0.676832, 0.449446, 0.583006,
		0.732421, -0.331671, -0.594604,
		26.795637, 34.967037, 33.866810>
	pigment { color rgbt <0,1,1,0> }
	no_shadow
}
cylinder {
	<26.853287, 35.676796, 34.269829>,  <26.282942, 35.199207, 34.283035>, 0.130000
	pigment { color rgbt <1,0,0,0> }
	no_shadow
}

// nucleotide -1

// particle -1
sphere {
	<26.853287, 35.676796, 34.269829> 0.250000
	pigment { color rgbt <1,0,0,0> }
	no_shadow
}
cylinder {
	<26.879274, 35.474426, 33.925777>,  <26.894867, 35.353004, 33.719349>, 0.100000
	pigment { color rgbt <1,0,0,0> }
	no_shadow
}
cylinder {
	<26.879274, 35.474426, 33.925777>,  <26.853287, 35.676796, 34.269829>, 0.100000
	pigment { color rgbt <1,0,0,0> }
	no_shadow
}

// particle -1
sphere {
	<26.879274, 35.474426, 33.925777> 0.100000
	pigment { color rgbt <1,0,0,0> }
	no_shadow
}
sphere {
	0, 1
	scale<0.080000,0.200000,0.300000>
	matrix <0.370152, 0.812672, -0.450057,
		0.926696, -0.289137, 0.240070,
		0.064970, -0.505928, -0.860125,
		26.898766, 35.322647, 33.667740>
	pigment { color rgbt <0,1,1,0> }
	no_shadow
}
cylinder {
	<27.417892, 36.030922, 33.950855>,  <26.853287, 35.676796, 34.269829>, 0.130000
	pigment { color rgbt <1,0,0,0> }
	no_shadow
}

// nucleotide -1

// particle -1
sphere {
	<27.417892, 36.030922, 33.950855> 0.250000
	pigment { color rgbt <1,0,0,0> }
	no_shadow
}
cylinder {
	<27.258646, 35.827877, 33.645218>,  <27.163099, 35.706051, 33.461838>, 0.100000
	pigment { color rgbt <1,0,0,0> }
	no_shadow
}
cylinder {
	<27.258646, 35.827877, 33.645218>,  <27.417892, 36.030922, 33.950855>, 0.100000
	pigment { color rgbt <1,0,0,0> }
	no_shadow
}

// particle -1
sphere {
	<27.258646, 35.827877, 33.645218> 0.100000
	pigment { color rgbt <1,0,0,0> }
	no_shadow
}
sphere {
	0, 1
	scale<0.080000,0.200000,0.300000>
	matrix <0.095173, 0.805594, -0.584774,
		0.912385, -0.305528, -0.272407,
		-0.398114, -0.507613, -0.764090,
		27.139212, 35.675594, 33.415993>
	pigment { color rgbt <0,1,1,0> }
	no_shadow
}
cylinder {
	<27.682453, 36.422401, 33.272778>,  <27.417892, 36.030922, 33.950855>, 0.130000
	pigment { color rgbt <1,0,0,0> }
	no_shadow
}

// nucleotide -1

// particle -1
sphere {
	<27.682453, 36.422401, 33.272778> 0.250000
	pigment { color rgbt <1,0,0,0> }
	no_shadow
}
cylinder {
	<27.367243, 36.189541, 33.192661>,  <27.178116, 36.049824, 33.144592>, 0.100000
	pigment { color rgbt <1,0,0,0> }
	no_shadow
}
cylinder {
	<27.367243, 36.189541, 33.192661>,  <27.682453, 36.422401, 33.272778>, 0.100000
	pigment { color rgbt <1,0,0,0> }
	no_shadow
}

// particle -1
sphere {
	<27.367243, 36.189541, 33.192661> 0.100000
	pigment { color rgbt <1,0,0,0> }
	no_shadow
}
sphere {
	0, 1
	scale<0.080000,0.200000,0.300000>
	matrix <-0.235061, 0.585202, -0.776070,
		0.569003, -0.564480, -0.597994,
		-0.788024, -0.582152, -0.200294,
		27.130835, 36.014896, 33.132576>
	pigment { color rgbt <0,1,1,0> }
	no_shadow
}
cylinder {
	<28.192644, 35.996723, 33.178196>,  <27.682453, 36.422401, 33.272778>, 0.130000
	pigment { color rgbt <1,0,0,0> }
	no_shadow
}

// nucleotide -1

// particle -1
sphere {
	<28.192644, 35.996723, 33.178196> 0.250000
	pigment { color rgbt <1,0,0,0> }
	no_shadow
}
cylinder {
	<27.878004, 35.756168, 33.122204>,  <27.689220, 35.611835, 33.088608>, 0.100000
	pigment { color rgbt <1,0,0,0> }
	no_shadow
}
cylinder {
	<27.878004, 35.756168, 33.122204>,  <28.192644, 35.996723, 33.178196>, 0.100000
	pigment { color rgbt <1,0,0,0> }
	no_shadow
}

// particle -1
sphere {
	<27.878004, 35.756168, 33.122204> 0.100000
	pigment { color rgbt <1,0,0,0> }
	no_shadow
}
sphere {
	0, 1
	scale<0.080000,0.200000,0.300000>
	matrix <-0.252325, 0.519991, -0.816052,
		0.563550, -0.606587, -0.560770,
		-0.786602, -0.601383, -0.139984,
		27.642023, 35.575752, 33.080208>
	pigment { color rgbt <0,1,1,0> }
	no_shadow
}
cylinder {
	<28.286594, 35.798512, 32.529964>,  <28.192644, 35.996723, 33.178196>, 0.130000
	pigment { color rgbt <1,0,0,0> }
	no_shadow
}

// nucleotide -1

// particle -1
sphere {
	<28.286594, 35.798512, 32.529964> 0.250000
	pigment { color rgbt <1,0,0,0> }
	no_shadow
}
cylinder {
	<27.899397, 35.749054, 32.617325>,  <27.667078, 35.719379, 32.669743>, 0.100000
	pigment { color rgbt <1,0,0,0> }
	no_shadow
}
cylinder {
	<27.899397, 35.749054, 32.617325>,  <28.286594, 35.798512, 32.529964>, 0.100000
	pigment { color rgbt <1,0,0,0> }
	no_shadow
}

// particle -1
sphere {
	<27.899397, 35.749054, 32.617325> 0.100000
	pigment { color rgbt <1,0,0,0> }
	no_shadow
}
sphere {
	0, 1
	scale<0.080000,0.200000,0.300000>
	matrix <-0.244399, 0.266478, -0.932340,
		0.057077, -0.955878, -0.288167,
		-0.967994, -0.123643, 0.218405,
		27.608999, 35.711960, 32.682846>
	pigment { color rgbt <0,1,1,0> }
	no_shadow
}
cylinder {
	<27.919733, 35.565704, 31.966789>,  <28.286594, 35.798512, 32.529964>, 0.130000
	pigment { color rgbt <1,0,0,0> }
	no_shadow
}

// nucleotide -1

// particle -1
sphere {
	<27.919733, 35.565704, 31.966789> 0.250000
	pigment { color rgbt <1,0,0,0> }
	no_shadow
}
cylinder {
	<27.633520, 35.750713, 32.176205>,  <27.461792, 35.861717, 32.301853>, 0.100000
	pigment { color rgbt <1,0,0,0> }
	no_shadow
}
cylinder {
	<27.633520, 35.750713, 32.176205>,  <27.919733, 35.565704, 31.966789>, 0.100000
	pigment { color rgbt <1,0,0,0> }
	no_shadow
}

// particle -1
sphere {
	<27.633520, 35.750713, 32.176205> 0.100000
	pigment { color rgbt <1,0,0,0> }
	no_shadow
}
sphere {
	0, 1
	scale<0.080000,0.200000,0.300000>
	matrix <-0.266895, 0.511584, -0.816731,
		-0.645586, -0.724126, -0.242610,
		-0.715531, 0.462519, 0.523537,
		27.418861, 35.889469, 32.333267>
	pigment { color rgbt <0,1,1,0> }
	no_shadow
}
cylinder {
	<27.402107, 35.590054, 31.518692>,  <27.919733, 35.565704, 31.966789>, 0.130000
	pigment { color rgbt <1,0,0,0> }
	no_shadow
}

// nucleotide -1

// particle -1
sphere {
	<27.402107, 35.590054, 31.518692> 0.250000
	pigment { color rgbt <1,0,0,0> }
	no_shadow
}
cylinder {
	<27.324682, 35.864933, 31.798777>,  <27.278227, 36.029861, 31.966827>, 0.100000
	pigment { color rgbt <1,0,0,0> }
	no_shadow
}
cylinder {
	<27.324682, 35.864933, 31.798777>,  <27.402107, 35.590054, 31.518692>, 0.100000
	pigment { color rgbt <1,0,0,0> }
	no_shadow
}

// particle -1
sphere {
	<27.324682, 35.864933, 31.798777> 0.100000
	pigment { color rgbt <1,0,0,0> }
	no_shadow
}
sphere {
	0, 1
	scale<0.080000,0.200000,0.300000>
	matrix <-0.020740, 0.710684, -0.703206,
		-0.980869, -0.150637, -0.123310,
		-0.193563, 0.687195, 0.700211,
		27.266613, 36.071091, 32.008839>
	pigment { color rgbt <0,1,1,0> }
	no_shadow
}
cylinder {
	<26.898952, 36.034046, 31.261072>,  <27.402107, 35.590054, 31.518692>, 0.130000
	pigment { color rgbt <1,0,0,0> }
	no_shadow
}

// nucleotide -1

// particle -1
sphere {
	<26.898952, 36.034046, 31.261072> 0.250000
	pigment { color rgbt <1,0,0,0> }
	no_shadow
}
cylinder {
	<27.100107, 36.249950, 31.531113>,  <27.220800, 36.379494, 31.693136>, 0.100000
	pigment { color rgbt <1,0,0,0> }
	no_shadow
}
cylinder {
	<27.100107, 36.249950, 31.531113>,  <26.898952, 36.034046, 31.261072>, 0.100000
	pigment { color rgbt <1,0,0,0> }
	no_shadow
}

// particle -1
sphere {
	<27.100107, 36.249950, 31.531113> 0.100000
	pigment { color rgbt <1,0,0,0> }
	no_shadow
}
sphere {
	0, 1
	scale<0.080000,0.200000,0.300000>
	matrix <0.144083, 0.717773, -0.681206,
		-0.852257, 0.439842, 0.283190,
		0.502889, 0.539760, 0.675101,
		27.250975, 36.411877, 31.733643>
	pigment { color rgbt <0,1,1,0> }
	no_shadow
}
cylinder {
	<26.575516, 36.630405, 31.638187>,  <26.898952, 36.034046, 31.261072>, 0.130000
	pigment { color rgbt <1,0,0,0> }
	no_shadow
}

// nucleotide -1

// particle -1
sphere {
	<26.575516, 36.630405, 31.638187> 0.250000
	pigment { color rgbt <1,0,0,0> }
	no_shadow
}
cylinder {
	<26.963474, 36.676746, 31.552513>,  <27.196249, 36.704552, 31.501108>, 0.100000
	pigment { color rgbt <1,0,0,0> }
	no_shadow
}
cylinder {
	<26.963474, 36.676746, 31.552513>,  <26.575516, 36.630405, 31.638187>, 0.100000
	pigment { color rgbt <1,0,0,0> }
	no_shadow
}

// particle -1
sphere {
	<26.963474, 36.676746, 31.552513> 0.100000
	pigment { color rgbt <1,0,0,0> }
	no_shadow
}
sphere {
	0, 1
	scale<0.080000,0.200000,0.300000>
	matrix <-0.210426, 0.841416, -0.497735,
		0.122553, 0.527822, 0.840467,
		0.969898, 0.115857, -0.214185,
		27.254444, 36.711502, 31.488258>
	pigment { color rgbt <0,1,1,0> }
	no_shadow
}
cylinder {
	<26.977167, 37.227760, 31.914316>,  <26.575516, 36.630405, 31.638187>, 0.130000
	pigment { color rgbt <1,0,0,0> }
	no_shadow
}

// nucleotide -1

// particle -1
sphere {
	<26.977167, 37.227760, 31.914316> 0.250000
	pigment { color rgbt <1,0,0,0> }
	no_shadow
}
cylinder {
	<27.092363, 37.125507, 31.545162>,  <27.161480, 37.064156, 31.323669>, 0.100000
	pigment { color rgbt <1,0,0,0> }
	no_shadow
}
cylinder {
	<27.092363, 37.125507, 31.545162>,  <26.977167, 37.227760, 31.914316>, 0.100000
	pigment { color rgbt <1,0,0,0> }
	no_shadow
}

// particle -1
sphere {
	<27.092363, 37.125507, 31.545162> 0.100000
	pigment { color rgbt <1,0,0,0> }
	no_shadow
}
sphere {
	0, 1
	scale<0.080000,0.200000,0.300000>
	matrix <-0.293649, 0.893712, -0.339189,
		0.911500, 0.368687, 0.182313,
		0.287990, -0.255635, -0.922883,
		27.178761, 37.048817, 31.268297>
	pigment { color rgbt <0,1,1,0> }
	no_shadow
}
cylinder {
	<27.462116, 37.030933, 32.497108>,  <26.977167, 37.227760, 31.914316>, 0.130000
	pigment { color rgbt <1,0,0,0> }
	no_shadow
}

// nucleotide -1

// particle -1
sphere {
	<27.462116, 37.030933, 32.497108> 0.250000
	pigment { color rgbt <1,0,0,0> }
	no_shadow
}
cylinder {
	<27.230204, 36.802685, 32.264473>,  <27.091057, 36.665737, 32.124893>, 0.100000
	pigment { color rgbt <1,0,0,0> }
	no_shadow
}
cylinder {
	<27.230204, 36.802685, 32.264473>,  <27.462116, 37.030933, 32.497108>, 0.100000
	pigment { color rgbt <1,0,0,0> }
	no_shadow
}

// particle -1
sphere {
	<27.230204, 36.802685, 32.264473> 0.100000
	pigment { color rgbt <1,0,0,0> }
	no_shadow
}
sphere {
	0, 1
	scale<0.080000,0.200000,0.300000>
