// switches for output
#declare DRAW_BASES = 1; // possible values are 0, 1; only relevant for DNA ribbons
#declare DRAW_BASES_TYPE = 3; // possible values are 1, 2, 3; only relevant for DNA ribbons
#declare DRAW_FOG = 0; // set to 1 to enable fog

#include "colors.inc"

#include "transforms.inc"
background { rgb <1, 1, 1>}

#default {
   normal{
       ripples 0.25
       frequency 0.20
       turbulence 0.2
       lambda 5
   }
	finish {
		phong 0.1
		phong_size 40.
	}
}

// original window dimensions: 1024x640


// camera settings

camera {
	sky <0, 0.179814, -0.983701>
	up <0, 0.179814, -0.983701>
	right 1.6 * <1, 0, 0>
	location <35, 94.9851, 44.8844>
	look_at <35, 29.7336, 32.9568>
	direction <0, -65.2515, -11.9276>
	angle 67.0682
}


# declare cpy_camera_pos = <35, 94.9851, 44.8844>;
# if (DRAW_FOG = 1)
fog {
	fog_type 2
	up vnormalize(cpy_camera_pos)
	color rgbt<1,1,1,0.3>
	distance 1e-5
	fog_alt 3e-3
	fog_offset 56
}
# end


// LIGHTS

# declare lum = 6;
global_settings {
	ambient_light rgb lum * <0.05, 0.05, 0.05>
	max_trace_level 15
}# declare cpy_direct_light_amount = 0.25;
light_source
{	1000 * <-1, -1.16352, -0.803886>,
	rgb lum * cpy_direct_light_amount
	parallel
}

light_source
{	1000 * <1, 1.16352, 0.803886>,
	rgb lum * cpy_direct_light_amount
	parallel
}

// strand 0

// nucleotide -1

// particle -1
sphere {
	<24.293301, 34.515408, 35.274883> 0.250000
	pigment { color rgbt <1,0,0,0> }
	no_shadow
}
cylinder {
	<24.361908, 34.872936, 35.109154>,  <24.403072, 35.087452, 35.009716>, 0.100000
	pigment { color rgbt <1,0,0,0> }
	no_shadow
}
cylinder {
	<24.361908, 34.872936, 35.109154>,  <24.293301, 34.515408, 35.274883>, 0.100000
	pigment { color rgbt <1,0,0,0> }
	no_shadow
}

// particle -1
sphere {
	<24.361908, 34.872936, 35.109154> 0.100000
	pigment { color rgbt <1,0,0,0> }
	no_shadow
}
sphere {
	0, 1
	scale<0.080000,0.200000,0.300000>
	matrix <0.872614, -0.333046, -0.357248,
		-0.457304, -0.300268, -0.837086,
		0.171518, 0.893823, -0.414321,
		24.413363, 35.141083, 34.984856>
	pigment { color rgbt <0,1,1,0> }
	no_shadow
}
cylinder {
	<24.287331, 34.426258, 34.471939>,  <24.293301, 34.515408, 35.274883>, 0.130000
	pigment { color rgbt <1,0,0,0> }
	no_shadow
}

// nucleotide -1

// particle -1
sphere {
	<24.287331, 34.426258, 34.471939> 0.250000
	pigment { color rgbt <1,0,0,0> }
	no_shadow
}
cylinder {
	<24.522665, 34.710773, 34.625786>,  <24.663866, 34.881481, 34.718094>, 0.100000
	pigment { color rgbt <1,0,0,0> }
	no_shadow
}
cylinder {
	<24.522665, 34.710773, 34.625786>,  <24.287331, 34.426258, 34.471939>, 0.100000
	pigment { color rgbt <1,0,0,0> }
	no_shadow
}

// particle -1
sphere {
	<24.522665, 34.710773, 34.625786> 0.100000
	pigment { color rgbt <1,0,0,0> }
	no_shadow
}
sphere {
	0, 1
	scale<0.080000,0.200000,0.300000>
	matrix <0.767197, -0.340741, -0.543419,
		-0.255474, 0.614788, -0.746169,
		0.588338, 0.711288, 0.384613,
		24.699167, 34.924160, 34.741169>
	pigment { color rgbt <0,1,1,0> }
	no_shadow
}
cylinder {
	<24.583490, 34.753510, 33.920547>,  <24.287331, 34.426258, 34.471939>, 0.130000
	pigment { color rgbt <1,0,0,0> }
	no_shadow
}

// nucleotide -1

// particle -1
sphere {
	<24.583490, 34.753510, 33.920547> 0.250000
	pigment { color rgbt <1,0,0,0> }
	no_shadow
}
cylinder {
	<24.832064, 34.838596, 34.222164>,  <24.981207, 34.889648, 34.403133>, 0.100000
	pigment { color rgbt <1,0,0,0> }
	no_shadow
}
cylinder {
	<24.832064, 34.838596, 34.222164>,  <24.583490, 34.753510, 33.920547>, 0.100000
	pigment { color rgbt <1,0,0,0> }
	no_shadow
}

// particle -1
sphere {
	<24.832064, 34.838596, 34.222164> 0.100000
	pigment { color rgbt <1,0,0,0> }
	no_shadow
}
sphere {
	0, 1
	scale<0.080000,0.200000,0.300000>
	matrix <0.780712, -0.248792, -0.573229,
		0.065664, 0.944910, -0.320677,
		0.621432, 0.212716, 0.754039,
		25.018494, 34.902412, 34.448376>
	pigment { color rgbt <0,1,1,0> }
	no_shadow
}
cylinder {
	<25.004190, 35.142105, 33.571518>,  <24.583490, 34.753510, 33.920547>, 0.130000
	pigment { color rgbt <1,0,0,0> }
	no_shadow
}

// nucleotide -1

// particle -1
sphere {
	<25.004190, 35.142105, 33.571518> 0.250000
	pigment { color rgbt <1,0,0,0> }
	no_shadow
}
cylinder {
	<25.195135, 34.931087, 33.852608>,  <25.309702, 34.804478, 34.021259>, 0.100000
	pigment { color rgbt <1,0,0,0> }
	no_shadow
}
cylinder {
	<25.195135, 34.931087, 33.852608>,  <25.004190, 35.142105, 33.571518>, 0.100000
	pigment { color rgbt <1,0,0,0> }
	no_shadow
}

// particle -1
sphere {
	<25.195135, 34.931087, 33.852608> 0.100000
	pigment { color rgbt <1,0,0,0> }
	no_shadow
}
sphere {
	0, 1
	scale<0.080000,0.200000,0.300000>
	matrix <0.693545, -0.264855, -0.669961,
		0.539555, 0.807184, 0.239445,
		0.477364, -0.527547, 0.702722,
		25.338345, 34.772823, 34.063423>
	pigment { color rgbt <0,1,1,0> }
	no_shadow
}
cylinder {
	<25.699104, 35.353775, 33.553585>,  <25.004190, 35.142105, 33.571518>, 0.130000
	pigment { color rgbt <1,0,0,0> }
	no_shadow
}

// nucleotide -1

// particle -1
sphere {
	<25.699104, 35.353775, 33.553585> 0.250000
	pigment { color rgbt <1,0,0,0> }
	no_shadow
}
cylinder {
	<25.693617, 34.982166, 33.701492>,  <25.690325, 34.759201, 33.790237>, 0.100000
	pigment { color rgbt <1,0,0,0> }
	no_shadow
}
cylinder {
	<25.693617, 34.982166, 33.701492>,  <25.699104, 35.353775, 33.553585>, 0.100000
	pigment { color rgbt <1,0,0,0> }
	no_shadow
}

// particle -1
sphere {
	<25.693617, 34.982166, 33.701492> 0.100000
	pigment { color rgbt <1,0,0,0> }
	no_shadow
}
sphere {
	0, 1
	scale<0.080000,0.200000,0.300000>
	matrix <0.808082, -0.228105, -0.543113,
		0.588911, 0.291356, 0.753854,
		-0.013719, -0.929021, 0.369773,
		25.689501, 34.703461, 33.812424>
	pigment { color rgbt <0,1,1,0> }
	no_shadow
}
cylinder {
	<26.262030, 35.088856, 33.996727>,  <25.699104, 35.353775, 33.553585>, 0.130000
	pigment { color rgbt <1,0,0,0> }
	no_shadow
}

// nucleotide -1

// particle -1
sphere {
	<26.262030, 35.088856, 33.996727> 0.250000
	pigment { color rgbt <1,0,0,0> }
	no_shadow
}
cylinder {
	<26.132710, 34.773151, 33.787903>,  <26.055119, 34.583729, 33.662609>, 0.100000
	pigment { color rgbt <1,0,0,0> }
	no_shadow
}
cylinder {
	<26.132710, 34.773151, 33.787903>,  <26.262030, 35.088856, 33.996727>, 0.100000
	pigment { color rgbt <1,0,0,0> }
	no_shadow
}

// particle -1
sphere {
	<26.132710, 34.773151, 33.787903> 0.100000
	pigment { color rgbt <1,0,0,0> }
	no_shadow
}
sphere {
	0, 1
	scale<0.080000,0.200000,0.300000>
	matrix <0.908723, -0.105025, -0.403971,
		0.264009, -0.605011, 0.751173,
		-0.323298, -0.789260, -0.522060,
		26.035721, 34.536373, 33.631287>
	pigment { color rgbt <0,1,1,0> }
	no_shadow
}
cylinder {
	<26.751776, 34.581432, 34.008823>,  <26.262030, 35.088856, 33.996727>, 0.130000
	pigment { color rgbt <1,0,0,0> }
	no_shadow
}

// nucleotide -1

// particle -1
sphere {
	<26.751776, 34.581432, 34.008823> 0.250000
	pigment { color rgbt <1,0,0,0> }
	no_shadow
}
cylinder {
	<26.546486, 34.442703, 33.694801>,  <26.423313, 34.359467, 33.506386>, 0.100000
	pigment { color rgbt <1,0,0,0> }
	no_shadow
}
cylinder {
	<26.546486, 34.442703, 33.694801>,  <26.751776, 34.581432, 34.008823>, 0.100000
	pigment { color rgbt <1,0,0,0> }
	no_shadow
}

// particle -1
sphere {
	<26.546486, 34.442703, 33.694801> 0.100000
	pigment { color rgbt <1,0,0,0> }
	no_shadow
}
sphere {
	0, 1
	scale<0.080000,0.200000,0.300000>
	matrix <0.858255, -0.206179, -0.469988,
		0.001140, -0.914988, 0.403479,
		-0.513223, -0.346824, -0.785058,
		26.392519, 34.338657, 33.459286>
	pigment { color rgbt <0,1,1,0> }
	no_shadow
}
cylinder {
	<27.019991, 33.926746, 33.871941>,  <26.751776, 34.581432, 34.008823>, 0.130000
	pigment { color rgbt <1,0,0,0> }
	no_shadow
}

// nucleotide -1

// particle -1
sphere {
	<27.019991, 33.926746, 33.871941> 0.250000
	pigment { color rgbt <1,0,0,0> }
	no_shadow
}
cylinder {
	<26.812740, 34.024887, 33.544197>,  <26.688389, 34.083771, 33.347553>, 0.100000
	pigment { color rgbt <1,0,0,0> }
	no_shadow
}
cylinder {
	<26.812740, 34.024887, 33.544197>,  <27.019991, 33.926746, 33.871941>, 0.100000
	pigment { color rgbt <1,0,0,0> }
	no_shadow
}

// particle -1
sphere {
	<26.812740, 34.024887, 33.544197> 0.100000
	pigment { color rgbt <1,0,0,0> }
	no_shadow
}
sphere {
	0, 1
	scale<0.080000,0.200000,0.300000>
	matrix <0.745985, -0.338978, -0.573237,
		-0.418392, -0.908237, -0.007399,
		-0.518127, 0.245357, -0.819356,
		26.657303, 34.098495, 33.298389>
	pigment { color rgbt <0,1,1,0> }
	no_shadow
}
cylinder {
	<27.091248, 33.396816, 33.461933>,  <27.019991, 33.926746, 33.871941>, 0.130000
	pigment { color rgbt <1,0,0,0> }
	no_shadow
}

// nucleotide -1

// particle -1
sphere {
	<27.091248, 33.396816, 33.461933> 0.250000
	pigment { color rgbt <1,0,0,0> }
	no_shadow
}
cylinder {
	<26.997183, 33.712185, 33.234570>,  <26.940744, 33.901405, 33.098152>, 0.100000
	pigment { color rgbt <1,0,0,0> }
	no_shadow
}
cylinder {
	<26.997183, 33.712185, 33.234570>,  <27.091248, 33.396816, 33.461933>, 0.100000
	pigment { color rgbt <1,0,0,0> }
	no_shadow
}

// particle -1
sphere {
	<26.997183, 33.712185, 33.234570> 0.100000
	pigment { color rgbt <1,0,0,0> }
	no_shadow
}
sphere {
	0, 1
	scale<0.080000,0.200000,0.300000>
	matrix <0.805137, -0.169581, -0.568328,
		-0.544475, -0.591293, -0.594911,
		-0.235163, 0.788425, -0.568404,
		26.926634, 33.948711, 33.064049>
	pigment { color rgbt <0,1,1,0> }
	no_shadow
}
cylinder {
	<27.153683, 33.142429, 32.763031>,  <27.091248, 33.396816, 33.461933>, 0.130000
	pigment { color rgbt <1,0,0,0> }
	no_shadow
}

// nucleotide -1

// particle -1
sphere {
	<27.153683, 33.142429, 32.763031> 0.250000
	pigment { color rgbt <1,0,0,0> }
	no_shadow
}
cylinder {
	<27.154346, 33.538589, 32.707745>,  <27.154745, 33.776287, 32.674572>, 0.100000
	pigment { color rgbt <1,0,0,0> }
	no_shadow
}
cylinder {
	<27.154346, 33.538589, 32.707745>,  <27.153683, 33.142429, 32.763031>, 0.100000
	pigment { color rgbt <1,0,0,0> }
	no_shadow
}

// particle -1
sphere {
	<27.154346, 33.538589, 32.707745> 0.100000
	pigment { color rgbt <1,0,0,0> }
	no_shadow
}
sphere {
	0, 1
	scale<0.080000,0.200000,0.300000>
	matrix <0.732551, -0.095290, -0.674010,
		-0.680711, -0.100131, -0.725677,
		0.001660, 0.990401, -0.138216,
		27.154844, 33.835709, 32.666279>
	pigment { color rgbt <0,1,1,0> }
	no_shadow
}
cylinder {
	<27.278002, 33.213055, 32.073986>,  <27.153683, 33.142429, 32.763031>, 0.130000
	pigment { color rgbt <1,0,0,0> }
	no_shadow
}

// nucleotide -1

// particle -1
sphere {
	<27.278002, 33.213055, 32.073986> 0.250000
	pigment { color rgbt <1,0,0,0> }
	no_shadow
}
cylinder {
	<27.398533, 33.555378, 32.242168>,  <27.470852, 33.760773, 32.343079>, 0.100000
	pigment { color rgbt <1,0,0,0> }
	no_shadow
}
cylinder {
	<27.398533, 33.555378, 32.242168>,  <27.278002, 33.213055, 32.073986>, 0.100000
	pigment { color rgbt <1,0,0,0> }
	no_shadow
}

// particle -1
sphere {
	<27.398533, 33.555378, 32.242168> 0.100000
	pigment { color rgbt <1,0,0,0> }
	no_shadow
}
sphere {
	0, 1
	scale<0.080000,0.200000,0.300000>
	matrix <0.772158, 0.039705, -0.634188,
		-0.559441, 0.515759, -0.648859,
		0.301326, 0.855813, 0.420461,
		27.488930, 33.812122, 32.368305>
	pigment { color rgbt <0,1,1,0> }
	no_shadow
}
cylinder {
	<27.299210, 33.788696, 31.521416>,  <27.278002, 33.213055, 32.073986>, 0.130000
	pigment { color rgbt <1,0,0,0> }
	no_shadow
}

// nucleotide -1

// particle -1
sphere {
	<27.299210, 33.788696, 31.521416> 0.250000
	pigment { color rgbt <1,0,0,0> }
	no_shadow
}
cylinder {
	<27.540974, 33.789600, 31.840084>,  <27.686031, 33.790142, 32.031284>, 0.100000
	pigment { color rgbt <1,0,0,0> }
	no_shadow
}
cylinder {
	<27.540974, 33.789600, 31.840084>,  <27.299210, 33.788696, 31.521416>, 0.100000
	pigment { color rgbt <1,0,0,0> }
	no_shadow
}

// particle -1
sphere {
	<27.540974, 33.789600, 31.840084> 0.100000
	pigment { color rgbt <1,0,0,0> }
	no_shadow
}
sphere {
	0, 1
	scale<0.080000,0.200000,0.300000>
	matrix <0.794299, 0.075428, -0.602826,
		-0.061455, 0.997149, 0.043792,
		0.604410, 0.002263, 0.796670,
		27.722298, 33.790279, 32.079086>
	pigment { color rgbt <0,1,1,0> }
	no_shadow
}
cylinder {
	<27.737925, 34.365105, 31.431398>,  <27.299210, 33.788696, 31.521416>, 0.130000
	pigment { color rgbt <1,0,0,0> }
	no_shadow
}

// nucleotide -1

// particle -1
sphere {
	<27.737925, 34.365105, 31.431398> 0.250000
	pigment { color rgbt <1,0,0,0> }
	no_shadow
}
cylinder {
	<27.921234, 34.115265, 31.684338>,  <28.031219, 33.965363, 31.836102>, 0.100000
	pigment { color rgbt <1,0,0,0> }
	no_shadow
}
cylinder {
	<27.921234, 34.115265, 31.684338>,  <27.737925, 34.365105, 31.431398>, 0.100000
	pigment { color rgbt <1,0,0,0> }
	no_shadow
}

// particle -1
sphere {
	<27.921234, 34.115265, 31.684338> 0.100000
	pigment { color rgbt <1,0,0,0> }
	no_shadow
}
sphere {
	0, 1
	scale<0.080000,0.200000,0.300000>
	matrix <0.847284, 0.092074, -0.523098,
		0.268501, 0.775502, 0.571405,
		0.458275, -0.624595, 0.632349,
		28.058716, 33.927887, 31.874043>
	pigment { color rgbt <0,1,1,0> }
	no_shadow
}
cylinder {
	<28.215216, 34.703888, 31.789368>,  <27.737925, 34.365105, 31.431398>, 0.130000
	pigment { color rgbt <1,0,0,0> }
	no_shadow
}

// nucleotide -1

// particle -1
sphere {
	<28.215216, 34.703888, 31.789368> 0.250000
	pigment { color rgbt <1,0,0,0> }
	no_shadow
}
cylinder {
	<28.315065, 34.319683, 31.740208>,  <28.374975, 34.089161, 31.710712>, 0.100000
	pigment { color rgbt <1,0,0,0> }
	no_shadow
}
cylinder {
	<28.315065, 34.319683, 31.740208>,  <28.215216, 34.703888, 31.789368>, 0.100000
	pigment { color rgbt <1,0,0,0> }
	no_shadow
}

// particle -1
sphere {
	<28.315065, 34.319683, 31.740208> 0.100000
	pigment { color rgbt <1,0,0,0> }
	no_shadow
}
sphere {
	0, 1
	scale<0.080000,0.200000,0.300000>
	matrix <0.941326, 0.270469, -0.201870,
		0.227139, -0.065295, 0.971671,
		0.249626, -0.960512, -0.122898,
		28.389954, 34.031528, 31.703339>
	pigment { color rgbt <0,1,1,0> }
	no_shadow
}
cylinder {
	<28.657070, 34.501789, 32.358692>,  <28.215216, 34.703888, 31.789368>, 0.130000
	pigment { color rgbt <1,0,0,0> }
	no_shadow
}

// nucleotide -1

// particle -1
sphere {
	<28.657070, 34.501789, 32.358692> 0.250000
	pigment { color rgbt <1,0,0,0> }
	no_shadow
}
cylinder {
	<28.713379, 34.336132, 31.998989>,  <28.747164, 34.236740, 31.783167>, 0.100000
	pigment { color rgbt <1,0,0,0> }
	no_shadow
}
cylinder {
	<28.713379, 34.336132, 31.998989>,  <28.657070, 34.501789, 32.358692>, 0.100000
	pigment { color rgbt <1,0,0,0> }
	no_shadow
}

// particle -1
sphere {
	<28.713379, 34.336132, 31.998989> 0.100000
	pigment { color rgbt <1,0,0,0> }
	no_shadow
}
sphere {
	0, 1
	scale<0.080000,0.200000,0.300000>
	matrix <0.968183, 0.247399, 0.037627,
		0.206893, -0.875946, 0.435790,
		0.140773, -0.414140, -0.899261,
		28.755611, 34.211891, 31.729210>
	pigment { color rgbt <0,1,1,0> }
	no_shadow
}
cylinder {
	<28.417681, 34.278236, 33.075649>,  <28.657070, 34.501789, 32.358692>, 0.130000
	pigment { color rgbt <1,0,0,0> }
	no_shadow
}

// nucleotide -1

// particle -1
sphere {
	<28.417681, 34.278236, 33.075649> 0.250000
	pigment { color rgbt <1,0,0,0> }
	no_shadow
}
cylinder {
	<28.223476, 34.246239, 32.727425>,  <28.106955, 34.227039, 32.518490>, 0.100000
	pigment { color rgbt <1,0,0,0> }
	no_shadow
}
cylinder {
	<28.223476, 34.246239, 32.727425>,  <28.417681, 34.278236, 33.075649>, 0.100000
	pigment { color rgbt <1,0,0,0> }
	no_shadow
}

// particle -1
sphere {
	<28.223476, 34.246239, 32.727425> 0.100000
	pigment { color rgbt <1,0,0,0> }
	no_shadow
}
sphere {
	0, 1
	scale<0.080000,0.200000,0.300000>
	matrix <-0.849706, 0.277393, 0.448390,
		0.205618, 0.957420, -0.202651,
		-0.485511, -0.079996, -0.870563,
		28.077824, 34.222240, 32.466255>
	pigment { color rgbt <0,1,1,0> }
	no_shadow
}
cylinder {
	<27.970531, 34.860691, 32.936283>,  <28.417681, 34.278236, 33.075649>, 0.130000
	pigment { color rgbt <1,0,0,0> }
	no_shadow
}

// nucleotide -1

// particle -1
sphere {
	<27.970531, 34.860691, 32.936283> 0.250000
	pigment { color rgbt <1,0,0,0> }
	no_shadow
}
cylinder {
	<27.803486, 34.562649, 32.728279>,  <27.703259, 34.383823, 32.603477>, 0.100000
	pigment { color rgbt <1,0,0,0> }
	no_shadow
}
cylinder {
	<27.803486, 34.562649, 32.728279>,  <27.970531, 34.860691, 32.936283>, 0.100000
	pigment { color rgbt <1,0,0,0> }
	no_shadow
}

// particle -1
sphere {
	<27.803486, 34.562649, 32.728279> 0.100000
	pigment { color rgbt <1,0,0,0> }
	no_shadow
}
sphere {
	0, 1
	scale<0.080000,0.200000,0.300000>
	matrix <-0.847086, 0.112232, 0.519471,
		-0.328700, 0.657432, -0.678041,
		-0.417615, -0.745109, -0.520010,
		27.678202, 34.339115, 32.572277>
	pigment { color rgbt <0,1,1,0> }
	no_shadow
}
cylinder {
	<27.303391, 35.096352, 32.651920>,  <27.970531, 34.860691, 32.936283>, 0.130000
	pigment { color rgbt <1,0,0,0> }
	no_shadow
}

// nucleotide -1

// particle -1
sphere {
	<27.303391, 35.096352, 32.651920> 0.250000
	pigment { color rgbt <1,0,0,0> }
	no_shadow
}
cylinder {
	<27.263613, 34.698509, 32.663734>,  <27.239746, 34.459805, 32.670822>, 0.100000
	pigment { color rgbt <1,0,0,0> }
	no_shadow
}
cylinder {
	<27.263613, 34.698509, 32.663734>,  <27.303391, 35.096352, 32.651920>, 0.100000
	pigment { color rgbt <1,0,0,0> }
	no_shadow
}

// particle -1
sphere {
	<27.263613, 34.698509, 32.663734> 0.100000
	pigment { color rgbt <1,0,0,0> }
	no_shadow
}
sphere {
	0, 1
	scale<0.080000,0.200000,0.300000>
	matrix <-0.951839, 0.103739, 0.288514,
		-0.290022, 0.000577, -0.957020,
		-0.099446, -0.994605, 0.029537,
		27.233778, 34.400127, 32.672596>
	pigment { color rgbt <0,1,1,0> }
	no_shadow
}
cylinder {
	<26.771498, 34.970856, 32.226513>,  <27.303391, 35.096352, 32.651920>, 0.130000
	pigment { color rgbt <1,0,0,0> }
	no_shadow
}

// nucleotide -1

// particle -1
sphere {
	<26.771498, 34.970856, 32.226513> 0.250000
	pigment { color rgbt <1,0,0,0> }
	no_shadow
}
cylinder {
	<26.788214, 34.656445, 32.473225>,  <26.798244, 34.467796, 32.621250>, 0.100000
	pigment { color rgbt <1,0,0,0> }
	no_shadow
}
cylinder {
	<26.788214, 34.656445, 32.473225>,  <26.771498, 34.970856, 32.226513>, 0.100000
	pigment { color rgbt <1,0,0,0> }
	no_shadow
}

// particle -1
sphere {
	<26.788214, 34.656445, 32.473225> 0.100000
	pigment { color rgbt <1,0,0,0> }
	no_shadow
}
sphere {
	0, 1
	scale<0.080000,0.200000,0.300000>
	matrix <-0.965956, 0.125956, 0.225972,
		-0.255307, -0.605223, -0.754005,
		0.041792, -0.786028, 0.616777,
		26.800751, 34.420635, 32.658257>
	pigment { color rgbt <0,1,1,0> }
	no_shadow
}
cylinder {
	<26.180103, 34.436741, 32.088821>,  <26.771498, 34.970856, 32.226513>, 0.130000
	pigment { color rgbt <1,0,0,0> }
	no_shadow
}

// nucleotide -1

// particle -1
sphere {
	<26.180103, 34.436741, 32.088821> 0.250000
	pigment { color rgbt <1,0,0,0> }
	no_shadow
}
cylinder {
	<26.332632, 34.368748, 32.452293>,  <26.424150, 34.327950, 32.670376>, 0.100000
	pigment { color rgbt <1,0,0,0> }
	no_shadow
}
cylinder {
	<26.332632, 34.368748, 32.452293>,  <26.180103, 34.436741, 32.088821>, 0.100000
	pigment { color rgbt <1,0,0,0> }
	no_shadow
}

// particle -1
sphere {
	<26.332632, 34.368748, 32.452293> 0.100000
	pigment { color rgbt <1,0,0,0> }
	no_shadow
}
sphere {
	0, 1
	scale<0.080000,0.200000,0.300000>
	matrix <-0.900470, 0.154093, 0.406706,
		-0.209156, -0.973324, -0.094309,
		0.381324, -0.169987, 0.908678,
		26.447029, 34.317753, 32.724895>
	pigment { color rgbt <0,1,1,0> }
	no_shadow
}
cylinder {
	<26.386242, 33.786530, 32.204758>,  <26.180103, 34.436741, 32.088821>, 0.130000
	pigment { color rgbt <1,0,0,0> }
	no_shadow
}

// nucleotide -1

// particle -1
sphere {
	<26.386242, 33.786530, 32.204758> 0.250000
	pigment { color rgbt <1,0,0,0> }
	no_shadow
}
cylinder {
	<26.238684, 33.459610, 32.381817>,  <26.150148, 33.263458, 32.488052>, 0.100000
	pigment { color rgbt <1,0,0,0> }
	no_shadow
}
cylinder {
	<26.238684, 33.459610, 32.381817>,  <26.386242, 33.786530, 32.204758>, 0.100000
	pigment { color rgbt <1,0,0,0> }
	no_shadow
}

// particle -1
sphere {
	<26.238684, 33.459610, 32.381817> 0.100000
	pigment { color rgbt <1,0,0,0> }
	no_shadow
}
sphere {
	0, 1
	scale<0.080000,0.200000,0.300000>
	matrix <-0.163478, -0.411764, -0.896508,
		0.914981, -0.403082, 0.018288,
		-0.368896, -0.817298, 0.442651,
		26.128016, 33.214420, 32.514610>
	pigment { color rgbt <0,1,1,0> }
	no_shadow
}
cylinder {
	<25.676239, 34.037788, 32.413120>,  <26.386242, 33.786530, 32.204758>, 0.130000
	pigment { color rgbt <1,0,0,0> }
	no_shadow
}

// nucleotide -1

// particle -1
sphere {
	<25.676239, 34.037788, 32.413120> 0.250000
	pigment { color rgbt <1,0,0,0> }
	no_shadow
}
cylinder {
	<25.912365, 34.116856, 32.726158>,  <26.054041, 34.164295, 32.913982>, 0.100000
	pigment { color rgbt <1,0,0,0> }
	no_shadow
}
cylinder {
	<25.912365, 34.116856, 32.726158>,  <25.676239, 34.037788, 32.413120>, 0.100000
	pigment { color rgbt <1,0,0,0> }
	no_shadow
}

// particle -1
sphere {
	<25.912365, 34.116856, 32.726158> 0.100000
	pigment { color rgbt <1,0,0,0> }
	no_shadow
}
sphere {
	0, 1
	scale<0.080000,0.200000,0.300000>
	matrix <-0.807170, 0.142465, 0.572870,
		0.001746, -0.969861, 0.243651,
		0.590316, 0.197668, 0.782594,
		26.089460, 34.176155, 32.960938>
	pigment { color rgbt <0,1,1,0> }
	no_shadow
}
cylinder {
	<25.576319, 33.502033, 32.956158>,  <25.676239, 34.037788, 32.413120>, 0.130000
	pigment { color rgbt <1,0,0,0> }
	no_shadow
}

// nucleotide -1

// particle -1
sphere {
	<25.576319, 33.502033, 32.956158> 0.250000
	pigment { color rgbt <1,0,0,0> }
	no_shadow
}
cylinder {
	<25.702675, 33.831356, 33.144787>,  <25.778488, 34.028950, 33.257965>, 0.100000
	pigment { color rgbt <1,0,0,0> }
	no_shadow
}
cylinder {
	<25.702675, 33.831356, 33.144787>,  <25.576319, 33.502033, 32.956158>, 0.100000
	pigment { color rgbt <1,0,0,0> }
	no_shadow
}

// particle -1
sphere {
	<25.702675, 33.831356, 33.144787> 0.100000
	pigment { color rgbt <1,0,0,0> }
	no_shadow
}
sphere {
	0, 1
	scale<0.080000,0.200000,0.300000>
	matrix <-0.831047, 0.000279, 0.556202,
		0.457792, -0.567600, 0.684293,
		0.315891, 0.823305, 0.471574,
		25.797441, 34.078346, 33.286259>
	pigment { color rgbt <0,1,1,0> }
	no_shadow
}
cylinder {
	<25.526033, 33.390392, 33.612335>,  <25.576319, 33.502033, 32.956158>, 0.130000
	pigment { color rgbt <1,0,0,0> }
	no_shadow
}

// nucleotide -1

// particle -1
sphere {
	<25.526033, 33.390392, 33.612335> 0.250000
	pigment { color rgbt <1,0,0,0> }
	no_shadow
}
cylinder {
	<25.485125, 33.786026, 33.569889>,  <25.460579, 34.023407, 33.544422>, 0.100000
	pigment { color rgbt <1,0,0,0> }
	no_shadow
}
cylinder {
	<25.485125, 33.786026, 33.569889>,  <25.526033, 33.390392, 33.612335>, 0.100000
	pigment { color rgbt <1,0,0,0> }
	no_shadow
}

// particle -1
sphere {
	<25.485125, 33.786026, 33.569889> 0.100000
	pigment { color rgbt <1,0,0,0> }
	no_shadow
}
sphere {
	0, 1
	scale<0.080000,0.200000,0.300000>
	matrix <-0.849527, -0.031343, 0.526613,
		0.517537, 0.144005, 0.843456,
		-0.102271, 0.989080, -0.106115,
		25.454443, 34.082748, 33.538055>
	pigment { color rgbt <0,1,1,0> }
	no_shadow
}
cylinder {
	<25.569082, 33.509449, 34.313046>,  <25.526033, 33.390392, 33.612335>, 0.130000
	pigment { color rgbt <1,0,0,0> }
	no_shadow
}

// nucleotide -1

// particle -1
sphere {
	<25.569082, 33.509449, 34.313046> 0.250000
	pigment { color rgbt <1,0,0,0> }
	no_shadow
}
cylinder {
	<25.641319, 33.874344, 34.165958>,  <25.684662, 34.093281, 34.077705>, 0.100000
	pigment { color rgbt <1,0,0,0> }
	no_shadow
}
cylinder {
	<25.641319, 33.874344, 34.165958>,  <25.569082, 33.509449, 34.313046>, 0.100000
	pigment { color rgbt <1,0,0,0> }
	no_shadow
}

// particle -1
sphere {
	<25.641319, 33.874344, 34.165958> 0.100000
	pigment { color rgbt <1,0,0,0> }
	no_shadow
}
sphere {
	0, 1
	scale<0.080000,0.200000,0.300000>
	matrix <-0.613443, 0.396701, 0.682874,
		0.768814, 0.102251, 0.631244,
		0.180590, 0.912235, -0.367714,
		25.695496, 34.148014, 34.055645>
	pigment { color rgbt <0,1,1,0> }
	no_shadow
}
cylinder {
	<25.977705, 34.004555, 34.897831>,  <25.569082, 33.509449, 34.313046>, 0.130000
	pigment { color rgbt <1,0,0,0> }
	no_shadow
}

// nucleotide -1

// particle -1
sphere {
	<25.977705, 34.004555, 34.897831> 0.250000
	pigment { color rgbt <1,0,0,0> }
	no_shadow
}
cylinder {
	<25.795229, 34.253105, 34.643028>,  <25.685743, 34.402237, 34.490147>, 0.100000
	pigment { color rgbt <1,0,0,0> }
	no_shadow
}
cylinder {
	<25.795229, 34.253105, 34.643028>,  <25.977705, 34.004555, 34.897831>, 0.100000
	pigment { color rgbt <1,0,0,0> }
	no_shadow
}

// particle -1
sphere {
	<25.795229, 34.253105, 34.643028> 0.100000
	pigment { color rgbt <1,0,0,0> }
	no_shadow
}
sphere {
	0, 1
	scale<0.080000,0.200000,0.300000>
	matrix <-0.227805, 0.610436, 0.758599,
		0.860229, 0.491180, -0.136923,
		-0.456192, 0.621378, -0.637008,
		25.658371, 34.439518, 34.451927>
	pigment { color rgbt <0,1,1,0> }
	no_shadow
}
cylinder {
	<26.119421, 34.577900, 35.230618>,  <25.977705, 34.004555, 34.897831>, 0.130000
	pigment { color rgbt <1,0,0,0> }
	no_shadow
}

// nucleotide -1

// particle -1
sphere {
	<26.119421, 34.577900, 35.230618> 0.250000
	pigment { color rgbt <1,0,0,0> }
	no_shadow
}
cylinder {
	<25.832724, 34.658482, 34.963577>,  <25.660706, 34.706833, 34.803352>, 0.100000
	pigment { color rgbt <1,0,0,0> }
	no_shadow
}
cylinder {
	<25.832724, 34.658482, 34.963577>,  <26.119421, 34.577900, 35.230618>, 0.100000
	pigment { color rgbt <1,0,0,0> }
	no_shadow
}

// particle -1
sphere {
	<25.832724, 34.658482, 34.963577> 0.100000
	pigment { color rgbt <1,0,0,0> }
	no_shadow
}
sphere {
	0, 1
	scale<0.080000,0.200000,0.300000>
	matrix <-0.432052, 0.623178, 0.651905,
		0.547365, 0.755688, -0.359620,
		-0.716744, 0.201456, -0.667602,
		25.617701, 34.718918, 34.763298>
	pigment { color rgbt <0,1,1,0> }
	no_shadow
}
cylinder {
	<25.720970, 35.079769, 35.507156>,  <26.119421, 34.577900, 35.230618>, 0.130000
	pigment { color rgbt <1,0,0,0> }
	no_shadow
}

// nucleotide -1

// particle -1
sphere {
	<25.720970, 35.079769, 35.507156> 0.250000
	pigment { color rgbt <1,0,0,0> }
	no_shadow
}
cylinder {
	<25.525881, 35.061302, 35.158447>,  <25.408827, 35.050224, 34.949223>, 0.100000
	pigment { color rgbt <1,0,0,0> }
	no_shadow
}
cylinder {
	<25.525881, 35.061302, 35.158447>,  <25.720970, 35.079769, 35.507156>, 0.100000
	pigment { color rgbt <1,0,0,0> }
	no_shadow
}

// particle -1
sphere {
	<25.525881, 35.061302, 35.158447> 0.100000
	pigment { color rgbt <1,0,0,0> }
	no_shadow
}
sphere {
	0, 1
	scale<0.080000,0.200000,0.300000>
	matrix <-0.712903, 0.597438, 0.367202,
		0.503881, 0.800585, -0.324295,
		-0.487723, -0.046165, -0.871777,
		25.379564, 35.047451, 34.896915>
	pigment { color rgbt <0,1,1,0> }
	no_shadow
}
cylinder {
	<25.562382, 35.789028, 35.177750>,  <25.720970, 35.079769, 35.507156>, 0.130000
	pigment { color rgbt <1,0,0,0> }
	no_shadow
}

// nucleotide -1

// particle -1
sphere {
	<25.562382, 35.789028, 35.177750> 0.250000
	pigment { color rgbt <1,0,0,0> }
	no_shadow
}
cylinder {
	<25.300873, 35.506229, 35.069878>,  <25.143967, 35.336548, 35.005154>, 0.100000
	pigment { color rgbt <1,0,0,0> }
	no_shadow
}
cylinder {
	<25.300873, 35.506229, 35.069878>,  <25.562382, 35.789028, 35.177750>, 0.100000
	pigment { color rgbt <1,0,0,0> }
	no_shadow
}

// particle -1
sphere {
	<25.300873, 35.506229, 35.069878> 0.100000
	pigment { color rgbt <1,0,0,0> }
	no_shadow
}
sphere {
	0, 1
	scale<0.080000,0.200000,0.300000>
	matrix <-0.748854, 0.553360, 0.364706,
		-0.108615, 0.440389, -0.891213,
		-0.653774, -0.707001, -0.269683,
		25.104740, 35.294128, 34.988972>
	pigment { color rgbt <0,1,1,0> }
	no_shadow
}
cylinder {
	<24.996674, 36.081982, 34.800331>,  <25.562382, 35.789028, 35.177750>, 0.130000
	pigment { color rgbt <1,0,0,0> }
	no_shadow
}

// nucleotide -1

// particle -1
sphere {
	<24.996674, 36.081982, 34.800331> 0.250000
	pigment { color rgbt <1,0,0,0> }
	no_shadow
}
cylinder {
	<24.838919, 35.750294, 34.958748>,  <24.744265, 35.551281, 35.053799>, 0.100000
	pigment { color rgbt <1,0,0,0> }
	no_shadow
}
cylinder {
	<24.838919, 35.750294, 34.958748>,  <24.996674, 36.081982, 34.800331>, 0.100000
	pigment { color rgbt <1,0,0,0> }
	no_shadow
}

// particle -1
sphere {
	<24.838919, 35.750294, 34.958748> 0.100000
	pigment { color rgbt <1,0,0,0> }
	no_shadow
}
sphere {
	0, 1
	scale<0.080000,0.200000,0.300000>
	matrix <-0.810753, 0.516865, 0.274827,
		-0.432593, -0.212705, -0.876139,
		-0.394389, -0.829220, 0.396044,
		24.720602, 35.501526, 35.077560>
	pigment { color rgbt <0,1,1,0> }
	no_shadow
}
cylinder {
	<25.663782, 36.328365, 34.388260>,  <24.996674, 36.081982, 34.800331>, 0.130000
	pigment { color rgbt <1,0,0,0> }
	no_shadow
}

// nucleotide -1

// particle -1
sphere {
	<25.663782, 36.328365, 34.388260> 0.250000
	pigment { color rgbt <1,0,0,0> }
	no_shadow
}
cylinder {
	<26.035221, 36.284798, 34.530155>,  <26.258085, 36.258659, 34.615292>, 0.100000
	pigment { color rgbt <1,0,0,0> }
	no_shadow
}
cylinder {
	<26.035221, 36.284798, 34.530155>,  <25.663782, 36.328365, 34.388260>, 0.100000
	pigment { color rgbt <1,0,0,0> }
	no_shadow
}

// particle -1
sphere {
	<26.035221, 36.284798, 34.530155> 0.100000
	pigment { color rgbt <1,0,0,0> }
	no_shadow
}
sphere {
	0, 1
	scale<0.080000,0.200000,0.300000>
	matrix <0.032014, 0.975906, 0.215829,
		-0.369701, -0.189062, 0.909712,
		0.928599, -0.108916, 0.354741,
		26.313801, 36.252125, 34.636578>
	pigment { color rgbt <0,1,1,0> }
	no_shadow
}
cylinder {
	<25.724871, 36.655254, 35.082916>,  <25.663782, 36.328365, 34.388260>, 0.130000
	pigment { color rgbt <1,0,0,0> }
	no_shadow
}

// nucleotide -1

// particle -1
sphere {
	<25.724871, 36.655254, 35.082916> 0.250000
	pigment { color rgbt <1,0,0,0> }
	no_shadow
}
cylinder {
	<26.088232, 36.637215, 34.916653>,  <26.306248, 36.626392, 34.816895>, 0.100000
	pigment { color rgbt <1,0,0,0> }
	no_shadow
}
cylinder {
	<26.088232, 36.637215, 34.916653>,  <25.724871, 36.655254, 35.082916>, 0.100000
	pigment { color rgbt <1,0,0,0> }
	no_shadow
}

// particle -1
sphere {
	<26.088232, 36.637215, 34.916653> 0.100000
	pigment { color rgbt <1,0,0,0> }
	no_shadow
}
sphere {
	0, 1
	scale<0.080000,0.200000,0.300000>
	matrix <0.179043, 0.940356, 0.289263,
		0.377821, -0.337188, 0.862297,
		0.908402, -0.045099, -0.415657,
		26.360752, 36.623684, 34.791954>
	pigment { color rgbt <0,1,1,0> }
	no_shadow
}
cylinder {
	<26.208124, 36.845448, 35.598732>,  <25.724871, 36.655254, 35.082916>, 0.130000
	pigment { color rgbt <1,0,0,0> }
	no_shadow
}

// nucleotide -1

// particle -1
sphere {
	<26.208124, 36.845448, 35.598732> 0.250000
	pigment { color rgbt <1,0,0,0> }
	no_shadow
}
cylinder {
	<26.364969, 36.928745, 35.240318>,  <26.459076, 36.978722, 35.025269>, 0.100000
	pigment { color rgbt <1,0,0,0> }
	no_shadow
}
cylinder {
	<26.364969, 36.928745, 35.240318>,  <26.208124, 36.845448, 35.598732>, 0.100000
	pigment { color rgbt <1,0,0,0> }
	no_shadow
}

// particle -1
sphere {
	<26.364969, 36.928745, 35.240318> 0.100000
	pigment { color rgbt <1,0,0,0> }
	no_shadow
}
sphere {
	0, 1
	scale<0.080000,0.200000,0.300000>
	matrix <0.006320, 0.973408, 0.228990,
		0.919895, -0.095453, 0.380371,
		0.392114, 0.208243, -0.896037,
		26.482603, 36.991219, 34.971508>
	pigment { color rgbt <0,1,1,0> }
	no_shadow
}
cylinder {
	<26.721170, 37.396954, 35.749050>,  <26.208124, 36.845448, 35.598732>, 0.130000
	pigment { color rgbt <1,0,0,0> }
	no_shadow
}

// nucleotide -1

// particle -1
sphere {
	<26.721170, 37.396954, 35.749050> 0.250000
	pigment { color rgbt <1,0,0,0> }
	no_shadow
}
cylinder {
	<26.617428, 37.405460, 35.362831>,  <26.555182, 37.410564, 35.131100>, 0.100000
	pigment { color rgbt <1,0,0,0> }
	no_shadow
}
cylinder {
	<26.617428, 37.405460, 35.362831>,  <26.721170, 37.396954, 35.749050>, 0.100000
	pigment { color rgbt <1,0,0,0> }
	no_shadow
}

// particle -1
sphere {
	<26.617428, 37.405460, 35.362831> 0.100000
	pigment { color rgbt <1,0,0,0> }
	no_shadow
}
sphere {
	0, 1
	scale<0.080000,0.200000,0.300000>
	matrix <0.065986, 0.997811, 0.004249,
		0.963525, -0.062611, -0.260192,
		-0.259356, 0.021264, -0.965548,
		26.539621, 37.411839, 35.073166>
	pigment { color rgbt <0,1,1,0> }
	no_shadow
}
cylinder {
	<27.272774, 37.658215, 35.258144>,  <26.721170, 37.396954, 35.749050>, 0.130000
	pigment { color rgbt <1,0,0,0> }
	no_shadow
}

// nucleotide -1

// particle -1
sphere {
	<27.272774, 37.658215, 35.258144> 0.250000
	pigment { color rgbt <1,0,0,0> }
	no_shadow
}
cylinder {
	<26.903070, 37.728992, 35.122829>,  <26.681250, 37.771458, 35.041641>, 0.100000
	pigment { color rgbt <1,0,0,0> }
	no_shadow
}
cylinder {
	<26.903070, 37.728992, 35.122829>,  <27.272774, 37.658215, 35.258144>, 0.100000
	pigment { color rgbt <1,0,0,0> }
	no_shadow
}

// particle -1
sphere {
	<26.903070, 37.728992, 35.122829> 0.100000
	pigment { color rgbt <1,0,0,0> }
	no_shadow
}
sphere {
	0, 1
	scale<0.080000,0.200000,0.300000>
	matrix <0.145466, 0.982485, 0.116460,
		0.352972, 0.058430, -0.933808,
		-0.924257, 0.176944, -0.338290,
		26.625793, 37.782074, 35.021343>
	pigment { color rgbt <0,1,1,0> }
	no_shadow
}
cylinder {
	<27.924162, 38.011814, 34.955952>,  <27.272774, 37.658215, 35.258144>, 0.130000
	pigment { color rgbt <1,0,0,0> }
	no_shadow
}

// nucleotide -1

// particle -1
sphere {
	<27.924162, 38.011814, 34.955952> 0.250000
	pigment { color rgbt <1,0,0,0> }
	no_shadow
}
cylinder {
	<27.590981, 37.871025, 34.785164>,  <27.391071, 37.786552, 34.682690>, 0.100000
	pigment { color rgbt <1,0,0,0> }
	no_shadow
}
cylinder {
	<27.590981, 37.871025, 34.785164>,  <27.924162, 38.011814, 34.955952>, 0.100000
	pigment { color rgbt <1,0,0,0> }
	no_shadow
}

// particle -1
sphere {
	<27.590981, 37.871025, 34.785164> 0.100000
	pigment { color rgbt <1,0,0,0> }
	no_shadow
}
sphere {
	0, 1
	scale<0.080000,0.200000,0.300000>
	matrix <-0.258781, 0.929822, -0.261654,
		0.489104, -0.107453, -0.865581,
		-0.832952, -0.351973, -0.426973,
		27.341095, 37.765434, 34.657070>
	pigment { color rgbt <0,1,1,0> }
	no_shadow
}
cylinder {
	<27.831581, 38.353115, 34.336285>,  <27.924162, 38.011814, 34.955952>, 0.130000
	pigment { color rgbt <1,0,0,0> }
	no_shadow
}

// nucleotide -1

// particle -1
sphere {
	<27.831581, 38.353115, 34.336285> 0.250000
	pigment { color rgbt <1,0,0,0> }
	no_shadow
}
cylinder {
	<27.465422, 38.202473, 34.393158>,  <27.245726, 38.112087, 34.427280>, 0.100000
	pigment { color rgbt <1,0,0,0> }
	no_shadow
}
cylinder {
	<27.465422, 38.202473, 34.393158>,  <27.831581, 38.353115, 34.336285>, 0.100000
	pigment { color rgbt <1,0,0,0> }
	no_shadow
}

// particle -1
sphere {
	<27.465422, 38.202473, 34.393158> 0.100000
	pigment { color rgbt <1,0,0,0> }
	no_shadow
}
sphere {
	0, 1
	scale<0.080000,0.200000,0.300000>
	matrix <-0.399603, 0.807457, -0.433970,
		0.048633, -0.454071, -0.889638,
		-0.915397, -0.376607, 0.142179,
		27.190802, 38.089489, 34.435810>
	pigment { color rgbt <0,1,1,0> }
	no_shadow
}
cylinder {
	<27.481636, 38.353897, 33.752213>,  <27.831581, 38.353115, 34.336285>, 0.130000
	pigment { color rgbt <1,0,0,0> }
	no_shadow
}

// nucleotide -1

// particle -1
sphere {
	<27.481636, 38.353897, 33.752213> 0.250000
	pigment { color rgbt <1,0,0,0> }
	no_shadow
}
cylinder {
	<27.198956, 38.359081, 34.035168>,  <27.029346, 38.362190, 34.204941>, 0.100000
	pigment { color rgbt <1,0,0,0> }
	no_shadow
}
cylinder {
	<27.198956, 38.359081, 34.035168>,  <27.481636, 38.353897, 33.752213>, 0.100000
	pigment { color rgbt <1,0,0,0> }
	no_shadow
}

// particle -1
sphere {
	<27.198956, 38.359081, 34.035168> 0.100000
	pigment { color rgbt <1,0,0,0> }
	no_shadow
}
sphere {
	0, 1
	scale<0.080000,0.200000,0.300000>
	matrix <-0.435079, 0.780477, -0.448956,
		-0.557921, -0.625050, -0.545926,
		-0.706703, 0.012961, 0.707391,
		26.986944, 38.362968, 34.247387>
	pigment { color rgbt <0,1,1,0> }
	no_shadow
}
cylinder {
	<26.843920, 38.581299, 33.359684>,  <27.481636, 38.353897, 33.752213>, 0.130000
	pigment { color rgbt <1,0,0,0> }
	no_shadow
}

// nucleotide -1

// particle -1
sphere {
	<26.843920, 38.581299, 33.359684> 0.250000
	pigment { color rgbt <1,0,0,0> }
	no_shadow
}
cylinder {
	<26.787045, 38.640961, 33.751099>,  <26.752920, 38.676758, 33.985947>, 0.100000
	pigment { color rgbt <1,0,0,0> }
	no_shadow
}
cylinder {
	<26.787045, 38.640961, 33.751099>,  <26.843920, 38.581299, 33.359684>, 0.100000
	pigment { color rgbt <1,0,0,0> }
	no_shadow
}

// particle -1
sphere {
	<26.787045, 38.640961, 33.751099> 0.100000
	pigment { color rgbt <1,0,0,0> }
	no_shadow
}
sphere {
	0, 1
	scale<0.080000,0.200000,0.300000>
	matrix <-0.420753, 0.885717, -0.196144,
		-0.895963, -0.439611, -0.063181,
		-0.142188, 0.149154, 0.978538,
		26.744389, 38.685707, 34.044659>
	pigment { color rgbt <0,1,1,0> }
	no_shadow
}
cylinder {
	<26.682468, 39.281101, 33.724426>,  <26.843920, 38.581299, 33.359684>, 0.130000
	pigment { color rgbt <1,0,0,0> }
	no_shadow
}

// nucleotide -1

// particle -1
sphere {
	<26.682468, 39.281101, 33.724426> 0.250000
	pigment { color rgbt <1,0,0,0> }
	no_shadow
}
cylinder {
	<26.524031, 39.036938, 33.998802>,  <26.428968, 38.890442, 34.163429>, 0.100000
	pigment { color rgbt <1,0,0,0> }
	no_shadow
}
cylinder {
	<26.524031, 39.036938, 33.998802>,  <26.682468, 39.281101, 33.724426>, 0.100000
	pigment { color rgbt <1,0,0,0> }
	no_shadow
}

// particle -1
sphere {
	<26.524031, 39.036938, 33.998802> 0.100000
	pigment { color rgbt <1,0,0,0> }
	no_shadow
}
sphere {
	0, 1
	scale<0.080000,0.200000,0.300000>
	matrix <-0.576227, 0.746870, 0.331885,
		-0.714894, -0.263802, -0.647561,
		-0.396092, -0.610404, 0.685943,
		26.405203, 38.853817, 34.204586>
	pigment { color rgbt <0,1,1,0> }
	no_shadow
}
cylinder {
	<26.841871, 39.986305, 33.698051>,  <26.682468, 39.281101, 33.724426>, 0.130000
	pigment { color rgbt <1,0,0,0> }
	no_shadow
}

// nucleotide -1

// particle -1
sphere {
	<26.841871, 39.986305, 33.698051> 0.250000
	pigment { color rgbt <1,0,0,0> }
	no_shadow
}
cylinder {
	<26.500002, 39.926773, 33.897003>,  <26.294880, 39.891052, 34.016373>, 0.100000
	pigment { color rgbt <1,0,0,0> }
	no_shadow
}
cylinder {
	<26.500002, 39.926773, 33.897003>,  <26.841871, 39.986305, 33.698051>, 0.100000
	pigment { color rgbt <1,0,0,0> }
	no_shadow
}

// particle -1
sphere {
	<26.500002, 39.926773, 33.897003> 0.100000
	pigment { color rgbt <1,0,0,0> }
	no_shadow
}
sphere {
	0, 1
	scale<0.080000,0.200000,0.300000>
	matrix <0.389366, -0.817450, 0.424464,
		0.343407, 0.556439, 0.756602,
		-0.854673, -0.148831, 0.497377,
		26.243601, 39.882122, 34.046215>
	pigment { color rgbt <0,1,1,0> }
	no_shadow
}
cylinder {
	<26.944540, 39.987595, 34.458988>,  <26.841871, 39.986305, 33.698051>, 0.130000
	pigment { color rgbt <1,0,0,0> }
	no_shadow
}

// nucleotide -1

// particle -1
sphere {
	<26.944540, 39.987595, 34.458988> 0.250000
	pigment { color rgbt <1,0,0,0> }
	no_shadow
}
cylinder {
	<26.631582, 39.761806, 34.353741>,  <26.443808, 39.626335, 34.290592>, 0.100000
	pigment { color rgbt <1,0,0,0> }
	no_shadow
}
cylinder {
	<26.631582, 39.761806, 34.353741>,  <26.944540, 39.987595, 34.458988>, 0.100000
	pigment { color rgbt <1,0,0,0> }
	no_shadow
}

// particle -1
sphere {
	<26.631582, 39.761806, 34.353741> 0.100000
	pigment { color rgbt <1,0,0,0> }
	no_shadow
}
sphere {
	0, 1
	scale<0.080000,0.200000,0.300000>
	matrix <0.368251, -0.760031, 0.535485,
		-0.502247, 0.322065, 0.802510,
		-0.782393, -0.564471, -0.263123,
		26.396864, 39.592464, 34.274803>
	pigment { color rgbt <0,1,1,0> }
	no_shadow
}
cylinder {
	<26.844883, 39.515724, 34.985855>,  <26.944540, 39.987595, 34.458988>, 0.130000
	pigment { color rgbt <1,0,0,0> }
	no_shadow
}

// nucleotide -1

// particle -1
sphere {
	<26.844883, 39.515724, 34.985855> 0.250000
	pigment { color rgbt <1,0,0,0> }
	no_shadow
}
cylinder {
	<26.673088, 39.337914, 34.671417>,  <26.570011, 39.231228, 34.482754>, 0.100000
	pigment { color rgbt <1,0,0,0> }
	no_shadow
}
cylinder {
	<26.673088, 39.337914, 34.671417>,  <26.844883, 39.515724, 34.985855>, 0.100000
	pigment { color rgbt <1,0,0,0> }
	no_shadow
}

// particle -1
sphere {
	<26.673088, 39.337914, 34.671417> 0.100000
	pigment { color rgbt <1,0,0,0> }
	no_shadow
}
sphere {
	0, 1
	scale<0.080000,0.200000,0.300000>
	matrix <0.224631, -0.895689, 0.383774,
