// switches for output
#declare DRAW_BASES = 1; // possible values are 0, 1; only relevant for DNA ribbons
#declare DRAW_BASES_TYPE = 3; // possible values are 1, 2, 3; only relevant for DNA ribbons
#declare DRAW_FOG = 0; // set to 1 to enable fog

#include "colors.inc"

#include "transforms.inc"
background { rgb <1, 1, 1>}

#default {
   normal{
       ripples 0.25
       frequency 0.20
       turbulence 0.2
       lambda 5
   }
	finish {
		phong 0.1
		phong_size 40.
	}
}

// original window dimensions: 1024x640


// camera settings

camera {
	sky <0, 0.179814, -0.983701>
	up <0, 0.179814, -0.983701>
	right 1.6 * <1, 0, 0>
	location <35, 94.9851, 44.8844>
	look_at <35, 29.7336, 32.9568>
	direction <0, -65.2515, -11.9276>
	angle 67.0682
}


# declare cpy_camera_pos = <35, 94.9851, 44.8844>;
# if (DRAW_FOG = 1)
fog {
	fog_type 2
	up vnormalize(cpy_camera_pos)
	color rgbt<1,1,1,0.3>
	distance 1e-5
	fog_alt 3e-3
	fog_offset 56
}
# end


// LIGHTS

# declare lum = 6;
global_settings {
	ambient_light rgb lum * <0.05, 0.05, 0.05>
	max_trace_level 15
}# declare cpy_direct_light_amount = 0.25;
light_source
{	1000 * <-1, -1.16352, -0.803886>,
	rgb lum * cpy_direct_light_amount
	parallel
}

light_source
{	1000 * <1, 1.16352, 0.803886>,
	rgb lum * cpy_direct_light_amount
	parallel
}

// strand 0

// nucleotide -1

// particle -1
sphere {
	<24.231226, 34.963348, 35.154053> 0.250000
	pigment { color rgbt <1,0,0,0> }
	no_shadow
}
cylinder {
	<24.367863, 34.934814, 34.779198>,  <24.449844, 34.917694, 34.554283>, 0.100000
	pigment { color rgbt <1,0,0,0> }
	no_shadow
}
cylinder {
	<24.367863, 34.934814, 34.779198>,  <24.231226, 34.963348, 35.154053>, 0.100000
	pigment { color rgbt <1,0,0,0> }
	no_shadow
}

// particle -1
sphere {
	<24.367863, 34.934814, 34.779198> 0.100000
	pigment { color rgbt <1,0,0,0> }
	no_shadow
}
sphere {
	0, 1
	scale<0.080000,0.200000,0.300000>
	matrix <-0.626655, 0.725834, -0.283671,
		0.700441, 0.684161, 0.203238,
		0.341593, -0.071335, -0.937137,
		24.470341, 34.913414, 34.498058>
	pigment { color rgbt <0,1,1,0> }
	no_shadow
}
cylinder {
	<24.310783, 35.685661, 34.749153>,  <24.231226, 34.963348, 35.154053>, 0.130000
	pigment { color rgbt <1,0,0,0> }
	no_shadow
}

// nucleotide -1

// particle -1
sphere {
	<24.310783, 35.685661, 34.749153> 0.250000
	pigment { color rgbt <1,0,0,0> }
	no_shadow
}
cylinder {
	<24.262321, 35.400742, 34.472618>,  <24.233244, 35.229790, 34.306698>, 0.100000
	pigment { color rgbt <1,0,0,0> }
	no_shadow
}
cylinder {
	<24.262321, 35.400742, 34.472618>,  <24.310783, 35.685661, 34.749153>, 0.100000
	pigment { color rgbt <1,0,0,0> }
	no_shadow
}

// particle -1
sphere {
	<24.262321, 35.400742, 34.472618> 0.100000
	pigment { color rgbt <1,0,0,0> }
	no_shadow
}
sphere {
	0, 1
	scale<0.080000,0.200000,0.300000>
	matrix <-0.590338, 0.611619, -0.526710,
		0.798012, 0.344310, -0.494598,
		-0.121155, -0.712301, -0.691339,
		24.225975, 35.187050, 34.265217>
	pigment { color rgbt <0,1,1,0> }
	no_shadow
}
cylinder {
	<24.027506, 36.266117, 35.303017>,  <24.310783, 35.685661, 34.749153>, 0.130000
	pigment { color rgbt <1,0,0,0> }
	no_shadow
}

// nucleotide -1

// particle -1
sphere {
	<24.027506, 36.266117, 35.303017> 0.250000
	pigment { color rgbt <1,0,0,0> }
	no_shadow
}
cylinder {
	<24.370422, 36.099594, 35.181866>,  <24.576172, 35.999680, 35.109177>, 0.100000
	pigment { color rgbt <1,0,0,0> }
	no_shadow
}
cylinder {
	<24.370422, 36.099594, 35.181866>,  <24.027506, 36.266117, 35.303017>, 0.100000
	pigment { color rgbt <1,0,0,0> }
	no_shadow
}

// particle -1
sphere {
	<24.370422, 36.099594, 35.181866> 0.100000
	pigment { color rgbt <1,0,0,0> }
	no_shadow
}
sphere {
	0, 1
	scale<0.080000,0.200000,0.300000>
	matrix <0.473660, 0.407290, 0.780872,
		-0.201729, -0.812896, 0.546357,
		0.857293, -0.416312, -0.302874,
		24.627611, 35.974701, 35.091003>
	pigment { color rgbt <0,1,1,0> }
	no_shadow
}
cylinder {
	<24.360939, 36.001942, 35.930286>,  <24.027506, 36.266117, 35.303017>, 0.130000
	pigment { color rgbt <1,0,0,0> }
	no_shadow
}

// nucleotide -1

// particle -1
sphere {
	<24.360939, 36.001942, 35.930286> 0.250000
	pigment { color rgbt <1,0,0,0> }
	no_shadow
}
cylinder {
	<24.658648, 36.032116, 35.664845>,  <24.837273, 36.050220, 35.505581>, 0.100000
	pigment { color rgbt <1,0,0,0> }
	no_shadow
}
cylinder {
	<24.658648, 36.032116, 35.664845>,  <24.360939, 36.001942, 35.930286>, 0.100000
	pigment { color rgbt <1,0,0,0> }
	no_shadow
}

// particle -1
sphere {
	<24.658648, 36.032116, 35.664845> 0.100000
	pigment { color rgbt <1,0,0,0> }
	no_shadow
}
sphere {
	0, 1
	scale<0.080000,0.200000,0.300000>
	matrix <0.595849, 0.373845, 0.710777,
		0.301700, -0.924419, 0.233297,
		0.744272, 0.075432, -0.663603,
		24.881929, 36.054745, 35.465763>
	pigment { color rgbt <0,1,1,0> }
	no_shadow
}
cylinder {
	<24.935123, 35.722183, 36.194744>,  <24.360939, 36.001942, 35.930286>, 0.130000
	pigment { color rgbt <1,0,0,0> }
	no_shadow
}

// nucleotide -1

// particle -1
sphere {
	<24.935123, 35.722183, 36.194744> 0.250000
	pigment { color rgbt <1,0,0,0> }
	no_shadow
}
cylinder {
	<25.069921, 35.981483, 35.921627>,  <25.150801, 36.137066, 35.757759>, 0.100000
	pigment { color rgbt <1,0,0,0> }
	no_shadow
}
cylinder {
	<25.069921, 35.981483, 35.921627>,  <24.935123, 35.722183, 36.194744>, 0.100000
	pigment { color rgbt <1,0,0,0> }
	no_shadow
}

// particle -1
sphere {
	<25.069921, 35.981483, 35.921627> 0.100000
	pigment { color rgbt <1,0,0,0> }
	no_shadow
}
sphere {
	0, 1
	scale<0.080000,0.200000,0.300000>
	matrix <0.690968, 0.322320, 0.647049,
		0.639528, -0.689840, -0.339301,
		0.336997, 0.648252, -0.682790,
		25.171021, 36.175961, 35.716789>
	pigment { color rgbt <0,1,1,0> }
	no_shadow
}
cylinder {
	<25.605650, 35.711128, 36.116074>,  <24.935123, 35.722183, 36.194744>, 0.130000
	pigment { color rgbt <1,0,0,0> }
	no_shadow
}

// nucleotide -1

// particle -1
sphere {
	<25.605650, 35.711128, 36.116074> 0.250000
	pigment { color rgbt <1,0,0,0> }
	no_shadow
}
cylinder {
	<25.509903, 36.089516, 36.028587>,  <25.452456, 36.316547, 35.976093>, 0.100000
	pigment { color rgbt <1,0,0,0> }
	no_shadow
}
cylinder {
	<25.509903, 36.089516, 36.028587>,  <25.605650, 35.711128, 36.116074>, 0.100000
	pigment { color rgbt <1,0,0,0> }
	no_shadow
}

// particle -1
sphere {
	<25.509903, 36.089516, 36.028587> 0.100000
	pigment { color rgbt <1,0,0,0> }
	no_shadow
}
sphere {
	0, 1
	scale<0.080000,0.200000,0.300000>
	matrix <0.693090, 0.324235, 0.643816,
		0.679949, 0.002516, -0.733255,
		-0.239367, 0.945973, -0.218720,
		25.438093, 36.373306, 35.962971>
	pigment { color rgbt <0,1,1,0> }
	no_shadow
}
cylinder {
	<26.208979, 36.134102, 36.064907>,  <25.605650, 35.711128, 36.116074>, 0.130000
	pigment { color rgbt <1,0,0,0> }
	no_shadow
}

// nucleotide -1

// particle -1
sphere {
	<26.208979, 36.134102, 36.064907> 0.250000
	pigment { color rgbt <1,0,0,0> }
	no_shadow
}
cylinder {
	<25.948362, 36.427750, 36.141392>,  <25.791992, 36.603939, 36.187283>, 0.100000
	pigment { color rgbt <1,0,0,0> }
	no_shadow
}
cylinder {
	<25.948362, 36.427750, 36.141392>,  <26.208979, 36.134102, 36.064907>, 0.100000
	pigment { color rgbt <1,0,0,0> }
	no_shadow
}

// particle -1
sphere {
	<25.948362, 36.427750, 36.141392> 0.100000
	pigment { color rgbt <1,0,0,0> }
	no_shadow
}
sphere {
	0, 1
	scale<0.080000,0.200000,0.300000>
	matrix <0.672927, 0.442922, 0.592443,
		0.350231, 0.514675, -0.782591,
		-0.651542, 0.734118, 0.191214,
		25.752899, 36.647984, 36.198757>
	pigment { color rgbt <0,1,1,0> }
	no_shadow
}
cylinder {
	<26.631346, 36.708759, 36.016487>,  <26.208979, 36.134102, 36.064907>, 0.130000
	pigment { color rgbt <1,0,0,0> }
	no_shadow
}

// nucleotide -1

// particle -1
sphere {
	<26.631346, 36.708759, 36.016487> 0.250000
	pigment { color rgbt <1,0,0,0> }
	no_shadow
}
cylinder {
	<26.311268, 36.804417, 36.236488>,  <26.119221, 36.861813, 36.368488>, 0.100000
	pigment { color rgbt <1,0,0,0> }
	no_shadow
}
cylinder {
	<26.311268, 36.804417, 36.236488>,  <26.631346, 36.708759, 36.016487>, 0.100000
	pigment { color rgbt <1,0,0,0> }
	no_shadow
}

// particle -1
sphere {
	<26.311268, 36.804417, 36.236488> 0.100000
	pigment { color rgbt <1,0,0,0> }
	no_shadow
}
sphere {
	0, 1
	scale<0.080000,0.200000,0.300000>
	matrix <0.591745, 0.464087, 0.659137,
		-0.097618, 0.852896, -0.512873,
		-0.800193, 0.239146, 0.550000,
		26.071209, 36.876160, 36.401489>
	pigment { color rgbt <0,1,1,0> }
	no_shadow
}
cylinder {
	<26.582859, 37.400780, 36.108212>,  <26.631346, 36.708759, 36.016487>, 0.130000
	pigment { color rgbt <1,0,0,0> }
	no_shadow
}

// nucleotide -1

// particle -1
sphere {
	<26.582859, 37.400780, 36.108212> 0.250000
	pigment { color rgbt <1,0,0,0> }
	no_shadow
}
cylinder {
	<26.371660, 37.268208, 36.420975>,  <26.244942, 37.188663, 36.608631>, 0.100000
	pigment { color rgbt <1,0,0,0> }
	no_shadow
}
cylinder {
	<26.371660, 37.268208, 36.420975>,  <26.582859, 37.400780, 36.108212>, 0.100000
	pigment { color rgbt <1,0,0,0> }
	no_shadow
}

// particle -1
sphere {
	<26.371660, 37.268208, 36.420975> 0.100000
	pigment { color rgbt <1,0,0,0> }
	no_shadow
}
sphere {
	0, 1
	scale<0.080000,0.200000,0.300000>
	matrix <0.459394, 0.662901, 0.591201,
		-0.714266, 0.671355, -0.197753,
		-0.527997, -0.331429, 0.781904,
		26.213261, 37.168777, 36.655544>
	pigment { color rgbt <0,1,1,0> }
	no_shadow
}
cylinder {
	<26.215267, 38.016491, 36.325619>,  <26.582859, 37.400780, 36.108212>, 0.130000
	pigment { color rgbt <1,0,0,0> }
	no_shadow
}

// nucleotide -1

// particle -1
sphere {
	<26.215267, 38.016491, 36.325619> 0.250000
	pigment { color rgbt <1,0,0,0> }
	no_shadow
}
cylinder {
	<26.245584, 37.758289, 36.629616>,  <26.263775, 37.603371, 36.812012>, 0.100000
	pigment { color rgbt <1,0,0,0> }
	no_shadow
}
cylinder {
	<26.245584, 37.758289, 36.629616>,  <26.215267, 38.016491, 36.325619>, 0.100000
	pigment { color rgbt <1,0,0,0> }
	no_shadow
}

// particle -1
sphere {
	<26.245584, 37.758289, 36.629616> 0.100000
	pigment { color rgbt <1,0,0,0> }
	no_shadow
}
sphere {
	0, 1
	scale<0.080000,0.200000,0.300000>
	matrix <0.648524, 0.610862, 0.454163,
		-0.757411, 0.458448, 0.464923,
		0.075794, -0.645502, 0.759989,
		26.268322, 37.564640, 36.857613>
	pigment { color rgbt <0,1,1,0> }
	no_shadow
}
cylinder {
	<26.241665, 38.436089, 36.882557>,  <26.215267, 38.016491, 36.325619>, 0.130000
	pigment { color rgbt <1,0,0,0> }
	no_shadow
}

// nucleotide -1

// particle -1
sphere {
	<26.241665, 38.436089, 36.882557> 0.250000
	pigment { color rgbt <1,0,0,0> }
	no_shadow
}
cylinder {
	<26.392574, 38.083252, 36.995399>,  <26.483120, 37.871552, 37.063107>, 0.100000
	pigment { color rgbt <1,0,0,0> }
	no_shadow
}
cylinder {
	<26.392574, 38.083252, 36.995399>,  <26.241665, 38.436089, 36.882557>, 0.100000
	pigment { color rgbt <1,0,0,0> }
	no_shadow
}

// particle -1
sphere {
	<26.392574, 38.083252, 36.995399> 0.100000
	pigment { color rgbt <1,0,0,0> }
	no_shadow
}
sphere {
	0, 1
	scale<0.080000,0.200000,0.300000>
	matrix <0.791194, 0.465318, 0.396852,
		-0.481330, 0.073484, 0.873454,
		0.377272, -0.882088, 0.282111,
		26.505756, 37.818626, 37.080032>
	pigment { color rgbt <0,1,1,0> }
	no_shadow
}
cylinder {
	<26.634958, 38.702332, 37.460117>,  <26.241665, 38.436089, 36.882557>, 0.130000
	pigment { color rgbt <1,0,0,0> }
	no_shadow
}

// nucleotide -1

// particle -1
sphere {
	<26.634958, 38.702332, 37.460117> 0.250000
	pigment { color rgbt <1,0,0,0> }
	no_shadow
}
cylinder {
	<26.767593, 38.335697, 37.370739>,  <26.847174, 38.115719, 37.317112>, 0.100000
	pigment { color rgbt <1,0,0,0> }
	no_shadow
}
cylinder {
	<26.767593, 38.335697, 37.370739>,  <26.634958, 38.702332, 37.460117>, 0.100000
	pigment { color rgbt <1,0,0,0> }
	no_shadow
}

// particle -1
sphere {
	<26.767593, 38.335697, 37.370739> 0.100000
	pigment { color rgbt <1,0,0,0> }
	no_shadow
}
sphere {
	0, 1
	scale<0.080000,0.200000,0.300000>
	matrix <0.943403, 0.323772, 0.071856,
		0.006482, -0.234622, 0.972065,
		0.331586, -0.916583, -0.223441,
		26.867069, 38.060722, 37.303707>
	pigment { color rgbt <0,1,1,0> }
	no_shadow
}
cylinder {
	<27.081753, 38.353981, 38.059109>,  <26.634958, 38.702332, 37.460117>, 0.130000
	pigment { color rgbt <1,0,0,0> }
	no_shadow
}

// nucleotide -1

// particle -1
sphere {
	<27.081753, 38.353981, 38.059109> 0.250000
	pigment { color rgbt <1,0,0,0> }
	no_shadow
}
cylinder {
	<27.154835, 38.207268, 37.694233>,  <27.198685, 38.119240, 37.475307>, 0.100000
	pigment { color rgbt <1,0,0,0> }
	no_shadow
}
cylinder {
	<27.154835, 38.207268, 37.694233>,  <27.081753, 38.353981, 38.059109>, 0.100000
	pigment { color rgbt <1,0,0,0> }
	no_shadow
}

// particle -1
sphere {
	<27.154835, 38.207268, 37.694233> 0.100000
	pigment { color rgbt <1,0,0,0> }
	no_shadow
}
sphere {
	0, 1
	scale<0.080000,0.200000,0.300000>
	matrix <0.957387, 0.277449, 0.080198,
		0.223671, -0.887970, 0.401845,
		0.182706, -0.366784, -0.912189,
		27.209646, 38.097233, 37.420578>
	pigment { color rgbt <0,1,1,0> }
	no_shadow
}
cylinder {
	<27.769279, 38.330639, 37.676666>,  <27.081753, 38.353981, 38.059109>, 0.130000
	pigment { color rgbt <1,0,0,0> }
	no_shadow
}

// nucleotide -1

// particle -1
sphere {
	<27.769279, 38.330639, 37.676666> 0.250000
	pigment { color rgbt <1,0,0,0> }
	no_shadow
}
cylinder {
	<27.617193, 38.046360, 37.913429>,  <27.525942, 37.875793, 38.055485>, 0.100000
	pigment { color rgbt <1,0,0,0> }
	no_shadow
}
cylinder {
	<27.617193, 38.046360, 37.913429>,  <27.769279, 38.330639, 37.676666>, 0.100000
	pigment { color rgbt <1,0,0,0> }
	no_shadow
}

// particle -1
sphere {
	<27.617193, 38.046360, 37.913429> 0.100000
	pigment { color rgbt <1,0,0,0> }
	no_shadow
}
sphere {
	0, 1
	scale<0.080000,0.200000,0.300000>
	matrix <-0.577655, -0.317327, -0.752076,
		0.722322, -0.627868, -0.289882,
		-0.380217, -0.710693, 0.591904,
		27.503128, 37.833153, 38.091000>
	pigment { color rgbt <0,1,1,0> }
	no_shadow
}
cylinder {
	<27.710960, 37.845371, 37.270454>,  <27.769279, 38.330639, 37.676666>, 0.130000
	pigment { color rgbt <1,0,0,0> }
	no_shadow
}

// nucleotide -1

// particle -1
sphere {
	<27.710960, 37.845371, 37.270454> 0.250000
	pigment { color rgbt <1,0,0,0> }
	no_shadow
}
cylinder {
	<27.439178, 37.764206, 37.552494>,  <27.276110, 37.715508, 37.721718>, 0.100000
	pigment { color rgbt <1,0,0,0> }
	no_shadow
}
cylinder {
	<27.439178, 37.764206, 37.552494>,  <27.710960, 37.845371, 37.270454>, 0.100000
	pigment { color rgbt <1,0,0,0> }
	no_shadow
}

// particle -1
sphere {
	<27.439178, 37.764206, 37.552494> 0.100000
	pigment { color rgbt <1,0,0,0> }
	no_shadow
}
sphere {
	0, 1
	scale<0.080000,0.200000,0.300000>
	matrix <-0.589153, -0.421886, -0.689138,
		0.437310, -0.883650, 0.167102,
		-0.679455, -0.202918, 0.705100,
		27.235342, 37.703331, 37.764023>
	pigment { color rgbt <0,1,1,0> }
	no_shadow
}
cylinder {
	<27.520830, 37.113747, 37.203564>,  <27.710960, 37.845371, 37.270454>, 0.130000
	pigment { color rgbt <1,0,0,0> }
	no_shadow
}

// nucleotide -1

// particle -1
sphere {
	<27.520830, 37.113747, 37.203564> 0.250000
	pigment { color rgbt <1,0,0,0> }
	no_shadow
}
cylinder {
	<27.237513, 37.357975, 37.345284>,  <27.067522, 37.504513, 37.430313>, 0.100000
	pigment { color rgbt <1,0,0,0> }
	no_shadow
}
cylinder {
	<27.237513, 37.357975, 37.345284>,  <27.520830, 37.113747, 37.203564>, 0.100000
	pigment { color rgbt <1,0,0,0> }
	no_shadow
}

// particle -1
sphere {
	<27.237513, 37.357975, 37.345284> 0.100000
	pigment { color rgbt <1,0,0,0> }
	no_shadow
}
sphere {
	0, 1
	scale<0.080000,0.200000,0.300000>
	matrix <-0.661245, -0.398143, -0.635797,
		-0.247139, -0.684606, 0.685738,
		-0.708292, 0.610571, 0.354296,
		27.025024, 37.541145, 37.451572>
	pigment { color rgbt <0,1,1,0> }
	no_shadow
}
cylinder {
	<27.046337, 36.709759, 37.471138>,  <27.520830, 37.113747, 37.203564>, 0.130000
	pigment { color rgbt <1,0,0,0> }
	no_shadow
}

// nucleotide -1

// particle -1
sphere {
	<27.046337, 36.709759, 37.471138> 0.250000
	pigment { color rgbt <1,0,0,0> }
	no_shadow
}
cylinder {
	<26.878841, 37.057671, 37.366726>,  <26.778343, 37.266418, 37.304081>, 0.100000
	pigment { color rgbt <1,0,0,0> }
	no_shadow
}
cylinder {
	<26.878841, 37.057671, 37.366726>,  <27.046337, 36.709759, 37.471138>, 0.100000
	pigment { color rgbt <1,0,0,0> }
	no_shadow
}

// particle -1
sphere {
	<26.878841, 37.057671, 37.366726> 0.100000
	pigment { color rgbt <1,0,0,0> }
	no_shadow
}
sphere {
	0, 1
	scale<0.080000,0.200000,0.300000>
	matrix <-0.778266, -0.491837, -0.390382,
		-0.467928, 0.039676, 0.882875,
		-0.418742, 0.869783, -0.261023,
		26.753220, 37.318604, 37.288418>
	pigment { color rgbt <0,1,1,0> }
	no_shadow
}
cylinder {
	<26.397905, 36.649475, 37.776096>,  <27.046337, 36.709759, 37.471138>, 0.130000
	pigment { color rgbt <1,0,0,0> }
	no_shadow
}

// nucleotide -1

// particle -1
sphere {
	<26.397905, 36.649475, 37.776096> 0.250000
	pigment { color rgbt <1,0,0,0> }
	no_shadow
}
cylinder {
	<26.370275, 36.916527, 37.479584>,  <26.353697, 37.076759, 37.301678>, 0.100000
	pigment { color rgbt <1,0,0,0> }
	no_shadow
}
cylinder {
	<26.370275, 36.916527, 37.479584>,  <26.397905, 36.649475, 37.776096>, 0.100000
	pigment { color rgbt <1,0,0,0> }
	no_shadow
}

// particle -1
sphere {
	<26.370275, 36.916527, 37.479584> 0.100000
	pigment { color rgbt <1,0,0,0> }
	no_shadow
}
sphere {
	0, 1
	scale<0.080000,0.200000,0.300000>
	matrix <-0.697639, -0.563479, -0.442483,
		-0.713112, 0.486583, 0.504687,
		-0.069076, 0.667629, -0.741282,
		26.349552, 37.116814, 37.257198>
	pigment { color rgbt <0,1,1,0> }
	no_shadow
}
cylinder {
	<25.674170, 36.665985, 37.694984>,  <26.397905, 36.649475, 37.776096>, 0.130000
	pigment { color rgbt <1,0,0,0> }
	no_shadow
}

// nucleotide -1

// particle -1
sphere {
	<25.674170, 36.665985, 37.694984> 0.250000
	pigment { color rgbt <1,0,0,0> }
	no_shadow
}
cylinder {
	<25.814640, 36.851936, 37.369884>,  <25.898922, 36.963509, 37.174824>, 0.100000
	pigment { color rgbt <1,0,0,0> }
	no_shadow
}
cylinder {
	<25.814640, 36.851936, 37.369884>,  <25.674170, 36.665985, 37.694984>, 0.100000
	pigment { color rgbt <1,0,0,0> }
	no_shadow
}

// particle -1
sphere {
	<25.814640, 36.851936, 37.369884> 0.100000
	pigment { color rgbt <1,0,0,0> }
	no_shadow
}
sphere {
	0, 1
	scale<0.080000,0.200000,0.300000>
	matrix <-0.738148, -0.396569, -0.545775,
		-0.576031, 0.791593, 0.203884,
		0.351178, 0.464880, -0.812749,
		25.919992, 36.991402, 37.126060>
	pigment { color rgbt <0,1,1,0> }
	no_shadow
}
cylinder {
	<25.151363, 37.032475, 37.304520>,  <25.674170, 36.665985, 37.694984>, 0.130000
	pigment { color rgbt <1,0,0,0> }
	no_shadow
}

// nucleotide -1

// particle -1
sphere {
	<25.151363, 37.032475, 37.304520> 0.250000
	pigment { color rgbt <1,0,0,0> }
	no_shadow
}
cylinder {
	<25.437613, 36.970421, 37.032104>,  <25.609362, 36.933189, 36.868656>, 0.100000
	pigment { color rgbt <1,0,0,0> }
	no_shadow
}
cylinder {
	<25.437613, 36.970421, 37.032104>,  <25.151363, 37.032475, 37.304520>, 0.100000
	pigment { color rgbt <1,0,0,0> }
	no_shadow
}

// particle -1
sphere {
	<25.437613, 36.970421, 37.032104> 0.100000
	pigment { color rgbt <1,0,0,0> }
	no_shadow
}
sphere {
	0, 1
	scale<0.080000,0.200000,0.300000>
	matrix <-0.671560, -0.420931, -0.609774,
		-0.192074, 0.893728, -0.405410,
		0.715622, -0.155136, -0.681042,
		25.652300, 36.923882, 36.827793>
	pigment { color rgbt <0,1,1,0> }
	no_shadow
}
cylinder {
	<24.728945, 37.165409, 36.712082>,  <25.151363, 37.032475, 37.304520>, 0.130000
	pigment { color rgbt <1,0,0,0> }
	no_shadow
}

// nucleotide -1

// particle -1
sphere {
	<24.728945, 37.165409, 36.712082> 0.250000
	pigment { color rgbt <1,0,0,0> }
	no_shadow
}
cylinder {
	<25.069033, 36.983032, 36.606831>,  <25.273087, 36.873604, 36.543678>, 0.100000
	pigment { color rgbt <1,0,0,0> }
	no_shadow
}
cylinder {
	<25.069033, 36.983032, 36.606831>,  <24.728945, 37.165409, 36.712082>, 0.100000
	pigment { color rgbt <1,0,0,0> }
	no_shadow
}

// particle -1
sphere {
	<25.069033, 36.983032, 36.606831> 0.100000
	pigment { color rgbt <1,0,0,0> }
	no_shadow
}
sphere {
	0, 1
	scale<0.080000,0.200000,0.300000>
	matrix <-0.508306, -0.581025, -0.635638,
		0.136930, 0.674184, -0.725759,
		0.850220, -0.455946, -0.263132,
		25.324099, 36.846249, 36.527889>
	pigment { color rgbt <0,1,1,0> }
	no_shadow
}
cylinder {
	<24.948246, 37.198589, 35.934635>,  <24.728945, 37.165409, 36.712082>, 0.130000
	pigment { color rgbt <1,0,0,0> }
	no_shadow
}

// nucleotide -1

// particle -1
sphere {
	<24.948246, 37.198589, 35.934635> 0.250000
	pigment { color rgbt <1,0,0,0> }
	no_shadow
}
cylinder {
	<25.046320, 36.854031, 36.112572>,  <25.105164, 36.647297, 36.219334>, 0.100000
	pigment { color rgbt <1,0,0,0> }
	no_shadow
}
cylinder {
	<25.046320, 36.854031, 36.112572>,  <24.948246, 37.198589, 35.934635>, 0.100000
	pigment { color rgbt <1,0,0,0> }
	no_shadow
}

// particle -1
sphere {
	<25.046320, 36.854031, 36.112572> 0.100000
	pigment { color rgbt <1,0,0,0> }
	no_shadow
}
sphere {
	0, 1
	scale<0.080000,0.200000,0.300000>
	matrix <-0.543923, -0.502053, -0.672377,
		0.802516, -0.077104, -0.591627,
		0.245185, -0.861392, 0.444845,
		25.119875, 36.595612, 36.246025>
	pigment { color rgbt <0,1,1,0> }
	no_shadow
}
cylinder {
	<25.630415, 37.630711, 35.913357>,  <24.948246, 37.198589, 35.934635>, 0.130000
	pigment { color rgbt <1,0,0,0> }
	no_shadow
}

// nucleotide -1

// particle -1
sphere {
	<25.630415, 37.630711, 35.913357> 0.250000
	pigment { color rgbt <1,0,0,0> }
	no_shadow
}
cylinder {
	<25.753908, 37.252697, 35.870296>,  <25.828005, 37.025887, 35.844460>, 0.100000
	pigment { color rgbt <1,0,0,0> }
	no_shadow
}
cylinder {
	<25.753908, 37.252697, 35.870296>,  <25.630415, 37.630711, 35.913357>, 0.100000
	pigment { color rgbt <1,0,0,0> }
	no_shadow
}

// particle -1
sphere {
	<25.753908, 37.252697, 35.870296> 0.100000
	pigment { color rgbt <1,0,0,0> }
	no_shadow
}
sphere {
	0, 1
	scale<0.080000,0.200000,0.300000>
	matrix <-0.703276, -0.150607, -0.694781,
		0.640379, 0.290214, -0.711119,
		0.308735, -0.945036, -0.107655,
		25.846529, 36.969185, 35.838001>
	pigment { color rgbt <0,1,1,0> }
	no_shadow
}
cylinder {
	<25.583996, 37.385509, 35.274929>,  <25.630415, 37.630711, 35.913357>, 0.130000
	pigment { color rgbt <1,0,0,0> }
	no_shadow
}

// nucleotide -1

// particle -1
sphere {
	<25.583996, 37.385509, 35.274929> 0.250000
	pigment { color rgbt <1,0,0,0> }
	no_shadow
}
cylinder {
	<25.633720, 37.022190, 35.434704>,  <25.663555, 36.804199, 35.530567>, 0.100000
	pigment { color rgbt <1,0,0,0> }
	no_shadow
}
cylinder {
	<25.633720, 37.022190, 35.434704>,  <25.583996, 37.385509, 35.274929>, 0.100000
	pigment { color rgbt <1,0,0,0> }
	no_shadow
}

// particle -1
sphere {
	<25.633720, 37.022190, 35.434704> 0.100000
	pigment { color rgbt <1,0,0,0> }
	no_shadow
}
sphere {
	0, 1
	scale<0.080000,0.200000,0.300000>
	matrix <-0.486805, -0.406610, -0.773104,
		0.864620, -0.098340, -0.492709,
		0.124314, -0.908294, 0.399435,
		25.671015, 36.749702, 35.554535>
	pigment { color rgbt <0,1,1,0> }
	no_shadow
}
cylinder {
	<25.801414, 36.910934, 34.826698>,  <25.583996, 37.385509, 35.274929>, 0.130000
	pigment { color rgbt <1,0,0,0> }
	no_shadow
}

// nucleotide -1

// particle -1
sphere {
	<25.801414, 36.910934, 34.826698> 0.250000
	pigment { color rgbt <1,0,0,0> }
	no_shadow
}
cylinder {
	<25.611391, 36.676136, 35.088921>,  <25.497377, 36.535255, 35.246254>, 0.100000
	pigment { color rgbt <1,0,0,0> }
	no_shadow
}
cylinder {
	<25.611391, 36.676136, 35.088921>,  <25.801414, 36.910934, 34.826698>, 0.100000
	pigment { color rgbt <1,0,0,0> }
	no_shadow
}

// particle -1
sphere {
	<25.611391, 36.676136, 35.088921> 0.100000
	pigment { color rgbt <1,0,0,0> }
	no_shadow
}
sphere {
	0, 1
	scale<0.080000,0.200000,0.300000>
	matrix <-0.517283, -0.416385, -0.747691,
		0.711856, -0.694305, -0.105836,
		-0.475057, -0.586996, 0.655559,
		25.468874, 36.500038, 35.285587>
	pigment { color rgbt <0,1,1,0> }
	no_shadow
}
cylinder {
	<25.806986, 36.218460, 34.561890>,  <25.801414, 36.910934, 34.826698>, 0.130000
	pigment { color rgbt <1,0,0,0> }
	no_shadow
}

// nucleotide -1

// particle -1
sphere {
	<25.806986, 36.218460, 34.561890> 0.250000
	pigment { color rgbt <1,0,0,0> }
	no_shadow
}
cylinder {
	<25.515251, 36.171585, 34.831509>,  <25.340210, 36.143459, 34.993279>, 0.100000
	pigment { color rgbt <1,0,0,0> }
	no_shadow
}
cylinder {
	<25.515251, 36.171585, 34.831509>,  <25.806986, 36.218460, 34.561890>, 0.100000
	pigment { color rgbt <1,0,0,0> }
	no_shadow
}

// particle -1
sphere {
	<25.515251, 36.171585, 34.831509> 0.100000
	pigment { color rgbt <1,0,0,0> }
	no_shadow
}
sphere {
	0, 1
	scale<0.080000,0.200000,0.300000>
	matrix <-0.509551, -0.564397, -0.649471,
		0.456539, -0.817143, 0.351922,
		-0.729335, -0.117187, 0.674046,
		25.296452, 36.136429, 35.033722>
	pigment { color rgbt <0,1,1,0> }
	no_shadow
}
cylinder {
	<25.709799, 35.457760, 34.636246>,  <25.806986, 36.218460, 34.561890>, 0.130000
	pigment { color rgbt <1,0,0,0> }
	no_shadow
}

// nucleotide -1

// particle -1
sphere {
	<25.709799, 35.457760, 34.636246> 0.250000
	pigment { color rgbt <1,0,0,0> }
	no_shadow
}
cylinder {
	<25.383587, 35.641293, 34.777321>,  <25.187860, 35.751411, 34.861965>, 0.100000
	pigment { color rgbt <1,0,0,0> }
	no_shadow
}
cylinder {
	<25.383587, 35.641293, 34.777321>,  <25.709799, 35.457760, 34.636246>, 0.100000
	pigment { color rgbt <1,0,0,0> }
	no_shadow
}

// particle -1
sphere {
	<25.383587, 35.641293, 34.777321> 0.100000
	pigment { color rgbt <1,0,0,0> }
	no_shadow
}
sphere {
	0, 1
	scale<0.080000,0.200000,0.300000>
	matrix <-0.569256, -0.526269, -0.631655,
		-0.104216, -0.715901, 0.690380,
		-0.815528, 0.458832, 0.352686,
		25.138927, 35.778942, 34.883125>
	pigment { color rgbt <0,1,1,0> }
	no_shadow
}
cylinder {
	<26.302729, 35.336750, 35.163818>,  <25.709799, 35.457760, 34.636246>, 0.130000
	pigment { color rgbt <1,0,0,0> }
	no_shadow
}

// nucleotide -1

// particle -1
sphere {
	<26.302729, 35.336750, 35.163818> 0.250000
	pigment { color rgbt <1,0,0,0> }
	no_shadow
}
cylinder {
	<26.629604, 35.109577, 35.203129>,  <26.825729, 34.973274, 35.226715>, 0.100000
	pigment { color rgbt <1,0,0,0> }
	no_shadow
}
cylinder {
	<26.629604, 35.109577, 35.203129>,  <26.302729, 35.336750, 35.163818>, 0.100000
	pigment { color rgbt <1,0,0,0> }
	no_shadow
}

// particle -1
sphere {
	<26.629604, 35.109577, 35.203129> 0.100000
	pigment { color rgbt <1,0,0,0> }
	no_shadow
}
sphere {
	0, 1
	scale<0.080000,0.200000,0.300000>
	matrix <0.224126, 0.470206, 0.853624,
		-0.531010, -0.675545, 0.511535,
		0.817188, -0.567931, 0.098276,
		26.874762, 34.939198, 35.232613>
	pigment { color rgbt <0,1,1,0> }
	no_shadow
}
cylinder {
	<26.223236, 34.965157, 35.818882>,  <26.302729, 35.336750, 35.163818>, 0.130000
	pigment { color rgbt <1,0,0,0> }
	no_shadow
}

// nucleotide -1

// particle -1
sphere {
	<26.223236, 34.965157, 35.818882> 0.250000
	pigment { color rgbt <1,0,0,0> }
	no_shadow
}
cylinder {
	<26.604534, 35.043644, 35.726948>,  <26.833313, 35.090736, 35.671787>, 0.100000
	pigment { color rgbt <1,0,0,0> }
	no_shadow
}
cylinder {
	<26.604534, 35.043644, 35.726948>,  <26.223236, 34.965157, 35.818882>, 0.100000
	pigment { color rgbt <1,0,0,0> }
	no_shadow
}

// particle -1
sphere {
	<26.604534, 35.043644, 35.726948> 0.100000
	pigment { color rgbt <1,0,0,0> }
	no_shadow
}
sphere {
	0, 1
	scale<0.080000,0.200000,0.300000>
	matrix <0.163292, 0.305526, 0.938078,
		0.254288, -0.931747, 0.259200,
		0.953244, 0.196216, -0.229838,
		26.890507, 35.102509, 35.657997>
	pigment { color rgbt <0,1,1,0> }
	no_shadow
}
cylinder {
	<26.827816, 34.587990, 36.210522>,  <26.223236, 34.965157, 35.818882>, 0.130000
	pigment { color rgbt <1,0,0,0> }
	no_shadow
}

// nucleotide -1

// particle -1
sphere {
	<26.827816, 34.587990, 36.210522> 0.250000
	pigment { color rgbt <1,0,0,0> }
	no_shadow
}
cylinder {
	<26.850576, 34.963581, 36.074833>,  <26.864233, 35.188938, 35.993420>, 0.100000
	pigment { color rgbt <1,0,0,0> }
	no_shadow
}
cylinder {
	<26.850576, 34.963581, 36.074833>,  <26.827816, 34.587990, 36.210522>, 0.100000
	pigment { color rgbt <1,0,0,0> }
	no_shadow
}

// particle -1
sphere {
	<26.850576, 34.963581, 36.074833> 0.100000
	pigment { color rgbt <1,0,0,0> }
	no_shadow
}
sphere {
	0, 1
	scale<0.080000,0.200000,0.300000>
	matrix <0.116326, 0.331226, 0.936353,
		0.991580, -0.092741, -0.090381,
		0.056902, 0.938983, -0.339225,
		26.867647, 35.245277, 35.973064>
	pigment { color rgbt <0,1,1,0> }
	no_shadow
}
cylinder {
	<27.500444, 34.428387, 36.421356>,  <26.827816, 34.587990, 36.210522>, 0.130000
	pigment { color rgbt <1,0,0,0> }
	no_shadow
}

// nucleotide -1

// particle -1
sphere {
	<27.500444, 34.428387, 36.421356> 0.250000
	pigment { color rgbt <1,0,0,0> }
	no_shadow
}
cylinder {
	<27.786581, 34.158688, 36.347954>,  <27.958263, 33.996868, 36.303913>, 0.100000
	pigment { color rgbt <1,0,0,0> }
	no_shadow
}
cylinder {
	<27.786581, 34.158688, 36.347954>,  <27.500444, 34.428387, 36.421356>, 0.100000
	pigment { color rgbt <1,0,0,0> }
	no_shadow
}

// particle -1
sphere {
	<27.786581, 34.158688, 36.347954> 0.100000
	pigment { color rgbt <1,0,0,0> }
	no_shadow
}
sphere {
	0, 1
	scale<0.080000,0.200000,0.300000>
	matrix <-0.698712, -0.686688, -0.200652,
		0.009276, 0.271755, -0.962322,
		0.715343, -0.674247, -0.183509,
		28.001184, 33.956413, 36.292900>
	pigment { color rgbt <0,1,1,0> }
	no_shadow
}
cylinder {
	<27.370815, 34.117538, 35.794750>,  <27.500444, 34.428387, 36.421356>, 0.130000
	pigment { color rgbt <1,0,0,0> }
	no_shadow
}

// nucleotide -1

// particle -1
sphere {
	<27.370815, 34.117538, 35.794750> 0.250000
	pigment { color rgbt <1,0,0,0> }
	no_shadow
}
cylinder {
	<27.588665, 33.868061, 36.019032>,  <27.719374, 33.718372, 36.153599>, 0.100000
	pigment { color rgbt <1,0,0,0> }
	no_shadow
}
cylinder {
	<27.588665, 33.868061, 36.019032>,  <27.370815, 34.117538, 35.794750>, 0.100000
	pigment { color rgbt <1,0,0,0> }
	no_shadow
}

// particle -1
sphere {
	<27.588665, 33.868061, 36.019032> 0.100000
	pigment { color rgbt <1,0,0,0> }
	no_shadow
}
sphere {
	0, 1
	scale<0.080000,0.200000,0.300000>
	matrix <-0.645180, -0.738718, -0.195033,
		0.535843, -0.255536, -0.804720,
		0.544623, -0.623696, 0.560703,
		27.752052, 33.680954, 36.187244>
	pigment { color rgbt <0,1,1,0> }
	no_shadow
}
cylinder {
	<27.418842, 33.474926, 35.393177>,  <27.370815, 34.117538, 35.794750>, 0.130000
	pigment { color rgbt <1,0,0,0> }
	no_shadow
}

// nucleotide -1

// particle -1
sphere {
	<27.418842, 33.474926, 35.393177> 0.250000
	pigment { color rgbt <1,0,0,0> }
	no_shadow
}
cylinder {
	<27.432167, 33.392288, 35.784321>,  <27.440163, 33.342705, 36.019009>, 0.100000
	pigment { color rgbt <1,0,0,0> }
	no_shadow
}
cylinder {
	<27.432167, 33.392288, 35.784321>,  <27.418842, 33.474926, 35.393177>, 0.100000
	pigment { color rgbt <1,0,0,0> }
	no_shadow
}

// particle -1
sphere {
	<27.432167, 33.392288, 35.784321> 0.100000
	pigment { color rgbt <1,0,0,0> }
	no_shadow
}
sphere {
	0, 1
	scale<0.080000,0.200000,0.300000>
	matrix <-0.702132, -0.701129, -0.124209,
		0.711267, -0.682449, -0.168413,
		0.033313, -0.206594, 0.977859,
		27.442162, 33.330311, 36.077679>
	pigment { color rgbt <0,1,1,0> }
	no_shadow
}
cylinder {
	<27.433750, 32.722767, 35.435246>,  <27.418842, 33.474926, 35.393177>, 0.130000
	pigment { color rgbt <1,0,0,0> }
	no_shadow
}

// nucleotide -1

// particle -1
sphere {
	<27.433750, 32.722767, 35.435246> 0.250000
	pigment { color rgbt <1,0,0,0> }
	no_shadow
}
cylinder {
	<27.333883, 32.828331, 35.807915>,  <27.273962, 32.891670, 36.031517>, 0.100000
	pigment { color rgbt <1,0,0,0> }
	no_shadow
}
cylinder {
	<27.333883, 32.828331, 35.807915>,  <27.433750, 32.722767, 35.435246>, 0.100000
	pigment { color rgbt <1,0,0,0> }
	no_shadow
}

// particle -1
sphere {
	<27.333883, 32.828331, 35.807915> 0.100000
	pigment { color rgbt <1,0,0,0> }
	no_shadow
}
sphere {
	0, 1
	scale<0.080000,0.200000,0.300000>
	matrix <-0.769129, -0.638595, -0.025217,
		0.588308, -0.722874, 0.362419,
		-0.249668, 0.263912, 0.931674,
		27.258984, 32.907505, 36.087418>
	pigment { color rgbt <0,1,1,0> }
	no_shadow
}
cylinder {
	<27.368860, 32.207340, 35.892174>,  <27.433750, 32.722767, 35.435246>, 0.130000
	pigment { color rgbt <1,0,0,0> }
	no_shadow
}

// nucleotide -1

// particle -1
sphere {
	<27.368860, 32.207340, 35.892174> 0.250000
	pigment { color rgbt <1,0,0,0> }
	no_shadow
}
cylinder {
	<27.141325, 32.531040, 35.950886>,  <27.004805, 32.725258, 35.986111>, 0.100000
	pigment { color rgbt <1,0,0,0> }
	no_shadow
}
cylinder {
	<27.141325, 32.531040, 35.950886>,  <27.368860, 32.207340, 35.892174>, 0.100000
	pigment { color rgbt <1,0,0,0> }
	no_shadow
}

// particle -1
sphere {
	<27.141325, 32.531040, 35.950886> 0.100000
	pigment { color rgbt <1,0,0,0> }
	no_shadow
}
sphere {
	0, 1
	scale<0.080000,0.200000,0.300000>
	matrix <-0.808003, -0.583177, 0.083879,
		0.153476, -0.070884, 0.985607,
		-0.568837, 0.809247, 0.146778,
		26.970675, 32.773815, 35.994919>
	pigment { color rgbt <0,1,1,0> }
	no_shadow
}
cylinder {
	<27.582378, 31.425936, 35.951977>,  <27.368860, 32.207340, 35.892174>, 0.130000
	pigment { color rgbt <1,0,0,0> }
	no_shadow
}

// nucleotide -1

// particle -1
sphere {
	<27.582378, 31.425936, 35.951977> 0.250000
	pigment { color rgbt <1,0,0,0> }
	no_shadow
}
cylinder {
	<27.822536, 31.692621, 36.128620>,  <27.966631, 31.852633, 36.234604>, 0.100000
	pigment { color rgbt <1,0,0,0> }
	no_shadow
}
cylinder {
	<27.822536, 31.692621, 36.128620>,  <27.582378, 31.425936, 35.951977>, 0.100000
	pigment { color rgbt <1,0,0,0> }
	no_shadow
}

// particle -1
sphere {
	<27.822536, 31.692621, 36.128620> 0.100000
	pigment { color rgbt <1,0,0,0> }
	no_shadow
}
sphere {
	0, 1
	scale<0.080000,0.200000,0.300000>
	matrix <-0.746975, 0.664744, 0.011970,
		-0.285573, -0.337055, 0.897130,
		0.600396, 0.666715, 0.441605,
		28.002655, 31.892635, 36.261101>
	pigment { color rgbt <0,1,1,0> }
	no_shadow
}
cylinder {
	<27.480429, 31.897963, 36.612225>,  <27.582378, 31.425936, 35.951977>, 0.130000
	pigment { color rgbt <1,0,0,0> }
	no_shadow
}

// nucleotide -1

// particle -1
sphere {
	<27.480429, 31.897963, 36.612225> 0.250000
	pigment { color rgbt <1,0,0,0> }
	no_shadow
}
cylinder {
	<27.235819, 32.210606, 36.661427>,  <27.089052, 32.398190, 36.690948>, 0.100000
	pigment { color rgbt <1,0,0,0> }
	no_shadow
}
cylinder {
	<27.235819, 32.210606, 36.661427>,  <27.480429, 31.897963, 36.612225>, 0.100000
	pigment { color rgbt <1,0,0,0> }
	no_shadow
}

// particle -1
sphere {
	<27.235819, 32.210606, 36.661427> 0.100000
	pigment { color rgbt <1,0,0,0> }
	no_shadow
}
sphere {
	0, 1
	scale<0.080000,0.200000,0.300000>
	matrix <-0.783870, -0.577325, -0.228568,
		-0.107634, -0.236198, 0.965725,
		-0.611524, 0.781605, 0.123009,
		27.052362, 32.445087, 36.698330>
	pigment { color rgbt <0,1,1,0> }
	no_shadow
}
cylinder {
	<26.956858, 31.501276, 36.958775>,  <27.480429, 31.897963, 36.612225>, 0.130000
	pigment { color rgbt <1,0,0,0> }
	no_shadow
}

// nucleotide -1

// particle -1
sphere {
	<26.956858, 31.501276, 36.958775> 0.250000
	pigment { color rgbt <1,0,0,0> }
	no_shadow
}
cylinder {
	<26.782158, 31.843393, 36.847256>,  <26.677338, 32.048664, 36.780346>, 0.100000
	pigment { color rgbt <1,0,0,0> }
	no_shadow
}
cylinder {
	<26.782158, 31.843393, 36.847256>,  <26.956858, 31.501276, 36.958775>, 0.100000
	pigment { color rgbt <1,0,0,0> }
	no_shadow
}

// particle -1
sphere {
	<26.782158, 31.843393, 36.847256> 0.100000
	pigment { color rgbt <1,0,0,0> }
	no_shadow
}
sphere {
	0, 1
	scale<0.080000,0.200000,0.300000>
	matrix <-0.851066, -0.493253, -0.179966,
		-0.291439, 0.158671, 0.943338,
		-0.436750, 0.855292, -0.278792,
		26.651133, 32.099979, 36.763618>
	pigment { color rgbt <0,1,1,0> }
	no_shadow
}
cylinder {
	<26.329615, 31.573906, 37.364788>,  <26.956858, 31.501276, 36.958775>, 0.130000
	pigment { color rgbt <1,0,0,0> }
	no_shadow
}

// nucleotide -1

// particle -1
sphere {
	<26.329615, 31.573906, 37.364788> 0.250000
	pigment { color rgbt <1,0,0,0> }
	no_shadow
}
cylinder {
	<26.296165, 31.800745, 37.037029>,  <26.276096, 31.936848, 36.840374>, 0.100000
	pigment { color rgbt <1,0,0,0> }
	no_shadow
}
cylinder {
	<26.296165, 31.800745, 37.037029>,  <26.329615, 31.573906, 37.364788>, 0.100000
	pigment { color rgbt <1,0,0,0> }
	no_shadow
}

// particle -1
sphere {
	<26.296165, 31.800745, 37.037029> 0.100000
	pigment { color rgbt <1,0,0,0> }
	no_shadow
}
sphere {
	0, 1
	scale<0.080000,0.200000,0.300000>
	matrix <-0.830537, -0.494039, -0.257162,
		-0.550649, 0.659034, 0.512308,
		-0.083622, 0.567097, -0.819395,
		26.271078, 31.970875, 36.791210>
	pigment { color rgbt <0,1,1,0> }
	no_shadow
}
cylinder {
	<25.555861, 31.854214, 37.260124>,  <26.329615, 31.573906, 37.364788>, 0.130000
	pigment { color rgbt <1,0,0,0> }
	no_shadow
}

// nucleotide -1

// particle -1
sphere {
	<25.555861, 31.854214, 37.260124> 0.250000
	pigment { color rgbt <1,0,0,0> }
	no_shadow
}
cylinder {
	<25.750668, 31.784595, 36.917774>,  <25.867552, 31.742825, 36.712364>, 0.100000
	pigment { color rgbt <1,0,0,0> }
	no_shadow
}
cylinder {
	<25.750668, 31.784595, 36.917774>,  <25.555861, 31.854214, 37.260124>, 0.100000
	pigment { color rgbt <1,0,0,0> }
	no_shadow
}

// particle -1
sphere {
	<25.750668, 31.784595, 36.917774> 0.100000
	pigment { color rgbt <1,0,0,0> }
	no_shadow
}
sphere {
	0, 1
	scale<0.080000,0.200000,0.300000>
	matrix <-0.788610, -0.508803, -0.345273,
		-0.375379, 0.843106, -0.385051,
		0.487016, -0.174047, -0.855876,
		25.896772, 31.732382, 36.661011>
	pigment { color rgbt <0,1,1,0> }
	no_shadow
}
cylinder {
	<25.357704, 31.256001, 36.791893>,  <25.555861, 31.854214, 37.260124>, 0.130000
	pigment { color rgbt <1,0,0,0> }
	no_shadow
}

// nucleotide -1

// particle -1
sphere {
	<25.357704, 31.256001, 36.791893> 0.250000
	pigment { color rgbt <1,0,0,0> }
	no_shadow
}
cylinder {
	<25.182945, 31.551212, 36.586201>,  <25.078091, 31.728340, 36.462784>, 0.100000
	pigment { color rgbt <1,0,0,0> }
	no_shadow
}
cylinder {
	<25.182945, 31.551212, 36.586201>,  <25.357704, 31.256001, 36.791893>, 0.100000
	pigment { color rgbt <1,0,0,0> }
	no_shadow
}

// particle -1
sphere {
	<25.182945, 31.551212, 36.586201> 0.100000
	pigment { color rgbt <1,0,0,0> }
	no_shadow
}
sphere {
	0, 1
	scale<0.080000,0.200000,0.300000>
	matrix <0.890778, 0.434453, -0.133284,
		0.125041, -0.516297, -0.847232,
		-0.436897, 0.738030, -0.514230,
		25.051876, 31.772621, 36.431931>
	pigment { color rgbt <0,1,1,0> }
	no_shadow
}
cylinder {
	<25.544506, 31.352659, 36.024120>,  <25.357704, 31.256001, 36.791893>, 0.130000
	pigment { color rgbt <1,0,0,0> }
	no_shadow
}

// nucleotide -1

// particle -1
sphere {
	<25.544506, 31.352659, 36.024120> 0.250000
	pigment { color rgbt <1,0,0,0> }
	no_shadow
}
cylinder {
	<25.467203, 31.692133, 36.221050>,  <25.420822, 31.895817, 36.339207>, 0.100000
	pigment { color rgbt <1,0,0,0> }
	no_shadow
}
cylinder {
	<25.467203, 31.692133, 36.221050>,  <25.544506, 31.352659, 36.024120>, 0.100000
	pigment { color rgbt <1,0,0,0> }
	no_shadow
}

// particle -1
sphere {
	<25.467203, 31.692133, 36.221050> 0.100000
	pigment { color rgbt <1,0,0,0> }
	no_shadow
}
sphere {
	0, 1
	scale<0.080000,0.200000,0.300000>
	matrix <0.964422, 0.256573, -0.063717,
		-0.180393, 0.462496, -0.868076,
		-0.193256, 0.848686, 0.492325,
		25.409225, 31.946739, 36.368748>
	pigment { color rgbt <0,1,1,0> }
	no_shadow
}
cylinder {
	<25.963497, 31.838034, 35.724468>,  <25.544506, 31.352659, 36.024120>, 0.130000
	pigment { color rgbt <1,0,0,0> }
	no_shadow
}

// nucleotide -1

// particle -1
sphere {
	<25.963497, 31.838034, 35.724468> 0.250000
	pigment { color rgbt <1,0,0,0> }
	no_shadow
}
cylinder {
	<25.867399, 31.997238, 36.078613>,  <25.809740, 32.092762, 36.291100>, 0.100000
	pigment { color rgbt <1,0,0,0> }
	no_shadow
}
cylinder {
	<25.867399, 31.997238, 36.078613>,  <25.963497, 31.838034, 35.724468>, 0.100000
	pigment { color rgbt <1,0,0,0> }
	no_shadow
}

// particle -1
sphere {
	<25.867399, 31.997238, 36.078613> 0.100000
	pigment { color rgbt <1,0,0,0> }
	no_shadow
}
sphere {
	0, 1
	scale<0.080000,0.200000,0.300000>
