// switches for output
#declare DRAW_BASES = 1; // possible values are 0, 1; only relevant for DNA ribbons
#declare DRAW_BASES_TYPE = 3; // possible values are 1, 2, 3; only relevant for DNA ribbons
#declare DRAW_FOG = 0; // set to 1 to enable fog

#include "colors.inc"

#include "transforms.inc"
background { rgb <1, 1, 1>}

#default {
   normal{
       ripples 0.25
       frequency 0.20
       turbulence 0.2
       lambda 5
   }
	finish {
		phong 0.1
		phong_size 40.
	}
}

// original window dimensions: 1024x640


// camera settings

camera {
	sky <0, 0.179814, -0.983701>
	up <0, 0.179814, -0.983701>
	right 1.6 * <1, 0, 0>
	location <35, 94.9851, 44.8844>
	look_at <35, 29.7336, 32.9568>
	direction <0, -65.2515, -11.9276>
	angle 67.0682
}


# declare cpy_camera_pos = <35, 94.9851, 44.8844>;
# if (DRAW_FOG = 1)
fog {
	fog_type 2
	up vnormalize(cpy_camera_pos)
	color rgbt<1,1,1,0.3>
	distance 1e-5
	fog_alt 3e-3
	fog_offset 56
}
# end


// LIGHTS

# declare lum = 6;
global_settings {
	ambient_light rgb lum * <0.05, 0.05, 0.05>
	max_trace_level 15
}# declare cpy_direct_light_amount = 0.25;
light_source
{	1000 * <-1, -1.16352, -0.803886>,
	rgb lum * cpy_direct_light_amount
	parallel
}

light_source
{	1000 * <1, 1.16352, 0.803886>,
	rgb lum * cpy_direct_light_amount
	parallel
}

// strand 0

// nucleotide -1

// particle -1
sphere {
	<24.217768, 34.567020, 34.743465> 0.250000
	pigment { color rgbt <1,0,0,0> }
	no_shadow
}
cylinder {
	<24.302851, 34.858471, 35.003883>,  <24.353901, 35.033340, 35.160133>, 0.100000
	pigment { color rgbt <1,0,0,0> }
	no_shadow
}
cylinder {
	<24.302851, 34.858471, 35.003883>,  <24.217768, 34.567020, 34.743465>, 0.100000
	pigment { color rgbt <1,0,0,0> }
	no_shadow
}

// particle -1
sphere {
	<24.302851, 34.858471, 35.003883> 0.100000
	pigment { color rgbt <1,0,0,0> }
	no_shadow
}
sphere {
	0, 1
	scale<0.080000,0.200000,0.300000>
	matrix <-0.350079, -0.565234, 0.746964,
		0.912250, -0.386801, 0.134848,
		0.212706, 0.728625, 0.651046,
		24.366663, 35.077057, 35.199196>
	pigment { color rgbt <0,1,1,0> }
	no_shadow
}
cylinder {
	<24.892523, 34.220097, 34.918793>,  <24.217768, 34.567020, 34.743465>, 0.130000
	pigment { color rgbt <1,0,0,0> }
	no_shadow
}

// nucleotide -1

// particle -1
sphere {
	<24.892523, 34.220097, 34.918793> 0.250000
	pigment { color rgbt <1,0,0,0> }
	no_shadow
}
cylinder {
	<25.239128, 34.417229, 34.887123>,  <25.447092, 34.535507, 34.868122>, 0.100000
	pigment { color rgbt <1,0,0,0> }
	no_shadow
}
cylinder {
	<25.239128, 34.417229, 34.887123>,  <24.892523, 34.220097, 34.918793>, 0.100000
	pigment { color rgbt <1,0,0,0> }
	no_shadow
}

// particle -1
sphere {
	<25.239128, 34.417229, 34.887123> 0.100000
	pigment { color rgbt <1,0,0,0> }
	no_shadow
}
sphere {
	0, 1
	scale<0.080000,0.200000,0.300000>
	matrix <-0.463824, 0.853609, 0.237106,
		0.184440, -0.168731, 0.968252,
		0.866515, 0.492830, -0.079178,
		25.499083, 34.565079, 34.863369>
	pigment { color rgbt <0,1,1,0> }
	no_shadow
}
cylinder {
	<24.127914, 34.007111, 35.189766>,  <24.892523, 34.220097, 34.918793>, 0.130000
	pigment { color rgbt <1,0,0,0> }
	no_shadow
}

// nucleotide -1

// particle -1
sphere {
	<24.127914, 34.007111, 35.189766> 0.250000
	pigment { color rgbt <1,0,0,0> }
	no_shadow
}
cylinder {
	<24.465239, 33.792297, 35.181534>,  <24.667633, 33.663410, 35.176594>, 0.100000
	pigment { color rgbt <1,0,0,0> }
	no_shadow
}
cylinder {
	<24.465239, 33.792297, 35.181534>,  <24.127914, 34.007111, 35.189766>, 0.100000
	pigment { color rgbt <1,0,0,0> }
	no_shadow
}

// particle -1
sphere {
	<24.465239, 33.792297, 35.181534> 0.100000
	pigment { color rgbt <1,0,0,0> }
	no_shadow
}
sphere {
	0, 1
	scale<0.080000,0.200000,0.300000>
	matrix <0.084223, 0.094235, 0.991981,
		-0.530785, -0.838282, 0.124699,
		0.843311, -0.537031, -0.020584,
		24.718231, 33.631187, 35.175358>
	pigment { color rgbt <0,1,1,0> }
	no_shadow
}
cylinder {
	<24.081717, 33.477959, 35.713284>,  <24.127914, 34.007111, 35.189766>, 0.130000
	pigment { color rgbt <1,0,0,0> }
	no_shadow
}

// nucleotide -1

// particle -1
sphere {
	<24.081717, 33.477959, 35.713284> 0.250000
	pigment { color rgbt <1,0,0,0> }
	no_shadow
}
cylinder {
	<24.470566, 33.529400, 35.634857>,  <24.703875, 33.560265, 35.587803>, 0.100000
	pigment { color rgbt <1,0,0,0> }
	no_shadow
}
cylinder {
	<24.470566, 33.529400, 35.634857>,  <24.081717, 33.477959, 35.713284>, 0.100000
	pigment { color rgbt <1,0,0,0> }
	no_shadow
}

// particle -1
sphere {
	<24.470566, 33.529400, 35.634857> 0.100000
	pigment { color rgbt <1,0,0,0> }
	no_shadow
}
sphere {
	0, 1
	scale<0.080000,0.200000,0.300000>
	matrix <0.193318, 0.033616, 0.980560,
		0.132696, -0.991126, 0.007817,
		0.972122, 0.128605, -0.196063,
		24.762201, 33.567982, 35.576038>
	pigment { color rgbt <0,1,1,0> }
	no_shadow
}
cylinder {
	<24.397232, 33.050587, 36.156406>,  <24.081717, 33.477959, 35.713284>, 0.130000
	pigment { color rgbt <1,0,0,0> }
	no_shadow
}

// nucleotide -1

// particle -1
sphere {
	<24.397232, 33.050587, 36.156406> 0.250000
	pigment { color rgbt <1,0,0,0> }
	no_shadow
}
cylinder {
	<24.681154, 33.320038, 36.074032>,  <24.851507, 33.481709, 36.024609>, 0.100000
	pigment { color rgbt <1,0,0,0> }
	no_shadow
}
cylinder {
	<24.681154, 33.320038, 36.074032>,  <24.397232, 33.050587, 36.156406>, 0.100000
	pigment { color rgbt <1,0,0,0> }
	no_shadow
}

// particle -1
sphere {
	<24.681154, 33.320038, 36.074032> 0.100000
	pigment { color rgbt <1,0,0,0> }
	no_shadow
}
sphere {
	0, 1
	scale<0.080000,0.200000,0.300000>
	matrix <0.251693, 0.030508, 0.967326,
		0.657897, -0.738444, -0.147892,
		0.709804, 0.673625, -0.205932,
		24.894096, 33.522125, 36.012253>
	pigment { color rgbt <0,1,1,0> }
	no_shadow
}
cylinder {
	<25.015879, 32.842594, 36.381359>,  <24.397232, 33.050587, 36.156406>, 0.130000
	pigment { color rgbt <1,0,0,0> }
	no_shadow
}

// nucleotide -1

// particle -1
sphere {
	<25.015879, 32.842594, 36.381359> 0.250000
	pigment { color rgbt <1,0,0,0> }
	no_shadow
}
cylinder {
	<25.030804, 33.242188, 36.371265>,  <25.039759, 33.481945, 36.365211>, 0.100000
	pigment { color rgbt <1,0,0,0> }
	no_shadow
}
cylinder {
	<25.030804, 33.242188, 36.371265>,  <25.015879, 32.842594, 36.381359>, 0.100000
	pigment { color rgbt <1,0,0,0> }
	no_shadow
}

// particle -1
sphere {
	<25.030804, 33.242188, 36.371265> 0.100000
	pigment { color rgbt <1,0,0,0> }
	no_shadow
}
sphere {
	0, 1
	scale<0.080000,0.200000,0.300000>
	matrix <0.422160, 0.007126, 0.906493,
		0.905753, -0.044474, -0.421466,
		0.037312, 0.998985, -0.025230,
		25.041998, 33.541882, 36.363697>
	pigment { color rgbt <0,1,1,0> }
	no_shadow
}
cylinder {
	<25.772514, 33.082676, 36.618557>,  <25.015879, 32.842594, 36.381359>, 0.130000
	pigment { color rgbt <1,0,0,0> }
	no_shadow
}

// nucleotide -1

// particle -1
sphere {
	<25.772514, 33.082676, 36.618557> 0.250000
	pigment { color rgbt <1,0,0,0> }
	no_shadow
}
cylinder {
	<25.507858, 33.378654, 36.667065>,  <25.349064, 33.556244, 36.696167>, 0.100000
	pigment { color rgbt <1,0,0,0> }
	no_shadow
}
cylinder {
	<25.507858, 33.378654, 36.667065>,  <25.772514, 33.082676, 36.618557>, 0.100000
	pigment { color rgbt <1,0,0,0> }
	no_shadow
}

// particle -1
sphere {
	<25.507858, 33.378654, 36.667065> 0.100000
	pigment { color rgbt <1,0,0,0> }
	no_shadow
}
sphere {
	0, 1
	scale<0.080000,0.200000,0.300000>
	matrix <0.387363, 0.198836, 0.900230,
		0.642012, 0.642605, -0.418187,
		-0.661643, 0.739948, 0.121266,
		25.309366, 33.600639, 36.703445>
	pigment { color rgbt <0,1,1,0> }
	no_shadow
}
cylinder {
	<26.168221, 33.753860, 36.735077>,  <25.772514, 33.082676, 36.618557>, 0.130000
	pigment { color rgbt <1,0,0,0> }
	no_shadow
}

// nucleotide -1

// particle -1
sphere {
	<26.168221, 33.753860, 36.735077> 0.250000
	pigment { color rgbt <1,0,0,0> }
	no_shadow
}
cylinder {
	<25.798933, 33.751030, 36.888760>,  <25.577360, 33.749332, 36.980968>, 0.100000
	pigment { color rgbt <1,0,0,0> }
	no_shadow
}
cylinder {
	<25.798933, 33.751030, 36.888760>,  <26.168221, 33.753860, 36.735077>, 0.100000
	pigment { color rgbt <1,0,0,0> }
	no_shadow
}

// particle -1
sphere {
	<25.798933, 33.751030, 36.888760> 0.100000
	pigment { color rgbt <1,0,0,0> }
	no_shadow
}
sphere {
	0, 1
	scale<0.080000,0.200000,0.300000>
	matrix <0.384242, -0.029478, 0.922762,
		0.004793, 0.999540, 0.029935,
		-0.923220, -0.007080, 0.384206,
		25.521967, 33.748905, 37.004021>
	pigment { color rgbt <0,1,1,0> }
	no_shadow
}
cylinder {
	<26.251801, 34.233009, 37.263134>,  <26.168221, 33.753860, 36.735077>, 0.130000
	pigment { color rgbt <1,0,0,0> }
	no_shadow
}

// nucleotide -1

// particle -1
sphere {
	<26.251801, 34.233009, 37.263134> 0.250000
	pigment { color rgbt <1,0,0,0> }
	no_shadow
}
cylinder {
	<25.914503, 34.029259, 37.331810>,  <25.712126, 33.907009, 37.373016>, 0.100000
	pigment { color rgbt <1,0,0,0> }
	no_shadow
}
cylinder {
	<25.914503, 34.029259, 37.331810>,  <26.251801, 34.233009, 37.263134>, 0.100000
	pigment { color rgbt <1,0,0,0> }
	no_shadow
}

// particle -1
sphere {
	<25.914503, 34.029259, 37.331810> 0.100000
	pigment { color rgbt <1,0,0,0> }
	no_shadow
}
sphere {
	0, 1
	scale<0.080000,0.200000,0.300000>
	matrix <0.299519, -0.180032, 0.936951,
		-0.446353, 0.841500, 0.304379,
		-0.843242, -0.509379, 0.171687,
		25.661530, 33.876446, 37.383316>
	pigment { color rgbt <0,1,1,0> }
	no_shadow
}
cylinder {
	<25.823645, 34.687649, 37.738697>,  <26.251801, 34.233009, 37.263134>, 0.130000
	pigment { color rgbt <1,0,0,0> }
	no_shadow
}

// nucleotide -1

// particle -1
sphere {
	<25.823645, 34.687649, 37.738697> 0.250000
	pigment { color rgbt <1,0,0,0> }
	no_shadow
}
cylinder {
	<25.692497, 34.316544, 37.809975>,  <25.613808, 34.093880, 37.852741>, 0.100000
	pigment { color rgbt <1,0,0,0> }
	no_shadow
}
cylinder {
	<25.692497, 34.316544, 37.809975>,  <25.823645, 34.687649, 37.738697>, 0.100000
	pigment { color rgbt <1,0,0,0> }
	no_shadow
}

// particle -1
sphere {
	<25.692497, 34.316544, 37.809975> 0.100000
	pigment { color rgbt <1,0,0,0> }
	no_shadow
}
sphere {
	0, 1
	scale<0.080000,0.200000,0.300000>
	matrix <0.249147, 0.097032, 0.963593,
		-0.911278, 0.360330, 0.199336,
		-0.327870, -0.927764, 0.178198,
		25.594137, 34.038216, 37.863434>
	pigment { color rgbt <0,1,1,0> }
	no_shadow
}
cylinder {
	<25.366312, 34.719940, 38.312492>,  <25.823645, 34.687649, 37.738697>, 0.130000
	pigment { color rgbt <1,0,0,0> }
	no_shadow
}

// nucleotide -1

// particle -1
sphere {
	<25.366312, 34.719940, 38.312492> 0.250000
	pigment { color rgbt <1,0,0,0> }
	no_shadow
}
cylinder {
	<25.422657, 34.323959, 38.317574>,  <25.456465, 34.086372, 38.320621>, 0.100000
	pigment { color rgbt <1,0,0,0> }
	no_shadow
}
cylinder {
	<25.422657, 34.323959, 38.317574>,  <25.366312, 34.719940, 38.312492>, 0.100000
	pigment { color rgbt <1,0,0,0> }
	no_shadow
}

// particle -1
sphere {
	<25.422657, 34.323959, 38.317574> 0.100000
	pigment { color rgbt <1,0,0,0> }
	no_shadow
}
sphere {
	0, 1
	scale<0.080000,0.200000,0.300000>
	matrix <0.255644, 0.048764, 0.965540,
		-0.956454, -0.132762, 0.259943,
		0.140863, -0.989948, 0.012700,
		25.464916, 34.026974, 38.321384>
	pigment { color rgbt <0,1,1,0> }
	no_shadow
}
cylinder {
	<25.080227, 34.553852, 38.893661>,  <25.366312, 34.719940, 38.312492>, 0.130000
	pigment { color rgbt <1,0,0,0> }
	no_shadow
}

// nucleotide -1

// particle -1
sphere {
	<25.080227, 34.553852, 38.893661> 0.250000
	pigment { color rgbt <1,0,0,0> }
	no_shadow
}
cylinder {
	<25.340036, 34.269051, 38.786957>,  <25.495922, 34.098167, 38.722935>, 0.100000
	pigment { color rgbt <1,0,0,0> }
	no_shadow
}
cylinder {
	<25.340036, 34.269051, 38.786957>,  <25.080227, 34.553852, 38.893661>, 0.100000
	pigment { color rgbt <1,0,0,0> }
	no_shadow
}

// particle -1
sphere {
	<25.340036, 34.269051, 38.786957> 0.100000
	pigment { color rgbt <1,0,0,0> }
	no_shadow
}
sphere {
	0, 1
	scale<0.080000,0.200000,0.300000>
	matrix <0.232434, -0.148113, 0.961268,
		-0.723941, -0.686373, 0.069292,
		0.649526, -0.712007, -0.266761,
		25.534895, 34.055447, 38.706928>
	pigment { color rgbt <0,1,1,0> }
	no_shadow
}
cylinder {
	<25.013859, 33.926704, 39.374584>,  <25.080227, 34.553852, 38.893661>, 0.130000
	pigment { color rgbt <1,0,0,0> }
	no_shadow
}

// nucleotide -1

// particle -1
sphere {
	<25.013859, 33.926704, 39.374584> 0.250000
	pigment { color rgbt <1,0,0,0> }
	no_shadow
}
cylinder {
	<25.375412, 34.009666, 39.224930>,  <25.592344, 34.059444, 39.135139>, 0.100000
	pigment { color rgbt <1,0,0,0> }
	no_shadow
}
cylinder {
	<25.375412, 34.009666, 39.224930>,  <25.013859, 33.926704, 39.374584>, 0.100000
	pigment { color rgbt <1,0,0,0> }
	no_shadow
}

// particle -1
sphere {
	<25.375412, 34.009666, 39.224930> 0.100000
	pigment { color rgbt <1,0,0,0> }
	no_shadow
}
sphere {
	0, 1
	scale<0.080000,0.200000,0.300000>
	matrix <0.381243, 0.006130, 0.924455,
		0.194034, -0.978235, -0.073532,
		0.903883, 0.207410, -0.374134,
		25.646578, 34.071888, 39.112690>
	pigment { color rgbt <0,1,1,0> }
	no_shadow
}
cylinder {
	<25.766485, 33.793892, 39.562332>,  <25.013859, 33.926704, 39.374584>, 0.130000
	pigment { color rgbt <1,0,0,0> }
	no_shadow
}

// nucleotide -1

// particle -1
sphere {
	<25.766485, 33.793892, 39.562332> 0.250000
	pigment { color rgbt <1,0,0,0> }
	no_shadow
}
cylinder {
	<25.820860, 33.409477, 39.466061>,  <25.853485, 33.178829, 39.408298>, 0.100000
	pigment { color rgbt <1,0,0,0> }
	no_shadow
}
cylinder {
	<25.820860, 33.409477, 39.466061>,  <25.766485, 33.793892, 39.562332>, 0.100000
	pigment { color rgbt <1,0,0,0> }
	no_shadow
}

// particle -1
sphere {
	<25.820860, 33.409477, 39.466061> 0.100000
	pigment { color rgbt <1,0,0,0> }
	no_shadow
}
sphere {
	0, 1
	scale<0.080000,0.200000,0.300000>
	matrix <-0.107114, 0.227251, -0.967927,
		0.984910, 0.157357, -0.072049,
		0.135937, -0.961039, -0.240677,
		25.861641, 33.121166, 39.393856>
	pigment { color rgbt <0,1,1,0> }
	no_shadow
}
cylinder {
	<26.405409, 33.683411, 39.066177>,  <25.766485, 33.793892, 39.562332>, 0.130000
	pigment { color rgbt <1,0,0,0> }
	no_shadow
}

// nucleotide -1

// particle -1
sphere {
	<26.405409, 33.683411, 39.066177> 0.250000
	pigment { color rgbt <1,0,0,0> }
	no_shadow
}
cylinder {
	<26.064260, 33.474689, 39.058903>,  <25.859571, 33.349457, 39.054539>, 0.100000
	pigment { color rgbt <1,0,0,0> }
	no_shadow
}
cylinder {
	<26.064260, 33.474689, 39.058903>,  <26.405409, 33.683411, 39.066177>, 0.100000
	pigment { color rgbt <1,0,0,0> }
	no_shadow
}

// particle -1
sphere {
	<26.064260, 33.474689, 39.058903> 0.100000
	pigment { color rgbt <1,0,0,0> }
	no_shadow
}
sphere {
	0, 1
	scale<0.080000,0.200000,0.300000>
	matrix <-0.165467, 0.303161, -0.938464,
		0.495213, -0.797377, -0.344899,
		-0.852869, -0.521808, -0.018190,
		25.808399, 33.318146, 39.053448>
	pigment { color rgbt <0,1,1,0> }
	no_shadow
}
cylinder {
	<26.396942, 33.249897, 38.515152>,  <26.405409, 33.683411, 39.066177>, 0.130000
	pigment { color rgbt <1,0,0,0> }
	no_shadow
}

// nucleotide -1

// particle -1
sphere {
	<26.396942, 33.249897, 38.515152> 0.250000
	pigment { color rgbt <1,0,0,0> }
	no_shadow
}
cylinder {
	<26.024448, 33.351608, 38.619572>,  <25.800953, 33.412636, 38.682224>, 0.100000
	pigment { color rgbt <1,0,0,0> }
	no_shadow
}
cylinder {
	<26.024448, 33.351608, 38.619572>,  <26.396942, 33.249897, 38.515152>, 0.100000
	pigment { color rgbt <1,0,0,0> }
	no_shadow
}

// particle -1
sphere {
	<26.024448, 33.351608, 38.619572> 0.100000
	pigment { color rgbt <1,0,0,0> }
	no_shadow
}
sphere {
	0, 1
	scale<0.080000,0.200000,0.300000>
	matrix <-0.222189, 0.171615, -0.959782,
		-0.288852, -0.951783, -0.103316,
		-0.931234, 0.254280, 0.261047,
		25.745079, 33.427891, 38.697887>
	pigment { color rgbt <0,1,1,0> }
	no_shadow
}
cylinder {
	<25.895153, 32.873985, 38.114296>,  <26.396942, 33.249897, 38.515152>, 0.130000
	pigment { color rgbt <1,0,0,0> }
	no_shadow
}

// nucleotide -1

// particle -1
sphere {
	<25.895153, 32.873985, 38.114296> 0.250000
	pigment { color rgbt <1,0,0,0> }
	no_shadow
}
cylinder {
	<25.707979, 33.211491, 38.219437>,  <25.595675, 33.413994, 38.282520>, 0.100000
	pigment { color rgbt <1,0,0,0> }
	no_shadow
}
cylinder {
	<25.707979, 33.211491, 38.219437>,  <25.895153, 32.873985, 38.114296>, 0.100000
	pigment { color rgbt <1,0,0,0> }
	no_shadow
}

// particle -1
sphere {
	<25.707979, 33.211491, 38.219437> 0.100000
	pigment { color rgbt <1,0,0,0> }
	no_shadow
}
sphere {
	0, 1
	scale<0.080000,0.200000,0.300000>
	matrix <-0.262613, 0.151233, -0.952976,
		-0.843842, -0.514961, 0.150817,
		-0.467937, 0.843768, 0.262852,
		25.567598, 33.464622, 38.298294>
	pigment { color rgbt <0,1,1,0> }
	no_shadow
}
cylinder {
	<25.170980, 32.816326, 37.845074>,  <25.895153, 32.873985, 38.114296>, 0.130000
	pigment { color rgbt <1,0,0,0> }
	no_shadow
}

// nucleotide -1

// particle -1
sphere {
	<25.170980, 32.816326, 37.845074> 0.250000
	pigment { color rgbt <1,0,0,0> }
	no_shadow
}
cylinder {
	<25.290216, 33.197052, 37.873905>,  <25.361759, 33.425488, 37.891205>, 0.100000
	pigment { color rgbt <1,0,0,0> }
	no_shadow
}
cylinder {
	<25.290216, 33.197052, 37.873905>,  <25.170980, 32.816326, 37.845074>, 0.100000
	pigment { color rgbt <1,0,0,0> }
	no_shadow
}

// particle -1
sphere {
	<25.290216, 33.197052, 37.873905> 0.100000
	pigment { color rgbt <1,0,0,0> }
	no_shadow
}
sphere {
	0, 1
	scale<0.080000,0.200000,0.300000>
	matrix <-0.324378, 0.172027, -0.930153,
		-0.897730, 0.253891, 0.360027,
		0.298092, 0.951812, 0.072077,
		25.379644, 33.482597, 37.895527>
	pigment { color rgbt <0,1,1,0> }
	no_shadow
}
cylinder {
	<24.605274, 33.279747, 37.848274>,  <25.170980, 32.816326, 37.845074>, 0.130000
	pigment { color rgbt <1,0,0,0> }
	no_shadow
}

// nucleotide -1

// particle -1
sphere {
	<24.605274, 33.279747, 37.848274> 0.250000
	pigment { color rgbt <1,0,0,0> }
	no_shadow
}
cylinder {
	<24.930685, 33.446819, 37.686424>,  <25.125931, 33.547062, 37.589314>, 0.100000
	pigment { color rgbt <1,0,0,0> }
	no_shadow
}
cylinder {
	<24.930685, 33.446819, 37.686424>,  <24.605274, 33.279747, 37.848274>, 0.100000
	pigment { color rgbt <1,0,0,0> }
	no_shadow
}

// particle -1
sphere {
	<24.930685, 33.446819, 37.686424> 0.100000
	pigment { color rgbt <1,0,0,0> }
	no_shadow
}
sphere {
	0, 1
	scale<0.080000,0.200000,0.300000>
	matrix <-0.554858, 0.349202, -0.755110,
		-0.174097, 0.838811, 0.515836,
		0.813525, 0.417678, -0.404626,
		25.174742, 33.572124, 37.565037>
	pigment { color rgbt <0,1,1,0> }
	no_shadow
}
cylinder {
	<24.340572, 33.892586, 37.553616>,  <24.605274, 33.279747, 37.848274>, 0.130000
	pigment { color rgbt <1,0,0,0> }
	no_shadow
}

// nucleotide -1

// particle -1
sphere {
	<24.340572, 33.892586, 37.553616> 0.250000
	pigment { color rgbt <1,0,0,0> }
	no_shadow
}
cylinder {
	<24.697502, 33.811119, 37.392479>,  <24.911659, 33.762238, 37.295799>, 0.100000
	pigment { color rgbt <1,0,0,0> }
	no_shadow
}
cylinder {
	<24.697502, 33.811119, 37.392479>,  <24.340572, 33.892586, 37.553616>, 0.100000
	pigment { color rgbt <1,0,0,0> }
	no_shadow
}

// particle -1
sphere {
	<24.697502, 33.811119, 37.392479> 0.100000
	pigment { color rgbt <1,0,0,0> }
	no_shadow
}
sphere {
	0, 1
	scale<0.080000,0.200000,0.300000>
	matrix <-0.333373, 0.304338, -0.892323,
		0.304338, 0.930536, 0.203670,
		0.892323, -0.203670, -0.402837,
		24.965199, 33.750019, 37.271629>
	pigment { color rgbt <0,1,1,0> }
	no_shadow
}
cylinder {
	<24.576664, 34.516171, 37.159962>,  <24.340572, 33.892586, 37.553616>, 0.130000
	pigment { color rgbt <1,0,0,0> }
	no_shadow
}

// nucleotide -1

// particle -1
sphere {
	<24.576664, 34.516171, 37.159962> 0.250000
	pigment { color rgbt <1,0,0,0> }
	no_shadow
}
cylinder {
	<24.738485, 34.182808, 37.009350>,  <24.835577, 33.982792, 36.918983>, 0.100000
	pigment { color rgbt <1,0,0,0> }
	no_shadow
}
cylinder {
	<24.738485, 34.182808, 37.009350>,  <24.576664, 34.516171, 37.159962>, 0.100000
	pigment { color rgbt <1,0,0,0> }
	no_shadow
}

// particle -1
sphere {
	<24.738485, 34.182808, 37.009350> 0.100000
	pigment { color rgbt <1,0,0,0> }
	no_shadow
}
sphere {
	0, 1
	scale<0.080000,0.200000,0.300000>
	matrix <-0.221605, 0.310117, -0.924510,
		0.887259, 0.457452, -0.059228,
		0.404552, -0.833406, -0.376528,
		24.859850, 33.932785, 36.896393>
	pigment { color rgbt <0,1,1,0> }
	no_shadow
}
cylinder {
	<24.887877, 34.650616, 36.525536>,  <24.576664, 34.516171, 37.159962>, 0.130000
	pigment { color rgbt <1,0,0,0> }
	no_shadow
}

// nucleotide -1

// particle -1
sphere {
	<24.887877, 34.650616, 36.525536> 0.250000
	pigment { color rgbt <1,0,0,0> }
	no_shadow
}
cylinder {
	<24.813156, 34.259632, 36.486198>,  <24.768324, 34.025040, 36.462597>, 0.100000
	pigment { color rgbt <1,0,0,0> }
	no_shadow
}
cylinder {
	<24.813156, 34.259632, 36.486198>,  <24.887877, 34.650616, 36.525536>, 0.100000
	pigment { color rgbt <1,0,0,0> }
	no_shadow
}

// particle -1
sphere {
	<24.813156, 34.259632, 36.486198> 0.100000
	pigment { color rgbt <1,0,0,0> }
	no_shadow
}
sphere {
	0, 1
	scale<0.080000,0.200000,0.300000>
	matrix <-0.292295, 0.150872, -0.944352,
		0.937907, -0.147660, -0.313890,
		-0.186801, -0.977463, -0.098344,
		24.757116, 33.966393, 36.456696>
	pigment { color rgbt <0,1,1,0> }
	no_shadow
}
cylinder {
	<25.593460, 34.556862, 36.821987>,  <24.887877, 34.650616, 36.525536>, 0.130000
	pigment { color rgbt <1,0,0,0> }
	no_shadow
}

// nucleotide -1

// particle -1
sphere {
	<25.593460, 34.556862, 36.821987> 0.250000
	pigment { color rgbt <1,0,0,0> }
	no_shadow
}
cylinder {
	<25.588963, 34.165401, 36.739906>,  <25.586264, 33.930523, 36.690659>, 0.100000
	pigment { color rgbt <1,0,0,0> }
	no_shadow
}
cylinder {
	<25.588963, 34.165401, 36.739906>,  <25.593460, 34.556862, 36.821987>, 0.100000
	pigment { color rgbt <1,0,0,0> }
	no_shadow
}

// particle -1
sphere {
	<25.588963, 34.165401, 36.739906> 0.100000
	pigment { color rgbt <1,0,0,0> }
	no_shadow
}
sphere {
	0, 1
	scale<0.080000,0.200000,0.300000>
	matrix <-0.138907, 0.204754, -0.968907,
		0.990242, 0.017611, -0.138244,
		-0.011242, -0.978655, -0.205203,
		25.585590, 33.871803, 36.678345>
	pigment { color rgbt <0,1,1,0> }
	no_shadow
}
cylinder {
	<25.589479, 34.590046, 36.154438>,  <25.593460, 34.556862, 36.821987>, 0.130000
	pigment { color rgbt <1,0,0,0> }
	no_shadow
}

// nucleotide -1

// particle -1
sphere {
	<25.589479, 34.590046, 36.154438> 0.250000
	pigment { color rgbt <1,0,0,0> }
	no_shadow
}
cylinder {
	<25.522310, 34.201172, 36.219738>,  <25.482008, 33.967846, 36.258919>, 0.100000
	pigment { color rgbt <1,0,0,0> }
	no_shadow
}
cylinder {
	<25.522310, 34.201172, 36.219738>,  <25.589479, 34.590046, 36.154438>, 0.100000
	pigment { color rgbt <1,0,0,0> }
	no_shadow
}

// particle -1
sphere {
	<25.522310, 34.201172, 36.219738> 0.100000
	pigment { color rgbt <1,0,0,0> }
	no_shadow
}
sphere {
	0, 1
	scale<0.080000,0.200000,0.300000>
	matrix <-0.361229, -0.093395, -0.927788,
		0.917232, -0.214768, -0.335499,
		-0.167925, -0.972189, 0.163245,
		25.471933, 33.909515, 36.268711>
	pigment { color rgbt <0,1,1,0> }
	no_shadow
}
cylinder {
	<25.827274, 34.277939, 35.620716>,  <25.589479, 34.590046, 36.154438>, 0.130000
	pigment { color rgbt <1,0,0,0> }
	no_shadow
}

// nucleotide -1

// particle -1
sphere {
	<25.827274, 34.277939, 35.620716> 0.250000
	pigment { color rgbt <1,0,0,0> }
	no_shadow
}
cylinder {
	<25.546362, 34.024193, 35.749950>,  <25.377815, 33.871944, 35.827492>, 0.100000
	pigment { color rgbt <1,0,0,0> }
	no_shadow
}
cylinder {
	<25.546362, 34.024193, 35.749950>,  <25.827274, 34.277939, 35.620716>, 0.100000
	pigment { color rgbt <1,0,0,0> }
	no_shadow
}

// particle -1
sphere {
	<25.546362, 34.024193, 35.749950> 0.100000
	pigment { color rgbt <1,0,0,0> }
	no_shadow
}
sphere {
	0, 1
	scale<0.080000,0.200000,0.300000>
	matrix <-0.153603, -0.308122, -0.938865,
		0.695132, -0.708973, 0.118947,
		-0.702280, -0.634365, 0.323086,
		25.335678, 33.833885, 35.846878>
	pigment { color rgbt <0,1,1,0> }
	no_shadow
}
cylinder {
	<26.003611, 33.719574, 35.300323>,  <25.827274, 34.277939, 35.620716>, 0.130000
	pigment { color rgbt <1,0,0,0> }
	no_shadow
}

// nucleotide -1

// particle -1
sphere {
	<26.003611, 33.719574, 35.300323> 0.250000
	pigment { color rgbt <1,0,0,0> }
	no_shadow
}
cylinder {
	<25.613844, 33.694836, 35.386753>,  <25.379984, 33.679993, 35.438610>, 0.100000
	pigment { color rgbt <1,0,0,0> }
	no_shadow
}
cylinder {
	<25.613844, 33.694836, 35.386753>,  <26.003611, 33.719574, 35.300323>, 0.100000
	pigment { color rgbt <1,0,0,0> }
	no_shadow
}

// particle -1
sphere {
	<25.613844, 33.694836, 35.386753> 0.100000
	pigment { color rgbt <1,0,0,0> }
	no_shadow
}
sphere {
	0, 1
	scale<0.080000,0.200000,0.300000>
	matrix <-0.193897, -0.254832, -0.947346,
		0.113653, -0.965005, 0.236321,
		-0.974416, -0.061847, 0.216074,
		25.321520, 33.676281, 35.451576>
	pigment { color rgbt <0,1,1,0> }
	no_shadow
}
cylinder {
	<25.874462, 33.079823, 35.051575>,  <26.003611, 33.719574, 35.300323>, 0.130000
	pigment { color rgbt <1,0,0,0> }
	no_shadow
}

// nucleotide -1

// particle -1
sphere {
	<25.874462, 33.079823, 35.051575> 0.250000
	pigment { color rgbt <1,0,0,0> }
	no_shadow
}
cylinder {
	<25.521000, 33.263042, 35.090225>,  <25.308922, 33.372974, 35.113415>, 0.100000
	pigment { color rgbt <1,0,0,0> }
	no_shadow
}
cylinder {
	<25.521000, 33.263042, 35.090225>,  <25.874462, 33.079823, 35.051575>, 0.100000
	pigment { color rgbt <1,0,0,0> }
	no_shadow
}

// particle -1
sphere {
	<25.521000, 33.263042, 35.090225> 0.100000
	pigment { color rgbt <1,0,0,0> }
	no_shadow
}
sphere {
	0, 1
	scale<0.080000,0.200000,0.300000>
	matrix <-0.215903, -0.215621, -0.952310,
		-0.415375, -0.862377, 0.289430,
		-0.883657, 0.458054, 0.096626,
		25.255903, 33.400459, 35.119213>
	pigment { color rgbt <0,1,1,0> }
	no_shadow
}
cylinder {
	<25.349674, 32.632263, 35.016045>,  <25.874462, 33.079823, 35.051575>, 0.130000
	pigment { color rgbt <1,0,0,0> }
	no_shadow
}

// nucleotide -1

// particle -1
sphere {
	<25.349674, 32.632263, 35.016045> 0.250000
	pigment { color rgbt <1,0,0,0> }
	no_shadow
}
cylinder {
	<25.255526, 32.992771, 34.870548>,  <25.199038, 33.209076, 34.783249>, 0.100000
	pigment { color rgbt <1,0,0,0> }
	no_shadow
}
cylinder {
	<25.255526, 32.992771, 34.870548>,  <25.349674, 32.632263, 35.016045>, 0.100000
	pigment { color rgbt <1,0,0,0> }
	no_shadow
}

// particle -1
sphere {
	<25.255526, 32.992771, 34.870548> 0.100000
	pigment { color rgbt <1,0,0,0> }
	no_shadow
}
sphere {
	0, 1
	scale<0.080000,0.200000,0.300000>
	matrix <-0.108639, -0.396308, -0.911667,
		-0.965815, -0.175062, 0.191192,
		-0.235369, 0.901273, -0.363742,
		25.184916, 33.263153, 34.761425>
	pigment { color rgbt <0,1,1,0> }
	no_shadow
}
cylinder {
	<24.820662, 32.459602, 34.631851>,  <25.349674, 32.632263, 35.016045>, 0.130000
	pigment { color rgbt <1,0,0,0> }
	no_shadow
}

// nucleotide -1

// particle -1
sphere {
	<24.820662, 32.459602, 34.631851> 0.250000
	pigment { color rgbt <1,0,0,0> }
	no_shadow
}
cylinder {
	<24.990181, 32.795589, 34.496288>,  <25.091892, 32.997181, 34.414951>, 0.100000
	pigment { color rgbt <1,0,0,0> }
	no_shadow
}
cylinder {
	<24.990181, 32.795589, 34.496288>,  <24.820662, 32.459602, 34.631851>, 0.100000
	pigment { color rgbt <1,0,0,0> }
	no_shadow
}

// particle -1
sphere {
	<24.990181, 32.795589, 34.496288> 0.100000
	pigment { color rgbt <1,0,0,0> }
	no_shadow
}
sphere {
	0, 1
	scale<0.080000,0.200000,0.300000>
	matrix <0.068599, -0.402857, -0.912688,
		-0.903155, 0.363548, -0.228351,
		0.423799, 0.839964, -0.338903,
		25.117321, 33.047577, 34.394619>
	pigment { color rgbt <0,1,1,0> }
	no_shadow
}
cylinder {
	<24.446024, 32.617073, 34.007015>,  <24.820662, 32.459602, 34.631851>, 0.130000
	pigment { color rgbt <1,0,0,0> }
	no_shadow
}

// nucleotide -1

// particle -1
sphere {
	<24.446024, 32.617073, 34.007015> 0.250000
	pigment { color rgbt <1,0,0,0> }
	no_shadow
}
cylinder {
	<24.794035, 32.809273, 33.962887>,  <25.002842, 32.924591, 33.936409>, 0.100000
	pigment { color rgbt <1,0,0,0> }
	no_shadow
}
cylinder {
	<24.794035, 32.809273, 33.962887>,  <24.446024, 32.617073, 34.007015>, 0.100000
	pigment { color rgbt <1,0,0,0> }
	no_shadow
}

// particle -1
sphere {
	<24.794035, 32.809273, 33.962887> 0.100000
	pigment { color rgbt <1,0,0,0> }
	no_shadow
}
sphere {
	0, 1
	scale<0.080000,0.200000,0.300000>
	matrix <0.065521, -0.334481, -0.940122,
		-0.488627, 0.810705, -0.322491,
		0.870029, 0.480499, -0.110319,
		25.055044, 32.953423, 33.929790>
	pigment { color rgbt <0,1,1,0> }
	no_shadow
}
cylinder {
	<24.523834, 32.874691, 33.347656>,  <24.446024, 32.617073, 34.007015>, 0.130000
	pigment { color rgbt <1,0,0,0> }
	no_shadow
}

// nucleotide -1

// particle -1
sphere {
	<24.523834, 32.874691, 33.347656> 0.250000
	pigment { color rgbt <1,0,0,0> }
	no_shadow
}
cylinder {
	<24.901043, 32.840057, 33.476166>,  <25.127367, 32.819279, 33.553272>, 0.100000
	pigment { color rgbt <1,0,0,0> }
	no_shadow
}
cylinder {
	<24.901043, 32.840057, 33.476166>,  <24.523834, 32.874691, 33.347656>, 0.100000
	pigment { color rgbt <1,0,0,0> }
	no_shadow
}

// particle -1
sphere {
	<24.901043, 32.840057, 33.476166> 0.100000
	pigment { color rgbt <1,0,0,0> }
	no_shadow
}
sphere {
	0, 1
	scale<0.080000,0.200000,0.300000>
	matrix <0.273811, -0.346666, -0.897135,
		0.189050, 0.933984, -0.303206,
		0.943020, -0.086583, 0.321272,
		25.183949, 32.814083, 33.572548>
	pigment { color rgbt <0,1,1,0> }
	no_shadow
}
cylinder {
	<25.139994, 33.325703, 32.994453>,  <24.523834, 32.874691, 33.347656>, 0.130000
	pigment { color rgbt <1,0,0,0> }
	no_shadow
}

// nucleotide -1

// particle -1
sphere {
	<25.139994, 33.325703, 32.994453> 0.250000
	pigment { color rgbt <1,0,0,0> }
	no_shadow
}
cylinder {
	<25.247128, 32.965012, 33.130188>,  <25.311409, 32.748596, 33.211628>, 0.100000
	pigment { color rgbt <1,0,0,0> }
	no_shadow
}
cylinder {
	<25.247128, 32.965012, 33.130188>,  <25.139994, 33.325703, 32.994453>, 0.100000
	pigment { color rgbt <1,0,0,0> }
	no_shadow
}

// particle -1
sphere {
	<25.247128, 32.965012, 33.130188> 0.100000
	pigment { color rgbt <1,0,0,0> }
	no_shadow
}
sphere {
	0, 1
	scale<0.080000,0.200000,0.300000>
	matrix <-0.004066, -0.353263, -0.935515,
		0.963456, 0.249185, -0.098283,
		0.267837, -0.901727, 0.339340,
		25.327478, 32.694492, 33.231991>
	pigment { color rgbt <0,1,1,0> }
	no_shadow
}
cylinder {
	<25.752804, 33.152565, 32.635872>,  <25.139994, 33.325703, 32.994453>, 0.130000
	pigment { color rgbt <1,0,0,0> }
	no_shadow
}

// nucleotide -1

// particle -1
sphere {
	<25.752804, 33.152565, 32.635872> 0.250000
	pigment { color rgbt <1,0,0,0> }
	no_shadow
}
cylinder {
	<25.578045, 32.812069, 32.752155>,  <25.473190, 32.607773, 32.821926>, 0.100000
	pigment { color rgbt <1,0,0,0> }
	no_shadow
}
cylinder {
	<25.578045, 32.812069, 32.752155>,  <25.752804, 33.152565, 32.635872>, 0.100000
	pigment { color rgbt <1,0,0,0> }
	no_shadow
}

// particle -1
sphere {
	<25.578045, 32.812069, 32.752155> 0.100000
	pigment { color rgbt <1,0,0,0> }
	no_shadow
}
sphere {
	0, 1
	scale<0.080000,0.200000,0.300000>
	matrix <0.188802, -0.402768, -0.895618,
		0.879474, -0.336407, 0.336684,
		-0.436898, -0.851239, 0.290709,
		25.446976, 32.556698, 32.839367>
	pigment { color rgbt <0,1,1,0> }
	no_shadow
}
cylinder {
	<26.317495, 32.577766, 32.549545>,  <25.752804, 33.152565, 32.635872>, 0.130000
	pigment { color rgbt <1,0,0,0> }
	no_shadow
}

// nucleotide -1

// particle -1
sphere {
	<26.317495, 32.577766, 32.549545> 0.250000
	pigment { color rgbt <1,0,0,0> }
	no_shadow
}
cylinder {
	<25.945850, 32.430084, 32.541153>,  <25.722864, 32.341476, 32.536118>, 0.100000
	pigment { color rgbt <1,0,0,0> }
	no_shadow
}
cylinder {
	<25.945850, 32.430084, 32.541153>,  <26.317495, 32.577766, 32.549545>, 0.100000
	pigment { color rgbt <1,0,0,0> }
	no_shadow
}

// particle -1
sphere {
	<25.945850, 32.430084, 32.541153> 0.100000
	pigment { color rgbt <1,0,0,0> }
	no_shadow
}
sphere {
	0, 1
	scale<0.080000,0.200000,0.300000>
	matrix <0.186365, -0.418472, -0.888903,
		0.319406, -0.829801, 0.457613,
		-0.929111, -0.369204, -0.020983,
		25.667116, 32.319324, 32.534859>
	pigment { color rgbt <0,1,1,0> }
	no_shadow
}
cylinder {
	<26.351469, 31.841379, 32.788406>,  <26.317495, 32.577766, 32.549545>, 0.130000
	pigment { color rgbt <1,0,0,0> }
	no_shadow
}

// nucleotide -1

// particle -1
sphere {
	<26.351469, 31.841379, 32.788406> 0.250000
	pigment { color rgbt <1,0,0,0> }
	no_shadow
}
cylinder {
	<25.974718, 31.724703, 32.855080>,  <25.748667, 31.654697, 32.895084>, 0.100000
	pigment { color rgbt <1,0,0,0> }
	no_shadow
}
cylinder {
	<25.974718, 31.724703, 32.855080>,  <26.351469, 31.841379, 32.788406>, 0.100000
	pigment { color rgbt <1,0,0,0> }
	no_shadow
}

// particle -1
sphere {
	<25.974718, 31.724703, 32.855080> 0.100000
	pigment { color rgbt <1,0,0,0> }
	no_shadow
}
sphere {
	0, 1
	scale<0.080000,0.200000,0.300000>
	matrix <-0.180430, 0.020668, -0.983371,
		0.283393, -0.956290, -0.072096,
		-0.941878, -0.291689, 0.166686,
		25.692154, 31.637196, 32.905087>
	pigment { color rgbt <0,1,1,0> }
	no_shadow
}
cylinder {
	<26.150627, 31.610523, 32.145409>,  <26.351469, 31.841379, 32.788406>, 0.130000
	pigment { color rgbt <1,0,0,0> }
	no_shadow
}

// nucleotide -1

// particle -1
sphere {
	<26.150627, 31.610523, 32.145409> 0.250000
	pigment { color rgbt <1,0,0,0> }
	no_shadow
}
cylinder {
	<25.809216, 31.583746, 32.352100>,  <25.604368, 31.567680, 32.476116>, 0.100000
	pigment { color rgbt <1,0,0,0> }
	no_shadow
}
cylinder {
	<25.809216, 31.583746, 32.352100>,  <26.150627, 31.610523, 32.145409>, 0.100000
	pigment { color rgbt <1,0,0,0> }
	no_shadow
}

// particle -1
sphere {
	<25.809216, 31.583746, 32.352100> 0.100000
	pigment { color rgbt <1,0,0,0> }
	no_shadow
}
sphere {
	0, 1
	scale<0.080000,0.200000,0.300000>
	matrix <-0.504813, -0.139348, -0.851907,
		0.129035, -0.987978, 0.085143,
		-0.853530, -0.066945, 0.516725,
		25.553156, 31.563663, 32.507118>
	pigment { color rgbt <0,1,1,0> }
	no_shadow
}
cylinder {
	<25.808430, 31.015162, 31.876690>,  <26.150627, 31.610523, 32.145409>, 0.130000
	pigment { color rgbt <1,0,0,0> }
	no_shadow
}

// nucleotide -1

// particle -1
sphere {
	<25.808430, 31.015162, 31.876690> 0.250000
	pigment { color rgbt <1,0,0,0> }
	no_shadow
}
cylinder {
	<25.533535, 31.276804, 32.003090>,  <25.368599, 31.433788, 32.078930>, 0.100000
	pigment { color rgbt <1,0,0,0> }
	no_shadow
}
cylinder {
	<25.533535, 31.276804, 32.003090>,  <25.808430, 31.015162, 31.876690>, 0.100000
	pigment { color rgbt <1,0,0,0> }
	no_shadow
}

// particle -1
sphere {
	<25.533535, 31.276804, 32.003090> 0.100000
	pigment { color rgbt <1,0,0,0> }
	no_shadow
}
sphere {
	0, 1
	scale<0.080000,0.200000,0.300000>
	matrix <-0.414914, 0.003623, -0.909853,
		-0.596284, -0.756396, 0.268907,
		-0.687235, 0.654104, 0.316000,
		25.327364, 31.473036, 32.097889>
	pigment { color rgbt <0,1,1,0> }
	no_shadow
}
cylinder {
	<25.083755, 30.727411, 31.874466>,  <25.808430, 31.015162, 31.876690>, 0.130000
	pigment { color rgbt <1,0,0,0> }
	no_shadow
}

// nucleotide -1

// particle -1
sphere {
	<25.083755, 30.727411, 31.874466> 0.250000
	pigment { color rgbt <1,0,0,0> }
	no_shadow
}
cylinder {
	<25.032293, 31.123690, 31.856707>,  <25.001415, 31.361456, 31.846052>, 0.100000
	pigment { color rgbt <1,0,0,0> }
	no_shadow
}
cylinder {
	<25.032293, 31.123690, 31.856707>,  <25.083755, 30.727411, 31.874466>, 0.100000
	pigment { color rgbt <1,0,0,0> }
	no_shadow
}

// particle -1
sphere {
	<25.032293, 31.123690, 31.856707> 0.100000
	pigment { color rgbt <1,0,0,0> }
	no_shadow
}
sphere {
	0, 1
	scale<0.080000,0.200000,0.300000>
	matrix <-0.607146, -0.114086, -0.786358,
		-0.784106, -0.074215, 0.616174,
		-0.128656, 0.990695, -0.044396,
		24.993696, 31.420898, 31.843388>
	pigment { color rgbt <0,1,1,0> }
	no_shadow
}
cylinder {
	<24.348433, 30.812761, 31.847334>,  <25.083755, 30.727411, 31.874466>, 0.130000
	pigment { color rgbt <1,0,0,0> }
	no_shadow
}

// nucleotide -1

// particle -1
sphere {
	<24.348433, 30.812761, 31.847334> 0.250000
	pigment { color rgbt <1,0,0,0> }
	no_shadow
}
cylinder {
	<24.530157, 31.139534, 31.705223>,  <24.639193, 31.335598, 31.619957>, 0.100000
	pigment { color rgbt <1,0,0,0> }
	no_shadow
}
cylinder {
	<24.530157, 31.139534, 31.705223>,  <24.348433, 30.812761, 31.847334>, 0.100000
	pigment { color rgbt <1,0,0,0> }
	no_shadow
}

// particle -1
sphere {
	<24.530157, 31.139534, 31.705223> 0.100000
	pigment { color rgbt <1,0,0,0> }
	no_shadow
}
sphere {
	0, 1
	scale<0.080000,0.200000,0.300000>
	matrix <-0.525049, -0.076629, -0.847615,
		-0.719669, 0.571619, 0.394116,
		0.454313, 0.816933, -0.355275,
		24.666451, 31.384613, 31.598640>
	pigment { color rgbt <0,1,1,0> }
	no_shadow
}
cylinder {
	<24.028027, 31.160172, 31.270067>,  <24.348433, 30.812761, 31.847334>, 0.130000
	pigment { color rgbt <1,0,0,0> }
	no_shadow
}

// nucleotide -1

// particle -1
sphere {
	<24.028027, 31.160172, 31.270067> 0.250000
	pigment { color rgbt <1,0,0,0> }
	no_shadow
}
cylinder {
	<24.394880, 31.306395, 31.206530>,  <24.614992, 31.394129, 31.168407>, 0.100000
	pigment { color rgbt <1,0,0,0> }
	no_shadow
}
cylinder {
	<24.394880, 31.306395, 31.206530>,  <24.028027, 31.160172, 31.270067>, 0.100000
	pigment { color rgbt <1,0,0,0> }
	no_shadow
}

// particle -1
sphere {
	<24.394880, 31.306395, 31.206530> 0.100000
	pigment { color rgbt <1,0,0,0> }
	no_shadow
}
sphere {
	0, 1
	scale<0.080000,0.200000,0.300000>
	matrix <-0.193016, 0.058659, -0.979441,
		-0.348725, 0.928938, 0.124357,
		0.917134, 0.365559, -0.158844,
		24.670021, 31.416061, 31.158876>
	pigment { color rgbt <0,1,1,0> }
	no_shadow
}
cylinder {
	<24.329617, 30.915277, 30.579369>,  <24.028027, 31.160172, 31.270067>, 0.130000
	pigment { color rgbt <1,0,0,0> }
	no_shadow
}

// nucleotide -1

// particle -1
sphere {
	<24.329617, 30.915277, 30.579369> 0.250000
	pigment { color rgbt <1,0,0,0> }
	no_shadow
}
cylinder {
	<24.196384, 31.292213, 30.566397>,  <24.116446, 31.518375, 30.558613>, 0.100000
	pigment { color rgbt <1,0,0,0> }
	no_shadow
}
cylinder {
	<24.196384, 31.292213, 30.566397>,  <24.329617, 30.915277, 30.579369>, 0.100000
	pigment { color rgbt <1,0,0,0> }
	no_shadow
}

// particle -1
sphere {
	<24.196384, 31.292213, 30.566397> 0.100000
	pigment { color rgbt <1,0,0,0> }
	no_shadow
}
sphere {
	0, 1
	scale<0.080000,0.200000,0.300000>
	matrix <0.520685, 0.212498, 0.826881,
		0.786095, 0.258530, -0.561441,
		-0.333079, 0.942341, -0.032431,
		24.096460, 31.574915, 30.556667>
	pigment { color rgbt <0,1,1,0> }
	no_shadow
}
cylinder {
	<24.957340, 31.362646, 30.558599>,  <24.329617, 30.915277, 30.579369>, 0.130000
	pigment { color rgbt <1,0,0,0> }
	no_shadow
}

// nucleotide -1

// particle -1
sphere {
	<24.957340, 31.362646, 30.558599> 0.250000
	pigment { color rgbt <1,0,0,0> }
	no_shadow
}
cylinder {
	<24.625956, 31.532883, 30.704216>,  <24.427124, 31.635025, 30.791586>, 0.100000
	pigment { color rgbt <1,0,0,0> }
	no_shadow
}
cylinder {
	<24.625956, 31.532883, 30.704216>,  <24.957340, 31.362646, 30.558599>, 0.100000
	pigment { color rgbt <1,0,0,0> }
	no_shadow
}

// particle -1
sphere {
	<24.625956, 31.532883, 30.704216> 0.100000
	pigment { color rgbt <1,0,0,0> }
	no_shadow
}
sphere {
	0, 1
	scale<0.080000,0.200000,0.300000>
	matrix <0.491506, 0.240918, 0.836887,
		0.268467, 0.872256, -0.408772,
		-0.828461, 0.425590, 0.364040,
		24.377417, 31.660561, 30.813429>
	pigment { color rgbt <0,1,1,0> }
	no_shadow
}
cylinder {
	<25.147533, 32.022873, 30.680202>,  <24.957340, 31.362646, 30.558599>, 0.130000
	pigment { color rgbt <1,0,0,0> }
	no_shadow
}

// nucleotide -1

// particle -1
sphere {
	<25.147533, 32.022873, 30.680202> 0.250000
	pigment { color rgbt <1,0,0,0> }
	no_shadow
}
cylinder {
	<24.843868, 31.938992, 30.926680>,  <24.661669, 31.888662, 31.074566>, 0.100000
	pigment { color rgbt <1,0,0,0> }
	no_shadow
}
cylinder {
	<24.843868, 31.938992, 30.926680>,  <25.147533, 32.022873, 30.680202>, 0.100000
	pigment { color rgbt <1,0,0,0> }
	no_shadow
}

// particle -1
sphere {
	<24.843868, 31.938992, 30.926680> 0.100000
	pigment { color rgbt <1,0,0,0> }
	no_shadow
}
sphere {
	0, 1
	scale<0.080000,0.200000,0.300000>
	matrix <0.592114, 0.170663, 0.787575,
