// switches for output
#declare DRAW_BASES = 1; // possible values are 0, 1; only relevant for DNA ribbons
#declare DRAW_BASES_TYPE = 3; // possible values are 1, 2, 3; only relevant for DNA ribbons
#declare DRAW_FOG = 0; // set to 1 to enable fog

#include "colors.inc"

#include "transforms.inc"
background { rgb <1, 1, 1>}

#default {
   normal{
       ripples 0.25
       frequency 0.20
       turbulence 0.2
       lambda 5
   }
	finish {
		phong 0.1
		phong_size 40.
	}
}

// original window dimensions: 1024x640


// camera settings

camera {
	sky <0, 0.179814, -0.983701>
	up <0, 0.179814, -0.983701>
	right 1.6 * <1, 0, 0>
	location <35, 94.9851, 44.8844>
	look_at <35, 29.7336, 32.9568>
	direction <0, -65.2515, -11.9276>
	angle 67.0682
}


# declare cpy_camera_pos = <35, 94.9851, 44.8844>;
# if (DRAW_FOG = 1)
fog {
	fog_type 2
	up vnormalize(cpy_camera_pos)
	color rgbt<1,1,1,0.3>
	distance 1e-5
	fog_alt 3e-3
	fog_offset 56
}
# end


// LIGHTS

# declare lum = 6;
global_settings {
	ambient_light rgb lum * <0.05, 0.05, 0.05>
	max_trace_level 15
}# declare cpy_direct_light_amount = 0.25;
light_source
{	1000 * <-1, -1.16352, -0.803886>,
	rgb lum * cpy_direct_light_amount
	parallel
}

light_source
{	1000 * <1, 1.16352, 0.803886>,
	rgb lum * cpy_direct_light_amount
	parallel
}

// strand 0

// nucleotide -1

// particle -1
sphere {
	<23.721140, 34.935364, 35.087505> 0.250000
	pigment { color rgbt <1,0,0,0> }
	no_shadow
}
cylinder {
	<24.098267, 34.907669, 34.957088>,  <24.324543, 34.891052, 34.878838>, 0.100000
	pigment { color rgbt <1,0,0,0> }
	no_shadow
}
cylinder {
	<24.098267, 34.907669, 34.957088>,  <23.721140, 34.935364, 35.087505>, 0.100000
	pigment { color rgbt <1,0,0,0> }
	no_shadow
}

// particle -1
sphere {
	<24.098267, 34.907669, 34.957088> 0.100000
	pigment { color rgbt <1,0,0,0> }
	no_shadow
}
sphere {
	0, 1
	scale<0.080000,0.200000,0.300000>
	matrix <0.261115, -0.454548, 0.851590,
		-0.207162, -0.888028, -0.410477,
		0.942816, -0.069235, -0.326042,
		24.381111, 34.886898, 34.859276>
	pigment { color rgbt <0,1,1,0> }
	no_shadow
}
cylinder {
	<23.962244, 34.318581, 35.423737>,  <23.721140, 34.935364, 35.087505>, 0.130000
	pigment { color rgbt <1,0,0,0> }
	no_shadow
}

// nucleotide -1

// particle -1
sphere {
	<23.962244, 34.318581, 35.423737> 0.250000
	pigment { color rgbt <1,0,0,0> }
	no_shadow
}
cylinder {
	<24.303604, 34.509907, 35.340870>,  <24.508421, 34.624702, 35.291149>, 0.100000
	pigment { color rgbt <1,0,0,0> }
	no_shadow
}
cylinder {
	<24.303604, 34.509907, 35.340870>,  <23.962244, 34.318581, 35.423737>, 0.100000
	pigment { color rgbt <1,0,0,0> }
	no_shadow
}

// particle -1
sphere {
	<24.303604, 34.509907, 35.340870> 0.100000
	pigment { color rgbt <1,0,0,0> }
	no_shadow
}
sphere {
	0, 1
	scale<0.080000,0.200000,0.300000>
	matrix <0.379451, -0.297562, 0.876055,
		0.357388, -0.826236, -0.435438,
		0.853399, 0.478319, -0.207171,
		24.559624, 34.653404, 35.278717>
	pigment { color rgbt <0,1,1,0> }
	no_shadow
}
cylinder {
	<24.491835, 33.872696, 35.645599>,  <23.962244, 34.318581, 35.423737>, 0.130000
	pigment { color rgbt <1,0,0,0> }
	no_shadow
}

// nucleotide -1

// particle -1
sphere {
	<24.491835, 33.872696, 35.645599> 0.250000
	pigment { color rgbt <1,0,0,0> }
	no_shadow
}
cylinder {
	<24.664932, 34.233295, 35.643181>,  <24.768791, 34.449654, 35.641727>, 0.100000
	pigment { color rgbt <1,0,0,0> }
	no_shadow
}
cylinder {
	<24.664932, 34.233295, 35.643181>,  <24.491835, 33.872696, 35.645599>, 0.100000
	pigment { color rgbt <1,0,0,0> }
	no_shadow
}

// particle -1
sphere {
	<24.664932, 34.233295, 35.643181> 0.100000
	pigment { color rgbt <1,0,0,0> }
	no_shadow
}
sphere {
	0, 1
	scale<0.080000,0.200000,0.300000>
	matrix <0.598548, -0.282290, 0.749702,
		0.674145, -0.328051, -0.661748,
		0.432745, 0.901496, -0.006050,
		24.794756, 34.503746, 35.641365>
	pigment { color rgbt <0,1,1,0> }
	no_shadow
}
cylinder {
	<25.184736, 33.752243, 35.860573>,  <24.491835, 33.872696, 35.645599>, 0.130000
	pigment { color rgbt <1,0,0,0> }
	no_shadow
}

// nucleotide -1

// particle -1
sphere {
	<25.184736, 33.752243, 35.860573> 0.250000
	pigment { color rgbt <1,0,0,0> }
	no_shadow
}
cylinder {
	<25.105759, 34.136600, 35.938248>,  <25.058372, 34.367214, 35.984852>, 0.100000
	pigment { color rgbt <1,0,0,0> }
	no_shadow
}
cylinder {
	<25.105759, 34.136600, 35.938248>,  <25.184736, 33.752243, 35.860573>, 0.100000
	pigment { color rgbt <1,0,0,0> }
	no_shadow
}

// particle -1
sphere {
	<25.105759, 34.136600, 35.938248> 0.100000
	pigment { color rgbt <1,0,0,0> }
	no_shadow
}
sphere {
	0, 1
	scale<0.080000,0.200000,0.300000>
	matrix <0.594333, -0.040196, 0.803214,
		0.779605, 0.274001, -0.563151,
		-0.197445, 0.960889, 0.194185,
		25.046526, 34.424866, 35.996502>
	pigment { color rgbt <0,1,1,0> }
	no_shadow
}
cylinder {
	<25.704723, 34.303234, 35.777580>,  <25.184736, 33.752243, 35.860573>, 0.130000
	pigment { color rgbt <1,0,0,0> }
	no_shadow
}

// nucleotide -1

// particle -1
sphere {
	<25.704723, 34.303234, 35.777580> 0.250000
	pigment { color rgbt <1,0,0,0> }
	no_shadow
}
cylinder {
	<25.496716, 34.455711, 36.083332>,  <25.371912, 34.547199, 36.266781>, 0.100000
	pigment { color rgbt <1,0,0,0> }
	no_shadow
}
cylinder {
	<25.496716, 34.455711, 36.083332>,  <25.704723, 34.303234, 35.777580>, 0.100000
	pigment { color rgbt <1,0,0,0> }
	no_shadow
}

// particle -1
sphere {
	<25.496716, 34.455711, 36.083332> 0.100000
	pigment { color rgbt <1,0,0,0> }
	no_shadow
}
sphere {
	0, 1
	scale<0.080000,0.200000,0.300000>
	matrix <0.776071, -0.162943, 0.609232,
		0.356784, 0.910023, -0.211099,
		-0.520018, 0.381192, 0.764378,
		25.340710, 34.570068, 36.312645>
	pigment { color rgbt <0,1,1,0> }
	no_shadow
}
cylinder {
	<25.992586, 34.913425, 35.953423>,  <25.704723, 34.303234, 35.777580>, 0.130000
	pigment { color rgbt <1,0,0,0> }
	no_shadow
}

// nucleotide -1

// particle -1
sphere {
	<25.992586, 34.913425, 35.953423> 0.250000
	pigment { color rgbt <1,0,0,0> }
	no_shadow
}
cylinder {
	<25.810225, 34.797371, 36.289986>,  <25.700808, 34.727737, 36.491924>, 0.100000
	pigment { color rgbt <1,0,0,0> }
	no_shadow
}
cylinder {
	<25.810225, 34.797371, 36.289986>,  <25.992586, 34.913425, 35.953423>, 0.100000
	pigment { color rgbt <1,0,0,0> }
	no_shadow
}

// particle -1
sphere {
	<25.810225, 34.797371, 36.289986> 0.100000
	pigment { color rgbt <1,0,0,0> }
	no_shadow
}
sphere {
	0, 1
	scale<0.080000,0.200000,0.300000>
	matrix <0.785394, 0.313587, 0.533684,
		-0.418697, 0.904148, 0.084905,
		-0.455904, -0.290136, 0.841411,
		25.673452, 34.710331, 36.542408>
	pigment { color rgbt <0,1,1,0> }
	no_shadow
}
cylinder {
	<26.008688, 35.474438, 36.440975>,  <25.992586, 34.913425, 35.953423>, 0.130000
	pigment { color rgbt <1,0,0,0> }
	no_shadow
}

// nucleotide -1

// particle -1
sphere {
	<26.008688, 35.474438, 36.440975> 0.250000
	pigment { color rgbt <1,0,0,0> }
	no_shadow
}
cylinder {
	<25.975702, 35.132687, 36.646202>,  <25.955912, 34.927635, 36.769337>, 0.100000
	pigment { color rgbt <1,0,0,0> }
	no_shadow
}
cylinder {
	<25.975702, 35.132687, 36.646202>,  <26.008688, 35.474438, 36.440975>, 0.100000
	pigment { color rgbt <1,0,0,0> }
	no_shadow
}

// particle -1
sphere {
	<25.975702, 35.132687, 36.646202> 0.100000
	pigment { color rgbt <1,0,0,0> }
	no_shadow
}
sphere {
	0, 1
	scale<0.080000,0.200000,0.300000>
	matrix <0.865223, 0.194103, 0.462291,
		-0.494559, 0.482040, 0.723221,
		-0.082463, -0.854378, 0.513068,
		25.950964, 34.876373, 36.800121>
	pigment { color rgbt <0,1,1,0> }
	no_shadow
}
cylinder {
	<26.143694, 35.771683, 37.045696>,  <26.008688, 35.474438, 36.440975>, 0.130000
	pigment { color rgbt <1,0,0,0> }
	no_shadow
}

// nucleotide -1

// particle -1
sphere {
	<26.143694, 35.771683, 37.045696> 0.250000
	pigment { color rgbt <1,0,0,0> }
	no_shadow
}
cylinder {
	<26.197006, 35.375351, 37.054611>,  <26.228994, 35.137554, 37.059959>, 0.100000
	pigment { color rgbt <1,0,0,0> }
	no_shadow
}
cylinder {
	<26.197006, 35.375351, 37.054611>,  <26.143694, 35.771683, 37.045696>, 0.100000
	pigment { color rgbt <1,0,0,0> }
	no_shadow
}

// particle -1
sphere {
	<26.197006, 35.375351, 37.054611> 0.100000
	pigment { color rgbt <1,0,0,0> }
	no_shadow
}
sphere {
	0, 1
	scale<0.080000,0.200000,0.300000>
	matrix <0.951414, 0.134215, 0.277126,
		-0.277576, -0.015730, 0.960575,
		0.133283, -0.990827, 0.022289,
		26.236992, 35.078102, 37.061298>
	pigment { color rgbt <0,1,1,0> }
	no_shadow
}
cylinder {
	<26.718288, 35.698078, 37.511066>,  <26.143694, 35.771683, 37.045696>, 0.130000
	pigment { color rgbt <1,0,0,0> }
	no_shadow
}

// nucleotide -1

// particle -1
sphere {
	<26.718288, 35.698078, 37.511066> 0.250000
	pigment { color rgbt <1,0,0,0> }
	no_shadow
}
cylinder {
	<26.691977, 35.329651, 37.357548>,  <26.676189, 35.108593, 37.265438>, 0.100000
	pigment { color rgbt <1,0,0,0> }
	no_shadow
}
cylinder {
	<26.691977, 35.329651, 37.357548>,  <26.718288, 35.698078, 37.511066>, 0.100000
	pigment { color rgbt <1,0,0,0> }
	no_shadow
}

// particle -1
sphere {
	<26.691977, 35.329651, 37.357548> 0.100000
	pigment { color rgbt <1,0,0,0> }
	no_shadow
}
sphere {
	0, 1
	scale<0.080000,0.200000,0.300000>
	matrix <0.941780, -0.184409, 0.281148,
		-0.329732, -0.342956, 0.879578,
		-0.065780, -0.921073, -0.383794,
		26.672243, 35.053329, 37.242409>
	pigment { color rgbt <0,1,1,0> }
	no_shadow
}
cylinder {
	<26.931973, 35.221764, 38.017792>,  <26.718288, 35.698078, 37.511066>, 0.130000
	pigment { color rgbt <1,0,0,0> }
	no_shadow
}

// nucleotide -1

// particle -1
sphere {
	<26.931973, 35.221764, 38.017792> 0.250000
	pigment { color rgbt <1,0,0,0> }
	no_shadow
}
cylinder {
	<27.000380, 35.053013, 37.661640>,  <27.041424, 34.951763, 37.447948>, 0.100000
	pigment { color rgbt <1,0,0,0> }
	no_shadow
}
cylinder {
	<27.000380, 35.053013, 37.661640>,  <26.931973, 35.221764, 38.017792>, 0.100000
	pigment { color rgbt <1,0,0,0> }
	no_shadow
}

// particle -1
sphere {
	<27.000380, 35.053013, 37.661640> 0.100000
	pigment { color rgbt <1,0,0,0> }
	no_shadow
}
sphere {
	0, 1
	scale<0.080000,0.200000,0.300000>
	matrix <0.976382, -0.048531, 0.210531,
		-0.132029, -0.905353, 0.403613,
		0.171017, -0.421877, -0.890378,
		27.051685, 34.926449, 37.394527>
	pigment { color rgbt <0,1,1,0> }
	no_shadow
}
cylinder {
	<27.442209, 34.674709, 38.100517>,  <26.931973, 35.221764, 38.017792>, 0.130000
	pigment { color rgbt <1,0,0,0> }
	no_shadow
}

// nucleotide -1

// particle -1
sphere {
	<27.442209, 34.674709, 38.100517> 0.250000
	pigment { color rgbt <1,0,0,0> }
	no_shadow
}
cylinder {
	<27.453018, 34.772812, 37.712883>,  <27.459503, 34.831673, 37.480305>, 0.100000
	pigment { color rgbt <1,0,0,0> }
	no_shadow
}
cylinder {
	<27.453018, 34.772812, 37.712883>,  <27.442209, 34.674709, 38.100517>, 0.100000
	pigment { color rgbt <1,0,0,0> }
	no_shadow
}

// particle -1
sphere {
	<27.453018, 34.772812, 37.712883> 0.100000
	pigment { color rgbt <1,0,0,0> }
	no_shadow
}
sphere {
	0, 1
	scale<0.080000,0.200000,0.300000>
	matrix <0.978406, 0.192235, 0.075934,
		0.204915, -0.950208, -0.234766,
		0.027023, 0.245257, -0.969081,
		27.461124, 34.846390, 37.422157>
	pigment { color rgbt <0,1,1,0> }
	no_shadow
}
cylinder {
	<27.987206, 34.268333, 37.761696>,  <27.442209, 34.674709, 38.100517>, 0.130000
	pigment { color rgbt <1,0,0,0> }
	no_shadow
}

// nucleotide -1

// particle -1
sphere {
	<27.987206, 34.268333, 37.761696> 0.250000
	pigment { color rgbt <1,0,0,0> }
	no_shadow
}
cylinder {
	<27.919529, 34.631847, 37.609131>,  <27.878923, 34.849957, 37.517590>, 0.100000
	pigment { color rgbt <1,0,0,0> }
	no_shadow
}
cylinder {
	<27.919529, 34.631847, 37.609131>,  <27.987206, 34.268333, 37.761696>, 0.100000
	pigment { color rgbt <1,0,0,0> }
	no_shadow
}

// particle -1
sphere {
	<27.919529, 34.631847, 37.609131> 0.100000
	pigment { color rgbt <1,0,0,0> }
	no_shadow
}
sphere {
	0, 1
	scale<0.080000,0.200000,0.300000>
	matrix <0.976713, 0.206406, 0.058544,
		0.131930, -0.362627, -0.922549,
		-0.169190, 0.908789, -0.381414,
		27.868773, 34.904484, 37.494705>
	pigment { color rgbt <0,1,1,0> }
	no_shadow
}
cylinder {
	<28.561836, 34.439552, 37.435116>,  <27.987206, 34.268333, 37.761696>, 0.130000
	pigment { color rgbt <1,0,0,0> }
	no_shadow
}

// nucleotide -1

// particle -1
sphere {
	<28.561836, 34.439552, 37.435116> 0.250000
	pigment { color rgbt <1,0,0,0> }
	no_shadow
}
cylinder {
	<28.423380, 34.804173, 37.523899>,  <28.340307, 35.022945, 37.577171>, 0.100000
	pigment { color rgbt <1,0,0,0> }
	no_shadow
}
cylinder {
	<28.423380, 34.804173, 37.523899>,  <28.561836, 34.439552, 37.435116>, 0.100000
	pigment { color rgbt <1,0,0,0> }
	no_shadow
}

// particle -1
sphere {
	<28.423380, 34.804173, 37.523899> 0.100000
	pigment { color rgbt <1,0,0,0> }
	no_shadow
}
sphere {
	0, 1
	scale<0.080000,0.200000,0.300000>
	matrix <0.937137, 0.347108, 0.035929,
		-0.044293, 0.220444, -0.974393,
		-0.346140, 0.911549, 0.221961,
		28.319538, 35.077637, 37.590488>
	pigment { color rgbt <0,1,1,0> }
	no_shadow
}
cylinder {
	<28.795340, 34.930275, 36.919331>,  <28.561836, 34.439552, 37.435116>, 0.130000
	pigment { color rgbt <1,0,0,0> }
	no_shadow
}

// nucleotide -1

// particle -1
sphere {
	<28.795340, 34.930275, 36.919331> 0.250000
	pigment { color rgbt <1,0,0,0> }
	no_shadow
}
cylinder {
	<28.762995, 35.088261, 37.285385>,  <28.743587, 35.183052, 37.505016>, 0.100000
	pigment { color rgbt <1,0,0,0> }
	no_shadow
}
cylinder {
	<28.762995, 35.088261, 37.285385>,  <28.795340, 34.930275, 36.919331>, 0.100000
	pigment { color rgbt <1,0,0,0> }
	no_shadow
}

// particle -1
sphere {
	<28.762995, 35.088261, 37.285385> 0.100000
	pigment { color rgbt <1,0,0,0> }
	no_shadow
}
sphere {
	0, 1
	scale<0.080000,0.200000,0.300000>
	matrix <0.989533, 0.141911, 0.026191,
		-0.119523, 0.907671, -0.402303,
		-0.080864, 0.394962, 0.915132,
		28.738735, 35.206749, 37.559925>
	pigment { color rgbt <0,1,1,0> }
	no_shadow
}
cylinder {
	<28.342058, 35.439438, 37.157303>,  <28.795340, 34.930275, 36.919331>, 0.130000
	pigment { color rgbt <1,0,0,0> }
	no_shadow
}

// nucleotide -1

// particle -1
sphere {
	<28.342058, 35.439438, 37.157303> 0.250000
	pigment { color rgbt <1,0,0,0> }
	no_shadow
}
cylinder {
	<28.316866, 35.098892, 36.948990>,  <28.301750, 34.894566, 36.824001>, 0.100000
	pigment { color rgbt <1,0,0,0> }
	no_shadow
}
cylinder {
	<28.316866, 35.098892, 36.948990>,  <28.342058, 35.439438, 37.157303>, 0.100000
	pigment { color rgbt <1,0,0,0> }
	no_shadow
}

// particle -1
sphere {
	<28.316866, 35.098892, 36.948990> 0.100000
	pigment { color rgbt <1,0,0,0> }
	no_shadow
}
sphere {
	0, 1
	scale<0.080000,0.200000,0.300000>
	matrix <-0.955919, 0.201415, -0.213663,
		0.286798, 0.484370, -0.826518,
		-0.062981, -0.851362, -0.520784,
		28.297972, 34.843483, 36.792755>
	pigment { color rgbt <0,1,1,0> }
	no_shadow
}
cylinder {
	<28.046917, 35.547874, 36.445114>,  <28.342058, 35.439438, 37.157303>, 0.130000
	pigment { color rgbt <1,0,0,0> }
	no_shadow
}

// nucleotide -1

// particle -1
sphere {
	<28.046917, 35.547874, 36.445114> 0.250000
	pigment { color rgbt <1,0,0,0> }
	no_shadow
}
cylinder {
	<27.991318, 35.203953, 36.641655>,  <27.957958, 34.997601, 36.759579>, 0.100000
	pigment { color rgbt <1,0,0,0> }
	no_shadow
}
cylinder {
	<27.991318, 35.203953, 36.641655>,  <28.046917, 35.547874, 36.445114>, 0.100000
	pigment { color rgbt <1,0,0,0> }
	no_shadow
}

// particle -1
sphere {
	<27.991318, 35.203953, 36.641655> 0.100000
	pigment { color rgbt <1,0,0,0> }
	no_shadow
}
sphere {
	0, 1
	scale<0.080000,0.200000,0.300000>
	matrix <-0.987090, 0.160162, 0.001025,
		-0.079576, -0.484862, -0.870963,
		-0.138998, -0.859801, 0.491348,
		27.949619, 34.946014, 36.789059>
	pigment { color rgbt <0,1,1,0> }
	no_shadow
}
cylinder {
	<27.583424, 35.056728, 36.115112>,  <28.046917, 35.547874, 36.445114>, 0.130000
	pigment { color rgbt <1,0,0,0> }
	no_shadow
}

// nucleotide -1

// particle -1
sphere {
	<27.583424, 35.056728, 36.115112> 0.250000
	pigment { color rgbt <1,0,0,0> }
	no_shadow
}
cylinder {
	<27.545021, 34.978294, 36.505463>,  <27.521980, 34.931232, 36.739674>, 0.100000
	pigment { color rgbt <1,0,0,0> }
	no_shadow
}
cylinder {
	<27.545021, 34.978294, 36.505463>,  <27.583424, 35.056728, 36.115112>, 0.100000
	pigment { color rgbt <1,0,0,0> }
	no_shadow
}

// particle -1
sphere {
	<27.545021, 34.978294, 36.505463> 0.100000
	pigment { color rgbt <1,0,0,0> }
	no_shadow
}
sphere {
	0, 1
	scale<0.080000,0.200000,0.300000>
	matrix <-0.985918, -0.116131, -0.120328,
		0.136924, -0.973685, -0.182178,
		-0.096005, -0.196089, 0.975875,
		27.516220, 34.919468, 36.798225>
	pigment { color rgbt <0,1,1,0> }
	no_shadow
}
cylinder {
	<27.258543, 34.388283, 36.212189>,  <27.583424, 35.056728, 36.115112>, 0.130000
	pigment { color rgbt <1,0,0,0> }
	no_shadow
}

// nucleotide -1

// particle -1
sphere {
	<27.258543, 34.388283, 36.212189> 0.250000
	pigment { color rgbt <1,0,0,0> }
	no_shadow
}
cylinder {
	<27.175983, 34.574768, 36.556290>,  <27.126448, 34.686661, 36.762753>, 0.100000
	pigment { color rgbt <1,0,0,0> }
	no_shadow
}
cylinder {
	<27.175983, 34.574768, 36.556290>,  <27.258543, 34.388283, 36.212189>, 0.100000
	pigment { color rgbt <1,0,0,0> }
	no_shadow
}

// particle -1
sphere {
	<27.175983, 34.574768, 36.556290> 0.100000
	pigment { color rgbt <1,0,0,0> }
	no_shadow
}
sphere {
	0, 1
	scale<0.080000,0.200000,0.300000>
	matrix <-0.950602, -0.303870, -0.063392,
		0.231852, -0.830846, 0.505905,
		-0.206399, 0.466217, 0.860257,
		27.114063, 34.714634, 36.814365>
	pigment { color rgbt <0,1,1,0> }
	no_shadow
}
cylinder {
	<26.948660, 33.936016, 36.735371>,  <27.258543, 34.388283, 36.212189>, 0.130000
	pigment { color rgbt <1,0,0,0> }
	no_shadow
}

// nucleotide -1

// particle -1
sphere {
	<26.948660, 33.936016, 36.735371> 0.250000
	pigment { color rgbt <1,0,0,0> }
	no_shadow
}
cylinder {
	<26.836765, 34.297546, 36.864895>,  <26.769629, 34.514465, 36.942608>, 0.100000
	pigment { color rgbt <1,0,0,0> }
	no_shadow
}
cylinder {
	<26.836765, 34.297546, 36.864895>,  <26.948660, 33.936016, 36.735371>, 0.100000
	pigment { color rgbt <1,0,0,0> }
	no_shadow
}

// particle -1
sphere {
	<26.836765, 34.297546, 36.864895> 0.100000
	pigment { color rgbt <1,0,0,0> }
	no_shadow
}
sphere {
	0, 1
	scale<0.080000,0.200000,0.300000>
	matrix <-0.958313, -0.283296, -0.037143,
		0.058163, -0.320698, 0.945394,
		-0.279738, 0.903823, 0.323806,
		26.752844, 34.568695, 36.962036>
	pigment { color rgbt <0,1,1,0> }
	no_shadow
}
cylinder {
	<26.465151, 33.798157, 37.247952>,  <26.948660, 33.936016, 36.735371>, 0.130000
	pigment { color rgbt <1,0,0,0> }
	no_shadow
}

// nucleotide -1

// particle -1
sphere {
	<26.465151, 33.798157, 37.247952> 0.250000
	pigment { color rgbt <1,0,0,0> }
	no_shadow
}
cylinder {
	<26.386196, 34.182747, 37.171421>,  <26.338823, 34.413502, 37.125504>, 0.100000
	pigment { color rgbt <1,0,0,0> }
	no_shadow
}
cylinder {
	<26.386196, 34.182747, 37.171421>,  <26.465151, 33.798157, 37.247952>, 0.100000
	pigment { color rgbt <1,0,0,0> }
	no_shadow
}

// particle -1
sphere {
	<26.386196, 34.182747, 37.171421> 0.100000
	pigment { color rgbt <1,0,0,0> }
	no_shadow
}
sphere {
	0, 1
	scale<0.080000,0.200000,0.300000>
	matrix <-0.968984, -0.161749, 0.186834,
		0.148689, 0.222272, 0.963580,
		-0.197386, 0.961474, -0.191328,
		26.326981, 34.471188, 37.114021>
	pigment { color rgbt <0,1,1,0> }
	no_shadow
}
cylinder {
	<25.806932, 33.943947, 37.623558>,  <26.465151, 33.798157, 37.247952>, 0.130000
	pigment { color rgbt <1,0,0,0> }
	no_shadow
}

// nucleotide -1

// particle -1
sphere {
	<25.806932, 33.943947, 37.623558> 0.250000
	pigment { color rgbt <1,0,0,0> }
	no_shadow
}
cylinder {
	<25.818615, 34.211857, 37.326763>,  <25.825624, 34.372604, 37.148685>, 0.100000
	pigment { color rgbt <1,0,0,0> }
	no_shadow
}
cylinder {
	<25.818615, 34.211857, 37.326763>,  <25.806932, 33.943947, 37.623558>, 0.100000
	pigment { color rgbt <1,0,0,0> }
	no_shadow
}

// particle -1
sphere {
	<25.818615, 34.211857, 37.326763> 0.100000
	pigment { color rgbt <1,0,0,0> }
	no_shadow
}
sphere {
	0, 1
	scale<0.080000,0.200000,0.300000>
	matrix <-0.972880, -0.151357, -0.174919,
		-0.229462, 0.726976, 0.647188,
		0.029205, 0.669773, -0.741991,
		25.827377, 34.412788, 37.104164>
	pigment { color rgbt <0,1,1,0> }
	no_shadow
}
cylinder {
	<25.175404, 34.202972, 37.666767>,  <25.806932, 33.943947, 37.623558>, 0.130000
	pigment { color rgbt <1,0,0,0> }
	no_shadow
}

// nucleotide -1

// particle -1
sphere {
	<25.175404, 34.202972, 37.666767> 0.250000
	pigment { color rgbt <1,0,0,0> }
	no_shadow
}
cylinder {
	<25.312660, 34.304413, 37.305008>,  <25.395014, 34.365276, 37.087952>, 0.100000
	pigment { color rgbt <1,0,0,0> }
	no_shadow
}
cylinder {
	<25.312660, 34.304413, 37.305008>,  <25.175404, 34.202972, 37.666767>, 0.100000
	pigment { color rgbt <1,0,0,0> }
	no_shadow
}

// particle -1
sphere {
	<25.312660, 34.304413, 37.305008> 0.100000
	pigment { color rgbt <1,0,0,0> }
	no_shadow
}
sphere {
	0, 1
	scale<0.080000,0.200000,0.300000>
	matrix <-0.935581, 0.177699, -0.305141,
		0.083326, 0.950846, 0.298242,
		0.343140, 0.253604, -0.904401,
		25.415602, 34.380493, 37.033688>
	pigment { color rgbt <0,1,1,0> }
	no_shadow
}
cylinder {
	<24.725195, 34.757946, 37.513885>,  <25.175404, 34.202972, 37.666767>, 0.130000
	pigment { color rgbt <1,0,0,0> }
	no_shadow
}

// nucleotide -1

// particle -1
sphere {
	<24.725195, 34.757946, 37.513885> 0.250000
	pigment { color rgbt <1,0,0,0> }
	no_shadow
}
cylinder {
	<24.891144, 34.697937, 37.154915>,  <24.990713, 34.661930, 36.939533>, 0.100000
	pigment { color rgbt <1,0,0,0> }
	no_shadow
}
cylinder {
	<24.891144, 34.697937, 37.154915>,  <24.725195, 34.757946, 37.513885>, 0.100000
	pigment { color rgbt <1,0,0,0> }
	no_shadow
}

// particle -1
sphere {
	<24.891144, 34.697937, 37.154915> 0.100000
	pigment { color rgbt <1,0,0,0> }
	no_shadow
}
sphere {
	0, 1
	scale<0.080000,0.200000,0.300000>
	matrix <-0.812940, 0.381880, -0.439655,
		0.408669, 0.911954, 0.036470,
		0.414872, -0.150025, -0.897426,
		25.015606, 34.652931, 36.885689>
	pigment { color rgbt <0,1,1,0> }
	no_shadow
}
cylinder {
	<24.889730, 35.371010, 37.153549>,  <24.725195, 34.757946, 37.513885>, 0.130000
	pigment { color rgbt <1,0,0,0> }
	no_shadow
}

// nucleotide -1

// particle -1
sphere {
	<24.889730, 35.371010, 37.153549> 0.250000
	pigment { color rgbt <1,0,0,0> }
	no_shadow
}
cylinder {
	<24.789499, 35.071632, 36.907936>,  <24.729361, 34.892006, 36.760567>, 0.100000
	pigment { color rgbt <1,0,0,0> }
	no_shadow
}
cylinder {
	<24.789499, 35.071632, 36.907936>,  <24.889730, 35.371010, 37.153549>, 0.100000
	pigment { color rgbt <1,0,0,0> }
	no_shadow
}

// particle -1
sphere {
	<24.789499, 35.071632, 36.907936> 0.100000
	pigment { color rgbt <1,0,0,0> }
	no_shadow
}
sphere {
	0, 1
	scale<0.080000,0.200000,0.300000>
	matrix <-0.796918, 0.519596, -0.308125,
		0.549665, 0.412126, -0.726650,
		-0.250578, -0.748446, -0.614035,
		24.714325, 34.847099, 36.723724>
	pigment { color rgbt <0,1,1,0> }
	no_shadow
}
cylinder {
	<24.189016, 35.492023, 37.297421>,  <24.889730, 35.371010, 37.153549>, 0.130000
	pigment { color rgbt <1,0,0,0> }
	no_shadow
}

// nucleotide -1

// particle -1
sphere {
	<24.189016, 35.492023, 37.297421> 0.250000
	pigment { color rgbt <1,0,0,0> }
	no_shadow
}
cylinder {
	<24.208578, 35.134590, 37.118931>,  <24.220316, 34.920132, 37.011837>, 0.100000
	pigment { color rgbt <1,0,0,0> }
	no_shadow
}
cylinder {
	<24.208578, 35.134590, 37.118931>,  <24.189016, 35.492023, 37.297421>, 0.100000
	pigment { color rgbt <1,0,0,0> }
	no_shadow
}

// particle -1
sphere {
	<24.208578, 35.134590, 37.118931> 0.100000
	pigment { color rgbt <1,0,0,0> }
	no_shadow
}
sphere {
	0, 1
	scale<0.080000,0.200000,0.300000>
	matrix <0.902928, 0.230549, -0.362724,
		0.427001, -0.385170, 0.818116,
		0.048905, -0.893583, -0.446226,
		24.223249, 34.866516, 36.985062>
	pigment { color rgbt <0,1,1,0> }
	no_shadow
}
cylinder {
	<24.469755, 35.369839, 36.529320>,  <24.189016, 35.492023, 37.297421>, 0.130000
	pigment { color rgbt <1,0,0,0> }
	no_shadow
}

// nucleotide -1

// particle -1
sphere {
	<24.469755, 35.369839, 36.529320> 0.250000
	pigment { color rgbt <1,0,0,0> }
	no_shadow
}
cylinder {
	<24.806553, 35.155441, 36.504799>,  <25.008631, 35.026802, 36.490086>, 0.100000
	pigment { color rgbt <1,0,0,0> }
	no_shadow
}
cylinder {
	<24.806553, 35.155441, 36.504799>,  <24.469755, 35.369839, 36.529320>, 0.100000
	pigment { color rgbt <1,0,0,0> }
	no_shadow
}

// particle -1
sphere {
	<24.806553, 35.155441, 36.504799> 0.100000
	pigment { color rgbt <1,0,0,0> }
	no_shadow
}
sphere {
	0, 1
	scale<0.080000,0.200000,0.300000>
	matrix <-0.148798, -0.121498, -0.981375,
		0.518562, 0.835434, -0.182055,
		0.841993, -0.535993, -0.061306,
		25.059151, 34.994644, 36.486408>
	pigment { color rgbt <0,1,1,0> }
	no_shadow
}
cylinder {
	<24.967505, 35.731300, 36.100140>,  <24.469755, 35.369839, 36.529320>, 0.130000
	pigment { color rgbt <1,0,0,0> }
	no_shadow
}

// nucleotide -1

// particle -1
sphere {
	<24.967505, 35.731300, 36.100140> 0.250000
	pigment { color rgbt <1,0,0,0> }
	no_shadow
}
cylinder {
	<25.017382, 35.336609, 36.058529>,  <25.047308, 35.099796, 36.033562>, 0.100000
	pigment { color rgbt <1,0,0,0> }
	no_shadow
}
cylinder {
	<25.017382, 35.336609, 36.058529>,  <24.967505, 35.731300, 36.100140>, 0.100000
	pigment { color rgbt <1,0,0,0> }
	no_shadow
}

// particle -1
sphere {
	<25.017382, 35.336609, 36.058529> 0.100000
	pigment { color rgbt <1,0,0,0> }
	no_shadow
}
sphere {
	0, 1
	scale<0.080000,0.200000,0.300000>
	matrix <-0.079703, 0.094543, -0.992325,
		0.988989, 0.132028, -0.066856,
		0.124694, -0.986727, -0.104025,
		25.054790, 35.040592, 36.027321>
	pigment { color rgbt <0,1,1,0> }
	no_shadow
}
cylinder {
	<25.397106, 35.706459, 35.527725>,  <24.967505, 35.731300, 36.100140>, 0.130000
	pigment { color rgbt <1,0,0,0> }
	no_shadow
}

// nucleotide -1

// particle -1
sphere {
	<25.397106, 35.706459, 35.527725> 0.250000
	pigment { color rgbt <1,0,0,0> }
	no_shadow
}
cylinder {
	<25.216351, 35.351803, 35.567055>,  <25.107897, 35.139008, 35.590652>, 0.100000
	pigment { color rgbt <1,0,0,0> }
	no_shadow
}
cylinder {
	<25.216351, 35.351803, 35.567055>,  <25.397106, 35.706459, 35.527725>, 0.100000
	pigment { color rgbt <1,0,0,0> }
	no_shadow
}

// particle -1
sphere {
	<25.216351, 35.351803, 35.567055> 0.100000
	pigment { color rgbt <1,0,0,0> }
	no_shadow
}
sphere {
	0, 1
	scale<0.080000,0.200000,0.300000>
	matrix <-0.200532, -0.006436, -0.979666,
		0.869244, -0.462416, -0.174891,
		-0.451888, -0.886640, 0.098324,
		25.080784, 35.085812, 35.596554>
	pigment { color rgbt <0,1,1,0> }
	no_shadow
}
cylinder {
	<25.731146, 35.135372, 34.952827>,  <25.397106, 35.706459, 35.527725>, 0.130000
	pigment { color rgbt <1,0,0,0> }
	no_shadow
}

// nucleotide -1

// particle -1
sphere {
	<25.731146, 35.135372, 34.952827> 0.250000
	pigment { color rgbt <1,0,0,0> }
	no_shadow
}
cylinder {
	<25.356600, 35.030312, 35.045979>,  <25.131872, 34.967274, 35.101871>, 0.100000
	pigment { color rgbt <1,0,0,0> }
	no_shadow
}
cylinder {
	<25.356600, 35.030312, 35.045979>,  <25.731146, 35.135372, 34.952827>, 0.100000
	pigment { color rgbt <1,0,0,0> }
	no_shadow
}

// particle -1
sphere {
	<25.356600, 35.030312, 35.045979> 0.100000
	pigment { color rgbt <1,0,0,0> }
	no_shadow
}
sphere {
	0, 1
	scale<0.080000,0.200000,0.300000>
	matrix <-0.225924, -0.056823, -0.972486,
		0.268662, -0.963215, -0.006133,
		-0.936365, -0.262655, 0.232880,
		25.075691, 34.951515, 35.115841>
	pigment { color rgbt <0,1,1,0> }
	no_shadow
}
cylinder {
	<25.550770, 34.519978, 34.567440>,  <25.731146, 35.135372, 34.952827>, 0.130000
	pigment { color rgbt <1,0,0,0> }
	no_shadow
}

// nucleotide -1

// particle -1
sphere {
	<25.550770, 34.519978, 34.567440> 0.250000
	pigment { color rgbt <1,0,0,0> }
	no_shadow
}
cylinder {
	<25.266678, 34.793644, 34.633770>,  <25.096224, 34.957844, 34.673569>, 0.100000
	pigment { color rgbt <1,0,0,0> }
	no_shadow
}
cylinder {
	<25.266678, 34.793644, 34.633770>,  <25.550770, 34.519978, 34.567440>, 0.100000
	pigment { color rgbt <1,0,0,0> }
	no_shadow
}

// particle -1
sphere {
	<25.266678, 34.793644, 34.633770> 0.100000
	pigment { color rgbt <1,0,0,0> }
	no_shadow
}
sphere {
	0, 1
	scale<0.080000,0.200000,0.300000>
	matrix <-0.083517, 0.152006, -0.984845,
		-0.699001, -0.713313, -0.050820,
		-0.710227, 0.684163, 0.165826,
		25.053610, 34.998894, 34.683517>
	pigment { color rgbt <0,1,1,0> }
	no_shadow
}
cylinder {
	<25.855389, 33.919449, 34.126354>,  <25.550770, 34.519978, 34.567440>, 0.130000
	pigment { color rgbt <1,0,0,0> }
	no_shadow
}

// nucleotide -1

// particle -1
sphere {
	<25.855389, 33.919449, 34.126354> 0.250000
	pigment { color rgbt <1,0,0,0> }
	no_shadow
}
cylinder {
	<26.187679, 33.872108, 34.343937>,  <26.387054, 33.843704, 34.474487>, 0.100000
	pigment { color rgbt <1,0,0,0> }
	no_shadow
}
cylinder {
	<26.187679, 33.872108, 34.343937>,  <25.855389, 33.919449, 34.126354>, 0.100000
	pigment { color rgbt <1,0,0,0> }
	no_shadow
}

// particle -1
sphere {
	<26.187679, 33.872108, 34.343937> 0.100000
	pigment { color rgbt <1,0,0,0> }
	no_shadow
}
sphere {
	0, 1
	scale<0.080000,0.200000,0.300000>
	matrix <0.197704, -0.850718, -0.487023,
		0.520388, 0.512125, -0.683318,
		0.830728, -0.118347, 0.543953,
		26.436897, 33.836605, 34.507122>
	pigment { color rgbt <0,1,1,0> }
	no_shadow
}
cylinder {
	<26.367023, 33.855625, 33.631927>,  <25.855389, 33.919449, 34.126354>, 0.130000
	pigment { color rgbt <1,0,0,0> }
	no_shadow
}

// nucleotide -1

// particle -1
sphere {
	<26.367023, 33.855625, 33.631927> 0.250000
	pigment { color rgbt <1,0,0,0> }
	no_shadow
}
cylinder {
	<26.455135, 33.669960, 33.975098>,  <26.508003, 33.558559, 34.181000>, 0.100000
	pigment { color rgbt <1,0,0,0> }
	no_shadow
}
cylinder {
	<26.455135, 33.669960, 33.975098>,  <26.367023, 33.855625, 33.631927>, 0.100000
	pigment { color rgbt <1,0,0,0> }
	no_shadow
}

// particle -1
sphere {
	<26.455135, 33.669960, 33.975098> 0.100000
	pigment { color rgbt <1,0,0,0> }
	no_shadow
}
sphere {
	0, 1
	scale<0.080000,0.200000,0.300000>
	matrix <0.219345, -0.833430, -0.507229,
		0.950455, 0.299914, -0.081777,
		0.220280, -0.464161, 0.857922,
		26.521219, 33.530712, 34.232475>
	pigment { color rgbt <0,1,1,0> }
	no_shadow
}
cylinder {
	<26.996634, 33.401600, 33.449078>,  <26.367023, 33.855625, 33.631927>, 0.130000
	pigment { color rgbt <1,0,0,0> }
	no_shadow
}

// nucleotide -1

// particle -1
sphere {
	<26.996634, 33.401600, 33.449078> 0.250000
	pigment { color rgbt <1,0,0,0> }
	no_shadow
}
cylinder {
	<26.795893, 33.243130, 33.756630>,  <26.675447, 33.148048, 33.941162>, 0.100000
	pigment { color rgbt <1,0,0,0> }
	no_shadow
}
cylinder {
	<26.795893, 33.243130, 33.756630>,  <26.996634, 33.401600, 33.449078>, 0.100000
	pigment { color rgbt <1,0,0,0> }
	no_shadow
}

// particle -1
sphere {
	<26.795893, 33.243130, 33.756630> 0.100000
	pigment { color rgbt <1,0,0,0> }
	no_shadow
}
sphere {
	0, 1
	scale<0.080000,0.200000,0.300000>
	matrix <-0.066091, -0.868771, -0.490784,
		0.862424, -0.297119, 0.409812,
		-0.501854, -0.396179, 0.768885,
		26.645336, 33.124275, 33.987297>
	pigment { color rgbt <0,1,1,0> }
	no_shadow
}
cylinder {
	<27.414972, 32.831299, 33.540150>,  <26.996634, 33.401600, 33.449078>, 0.130000
	pigment { color rgbt <1,0,0,0> }
	no_shadow
}

// nucleotide -1

// particle -1
sphere {
	<27.414972, 32.831299, 33.540150> 0.250000
	pigment { color rgbt <1,0,0,0> }
	no_shadow
}
cylinder {
	<27.085100, 32.732738, 33.743793>,  <26.887177, 32.673603, 33.865978>, 0.100000
	pigment { color rgbt <1,0,0,0> }
	no_shadow
}
cylinder {
	<27.085100, 32.732738, 33.743793>,  <27.414972, 32.831299, 33.540150>, 0.100000
	pigment { color rgbt <1,0,0,0> }
	no_shadow
}

// particle -1
sphere {
	<27.085100, 32.732738, 33.743793> 0.100000
	pigment { color rgbt <1,0,0,0> }
	no_shadow
}
sphere {
	0, 1
	scale<0.080000,0.200000,0.300000>
	matrix <0.004739, -0.903101, -0.429403,
		0.565580, -0.351707, 0.745937,
		-0.824680, -0.246396, 0.509109,
		26.837696, 32.658821, 33.896526>
	pigment { color rgbt <0,1,1,0> }
	no_shadow
}
cylinder {
	<27.553183, 32.239090, 33.783352>,  <27.414972, 32.831299, 33.540150>, 0.130000
	pigment { color rgbt <1,0,0,0> }
	no_shadow
}

// nucleotide -1

// particle -1
sphere {
	<27.553183, 32.239090, 33.783352> 0.250000
	pigment { color rgbt <1,0,0,0> }
	no_shadow
}
cylinder {
	<27.153414, 32.248711, 33.773739>,  <26.913553, 32.254482, 33.767971>, 0.100000
	pigment { color rgbt <1,0,0,0> }
	no_shadow
}
cylinder {
	<27.153414, 32.248711, 33.773739>,  <27.553183, 32.239090, 33.783352>, 0.100000
	pigment { color rgbt <1,0,0,0> }
	no_shadow
}

// particle -1
sphere {
	<27.153414, 32.248711, 33.773739> 0.100000
	pigment { color rgbt <1,0,0,0> }
	no_shadow
}
sphere {
	0, 1
	scale<0.080000,0.200000,0.300000>
	matrix <-0.001273, -0.732769, -0.680477,
		-0.033976, -0.680053, 0.732376,
		-0.999422, 0.024052, -0.024031,
		26.853588, 32.255928, 33.766529>
	pigment { color rgbt <0,1,1,0> }
	no_shadow
}
cylinder {
	<27.093645, 31.870499, 34.326149>,  <27.553183, 32.239090, 33.783352>, 0.130000
	pigment { color rgbt <1,0,0,0> }
	no_shadow
}

// nucleotide -1

// particle -1
sphere {
	<27.093645, 31.870499, 34.326149> 0.250000
	pigment { color rgbt <1,0,0,0> }
	no_shadow
}
cylinder {
	<26.750845, 31.904055, 34.529526>,  <26.545164, 31.924189, 34.651550>, 0.100000
	pigment { color rgbt <1,0,0,0> }
	no_shadow
}
cylinder {
	<26.750845, 31.904055, 34.529526>,  <27.093645, 31.870499, 34.326149>, 0.100000
	pigment { color rgbt <1,0,0,0> }
	no_shadow
}

// particle -1
sphere {
	<26.750845, 31.904055, 34.529526> 0.100000
	pigment { color rgbt <1,0,0,0> }
	no_shadow
}
sphere {
	0, 1
	scale<0.080000,0.200000,0.300000>
	matrix <-0.492177, -0.425579, -0.759371,
		0.152676, -0.901024, 0.406012,
		-0.857002, 0.083892, 0.508439,
		26.493744, 31.929222, 34.682056>
	pigment { color rgbt <0,1,1,0> }
	no_shadow
}
cylinder {
	<26.707275, 31.267437, 34.472607>,  <27.093645, 31.870499, 34.326149>, 0.130000
	pigment { color rgbt <1,0,0,0> }
	no_shadow
}

// nucleotide -1

// particle -1
sphere {
	<26.707275, 31.267437, 34.472607> 0.250000
	pigment { color rgbt <1,0,0,0> }
	no_shadow
}
cylinder {
	<26.451540, 31.573944, 34.447056>,  <26.298098, 31.757849, 34.431725>, 0.100000
	pigment { color rgbt <1,0,0,0> }
	no_shadow
}
cylinder {
	<26.451540, 31.573944, 34.447056>,  <26.707275, 31.267437, 34.472607>, 0.100000
	pigment { color rgbt <1,0,0,0> }
	no_shadow
}

// particle -1
sphere {
	<26.451540, 31.573944, 34.447056> 0.100000
	pigment { color rgbt <1,0,0,0> }
	no_shadow
}
sphere {
	0, 1
	scale<0.080000,0.200000,0.300000>
	matrix <-0.444631, -0.436195, -0.782328,
		-0.627334, -0.471772, 0.619583,
		-0.639339, 0.766267, -0.063875,
		26.259739, 31.803823, 34.427895>
	pigment { color rgbt <0,1,1,0> }
	no_shadow
}
cylinder {
	<26.041594, 30.979429, 34.563404>,  <26.707275, 31.267437, 34.472607>, 0.130000
	pigment { color rgbt <1,0,0,0> }
	no_shadow
}

// nucleotide -1

// particle -1
sphere {
	<26.041594, 30.979429, 34.563404> 0.250000
	pigment { color rgbt <1,0,0,0> }
	no_shadow
}
cylinder {
	<26.038242, 31.284582, 34.304810>,  <26.036232, 31.467674, 34.149654>, 0.100000
	pigment { color rgbt <1,0,0,0> }
	no_shadow
}
cylinder {
	<26.038242, 31.284582, 34.304810>,  <26.041594, 30.979429, 34.563404>, 0.100000
	pigment { color rgbt <1,0,0,0> }
	no_shadow
}

// particle -1
sphere {
	<26.038242, 31.284582, 34.304810> 0.100000
	pigment { color rgbt <1,0,0,0> }
	no_shadow
}
sphere {
	0, 1
	scale<0.080000,0.200000,0.300000>
	matrix <-0.460450, -0.576830, -0.674724,
		-0.887646, 0.292021, 0.356101,
		-0.008376, 0.762883, -0.646482,
		26.035728, 31.513447, 34.110867>
	pigment { color rgbt <0,1,1,0> }
	no_shadow
}
cylinder {
	<25.353935, 30.945354, 34.187309>,  <26.041594, 30.979429, 34.563404>, 0.130000
	pigment { color rgbt <1,0,0,0> }
	no_shadow
}

// nucleotide -1

// particle -1
sphere {
	<25.353935, 30.945354, 34.187309> 0.250000
	pigment { color rgbt <1,0,0,0> }
	no_shadow
}
cylinder {
	<25.623608, 31.148451, 33.972763>,  <25.785410, 31.270308, 33.844036>, 0.100000
	pigment { color rgbt <1,0,0,0> }
	no_shadow
}
cylinder {
	<25.623608, 31.148451, 33.972763>,  <25.353935, 30.945354, 34.187309>, 0.100000
	pigment { color rgbt <1,0,0,0> }
	no_shadow
}

// particle -1
sphere {
	<25.623608, 31.148451, 33.972763> 0.100000
	pigment { color rgbt <1,0,0,0> }
	no_shadow
}
sphere {
	0, 1
	scale<0.080000,0.200000,0.300000>
	matrix <-0.159748, -0.608780, -0.777089,
		-0.721084, 0.609580, -0.329317,
		0.674179, 0.507739, -0.536361,
		25.825861, 31.300772, 33.811855>
	pigment { color rgbt <0,1,1,0> }
	no_shadow
}
cylinder {
	<25.464800, 30.893501, 33.479954>,  <25.353935, 30.945354, 34.187309>, 0.130000
	pigment { color rgbt <1,0,0,0> }
	no_shadow
}

// nucleotide -1

// particle -1
sphere {
	<25.464800, 30.893501, 33.479954> 0.250000
	pigment { color rgbt <1,0,0,0> }
	no_shadow
}
cylinder {
	<25.277452, 30.591377, 33.663319>,  <25.165045, 30.410103, 33.773338>, 0.100000
	pigment { color rgbt <1,0,0,0> }
	no_shadow
}
cylinder {
	<25.277452, 30.591377, 33.663319>,  <25.464800, 30.893501, 33.479954>, 0.100000
	pigment { color rgbt <1,0,0,0> }
	no_shadow
}

// particle -1
sphere {
	<25.277452, 30.591377, 33.663319> 0.100000
	pigment { color rgbt <1,0,0,0> }
	no_shadow
}
sphere {
	0, 1
	scale<0.080000,0.200000,0.300000>
	matrix <0.879267, -0.449390, 0.157916,
		0.086728, 0.477026, 0.874600,
		-0.468366, -0.755311, 0.458408,
		25.136942, 30.364784, 33.800842>
	pigment { color rgbt <0,1,1,0> }
	no_shadow
}
cylinder {
	<25.804035, 30.224695, 33.230869>,  <25.464800, 30.893501, 33.479954>, 0.130000
	pigment { color rgbt <1,0,0,0> }
	no_shadow
}

// nucleotide -1

// particle -1
sphere {
	<25.804035, 30.224695, 33.230869> 0.250000
	pigment { color rgbt <1,0,0,0> }
	no_shadow
}
cylinder {
	<25.925884, 30.449785, 32.923481>,  <25.998993, 30.584839, 32.739048>, 0.100000
	pigment { color rgbt <1,0,0,0> }
	no_shadow
}
cylinder {
	<25.925884, 30.449785, 32.923481>,  <25.804035, 30.224695, 33.230869>, 0.100000
	pigment { color rgbt <1,0,0,0> }
	no_shadow
}

// particle -1
sphere {
	<25.925884, 30.449785, 32.923481> 0.100000
	pigment { color rgbt <1,0,0,0> }
	no_shadow
}
sphere {
	0, 1
	scale<0.080000,0.200000,0.300000>
	matrix <0.354754, 0.681736, 0.639834,
		0.883943, -0.467525, 0.008043,
		0.304622, 0.562723, -0.768472,
		26.017271, 30.618603, 32.692940>
	pigment { color rgbt <0,1,1,0> }
	no_shadow
}
cylinder {
	<26.480555, 30.566603, 33.423058>,  <25.804035, 30.224695, 33.230869>, 0.130000
	pigment { color rgbt <1,0,0,0> }
	no_shadow
}

// nucleotide -1

// particle -1
sphere {
	<26.480555, 30.566603, 33.423058> 0.250000
	pigment { color rgbt <1,0,0,0> }
	no_shadow
}
cylinder {
	<26.308405, 30.793610, 33.142284>,  <26.205114, 30.929813, 32.973820>, 0.100000
	pigment { color rgbt <1,0,0,0> }
	no_shadow
}
cylinder {
	<26.308405, 30.793610, 33.142284>,  <26.480555, 30.566603, 33.423058>, 0.100000
	pigment { color rgbt <1,0,0,0> }
	no_shadow
}

// particle -1
sphere {
	<26.308405, 30.793610, 33.142284> 0.100000
	pigment { color rgbt <1,0,0,0> }
	no_shadow
}
sphere {
	0, 1
	scale<0.080000,0.200000,0.300000>
	matrix <0.150172, 0.811810, 0.564281,
		0.890071, 0.137442, -0.434607,
		-0.430374, 0.567516, -0.701928,
		26.179293, 30.963865, 32.931705>
	pigment { color rgbt <0,1,1,0> }
	no_shadow
}
cylinder {
	<26.843292, 31.269266, 33.257511>,  <26.480555, 30.566603, 33.423058>, 0.130000
	pigment { color rgbt <1,0,0,0> }
	no_shadow
}

// nucleotide -1

// particle -1
sphere {
	<26.843292, 31.269266, 33.257511> 0.250000
	pigment { color rgbt <1,0,0,0> }
	no_shadow
}
cylinder {
	<26.444807, 31.290852, 33.230240>,  <26.205715, 31.303802, 33.213879>, 0.100000
	pigment { color rgbt <1,0,0,0> }
	no_shadow
}
cylinder {
	<26.444807, 31.290852, 33.230240>,  <26.843292, 31.269266, 33.257511>, 0.100000
	pigment { color rgbt <1,0,0,0> }
	no_shadow
}

// particle -1
sphere {
	<26.444807, 31.290852, 33.230240> 0.100000
	pigment { color rgbt <1,0,0,0> }
	no_shadow
}
sphere {
	0, 1
	scale<0.080000,0.200000,0.300000>
