// switches for output
#declare DRAW_BASES = 1; // possible values are 0, 1; only relevant for DNA ribbons
#declare DRAW_BASES_TYPE = 3; // possible values are 1, 2, 3; only relevant for DNA ribbons
#declare DRAW_FOG = 0; // set to 1 to enable fog

#include "colors.inc"

#include "transforms.inc"
background { rgb <1, 1, 1>}

#default {
   normal{
       ripples 0.25
       frequency 0.20
       turbulence 0.2
       lambda 5
   }
	finish {
		phong 0.1
		phong_size 40.
	}
}

// original window dimensions: 1024x640


// camera settings

camera {
	sky <0, 0.179814, -0.983701>
	up <0, 0.179814, -0.983701>
	right 1.6 * <1, 0, 0>
	location <35, 94.9851, 44.8844>
	look_at <35, 29.7336, 32.9568>
	direction <0, -65.2515, -11.9276>
	angle 67.0682
}


# declare cpy_camera_pos = <35, 94.9851, 44.8844>;
# if (DRAW_FOG = 1)
fog {
	fog_type 2
	up vnormalize(cpy_camera_pos)
	color rgbt<1,1,1,0.3>
	distance 1e-5
	fog_alt 3e-3
	fog_offset 56
}
# end


// LIGHTS

# declare lum = 6;
global_settings {
	ambient_light rgb lum * <0.05, 0.05, 0.05>
	max_trace_level 15
}# declare cpy_direct_light_amount = 0.25;
light_source
{	1000 * <-1, -1.16352, -0.803886>,
	rgb lum * cpy_direct_light_amount
	parallel
}

light_source
{	1000 * <1, 1.16352, 0.803886>,
	rgb lum * cpy_direct_light_amount
	parallel
}

// strand 0

// nucleotide -1

// particle -1
sphere {
	<24.522127, 35.053192, 35.374493> 0.250000
	pigment { color rgbt <1,0,0,0> }
	no_shadow
}
cylinder {
	<24.496809, 35.183163, 34.997044>,  <24.481617, 35.261147, 34.770576>, 0.100000
	pigment { color rgbt <1,0,0,0> }
	no_shadow
}
cylinder {
	<24.496809, 35.183163, 34.997044>,  <24.522127, 35.053192, 35.374493>, 0.100000
	pigment { color rgbt <1,0,0,0> }
	no_shadow
}

// particle -1
sphere {
	<24.496809, 35.183163, 34.997044> 0.100000
	pigment { color rgbt <1,0,0,0> }
	no_shadow
}
sphere {
	0, 1
	scale<0.080000,0.200000,0.300000>
	matrix <0.281443, 0.912950, 0.295486,
		0.957488, -0.246871, -0.149235,
		-0.063297, 0.324926, -0.943619,
		24.477819, 35.280640, 34.713959>
	pigment { color rgbt <0,1,1,0> }
	no_shadow
}
cylinder {
	<24.921499, 35.660656, 35.483158>,  <24.522127, 35.053192, 35.374493>, 0.130000
	pigment { color rgbt <1,0,0,0> }
	no_shadow
}

// nucleotide -1

// particle -1
sphere {
	<24.921499, 35.660656, 35.483158> 0.250000
	pigment { color rgbt <1,0,0,0> }
	no_shadow
}
cylinder {
	<25.234339, 35.569633, 35.251110>,  <25.422043, 35.515022, 35.111881>, 0.100000
	pigment { color rgbt <1,0,0,0> }
	no_shadow
}
cylinder {
	<25.234339, 35.569633, 35.251110>,  <24.921499, 35.660656, 35.483158>, 0.100000
	pigment { color rgbt <1,0,0,0> }
	no_shadow
}

// particle -1
sphere {
	<25.234339, 35.569633, 35.251110> 0.100000
	pigment { color rgbt <1,0,0,0> }
	no_shadow
}
sphere {
	0, 1
	scale<0.080000,0.200000,0.300000>
	matrix <-0.618037, -0.402301, -0.675413,
		-0.079690, 0.886777, -0.455277,
		0.782099, -0.227555, -0.580120,
		25.468969, 35.501366, 35.077072>
	pigment { color rgbt <0,1,1,0> }
	no_shadow
}
cylinder {
	<24.752916, 35.763905, 34.769520>,  <24.921499, 35.660656, 35.483158>, 0.130000
	pigment { color rgbt <1,0,0,0> }
	no_shadow
}

// nucleotide -1

// particle -1
sphere {
	<24.752916, 35.763905, 34.769520> 0.250000
	pigment { color rgbt <1,0,0,0> }
	no_shadow
}
cylinder {
	<25.071028, 35.524048, 34.733822>,  <25.261894, 35.380135, 34.712402>, 0.100000
	pigment { color rgbt <1,0,0,0> }
	no_shadow
}
cylinder {
	<25.071028, 35.524048, 34.733822>,  <24.752916, 35.763905, 34.769520>, 0.100000
	pigment { color rgbt <1,0,0,0> }
	no_shadow
}

// particle -1
sphere {
	<25.071028, 35.524048, 34.733822> 0.100000
	pigment { color rgbt <1,0,0,0> }
	no_shadow
}
sphere {
	0, 1
	scale<0.080000,0.200000,0.300000>
	matrix <-0.407519, -0.419773, -0.810999,
		0.448845, 0.681338, -0.578201,
		0.795277, -0.599641, -0.089245,
		25.309610, 35.344154, 34.707047>
	pigment { color rgbt <0,1,1,0> }
	no_shadow
}
cylinder {
	<25.049965, 35.777225, 34.070202>,  <24.752916, 35.763905, 34.769520>, 0.130000
	pigment { color rgbt <1,0,0,0> }
	no_shadow
}

// nucleotide -1

// particle -1
sphere {
	<25.049965, 35.777225, 34.070202> 0.250000
	pigment { color rgbt <1,0,0,0> }
	no_shadow
}
cylinder {
	<25.168633, 35.429966, 34.229355>,  <25.239832, 35.221611, 34.324844>, 0.100000
	pigment { color rgbt <1,0,0,0> }
	no_shadow
}
cylinder {
	<25.168633, 35.429966, 34.229355>,  <25.049965, 35.777225, 34.070202>, 0.100000
	pigment { color rgbt <1,0,0,0> }
	no_shadow
}

// particle -1
sphere {
	<25.168633, 35.429966, 34.229355> 0.100000
	pigment { color rgbt <1,0,0,0> }
	no_shadow
}
sphere {
	0, 1
	scale<0.080000,0.200000,0.300000>
	matrix <-0.174942, -0.458990, -0.871047,
		0.938820, 0.188806, -0.288043,
		0.296668, -0.868148, 0.397879,
		25.257633, 35.169521, 34.348717>
	pigment { color rgbt <0,1,1,0> }
	no_shadow
}
cylinder {
	<25.521170, 35.675793, 33.694447>,  <25.049965, 35.777225, 34.070202>, 0.130000
	pigment { color rgbt <1,0,0,0> }
	no_shadow
}

// nucleotide -1

// particle -1
sphere {
	<25.521170, 35.675793, 33.694447> 0.250000
	pigment { color rgbt <1,0,0,0> }
	no_shadow
}
cylinder {
	<25.424435, 35.320038, 33.849625>,  <25.366394, 35.106583, 33.942730>, 0.100000
	pigment { color rgbt <1,0,0,0> }
	no_shadow
}
cylinder {
	<25.424435, 35.320038, 33.849625>,  <25.521170, 35.675793, 33.694447>, 0.100000
	pigment { color rgbt <1,0,0,0> }
	no_shadow
}

// particle -1
sphere {
	<25.424435, 35.320038, 33.849625> 0.100000
	pigment { color rgbt <1,0,0,0> }
	no_shadow
}
sphere {
	0, 1
	scale<0.080000,0.200000,0.300000>
	matrix <0.027846, -0.406005, -0.913446,
		0.969917, -0.210102, 0.122953,
		-0.241836, -0.889391, 0.387941,
		25.351883, 35.053219, 33.966007>
	pigment { color rgbt <0,1,1,0> }
	no_shadow
}
cylinder {
	<26.049650, 35.265354, 33.485992>,  <25.521170, 35.675793, 33.694447>, 0.130000
	pigment { color rgbt <1,0,0,0> }
	no_shadow
}

// nucleotide -1

// particle -1
sphere {
	<26.049650, 35.265354, 33.485992> 0.250000
	pigment { color rgbt <1,0,0,0> }
	no_shadow
}
cylinder {
	<25.704552, 35.071400, 33.543339>,  <25.497492, 34.955029, 33.577747>, 0.100000
	pigment { color rgbt <1,0,0,0> }
	no_shadow
}
cylinder {
	<25.704552, 35.071400, 33.543339>,  <26.049650, 35.265354, 33.485992>, 0.100000
	pigment { color rgbt <1,0,0,0> }
	no_shadow
}

// particle -1
sphere {
	<25.704552, 35.071400, 33.543339> 0.100000
	pigment { color rgbt <1,0,0,0> }
	no_shadow
}
sphere {
	0, 1
	scale<0.080000,0.200000,0.300000>
	matrix <0.091949, -0.429259, -0.898489,
		0.497204, -0.761987, 0.414927,
		-0.862748, -0.484884, 0.143365,
		25.445726, 34.925934, 33.586349>
	pigment { color rgbt <0,1,1,0> }
	no_shadow
}
cylinder {
	<26.298147, 34.679779, 33.373940>,  <26.049650, 35.265354, 33.485992>, 0.130000
	pigment { color rgbt <1,0,0,0> }
	no_shadow
}

// nucleotide -1

// particle -1
sphere {
	<26.298147, 34.679779, 33.373940> 0.250000
	pigment { color rgbt <1,0,0,0> }
	no_shadow
}
cylinder {
	<25.900402, 34.677605, 33.331593>,  <25.661755, 34.676300, 33.306183>, 0.100000
	pigment { color rgbt <1,0,0,0> }
	no_shadow
}
cylinder {
	<25.900402, 34.677605, 33.331593>,  <26.298147, 34.679779, 33.373940>, 0.100000
	pigment { color rgbt <1,0,0,0> }
	no_shadow
}

// particle -1
sphere {
	<25.900402, 34.677605, 33.331593> 0.100000
	pigment { color rgbt <1,0,0,0> }
	no_shadow
}
sphere {
	0, 1
	scale<0.080000,0.200000,0.300000>
	matrix <0.103578, -0.262558, -0.959341,
		-0.022583, -0.964901, 0.261642,
		-0.994365, -0.005435, -0.105872,
		25.602093, 34.675976, 33.299831>
	pigment { color rgbt <0,1,1,0> }
	no_shadow
}
cylinder {
	<26.053932, 34.030930, 33.179440>,  <26.298147, 34.679779, 33.373940>, 0.130000
	pigment { color rgbt <1,0,0,0> }
	no_shadow
}

// nucleotide -1

// particle -1
sphere {
	<26.053932, 34.030930, 33.179440> 0.250000
	pigment { color rgbt <1,0,0,0> }
	no_shadow
}
cylinder {
	<25.813469, 34.321949, 33.047211>,  <25.669191, 34.496563, 32.967873>, 0.100000
	pigment { color rgbt <1,0,0,0> }
	no_shadow
}
cylinder {
	<25.813469, 34.321949, 33.047211>,  <26.053932, 34.030930, 33.179440>, 0.100000
	pigment { color rgbt <1,0,0,0> }
	no_shadow
}

// particle -1
sphere {
	<25.813469, 34.321949, 33.047211> 0.100000
	pigment { color rgbt <1,0,0,0> }
	no_shadow
}
sphere {
	0, 1
	scale<0.080000,0.200000,0.300000>
	matrix <0.046324, -0.381239, -0.923315,
		-0.797787, -0.570371, 0.195481,
		-0.601158, 0.727553, -0.330570,
		25.633121, 34.540215, 32.948040>
	pigment { color rgbt <0,1,1,0> }
	no_shadow
}
cylinder {
	<25.572643, 33.697220, 32.707771>,  <26.053932, 34.030930, 33.179440>, 0.130000
	pigment { color rgbt <1,0,0,0> }
	no_shadow
}

// nucleotide -1

// particle -1
sphere {
	<25.572643, 33.697220, 32.707771> 0.250000
	pigment { color rgbt <1,0,0,0> }
	no_shadow
}
cylinder {
	<25.616112, 34.079483, 32.598293>,  <25.642193, 34.308842, 32.532608>, 0.100000
	pigment { color rgbt <1,0,0,0> }
	no_shadow
}
cylinder {
	<25.616112, 34.079483, 32.598293>,  <25.572643, 33.697220, 32.707771>, 0.100000
	pigment { color rgbt <1,0,0,0> }
	no_shadow
}

// particle -1
sphere {
	<25.616112, 34.079483, 32.598293> 0.100000
	pigment { color rgbt <1,0,0,0> }
	no_shadow
}
sphere {
	0, 1
	scale<0.080000,0.200000,0.300000>
	matrix <0.287073, -0.293765, -0.911752,
		-0.951725, 0.020512, -0.306267,
		0.108672, 0.955657, -0.273695,
		25.648714, 34.366180, 32.516186>
	pigment { color rgbt <0,1,1,0> }
	no_shadow
}
cylinder {
	<25.090973, 33.848198, 32.108280>,  <25.572643, 33.697220, 32.707771>, 0.130000
	pigment { color rgbt <1,0,0,0> }
	no_shadow
}

// nucleotide -1

// particle -1
sphere {
	<25.090973, 33.848198, 32.108280> 0.250000
	pigment { color rgbt <1,0,0,0> }
	no_shadow
}
cylinder {
	<25.400764, 34.100929, 32.095806>,  <25.586639, 34.252567, 32.088322>, 0.100000
	pigment { color rgbt <1,0,0,0> }
	no_shadow
}
cylinder {
	<25.400764, 34.100929, 32.095806>,  <25.090973, 33.848198, 32.108280>, 0.100000
	pigment { color rgbt <1,0,0,0> }
	no_shadow
}

// particle -1
sphere {
	<25.400764, 34.100929, 32.095806> 0.100000
	pigment { color rgbt <1,0,0,0> }
	no_shadow
}
sphere {
	0, 1
	scale<0.080000,0.200000,0.300000>
	matrix <0.208086, -0.301000, -0.930644,
		-0.597399, 0.714273, -0.364593,
		0.774477, 0.631833, -0.031187,
		25.633108, 34.290478, 32.086449>
	pigment { color rgbt <0,1,1,0> }
	no_shadow
}
cylinder {
	<25.148720, 34.028004, 31.416573>,  <25.090973, 33.848198, 32.108280>, 0.130000
	pigment { color rgbt <1,0,0,0> }
	no_shadow
}

// nucleotide -1

// particle -1
sphere {
	<25.148720, 34.028004, 31.416573> 0.250000
	pigment { color rgbt <1,0,0,0> }
	no_shadow
}
cylinder {
	<25.506296, 34.149612, 31.548292>,  <25.720842, 34.222580, 31.627323>, 0.100000
	pigment { color rgbt <1,0,0,0> }
	no_shadow
}
cylinder {
	<25.506296, 34.149612, 31.548292>,  <25.148720, 34.028004, 31.416573>, 0.100000
	pigment { color rgbt <1,0,0,0> }
	no_shadow
}

// particle -1
sphere {
	<25.506296, 34.149612, 31.548292> 0.100000
	pigment { color rgbt <1,0,0,0> }
	no_shadow
}
sphere {
	0, 1
	scale<0.080000,0.200000,0.300000>
	matrix <0.389275, -0.162573, -0.906661,
		-0.222112, 0.938690, -0.263680,
		0.893941, 0.304025, 0.329299,
		25.774479, 34.240818, 31.647081>
	pigment { color rgbt <0,1,1,0> }
	no_shadow
}
cylinder {
	<25.355068, 34.492313, 30.903528>,  <25.148720, 34.028004, 31.416573>, 0.130000
	pigment { color rgbt <1,0,0,0> }
	no_shadow
}

// nucleotide -1

// particle -1
sphere {
	<25.355068, 34.492313, 30.903528> 0.250000
	pigment { color rgbt <1,0,0,0> }
	no_shadow
}
cylinder {
	<25.689903, 34.333580, 31.054159>,  <25.890804, 34.238338, 31.144539>, 0.100000
	pigment { color rgbt <1,0,0,0> }
	no_shadow
}
cylinder {
	<25.689903, 34.333580, 31.054159>,  <25.355068, 34.492313, 30.903528>, 0.100000
	pigment { color rgbt <1,0,0,0> }
	no_shadow
}

// particle -1
sphere {
	<25.689903, 34.333580, 31.054159> 0.100000
	pigment { color rgbt <1,0,0,0> }
	no_shadow
}
sphere {
	0, 1
	scale<0.080000,0.200000,0.300000>
	matrix <0.296115, -0.250140, -0.921817,
		0.460004, 0.883150, -0.091880,
		0.837086, -0.396832, 0.376579,
		25.941029, 34.214531, 31.167133>
	pigment { color rgbt <0,1,1,0> }
	no_shadow
}
cylinder {
	<25.647852, 34.126152, 30.349346>,  <25.355068, 34.492313, 30.903528>, 0.130000
	pigment { color rgbt <1,0,0,0> }
	no_shadow
}

// nucleotide -1

// particle -1
sphere {
	<25.647852, 34.126152, 30.349346> 0.250000
	pigment { color rgbt <1,0,0,0> }
	no_shadow
}
cylinder {
	<26.046251, 34.127476, 30.313627>,  <26.285292, 34.128269, 30.292196>, 0.100000
	pigment { color rgbt <1,0,0,0> }
	no_shadow
}
cylinder {
	<26.046251, 34.127476, 30.313627>,  <25.647852, 34.126152, 30.349346>, 0.100000
	pigment { color rgbt <1,0,0,0> }
	no_shadow
}

// particle -1
sphere {
	<26.046251, 34.127476, 30.313627> 0.100000
	pigment { color rgbt <1,0,0,0> }
	no_shadow
}
sphere {
	0, 1
	scale<0.080000,0.200000,0.300000>
	matrix <0.083826, 0.311549, 0.946525,
		0.030948, -0.950224, 0.310025,
		0.996000, 0.003305, -0.089296,
		26.345051, 34.128468, 30.286839>
	pigment { color rgbt <0,1,1,0> }
	no_shadow
}
cylinder {
	<25.906214, 33.729435, 30.858892>,  <25.647852, 34.126152, 30.349346>, 0.130000
	pigment { color rgbt <1,0,0,0> }
	no_shadow
}

// nucleotide -1

// particle -1
sphere {
	<25.906214, 33.729435, 30.858892> 0.250000
	pigment { color rgbt <1,0,0,0> }
	no_shadow
}
cylinder {
	<26.124056, 34.047852, 30.753265>,  <26.254761, 34.238899, 30.689890>, 0.100000
	pigment { color rgbt <1,0,0,0> }
	no_shadow
}
cylinder {
	<26.124056, 34.047852, 30.753265>,  <25.906214, 33.729435, 30.858892>, 0.100000
	pigment { color rgbt <1,0,0,0> }
	no_shadow
}

// particle -1
sphere {
	<26.124056, 34.047852, 30.753265> 0.100000
	pigment { color rgbt <1,0,0,0> }
	no_shadow
}
sphere {
	0, 1
	scale<0.080000,0.200000,0.300000>
	matrix <0.114497, 0.241341, 0.963662,
		0.830841, -0.555049, 0.040292,
		0.544604, 0.796037, -0.264068,
		26.287437, 34.286663, 30.674046>
	pigment { color rgbt <0,1,1,0> }
	no_shadow
}
cylinder {
	<26.404768, 33.754482, 31.364775>,  <25.906214, 33.729435, 30.858892>, 0.130000
	pigment { color rgbt <1,0,0,0> }
	no_shadow
}

// nucleotide -1

// particle -1
sphere {
	<26.404768, 33.754482, 31.364775> 0.250000
	pigment { color rgbt <1,0,0,0> }
	no_shadow
}
cylinder {
	<26.397278, 34.123234, 31.209961>,  <26.392784, 34.344482, 31.117073>, 0.100000
	pigment { color rgbt <1,0,0,0> }
	no_shadow
}
cylinder {
	<26.397278, 34.123234, 31.209961>,  <26.404768, 33.754482, 31.364775>, 0.100000
	pigment { color rgbt <1,0,0,0> }
	no_shadow
}

// particle -1
sphere {
	<26.397278, 34.123234, 31.209961> 0.100000
	pigment { color rgbt <1,0,0,0> }
	no_shadow
}
sphere {
	0, 1
	scale<0.080000,0.200000,0.300000>
	matrix <-0.109318, 0.382893, 0.917302,
		0.993830, 0.059486, 0.093608,
		-0.018725, 0.921875, -0.387034,
		26.391661, 34.399796, 31.093851>
	pigment { color rgbt <0,1,1,0> }
	no_shadow
}
cylinder {
	<26.906561, 34.029392, 31.776419>,  <26.404768, 33.754482, 31.364775>, 0.130000
	pigment { color rgbt <1,0,0,0> }
	no_shadow
}

// nucleotide -1

// particle -1
sphere {
	<26.906561, 34.029392, 31.776419> 0.250000
	pigment { color rgbt <1,0,0,0> }
	no_shadow
}
cylinder {
	<26.640457, 34.275795, 31.607676>,  <26.480795, 34.423637, 31.506430>, 0.100000
	pigment { color rgbt <1,0,0,0> }
	no_shadow
}
cylinder {
	<26.640457, 34.275795, 31.607676>,  <26.906561, 34.029392, 31.776419>, 0.100000
	pigment { color rgbt <1,0,0,0> }
	no_shadow
}

// particle -1
sphere {
	<26.640457, 34.275795, 31.607676> 0.100000
	pigment { color rgbt <1,0,0,0> }
	no_shadow
}
sphere {
	0, 1
	scale<0.080000,0.200000,0.300000>
	matrix <-0.400415, 0.182526, 0.897971,
		0.630157, 0.766302, 0.125232,
		-0.665259, 0.616008, -0.421859,
		26.440880, 34.460598, 31.481117>
	pigment { color rgbt <0,1,1,0> }
	no_shadow
}
cylinder {
	<26.934948, 34.710007, 31.961494>,  <26.906561, 34.029392, 31.776419>, 0.130000
	pigment { color rgbt <1,0,0,0> }
	no_shadow
}

// nucleotide -1

// particle -1
sphere {
	<26.934948, 34.710007, 31.961494> 0.250000
	pigment { color rgbt <1,0,0,0> }
	no_shadow
}
cylinder {
	<26.570978, 34.581966, 31.855989>,  <26.352596, 34.505142, 31.792686>, 0.100000
	pigment { color rgbt <1,0,0,0> }
	no_shadow
}
cylinder {
	<26.570978, 34.581966, 31.855989>,  <26.934948, 34.710007, 31.961494>, 0.100000
	pigment { color rgbt <1,0,0,0> }
	no_shadow
}

// particle -1
sphere {
	<26.570978, 34.581966, 31.855989> 0.100000
	pigment { color rgbt <1,0,0,0> }
	no_shadow
}
sphere {
	0, 1
	scale<0.080000,0.200000,0.300000>
	matrix <-0.369093, 0.334773, 0.867005,
		-0.189230, 0.886262, -0.422765,
		-0.909925, -0.320103, -0.263764,
		26.298000, 34.485935, 31.776861>
	pigment { color rgbt <0,1,1,0> }
	no_shadow
}
cylinder {
	<26.473715, 35.312244, 32.026096>,  <26.934948, 34.710007, 31.961494>, 0.130000
	pigment { color rgbt <1,0,0,0> }
	no_shadow
}

// nucleotide -1

// particle -1
sphere {
	<26.473715, 35.312244, 32.026096> 0.250000
	pigment { color rgbt <1,0,0,0> }
	no_shadow
}
cylinder {
	<26.216465, 35.006844, 32.049603>,  <26.062115, 34.823605, 32.063705>, 0.100000
	pigment { color rgbt <1,0,0,0> }
	no_shadow
}
cylinder {
	<26.216465, 35.006844, 32.049603>,  <26.473715, 35.312244, 32.026096>, 0.100000
	pigment { color rgbt <1,0,0,0> }
	no_shadow
}

// particle -1
sphere {
	<26.216465, 35.006844, 32.049603> 0.100000
	pigment { color rgbt <1,0,0,0> }
	no_shadow
}
sphere {
	0, 1
	scale<0.080000,0.200000,0.300000>
	matrix <-0.500917, 0.477501, 0.721855,
		-0.579199, 0.434806, -0.689545,
		-0.643126, -0.763502, 0.058767,
		26.023527, 34.777794, 32.067234>
	pigment { color rgbt <0,1,1,0> }
	no_shadow
}
cylinder {
	<25.781046, 35.651413, 32.173588>,  <26.473715, 35.312244, 32.026096>, 0.130000
	pigment { color rgbt <1,0,0,0> }
	no_shadow
}

// nucleotide -1

// particle -1
sphere {
	<25.781046, 35.651413, 32.173588> 0.250000
	pigment { color rgbt <1,0,0,0> }
	no_shadow
}
cylinder {
	<25.741106, 35.268353, 32.281616>,  <25.717142, 35.038517, 32.346436>, 0.100000
	pigment { color rgbt <1,0,0,0> }
	no_shadow
}
cylinder {
	<25.741106, 35.268353, 32.281616>,  <25.781046, 35.651413, 32.173588>, 0.100000
	pigment { color rgbt <1,0,0,0> }
	no_shadow
}

// particle -1
sphere {
	<25.741106, 35.268353, 32.281616> 0.100000
	pigment { color rgbt <1,0,0,0> }
	no_shadow
}
sphere {
	0, 1
	scale<0.080000,0.200000,0.300000>
	matrix <-0.511354, 0.282231, 0.811704,
		-0.853550, -0.057056, -0.517877,
		-0.099848, -0.957648, 0.270074,
		25.711151, 34.981056, 32.362640>
	pigment { color rgbt <0,1,1,0> }
	no_shadow
}
cylinder {
	<25.078089, 35.673435, 32.361160>,  <25.781046, 35.651413, 32.173588>, 0.130000
	pigment { color rgbt <1,0,0,0> }
	no_shadow
}

// nucleotide -1

// particle -1
sphere {
	<25.078089, 35.673435, 32.361160> 0.250000
	pigment { color rgbt <1,0,0,0> }
	no_shadow
}
cylinder {
	<25.242928, 35.352699, 32.534237>,  <25.341831, 35.160259, 32.638084>, 0.100000
	pigment { color rgbt <1,0,0,0> }
	no_shadow
}
cylinder {
	<25.242928, 35.352699, 32.534237>,  <25.078089, 35.673435, 32.361160>, 0.100000
	pigment { color rgbt <1,0,0,0> }
	no_shadow
}

// particle -1
sphere {
	<25.242928, 35.352699, 32.534237> 0.100000
	pigment { color rgbt <1,0,0,0> }
	no_shadow
}
sphere {
	0, 1
	scale<0.080000,0.200000,0.300000>
	matrix <-0.597061, 0.121074, 0.793006,
		-0.688253, -0.585142, -0.428854,
		0.412098, -0.801841, 0.432696,
		25.366558, 35.112148, 32.664047>
	pigment { color rgbt <0,1,1,0> }
	no_shadow
}
cylinder {
	<24.642885, 35.060158, 32.676868>,  <25.078089, 35.673435, 32.361160>, 0.130000
	pigment { color rgbt <1,0,0,0> }
	no_shadow
}

// nucleotide -1

// particle -1
sphere {
	<24.642885, 35.060158, 32.676868> 0.250000
	pigment { color rgbt <1,0,0,0> }
	no_shadow
}
cylinder {
	<24.800543, 34.708187, 32.782982>,  <24.895138, 34.497005, 32.846649>, 0.100000
	pigment { color rgbt <1,0,0,0> }
	no_shadow
}
cylinder {
	<24.800543, 34.708187, 32.782982>,  <24.642885, 35.060158, 32.676868>, 0.100000
	pigment { color rgbt <1,0,0,0> }
	no_shadow
}

// particle -1
sphere {
	<24.800543, 34.708187, 32.782982> 0.100000
	pigment { color rgbt <1,0,0,0> }
	no_shadow
}
sphere {
	0, 1
	scale<0.080000,0.200000,0.300000>
	matrix <0.074060, 0.318119, 0.945154,
		-0.916061, -0.352878, 0.190552,
		0.394142, -0.879931, 0.265283,
		24.918785, 34.444206, 32.862568>
	pigment { color rgbt <0,1,1,0> }
	no_shadow
}
cylinder {
	<24.254610, 34.699722, 33.250763>,  <24.642885, 35.060158, 32.676868>, 0.130000
	pigment { color rgbt <1,0,0,0> }
	no_shadow
}

// nucleotide -1

// particle -1
sphere {
	<24.254610, 34.699722, 33.250763> 0.250000
	pigment { color rgbt <1,0,0,0> }
	no_shadow
}
cylinder {
	<24.652733, 34.662571, 33.261600>,  <24.891607, 34.640282, 33.268105>, 0.100000
	pigment { color rgbt <1,0,0,0> }
	no_shadow
}
cylinder {
	<24.652733, 34.662571, 33.261600>,  <24.254610, 34.699722, 33.250763>, 0.100000
	pigment { color rgbt <1,0,0,0> }
	no_shadow
}

// particle -1
sphere {
	<24.652733, 34.662571, 33.261600> 0.100000
	pigment { color rgbt <1,0,0,0> }
	no_shadow
}
sphere {
	0, 1
	scale<0.080000,0.200000,0.300000>
	matrix <-0.013896, 0.139947, 0.990062,
		-0.095744, -0.985794, 0.138000,
		0.995309, -0.092874, 0.027098,
		24.951326, 34.634708, 33.269730>
	pigment { color rgbt <0,1,1,0> }
	no_shadow
}
cylinder {
	<24.291224, 34.268635, 33.825127>,  <24.254610, 34.699722, 33.250763>, 0.130000
	pigment { color rgbt <1,0,0,0> }
	no_shadow
}

// nucleotide -1

// particle -1
sphere {
	<24.291224, 34.268635, 33.825127> 0.250000
	pigment { color rgbt <1,0,0,0> }
	no_shadow
}
cylinder {
	<24.643614, 34.446808, 33.761284>,  <24.855047, 34.553711, 33.722977>, 0.100000
	pigment { color rgbt <1,0,0,0> }
	no_shadow
}
cylinder {
	<24.643614, 34.446808, 33.761284>,  <24.291224, 34.268635, 33.825127>, 0.100000
	pigment { color rgbt <1,0,0,0> }
	no_shadow
}

// particle -1
sphere {
	<24.643614, 34.446808, 33.761284> 0.100000
	pigment { color rgbt <1,0,0,0> }
	no_shadow
}
sphere {
	0, 1
	scale<0.080000,0.200000,0.300000>
	matrix <0.124405, 0.107397, 0.986402,
		0.456517, -0.888851, 0.039200,
		0.880974, 0.445433, -0.159606,
		24.907906, 34.580437, 33.713402>
	pigment { color rgbt <0,1,1,0> }
	no_shadow
}
cylinder {
	<24.631001, 33.605583, 34.019051>,  <24.291224, 34.268635, 33.825127>, 0.130000
	pigment { color rgbt <1,0,0,0> }
	no_shadow
}

// nucleotide -1

// particle -1
sphere {
	<24.631001, 33.605583, 34.019051> 0.250000
	pigment { color rgbt <1,0,0,0> }
	no_shadow
}
cylinder {
	<24.836470, 33.420033, 34.307758>,  <24.959751, 33.308701, 34.480984>, 0.100000
	pigment { color rgbt <1,0,0,0> }
	no_shadow
}
cylinder {
	<24.836470, 33.420033, 34.307758>,  <24.631001, 33.605583, 34.019051>, 0.100000
	pigment { color rgbt <1,0,0,0> }
	no_shadow
}

// particle -1
sphere {
	<24.836470, 33.420033, 34.307758> 0.100000
	pigment { color rgbt <1,0,0,0> }
	no_shadow
}
sphere {
	0, 1
	scale<0.080000,0.200000,0.300000>
	matrix <-0.185194, 0.761464, 0.621189,
		-0.837762, -0.452755, 0.305233,
		0.513671, -0.463881, 0.721773,
		24.990570, 33.280869, 34.524292>
	pigment { color rgbt <0,1,1,0> }
	no_shadow
}
cylinder {
	<25.099865, 33.914471, 34.591183>,  <24.631001, 33.605583, 34.019051>, 0.130000
	pigment { color rgbt <1,0,0,0> }
	no_shadow
}

// nucleotide -1

// particle -1
sphere {
	<25.099865, 33.914471, 34.591183> 0.250000
	pigment { color rgbt <1,0,0,0> }
	no_shadow
}
cylinder {
	<25.205704, 34.234406, 34.375683>,  <25.269207, 34.426365, 34.246384>, 0.100000
	pigment { color rgbt <1,0,0,0> }
	no_shadow
}
cylinder {
	<25.205704, 34.234406, 34.375683>,  <25.099865, 33.914471, 34.591183>, 0.100000
	pigment { color rgbt <1,0,0,0> }
	no_shadow
}

// particle -1
sphere {
	<25.205704, 34.234406, 34.375683> 0.100000
	pigment { color rgbt <1,0,0,0> }
	no_shadow
}
sphere {
	0, 1
	scale<0.080000,0.200000,0.300000>
	matrix <0.254365, 0.480988, 0.839016,
		0.930208, -0.359040, -0.076182,
		0.264598, 0.799837, -0.538747,
		25.285084, 34.474358, 34.214058>
	pigment { color rgbt <0,1,1,0> }
	no_shadow
}
cylinder {
	<25.759998, 34.078251, 34.879704>,  <25.099865, 33.914471, 34.591183>, 0.130000
	pigment { color rgbt <1,0,0,0> }
	no_shadow
}

// nucleotide -1

// particle -1
sphere {
	<25.759998, 34.078251, 34.879704> 0.250000
	pigment { color rgbt <1,0,0,0> }
	no_shadow
}
cylinder {
	<25.619942, 34.408947, 34.703568>,  <25.535908, 34.607365, 34.597885>, 0.100000
	pigment { color rgbt <1,0,0,0> }
	no_shadow
}
cylinder {
	<25.619942, 34.408947, 34.703568>,  <25.759998, 34.078251, 34.879704>, 0.100000
	pigment { color rgbt <1,0,0,0> }
	no_shadow
}

// particle -1
sphere {
	<25.619942, 34.408947, 34.703568> 0.100000
	pigment { color rgbt <1,0,0,0> }
	no_shadow
}
sphere {
	0, 1
	scale<0.080000,0.200000,0.300000>
	matrix <0.369183, 0.553851, 0.746293,
		0.860875, 0.098741, -0.499144,
		-0.350141, 0.826740, -0.440343,
		25.514900, 34.656967, 34.571465>
	pigment { color rgbt <0,1,1,0> }
	no_shadow
}
cylinder {
	<26.321802, 34.581524, 34.779591>,  <25.759998, 34.078251, 34.879704>, 0.130000
	pigment { color rgbt <1,0,0,0> }
	no_shadow
}

// nucleotide -1

// particle -1
sphere {
	<26.321802, 34.581524, 34.779591> 0.250000
	pigment { color rgbt <1,0,0,0> }
	no_shadow
}
cylinder {
	<25.972969, 34.776924, 34.791157>,  <25.763668, 34.894165, 34.798096>, 0.100000
	pigment { color rgbt <1,0,0,0> }
	no_shadow
}
cylinder {
	<25.972969, 34.776924, 34.791157>,  <26.321802, 34.581524, 34.779591>, 0.100000
	pigment { color rgbt <1,0,0,0> }
	no_shadow
}

// particle -1
sphere {
	<25.972969, 34.776924, 34.791157> 0.100000
	pigment { color rgbt <1,0,0,0> }
	no_shadow
}
sphere {
	0, 1
	scale<0.080000,0.200000,0.300000>
	matrix <0.412433, 0.701913, 0.580704,
		0.263379, 0.518348, -0.813601,
		-0.872084, 0.488501, 0.028914,
		25.711344, 34.923473, 34.799831>
	pigment { color rgbt <0,1,1,0> }
	no_shadow
}
cylinder {
	<26.485672, 35.312370, 34.590157>,  <26.321802, 34.581524, 34.779591>, 0.130000
	pigment { color rgbt <1,0,0,0> }
	no_shadow
}

// nucleotide -1

// particle -1
sphere {
	<26.485672, 35.312370, 34.590157> 0.250000
	pigment { color rgbt <1,0,0,0> }
	no_shadow
}
cylinder {
	<26.162561, 35.250534, 34.817699>,  <25.968695, 35.213432, 34.954224>, 0.100000
	pigment { color rgbt <1,0,0,0> }
	no_shadow
}
cylinder {
	<26.162561, 35.250534, 34.817699>,  <26.485672, 35.312370, 34.590157>, 0.100000
	pigment { color rgbt <1,0,0,0> }
	no_shadow
}

// particle -1
sphere {
	<26.162561, 35.250534, 34.817699> 0.100000
	pigment { color rgbt <1,0,0,0> }
	no_shadow
}
sphere {
	0, 1
	scale<0.080000,0.200000,0.300000>
	matrix <0.237728, 0.797622, 0.554332,
		-0.539427, 0.583010, -0.607551,
		-0.807777, -0.154590, 0.568857,
		25.920229, 35.204159, 34.988358>
	pigment { color rgbt <0,1,1,0> }
	no_shadow
}
cylinder {
	<26.032532, 35.968468, 34.604515>,  <26.485672, 35.312370, 34.590157>, 0.130000
	pigment { color rgbt <1,0,0,0> }
	no_shadow
}

// nucleotide -1

// particle -1
sphere {
	<26.032532, 35.968468, 34.604515> 0.250000
	pigment { color rgbt <1,0,0,0> }
	no_shadow
}
cylinder {
	<25.977497, 35.771729, 34.948410>,  <25.944477, 35.653683, 35.154747>, 0.100000
	pigment { color rgbt <1,0,0,0> }
	no_shadow
}
cylinder {
	<25.977497, 35.771729, 34.948410>,  <26.032532, 35.968468, 34.604515>, 0.100000
	pigment { color rgbt <1,0,0,0> }
	no_shadow
}

// particle -1
sphere {
	<25.977497, 35.771729, 34.948410> 0.100000
	pigment { color rgbt <1,0,0,0> }
	no_shadow
}
sphere {
	0, 1
	scale<0.080000,0.200000,0.300000>
	matrix <-0.061147, 0.870557, 0.488254,
		-0.988601, 0.014607, -0.149851,
		-0.137586, -0.491851, 0.859740,
		25.936222, 35.624172, 35.206333>
	pigment { color rgbt <0,1,1,0> }
	no_shadow
}
cylinder {
	<25.343849, 36.112125, 34.962677>,  <26.032532, 35.968468, 34.604515>, 0.130000
	pigment { color rgbt <1,0,0,0> }
	no_shadow
}

// nucleotide -1

// particle -1
sphere {
	<25.343849, 36.112125, 34.962677> 0.250000
	pigment { color rgbt <1,0,0,0> }
	no_shadow
}
cylinder {
	<25.676165, 36.086952, 35.183884>,  <25.875555, 36.071850, 35.316608>, 0.100000
	pigment { color rgbt <1,0,0,0> }
	no_shadow
}
cylinder {
	<25.676165, 36.086952, 35.183884>,  <25.343849, 36.112125, 34.962677>, 0.100000
	pigment { color rgbt <1,0,0,0> }
	no_shadow
}

// particle -1
sphere {
	<25.676165, 36.086952, 35.183884> 0.100000
	pigment { color rgbt <1,0,0,0> }
	no_shadow
}
sphere {
	0, 1
	scale<0.080000,0.200000,0.300000>
	matrix <-0.264949, 0.829078, 0.492374,
		-0.489480, -0.555580, 0.672116,
		0.830789, -0.062931, 0.553017,
		25.925402, 36.068073, 35.349789>
	pigment { color rgbt <0,1,1,0> }
	no_shadow
}
cylinder {
	<25.227127, 36.296700, 35.563400>,  <25.343849, 36.112125, 34.962677>, 0.130000
	pigment { color rgbt <1,0,0,0> }
	no_shadow
}

// nucleotide -1

// particle -1
sphere {
	<25.227127, 36.296700, 35.563400> 0.250000
	pigment { color rgbt <1,0,0,0> }
	no_shadow
}
cylinder {
	<25.625135, 36.323746, 35.592682>,  <25.863941, 36.339973, 35.610252>, 0.100000
	pigment { color rgbt <1,0,0,0> }
	no_shadow
}
cylinder {
	<25.625135, 36.323746, 35.592682>,  <25.227127, 36.296700, 35.563400>, 0.100000
	pigment { color rgbt <1,0,0,0> }
	no_shadow
}

// particle -1
sphere {
	<25.625135, 36.323746, 35.592682> 0.100000
	pigment { color rgbt <1,0,0,0> }
	no_shadow
}
sphere {
	0, 1
	scale<0.080000,0.200000,0.300000>
	matrix <-0.098710, 0.769772, 0.630640,
		-0.013709, -0.634727, 0.772615,
		0.995022, 0.067620, 0.073207,
		25.923641, 36.344032, 35.614643>
	pigment { color rgbt <0,1,1,0> }
	no_shadow
}
cylinder {
	<25.304079, 36.754414, 36.077629>,  <25.227127, 36.296700, 35.563400>, 0.130000
	pigment { color rgbt <1,0,0,0> }
	no_shadow
}

// nucleotide -1

// particle -1
sphere {
	<25.304079, 36.754414, 36.077629> 0.250000
	pigment { color rgbt <1,0,0,0> }
	no_shadow
}
cylinder {
	<25.680899, 36.728706, 35.945923>,  <25.906990, 36.713284, 35.866898>, 0.100000
	pigment { color rgbt <1,0,0,0> }
	no_shadow
}
cylinder {
	<25.680899, 36.728706, 35.945923>,  <25.304079, 36.754414, 36.077629>, 0.100000
	pigment { color rgbt <1,0,0,0> }
	no_shadow
}

// particle -1
sphere {
	<25.680899, 36.728706, 35.945923> 0.100000
	pigment { color rgbt <1,0,0,0> }
	no_shadow
}
sphere {
	0, 1
	scale<0.080000,0.200000,0.300000>
	matrix <0.286066, 0.666597, 0.688342,
		0.175253, -0.742643, 0.646350,
		0.942047, -0.064265, -0.329268,
		25.963512, 36.709427, 35.847141>
	pigment { color rgbt <0,1,1,0> }
	no_shadow
}
cylinder {
	<25.769661, 36.593597, 36.772957>,  <25.304079, 36.754414, 36.077629>, 0.130000
	pigment { color rgbt <1,0,0,0> }
	no_shadow
}

// nucleotide -1

// particle -1
sphere {
	<25.769661, 36.593597, 36.772957> 0.250000
	pigment { color rgbt <1,0,0,0> }
	no_shadow
}
cylinder {
	<25.957254, 36.795898, 36.483330>,  <26.069811, 36.917278, 36.309555>, 0.100000
	pigment { color rgbt <1,0,0,0> }
	no_shadow
}
cylinder {
	<25.957254, 36.795898, 36.483330>,  <25.769661, 36.593597, 36.772957>, 0.100000
	pigment { color rgbt <1,0,0,0> }
	no_shadow
}

// particle -1
sphere {
	<25.957254, 36.795898, 36.483330> 0.100000
	pigment { color rgbt <1,0,0,0> }
	no_shadow
}
sphere {
	0, 1
	scale<0.080000,0.200000,0.300000>
	matrix <0.217662, 0.728345, 0.649721,
		0.855968, -0.462308, 0.231496,
		0.468980, 0.505752, -0.724066,
		26.097948, 36.947624, 36.266109>
	pigment { color rgbt <0,1,1,0> }
	no_shadow
}
cylinder {
	<26.390810, 36.953575, 37.082558>,  <25.769661, 36.593597, 36.772957>, 0.130000
	pigment { color rgbt <1,0,0,0> }
	no_shadow
}

// nucleotide -1

// particle -1
sphere {
	<26.390810, 36.953575, 37.082558> 0.250000
	pigment { color rgbt <1,0,0,0> }
	no_shadow
}
cylinder {
	<26.328762, 37.155956, 36.743156>,  <26.291534, 37.277386, 36.539516>, 0.100000
	pigment { color rgbt <1,0,0,0> }
	no_shadow
}
cylinder {
	<26.328762, 37.155956, 36.743156>,  <26.390810, 36.953575, 37.082558>, 0.100000
	pigment { color rgbt <1,0,0,0> }
	no_shadow
}

// particle -1
sphere {
	<26.328762, 37.155956, 36.743156> 0.100000
	pigment { color rgbt <1,0,0,0> }
	no_shadow
}
sphere {
	0, 1
	scale<0.080000,0.200000,0.300000>
	matrix <0.081410, 0.862521, 0.499429,
		0.984536, 0.008394, -0.174982,
		-0.155118, 0.505951, -0.848500,
		26.282227, 37.307743, 36.488605>
	pigment { color rgbt <0,1,1,0> }
	no_shadow
}
cylinder {
	<26.841951, 37.444157, 37.026684>,  <26.390810, 36.953575, 37.082558>, 0.130000
	pigment { color rgbt <1,0,0,0> }
	no_shadow
}

// nucleotide -1

// particle -1
sphere {
	<26.841951, 37.444157, 37.026684> 0.250000
	pigment { color rgbt <1,0,0,0> }
	no_shadow
}
cylinder {
	<26.518497, 37.555984, 36.819630>,  <26.324425, 37.623081, 36.695396>, 0.100000
	pigment { color rgbt <1,0,0,0> }
	no_shadow
}
cylinder {
	<26.518497, 37.555984, 36.819630>,  <26.841951, 37.444157, 37.026684>, 0.100000
	pigment { color rgbt <1,0,0,0> }
	no_shadow
}

// particle -1
sphere {
	<26.518497, 37.555984, 36.819630> 0.100000
	pigment { color rgbt <1,0,0,0> }
	no_shadow
}
sphere {
	0, 1
	scale<0.080000,0.200000,0.300000>
	matrix <-0.067191, 0.830232, 0.553353,
		0.584460, 0.482242, -0.652571,
		-0.808636, 0.279566, -0.517640,
		26.275908, 37.639854, 36.664337>
	pigment { color rgbt <0,1,1,0> }
	no_shadow
}
cylinder {
	<26.380722, 38.035793, 37.213978>,  <26.841951, 37.444157, 37.026684>, 0.130000
	pigment { color rgbt <1,0,0,0> }
	no_shadow
}

// nucleotide -1

// particle -1
sphere {
	<26.380722, 38.035793, 37.213978> 0.250000
	pigment { color rgbt <1,0,0,0> }
	no_shadow
}
cylinder {
	<26.446432, 37.871967, 36.855030>,  <26.485857, 37.773670, 36.639664>, 0.100000
	pigment { color rgbt <1,0,0,0> }
	no_shadow
}
cylinder {
	<26.446432, 37.871967, 36.855030>,  <26.380722, 38.035793, 37.213978>, 0.100000
	pigment { color rgbt <1,0,0,0> }
	no_shadow
}

// particle -1
sphere {
	<26.446432, 37.871967, 36.855030> 0.100000
	pigment { color rgbt <1,0,0,0> }
	no_shadow
}
sphere {
	0, 1
	scale<0.080000,0.200000,0.300000>
	matrix <-0.329121, 0.834837, -0.441279,
		0.929889, 0.367833, 0.002344,
		0.164274, -0.409569, -0.897367,
		26.495714, 37.749096, 36.585819>
	pigment { color rgbt <0,1,1,0> }
	no_shadow
}
cylinder {
	<26.925146, 38.450634, 36.703278>,  <26.380722, 38.035793, 37.213978>, 0.130000
	pigment { color rgbt <1,0,0,0> }
	no_shadow
}

// nucleotide -1

// particle -1
sphere {
	<26.925146, 38.450634, 36.703278> 0.250000
	pigment { color rgbt <1,0,0,0> }
	no_shadow
}
cylinder {
	<26.636976, 38.255089, 36.506504>,  <26.464073, 38.137764, 36.388439>, 0.100000
	pigment { color rgbt <1,0,0,0> }
	no_shadow
}
cylinder {
	<26.636976, 38.255089, 36.506504>,  <26.925146, 38.450634, 36.703278>, 0.100000
	pigment { color rgbt <1,0,0,0> }
	no_shadow
}

// particle -1
sphere {
	<26.636976, 38.255089, 36.506504> 0.100000
	pigment { color rgbt <1,0,0,0> }
	no_shadow
}
sphere {
	0, 1
	scale<0.080000,0.200000,0.300000>
	matrix <-0.272359, 0.851763, -0.447572,
		0.637814, -0.188459, -0.746777,
		-0.720426, -0.488859, -0.491938,
		26.420849, 38.108433, 36.358921>
	pigment { color rgbt <0,1,1,0> }
	no_shadow
}
cylinder {
	<26.905273, 38.677525, 35.981712>,  <26.925146, 38.450634, 36.703278>, 0.130000
	pigment { color rgbt <1,0,0,0> }
	no_shadow
}

// nucleotide -1

// particle -1
sphere {
	<26.905273, 38.677525, 35.981712> 0.250000
	pigment { color rgbt <1,0,0,0> }
	no_shadow
}
cylinder {
	<26.536839, 38.551449, 36.073147>,  <26.315777, 38.475803, 36.128010>, 0.100000
	pigment { color rgbt <1,0,0,0> }
	no_shadow
}
cylinder {
	<26.536839, 38.551449, 36.073147>,  <26.905273, 38.677525, 35.981712>, 0.100000
	pigment { color rgbt <1,0,0,0> }
	no_shadow
}

// particle -1
sphere {
	<26.536839, 38.551449, 36.073147> 0.100000
	pigment { color rgbt <1,0,0,0> }
	no_shadow
}
sphere {
	0, 1
	scale<0.080000,0.200000,0.300000>
	matrix <-0.384453, 0.829125, -0.405891,
		-0.061597, -0.461743, -0.884872,
		-0.921087, -0.315190, 0.228590,
		26.260511, 38.456890, 36.141724>
	pigment { color rgbt <0,1,1,0> }
	no_shadow
}
cylinder {
	<26.611570, 39.119331, 35.556870>,  <26.905273, 38.677525, 35.981712>, 0.130000
	pigment { color rgbt <1,0,0,0> }
	no_shadow
}

// nucleotide -1

// particle -1
sphere {
	<26.611570, 39.119331, 35.556870> 0.250000
	pigment { color rgbt <1,0,0,0> }
	no_shadow
}
cylinder {
	<26.314972, 38.978054, 35.785061>,  <26.137012, 38.893288, 35.921974>, 0.100000
	pigment { color rgbt <1,0,0,0> }
	no_shadow
}
cylinder {
	<26.314972, 38.978054, 35.785061>,  <26.611570, 39.119331, 35.556870>, 0.100000
	pigment { color rgbt <1,0,0,0> }
	no_shadow
}

// particle -1
sphere {
	<26.314972, 38.978054, 35.785061> 0.100000
	pigment { color rgbt <1,0,0,0> }
	no_shadow
}
sphere {
	0, 1
	scale<0.080000,0.200000,0.300000>
	matrix <-0.465279, 0.883268, -0.057918,
		-0.483428, -0.308376, -0.819269,
		-0.741494, -0.353189, 0.570478,
		26.092524, 38.872097, 35.956203>
	pigment { color rgbt <0,1,1,0> }
	no_shadow
}
cylinder {
	<25.956539, 39.316879, 35.254204>,  <26.611570, 39.119331, 35.556870>, 0.130000
	pigment { color rgbt <1,0,0,0> }
	no_shadow
}

// nucleotide -1

// particle -1
sphere {
	<25.956539, 39.316879, 35.254204> 0.250000
	pigment { color rgbt <1,0,0,0> }
	no_shadow
}
cylinder {
	<25.927757, 39.287094, 35.652054>,  <25.910488, 39.269222, 35.890762>, 0.100000
	pigment { color rgbt <1,0,0,0> }
	no_shadow
}
cylinder {
	<25.927757, 39.287094, 35.652054>,  <25.956539, 39.316879, 35.254204>, 0.100000
	pigment { color rgbt <1,0,0,0> }
	no_shadow
}

// particle -1
sphere {
	<25.927757, 39.287094, 35.652054> 0.100000
	pigment { color rgbt <1,0,0,0> }
	no_shadow
}
sphere {
	0, 1
	scale<0.080000,0.200000,0.300000>
	matrix <-0.489911, 0.871263, 0.029788,
		-0.868798, -0.485134, -0.099172,
		-0.071954, -0.074465, 0.994624,
		25.906172, 39.264755, 35.950439>
	pigment { color rgbt <0,1,1,0> }
	no_shadow
}
cylinder {
	<25.666162, 39.944393, 35.628571>,  <25.956539, 39.316879, 35.254204>, 0.130000
	pigment { color rgbt <1,0,0,0> }
	no_shadow
}

// nucleotide -1

// particle -1
sphere {
	<25.666162, 39.944393, 35.628571> 0.250000
	pigment { color rgbt <1,0,0,0> }
	no_shadow
}
cylinder {
	<25.323362, 39.852264, 35.812962>,  <25.117682, 39.796986, 35.923595>, 0.100000
	pigment { color rgbt <1,0,0,0> }
	no_shadow
}
cylinder {
	<25.323362, 39.852264, 35.812962>,  <25.666162, 39.944393, 35.628571>, 0.100000
	pigment { color rgbt <1,0,0,0> }
	no_shadow
}

// particle -1
sphere {
	<25.323362, 39.852264, 35.812962> 0.100000
	pigment { color rgbt <1,0,0,0> }
	no_shadow
}
sphere {
	0, 1
	scale<0.080000,0.200000,0.300000>
	matrix <0.067568, -0.937058, -0.342573,
		0.510868, -0.262438, 0.818621,
		-0.857000, -0.230323, 0.460981,
		25.066263, 39.783169, 35.951256>
	pigment { color rgbt <0,1,1,0> }
	no_shadow
}
cylinder {
	<25.640705, 39.676060, 36.281971>,  <25.666162, 39.944393, 35.628571>, 0.130000
	pigment { color rgbt <1,0,0,0> }
	no_shadow
}

// nucleotide -1

// particle -1
sphere {
	<25.640705, 39.676060, 36.281971> 0.250000
	pigment { color rgbt <1,0,0,0> }
	no_shadow
}
cylinder {
	<25.347429, 39.527924, 36.053841>,  <25.171463, 39.439041, 35.916962>, 0.100000
	pigment { color rgbt <1,0,0,0> }
	no_shadow
}
cylinder {
	<25.347429, 39.527924, 36.053841>,  <25.640705, 39.676060, 36.281971>, 0.100000
	pigment { color rgbt <1,0,0,0> }
	no_shadow
}

// particle -1
sphere {
	<25.347429, 39.527924, 36.053841> 0.100000
	pigment { color rgbt <1,0,0,0> }
	no_shadow
}
sphere {
	0, 1
	scale<0.080000,0.200000,0.300000>
	matrix <0.379535, -0.918770, 0.108690,
		-0.564255, -0.136770, 0.814193,
		-0.733191, -0.370344, -0.570330,
		25.127472, 39.416821, 35.882740>
	pigment { color rgbt <0,1,1,0> }
	no_shadow
}
cylinder {
	<25.147608, 39.254875, 36.820011>,  <25.640705, 39.676060, 36.281971>, 0.130000
	pigment { color rgbt <1,0,0,0> }
	no_shadow
}

// nucleotide -1

// particle -1
sphere {
	<25.147608, 39.254875, 36.820011> 0.250000
	pigment { color rgbt <1,0,0,0> }
	no_shadow
}
cylinder {
	<25.247438, 39.189651, 36.438198>,  <25.307337, 39.150517, 36.209110>, 0.100000
	pigment { color rgbt <1,0,0,0> }
	no_shadow
}
cylinder {
	<25.247438, 39.189651, 36.438198>,  <25.147608, 39.254875, 36.820011>, 0.100000
	pigment { color rgbt <1,0,0,0> }
	no_shadow
}

// particle -1
sphere {
	<25.247438, 39.189651, 36.438198> 0.100000
	pigment { color rgbt <1,0,0,0> }
	no_shadow
}
sphere {
	0, 1
	scale<0.080000,0.200000,0.300000>
	matrix <0.400431, -0.880117, 0.255048,
