// switches for output
#declare DRAW_BASES = 1; // possible values are 0, 1; only relevant for DNA ribbons
#declare DRAW_BASES_TYPE = 3; // possible values are 1, 2, 3; only relevant for DNA ribbons
#declare DRAW_FOG = 0; // set to 1 to enable fog

#include "colors.inc"

#include "transforms.inc"
background { rgb <1, 1, 1>}

#default {
   normal{
       ripples 0.25
       frequency 0.20
       turbulence 0.2
       lambda 5
   }
	finish {
		phong 0.1
		phong_size 40.
	}
}

// original window dimensions: 1024x640


// camera settings

camera {
	sky <0, 0.179814, -0.983701>
	up <0, 0.179814, -0.983701>
	right 1.6 * <1, 0, 0>
	location <35, 94.9851, 44.8844>
	look_at <35, 29.7336, 32.9568>
	direction <0, -65.2515, -11.9276>
	angle 67.0682
}


# declare cpy_camera_pos = <35, 94.9851, 44.8844>;
# if (DRAW_FOG = 1)
fog {
	fog_type 2
	up vnormalize(cpy_camera_pos)
	color rgbt<1,1,1,0.3>
	distance 1e-5
	fog_alt 3e-3
	fog_offset 56
}
# end


// LIGHTS

# declare lum = 6;
global_settings {
	ambient_light rgb lum * <0.05, 0.05, 0.05>
	max_trace_level 15
}# declare cpy_direct_light_amount = 0.25;
light_source
{	1000 * <-1, -1.16352, -0.803886>,
	rgb lum * cpy_direct_light_amount
	parallel
}

light_source
{	1000 * <1, 1.16352, 0.803886>,
	rgb lum * cpy_direct_light_amount
	parallel
}

// strand 0

// nucleotide -1

// particle -1
sphere {
	<24.417587, 35.057827, 35.228867> 0.250000
	pigment { color rgbt <1,0,0,0> }
	no_shadow
}
cylinder {
	<24.149714, 35.020626, 34.934147>,  <23.988989, 34.998306, 34.757317>, 0.100000
	pigment { color rgbt <1,0,0,0> }
	no_shadow
}
cylinder {
	<24.149714, 35.020626, 34.934147>,  <24.417587, 35.057827, 35.228867>, 0.100000
	pigment { color rgbt <1,0,0,0> }
	no_shadow
}

// particle -1
sphere {
	<24.149714, 35.020626, 34.934147> 0.100000
	pigment { color rgbt <1,0,0,0> }
	no_shadow
}
sphere {
	0, 1
	scale<0.080000,0.200000,0.300000>
	matrix <-0.137123, -0.959583, 0.245759,
		-0.729878, 0.265613, 0.629864,
		-0.669683, -0.093005, -0.736800,
		23.948809, 34.992725, 34.713108>
	pigment { color rgbt <0,1,1,0> }
	no_shadow
}
cylinder {
	<24.955917, 35.166946, 35.737930>,  <24.417587, 35.057827, 35.228867>, 0.130000
	pigment { color rgbt <1,0,0,0> }
	no_shadow
}

// nucleotide -1

// particle -1
sphere {
	<24.955917, 35.166946, 35.737930> 0.250000
	pigment { color rgbt <1,0,0,0> }
	no_shadow
}
cylinder {
	<25.180321, 34.847652, 35.650215>,  <25.314962, 34.656075, 35.597588>, 0.100000
	pigment { color rgbt <1,0,0,0> }
	no_shadow
}
cylinder {
	<25.180321, 34.847652, 35.650215>,  <24.955917, 35.166946, 35.737930>, 0.100000
	pigment { color rgbt <1,0,0,0> }
	no_shadow
}

// particle -1
sphere {
	<25.180321, 34.847652, 35.650215> 0.100000
	pigment { color rgbt <1,0,0,0> }
	no_shadow
}
sphere {
	0, 1
	scale<0.080000,0.200000,0.300000>
	matrix <0.428539, 0.053401, 0.901944,
		-0.708256, -0.599970, 0.372035,
		0.561006, -0.798238, -0.219289,
		25.348623, 34.608181, 35.584427>
	pigment { color rgbt <0,1,1,0> }
	no_shadow
}
cylinder {
	<24.781363, 34.545116, 36.093704>,  <24.955917, 35.166946, 35.737930>, 0.130000
	pigment { color rgbt <1,0,0,0> }
	no_shadow
}

// nucleotide -1

// particle -1
sphere {
	<24.781363, 34.545116, 36.093704> 0.250000
	pigment { color rgbt <1,0,0,0> }
	no_shadow
}
cylinder {
	<25.177561, 34.540668, 36.038868>,  <25.415279, 34.538002, 36.005966>, 0.100000
	pigment { color rgbt <1,0,0,0> }
	no_shadow
}
cylinder {
	<25.177561, 34.540668, 36.038868>,  <24.781363, 34.545116, 36.093704>, 0.100000
	pigment { color rgbt <1,0,0,0> }
	no_shadow
}

// particle -1
sphere {
	<25.177561, 34.540668, 36.038868> 0.100000
	pigment { color rgbt <1,0,0,0> }
	no_shadow
}
sphere {
	0, 1
	scale<0.080000,0.200000,0.300000>
	matrix <0.134182, -0.140696, 0.980918,
		-0.030190, -0.989991, -0.137868,
		0.990496, -0.011114, -0.137087,
		25.474710, 34.537334, 35.997742>
	pigment { color rgbt <0,1,1,0> }
	no_shadow
}
cylinder {
	<24.982353, 34.132721, 36.602520>,  <24.781363, 34.545116, 36.093704>, 0.130000
	pigment { color rgbt <1,0,0,0> }
	no_shadow
}

// nucleotide -1

// particle -1
sphere {
	<24.982353, 34.132721, 36.602520> 0.250000
	pigment { color rgbt <1,0,0,0> }
	no_shadow
}
cylinder {
	<25.323704, 34.307190, 36.488327>,  <25.528515, 34.411873, 36.419811>, 0.100000
	pigment { color rgbt <1,0,0,0> }
	no_shadow
}
cylinder {
	<25.323704, 34.307190, 36.488327>,  <24.982353, 34.132721, 36.602520>, 0.100000
	pigment { color rgbt <1,0,0,0> }
	no_shadow
}

// particle -1
sphere {
	<25.323704, 34.307190, 36.488327> 0.100000
	pigment { color rgbt <1,0,0,0> }
	no_shadow
}
sphere {
	0, 1
	scale<0.080000,0.200000,0.300000>
	matrix <0.304743, 0.026897, 0.952055,
		0.422943, -0.899459, -0.109968,
		0.853376, 0.436177, -0.285480,
		25.579716, 34.438042, 36.402683>
	pigment { color rgbt <0,1,1,0> }
	no_shadow
}
cylinder {
	<25.659897, 33.724319, 36.897934>,  <24.982353, 34.132721, 36.602520>, 0.130000
	pigment { color rgbt <1,0,0,0> }
	no_shadow
}

// nucleotide -1

// particle -1
sphere {
	<25.659897, 33.724319, 36.897934> 0.250000
	pigment { color rgbt <1,0,0,0> }
	no_shadow
}
cylinder {
	<25.714188, 34.117233, 36.846237>,  <25.746761, 34.352982, 36.815220>, 0.100000
	pigment { color rgbt <1,0,0,0> }
	no_shadow
}
cylinder {
	<25.714188, 34.117233, 36.846237>,  <25.659897, 33.724319, 36.897934>, 0.100000
	pigment { color rgbt <1,0,0,0> }
	no_shadow
}

// particle -1
sphere {
	<25.714188, 34.117233, 36.846237> 0.100000
	pigment { color rgbt <1,0,0,0> }
	no_shadow
}
sphere {
	0, 1
	scale<0.080000,0.200000,0.300000>
	matrix <0.413414, 0.062401, 0.908403,
		0.900371, -0.176725, -0.397618,
		0.135725, 0.982280, -0.129245,
		25.754906, 34.411919, 36.807465>
	pigment { color rgbt <0,1,1,0> }
	no_shadow
}
cylinder {
	<26.406107, 33.952785, 36.955639>,  <25.659897, 33.724319, 36.897934>, 0.130000
	pigment { color rgbt <1,0,0,0> }
	no_shadow
}

// nucleotide -1

// particle -1
sphere {
	<26.406107, 33.952785, 36.955639> 0.250000
	pigment { color rgbt <1,0,0,0> }
	no_shadow
}
cylinder {
	<26.156889, 34.245770, 37.065418>,  <26.007359, 34.421558, 37.131287>, 0.100000
	pigment { color rgbt <1,0,0,0> }
	no_shadow
}
cylinder {
	<26.156889, 34.245770, 37.065418>,  <26.406107, 33.952785, 36.955639>, 0.100000
	pigment { color rgbt <1,0,0,0> }
	no_shadow
}

// particle -1
sphere {
	<26.156889, 34.245770, 37.065418> 0.100000
	pigment { color rgbt <1,0,0,0> }
	no_shadow
}
sphere {
	0, 1
	scale<0.080000,0.200000,0.300000>
	matrix <0.394781, -0.008438, 0.918737,
		0.675251, 0.680761, -0.283903,
		-0.623044, 0.732457, 0.274449,
		25.969976, 34.465508, 37.147755>
	pigment { color rgbt <0,1,1,0> }
	no_shadow
}
cylinder {
	<26.821846, 34.556667, 37.282227>,  <26.406107, 33.952785, 36.955639>, 0.130000
	pigment { color rgbt <1,0,0,0> }
	no_shadow
}

// nucleotide -1

// particle -1
sphere {
	<26.821846, 34.556667, 37.282227> 0.250000
	pigment { color rgbt <1,0,0,0> }
	no_shadow
}
cylinder {
	<26.455957, 34.560509, 37.443817>,  <26.236425, 34.562813, 37.540771>, 0.100000
	pigment { color rgbt <1,0,0,0> }
	no_shadow
}
cylinder {
	<26.455957, 34.560509, 37.443817>,  <26.821846, 34.556667, 37.282227>, 0.100000
	pigment { color rgbt <1,0,0,0> }
	no_shadow
}

// particle -1
sphere {
	<26.455957, 34.560509, 37.443817> 0.100000
	pigment { color rgbt <1,0,0,0> }
	no_shadow
}
sphere {
	0, 1
	scale<0.080000,0.200000,0.300000>
	matrix <0.401003, -0.101724, 0.910411,
		0.049836, 0.994766, 0.089199,
		-0.914720, 0.009602, 0.403973,
		26.181541, 34.563389, 37.565010>
	pigment { color rgbt <0,1,1,0> }
	no_shadow
}
cylinder {
	<26.747938, 34.994877, 37.869732>,  <26.821846, 34.556667, 37.282227>, 0.130000
	pigment { color rgbt <1,0,0,0> }
	no_shadow
}

// nucleotide -1

// particle -1
sphere {
	<26.747938, 34.994877, 37.869732> 0.250000
	pigment { color rgbt <1,0,0,0> }
	no_shadow
}
cylinder {
	<26.497484, 34.685097, 37.905910>,  <26.347212, 34.499229, 37.927616>, 0.100000
	pigment { color rgbt <1,0,0,0> }
	no_shadow
}
cylinder {
	<26.497484, 34.685097, 37.905910>,  <26.747938, 34.994877, 37.869732>, 0.100000
	pigment { color rgbt <1,0,0,0> }
	no_shadow
}

// particle -1
sphere {
	<26.497484, 34.685097, 37.905910> 0.100000
	pigment { color rgbt <1,0,0,0> }
	no_shadow
}
sphere {
	0, 1
	scale<0.080000,0.200000,0.300000>
	matrix <0.426308, -0.242904, 0.871354,
		-0.652850, 0.584145, 0.482246,
		-0.626137, -0.774449, 0.090446,
		26.309643, 34.452763, 37.933044>
	pigment { color rgbt <0,1,1,0> }
	no_shadow
}
cylinder {
	<26.552311, 34.996559, 38.539135>,  <26.747938, 34.994877, 37.869732>, 0.130000
	pigment { color rgbt <1,0,0,0> }
	no_shadow
}

// nucleotide -1

// particle -1
sphere {
	<26.552311, 34.996559, 38.539135> 0.250000
	pigment { color rgbt <1,0,0,0> }
	no_shadow
}
cylinder {
	<26.496241, 34.625214, 38.401447>,  <26.462599, 34.402405, 38.318836>, 0.100000
	pigment { color rgbt <1,0,0,0> }
	no_shadow
}
cylinder {
	<26.496241, 34.625214, 38.401447>,  <26.552311, 34.996559, 38.539135>, 0.100000
	pigment { color rgbt <1,0,0,0> }
	no_shadow
}

// particle -1
sphere {
	<26.496241, 34.625214, 38.401447> 0.100000
	pigment { color rgbt <1,0,0,0> }
	no_shadow
}
sphere {
	0, 1
	scale<0.080000,0.200000,0.300000>
	matrix <0.376297, -0.371516, 0.848750,
		-0.915833, -0.010553, 0.401419,
		-0.140177, -0.928366, -0.344218,
		26.454187, 34.346703, 38.298183>
	pigment { color rgbt <0,1,1,0> }
	no_shadow
}
cylinder {
	<26.106453, 34.650002, 39.078835>,  <26.552311, 34.996559, 38.539135>, 0.130000
	pigment { color rgbt <1,0,0,0> }
	no_shadow
}

// nucleotide -1

// particle -1
sphere {
	<26.106453, 34.650002, 39.078835> 0.250000
	pigment { color rgbt <1,0,0,0> }
	no_shadow
}
cylinder {
	<26.310619, 34.376537, 38.870186>,  <26.433119, 34.212460, 38.744995>, 0.100000
	pigment { color rgbt <1,0,0,0> }
	no_shadow
}
cylinder {
	<26.310619, 34.376537, 38.870186>,  <26.106453, 34.650002, 39.078835>, 0.100000
	pigment { color rgbt <1,0,0,0> }
	no_shadow
}

// particle -1
sphere {
	<26.310619, 34.376537, 38.870186> 0.100000
	pigment { color rgbt <1,0,0,0> }
	no_shadow
}
sphere {
	0, 1
	scale<0.080000,0.200000,0.300000>
	matrix <0.377476, -0.366894, 0.850236,
		-0.772649, -0.630874, 0.070796,
		0.510417, -0.683657, -0.521620,
		26.463745, 34.171440, 38.713699>
	pigment { color rgbt <0,1,1,0> }
	no_shadow
}
cylinder {
	<25.929249, 33.982845, 39.341805>,  <26.106453, 34.650002, 39.078835>, 0.130000
	pigment { color rgbt <1,0,0,0> }
	no_shadow
}

// nucleotide -1

// particle -1
sphere {
	<25.929249, 33.982845, 39.341805> 0.250000
	pigment { color rgbt <1,0,0,0> }
	no_shadow
}
cylinder {
	<26.277962, 33.921333, 39.155750>,  <26.487188, 33.884426, 39.044117>, 0.100000
	pigment { color rgbt <1,0,0,0> }
	no_shadow
}
cylinder {
	<26.277962, 33.921333, 39.155750>,  <25.929249, 33.982845, 39.341805>, 0.100000
	pigment { color rgbt <1,0,0,0> }
	no_shadow
}

// particle -1
sphere {
	<26.277962, 33.921333, 39.155750> 0.100000
	pigment { color rgbt <1,0,0,0> }
	no_shadow
}
sphere {
	0, 1
	scale<0.080000,0.200000,0.300000>
	matrix <0.423737, -0.239800, 0.873466,
		-0.245904, -0.958558, -0.143867,
		0.871767, -0.153827, -0.465145,
		26.539495, 33.875202, 39.016209>
	pigment { color rgbt <0,1,1,0> }
	no_shadow
}
cylinder {
	<26.308615, 33.299274, 39.531384>,  <25.929249, 33.982845, 39.341805>, 0.130000
	pigment { color rgbt <1,0,0,0> }
	no_shadow
}

// nucleotide -1

// particle -1
sphere {
	<26.308615, 33.299274, 39.531384> 0.250000
	pigment { color rgbt <1,0,0,0> }
	no_shadow
}
cylinder {
	<26.592808, 33.550922, 39.405254>,  <26.763323, 33.701912, 39.329578>, 0.100000
	pigment { color rgbt <1,0,0,0> }
	no_shadow
}
cylinder {
	<26.592808, 33.550922, 39.405254>,  <26.308615, 33.299274, 39.531384>, 0.100000
	pigment { color rgbt <1,0,0,0> }
	no_shadow
}

// particle -1
sphere {
	<26.592808, 33.550922, 39.405254> 0.100000
	pigment { color rgbt <1,0,0,0> }
	no_shadow
}
sphere {
	0, 1
	scale<0.080000,0.200000,0.300000>
	matrix <0.434956, -0.040341, 0.899548,
		0.553200, -0.776263, -0.302300,
		0.710480, 0.629117, -0.315324,
		26.805952, 33.739658, 39.310658>
	pigment { color rgbt <0,1,1,0> }
	no_shadow
}
cylinder {
	<26.945541, 32.948730, 39.567936>,  <26.308615, 33.299274, 39.531384>, 0.130000
	pigment { color rgbt <1,0,0,0> }
	no_shadow
}

// nucleotide -1

// particle -1
sphere {
	<26.945541, 32.948730, 39.567936> 0.250000
	pigment { color rgbt <1,0,0,0> }
	no_shadow
}
cylinder {
	<26.988668, 33.344807, 39.603477>,  <27.014545, 33.582455, 39.624802>, 0.100000
	pigment { color rgbt <1,0,0,0> }
	no_shadow
}
cylinder {
	<26.988668, 33.344807, 39.603477>,  <26.945541, 32.948730, 39.567936>, 0.100000
	pigment { color rgbt <1,0,0,0> }
	no_shadow
}

// particle -1
sphere {
	<26.988668, 33.344807, 39.603477> 0.100000
	pigment { color rgbt <1,0,0,0> }
	no_shadow
}
sphere {
	0, 1
	scale<0.080000,0.200000,0.300000>
	matrix <0.413956, -0.125971, 0.901539,
		0.903889, -0.060422, -0.423478,
		0.107819, 0.990192, 0.088852,
		27.021013, 33.641865, 39.630135>
	pigment { color rgbt <0,1,1,0> }
	no_shadow
}
cylinder {
	<27.565413, 33.477180, 39.568554>,  <26.945541, 32.948730, 39.567936>, 0.130000
	pigment { color rgbt <1,0,0,0> }
	no_shadow
}

// nucleotide -1

// particle -1
sphere {
	<27.565413, 33.477180, 39.568554> 0.250000
	pigment { color rgbt <1,0,0,0> }
	no_shadow
}
cylinder {
	<27.343172, 33.715080, 39.800961>,  <27.209827, 33.857819, 39.940407>, 0.100000
	pigment { color rgbt <1,0,0,0> }
	no_shadow
}
cylinder {
	<27.343172, 33.715080, 39.800961>,  <27.565413, 33.477180, 39.568554>, 0.100000
	pigment { color rgbt <1,0,0,0> }
	no_shadow
}

// particle -1
sphere {
	<27.343172, 33.715080, 39.800961> 0.100000
	pigment { color rgbt <1,0,0,0> }
	no_shadow
}
sphere {
	0, 1
	scale<0.080000,0.200000,0.300000>
	matrix <0.747149, 0.663732, 0.035052,
		-0.364794, 0.453582, -0.813135,
		-0.555602, 0.594746, 0.581019,
		27.176491, 33.893505, 39.975266>
	pigment { color rgbt <0,1,1,0> }
	no_shadow
}
cylinder {
	<27.415833, 34.252022, 39.380402>,  <27.565413, 33.477180, 39.568554>, 0.130000
	pigment { color rgbt <1,0,0,0> }
	no_shadow
}

// nucleotide -1

// particle -1
sphere {
	<27.415833, 34.252022, 39.380402> 0.250000
	pigment { color rgbt <1,0,0,0> }
	no_shadow
}
cylinder {
	<27.436024, 34.196072, 39.775955>,  <27.448137, 34.162502, 40.013287>, 0.100000
	pigment { color rgbt <1,0,0,0> }
	no_shadow
}
cylinder {
	<27.436024, 34.196072, 39.775955>,  <27.415833, 34.252022, 39.380402>, 0.100000
	pigment { color rgbt <1,0,0,0> }
	no_shadow
}

// particle -1
sphere {
	<27.436024, 34.196072, 39.775955> 0.100000
	pigment { color rgbt <1,0,0,0> }
	no_shadow
}
sphere {
	0, 1
	scale<0.080000,0.200000,0.300000>
	matrix <0.772470, 0.633071, 0.050117,
		-0.633042, 0.761352, 0.140005,
		0.050476, -0.139876, 0.988882,
		27.451166, 34.154110, 40.072620>
	pigment { color rgbt <0,1,1,0> }
	no_shadow
}
cylinder {
	<27.741459, 34.221630, 38.669754>,  <27.415833, 34.252022, 39.380402>, 0.130000
	pigment { color rgbt <1,0,0,0> }
	no_shadow
}

// nucleotide -1

// particle -1
sphere {
	<27.741459, 34.221630, 38.669754> 0.250000
	pigment { color rgbt <1,0,0,0> }
	no_shadow
}
cylinder {
	<27.521364, 33.911221, 38.793056>,  <27.389307, 33.724976, 38.867039>, 0.100000
	pigment { color rgbt <1,0,0,0> }
	no_shadow
}
cylinder {
	<27.521364, 33.911221, 38.793056>,  <27.741459, 34.221630, 38.669754>, 0.100000
	pigment { color rgbt <1,0,0,0> }
	no_shadow
}

// particle -1
sphere {
	<27.521364, 33.911221, 38.793056> 0.100000
	pigment { color rgbt <1,0,0,0> }
	no_shadow
}
sphere {
	0, 1
	scale<0.080000,0.200000,0.300000>
	matrix <-0.633862, 0.147872, -0.759179,
		0.543560, -0.613122, -0.573258,
		-0.550238, -0.776025, 0.308257,
		27.356293, 33.678413, 38.885532>
	pigment { color rgbt <0,1,1,0> }
	no_shadow
}
cylinder {
	<27.604523, 33.613445, 38.194206>,  <27.741459, 34.221630, 38.669754>, 0.130000
	pigment { color rgbt <1,0,0,0> }
	no_shadow
}

// nucleotide -1

// particle -1
sphere {
	<27.604523, 33.613445, 38.194206> 0.250000
	pigment { color rgbt <1,0,0,0> }
	no_shadow
}
cylinder {
	<27.298027, 33.677547, 38.443104>,  <27.114130, 33.716011, 38.592445>, 0.100000
	pigment { color rgbt <1,0,0,0> }
	no_shadow
}
cylinder {
	<27.298027, 33.677547, 38.443104>,  <27.604523, 33.613445, 38.194206>, 0.100000
	pigment { color rgbt <1,0,0,0> }
	no_shadow
}

// particle -1
sphere {
	<27.298027, 33.677547, 38.443104> 0.100000
	pigment { color rgbt <1,0,0,0> }
	no_shadow
}
sphere {
	0, 1
	scale<0.080000,0.200000,0.300000>
	matrix <-0.611678, 0.114659, -0.782754,
		-0.196790, -0.980393, 0.010172,
		-0.766239, 0.160260, 0.622248,
		27.068155, 33.725624, 38.629780>
	pigment { color rgbt <0,1,1,0> }
	no_shadow
}
cylinder {
	<27.013460, 33.145424, 38.044556>,  <27.604523, 33.613445, 38.194206>, 0.130000
	pigment { color rgbt <1,0,0,0> }
	no_shadow
}

// nucleotide -1

// particle -1
sphere {
	<27.013460, 33.145424, 38.044556> 0.250000
	pigment { color rgbt <1,0,0,0> }
	no_shadow
}
cylinder {
	<26.850307, 33.463223, 38.224514>,  <26.752417, 33.653904, 38.332489>, 0.100000
	pigment { color rgbt <1,0,0,0> }
	no_shadow
}
cylinder {
	<26.850307, 33.463223, 38.224514>,  <27.013460, 33.145424, 38.044556>, 0.100000
	pigment { color rgbt <1,0,0,0> }
	no_shadow
}

// particle -1
sphere {
	<26.850307, 33.463223, 38.224514> 0.100000
	pigment { color rgbt <1,0,0,0> }
	no_shadow
}
sphere {
	0, 1
	scale<0.080000,0.200000,0.300000>
	matrix <-0.541467, 0.186260, -0.819830,
		-0.735151, -0.577995, 0.354224,
		-0.407879, 0.794499, 0.449895,
		26.727943, 33.701572, 38.359482>
	pigment { color rgbt <0,1,1,0> }
	no_shadow
}
cylinder {
	<26.371840, 33.141346, 37.799870>,  <27.013460, 33.145424, 38.044556>, 0.130000
	pigment { color rgbt <1,0,0,0> }
	no_shadow
}

// nucleotide -1

// particle -1
sphere {
	<26.371840, 33.141346, 37.799870> 0.250000
	pigment { color rgbt <1,0,0,0> }
	no_shadow
}
cylinder {
	<26.407505, 33.504944, 37.962734>,  <26.428905, 33.723103, 38.060452>, 0.100000
	pigment { color rgbt <1,0,0,0> }
	no_shadow
}
cylinder {
	<26.407505, 33.504944, 37.962734>,  <26.371840, 33.141346, 37.799870>, 0.100000
	pigment { color rgbt <1,0,0,0> }
	no_shadow
}

// particle -1
sphere {
	<26.407505, 33.504944, 37.962734> 0.100000
	pigment { color rgbt <1,0,0,0> }
	no_shadow
}
sphere {
	0, 1
	scale<0.080000,0.200000,0.300000>
	matrix <-0.530654, 0.389293, -0.752899,
		-0.842885, -0.148927, 0.517074,
		0.089166, 0.908995, 0.407158,
		26.434256, 33.777641, 38.084881>
	pigment { color rgbt <0,1,1,0> }
	no_shadow
}
cylinder {
	<25.726748, 33.432278, 37.805862>,  <26.371840, 33.141346, 37.799870>, 0.130000
	pigment { color rgbt <1,0,0,0> }
	no_shadow
}

// nucleotide -1

// particle -1
sphere {
	<25.726748, 33.432278, 37.805862> 0.250000
	pigment { color rgbt <1,0,0,0> }
	no_shadow
}
cylinder {
	<25.981552, 33.739799, 37.783367>,  <26.134436, 33.924313, 37.769871>, 0.100000
	pigment { color rgbt <1,0,0,0> }
	no_shadow
}
cylinder {
	<25.981552, 33.739799, 37.783367>,  <25.726748, 33.432278, 37.805862>, 0.100000
	pigment { color rgbt <1,0,0,0> }
	no_shadow
}

// particle -1
sphere {
	<25.981552, 33.739799, 37.783367> 0.100000
	pigment { color rgbt <1,0,0,0> }
	no_shadow
}
sphere {
	0, 1
	scale<0.080000,0.200000,0.300000>
	matrix <-0.545256, 0.397813, -0.737862,
		-0.544897, 0.500690, 0.672604,
		0.637011, 0.768800, -0.056237,
		26.172655, 33.970440, 37.766495>
	pigment { color rgbt <0,1,1,0> }
	no_shadow
}
cylinder {
	<25.545986, 34.055916, 38.183498>,  <25.726748, 33.432278, 37.805862>, 0.130000
	pigment { color rgbt <1,0,0,0> }
	no_shadow
}

// nucleotide -1

// particle -1
sphere {
	<25.545986, 34.055916, 38.183498> 0.250000
	pigment { color rgbt <1,0,0,0> }
	no_shadow
}
cylinder {
	<25.648722, 34.437557, 38.245110>,  <25.710363, 34.666542, 38.282078>, 0.100000
	pigment { color rgbt <1,0,0,0> }
	no_shadow
}
cylinder {
	<25.648722, 34.437557, 38.245110>,  <25.545986, 34.055916, 38.183498>, 0.100000
	pigment { color rgbt <1,0,0,0> }
	no_shadow
}

// particle -1
sphere {
	<25.648722, 34.437557, 38.245110> 0.100000
	pigment { color rgbt <1,0,0,0> }
	no_shadow
}
sphere {
	0, 1
	scale<0.080000,0.200000,0.300000>
	matrix <0.088727, 0.135425, -0.986807,
		-0.962373, 0.267115, -0.049872,
		0.256837, 0.954102, 0.154030,
		25.725773, 34.723789, 38.291317>
	pigment { color rgbt <0,1,1,0> }
	no_shadow
}
cylinder {
	<25.228275, 34.490631, 37.756031>,  <25.545986, 34.055916, 38.183498>, 0.130000
	pigment { color rgbt <1,0,0,0> }
	no_shadow
}

// nucleotide -1

// particle -1
sphere {
	<25.228275, 34.490631, 37.756031> 0.250000
	pigment { color rgbt <1,0,0,0> }
	no_shadow
}
cylinder {
	<25.563936, 34.685955, 37.851849>,  <25.765333, 34.803150, 37.909340>, 0.100000
	pigment { color rgbt <1,0,0,0> }
	no_shadow
}
cylinder {
	<25.563936, 34.685955, 37.851849>,  <25.228275, 34.490631, 37.756031>, 0.100000
	pigment { color rgbt <1,0,0,0> }
	no_shadow
}

// particle -1
sphere {
	<25.563936, 34.685955, 37.851849> 0.100000
	pigment { color rgbt <1,0,0,0> }
	no_shadow
}
sphere {
	0, 1
	scale<0.080000,0.200000,0.300000>
	matrix <0.178126, 0.169392, -0.969318,
		-0.513905, 0.856072, 0.055165,
		0.839150, 0.488311, 0.239540,
		25.815681, 34.832447, 37.923710>
	pigment { color rgbt <0,1,1,0> }
	no_shadow
}
cylinder {
	<25.268345, 35.245308, 37.420162>,  <25.228275, 34.490631, 37.756031>, 0.130000
	pigment { color rgbt <1,0,0,0> }
	no_shadow
}

// nucleotide -1

// particle -1
sphere {
	<25.268345, 35.245308, 37.420162> 0.250000
	pigment { color rgbt <1,0,0,0> }
	no_shadow
}
cylinder {
	<25.626228, 35.083527, 37.495972>,  <25.840958, 34.986458, 37.541458>, 0.100000
	pigment { color rgbt <1,0,0,0> }
	no_shadow
}
cylinder {
	<25.626228, 35.083527, 37.495972>,  <25.268345, 35.245308, 37.420162>, 0.100000
	pigment { color rgbt <1,0,0,0> }
	no_shadow
}

// particle -1
sphere {
	<25.626228, 35.083527, 37.495972> 0.100000
	pigment { color rgbt <1,0,0,0> }
	no_shadow
}
sphere {
	0, 1
	scale<0.080000,0.200000,0.300000>
	matrix <0.156737, -0.113031, -0.981151,
		0.418250, 0.907548, -0.037737,
		0.894707, -0.404452, 0.189522,
		25.894640, 34.962193, 37.552830>
	pigment { color rgbt <0,1,1,0> }
	no_shadow
}
cylinder {
	<25.867695, 35.635712, 37.034050>,  <25.268345, 35.245308, 37.420162>, 0.130000
	pigment { color rgbt <1,0,0,0> }
	no_shadow
}

// nucleotide -1

// particle -1
sphere {
	<25.867695, 35.635712, 37.034050> 0.250000
	pigment { color rgbt <1,0,0,0> }
	no_shadow
}
cylinder {
	<25.944868, 35.247849, 37.094101>,  <25.991173, 35.015129, 37.130131>, 0.100000
	pigment { color rgbt <1,0,0,0> }
	no_shadow
}
cylinder {
	<25.944868, 35.247849, 37.094101>,  <25.867695, 35.635712, 37.034050>, 0.100000
	pigment { color rgbt <1,0,0,0> }
	no_shadow
}

// particle -1
sphere {
	<25.944868, 35.247849, 37.094101> 0.100000
	pigment { color rgbt <1,0,0,0> }
	no_shadow
}
sphere {
	0, 1
	scale<0.080000,0.200000,0.300000>
	matrix <0.069850, -0.139042, -0.987820,
		0.978722, 0.201071, 0.040905,
		0.192935, -0.969659, 0.150128,
		26.002748, 34.956951, 37.139141>
	pigment { color rgbt <0,1,1,0> }
	no_shadow
}
cylinder {
	<26.338926, 35.534042, 36.518459>,  <25.867695, 35.635712, 37.034050>, 0.130000
	pigment { color rgbt <1,0,0,0> }
	no_shadow
}

// nucleotide -1

// particle -1
sphere {
	<26.338926, 35.534042, 36.518459> 0.250000
	pigment { color rgbt <1,0,0,0> }
	no_shadow
}
cylinder {
	<26.183590, 35.178329, 36.615101>,  <26.090389, 34.964901, 36.673088>, 0.100000
	pigment { color rgbt <1,0,0,0> }
	no_shadow
}
cylinder {
	<26.183590, 35.178329, 36.615101>,  <26.338926, 35.534042, 36.518459>, 0.100000
	pigment { color rgbt <1,0,0,0> }
	no_shadow
}

// particle -1
sphere {
	<26.183590, 35.178329, 36.615101> 0.100000
	pigment { color rgbt <1,0,0,0> }
	no_shadow
}
sphere {
	0, 1
	scale<0.080000,0.200000,0.300000>
	matrix <-0.008158, -0.258857, -0.965881,
		0.921480, -0.377061, 0.093269,
		-0.388340, -0.889279, 0.241608,
		26.067087, 34.911545, 36.687584>
	pigment { color rgbt <0,1,1,0> }
	no_shadow
}
cylinder {
	<26.744299, 35.013042, 36.205505>,  <26.338926, 35.534042, 36.518459>, 0.130000
	pigment { color rgbt <1,0,0,0> }
	no_shadow
}

// nucleotide -1

// particle -1
sphere {
	<26.744299, 35.013042, 36.205505> 0.250000
	pigment { color rgbt <1,0,0,0> }
	no_shadow
}
cylinder {
	<26.387196, 34.836960, 36.243874>,  <26.172934, 34.731312, 36.266895>, 0.100000
	pigment { color rgbt <1,0,0,0> }
	no_shadow
}
cylinder {
	<26.387196, 34.836960, 36.243874>,  <26.744299, 35.013042, 36.205505>, 0.100000
	pigment { color rgbt <1,0,0,0> }
	no_shadow
}

// particle -1
sphere {
	<26.387196, 34.836960, 36.243874> 0.100000
	pigment { color rgbt <1,0,0,0> }
	no_shadow
}
sphere {
	0, 1
	scale<0.080000,0.200000,0.300000>
	matrix <-0.025000, -0.164173, -0.986115,
		0.449841, -0.882760, 0.135561,
		-0.892759, -0.440206, 0.095921,
		26.119368, 34.704899, 36.272652>
	pigment { color rgbt <0,1,1,0> }
	no_shadow
}
cylinder {
	<26.825693, 34.457088, 35.828987>,  <26.744299, 35.013042, 36.205505>, 0.130000
	pigment { color rgbt <1,0,0,0> }
	no_shadow
}

// nucleotide -1

// particle -1
sphere {
	<26.825693, 34.457088, 35.828987> 0.250000
	pigment { color rgbt <1,0,0,0> }
	no_shadow
}
cylinder {
	<26.429632, 34.485672, 35.877136>,  <26.191996, 34.502823, 35.906025>, 0.100000
	pigment { color rgbt <1,0,0,0> }
	no_shadow
}
cylinder {
	<26.429632, 34.485672, 35.877136>,  <26.825693, 34.457088, 35.828987>, 0.100000
	pigment { color rgbt <1,0,0,0> }
	no_shadow
}

// particle -1
sphere {
	<26.429632, 34.485672, 35.877136> 0.100000
	pigment { color rgbt <1,0,0,0> }
	no_shadow
}
sphere {
	0, 1
	scale<0.080000,0.200000,0.300000>
	matrix <-0.110262, 0.131656, -0.985144,
		-0.086248, -0.988716, -0.122480,
		-0.990153, 0.071462, 0.120373,
		26.132586, 34.507111, 35.913250>
	pigment { color rgbt <0,1,1,0> }
	no_shadow
}
cylinder {
	<26.359657, 33.985989, 35.448761>,  <26.825693, 34.457088, 35.828987>, 0.130000
	pigment { color rgbt <1,0,0,0> }
	no_shadow
}

// nucleotide -1

// particle -1
sphere {
	<26.359657, 33.985989, 35.448761> 0.250000
	pigment { color rgbt <1,0,0,0> }
	no_shadow
}
cylinder {
	<26.130110, 34.312626, 35.473587>,  <25.992380, 34.508606, 35.488483>, 0.100000
	pigment { color rgbt <1,0,0,0> }
	no_shadow
}
cylinder {
	<26.130110, 34.312626, 35.473587>,  <26.359657, 33.985989, 35.448761>, 0.100000
	pigment { color rgbt <1,0,0,0> }
	no_shadow
}

// particle -1
sphere {
	<26.130110, 34.312626, 35.473587> 0.100000
	pigment { color rgbt <1,0,0,0> }
	no_shadow
}
sphere {
	0, 1
	scale<0.080000,0.200000,0.300000>
	matrix <0.033568, 0.099175, -0.994504,
		-0.818258, -0.568633, -0.084324,
		-0.573870, 0.816591, 0.062063,
		25.957949, 34.557602, 35.492207>
	pigment { color rgbt <0,1,1,0> }
	no_shadow
}
cylinder {
	<25.724087, 33.928772, 35.071785>,  <26.359657, 33.985989, 35.448761>, 0.130000
	pigment { color rgbt <1,0,0,0> }
	no_shadow
}

// nucleotide -1

// particle -1
sphere {
	<25.724087, 33.928772, 35.071785> 0.250000
	pigment { color rgbt <1,0,0,0> }
	no_shadow
}
cylinder {
	<25.811150, 34.319183, 35.071846>,  <25.863388, 34.553429, 35.071880>, 0.100000
	pigment { color rgbt <1,0,0,0> }
	no_shadow
}
cylinder {
	<25.811150, 34.319183, 35.071846>,  <25.724087, 33.928772, 35.071785>, 0.100000
	pigment { color rgbt <1,0,0,0> }
	no_shadow
}

// particle -1
sphere {
	<25.811150, 34.319183, 35.071846> 0.100000
	pigment { color rgbt <1,0,0,0> }
	no_shadow
}
sphere {
	0, 1
	scale<0.080000,0.200000,0.300000>
	matrix <-0.152267, 0.034108, -0.987751,
		-0.964074, 0.214969, 0.156041,
		0.217658, 0.976025, 0.000150,
		25.876448, 34.611992, 35.071892>
	pigment { color rgbt <0,1,1,0> }
	no_shadow
}
cylinder {
	<25.302050, 34.305603, 34.546757>,  <25.724087, 33.928772, 35.071785>, 0.130000
	pigment { color rgbt <1,0,0,0> }
	no_shadow
}

// nucleotide -1

// particle -1
sphere {
	<25.302050, 34.305603, 34.546757> 0.250000
	pigment { color rgbt <1,0,0,0> }
	no_shadow
}
cylinder {
	<25.587692, 34.574741, 34.624046>,  <25.759077, 34.736225, 34.670422>, 0.100000
	pigment { color rgbt <1,0,0,0> }
	no_shadow
}
cylinder {
	<25.587692, 34.574741, 34.624046>,  <25.302050, 34.305603, 34.546757>, 0.100000
	pigment { color rgbt <1,0,0,0> }
	no_shadow
}

// particle -1
sphere {
	<25.587692, 34.574741, 34.624046> 0.100000
	pigment { color rgbt <1,0,0,0> }
	no_shadow
}
sphere {
	0, 1
	scale<0.080000,0.200000,0.300000>
	matrix <0.071173, 0.204805, -0.976212,
		-0.696411, 0.710870, 0.098364,
		0.714105, 0.672844, 0.193223,
		25.801924, 34.776596, 34.682014>
	pigment { color rgbt <0,1,1,0> }
	no_shadow
}
cylinder {
	<25.010324, 35.024750, 34.360359>,  <25.302050, 34.305603, 34.546757>, 0.130000
	pigment { color rgbt <1,0,0,0> }
	no_shadow
}

// nucleotide -1

// particle -1
sphere {
	<25.010324, 35.024750, 34.360359> 0.250000
	pigment { color rgbt <1,0,0,0> }
	no_shadow
}
cylinder {
	<25.405285, 34.974812, 34.321480>,  <25.642262, 34.944847, 34.298153>, 0.100000
	pigment { color rgbt <1,0,0,0> }
	no_shadow
}
cylinder {
	<25.405285, 34.974812, 34.321480>,  <25.010324, 35.024750, 34.360359>, 0.100000
	pigment { color rgbt <1,0,0,0> }
	no_shadow
}

// particle -1
sphere {
	<25.405285, 34.974812, 34.321480> 0.100000
	pigment { color rgbt <1,0,0,0> }
	no_shadow
}
sphere {
	0, 1
	scale<0.080000,0.200000,0.300000>
	matrix <-0.052688, 0.319812, -0.946015,
		0.149195, 0.939219, 0.309206,
		0.987403, -0.124849, -0.097200,
		25.701506, 34.937355, 34.292320>
	pigment { color rgbt <0,1,1,0> }
	no_shadow
}
cylinder {
	<25.277987, 35.565514, 34.004322>,  <25.010324, 35.024750, 34.360359>, 0.130000
	pigment { color rgbt <1,0,0,0> }
	no_shadow
}

// nucleotide -1

// particle -1
sphere {
	<25.277987, 35.565514, 34.004322> 0.250000
	pigment { color rgbt <1,0,0,0> }
	no_shadow
}
cylinder {
	<25.541302, 35.273998, 33.928928>,  <25.699291, 35.099091, 33.883694>, 0.100000
	pigment { color rgbt <1,0,0,0> }
	no_shadow
}
cylinder {
	<25.541302, 35.273998, 33.928928>,  <25.277987, 35.565514, 34.004322>, 0.100000
	pigment { color rgbt <1,0,0,0> }
	no_shadow
}

// particle -1
sphere {
	<25.541302, 35.273998, 33.928928> 0.100000
	pigment { color rgbt <1,0,0,0> }
	no_shadow
}
sphere {
	0, 1
	scale<0.080000,0.200000,0.300000>
	matrix <0.045521, 0.288472, -0.956406,
		0.751387, 0.621012, 0.223073,
		0.658290, -0.728786, -0.188485,
		25.738789, 35.055363, 33.872383>
	pigment { color rgbt <0,1,1,0> }
	no_shadow
}
cylinder {
	<25.875818, 35.903553, 33.706249>,  <25.277987, 35.565514, 34.004322>, 0.130000
	pigment { color rgbt <1,0,0,0> }
	no_shadow
}

// nucleotide -1

// particle -1
sphere {
	<25.875818, 35.903553, 33.706249> 0.250000
	pigment { color rgbt <1,0,0,0> }
	no_shadow
}
cylinder {
	<25.888319, 35.522022, 33.586754>,  <25.895821, 35.293106, 33.515057>, 0.100000
	pigment { color rgbt <1,0,0,0> }
	no_shadow
}
cylinder {
	<25.888319, 35.522022, 33.586754>,  <25.875818, 35.903553, 33.706249>, 0.100000
	pigment { color rgbt <1,0,0,0> }
	no_shadow
}

// particle -1
sphere {
	<25.888319, 35.522022, 33.586754> 0.100000
	pigment { color rgbt <1,0,0,0> }
	no_shadow
}
sphere {
	0, 1
	scale<0.080000,0.200000,0.300000>
	matrix <0.040670, 0.299849, -0.953119,
		0.998684, 0.017639, 0.048163,
		0.031253, -0.953824, -0.298737,
		25.897696, 35.235874, 33.497131>
	pigment { color rgbt <0,1,1,0> }
	no_shadow
}
cylinder {
	<26.454613, 35.767925, 33.217846>,  <25.875818, 35.903553, 33.706249>, 0.130000
	pigment { color rgbt <1,0,0,0> }
	no_shadow
}

// nucleotide -1

// particle -1
sphere {
	<26.454613, 35.767925, 33.217846> 0.250000
	pigment { color rgbt <1,0,0,0> }
	no_shadow
}
cylinder {
	<26.209040, 35.459286, 33.151245>,  <26.061695, 35.274101, 33.111286>, 0.100000
	pigment { color rgbt <1,0,0,0> }
	no_shadow
}
cylinder {
	<26.209040, 35.459286, 33.151245>,  <26.454613, 35.767925, 33.217846>, 0.100000
	pigment { color rgbt <1,0,0,0> }
	no_shadow
}

// particle -1
sphere {
	<26.209040, 35.459286, 33.151245> 0.100000
	pigment { color rgbt <1,0,0,0> }
	no_shadow
}
sphere {
	0, 1
	scale<0.080000,0.200000,0.300000>
	matrix <-0.066287, 0.260586, -0.963172,
		0.786571, -0.580286, -0.211129,
		-0.613932, -0.771598, -0.166504,
		26.024860, 35.227806, 33.101295>
	pigment { color rgbt <0,1,1,0> }
	no_shadow
}
cylinder {
	<26.674141, 35.526775, 32.535313>,  <26.454613, 35.767925, 33.217846>, 0.130000
	pigment { color rgbt <1,0,0,0> }
	no_shadow
}

// nucleotide -1

// particle -1
sphere {
	<26.674141, 35.526775, 32.535313> 0.250000
	pigment { color rgbt <1,0,0,0> }
	no_shadow
}
cylinder {
	<26.298153, 35.414062, 32.612316>,  <26.072561, 35.346436, 32.658516>, 0.100000
	pigment { color rgbt <1,0,0,0> }
	no_shadow
}
cylinder {
	<26.298153, 35.414062, 32.612316>,  <26.674141, 35.526775, 32.535313>, 0.100000
	pigment { color rgbt <1,0,0,0> }
	no_shadow
}

// particle -1
sphere {
	<26.298153, 35.414062, 32.612316> 0.100000
	pigment { color rgbt <1,0,0,0> }
	no_shadow
}
sphere {
	0, 1
	scale<0.080000,0.200000,0.300000>
	matrix <-0.253700, 0.199710, -0.946442,
		0.228249, -0.938463, -0.259210,
		-0.939968, -0.281786, 0.192504,
		26.016163, 35.329529, 32.670067>
	pigment { color rgbt <0,1,1,0> }
	no_shadow
}
cylinder {
	<26.691900, 35.159481, 31.822672>,  <26.674141, 35.526775, 32.535313>, 0.130000
	pigment { color rgbt <1,0,0,0> }
	no_shadow
}

// nucleotide -1

// particle -1
sphere {
	<26.691900, 35.159481, 31.822672> 0.250000
	pigment { color rgbt <1,0,0,0> }
	no_shadow
}
cylinder {
	<26.700188, 34.891560, 31.525770>,  <26.705160, 34.730808, 31.347630>, 0.100000
	pigment { color rgbt <1,0,0,0> }
	no_shadow
}
cylinder {
	<26.700188, 34.891560, 31.525770>,  <26.691900, 35.159481, 31.822672>, 0.100000
	pigment { color rgbt <1,0,0,0> }
	no_shadow
}

// particle -1
sphere {
	<26.700188, 34.891560, 31.525770> 0.100000
	pigment { color rgbt <1,0,0,0> }
	no_shadow
}
sphere {
	0, 1
	scale<0.080000,0.200000,0.300000>
	matrix <-0.170518, 0.729167, -0.662751,
		0.985137, 0.140300, -0.099104,
		0.020721, -0.669799, -0.742253,
		26.706404, 34.690620, 31.303095>
	pigment { color rgbt <0,1,1,0> }
	no_shadow
}
cylinder {
	<26.783529, 34.685539, 32.526592>,  <26.691900, 35.159481, 31.822672>, 0.130000
	pigment { color rgbt <1,0,0,0> }
	no_shadow
}

// nucleotide -1

// particle -1
sphere {
	<26.783529, 34.685539, 32.526592> 0.250000
	pigment { color rgbt <1,0,0,0> }
	no_shadow
}
cylinder {
	<26.383936, 34.669777, 32.535343>,  <26.144180, 34.660320, 32.540592>, 0.100000
	pigment { color rgbt <1,0,0,0> }
	no_shadow
}
cylinder {
	<26.383936, 34.669777, 32.535343>,  <26.783529, 34.685539, 32.526592>, 0.100000
	pigment { color rgbt <1,0,0,0> }
	no_shadow
}

// particle -1
sphere {
	<26.383936, 34.669777, 32.535343> 0.100000
	pigment { color rgbt <1,0,0,0> }
	no_shadow
}
sphere {
	0, 1
	scale<0.080000,0.200000,0.300000>
	matrix <-0.035041, 0.373862, -0.926822,
		0.028345, -0.926647, -0.374863,
		-0.998984, -0.039406, 0.021873,
		26.084240, 34.657955, 32.541904>
	pigment { color rgbt <0,1,1,0> }
	no_shadow
}
cylinder {
	<26.593082, 34.364895, 31.934105>,  <26.783529, 34.685539, 32.526592>, 0.130000
	pigment { color rgbt <1,0,0,0> }
	no_shadow
}

// nucleotide -1

// particle -1
sphere {
	<26.593082, 34.364895, 31.934105> 0.250000
	pigment { color rgbt <1,0,0,0> }
	no_shadow
}
cylinder {
	<26.256762, 34.549034, 32.048038>,  <26.054970, 34.659519, 32.116398>, 0.100000
	pigment { color rgbt <1,0,0,0> }
	no_shadow
}
cylinder {
	<26.256762, 34.549034, 32.048038>,  <26.593082, 34.364895, 31.934105>, 0.100000
	pigment { color rgbt <1,0,0,0> }
	no_shadow
}

// particle -1
sphere {
	<26.256762, 34.549034, 32.048038> 0.100000
	pigment { color rgbt <1,0,0,0> }
	no_shadow
}
sphere {
	0, 1
	scale<0.080000,0.200000,0.300000>
	matrix <-0.131123, 0.337309, -0.932218,
		-0.525222, -0.821159, -0.223248,
		-0.840803, 0.460348, 0.284835,
		26.004520, 34.687138, 32.133488>
	pigment { color rgbt <0,1,1,0> }
	no_shadow
}
cylinder {
	<26.077341, 34.026745, 31.551348>,  <26.593082, 34.364895, 31.934105>, 0.130000
	pigment { color rgbt <1,0,0,0> }
	no_shadow
}

// nucleotide -1

// particle -1
sphere {
	<26.077341, 34.026745, 31.551348> 0.250000
	pigment { color rgbt <1,0,0,0> }
	no_shadow
}
cylinder {
	<25.965626, 34.393406, 31.665709>,  <25.898598, 34.613403, 31.734325>, 0.100000
	pigment { color rgbt <1,0,0,0> }
	no_shadow
}
cylinder {
	<25.965626, 34.393406, 31.665709>,  <26.077341, 34.026745, 31.551348>, 0.100000
	pigment { color rgbt <1,0,0,0> }
	no_shadow
}

// particle -1
sphere {
	<25.965626, 34.393406, 31.665709> 0.100000
	pigment { color rgbt <1,0,0,0> }
	no_shadow
}
sphere {
	0, 1
	scale<0.080000,0.200000,0.300000>
	matrix <0.012597, 0.301223, -0.953471,
		-0.960125, -0.262689, -0.095675,
		-0.279286, 0.916657, 0.285902,
		25.881840, 34.668404, 31.751480>
	pigment { color rgbt <0,1,1,0> }
	no_shadow
}
cylinder {
	<25.618916, 34.188953, 31.091661>,  <26.077341, 34.026745, 31.551348>, 0.130000
	pigment { color rgbt <1,0,0,0> }
	no_shadow
}

// nucleotide -1

// particle -1
sphere {
	<25.618916, 34.188953, 31.091661> 0.250000
	pigment { color rgbt <1,0,0,0> }
	no_shadow
}
cylinder {
	<25.731934, 34.542976, 31.239634>,  <25.799744, 34.755390, 31.328417>, 0.100000
	pigment { color rgbt <1,0,0,0> }
	no_shadow
}
cylinder {
	<25.731934, 34.542976, 31.239634>,  <25.618916, 34.188953, 31.091661>, 0.100000
	pigment { color rgbt <1,0,0,0> }
	no_shadow
}

// particle -1
sphere {
	<25.731934, 34.542976, 31.239634> 0.100000
	pigment { color rgbt <1,0,0,0> }
	no_shadow
}
sphere {
	0, 1
	scale<0.080000,0.200000,0.300000>
	matrix <-0.228412, 0.436626, -0.870164,
		-0.931663, 0.161363, 0.325523,
		0.282545, 0.885053, 0.369931,
		25.816696, 34.808491, 31.350613>
	pigment { color rgbt <0,1,1,0> }
	no_shadow
}
cylinder {
	<26.025658, 34.742165, 30.872913>,  <25.618916, 34.188953, 31.091661>, 0.130000
	pigment { color rgbt <1,0,0,0> }
	no_shadow
}

// nucleotide -1

// particle -1
sphere {
	<26.025658, 34.742165, 30.872913> 0.250000
	pigment { color rgbt <1,0,0,0> }
	no_shadow
}
cylinder {
	<25.756639, 35.036751, 30.843773>,  <25.595228, 35.213501, 30.826288>, 0.100000
	pigment { color rgbt <1,0,0,0> }
	no_shadow
}
cylinder {
	<25.756639, 35.036751, 30.843773>,  <26.025658, 34.742165, 30.872913>, 0.100000
	pigment { color rgbt <1,0,0,0> }
	no_shadow
}

// particle -1
sphere {
	<25.756639, 35.036751, 30.843773> 0.100000
	pigment { color rgbt <1,0,0,0> }
	no_shadow
}
sphere {
	0, 1
	scale<0.080000,0.200000,0.300000>
	matrix <0.036575, 0.131394, 0.990655,
		0.739152, 0.663596, -0.115305,
		-0.672545, 0.736462, -0.072849,
		25.554876, 35.257690, 30.821918>
	pigment { color rgbt <0,1,1,0> }
	no_shadow
}
cylinder {
	<26.218334, 35.343636, 31.216097>,  <26.025658, 34.742165, 30.872913>, 0.130000
	pigment { color rgbt <1,0,0,0> }
	no_shadow
}

// nucleotide -1

// particle -1
sphere {
	<26.218334, 35.343636, 31.216097> 0.250000
	pigment { color rgbt <1,0,0,0> }
	no_shadow
}
cylinder {
	<25.818510, 35.350094, 31.206173>,  <25.578615, 35.353970, 31.200218>, 0.100000
	pigment { color rgbt <1,0,0,0> }
	no_shadow
}
cylinder {
	<25.818510, 35.350094, 31.206173>,  <26.218334, 35.343636, 31.216097>, 0.100000
	pigment { color rgbt <1,0,0,0> }
	no_shadow
}

// particle -1
sphere {
	<25.818510, 35.350094, 31.206173> 0.100000
	pigment { color rgbt <1,0,0,0> }
	no_shadow
}
sphere {
	0, 1
	scale<0.080000,0.200000,0.300000>
	matrix <-0.025902, -0.071397, 0.997112,
		0.014332, 0.997317, 0.071784,
		-0.999562, 0.016150, -0.024810,
		25.518642, 35.354939, 31.198730>
	pigment { color rgbt <0,1,1,0> }
	no_shadow
}
cylinder {
	<25.912439, 35.828251, 31.559557>,  <26.218334, 35.343636, 31.216097>, 0.130000
	pigment { color rgbt <1,0,0,0> }
	no_shadow
}

// nucleotide -1

// particle -1
sphere {
	<25.912439, 35.828251, 31.559557> 0.250000
	pigment { color rgbt <1,0,0,0> }
	no_shadow
}
cylinder {
	<25.684784, 35.499466, 31.550961>,  <25.548191, 35.302197, 31.545803>, 0.100000
	pigment { color rgbt <1,0,0,0> }
	no_shadow
}
cylinder {
	<25.684784, 35.499466, 31.550961>,  <25.912439, 35.828251, 31.559557>, 0.100000
	pigment { color rgbt <1,0,0,0> }
	no_shadow
}

// particle -1
sphere {
	<25.684784, 35.499466, 31.550961> 0.100000
	pigment { color rgbt <1,0,0,0> }
	no_shadow
}
sphere {
	0, 1
	scale<0.080000,0.200000,0.300000>
	matrix <0.059795, -0.067441, 0.995930,
