// switches for output
#declare DRAW_BASES = 1; // possible values are 0, 1; only relevant for DNA ribbons
#declare DRAW_BASES_TYPE = 3; // possible values are 1, 2, 3; only relevant for DNA ribbons
#declare DRAW_FOG = 0; // set to 1 to enable fog

#include "colors.inc"

#include "transforms.inc"
background { rgb <1, 1, 1>}

#default {
   normal{
       ripples 0.25
       frequency 0.20
       turbulence 0.2
       lambda 5
   }
	finish {
		phong 0.1
		phong_size 40.
	}
}

// original window dimensions: 1024x640


// camera settings

camera {
	sky <0, 0.179814, -0.983701>
	up <0, 0.179814, -0.983701>
	right 1.6 * <1, 0, 0>
	location <35, 94.9851, 44.8844>
	look_at <35, 29.7336, 32.9568>
	direction <0, -65.2515, -11.9276>
	angle 67.0682
}


# declare cpy_camera_pos = <35, 94.9851, 44.8844>;
# if (DRAW_FOG = 1)
fog {
	fog_type 2
	up vnormalize(cpy_camera_pos)
	color rgbt<1,1,1,0.3>
	distance 1e-5
	fog_alt 3e-3
	fog_offset 56
}
# end


// LIGHTS

# declare lum = 6;
global_settings {
	ambient_light rgb lum * <0.05, 0.05, 0.05>
	max_trace_level 15
}# declare cpy_direct_light_amount = 0.25;
light_source
{	1000 * <-1, -1.16352, -0.803886>,
	rgb lum * cpy_direct_light_amount
	parallel
}

light_source
{	1000 * <1, 1.16352, 0.803886>,
	rgb lum * cpy_direct_light_amount
	parallel
}

// strand 0

// nucleotide -1

// particle -1
sphere {
	<23.822449, 34.827648, 34.906937> 0.250000
	pigment { color rgbt <1,0,0,0> }
	no_shadow
}
cylinder {
	<24.197479, 34.720665, 34.818020>,  <24.422497, 34.656475, 34.764668>, 0.100000
	pigment { color rgbt <1,0,0,0> }
	no_shadow
}
cylinder {
	<24.197479, 34.720665, 34.818020>,  <23.822449, 34.827648, 34.906937>, 0.100000
	pigment { color rgbt <1,0,0,0> }
	no_shadow
}

// particle -1
sphere {
	<24.197479, 34.720665, 34.818020> 0.100000
	pigment { color rgbt <1,0,0,0> }
	no_shadow
}
sphere {
	0, 1
	scale<0.080000,0.200000,0.300000>
	matrix <0.344297, 0.804039, 0.484748,
		0.049085, -0.531025, 0.845933,
		0.937577, -0.267458, -0.222297,
		24.478752, 34.640427, 34.751331>
	pigment { color rgbt <0,1,1,0> }
	no_shadow
}
cylinder {
	<24.263008, 35.066399, 35.481636>,  <23.822449, 34.827648, 34.906937>, 0.130000
	pigment { color rgbt <1,0,0,0> }
	no_shadow
}

// nucleotide -1

// particle -1
sphere {
	<24.263008, 35.066399, 35.481636> 0.250000
	pigment { color rgbt <1,0,0,0> }
	no_shadow
}
cylinder {
	<24.547054, 34.952766, 35.223946>,  <24.717482, 34.884586, 35.069332>, 0.100000
	pigment { color rgbt <1,0,0,0> }
	no_shadow
}
cylinder {
	<24.547054, 34.952766, 35.223946>,  <24.263008, 35.066399, 35.481636>, 0.100000
	pigment { color rgbt <1,0,0,0> }
	no_shadow
}

// particle -1
sphere {
	<24.547054, 34.952766, 35.223946> 0.100000
	pigment { color rgbt <1,0,0,0> }
	no_shadow
}
sphere {
	0, 1
	scale<0.080000,0.200000,0.300000>
	matrix <0.517863, 0.830651, 0.204538,
		0.477025, -0.478869, 0.736975,
		0.710116, -0.284083, -0.644230,
		24.760090, 34.867542, 35.030678>
	pigment { color rgbt <0,1,1,0> }
	no_shadow
}
cylinder {
	<24.922497, 35.011375, 35.778145>,  <24.263008, 35.066399, 35.481636>, 0.130000
	pigment { color rgbt <1,0,0,0> }
	no_shadow
}

// nucleotide -1

// particle -1
sphere {
	<24.922497, 35.011375, 35.778145> 0.250000
	pigment { color rgbt <1,0,0,0> }
	no_shadow
}
cylinder {
	<24.992170, 35.094025, 35.393028>,  <25.033974, 35.143612, 35.161957>, 0.100000
	pigment { color rgbt <1,0,0,0> }
	no_shadow
}
cylinder {
	<24.992170, 35.094025, 35.393028>,  <24.922497, 35.011375, 35.778145>, 0.100000
	pigment { color rgbt <1,0,0,0> }
	no_shadow
}

// particle -1
sphere {
	<24.992170, 35.094025, 35.393028> 0.100000
	pigment { color rgbt <1,0,0,0> }
	no_shadow
}
sphere {
	0, 1
	scale<0.080000,0.200000,0.300000>
	matrix <0.512526, 0.815841, 0.267806,
		0.840819, -0.540104, 0.036209,
		0.174184, 0.206619, -0.962792,
		25.044426, 35.156010, 35.104191>
	pigment { color rgbt <0,1,1,0> }
	no_shadow
}
cylinder {
	<25.718340, 35.064819, 35.555416>,  <24.922497, 35.011375, 35.778145>, 0.130000
	pigment { color rgbt <1,0,0,0> }
	no_shadow
}

// nucleotide -1

// particle -1
sphere {
	<25.718340, 35.064819, 35.555416> 0.250000
	pigment { color rgbt <1,0,0,0> }
	no_shadow
}
cylinder {
	<25.494925, 35.272476, 35.296642>,  <25.360876, 35.397072, 35.141376>, 0.100000
	pigment { color rgbt <1,0,0,0> }
	no_shadow
}
cylinder {
	<25.494925, 35.272476, 35.296642>,  <25.718340, 35.064819, 35.555416>, 0.100000
	pigment { color rgbt <1,0,0,0> }
	no_shadow
}

// particle -1
sphere {
	<25.494925, 35.272476, 35.296642> 0.100000
	pigment { color rgbt <1,0,0,0> }
	no_shadow
}
sphere {
	0, 1
	scale<0.080000,0.200000,0.300000>
	matrix <0.485548, 0.836970, 0.252435,
		0.672517, -0.173125, -0.719548,
		-0.558537, 0.519142, -0.646937,
		25.327364, 35.428219, 35.102562>
	pigment { color rgbt <0,1,1,0> }
	no_shadow
}
cylinder {
	<26.201838, 35.392292, 35.118065>,  <25.718340, 35.064819, 35.555416>, 0.130000
	pigment { color rgbt <1,0,0,0> }
	no_shadow
}

// nucleotide -1

// particle -1
sphere {
	<26.201838, 35.392292, 35.118065> 0.250000
	pigment { color rgbt <1,0,0,0> }
	no_shadow
}
cylinder {
	<25.860729, 35.600643, 35.102745>,  <25.656065, 35.725655, 35.093555>, 0.100000
	pigment { color rgbt <1,0,0,0> }
	no_shadow
}
cylinder {
	<25.860729, 35.600643, 35.102745>,  <26.201838, 35.392292, 35.118065>, 0.100000
	pigment { color rgbt <1,0,0,0> }
	no_shadow
}

// particle -1
sphere {
	<25.860729, 35.600643, 35.102745> 0.100000
	pigment { color rgbt <1,0,0,0> }
	no_shadow
}
sphere {
	0, 1
	scale<0.080000,0.200000,0.300000>
	matrix <0.496185, 0.830866, 0.251917,
		0.163037, 0.195825, -0.966991,
		-0.852772, 0.520878, -0.038297,
		25.604898, 35.756908, 35.091255>
	pigment { color rgbt <0,1,1,0> }
	no_shadow
}
cylinder {
	<26.267971, 35.905125, 34.546806>,  <26.201838, 35.392292, 35.118065>, 0.130000
	pigment { color rgbt <1,0,0,0> }
	no_shadow
}

// nucleotide -1

// particle -1
sphere {
	<26.267971, 35.905125, 34.546806> 0.250000
	pigment { color rgbt <1,0,0,0> }
	no_shadow
}
cylinder {
	<26.001268, 36.028511, 34.818184>,  <25.841248, 36.102543, 34.981010>, 0.100000
	pigment { color rgbt <1,0,0,0> }
	no_shadow
}
cylinder {
	<26.001268, 36.028511, 34.818184>,  <26.267971, 35.905125, 34.546806>, 0.100000
	pigment { color rgbt <1,0,0,0> }
	no_shadow
}

// particle -1
sphere {
	<26.001268, 36.028511, 34.818184> 0.100000
	pigment { color rgbt <1,0,0,0> }
	no_shadow
}
sphere {
	0, 1
	scale<0.080000,0.200000,0.300000>
	matrix <0.498695, 0.861154, 0.098569,
		-0.553842, 0.404060, -0.728007,
		-0.666755, 0.308462, 0.678446,
		25.801243, 36.121048, 35.021717>
	pigment { color rgbt <0,1,1,0> }
	no_shadow
}
cylinder {
	<25.916122, 36.539104, 34.235474>,  <26.267971, 35.905125, 34.546806>, 0.130000
	pigment { color rgbt <1,0,0,0> }
	no_shadow
}

// nucleotide -1

// particle -1
sphere {
	<25.916122, 36.539104, 34.235474> 0.250000
	pigment { color rgbt <1,0,0,0> }
	no_shadow
}
cylinder {
	<25.916183, 36.508732, 34.634319>,  <25.916220, 36.490509, 34.873627>, 0.100000
	pigment { color rgbt <1,0,0,0> }
	no_shadow
}
cylinder {
	<25.916183, 36.508732, 34.634319>,  <25.916122, 36.539104, 34.235474>, 0.100000
	pigment { color rgbt <1,0,0,0> }
	no_shadow
}

// particle -1
sphere {
	<25.916183, 36.508732, 34.634319> 0.100000
	pigment { color rgbt <1,0,0,0> }
	no_shadow
}
sphere {
	0, 1
	scale<0.080000,0.200000,0.300000>
	matrix <0.437346, 0.896703, 0.068214,
		-0.899293, 0.436073, 0.033344,
		0.000154, -0.075927, 0.997113,
		25.916229, 36.485954, 34.933453>
	pigment { color rgbt <0,1,1,0> }
	no_shadow
}
cylinder {
	<25.761349, 37.206783, 34.449921>,  <25.916122, 36.539104, 34.235474>, 0.130000
	pigment { color rgbt <1,0,0,0> }
	no_shadow
}

// nucleotide -1

// particle -1
sphere {
	<25.761349, 37.206783, 34.449921> 0.250000
	pigment { color rgbt <1,0,0,0> }
	no_shadow
}
cylinder {
	<25.958139, 37.015678, 34.741043>,  <26.076214, 36.901016, 34.915718>, 0.100000
	pigment { color rgbt <1,0,0,0> }
	no_shadow
}
cylinder {
	<25.958139, 37.015678, 34.741043>,  <25.761349, 37.206783, 34.449921>, 0.100000
	pigment { color rgbt <1,0,0,0> }
	no_shadow
}

// particle -1
sphere {
	<25.958139, 37.015678, 34.741043> 0.100000
	pigment { color rgbt <1,0,0,0> }
	no_shadow
}
sphere {
	0, 1
	scale<0.080000,0.200000,0.300000>
	matrix <0.605101, 0.788694, 0.108696,
		-0.625947, 0.386920, 0.677114,
		0.491979, -0.477761, 0.727806,
		26.105734, 36.872349, 34.959385>
	pigment { color rgbt <0,1,1,0> }
	no_shadow
}
cylinder {
	<25.934141, 37.772709, 34.912956>,  <25.761349, 37.206783, 34.449921>, 0.130000
	pigment { color rgbt <1,0,0,0> }
	no_shadow
}

// nucleotide -1

// particle -1
sphere {
	<25.934141, 37.772709, 34.912956> 0.250000
	pigment { color rgbt <1,0,0,0> }
	no_shadow
}
cylinder {
	<26.167789, 37.468777, 35.027119>,  <26.307978, 37.286415, 35.095615>, 0.100000
	pigment { color rgbt <1,0,0,0> }
	no_shadow
}
cylinder {
	<26.167789, 37.468777, 35.027119>,  <25.934141, 37.772709, 34.912956>, 0.100000
	pigment { color rgbt <1,0,0,0> }
	no_shadow
}

// particle -1
sphere {
	<26.167789, 37.468777, 35.027119> 0.100000
	pigment { color rgbt <1,0,0,0> }
	no_shadow
}
sphere {
	0, 1
	scale<0.080000,0.200000,0.300000>
	matrix <0.615685, 0.643913, 0.454211,
		-0.528901, -0.089594, 0.843941,
		0.584119, -0.759835, 0.285405,
		26.343025, 37.240826, 35.112740>
	pigment { color rgbt <0,1,1,0> }
	no_shadow
}
cylinder {
	<25.994011, 37.800076, 35.589375>,  <25.934141, 37.772709, 34.912956>, 0.130000
	pigment { color rgbt <1,0,0,0> }
	no_shadow
}

// nucleotide -1

// particle -1
sphere {
	<25.994011, 37.800076, 35.589375> 0.250000
	pigment { color rgbt <1,0,0,0> }
	no_shadow
}
cylinder {
	<26.309992, 37.582180, 35.476780>,  <26.499580, 37.451443, 35.409222>, 0.100000
	pigment { color rgbt <1,0,0,0> }
	no_shadow
}
cylinder {
	<26.309992, 37.582180, 35.476780>,  <25.994011, 37.800076, 35.589375>, 0.100000
	pigment { color rgbt <1,0,0,0> }
	no_shadow
}

// particle -1
sphere {
	<26.309992, 37.582180, 35.476780> 0.100000
	pigment { color rgbt <1,0,0,0> }
	no_shadow
}
sphere {
	0, 1
	scale<0.080000,0.200000,0.300000>
	matrix <0.612913, 0.688260, 0.388118,
		-0.017685, -0.479123, 0.877570,
		0.789953, -0.544738, -0.281489,
		26.546978, 37.418758, 35.392334>
	pigment { color rgbt <0,1,1,0> }
	no_shadow
}
cylinder {
	<26.379539, 37.681606, 36.173573>,  <25.994011, 37.800076, 35.589375>, 0.130000
	pigment { color rgbt <1,0,0,0> }
	no_shadow
}

// nucleotide -1

// particle -1
sphere {
	<26.379539, 37.681606, 36.173573> 0.250000
	pigment { color rgbt <1,0,0,0> }
	no_shadow
}
cylinder {
	<26.635008, 37.626289, 35.870792>,  <26.788288, 37.593098, 35.689125>, 0.100000
	pigment { color rgbt <1,0,0,0> }
	no_shadow
}
cylinder {
	<26.635008, 37.626289, 35.870792>,  <26.379539, 37.681606, 36.173573>, 0.100000
	pigment { color rgbt <1,0,0,0> }
	no_shadow
}

// particle -1
sphere {
	<26.635008, 37.626289, 35.870792> 0.100000
	pigment { color rgbt <1,0,0,0> }
	no_shadow
}
sphere {
	0, 1
	scale<0.080000,0.200000,0.300000>
	matrix <0.675268, 0.572385, 0.465175,
		0.368935, -0.808239, 0.458953,
		0.638670, -0.138297, -0.756951,
		26.826609, 37.584801, 35.643707>
	pigment { color rgbt <0,1,1,0> }
	no_shadow
}
cylinder {
	<27.006134, 37.539917, 36.489761>,  <26.379539, 37.681606, 36.173573>, 0.130000
	pigment { color rgbt <1,0,0,0> }
	no_shadow
}

// nucleotide -1

// particle -1
sphere {
	<27.006134, 37.539917, 36.489761> 0.250000
	pigment { color rgbt <1,0,0,0> }
	no_shadow
}
cylinder {
	<27.127045, 37.666481, 36.130093>,  <27.199591, 37.742420, 35.914291>, 0.100000
	pigment { color rgbt <1,0,0,0> }
	no_shadow
}
cylinder {
	<27.127045, 37.666481, 36.130093>,  <27.006134, 37.539917, 36.489761>, 0.100000
	pigment { color rgbt <1,0,0,0> }
	no_shadow
}

// particle -1
sphere {
	<27.127045, 37.666481, 36.130093> 0.100000
	pigment { color rgbt <1,0,0,0> }
	no_shadow
}
sphere {
	0, 1
	scale<0.080000,0.200000,0.300000>
	matrix <0.777833, 0.463397, 0.424547,
		0.551005, -0.827737, -0.106041,
		0.302274, 0.316409, -0.899175,
		27.217728, 37.761402, 35.860340>
	pigment { color rgbt <0,1,1,0> }
	no_shadow
}
cylinder {
	<27.530842, 38.025784, 36.371307>,  <27.006134, 37.539917, 36.489761>, 0.130000
	pigment { color rgbt <1,0,0,0> }
	no_shadow
}

// nucleotide -1

// particle -1
sphere {
	<27.530842, 38.025784, 36.371307> 0.250000
	pigment { color rgbt <1,0,0,0> }
	no_shadow
}
cylinder {
	<27.782658, 38.287964, 36.204422>,  <27.933746, 38.445271, 36.104290>, 0.100000
	pigment { color rgbt <1,0,0,0> }
	no_shadow
}
cylinder {
	<27.782658, 38.287964, 36.204422>,  <27.530842, 38.025784, 36.371307>, 0.100000
	pigment { color rgbt <1,0,0,0> }
	no_shadow
}

// particle -1
sphere {
	<27.782658, 38.287964, 36.204422> 0.100000
	pigment { color rgbt <1,0,0,0> }
	no_shadow
}
sphere {
	0, 1
	scale<0.080000,0.200000,0.300000>
	matrix <-0.274772, -0.314469, -0.908630,
		-0.726761, 0.686658, -0.017872,
		0.629538, 0.655447, -0.417218,
		27.971519, 38.484596, 36.079258>
	pigment { color rgbt <0,1,1,0> }
	no_shadow
}
cylinder {
	<27.199287, 38.452251, 35.877972>,  <27.530842, 38.025784, 36.371307>, 0.130000
	pigment { color rgbt <1,0,0,0> }
	no_shadow
}

// nucleotide -1

// particle -1
sphere {
	<27.199287, 38.452251, 35.877972> 0.250000
	pigment { color rgbt <1,0,0,0> }
	no_shadow
}
cylinder {
	<27.579519, 38.431465, 35.755531>,  <27.807659, 38.418995, 35.682068>, 0.100000
	pigment { color rgbt <1,0,0,0> }
	no_shadow
}
cylinder {
	<27.579519, 38.431465, 35.755531>,  <27.199287, 38.452251, 35.877972>, 0.100000
	pigment { color rgbt <1,0,0,0> }
	no_shadow
}

// particle -1
sphere {
	<27.579519, 38.431465, 35.755531> 0.100000
	pigment { color rgbt <1,0,0,0> }
	no_shadow
}
sphere {
	0, 1
	scale<0.080000,0.200000,0.300000>
	matrix <-0.290113, -0.499868, -0.816068,
		-0.110601, 0.864541, -0.490240,
		0.950580, -0.051967, -0.306100,
		27.864693, 38.415874, 35.663700>
	pigment { color rgbt <0,1,1,0> }
	no_shadow
}
cylinder {
	<27.174387, 38.700863, 35.264317>,  <27.199287, 38.452251, 35.877972>, 0.130000
	pigment { color rgbt <1,0,0,0> }
	no_shadow
}

// nucleotide -1

// particle -1
sphere {
	<27.174387, 38.700863, 35.264317> 0.250000
	pigment { color rgbt <1,0,0,0> }
	no_shadow
}
cylinder {
	<27.443701, 38.416519, 35.345673>,  <27.605289, 38.245914, 35.394485>, 0.100000
	pigment { color rgbt <1,0,0,0> }
	no_shadow
}
cylinder {
	<27.443701, 38.416519, 35.345673>,  <27.174387, 38.700863, 35.264317>, 0.100000
	pigment { color rgbt <1,0,0,0> }
	no_shadow
}

// particle -1
sphere {
	<27.443701, 38.416519, 35.345673> 0.100000
	pigment { color rgbt <1,0,0,0> }
	no_shadow
}
sphere {
	0, 1
	scale<0.080000,0.200000,0.300000>
	matrix <-0.594607, -0.684058, -0.422501,
		0.439467, 0.163529, -0.883248,
		0.673284, -0.710860, 0.203386,
		27.645685, 38.203262, 35.406689>
	pigment { color rgbt <0,1,1,0> }
	no_shadow
}
cylinder {
	<27.426079, 38.198116, 34.633034>,  <27.174387, 38.700863, 35.264317>, 0.130000
	pigment { color rgbt <1,0,0,0> }
	no_shadow
}

// nucleotide -1

// particle -1
sphere {
	<27.426079, 38.198116, 34.633034> 0.250000
	pigment { color rgbt <1,0,0,0> }
	no_shadow
}
cylinder {
	<27.407326, 38.011318, 34.986240>,  <27.396074, 37.899239, 35.198166>, 0.100000
	pigment { color rgbt <1,0,0,0> }
	no_shadow
}
cylinder {
	<27.407326, 38.011318, 34.986240>,  <27.426079, 38.198116, 34.633034>, 0.100000
	pigment { color rgbt <1,0,0,0> }
	no_shadow
}

// particle -1
sphere {
	<27.407326, 38.011318, 34.986240> 0.100000
	pigment { color rgbt <1,0,0,0> }
	no_shadow
}
sphere {
	0, 1
	scale<0.080000,0.200000,0.300000>
	matrix <-0.599379, -0.694012, -0.398862,
		0.799091, -0.547962, -0.247369,
		-0.046884, -0.466995, 0.883016,
		27.393261, 37.871220, 35.251144>
	pigment { color rgbt <0,1,1,0> }
	no_shadow
}
cylinder {
	<27.601748, 37.427921, 34.638050>,  <27.426079, 38.198116, 34.633034>, 0.130000
	pigment { color rgbt <1,0,0,0> }
	no_shadow
}

// nucleotide -1

// particle -1
sphere {
	<27.601748, 37.427921, 34.638050> 0.250000
	pigment { color rgbt <1,0,0,0> }
	no_shadow
}
cylinder {
	<27.375067, 37.467598, 34.965221>,  <27.239058, 37.491402, 35.161526>, 0.100000
	pigment { color rgbt <1,0,0,0> }
	no_shadow
}
cylinder {
	<27.375067, 37.467598, 34.965221>,  <27.601748, 37.427921, 34.638050>, 0.100000
	pigment { color rgbt <1,0,0,0> }
	no_shadow
}

// particle -1
sphere {
	<27.375067, 37.467598, 34.965221> 0.100000
	pigment { color rgbt <1,0,0,0> }
	no_shadow
}
sphere {
	0, 1
	scale<0.080000,0.200000,0.300000>
	matrix <-0.548572, -0.786121, -0.284750,
		0.614748, -0.610062, 0.499909,
		-0.566704, 0.099187, 0.817930,
		27.205055, 37.497353, 35.210602>
	pigment { color rgbt <0,1,1,0> }
	no_shadow
}
cylinder {
	<27.580482, 36.744026, 34.951973>,  <27.601748, 37.427921, 34.638050>, 0.130000
	pigment { color rgbt <1,0,0,0> }
	no_shadow
}

// nucleotide -1

// particle -1
sphere {
	<27.580482, 36.744026, 34.951973> 0.250000
	pigment { color rgbt <1,0,0,0> }
	no_shadow
}
cylinder {
	<27.269396, 36.967834, 35.066582>,  <27.082743, 37.102119, 35.135345>, 0.100000
	pigment { color rgbt <1,0,0,0> }
	no_shadow
}
cylinder {
	<27.269396, 36.967834, 35.066582>,  <27.580482, 36.744026, 34.951973>, 0.100000
	pigment { color rgbt <1,0,0,0> }
	no_shadow
}

// particle -1
sphere {
	<27.269396, 36.967834, 35.066582> 0.100000
	pigment { color rgbt <1,0,0,0> }
	no_shadow
}
sphere {
	0, 1
	scale<0.080000,0.200000,0.300000>
	matrix <-0.622478, -0.749003, -0.226968,
		0.087611, -0.354870, 0.930802,
		-0.777717, 0.559519, 0.286519,
		27.036081, 37.135689, 35.152538>
	pigment { color rgbt <0,1,1,0> }
	no_shadow
}
cylinder {
	<27.226547, 36.436092, 35.433441>,  <27.580482, 36.744026, 34.951973>, 0.130000
	pigment { color rgbt <1,0,0,0> }
	no_shadow
}

// nucleotide -1

// particle -1
sphere {
	<27.226547, 36.436092, 35.433441> 0.250000
	pigment { color rgbt <1,0,0,0> }
	no_shadow
}
cylinder {
	<26.933561, 36.686554, 35.326534>,  <26.757771, 36.836830, 35.262390>, 0.100000
	pigment { color rgbt <1,0,0,0> }
	no_shadow
}
cylinder {
	<26.933561, 36.686554, 35.326534>,  <27.226547, 36.436092, 35.433441>, 0.100000
	pigment { color rgbt <1,0,0,0> }
	no_shadow
}

// particle -1
sphere {
	<26.933561, 36.686554, 35.326534> 0.100000
	pigment { color rgbt <1,0,0,0> }
	no_shadow
}
sphere {
	0, 1
	scale<0.080000,0.200000,0.300000>
	matrix <-0.648844, -0.760908, -0.004451,
		-0.206151, 0.170153, 0.963613,
		-0.732464, 0.626153, -0.267265,
		26.713821, 36.874401, 35.246353>
	pigment { color rgbt <0,1,1,0> }
	no_shadow
}
cylinder {
	<26.718393, 36.291512, 35.892948>,  <27.226547, 36.436092, 35.433441>, 0.130000
	pigment { color rgbt <1,0,0,0> }
	no_shadow
}

// nucleotide -1

// particle -1
sphere {
	<26.718393, 36.291512, 35.892948> 0.250000
	pigment { color rgbt <1,0,0,0> }
	no_shadow
}
cylinder {
	<26.510073, 36.477962, 35.606873>,  <26.385080, 36.589832, 35.435226>, 0.100000
	pigment { color rgbt <1,0,0,0> }
	no_shadow
}
cylinder {
	<26.510073, 36.477962, 35.606873>,  <26.718393, 36.291512, 35.892948>, 0.100000
	pigment { color rgbt <1,0,0,0> }
	no_shadow
}

// particle -1
sphere {
	<26.510073, 36.477962, 35.606873> 0.100000
	pigment { color rgbt <1,0,0,0> }
	no_shadow
}
sphere {
	0, 1
	scale<0.080000,0.200000,0.300000>
	matrix <-0.656471, -0.754230, -0.013527,
		-0.545720, 0.462453, 0.698804,
		-0.520803, 0.466126, -0.715185,
		26.353832, 36.617802, 35.392319>
	pigment { color rgbt <0,1,1,0> }
	no_shadow
}
cylinder {
	<26.569763, 36.486057, 36.645203>,  <26.718393, 36.291512, 35.892948>, 0.130000
	pigment { color rgbt <1,0,0,0> }
	no_shadow
}

// nucleotide -1

// particle -1
sphere {
	<26.569763, 36.486057, 36.645203> 0.250000
	pigment { color rgbt <1,0,0,0> }
	no_shadow
}
cylinder {
	<26.827528, 36.648834, 36.904163>,  <26.982187, 36.746498, 37.059540>, 0.100000
	pigment { color rgbt <1,0,0,0> }
	no_shadow
}
cylinder {
	<26.827528, 36.648834, 36.904163>,  <26.569763, 36.486057, 36.645203>, 0.100000
	pigment { color rgbt <1,0,0,0> }
	no_shadow
}

// particle -1
sphere {
	<26.827528, 36.648834, 36.904163> 0.100000
	pigment { color rgbt <1,0,0,0> }
	no_shadow
}
sphere {
	0, 1
	scale<0.080000,0.200000,0.300000>
	matrix <0.595850, -0.797856, -0.091590,
		0.479264, 0.444779, -0.756623,
		0.644413, 0.406938, 0.647405,
		27.020851, 36.770916, 37.098385>
	pigment { color rgbt <0,1,1,0> }
	no_shadow
}
cylinder {
	<25.909662, 36.363914, 36.315186>,  <26.569763, 36.486057, 36.645203>, 0.130000
	pigment { color rgbt <1,0,0,0> }
	no_shadow
}

// nucleotide -1

// particle -1
sphere {
	<25.909662, 36.363914, 36.315186> 0.250000
	pigment { color rgbt <1,0,0,0> }
	no_shadow
}
cylinder {
	<25.929543, 36.405979, 35.917900>,  <25.941471, 36.431217, 35.679527>, 0.100000
	pigment { color rgbt <1,0,0,0> }
	no_shadow
}
cylinder {
	<25.929543, 36.405979, 35.917900>,  <25.909662, 36.363914, 36.315186>, 0.100000
	pigment { color rgbt <1,0,0,0> }
	no_shadow
}

// particle -1
sphere {
	<25.929543, 36.405979, 35.917900> 0.100000
	pigment { color rgbt <1,0,0,0> }
	no_shadow
}
sphere {
	0, 1
	scale<0.080000,0.200000,0.300000>
	matrix <-0.822607, -0.559673, -0.100421,
		-0.566435, 0.822014, 0.058691,
		0.049699, 0.105161, -0.993213,
		25.944452, 36.437527, 35.619938>
	pigment { color rgbt <0,1,1,0> }
	no_shadow
}
cylinder {
	<25.234177, 36.637478, 36.034981>,  <25.909662, 36.363914, 36.315186>, 0.130000
	pigment { color rgbt <1,0,0,0> }
	no_shadow
}

// nucleotide -1

// particle -1
sphere {
	<25.234177, 36.637478, 36.034981> 0.250000
	pigment { color rgbt <1,0,0,0> }
	no_shadow
}
cylinder {
	<25.411068, 36.426090, 35.745113>,  <25.517202, 36.299255, 35.571194>, 0.100000
	pigment { color rgbt <1,0,0,0> }
	no_shadow
}
cylinder {
	<25.411068, 36.426090, 35.745113>,  <25.234177, 36.637478, 36.034981>, 0.100000
	pigment { color rgbt <1,0,0,0> }
	no_shadow
}

// particle -1
sphere {
	<25.411068, 36.426090, 35.745113> 0.100000
	pigment { color rgbt <1,0,0,0> }
	no_shadow
}
sphere {
	0, 1
	scale<0.080000,0.200000,0.300000>
	matrix <-0.892126, -0.342447, -0.294688,
		-0.092428, 0.776819, -0.622904,
		0.442230, -0.528471, -0.724673,
		25.543737, 36.267548, 35.527710>
	pigment { color rgbt <0,1,1,0> }
	no_shadow
}
cylinder {
	<24.786501, 36.535713, 35.496052>,  <25.234177, 36.637478, 36.034981>, 0.130000
	pigment { color rgbt <1,0,0,0> }
	no_shadow
}

// nucleotide -1

// particle -1
sphere {
	<24.786501, 36.535713, 35.496052> 0.250000
	pigment { color rgbt <1,0,0,0> }
	no_shadow
}
cylinder {
	<25.117094, 36.443295, 35.290707>,  <25.315451, 36.387844, 35.167500>, 0.100000
	pigment { color rgbt <1,0,0,0> }
	no_shadow
}
cylinder {
	<25.117094, 36.443295, 35.290707>,  <24.786501, 36.535713, 35.496052>, 0.100000
	pigment { color rgbt <1,0,0,0> }
	no_shadow
}

// particle -1
sphere {
	<25.117094, 36.443295, 35.290707> 0.100000
	pigment { color rgbt <1,0,0,0> }
	no_shadow
}
sphere {
	0, 1
	scale<0.080000,0.200000,0.300000>
	matrix <-0.459241, -0.804142, -0.377429,
		-0.325614, 0.547697, -0.770716,
		0.826482, -0.231048, -0.513365,
		25.365038, 36.373981, 35.136696>
	pigment { color rgbt <0,1,1,0> }
	no_shadow
}
cylinder {
	<24.572432, 36.454285, 34.794273>,  <24.786501, 36.535713, 35.496052>, 0.130000
	pigment { color rgbt <1,0,0,0> }
	no_shadow
}

// nucleotide -1

// particle -1
sphere {
	<24.572432, 36.454285, 34.794273> 0.250000
	pigment { color rgbt <1,0,0,0> }
	no_shadow
}
cylinder {
	<24.896688, 36.237606, 34.883205>,  <25.091242, 36.107601, 34.936565>, 0.100000
	pigment { color rgbt <1,0,0,0> }
	no_shadow
}
cylinder {
	<24.896688, 36.237606, 34.883205>,  <24.572432, 36.454285, 34.794273>, 0.100000
	pigment { color rgbt <1,0,0,0> }
	no_shadow
}

// particle -1
sphere {
	<24.896688, 36.237606, 34.883205> 0.100000
	pigment { color rgbt <1,0,0,0> }
	no_shadow
}
sphere {
	0, 1
	scale<0.080000,0.200000,0.300000>
	matrix <-0.409068, -0.795584, -0.446888,
		0.418958, 0.271318, -0.866522,
		0.810640, -0.541694, 0.222330,
		25.139881, 36.075096, 34.949905>
	pigment { color rgbt <0,1,1,0> }
	no_shadow
}
cylinder {
	<24.706059, 36.066078, 34.148769>,  <24.572432, 36.454285, 34.794273>, 0.130000
	pigment { color rgbt <1,0,0,0> }
	no_shadow
}

// nucleotide -1

// particle -1
sphere {
	<24.706059, 36.066078, 34.148769> 0.250000
	pigment { color rgbt <1,0,0,0> }
	no_shadow
}
cylinder {
	<24.907410, 35.882034, 34.441322>,  <25.028219, 35.771610, 34.616852>, 0.100000
	pigment { color rgbt <1,0,0,0> }
	no_shadow
}
cylinder {
	<24.907410, 35.882034, 34.441322>,  <24.706059, 36.066078, 34.148769>, 0.100000
	pigment { color rgbt <1,0,0,0> }
	no_shadow
}

// particle -1
sphere {
	<24.907410, 35.882034, 34.441322> 0.100000
	pigment { color rgbt <1,0,0,0> }
	no_shadow
}
sphere {
	0, 1
	scale<0.080000,0.200000,0.300000>
	matrix <-0.217851, -0.886672, -0.407865,
		0.836154, 0.045978, -0.546564,
		0.503376, -0.460107, 0.731379,
		25.058422, 35.744003, 34.660736>
	pigment { color rgbt <0,1,1,0> }
	no_shadow
}
cylinder {
	<25.035772, 35.504059, 33.849308>,  <24.706059, 36.066078, 34.148769>, 0.130000
	pigment { color rgbt <1,0,0,0> }
	no_shadow
}

// nucleotide -1

// particle -1
sphere {
	<25.035772, 35.504059, 33.849308> 0.250000
	pigment { color rgbt <1,0,0,0> }
	no_shadow
}
cylinder {
	<25.031227, 35.403114, 34.236336>,  <25.028500, 35.342548, 34.468552>, 0.100000
	pigment { color rgbt <1,0,0,0> }
	no_shadow
}
cylinder {
	<25.031227, 35.403114, 34.236336>,  <25.035772, 35.504059, 33.849308>, 0.100000
	pigment { color rgbt <1,0,0,0> }
	no_shadow
}

// particle -1
sphere {
	<25.031227, 35.403114, 34.236336> 0.100000
	pigment { color rgbt <1,0,0,0> }
	no_shadow
}
sphere {
	0, 1
	scale<0.080000,0.200000,0.300000>
	matrix <-0.122204, -0.960026, -0.251825,
		0.992440, -0.121102, -0.019930,
		-0.011363, -0.252357, 0.967567,
		25.027819, 35.327408, 34.526608>
	pigment { color rgbt <0,1,1,0> }
	no_shadow
}
cylinder {
	<25.586218, 34.985550, 34.061783>,  <25.035772, 35.504059, 33.849308>, 0.130000
	pigment { color rgbt <1,0,0,0> }
	no_shadow
}

// nucleotide -1

// particle -1
sphere {
	<25.586218, 34.985550, 34.061783> 0.250000
	pigment { color rgbt <1,0,0,0> }
	no_shadow
}
cylinder {
	<25.295315, 34.925571, 34.329697>,  <25.120773, 34.889584, 34.490444>, 0.100000
	pigment { color rgbt <1,0,0,0> }
	no_shadow
}
cylinder {
	<25.295315, 34.925571, 34.329697>,  <25.586218, 34.985550, 34.061783>, 0.100000
	pigment { color rgbt <1,0,0,0> }
	no_shadow
}

// particle -1
sphere {
	<25.295315, 34.925571, 34.329697> 0.100000
	pigment { color rgbt <1,0,0,0> }
	no_shadow
}
sphere {
	0, 1
	scale<0.080000,0.200000,0.300000>
	matrix <-0.257089, -0.845295, -0.468383,
		0.636399, -0.512829, 0.576197,
		-0.727256, -0.149945, 0.669787,
		25.077137, 34.880589, 34.530632>
	pigment { color rgbt <0,1,1,0> }
	no_shadow
}
cylinder {
	<25.601929, 34.328938, 34.464798>,  <25.586218, 34.985550, 34.061783>, 0.130000
	pigment { color rgbt <1,0,0,0> }
	no_shadow
}

// nucleotide -1

// particle -1
sphere {
	<25.601929, 34.328938, 34.464798> 0.250000
	pigment { color rgbt <1,0,0,0> }
	no_shadow
}
cylinder {
	<25.232180, 34.451664, 34.374115>,  <25.010330, 34.525299, 34.319706>, 0.100000
	pigment { color rgbt <1,0,0,0> }
	no_shadow
}
cylinder {
	<25.232180, 34.451664, 34.374115>,  <25.601929, 34.328938, 34.464798>, 0.100000
	pigment { color rgbt <1,0,0,0> }
	no_shadow
}

// particle -1
sphere {
	<25.232180, 34.451664, 34.374115> 0.100000
	pigment { color rgbt <1,0,0,0> }
	no_shadow
}
sphere {
	0, 1
	scale<0.080000,0.200000,0.300000>
	matrix <-0.147249, -0.835182, -0.529895,
		-0.351921, -0.456440, 0.817199,
		-0.924375, 0.306813, -0.226708,
		24.954866, 34.543709, 34.306103>
	pigment { color rgbt <0,1,1,0> }
	no_shadow
}
cylinder {
	<26.242027, 34.292423, 34.591785>,  <25.601929, 34.328938, 34.464798>, 0.130000
	pigment { color rgbt <1,0,0,0> }
	no_shadow
}

// nucleotide -1

// particle -1
sphere {
	<26.242027, 34.292423, 34.591785> 0.250000
	pigment { color rgbt <1,0,0,0> }
	no_shadow
}
cylinder {
	<25.934954, 34.174259, 34.819256>,  <25.750710, 34.103359, 34.955738>, 0.100000
	pigment { color rgbt <1,0,0,0> }
	no_shadow
}
cylinder {
	<25.934954, 34.174259, 34.819256>,  <26.242027, 34.292423, 34.591785>, 0.100000
	pigment { color rgbt <1,0,0,0> }
	no_shadow
}

// particle -1
sphere {
	<25.934954, 34.174259, 34.819256> 0.100000
	pigment { color rgbt <1,0,0,0> }
	no_shadow
}
sphere {
	0, 1
	scale<0.080000,0.200000,0.300000>
	matrix <-0.024063, -0.873496, -0.486237,
		0.640377, -0.386960, 0.663460,
		-0.767683, -0.295410, 0.568678,
		25.704649, 34.085636, 34.989861>
	pigment { color rgbt <0,1,1,0> }
	no_shadow
}
cylinder {
	<26.676113, 33.842316, 34.175888>,  <26.242027, 34.292423, 34.591785>, 0.130000
	pigment { color rgbt <1,0,0,0> }
	no_shadow
}

// nucleotide -1

// particle -1
sphere {
	<26.676113, 33.842316, 34.175888> 0.250000
	pigment { color rgbt <1,0,0,0> }
	no_shadow
}
cylinder {
	<26.945728, 33.578999, 34.309944>,  <27.107498, 33.421009, 34.390377>, 0.100000
	pigment { color rgbt <1,0,0,0> }
	no_shadow
}
cylinder {
	<26.945728, 33.578999, 34.309944>,  <26.676113, 33.842316, 34.175888>, 0.100000
	pigment { color rgbt <1,0,0,0> }
	no_shadow
}

// particle -1
sphere {
	<26.945728, 33.578999, 34.309944> 0.100000
	pigment { color rgbt <1,0,0,0> }
	no_shadow
}
sphere {
	0, 1
	scale<0.080000,0.200000,0.300000>
	matrix <0.714825, 0.695668, -0.071211,
		-0.186269, 0.287565, 0.939473,
		0.674039, -0.658295, 0.335140,
		27.147940, 33.381512, 34.410488>
	pigment { color rgbt <0,1,1,0> }
	no_shadow
}
cylinder {
	<26.998676, 34.101082, 34.878891>,  <26.676113, 33.842316, 34.175888>, 0.130000
	pigment { color rgbt <1,0,0,0> }
	no_shadow
}

// nucleotide -1

// particle -1
sphere {
	<26.998676, 34.101082, 34.878891> 0.250000
	pigment { color rgbt <1,0,0,0> }
	no_shadow
}
cylinder {
	<27.245344, 33.867424, 34.667801>,  <27.393345, 33.727230, 34.541149>, 0.100000
	pigment { color rgbt <1,0,0,0> }
	no_shadow
}
cylinder {
	<27.245344, 33.867424, 34.667801>,  <26.998676, 34.101082, 34.878891>, 0.100000
	pigment { color rgbt <1,0,0,0> }
	no_shadow
}

// particle -1
sphere {
	<27.245344, 33.867424, 34.667801> 0.100000
	pigment { color rgbt <1,0,0,0> }
	no_shadow
}
sphere {
	0, 1
	scale<0.080000,0.200000,0.300000>
	matrix <0.648074, 0.757266, -0.080930,
		0.446901, -0.292096, 0.845553,
		0.616669, -0.584148, -0.527722,
		27.430346, 33.692181, 34.509483>
	pigment { color rgbt <0,1,1,0> }
	no_shadow
}
cylinder {
	<27.584257, 34.279968, 35.111912>,  <26.998676, 34.101082, 34.878891>, 0.130000
	pigment { color rgbt <1,0,0,0> }
	no_shadow
}

// nucleotide -1

// particle -1
sphere {
	<27.584257, 34.279968, 35.111912> 0.250000
	pigment { color rgbt <1,0,0,0> }
	no_shadow
}
cylinder {
	<27.714581, 34.105919, 34.776169>,  <27.792774, 34.001492, 34.574722>, 0.100000
	pigment { color rgbt <1,0,0,0> }
	no_shadow
}
cylinder {
	<27.714581, 34.105919, 34.776169>,  <27.584257, 34.279968, 35.111912>, 0.100000
	pigment { color rgbt <1,0,0,0> }
	no_shadow
}

// particle -1
sphere {
	<27.714581, 34.105919, 34.776169> 0.100000
	pigment { color rgbt <1,0,0,0> }
	no_shadow
}
sphere {
	0, 1
	scale<0.080000,0.200000,0.300000>
	matrix <0.643386, 0.752560, -0.140385,
		0.692750, -0.494292, 0.525141,
		0.325809, -0.435120, -0.839356,
		27.812323, 33.975384, 34.524361>
	pigment { color rgbt <0,1,1,0> }
	no_shadow
}
cylinder {
	<28.281347, 34.499477, 35.081646>,  <27.584257, 34.279968, 35.111912>, 0.130000
	pigment { color rgbt <1,0,0,0> }
	no_shadow
}

// nucleotide -1

// particle -1
sphere {
	<28.281347, 34.499477, 35.081646> 0.250000
	pigment { color rgbt <1,0,0,0> }
	no_shadow
}
cylinder {
	<28.221209, 34.390675, 34.701454>,  <28.185125, 34.325394, 34.473339>, 0.100000
	pigment { color rgbt <1,0,0,0> }
	no_shadow
}
cylinder {
	<28.221209, 34.390675, 34.701454>,  <28.281347, 34.499477, 35.081646>, 0.100000
	pigment { color rgbt <1,0,0,0> }
	no_shadow
}

// particle -1
sphere {
	<28.221209, 34.390675, 34.701454> 0.100000
	pigment { color rgbt <1,0,0,0> }
	no_shadow
}
sphere {
	0, 1
	scale<0.080000,0.200000,0.300000>
	matrix <0.627632, 0.716558, -0.304339,
		0.763855, -0.642307, 0.062988,
		-0.150344, -0.272004, -0.950479,
		28.176105, 34.309074, 34.416309>
	pigment { color rgbt <0,1,1,0> }
	no_shadow
}
cylinder {
	<28.914141, 34.625866, 34.786499>,  <28.281347, 34.499477, 35.081646>, 0.130000
	pigment { color rgbt <1,0,0,0> }
	no_shadow
}

// nucleotide -1

// particle -1
sphere {
	<28.914141, 34.625866, 34.786499> 0.250000
	pigment { color rgbt <1,0,0,0> }
	no_shadow
}
cylinder {
	<28.642012, 34.637985, 34.493584>,  <28.478735, 34.645256, 34.317837>, 0.100000
	pigment { color rgbt <1,0,0,0> }
	no_shadow
}
cylinder {
	<28.642012, 34.637985, 34.493584>,  <28.914141, 34.625866, 34.786499>, 0.100000
	pigment { color rgbt <1,0,0,0> }
	no_shadow
}

// particle -1
sphere {
	<28.642012, 34.637985, 34.493584> 0.100000
	pigment { color rgbt <1,0,0,0> }
	no_shadow
}
sphere {
	0, 1
	scale<0.080000,0.200000,0.300000>
	matrix <0.497240, 0.753107, -0.430792,
		0.538436, -0.657200, -0.527424,
		-0.680323, 0.030302, -0.732286,
		28.437914, 34.647076, 34.273899>
	pigment { color rgbt <0,1,1,0> }
	no_shadow
}
cylinder {
	<29.489670, 34.564434, 34.547047>,  <28.914141, 34.625866, 34.786499>, 0.130000
	pigment { color rgbt <1,0,0,0> }
	no_shadow
}

// nucleotide -1

// particle -1
sphere {
	<29.489670, 34.564434, 34.547047> 0.250000
	pigment { color rgbt <1,0,0,0> }
	no_shadow
}
cylinder {
	<29.338568, 34.589069, 34.916588>,  <29.247906, 34.603851, 35.138313>, 0.100000
	pigment { color rgbt <1,0,0,0> }
	no_shadow
}
cylinder {
	<29.338568, 34.589069, 34.916588>,  <29.489670, 34.564434, 34.547047>, 0.100000
	pigment { color rgbt <1,0,0,0> }
	no_shadow
}

// particle -1
sphere {
	<29.338568, 34.589069, 34.916588> 0.100000
	pigment { color rgbt <1,0,0,0> }
	no_shadow
}
sphere {
	0, 1
	scale<0.080000,0.200000,0.300000>
	matrix <0.272943, -0.946039, 0.174676,
		0.884761, 0.318145, 0.340562,
		-0.377758, 0.061593, 0.923854,
		29.225241, 34.607548, 35.193745>
	pigment { color rgbt <0,1,1,0> }
	no_shadow
}
cylinder {
	<29.528336, 34.108528, 33.963558>,  <29.489670, 34.564434, 34.547047>, 0.130000
	pigment { color rgbt <1,0,0,0> }
	no_shadow
}

// nucleotide -1

// particle -1
sphere {
	<29.528336, 34.108528, 33.963558> 0.250000
	pigment { color rgbt <1,0,0,0> }
	no_shadow
}
cylinder {
	<29.150158, 34.181801, 33.855801>,  <28.923250, 34.225765, 33.791145>, 0.100000
	pigment { color rgbt <1,0,0,0> }
	no_shadow
}
cylinder {
	<29.150158, 34.181801, 33.855801>,  <29.528336, 34.108528, 33.963558>, 0.100000
	pigment { color rgbt <1,0,0,0> }
	no_shadow
}

// particle -1
sphere {
	<29.150158, 34.181801, 33.855801> 0.100000
	pigment { color rgbt <1,0,0,0> }
	no_shadow
}
sphere {
	0, 1
	scale<0.080000,0.200000,0.300000>
	matrix <0.318161, 0.696953, -0.642674,
		0.070030, -0.693325, -0.717214,
		-0.945446, 0.183183, -0.269397,
		28.866524, 34.236755, 33.774982>
	pigment { color rgbt <0,1,1,0> }
	no_shadow
}
cylinder {
	<29.505981, 34.132069, 33.184315>,  <29.528336, 34.108528, 33.963558>, 0.130000
	pigment { color rgbt <1,0,0,0> }
	no_shadow
}

// nucleotide -1

// particle -1
sphere {
	<29.505981, 34.132069, 33.184315> 0.250000
	pigment { color rgbt <1,0,0,0> }
	no_shadow
}
cylinder {
	<29.206085, 34.344902, 33.341679>,  <29.026148, 34.472603, 33.436096>, 0.100000
	pigment { color rgbt <1,0,0,0> }
	no_shadow
}
cylinder {
	<29.206085, 34.344902, 33.341679>,  <29.505981, 34.132069, 33.184315>, 0.100000
	pigment { color rgbt <1,0,0,0> }
	no_shadow
}

// particle -1
sphere {
	<29.206085, 34.344902, 33.341679> 0.100000
	pigment { color rgbt <1,0,0,0> }
	no_shadow
}
sphere {
	0, 1
	scale<0.080000,0.200000,0.300000>
	matrix <0.356427, 0.825620, -0.437391,
		-0.557538, -0.187707, -0.808652,
		-0.749741, 0.532087, 0.393411,
		28.981163, 34.504528, 33.459702>
	pigment { color rgbt <0,1,1,0> }
	no_shadow
}
cylinder {
	<29.160625, 34.485405, 32.624424>,  <29.505981, 34.132069, 33.184315>, 0.130000
	pigment { color rgbt <1,0,0,0> }
	no_shadow
}

// nucleotide -1

// particle -1
sphere {
	<29.160625, 34.485405, 32.624424> 0.250000
	pigment { color rgbt <1,0,0,0> }
	no_shadow
}
cylinder {
	<29.056002, 34.702675, 32.943562>,  <28.993227, 34.833038, 33.135044>, 0.100000
	pigment { color rgbt <1,0,0,0> }
	no_shadow
}
cylinder {
	<29.056002, 34.702675, 32.943562>,  <29.160625, 34.485405, 32.624424>, 0.100000
	pigment { color rgbt <1,0,0,0> }
	no_shadow
}

// particle -1
sphere {
	<29.056002, 34.702675, 32.943562> 0.100000
	pigment { color rgbt <1,0,0,0> }
	no_shadow
}
sphere {
	0, 1
	scale<0.080000,0.200000,0.300000>
	matrix <0.267029, 0.835075, -0.480983,
		-0.927514, 0.087242, -0.363464,
		-0.261558, 0.543174, 0.797840,
		28.977535, 34.865627, 33.182915>
	pigment { color rgbt <0,1,1,0> }
	no_shadow
}
cylinder {
	<28.773275, 35.075520, 32.292210>,  <29.160625, 34.485405, 32.624424>, 0.130000
	pigment { color rgbt <1,0,0,0> }
	no_shadow
}

// nucleotide -1

// particle -1
sphere {
	<28.773275, 35.075520, 32.292210> 0.250000
	pigment { color rgbt <1,0,0,0> }
	no_shadow
}
cylinder {
	<28.921497, 35.167156, 32.652256>,  <29.010431, 35.222137, 32.868282>, 0.100000
	pigment { color rgbt <1,0,0,0> }
	no_shadow
}
cylinder {
	<28.921497, 35.167156, 32.652256>,  <28.773275, 35.075520, 32.292210>, 0.100000
	pigment { color rgbt <1,0,0,0> }
	no_shadow
}

// particle -1
sphere {
	<28.921497, 35.167156, 32.652256> 0.100000
	pigment { color rgbt <1,0,0,0> }
	no_shadow
}
sphere {
	0, 1
	scale<0.080000,0.200000,0.300000>
	matrix <0.397492, 0.836762, -0.376603,
		-0.839458, 0.497341, 0.219005,
		0.370555, 0.229090, 0.900115,
		29.032663, 35.235882, 32.922291>
	pigment { color rgbt <0,1,1,0> }
	no_shadow
}
cylinder {
	<29.236853, 35.596485, 32.534309>,  <28.773275, 35.075520, 32.292210>, 0.130000
	pigment { color rgbt <1,0,0,0> }
	no_shadow
}

// nucleotide -1

// particle -1
sphere {
	<29.236853, 35.596485, 32.534309> 0.250000
	pigment { color rgbt <1,0,0,0> }
	no_shadow
}
cylinder {
	<29.084358, 35.868881, 32.784401>,  <28.992861, 36.032318, 32.934456>, 0.100000
	pigment { color rgbt <1,0,0,0> }
	no_shadow
}
cylinder {
	<29.084358, 35.868881, 32.784401>,  <29.236853, 35.596485, 32.534309>, 0.100000
	pigment { color rgbt <1,0,0,0> }
	no_shadow
}

// particle -1
sphere {
	<29.084358, 35.868881, 32.784401> 0.100000
	pigment { color rgbt <1,0,0,0> }
	no_shadow
}
sphere {
	0, 1
	scale<0.080000,0.200000,0.300000>
	matrix <-0.082064, -0.698559, 0.710831,
		0.920828, 0.219686, 0.322200,
		-0.381235, 0.680994, 0.625225,
		28.969988, 36.073181, 32.971970>
	pigment { color rgbt <0,1,1,0> }
	no_shadow
}
cylinder {
	<29.670332, 35.664536, 33.193123>,  <29.236853, 35.596485, 32.534309>, 0.130000
	pigment { color rgbt <1,0,0,0> }
	no_shadow
}

// nucleotide -1

// particle -1
sphere {
	<29.670332, 35.664536, 33.193123> 0.250000
	pigment { color rgbt <1,0,0,0> }
	no_shadow
}
cylinder {
	<29.280016, 35.748440, 33.217876>,  <29.045826, 35.798782, 33.232731>, 0.100000
	pigment { color rgbt <1,0,0,0> }
	no_shadow
}
cylinder {
	<29.280016, 35.748440, 33.217876>,  <29.670332, 35.664536, 33.193123>, 0.100000
	pigment { color rgbt <1,0,0,0> }
	no_shadow
}

// particle -1
sphere {
	<29.280016, 35.748440, 33.217876> 0.100000
	pigment { color rgbt <1,0,0,0> }
	no_shadow
}
sphere {
	0, 1
	scale<0.080000,0.200000,0.300000>
	matrix <-0.143879, -0.828834, 0.540678,
		0.164708, 0.518685, 0.838950,
		-0.975792, 0.209761, 0.061888,
		28.987278, 35.811367, 33.236443>
	pigment { color rgbt <0,1,1,0> }
	no_shadow
}
cylinder {
	<29.444466, 35.699238, 33.912373>,  <29.670332, 35.664536, 33.193123>, 0.130000
	pigment { color rgbt <1,0,0,0> }
	no_shadow
}

// nucleotide -1

// particle -1
sphere {
	<29.444466, 35.699238, 33.912373> 0.250000
	pigment { color rgbt <1,0,0,0> }
	no_shadow
}
cylinder {
	<29.165213, 35.580502, 33.651760>,  <28.997662, 35.509258, 33.495392>, 0.100000
	pigment { color rgbt <1,0,0,0> }
	no_shadow
}
cylinder {
	<29.165213, 35.580502, 33.651760>,  <29.444466, 35.699238, 33.912373>, 0.100000
	pigment { color rgbt <1,0,0,0> }
	no_shadow
}

// particle -1
sphere {
	<29.165213, 35.580502, 33.651760> 0.100000
	pigment { color rgbt <1,0,0,0> }
	no_shadow
}
sphere {
	0, 1
	scale<0.080000,0.200000,0.300000>
	matrix <-0.218745, -0.778059, 0.588875,
