// switches for output
#declare DRAW_BASES = 1; // possible values are 0, 1; only relevant for DNA ribbons
#declare DRAW_BASES_TYPE = 3; // possible values are 1, 2, 3; only relevant for DNA ribbons
#declare DRAW_FOG = 0; // set to 1 to enable fog

#include "colors.inc"

#include "transforms.inc"
background { rgb <1, 1, 1>}

#default {
   normal{
       ripples 0.25
       frequency 0.20
       turbulence 0.2
       lambda 5
   }
	finish {
		phong 0.1
		phong_size 40.
	}
}

// original window dimensions: 1024x640


// camera settings

camera {
	sky <0, 0.179814, -0.983701>
	up <0, 0.179814, -0.983701>
	right 1.6 * <1, 0, 0>
	location <35, 94.9851, 44.8844>
	look_at <35, 29.7336, 32.9568>
	direction <0, -65.2515, -11.9276>
	angle 67.0682
}


# declare cpy_camera_pos = <35, 94.9851, 44.8844>;
# if (DRAW_FOG = 1)
fog {
	fog_type 2
	up vnormalize(cpy_camera_pos)
	color rgbt<1,1,1,0.3>
	distance 1e-5
	fog_alt 3e-3
	fog_offset 56
}
# end


// LIGHTS

# declare lum = 6;
global_settings {
	ambient_light rgb lum * <0.05, 0.05, 0.05>
	max_trace_level 15
}# declare cpy_direct_light_amount = 0.25;
light_source
{	1000 * <-1, -1.16352, -0.803886>,
	rgb lum * cpy_direct_light_amount
	parallel
}

light_source
{	1000 * <1, 1.16352, 0.803886>,
	rgb lum * cpy_direct_light_amount
	parallel
}

// strand 0

// nucleotide -1

// particle -1
sphere {
	<24.470112, 35.083694, 35.332512> 0.250000
	pigment { color rgbt <1,0,0,0> }
	no_shadow
}
cylinder {
	<24.320404, 34.914822, 35.002254>,  <24.230579, 34.813496, 34.804100>, 0.100000
	pigment { color rgbt <1,0,0,0> }
	no_shadow
}
cylinder {
	<24.320404, 34.914822, 35.002254>,  <24.470112, 35.083694, 35.332512>, 0.100000
	pigment { color rgbt <1,0,0,0> }
	no_shadow
}

// particle -1
sphere {
	<24.320404, 34.914822, 35.002254> 0.100000
	pigment { color rgbt <1,0,0,0> }
	no_shadow
}
sphere {
	0, 1
	scale<0.080000,0.200000,0.300000>
	matrix <-0.255156, 0.902869, -0.346010,
		0.891524, 0.081165, -0.445642,
		-0.374273, -0.422184, -0.825639,
		24.208122, 34.788166, 34.754562>
	pigment { color rgbt <0,1,1,0> }
	no_shadow
}
cylinder {
	<25.109257, 34.824364, 35.029797>,  <24.470112, 35.083694, 35.332512>, 0.130000
	pigment { color rgbt <1,0,0,0> }
	no_shadow
}

// nucleotide -1

// particle -1
sphere {
	<25.109257, 34.824364, 35.029797> 0.250000
	pigment { color rgbt <1,0,0,0> }
	no_shadow
}
cylinder {
	<25.504644, 34.785469, 34.983376>,  <25.741877, 34.762131, 34.955521>, 0.100000
	pigment { color rgbt <1,0,0,0> }
	no_shadow
}
cylinder {
	<25.504644, 34.785469, 34.983376>,  <25.109257, 34.824364, 35.029797>, 0.100000
	pigment { color rgbt <1,0,0,0> }
	no_shadow
}

// particle -1
sphere {
	<25.504644, 34.785469, 34.983376> 0.100000
	pigment { color rgbt <1,0,0,0> }
	no_shadow
}
sphere {
	0, 1
	scale<0.080000,0.200000,0.300000>
	matrix <-0.140546, -0.874387, -0.464429,
		-0.056315, 0.475386, -0.877973,
		0.988471, -0.097241, -0.116055,
		25.801186, 34.756298, 34.948559>
	pigment { color rgbt <0,1,1,0> }
	no_shadow
}
cylinder {
	<25.308197, 34.835144, 34.233528>,  <25.109257, 34.824364, 35.029797>, 0.130000
	pigment { color rgbt <1,0,0,0> }
	no_shadow
}

// nucleotide -1

// particle -1
sphere {
	<25.308197, 34.835144, 34.233528> 0.250000
	pigment { color rgbt <1,0,0,0> }
	no_shadow
}
cylinder {
	<25.573227, 34.637268, 34.458485>,  <25.732244, 34.518543, 34.593460>, 0.100000
	pigment { color rgbt <1,0,0,0> }
	no_shadow
}
cylinder {
	<25.573227, 34.637268, 34.458485>,  <25.308197, 34.835144, 34.233528>, 0.100000
	pigment { color rgbt <1,0,0,0> }
	no_shadow
}

// particle -1
sphere {
	<25.573227, 34.637268, 34.458485> 0.100000
	pigment { color rgbt <1,0,0,0> }
	no_shadow
}
sphere {
	0, 1
	scale<0.080000,0.200000,0.300000>
	matrix <-0.036093, -0.771072, -0.635724,
		0.748128, 0.400915, -0.528746,
		0.662573, -0.494687, 0.562390,
		25.771999, 34.488861, 34.627201>
	pigment { color rgbt <0,1,1,0> }
	no_shadow
}
cylinder {
	<25.798161, 34.582272, 33.778751>,  <25.308197, 34.835144, 34.233528>, 0.130000
	pigment { color rgbt <1,0,0,0> }
	no_shadow
}

// nucleotide -1

// particle -1
sphere {
	<25.798161, 34.582272, 33.778751> 0.250000
	pigment { color rgbt <1,0,0,0> }
	no_shadow
}
cylinder {
	<25.837687, 34.359627, 34.108700>,  <25.861403, 34.226040, 34.306671>, 0.100000
	pigment { color rgbt <1,0,0,0> }
	no_shadow
}
cylinder {
	<25.837687, 34.359627, 34.108700>,  <25.798161, 34.582272, 33.778751>, 0.100000
	pigment { color rgbt <1,0,0,0> }
	no_shadow
}

// particle -1
sphere {
	<25.837687, 34.359627, 34.108700> 0.100000
	pigment { color rgbt <1,0,0,0> }
	no_shadow
}
sphere {
	0, 1
	scale<0.080000,0.200000,0.300000>
	matrix <0.011142, -0.828259, -0.560235,
		0.995043, 0.064551, -0.075644,
		0.098816, -0.556615, 0.824873,
		25.867331, 34.192642, 34.356163>
	pigment { color rgbt <0,1,1,0> }
	no_shadow
}
cylinder {
	<26.331161, 34.229237, 33.721756>,  <25.798161, 34.582272, 33.778751>, 0.130000
	pigment { color rgbt <1,0,0,0> }
	no_shadow
}

// nucleotide -1

// particle -1
sphere {
	<26.331161, 34.229237, 33.721756> 0.250000
	pigment { color rgbt <1,0,0,0> }
	no_shadow
}
cylinder {
	<26.105202, 34.015152, 33.972973>,  <25.969625, 33.886700, 34.123703>, 0.100000
	pigment { color rgbt <1,0,0,0> }
	no_shadow
}
cylinder {
	<26.105202, 34.015152, 33.972973>,  <26.331161, 34.229237, 33.721756>, 0.100000
	pigment { color rgbt <1,0,0,0> }
	no_shadow
}

// particle -1
sphere {
	<26.105202, 34.015152, 33.972973> 0.100000
	pigment { color rgbt <1,0,0,0> }
	no_shadow
}
sphere {
	0, 1
	scale<0.080000,0.200000,0.300000>
	matrix <0.022487, -0.770820, -0.636657,
		0.824853, -0.345524, 0.447471,
		-0.564900, -0.535210, 0.628043,
		25.935732, 33.854588, 34.161385>
	pigment { color rgbt <0,1,1,0> }
	no_shadow
}
cylinder {
	<26.600168, 33.545742, 33.893379>,  <26.331161, 34.229237, 33.721756>, 0.130000
	pigment { color rgbt <1,0,0,0> }
	no_shadow
}

// nucleotide -1

// particle -1
sphere {
	<26.600168, 33.545742, 33.893379> 0.250000
	pigment { color rgbt <1,0,0,0> }
	no_shadow
}
cylinder {
	<26.208311, 33.484715, 33.945568>,  <25.973196, 33.448097, 33.976879>, 0.100000
	pigment { color rgbt <1,0,0,0> }
	no_shadow
}
cylinder {
	<26.208311, 33.484715, 33.945568>,  <26.600168, 33.545742, 33.893379>, 0.100000
	pigment { color rgbt <1,0,0,0> }
	no_shadow
}

// particle -1
sphere {
	<26.208311, 33.484715, 33.945568> 0.100000
	pigment { color rgbt <1,0,0,0> }
	no_shadow
}
sphere {
	0, 1
	scale<0.080000,0.200000,0.300000>
	matrix <0.044254, -0.798060, -0.600951,
		0.195808, -0.582944, 0.788566,
		-0.979643, -0.152568, 0.130469,
		25.914417, 33.438946, 33.984707>
	pigment { color rgbt <0,1,1,0> }
	no_shadow
}
cylinder {
	<26.547688, 32.895111, 34.081257>,  <26.600168, 33.545742, 33.893379>, 0.130000
	pigment { color rgbt <1,0,0,0> }
	no_shadow
}

// nucleotide -1

// particle -1
sphere {
	<26.547688, 32.895111, 34.081257> 0.250000
	pigment { color rgbt <1,0,0,0> }
	no_shadow
}
cylinder {
	<26.187059, 32.989838, 33.936432>,  <25.970682, 33.046673, 33.849537>, 0.100000
	pigment { color rgbt <1,0,0,0> }
	no_shadow
}
cylinder {
	<26.187059, 32.989838, 33.936432>,  <26.547688, 32.895111, 34.081257>, 0.100000
	pigment { color rgbt <1,0,0,0> }
	no_shadow
}

// particle -1
sphere {
	<26.187059, 32.989838, 33.936432> 0.100000
	pigment { color rgbt <1,0,0,0> }
	no_shadow
}
sphere {
	0, 1
	scale<0.080000,0.200000,0.300000>
	matrix <0.035456, -0.793621, -0.607378,
		-0.431179, -0.560431, 0.707108,
		-0.901570, 0.236817, -0.362063,
		25.916588, 33.060883, 33.827812>
	pigment { color rgbt <0,1,1,0> }
	no_shadow
}
cylinder {
	<25.985659, 32.342117, 34.140289>,  <26.547688, 32.895111, 34.081257>, 0.130000
	pigment { color rgbt <1,0,0,0> }
	no_shadow
}

// nucleotide -1

// particle -1
sphere {
	<25.985659, 32.342117, 34.140289> 0.250000
	pigment { color rgbt <1,0,0,0> }
	no_shadow
}
cylinder {
	<25.856884, 32.566505, 33.835220>,  <25.779619, 32.701138, 33.652180>, 0.100000
	pigment { color rgbt <1,0,0,0> }
	no_shadow
}
cylinder {
	<25.856884, 32.566505, 33.835220>,  <25.985659, 32.342117, 34.140289>, 0.100000
	pigment { color rgbt <1,0,0,0> }
	no_shadow
}

// particle -1
sphere {
	<25.856884, 32.566505, 33.835220> 0.100000
	pigment { color rgbt <1,0,0,0> }
	no_shadow
}
sphere {
	0, 1
	scale<0.080000,0.200000,0.300000>
	matrix <-0.112948, -0.822564, -0.557343,
		-0.939999, -0.093287, 0.328175,
		-0.321938, 0.560968, -0.762673,
		25.760303, 32.734795, 33.606419>
	pigment { color rgbt <0,1,1,0> }
	no_shadow
}
cylinder {
	<25.397982, 31.984081, 33.943764>,  <25.985659, 32.342117, 34.140289>, 0.130000
	pigment { color rgbt <1,0,0,0> }
	no_shadow
}

// nucleotide -1

// particle -1
sphere {
	<25.397982, 31.984081, 33.943764> 0.250000
	pigment { color rgbt <1,0,0,0> }
	no_shadow
}
cylinder {
	<25.491590, 32.218399, 33.633389>,  <25.547756, 32.358990, 33.447163>, 0.100000
	pigment { color rgbt <1,0,0,0> }
	no_shadow
}
cylinder {
	<25.491590, 32.218399, 33.633389>,  <25.397982, 31.984081, 33.943764>, 0.100000
	pigment { color rgbt <1,0,0,0> }
	no_shadow
}

// particle -1
sphere {
	<25.491590, 32.218399, 33.633389> 0.100000
	pigment { color rgbt <1,0,0,0> }
	no_shadow
}
sphere {
	0, 1
	scale<0.080000,0.200000,0.300000>
	matrix <-0.042079, -0.791249, -0.610044,
		-0.971320, 0.175415, -0.160521,
		0.234023, 0.585794, -0.775938,
		25.561798, 32.394138, 33.400608>
	pigment { color rgbt <0,1,1,0> }
	no_shadow
}
cylinder {
	<24.944460, 31.804462, 33.392887>,  <25.397982, 31.984081, 33.943764>, 0.130000
	pigment { color rgbt <1,0,0,0> }
	no_shadow
}

// nucleotide -1

// particle -1
sphere {
	<24.944460, 31.804462, 33.392887> 0.250000
	pigment { color rgbt <1,0,0,0> }
	no_shadow
}
cylinder {
	<25.272453, 31.984400, 33.251312>,  <25.469250, 32.092361, 33.166367>, 0.100000
	pigment { color rgbt <1,0,0,0> }
	no_shadow
}
cylinder {
	<25.272453, 31.984400, 33.251312>,  <24.944460, 31.804462, 33.392887>, 0.100000
	pigment { color rgbt <1,0,0,0> }
	no_shadow
}

// particle -1
sphere {
	<25.272453, 31.984400, 33.251312> 0.100000
	pigment { color rgbt <1,0,0,0> }
	no_shadow
}
sphere {
	0, 1
	scale<0.080000,0.200000,0.300000>
	matrix <0.081321, -0.703633, -0.705895,
		-0.566581, 0.550040, -0.613548,
		0.819983, 0.449842, -0.353935,
		25.518448, 32.119350, 33.145130>
	pigment { color rgbt <0,1,1,0> }
	no_shadow
}
cylinder {
	<24.833603, 31.716139, 32.650238>,  <24.944460, 31.804462, 33.392887>, 0.130000
	pigment { color rgbt <1,0,0,0> }
	no_shadow
}

// nucleotide -1

// particle -1
sphere {
	<24.833603, 31.716139, 32.650238> 0.250000
	pigment { color rgbt <1,0,0,0> }
	no_shadow
}
cylinder {
	<25.223783, 31.794184, 32.691074>,  <25.457891, 31.841011, 32.715576>, 0.100000
	pigment { color rgbt <1,0,0,0> }
	no_shadow
}
cylinder {
	<25.223783, 31.794184, 32.691074>,  <24.833603, 31.716139, 32.650238>, 0.100000
	pigment { color rgbt <1,0,0,0> }
	no_shadow
}

// particle -1
sphere {
	<25.223783, 31.794184, 32.691074> 0.100000
	pigment { color rgbt <1,0,0,0> }
	no_shadow
}
sphere {
	0, 1
	scale<0.080000,0.200000,0.300000>
	matrix <0.214345, -0.735007, -0.643290,
		-0.050477, 0.649381, -0.758786,
		0.975453, 0.195113, 0.102091,
		25.516418, 31.852718, 32.721703>
	pigment { color rgbt <0,1,1,0> }
	no_shadow
}
cylinder {
	<25.151905, 31.606804, 32.025471>,  <24.833603, 31.716139, 32.650238>, 0.130000
	pigment { color rgbt <1,0,0,0> }
	no_shadow
}

// nucleotide -1

// particle -1
sphere {
	<25.151905, 31.606804, 32.025471> 0.250000
	pigment { color rgbt <1,0,0,0> }
	no_shadow
}
cylinder {
	<25.422911, 31.568821, 32.317211>,  <25.585514, 31.546030, 32.492256>, 0.100000
	pigment { color rgbt <1,0,0,0> }
	no_shadow
}
cylinder {
	<25.422911, 31.568821, 32.317211>,  <25.151905, 31.606804, 32.025471>, 0.100000
	pigment { color rgbt <1,0,0,0> }
	no_shadow
}

// particle -1
sphere {
	<25.422911, 31.568821, 32.317211> 0.100000
	pigment { color rgbt <1,0,0,0> }
	no_shadow
}
sphere {
	0, 1
	scale<0.080000,0.200000,0.300000>
	matrix <0.417611, -0.766624, -0.487738,
		0.605457, 0.635035, -0.479742,
		0.677512, -0.094959, 0.729356,
		25.626163, 31.540333, 32.536018>
	pigment { color rgbt <0,1,1,0> }
	no_shadow
}
cylinder {
	<25.482147, 30.954651, 31.582186>,  <25.151905, 31.606804, 32.025471>, 0.130000
	pigment { color rgbt <1,0,0,0> }
	no_shadow
}

// nucleotide -1

// particle -1
sphere {
	<25.482147, 30.954651, 31.582186> 0.250000
	pigment { color rgbt <1,0,0,0> }
	no_shadow
}
cylinder {
	<25.837009, 30.799870, 31.682760>,  <26.049927, 30.707001, 31.743105>, 0.100000
	pigment { color rgbt <1,0,0,0> }
	no_shadow
}
cylinder {
	<25.837009, 30.799870, 31.682760>,  <25.482147, 30.954651, 31.582186>, 0.100000
	pigment { color rgbt <1,0,0,0> }
	no_shadow
}

// particle -1
sphere {
	<25.837009, 30.799870, 31.682760> 0.100000
	pigment { color rgbt <1,0,0,0> }
	no_shadow
}
sphere {
	0, 1
	scale<0.080000,0.200000,0.300000>
	matrix <0.183937, 0.796225, 0.576362,
		-0.423226, -0.465075, 0.777551,
		0.887157, -0.386952, 0.251438,
		26.103157, 30.683784, 31.758192>
	pigment { color rgbt <0,1,1,0> }
	no_shadow
}
cylinder {
	<25.541592, 30.706825, 32.216164>,  <25.482147, 30.954651, 31.582186>, 0.130000
	pigment { color rgbt <1,0,0,0> }
	no_shadow
}

// nucleotide -1

// particle -1
sphere {
	<25.541592, 30.706825, 32.216164> 0.250000
	pigment { color rgbt <1,0,0,0> }
	no_shadow
}
cylinder {
	<25.877132, 30.888105, 32.095539>,  <26.078457, 30.996874, 32.023167>, 0.100000
	pigment { color rgbt <1,0,0,0> }
	no_shadow
}
cylinder {
	<25.877132, 30.888105, 32.095539>,  <25.541592, 30.706825, 32.216164>, 0.100000
	pigment { color rgbt <1,0,0,0> }
	no_shadow
}

// particle -1
sphere {
	<25.877132, 30.888105, 32.095539> 0.100000
	pigment { color rgbt <1,0,0,0> }
	no_shadow
}
sphere {
	0, 1
	scale<0.080000,0.200000,0.300000>
	matrix <-0.184403, 0.757793, 0.625896,
		0.512175, -0.469425, 0.719247,
		0.838851, 0.453200, -0.301559,
		26.128788, 31.024065, 32.005070>
	pigment { color rgbt <0,1,1,0> }
	no_shadow
}
cylinder {
	<25.884281, 30.917570, 32.889259>,  <25.541592, 30.706825, 32.216164>, 0.130000
	pigment { color rgbt <1,0,0,0> }
	no_shadow
}

// nucleotide -1

// particle -1
sphere {
	<25.884281, 30.917570, 32.889259> 0.250000
	pigment { color rgbt <1,0,0,0> }
	no_shadow
}
cylinder {
	<26.035021, 31.117670, 32.577431>,  <26.125463, 31.237730, 32.390335>, 0.100000
	pigment { color rgbt <1,0,0,0> }
	no_shadow
}
cylinder {
	<26.035021, 31.117670, 32.577431>,  <25.884281, 30.917570, 32.889259>, 0.100000
	pigment { color rgbt <1,0,0,0> }
	no_shadow
}

// particle -1
sphere {
	<26.035021, 31.117670, 32.577431> 0.100000
	pigment { color rgbt <1,0,0,0> }
	no_shadow
}
sphere {
	0, 1
	scale<0.080000,0.200000,0.300000>
	matrix <-0.038102, 0.849281, 0.526564,
		0.925491, -0.168731, 0.339111,
		0.376848, 0.500251, -0.779573,
		26.148075, 31.267746, 32.343559>
	pigment { color rgbt <0,1,1,0> }
	no_shadow
}
cylinder {
	<26.471464, 31.458757, 33.113434>,  <25.884281, 30.917570, 32.889259>, 0.130000
	pigment { color rgbt <1,0,0,0> }
	no_shadow
}

// nucleotide -1

// particle -1
sphere {
	<26.471464, 31.458757, 33.113434> 0.250000
	pigment { color rgbt <1,0,0,0> }
	no_shadow
}
cylinder {
	<26.292778, 31.591475, 32.781082>,  <26.185566, 31.671104, 32.581673>, 0.100000
	pigment { color rgbt <1,0,0,0> }
	no_shadow
}
cylinder {
	<26.292778, 31.591475, 32.781082>,  <26.471464, 31.458757, 33.113434>, 0.100000
	pigment { color rgbt <1,0,0,0> }
	no_shadow
}

// particle -1
sphere {
	<26.292778, 31.591475, 32.781082> 0.100000
	pigment { color rgbt <1,0,0,0> }
	no_shadow
}
sphere {
	0, 1
	scale<0.080000,0.200000,0.300000>
	matrix <-0.169254, 0.880582, 0.442638,
		0.878521, 0.338363, -0.337212,
		-0.446715, 0.331792, -0.830879,
		26.158764, 31.691011, 32.531818>
	pigment { color rgbt <0,1,1,0> }
	no_shadow
}
cylinder {
	<26.814434, 32.078178, 32.869232>,  <26.471464, 31.458757, 33.113434>, 0.130000
	pigment { color rgbt <1,0,0,0> }
	no_shadow
}

// nucleotide -1

// particle -1
sphere {
	<26.814434, 32.078178, 32.869232> 0.250000
	pigment { color rgbt <1,0,0,0> }
	no_shadow
}
cylinder {
	<26.423767, 32.039288, 32.792633>,  <26.189367, 32.015953, 32.746674>, 0.100000
	pigment { color rgbt <1,0,0,0> }
	no_shadow
}
cylinder {
	<26.423767, 32.039288, 32.792633>,  <26.814434, 32.078178, 32.869232>, 0.100000
	pigment { color rgbt <1,0,0,0> }
	no_shadow
}

// particle -1
sphere {
	<26.423767, 32.039288, 32.792633> 0.100000
	pigment { color rgbt <1,0,0,0> }
	no_shadow
}
sphere {
	0, 1
	scale<0.080000,0.200000,0.300000>
	matrix <-0.184078, 0.838276, 0.513234,
		0.110626, 0.536508, -0.836613,
		-0.976667, -0.097225, -0.191494,
		26.130768, 32.010120, 32.735184>
	pigment { color rgbt <0,1,1,0> }
	no_shadow
}
cylinder {
	<26.536549, 32.725220, 32.542725>,  <26.814434, 32.078178, 32.869232>, 0.130000
	pigment { color rgbt <1,0,0,0> }
	no_shadow
}

// nucleotide -1

// particle -1
sphere {
	<26.536549, 32.725220, 32.542725> 0.250000
	pigment { color rgbt <1,0,0,0> }
	no_shadow
}
cylinder {
	<26.250422, 32.516502, 32.728649>,  <26.078745, 32.391273, 32.840206>, 0.100000
	pigment { color rgbt <1,0,0,0> }
	no_shadow
}
cylinder {
	<26.250422, 32.516502, 32.728649>,  <26.536549, 32.725220, 32.542725>, 0.100000
	pigment { color rgbt <1,0,0,0> }
	no_shadow
}

// particle -1
sphere {
	<26.250422, 32.516502, 32.728649> 0.100000
	pigment { color rgbt <1,0,0,0> }
	no_shadow
}
sphere {
	0, 1
	scale<0.080000,0.200000,0.300000>
	matrix <-0.197850, 0.789172, 0.581431,
		-0.670205, 0.323945, -0.667746,
		-0.715319, -0.521791, 0.464815,
		26.035826, 32.359966, 32.868095>
	pigment { color rgbt <0,1,1,0> }
	no_shadow
}
cylinder {
	<25.963411, 33.173027, 32.488811>,  <26.536549, 32.725220, 32.542725>, 0.130000
	pigment { color rgbt <1,0,0,0> }
	no_shadow
}

// nucleotide -1

// particle -1
sphere {
	<25.963411, 33.173027, 32.488811> 0.250000
	pigment { color rgbt <1,0,0,0> }
	no_shadow
}
cylinder {
	<25.845324, 32.922573, 32.777477>,  <25.774471, 32.772301, 32.950676>, 0.100000
	pigment { color rgbt <1,0,0,0> }
	no_shadow
}
cylinder {
	<25.845324, 32.922573, 32.777477>,  <25.963411, 33.173027, 32.488811>, 0.100000
	pigment { color rgbt <1,0,0,0> }
	no_shadow
}

// particle -1
sphere {
	<25.845324, 32.922573, 32.777477> 0.100000
	pigment { color rgbt <1,0,0,0> }
	no_shadow
}
sphere {
	0, 1
	scale<0.080000,0.200000,0.300000>
	matrix <-0.197522, 0.779012, 0.595085,
		-0.934789, 0.033136, -0.353655,
		-0.295220, -0.626133, 0.721667,
		25.756758, 32.734734, 32.993977>
	pigment { color rgbt <0,1,1,0> }
	no_shadow
}
cylinder {
	<25.312925, 33.529877, 32.622593>,  <25.963411, 33.173027, 32.488811>, 0.130000
	pigment { color rgbt <1,0,0,0> }
	no_shadow
}

// nucleotide -1

// particle -1
sphere {
	<25.312925, 33.529877, 32.622593> 0.250000
	pigment { color rgbt <1,0,0,0> }
	no_shadow
}
cylinder {
	<25.453852, 33.304604, 32.921577>,  <25.538408, 33.169441, 33.100967>, 0.100000
	pigment { color rgbt <1,0,0,0> }
	no_shadow
}
cylinder {
	<25.453852, 33.304604, 32.921577>,  <25.312925, 33.529877, 32.622593>, 0.100000
	pigment { color rgbt <1,0,0,0> }
	no_shadow
}

// particle -1
sphere {
	<25.453852, 33.304604, 32.921577> 0.100000
	pigment { color rgbt <1,0,0,0> }
	no_shadow
}
sphere {
	0, 1
	scale<0.080000,0.200000,0.300000>
	matrix <-0.322201, 0.676857, 0.661855,
		-0.878670, -0.474014, 0.057009,
		0.352315, -0.563183, 0.747462,
		25.559546, 33.135647, 33.145817>
	pigment { color rgbt <0,1,1,0> }
	no_shadow
}
cylinder {
	<25.196493, 33.847134, 33.213570>,  <25.312925, 33.529877, 32.622593>, 0.130000
	pigment { color rgbt <1,0,0,0> }
	no_shadow
}

// nucleotide -1

// particle -1
sphere {
	<25.196493, 33.847134, 33.213570> 0.250000
	pigment { color rgbt <1,0,0,0> }
	no_shadow
}
cylinder {
	<25.464346, 33.586056, 33.355320>,  <25.625057, 33.429409, 33.440369>, 0.100000
	pigment { color rgbt <1,0,0,0> }
	no_shadow
}
cylinder {
	<25.464346, 33.586056, 33.355320>,  <25.196493, 33.847134, 33.213570>, 0.100000
	pigment { color rgbt <1,0,0,0> }
	no_shadow
}

// particle -1
sphere {
	<25.464346, 33.586056, 33.355320> 0.100000
	pigment { color rgbt <1,0,0,0> }
	no_shadow
}
sphere {
	0, 1
	scale<0.080000,0.200000,0.300000>
	matrix <-0.011400, 0.468063, 0.883622,
		-0.742605, -0.595742, 0.305990,
		0.669633, -0.652693, 0.354377,
		25.665236, 33.390247, 33.461632>
	pigment { color rgbt <0,1,1,0> }
	no_shadow
}
cylinder {
	<24.708923, 33.375648, 33.361820>,  <25.196493, 33.847134, 33.213570>, 0.130000
	pigment { color rgbt <1,0,0,0> }
	no_shadow
}

// nucleotide -1

// particle -1
sphere {
	<24.708923, 33.375648, 33.361820> 0.250000
	pigment { color rgbt <1,0,0,0> }
	no_shadow
}
cylinder {
	<25.064863, 33.281315, 33.518051>,  <25.278427, 33.224716, 33.611790>, 0.100000
	pigment { color rgbt <1,0,0,0> }
	no_shadow
}
cylinder {
	<25.064863, 33.281315, 33.518051>,  <24.708923, 33.375648, 33.361820>, 0.100000
	pigment { color rgbt <1,0,0,0> }
	no_shadow
}

// particle -1
sphere {
	<25.064863, 33.281315, 33.518051> 0.100000
	pigment { color rgbt <1,0,0,0> }
	no_shadow
}
sphere {
	0, 1
	scale<0.080000,0.200000,0.300000>
	matrix <-0.193779, 0.579656, 0.791485,
		-0.413061, -0.779988, 0.470106,
		0.889848, -0.235835, 0.390579,
		25.331818, 33.210564, 33.635223>
	pigment { color rgbt <0,1,1,0> }
	no_shadow
}
cylinder {
	<24.686483, 33.190434, 34.036366>,  <24.708923, 33.375648, 33.361820>, 0.130000
	pigment { color rgbt <1,0,0,0> }
	no_shadow
}

// nucleotide -1

// particle -1
sphere {
	<24.686483, 33.190434, 34.036366> 0.250000
	pigment { color rgbt <1,0,0,0> }
	no_shadow
}
cylinder {
	<25.067612, 33.309711, 34.013691>,  <25.296288, 33.381279, 34.000088>, 0.100000
	pigment { color rgbt <1,0,0,0> }
	no_shadow
}
cylinder {
	<25.067612, 33.309711, 34.013691>,  <24.686483, 33.190434, 34.036366>, 0.100000
	pigment { color rgbt <1,0,0,0> }
	no_shadow
}

// particle -1
sphere {
	<25.067612, 33.309711, 34.013691> 0.100000
	pigment { color rgbt <1,0,0,0> }
	no_shadow
}
sphere {
	0, 1
	scale<0.080000,0.200000,0.300000>
	matrix <-0.138505, 0.593305, 0.792972,
		0.270095, -0.747708, 0.606615,
		0.952820, 0.298197, -0.056687,
		25.353458, 33.399170, 33.996685>
	pigment { color rgbt <0,1,1,0> }
	no_shadow
}
cylinder {
	<25.103500, 33.056129, 34.646439>,  <24.686483, 33.190434, 34.036366>, 0.130000
	pigment { color rgbt <1,0,0,0> }
	no_shadow
}

// nucleotide -1

// particle -1
sphere {
	<25.103500, 33.056129, 34.646439> 0.250000
	pigment { color rgbt <1,0,0,0> }
	no_shadow
}
cylinder {
	<25.276361, 33.378899, 34.485382>,  <25.380079, 33.572559, 34.388748>, 0.100000
	pigment { color rgbt <1,0,0,0> }
	no_shadow
}
cylinder {
	<25.276361, 33.378899, 34.485382>,  <25.103500, 33.056129, 34.646439>, 0.100000
	pigment { color rgbt <1,0,0,0> }
	no_shadow
}

// particle -1
sphere {
	<25.276361, 33.378899, 34.485382> 0.100000
	pigment { color rgbt <1,0,0,0> }
	no_shadow
}
sphere {
	0, 1
	scale<0.080000,0.200000,0.300000>
	matrix <-0.176278, 0.513457, 0.839814,
		0.884403, -0.291952, 0.364136,
		0.432154, 0.806924, -0.402638,
		25.406008, 33.620975, 34.364590>
	pigment { color rgbt <0,1,1,0> }
	no_shadow
}
cylinder {
	<25.450148, 33.314640, 35.254967>,  <25.103500, 33.056129, 34.646439>, 0.130000
	pigment { color rgbt <1,0,0,0> }
	no_shadow
}

// nucleotide -1

// particle -1
sphere {
	<25.450148, 33.314640, 35.254967> 0.250000
	pigment { color rgbt <1,0,0,0> }
	no_shadow
}
cylinder {
	<25.629412, 33.426922, 34.915470>,  <25.736969, 33.494289, 34.711773>, 0.100000
	pigment { color rgbt <1,0,0,0> }
	no_shadow
}
cylinder {
	<25.629412, 33.426922, 34.915470>,  <25.450148, 33.314640, 35.254967>, 0.100000
	pigment { color rgbt <1,0,0,0> }
	no_shadow
}

// particle -1
sphere {
	<25.629412, 33.426922, 34.915470> 0.100000
	pigment { color rgbt <1,0,0,0> }
	no_shadow
}
sphere {
	0, 1
	scale<0.080000,0.200000,0.300000>
	matrix <0.472604, 0.731504, 0.491475,
		0.758815, -0.621376, 0.195169,
		0.448158, 0.280701, -0.848741,
		25.763859, 33.511131, 34.660847>
	pigment { color rgbt <0,1,1,0> }
	no_shadow
}
cylinder {
	<26.140726, 33.433582, 35.389400>,  <25.450148, 33.314640, 35.254967>, 0.130000
	pigment { color rgbt <1,0,0,0> }
	no_shadow
}

// nucleotide -1

// particle -1
sphere {
	<26.140726, 33.433582, 35.389400> 0.250000
	pigment { color rgbt <1,0,0,0> }
	no_shadow
}
cylinder {
	<26.050556, 33.667068, 35.077385>,  <25.996454, 33.807159, 34.890175>, 0.100000
	pigment { color rgbt <1,0,0,0> }
	no_shadow
}
cylinder {
	<26.050556, 33.667068, 35.077385>,  <26.140726, 33.433582, 35.389400>, 0.100000
	pigment { color rgbt <1,0,0,0> }
	no_shadow
}

// particle -1
sphere {
	<26.050556, 33.667068, 35.077385> 0.100000
	pigment { color rgbt <1,0,0,0> }
	no_shadow
}
sphere {
	0, 1
	scale<0.080000,0.200000,0.300000>
	matrix <0.354094, 0.794984, 0.492563,
		0.907634, -0.165171, -0.385900,
		-0.225427, 0.583711, -0.780041,
		25.982927, 33.842182, 34.843372>
	pigment { color rgbt <0,1,1,0> }
	no_shadow
}
cylinder {
	<26.672749, 33.836113, 35.319065>,  <26.140726, 33.433582, 35.389400>, 0.130000
	pigment { color rgbt <1,0,0,0> }
	no_shadow
}

// nucleotide -1

// particle -1
sphere {
	<26.672749, 33.836113, 35.319065> 0.250000
	pigment { color rgbt <1,0,0,0> }
	no_shadow
}
cylinder {
	<26.394869, 34.027252, 35.104012>,  <26.228140, 34.141933, 34.974979>, 0.100000
	pigment { color rgbt <1,0,0,0> }
	no_shadow
}
cylinder {
	<26.394869, 34.027252, 35.104012>,  <26.672749, 33.836113, 35.319065>, 0.100000
	pigment { color rgbt <1,0,0,0> }
	no_shadow
}

// particle -1
sphere {
	<26.394869, 34.027252, 35.104012> 0.100000
	pigment { color rgbt <1,0,0,0> }
	no_shadow
}
sphere {
	0, 1
	scale<0.080000,0.200000,0.300000>
	matrix <0.201691, 0.846867, 0.492074,
		0.690443, 0.233408, -0.684697,
		-0.694701, 0.477846, -0.537637,
		26.186459, 34.170605, 34.942719>
	pigment { color rgbt <0,1,1,0> }
	no_shadow
}
cylinder {
	<27.021797, 34.461487, 34.924984>,  <26.672749, 33.836113, 35.319065>, 0.130000
	pigment { color rgbt <1,0,0,0> }
	no_shadow
}

// nucleotide -1

// particle -1
sphere {
	<27.021797, 34.461487, 34.924984> 0.250000
	pigment { color rgbt <1,0,0,0> }
	no_shadow
}
cylinder {
	<26.631100, 34.485332, 35.007362>,  <26.396681, 34.499641, 35.056789>, 0.100000
	pigment { color rgbt <1,0,0,0> }
	no_shadow
}
cylinder {
	<26.631100, 34.485332, 35.007362>,  <27.021797, 34.461487, 34.924984>, 0.100000
	pigment { color rgbt <1,0,0,0> }
	no_shadow
}

// particle -1
sphere {
	<26.631100, 34.485332, 35.007362> 0.100000
	pigment { color rgbt <1,0,0,0> }
	no_shadow
}
sphere {
	0, 1
	scale<0.080000,0.200000,0.300000>
	matrix <0.164799, 0.823209, 0.543294,
		-0.137149, 0.564600, -0.813890,
		-0.976745, 0.059616, 0.205948,
		26.338076, 34.503216, 35.069145>
	pigment { color rgbt <0,1,1,0> }
	no_shadow
}
cylinder {
	<26.606554, 35.104843, 34.640427>,  <27.021797, 34.461487, 34.924984>, 0.130000
	pigment { color rgbt <1,0,0,0> }
	no_shadow
}

// nucleotide -1

// particle -1
sphere {
	<26.606554, 35.104843, 34.640427> 0.250000
	pigment { color rgbt <1,0,0,0> }
	no_shadow
}
cylinder {
	<26.500662, 34.931343, 34.984932>,  <26.437126, 34.827244, 35.191635>, 0.100000
	pigment { color rgbt <1,0,0,0> }
	no_shadow
}
cylinder {
	<26.500662, 34.931343, 34.984932>,  <26.606554, 35.104843, 34.640427>, 0.100000
	pigment { color rgbt <1,0,0,0> }
	no_shadow
}

// particle -1
sphere {
	<26.500662, 34.931343, 34.984932> 0.100000
	pigment { color rgbt <1,0,0,0> }
	no_shadow
}
sphere {
	0, 1
	scale<0.080000,0.200000,0.300000>
	matrix <0.391325, 0.767966, 0.507043,
		-0.881353, 0.471265, -0.033567,
		-0.264730, -0.433748, 0.861267,
		26.421244, 34.801220, 35.243313>
	pigment { color rgbt <0,1,1,0> }
	no_shadow
}
cylinder {
	<26.394777, 35.659470, 34.996429>,  <26.606554, 35.104843, 34.640427>, 0.130000
	pigment { color rgbt <1,0,0,0> }
	no_shadow
}

// nucleotide -1

// particle -1
sphere {
	<26.394777, 35.659470, 34.996429> 0.250000
	pigment { color rgbt <1,0,0,0> }
	no_shadow
}
cylinder {
	<26.469969, 35.365280, 35.256813>,  <26.515083, 35.188766, 35.413044>, 0.100000
	pigment { color rgbt <1,0,0,0> }
	no_shadow
}
cylinder {
	<26.469969, 35.365280, 35.256813>,  <26.394777, 35.659470, 34.996429>, 0.100000
	pigment { color rgbt <1,0,0,0> }
	no_shadow
}

// particle -1
sphere {
	<26.469969, 35.365280, 35.256813> 0.100000
	pigment { color rgbt <1,0,0,0> }
	no_shadow
}
sphere {
	0, 1
	scale<0.080000,0.200000,0.300000>
	matrix <0.453066, 0.652979, 0.606919,
		-0.871433, 0.180839, 0.455963,
		0.187979, -0.735470, 0.650959,
		26.526363, 35.144638, 35.452103>
	pigment { color rgbt <0,1,1,0> }
	no_shadow
}
cylinder {
	<26.359390, 35.907040, 35.656174>,  <26.394777, 35.659470, 34.996429>, 0.130000
	pigment { color rgbt <1,0,0,0> }
	no_shadow
}

// nucleotide -1

// particle -1
sphere {
	<26.359390, 35.907040, 35.656174> 0.250000
	pigment { color rgbt <1,0,0,0> }
	no_shadow
}
cylinder {
	<26.593393, 35.591419, 35.731186>,  <26.733795, 35.402046, 35.776196>, 0.100000
	pigment { color rgbt <1,0,0,0> }
	no_shadow
}
cylinder {
	<26.593393, 35.591419, 35.731186>,  <26.359390, 35.907040, 35.656174>, 0.100000
	pigment { color rgbt <1,0,0,0> }
	no_shadow
}

// particle -1
sphere {
	<26.593393, 35.591419, 35.731186> 0.100000
	pigment { color rgbt <1,0,0,0> }
	no_shadow
}
sphere {
	0, 1
	scale<0.080000,0.200000,0.300000>
	matrix <0.430246, 0.497943, 0.752955,
		-0.687499, -0.359799, 0.630785,
		0.585008, -0.789049, 0.187533,
		26.768896, 35.354706, 35.787445>
	pigment { color rgbt <0,1,1,0> }
	no_shadow
}
cylinder {
	<26.217487, 35.603809, 36.353012>,  <26.359390, 35.907040, 35.656174>, 0.130000
	pigment { color rgbt <1,0,0,0> }
	no_shadow
}

// nucleotide -1

// particle -1
sphere {
	<26.217487, 35.603809, 36.353012> 0.250000
	pigment { color rgbt <1,0,0,0> }
	no_shadow
}
cylinder {
	<26.598169, 35.519287, 36.263920>,  <26.826578, 35.468575, 36.210464>, 0.100000
	pigment { color rgbt <1,0,0,0> }
	no_shadow
}
cylinder {
	<26.598169, 35.519287, 36.263920>,  <26.217487, 35.603809, 36.353012>, 0.100000
	pigment { color rgbt <1,0,0,0> }
	no_shadow
}

// particle -1
sphere {
	<26.598169, 35.519287, 36.263920> 0.100000
	pigment { color rgbt <1,0,0,0> }
	no_shadow
}
sphere {
	0, 1
	scale<0.080000,0.200000,0.300000>
	matrix <0.294923, 0.427570, 0.854520,
		-0.085331, -0.878939, 0.469238,
		0.951703, -0.211306, -0.222735,
		26.883680, 35.455894, 36.197098>
	pigment { color rgbt <0,1,1,0> }
	no_shadow
}
cylinder {
	<26.547848, 35.428661, 36.981964>,  <26.217487, 35.603809, 36.353012>, 0.130000
	pigment { color rgbt <1,0,0,0> }
	no_shadow
}

// nucleotide -1

// particle -1
sphere {
	<26.547848, 35.428661, 36.981964> 0.250000
	pigment { color rgbt <1,0,0,0> }
	no_shadow
}
cylinder {
	<26.856377, 35.522812, 36.745438>,  <27.041494, 35.579304, 36.603519>, 0.100000
	pigment { color rgbt <1,0,0,0> }
	no_shadow
}
cylinder {
	<26.856377, 35.522812, 36.745438>,  <26.547848, 35.428661, 36.981964>, 0.100000
	pigment { color rgbt <1,0,0,0> }
	no_shadow
}

// particle -1
sphere {
	<26.856377, 35.522812, 36.745438> 0.100000
	pigment { color rgbt <1,0,0,0> }
	no_shadow
}
sphere {
	0, 1
	scale<0.080000,0.200000,0.300000>
	matrix <0.410030, 0.526812, 0.744543,
		0.486759, -0.816743, 0.309834,
		0.771324, 0.235372, -0.591320,
		27.087772, 35.593426, 36.568043>
	pigment { color rgbt <0,1,1,0> }
	no_shadow
}
cylinder {
	<27.104721, 35.233902, 37.339302>,  <26.547848, 35.428661, 36.981964>, 0.130000
	pigment { color rgbt <1,0,0,0> }
	no_shadow
}

// nucleotide -1

// particle -1
sphere {
	<27.104721, 35.233902, 37.339302> 0.250000
	pigment { color rgbt <1,0,0,0> }
	no_shadow
}
cylinder {
	<27.234106, 35.507496, 37.077759>,  <27.311737, 35.671654, 36.920834>, 0.100000
	pigment { color rgbt <1,0,0,0> }
	no_shadow
}
cylinder {
	<27.234106, 35.507496, 37.077759>,  <27.104721, 35.233902, 37.339302>, 0.100000
	pigment { color rgbt <1,0,0,0> }
	no_shadow
}

// particle -1
sphere {
	<27.234106, 35.507496, 37.077759> 0.100000
	pigment { color rgbt <1,0,0,0> }
	no_shadow
}
sphere {
	0, 1
	scale<0.080000,0.200000,0.300000>
	matrix <0.485464, 0.473176, 0.735139,
		0.812217, -0.555216, -0.178996,
		0.323464, 0.683988, -0.653859,
		27.331146, 35.712692, 36.881599>
	pigment { color rgbt <0,1,1,0> }
	no_shadow
}
cylinder {
	<27.529007, 34.731384, 36.888447>,  <27.104721, 35.233902, 37.339302>, 0.130000
	pigment { color rgbt <1,0,0,0> }
	no_shadow
}

// nucleotide -1

// particle -1
sphere {
	<27.529007, 34.731384, 36.888447> 0.250000
	pigment { color rgbt <1,0,0,0> }
	no_shadow
}
cylinder {
	<27.722279, 34.502769, 36.623154>,  <27.838242, 34.365601, 36.463978>, 0.100000
	pigment { color rgbt <1,0,0,0> }
	no_shadow
}
cylinder {
	<27.722279, 34.502769, 36.623154>,  <27.529007, 34.731384, 36.888447>, 0.100000
	pigment { color rgbt <1,0,0,0> }
	no_shadow
}

// particle -1
sphere {
	<27.722279, 34.502769, 36.623154> 0.100000
	pigment { color rgbt <1,0,0,0> }
	no_shadow
}
sphere {
	0, 1
	scale<0.080000,0.200000,0.300000>
	matrix <0.349212, 0.820474, -0.452629,
		0.802862, -0.012908, 0.596025,
		0.483180, -0.571538, -0.663235,
		27.867233, 34.331306, 36.424183>
	pigment { color rgbt <0,1,1,0> }
	no_shadow
}
cylinder {
	<28.199800, 34.997265, 36.674011>,  <27.529007, 34.731384, 36.888447>, 0.130000
	pigment { color rgbt <1,0,0,0> }
	no_shadow
}

// nucleotide -1

// particle -1
sphere {
	<28.199800, 34.997265, 36.674011> 0.250000
	pigment { color rgbt <1,0,0,0> }
	no_shadow
}
cylinder {
	<28.153776, 34.770828, 36.347504>,  <28.126162, 34.634964, 36.151600>, 0.100000
	pigment { color rgbt <1,0,0,0> }
	no_shadow
}
cylinder {
	<28.153776, 34.770828, 36.347504>,  <28.199800, 34.997265, 36.674011>, 0.100000
	pigment { color rgbt <1,0,0,0> }
	no_shadow
}

// particle -1
sphere {
	<28.153776, 34.770828, 36.347504> 0.100000
	pigment { color rgbt <1,0,0,0> }
	no_shadow
}
sphere {
	0, 1
	scale<0.080000,0.200000,0.300000>
	matrix <0.289640, 0.766902, -0.572687,
		0.950194, -0.302319, 0.075723,
		-0.115062, -0.566096, -0.816270,
		28.119257, 34.600998, 36.102623>
	pigment { color rgbt <0,1,1,0> }
	no_shadow
}
cylinder {
	<27.900068, 35.233398, 37.325718>,  <28.199800, 34.997265, 36.674011>, 0.130000
	pigment { color rgbt <1,0,0,0> }
	no_shadow
}

// nucleotide -1

// particle -1
sphere {
	<27.900068, 35.233398, 37.325718> 0.250000
	pigment { color rgbt <1,0,0,0> }
	no_shadow
}
cylinder {
	<27.778702, 35.586517, 37.182270>,  <27.705883, 35.798389, 37.096203>, 0.100000
	pigment { color rgbt <1,0,0,0> }
	no_shadow
}
cylinder {
	<27.778702, 35.586517, 37.182270>,  <27.900068, 35.233398, 37.325718>, 0.100000
	pigment { color rgbt <1,0,0,0> }
	no_shadow
}

// particle -1
sphere {
	<27.778702, 35.586517, 37.182270> 0.100000
	pigment { color rgbt <1,0,0,0> }
	no_shadow
}
sphere {
	0, 1
	scale<0.080000,0.200000,0.300000>
	matrix <0.524040, 0.468931, 0.710975,
		0.795815, 0.027789, -0.604902,
		-0.303415, 0.882798, -0.358619,
		27.687677, 35.851357, 37.074684>
	pigment { color rgbt <0,1,1,0> }
	no_shadow
}
cylinder {
	<28.427195, 35.666595, 37.208504>,  <27.900068, 35.233398, 37.325718>, 0.130000
	pigment { color rgbt <1,0,0,0> }
	no_shadow
}

// nucleotide -1

// particle -1
sphere {
	<28.427195, 35.666595, 37.208504> 0.250000
	pigment { color rgbt <1,0,0,0> }
	no_shadow
}
cylinder {
	<28.137926, 35.940918, 37.241219>,  <27.964365, 36.105511, 37.260845>, 0.100000
	pigment { color rgbt <1,0,0,0> }
	no_shadow
}
cylinder {
	<28.137926, 35.940918, 37.241219>,  <28.427195, 35.666595, 37.208504>, 0.100000
	pigment { color rgbt <1,0,0,0> }
	no_shadow
}

// particle -1
sphere {
	<28.137926, 35.940918, 37.241219> 0.100000
	pigment { color rgbt <1,0,0,0> }
	no_shadow
}
sphere {
	0, 1
	scale<0.080000,0.200000,0.300000>
	matrix <0.468670, 0.400294, 0.787472,
		0.507319, 0.607807, -0.610900,
		-0.723170, 0.685810, 0.081784,
		27.920975, 36.146660, 37.265755>
	pigment { color rgbt <0,1,1,0> }
	no_shadow
}
cylinder {
	<28.825935, 36.350502, 37.238396>,  <28.427195, 35.666595, 37.208504>, 0.130000
	pigment { color rgbt <1,0,0,0> }
	no_shadow
}

// nucleotide -1

// particle -1
sphere {
	<28.825935, 36.350502, 37.238396> 0.250000
	pigment { color rgbt <1,0,0,0> }
	no_shadow
}
cylinder {
	<28.454855, 36.397930, 37.379993>,  <28.232206, 36.426388, 37.464951>, 0.100000
	pigment { color rgbt <1,0,0,0> }
	no_shadow
}
cylinder {
	<28.454855, 36.397930, 37.379993>,  <28.825935, 36.350502, 37.238396>, 0.100000
	pigment { color rgbt <1,0,0,0> }
	no_shadow
}

// particle -1
sphere {
	<28.454855, 36.397930, 37.379993> 0.100000
	pigment { color rgbt <1,0,0,0> }
	no_shadow
}
sphere {
	0, 1
	scale<0.080000,0.200000,0.300000>
	matrix <0.365587, 0.480567, 0.797121,
		-0.075603, 0.868905, -0.489171,
		-0.927702, 0.118569, 0.353993,
		28.176544, 36.433502, 37.486191>
	pigment { color rgbt <0,1,1,0> }
	no_shadow
}
cylinder {
	<28.788029, 37.008427, 37.527485>,  <28.825935, 36.350502, 37.238396>, 0.130000
	pigment { color rgbt <1,0,0,0> }
	no_shadow
}

// nucleotide -1

// particle -1
sphere {
	<28.788029, 37.008427, 37.527485> 0.250000
	pigment { color rgbt <1,0,0,0> }
	no_shadow
}
cylinder {
	<28.495907, 36.812187, 37.717628>,  <28.320635, 36.694443, 37.831715>, 0.100000
	pigment { color rgbt <1,0,0,0> }
	no_shadow
}
cylinder {
	<28.495907, 36.812187, 37.717628>,  <28.788029, 37.008427, 37.527485>, 0.100000
	pigment { color rgbt <1,0,0,0> }
	no_shadow
}

// particle -1
sphere {
	<28.495907, 36.812187, 37.717628> 0.100000
	pigment { color rgbt <1,0,0,0> }
	no_shadow
}
sphere {
	0, 1
	scale<0.080000,0.200000,0.300000>
	matrix <0.256598, 0.447898, 0.856472,
		-0.633099, 0.747461, -0.201215,
		-0.730304, -0.490600, 0.475361,
		28.276815, 36.665009, 37.860237>
	pigment { color rgbt <0,1,1,0> }
	no_shadow
}
cylinder {
	<28.573076, 36.922554, 38.178211>,  <28.788029, 37.008427, 37.527485>, 0.130000
	pigment { color rgbt <1,0,0,0> }
	no_shadow
}

// nucleotide -1

// particle -1
sphere {
	<28.573076, 36.922554, 38.178211> 0.250000
	pigment { color rgbt <1,0,0,0> }
	no_shadow
}
cylinder {
	<28.302881, 37.008625, 38.460323>,  <28.140764, 37.060268, 38.629589>, 0.100000
	pigment { color rgbt <1,0,0,0> }
	no_shadow
}
cylinder {
	<28.302881, 37.008625, 38.460323>,  <28.573076, 36.922554, 38.178211>, 0.100000
	pigment { color rgbt <1,0,0,0> }
	no_shadow
}

// particle -1
sphere {
	<28.302881, 37.008625, 38.460323> 0.100000
	pigment { color rgbt <1,0,0,0> }
	no_shadow
}
sphere {
	0, 1
	scale<0.080000,0.200000,0.300000>
	matrix <-0.737325, -0.208119, -0.642681,
		0.008494, -0.954142, 0.299234,
		-0.675485, 0.215174, 0.705280,
		28.100235, 37.073177, 38.671906>
	pigment { color rgbt <0,1,1,0> }
	no_shadow
}
cylinder {
	<28.208849, 36.282715, 38.457321>,  <28.573076, 36.922554, 38.178211>, 0.130000
	pigment { color rgbt <1,0,0,0> }
	no_shadow
}

// nucleotide -1

// particle -1
sphere {
	<28.208849, 36.282715, 38.457321> 0.250000
	pigment { color rgbt <1,0,0,0> }
	no_shadow
}
cylinder {
	<28.013746, 36.630707, 38.428410>,  <27.896685, 36.839504, 38.411064>, 0.100000
	pigment { color rgbt <1,0,0,0> }
	no_shadow
}
cylinder {
	<28.013746, 36.630707, 38.428410>,  <28.208849, 36.282715, 38.457321>, 0.100000
	pigment { color rgbt <1,0,0,0> }
	no_shadow
}

// particle -1
sphere {
	<28.013746, 36.630707, 38.428410> 0.100000
	pigment { color rgbt <1,0,0,0> }
	no_shadow
}
sphere {
	0, 1
	scale<0.080000,0.200000,0.300000>
	matrix <-0.384681, -0.288517, -0.876801,
		-0.783655, -0.399860, 0.475391,
		-0.487755, 0.869983, -0.072279,
		27.867420, 36.891701, 38.406727>
	pigment { color rgbt <0,1,1,0> }
	no_shadow
}
cylinder {
	<27.402050, 36.239460, 38.371178>,  <28.208849, 36.282715, 38.457321>, 0.130000
	pigment { color rgbt <1,0,0,0> }
	no_shadow
}

// nucleotide -1

// particle -1
sphere {
	<27.402050, 36.239460, 38.371178> 0.250000
	pigment { color rgbt <1,0,0,0> }
	no_shadow
}
cylinder {
	<27.614697, 36.506535, 38.162727>,  <27.742285, 36.666779, 38.037655>, 0.100000
	pigment { color rgbt <1,0,0,0> }
	no_shadow
}
cylinder {
	<27.614697, 36.506535, 38.162727>,  <27.402050, 36.239460, 38.371178>, 0.100000
	pigment { color rgbt <1,0,0,0> }
	no_shadow
}

// particle -1
sphere {
	<27.614697, 36.506535, 38.162727> 0.100000
	pigment { color rgbt <1,0,0,0> }
	no_shadow
}
sphere {
	0, 1
	scale<0.080000,0.200000,0.300000>
	matrix <-0.375624, -0.365606, -0.851610,
