// switches for output
#declare DRAW_BASES = 1; // possible values are 0, 1; only relevant for DNA ribbons
#declare DRAW_BASES_TYPE = 3; // possible values are 1, 2, 3; only relevant for DNA ribbons
#declare DRAW_FOG = 0; // set to 1 to enable fog

#include "colors.inc"

#include "transforms.inc"
background { rgb <1, 1, 1>}

#default {
   normal{
       ripples 0.25
       frequency 0.20
       turbulence 0.2
       lambda 5
   }
	finish {
		phong 0.1
		phong_size 40.
	}
}

// original window dimensions: 1024x640


// camera settings

camera {
	sky <0, 0.179814, -0.983701>
	up <0, 0.179814, -0.983701>
	right 1.6 * <1, 0, 0>
	location <35, 94.9851, 44.8844>
	look_at <35, 29.7336, 32.9568>
	direction <0, -65.2515, -11.9276>
	angle 67.0682
}


# declare cpy_camera_pos = <35, 94.9851, 44.8844>;
# if (DRAW_FOG = 1)
fog {
	fog_type 2
	up vnormalize(cpy_camera_pos)
	color rgbt<1,1,1,0.3>
	distance 1e-5
	fog_alt 3e-3
	fog_offset 56
}
# end


// LIGHTS

# declare lum = 6;
global_settings {
	ambient_light rgb lum * <0.05, 0.05, 0.05>
	max_trace_level 15
}# declare cpy_direct_light_amount = 0.25;
light_source
{	1000 * <-1, -1.16352, -0.803886>,
	rgb lum * cpy_direct_light_amount
	parallel
}

light_source
{	1000 * <1, 1.16352, 0.803886>,
	rgb lum * cpy_direct_light_amount
	parallel
}

// strand 0

// nucleotide -1

// particle -1
sphere {
	<23.907019, 34.986519, 34.786808> 0.250000
	pigment { color rgbt <1,0,0,0> }
	no_shadow
}
cylinder {
	<24.241716, 34.955132, 35.003586>,  <24.442535, 34.936298, 35.133652>, 0.100000
	pigment { color rgbt <1,0,0,0> }
	no_shadow
}
cylinder {
	<24.241716, 34.955132, 35.003586>,  <23.907019, 34.986519, 34.786808>, 0.100000
	pigment { color rgbt <1,0,0,0> }
	no_shadow
}

// particle -1
sphere {
	<24.241716, 34.955132, 35.003586> 0.100000
	pigment { color rgbt <1,0,0,0> }
	no_shadow
}
sphere {
	0, 1
	scale<0.080000,0.200000,0.300000>
	matrix <0.064418, 0.996913, 0.044882,
		-0.543790, -0.002644, 0.839217,
		0.836746, -0.078467, 0.541941,
		24.492741, 34.931591, 35.166168>
	pigment { color rgbt <0,1,1,0> }
	no_shadow
}
cylinder {
	<23.849222, 35.448071, 35.380013>,  <23.907019, 34.986519, 34.786808>, 0.130000
	pigment { color rgbt <1,0,0,0> }
	no_shadow
}

// nucleotide -1

// particle -1
sphere {
	<23.849222, 35.448071, 35.380013> 0.250000
	pigment { color rgbt <1,0,0,0> }
	no_shadow
}
cylinder {
	<24.232841, 35.397785, 35.278484>,  <24.463013, 35.367615, 35.217567>, 0.100000
	pigment { color rgbt <1,0,0,0> }
	no_shadow
}
cylinder {
	<24.232841, 35.397785, 35.278484>,  <23.849222, 35.448071, 35.380013>, 0.100000
	pigment { color rgbt <1,0,0,0> }
	no_shadow
}

// particle -1
sphere {
	<24.232841, 35.397785, 35.278484> 0.100000
	pigment { color rgbt <1,0,0,0> }
	no_shadow
}
sphere {
	0, 1
	scale<0.080000,0.200000,0.300000>
	matrix <0.196201, 0.941152, 0.275205,
		0.204287, -0.313735, 0.927274,
		0.959048, -0.125712, -0.253820,
		24.520555, 35.360073, 35.202339>
	pigment { color rgbt <0,1,1,0> }
	no_shadow
}
cylinder {
	<24.305231, 35.821373, 35.800552>,  <23.849222, 35.448071, 35.380013>, 0.130000
	pigment { color rgbt <1,0,0,0> }
	no_shadow
}

// nucleotide -1

// particle -1
sphere {
	<24.305231, 35.821373, 35.800552> 0.250000
	pigment { color rgbt <1,0,0,0> }
	no_shadow
}
cylinder {
	<24.542721, 35.772152, 35.482471>,  <24.685215, 35.742619, 35.291622>, 0.100000
	pigment { color rgbt <1,0,0,0> }
	no_shadow
}
cylinder {
	<24.542721, 35.772152, 35.482471>,  <24.305231, 35.821373, 35.800552>, 0.100000
	pigment { color rgbt <1,0,0,0> }
	no_shadow
}

// particle -1
sphere {
	<24.542721, 35.772152, 35.482471> 0.100000
	pigment { color rgbt <1,0,0,0> }
	no_shadow
}
sphere {
	0, 1
	scale<0.080000,0.200000,0.300000>
	matrix <0.411879, 0.895436, 0.168965,
		0.691263, -0.427847, 0.582326,
		0.593726, -0.123048, -0.795203,
		24.720839, 35.735237, 35.243912>
	pigment { color rgbt <0,1,1,0> }
	no_shadow
}
cylinder {
	<25.005527, 36.010422, 36.013008>,  <24.305231, 35.821373, 35.800552>, 0.130000
	pigment { color rgbt <1,0,0,0> }
	no_shadow
}

// nucleotide -1

// particle -1
sphere {
	<25.005527, 36.010422, 36.013008> 0.250000
	pigment { color rgbt <1,0,0,0> }
	no_shadow
}
cylinder {
	<24.986420, 36.053616, 35.615807>,  <24.974955, 36.079533, 35.377487>, 0.100000
	pigment { color rgbt <1,0,0,0> }
	no_shadow
}
cylinder {
	<24.986420, 36.053616, 35.615807>,  <25.005527, 36.010422, 36.013008>, 0.100000
	pigment { color rgbt <1,0,0,0> }
	no_shadow
}

// particle -1
sphere {
	<24.986420, 36.053616, 35.615807> 0.100000
	pigment { color rgbt <1,0,0,0> }
	no_shadow
}
sphere {
	0, 1
	scale<0.080000,0.200000,0.300000>
	matrix <0.398549, 0.913635, 0.080179,
		0.915902, -0.391931, -0.086679,
		-0.047768, 0.107982, -0.993005,
		24.972090, 36.086010, 35.317905>
	pigment { color rgbt <0,1,1,0> }
	no_shadow
}
cylinder {
	<25.628107, 36.205589, 35.825569>,  <25.005527, 36.010422, 36.013008>, 0.130000
	pigment { color rgbt <1,0,0,0> }
	no_shadow
}

// nucleotide -1

// particle -1
sphere {
	<25.628107, 36.205589, 35.825569> 0.250000
	pigment { color rgbt <1,0,0,0> }
	no_shadow
}
cylinder {
	<25.378481, 36.329998, 35.538845>,  <25.228704, 36.404644, 35.366810>, 0.100000
	pigment { color rgbt <1,0,0,0> }
	no_shadow
}
cylinder {
	<25.378481, 36.329998, 35.538845>,  <25.628107, 36.205589, 35.825569>, 0.100000
	pigment { color rgbt <1,0,0,0> }
	no_shadow
}

// particle -1
sphere {
	<25.378481, 36.329998, 35.538845> 0.100000
	pigment { color rgbt <1,0,0,0> }
	no_shadow
}
sphere {
	0, 1
	scale<0.080000,0.200000,0.300000>
	matrix <0.251339, 0.948516, 0.192734,
		0.739846, -0.059883, -0.670107,
		-0.624065, 0.311017, -0.716806,
		25.191261, 36.423302, 35.323803>
	pigment { color rgbt <0,1,1,0> }
	no_shadow
}
cylinder {
	<26.027153, 36.537659, 35.330669>,  <25.628107, 36.205589, 35.825569>, 0.130000
	pigment { color rgbt <1,0,0,0> }
	no_shadow
}

// nucleotide -1

// particle -1
sphere {
	<26.027153, 36.537659, 35.330669> 0.250000
	pigment { color rgbt <1,0,0,0> }
	no_shadow
}
cylinder {
	<25.655380, 36.683125, 35.355667>,  <25.432318, 36.770405, 35.370667>, 0.100000
	pigment { color rgbt <1,0,0,0> }
	no_shadow
}
cylinder {
	<25.655380, 36.683125, 35.355667>,  <26.027153, 36.537659, 35.330669>, 0.100000
	pigment { color rgbt <1,0,0,0> }
	no_shadow
}

// particle -1
sphere {
	<25.655380, 36.683125, 35.355667> 0.100000
	pigment { color rgbt <1,0,0,0> }
	no_shadow
}
sphere {
	0, 1
	scale<0.080000,0.200000,0.300000>
	matrix <0.364344, 0.877641, 0.311447,
		0.058417, 0.312237, -0.948207,
		-0.929430, 0.363667, 0.062492,
		25.376551, 36.792225, 35.374416>
	pigment { color rgbt <0,1,1,0> }
	no_shadow
}
cylinder {
	<25.999071, 37.127911, 34.917568>,  <26.027153, 36.537659, 35.330669>, 0.130000
	pigment { color rgbt <1,0,0,0> }
	no_shadow
}

// nucleotide -1

// particle -1
sphere {
	<25.999071, 37.127911, 34.917568> 0.250000
	pigment { color rgbt <1,0,0,0> }
	no_shadow
}
cylinder {
	<25.721296, 37.150253, 35.204521>,  <25.554630, 37.163658, 35.376694>, 0.100000
	pigment { color rgbt <1,0,0,0> }
	no_shadow
}
cylinder {
	<25.721296, 37.150253, 35.204521>,  <25.999071, 37.127911, 34.917568>, 0.100000
	pigment { color rgbt <1,0,0,0> }
	no_shadow
}

// particle -1
sphere {
	<25.721296, 37.150253, 35.204521> 0.100000
	pigment { color rgbt <1,0,0,0> }
	no_shadow
}
sphere {
	0, 1
	scale<0.080000,0.200000,0.300000>
	matrix <0.382890, 0.872799, 0.302685,
		-0.609221, 0.484873, -0.627493,
		-0.694439, 0.055858, 0.717381,
		25.512964, 37.167011, 35.419735>
	pigment { color rgbt <0,1,1,0> }
	no_shadow
}
cylinder {
	<25.565599, 37.761497, 34.952518>,  <25.999071, 37.127911, 34.917568>, 0.130000
	pigment { color rgbt <1,0,0,0> }
	no_shadow
}

// nucleotide -1

// particle -1
sphere {
	<25.565599, 37.761497, 34.952518> 0.250000
	pigment { color rgbt <1,0,0,0> }
	no_shadow
}
cylinder {
	<25.572613, 37.613117, 35.323914>,  <25.576820, 37.524090, 35.546749>, 0.100000
	pigment { color rgbt <1,0,0,0> }
	no_shadow
}
cylinder {
	<25.572613, 37.613117, 35.323914>,  <25.565599, 37.761497, 34.952518>, 0.100000
	pigment { color rgbt <1,0,0,0> }
	no_shadow
}

// particle -1
sphere {
	<25.572613, 37.613117, 35.323914> 0.100000
	pigment { color rgbt <1,0,0,0> }
	no_shadow
}
sphere {
	0, 1
	scale<0.080000,0.200000,0.300000>
	matrix <0.357308, 0.869632, 0.340693,
		-0.933822, 0.325782, 0.147790,
		0.017531, -0.370954, 0.928486,
		25.577871, 37.501831, 35.602459>
	pigment { color rgbt <0,1,1,0> }
	no_shadow
}
cylinder {
	<25.241892, 38.259449, 35.422062>,  <25.565599, 37.761497, 34.952518>, 0.130000
	pigment { color rgbt <1,0,0,0> }
	no_shadow
}

// nucleotide -1

// particle -1
sphere {
	<25.241892, 38.259449, 35.422062> 0.250000
	pigment { color rgbt <1,0,0,0> }
	no_shadow
}
cylinder {
	<25.478897, 38.024918, 35.643021>,  <25.621099, 37.884197, 35.775597>, 0.100000
	pigment { color rgbt <1,0,0,0> }
	no_shadow
}
cylinder {
	<25.478897, 38.024918, 35.643021>,  <25.241892, 38.259449, 35.422062>, 0.100000
	pigment { color rgbt <1,0,0,0> }
	no_shadow
}

// particle -1
sphere {
	<25.478897, 38.024918, 35.643021> 0.100000
	pigment { color rgbt <1,0,0,0> }
	no_shadow
}
sphere {
	0, 1
	scale<0.080000,0.200000,0.300000>
	matrix <0.428182, 0.810071, 0.400556,
		-0.682341, -0.000807, 0.731034,
		0.592513, -0.586331, 0.552399,
		25.656651, 37.849018, 35.808739>
	pigment { color rgbt <0,1,1,0> }
	no_shadow
}
cylinder {
	<25.146090, 38.574036, 36.078255>,  <25.241892, 38.259449, 35.422062>, 0.130000
	pigment { color rgbt <1,0,0,0> }
	no_shadow
}

// nucleotide -1

// particle -1
sphere {
	<25.146090, 38.574036, 36.078255> 0.250000
	pigment { color rgbt <1,0,0,0> }
	no_shadow
}
cylinder {
	<25.483759, 38.363205, 36.117355>,  <25.686361, 38.236706, 36.140816>, 0.100000
	pigment { color rgbt <1,0,0,0> }
	no_shadow
}
cylinder {
	<25.483759, 38.363205, 36.117355>,  <25.146090, 38.574036, 36.078255>, 0.100000
	pigment { color rgbt <1,0,0,0> }
	no_shadow
}

// particle -1
sphere {
	<25.483759, 38.363205, 36.117355> 0.100000
	pigment { color rgbt <1,0,0,0> }
	no_shadow
}
sphere {
	0, 1
	scale<0.080000,0.200000,0.300000>
	matrix <0.373784, 0.709462, 0.597452,
		-0.384257, -0.467816, 0.795924,
		0.844175, -0.527079, 0.097754,
		25.737011, 38.205082, 36.146683>
	pigment { color rgbt <0,1,1,0> }
	no_shadow
}
cylinder {
	<25.321684, 38.649071, 36.804176>,  <25.146090, 38.574036, 36.078255>, 0.130000
	pigment { color rgbt <1,0,0,0> }
	no_shadow
}

// nucleotide -1

// particle -1
sphere {
	<25.321684, 38.649071, 36.804176> 0.250000
	pigment { color rgbt <1,0,0,0> }
	no_shadow
}
cylinder {
	<25.656153, 38.579926, 36.595970>,  <25.856834, 38.538441, 36.471046>, 0.100000
	pigment { color rgbt <1,0,0,0> }
	no_shadow
}
cylinder {
	<25.656153, 38.579926, 36.595970>,  <25.321684, 38.649071, 36.804176>, 0.100000
	pigment { color rgbt <1,0,0,0> }
	no_shadow
}

// particle -1
sphere {
	<25.656153, 38.579926, 36.595970> 0.100000
	pigment { color rgbt <1,0,0,0> }
	no_shadow
}
sphere {
	0, 1
	scale<0.080000,0.200000,0.300000>
	matrix <0.447370, 0.763990, 0.464951,
		0.317298, -0.621642, 0.716159,
		0.836171, -0.172860, -0.520517,
		25.907003, 38.528069, 36.439816>
	pigment { color rgbt <0,1,1,0> }
	no_shadow
}
cylinder {
	<25.925491, 38.704189, 37.252838>,  <25.321684, 38.649071, 36.804176>, 0.130000
	pigment { color rgbt <1,0,0,0> }
	no_shadow
}

// nucleotide -1

// particle -1
sphere {
	<25.925491, 38.704189, 37.252838> 0.250000
	pigment { color rgbt <1,0,0,0> }
	no_shadow
}
cylinder {
	<26.020144, 38.762314, 36.868568>,  <26.076935, 38.797188, 36.638008>, 0.100000
	pigment { color rgbt <1,0,0,0> }
	no_shadow
}
cylinder {
	<26.020144, 38.762314, 36.868568>,  <25.925491, 38.704189, 37.252838>, 0.100000
	pigment { color rgbt <1,0,0,0> }
	no_shadow
}

// particle -1
sphere {
	<26.020144, 38.762314, 36.868568> 0.100000
	pigment { color rgbt <1,0,0,0> }
	no_shadow
}
sphere {
	0, 1
	scale<0.080000,0.200000,0.300000>
	matrix <0.435221, 0.868155, 0.238515,
		0.868684, -0.474537, 0.142138,
		0.236582, 0.145332, -0.960681,
		26.091131, 38.805904, 36.580368>
	pigment { color rgbt <0,1,1,0> }
	no_shadow
}
cylinder {
	<26.409492, 39.187592, 37.545975>,  <25.925491, 38.704189, 37.252838>, 0.130000
	pigment { color rgbt <1,0,0,0> }
	no_shadow
}

// nucleotide -1

// particle -1
sphere {
	<26.409492, 39.187592, 37.545975> 0.250000
	pigment { color rgbt <1,0,0,0> }
	no_shadow
}
cylinder {
	<26.745863, 39.268932, 37.345379>,  <26.947685, 39.317738, 37.225021>, 0.100000
	pigment { color rgbt <1,0,0,0> }
	no_shadow
}
cylinder {
	<26.745863, 39.268932, 37.345379>,  <26.409492, 39.187592, 37.545975>, 0.100000
	pigment { color rgbt <1,0,0,0> }
	no_shadow
}

// particle -1
sphere {
	<26.745863, 39.268932, 37.345379> 0.100000
	pigment { color rgbt <1,0,0,0> }
	no_shadow
}
sphere {
	0, 1
	scale<0.080000,0.200000,0.300000>
	matrix <-0.259320, -0.661949, -0.703262,
		-0.474972, 0.721437, -0.503915,
		0.840925, 0.203355, -0.501490,
		26.998140, 39.329937, 37.194931>
	pigment { color rgbt <0,1,1,0> }
	no_shadow
}
cylinder {
	<26.236248, 39.370487, 36.905918>,  <26.409492, 39.187592, 37.545975>, 0.130000
	pigment { color rgbt <1,0,0,0> }
	no_shadow
}

// nucleotide -1

// particle -1
sphere {
	<26.236248, 39.370487, 36.905918> 0.250000
	pigment { color rgbt <1,0,0,0> }
	no_shadow
}
cylinder {
	<26.608566, 39.224281, 36.907600>,  <26.831957, 39.136559, 36.908611>, 0.100000
	pigment { color rgbt <1,0,0,0> }
	no_shadow
}
cylinder {
	<26.608566, 39.224281, 36.907600>,  <26.236248, 39.370487, 36.905918>, 0.100000
	pigment { color rgbt <1,0,0,0> }
	no_shadow
}

// particle -1
sphere {
	<26.608566, 39.224281, 36.907600> 0.100000
	pigment { color rgbt <1,0,0,0> }
	no_shadow
}
sphere {
	0, 1
	scale<0.080000,0.200000,0.300000>
	matrix <-0.268996, -0.692713, -0.669171,
		0.247506, 0.621730, -0.743096,
		0.930796, -0.365514, 0.004208,
		26.887806, 39.114628, 36.908863>
	pigment { color rgbt <0,1,1,0> }
	no_shadow
}
cylinder {
	<26.479176, 39.349411, 36.104809>,  <26.236248, 39.370487, 36.905918>, 0.130000
	pigment { color rgbt <1,0,0,0> }
	no_shadow
}

// nucleotide -1

// particle -1
sphere {
	<26.479176, 39.349411, 36.104809> 0.250000
	pigment { color rgbt <1,0,0,0> }
	no_shadow
}
cylinder {
	<26.645969, 39.111248, 36.379505>,  <26.746046, 38.968349, 36.544323>, 0.100000
	pigment { color rgbt <1,0,0,0> }
	no_shadow
}
cylinder {
	<26.645969, 39.111248, 36.379505>,  <26.479176, 39.349411, 36.104809>, 0.100000
	pigment { color rgbt <1,0,0,0> }
	no_shadow
}

// particle -1
sphere {
	<26.645969, 39.111248, 36.379505> 0.100000
	pigment { color rgbt <1,0,0,0> }
	no_shadow
}
sphere {
	0, 1
	scale<0.080000,0.200000,0.300000>
	matrix <-0.158905, -0.791683, -0.589904,
		0.894915, 0.136854, -0.424733,
		0.416984, -0.595406, 0.686743,
		26.771065, 38.932625, 36.585529>
	pigment { color rgbt <0,1,1,0> }
	no_shadow
}
cylinder {
	<27.099783, 38.846943, 35.886944>,  <26.479176, 39.349411, 36.104809>, 0.130000
	pigment { color rgbt <1,0,0,0> }
	no_shadow
}

// nucleotide -1

// particle -1
sphere {
	<27.099783, 38.846943, 35.886944> 0.250000
	pigment { color rgbt <1,0,0,0> }
	no_shadow
}
cylinder {
	<26.834015, 38.727615, 36.161037>,  <26.674555, 38.656017, 36.325493>, 0.100000
	pigment { color rgbt <1,0,0,0> }
	no_shadow
}
cylinder {
	<26.834015, 38.727615, 36.161037>,  <27.099783, 38.846943, 35.886944>, 0.100000
	pigment { color rgbt <1,0,0,0> }
	no_shadow
}

// particle -1
sphere {
	<26.834015, 38.727615, 36.161037> 0.100000
	pigment { color rgbt <1,0,0,0> }
	no_shadow
}
sphere {
	0, 1
	scale<0.080000,0.200000,0.300000>
	matrix <-0.316989, -0.717831, -0.619868,
		0.676805, -0.629066, 0.382377,
		-0.664420, -0.298320, 0.685238,
		26.634689, 38.638119, 36.366608>
	pigment { color rgbt <0,1,1,0> }
	no_shadow
}
cylinder {
	<27.082222, 38.156071, 35.875381>,  <27.099783, 38.846943, 35.886944>, 0.130000
	pigment { color rgbt <1,0,0,0> }
	no_shadow
}

// nucleotide -1

// particle -1
sphere {
	<27.082222, 38.156071, 35.875381> 0.250000
	pigment { color rgbt <1,0,0,0> }
	no_shadow
}
cylinder {
	<26.729803, 38.252605, 36.038116>,  <26.518353, 38.310524, 36.135757>, 0.100000
	pigment { color rgbt <1,0,0,0> }
	no_shadow
}
cylinder {
	<26.729803, 38.252605, 36.038116>,  <27.082222, 38.156071, 35.875381>, 0.100000
	pigment { color rgbt <1,0,0,0> }
	no_shadow
}

// particle -1
sphere {
	<26.729803, 38.252605, 36.038116> 0.100000
	pigment { color rgbt <1,0,0,0> }
	no_shadow
}
sphere {
	0, 1
	scale<0.080000,0.200000,0.300000>
	matrix <-0.425306, -0.780619, -0.457983,
		0.207059, -0.576535, 0.790401,
		-0.881045, 0.241333, 0.406838,
		26.465490, 38.325005, 36.160168>
	pigment { color rgbt <0,1,1,0> }
	no_shadow
}
cylinder {
	<26.852661, 37.547997, 36.186142>,  <27.082222, 38.156071, 35.875381>, 0.130000
	pigment { color rgbt <1,0,0,0> }
	no_shadow
}

// nucleotide -1

// particle -1
sphere {
	<26.852661, 37.547997, 36.186142> 0.250000
	pigment { color rgbt <1,0,0,0> }
	no_shadow
}
cylinder {
	<26.504269, 37.742527, 36.214081>,  <26.295233, 37.859245, 36.230843>, 0.100000
	pigment { color rgbt <1,0,0,0> }
	no_shadow
}
cylinder {
	<26.504269, 37.742527, 36.214081>,  <26.852661, 37.547997, 36.186142>, 0.100000
	pigment { color rgbt <1,0,0,0> }
	no_shadow
}

// particle -1
sphere {
	<26.504269, 37.742527, 36.214081> 0.100000
	pigment { color rgbt <1,0,0,0> }
	no_shadow
}
sphere {
	0, 1
	scale<0.080000,0.200000,0.300000>
	matrix <-0.480977, -0.814969, -0.323243,
		-0.100281, -0.315132, 0.943735,
		-0.870979, 0.486330, 0.069845,
		26.242975, 37.888428, 36.235035>
	pigment { color rgbt <0,1,1,0> }
	no_shadow
}
cylinder {
	<26.396152, 37.167171, 36.644871>,  <26.852661, 37.547997, 36.186142>, 0.130000
	pigment { color rgbt <1,0,0,0> }
	no_shadow
}

// nucleotide -1

// particle -1
sphere {
	<26.396152, 37.167171, 36.644871> 0.250000
	pigment { color rgbt <1,0,0,0> }
	no_shadow
}
cylinder {
	<26.194307, 37.369404, 36.364941>,  <26.073200, 37.490742, 36.196983>, 0.100000
	pigment { color rgbt <1,0,0,0> }
	no_shadow
}
cylinder {
	<26.194307, 37.369404, 36.364941>,  <26.396152, 37.167171, 36.644871>, 0.100000
	pigment { color rgbt <1,0,0,0> }
	no_shadow
}

// particle -1
sphere {
	<26.194307, 37.369404, 36.364941> 0.100000
	pigment { color rgbt <1,0,0,0> }
	no_shadow
}
sphere {
	0, 1
	scale<0.080000,0.200000,0.300000>
	matrix <-0.475945, -0.839202, -0.263089,
		-0.720307, 0.200320, 0.664101,
		-0.504613, 0.505580, -0.699825,
		26.042923, 37.521076, 36.154995>
	pigment { color rgbt <0,1,1,0> }
	no_shadow
}
cylinder {
	<25.753178, 36.863338, 36.686642>,  <26.396152, 37.167171, 36.644871>, 0.130000
	pigment { color rgbt <1,0,0,0> }
	no_shadow
}

// nucleotide -1

// particle -1
sphere {
	<25.753178, 36.863338, 36.686642> 0.250000
	pigment { color rgbt <1,0,0,0> }
	no_shadow
}
cylinder {
	<25.804676, 37.033035, 36.328102>,  <25.835575, 37.134853, 36.112976>, 0.100000
	pigment { color rgbt <1,0,0,0> }
	no_shadow
}
cylinder {
	<25.804676, 37.033035, 36.328102>,  <25.753178, 36.863338, 36.686642>, 0.100000
	pigment { color rgbt <1,0,0,0> }
	no_shadow
}

// particle -1
sphere {
	<25.804676, 37.033035, 36.328102> 0.100000
	pigment { color rgbt <1,0,0,0> }
	no_shadow
}
sphere {
	0, 1
	scale<0.080000,0.200000,0.300000>
	matrix <-0.318371, -0.838345, -0.442513,
		-0.939183, 0.342344, 0.027132,
		0.128746, 0.424238, -0.896352,
		25.843300, 37.160305, 36.059196>
	pigment { color rgbt <0,1,1,0> }
	no_shadow
}
cylinder {
	<25.167400, 36.834263, 36.154842>,  <25.753178, 36.863338, 36.686642>, 0.130000
	pigment { color rgbt <1,0,0,0> }
	no_shadow
}

// nucleotide -1

// particle -1
sphere {
	<25.167400, 36.834263, 36.154842> 0.250000
	pigment { color rgbt <1,0,0,0> }
	no_shadow
}
cylinder {
	<25.514908, 36.842270, 35.956917>,  <25.723412, 36.847073, 35.838161>, 0.100000
	pigment { color rgbt <1,0,0,0> }
	no_shadow
}
cylinder {
	<25.514908, 36.842270, 35.956917>,  <25.167400, 36.834263, 36.154842>, 0.100000
	pigment { color rgbt <1,0,0,0> }
	no_shadow
}

// particle -1
sphere {
	<25.514908, 36.842270, 35.956917> 0.100000
	pigment { color rgbt <1,0,0,0> }
	no_shadow
}
sphere {
	0, 1
	scale<0.080000,0.200000,0.300000>
	matrix <-0.346841, -0.688597, -0.636817,
		-0.353474, 0.724868, -0.591289,
		0.868768, 0.020015, -0.494815,
		25.775537, 36.848274, 35.808472>
	pigment { color rgbt <0,1,1,0> }
	no_shadow
}
cylinder {
	<24.560350, 37.165634, 36.298870>,  <25.167400, 36.834263, 36.154842>, 0.130000
	pigment { color rgbt <1,0,0,0> }
	no_shadow
}

// nucleotide -1

// particle -1
sphere {
	<24.560350, 37.165634, 36.298870> 0.250000
	pigment { color rgbt <1,0,0,0> }
	no_shadow
}
cylinder {
	<24.836689, 37.197937, 36.011478>,  <25.002493, 37.217319, 35.839043>, 0.100000
	pigment { color rgbt <1,0,0,0> }
	no_shadow
}
cylinder {
	<24.836689, 37.197937, 36.011478>,  <24.560350, 37.165634, 36.298870>, 0.100000
	pigment { color rgbt <1,0,0,0> }
	no_shadow
}

// particle -1
sphere {
	<24.836689, 37.197937, 36.011478> 0.100000
	pigment { color rgbt <1,0,0,0> }
	no_shadow
}
sphere {
	0, 1
	scale<0.080000,0.200000,0.300000>
	matrix <-0.422720, -0.761071, -0.492016,
		-0.586546, 0.643622, -0.491645,
		0.690849, 0.080762, -0.718475,
		25.043943, 37.222164, 35.795937>
	pigment { color rgbt <0,1,1,0> }
	no_shadow
}
cylinder {
	<24.191357, 37.177132, 35.715389>,  <24.560350, 37.165634, 36.298870>, 0.130000
	pigment { color rgbt <1,0,0,0> }
	no_shadow
}

// nucleotide -1

// particle -1
sphere {
	<24.191357, 37.177132, 35.715389> 0.250000
	pigment { color rgbt <1,0,0,0> }
	no_shadow
}
cylinder {
	<24.557051, 37.081966, 35.584198>,  <24.776466, 37.024868, 35.505482>, 0.100000
	pigment { color rgbt <1,0,0,0> }
	no_shadow
}
cylinder {
	<24.557051, 37.081966, 35.584198>,  <24.191357, 37.177132, 35.715389>, 0.100000
	pigment { color rgbt <1,0,0,0> }
	no_shadow
}

// particle -1
sphere {
	<24.557051, 37.081966, 35.584198> 0.100000
	pigment { color rgbt <1,0,0,0> }
	no_shadow
}
sphere {
	0, 1
	scale<0.080000,0.200000,0.300000>
	matrix <-0.387376, -0.750552, -0.535362,
		-0.118799, 0.616499, -0.778341,
		0.914236, -0.237910, -0.327982,
		24.831322, 37.010593, 35.485802>
	pigment { color rgbt <0,1,1,0> }
	no_shadow
}
cylinder {
	<24.222109, 36.972015, 34.930531>,  <24.191357, 37.177132, 35.715389>, 0.130000
	pigment { color rgbt <1,0,0,0> }
	no_shadow
}

// nucleotide -1

// particle -1
sphere {
	<24.222109, 36.972015, 34.930531> 0.250000
	pigment { color rgbt <1,0,0,0> }
	no_shadow
}
cylinder {
	<24.491501, 36.767941, 35.144497>,  <24.653135, 36.645496, 35.272877>, 0.100000
	pigment { color rgbt <1,0,0,0> }
	no_shadow
}
cylinder {
	<24.491501, 36.767941, 35.144497>,  <24.222109, 36.972015, 34.930531>, 0.100000
	pigment { color rgbt <1,0,0,0> }
	no_shadow
}

// particle -1
sphere {
	<24.491501, 36.767941, 35.144497> 0.100000
	pigment { color rgbt <1,0,0,0> }
	no_shadow
}
sphere {
	0, 1
	scale<0.080000,0.200000,0.300000>
	matrix <-0.294851, -0.848987, -0.438502,
		0.677856, 0.137600, -0.722203,
		0.673479, -0.510184, 0.534919,
		24.693544, 36.614887, 35.304974>
	pigment { color rgbt <0,1,1,0> }
	no_shadow
}
cylinder {
	<24.433699, 36.624004, 34.262962>,  <24.222109, 36.972015, 34.930531>, 0.130000
	pigment { color rgbt <1,0,0,0> }
	no_shadow
}

// nucleotide -1

// particle -1
sphere {
	<24.433699, 36.624004, 34.262962> 0.250000
	pigment { color rgbt <1,0,0,0> }
	no_shadow
}
cylinder {
	<24.670921, 36.584873, 34.582642>,  <24.813255, 36.561394, 34.774448>, 0.100000
	pigment { color rgbt <1,0,0,0> }
	no_shadow
}
cylinder {
	<24.670921, 36.584873, 34.582642>,  <24.433699, 36.624004, 34.262962>, 0.100000
	pigment { color rgbt <1,0,0,0> }
	no_shadow
}

// particle -1
sphere {
	<24.670921, 36.584873, 34.582642> 0.100000
	pigment { color rgbt <1,0,0,0> }
	no_shadow
}
sphere {
	0, 1
	scale<0.080000,0.200000,0.300000>
	matrix <0.069639, -0.982639, -0.171963,
		0.802143, 0.157639, -0.575949,
		0.593058, -0.097831, 0.799194,
		24.848839, 36.555523, 34.822399>
	pigment { color rgbt <0,1,1,0> }
	no_shadow
}
cylinder {
	<24.927538, 36.161839, 34.011017>,  <24.433699, 36.624004, 34.262962>, 0.130000
	pigment { color rgbt <1,0,0,0> }
	no_shadow
}

// nucleotide -1

// particle -1
sphere {
	<24.927538, 36.161839, 34.011017> 0.250000
	pigment { color rgbt <1,0,0,0> }
	no_shadow
}
cylinder {
	<24.924864, 36.141994, 34.410515>,  <24.923260, 36.130089, 34.650215>, 0.100000
	pigment { color rgbt <1,0,0,0> }
	no_shadow
}
cylinder {
	<24.924864, 36.141994, 34.410515>,  <24.927538, 36.161839, 34.011017>, 0.100000
	pigment { color rgbt <1,0,0,0> }
	no_shadow
}

// particle -1
sphere {
	<24.924864, 36.141994, 34.410515> 0.100000
	pigment { color rgbt <1,0,0,0> }
	no_shadow
}
sphere {
	0, 1
	scale<0.080000,0.200000,0.300000>
	matrix <0.109493, -0.992799, -0.048586,
		0.993965, 0.109031, 0.012068,
		-0.006684, -0.049615, 0.998746,
		24.922857, 36.127110, 34.710140>
	pigment { color rgbt <0,1,1,0> }
	no_shadow
}
cylinder {
	<25.487452, 35.759682, 34.227688>,  <24.927538, 36.161839, 34.011017>, 0.130000
	pigment { color rgbt <1,0,0,0> }
	no_shadow
}

// nucleotide -1

// particle -1
sphere {
	<25.487452, 35.759682, 34.227688> 0.250000
	pigment { color rgbt <1,0,0,0> }
	no_shadow
}
cylinder {
	<25.236750, 35.731514, 34.538101>,  <25.086329, 35.714615, 34.724350>, 0.100000
	pigment { color rgbt <1,0,0,0> }
	no_shadow
}
cylinder {
	<25.236750, 35.731514, 34.538101>,  <25.487452, 35.759682, 34.227688>, 0.100000
	pigment { color rgbt <1,0,0,0> }
	no_shadow
}

// particle -1
sphere {
	<25.236750, 35.731514, 34.538101> 0.100000
	pigment { color rgbt <1,0,0,0> }
	no_shadow
}
sphere {
	0, 1
	scale<0.080000,0.200000,0.300000>
	matrix <0.196916, -0.977896, 0.070305,
		0.753926, 0.196877, 0.626765,
		-0.626753, -0.070415, 0.776030,
		25.048723, 35.710388, 34.770908>
	pigment { color rgbt <0,1,1,0> }
	no_shadow
}
cylinder {
	<25.690233, 35.286278, 34.596310>,  <25.487452, 35.759682, 34.227688>, 0.130000
	pigment { color rgbt <1,0,0,0> }
	no_shadow
}

// nucleotide -1

// particle -1
sphere {
	<25.690233, 35.286278, 34.596310> 0.250000
	pigment { color rgbt <1,0,0,0> }
	no_shadow
}
cylinder {
	<25.330503, 35.279350, 34.771084>,  <25.114666, 35.275192, 34.875950>, 0.100000
	pigment { color rgbt <1,0,0,0> }
	no_shadow
}
cylinder {
	<25.330503, 35.279350, 34.771084>,  <25.690233, 35.286278, 34.596310>, 0.100000
	pigment { color rgbt <1,0,0,0> }
	no_shadow
}

// particle -1
sphere {
	<25.330503, 35.279350, 34.771084> 0.100000
	pigment { color rgbt <1,0,0,0> }
	no_shadow
}
sphere {
	0, 1
	scale<0.080000,0.200000,0.300000>
	matrix <0.099879, -0.980938, 0.166687,
		0.425723, 0.193547, 0.883911,
		-0.899324, -0.017322, 0.436940,
		25.060707, 35.274155, 34.902164>
	pigment { color rgbt <0,1,1,0> }
	no_shadow
}
cylinder {
	<25.766857, 34.669563, 35.064442>,  <25.690233, 35.286278, 34.596310>, 0.130000
	pigment { color rgbt <1,0,0,0> }
	no_shadow
}

// nucleotide -1

// particle -1
sphere {
	<25.766857, 34.669563, 35.064442> 0.250000
	pigment { color rgbt <1,0,0,0> }
	no_shadow
}
cylinder {
	<25.377712, 34.762115, 35.064541>,  <25.144224, 34.817646, 35.064598>, 0.100000
	pigment { color rgbt <1,0,0,0> }
	no_shadow
}
cylinder {
	<25.377712, 34.762115, 35.064541>,  <25.766857, 34.669563, 35.064442>, 0.100000
	pigment { color rgbt <1,0,0,0> }
	no_shadow
}

// particle -1
sphere {
	<25.377712, 34.762115, 35.064541> 0.100000
	pigment { color rgbt <1,0,0,0> }
	no_shadow
}
sphere {
	0, 1
	scale<0.080000,0.200000,0.300000>
	matrix <-0.230013, -0.967229, 0.107526,
		0.025117, 0.104551, 0.994202,
		-0.972863, 0.231380, 0.000246,
		25.085854, 34.831528, 35.064613>
	pigment { color rgbt <0,1,1,0> }
	no_shadow
}
cylinder {
	<25.301865, 34.423317, 35.686493>,  <25.766857, 34.669563, 35.064442>, 0.130000
	pigment { color rgbt <1,0,0,0> }
	no_shadow
}

// nucleotide -1

// particle -1
sphere {
	<25.301865, 34.423317, 35.686493> 0.250000
	pigment { color rgbt <1,0,0,0> }
	no_shadow
}
cylinder {
	<25.092611, 34.422153, 35.345596>,  <24.967060, 34.421455, 35.141056>, 0.100000
	pigment { color rgbt <1,0,0,0> }
	no_shadow
}
cylinder {
	<25.092611, 34.422153, 35.345596>,  <25.301865, 34.423317, 35.686493>, 0.100000
	pigment { color rgbt <1,0,0,0> }
	no_shadow
}

// particle -1
sphere {
	<25.092611, 34.422153, 35.345596> 0.100000
	pigment { color rgbt <1,0,0,0> }
	no_shadow
}
sphere {
	0, 1
	scale<0.080000,0.200000,0.300000>
	matrix <-0.233297, -0.961308, 0.146488,
		-0.819697, 0.275460, 0.502214,
		-0.523134, -0.002911, -0.852245,
		24.935671, 34.421280, 35.089924>
	pigment { color rgbt <0,1,1,0> }
	no_shadow
}
cylinder {
	<24.634033, 34.064308, 35.813183>,  <25.301865, 34.423317, 35.686493>, 0.130000
	pigment { color rgbt <1,0,0,0> }
	no_shadow
}

// nucleotide -1

// particle -1
sphere {
	<24.634033, 34.064308, 35.813183> 0.250000
	pigment { color rgbt <1,0,0,0> }
	no_shadow
}
cylinder {
	<24.722889, 34.022343, 35.425442>,  <24.776201, 33.997162, 35.192795>, 0.100000
	pigment { color rgbt <1,0,0,0> }
	no_shadow
}
cylinder {
	<24.722889, 34.022343, 35.425442>,  <24.634033, 34.064308, 35.813183>, 0.100000
	pigment { color rgbt <1,0,0,0> }
	no_shadow
}

// particle -1
sphere {
	<24.722889, 34.022343, 35.425442> 0.100000
	pigment { color rgbt <1,0,0,0> }
	no_shadow
}
sphere {
	0, 1
	scale<0.080000,0.200000,0.300000>
	matrix <-0.208852, -0.976238, 0.057797,
		-0.952384, 0.189613, -0.238770,
		0.222137, -0.104913, -0.969355,
		24.789530, 33.990868, 35.134636>
	pigment { color rgbt <0,1,1,0> }
	no_shadow
}
cylinder {
	<24.030800, 33.826313, 35.369411>,  <24.634033, 34.064308, 35.813183>, 0.130000
	pigment { color rgbt <1,0,0,0> }
	no_shadow
}

// nucleotide -1

// particle -1
sphere {
	<24.030800, 33.826313, 35.369411> 0.250000
	pigment { color rgbt <1,0,0,0> }
	no_shadow
}
cylinder {
	<24.380596, 33.725670, 35.203541>,  <24.590475, 33.665283, 35.104019>, 0.100000
	pigment { color rgbt <1,0,0,0> }
	no_shadow
}
cylinder {
	<24.380596, 33.725670, 35.203541>,  <24.030800, 33.826313, 35.369411>, 0.100000
	pigment { color rgbt <1,0,0,0> }
	no_shadow
}

// particle -1
sphere {
	<24.380596, 33.725670, 35.203541> 0.100000
	pigment { color rgbt <1,0,0,0> }
	no_shadow
}
sphere {
	0, 1
	scale<0.080000,0.200000,0.300000>
	matrix <-0.254468, -0.965819, 0.049389,
		-0.412928, 0.062332, -0.908628,
		0.874492, -0.251611, -0.414676,
		24.642944, 33.650188, 35.079140>
	pigment { color rgbt <0,1,1,0> }
	no_shadow
}
cylinder {
	<23.806910, 33.394382, 34.773376>,  <24.030800, 33.826313, 35.369411>, 0.130000
	pigment { color rgbt <1,0,0,0> }
	no_shadow
}

// nucleotide -1

// particle -1
sphere {
	<23.806910, 33.394382, 34.773376> 0.250000
	pigment { color rgbt <1,0,0,0> }
	no_shadow
}
cylinder {
	<24.179636, 33.319302, 34.897625>,  <24.403273, 33.274254, 34.972176>, 0.100000
	pigment { color rgbt <1,0,0,0> }
	no_shadow
}
cylinder {
	<24.179636, 33.319302, 34.897625>,  <23.806910, 33.394382, 34.773376>, 0.100000
	pigment { color rgbt <1,0,0,0> }
	no_shadow
}

// particle -1
sphere {
	<24.179636, 33.319302, 34.897625> 0.100000
	pigment { color rgbt <1,0,0,0> }
	no_shadow
}
sphere {
	0, 1
	scale<0.080000,0.200000,0.300000>
	matrix <-0.254831, -0.947787, 0.191732,
		0.258418, -0.257816, -0.930995,
		0.931816, -0.187699, 0.310624,
		24.459181, 33.262993, 34.990810>
	pigment { color rgbt <0,1,1,0> }
	no_shadow
}
cylinder {
	<23.872520, 32.727074, 34.483475>,  <23.806910, 33.394382, 34.773376>, 0.130000
	pigment { color rgbt <1,0,0,0> }
	no_shadow
}

// nucleotide -1

// particle -1
sphere {
	<23.872520, 32.727074, 34.483475> 0.250000
	pigment { color rgbt <1,0,0,0> }
	no_shadow
}
cylinder {
	<24.134745, 32.799168, 34.776802>,  <24.292080, 32.842422, 34.952797>, 0.100000
	pigment { color rgbt <1,0,0,0> }
	no_shadow
}
cylinder {
	<24.134745, 32.799168, 34.776802>,  <23.872520, 32.727074, 34.483475>, 0.100000
	pigment { color rgbt <1,0,0,0> }
	no_shadow
}

// particle -1
sphere {
	<24.134745, 32.799168, 34.776802> 0.100000
	pigment { color rgbt <1,0,0,0> }
	no_shadow
}
sphere {
	0, 1
	scale<0.080000,0.200000,0.300000>
	matrix <0.049059, -0.979213, 0.196811,
		0.753547, -0.093046, -0.650776,
		0.655561, 0.180232, 0.733318,
		24.331413, 32.853237, 34.996796>
	pigment { color rgbt <0,1,1,0> }
	no_shadow
}
cylinder {
	<24.633959, 32.358532, 34.426495>,  <23.872520, 32.727074, 34.483475>, 0.130000
	pigment { color rgbt <1,0,0,0> }
	no_shadow
}

// nucleotide -1

// particle -1
sphere {
	<24.633959, 32.358532, 34.426495> 0.250000
	pigment { color rgbt <1,0,0,0> }
	no_shadow
}
cylinder {
	<24.534136, 32.424778, 34.808132>,  <24.474241, 32.464523, 35.037113>, 0.100000
	pigment { color rgbt <1,0,0,0> }
	no_shadow
}
cylinder {
	<24.534136, 32.424778, 34.808132>,  <24.633959, 32.358532, 34.426495>, 0.100000
	pigment { color rgbt <1,0,0,0> }
	no_shadow
}

// particle -1
sphere {
	<24.534136, 32.424778, 34.808132> 0.100000
	pigment { color rgbt <1,0,0,0> }
	no_shadow
}
sphere {
	0, 1
	scale<0.080000,0.200000,0.300000>
	matrix <0.121115, -0.972192, 0.200434,
		0.960756, 0.165575, 0.222559,
		-0.249557, 0.165612, 0.954093,
		24.459269, 32.474461, 35.094360>
	pigment { color rgbt <0,1,1,0> }
	no_shadow
}
cylinder {
	<25.055628, 32.250694, 33.955383>,  <24.633959, 32.358532, 34.426495>, 0.130000
	pigment { color rgbt <1,0,0,0> }
	no_shadow
}

// nucleotide -1

// particle -1
sphere {
	<25.055628, 32.250694, 33.955383> 0.250000
	pigment { color rgbt <1,0,0,0> }
	no_shadow
}
cylinder {
	<25.191843, 32.374931, 34.310364>,  <25.273571, 32.449474, 34.523350>, 0.100000
	pigment { color rgbt <1,0,0,0> }
	no_shadow
}
cylinder {
	<25.191843, 32.374931, 34.310364>,  <25.055628, 32.250694, 33.955383>, 0.100000
	pigment { color rgbt <1,0,0,0> }
	no_shadow
}

// particle -1
sphere {
	<25.191843, 32.374931, 34.310364> 0.100000
	pigment { color rgbt <1,0,0,0> }
	no_shadow
}
sphere {
	0, 1
	scale<0.080000,0.200000,0.300000>
	matrix <-0.038845, -0.938409, 0.343337,
		0.939429, -0.151391, -0.307497,
		0.340536, 0.310596, 0.887449,
		25.294004, 32.468109, 34.576599>
	pigment { color rgbt <0,1,1,0> }
	no_shadow
}
cylinder {
	<25.641687, 31.851358, 34.119930>,  <25.055628, 32.250694, 33.955383>, 0.130000
	pigment { color rgbt <1,0,0,0> }
	no_shadow
}

// nucleotide -1

// particle -1
sphere {
	<25.641687, 31.851358, 34.119930> 0.250000
	pigment { color rgbt <1,0,0,0> }
	no_shadow
}
cylinder {
	<25.510580, 31.990301, 34.471363>,  <25.431915, 32.073666, 34.682224>, 0.100000
	pigment { color rgbt <1,0,0,0> }
	no_shadow
}
cylinder {
	<25.510580, 31.990301, 34.471363>,  <25.641687, 31.851358, 34.119930>, 0.100000
	pigment { color rgbt <1,0,0,0> }
	no_shadow
}

// particle -1
sphere {
	<25.510580, 31.990301, 34.471363> 0.100000
	pigment { color rgbt <1,0,0,0> }
	no_shadow
}
sphere {
	0, 1
	scale<0.080000,0.200000,0.300000>
	matrix <0.050460, -0.922194, 0.383422,
		0.943409, 0.170007, 0.284739,
		-0.327769, 0.347356, 0.878585,
		25.412249, 32.094509, 34.734940>
	pigment { color rgbt <0,1,1,0> }
	no_shadow
}
cylinder {
	<26.116781, 31.744204, 34.691010>,  <25.641687, 31.851358, 34.119930>, 0.130000
	pigment { color rgbt <1,0,0,0> }
	no_shadow
}

// nucleotide -1

// particle -1
sphere {
	<26.116781, 31.744204, 34.691010> 0.250000
	pigment { color rgbt <1,0,0,0> }
	no_shadow
}
cylinder {
	<25.738281, 31.731384, 34.819748>,  <25.511181, 31.723694, 34.896992>, 0.100000
	pigment { color rgbt <1,0,0,0> }
	no_shadow
}
cylinder {
	<25.738281, 31.731384, 34.819748>,  <26.116781, 31.744204, 34.691010>, 0.100000
	pigment { color rgbt <1,0,0,0> }
	no_shadow
}

// particle -1
sphere {
	<25.738281, 31.731384, 34.819748> 0.100000
	pigment { color rgbt <1,0,0,0> }
	no_shadow
}
sphere {
	0, 1
	scale<0.080000,0.200000,0.300000>
	matrix <0.142801, -0.934234, 0.326825,
		0.290204, 0.355218, 0.888595,
		-0.946250, -0.032047, 0.321844,
		25.454407, 31.721769, 34.916302>
	pigment { color rgbt <0,1,1,0> }
	no_shadow
}
cylinder {
	<26.198078, 31.290258, 35.227776>,  <26.116781, 31.744204, 34.691010>, 0.130000
	pigment { color rgbt <1,0,0,0> }
	no_shadow
}

// nucleotide -1

// particle -1
sphere {
	<26.198078, 31.290258, 35.227776> 0.250000
	pigment { color rgbt <1,0,0,0> }
	no_shadow
}
cylinder {
	<25.802980, 31.290405, 35.165344>,  <25.565922, 31.290493, 35.127884>, 0.100000
	pigment { color rgbt <1,0,0,0> }
	no_shadow
}
cylinder {
	<25.802980, 31.290405, 35.165344>,  <26.198078, 31.290258, 35.227776>, 0.100000
	pigment { color rgbt <1,0,0,0> }
	no_shadow
}

// particle -1
sphere {
	<25.802980, 31.290405, 35.165344> 0.100000
	pigment { color rgbt <1,0,0,0> }
	no_shadow
}
sphere {
	0, 1
	scale<0.080000,0.200000,0.300000>
	matrix <-0.008166, -0.998750, 0.049312,
		-0.155864, 0.049983, 0.986513,
		-0.987745, 0.000369, -0.156078,
		25.506657, 31.290516, 35.118523>
	pigment { color rgbt <0,1,1,0> }
	no_shadow
}
cylinder {
	<25.757637, 30.815628, 35.703911>,  <26.198078, 31.290258, 35.227776>, 0.130000
	pigment { color rgbt <1,0,0,0> }
	no_shadow
}

// nucleotide -1

// particle -1
sphere {
	<25.757637, 30.815628, 35.703911> 0.250000
	pigment { color rgbt <1,0,0,0> }
	no_shadow
}
cylinder {
	<25.565865, 30.853571, 35.354935>,  <25.450802, 30.876337, 35.145550>, 0.100000
	pigment { color rgbt <1,0,0,0> }
	no_shadow
}
cylinder {
	<25.565865, 30.853571, 35.354935>,  <25.757637, 30.815628, 35.703911>, 0.100000
	pigment { color rgbt <1,0,0,0> }
	no_shadow
}

// particle -1
sphere {
	<25.565865, 30.853571, 35.354935> 0.100000
	pigment { color rgbt <1,0,0,0> }
	no_shadow
}
sphere {
	0, 1
	scale<0.080000,0.200000,0.300000>
	matrix <-0.075754, -0.994904, -0.066545,
		-0.874304, 0.034187, 0.484173,
		-0.479430, 0.094859, -0.872438,
		25.422035, 30.882029, 35.093204>
	pigment { color rgbt <0,1,1,0> }
	no_shadow
}
cylinder {
	<25.540203, 30.326681, 35.074951>,  <25.757637, 30.815628, 35.703911>, 0.130000
	pigment { color rgbt <1,0,0,0> }
	no_shadow
}

// nucleotide -1

// particle -1
sphere {
	<25.540203, 30.326681, 35.074951> 0.250000
	pigment { color rgbt <1,0,0,0> }
	no_shadow
}
cylinder {
	<25.169149, 30.185881, 35.024998>,  <24.946518, 30.101400, 34.995026>, 0.100000
	pigment { color rgbt <1,0,0,0> }
	no_shadow
}
cylinder {
	<25.169149, 30.185881, 35.024998>,  <25.540203, 30.326681, 35.074951>, 0.100000
	pigment { color rgbt <1,0,0,0> }
	no_shadow
}

// particle -1
sphere {
	<25.169149, 30.185881, 35.024998> 0.100000
	pigment { color rgbt <1,0,0,0> }
	no_shadow
}
sphere {
	0, 1
	scale<0.080000,0.200000,0.300000>
	matrix <-0.370326, 0.910292, 0.185004,
		0.048556, 0.217862, -0.974771,
		-0.927632, -0.352000, -0.124880,
		24.890860, 30.080280, 34.987534>
	pigment { color rgbt <0,1,1,0> }
	no_shadow
}
cylinder {
	<25.278568, 30.505795, 34.374870>,  <25.540203, 30.326681, 35.074951>, 0.130000
	pigment { color rgbt <1,0,0,0> }
	no_shadow
}

// nucleotide -1

// particle -1
sphere {
	<25.278568, 30.505795, 34.374870> 0.250000
	pigment { color rgbt <1,0,0,0> }
	no_shadow
}
cylinder {
	<25.125887, 30.483927, 34.743938>,  <25.034279, 30.470806, 34.965378>, 0.100000
	pigment { color rgbt <1,0,0,0> }
	no_shadow
}
cylinder {
	<25.125887, 30.483927, 34.743938>,  <25.278568, 30.505795, 34.374870>, 0.100000
	pigment { color rgbt <1,0,0,0> }
	no_shadow
}

// particle -1
sphere {
	<25.125887, 30.483927, 34.743938> 0.100000
	pigment { color rgbt <1,0,0,0> }
	no_shadow
}
sphere {
	0, 1
	scale<0.080000,0.200000,0.300000>
	matrix <-0.268123, 0.961874, -0.053929,
		-0.884541, -0.267973, -0.381807,
		-0.381702, -0.054669, 0.922667,
		25.011375, 30.467525, 35.020741>
	pigment { color rgbt <0,1,1,0> }
	no_shadow
}
cylinder {
	<24.629498, 30.848152, 34.415863>,  <25.278568, 30.505795, 34.374870>, 0.130000
	pigment { color rgbt <1,0,0,0> }
	no_shadow
}

// nucleotide -1

// particle -1
sphere {
	<24.629498, 30.848152, 34.415863> 0.250000
	pigment { color rgbt <1,0,0,0> }
	no_shadow
}
cylinder {
	<24.796867, 30.856432, 34.779068>,  <24.897289, 30.861399, 34.996990>, 0.100000
	pigment { color rgbt <1,0,0,0> }
	no_shadow
}
cylinder {
	<24.796867, 30.856432, 34.779068>,  <24.629498, 30.848152, 34.415863>, 0.100000
	pigment { color rgbt <1,0,0,0> }
	no_shadow
}

// particle -1
sphere {
	<24.796867, 30.856432, 34.779068> 0.100000
	pigment { color rgbt <1,0,0,0> }
	no_shadow
}
sphere {
	0, 1
	scale<0.080000,0.200000,0.300000>
	matrix <-0.133200, 0.990329, 0.038805,
