// switches for output
#declare DRAW_BASES = 1; // possible values are 0, 1; only relevant for DNA ribbons
#declare DRAW_BASES_TYPE = 3; // possible values are 1, 2, 3; only relevant for DNA ribbons
#declare DRAW_FOG = 0; // set to 1 to enable fog

#include "colors.inc"

#include "transforms.inc"
background { rgb <1, 1, 1>}

#default {
   normal{
       ripples 0.25
       frequency 0.20
       turbulence 0.2
       lambda 5
   }
	finish {
		phong 0.1
		phong_size 40.
	}
}

// original window dimensions: 1024x640


// camera settings

camera {
	sky <0, 0.179814, -0.983701>
	up <0, 0.179814, -0.983701>
	right 1.6 * <1, 0, 0>
	location <35, 94.9851, 44.8844>
	look_at <35, 29.7336, 32.9568>
	direction <0, -65.2515, -11.9276>
	angle 67.0682
}


# declare cpy_camera_pos = <35, 94.9851, 44.8844>;
# if (DRAW_FOG = 1)
fog {
	fog_type 2
	up vnormalize(cpy_camera_pos)
	color rgbt<1,1,1,0.3>
	distance 1e-5
	fog_alt 3e-3
	fog_offset 56
}
# end


// LIGHTS

# declare lum = 6;
global_settings {
	ambient_light rgb lum * <0.05, 0.05, 0.05>
	max_trace_level 15
}# declare cpy_direct_light_amount = 0.25;
light_source
{	1000 * <-1, -1.16352, -0.803886>,
	rgb lum * cpy_direct_light_amount
	parallel
}

light_source
{	1000 * <1, 1.16352, 0.803886>,
	rgb lum * cpy_direct_light_amount
	parallel
}

// strand 0

// nucleotide -1

// particle -1
sphere {
	<24.033625, 34.798668, 35.514519> 0.250000
	pigment { color rgbt <1,0,0,0> }
	no_shadow
}
cylinder {
	<24.255352, 35.114136, 35.408138>,  <24.388388, 35.303417, 35.344311>, 0.100000
	pigment { color rgbt <1,0,0,0> }
	no_shadow
}
cylinder {
	<24.255352, 35.114136, 35.408138>,  <24.033625, 34.798668, 35.514519>, 0.100000
	pigment { color rgbt <1,0,0,0> }
	no_shadow
}

// particle -1
sphere {
	<24.255352, 35.114136, 35.408138> 0.100000
	pigment { color rgbt <1,0,0,0> }
	no_shadow
}
sphere {
	0, 1
	scale<0.080000,0.200000,0.300000>
	matrix <0.659849, -0.221666, 0.717958,
		0.507278, -0.573468, -0.643276,
		0.554319, 0.788669, -0.265956,
		24.421648, 35.350735, 35.328350>
	pigment { color rgbt <0,1,1,0> }
	no_shadow
}
cylinder {
	<24.788055, 34.688881, 35.215736>,  <24.033625, 34.798668, 35.514519>, 0.130000
	pigment { color rgbt <1,0,0,0> }
	no_shadow
}

// nucleotide -1

// particle -1
sphere {
	<24.788055, 34.688881, 35.215736> 0.250000
	pigment { color rgbt <1,0,0,0> }
	no_shadow
}
cylinder {
	<24.722433, 35.013531, 35.440006>,  <24.683060, 35.208321, 35.574570>, 0.100000
	pigment { color rgbt <1,0,0,0> }
	no_shadow
}
cylinder {
	<24.722433, 35.013531, 35.440006>,  <24.788055, 34.688881, 35.215736>, 0.100000
	pigment { color rgbt <1,0,0,0> }
	no_shadow
}

// particle -1
sphere {
	<24.722433, 35.013531, 35.440006> 0.100000
	pigment { color rgbt <1,0,0,0> }
	no_shadow
}
sphere {
	0, 1
	scale<0.080000,0.200000,0.300000>
	matrix <0.621299, -0.356460, 0.697799,
		0.766208, 0.462822, -0.445782,
		-0.164054, 0.811623, 0.560673,
		24.673218, 35.257019, 35.608208>
	pigment { color rgbt <0,1,1,0> }
	no_shadow
}
cylinder {
	<25.368710, 35.014820, 35.375175>,  <24.788055, 34.688881, 35.215736>, 0.130000
	pigment { color rgbt <1,0,0,0> }
	no_shadow
}

// nucleotide -1

// particle -1
sphere {
	<25.368710, 35.014820, 35.375175> 0.250000
	pigment { color rgbt <1,0,0,0> }
	no_shadow
}
cylinder {
	<25.126181, 35.139835, 35.667667>,  <24.980663, 35.214844, 35.843163>, 0.100000
	pigment { color rgbt <1,0,0,0> }
	no_shadow
}
cylinder {
	<25.126181, 35.139835, 35.667667>,  <25.368710, 35.014820, 35.375175>, 0.100000
	pigment { color rgbt <1,0,0,0> }
	no_shadow
}

// particle -1
sphere {
	<25.126181, 35.139835, 35.667667> 0.100000
	pigment { color rgbt <1,0,0,0> }
	no_shadow
}
sphere {
	0, 1
	scale<0.080000,0.200000,0.300000>
	matrix <0.684798, -0.262244, 0.679912,
		0.404257, 0.912989, -0.055020,
		-0.606324, 0.312537, 0.731227,
		24.944284, 35.233597, 35.887035>
	pigment { color rgbt <0,1,1,0> }
	no_shadow
}
cylinder {
	<25.842196, 35.266357, 35.998531>,  <25.368710, 35.014820, 35.375175>, 0.130000
	pigment { color rgbt <1,0,0,0> }
	no_shadow
}

// nucleotide -1

// particle -1
sphere {
	<25.842196, 35.266357, 35.998531> 0.250000
	pigment { color rgbt <1,0,0,0> }
	no_shadow
}
cylinder {
	<25.492935, 35.247444, 36.192593>,  <25.283379, 35.236095, 36.309029>, 0.100000
	pigment { color rgbt <1,0,0,0> }
	no_shadow
}
cylinder {
	<25.492935, 35.247444, 36.192593>,  <25.842196, 35.266357, 35.998531>, 0.100000
	pigment { color rgbt <1,0,0,0> }
	no_shadow
}

// particle -1
sphere {
	<25.492935, 35.247444, 36.192593> 0.100000
	pigment { color rgbt <1,0,0,0> }
	no_shadow
}
sphere {
	0, 1
	scale<0.080000,0.200000,0.300000>
	matrix <0.486925, -0.130703, 0.863609,
		0.022579, 0.990293, 0.137146,
		-0.873152, -0.047281, 0.485150,
		25.230989, 35.233261, 36.338139>
	pigment { color rgbt <0,1,1,0> }
	no_shadow
}
cylinder {
	<25.978079, 35.565807, 36.547386>,  <25.842196, 35.266357, 35.998531>, 0.130000
	pigment { color rgbt <1,0,0,0> }
	no_shadow
}

// nucleotide -1

// particle -1
sphere {
	<25.978079, 35.565807, 36.547386> 0.250000
	pigment { color rgbt <1,0,0,0> }
	no_shadow
}
cylinder {
	<25.685175, 35.312145, 36.646702>,  <25.509434, 35.159946, 36.706291>, 0.100000
	pigment { color rgbt <1,0,0,0> }
	no_shadow
}
cylinder {
	<25.685175, 35.312145, 36.646702>,  <25.978079, 35.565807, 36.547386>, 0.100000
	pigment { color rgbt <1,0,0,0> }
	no_shadow
}

// particle -1
sphere {
	<25.685175, 35.312145, 36.646702> 0.100000
	pigment { color rgbt <1,0,0,0> }
	no_shadow
}
sphere {
	0, 1
	scale<0.080000,0.200000,0.300000>
	matrix <0.435551, -0.155812, 0.886577,
		-0.523540, 0.757345, 0.390300,
		-0.732258, -0.634154, 0.248289,
		25.465498, 35.121899, 36.721188>
	pigment { color rgbt <0,1,1,0> }
	no_shadow
}
cylinder {
	<25.665262, 35.717342, 37.132179>,  <25.978079, 35.565807, 36.547386>, 0.130000
	pigment { color rgbt <1,0,0,0> }
	no_shadow
}

// nucleotide -1

// particle -1
sphere {
	<25.665262, 35.717342, 37.132179> 0.250000
	pigment { color rgbt <1,0,0,0> }
	no_shadow
}
cylinder {
	<25.579187, 35.327717, 37.104221>,  <25.527542, 35.093941, 37.087448>, 0.100000
	pigment { color rgbt <1,0,0,0> }
	no_shadow
}
cylinder {
	<25.579187, 35.327717, 37.104221>,  <25.665262, 35.717342, 37.132179>, 0.100000
	pigment { color rgbt <1,0,0,0> }
	no_shadow
}

// particle -1
sphere {
	<25.579187, 35.327717, 37.104221> 0.100000
	pigment { color rgbt <1,0,0,0> }
	no_shadow
}
sphere {
	0, 1
	scale<0.080000,0.200000,0.300000>
	matrix <0.355314, -0.144755, 0.923470,
		-0.909640, 0.173887, 0.377250,
		-0.215188, -0.974068, -0.069890,
		25.514631, 35.035496, 37.083256>
	pigment { color rgbt <0,1,1,0> }
	no_shadow
}
cylinder {
	<25.321112, 35.490921, 37.751377>,  <25.665262, 35.717342, 37.132179>, 0.130000
	pigment { color rgbt <1,0,0,0> }
	no_shadow
}

// nucleotide -1

// particle -1
sphere {
	<25.321112, 35.490921, 37.751377> 0.250000
	pigment { color rgbt <1,0,0,0> }
	no_shadow
}
cylinder {
	<25.442572, 35.139206, 37.604603>,  <25.515448, 34.928177, 37.516537>, 0.100000
	pigment { color rgbt <1,0,0,0> }
	no_shadow
}
cylinder {
	<25.442572, 35.139206, 37.604603>,  <25.321112, 35.490921, 37.751377>, 0.100000
	pigment { color rgbt <1,0,0,0> }
	no_shadow
}

// particle -1
sphere {
	<25.442572, 35.139206, 37.604603> 0.100000
	pigment { color rgbt <1,0,0,0> }
	no_shadow
}
sphere {
	0, 1
	scale<0.080000,0.200000,0.300000>
	matrix <0.279890, -0.285810, 0.916501,
		-0.910746, -0.380998, 0.159318,
		0.303650, -0.879291, -0.366938,
		25.533667, 34.875420, 37.494522>
	pigment { color rgbt <0,1,1,0> }
	no_shadow
}
cylinder {
	<25.053064, 34.794956, 38.222355>,  <25.321112, 35.490921, 37.751377>, 0.130000
	pigment { color rgbt <1,0,0,0> }
	no_shadow
}

// nucleotide -1

// particle -1
sphere {
	<25.053064, 34.794956, 38.222355> 0.250000
	pigment { color rgbt <1,0,0,0> }
	no_shadow
}
cylinder {
	<25.400761, 34.776878, 38.025429>,  <25.609379, 34.766029, 37.907272>, 0.100000
	pigment { color rgbt <1,0,0,0> }
	no_shadow
}
cylinder {
	<25.400761, 34.776878, 38.025429>,  <25.053064, 34.794956, 38.222355>, 0.100000
	pigment { color rgbt <1,0,0,0> }
	no_shadow
}

// particle -1
sphere {
	<25.400761, 34.776878, 38.025429> 0.100000
	pigment { color rgbt <1,0,0,0> }
	no_shadow
}
sphere {
	0, 1
	scale<0.080000,0.200000,0.300000>
	matrix <0.458323, -0.299703, 0.836730,
		-0.185367, -0.952961, -0.239800,
		0.869240, -0.045197, -0.492320,
		25.661533, 34.763317, 37.877731>
	pigment { color rgbt <0,1,1,0> }
	no_shadow
}
cylinder {
	<25.341444, 34.150291, 38.428852>,  <25.053064, 34.794956, 38.222355>, 0.130000
	pigment { color rgbt <1,0,0,0> }
	no_shadow
}

// nucleotide -1

// particle -1
sphere {
	<25.341444, 34.150291, 38.428852> 0.250000
	pigment { color rgbt <1,0,0,0> }
	no_shadow
}
cylinder {
	<25.633612, 34.400322, 38.318745>,  <25.808912, 34.550339, 38.252678>, 0.100000
	pigment { color rgbt <1,0,0,0> }
	no_shadow
}
cylinder {
	<25.633612, 34.400322, 38.318745>,  <25.341444, 34.150291, 38.428852>, 0.100000
	pigment { color rgbt <1,0,0,0> }
	no_shadow
}

// particle -1
sphere {
	<25.633612, 34.400322, 38.318745> 0.100000
	pigment { color rgbt <1,0,0,0> }
	no_shadow
}
sphere {
	0, 1
	scale<0.080000,0.200000,0.300000>
	matrix <0.528084, -0.261247, 0.808008,
		0.433150, -0.735550, -0.520910,
		0.730417, 0.625073, -0.275273,
		25.852737, 34.587845, 38.236164>
	pigment { color rgbt <0,1,1,0> }
	no_shadow
}
cylinder {
	<26.015453, 33.821911, 38.646011>,  <25.341444, 34.150291, 38.428852>, 0.130000
	pigment { color rgbt <1,0,0,0> }
	no_shadow
}

// nucleotide -1

// particle -1
sphere {
	<26.015453, 33.821911, 38.646011> 0.250000
	pigment { color rgbt <1,0,0,0> }
	no_shadow
}
cylinder {
	<26.082127, 34.212841, 38.593781>,  <26.122131, 34.447399, 38.562443>, 0.100000
	pigment { color rgbt <1,0,0,0> }
	no_shadow
}
cylinder {
	<26.082127, 34.212841, 38.593781>,  <26.015453, 33.821911, 38.646011>, 0.100000
	pigment { color rgbt <1,0,0,0> }
	no_shadow
}

// particle -1
sphere {
	<26.082127, 34.212841, 38.593781> 0.100000
	pigment { color rgbt <1,0,0,0> }
	no_shadow
}
sphere {
	0, 1
	scale<0.080000,0.200000,0.300000>
	matrix <0.374192, 0.059826, 0.925419,
		0.912248, -0.203114, -0.355736,
		0.166684, 0.977326, -0.130580,
		26.132132, 34.506039, 38.554607>
	pigment { color rgbt <0,1,1,0> }
	no_shadow
}
cylinder {
	<26.662834, 33.924965, 38.905880>,  <26.015453, 33.821911, 38.646011>, 0.130000
	pigment { color rgbt <1,0,0,0> }
	no_shadow
}

// nucleotide -1

// particle -1
sphere {
	<26.662834, 33.924965, 38.905880> 0.250000
	pigment { color rgbt <1,0,0,0> }
	no_shadow
}
cylinder {
	<26.483311, 34.282352, 38.912594>,  <26.375597, 34.496784, 38.916622>, 0.100000
	pigment { color rgbt <1,0,0,0> }
	no_shadow
}
cylinder {
	<26.483311, 34.282352, 38.912594>,  <26.662834, 33.924965, 38.905880>, 0.100000
	pigment { color rgbt <1,0,0,0> }
	no_shadow
}

// particle -1
sphere {
	<26.483311, 34.282352, 38.912594> 0.100000
	pigment { color rgbt <1,0,0,0> }
	no_shadow
}
sphere {
	0, 1
	scale<0.080000,0.200000,0.300000>
	matrix <0.339618, 0.153165, 0.928008,
		0.826576, 0.422200, -0.372181,
		-0.448811, 0.893469, 0.016785,
		26.348667, 34.550392, 38.917629>
	pigment { color rgbt <0,1,1,0> }
	no_shadow
}
cylinder {
	<27.108706, 34.464771, 39.007206>,  <26.662834, 33.924965, 38.905880>, 0.130000
	pigment { color rgbt <1,0,0,0> }
	no_shadow
}

// nucleotide -1

// particle -1
sphere {
	<27.108706, 34.464771, 39.007206> 0.250000
	pigment { color rgbt <1,0,0,0> }
	no_shadow
}
cylinder {
	<26.763954, 34.606388, 39.152431>,  <26.557102, 34.691357, 39.239567>, 0.100000
	pigment { color rgbt <1,0,0,0> }
	no_shadow
}
cylinder {
	<26.763954, 34.606388, 39.152431>,  <27.108706, 34.464771, 39.007206>, 0.100000
	pigment { color rgbt <1,0,0,0> }
	no_shadow
}

// particle -1
sphere {
	<26.763954, 34.606388, 39.152431> 0.100000
	pigment { color rgbt <1,0,0,0> }
	no_shadow
}
sphere {
	0, 1
	scale<0.080000,0.200000,0.300000>
	matrix <0.469320, 0.285673, 0.835542,
		0.192097, 0.890531, -0.412374,
		-0.861880, 0.354041, 0.363067,
		26.505390, 34.712601, 39.261353>
	pigment { color rgbt <0,1,1,0> }
	no_shadow
}
cylinder {
	<27.021835, 35.222530, 39.303394>,  <27.108706, 34.464771, 39.007206>, 0.130000
	pigment { color rgbt <1,0,0,0> }
	no_shadow
}

// nucleotide -1

// particle -1
sphere {
	<27.021835, 35.222530, 39.303394> 0.250000
	pigment { color rgbt <1,0,0,0> }
	no_shadow
}
cylinder {
	<26.778721, 34.972622, 39.499454>,  <26.632853, 34.822678, 39.617092>, 0.100000
	pigment { color rgbt <1,0,0,0> }
	no_shadow
}
cylinder {
	<26.778721, 34.972622, 39.499454>,  <27.021835, 35.222530, 39.303394>, 0.100000
	pigment { color rgbt <1,0,0,0> }
	no_shadow
}

// particle -1
sphere {
	<26.778721, 34.972622, 39.499454> 0.100000
	pigment { color rgbt <1,0,0,0> }
	no_shadow
}
sphere {
	0, 1
	scale<0.080000,0.200000,0.300000>
	matrix <0.302043, 0.388970, 0.870329,
		-0.734414, 0.677023, -0.047702,
		-0.607787, -0.624774, 0.490155,
		26.596384, 34.785191, 39.646500>
	pigment { color rgbt <0,1,1,0> }
	no_shadow
}
cylinder {
	<26.403189, 35.594143, 39.575253>,  <27.021835, 35.222530, 39.303394>, 0.130000
	pigment { color rgbt <1,0,0,0> }
	no_shadow
}

// nucleotide -1

// particle -1
sphere {
	<26.403189, 35.594143, 39.575253> 0.250000
	pigment { color rgbt <1,0,0,0> }
	no_shadow
}
cylinder {
	<26.588989, 35.287609, 39.752777>,  <26.700470, 35.103687, 39.859291>, 0.100000
	pigment { color rgbt <1,0,0,0> }
	no_shadow
}
cylinder {
	<26.588989, 35.287609, 39.752777>,  <26.403189, 35.594143, 39.575253>, 0.100000
	pigment { color rgbt <1,0,0,0> }
	no_shadow
}

// particle -1
sphere {
	<26.588989, 35.287609, 39.752777> 0.100000
	pigment { color rgbt <1,0,0,0> }
	no_shadow
}
sphere {
	0, 1
	scale<0.080000,0.200000,0.300000>
	matrix <0.070855, 0.531707, 0.843959,
		-0.882733, -0.360574, 0.301277,
		0.464501, -0.766338, 0.443807,
		26.728340, 35.057709, 39.885918>
	pigment { color rgbt <0,1,1,0> }
	no_shadow
}
cylinder {
	<25.975983, 35.438641, 40.115917>,  <26.403189, 35.594143, 39.575253>, 0.130000
	pigment { color rgbt <1,0,0,0> }
	no_shadow
}

// nucleotide -1

// particle -1
sphere {
	<25.975983, 35.438641, 40.115917> 0.250000
	pigment { color rgbt <1,0,0,0> }
	no_shadow
}
cylinder {
	<26.367750, 35.367115, 40.153370>,  <26.602810, 35.324200, 40.175842>, 0.100000
	pigment { color rgbt <1,0,0,0> }
	no_shadow
}
cylinder {
	<26.367750, 35.367115, 40.153370>,  <25.975983, 35.438641, 40.115917>, 0.100000
	pigment { color rgbt <1,0,0,0> }
	no_shadow
}

// particle -1
sphere {
	<26.367750, 35.367115, 40.153370> 0.100000
	pigment { color rgbt <1,0,0,0> }
	no_shadow
}
sphere {
	0, 1
	scale<0.080000,0.200000,0.300000>
	matrix <0.013242, 0.519801, 0.854185,
		-0.201414, -0.835363, 0.511469,
		0.979417, -0.178818, 0.093633,
		26.661575, 35.313469, 40.181461>
	pigment { color rgbt <0,1,1,0> }
	no_shadow
}
cylinder {
	<25.557714, 35.569862, 39.411716>,  <25.975983, 35.438641, 40.115917>, 0.130000
	pigment { color rgbt <1,0,0,0> }
	no_shadow
}

// nucleotide -1

// particle -1
sphere {
	<25.557714, 35.569862, 39.411716> 0.250000
	pigment { color rgbt <1,0,0,0> }
	no_shadow
}
cylinder {
	<25.885283, 35.345657, 39.362415>,  <26.081823, 35.211132, 39.332832>, 0.100000
	pigment { color rgbt <1,0,0,0> }
	no_shadow
}
cylinder {
	<25.885283, 35.345657, 39.362415>,  <25.557714, 35.569862, 39.411716>, 0.100000
	pigment { color rgbt <1,0,0,0> }
	no_shadow
}

// particle -1
sphere {
	<25.885283, 35.345657, 39.362415> 0.100000
	pigment { color rgbt <1,0,0,0> }
	no_shadow
}
sphere {
	0, 1
	scale<0.080000,0.200000,0.300000>
	matrix <-0.131351, 0.026015, -0.990995,
		0.558675, 0.827735, -0.052320,
		0.818920, -0.560516, -0.123257,
		26.130959, 35.177502, 39.325439>
	pigment { color rgbt <0,1,1,0> }
	no_shadow
}
cylinder {
	<25.878202, 35.818272, 38.841290>,  <25.557714, 35.569862, 39.411716>, 0.130000
	pigment { color rgbt <1,0,0,0> }
	no_shadow
}

// nucleotide -1

// particle -1
sphere {
	<25.878202, 35.818272, 38.841290> 0.250000
	pigment { color rgbt <1,0,0,0> }
	no_shadow
}
cylinder {
	<26.019156, 35.444675, 38.864941>,  <26.103727, 35.220520, 38.879131>, 0.100000
	pigment { color rgbt <1,0,0,0> }
	no_shadow
}
cylinder {
	<26.019156, 35.444675, 38.864941>,  <25.878202, 35.818272, 38.841290>, 0.100000
	pigment { color rgbt <1,0,0,0> }
	no_shadow
}

// particle -1
sphere {
	<26.019156, 35.444675, 38.864941> 0.100000
	pigment { color rgbt <1,0,0,0> }
	no_shadow
}
sphere {
	0, 1
	scale<0.080000,0.200000,0.300000>
	matrix <-0.003151, -0.064363, -0.997921,
		0.935851, 0.351465, -0.025624,
		0.352383, -0.933986, 0.059127,
		26.124870, 35.164478, 38.882679>
	pigment { color rgbt <0,1,1,0> }
	no_shadow
}
cylinder {
	<26.446215, 35.745213, 38.406395>,  <25.878202, 35.818272, 38.841290>, 0.130000
	pigment { color rgbt <1,0,0,0> }
	no_shadow
}

// nucleotide -1

// particle -1
sphere {
	<26.446215, 35.745213, 38.406395> 0.250000
	pigment { color rgbt <1,0,0,0> }
	no_shadow
}
cylinder {
	<26.341000, 35.362385, 38.455109>,  <26.277870, 35.132687, 38.484337>, 0.100000
	pigment { color rgbt <1,0,0,0> }
	no_shadow
}
cylinder {
	<26.341000, 35.362385, 38.455109>,  <26.446215, 35.745213, 38.406395>, 0.100000
	pigment { color rgbt <1,0,0,0> }
	no_shadow
}

// particle -1
sphere {
	<26.341000, 35.362385, 38.455109> 0.100000
	pigment { color rgbt <1,0,0,0> }
	no_shadow
}
sphere {
	0, 1
	scale<0.080000,0.200000,0.300000>
	matrix <0.041583, -0.137361, -0.989648,
		0.963889, -0.255250, 0.075929,
		-0.263038, -0.957068, 0.121787,
		26.262089, 35.075264, 38.491646>
	pigment { color rgbt <0,1,1,0> }
	no_shadow
}
cylinder {
	<26.824507, 35.413536, 37.841812>,  <26.446215, 35.745213, 38.406395>, 0.130000
	pigment { color rgbt <1,0,0,0> }
	no_shadow
}

// nucleotide -1

// particle -1
sphere {
	<26.824507, 35.413536, 37.841812> 0.250000
	pigment { color rgbt <1,0,0,0> }
	no_shadow
}
cylinder {
	<26.532307, 35.178204, 37.980511>,  <26.356987, 35.037003, 38.063728>, 0.100000
	pigment { color rgbt <1,0,0,0> }
	no_shadow
}
cylinder {
	<26.532307, 35.178204, 37.980511>,  <26.824507, 35.413536, 37.841812>, 0.100000
	pigment { color rgbt <1,0,0,0> }
	no_shadow
}

// particle -1
sphere {
	<26.532307, 35.178204, 37.980511> 0.100000
	pigment { color rgbt <1,0,0,0> }
	no_shadow
}
sphere {
	0, 1
	scale<0.080000,0.200000,0.300000>
	matrix <-0.308511, -0.168677, -0.936146,
		0.609256, -0.790828, -0.058290,
		-0.730498, -0.588336, 0.346746,
		26.313158, 35.001701, 38.084534>
	pigment { color rgbt <0,1,1,0> }
	no_shadow
}
cylinder {
	<26.753334, 34.895073, 37.193592>,  <26.824507, 35.413536, 37.841812>, 0.130000
	pigment { color rgbt <1,0,0,0> }
	no_shadow
}

// nucleotide -1

// particle -1
sphere {
	<26.753334, 34.895073, 37.193592> 0.250000
	pigment { color rgbt <1,0,0,0> }
	no_shadow
}
cylinder {
	<26.424932, 34.834213, 37.413700>,  <26.227892, 34.797695, 37.545765>, 0.100000
	pigment { color rgbt <1,0,0,0> }
	no_shadow
}
cylinder {
	<26.424932, 34.834213, 37.413700>,  <26.753334, 34.895073, 37.193592>, 0.100000
	pigment { color rgbt <1,0,0,0> }
	no_shadow
}

// particle -1
sphere {
	<26.424932, 34.834213, 37.413700> 0.100000
	pigment { color rgbt <1,0,0,0> }
	no_shadow
}
sphere {
	0, 1
	scale<0.080000,0.200000,0.300000>
	matrix <-0.520029, -0.198500, -0.830764,
		0.235633, -0.968219, 0.083846,
		-0.821004, -0.152153, 0.550274,
		26.178631, 34.788567, 37.578781>
	pigment { color rgbt <0,1,1,0> }
	no_shadow
}
cylinder {
	<26.529343, 34.256447, 37.486263>,  <26.753334, 34.895073, 37.193592>, 0.130000
	pigment { color rgbt <1,0,0,0> }
	no_shadow
}

// nucleotide -1

// particle -1
sphere {
	<26.529343, 34.256447, 37.486263> 0.250000
	pigment { color rgbt <1,0,0,0> }
	no_shadow
}
cylinder {
	<26.165821, 34.339588, 37.630966>,  <25.947708, 34.389473, 37.717789>, 0.100000
	pigment { color rgbt <1,0,0,0> }
	no_shadow
}
cylinder {
	<26.165821, 34.339588, 37.630966>,  <26.529343, 34.256447, 37.486263>, 0.100000
	pigment { color rgbt <1,0,0,0> }
	no_shadow
}

// particle -1
sphere {
	<26.165821, 34.339588, 37.630966> 0.100000
	pigment { color rgbt <1,0,0,0> }
	no_shadow
}
sphere {
	0, 1
	scale<0.080000,0.200000,0.300000>
	matrix <-0.365654, 0.020773, -0.930519,
		-0.200931, -0.977938, 0.057125,
		-0.908804, 0.207859, 0.361761,
		25.893181, 34.401947, 37.739494>
	pigment { color rgbt <0,1,1,0> }
	no_shadow
}
cylinder {
	<26.017353, 33.782703, 37.045212>,  <26.529343, 34.256447, 37.486263>, 0.130000
	pigment { color rgbt <1,0,0,0> }
	no_shadow
}

// nucleotide -1

// particle -1
sphere {
	<26.017353, 33.782703, 37.045212> 0.250000
	pigment { color rgbt <1,0,0,0> }
	no_shadow
}
cylinder {
	<25.869299, 34.124386, 37.191269>,  <25.780466, 34.329395, 37.278904>, 0.100000
	pigment { color rgbt <1,0,0,0> }
	no_shadow
}
cylinder {
	<25.869299, 34.124386, 37.191269>,  <26.017353, 33.782703, 37.045212>, 0.100000
	pigment { color rgbt <1,0,0,0> }
	no_shadow
}

// particle -1
sphere {
	<25.869299, 34.124386, 37.191269> 0.100000
	pigment { color rgbt <1,0,0,0> }
	no_shadow
}
sphere {
	0, 1
	scale<0.080000,0.200000,0.300000>
	matrix <-0.545270, 0.118456, -0.829849,
		-0.752117, -0.506255, 0.421930,
		-0.370135, 0.854210, 0.365139,
		25.758259, 34.380650, 37.300812>
	pigment { color rgbt <0,1,1,0> }
	no_shadow
}
cylinder {
	<25.364153, 33.767693, 36.843380>,  <26.017353, 33.782703, 37.045212>, 0.130000
	pigment { color rgbt <1,0,0,0> }
	no_shadow
}

// nucleotide -1

// particle -1
sphere {
	<25.364153, 33.767693, 36.843380> 0.250000
	pigment { color rgbt <1,0,0,0> }
	no_shadow
}
cylinder {
	<25.421003, 34.158890, 36.904476>,  <25.455114, 34.393608, 36.941135>, 0.100000
	pigment { color rgbt <1,0,0,0> }
	no_shadow
}
cylinder {
	<25.421003, 34.158890, 36.904476>,  <25.364153, 33.767693, 36.843380>, 0.100000
	pigment { color rgbt <1,0,0,0> }
	no_shadow
}

// particle -1
sphere {
	<25.421003, 34.158890, 36.904476> 0.100000
	pigment { color rgbt <1,0,0,0> }
	no_shadow
}
sphere {
	0, 1
	scale<0.080000,0.200000,0.300000>
	matrix <-0.663709, 0.208637, -0.718305,
		-0.734364, 0.000716, 0.678755,
		0.142128, 0.977993, 0.152740,
		25.463642, 34.452286, 36.950298>
	pigment { color rgbt <0,1,1,0> }
	no_shadow
}
cylinder {
	<24.800203, 34.030479, 36.713032>,  <25.364153, 33.767693, 36.843380>, 0.130000
	pigment { color rgbt <1,0,0,0> }
	no_shadow
}

// nucleotide -1

// particle -1
sphere {
	<24.800203, 34.030479, 36.713032> 0.250000
	pigment { color rgbt <1,0,0,0> }
	no_shadow
}
cylinder {
	<25.000303, 34.376579, 36.699833>,  <25.120363, 34.584240, 36.691914>, 0.100000
	pigment { color rgbt <1,0,0,0> }
	no_shadow
}
cylinder {
	<25.000303, 34.376579, 36.699833>,  <24.800203, 34.030479, 36.713032>, 0.100000
	pigment { color rgbt <1,0,0,0> }
	no_shadow
}

// particle -1
sphere {
	<25.000303, 34.376579, 36.699833> 0.100000
	pigment { color rgbt <1,0,0,0> }
	no_shadow
}
sphere {
	0, 1
	scale<0.080000,0.200000,0.300000>
	matrix <-0.540460, 0.282245, -0.792616,
		-0.676500, 0.414340, 0.608827,
		0.500250, 0.865252, -0.032996,
		25.150379, 34.636154, 36.689934>
	pigment { color rgbt <0,1,1,0> }
	no_shadow
}
cylinder {
	<24.330465, 34.543571, 36.962658>,  <24.800203, 34.030479, 36.713032>, 0.130000
	pigment { color rgbt <1,0,0,0> }
	no_shadow
}

// nucleotide -1

// particle -1
sphere {
	<24.330465, 34.543571, 36.962658> 0.250000
	pigment { color rgbt <1,0,0,0> }
	no_shadow
}
cylinder {
	<24.668936, 34.748009, 36.902287>,  <24.872017, 34.870670, 36.866066>, 0.100000
	pigment { color rgbt <1,0,0,0> }
	no_shadow
}
cylinder {
	<24.668936, 34.748009, 36.902287>,  <24.330465, 34.543571, 36.962658>, 0.100000
	pigment { color rgbt <1,0,0,0> }
	no_shadow
}

// particle -1
sphere {
	<24.668936, 34.748009, 36.902287> 0.100000
	pigment { color rgbt <1,0,0,0> }
	no_shadow
}
sphere {
	0, 1
	scale<0.080000,0.200000,0.300000>
	matrix <-0.404668, 0.431965, -0.806008,
		-0.346747, 0.743098, 0.572339,
		0.846174, 0.511088, -0.150926,
		24.922789, 34.901337, 36.857010>
	pigment { color rgbt <0,1,1,0> }
	no_shadow
}
cylinder {
	<24.145508, 35.207355, 37.032825>,  <24.330465, 34.543571, 36.962658>, 0.130000
	pigment { color rgbt <1,0,0,0> }
	no_shadow
}

// nucleotide -1

// particle -1
sphere {
	<24.145508, 35.207355, 37.032825> 0.250000
	pigment { color rgbt <1,0,0,0> }
	no_shadow
}
cylinder {
	<24.466946, 35.197666, 36.794952>,  <24.659809, 35.191853, 36.652229>, 0.100000
	pigment { color rgbt <1,0,0,0> }
	no_shadow
}
cylinder {
	<24.466946, 35.197666, 36.794952>,  <24.145508, 35.207355, 37.032825>, 0.100000
	pigment { color rgbt <1,0,0,0> }
	no_shadow
}

// particle -1
sphere {
	<24.466946, 35.197666, 36.794952> 0.100000
	pigment { color rgbt <1,0,0,0> }
	no_shadow
}
sphere {
	0, 1
	scale<0.080000,0.200000,0.300000>
	matrix <-0.511192, 0.483648, -0.710470,
		0.304827, 0.874927, 0.376274,
		0.803594, -0.024222, -0.594685,
		24.708023, 35.190399, 36.616547>
	pigment { color rgbt <0,1,1,0> }
	no_shadow
}
cylinder {
	<24.162088, 35.767090, 36.794338>,  <24.145508, 35.207355, 37.032825>, 0.130000
	pigment { color rgbt <1,0,0,0> }
	no_shadow
}

// nucleotide -1

// particle -1
sphere {
	<24.162088, 35.767090, 36.794338> 0.250000
	pigment { color rgbt <1,0,0,0> }
	no_shadow
}
cylinder {
	<24.402658, 35.584549, 36.532032>,  <24.547001, 35.475025, 36.374649>, 0.100000
	pigment { color rgbt <1,0,0,0> }
	no_shadow
}
cylinder {
	<24.402658, 35.584549, 36.532032>,  <24.162088, 35.767090, 36.794338>, 0.100000
	pigment { color rgbt <1,0,0,0> }
	no_shadow
}

// particle -1
sphere {
	<24.402658, 35.584549, 36.532032> 0.100000
	pigment { color rgbt <1,0,0,0> }
	no_shadow
}
sphere {
	0, 1
	scale<0.080000,0.200000,0.300000>
	matrix <-0.457710, 0.475940, -0.750988,
		0.654820, 0.751815, 0.077366,
		0.601425, -0.456351, -0.655768,
		24.583086, 35.447643, 36.335300>
	pigment { color rgbt <0,1,1,0> }
	no_shadow
}
cylinder {
	<24.455355, 36.294956, 36.387939>,  <24.162088, 35.767090, 36.794338>, 0.130000
	pigment { color rgbt <1,0,0,0> }
	no_shadow
}

// nucleotide -1

// particle -1
sphere {
	<24.455355, 36.294956, 36.387939> 0.250000
	pigment { color rgbt <1,0,0,0> }
	no_shadow
}
cylinder {
	<24.414446, 35.950172, 36.189316>,  <24.389900, 35.743301, 36.070141>, 0.100000
	pigment { color rgbt <1,0,0,0> }
	no_shadow
}
cylinder {
	<24.414446, 35.950172, 36.189316>,  <24.455355, 36.294956, 36.387939>, 0.100000
	pigment { color rgbt <1,0,0,0> }
	no_shadow
}

// particle -1
sphere {
	<24.414446, 35.950172, 36.189316> 0.100000
	pigment { color rgbt <1,0,0,0> }
	no_shadow
}
sphere {
	0, 1
	scale<0.080000,0.200000,0.300000>
	matrix <-0.670193, 0.428589, -0.605931,
		0.735106, 0.270821, -0.621510,
		-0.102274, -0.861955, -0.496561,
		24.383764, 35.691586, 36.040348>
	pigment { color rgbt <0,1,1,0> }
	no_shadow
}
cylinder {
	<24.222895, 36.509678, 35.759918>,  <24.455355, 36.294956, 36.387939>, 0.130000
	pigment { color rgbt <1,0,0,0> }
	no_shadow
}

// nucleotide -1

// particle -1
sphere {
	<24.222895, 36.509678, 35.759918> 0.250000
	pigment { color rgbt <1,0,0,0> }
	no_shadow
}
cylinder {
	<24.199329, 36.114304, 35.704041>,  <24.185190, 35.877079, 35.670513>, 0.100000
	pigment { color rgbt <1,0,0,0> }
	no_shadow
}
cylinder {
	<24.199329, 36.114304, 35.704041>,  <24.222895, 36.509678, 35.759918>, 0.100000
	pigment { color rgbt <1,0,0,0> }
	no_shadow
}

// particle -1
sphere {
	<24.199329, 36.114304, 35.704041> 0.100000
	pigment { color rgbt <1,0,0,0> }
	no_shadow
}
sphere {
	0, 1
	scale<0.080000,0.200000,0.300000>
	matrix <-0.681935, 0.142046, -0.717488,
		0.729037, 0.052993, -0.682420,
		-0.058913, -0.988440, -0.139695,
		24.181656, 35.817772, 35.662132>
	pigment { color rgbt <0,1,1,0> }
	no_shadow
}
cylinder {
	<24.395699, 36.232094, 35.059479>,  <24.222895, 36.509678, 35.759918>, 0.130000
	pigment { color rgbt <1,0,0,0> }
	no_shadow
}

// nucleotide -1

// particle -1
sphere {
	<24.395699, 36.232094, 35.059479> 0.250000
	pigment { color rgbt <1,0,0,0> }
	no_shadow
}
cylinder {
	<24.115419, 36.020283, 35.250736>,  <23.947252, 35.893196, 35.365490>, 0.100000
	pigment { color rgbt <1,0,0,0> }
	no_shadow
}
cylinder {
	<24.115419, 36.020283, 35.250736>,  <24.395699, 36.232094, 35.059479>, 0.100000
	pigment { color rgbt <1,0,0,0> }
	no_shadow
}

// particle -1
sphere {
	<24.115419, 36.020283, 35.250736> 0.100000
	pigment { color rgbt <1,0,0,0> }
	no_shadow
}
sphere {
	0, 1
	scale<0.080000,0.200000,0.300000>
	matrix <-0.631531, 0.148521, -0.760993,
		0.331951, -0.835191, -0.438481,
		-0.700698, -0.529526, 0.478147,
		23.905210, 35.861423, 35.394180>
	pigment { color rgbt <0,1,1,0> }
	no_shadow
}
cylinder {
	<24.774054, 35.738503, 34.930931>,  <24.395699, 36.232094, 35.059479>, 0.130000
	pigment { color rgbt <1,0,0,0> }
	no_shadow
}

// nucleotide -1

// particle -1
sphere {
	<24.774054, 35.738503, 34.930931> 0.250000
	pigment { color rgbt <1,0,0,0> }
	no_shadow
}
cylinder {
	<25.111080, 35.551582, 34.823811>,  <25.313295, 35.439430, 34.759541>, 0.100000
	pigment { color rgbt <1,0,0,0> }
	no_shadow
}
cylinder {
	<25.111080, 35.551582, 34.823811>,  <24.774054, 35.738503, 34.930931>, 0.100000
	pigment { color rgbt <1,0,0,0> }
	no_shadow
}

// particle -1
sphere {
	<25.111080, 35.551582, 34.823811> 0.100000
	pigment { color rgbt <1,0,0,0> }
	no_shadow
}
sphere {
	0, 1
	scale<0.080000,0.200000,0.300000>
	matrix <-0.291581, 0.022288, -0.956286,
		0.452838, 0.883820, -0.117476,
		0.842566, -0.467297, -0.267798,
		25.363850, 35.411392, 34.743469>
	pigment { color rgbt <0,1,1,0> }
	no_shadow
}
cylinder {
	<25.198143, 36.056858, 34.417446>,  <24.774054, 35.738503, 34.930931>, 0.130000
	pigment { color rgbt <1,0,0,0> }
	no_shadow
}

// nucleotide -1

// particle -1
sphere {
	<25.198143, 36.056858, 34.417446> 0.250000
	pigment { color rgbt <1,0,0,0> }
	no_shadow
}
cylinder {
	<25.288118, 35.670246, 34.368080>,  <25.342104, 35.438278, 34.338463>, 0.100000
	pigment { color rgbt <1,0,0,0> }
	no_shadow
}
cylinder {
	<25.288118, 35.670246, 34.368080>,  <25.198143, 36.056858, 34.417446>, 0.100000
	pigment { color rgbt <1,0,0,0> }
	no_shadow
}

// particle -1
sphere {
	<25.288118, 35.670246, 34.368080> 0.100000
	pigment { color rgbt <1,0,0,0> }
	no_shadow
}
sphere {
	0, 1
	scale<0.080000,0.200000,0.300000>
	matrix <0.040575, 0.135840, -0.989900,
		0.973528, 0.217657, 0.069772,
		0.224936, -0.966526, -0.123413,
		25.355598, 35.380287, 34.331055>
	pigment { color rgbt <0,1,1,0> }
	no_shadow
}
cylinder {
	<25.694010, 36.053371, 33.900494>,  <25.198143, 36.056858, 34.417446>, 0.130000
	pigment { color rgbt <1,0,0,0> }
	no_shadow
}

// nucleotide -1

// particle -1
sphere {
	<25.694010, 36.053371, 33.900494> 0.250000
	pigment { color rgbt <1,0,0,0> }
	no_shadow
}
cylinder {
	<25.571390, 35.672646, 33.903957>,  <25.497818, 35.444210, 33.906036>, 0.100000
	pigment { color rgbt <1,0,0,0> }
	no_shadow
}
cylinder {
	<25.571390, 35.672646, 33.903957>,  <25.694010, 36.053371, 33.900494>, 0.100000
	pigment { color rgbt <1,0,0,0> }
	no_shadow
}

// particle -1
sphere {
	<25.571390, 35.672646, 33.903957> 0.100000
	pigment { color rgbt <1,0,0,0> }
	no_shadow
}
sphere {
	0, 1
	scale<0.080000,0.200000,0.300000>
	matrix <0.014836, -0.013870, -0.999794,
		0.951740, -0.306357, 0.018373,
		-0.306548, -0.951816, 0.008656,
		25.479425, 35.387100, 33.906555>
	pigment { color rgbt <0,1,1,0> }
	no_shadow
}
cylinder {
	<26.054157, 35.729927, 33.353008>,  <25.694010, 36.053371, 33.900494>, 0.130000
	pigment { color rgbt <1,0,0,0> }
	no_shadow
}

// nucleotide -1

// particle -1
sphere {
	<26.054157, 35.729927, 33.353008> 0.250000
	pigment { color rgbt <1,0,0,0> }
	no_shadow
}
cylinder {
	<25.724133, 35.506065, 33.384140>,  <25.526117, 35.371746, 33.402817>, 0.100000
	pigment { color rgbt <1,0,0,0> }
	no_shadow
}
cylinder {
	<25.724133, 35.506065, 33.384140>,  <26.054157, 35.729927, 33.353008>, 0.100000
	pigment { color rgbt <1,0,0,0> }
	no_shadow
}

// particle -1
sphere {
	<25.724133, 35.506065, 33.384140> 0.100000
	pigment { color rgbt <1,0,0,0> }
	no_shadow
}
sphere {
	0, 1
	scale<0.080000,0.200000,0.300000>
	matrix <-0.092872, -0.001546, -0.995677,
		0.557358, -0.828723, -0.050701,
		-0.825062, -0.559657, 0.077827,
		25.476614, 35.338169, 33.407490>
	pigment { color rgbt <0,1,1,0> }
	no_shadow
}
cylinder {
	<26.066872, 35.340134, 32.733856>,  <26.054157, 35.729927, 33.353008>, 0.130000
	pigment { color rgbt <1,0,0,0> }
	no_shadow
}

// nucleotide -1

// particle -1
sphere {
	<26.066872, 35.340134, 32.733856> 0.250000
	pigment { color rgbt <1,0,0,0> }
	no_shadow
}
cylinder {
	<25.690619, 35.343975, 32.869572>,  <25.464867, 35.346279, 32.951000>, 0.100000
	pigment { color rgbt <1,0,0,0> }
	no_shadow
}
cylinder {
	<25.690619, 35.343975, 32.869572>,  <26.066872, 35.340134, 32.733856>, 0.100000
	pigment { color rgbt <1,0,0,0> }
	no_shadow
}

// particle -1
sphere {
	<25.690619, 35.343975, 32.869572> 0.100000
	pigment { color rgbt <1,0,0,0> }
	no_shadow
}
sphere {
	0, 1
	scale<0.080000,0.200000,0.300000>
	matrix <-0.338832, 0.032408, -0.940289,
		-0.020035, -0.999429, -0.027227,
		-0.940634, 0.009613, 0.339288,
		25.408428, 35.346855, 32.971359>
	pigment { color rgbt <0,1,1,0> }
	no_shadow
}
cylinder {
	<25.701992, 34.869789, 32.312737>,  <26.066872, 35.340134, 32.733856>, 0.130000
	pigment { color rgbt <1,0,0,0> }
	no_shadow
}

// nucleotide -1

// particle -1
sphere {
	<25.701992, 34.869789, 32.312737> 0.250000
	pigment { color rgbt <1,0,0,0> }
	no_shadow
}
cylinder {
	<25.455862, 35.159248, 32.437771>,  <25.308184, 35.332924, 32.512791>, 0.100000
	pigment { color rgbt <1,0,0,0> }
	no_shadow
}
cylinder {
	<25.455862, 35.159248, 32.437771>,  <25.701992, 34.869789, 32.312737>, 0.100000
	pigment { color rgbt <1,0,0,0> }
	no_shadow
}

// particle -1
sphere {
	<25.455862, 35.159248, 32.437771> 0.100000
	pigment { color rgbt <1,0,0,0> }
	no_shadow
}
sphere {
	0, 1
	scale<0.080000,0.200000,0.300000>
	matrix <-0.333101, 0.120696, -0.935134,
		-0.714434, -0.679536, 0.166780,
		-0.615328, 0.723647, 0.312583,
		25.271263, 35.376343, 32.531548>
	pigment { color rgbt <0,1,1,0> }
	no_shadow
}
cylinder {
	<26.037432, 34.333195, 32.874596>,  <25.701992, 34.869789, 32.312737>, 0.130000
	pigment { color rgbt <1,0,0,0> }
	no_shadow
}

// nucleotide -1

// particle -1
sphere {
	<26.037432, 34.333195, 32.874596> 0.250000
	pigment { color rgbt <1,0,0,0> }
	no_shadow
}
cylinder {
	<25.687241, 34.508854, 32.955284>,  <25.477125, 34.614250, 33.003696>, 0.100000
	pigment { color rgbt <1,0,0,0> }
	no_shadow
}
cylinder {
	<25.687241, 34.508854, 32.955284>,  <26.037432, 34.333195, 32.874596>, 0.100000
	pigment { color rgbt <1,0,0,0> }
	no_shadow
}

// particle -1
sphere {
	<25.687241, 34.508854, 32.955284> 0.100000
	pigment { color rgbt <1,0,0,0> }
	no_shadow
}
sphere {
	0, 1
	scale<0.080000,0.200000,0.300000>
	matrix <-0.291352, -0.146616, -0.945314,
		-0.385555, -0.886372, 0.256305,
		-0.875478, 0.439146, 0.201717,
		25.424597, 34.640598, 33.015800>
	pigment { color rgbt <0,1,1,0> }
	no_shadow
}
cylinder {
	<25.560169, 33.883408, 32.631901>,  <26.037432, 34.333195, 32.874596>, 0.130000
	pigment { color rgbt <1,0,0,0> }
	no_shadow
}

// nucleotide -1

// particle -1
sphere {
	<25.560169, 33.883408, 32.631901> 0.250000
	pigment { color rgbt <1,0,0,0> }
	no_shadow
}
cylinder {
	<25.374113, 34.237350, 32.642323>,  <25.262480, 34.449715, 32.648575>, 0.100000
	pigment { color rgbt <1,0,0,0> }
	no_shadow
}
cylinder {
	<25.374113, 34.237350, 32.642323>,  <25.560169, 33.883408, 32.631901>, 0.100000
	pigment { color rgbt <1,0,0,0> }
	no_shadow
}

// particle -1
sphere {
	<25.374113, 34.237350, 32.642323> 0.100000
	pigment { color rgbt <1,0,0,0> }
	no_shadow
}
sphere {
	0, 1
	scale<0.080000,0.200000,0.300000>
	matrix <-0.371100, -0.168188, -0.913235,
		-0.803698, -0.434449, 0.406600,
		-0.465139, 0.884855, 0.026051,
		25.234571, 34.502808, 32.650139>
	pigment { color rgbt <0,1,1,0> }
	no_shadow
}
cylinder {
	<24.776588, 33.738022, 32.407806>,  <25.560169, 33.883408, 32.631901>, 0.130000
	pigment { color rgbt <1,0,0,0> }
	no_shadow
}

// nucleotide -1

// particle -1
sphere {
	<24.776588, 33.738022, 32.407806> 0.250000
	pigment { color rgbt <1,0,0,0> }
	no_shadow
}
cylinder {
	<24.884239, 34.117481, 32.341312>,  <24.948830, 34.345158, 32.301414>, 0.100000
	pigment { color rgbt <1,0,0,0> }
	no_shadow
}
cylinder {
	<24.884239, 34.117481, 32.341312>,  <24.776588, 33.738022, 32.407806>, 0.100000
	pigment { color rgbt <1,0,0,0> }
	no_shadow
}

// particle -1
sphere {
	<24.884239, 34.117481, 32.341312> 0.100000
	pigment { color rgbt <1,0,0,0> }
	no_shadow
}
sphere {
	0, 1
	scale<0.080000,0.200000,0.300000>
	matrix <-0.317307, -0.075634, -0.945302,
		-0.909333, 0.307155, 0.280658,
		0.269127, 0.948649, -0.166239,
		24.964977, 34.402077, 32.291439>
	pigment { color rgbt <0,1,1,0> }
	no_shadow
}
cylinder {
	<24.478497, 33.908543, 31.775000>,  <24.776588, 33.738022, 32.407806>, 0.130000
	pigment { color rgbt <1,0,0,0> }
	no_shadow
}

// nucleotide -1

// particle -1
sphere {
	<24.478497, 33.908543, 31.775000> 0.250000
	pigment { color rgbt <1,0,0,0> }
	no_shadow
}
cylinder {
	<24.750967, 34.201267, 31.783579>,  <24.914450, 34.376900, 31.788727>, 0.100000
	pigment { color rgbt <1,0,0,0> }
	no_shadow
}
cylinder {
	<24.750967, 34.201267, 31.783579>,  <24.478497, 33.908543, 31.775000>, 0.100000
	pigment { color rgbt <1,0,0,0> }
	no_shadow
}

// particle -1
sphere {
	<24.750967, 34.201267, 31.783579> 0.100000
	pigment { color rgbt <1,0,0,0> }
	no_shadow
}
sphere {
	0, 1
	scale<0.080000,0.200000,0.300000>
	matrix <-0.106402, 0.127940, -0.986058,
		-0.724348, 0.669395, 0.165015,
		0.681174, 0.731807, 0.021448,
		24.955318, 34.420811, 31.790012>
	pigment { color rgbt <0,1,1,0> }
	no_shadow
}
cylinder {
	<24.732624, 34.091473, 31.178347>,  <24.478497, 33.908543, 31.775000>, 0.130000
	pigment { color rgbt <1,0,0,0> }
	no_shadow
}

// nucleotide -1

// particle -1
sphere {
	<24.732624, 34.091473, 31.178347> 0.250000
	pigment { color rgbt <1,0,0,0> }
	no_shadow
}
cylinder {
	<24.634974, 34.471230, 31.099291>,  <24.576384, 34.699081, 31.051857>, 0.100000
	pigment { color rgbt <1,0,0,0> }
	no_shadow
}
cylinder {
	<24.634974, 34.471230, 31.099291>,  <24.732624, 34.091473, 31.178347>, 0.100000
	pigment { color rgbt <1,0,0,0> }
	no_shadow
}

// particle -1
sphere {
	<24.634974, 34.471230, 31.099291> 0.100000
	pigment { color rgbt <1,0,0,0> }
	no_shadow
}
sphere {
	0, 1
	scale<0.080000,0.200000,0.300000>
	matrix <0.390206, 0.282748, 0.876238,
		0.887774, 0.136792, -0.439483,
		-0.244125, 0.949390, -0.197639,
		24.561735, 34.756046, 31.039999>
	pigment { color rgbt <0,1,1,0> }
	no_shadow
}
cylinder {
	<25.399639, 34.642078, 31.174997>,  <24.732624, 34.091473, 31.178347>, 0.130000
	pigment { color rgbt <1,0,0,0> }
	no_shadow
}

// nucleotide -1

// particle -1
sphere {
	<25.399639, 34.642078, 31.174997> 0.250000
	pigment { color rgbt <1,0,0,0> }
	no_shadow
}
cylinder {
	<25.036478, 34.751060, 31.302423>,  <24.818581, 34.816448, 31.378880>, 0.100000
	pigment { color rgbt <1,0,0,0> }
	no_shadow
}
cylinder {
	<25.036478, 34.751060, 31.302423>,  <25.399639, 34.642078, 31.174997>, 0.100000
	pigment { color rgbt <1,0,0,0> }
	no_shadow
}

// particle -1
sphere {
	<25.036478, 34.751060, 31.302423> 0.100000
	pigment { color rgbt <1,0,0,0> }
	no_shadow
}
sphere {
	0, 1
	scale<0.080000,0.200000,0.300000>
	matrix <0.381588, 0.222617, 0.897125,
		0.173506, 0.936062, -0.306078,
		-0.907902, 0.272452, 0.318564,
		24.764107, 34.832798, 31.397993>
	pigment { color rgbt <0,1,1,0> }
	no_shadow
}
cylinder {
	<25.470329, 35.241570, 31.572922>,  <25.399639, 34.642078, 31.174997>, 0.130000
	pigment { color rgbt <1,0,0,0> }
	no_shadow
}

// nucleotide -1

// particle -1
sphere {
	<25.470329, 35.241570, 31.572922> 0.250000
	pigment { color rgbt <1,0,0,0> }
	no_shadow
}
cylinder {
	<25.141159, 35.054787, 31.702377>,  <24.943657, 34.942715, 31.780050>, 0.100000
	pigment { color rgbt <1,0,0,0> }
	no_shadow
}
cylinder {
	<25.141159, 35.054787, 31.702377>,  <25.470329, 35.241570, 31.572922>, 0.100000
	pigment { color rgbt <1,0,0,0> }
	no_shadow
}

// particle -1
sphere {
	<25.141159, 35.054787, 31.702377> 0.100000
	pigment { color rgbt <1,0,0,0> }
	no_shadow
}
sphere {
	0, 1
	scale<0.080000,0.200000,0.300000>
	matrix <0.303732, 0.119821, 0.945193,
