// switches for output
#declare DRAW_BASES = 1; // possible values are 0, 1; only relevant for DNA ribbons
#declare DRAW_BASES_TYPE = 3; // possible values are 1, 2, 3; only relevant for DNA ribbons
#declare DRAW_FOG = 0; // set to 1 to enable fog

#include "colors.inc"

#include "transforms.inc"
background { rgb <1, 1, 1>}

#default {
   normal{
       ripples 0.25
       frequency 0.20
       turbulence 0.2
       lambda 5
   }
	finish {
		phong 0.1
		phong_size 40.
	}
}

// original window dimensions: 1024x640


// camera settings

camera {
	sky <0, 0.179814, -0.983701>
	up <0, 0.179814, -0.983701>
	right 1.6 * <1, 0, 0>
	location <35, 94.9851, 44.8844>
	look_at <35, 29.7336, 32.9568>
	direction <0, -65.2515, -11.9276>
	angle 67.0682
}


# declare cpy_camera_pos = <35, 94.9851, 44.8844>;
# if (DRAW_FOG = 1)
fog {
	fog_type 2
	up vnormalize(cpy_camera_pos)
	color rgbt<1,1,1,0.3>
	distance 1e-5
	fog_alt 3e-3
	fog_offset 56
}
# end


// LIGHTS

# declare lum = 6;
global_settings {
	ambient_light rgb lum * <0.05, 0.05, 0.05>
	max_trace_level 15
}# declare cpy_direct_light_amount = 0.25;
light_source
{	1000 * <-1, -1.16352, -0.803886>,
	rgb lum * cpy_direct_light_amount
	parallel
}

light_source
{	1000 * <1, 1.16352, 0.803886>,
	rgb lum * cpy_direct_light_amount
	parallel
}

// strand 0

// nucleotide -1

// particle -1
sphere {
	<24.450323, 34.962551, 35.562363> 0.250000
	pigment { color rgbt <1,0,0,0> }
	no_shadow
}
cylinder {
	<24.244829, 34.954922, 35.219269>,  <24.121532, 34.950344, 35.013412>, 0.100000
	pigment { color rgbt <1,0,0,0> }
	no_shadow
}
cylinder {
	<24.244829, 34.954922, 35.219269>,  <24.450323, 34.962551, 35.562363>, 0.100000
	pigment { color rgbt <1,0,0,0> }
	no_shadow
}

// particle -1
sphere {
	<24.244829, 34.954922, 35.219269> 0.100000
	pigment { color rgbt <1,0,0,0> }
	no_shadow
}
sphere {
	0, 1
	scale<0.080000,0.200000,0.300000>
	matrix <-0.284608, -0.939352, 0.191353,
		-0.809368, 0.342423, 0.477147,
		-0.513733, -0.019075, -0.857738,
		24.090710, 34.949200, 34.961948>
	pigment { color rgbt <0,1,1,0> }
	no_shadow
}
cylinder {
	<25.181597, 35.299774, 35.604168>,  <24.450323, 34.962551, 35.562363>, 0.130000
	pigment { color rgbt <1,0,0,0> }
	no_shadow
}

// nucleotide -1

// particle -1
sphere {
	<25.181597, 35.299774, 35.604168> 0.250000
	pigment { color rgbt <1,0,0,0> }
	no_shadow
}
cylinder {
	<25.534870, 35.397827, 35.444221>,  <25.746834, 35.456657, 35.348251>, 0.100000
	pigment { color rgbt <1,0,0,0> }
	no_shadow
}
cylinder {
	<25.534870, 35.397827, 35.444221>,  <25.181597, 35.299774, 35.604168>, 0.100000
	pigment { color rgbt <1,0,0,0> }
	no_shadow
}

// particle -1
sphere {
	<25.534870, 35.397827, 35.444221> 0.100000
	pigment { color rgbt <1,0,0,0> }
	no_shadow
}
sphere {
	0, 1
	scale<0.080000,0.200000,0.300000>
	matrix <-0.444218, 0.163575, -0.880860,
		-0.150516, 0.955592, 0.253357,
		0.883185, 0.245129, -0.399870,
		25.799826, 35.471367, 35.324261>
	pigment { color rgbt <0,1,1,0> }
	no_shadow
}
cylinder {
	<25.117558, 35.949749, 35.171375>,  <25.181597, 35.299774, 35.604168>, 0.130000
	pigment { color rgbt <1,0,0,0> }
	no_shadow
}

// nucleotide -1

// particle -1
sphere {
	<25.117558, 35.949749, 35.171375> 0.250000
	pigment { color rgbt <1,0,0,0> }
	no_shadow
}
cylinder {
	<25.449444, 35.781788, 35.024269>,  <25.648575, 35.681011, 34.936005>, 0.100000
	pigment { color rgbt <1,0,0,0> }
	no_shadow
}
cylinder {
	<25.449444, 35.781788, 35.024269>,  <25.117558, 35.949749, 35.171375>, 0.100000
	pigment { color rgbt <1,0,0,0> }
	no_shadow
}

// particle -1
sphere {
	<25.449444, 35.781788, 35.024269> 0.100000
	pigment { color rgbt <1,0,0,0> }
	no_shadow
}
sphere {
	0, 1
	scale<0.080000,0.200000,0.300000>
	matrix <-0.290671, 0.237444, -0.926893,
		0.476532, 0.875956, 0.074956,
		0.829715, -0.419907, -0.367765,
		25.698359, 35.655815, 34.913940>
	pigment { color rgbt <0,1,1,0> }
	no_shadow
}
cylinder {
	<25.459534, 36.438381, 34.739567>,  <25.117558, 35.949749, 35.171375>, 0.130000
	pigment { color rgbt <1,0,0,0> }
	no_shadow
}

// nucleotide -1

// particle -1
sphere {
	<25.459534, 36.438381, 34.739567> 0.250000
	pigment { color rgbt <1,0,0,0> }
	no_shadow
}
cylinder {
	<25.637159, 36.097698, 34.628277>,  <25.743734, 35.893288, 34.561504>, 0.100000
	pigment { color rgbt <1,0,0,0> }
	no_shadow
}
cylinder {
	<25.637159, 36.097698, 34.628277>,  <25.459534, 36.438381, 34.739567>, 0.100000
	pigment { color rgbt <1,0,0,0> }
	no_shadow
}

// particle -1
sphere {
	<25.637159, 36.097698, 34.628277> 0.100000
	pigment { color rgbt <1,0,0,0> }
	no_shadow
}
sphere {
	0, 1
	scale<0.080000,0.200000,0.300000>
	matrix <0.099323, 0.355396, -0.929424,
		0.890473, 0.385090, 0.242412,
		0.444064, -0.851704, -0.278222,
		25.770378, 35.842186, 34.544811>
	pigment { color rgbt <0,1,1,0> }
	no_shadow
}
cylinder {
	<26.068817, 36.634212, 34.398369>,  <25.459534, 36.438381, 34.739567>, 0.130000
	pigment { color rgbt <1,0,0,0> }
	no_shadow
}

// nucleotide -1

// particle -1
sphere {
	<26.068817, 36.634212, 34.398369> 0.250000
	pigment { color rgbt <1,0,0,0> }
	no_shadow
}
cylinder {
	<25.996157, 36.258007, 34.283516>,  <25.952560, 36.032284, 34.214603>, 0.100000
	pigment { color rgbt <1,0,0,0> }
	no_shadow
}
cylinder {
	<25.996157, 36.258007, 34.283516>,  <26.068817, 36.634212, 34.398369>, 0.100000
	pigment { color rgbt <1,0,0,0> }
	no_shadow
}

// particle -1
sphere {
	<25.996157, 36.258007, 34.283516> 0.100000
	pigment { color rgbt <1,0,0,0> }
	no_shadow
}
sphere {
	0, 1
	scale<0.080000,0.200000,0.300000>
	matrix <0.159369, 0.259975, -0.952373,
		0.970363, -0.218759, 0.102663,
		-0.181651, -0.940509, -0.287133,
		25.941662, 35.975853, 34.197376>
	pigment { color rgbt <0,1,1,0> }
	no_shadow
}
cylinder {
	<26.690149, 36.225327, 34.118019>,  <26.068817, 36.634212, 34.398369>, 0.130000
	pigment { color rgbt <1,0,0,0> }
	no_shadow
}

// nucleotide -1

// particle -1
sphere {
	<26.690149, 36.225327, 34.118019> 0.250000
	pigment { color rgbt <1,0,0,0> }
	no_shadow
}
cylinder {
	<26.351128, 36.132271, 33.927219>,  <26.147715, 36.076435, 33.812740>, 0.100000
	pigment { color rgbt <1,0,0,0> }
	no_shadow
}
cylinder {
	<26.351128, 36.132271, 33.927219>,  <26.690149, 36.225327, 34.118019>, 0.100000
	pigment { color rgbt <1,0,0,0> }
	no_shadow
}

// particle -1
sphere {
	<26.351128, 36.132271, 33.927219> 0.100000
	pigment { color rgbt <1,0,0,0> }
	no_shadow
}
sphere {
	0, 1
	scale<0.080000,0.200000,0.300000>
	matrix <0.290238, 0.549289, -0.783609,
		0.444312, -0.802595, -0.398031,
		-0.847555, -0.232643, -0.476999,
		26.096861, 36.062477, 33.784119>
	pigment { color rgbt <0,1,1,0> }
	no_shadow
}
cylinder {
	<26.954885, 36.238480, 33.442257>,  <26.690149, 36.225327, 34.118019>, 0.130000
	pigment { color rgbt <1,0,0,0> }
	no_shadow
}

// nucleotide -1

// particle -1
sphere {
	<26.954885, 36.238480, 33.442257> 0.250000
	pigment { color rgbt <1,0,0,0> }
	no_shadow
}
cylinder {
	<26.558878, 36.288380, 33.416012>,  <26.321274, 36.318317, 33.400265>, 0.100000
	pigment { color rgbt <1,0,0,0> }
	no_shadow
}
cylinder {
	<26.558878, 36.288380, 33.416012>,  <26.954885, 36.238480, 33.442257>, 0.100000
	pigment { color rgbt <1,0,0,0> }
	no_shadow
}

// particle -1
sphere {
	<26.558878, 36.288380, 33.416012> 0.100000
	pigment { color rgbt <1,0,0,0> }
	no_shadow
}
sphere {
	0, 1
	scale<0.080000,0.200000,0.300000>
	matrix <0.132919, 0.671431, -0.729049,
		-0.046893, -0.730492, -0.681309,
		-0.990017, 0.124746, -0.065611,
		26.261873, 36.325802, 33.396328>
	pigment { color rgbt <0,1,1,0> }
	no_shadow
}
cylinder {
	<26.837509, 36.327377, 32.736362>,  <26.954885, 36.238480, 33.442257>, 0.130000
	pigment { color rgbt <1,0,0,0> }
	no_shadow
}

// nucleotide -1

// particle -1
sphere {
	<26.837509, 36.327377, 32.736362> 0.250000
	pigment { color rgbt <1,0,0,0> }
	no_shadow
}
cylinder {
	<26.504175, 36.460495, 32.912907>,  <26.304174, 36.540363, 33.018833>, 0.100000
	pigment { color rgbt <1,0,0,0> }
	no_shadow
}
cylinder {
	<26.504175, 36.460495, 32.912907>,  <26.837509, 36.327377, 32.736362>, 0.100000
	pigment { color rgbt <1,0,0,0> }
	no_shadow
}

// particle -1
sphere {
	<26.504175, 36.460495, 32.912907> 0.100000
	pigment { color rgbt <1,0,0,0> }
	no_shadow
}
sphere {
	0, 1
	scale<0.080000,0.200000,0.300000>
	matrix <-0.038004, 0.762081, -0.646366,
		-0.551460, -0.555413, -0.622422,
		-0.833335, 0.332790, 0.441365,
		26.254175, 36.560333, 33.045315>
	pigment { color rgbt <0,1,1,0> }
	no_shadow
}
cylinder {
	<26.328962, 36.432907, 32.152050>,  <26.837509, 36.327377, 32.736362>, 0.130000
	pigment { color rgbt <1,0,0,0> }
	no_shadow
}

// nucleotide -1

// particle -1
sphere {
	<26.328962, 36.432907, 32.152050> 0.250000
	pigment { color rgbt <1,0,0,0> }
	no_shadow
}
cylinder {
	<26.237608, 36.625683, 32.490417>,  <26.182795, 36.741348, 32.693436>, 0.100000
	pigment { color rgbt <1,0,0,0> }
	no_shadow
}
cylinder {
	<26.237608, 36.625683, 32.490417>,  <26.328962, 36.432907, 32.152050>, 0.100000
	pigment { color rgbt <1,0,0,0> }
	no_shadow
}

// particle -1
sphere {
	<26.237608, 36.625683, 32.490417> 0.100000
	pigment { color rgbt <1,0,0,0> }
	no_shadow
}
sphere {
	0, 1
	scale<0.080000,0.200000,0.300000>
	matrix <0.044623, 0.873148, -0.485409,
		-0.972548, -0.073113, -0.220921,
		-0.228386, 0.481941, 0.845915,
		26.169092, 36.770264, 32.744190>
	pigment { color rgbt <0,1,1,0> }
	no_shadow
}
cylinder {
	<25.947300, 36.935955, 31.869204>,  <26.328962, 36.432907, 32.152050>, 0.130000
	pigment { color rgbt <1,0,0,0> }
	no_shadow
}

// nucleotide -1

// particle -1
sphere {
	<25.947300, 36.935955, 31.869204> 0.250000
	pigment { color rgbt <1,0,0,0> }
	no_shadow
}
cylinder {
	<26.064510, 37.047966, 32.234875>,  <26.134836, 37.115173, 32.454277>, 0.100000
	pigment { color rgbt <1,0,0,0> }
	no_shadow
}
cylinder {
	<26.064510, 37.047966, 32.234875>,  <25.947300, 36.935955, 31.869204>, 0.100000
	pigment { color rgbt <1,0,0,0> }
	no_shadow
}

// particle -1
sphere {
	<26.064510, 37.047966, 32.234875> 0.100000
	pigment { color rgbt <1,0,0,0> }
	no_shadow
}
sphere {
	0, 1
	scale<0.080000,0.200000,0.300000>
	matrix <0.122102, 0.937359, -0.326265,
		-0.948275, 0.207228, 0.240480,
		0.293028, 0.280026, 0.914177,
		26.152418, 37.131973, 32.509129>
	pigment { color rgbt <0,1,1,0> }
	no_shadow
}
cylinder {
	<25.589626, 37.558556, 32.061283>,  <25.947300, 36.935955, 31.869204>, 0.130000
	pigment { color rgbt <1,0,0,0> }
	no_shadow
}

// nucleotide -1

// particle -1
sphere {
	<25.589626, 37.558556, 32.061283> 0.250000
	pigment { color rgbt <1,0,0,0> }
	no_shadow
}
cylinder {
	<25.931145, 37.544300, 32.269039>,  <26.136055, 37.535748, 32.393692>, 0.100000
	pigment { color rgbt <1,0,0,0> }
	no_shadow
}
cylinder {
	<25.931145, 37.544300, 32.269039>,  <25.589626, 37.558556, 32.061283>, 0.100000
	pigment { color rgbt <1,0,0,0> }
	no_shadow
}

// particle -1
sphere {
	<25.931145, 37.544300, 32.269039> 0.100000
	pigment { color rgbt <1,0,0,0> }
	no_shadow
}
sphere {
	0, 1
	scale<0.080000,0.200000,0.300000>
	matrix <0.159458, 0.967609, -0.195722,
		-0.495586, 0.249927, 0.831824,
		0.853796, -0.035643, 0.519386,
		26.187283, 37.533607, 32.424854>
	pigment { color rgbt <0,1,1,0> }
	no_shadow
}
cylinder {
	<25.486879, 38.077610, 32.564568>,  <25.589626, 37.558556, 32.061283>, 0.130000
	pigment { color rgbt <1,0,0,0> }
	no_shadow
}

// nucleotide -1

// particle -1
sphere {
	<25.486879, 38.077610, 32.564568> 0.250000
	pigment { color rgbt <1,0,0,0> }
	no_shadow
}
cylinder {
	<25.858902, 38.000614, 32.439388>,  <26.082115, 37.954418, 32.364281>, 0.100000
	pigment { color rgbt <1,0,0,0> }
	no_shadow
}
cylinder {
	<25.858902, 38.000614, 32.439388>,  <25.486879, 38.077610, 32.564568>, 0.100000
	pigment { color rgbt <1,0,0,0> }
	no_shadow
}

// particle -1
sphere {
	<25.858902, 38.000614, 32.439388> 0.100000
	pigment { color rgbt <1,0,0,0> }
	no_shadow
}
sphere {
	0, 1
	scale<0.080000,0.200000,0.300000>
	matrix <0.041865, 0.901747, -0.430232,
		0.365018, 0.387040, 0.846736,
		0.930059, -0.192491, -0.312950,
		26.137920, 37.942867, 32.345505>
	pigment { color rgbt <0,1,1,0> }
	no_shadow
}
cylinder {
	<25.657194, 38.608795, 31.983898>,  <25.486879, 38.077610, 32.564568>, 0.130000
	pigment { color rgbt <1,0,0,0> }
	no_shadow
}

// nucleotide -1

// particle -1
sphere {
	<25.657194, 38.608795, 31.983898> 0.250000
	pigment { color rgbt <1,0,0,0> }
	no_shadow
}
cylinder {
	<25.972761, 38.845871, 32.048798>,  <26.162102, 38.988117, 32.087738>, 0.100000
	pigment { color rgbt <1,0,0,0> }
	no_shadow
}
cylinder {
	<25.972761, 38.845871, 32.048798>,  <25.657194, 38.608795, 31.983898>, 0.100000
	pigment { color rgbt <1,0,0,0> }
	no_shadow
}

// particle -1
sphere {
	<25.972761, 38.845871, 32.048798> 0.100000
	pigment { color rgbt <1,0,0,0> }
	no_shadow
}
sphere {
	0, 1
	scale<0.080000,0.200000,0.300000>
	matrix <0.499319, -0.772196, 0.392931,
		0.358174, -0.228976, -0.905141,
		0.788918, 0.592692, 0.162249,
		26.209436, 39.023678, 32.097473>
	pigment { color rgbt <0,1,1,0> }
	no_shadow
}
cylinder {
	<26.200035, 38.378651, 31.697403>,  <25.657194, 38.608795, 31.983898>, 0.130000
	pigment { color rgbt <1,0,0,0> }
	no_shadow
}

// nucleotide -1

// particle -1
sphere {
	<26.200035, 38.378651, 31.697403> 0.250000
	pigment { color rgbt <1,0,0,0> }
	no_shadow
}
cylinder {
	<26.314014, 38.587551, 32.018913>,  <26.382402, 38.712891, 32.211819>, 0.100000
	pigment { color rgbt <1,0,0,0> }
	no_shadow
}
cylinder {
	<26.314014, 38.587551, 32.018913>,  <26.200035, 38.378651, 31.697403>, 0.100000
	pigment { color rgbt <1,0,0,0> }
	no_shadow
}

// particle -1
sphere {
	<26.314014, 38.587551, 32.018913> 0.100000
	pigment { color rgbt <1,0,0,0> }
	no_shadow
}
sphere {
	0, 1
	scale<0.080000,0.200000,0.300000>
	matrix <0.388586, -0.829482, 0.401199,
		0.876245, 0.198014, -0.439301,
		0.284949, 0.522254, 0.803775,
		26.399500, 38.744228, 32.260044>
	pigment { color rgbt <0,1,1,0> }
	no_shadow
}
cylinder {
	<26.948547, 38.292648, 32.010582>,  <26.200035, 38.378651, 31.697403>, 0.130000
	pigment { color rgbt <1,0,0,0> }
	no_shadow
}

// nucleotide -1

// particle -1
sphere {
	<26.948547, 38.292648, 32.010582> 0.250000
	pigment { color rgbt <1,0,0,0> }
	no_shadow
}
cylinder {
	<26.635448, 38.356636, 32.251152>,  <26.447588, 38.395031, 32.395493>, 0.100000
	pigment { color rgbt <1,0,0,0> }
	no_shadow
}
cylinder {
	<26.635448, 38.356636, 32.251152>,  <26.948547, 38.292648, 32.010582>, 0.100000
	pigment { color rgbt <1,0,0,0> }
	no_shadow
}

// particle -1
sphere {
	<26.635448, 38.356636, 32.251152> 0.100000
	pigment { color rgbt <1,0,0,0> }
	no_shadow
}
sphere {
	0, 1
	scale<0.080000,0.200000,0.300000>
	matrix <0.078854, -0.933114, 0.350827,
		0.617321, 0.322034, 0.717780,
		-0.782749, 0.159973, 0.601425,
		26.400623, 38.404629, 32.431580>
	pigment { color rgbt <0,1,1,0> }
	no_shadow
}
cylinder {
	<27.110065, 37.775784, 32.496052>,  <26.948547, 38.292648, 32.010582>, 0.130000
	pigment { color rgbt <1,0,0,0> }
	no_shadow
}

// nucleotide -1

// particle -1
sphere {
	<27.110065, 37.775784, 32.496052> 0.250000
	pigment { color rgbt <1,0,0,0> }
	no_shadow
}
cylinder {
	<26.740175, 37.892094, 32.594303>,  <26.518240, 37.961880, 32.653252>, 0.100000
	pigment { color rgbt <1,0,0,0> }
	no_shadow
}
cylinder {
	<26.740175, 37.892094, 32.594303>,  <27.110065, 37.775784, 32.496052>, 0.100000
	pigment { color rgbt <1,0,0,0> }
	no_shadow
}

// particle -1
sphere {
	<26.740175, 37.892094, 32.594303> 0.100000
	pigment { color rgbt <1,0,0,0> }
	no_shadow
}
sphere {
	0, 1
	scale<0.080000,0.200000,0.300000>
	matrix <-0.114452, -0.827860, 0.549134,
		0.363016, 0.479686, 0.798824,
		-0.924727, 0.290772, 0.245625,
		26.462757, 37.979324, 32.667992>
	pigment { color rgbt <0,1,1,0> }
	no_shadow
}
cylinder {
	<27.059788, 37.753448, 33.237488>,  <27.110065, 37.775784, 32.496052>, 0.130000
	pigment { color rgbt <1,0,0,0> }
	no_shadow
}

// nucleotide -1

// particle -1
sphere {
	<27.059788, 37.753448, 33.237488> 0.250000
	pigment { color rgbt <1,0,0,0> }
	no_shadow
}
cylinder {
	<26.720985, 37.713860, 33.028572>,  <26.517704, 37.690105, 32.903225>, 0.100000
	pigment { color rgbt <1,0,0,0> }
	no_shadow
}
cylinder {
	<26.720985, 37.713860, 33.028572>,  <27.059788, 37.753448, 33.237488>, 0.100000
	pigment { color rgbt <1,0,0,0> }
	no_shadow
}

// particle -1
sphere {
	<26.720985, 37.713860, 33.028572> 0.100000
	pigment { color rgbt <1,0,0,0> }
	no_shadow
}
sphere {
	0, 1
	scale<0.080000,0.200000,0.300000>
	matrix <-0.227975, -0.819944, 0.525090,
		-0.480216, 0.563823, 0.671935,
		-0.847007, -0.098972, -0.522287,
		26.466883, 37.684170, 32.871887>
	pigment { color rgbt <0,1,1,0> }
	no_shadow
}
cylinder {
	<26.617241, 37.592777, 33.639782>,  <27.059788, 37.753448, 33.237488>, 0.130000
	pigment { color rgbt <1,0,0,0> }
	no_shadow
}

// nucleotide -1

// particle -1
sphere {
	<26.617241, 37.592777, 33.639782> 0.250000
	pigment { color rgbt <1,0,0,0> }
	no_shadow
}
cylinder {
	<26.446497, 37.468430, 33.300098>,  <26.344051, 37.393822, 33.096291>, 0.100000
	pigment { color rgbt <1,0,0,0> }
	no_shadow
}
cylinder {
	<26.446497, 37.468430, 33.300098>,  <26.617241, 37.592777, 33.639782>, 0.100000
	pigment { color rgbt <1,0,0,0> }
	no_shadow
}

// particle -1
sphere {
	<26.446497, 37.468430, 33.300098> 0.100000
	pigment { color rgbt <1,0,0,0> }
	no_shadow
}
sphere {
	0, 1
	scale<0.080000,0.200000,0.300000>
	matrix <-0.375927, -0.793072, 0.479287,
		-0.822478, 0.523827, 0.221665,
		-0.426860, -0.310873, -0.849204,
		26.318439, 37.375168, 33.045338>
	pigment { color rgbt <0,1,1,0> }
	no_shadow
}
cylinder {
	<25.861893, 37.472076, 33.792225>,  <26.617241, 37.592777, 33.639782>, 0.130000
	pigment { color rgbt <1,0,0,0> }
	no_shadow
}

// nucleotide -1

// particle -1
sphere {
	<25.861893, 37.472076, 33.792225> 0.250000
	pigment { color rgbt <1,0,0,0> }
	no_shadow
}
cylinder {
	<25.972290, 37.255272, 33.474720>,  <26.038528, 37.125191, 33.284218>, 0.100000
	pigment { color rgbt <1,0,0,0> }
	no_shadow
}
cylinder {
	<25.972290, 37.255272, 33.474720>,  <25.861893, 37.472076, 33.792225>, 0.100000
	pigment { color rgbt <1,0,0,0> }
	no_shadow
}

// particle -1
sphere {
	<25.972290, 37.255272, 33.474720> 0.100000
	pigment { color rgbt <1,0,0,0> }
	no_shadow
}
sphere {
	0, 1
	scale<0.080000,0.200000,0.300000>
	matrix <-0.373245, -0.821461, 0.431150,
		-0.885730, 0.177273, -0.429019,
		0.275991, -0.542011, -0.793759,
		26.055088, 37.092667, 33.236591>
	pigment { color rgbt <0,1,1,0> }
	no_shadow
}
cylinder {
	<25.237141, 37.099873, 33.579288>,  <25.861893, 37.472076, 33.792225>, 0.130000
	pigment { color rgbt <1,0,0,0> }
	no_shadow
}

// nucleotide -1

// particle -1
sphere {
	<25.237141, 37.099873, 33.579288> 0.250000
	pigment { color rgbt <1,0,0,0> }
	no_shadow
}
cylinder {
	<25.583691, 36.938316, 33.461803>,  <25.791620, 36.841381, 33.391312>, 0.100000
	pigment { color rgbt <1,0,0,0> }
	no_shadow
}
cylinder {
	<25.583691, 36.938316, 33.461803>,  <25.237141, 37.099873, 33.579288>, 0.100000
	pigment { color rgbt <1,0,0,0> }
	no_shadow
}

// particle -1
sphere {
	<25.583691, 36.938316, 33.461803> 0.100000
	pigment { color rgbt <1,0,0,0> }
	no_shadow
}
sphere {
	0, 1
	scale<0.080000,0.200000,0.300000>
	matrix <-0.275574, -0.877139, 0.393302,
		-0.416478, -0.259807, -0.871232,
		0.866374, -0.403891, -0.293713,
		25.843603, 36.817150, 33.373688>
	pigment { color rgbt <0,1,1,0> }
	no_shadow
}
cylinder {
	<25.232615, 36.331264, 33.713661>,  <25.237141, 37.099873, 33.579288>, 0.130000
	pigment { color rgbt <1,0,0,0> }
	no_shadow
}

// nucleotide -1

// particle -1
sphere {
	<25.232615, 36.331264, 33.713661> 0.250000
	pigment { color rgbt <1,0,0,0> }
	no_shadow
}
cylinder {
	<25.619911, 36.423977, 33.676163>,  <25.852289, 36.479607, 33.653664>, 0.100000
	pigment { color rgbt <1,0,0,0> }
	no_shadow
}
cylinder {
	<25.619911, 36.423977, 33.676163>,  <25.232615, 36.331264, 33.713661>, 0.100000
	pigment { color rgbt <1,0,0,0> }
	no_shadow
}

// particle -1
sphere {
	<25.619911, 36.423977, 33.676163> 0.100000
	pigment { color rgbt <1,0,0,0> }
	no_shadow
}
sphere {
	0, 1
	scale<0.080000,0.200000,0.300000>
	matrix <0.238909, -0.747141, 0.620244,
		0.073720, -0.622942, -0.778787,
		0.968239, 0.231784, -0.093747,
		25.910383, 36.493511, 33.648037>
	pigment { color rgbt <0,1,1,0> }
	no_shadow
}
cylinder {
	<25.037973, 36.450825, 33.060154>,  <25.232615, 36.331264, 33.713661>, 0.130000
	pigment { color rgbt <1,0,0,0> }
	no_shadow
}

// nucleotide -1

// particle -1
sphere {
	<25.037973, 36.450825, 33.060154> 0.250000
	pigment { color rgbt <1,0,0,0> }
	no_shadow
}
cylinder {
	<25.411678, 36.409771, 33.196751>,  <25.635902, 36.385139, 33.278709>, 0.100000
	pigment { color rgbt <1,0,0,0> }
	no_shadow
}
cylinder {
	<25.411678, 36.409771, 33.196751>,  <25.037973, 36.450825, 33.060154>, 0.100000
	pigment { color rgbt <1,0,0,0> }
	no_shadow
}

// particle -1
sphere {
	<25.411678, 36.409771, 33.196751> 0.100000
	pigment { color rgbt <1,0,0,0> }
	no_shadow
}
sphere {
	0, 1
	scale<0.080000,0.200000,0.300000>
	matrix <-0.267292, -0.835453, 0.480180,
		0.236020, -0.539894, -0.807966,
		0.934264, -0.102631, 0.341493,
		25.691957, 36.378983, 33.299198>
	pigment { color rgbt <0,1,1,0> }
	no_shadow
}
cylinder {
	<25.070543, 35.706425, 33.092926>,  <25.037973, 36.450825, 33.060154>, 0.130000
	pigment { color rgbt <1,0,0,0> }
	no_shadow
}

// nucleotide -1

// particle -1
sphere {
	<25.070543, 35.706425, 33.092926> 0.250000
	pigment { color rgbt <1,0,0,0> }
	no_shadow
}
cylinder {
	<25.376846, 35.831627, 33.317654>,  <25.560629, 35.906750, 33.452492>, 0.100000
	pigment { color rgbt <1,0,0,0> }
	no_shadow
}
cylinder {
	<25.376846, 35.831627, 33.317654>,  <25.070543, 35.706425, 33.092926>, 0.100000
	pigment { color rgbt <1,0,0,0> }
	no_shadow
}

// particle -1
sphere {
	<25.376846, 35.831627, 33.317654> 0.100000
	pigment { color rgbt <1,0,0,0> }
	no_shadow
}
sphere {
	0, 1
	scale<0.080000,0.200000,0.300000>
	matrix <-0.153088, -0.759748, 0.631939,
		0.624644, -0.569920, -0.533864,
		0.765757, 0.313009, 0.561820,
		25.606573, 35.925529, 33.486198>
	pigment { color rgbt <0,1,1,0> }
	no_shadow
}
cylinder {
	<25.099091, 35.191406, 33.598469>,  <25.070543, 35.706425, 33.092926>, 0.130000
	pigment { color rgbt <1,0,0,0> }
	no_shadow
}

// nucleotide -1

// particle -1
sphere {
	<25.099091, 35.191406, 33.598469> 0.250000
	pigment { color rgbt <1,0,0,0> }
	no_shadow
}
cylinder {
	<25.407814, 35.431507, 33.682381>,  <25.593048, 35.575569, 33.732727>, 0.100000
	pigment { color rgbt <1,0,0,0> }
	no_shadow
}
cylinder {
	<25.407814, 35.431507, 33.682381>,  <25.099091, 35.191406, 33.598469>, 0.100000
	pigment { color rgbt <1,0,0,0> }
	no_shadow
}

// particle -1
sphere {
	<25.407814, 35.431507, 33.682381> 0.100000
	pigment { color rgbt <1,0,0,0> }
	no_shadow
}
sphere {
	0, 1
	scale<0.080000,0.200000,0.300000>
	matrix <0.187592, -0.530190, 0.826866,
		0.607554, -0.598828, -0.521808,
		0.771808, 0.600253, 0.209784,
		25.639357, 35.611584, 33.745316>
	pigment { color rgbt <0,1,1,0> }
	no_shadow
}
cylinder {
	<25.685261, 34.795528, 33.810791>,  <25.099091, 35.191406, 33.598469>, 0.130000
	pigment { color rgbt <1,0,0,0> }
	no_shadow
}

// nucleotide -1

// particle -1
sphere {
	<25.685261, 34.795528, 33.810791> 0.250000
	pigment { color rgbt <1,0,0,0> }
	no_shadow
}
cylinder {
	<25.776100, 35.166409, 33.929943>,  <25.830603, 35.388935, 34.001434>, 0.100000
	pigment { color rgbt <1,0,0,0> }
	no_shadow
}
cylinder {
	<25.776100, 35.166409, 33.929943>,  <25.685261, 34.795528, 33.810791>, 0.100000
	pigment { color rgbt <1,0,0,0> }
	no_shadow
}

// particle -1
sphere {
	<25.776100, 35.166409, 33.929943> 0.100000
	pigment { color rgbt <1,0,0,0> }
	no_shadow
}
sphere {
	0, 1
	scale<0.080000,0.200000,0.300000>
	matrix <0.306291, -0.358352, 0.881912,
		0.924452, -0.109041, -0.365373,
		0.227097, 0.927197, 0.297881,
		25.844229, 35.444569, 34.019306>
	pigment { color rgbt <0,1,1,0> }
	no_shadow
}
cylinder {
	<26.370815, 34.761143, 34.170982>,  <25.685261, 34.795528, 33.810791>, 0.130000
	pigment { color rgbt <1,0,0,0> }
	no_shadow
}

// nucleotide -1

// particle -1
sphere {
	<26.370815, 34.761143, 34.170982> 0.250000
	pigment { color rgbt <1,0,0,0> }
	no_shadow
}
cylinder {
	<26.194193, 35.098751, 34.292740>,  <26.088219, 35.301315, 34.365795>, 0.100000
	pigment { color rgbt <1,0,0,0> }
	no_shadow
}
cylinder {
	<26.194193, 35.098751, 34.292740>,  <26.370815, 34.761143, 34.170982>, 0.100000
	pigment { color rgbt <1,0,0,0> }
	no_shadow
}

// particle -1
sphere {
	<26.194193, 35.098751, 34.292740> 0.100000
	pigment { color rgbt <1,0,0,0> }
	no_shadow
}
sphere {
	0, 1
	scale<0.080000,0.200000,0.300000>
	matrix <0.234235, -0.219052, 0.947180,
		0.866118, 0.489534, -0.100975,
		-0.441558, 0.844021, 0.304391,
		26.061726, 35.351959, 34.384056>
	pigment { color rgbt <0,1,1,0> }
	no_shadow
}
cylinder {
	<26.817186, 35.177807, 34.453999>,  <26.370815, 34.761143, 34.170982>, 0.130000
	pigment { color rgbt <1,0,0,0> }
	no_shadow
}

// nucleotide -1

// particle -1
sphere {
	<26.817186, 35.177807, 34.453999> 0.250000
	pigment { color rgbt <1,0,0,0> }
	no_shadow
}
cylinder {
	<26.466633, 35.301018, 34.602093>,  <26.256302, 35.374947, 34.690948>, 0.100000
	pigment { color rgbt <1,0,0,0> }
	no_shadow
}
cylinder {
	<26.466633, 35.301018, 34.602093>,  <26.817186, 35.177807, 34.453999>, 0.100000
	pigment { color rgbt <1,0,0,0> }
	no_shadow
}

// particle -1
sphere {
	<26.466633, 35.301018, 34.602093> 0.100000
	pigment { color rgbt <1,0,0,0> }
	no_shadow
}
sphere {
	0, 1
	scale<0.080000,0.200000,0.300000>
	matrix <0.361166, -0.088221, 0.928319,
		0.318613, 0.947277, -0.033935,
		-0.876382, 0.308031, 0.370233,
		26.203718, 35.393429, 34.713161>
	pigment { color rgbt <0,1,1,0> }
	no_shadow
}
cylinder {
	<26.939205, 35.593243, 35.196468>,  <26.817186, 35.177807, 34.453999>, 0.130000
	pigment { color rgbt <1,0,0,0> }
	no_shadow
}

// nucleotide -1

// particle -1
sphere {
	<26.939205, 35.593243, 35.196468> 0.250000
	pigment { color rgbt <1,0,0,0> }
	no_shadow
}
cylinder {
	<26.566553, 35.455406, 35.150295>,  <26.342962, 35.372704, 35.122593>, 0.100000
	pigment { color rgbt <1,0,0,0> }
	no_shadow
}
cylinder {
	<26.566553, 35.455406, 35.150295>,  <26.939205, 35.593243, 35.196468>, 0.100000
	pigment { color rgbt <1,0,0,0> }
	no_shadow
}

// particle -1
sphere {
	<26.566553, 35.455406, 35.150295> 0.100000
	pigment { color rgbt <1,0,0,0> }
	no_shadow
}
sphere {
	0, 1
	scale<0.080000,0.200000,0.300000>
	matrix <0.061172, -0.461802, 0.884871,
		-0.358226, 0.817310, 0.451308,
		-0.931629, -0.344592, -0.115433,
		26.287064, 35.352028, 35.115665>
	pigment { color rgbt <0,1,1,0> }
	no_shadow
}
cylinder {
	<26.463099, 35.786938, 35.797646>,  <26.939205, 35.593243, 35.196468>, 0.130000
	pigment { color rgbt <1,0,0,0> }
	no_shadow
}

// nucleotide -1

// particle -1
sphere {
	<26.463099, 35.786938, 35.797646> 0.250000
	pigment { color rgbt <1,0,0,0> }
	no_shadow
}
cylinder {
	<26.346710, 35.449417, 35.617271>,  <26.276876, 35.246906, 35.509048>, 0.100000
	pigment { color rgbt <1,0,0,0> }
	no_shadow
}
cylinder {
	<26.346710, 35.449417, 35.617271>,  <26.463099, 35.786938, 35.797646>, 0.100000
	pigment { color rgbt <1,0,0,0> }
	no_shadow
}

// particle -1
sphere {
	<26.346710, 35.449417, 35.617271> 0.100000
	pigment { color rgbt <1,0,0,0> }
	no_shadow
}
sphere {
	0, 1
	scale<0.080000,0.200000,0.300000>
	matrix <-0.070185, -0.451230, 0.889644,
		-0.954154, 0.290510, 0.072073,
		-0.290972, -0.843798, -0.450932,
		26.259418, 35.196278, 35.481991>
	pigment { color rgbt <0,1,1,0> }
	no_shadow
}
cylinder {
	<25.764889, 35.706444, 36.146900>,  <26.463099, 35.786938, 35.797646>, 0.130000
	pigment { color rgbt <1,0,0,0> }
	no_shadow
}

// nucleotide -1

// particle -1
sphere {
	<25.764889, 35.706444, 36.146900> 0.250000
	pigment { color rgbt <1,0,0,0> }
	no_shadow
}
cylinder {
	<25.956099, 35.375641, 36.028542>,  <26.070824, 35.177158, 35.957527>, 0.100000
	pigment { color rgbt <1,0,0,0> }
	no_shadow
}
cylinder {
	<25.956099, 35.375641, 36.028542>,  <25.764889, 35.706444, 36.146900>, 0.100000
	pigment { color rgbt <1,0,0,0> }
	no_shadow
}

// particle -1
sphere {
	<25.956099, 35.375641, 36.028542> 0.100000
	pigment { color rgbt <1,0,0,0> }
	no_shadow
}
sphere {
	0, 1
	scale<0.080000,0.200000,0.300000>
	matrix <-0.224308, -0.440645, 0.869205,
		-0.849223, -0.349129, -0.396143,
		0.478023, -0.827007, -0.295893,
		26.099506, 35.127541, 35.939774>
	pigment { color rgbt <0,1,1,0> }
	no_shadow
}
cylinder {
	<25.411108, 35.189190, 36.343403>,  <25.764889, 35.706444, 36.146900>, 0.130000
	pigment { color rgbt <1,0,0,0> }
	no_shadow
}

// nucleotide -1

// particle -1
sphere {
	<25.411108, 35.189190, 36.343403> 0.250000
	pigment { color rgbt <1,0,0,0> }
	no_shadow
}
cylinder {
	<25.786736, 35.054241, 36.317093>,  <26.012112, 34.973270, 36.301308>, 0.100000
	pigment { color rgbt <1,0,0,0> }
	no_shadow
}
cylinder {
	<25.786736, 35.054241, 36.317093>,  <25.411108, 35.189190, 36.343403>, 0.100000
	pigment { color rgbt <1,0,0,0> }
	no_shadow
}

// particle -1
sphere {
	<25.786736, 35.054241, 36.317093> 0.100000
	pigment { color rgbt <1,0,0,0> }
	no_shadow
}
sphere {
	0, 1
	scale<0.080000,0.200000,0.300000>
	matrix <-0.122341, -0.506892, 0.853284,
		-0.321217, -0.793246, -0.517282,
		0.939070, -0.337374, -0.065776,
		26.068457, 34.953030, 36.297359>
	pigment { color rgbt <0,1,1,0> }
	no_shadow
}
cylinder {
	<25.483372, 34.496613, 36.280193>,  <25.411108, 35.189190, 36.343403>, 0.130000
	pigment { color rgbt <1,0,0,0> }
	no_shadow
}

// nucleotide -1

// particle -1
sphere {
	<25.483372, 34.496613, 36.280193> 0.250000
	pigment { color rgbt <1,0,0,0> }
	no_shadow
}
cylinder {
	<25.737186, 34.725502, 36.488010>,  <25.889475, 34.862835, 36.612701>, 0.100000
	pigment { color rgbt <1,0,0,0> }
	no_shadow
}
cylinder {
	<25.737186, 34.725502, 36.488010>,  <25.483372, 34.496613, 36.280193>, 0.100000
	pigment { color rgbt <1,0,0,0> }
	no_shadow
}

// particle -1
sphere {
	<25.737186, 34.725502, 36.488010> 0.100000
	pigment { color rgbt <1,0,0,0> }
	no_shadow
}
sphere {
	0, 1
	scale<0.080000,0.200000,0.300000>
	matrix <-0.228448, -0.503314, 0.833358,
		0.738359, -0.647486, -0.188649,
		0.634537, 0.572221, 0.519544,
		25.927547, 34.897167, 36.643875>
	pigment { color rgbt <0,1,1,0> }
	no_shadow
}
cylinder {
	<25.781961, 33.993992, 36.753651>,  <25.483372, 34.496613, 36.280193>, 0.130000
	pigment { color rgbt <1,0,0,0> }
	no_shadow
}

// nucleotide -1

// particle -1
sphere {
	<25.781961, 33.993992, 36.753651> 0.250000
	pigment { color rgbt <1,0,0,0> }
	no_shadow
}
cylinder {
	<25.843609, 34.354568, 36.915462>,  <25.880596, 34.570915, 37.012550>, 0.100000
	pigment { color rgbt <1,0,0,0> }
	no_shadow
}
cylinder {
	<25.843609, 34.354568, 36.915462>,  <25.781961, 33.993992, 36.753651>, 0.100000
	pigment { color rgbt <1,0,0,0> }
	no_shadow
}

// particle -1
sphere {
	<25.843609, 34.354568, 36.915462> 0.100000
	pigment { color rgbt <1,0,0,0> }
	no_shadow
}
sphere {
	0, 1
	scale<0.080000,0.200000,0.300000>
	matrix <-0.058214, -0.400425, 0.914479,
		0.986336, -0.164485, -0.009235,
		0.154116, 0.901446, 0.404529,
		25.889843, 34.625004, 37.036819>
	pigment { color rgbt <0,1,1,0> }
	no_shadow
}
cylinder {
	<26.221491, 33.836067, 37.246552>,  <25.781961, 33.993992, 36.753651>, 0.130000
	pigment { color rgbt <1,0,0,0> }
	no_shadow
}

// nucleotide -1

// particle -1
sphere {
	<26.221491, 33.836067, 37.246552> 0.250000
	pigment { color rgbt <1,0,0,0> }
	no_shadow
}
cylinder {
	<26.072969, 34.190220, 37.358433>,  <25.983856, 34.402710, 37.425564>, 0.100000
	pigment { color rgbt <1,0,0,0> }
	no_shadow
}
cylinder {
	<26.072969, 34.190220, 37.358433>,  <26.221491, 33.836067, 37.246552>, 0.100000
	pigment { color rgbt <1,0,0,0> }
	no_shadow
}

// particle -1
sphere {
	<26.072969, 34.190220, 37.358433> 0.100000
	pigment { color rgbt <1,0,0,0> }
	no_shadow
}
sphere {
	0, 1
	scale<0.080000,0.200000,0.300000>
	matrix <-0.087995, -0.333439, 0.938656,
		0.924332, 0.323914, 0.201716,
		-0.371304, 0.885380, 0.279706,
		25.961578, 34.455833, 37.442345>
	pigment { color rgbt <0,1,1,0> }
	no_shadow
}
cylinder {
	<26.621861, 34.095863, 37.830338>,  <26.221491, 33.836067, 37.246552>, 0.130000
	pigment { color rgbt <1,0,0,0> }
	no_shadow
}

// nucleotide -1

// particle -1
sphere {
	<26.621861, 34.095863, 37.830338> 0.250000
	pigment { color rgbt <1,0,0,0> }
	no_shadow
}
cylinder {
	<26.244831, 34.229362, 37.835529>,  <26.018614, 34.309460, 37.838642>, 0.100000
	pigment { color rgbt <1,0,0,0> }
	no_shadow
}
cylinder {
	<26.244831, 34.229362, 37.835529>,  <26.621861, 34.095863, 37.830338>, 0.100000
	pigment { color rgbt <1,0,0,0> }
	no_shadow
}

// particle -1
sphere {
	<26.244831, 34.229362, 37.835529> 0.100000
	pigment { color rgbt <1,0,0,0> }
	no_shadow
}
sphere {
	0, 1
	scale<0.080000,0.200000,0.300000>
	matrix <-0.137892, -0.424241, 0.894989,
		0.304202, 0.841805, 0.445899,
		-0.942575, 0.333744, 0.012977,
		25.962059, 34.329487, 37.839424>
	pigment { color rgbt <0,1,1,0> }
	no_shadow
}
cylinder {
	<26.673645, 34.704887, 38.270435>,  <26.621861, 34.095863, 37.830338>, 0.130000
	pigment { color rgbt <1,0,0,0> }
	no_shadow
}

// nucleotide -1

// particle -1
sphere {
	<26.673645, 34.704887, 38.270435> 0.250000
	pigment { color rgbt <1,0,0,0> }
	no_shadow
}
cylinder {
	<26.472584, 35.026852, 38.144283>,  <26.351948, 35.220032, 38.068592>, 0.100000
	pigment { color rgbt <1,0,0,0> }
	no_shadow
}
cylinder {
	<26.472584, 35.026852, 38.144283>,  <26.673645, 34.704887, 38.270435>, 0.100000
	pigment { color rgbt <1,0,0,0> }
	no_shadow
}

// particle -1
sphere {
	<26.472584, 35.026852, 38.144283> 0.100000
	pigment { color rgbt <1,0,0,0> }
	no_shadow
}
sphere {
	0, 1
	scale<0.080000,0.200000,0.300000>
	matrix <-0.579948, -0.043425, 0.813496,
		0.641095, 0.591806, 0.488633,
		-0.502651, 0.804910, -0.315377,
		26.321789, 35.268326, 38.049671>
	pigment { color rgbt <0,1,1,0> }
	no_shadow
}
cylinder {
	<26.630814, 35.281353, 38.779495>,  <26.673645, 34.704887, 38.270435>, 0.130000
	pigment { color rgbt <1,0,0,0> }
	no_shadow
}

// nucleotide -1

// particle -1
sphere {
	<26.630814, 35.281353, 38.779495> 0.250000
	pigment { color rgbt <1,0,0,0> }
	no_shadow
}
cylinder {
	<26.311596, 35.292294, 38.538704>,  <26.120066, 35.298859, 38.394230>, 0.100000
	pigment { color rgbt <1,0,0,0> }
	no_shadow
}
cylinder {
	<26.311596, 35.292294, 38.538704>,  <26.630814, 35.281353, 38.779495>, 0.100000
	pigment { color rgbt <1,0,0,0> }
	no_shadow
}

// particle -1
sphere {
	<26.311596, 35.292294, 38.538704> 0.100000
	pigment { color rgbt <1,0,0,0> }
	no_shadow
}
sphere {
	0, 1
	scale<0.080000,0.200000,0.300000>
	matrix <-0.601081, -0.107036, 0.791988,
		-0.042775, 0.993879, 0.101857,
		-0.798043, 0.027347, -0.601980,
		26.072184, 35.300499, 38.358109>
	pigment { color rgbt <0,1,1,0> }
	no_shadow
}
cylinder {
	<26.106779, 35.754551, 39.025745>,  <26.630814, 35.281353, 38.779495>, 0.130000
	pigment { color rgbt <1,0,0,0> }
	no_shadow
}

// nucleotide -1

// particle -1
sphere {
	<26.106779, 35.754551, 39.025745> 0.250000
	pigment { color rgbt <1,0,0,0> }
	no_shadow
}
cylinder {
	<25.923006, 35.469913, 38.813122>,  <25.812742, 35.299129, 38.685547>, 0.100000
	pigment { color rgbt <1,0,0,0> }
	no_shadow
}
cylinder {
	<25.923006, 35.469913, 38.813122>,  <26.106779, 35.754551, 39.025745>, 0.100000
	pigment { color rgbt <1,0,0,0> }
	no_shadow
}

// particle -1
sphere {
	<25.923006, 35.469913, 38.813122> 0.100000
	pigment { color rgbt <1,0,0,0> }
	no_shadow
}
sphere {
	0, 1
	scale<0.080000,0.200000,0.300000>
	matrix <-0.691757, -0.088721, 0.716660,
		-0.557131, 0.696968, -0.451487,
		-0.459433, -0.711592, -0.531562,
		25.785175, 35.256435, 38.653652>
	pigment { color rgbt <0,1,1,0> }
	no_shadow
}
cylinder {
	<25.394011, 35.956627, 39.043427>,  <26.106779, 35.754551, 39.025745>, 0.130000
	pigment { color rgbt <1,0,0,0> }
	no_shadow
}

// nucleotide -1

// particle -1
sphere {
	<25.394011, 35.956627, 39.043427> 0.250000
	pigment { color rgbt <1,0,0,0> }
	no_shadow
}
cylinder {
	<25.382015, 35.575630, 38.922192>,  <25.374817, 35.347031, 38.849453>, 0.100000
	pigment { color rgbt <1,0,0,0> }
	no_shadow
}
cylinder {
	<25.382015, 35.575630, 38.922192>,  <25.394011, 35.956627, 39.043427>, 0.100000
	pigment { color rgbt <1,0,0,0> }
	no_shadow
}

// particle -1
sphere {
	<25.382015, 35.575630, 38.922192> 0.100000
	pigment { color rgbt <1,0,0,0> }
	no_shadow
}
sphere {
	0, 1
	scale<0.080000,0.200000,0.300000>
	matrix <-0.932442, -0.082572, 0.351758,
		-0.360073, 0.293158, -0.885667,
		-0.029989, -0.952491, -0.303085,
		25.373018, 35.289883, 38.831264>
	pigment { color rgbt <0,1,1,0> }
	no_shadow
}
cylinder {
	<25.444183, 35.402256, 39.539246>,  <25.394011, 35.956627, 39.043427>, 0.130000
	pigment { color rgbt <1,0,0,0> }
	no_shadow
}

// nucleotide -1

// particle -1
sphere {
	<25.444183, 35.402256, 39.539246> 0.250000
	pigment { color rgbt <1,0,0,0> }
	no_shadow
}
cylinder {
	<25.319798, 35.653061, 39.824947>,  <25.245167, 35.803543, 39.996368>, 0.100000
	pigment { color rgbt <1,0,0,0> }
	no_shadow
}
cylinder {
	<25.319798, 35.653061, 39.824947>,  <25.444183, 35.402256, 39.539246>, 0.100000
	pigment { color rgbt <1,0,0,0> }
	no_shadow
}

// particle -1
sphere {
	<25.319798, 35.653061, 39.824947> 0.100000
	pigment { color rgbt <1,0,0,0> }
	no_shadow
}
sphere {
	0, 1
	scale<0.080000,0.200000,0.300000>
	matrix <0.624336, -0.431858, 0.650925,
		0.716594, 0.648347, -0.257174,
		-0.310963, 0.627012, 0.714253,
		25.226509, 35.841164, 40.039223>
	pigment { color rgbt <0,1,1,0> }
	no_shadow
}
cylinder {
	<24.705391, 35.147694, 39.834534>,  <25.444183, 35.402256, 39.539246>, 0.130000
	pigment { color rgbt <1,0,0,0> }
	no_shadow
}

// nucleotide -1

// particle -1
sphere {
	<24.705391, 35.147694, 39.834534> 0.250000
	pigment { color rgbt <1,0,0,0> }
	no_shadow
}
cylinder {
	<24.495707, 34.877396, 39.627235>,  <24.369896, 34.715218, 39.502857>, 0.100000
	pigment { color rgbt <1,0,0,0> }
	no_shadow
}
cylinder {
	<24.495707, 34.877396, 39.627235>,  <24.705391, 35.147694, 39.834534>, 0.100000
	pigment { color rgbt <1,0,0,0> }
	no_shadow
}

// particle -1
sphere {
	<24.495707, 34.877396, 39.627235> 0.100000
	pigment { color rgbt <1,0,0,0> }
	no_shadow
}
sphere {
	0, 1
	scale<0.080000,0.200000,0.300000>
	matrix <0.788690, -0.155703, -0.594748,
		0.321204, -0.720506, 0.614573,
		-0.524210, -0.675743, -0.518243,
		24.338444, 34.674671, 39.471764>
	pigment { color rgbt <0,1,1,0> }
	no_shadow
}
cylinder {
	<25.089865, 34.500603, 39.802311>,  <24.705391, 35.147694, 39.834534>, 0.130000
	pigment { color rgbt <1,0,0,0> }
	no_shadow
}

// nucleotide -1

// particle -1
sphere {
	<25.089865, 34.500603, 39.802311> 0.250000
	pigment { color rgbt <1,0,0,0> }
	no_shadow
}
cylinder {
	<24.861025, 34.644718, 39.507584>,  <24.723721, 34.731186, 39.330750>, 0.100000
	pigment { color rgbt <1,0,0,0> }
	no_shadow
}
cylinder {
	<24.861025, 34.644718, 39.507584>,  <25.089865, 34.500603, 39.802311>, 0.100000
	pigment { color rgbt <1,0,0,0> }
	no_shadow
}

// particle -1
sphere {
	<24.861025, 34.644718, 39.507584> 0.100000
	pigment { color rgbt <1,0,0,0> }
	no_shadow
}
sphere {
	0, 1
	scale<0.080000,0.200000,0.300000>
	matrix <0.804561, 0.072010, -0.589489,
		-0.159327, -0.930058, -0.331070,
		-0.572099, 0.360287, -0.736815,
		24.689396, 34.752804, 39.286541>
	pigment { color rgbt <0,1,1,0> }
	no_shadow
}
cylinder {
	<25.527540, 34.405502, 39.337273>,  <25.089865, 34.500603, 39.802311>, 0.130000
	pigment { color rgbt <1,0,0,0> }
	no_shadow
}

// nucleotide -1

// particle -1
sphere {
	<25.527540, 34.405502, 39.337273> 0.250000
	pigment { color rgbt <1,0,0,0> }
	no_shadow
}
cylinder {
	<25.236120, 34.607883, 39.152565>,  <25.061268, 34.729313, 39.041740>, 0.100000
	pigment { color rgbt <1,0,0,0> }
	no_shadow
}
cylinder {
	<25.236120, 34.607883, 39.152565>,  <25.527540, 34.405502, 39.337273>, 0.100000
	pigment { color rgbt <1,0,0,0> }
	no_shadow
}

// particle -1
sphere {
	<25.236120, 34.607883, 39.152565> 0.100000
	pigment { color rgbt <1,0,0,0> }
	no_shadow
}
sphere {
	0, 1
	scale<0.080000,0.200000,0.300000>
	matrix <0.633234, 0.240385, -0.735683,
