// switches for output
#declare DRAW_BASES = 1; // possible values are 0, 1; only relevant for DNA ribbons
#declare DRAW_BASES_TYPE = 3; // possible values are 1, 2, 3; only relevant for DNA ribbons
#declare DRAW_FOG = 0; // set to 1 to enable fog

#include "colors.inc"

#include "transforms.inc"
background { rgb <1, 1, 1>}

#default {
   normal{
       ripples 0.25
       frequency 0.20
       turbulence 0.2
       lambda 5
   }
	finish {
		phong 0.1
		phong_size 40.
	}
}

// original window dimensions: 1024x640


// camera settings

camera {
	sky <0, 0.179814, -0.983701>
	up <0, 0.179814, -0.983701>
	right 1.6 * <1, 0, 0>
	location <35, 94.9851, 44.8844>
	look_at <35, 29.7336, 32.9568>
	direction <0, -65.2515, -11.9276>
	angle 67.0682
}


# declare cpy_camera_pos = <35, 94.9851, 44.8844>;
# if (DRAW_FOG = 1)
fog {
	fog_type 2
	up vnormalize(cpy_camera_pos)
	color rgbt<1,1,1,0.3>
	distance 1e-5
	fog_alt 3e-3
	fog_offset 56
}
# end


// LIGHTS

# declare lum = 6;
global_settings {
	ambient_light rgb lum * <0.05, 0.05, 0.05>
	max_trace_level 15
}# declare cpy_direct_light_amount = 0.25;
light_source
{	1000 * <-1, -1.16352, -0.803886>,
	rgb lum * cpy_direct_light_amount
	parallel
}

light_source
{	1000 * <1, 1.16352, 0.803886>,
	rgb lum * cpy_direct_light_amount
	parallel
}

// strand 0

// nucleotide -1

// particle -1
sphere {
	<24.537552, 35.414810, 35.094269> 0.250000
	pigment { color rgbt <1,0,0,0> }
	no_shadow
}
cylinder {
	<24.211397, 35.199291, 35.009567>,  <24.015705, 35.069981, 34.958748>, 0.100000
	pigment { color rgbt <1,0,0,0> }
	no_shadow
}
cylinder {
	<24.211397, 35.199291, 35.009567>,  <24.537552, 35.414810, 35.094269>, 0.100000
	pigment { color rgbt <1,0,0,0> }
	no_shadow
}

// particle -1
sphere {
	<24.211397, 35.199291, 35.009567> 0.100000
	pigment { color rgbt <1,0,0,0> }
	no_shadow
}
sphere {
	0, 1
	scale<0.080000,0.200000,0.300000>
	matrix <-0.105943, -0.220719, 0.969567,
		-0.569141, 0.813005, 0.122889,
		-0.815387, -0.538801, -0.211752,
		23.966782, 35.037651, 34.946041>
	pigment { color rgbt <0,1,1,0> }
	no_shadow
}
cylinder {
	<24.743044, 36.085484, 35.551395>,  <24.537552, 35.414810, 35.094269>, 0.130000
	pigment { color rgbt <1,0,0,0> }
	no_shadow
}

// nucleotide -1

// particle -1
sphere {
	<24.743044, 36.085484, 35.551395> 0.250000
	pigment { color rgbt <1,0,0,0> }
	no_shadow
}
cylinder {
	<25.083698, 36.289795, 35.598415>,  <25.288092, 36.412384, 35.626629>, 0.100000
	pigment { color rgbt <1,0,0,0> }
	no_shadow
}
cylinder {
	<25.083698, 36.289795, 35.598415>,  <24.743044, 36.085484, 35.551395>, 0.100000
	pigment { color rgbt <1,0,0,0> }
	no_shadow
}

// particle -1
sphere {
	<25.083698, 36.289795, 35.598415> 0.100000
	pigment { color rgbt <1,0,0,0> }
	no_shadow
}
sphere {
	0, 1
	scale<0.080000,0.200000,0.300000>
	matrix <0.519446, -0.852446, -0.059259,
		0.069938, 0.111528, -0.991297,
		0.851637, 0.510781, 0.117551,
		25.339190, 36.443027, 35.633682>
	pigment { color rgbt <0,1,1,0> }
	no_shadow
}
cylinder {
	<25.166140, 35.899303, 35.031643>,  <24.743044, 36.085484, 35.551395>, 0.130000
	pigment { color rgbt <1,0,0,0> }
	no_shadow
}

// nucleotide -1

// particle -1
sphere {
	<25.166140, 35.899303, 35.031643> 0.250000
	pigment { color rgbt <1,0,0,0> }
	no_shadow
}
cylinder {
	<25.389879, 36.017208, 35.341545>,  <25.524122, 36.087952, 35.527485>, 0.100000
	pigment { color rgbt <1,0,0,0> }
	no_shadow
}
cylinder {
	<25.389879, 36.017208, 35.341545>,  <25.166140, 35.899303, 35.031643>, 0.100000
	pigment { color rgbt <1,0,0,0> }
	no_shadow
}

// particle -1
sphere {
	<25.389879, 36.017208, 35.341545> 0.100000
	pigment { color rgbt <1,0,0,0> }
	no_shadow
}
sphere {
	0, 1
	scale<0.080000,0.200000,0.300000>
	matrix <0.365582, -0.926555, 0.088576,
		0.743962, 0.233691, -0.626026,
		0.559348, 0.294761, 0.774755,
		25.557684, 36.105637, 35.573971>
	pigment { color rgbt <0,1,1,0> }
	no_shadow
}
cylinder {
	<25.892471, 35.750805, 34.942806>,  <25.166140, 35.899303, 35.031643>, 0.130000
	pigment { color rgbt <1,0,0,0> }
	no_shadow
}

// nucleotide -1

// particle -1
sphere {
	<25.892471, 35.750805, 34.942806> 0.250000
	pigment { color rgbt <1,0,0,0> }
	no_shadow
}
cylinder {
	<25.811316, 35.771984, 35.333912>,  <25.762621, 35.784691, 35.568577>, 0.100000
	pigment { color rgbt <1,0,0,0> }
	no_shadow
}
cylinder {
	<25.811316, 35.771984, 35.333912>,  <25.892471, 35.750805, 34.942806>, 0.100000
	pigment { color rgbt <1,0,0,0> }
	no_shadow
}

// particle -1
sphere {
	<25.811316, 35.771984, 35.333912> 0.100000
	pigment { color rgbt <1,0,0,0> }
	no_shadow
}
sphere {
	0, 1
	scale<0.080000,0.200000,0.300000>
	matrix <0.287181, -0.951410, 0.111115,
		0.936142, 0.303341, 0.177826,
		-0.202891, 0.052951, 0.977768,
		25.750448, 35.787868, 35.627243>
	pigment { color rgbt <0,1,1,0> }
	no_shadow
}
cylinder {
	<26.554867, 35.716534, 35.358700>,  <25.892471, 35.750805, 34.942806>, 0.130000
	pigment { color rgbt <1,0,0,0> }
	no_shadow
}

// nucleotide -1

// particle -1
sphere {
	<26.554867, 35.716534, 35.358700> 0.250000
	pigment { color rgbt <1,0,0,0> }
	no_shadow
}
cylinder {
	<26.233337, 35.574219, 35.549397>,  <26.040421, 35.488831, 35.663815>, 0.100000
	pigment { color rgbt <1,0,0,0> }
	no_shadow
}
cylinder {
	<26.233337, 35.574219, 35.549397>,  <26.554867, 35.716534, 35.358700>, 0.100000
	pigment { color rgbt <1,0,0,0> }
	no_shadow
}

// particle -1
sphere {
	<26.233337, 35.574219, 35.549397> 0.100000
	pigment { color rgbt <1,0,0,0> }
	no_shadow
}
sphere {
	0, 1
	scale<0.080000,0.200000,0.300000>
	matrix <0.436328, -0.897365, 0.065989,
		0.404335, 0.261060, 0.876562,
		-0.803823, -0.355787, 0.476743,
		25.992191, 35.467484, 35.692421>
	pigment { color rgbt <0,1,1,0> }
	no_shadow
}
cylinder {
	<26.775928, 35.313362, 35.970821>,  <26.554867, 35.716534, 35.358700>, 0.130000
	pigment { color rgbt <1,0,0,0> }
	no_shadow
}

// nucleotide -1

// particle -1
sphere {
	<26.775928, 35.313362, 35.970821> 0.250000
	pigment { color rgbt <1,0,0,0> }
	no_shadow
}
cylinder {
	<26.412476, 35.174141, 35.878521>,  <26.194403, 35.090611, 35.823139>, 0.100000
	pigment { color rgbt <1,0,0,0> }
	no_shadow
}
cylinder {
	<26.412476, 35.174141, 35.878521>,  <26.775928, 35.313362, 35.970821>, 0.100000
	pigment { color rgbt <1,0,0,0> }
	no_shadow
}

// particle -1
sphere {
	<26.412476, 35.174141, 35.878521> 0.100000
	pigment { color rgbt <1,0,0,0> }
	no_shadow
}
sphere {
	0, 1
	scale<0.080000,0.200000,0.300000>
	matrix <0.375141, -0.923071, -0.084903,
		-0.183450, -0.163710, 0.969301,
		-0.908634, -0.348049, -0.230752,
		26.139885, 35.069725, 35.809296>
	pigment { color rgbt <0,1,1,0> }
	no_shadow
}
cylinder {
	<26.593775, 34.833614, 36.448742>,  <26.775928, 35.313362, 35.970821>, 0.130000
	pigment { color rgbt <1,0,0,0> }
	no_shadow
}

// nucleotide -1

// particle -1
sphere {
	<26.593775, 34.833614, 36.448742> 0.250000
	pigment { color rgbt <1,0,0,0> }
	no_shadow
}
cylinder {
	<26.381895, 34.765007, 36.116478>,  <26.254768, 34.723843, 35.917118>, 0.100000
	pigment { color rgbt <1,0,0,0> }
	no_shadow
}
cylinder {
	<26.381895, 34.765007, 36.116478>,  <26.593775, 34.833614, 36.448742>, 0.100000
	pigment { color rgbt <1,0,0,0> }
	no_shadow
}

// particle -1
sphere {
	<26.381895, 34.765007, 36.116478> 0.100000
	pigment { color rgbt <1,0,0,0> }
	no_shadow
}
sphere {
	0, 1
	scale<0.080000,0.200000,0.300000>
	matrix <0.491019, -0.860559, -0.135418,
		-0.691608, -0.479602, 0.540056,
		-0.529697, -0.171522, -0.830663,
		26.222986, 34.713551, 35.867279>
	pigment { color rgbt <0,1,1,0> }
	no_shadow
}
cylinder {
	<26.360895, 34.189323, 36.498554>,  <26.593775, 34.833614, 36.448742>, 0.130000
	pigment { color rgbt <1,0,0,0> }
	no_shadow
}

// nucleotide -1

// particle -1
sphere {
	<26.360895, 34.189323, 36.498554> 0.250000
	pigment { color rgbt <1,0,0,0> }
	no_shadow
}
cylinder {
	<26.459032, 34.308182, 36.129444>,  <26.517914, 34.379498, 35.907978>, 0.100000
	pigment { color rgbt <1,0,0,0> }
	no_shadow
}
cylinder {
	<26.459032, 34.308182, 36.129444>,  <26.360895, 34.189323, 36.498554>, 0.100000
	pigment { color rgbt <1,0,0,0> }
	no_shadow
}

// particle -1
sphere {
	<26.459032, 34.308182, 36.129444> 0.100000
	pigment { color rgbt <1,0,0,0> }
	no_shadow
}
sphere {
	0, 1
	scale<0.080000,0.200000,0.300000>
	matrix <0.546199, -0.828775, -0.121651,
		-0.800920, -0.474172, -0.365634,
		0.245344, 0.297142, -0.922775,
		26.532635, 34.397324, 35.852612>
	pigment { color rgbt <0,1,1,0> }
	no_shadow
}
cylinder {
	<26.417637, 33.554516, 36.089760>,  <26.360895, 34.189323, 36.498554>, 0.130000
	pigment { color rgbt <1,0,0,0> }
	no_shadow
}

// nucleotide -1

// particle -1
sphere {
	<26.417637, 33.554516, 36.089760> 0.250000
	pigment { color rgbt <1,0,0,0> }
	no_shadow
}
cylinder {
	<26.599775, 33.820774, 35.853260>,  <26.709059, 33.980530, 35.711361>, 0.100000
	pigment { color rgbt <1,0,0,0> }
	no_shadow
}
cylinder {
	<26.599775, 33.820774, 35.853260>,  <26.417637, 33.554516, 36.089760>, 0.100000
	pigment { color rgbt <1,0,0,0> }
	no_shadow
}

// particle -1
sphere {
	<26.599775, 33.820774, 35.853260> 0.100000
	pigment { color rgbt <1,0,0,0> }
	no_shadow
}
sphere {
	0, 1
	scale<0.080000,0.200000,0.300000>
	matrix <0.754880, -0.640746, -0.140004,
		-0.472033, -0.382571, -0.794244,
		0.455348, 0.665645, -0.591249,
		26.736380, 34.020466, 35.675884>
	pigment { color rgbt <0,1,1,0> }
	no_shadow
}
cylinder {
	<26.650034, 33.203842, 35.436867>,  <26.417637, 33.554516, 36.089760>, 0.130000
	pigment { color rgbt <1,0,0,0> }
	no_shadow
}

// nucleotide -1

// particle -1
sphere {
	<26.650034, 33.203842, 35.436867> 0.250000
	pigment { color rgbt <1,0,0,0> }
	no_shadow
}
cylinder {
	<26.874706, 33.524712, 35.517891>,  <27.009510, 33.717232, 35.566505>, 0.100000
	pigment { color rgbt <1,0,0,0> }
	no_shadow
}
cylinder {
	<26.874706, 33.524712, 35.517891>,  <26.650034, 33.203842, 35.436867>, 0.100000
	pigment { color rgbt <1,0,0,0> }
	no_shadow
}

// particle -1
sphere {
	<26.874706, 33.524712, 35.517891> 0.100000
	pigment { color rgbt <1,0,0,0> }
	no_shadow
}
sphere {
	0, 1
	scale<0.080000,0.200000,0.300000>
	matrix <0.823059, -0.566675, -0.038121,
		0.084208, 0.188134, -0.978527,
		0.561679, 0.802175, 0.202564,
		27.043209, 33.765366, 35.578659>
	pigment { color rgbt <0,1,1,0> }
	no_shadow
}
cylinder {
	<27.071026, 33.139374, 34.886074>,  <26.650034, 33.203842, 35.436867>, 0.130000
	pigment { color rgbt <1,0,0,0> }
	no_shadow
}

// nucleotide -1

// particle -1
sphere {
	<27.071026, 33.139374, 34.886074> 0.250000
	pigment { color rgbt <1,0,0,0> }
	no_shadow
}
cylinder {
	<27.253130, 33.357212, 35.167828>,  <27.362392, 33.487915, 35.336880>, 0.100000
	pigment { color rgbt <1,0,0,0> }
	no_shadow
}
cylinder {
	<27.253130, 33.357212, 35.167828>,  <27.071026, 33.139374, 34.886074>, 0.100000
	pigment { color rgbt <1,0,0,0> }
	no_shadow
}

// particle -1
sphere {
	<27.253130, 33.357212, 35.167828> 0.100000
	pigment { color rgbt <1,0,0,0> }
	no_shadow
}
sphere {
	0, 1
	scale<0.080000,0.200000,0.300000>
	matrix <0.761759, -0.647805, 0.008503,
		0.460934, 0.532699, -0.709769,
		0.455262, 0.544592, 0.704383,
		27.389709, 33.520588, 35.379143>
	pigment { color rgbt <0,1,1,0> }
	no_shadow
}
cylinder {
	<27.745346, 33.305126, 34.625702>,  <27.071026, 33.139374, 34.886074>, 0.130000
	pigment { color rgbt <1,0,0,0> }
	no_shadow
}

// nucleotide -1

// particle -1
sphere {
	<27.745346, 33.305126, 34.625702> 0.250000
	pigment { color rgbt <1,0,0,0> }
	no_shadow
}
cylinder {
	<27.743982, 33.285248, 35.025204>,  <27.743164, 33.273319, 35.264904>, 0.100000
	pigment { color rgbt <1,0,0,0> }
	no_shadow
}
cylinder {
	<27.743982, 33.285248, 35.025204>,  <27.745346, 33.305126, 34.625702>, 0.100000
	pigment { color rgbt <1,0,0,0> }
	no_shadow
}

// particle -1
sphere {
	<27.743982, 33.285248, 35.025204> 0.100000
	pigment { color rgbt <1,0,0,0> }
	no_shadow
}
sphere {
	0, 1
	scale<0.080000,0.200000,0.300000>
	matrix <0.585659, -0.809653, -0.038289,
		0.810550, 0.584802, 0.031867,
		-0.003410, -0.049699, 0.998758,
		27.742960, 33.270340, 35.324833>
	pigment { color rgbt <0,1,1,0> }
	no_shadow
}
cylinder {
	<28.406349, 33.150635, 34.850185>,  <27.745346, 33.305126, 34.625702>, 0.130000
	pigment { color rgbt <1,0,0,0> }
	no_shadow
}

// nucleotide -1

// particle -1
sphere {
	<28.406349, 33.150635, 34.850185> 0.250000
	pigment { color rgbt <1,0,0,0> }
	no_shadow
}
cylinder {
	<28.146139, 33.007954, 35.118389>,  <27.990013, 32.922344, 35.279312>, 0.100000
	pigment { color rgbt <1,0,0,0> }
	no_shadow
}
cylinder {
	<28.146139, 33.007954, 35.118389>,  <28.406349, 33.150635, 34.850185>, 0.100000
	pigment { color rgbt <1,0,0,0> }
	no_shadow
}

// particle -1
sphere {
	<28.146139, 33.007954, 35.118389> 0.100000
	pigment { color rgbt <1,0,0,0> }
	no_shadow
}
sphere {
	0, 1
	scale<0.080000,0.200000,0.300000>
	matrix <0.459040, -0.888003, -0.027053,
		0.605062, 0.290191, 0.741410,
		-0.650524, -0.356706, 0.670507,
		27.950981, 32.900940, 35.319542>
	pigment { color rgbt <0,1,1,0> }
	no_shadow
}
cylinder {
	<28.673159, 33.094517, 35.518570>,  <28.406349, 33.150635, 34.850185>, 0.130000
	pigment { color rgbt <1,0,0,0> }
	no_shadow
}

// nucleotide -1

// particle -1
sphere {
	<28.673159, 33.094517, 35.518570> 0.250000
	pigment { color rgbt <1,0,0,0> }
	no_shadow
}
cylinder {
	<28.405903, 32.811768, 35.425690>,  <28.245548, 32.642117, 35.369961>, 0.100000
	pigment { color rgbt <1,0,0,0> }
	no_shadow
}
cylinder {
	<28.405903, 32.811768, 35.425690>,  <28.673159, 33.094517, 35.518570>, 0.100000
	pigment { color rgbt <1,0,0,0> }
	no_shadow
}

// particle -1
sphere {
	<28.405903, 32.811768, 35.425690> 0.100000
	pigment { color rgbt <1,0,0,0> }
	no_shadow
}
sphere {
	0, 1
	scale<0.080000,0.200000,0.300000>
	matrix <0.712330, -0.697853, 0.074749,
		-0.214879, -0.115460, 0.969792,
		-0.668141, -0.706874, -0.232200,
		28.205460, 32.599705, 35.356030>
	pigment { color rgbt <0,1,1,0> }
	no_shadow
}
cylinder {
	<28.110888, 32.918579, 35.927116>,  <28.673159, 33.094517, 35.518570>, 0.130000
	pigment { color rgbt <1,0,0,0> }
	no_shadow
}

// nucleotide -1

// particle -1
sphere {
	<28.110888, 32.918579, 35.927116> 0.250000
	pigment { color rgbt <1,0,0,0> }
	no_shadow
}
cylinder {
	<28.276390, 33.240429, 35.756763>,  <28.375692, 33.433540, 35.654552>, 0.100000
	pigment { color rgbt <1,0,0,0> }
	no_shadow
}
cylinder {
	<28.276390, 33.240429, 35.756763>,  <28.110888, 32.918579, 35.927116>, 0.100000
	pigment { color rgbt <1,0,0,0> }
	no_shadow
}

// particle -1
sphere {
	<28.276390, 33.240429, 35.756763> 0.100000
	pigment { color rgbt <1,0,0,0> }
	no_shadow
}
sphere {
	0, 1
	scale<0.080000,0.200000,0.300000>
	matrix <-0.883458, 0.467813, 0.025544,
		0.219789, 0.365683, 0.904416,
		0.413757, 0.804628, -0.425886,
		28.400517, 33.481819, 35.628998>
	pigment { color rgbt <0,1,1,0> }
	no_shadow
}
cylinder {
	<28.077448, 33.594650, 36.369839>,  <28.110888, 32.918579, 35.927116>, 0.130000
	pigment { color rgbt <1,0,0,0> }
	no_shadow
}

// nucleotide -1

// particle -1
sphere {
	<28.077448, 33.594650, 36.369839> 0.250000
	pigment { color rgbt <1,0,0,0> }
	no_shadow
}
cylinder {
	<28.047029, 33.625599, 35.972198>,  <28.028778, 33.644169, 35.733616>, 0.100000
	pigment { color rgbt <1,0,0,0> }
	no_shadow
}
cylinder {
	<28.047029, 33.625599, 35.972198>,  <28.077448, 33.594650, 36.369839>, 0.100000
	pigment { color rgbt <1,0,0,0> }
	no_shadow
}

// particle -1
sphere {
	<28.047029, 33.625599, 35.972198> 0.100000
	pigment { color rgbt <1,0,0,0> }
	no_shadow
}
sphere {
	0, 1
	scale<0.080000,0.200000,0.300000>
	matrix <-0.935651, 0.339058, 0.097966,
		0.344637, 0.937578, 0.046610,
		-0.076047, 0.077374, -0.994098,
		28.024216, 33.648811, 35.673969>
	pigment { color rgbt <0,1,1,0> }
	no_shadow
}
cylinder {
	<28.115402, 34.305473, 36.122311>,  <28.077448, 33.594650, 36.369839>, 0.130000
	pigment { color rgbt <1,0,0,0> }
	no_shadow
}

// nucleotide -1

// particle -1
sphere {
	<28.115402, 34.305473, 36.122311> 0.250000
	pigment { color rgbt <1,0,0,0> }
	no_shadow
}
cylinder {
	<27.899822, 34.076591, 35.875050>,  <27.770473, 33.939262, 35.726692>, 0.100000
	pigment { color rgbt <1,0,0,0> }
	no_shadow
}
cylinder {
	<27.899822, 34.076591, 35.875050>,  <28.115402, 34.305473, 36.122311>, 0.100000
	pigment { color rgbt <1,0,0,0> }
	no_shadow
}

// particle -1
sphere {
	<27.899822, 34.076591, 35.875050> 0.100000
	pigment { color rgbt <1,0,0,0> }
	no_shadow
}
sphere {
	0, 1
	scale<0.080000,0.200000,0.300000>
	matrix <-0.788940, 0.600030, 0.132426,
		0.295134, 0.559055, -0.774824,
		-0.538952, -0.572207, -0.618151,
		27.738136, 33.904930, 35.689606>
	pigment { color rgbt <0,1,1,0> }
	no_shadow
}
cylinder {
	<27.832899, 34.781628, 35.609928>,  <28.115402, 34.305473, 36.122311>, 0.130000
	pigment { color rgbt <1,0,0,0> }
	no_shadow
}

// nucleotide -1

// particle -1
sphere {
	<27.832899, 34.781628, 35.609928> 0.250000
	pigment { color rgbt <1,0,0,0> }
	no_shadow
}
cylinder {
	<27.597685, 34.458153, 35.616081>,  <27.456556, 34.264069, 35.619774>, 0.100000
	pigment { color rgbt <1,0,0,0> }
	no_shadow
}
cylinder {
	<27.597685, 34.458153, 35.616081>,  <27.832899, 34.781628, 35.609928>, 0.100000
	pigment { color rgbt <1,0,0,0> }
	no_shadow
}

// particle -1
sphere {
	<27.597685, 34.458153, 35.616081> 0.100000
	pigment { color rgbt <1,0,0,0> }
	no_shadow
}
sphere {
	0, 1
	scale<0.080000,0.200000,0.300000>
	matrix <-0.808836, 0.587925, -0.011297,
		0.000090, -0.019088, -0.999818,
		-0.588034, -0.808690, 0.015386,
		27.421274, 34.215546, 35.620697>
	pigment { color rgbt <0,1,1,0> }
	no_shadow
}
cylinder {
	<27.439392, 34.967556, 35.063141>,  <27.832899, 34.781628, 35.609928>, 0.130000
	pigment { color rgbt <1,0,0,0> }
	no_shadow
}

// nucleotide -1

// particle -1
sphere {
	<27.439392, 34.967556, 35.063141> 0.250000
	pigment { color rgbt <1,0,0,0> }
	no_shadow
}
cylinder {
	<27.228941, 34.685932, 35.253929>,  <27.102671, 34.516960, 35.368401>, 0.100000
	pigment { color rgbt <1,0,0,0> }
	no_shadow
}
cylinder {
	<27.228941, 34.685932, 35.253929>,  <27.439392, 34.967556, 35.063141>, 0.100000
	pigment { color rgbt <1,0,0,0> }
	no_shadow
}

// particle -1
sphere {
	<27.228941, 34.685932, 35.253929> 0.100000
	pigment { color rgbt <1,0,0,0> }
	no_shadow
}
sphere {
	0, 1
	scale<0.080000,0.200000,0.300000>
	matrix <-0.837996, 0.524697, -0.149854,
		-0.144758, -0.478538, -0.866052,
		-0.526126, -0.704055, 0.476967,
		27.071104, 34.474716, 35.397018>
	pigment { color rgbt <0,1,1,0> }
	no_shadow
}
cylinder {
	<26.891476, 34.753342, 34.697945>,  <27.439392, 34.967556, 35.063141>, 0.130000
	pigment { color rgbt <1,0,0,0> }
	no_shadow
}

// nucleotide -1

// particle -1
sphere {
	<26.891476, 34.753342, 34.697945> 0.250000
	pigment { color rgbt <1,0,0,0> }
	no_shadow
}
cylinder {
	<26.793514, 34.656319, 35.073433>,  <26.734737, 34.598106, 35.298725>, 0.100000
	pigment { color rgbt <1,0,0,0> }
	no_shadow
}
cylinder {
	<26.793514, 34.656319, 35.073433>,  <26.891476, 34.753342, 34.697945>, 0.100000
	pigment { color rgbt <1,0,0,0> }
	no_shadow
}

// particle -1
sphere {
	<26.793514, 34.656319, 35.073433> 0.100000
	pigment { color rgbt <1,0,0,0> }
	no_shadow
}
sphere {
	0, 1
	scale<0.080000,0.200000,0.300000>
	matrix <-0.883441, 0.454714, -0.112987,
		-0.399442, -0.856972, -0.325647,
		-0.244903, -0.242558, 0.938716,
		26.720043, 34.583549, 35.355049>
	pigment { color rgbt <0,1,1,0> }
	no_shadow
}
cylinder {
	<26.331078, 34.278824, 34.691170>,  <26.891476, 34.753342, 34.697945>, 0.130000
	pigment { color rgbt <1,0,0,0> }
	no_shadow
}

// nucleotide -1

// particle -1
sphere {
	<26.331078, 34.278824, 34.691170> 0.250000
	pigment { color rgbt <1,0,0,0> }
	no_shadow
}
cylinder {
	<26.248320, 34.217037, 35.077606>,  <26.198664, 34.179966, 35.309467>, 0.100000
	pigment { color rgbt <1,0,0,0> }
	no_shadow
}
cylinder {
	<26.248320, 34.217037, 35.077606>,  <26.331078, 34.278824, 34.691170>, 0.100000
	pigment { color rgbt <1,0,0,0> }
	no_shadow
}

// particle -1
sphere {
	<26.248320, 34.217037, 35.077606> 0.100000
	pigment { color rgbt <1,0,0,0> }
	no_shadow
}
sphere {
	0, 1
	scale<0.080000,0.200000,0.300000>
	matrix <-0.542650, 0.839765, 0.018053,
		-0.814079, -0.520516, -0.257564,
		-0.206896, -0.154463, 0.966093,
		26.186251, 34.170700, 35.367435>
	pigment { color rgbt <0,1,1,0> }
	no_shadow
}
cylinder {
	<25.634106, 34.371902, 34.751938>,  <26.331078, 34.278824, 34.691170>, 0.130000
	pigment { color rgbt <1,0,0,0> }
	no_shadow
}

// nucleotide -1

// particle -1
sphere {
	<25.634106, 34.371902, 34.751938> 0.250000
	pigment { color rgbt <1,0,0,0> }
	no_shadow
}
cylinder {
	<25.810225, 34.488144, 35.091747>,  <25.915895, 34.557888, 35.295631>, 0.100000
	pigment { color rgbt <1,0,0,0> }
	no_shadow
}
cylinder {
	<25.810225, 34.488144, 35.091747>,  <25.634106, 34.371902, 34.751938>, 0.100000
	pigment { color rgbt <1,0,0,0> }
	no_shadow
}

// particle -1
sphere {
	<25.810225, 34.488144, 35.091747> 0.100000
	pigment { color rgbt <1,0,0,0> }
	no_shadow
}
sphere {
	0, 1
	scale<0.080000,0.200000,0.300000>
	matrix <-0.490934, 0.870125, -0.043209,
		-0.751746, -0.398034, 0.525783,
		0.440298, 0.290607, 0.849521,
		25.942314, 34.575325, 35.346603>
	pigment { color rgbt <0,1,1,0> }
	no_shadow
}
cylinder {
	<25.119587, 34.637558, 35.355824>,  <25.634106, 34.371902, 34.751938>, 0.130000
	pigment { color rgbt <1,0,0,0> }
	no_shadow
}

// nucleotide -1

// particle -1
sphere {
	<25.119587, 34.637558, 35.355824> 0.250000
	pigment { color rgbt <1,0,0,0> }
	no_shadow
}
cylinder {
	<25.488693, 34.786640, 35.395012>,  <25.710157, 34.876087, 35.418526>, 0.100000
	pigment { color rgbt <1,0,0,0> }
	no_shadow
}
cylinder {
	<25.488693, 34.786640, 35.395012>,  <25.119587, 34.637558, 35.355824>, 0.100000
	pigment { color rgbt <1,0,0,0> }
	no_shadow
}

// particle -1
sphere {
	<25.488693, 34.786640, 35.395012> 0.100000
	pigment { color rgbt <1,0,0,0> }
	no_shadow
}
sphere {
	0, 1
	scale<0.080000,0.200000,0.300000>
	matrix <-0.378212, 0.924635, 0.044773,
		-0.073897, -0.078367, 0.994182,
		0.922764, 0.372703, 0.097967,
		25.765522, 34.898453, 35.424400>
	pigment { color rgbt <0,1,1,0> }
	no_shadow
}
cylinder {
	<25.084682, 35.112640, 35.853336>,  <25.119587, 34.637558, 35.355824>, 0.130000
	pigment { color rgbt <1,0,0,0> }
	no_shadow
}

// nucleotide -1

// particle -1
sphere {
	<25.084682, 35.112640, 35.853336> 0.250000
	pigment { color rgbt <1,0,0,0> }
	no_shadow
}
cylinder {
	<25.425341, 35.054413, 36.054733>,  <25.629736, 35.019478, 36.175571>, 0.100000
	pigment { color rgbt <1,0,0,0> }
	no_shadow
}
cylinder {
	<25.425341, 35.054413, 36.054733>,  <25.084682, 35.112640, 35.853336>, 0.100000
	pigment { color rgbt <1,0,0,0> }
	no_shadow
}

// particle -1
sphere {
	<25.425341, 35.054413, 36.054733> 0.100000
	pigment { color rgbt <1,0,0,0> }
	no_shadow
}
sphere {
	0, 1
	scale<0.080000,0.200000,0.300000>
	matrix <0.283309, 0.936073, -0.208576,
		-0.440945, 0.320277, 0.838445,
		0.851648, -0.145568, 0.503494,
		25.680836, 35.010742, 36.205780>
	pigment { color rgbt <0,1,1,0> }
	no_shadow
}
cylinder {
	<25.005772, 35.496887, 36.416443>,  <25.084682, 35.112640, 35.853336>, 0.130000
	pigment { color rgbt <1,0,0,0> }
	no_shadow
}

// nucleotide -1

// particle -1
sphere {
	<25.005772, 35.496887, 36.416443> 0.250000
	pigment { color rgbt <1,0,0,0> }
	no_shadow
}
cylinder {
	<25.367849, 35.445839, 36.254288>,  <25.585096, 35.415211, 36.156994>, 0.100000
	pigment { color rgbt <1,0,0,0> }
	no_shadow
}
cylinder {
	<25.367849, 35.445839, 36.254288>,  <25.005772, 35.496887, 36.416443>, 0.100000
	pigment { color rgbt <1,0,0,0> }
	no_shadow
}

// particle -1
sphere {
	<25.367849, 35.445839, 36.254288> 0.100000
	pigment { color rgbt <1,0,0,0> }
	no_shadow
}
sphere {
	0, 1
	scale<0.080000,0.200000,0.300000>
	matrix <0.063147, 0.983648, -0.168666,
		0.420285, 0.127076, 0.898450,
		0.905192, -0.127622, -0.405388,
		25.639406, 35.407551, 36.132671>
	pigment { color rgbt <0,1,1,0> }
	no_shadow
}
cylinder {
	<25.393600, 35.959930, 36.854389>,  <25.005772, 35.496887, 36.416443>, 0.130000
	pigment { color rgbt <1,0,0,0> }
	no_shadow
}

// nucleotide -1

// particle -1
sphere {
	<25.393600, 35.959930, 36.854389> 0.250000
	pigment { color rgbt <1,0,0,0> }
	no_shadow
}
cylinder {
	<25.510246, 35.905025, 36.475735>,  <25.580235, 35.872082, 36.248543>, 0.100000
	pigment { color rgbt <1,0,0,0> }
	no_shadow
}
cylinder {
	<25.510246, 35.905025, 36.475735>,  <25.393600, 35.959930, 36.854389>, 0.100000
	pigment { color rgbt <1,0,0,0> }
	no_shadow
}

// particle -1
sphere {
	<25.510246, 35.905025, 36.475735> 0.100000
	pigment { color rgbt <1,0,0,0> }
	no_shadow
}
sphere {
	0, 1
	scale<0.080000,0.200000,0.300000>
	matrix <-0.016629, 0.988773, -0.148499,
		0.956392, 0.059046, 0.286058,
		0.291615, -0.137266, -0.946636,
		25.597731, 35.863846, 36.191746>
	pigment { color rgbt <0,1,1,0> }
	no_shadow
}
cylinder {
	<25.915018, 36.392586, 36.776176>,  <25.393600, 35.959930, 36.854389>, 0.130000
	pigment { color rgbt <1,0,0,0> }
	no_shadow
}

// nucleotide -1

// particle -1
sphere {
	<25.915018, 36.392586, 36.776176> 0.250000
	pigment { color rgbt <1,0,0,0> }
	no_shadow
}
cylinder {
	<25.763796, 36.327141, 36.411694>,  <25.673063, 36.287876, 36.193005>, 0.100000
	pigment { color rgbt <1,0,0,0> }
	no_shadow
}
cylinder {
	<25.763796, 36.327141, 36.411694>,  <25.915018, 36.392586, 36.776176>, 0.100000
	pigment { color rgbt <1,0,0,0> }
	no_shadow
}

// particle -1
sphere {
	<25.763796, 36.327141, 36.411694> 0.100000
	pigment { color rgbt <1,0,0,0> }
	no_shadow
}
sphere {
	0, 1
	scale<0.080000,0.200000,0.300000>
	matrix <-0.059049, 0.986518, -0.152631,
		0.923898, -0.003898, -0.382619,
		-0.378056, -0.163609, -0.911211,
		25.650379, 36.278057, 36.138329>
	pigment { color rgbt <0,1,1,0> }
	no_shadow
}
cylinder {
	<26.233265, 36.804859, 36.241547>,  <25.915018, 36.392586, 36.776176>, 0.130000
	pigment { color rgbt <1,0,0,0> }
	no_shadow
}

// nucleotide -1

// particle -1
sphere {
	<26.233265, 36.804859, 36.241547> 0.250000
	pigment { color rgbt <1,0,0,0> }
	no_shadow
}
cylinder {
	<25.855988, 36.714588, 36.144012>,  <25.629622, 36.660423, 36.085491>, 0.100000
	pigment { color rgbt <1,0,0,0> }
	no_shadow
}
cylinder {
	<25.855988, 36.714588, 36.144012>,  <26.233265, 36.804859, 36.241547>, 0.100000
	pigment { color rgbt <1,0,0,0> }
	no_shadow
}

// particle -1
sphere {
	<25.855988, 36.714588, 36.144012> 0.100000
	pigment { color rgbt <1,0,0,0> }
	no_shadow
}
sphere {
	0, 1
	scale<0.080000,0.200000,0.300000>
	matrix <-0.177966, 0.962908, -0.202821,
		0.280559, -0.147907, -0.948372,
		-0.943194, -0.225681, -0.243831,
		25.573029, 36.646885, 36.070862>
	pigment { color rgbt <0,1,1,0> }
	no_shadow
}
cylinder {
	<25.931360, 36.956123, 35.495903>,  <26.233265, 36.804859, 36.241547>, 0.130000
	pigment { color rgbt <1,0,0,0> }
	no_shadow
}

// nucleotide -1

// particle -1
sphere {
	<25.931360, 36.956123, 35.495903> 0.250000
	pigment { color rgbt <1,0,0,0> }
	no_shadow
}
cylinder {
	<25.630276, 36.998516, 35.755810>,  <25.449625, 37.023952, 35.911755>, 0.100000
	pigment { color rgbt <1,0,0,0> }
	no_shadow
}
cylinder {
	<25.630276, 36.998516, 35.755810>,  <25.931360, 36.956123, 35.495903>, 0.100000
	pigment { color rgbt <1,0,0,0> }
	no_shadow
}

// particle -1
sphere {
	<25.630276, 36.998516, 35.755810> 0.100000
	pigment { color rgbt <1,0,0,0> }
	no_shadow
}
sphere {
	0, 1
	scale<0.080000,0.200000,0.300000>
	matrix <-0.090335, 0.960996, -0.261392,
		-0.652123, -0.255450, -0.713780,
		-0.752712, 0.105980, 0.649764,
		25.404463, 37.030312, 35.950737>
	pigment { color rgbt <0,1,1,0> }
	no_shadow
}
cylinder {
	<25.245853, 37.285484, 35.117226>,  <25.931360, 36.956123, 35.495903>, 0.130000
	pigment { color rgbt <1,0,0,0> }
	no_shadow
}

// nucleotide -1

// particle -1
sphere {
	<25.245853, 37.285484, 35.117226> 0.250000
	pigment { color rgbt <1,0,0,0> }
	no_shadow
}
cylinder {
	<25.282436, 37.350342, 35.510235>,  <25.304386, 37.389256, 35.746040>, 0.100000
	pigment { color rgbt <1,0,0,0> }
	no_shadow
}
cylinder {
	<25.282436, 37.350342, 35.510235>,  <25.245853, 37.285484, 35.117226>, 0.100000
	pigment { color rgbt <1,0,0,0> }
	no_shadow
}

// particle -1
sphere {
	<25.282436, 37.350342, 35.510235> 0.100000
	pigment { color rgbt <1,0,0,0> }
	no_shadow
}
sphere {
	0, 1
	scale<0.080000,0.200000,0.300000>
	matrix <-0.261498, 0.955939, -0.133416,
		-0.960861, -0.244725, 0.129829,
		0.091459, 0.162145, 0.982520,
		25.309874, 37.398987, 35.804989>
	pigment { color rgbt <0,1,1,0> }
	no_shadow
}
cylinder {
	<24.721603, 37.802486, 35.147503>,  <25.245853, 37.285484, 35.117226>, 0.130000
	pigment { color rgbt <1,0,0,0> }
	no_shadow
}

// nucleotide -1

// particle -1
sphere {
	<24.721603, 37.802486, 35.147503> 0.250000
	pigment { color rgbt <1,0,0,0> }
	no_shadow
}
cylinder {
	<24.961744, 37.824974, 35.466606>,  <25.105829, 37.838467, 35.658066>, 0.100000
	pigment { color rgbt <1,0,0,0> }
	no_shadow
}
cylinder {
	<24.961744, 37.824974, 35.466606>,  <24.721603, 37.802486, 35.147503>, 0.100000
	pigment { color rgbt <1,0,0,0> }
	no_shadow
}

// particle -1
sphere {
	<24.961744, 37.824974, 35.466606> 0.100000
	pigment { color rgbt <1,0,0,0> }
	no_shadow
}
sphere {
	0, 1
	scale<0.080000,0.200000,0.300000>
	matrix <-0.015544, 0.998158, -0.058649,
		-0.799584, 0.022810, 0.600121,
		0.600353, 0.056223, 0.797756,
		25.141850, 37.841843, 35.705933>
	pigment { color rgbt <0,1,1,0> }
	no_shadow
}
cylinder {
	<24.415855, 38.325596, 35.480785>,  <24.721603, 37.802486, 35.147503>, 0.130000
	pigment { color rgbt <1,0,0,0> }
	no_shadow
}

// nucleotide -1

// particle -1
sphere {
	<24.415855, 38.325596, 35.480785> 0.250000
	pigment { color rgbt <1,0,0,0> }
	no_shadow
}
cylinder {
	<24.795738, 38.307880, 35.604782>,  <25.023668, 38.297253, 35.679180>, 0.100000
	pigment { color rgbt <1,0,0,0> }
	no_shadow
}
cylinder {
	<24.795738, 38.307880, 35.604782>,  <24.415855, 38.325596, 35.480785>, 0.100000
	pigment { color rgbt <1,0,0,0> }
	no_shadow
}

// particle -1
sphere {
	<24.795738, 38.307880, 35.604782> 0.100000
	pigment { color rgbt <1,0,0,0> }
	no_shadow
}
sphere {
	0, 1
	scale<0.080000,0.200000,0.300000>
	matrix <0.053531, 0.998337, -0.021381,
		-0.308527, 0.036900, 0.950499,
		0.949708, -0.044284, 0.309989,
		25.080650, 38.294594, 35.697781>
	pigment { color rgbt <0,1,1,0> }
	no_shadow
}
cylinder {
	<24.418898, 38.646160, 36.176918>,  <24.415855, 38.325596, 35.480785>, 0.130000
	pigment { color rgbt <1,0,0,0> }
	no_shadow
}

// nucleotide -1

// particle -1
sphere {
	<24.418898, 38.646160, 36.176918> 0.250000
	pigment { color rgbt <1,0,0,0> }
	no_shadow
}
cylinder {
	<24.768608, 38.683334, 35.986340>,  <24.978434, 38.705639, 35.871990>, 0.100000
	pigment { color rgbt <1,0,0,0> }
	no_shadow
}
cylinder {
	<24.768608, 38.683334, 35.986340>,  <24.418898, 38.646160, 36.176918>, 0.100000
	pigment { color rgbt <1,0,0,0> }
	no_shadow
}

// particle -1
sphere {
	<24.768608, 38.683334, 35.986340> 0.100000
	pigment { color rgbt <1,0,0,0> }
	no_shadow
}
sphere {
	0, 1
	scale<0.080000,0.200000,0.300000>
	matrix <-0.167199, 0.979096, -0.115823,
		0.455725, 0.180923, 0.871540,
		0.874276, 0.092937, -0.476449,
		25.030891, 38.711216, 35.843403>
	pigment { color rgbt <0,1,1,0> }
	no_shadow
}
cylinder {
	<24.591843, 39.318356, 36.296532>,  <24.418898, 38.646160, 36.176918>, 0.130000
	pigment { color rgbt <1,0,0,0> }
	no_shadow
}

// nucleotide -1

// particle -1
sphere {
	<24.591843, 39.318356, 36.296532> 0.250000
	pigment { color rgbt <1,0,0,0> }
	no_shadow
}
cylinder {
	<24.862318, 39.217838, 36.019512>,  <25.024603, 39.157528, 35.853302>, 0.100000
	pigment { color rgbt <1,0,0,0> }
	no_shadow
}
cylinder {
	<24.862318, 39.217838, 36.019512>,  <24.591843, 39.318356, 36.296532>, 0.100000
	pigment { color rgbt <1,0,0,0> }
	no_shadow
}

// particle -1
sphere {
	<24.862318, 39.217838, 36.019512> 0.100000
	pigment { color rgbt <1,0,0,0> }
	no_shadow
}
sphere {
	0, 1
	scale<0.080000,0.200000,0.300000>
	matrix <-0.036060, 0.927613, -0.371797,
		0.735847, 0.276378, 0.618178,
		0.676187, -0.251294, -0.692548,
		25.065174, 39.142448, 35.811749>
	pigment { color rgbt <0,1,1,0> }
	no_shadow
}
cylinder {
	<25.192751, 39.723927, 36.371017>,  <24.591843, 39.318356, 36.296532>, 0.130000
	pigment { color rgbt <1,0,0,0> }
	no_shadow
}

// nucleotide -1

// particle -1
sphere {
	<25.192751, 39.723927, 36.371017> 0.250000
	pigment { color rgbt <1,0,0,0> }
	no_shadow
}
cylinder {
	<25.186977, 39.588108, 35.994827>,  <25.183514, 39.506618, 35.769112>, 0.100000
	pigment { color rgbt <1,0,0,0> }
	no_shadow
}
cylinder {
	<25.186977, 39.588108, 35.994827>,  <25.192751, 39.723927, 36.371017>, 0.100000
	pigment { color rgbt <1,0,0,0> }
	no_shadow
}

// particle -1
sphere {
	<25.186977, 39.588108, 35.994827> 0.100000
	pigment { color rgbt <1,0,0,0> }
	no_shadow
}
sphere {
	0, 1
	scale<0.080000,0.200000,0.300000>
	matrix <0.102970, 0.935072, -0.339172,
		0.994580, -0.101737, 0.021465,
		-0.014435, -0.339543, -0.940480,
		25.182646, 39.486244, 35.712685>
	pigment { color rgbt <0,1,1,0> }
	no_shadow
}
cylinder {
	<25.345345, 40.277096, 36.082783>,  <25.192751, 39.723927, 36.371017>, 0.130000
	pigment { color rgbt <1,0,0,0> }
	no_shadow
}

// nucleotide -1

// particle -1
sphere {
	<25.345345, 40.277096, 36.082783> 0.250000
	pigment { color rgbt <1,0,0,0> }
	no_shadow
}
cylinder {
	<25.318283, 40.042797, 35.759716>,  <25.302046, 39.902218, 35.565876>, 0.100000
	pigment { color rgbt <1,0,0,0> }
	no_shadow
}
cylinder {
	<25.318283, 40.042797, 35.759716>,  <25.345345, 40.277096, 36.082783>, 0.100000
	pigment { color rgbt <1,0,0,0> }
	no_shadow
}

// particle -1
sphere {
	<25.318283, 40.042797, 35.759716> 0.100000
	pigment { color rgbt <1,0,0,0> }
	no_shadow
}
sphere {
	0, 1
	scale<0.080000,0.200000,0.300000>
	matrix <-0.093808, 0.809667, -0.579343,
		0.993289, 0.036569, -0.109726,
		-0.067656, -0.585749, -0.807664,
		25.297987, 39.867073, 35.517418>
	pigment { color rgbt <0,1,1,0> }
	no_shadow
}
cylinder {
	<25.821268, 40.521511, 35.692253>,  <25.345345, 40.277096, 36.082783>, 0.130000
	pigment { color rgbt <1,0,0,0> }
	no_shadow
}

// nucleotide -1

// particle -1
sphere {
	<25.821268, 40.521511, 35.692253> 0.250000
	pigment { color rgbt <1,0,0,0> }
	no_shadow
}
cylinder {
	<25.561859, 40.332394, 35.453629>,  <25.406214, 40.218925, 35.310452>, 0.100000
	pigment { color rgbt <1,0,0,0> }
	no_shadow
}
cylinder {
	<25.561859, 40.332394, 35.453629>,  <25.821268, 40.521511, 35.692253>, 0.100000
	pigment { color rgbt <1,0,0,0> }
	no_shadow
}

// particle -1
sphere {
	<25.561859, 40.332394, 35.453629> 0.100000
	pigment { color rgbt <1,0,0,0> }
	no_shadow
}
sphere {
	0, 1
	scale<0.080000,0.200000,0.300000>
	matrix <-0.096819, 0.828587, -0.551425,
		0.755012, -0.299853, -0.583133,
		-0.648523, -0.472791, -0.596562,
		25.367302, 40.190556, 35.274658>
	pigment { color rgbt <0,1,1,0> }
	no_shadow
}
cylinder {
	<26.106020, 40.589703, 35.047100>,  <25.821268, 40.521511, 35.692253>, 0.130000
	pigment { color rgbt <1,0,0,0> }
	no_shadow
}

// nucleotide -1

// particle -1
sphere {
	<26.106020, 40.589703, 35.047100> 0.250000
	pigment { color rgbt <1,0,0,0> }
	no_shadow
}
cylinder {
	<25.711262, 40.530884, 35.020527>,  <25.474407, 40.495594, 35.004585>, 0.100000
	pigment { color rgbt <1,0,0,0> }
	no_shadow
}
cylinder {
	<25.711262, 40.530884, 35.020527>,  <26.106020, 40.589703, 35.047100>, 0.100000
	pigment { color rgbt <1,0,0,0> }
	no_shadow
}

// particle -1
sphere {
	<25.711262, 40.530884, 35.020527> 0.100000
	pigment { color rgbt <1,0,0,0> }
	no_shadow
}
sphere {
	0, 1
	scale<0.080000,0.200000,0.300000>
	matrix <-0.088132, 0.836092, -0.541464,
		0.135162, -0.528514, -0.838096,
		-0.986896, -0.147048, -0.066429,
		25.415194, 40.486771, 35.000599>
	pigment { color rgbt <0,1,1,0> }
	no_shadow
}
cylinder {
	<25.826298, 40.595253, 34.324829>,  <26.106020, 40.589703, 35.047100>, 0.130000
	pigment { color rgbt <1,0,0,0> }
	no_shadow
}

// nucleotide -1

// particle -1
sphere {
	<25.826298, 40.595253, 34.324829> 0.250000
	pigment { color rgbt <1,0,0,0> }
	no_shadow
}
cylinder {
	<25.521309, 40.696507, 34.563007>,  <25.338316, 40.757259, 34.705914>, 0.100000
	pigment { color rgbt <1,0,0,0> }
	no_shadow
}
cylinder {
	<25.521309, 40.696507, 34.563007>,  <25.826298, 40.595253, 34.324829>, 0.100000
	pigment { color rgbt <1,0,0,0> }
	no_shadow
}

// particle -1
sphere {
	<25.521309, 40.696507, 34.563007> 0.100000
	pigment { color rgbt <1,0,0,0> }
	no_shadow
}
sphere {
	0, 1
	scale<0.080000,0.200000,0.300000>
	matrix <-0.182572, 0.798720, -0.573336,
		-0.620727, -0.545865, -0.562787,
		-0.762473, 0.253136, 0.595447,
		25.292566, 40.772446, 34.741642>
	pigment { color rgbt <0,1,1,0> }
	no_shadow
}
cylinder {
	<25.734793, 41.285278, 34.291645>,  <25.826298, 40.595253, 34.324829>, 0.130000
	pigment { color rgbt <1,0,0,0> }
	no_shadow
}

// nucleotide -1

// particle -1
sphere {
	<25.734793, 41.285278, 34.291645> 0.250000
	pigment { color rgbt <1,0,0,0> }
	no_shadow
}
cylinder {
	<25.899452, 41.601410, 34.110130>,  <25.998249, 41.791088, 34.001221>, 0.100000
	pigment { color rgbt <1,0,0,0> }
	no_shadow
}
cylinder {
	<25.899452, 41.601410, 34.110130>,  <25.734793, 41.285278, 34.291645>, 0.100000
	pigment { color rgbt <1,0,0,0> }
	no_shadow
}

// particle -1
sphere {
	<25.899452, 41.601410, 34.110130> 0.100000
	pigment { color rgbt <1,0,0,0> }
	no_shadow
}
sphere {
	0, 1
	scale<0.080000,0.200000,0.300000>
	matrix <0.834206, -0.126290, 0.536797,
		0.366939, -0.599523, -0.711286,
		0.411650, 0.790331, -0.453785,
		26.022947, 41.838509, 33.973995>
	pigment { color rgbt <0,1,1,0> }
	no_shadow
}
cylinder {
	<25.533587, 41.536503, 35.001831>,  <25.734793, 41.285278, 34.291645>, 0.130000
	pigment { color rgbt <1,0,0,0> }
	no_shadow
}

// nucleotide -1

// particle -1
sphere {
	<25.533587, 41.536503, 35.001831> 0.250000
	pigment { color rgbt <1,0,0,0> }
	no_shadow
}
cylinder {
	<25.232620, 41.560654, 34.739464>,  <25.052040, 41.575146, 34.582043>, 0.100000
	pigment { color rgbt <1,0,0,0> }
	no_shadow
}
cylinder {
	<25.232620, 41.560654, 34.739464>,  <25.533587, 41.536503, 35.001831>, 0.100000
	pigment { color rgbt <1,0,0,0> }
	no_shadow
}

// particle -1
sphere {
	<25.232620, 41.560654, 34.739464> 0.100000
	pigment { color rgbt <1,0,0,0> }
	no_shadow
}
sphere {
	0, 1
	scale<0.080000,0.200000,0.300000>
	matrix <-0.328917, -0.897192, 0.294720,
		-0.570690, 0.437494, 0.694919,
		-0.752414, 0.060377, -0.655918,
		25.006897, 41.578766, 34.542690>
	pigment { color rgbt <0,1,1,0> }
	no_shadow
}
cylinder {
	<24.800985, 41.342060, 35.354733>,  <25.533587, 41.536503, 35.001831>, 0.130000
	pigment { color rgbt <1,0,0,0> }
	no_shadow
}

// nucleotide -1

// particle -1
sphere {
	<24.800985, 41.342060, 35.354733> 0.250000
	pigment { color rgbt <1,0,0,0> }
	no_shadow
}
cylinder {
	<24.897968, 41.283501, 34.971111>,  <24.956158, 41.248363, 34.740940>, 0.100000
	pigment { color rgbt <1,0,0,0> }
	no_shadow
}
cylinder {
	<24.897968, 41.283501, 34.971111>,  <24.800985, 41.342060, 35.354733>, 0.100000
	pigment { color rgbt <1,0,0,0> }
	no_shadow
}

// particle -1
sphere {
	<24.897968, 41.283501, 34.971111> 0.100000
	pigment { color rgbt <1,0,0,0> }
	no_shadow
}
sphere {
	0, 1
	scale<0.080000,0.200000,0.300000>
	matrix <-0.193178, -0.976038, 0.100158,
		-0.950735, 0.160983, -0.264931,
		0.242459, -0.146403, -0.959051,
		24.970707, 41.239578, 34.683395>
	pigment { color rgbt <0,1,1,0> }
	no_shadow
}
cylinder {
	<24.254623, 40.823345, 35.224522>,  <24.800985, 41.342060, 35.354733>, 0.130000
	pigment { color rgbt <1,0,0,0> }
	no_shadow
}

// nucleotide -1

// particle -1
sphere {
	<24.254623, 40.823345, 35.224522> 0.250000
	pigment { color rgbt <1,0,0,0> }
	no_shadow
}
cylinder {
	<24.571802, 40.803806, 34.981590>,  <24.762110, 40.792084, 34.835831>, 0.100000
	pigment { color rgbt <1,0,0,0> }
	no_shadow
}
cylinder {
	<24.571802, 40.803806, 34.981590>,  <24.254623, 40.823345, 35.224522>, 0.100000
	pigment { color rgbt <1,0,0,0> }
	no_shadow
}

// particle -1
sphere {
	<24.571802, 40.803806, 34.981590> 0.100000
	pigment { color rgbt <1,0,0,0> }
	no_shadow
}
sphere {
	0, 1
	scale<0.080000,0.200000,0.300000>
