// switches for output
#declare DRAW_BASES = 1; // possible values are 0, 1; only relevant for DNA ribbons
#declare DRAW_BASES_TYPE = 3; // possible values are 1, 2, 3; only relevant for DNA ribbons
#declare DRAW_FOG = 0; // set to 1 to enable fog

#include "colors.inc"

#include "transforms.inc"
background { rgb <1, 1, 1>}

#default {
   normal{
       ripples 0.25
       frequency 0.20
       turbulence 0.2
       lambda 5
   }
	finish {
		phong 0.1
		phong_size 40.
	}
}

// original window dimensions: 1024x640


// camera settings

camera {
	sky <0, 0.179814, -0.983701>
	up <0, 0.179814, -0.983701>
	right 1.6 * <1, 0, 0>
	location <35, 94.9851, 44.8844>
	look_at <35, 29.7336, 32.9568>
	direction <0, -65.2515, -11.9276>
	angle 67.0682
}


# declare cpy_camera_pos = <35, 94.9851, 44.8844>;
# if (DRAW_FOG = 1)
fog {
	fog_type 2
	up vnormalize(cpy_camera_pos)
	color rgbt<1,1,1,0.3>
	distance 1e-5
	fog_alt 3e-3
	fog_offset 56
}
# end


// LIGHTS

# declare lum = 6;
global_settings {
	ambient_light rgb lum * <0.05, 0.05, 0.05>
	max_trace_level 15
}# declare cpy_direct_light_amount = 0.25;
light_source
{	1000 * <-1, -1.16352, -0.803886>,
	rgb lum * cpy_direct_light_amount
	parallel
}

light_source
{	1000 * <1, 1.16352, 0.803886>,
	rgb lum * cpy_direct_light_amount
	parallel
}

// strand 0

// nucleotide -1

// particle -1
sphere {
	<24.585890, 34.999981, 35.312271> 0.250000
	pigment { color rgbt <1,0,0,0> }
	no_shadow
}
cylinder {
	<24.272209, 35.238670, 35.244221>,  <24.084000, 35.381886, 35.203392>, 0.100000
	pigment { color rgbt <1,0,0,0> }
	no_shadow
}
cylinder {
	<24.272209, 35.238670, 35.244221>,  <24.585890, 34.999981, 35.312271>, 0.100000
	pigment { color rgbt <1,0,0,0> }
	no_shadow
}

// particle -1
sphere {
	<24.272209, 35.238670, 35.244221> 0.100000
	pigment { color rgbt <1,0,0,0> }
	no_shadow
}
sphere {
	0, 1
	scale<0.080000,0.200000,0.300000>
	matrix <-0.009778, 0.262253, 0.964950,
		0.620428, 0.758379, -0.199825,
		-0.784203, 0.596728, -0.170124,
		24.036949, 35.417690, 35.193184>
	pigment { color rgbt <0,1,1,0> }
	no_shadow
}
cylinder {
	<24.941153, 35.123863, 35.948284>,  <24.585890, 34.999981, 35.312271>, 0.130000
	pigment { color rgbt <1,0,0,0> }
	no_shadow
}

// nucleotide -1

// particle -1
sphere {
	<24.941153, 35.123863, 35.948284> 0.250000
	pigment { color rgbt <1,0,0,0> }
	no_shadow
}
cylinder {
	<25.204979, 35.053154, 35.656059>,  <25.363276, 35.010727, 35.480724>, 0.100000
	pigment { color rgbt <1,0,0,0> }
	no_shadow
}
cylinder {
	<25.204979, 35.053154, 35.656059>,  <24.941153, 35.123863, 35.948284>, 0.100000
	pigment { color rgbt <1,0,0,0> }
	no_shadow
}

// particle -1
sphere {
	<25.204979, 35.053154, 35.656059> 0.100000
	pigment { color rgbt <1,0,0,0> }
	no_shadow
}
sphere {
	0, 1
	scale<0.080000,0.200000,0.300000>
	matrix <0.745925, 0.034236, 0.665150,
		-0.092571, -0.983656, 0.154443,
		0.659566, -0.176776, -0.730564,
		25.402849, 35.000122, 35.436890>
	pigment { color rgbt <0,1,1,0> }
	no_shadow
}
cylinder {
	<25.328690, 34.671410, 36.264008>,  <24.941153, 35.123863, 35.948284>, 0.130000
	pigment { color rgbt <1,0,0,0> }
	no_shadow
}

// nucleotide -1

// particle -1
sphere {
	<25.328690, 34.671410, 36.264008> 0.250000
	pigment { color rgbt <1,0,0,0> }
	no_shadow
}
cylinder {
	<25.534769, 34.866879, 35.982365>,  <25.658417, 34.984161, 35.813377>, 0.100000
	pigment { color rgbt <1,0,0,0> }
	no_shadow
}
cylinder {
	<25.534769, 34.866879, 35.982365>,  <25.328690, 34.671410, 36.264008>, 0.100000
	pigment { color rgbt <1,0,0,0> }
	no_shadow
}

// particle -1
sphere {
	<25.534769, 34.866879, 35.982365> 0.100000
	pigment { color rgbt <1,0,0,0> }
	no_shadow
}
sphere {
	0, 1
	scale<0.080000,0.200000,0.300000>
	matrix <0.761280, 0.116482, 0.637875,
		0.393729, -0.864656, -0.312007,
		0.515199, 0.488675, -0.704108,
		25.689329, 35.013481, 35.771133>
	pigment { color rgbt <0,1,1,0> }
	no_shadow
}
cylinder {
	<25.898657, 34.308636, 36.190350>,  <25.328690, 34.671410, 36.264008>, 0.130000
	pigment { color rgbt <1,0,0,0> }
	no_shadow
}

// nucleotide -1

// particle -1
sphere {
	<25.898657, 34.308636, 36.190350> 0.250000
	pigment { color rgbt <1,0,0,0> }
	no_shadow
}
cylinder {
	<26.004810, 34.652138, 36.015026>,  <26.068502, 34.858238, 35.909832>, 0.100000
	pigment { color rgbt <1,0,0,0> }
	no_shadow
}
cylinder {
	<26.004810, 34.652138, 36.015026>,  <25.898657, 34.308636, 36.190350>, 0.100000
	pigment { color rgbt <1,0,0,0> }
	no_shadow
}

// particle -1
sphere {
	<26.004810, 34.652138, 36.015026> 0.100000
	pigment { color rgbt <1,0,0,0> }
	no_shadow
}
sphere {
	0, 1
	scale<0.080000,0.200000,0.300000>
	matrix <0.800758, 0.056880, 0.596282,
		0.536990, -0.509222, -0.672558,
		0.265385, 0.858754, -0.438307,
		26.084425, 34.909763, 35.883533>
	pigment { color rgbt <0,1,1,0> }
	no_shadow
}
cylinder {
	<26.538361, 34.135590, 35.938255>,  <25.898657, 34.308636, 36.190350>, 0.130000
	pigment { color rgbt <1,0,0,0> }
	no_shadow
}

// nucleotide -1

// particle -1
sphere {
	<26.538361, 34.135590, 35.938255> 0.250000
	pigment { color rgbt <1,0,0,0> }
	no_shadow
}
cylinder {
	<26.484167, 34.527939, 35.994160>,  <26.451651, 34.763348, 36.027702>, 0.100000
	pigment { color rgbt <1,0,0,0> }
	no_shadow
}
cylinder {
	<26.484167, 34.527939, 35.994160>,  <26.538361, 34.135590, 35.938255>, 0.100000
	pigment { color rgbt <1,0,0,0> }
	no_shadow
}

// particle -1
sphere {
	<26.484167, 34.527939, 35.994160> 0.100000
	pigment { color rgbt <1,0,0,0> }
	no_shadow
}
sphere {
	0, 1
	scale<0.080000,0.200000,0.300000>
	matrix <0.803186, 0.026138, 0.595155,
		0.580118, 0.192887, -0.791364,
		-0.135482, 0.980873, 0.139761,
		26.443523, 34.822201, 36.036087>
	pigment { color rgbt <0,1,1,0> }
	no_shadow
}
cylinder {
	<26.981859, 34.535912, 35.498535>,  <26.538361, 34.135590, 35.938255>, 0.130000
	pigment { color rgbt <1,0,0,0> }
	no_shadow
}

// nucleotide -1

// particle -1
sphere {
	<26.981859, 34.535912, 35.498535> 0.250000
	pigment { color rgbt <1,0,0,0> }
	no_shadow
}
cylinder {
	<26.877207, 34.676128, 35.858238>,  <26.814415, 34.760258, 36.074062>, 0.100000
	pigment { color rgbt <1,0,0,0> }
	no_shadow
}
cylinder {
	<26.877207, 34.676128, 35.858238>,  <26.981859, 34.535912, 35.498535>, 0.100000
	pigment { color rgbt <1,0,0,0> }
	no_shadow
}

// particle -1
sphere {
	<26.877207, 34.676128, 35.858238> 0.100000
	pigment { color rgbt <1,0,0,0> }
	no_shadow
}
sphere {
	0, 1
	scale<0.080000,0.200000,0.300000>
	matrix <0.936920, -0.131524, 0.323856,
		0.231801, 0.927264, -0.294023,
		-0.261629, 0.350546, 0.899260,
		26.798717, 34.781292, 36.128017>
	pigment { color rgbt <0,1,1,0> }
	no_shadow
}
cylinder {
	<27.397324, 35.133186, 35.734951>,  <26.981859, 34.535912, 35.498535>, 0.130000
	pigment { color rgbt <1,0,0,0> }
	no_shadow
}

// nucleotide -1

// particle -1
sphere {
	<27.397324, 35.133186, 35.734951> 0.250000
	pigment { color rgbt <1,0,0,0> }
	no_shadow
}
cylinder {
	<27.288475, 34.925766, 36.059185>,  <27.223166, 34.801311, 36.253727>, 0.100000
	pigment { color rgbt <1,0,0,0> }
	no_shadow
}
cylinder {
	<27.288475, 34.925766, 36.059185>,  <27.397324, 35.133186, 35.734951>, 0.100000
	pigment { color rgbt <1,0,0,0> }
	no_shadow
}

// particle -1
sphere {
	<27.288475, 34.925766, 36.059185> 0.100000
	pigment { color rgbt <1,0,0,0> }
	no_shadow
}
sphere {
	0, 1
	scale<0.080000,0.200000,0.300000>
	matrix <0.883476, 0.199194, 0.424018,
		-0.381341, 0.831519, 0.403925,
		-0.272120, -0.518553, 0.810588,
		27.206839, 34.770199, 36.302361>
	pigment { color rgbt <0,1,1,0> }
	no_shadow
}
cylinder {
	<27.408190, 35.581482, 36.304684>,  <27.397324, 35.133186, 35.734951>, 0.130000
	pigment { color rgbt <1,0,0,0> }
	no_shadow
}

// nucleotide -1

// particle -1
sphere {
	<27.408190, 35.581482, 36.304684> 0.250000
	pigment { color rgbt <1,0,0,0> }
	no_shadow
}
cylinder {
	<27.472351, 35.196716, 36.393215>,  <27.510847, 34.965855, 36.446335>, 0.100000
	pigment { color rgbt <1,0,0,0> }
	no_shadow
}
cylinder {
	<27.472351, 35.196716, 36.393215>,  <27.408190, 35.581482, 36.304684>, 0.100000
	pigment { color rgbt <1,0,0,0> }
	no_shadow
}

// particle -1
sphere {
	<27.472351, 35.196716, 36.393215> 0.100000
	pigment { color rgbt <1,0,0,0> }
	no_shadow
}
sphere {
	0, 1
	scale<0.080000,0.200000,0.300000>
	matrix <0.889570, 0.238045, 0.389872,
		-0.427710, 0.134350, 0.893876,
		0.160403, -0.961917, 0.221328,
		27.520472, 34.908142, 36.459614>
	pigment { color rgbt <0,1,1,0> }
	no_shadow
}
cylinder {
	<27.480001, 35.609715, 37.016365>,  <27.408190, 35.581482, 36.304684>, 0.130000
	pigment { color rgbt <1,0,0,0> }
	no_shadow
}

// nucleotide -1

// particle -1
sphere {
	<27.480001, 35.609715, 37.016365> 0.250000
	pigment { color rgbt <1,0,0,0> }
	no_shadow
}
cylinder {
	<27.667439, 35.286667, 36.873165>,  <27.779900, 35.092838, 36.787243>, 0.100000
	pigment { color rgbt <1,0,0,0> }
	no_shadow
}
cylinder {
	<27.667439, 35.286667, 36.873165>,  <27.480001, 35.609715, 37.016365>, 0.100000
	pigment { color rgbt <1,0,0,0> }
	no_shadow
}

// particle -1
sphere {
	<27.667439, 35.286667, 36.873165> 0.100000
	pigment { color rgbt <1,0,0,0> }
	no_shadow
}
sphere {
	0, 1
	scale<0.080000,0.200000,0.300000>
	matrix <0.841475, 0.284668, 0.459222,
		-0.268966, -0.516439, 0.812987,
		0.468591, -0.807623, -0.358005,
		27.808016, 35.044380, 36.765762>
	pigment { color rgbt <0,1,1,0> }
	no_shadow
}
cylinder {
	<27.866951, 35.352184, 37.635147>,  <27.480001, 35.609715, 37.016365>, 0.130000
	pigment { color rgbt <1,0,0,0> }
	no_shadow
}

// nucleotide -1

// particle -1
sphere {
	<27.866951, 35.352184, 37.635147> 0.250000
	pigment { color rgbt <1,0,0,0> }
	no_shadow
}
cylinder {
	<28.031612, 35.160492, 37.325081>,  <28.130409, 35.045475, 37.139042>, 0.100000
	pigment { color rgbt <1,0,0,0> }
	no_shadow
}
cylinder {
	<28.031612, 35.160492, 37.325081>,  <27.866951, 35.352184, 37.635147>, 0.100000
	pigment { color rgbt <1,0,0,0> }
	no_shadow
}

// particle -1
sphere {
	<28.031612, 35.160492, 37.325081> 0.100000
	pigment { color rgbt <1,0,0,0> }
	no_shadow
}
sphere {
	0, 1
	scale<0.080000,0.200000,0.300000>
	matrix <0.893347, 0.044006, 0.447206,
		-0.180203, -0.876585, 0.446235,
		0.411651, -0.479231, -0.775165,
		28.155107, 35.016724, 37.092533>
	pigment { color rgbt <0,1,1,0> }
	no_shadow
}
cylinder {
	<28.286394, 34.821804, 37.977745>,  <27.866951, 35.352184, 37.635147>, 0.130000
	pigment { color rgbt <1,0,0,0> }
	no_shadow
}

// nucleotide -1

// particle -1
sphere {
	<28.286394, 34.821804, 37.977745> 0.250000
	pigment { color rgbt <1,0,0,0> }
	no_shadow
}
cylinder {
	<28.432550, 34.839878, 37.605843>,  <28.520245, 34.850723, 37.382702>, 0.100000
	pigment { color rgbt <1,0,0,0> }
	no_shadow
}
cylinder {
	<28.432550, 34.839878, 37.605843>,  <28.286394, 34.821804, 37.977745>, 0.100000
	pigment { color rgbt <1,0,0,0> }
	no_shadow
}

// particle -1
sphere {
	<28.432550, 34.839878, 37.605843> 0.100000
	pigment { color rgbt <1,0,0,0> }
	no_shadow
}
sphere {
	0, 1
	scale<0.080000,0.200000,0.300000>
	matrix <0.920236, 0.132902, 0.368108,
		0.140200, -0.990099, 0.006979,
		0.365391, 0.045187, -0.929757,
		28.542168, 34.853432, 37.326916>
	pigment { color rgbt <0,1,1,0> }
	no_shadow
}
cylinder {
	<28.633818, 34.173286, 37.776020>,  <28.286394, 34.821804, 37.977745>, 0.130000
	pigment { color rgbt <1,0,0,0> }
	no_shadow
}

// nucleotide -1

// particle -1
sphere {
	<28.633818, 34.173286, 37.776020> 0.250000
	pigment { color rgbt <1,0,0,0> }
	no_shadow
}
cylinder {
	<28.744442, 34.529449, 37.631416>,  <28.810816, 34.743149, 37.544655>, 0.100000
	pigment { color rgbt <1,0,0,0> }
	no_shadow
}
cylinder {
	<28.744442, 34.529449, 37.631416>,  <28.633818, 34.173286, 37.776020>, 0.100000
	pigment { color rgbt <1,0,0,0> }
	no_shadow
}

// particle -1
sphere {
	<28.744442, 34.529449, 37.631416> 0.100000
	pigment { color rgbt <1,0,0,0> }
	no_shadow
}
sphere {
	0, 1
	scale<0.080000,0.200000,0.300000>
	matrix <0.906483, -0.116813, 0.405762,
		0.319066, -0.439916, -0.839447,
		0.276559, 0.890409, -0.361505,
		28.827410, 34.796574, 37.522964>
	pigment { color rgbt <0,1,1,0> }
	no_shadow
}
cylinder {
	<29.419559, 34.049564, 37.515869>,  <28.633818, 34.173286, 37.776020>, 0.130000
	pigment { color rgbt <1,0,0,0> }
	no_shadow
}

// nucleotide -1

// particle -1
sphere {
	<29.419559, 34.049564, 37.515869> 0.250000
	pigment { color rgbt <1,0,0,0> }
	no_shadow
}
cylinder {
	<29.343029, 34.436745, 37.580940>,  <29.297110, 34.669052, 37.619984>, 0.100000
	pigment { color rgbt <1,0,0,0> }
	no_shadow
}
cylinder {
	<29.343029, 34.436745, 37.580940>,  <29.419559, 34.049564, 37.515869>, 0.100000
	pigment { color rgbt <1,0,0,0> }
	no_shadow
}

// particle -1
sphere {
	<29.343029, 34.436745, 37.580940> 0.100000
	pigment { color rgbt <1,0,0,0> }
	no_shadow
}
sphere {
	0, 1
	scale<0.080000,0.200000,0.300000>
	matrix <0.926968, 0.123707, 0.354156,
		0.322682, 0.218554, -0.920929,
		-0.191327, 0.967952, 0.162675,
		29.285631, 34.727131, 37.629742>
	pigment { color rgbt <0,1,1,0> }
	no_shadow
}
cylinder {
	<29.822119, 34.609875, 37.098694>,  <29.419559, 34.049564, 37.515869>, 0.130000
	pigment { color rgbt <1,0,0,0> }
	no_shadow
}

// nucleotide -1

// particle -1
sphere {
	<29.822119, 34.609875, 37.098694> 0.250000
	pigment { color rgbt <1,0,0,0> }
	no_shadow
}
cylinder {
	<29.718849, 34.774025, 37.448536>,  <29.656887, 34.872513, 37.658443>, 0.100000
	pigment { color rgbt <1,0,0,0> }
	no_shadow
}
cylinder {
	<29.718849, 34.774025, 37.448536>,  <29.822119, 34.609875, 37.098694>, 0.100000
	pigment { color rgbt <1,0,0,0> }
	no_shadow
}

// particle -1
sphere {
	<29.718849, 34.774025, 37.448536> 0.100000
	pigment { color rgbt <1,0,0,0> }
	no_shadow
}
sphere {
	0, 1
	scale<0.080000,0.200000,0.300000>
	matrix <0.936522, 0.328598, 0.122268,
		-0.237219, 0.850657, -0.469159,
		-0.258173, 0.410374, 0.874609,
		29.641397, 34.897137, 37.710918>
	pigment { color rgbt <0,1,1,0> }
	no_shadow
}
cylinder {
	<29.897533, 35.298489, 36.831165>,  <29.822119, 34.609875, 37.098694>, 0.130000
	pigment { color rgbt <1,0,0,0> }
	no_shadow
}

// nucleotide -1

// particle -1
sphere {
	<29.897533, 35.298489, 36.831165> 0.250000
	pigment { color rgbt <1,0,0,0> }
	no_shadow
}
cylinder {
	<29.976835, 35.192944, 37.208752>,  <30.024416, 35.129616, 37.435303>, 0.100000
	pigment { color rgbt <1,0,0,0> }
	no_shadow
}
cylinder {
	<29.976835, 35.192944, 37.208752>,  <29.897533, 35.298489, 36.831165>, 0.100000
	pigment { color rgbt <1,0,0,0> }
	no_shadow
}

// particle -1
sphere {
	<29.976835, 35.192944, 37.208752> 0.100000
	pigment { color rgbt <1,0,0,0> }
	no_shadow
}
sphere {
	0, 1
	scale<0.080000,0.200000,0.300000>
	matrix <0.746197, 0.665085, 0.029186,
		-0.635519, 0.698599, 0.328746,
		0.198255, -0.263858, 0.943967,
		30.036312, 35.113785, 37.491943>
	pigment { color rgbt <0,1,1,0> }
	no_shadow
}
cylinder {
	<29.293268, 35.671387, 36.805676>,  <29.897533, 35.298489, 36.831165>, 0.130000
	pigment { color rgbt <1,0,0,0> }
	no_shadow
}

// nucleotide -1

// particle -1
sphere {
	<29.293268, 35.671387, 36.805676> 0.250000
	pigment { color rgbt <1,0,0,0> }
	no_shadow
}
cylinder {
	<29.203091, 35.317677, 36.969250>,  <29.148985, 35.105450, 37.067394>, 0.100000
	pigment { color rgbt <1,0,0,0> }
	no_shadow
}
cylinder {
	<29.203091, 35.317677, 36.969250>,  <29.293268, 35.671387, 36.805676>, 0.100000
	pigment { color rgbt <1,0,0,0> }
	no_shadow
}

// particle -1
sphere {
	<29.203091, 35.317677, 36.969250> 0.100000
	pigment { color rgbt <1,0,0,0> }
	no_shadow
}
sphere {
	0, 1
	scale<0.080000,0.200000,0.300000>
	matrix <-0.849508, -0.027078, -0.526880,
		0.476981, -0.466178, -0.745095,
		-0.225444, -0.884276, 0.408938,
		29.135458, 35.052395, 37.091930>
	pigment { color rgbt <0,1,1,0> }
	no_shadow
}
cylinder {
	<29.111042, 35.184078, 36.210636>,  <29.293268, 35.671387, 36.805676>, 0.130000
	pigment { color rgbt <1,0,0,0> }
	no_shadow
}

// nucleotide -1

// particle -1
sphere {
	<29.111042, 35.184078, 36.210636> 0.250000
	pigment { color rgbt <1,0,0,0> }
	no_shadow
}
cylinder {
	<28.952522, 35.041973, 36.549278>,  <28.857410, 34.956711, 36.752464>, 0.100000
	pigment { color rgbt <1,0,0,0> }
	no_shadow
}
cylinder {
	<28.952522, 35.041973, 36.549278>,  <29.111042, 35.184078, 36.210636>, 0.100000
	pigment { color rgbt <1,0,0,0> }
	no_shadow
}

// particle -1
sphere {
	<28.952522, 35.041973, 36.549278> 0.100000
	pigment { color rgbt <1,0,0,0> }
	no_shadow
}
sphere {
	0, 1
	scale<0.080000,0.200000,0.300000>
	matrix <-0.896185, -0.050683, -0.440776,
		0.199500, -0.933391, -0.298296,
		-0.396298, -0.355264, 0.846602,
		28.833633, 34.935394, 36.803261>
	pigment { color rgbt <0,1,1,0> }
	no_shadow
}
cylinder {
	<28.726246, 34.480228, 36.021538>,  <29.111042, 35.184078, 36.210636>, 0.130000
	pigment { color rgbt <1,0,0,0> }
	no_shadow
}

// nucleotide -1

// particle -1
sphere {
	<28.726246, 34.480228, 36.021538> 0.250000
	pigment { color rgbt <1,0,0,0> }
	no_shadow
}
cylinder {
	<28.568354, 34.619682, 36.361572>,  <28.473618, 34.703354, 36.565594>, 0.100000
	pigment { color rgbt <1,0,0,0> }
	no_shadow
}
cylinder {
	<28.568354, 34.619682, 36.361572>,  <28.726246, 34.480228, 36.021538>, 0.100000
	pigment { color rgbt <1,0,0,0> }
	no_shadow
}

// particle -1
sphere {
	<28.568354, 34.619682, 36.361572> 0.100000
	pigment { color rgbt <1,0,0,0> }
	no_shadow
}
sphere {
	0, 1
	scale<0.080000,0.200000,0.300000>
	matrix <-0.898239, -0.341048, -0.277224,
		0.193271, -0.873008, 0.447776,
		-0.394732, 0.348630, 0.850085,
		28.449934, 34.724270, 36.616596>
	pigment { color rgbt <0,1,1,0> }
	no_shadow
}
cylinder {
	<28.398125, 33.929123, 36.286419>,  <28.726246, 34.480228, 36.021538>, 0.130000
	pigment { color rgbt <1,0,0,0> }
	no_shadow
}

// nucleotide -1

// particle -1
sphere {
	<28.398125, 33.929123, 36.286419> 0.250000
	pigment { color rgbt <1,0,0,0> }
	no_shadow
}
cylinder {
	<28.225574, 34.267170, 36.412708>,  <28.122044, 34.469997, 36.488483>, 0.100000
	pigment { color rgbt <1,0,0,0> }
	no_shadow
}
cylinder {
	<28.225574, 34.267170, 36.412708>,  <28.398125, 33.929123, 36.286419>, 0.100000
	pigment { color rgbt <1,0,0,0> }
	no_shadow
}

// particle -1
sphere {
	<28.225574, 34.267170, 36.412708> 0.100000
	pigment { color rgbt <1,0,0,0> }
	no_shadow
}
sphere {
	0, 1
	scale<0.080000,0.200000,0.300000>
	matrix <-0.900420, -0.425115, -0.092311,
		0.056207, -0.324107, 0.944349,
		-0.431376, 0.845122, 0.315727,
		28.096161, 34.520706, 36.507427>
	pigment { color rgbt <0,1,1,0> }
	no_shadow
}
cylinder {
	<27.943548, 33.822880, 36.971031>,  <28.398125, 33.929123, 36.286419>, 0.130000
	pigment { color rgbt <1,0,0,0> }
	no_shadow
}

// nucleotide -1

// particle -1
sphere {
	<27.943548, 33.822880, 36.971031> 0.250000
	pigment { color rgbt <1,0,0,0> }
	no_shadow
}
cylinder {
	<27.829868, 34.135590, 36.749016>,  <27.761660, 34.323215, 36.615807>, 0.100000
	pigment { color rgbt <1,0,0,0> }
	no_shadow
}
cylinder {
	<27.829868, 34.135590, 36.749016>,  <27.943548, 33.822880, 36.971031>, 0.100000
	pigment { color rgbt <1,0,0,0> }
	no_shadow
}

// particle -1
sphere {
	<27.829868, 34.135590, 36.749016> 0.100000
	pigment { color rgbt <1,0,0,0> }
	no_shadow
}
sphere {
	0, 1
	scale<0.080000,0.200000,0.300000>
	matrix <-0.909710, -0.402681, -0.101369,
		-0.302750, 0.476113, 0.825626,
		-0.284201, 0.781770, -0.555037,
		27.744608, 34.370121, 36.582504>
	pigment { color rgbt <0,1,1,0> }
	no_shadow
}
cylinder {
	<27.270046, 34.077015, 37.151337>,  <27.943548, 33.822880, 36.971031>, 0.130000
	pigment { color rgbt <1,0,0,0> }
	no_shadow
}

// nucleotide -1

// particle -1
sphere {
	<27.270046, 34.077015, 37.151337> 0.250000
	pigment { color rgbt <1,0,0,0> }
	no_shadow
}
cylinder {
	<27.329512, 34.199356, 36.775177>,  <27.365191, 34.272762, 36.549480>, 0.100000
	pigment { color rgbt <1,0,0,0> }
	no_shadow
}
cylinder {
	<27.329512, 34.199356, 36.775177>,  <27.270046, 34.077015, 37.151337>, 0.100000
	pigment { color rgbt <1,0,0,0> }
	no_shadow
}

// particle -1
sphere {
	<27.329512, 34.199356, 36.775177> 0.100000
	pigment { color rgbt <1,0,0,0> }
	no_shadow
}
sphere {
	0, 1
	scale<0.080000,0.200000,0.300000>
	matrix <-0.916110, -0.315474, -0.247426,
		-0.372348, 0.898292, 0.233298,
		0.148661, 0.305855, -0.940400,
		27.374109, 34.291111, 36.493057>
	pigment { color rgbt <0,1,1,0> }
	no_shadow
}
cylinder {
	<26.584015, 34.317478, 37.307472>,  <27.270046, 34.077015, 37.151337>, 0.130000
	pigment { color rgbt <1,0,0,0> }
	no_shadow
}

// nucleotide -1

// particle -1
sphere {
	<26.584015, 34.317478, 37.307472> 0.250000
	pigment { color rgbt <1,0,0,0> }
	no_shadow
}
cylinder {
	<26.763130, 34.662464, 37.213120>,  <26.870600, 34.869457, 37.156509>, 0.100000
	pigment { color rgbt <1,0,0,0> }
	no_shadow
}
cylinder {
	<26.763130, 34.662464, 37.213120>,  <26.584015, 34.317478, 37.307472>, 0.100000
	pigment { color rgbt <1,0,0,0> }
	no_shadow
}

// particle -1
sphere {
	<26.763130, 34.662464, 37.213120> 0.100000
	pigment { color rgbt <1,0,0,0> }
	no_shadow
}
sphere {
	0, 1
	scale<0.080000,0.200000,0.300000>
	matrix <-0.588641, 0.085777, -0.803831,
		-0.673044, 0.498794, 0.546092,
		0.447788, 0.862465, -0.235879,
		26.897467, 34.921204, 37.142357>
	pigment { color rgbt <0,1,1,0> }
	no_shadow
}
cylinder {
	<26.113333, 34.914486, 37.215271>,  <26.584015, 34.317478, 37.307472>, 0.130000
	pigment { color rgbt <1,0,0,0> }
	no_shadow
}

// nucleotide -1

// particle -1
sphere {
	<26.113333, 34.914486, 37.215271> 0.250000
	pigment { color rgbt <1,0,0,0> }
	no_shadow
}
cylinder {
	<26.434790, 35.033997, 37.009399>,  <26.627663, 35.105701, 36.885876>, 0.100000
	pigment { color rgbt <1,0,0,0> }
	no_shadow
}
cylinder {
	<26.434790, 35.033997, 37.009399>,  <26.113333, 34.914486, 37.215271>, 0.100000
	pigment { color rgbt <1,0,0,0> }
	no_shadow
}

// particle -1
sphere {
	<26.434790, 35.033997, 37.009399> 0.100000
	pigment { color rgbt <1,0,0,0> }
	no_shadow
}
sphere {
	0, 1
	scale<0.080000,0.200000,0.300000>
	matrix <-0.582658, 0.219002, -0.782654,
		-0.121120, 0.928855, 0.350082,
		0.803641, 0.298773, -0.514680,
		26.675882, 35.123627, 36.854996>
	pigment { color rgbt <0,1,1,0> }
	no_shadow
}
cylinder {
	<25.870548, 35.606174, 36.785522>,  <26.113333, 34.914486, 37.215271>, 0.130000
	pigment { color rgbt <1,0,0,0> }
	no_shadow
}

// nucleotide -1

// particle -1
sphere {
	<25.870548, 35.606174, 36.785522> 0.250000
	pigment { color rgbt <1,0,0,0> }
	no_shadow
}
cylinder {
	<26.196682, 35.445110, 36.619102>,  <26.392363, 35.348473, 36.519253>, 0.100000
	pigment { color rgbt <1,0,0,0> }
	no_shadow
}
cylinder {
	<26.196682, 35.445110, 36.619102>,  <25.870548, 35.606174, 36.785522>, 0.100000
	pigment { color rgbt <1,0,0,0> }
	no_shadow
}

// particle -1
sphere {
	<26.196682, 35.445110, 36.619102> 0.100000
	pigment { color rgbt <1,0,0,0> }
	no_shadow
}
sphere {
	0, 1
	scale<0.080000,0.200000,0.300000>
	matrix <-0.387270, 0.154906, -0.908860,
		0.430408, 0.902148, -0.029637,
		0.815335, -0.402658, -0.416048,
		26.441282, 35.324314, 36.494289>
	pigment { color rgbt <0,1,1,0> }
	no_shadow
}
cylinder {
	<26.135740, 36.089191, 36.236820>,  <25.870548, 35.606174, 36.785522>, 0.130000
	pigment { color rgbt <1,0,0,0> }
	no_shadow
}

// nucleotide -1

// particle -1
sphere {
	<26.135740, 36.089191, 36.236820> 0.250000
	pigment { color rgbt <1,0,0,0> }
	no_shadow
}
cylinder {
	<26.271975, 35.718002, 36.176327>,  <26.353714, 35.495289, 36.140030>, 0.100000
	pigment { color rgbt <1,0,0,0> }
	no_shadow
}
cylinder {
	<26.271975, 35.718002, 36.176327>,  <26.135740, 36.089191, 36.236820>, 0.100000
	pigment { color rgbt <1,0,0,0> }
	no_shadow
}

// particle -1
sphere {
	<26.271975, 35.718002, 36.176327> 0.100000
	pigment { color rgbt <1,0,0,0> }
	no_shadow
}
sphere {
	0, 1
	scale<0.080000,0.200000,0.300000>
	matrix <-0.295955, 0.046863, -0.954052,
		0.892420, 0.369694, -0.258677,
		0.340584, -0.927971, -0.151235,
		26.374149, 35.439610, 36.130955>
	pigment { color rgbt <0,1,1,0> }
	no_shadow
}
cylinder {
	<26.431101, 36.104973, 35.594406>,  <26.135740, 36.089191, 36.236820>, 0.130000
	pigment { color rgbt <1,0,0,0> }
	no_shadow
}

// nucleotide -1

// particle -1
sphere {
	<26.431101, 36.104973, 35.594406> 0.250000
	pigment { color rgbt <1,0,0,0> }
	no_shadow
}
cylinder {
	<26.325043, 35.730358, 35.686134>,  <26.261408, 35.505589, 35.741173>, 0.100000
	pigment { color rgbt <1,0,0,0> }
	no_shadow
}
cylinder {
	<26.325043, 35.730358, 35.686134>,  <26.431101, 36.104973, 35.594406>, 0.100000
	pigment { color rgbt <1,0,0,0> }
	no_shadow
}

// particle -1
sphere {
	<26.325043, 35.730358, 35.686134> 0.100000
	pigment { color rgbt <1,0,0,0> }
	no_shadow
}
sphere {
	0, 1
	scale<0.080000,0.200000,0.300000>
	matrix <-0.476241, -0.079599, -0.875705,
		0.838387, -0.341402, -0.424914,
		-0.265145, -0.936541, 0.229324,
		26.245499, 35.449394, 35.754932>
	pigment { color rgbt <0,1,1,0> }
	no_shadow
}
cylinder {
	<26.271690, 35.764610, 34.868511>,  <26.431101, 36.104973, 35.594406>, 0.130000
	pigment { color rgbt <1,0,0,0> }
	no_shadow
}

// nucleotide -1

// particle -1
sphere {
	<26.271690, 35.764610, 34.868511> 0.250000
	pigment { color rgbt <1,0,0,0> }
	no_shadow
}
cylinder {
	<26.101974, 35.517811, 35.133625>,  <26.000145, 35.369732, 35.292694>, 0.100000
	pigment { color rgbt <1,0,0,0> }
	no_shadow
}
cylinder {
	<26.101974, 35.517811, 35.133625>,  <26.271690, 35.764610, 34.868511>, 0.100000
	pigment { color rgbt <1,0,0,0> }
	no_shadow
}

// particle -1
sphere {
	<26.101974, 35.517811, 35.133625> 0.100000
	pigment { color rgbt <1,0,0,0> }
	no_shadow
}
sphere {
	0, 1
	scale<0.080000,0.200000,0.300000>
	matrix <-0.675025, -0.272368, -0.685680,
		0.603589, -0.738324, -0.300929,
		-0.424290, -0.617004, 0.662785,
		25.974688, 35.332710, 35.332462>
	pigment { color rgbt <0,1,1,0> }
	no_shadow
}
cylinder {
	<26.479172, 36.468319, 34.986935>,  <26.271690, 35.764610, 34.868511>, 0.130000
	pigment { color rgbt <1,0,0,0> }
	no_shadow
}

// nucleotide -1

// particle -1
sphere {
	<26.479172, 36.468319, 34.986935> 0.250000
	pigment { color rgbt <1,0,0,0> }
	no_shadow
}
cylinder {
	<26.640932, 36.773300, 35.188972>,  <26.737989, 36.956291, 35.310196>, 0.100000
	pigment { color rgbt <1,0,0,0> }
	no_shadow
}
cylinder {
	<26.640932, 36.773300, 35.188972>,  <26.479172, 36.468319, 34.986935>, 0.100000
	pigment { color rgbt <1,0,0,0> }
	no_shadow
}

// particle -1
sphere {
	<26.640932, 36.773300, 35.188972> 0.100000
	pigment { color rgbt <1,0,0,0> }
	no_shadow
}
sphere {
	0, 1
	scale<0.080000,0.200000,0.300000>
	matrix <0.862598, -0.134440, -0.487699,
		-0.303945, 0.632918, -0.712062,
		0.404403, 0.762457, 0.505092,
		26.762253, 37.002037, 35.340500>
	pigment { color rgbt <0,1,1,0> }
	no_shadow
}
cylinder {
	<26.851393, 36.827393, 34.526218>,  <26.479172, 36.468319, 34.986935>, 0.130000
	pigment { color rgbt <1,0,0,0> }
	no_shadow
}

// nucleotide -1

// particle -1
sphere {
	<26.851393, 36.827393, 34.526218> 0.250000
	pigment { color rgbt <1,0,0,0> }
	no_shadow
}
cylinder {
	<27.019743, 36.891930, 34.883282>,  <27.120752, 36.930653, 35.097519>, 0.100000
	pigment { color rgbt <1,0,0,0> }
	no_shadow
}
cylinder {
	<27.019743, 36.891930, 34.883282>,  <26.851393, 36.827393, 34.526218>, 0.100000
	pigment { color rgbt <1,0,0,0> }
	no_shadow
}

// particle -1
sphere {
	<27.019743, 36.891930, 34.883282> 0.100000
	pigment { color rgbt <1,0,0,0> }
	no_shadow
}
sphere {
	0, 1
	scale<0.080000,0.200000,0.300000>
	matrix <0.897879, 0.066003, -0.435268,
		-0.129147, 0.984688, -0.117090,
		0.420874, 0.161346, 0.892655,
		27.146006, 36.940334, 35.151077>
	pigment { color rgbt <0,1,1,0> }
	no_shadow
}
cylinder {
	<27.455631, 36.819225, 34.730488>,  <26.851393, 36.827393, 34.526218>, 0.130000
	pigment { color rgbt <1,0,0,0> }
	no_shadow
}

// nucleotide -1

// particle -1
sphere {
	<27.455631, 36.819225, 34.730488> 0.250000
	pigment { color rgbt <1,0,0,0> }
	no_shadow
}
cylinder {
	<27.644991, 37.010956, 34.434883>,  <27.758608, 37.125992, 34.257519>, 0.100000
	pigment { color rgbt <1,0,0,0> }
	no_shadow
}
cylinder {
	<27.644991, 37.010956, 34.434883>,  <27.455631, 36.819225, 34.730488>, 0.100000
	pigment { color rgbt <1,0,0,0> }
	no_shadow
}

// particle -1
sphere {
	<27.644991, 37.010956, 34.434883> 0.100000
	pigment { color rgbt <1,0,0,0> }
	no_shadow
}
sphere {
	0, 1
	scale<0.080000,0.200000,0.300000>
	matrix <0.658979, 0.363996, 0.658220,
		0.584498, -0.798596, -0.143548,
		0.473401, 0.479324, -0.739013,
		27.787012, 37.154755, 34.213181>
	pigment { color rgbt <0,1,1,0> }
	no_shadow
}
cylinder {
	<28.237921, 36.626156, 34.661095>,  <27.455631, 36.819225, 34.730488>, 0.130000
	pigment { color rgbt <1,0,0,0> }
	no_shadow
}

// nucleotide -1

// particle -1
sphere {
	<28.237921, 36.626156, 34.661095> 0.250000
	pigment { color rgbt <1,0,0,0> }
	no_shadow
}
cylinder {
	<28.179979, 36.996052, 34.520309>,  <28.145214, 37.217987, 34.435837>, 0.100000
	pigment { color rgbt <1,0,0,0> }
	no_shadow
}
cylinder {
	<28.179979, 36.996052, 34.520309>,  <28.237921, 36.626156, 34.661095>, 0.100000
	pigment { color rgbt <1,0,0,0> }
	no_shadow
}

// particle -1
sphere {
	<28.179979, 36.996052, 34.520309> 0.100000
	pigment { color rgbt <1,0,0,0> }
	no_shadow
}
sphere {
	0, 1
	scale<0.080000,0.200000,0.300000>
	matrix <0.670074, 0.353412, 0.652765,
		0.728024, -0.141287, -0.670835,
		-0.144853, 0.924737, -0.351965,
		28.136524, 37.273472, 34.414719>
	pigment { color rgbt <0,1,1,0> }
	no_shadow
}
cylinder {
	<28.872696, 36.936741, 34.300869>,  <28.237921, 36.626156, 34.661095>, 0.130000
	pigment { color rgbt <1,0,0,0> }
	no_shadow
}

// nucleotide -1

// particle -1
sphere {
	<28.872696, 36.936741, 34.300869> 0.250000
	pigment { color rgbt <1,0,0,0> }
	no_shadow
}
cylinder {
	<28.619442, 37.183983, 34.487240>,  <28.467489, 37.332329, 34.599064>, 0.100000
	pigment { color rgbt <1,0,0,0> }
	no_shadow
}
cylinder {
	<28.619442, 37.183983, 34.487240>,  <28.872696, 36.936741, 34.300869>, 0.100000
	pigment { color rgbt <1,0,0,0> }
	no_shadow
}

// particle -1
sphere {
	<28.619442, 37.183983, 34.487240> 0.100000
	pigment { color rgbt <1,0,0,0> }
	no_shadow
}
sphere {
	0, 1
	scale<0.080000,0.200000,0.300000>
	matrix <0.773321, 0.479106, 0.415250,
		0.033436, 0.623223, -0.781329,
		-0.633133, 0.618103, 0.465932,
		28.429502, 37.369415, 34.627018>
	pigment { color rgbt <0,1,1,0> }
	no_shadow
}
cylinder {
	<29.225136, 37.535706, 34.235165>,  <28.872696, 36.936741, 34.300869>, 0.130000
	pigment { color rgbt <1,0,0,0> }
	no_shadow
}

// nucleotide -1

// particle -1
sphere {
	<29.225136, 37.535706, 34.235165> 0.250000
	pigment { color rgbt <1,0,0,0> }
	no_shadow
}
cylinder {
	<28.962969, 37.630501, 34.522011>,  <28.805668, 37.687378, 34.694118>, 0.100000
	pigment { color rgbt <1,0,0,0> }
	no_shadow
}
cylinder {
	<28.962969, 37.630501, 34.522011>,  <29.225136, 37.535706, 34.235165>, 0.100000
	pigment { color rgbt <1,0,0,0> }
	no_shadow
}

// particle -1
sphere {
	<28.962969, 37.630501, 34.522011> 0.100000
	pigment { color rgbt <1,0,0,0> }
	no_shadow
}
sphere {
	0, 1
	scale<0.080000,0.200000,0.300000>
	matrix <0.716968, 0.493751, 0.492105,
		-0.237454, 0.836686, -0.493530,
		-0.655418, 0.236992, 0.717120,
		28.766344, 37.701599, 34.737148>
	pigment { color rgbt <0,1,1,0> }
	no_shadow
}
cylinder {
	<29.416529, 38.178185, 34.521141>,  <29.225136, 37.535706, 34.235165>, 0.130000
	pigment { color rgbt <1,0,0,0> }
	no_shadow
}

// nucleotide -1

// particle -1
sphere {
	<29.416529, 38.178185, 34.521141> 0.250000
	pigment { color rgbt <1,0,0,0> }
	no_shadow
}
cylinder {
	<29.182636, 38.041866, 34.815609>,  <29.042301, 37.960075, 34.992290>, 0.100000
	pigment { color rgbt <1,0,0,0> }
	no_shadow
}
cylinder {
	<29.182636, 38.041866, 34.815609>,  <29.416529, 38.178185, 34.521141>, 0.100000
	pigment { color rgbt <1,0,0,0> }
	no_shadow
}

// particle -1
sphere {
	<29.182636, 38.041866, 34.815609> 0.100000
	pigment { color rgbt <1,0,0,0> }
	no_shadow
}
sphere {
	0, 1
	scale<0.080000,0.200000,0.300000>
	matrix <0.625587, 0.388301, 0.676655,
		-0.516459, 0.856200, -0.013852,
		-0.584731, -0.340799, 0.736170,
		29.007217, 37.939625, 35.036461>
	pigment { color rgbt <0,1,1,0> }
	no_shadow
}
cylinder {
	<29.486311, 38.760658, 35.022209>,  <29.416529, 38.178185, 34.521141>, 0.130000
	pigment { color rgbt <1,0,0,0> }
	no_shadow
}

// nucleotide -1

// particle -1
sphere {
	<29.486311, 38.760658, 35.022209> 0.250000
	pigment { color rgbt <1,0,0,0> }
	no_shadow
}
cylinder {
	<29.348104, 38.456177, 35.241734>,  <29.265181, 38.273487, 35.373447>, 0.100000
	pigment { color rgbt <1,0,0,0> }
	no_shadow
}
cylinder {
	<29.348104, 38.456177, 35.241734>,  <29.486311, 38.760658, 35.022209>, 0.100000
	pigment { color rgbt <1,0,0,0> }
	no_shadow
}

// particle -1
sphere {
	<29.348104, 38.456177, 35.241734> 0.100000
	pigment { color rgbt <1,0,0,0> }
	no_shadow
}
sphere {
	0, 1
	scale<0.080000,0.200000,0.300000>
	matrix <0.325545, 0.451281, 0.830883,
		-0.880135, 0.465747, 0.091879,
		-0.345518, -0.761199, 0.548810,
		29.244450, 38.227818, 35.406376>
	pigment { color rgbt <0,1,1,0> }
	no_shadow
}
cylinder {
	<29.043745, 39.118069, 35.468513>,  <29.486311, 38.760658, 35.022209>, 0.130000
	pigment { color rgbt <1,0,0,0> }
	no_shadow
}

// nucleotide -1

// particle -1
sphere {
	<29.043745, 39.118069, 35.468513> 0.250000
	pigment { color rgbt <1,0,0,0> }
	no_shadow
}
cylinder {
	<28.906279, 38.773968, 35.619167>,  <28.823799, 38.567505, 35.709560>, 0.100000
	pigment { color rgbt <1,0,0,0> }
	no_shadow
}
cylinder {
	<28.906279, 38.773968, 35.619167>,  <29.043745, 39.118069, 35.468513>, 0.100000
	pigment { color rgbt <1,0,0,0> }
	no_shadow
}

// particle -1
sphere {
	<28.906279, 38.773968, 35.619167> 0.100000
	pigment { color rgbt <1,0,0,0> }
	no_shadow
}
sphere {
	0, 1
	scale<0.080000,0.200000,0.300000>
	matrix <0.616531, 0.095842, 0.781475,
		-0.708367, 0.500772, 0.497438,
		-0.343665, -0.860257, 0.376633,
		28.803179, 38.515892, 35.732159>
	pigment { color rgbt <0,1,1,0> }
	no_shadow
}
cylinder {
	<28.766592, 39.185539, 36.153809>,  <29.043745, 39.118069, 35.468513>, 0.130000
	pigment { color rgbt <1,0,0,0> }
	no_shadow
}

// nucleotide -1

// particle -1
sphere {
	<28.766592, 39.185539, 36.153809> 0.250000
	pigment { color rgbt <1,0,0,0> }
	no_shadow
}
cylinder {
	<28.936419, 38.830566, 36.082031>,  <29.038315, 38.617580, 36.038963>, 0.100000
	pigment { color rgbt <1,0,0,0> }
	no_shadow
}
cylinder {
	<28.936419, 38.830566, 36.082031>,  <28.766592, 39.185539, 36.153809>, 0.100000
	pigment { color rgbt <1,0,0,0> }
	no_shadow
}

// particle -1
sphere {
	<28.936419, 38.830566, 36.082031> 0.100000
	pigment { color rgbt <1,0,0,0> }
	no_shadow
}
sphere {
	0, 1
	scale<0.080000,0.200000,0.300000>
	matrix <0.524590, 0.079581, 0.847628,
		-0.737935, -0.454008, 0.499328,
		0.424567, -0.887437, -0.179442,
		29.063789, 38.564335, 36.028198>
	pigment { color rgbt <0,1,1,0> }
	no_shadow
}
cylinder {
	<28.667536, 38.818130, 36.708092>,  <28.766592, 39.185539, 36.153809>, 0.130000
	pigment { color rgbt <1,0,0,0> }
	no_shadow
}

// nucleotide -1

// particle -1
sphere {
	<28.667536, 38.818130, 36.708092> 0.250000
	pigment { color rgbt <1,0,0,0> }
	no_shadow
}
cylinder {
	<28.986748, 38.642189, 36.543324>,  <29.178274, 38.536625, 36.444462>, 0.100000
	pigment { color rgbt <1,0,0,0> }
	no_shadow
}
cylinder {
	<28.986748, 38.642189, 36.543324>,  <28.667536, 38.818130, 36.708092>, 0.100000
	pigment { color rgbt <1,0,0,0> }
	no_shadow
}

// particle -1
sphere {
	<28.986748, 38.642189, 36.543324> 0.100000
	pigment { color rgbt <1,0,0,0> }
	no_shadow
}
sphere {
	0, 1
	scale<0.080000,0.200000,0.300000>
	matrix <0.508461, 0.124586, 0.852024,
		-0.323449, -0.889385, 0.323072,
		0.798028, -0.439856, -0.411920,
		29.226156, 38.510231, 36.419746>
	pigment { color rgbt <0,1,1,0> }
	no_shadow
}
cylinder {
	<28.977470, 38.353657, 37.119381>,  <28.667536, 38.818130, 36.708092>, 0.130000
	pigment { color rgbt <1,0,0,0> }
	no_shadow
}

// nucleotide -1

// particle -1
sphere {
	<28.977470, 38.353657, 37.119381> 0.250000
	pigment { color rgbt <1,0,0,0> }
	no_shadow
}
cylinder {
	<29.233746, 38.527992, 36.866535>,  <29.387510, 38.632591, 36.714828>, 0.100000
	pigment { color rgbt <1,0,0,0> }
	no_shadow
}
cylinder {
	<29.233746, 38.527992, 36.866535>,  <28.977470, 38.353657, 37.119381>, 0.100000
	pigment { color rgbt <1,0,0,0> }
	no_shadow
}

// particle -1
sphere {
	<29.233746, 38.527992, 36.866535> 0.100000
	pigment { color rgbt <1,0,0,0> }
	no_shadow
}
sphere {
	0, 1
	scale<0.080000,0.200000,0.300000>
	matrix <0.344496, 0.572581, 0.743958,
		0.686180, -0.694404, 0.216702,
		0.640688, 0.435836, -0.632113,
		29.425953, 38.658745, 36.676903>
	pigment { color rgbt <0,1,1,0> }
	no_shadow
}
cylinder {
	<29.621695, 38.315426, 37.439804>,  <28.977470, 38.353657, 37.119381>, 0.130000
	pigment { color rgbt <1,0,0,0> }
	no_shadow
}

// nucleotide -1

// particle -1
sphere {
	<29.621695, 38.315426, 37.439804> 0.250000
	pigment { color rgbt <1,0,0,0> }
	no_shadow
}
cylinder {
	<29.619114, 38.622318, 37.183270>,  <29.617565, 38.806454, 37.029346>, 0.100000
	pigment { color rgbt <1,0,0,0> }
	no_shadow
}
cylinder {
	<29.619114, 38.622318, 37.183270>,  <29.621695, 38.315426, 37.439804>, 0.100000
	pigment { color rgbt <1,0,0,0> }
	no_shadow
}

// particle -1
sphere {
	<29.619114, 38.622318, 37.183270> 0.100000
	pigment { color rgbt <1,0,0,0> }
	no_shadow
}
sphere {
	0, 1
	scale<0.080000,0.200000,0.300000>
	matrix <0.321553, 0.608882, 0.725166,
		0.946869, -0.201545, -0.250635,
		-0.006454, 0.767230, -0.641339,
		29.617178, 38.852486, 36.990868>
	pigment { color rgbt <0,1,1,0> }
	no_shadow
}
cylinder {
	<30.374826, 38.785213, 37.427052>,  <29.621695, 38.315426, 37.439804>, 0.130000
	pigment { color rgbt <1,0,0,0> }
	no_shadow
}

// nucleotide -1

// particle -1
sphere {
	<30.374826, 38.785213, 37.427052> 0.250000
	pigment { color rgbt <1,0,0,0> }
	no_shadow
}
cylinder {
	<30.062860, 39.010998, 37.318890>,  <29.875681, 39.146469, 37.253994>, 0.100000
	pigment { color rgbt <1,0,0,0> }
	no_shadow
}
cylinder {
	<30.062860, 39.010998, 37.318890>,  <30.374826, 38.785213, 37.427052>, 0.100000
	pigment { color rgbt <1,0,0,0> }
	no_shadow
}

// particle -1
sphere {
	<30.062860, 39.010998, 37.318890> 0.100000
	pigment { color rgbt <1,0,0,0> }
	no_shadow
}
sphere {
	0, 1
	scale<0.080000,0.200000,0.300000>
	matrix <0.247603, 0.675049, 0.694983,
		0.574827, 0.475074, -0.666242,
		-0.779914, 0.564459, -0.270406,
		29.828886, 39.180336, 37.237766>
	pigment { color rgbt <0,1,1,0> }
	no_shadow
}
cylinder {
	<30.329086, 38.287071, 36.772495>,  <30.374826, 38.785213, 37.427052>, 0.130000
	pigment { color rgbt <1,0,0,0> }
	no_shadow
}

// nucleotide -1

// particle -1
sphere {
	<30.329086, 38.287071, 36.772495> 0.250000
	pigment { color rgbt <1,0,0,0> }
	no_shadow
}
cylinder {
	<30.038126, 38.049473, 36.909931>,  <29.863550, 37.906914, 36.992393>, 0.100000
	pigment { color rgbt <1,0,0,0> }
	no_shadow
}
cylinder {
	<30.038126, 38.049473, 36.909931>,  <30.329086, 38.287071, 36.772495>, 0.100000
	pigment { color rgbt <1,0,0,0> }
	no_shadow
}

// particle -1
sphere {
	<30.038126, 38.049473, 36.909931> 0.100000
	pigment { color rgbt <1,0,0,0> }
	no_shadow
}
sphere {
	0, 1
	scale<0.080000,0.200000,0.300000>
	matrix <-0.546674, 0.198966, -0.813364,
		0.414775, -0.779472, -0.469452,
		-0.727399, -0.594000, 0.343591,
		29.819906, 37.871273, 37.013008>
	pigment { color rgbt <0,1,1,0> }
	no_shadow
}
cylinder {
	<30.399693, 38.522850, 36.019638>,  <30.329086, 38.287071, 36.772495>, 0.130000
	pigment { color rgbt <1,0,0,0> }
	no_shadow
}

// nucleotide -1

// particle -1
sphere {
	<30.399693, 38.522850, 36.019638> 0.250000
	pigment { color rgbt <1,0,0,0> }
	no_shadow
}
cylinder {
	<30.123848, 38.406120, 36.284748>,  <29.958342, 38.336082, 36.443813>, 0.100000
	pigment { color rgbt <1,0,0,0> }
	no_shadow
}
cylinder {
	<30.123848, 38.406120, 36.284748>,  <30.399693, 38.522850, 36.019638>, 0.100000
	pigment { color rgbt <1,0,0,0> }
	no_shadow
}

// particle -1
sphere {
	<30.123848, 38.406120, 36.284748> 0.100000
	pigment { color rgbt <1,0,0,0> }
	no_shadow
}
sphere {
	0, 1
	scale<0.080000,0.200000,0.300000>
	matrix <-0.675965, -0.068970, -0.733699,
