// switches for output
#declare DRAW_BASES = 1; // possible values are 0, 1; only relevant for DNA ribbons
#declare DRAW_BASES_TYPE = 3; // possible values are 1, 2, 3; only relevant for DNA ribbons
#declare DRAW_FOG = 0; // set to 1 to enable fog

#include "colors.inc"

#include "transforms.inc"
background { rgb <1, 1, 1>}

#default {
   normal{
       ripples 0.25
       frequency 0.20
       turbulence 0.2
       lambda 5
   }
	finish {
		phong 0.1
		phong_size 40.
	}
}

// original window dimensions: 1024x640


// camera settings

camera {
	sky <0, 0.179814, -0.983701>
	up <0, 0.179814, -0.983701>
	right 1.6 * <1, 0, 0>
	location <35, 94.9851, 44.8844>
	look_at <35, 29.7336, 32.9568>
	direction <0, -65.2515, -11.9276>
	angle 67.0682
}


# declare cpy_camera_pos = <35, 94.9851, 44.8844>;
# if (DRAW_FOG = 1)
fog {
	fog_type 2
	up vnormalize(cpy_camera_pos)
	color rgbt<1,1,1,0.3>
	distance 1e-5
	fog_alt 3e-3
	fog_offset 56
}
# end


// LIGHTS

# declare lum = 6;
global_settings {
	ambient_light rgb lum * <0.05, 0.05, 0.05>
	max_trace_level 15
}# declare cpy_direct_light_amount = 0.25;
light_source
{	1000 * <-1, -1.16352, -0.803886>,
	rgb lum * cpy_direct_light_amount
	parallel
}

light_source
{	1000 * <1, 1.16352, 0.803886>,
	rgb lum * cpy_direct_light_amount
	parallel
}

// strand 0

// nucleotide -1

// particle -1
sphere {
	<24.628386, 34.904770, 35.338509> 0.250000
	pigment { color rgbt <1,0,0,0> }
	no_shadow
}
cylinder {
	<24.284636, 34.820629, 35.152077>,  <24.078386, 34.770145, 35.040218>, 0.100000
	pigment { color rgbt <1,0,0,0> }
	no_shadow
}
cylinder {
	<24.284636, 34.820629, 35.152077>,  <24.628386, 34.904770, 35.338509>, 0.100000
	pigment { color rgbt <1,0,0,0> }
	no_shadow
}

// particle -1
sphere {
	<24.284636, 34.820629, 35.152077> 0.100000
	pigment { color rgbt <1,0,0,0> }
	no_shadow
}
sphere {
	0, 1
	scale<0.080000,0.200000,0.300000>
	matrix <0.485206, -0.047751, -0.873095,
		0.161400, -0.976459, 0.143099,
		-0.859375, -0.210350, -0.466077,
		24.026823, 34.757526, 35.012253>
	pigment { color rgbt <0,1,1,0> }
	no_shadow
}
cylinder {
	<24.481678, 34.462978, 35.902271>,  <24.628386, 34.904770, 35.338509>, 0.130000
	pigment { color rgbt <1,0,0,0> }
	no_shadow
}

// nucleotide -1

// particle -1
sphere {
	<24.481678, 34.462978, 35.902271> 0.250000
	pigment { color rgbt <1,0,0,0> }
	no_shadow
}
cylinder {
	<24.330563, 34.701962, 36.185204>,  <24.239893, 34.845352, 36.354965>, 0.100000
	pigment { color rgbt <1,0,0,0> }
	no_shadow
}
cylinder {
	<24.330563, 34.701962, 36.185204>,  <24.481678, 34.462978, 35.902271>, 0.100000
	pigment { color rgbt <1,0,0,0> }
	no_shadow
}

// particle -1
sphere {
	<24.330563, 34.701962, 36.185204> 0.100000
	pigment { color rgbt <1,0,0,0> }
	no_shadow
}
sphere {
	0, 1
	scale<0.080000,0.200000,0.300000>
	matrix <-0.571750, 0.450357, -0.685770,
		-0.728271, -0.663494, 0.171457,
		-0.377787, 0.597457, 0.707334,
		24.217226, 34.881199, 36.397404>
	pigment { color rgbt <0,1,1,0> }
	no_shadow
}
cylinder {
	<25.055864, 34.803928, 36.321541>,  <24.481678, 34.462978, 35.902271>, 0.130000
	pigment { color rgbt <1,0,0,0> }
	no_shadow
}

// nucleotide -1

// particle -1
sphere {
	<25.055864, 34.803928, 36.321541> 0.250000
	pigment { color rgbt <1,0,0,0> }
	no_shadow
}
cylinder {
	<25.227819, 34.446373, 36.372402>,  <25.330994, 34.231842, 36.402920>, 0.100000
	pigment { color rgbt <1,0,0,0> }
	no_shadow
}
cylinder {
	<25.227819, 34.446373, 36.372402>,  <25.055864, 34.803928, 36.321541>, 0.100000
	pigment { color rgbt <1,0,0,0> }
	no_shadow
}

// particle -1
sphere {
	<25.227819, 34.446373, 36.372402> 0.100000
	pigment { color rgbt <1,0,0,0> }
	no_shadow
}
sphere {
	0, 1
	scale<0.080000,0.200000,0.300000>
	matrix <0.235939, 0.247152, 0.939813,
		-0.871509, -0.374015, 0.317150,
		0.429889, -0.893884, 0.127150,
		25.356787, 34.178207, 36.410549>
	pigment { color rgbt <0,1,1,0> }
	no_shadow
}
cylinder {
	<24.746901, 34.476387, 36.955563>,  <25.055864, 34.803928, 36.321541>, 0.130000
	pigment { color rgbt <1,0,0,0> }
	no_shadow
}

// nucleotide -1

// particle -1
sphere {
	<24.746901, 34.476387, 36.955563> 0.250000
	pigment { color rgbt <1,0,0,0> }
	no_shadow
}
cylinder {
	<25.122314, 34.357681, 36.885044>,  <25.347563, 34.286457, 36.842735>, 0.100000
	pigment { color rgbt <1,0,0,0> }
	no_shadow
}
cylinder {
	<25.122314, 34.357681, 36.885044>,  <24.746901, 34.476387, 36.955563>, 0.100000
	pigment { color rgbt <1,0,0,0> }
	no_shadow
}

// particle -1
sphere {
	<25.122314, 34.357681, 36.885044> 0.100000
	pigment { color rgbt <1,0,0,0> }
	no_shadow
}
sphere {
	0, 1
	scale<0.080000,0.200000,0.300000>
	matrix <0.255243, 0.252838, 0.933233,
		-0.232379, -0.920870, 0.313045,
		0.938536, -0.296767, -0.176292,
		25.403875, 34.268650, 36.832157>
	pigment { color rgbt <0,1,1,0> }
	no_shadow
}
cylinder {
	<24.965750, 34.165627, 37.555759>,  <24.746901, 34.476387, 36.955563>, 0.130000
	pigment { color rgbt <1,0,0,0> }
	no_shadow
}

// nucleotide -1

// particle -1
sphere {
	<24.965750, 34.165627, 37.555759> 0.250000
	pigment { color rgbt <1,0,0,0> }
	no_shadow
}
cylinder {
	<25.307169, 34.268032, 37.374249>,  <25.512020, 34.329475, 37.265343>, 0.100000
	pigment { color rgbt <1,0,0,0> }
	no_shadow
}
cylinder {
	<25.307169, 34.268032, 37.374249>,  <24.965750, 34.165627, 37.555759>, 0.100000
	pigment { color rgbt <1,0,0,0> }
	no_shadow
}

// particle -1
sphere {
	<25.307169, 34.268032, 37.374249> 0.100000
	pigment { color rgbt <1,0,0,0> }
	no_shadow
}
sphere {
	0, 1
	scale<0.080000,0.200000,0.300000>
	matrix <0.419158, 0.179891, 0.889913,
		0.309457, -0.949789, 0.046238,
		0.853547, 0.256009, -0.453780,
		25.563232, 34.344833, 37.238113>
	pigment { color rgbt <0,1,1,0> }
	no_shadow
}
cylinder {
	<25.453461, 33.897621, 38.005722>,  <24.965750, 34.165627, 37.555759>, 0.130000
	pigment { color rgbt <1,0,0,0> }
	no_shadow
}

// nucleotide -1

// particle -1
sphere {
	<25.453461, 33.897621, 38.005722> 0.250000
	pigment { color rgbt <1,0,0,0> }
	no_shadow
}
cylinder {
	<25.659620, 34.163967, 37.789951>,  <25.783316, 34.323776, 37.660488>, 0.100000
	pigment { color rgbt <1,0,0,0> }
	no_shadow
}
cylinder {
	<25.659620, 34.163967, 37.789951>,  <25.453461, 33.897621, 38.005722>, 0.100000
	pigment { color rgbt <1,0,0,0> }
	no_shadow
}

// particle -1
sphere {
	<25.659620, 34.163967, 37.789951> 0.100000
	pigment { color rgbt <1,0,0,0> }
	no_shadow
}
sphere {
	0, 1
	scale<0.080000,0.200000,0.300000>
	matrix <0.338887, 0.419793, 0.841980,
		0.787095, -0.616761, -0.009293,
		0.515399, 0.665867, -0.539429,
		25.814240, 34.363728, 37.628124>
	pigment { color rgbt <0,1,1,0> }
	no_shadow
}
cylinder {
	<26.282528, 33.866821, 38.234692>,  <25.453461, 33.897621, 38.005722>, 0.130000
	pigment { color rgbt <1,0,0,0> }
	no_shadow
}

// nucleotide -1

// particle -1
sphere {
	<26.282528, 33.866821, 38.234692> 0.250000
	pigment { color rgbt <1,0,0,0> }
	no_shadow
}
cylinder {
	<26.135553, 34.199436, 38.068058>,  <26.047369, 34.399006, 37.968079>, 0.100000
	pigment { color rgbt <1,0,0,0> }
	no_shadow
}
cylinder {
	<26.135553, 34.199436, 38.068058>,  <26.282528, 33.866821, 38.234692>, 0.100000
	pigment { color rgbt <1,0,0,0> }
	no_shadow
}

// particle -1
sphere {
	<26.135553, 34.199436, 38.068058> 0.100000
	pigment { color rgbt <1,0,0,0> }
	no_shadow
}
sphere {
	0, 1
	scale<0.080000,0.200000,0.300000>
	matrix <0.304182, 0.530728, 0.791076,
		0.878899, 0.163952, -0.447946,
		-0.367436, 0.831533, -0.416585,
		26.025322, 34.448895, 37.943081>
	pigment { color rgbt <0,1,1,0> }
	no_shadow
}
cylinder {
	<26.815674, 34.369640, 38.239590>,  <26.282528, 33.866821, 38.234692>, 0.130000
	pigment { color rgbt <1,0,0,0> }
	no_shadow
}

// nucleotide -1

// particle -1
sphere {
	<26.815674, 34.369640, 38.239590> 0.250000
	pigment { color rgbt <1,0,0,0> }
	no_shadow
}
cylinder {
	<26.462826, 34.557232, 38.257137>,  <26.251116, 34.669785, 38.267666>, 0.100000
	pigment { color rgbt <1,0,0,0> }
	no_shadow
}
cylinder {
	<26.462826, 34.557232, 38.257137>,  <26.815674, 34.369640, 38.239590>, 0.100000
	pigment { color rgbt <1,0,0,0> }
	no_shadow
}

// particle -1
sphere {
	<26.462826, 34.557232, 38.257137> 0.100000
	pigment { color rgbt <1,0,0,0> }
	no_shadow
}
sphere {
	0, 1
	scale<0.080000,0.200000,0.300000>
	matrix <0.326805, 0.542307, 0.774017,
		0.339206, 0.697112, -0.631644,
		-0.882121, 0.468975, 0.043866,
		26.198189, 34.697926, 38.270298>
	pigment { color rgbt <0,1,1,0> }
	no_shadow
}
cylinder {
	<26.972120, 35.121830, 38.485321>,  <26.815674, 34.369640, 38.239590>, 0.130000
	pigment { color rgbt <1,0,0,0> }
	no_shadow
}

// nucleotide -1

// particle -1
sphere {
	<26.972120, 35.121830, 38.485321> 0.250000
	pigment { color rgbt <1,0,0,0> }
	no_shadow
}
cylinder {
	<26.575403, 35.078987, 38.513264>,  <26.337374, 35.053280, 38.530029>, 0.100000
	pigment { color rgbt <1,0,0,0> }
	no_shadow
}
cylinder {
	<26.575403, 35.078987, 38.513264>,  <26.972120, 35.121830, 38.485321>, 0.100000
	pigment { color rgbt <1,0,0,0> }
	no_shadow
}

// particle -1
sphere {
	<26.575403, 35.078987, 38.513264> 0.100000
	pigment { color rgbt <1,0,0,0> }
	no_shadow
}
sphere {
	0, 1
	scale<0.080000,0.200000,0.300000>
	matrix <-0.012154, 0.622764, 0.782316,
		-0.127293, 0.775044, -0.618953,
		-0.991791, -0.107106, 0.069854,
		26.277866, 35.046856, 38.534222>
	pigment { color rgbt <0,1,1,0> }
	no_shadow
}
cylinder {
	<26.568335, 35.860050, 38.363644>,  <26.972120, 35.121830, 38.485321>, 0.130000
	pigment { color rgbt <1,0,0,0> }
	no_shadow
}

// nucleotide -1

// particle -1
sphere {
	<26.568335, 35.860050, 38.363644> 0.250000
	pigment { color rgbt <1,0,0,0> }
	no_shadow
}
cylinder {
	<26.330990, 35.619431, 38.577583>,  <26.188583, 35.475060, 38.705948>, 0.100000
	pigment { color rgbt <1,0,0,0> }
	no_shadow
}
cylinder {
	<26.330990, 35.619431, 38.577583>,  <26.568335, 35.860050, 38.363644>, 0.100000
	pigment { color rgbt <1,0,0,0> }
	no_shadow
}

// particle -1
sphere {
	<26.330990, 35.619431, 38.577583> 0.100000
	pigment { color rgbt <1,0,0,0> }
	no_shadow
}
sphere {
	0, 1
	scale<0.080000,0.200000,0.300000>
	matrix <-0.095141, 0.712211, 0.695488,
		-0.799293, 0.361790, -0.479831,
		-0.593362, -0.601551, 0.534845,
		26.152981, 35.438965, 38.738037>
	pigment { color rgbt <0,1,1,0> }
	no_shadow
}
cylinder {
	<25.879759, 36.246693, 38.451180>,  <26.568335, 35.860050, 38.363644>, 0.130000
	pigment { color rgbt <1,0,0,0> }
	no_shadow
}

// nucleotide -1

// particle -1
sphere {
	<25.879759, 36.246693, 38.451180> 0.250000
	pigment { color rgbt <1,0,0,0> }
	no_shadow
}
cylinder {
	<25.940050, 35.955345, 38.718540>,  <25.976225, 35.780537, 38.878956>, 0.100000
	pigment { color rgbt <1,0,0,0> }
	no_shadow
}
cylinder {
	<25.940050, 35.955345, 38.718540>,  <25.879759, 36.246693, 38.451180>, 0.100000
	pigment { color rgbt <1,0,0,0> }
	no_shadow
}

// particle -1
sphere {
	<25.940050, 35.955345, 38.718540> 0.100000
	pigment { color rgbt <1,0,0,0> }
	no_shadow
}
sphere {
	0, 1
	scale<0.080000,0.200000,0.300000>
	matrix <0.066895, 0.682092, 0.728201,
		-0.986310, -0.065046, 0.151533,
		0.150726, -0.728368, 0.668402,
		25.985268, 35.736835, 38.919060>
	pigment { color rgbt <0,1,1,0> }
	no_shadow
}
cylinder {
	<25.435047, 36.441284, 39.023762>,  <25.879759, 36.246693, 38.451180>, 0.130000
	pigment { color rgbt <1,0,0,0> }
	no_shadow
}

// nucleotide -1

// particle -1
sphere {
	<25.435047, 36.441284, 39.023762> 0.250000
	pigment { color rgbt <1,0,0,0> }
	no_shadow
}
cylinder {
	<25.740595, 36.202412, 39.121635>,  <25.923923, 36.059086, 39.180359>, 0.100000
	pigment { color rgbt <1,0,0,0> }
	no_shadow
}
cylinder {
	<25.740595, 36.202412, 39.121635>,  <25.435047, 36.441284, 39.023762>, 0.100000
	pigment { color rgbt <1,0,0,0> }
	no_shadow
}

// particle -1
sphere {
	<25.740595, 36.202412, 39.121635> 0.100000
	pigment { color rgbt <1,0,0,0> }
	no_shadow
}
sphere {
	0, 1
	scale<0.080000,0.200000,0.300000>
	matrix <0.187296, 0.567957, 0.801465,
		-0.617594, -0.566387, 0.545696,
		0.763871, -0.597186, 0.244685,
		25.969755, 36.023254, 39.195042>
	pigment { color rgbt <0,1,1,0> }
	no_shadow
}
cylinder {
	<25.575583, 36.236221, 39.731102>,  <25.435047, 36.441284, 39.023762>, 0.130000
	pigment { color rgbt <1,0,0,0> }
	no_shadow
}

// nucleotide -1

// particle -1
sphere {
	<25.575583, 36.236221, 39.731102> 0.250000
	pigment { color rgbt <1,0,0,0> }
	no_shadow
}
cylinder {
	<25.959261, 36.266708, 39.622192>,  <26.189468, 36.285000, 39.556847>, 0.100000
	pigment { color rgbt <1,0,0,0> }
	no_shadow
}
cylinder {
	<25.959261, 36.266708, 39.622192>,  <25.575583, 36.236221, 39.731102>, 0.100000
	pigment { color rgbt <1,0,0,0> }
	no_shadow
}

// particle -1
sphere {
	<25.959261, 36.266708, 39.622192> 0.100000
	pigment { color rgbt <1,0,0,0> }
	no_shadow
}
sphere {
	0, 1
	scale<0.080000,0.200000,0.300000>
	matrix <0.201688, 0.490435, 0.847818,
		0.198152, -0.868138, 0.455051,
		0.959196, 0.076218, -0.272274,
		26.247021, 36.289574, 39.540508>
	pigment { color rgbt <0,1,1,0> }
	no_shadow
}
cylinder {
	<25.888336, 35.925781, 40.260502>,  <25.575583, 36.236221, 39.731102>, 0.130000
	pigment { color rgbt <1,0,0,0> }
	no_shadow
}

// nucleotide -1

// particle -1
sphere {
	<25.888336, 35.925781, 40.260502> 0.250000
	pigment { color rgbt <1,0,0,0> }
	no_shadow
}
cylinder {
	<26.141708, 36.161827, 40.060291>,  <26.293732, 36.303455, 39.940163>, 0.100000
	pigment { color rgbt <1,0,0,0> }
	no_shadow
}
cylinder {
	<26.141708, 36.161827, 40.060291>,  <25.888336, 35.925781, 40.260502>, 0.100000
	pigment { color rgbt <1,0,0,0> }
	no_shadow
}

// particle -1
sphere {
	<26.141708, 36.161827, 40.060291> 0.100000
	pigment { color rgbt <1,0,0,0> }
	no_shadow
}
sphere {
	0, 1
	scale<0.080000,0.200000,0.300000>
	matrix <0.422680, 0.277947, 0.862605,
		0.648157, -0.757964, -0.073370,
		0.633431, 0.590115, -0.500530,
		26.331738, 36.338863, 39.910133>
	pigment { color rgbt <0,1,1,0> }
	no_shadow
}
cylinder {
	<26.517824, 35.820774, 40.417152>,  <25.888336, 35.925781, 40.260502>, 0.130000
	pigment { color rgbt <1,0,0,0> }
	no_shadow
}

// nucleotide -1

// particle -1
sphere {
	<26.517824, 35.820774, 40.417152> 0.250000
	pigment { color rgbt <1,0,0,0> }
	no_shadow
}
cylinder {
	<26.480728, 36.218235, 40.391682>,  <26.458469, 36.456711, 40.376400>, 0.100000
	pigment { color rgbt <1,0,0,0> }
	no_shadow
}
cylinder {
	<26.480728, 36.218235, 40.391682>,  <26.517824, 35.820774, 40.417152>, 0.100000
	pigment { color rgbt <1,0,0,0> }
	no_shadow
}

// particle -1
sphere {
	<26.480728, 36.218235, 40.391682> 0.100000
	pigment { color rgbt <1,0,0,0> }
	no_shadow
}
sphere {
	0, 1
	scale<0.080000,0.200000,0.300000>
	matrix <0.272764, 0.086864, 0.958152,
		0.957601, 0.071490, -0.279089,
		-0.092741, 0.993652, -0.063681,
		26.452906, 36.516331, 40.372578>
	pigment { color rgbt <0,1,1,0> }
	no_shadow
}
cylinder {
	<26.712862, 35.217709, 39.903957>,  <26.517824, 35.820774, 40.417152>, 0.130000
	pigment { color rgbt <1,0,0,0> }
	no_shadow
}

// nucleotide -1

// particle -1
sphere {
	<26.712862, 35.217709, 39.903957> 0.250000
	pigment { color rgbt <1,0,0,0> }
	no_shadow
}
cylinder {
	<26.388720, 35.423542, 39.791870>,  <26.194233, 35.547043, 39.724617>, 0.100000
	pigment { color rgbt <1,0,0,0> }
	no_shadow
}
cylinder {
	<26.388720, 35.423542, 39.791870>,  <26.712862, 35.217709, 39.903957>, 0.100000
	pigment { color rgbt <1,0,0,0> }
	no_shadow
}

// particle -1
sphere {
	<26.388720, 35.423542, 39.791870> 0.100000
	pigment { color rgbt <1,0,0,0> }
	no_shadow
}
sphere {
	0, 1
	scale<0.080000,0.200000,0.300000>
	matrix <-0.163317, -0.657647, -0.735410,
		-0.562714, -0.550182, 0.616971,
		-0.810358, 0.514587, -0.280214,
		26.145613, 35.577919, 39.707806>
	pigment { color rgbt <0,1,1,0> }
	no_shadow
}
cylinder {
	<26.057377, 34.851082, 39.880989>,  <26.712862, 35.217709, 39.903957>, 0.130000
	pigment { color rgbt <1,0,0,0> }
	no_shadow
}

// nucleotide -1

// particle -1
sphere {
	<26.057377, 34.851082, 39.880989> 0.250000
	pigment { color rgbt <1,0,0,0> }
	no_shadow
}
cylinder {
	<26.033291, 35.128181, 39.593525>,  <26.018839, 35.294441, 39.421047>, 0.100000
	pigment { color rgbt <1,0,0,0> }
	no_shadow
}
cylinder {
	<26.033291, 35.128181, 39.593525>,  <26.057377, 34.851082, 39.880989>, 0.100000
	pigment { color rgbt <1,0,0,0> }
	no_shadow
}

// particle -1
sphere {
	<26.033291, 35.128181, 39.593525> 0.100000
	pigment { color rgbt <1,0,0,0> }
	no_shadow
}
sphere {
	0, 1
	scale<0.080000,0.200000,0.300000>
	matrix <-0.132177, -0.719162, -0.682155,
		-0.989396, 0.053914, 0.134870,
		-0.060215, 0.692748, -0.718662,
		26.015226, 35.336006, 39.377926>
	pigment { color rgbt <0,1,1,0> }
	no_shadow
}
cylinder {
	<25.459227, 34.643360, 39.516563>,  <26.057377, 34.851082, 39.880989>, 0.130000
	pigment { color rgbt <1,0,0,0> }
	no_shadow
}

// nucleotide -1

// particle -1
sphere {
	<25.459227, 34.643360, 39.516563> 0.250000
	pigment { color rgbt <1,0,0,0> }
	no_shadow
}
cylinder {
	<25.658710, 34.893097, 39.276070>,  <25.778400, 35.042938, 39.131775>, 0.100000
	pigment { color rgbt <1,0,0,0> }
	no_shadow
}
cylinder {
	<25.658710, 34.893097, 39.276070>,  <25.459227, 34.643360, 39.516563>, 0.100000
	pigment { color rgbt <1,0,0,0> }
	no_shadow
}

// particle -1
sphere {
	<25.658710, 34.893097, 39.276070> 0.100000
	pigment { color rgbt <1,0,0,0> }
	no_shadow
}
sphere {
	0, 1
	scale<0.080000,0.200000,0.300000>
	matrix <-0.197735, -0.593411, -0.780234,
		-0.843912, 0.507996, -0.172487,
		0.498711, 0.624342, -0.601236,
		25.808325, 35.080399, 39.095699>
	pigment { color rgbt <0,1,1,0> }
	no_shadow
}
cylinder {
	<25.066311, 34.807442, 38.859585>,  <25.459227, 34.643360, 39.516563>, 0.130000
	pigment { color rgbt <1,0,0,0> }
	no_shadow
}

// nucleotide -1

// particle -1
sphere {
	<25.066311, 34.807442, 38.859585> 0.250000
	pigment { color rgbt <1,0,0,0> }
	no_shadow
}
cylinder {
	<25.441601, 34.897648, 38.754612>,  <25.666775, 34.951771, 38.691628>, 0.100000
	pigment { color rgbt <1,0,0,0> }
	no_shadow
}
cylinder {
	<25.441601, 34.897648, 38.754612>,  <25.066311, 34.807442, 38.859585>, 0.100000
	pigment { color rgbt <1,0,0,0> }
	no_shadow
}

// particle -1
sphere {
	<25.441601, 34.897648, 38.754612> 0.100000
	pigment { color rgbt <1,0,0,0> }
	no_shadow
}
sphere {
	0, 1
	scale<0.080000,0.200000,0.300000>
	matrix <-0.191891, -0.292013, -0.936966,
		-0.287938, 0.929446, -0.230699,
		0.938227, 0.225519, -0.262434,
		25.723068, 34.965305, 38.675880>
	pigment { color rgbt <0,1,1,0> }
	no_shadow
}
cylinder {
	<25.049543, 35.298393, 38.348057>,  <25.066311, 34.807442, 38.859585>, 0.130000
	pigment { color rgbt <1,0,0,0> }
	no_shadow
}

// nucleotide -1

// particle -1
sphere {
	<25.049543, 35.298393, 38.348057> 0.250000
	pigment { color rgbt <1,0,0,0> }
	no_shadow
}
cylinder {
	<25.409269, 35.124825, 38.326363>,  <25.625105, 35.020683, 38.313347>, 0.100000
	pigment { color rgbt <1,0,0,0> }
	no_shadow
}
cylinder {
	<25.409269, 35.124825, 38.326363>,  <25.049543, 35.298393, 38.348057>, 0.100000
	pigment { color rgbt <1,0,0,0> }
	no_shadow
}

// particle -1
sphere {
	<25.409269, 35.124825, 38.326363> 0.100000
	pigment { color rgbt <1,0,0,0> }
	no_shadow
}
sphere {
	0, 1
	scale<0.080000,0.200000,0.300000>
	matrix <-0.250937, -0.410495, -0.876656,
		0.358135, 0.802001, -0.478051,
		0.899316, -0.433922, -0.054239,
		25.679064, 34.994648, 38.310089>
	pigment { color rgbt <0,1,1,0> }
	no_shadow
}
cylinder {
	<25.431545, 35.546436, 37.696468>,  <25.049543, 35.298393, 38.348057>, 0.130000
	pigment { color rgbt <1,0,0,0> }
	no_shadow
}

// nucleotide -1

// particle -1
sphere {
	<25.431545, 35.546436, 37.696468> 0.250000
	pigment { color rgbt <1,0,0,0> }
	no_shadow
}
cylinder {
	<25.541145, 35.185719, 37.830147>,  <25.606905, 34.969288, 37.910355>, 0.100000
	pigment { color rgbt <1,0,0,0> }
	no_shadow
}
cylinder {
	<25.541145, 35.185719, 37.830147>,  <25.431545, 35.546436, 37.696468>, 0.100000
	pigment { color rgbt <1,0,0,0> }
	no_shadow
}

// particle -1
sphere {
	<25.541145, 35.185719, 37.830147> 0.100000
	pigment { color rgbt <1,0,0,0> }
	no_shadow
}
sphere {
	0, 1
	scale<0.080000,0.200000,0.300000>
	matrix <-0.298600, -0.410090, -0.861780,
		0.914200, 0.136337, -0.381641,
		0.274000, -0.901797, 0.334194,
		25.623344, 34.915180, 37.930405>
	pigment { color rgbt <0,1,1,0> }
	no_shadow
}
cylinder {
	<25.821621, 35.189796, 37.196110>,  <25.431545, 35.546436, 37.696468>, 0.130000
	pigment { color rgbt <1,0,0,0> }
	no_shadow
}

// nucleotide -1

// particle -1
sphere {
	<25.821621, 35.189796, 37.196110> 0.250000
	pigment { color rgbt <1,0,0,0> }
	no_shadow
}
cylinder {
	<25.629587, 34.927040, 37.428665>,  <25.514366, 34.769386, 37.568199>, 0.100000
	pigment { color rgbt <1,0,0,0> }
	no_shadow
}
cylinder {
	<25.629587, 34.927040, 37.428665>,  <25.821621, 35.189796, 37.196110>, 0.100000
	pigment { color rgbt <1,0,0,0> }
	no_shadow
}

// particle -1
sphere {
	<25.629587, 34.927040, 37.428665> 0.100000
	pigment { color rgbt <1,0,0,0> }
	no_shadow
}
sphere {
	0, 1
	scale<0.080000,0.200000,0.300000>
	matrix <-0.273333, -0.517754, -0.810691,
		0.833552, -0.548113, 0.069016,
		-0.480084, -0.656889, 0.581392,
		25.485561, 34.729973, 37.603085>
	pigment { color rgbt <0,1,1,0> }
	no_shadow
}
cylinder {
	<26.621120, 35.210674, 37.025646>,  <25.821621, 35.189796, 37.196110>, 0.130000
	pigment { color rgbt <1,0,0,0> }
	no_shadow
}

// nucleotide -1

// particle -1
sphere {
	<26.621120, 35.210674, 37.025646> 0.250000
	pigment { color rgbt <1,0,0,0> }
	no_shadow
}
cylinder {
	<26.379463, 34.954529, 37.215359>,  <26.234468, 34.800842, 37.329185>, 0.100000
	pigment { color rgbt <1,0,0,0> }
	no_shadow
}
cylinder {
	<26.379463, 34.954529, 37.215359>,  <26.621120, 35.210674, 37.025646>, 0.100000
	pigment { color rgbt <1,0,0,0> }
	no_shadow
}

// particle -1
sphere {
	<26.379463, 34.954529, 37.215359> 0.100000
	pigment { color rgbt <1,0,0,0> }
	no_shadow
}
sphere {
	0, 1
	scale<0.080000,0.200000,0.300000>
	matrix <-0.294860, -0.373294, -0.879607,
		0.740315, -0.671257, 0.036706,
		-0.604145, -0.640363, 0.474282,
		26.198219, 34.762421, 37.357643>
	pigment { color rgbt <0,1,1,0> }
	no_shadow
}
cylinder {
	<26.679363, 34.591312, 36.676796>,  <26.621120, 35.210674, 37.025646>, 0.130000
	pigment { color rgbt <1,0,0,0> }
	no_shadow
}

// nucleotide -1

// particle -1
sphere {
	<26.679363, 34.591312, 36.676796> 0.250000
	pigment { color rgbt <1,0,0,0> }
	no_shadow
}
cylinder {
	<26.336948, 34.508606, 36.866302>,  <26.131500, 34.458984, 36.980007>, 0.100000
	pigment { color rgbt <1,0,0,0> }
	no_shadow
}
cylinder {
	<26.336948, 34.508606, 36.866302>,  <26.679363, 34.591312, 36.676796>, 0.100000
	pigment { color rgbt <1,0,0,0> }
	no_shadow
}

// particle -1
sphere {
	<26.336948, 34.508606, 36.866302> 0.100000
	pigment { color rgbt <1,0,0,0> }
	no_shadow
}
sphere {
	0, 1
	scale<0.080000,0.200000,0.300000>
	matrix <-0.408921, -0.289779, -0.865339,
		0.316205, -0.934493, 0.163513,
		-0.856037, -0.206761, 0.473763,
		26.080137, 34.446579, 37.008430>
	pigment { color rgbt <0,1,1,0> }
	no_shadow
}
cylinder {
	<26.533226, 33.861984, 36.506672>,  <26.679363, 34.591312, 36.676796>, 0.130000
	pigment { color rgbt <1,0,0,0> }
	no_shadow
}

// nucleotide -1

// particle -1
sphere {
	<26.533226, 33.861984, 36.506672> 0.250000
	pigment { color rgbt <1,0,0,0> }
	no_shadow
}
cylinder {
	<26.207153, 34.076797, 36.593460>,  <26.011511, 34.205685, 36.645535>, 0.100000
	pigment { color rgbt <1,0,0,0> }
	no_shadow
}
cylinder {
	<26.207153, 34.076797, 36.593460>,  <26.533226, 33.861984, 36.506672>, 0.100000
	pigment { color rgbt <1,0,0,0> }
	no_shadow
}

// particle -1
sphere {
	<26.207153, 34.076797, 36.593460> 0.100000
	pigment { color rgbt <1,0,0,0> }
	no_shadow
}
sphere {
	0, 1
	scale<0.080000,0.200000,0.300000>
	matrix <-0.363717, -0.183087, -0.913339,
		-0.450768, -0.823453, 0.344577,
		-0.815179, 0.537033, 0.216974,
		25.962599, 34.237907, 36.658554>
	pigment { color rgbt <0,1,1,0> }
	no_shadow
}
cylinder {
	<25.954916, 33.667458, 36.160141>,  <26.533226, 33.861984, 36.506672>, 0.130000
	pigment { color rgbt <1,0,0,0> }
	no_shadow
}

// nucleotide -1

// particle -1
sphere {
	<25.954916, 33.667458, 36.160141> 0.250000
	pigment { color rgbt <1,0,0,0> }
	no_shadow
}
cylinder {
	<26.301109, 33.505135, 36.277622>,  <26.508825, 33.407742, 36.348110>, 0.100000
	pigment { color rgbt <1,0,0,0> }
	no_shadow
}
cylinder {
	<26.301109, 33.505135, 36.277622>,  <25.954916, 33.667458, 36.160141>, 0.100000
	pigment { color rgbt <1,0,0,0> }
	no_shadow
}

// particle -1
sphere {
	<26.301109, 33.505135, 36.277622> 0.100000
	pigment { color rgbt <1,0,0,0> }
	no_shadow
}
sphere {
	0, 1
	scale<0.080000,0.200000,0.300000>
	matrix <-0.409550, -0.235602, 0.881340,
		-0.288464, -0.883067, -0.370110,
		0.865481, -0.405814, 0.293697,
		26.560755, 33.383392, 36.365730>
	pigment { color rgbt <0,1,1,0> }
	no_shadow
}
cylinder {
	<25.958641, 32.849991, 36.375118>,  <25.954916, 33.667458, 36.160141>, 0.130000
	pigment { color rgbt <1,0,0,0> }
	no_shadow
}

// nucleotide -1

// particle -1
sphere {
	<25.958641, 32.849991, 36.375118> 0.250000
	pigment { color rgbt <1,0,0,0> }
	no_shadow
}
cylinder {
	<26.224459, 33.080128, 36.565849>,  <26.383949, 33.218212, 36.680286>, 0.100000
	pigment { color rgbt <1,0,0,0> }
	no_shadow
}
cylinder {
	<26.224459, 33.080128, 36.565849>,  <25.958641, 32.849991, 36.375118>, 0.100000
	pigment { color rgbt <1,0,0,0> }
	no_shadow
}

// particle -1
sphere {
	<26.224459, 33.080128, 36.565849> 0.100000
	pigment { color rgbt <1,0,0,0> }
	no_shadow
}
sphere {
	0, 1
	scale<0.080000,0.200000,0.300000>
	matrix <-0.387335, -0.280467, 0.878242,
		0.639026, -0.768320, 0.036469,
		0.664542, 0.575346, 0.476824,
		26.423822, 33.252731, 36.708897>
	pigment { color rgbt <0,1,1,0> }
	no_shadow
}
cylinder {
	<26.229166, 32.404278, 36.923149>,  <25.958641, 32.849991, 36.375118>, 0.130000
	pigment { color rgbt <1,0,0,0> }
	no_shadow
}

// nucleotide -1

// particle -1
sphere {
	<26.229166, 32.404278, 36.923149> 0.250000
	pigment { color rgbt <1,0,0,0> }
	no_shadow
}
cylinder {
	<26.240923, 32.796146, 37.002522>,  <26.247976, 33.031269, 37.050144>, 0.100000
	pigment { color rgbt <1,0,0,0> }
	no_shadow
}
cylinder {
	<26.240923, 32.796146, 37.002522>,  <26.229166, 32.404278, 36.923149>, 0.100000
	pigment { color rgbt <1,0,0,0> }
	no_shadow
}

// particle -1
sphere {
	<26.240923, 32.796146, 37.002522> 0.100000
	pigment { color rgbt <1,0,0,0> }
	no_shadow
}
sphere {
	0, 1
	scale<0.080000,0.200000,0.300000>
	matrix <-0.580200, -0.144931, 0.801475,
		0.813943, -0.138688, 0.564147,
		0.029393, 0.979674, 0.198433,
		26.249741, 33.090050, 37.062050>
	pigment { color rgbt <0,1,1,0> }
	no_shadow
}
cylinder {
	<26.319340, 32.429680, 37.627377>,  <26.229166, 32.404278, 36.923149>, 0.130000
	pigment { color rgbt <1,0,0,0> }
	no_shadow
}

// nucleotide -1

// particle -1
sphere {
	<26.319340, 32.429680, 37.627377> 0.250000
	pigment { color rgbt <1,0,0,0> }
	no_shadow
}
cylinder {
	<26.186577, 32.788887, 37.511860>,  <26.106920, 33.004410, 37.442551>, 0.100000
	pigment { color rgbt <1,0,0,0> }
	no_shadow
}
cylinder {
	<26.186577, 32.788887, 37.511860>,  <26.319340, 32.429680, 37.627377>, 0.100000
	pigment { color rgbt <1,0,0,0> }
	no_shadow
}

// particle -1
sphere {
	<26.186577, 32.788887, 37.511860> 0.100000
	pigment { color rgbt <1,0,0,0> }
	no_shadow
}
sphere {
	0, 1
	scale<0.080000,0.200000,0.300000>
	matrix <-0.697369, -0.027431, 0.716186,
		0.635228, 0.439100, 0.635356,
		-0.331906, 0.898019, -0.288790,
		26.087006, 33.058292, 37.425224>
	pigment { color rgbt <0,1,1,0> }
	no_shadow
}
cylinder {
	<26.300303, 32.908287, 38.260746>,  <26.319340, 32.429680, 37.627377>, 0.130000
	pigment { color rgbt <1,0,0,0> }
	no_shadow
}

// nucleotide -1

// particle -1
sphere {
	<26.300303, 32.908287, 38.260746> 0.250000
	pigment { color rgbt <1,0,0,0> }
	no_shadow
}
cylinder {
	<26.020596, 32.986832, 37.985802>,  <25.852772, 33.033958, 37.820835>, 0.100000
	pigment { color rgbt <1,0,0,0> }
	no_shadow
}
cylinder {
	<26.020596, 32.986832, 37.985802>,  <26.300303, 32.908287, 38.260746>, 0.100000
	pigment { color rgbt <1,0,0,0> }
	no_shadow
}

// particle -1
sphere {
	<26.020596, 32.986832, 37.985802> 0.100000
	pigment { color rgbt <1,0,0,0> }
	no_shadow
}
sphere {
	0, 1
	scale<0.080000,0.200000,0.300000>
	matrix <-0.702719, -0.012352, 0.711360,
		0.131190, 0.980455, 0.146621,
		-0.699268, 0.196357, -0.687364,
		25.810816, 33.045738, 37.779594>
	pigment { color rgbt <0,1,1,0> }
	no_shadow
}
cylinder {
	<27.024017, 32.586033, 38.448345>,  <26.300303, 32.908287, 38.260746>, 0.130000
	pigment { color rgbt <1,0,0,0> }
	no_shadow
}

// nucleotide -1

// particle -1
sphere {
	<27.024017, 32.586033, 38.448345> 0.250000
	pigment { color rgbt <1,0,0,0> }
	no_shadow
}
cylinder {
	<27.245438, 32.505505, 38.125099>,  <27.378290, 32.457188, 37.931152>, 0.100000
	pigment { color rgbt <1,0,0,0> }
	no_shadow
}
cylinder {
	<27.245438, 32.505505, 38.125099>,  <27.024017, 32.586033, 38.448345>, 0.100000
	pigment { color rgbt <1,0,0,0> }
	no_shadow
}

// particle -1
sphere {
	<27.245438, 32.505505, 38.125099> 0.100000
	pigment { color rgbt <1,0,0,0> }
	no_shadow
}
sphere {
	0, 1
	scale<0.080000,0.200000,0.300000>
	matrix <-0.527686, 0.665918, -0.527352,
		0.644305, 0.718349, 0.262387,
		0.553551, -0.201318, -0.808117,
		27.411503, 32.445110, 37.882664>
	pigment { color rgbt <0,1,1,0> }
	no_shadow
}
cylinder {
	<26.422453, 32.551907, 38.903656>,  <27.024017, 32.586033, 38.448345>, 0.130000
	pigment { color rgbt <1,0,0,0> }
	no_shadow
}

// nucleotide -1

// particle -1
sphere {
	<26.422453, 32.551907, 38.903656> 0.250000
	pigment { color rgbt <1,0,0,0> }
	no_shadow
}
cylinder {
	<26.690702, 32.256378, 38.877090>,  <26.851652, 32.079060, 38.861153>, 0.100000
	pigment { color rgbt <1,0,0,0> }
	no_shadow
}
cylinder {
	<26.690702, 32.256378, 38.877090>,  <26.422453, 32.551907, 38.903656>, 0.100000
	pigment { color rgbt <1,0,0,0> }
	no_shadow
}

// particle -1
sphere {
	<26.690702, 32.256378, 38.877090> 0.100000
	pigment { color rgbt <1,0,0,0> }
	no_shadow
}
sphere {
	0, 1
	scale<0.080000,0.200000,0.300000>
	matrix <0.416729, 0.301167, 0.857692,
		-0.613679, -0.602863, 0.509857,
		0.670623, -0.738820, -0.066411,
		26.891890, 32.034733, 38.857166>
	pigment { color rgbt <0,1,1,0> }
	no_shadow
}
cylinder {
	<26.531490, 32.062119, 39.553013>,  <26.422453, 32.551907, 38.903656>, 0.130000
	pigment { color rgbt <1,0,0,0> }
	no_shadow
}

// nucleotide -1

// particle -1
sphere {
	<26.531490, 32.062119, 39.553013> 0.250000
	pigment { color rgbt <1,0,0,0> }
	no_shadow
}
cylinder {
	<26.876255, 32.106907, 39.355198>,  <27.083115, 32.133778, 39.236507>, 0.100000
	pigment { color rgbt <1,0,0,0> }
	no_shadow
}
cylinder {
	<26.876255, 32.106907, 39.355198>,  <26.531490, 32.062119, 39.553013>, 0.100000
	pigment { color rgbt <1,0,0,0> }
	no_shadow
}

// particle -1
sphere {
	<26.876255, 32.106907, 39.355198> 0.100000
	pigment { color rgbt <1,0,0,0> }
	no_shadow
}
sphere {
	0, 1
	scale<0.080000,0.200000,0.300000>
	matrix <0.340660, 0.594541, 0.728335,
		0.375574, -0.796231, 0.474299,
		0.861914, 0.111969, -0.494538,
		27.134829, 32.140499, 39.206837>
	pigment { color rgbt <0,1,1,0> }
	no_shadow
}
cylinder {
	<27.010138, 31.948488, 40.022079>,  <26.531490, 32.062119, 39.553013>, 0.130000
	pigment { color rgbt <1,0,0,0> }
	no_shadow
}

// nucleotide -1

// particle -1
sphere {
	<27.010138, 31.948488, 40.022079> 0.250000
	pigment { color rgbt <1,0,0,0> }
	no_shadow
}
cylinder {
	<27.207582, 32.165272, 39.750011>,  <27.326050, 32.295341, 39.586773>, 0.100000
	pigment { color rgbt <1,0,0,0> }
	no_shadow
}
cylinder {
	<27.207582, 32.165272, 39.750011>,  <27.010138, 31.948488, 40.022079>, 0.100000
	pigment { color rgbt <1,0,0,0> }
	no_shadow
}

// particle -1
sphere {
	<27.207582, 32.165272, 39.750011> 0.100000
	pigment { color rgbt <1,0,0,0> }
	no_shadow
}
sphere {
	0, 1
	scale<0.080000,0.200000,0.300000>
	matrix <0.292562, 0.633029, 0.716716,
		0.818997, -0.552770, 0.153914,
		0.493612, 0.541959, -0.680168,
		27.355665, 32.327858, 39.545959>
	pigment { color rgbt <0,1,1,0> }
	no_shadow
}
cylinder {
	<27.732750, 32.002495, 40.191288>,  <27.010138, 31.948488, 40.022079>, 0.130000
	pigment { color rgbt <1,0,0,0> }
	no_shadow
}

// nucleotide -1

// particle -1
sphere {
	<27.732750, 32.002495, 40.191288> 0.250000
	pigment { color rgbt <1,0,0,0> }
	no_shadow
}
cylinder {
	<27.632801, 32.324402, 39.975918>,  <27.572832, 32.517548, 39.846695>, 0.100000
	pigment { color rgbt <1,0,0,0> }
	no_shadow
}
cylinder {
	<27.632801, 32.324402, 39.975918>,  <27.732750, 32.002495, 40.191288>, 0.100000
	pigment { color rgbt <1,0,0,0> }
	no_shadow
}

// particle -1
sphere {
	<27.632801, 32.324402, 39.975918> 0.100000
	pigment { color rgbt <1,0,0,0> }
	no_shadow
}
sphere {
	0, 1
	scale<0.080000,0.200000,0.300000>
	matrix <0.481249, 0.585744, 0.652153,
		0.840216, -0.096163, -0.533658,
		-0.249874, 0.804771, -0.538430,
		27.557838, 32.565834, 39.814388>
	pigment { color rgbt <0,1,1,0> }
	no_shadow
}
cylinder {
	<28.402245, 32.136513, 39.860462>,  <27.732750, 32.002495, 40.191288>, 0.130000
	pigment { color rgbt <1,0,0,0> }
	no_shadow
}

// nucleotide -1

// particle -1
sphere {
	<28.402245, 32.136513, 39.860462> 0.250000
	pigment { color rgbt <1,0,0,0> }
	no_shadow
}
cylinder {
	<28.249990, 32.406029, 39.607124>,  <28.158638, 32.567738, 39.455120>, 0.100000
	pigment { color rgbt <1,0,0,0> }
	no_shadow
}
cylinder {
	<28.249990, 32.406029, 39.607124>,  <28.402245, 32.136513, 39.860462>, 0.100000
	pigment { color rgbt <1,0,0,0> }
	no_shadow
}

// particle -1
sphere {
	<28.249990, 32.406029, 39.607124> 0.100000
	pigment { color rgbt <1,0,0,0> }
	no_shadow
}
sphere {
	0, 1
	scale<0.080000,0.200000,0.300000>
	matrix <0.317285, 0.738482, 0.594957,
		0.868589, 0.025511, -0.494876,
		-0.380635, 0.673790, -0.633343,
		28.135799, 32.608166, 39.417122>
	pigment { color rgbt <0,1,1,0> }
	no_shadow
}
cylinder {
	<28.977373, 32.676353, 39.621014>,  <28.402245, 32.136513, 39.860462>, 0.130000
	pigment { color rgbt <1,0,0,0> }
	no_shadow
}

// nucleotide -1

// particle -1
sphere {
	<28.977373, 32.676353, 39.621014> 0.250000
	pigment { color rgbt <1,0,0,0> }
	no_shadow
}
cylinder {
	<28.606846, 32.826988, 39.625324>,  <28.384529, 32.917370, 39.627911>, 0.100000
	pigment { color rgbt <1,0,0,0> }
	no_shadow
}
cylinder {
	<28.606846, 32.826988, 39.625324>,  <28.977373, 32.676353, 39.621014>, 0.100000
	pigment { color rgbt <1,0,0,0> }
	no_shadow
}

// particle -1
sphere {
	<28.606846, 32.826988, 39.625324> 0.100000
	pigment { color rgbt <1,0,0,0> }
	no_shadow
}
sphere {
	0, 1
	scale<0.080000,0.200000,0.300000>
	matrix <0.274867, 0.655981, 0.702949,
		0.257651, 0.654117, -0.711159,
		-0.926318, 0.376590, 0.010781,
		28.328951, 32.939964, 39.628559>
	pigment { color rgbt <0,1,1,0> }
	no_shadow
}
cylinder {
	<29.066397, 33.365902, 39.683647>,  <28.977373, 32.676353, 39.621014>, 0.130000
	pigment { color rgbt <1,0,0,0> }
	no_shadow
}

// nucleotide -1

// particle -1
sphere {
	<29.066397, 33.365902, 39.683647> 0.250000
	pigment { color rgbt <1,0,0,0> }
	no_shadow
}
cylinder {
	<28.688154, 33.314640, 39.803249>,  <28.461208, 33.283882, 39.875011>, 0.100000
	pigment { color rgbt <1,0,0,0> }
	no_shadow
}
cylinder {
	<28.688154, 33.314640, 39.803249>,  <29.066397, 33.365902, 39.683647>, 0.100000
	pigment { color rgbt <1,0,0,0> }
	no_shadow
}

// particle -1
sphere {
	<28.688154, 33.314640, 39.803249> 0.100000
	pigment { color rgbt <1,0,0,0> }
	no_shadow
}
sphere {
	0, 1
	scale<0.080000,0.200000,0.300000>
	matrix <0.118925, 0.719340, 0.684403,
		-0.302797, 0.682735, -0.664972,
		-0.945606, -0.128153, 0.299008,
		28.404472, 33.276196, 39.892952>
	pigment { color rgbt <0,1,1,0> }
	no_shadow
}
cylinder {
	<28.802849, 33.968861, 39.977703>,  <29.066397, 33.365902, 39.683647>, 0.130000
	pigment { color rgbt <1,0,0,0> }
	no_shadow
}

// nucleotide -1

// particle -1
sphere {
	<28.802849, 33.968861, 39.977703> 0.250000
	pigment { color rgbt <1,0,0,0> }
	no_shadow
}
cylinder {
	<28.578012, 33.686180, 40.149574>,  <28.443111, 33.516571, 40.252697>, 0.100000
	pigment { color rgbt <1,0,0,0> }
	no_shadow
}
cylinder {
	<28.578012, 33.686180, 40.149574>,  <28.802849, 33.968861, 39.977703>, 0.100000
	pigment { color rgbt <1,0,0,0> }
	no_shadow
}

// particle -1
sphere {
	<28.578012, 33.686180, 40.149574> 0.100000
	pigment { color rgbt <1,0,0,0> }
	no_shadow
}
sphere {
	0, 1
	scale<0.080000,0.200000,0.300000>
	matrix <-0.160217, 0.602712, 0.781709,
		-0.811410, 0.370548, -0.452004,
		-0.562089, -0.706705, 0.429678,
		28.409386, 33.474167, 40.278477>
	pigment { color rgbt <0,1,1,0> }
	no_shadow
}
cylinder {
	<28.466696, 34.294678, 40.488228>,  <28.802849, 33.968861, 39.977703>, 0.130000
	pigment { color rgbt <1,0,0,0> }
	no_shadow
}

// nucleotide -1

// particle -1
sphere {
	<28.466696, 34.294678, 40.488228> 0.250000
	pigment { color rgbt <1,0,0,0> }
	no_shadow
}
cylinder {
	<28.427252, 33.904053, 40.564762>,  <28.403585, 33.669678, 40.610683>, 0.100000
	pigment { color rgbt <1,0,0,0> }
	no_shadow
}
cylinder {
	<28.427252, 33.904053, 40.564762>,  <28.466696, 34.294678, 40.488228>, 0.100000
	pigment { color rgbt <1,0,0,0> }
	no_shadow
}

// particle -1
sphere {
	<28.427252, 33.904053, 40.564762> 0.100000
	pigment { color rgbt <1,0,0,0> }
	no_shadow
}
sphere {
	0, 1
	scale<0.080000,0.200000,0.300000>
	matrix <-0.123015, 0.202764, 0.971470,
		-0.987494, 0.072258, -0.140125,
		-0.098609, -0.976558, 0.191339,
		28.397669, 33.611084, 40.622166>
	pigment { color rgbt <0,1,1,0> }
	no_shadow
}
cylinder {
	<28.027256, 34.212044, 40.986652>,  <28.466696, 34.294678, 40.488228>, 0.130000
	pigment { color rgbt <1,0,0,0> }
	no_shadow
}

// nucleotide -1

// particle -1
sphere {
	<28.027256, 34.212044, 40.986652> 0.250000
	pigment { color rgbt <1,0,0,0> }
	no_shadow
}
cylinder {
	<28.146828, 33.831444, 41.015747>,  <28.218571, 33.603085, 41.033203>, 0.100000
	pigment { color rgbt <1,0,0,0> }
	no_shadow
}
cylinder {
	<28.146828, 33.831444, 41.015747>,  <28.027256, 34.212044, 40.986652>, 0.100000
	pigment { color rgbt <1,0,0,0> }
	no_shadow
}

// particle -1
sphere {
	<28.146828, 33.831444, 41.015747> 0.100000
	pigment { color rgbt <1,0,0,0> }
	no_shadow
}
sphere {
	0, 1
	scale<0.080000,0.200000,0.300000>
	matrix <-0.068006, 0.054789, 0.996179,
		-0.951849, -0.302733, -0.048329,
		0.298929, -0.951499, 0.072739,
		28.236506, 33.545994, 41.037567>
	pigment { color rgbt <0,1,1,0> }
	no_shadow
}
cylinder {
	<27.539268, 33.787678, 41.316135>,  <28.027256, 34.212044, 40.986652>, 0.130000
	pigment { color rgbt <1,0,0,0> }
	no_shadow
}

// nucleotide -1

// particle -1
sphere {
	<27.539268, 33.787678, 41.316135> 0.250000
	pigment { color rgbt <1,0,0,0> }
	no_shadow
}
cylinder {
	<27.894724, 33.645123, 41.431587>,  <28.107998, 33.559589, 41.500858>, 0.100000
	pigment { color rgbt <1,0,0,0> }
	no_shadow
}
cylinder {
	<27.894724, 33.645123, 41.431587>,  <27.539268, 33.787678, 41.316135>, 0.100000
	pigment { color rgbt <1,0,0,0> }
	no_shadow
}

// particle -1
sphere {
	<27.894724, 33.645123, 41.431587> 0.100000
	pigment { color rgbt <1,0,0,0> }
	no_shadow
}
sphere {
	0, 1
	scale<0.080000,0.200000,0.300000>
	matrix <-0.368546, -0.180396, 0.911938,
		-0.272942, -0.916755, -0.291654,
		0.888637, -0.356394, 0.288629,
		28.161316, 33.538204, 41.518177>
	pigment { color rgbt <0,1,1,0> }
	no_shadow
}
cylinder {
	<27.553122, 33.222931, 40.922039>,  <27.539268, 33.787678, 41.316135>, 0.130000
	pigment { color rgbt <1,0,0,0> }
	no_shadow
}

// nucleotide -1

// particle -1
sphere {
	<27.553122, 33.222931, 40.922039> 0.250000
	pigment { color rgbt <1,0,0,0> }
	no_shadow
}
cylinder {
	<27.784975, 33.385326, 40.639423>,  <27.924088, 33.482765, 40.469852>, 0.100000
	pigment { color rgbt <1,0,0,0> }
	no_shadow
}
cylinder {
	<27.784975, 33.385326, 40.639423>,  <27.553122, 33.222931, 40.922039>, 0.100000
	pigment { color rgbt <1,0,0,0> }
	no_shadow
}

// particle -1
sphere {
	<27.784975, 33.385326, 40.639423> 0.100000
	pigment { color rgbt <1,0,0,0> }
	no_shadow
}
sphere {
	0, 1
	scale<0.080000,0.200000,0.300000>
	matrix <-0.263866, -0.726821, -0.634118,
