// switches for output
#declare DRAW_BASES = 1; // possible values are 0, 1; only relevant for DNA ribbons
#declare DRAW_BASES_TYPE = 3; // possible values are 1, 2, 3; only relevant for DNA ribbons
#declare DRAW_FOG = 0; // set to 1 to enable fog

#include "colors.inc"

#include "transforms.inc"
background { rgb <1, 1, 1>}

#default {
   normal{
       ripples 0.25
       frequency 0.20
       turbulence 0.2
       lambda 5
   }
	finish {
		phong 0.1
		phong_size 40.
	}
}

// original window dimensions: 1024x640


// camera settings

camera {
	sky <0, 0.179814, -0.983701>
	up <0, 0.179814, -0.983701>
	right 1.6 * <1, 0, 0>
	location <35, 94.9851, 44.8844>
	look_at <35, 29.7336, 32.9568>
	direction <0, -65.2515, -11.9276>
	angle 67.0682
}


# declare cpy_camera_pos = <35, 94.9851, 44.8844>;
# if (DRAW_FOG = 1)
fog {
	fog_type 2
	up vnormalize(cpy_camera_pos)
	color rgbt<1,1,1,0.3>
	distance 1e-5
	fog_alt 3e-3
	fog_offset 56
}
# end


// LIGHTS

# declare lum = 6;
global_settings {
	ambient_light rgb lum * <0.05, 0.05, 0.05>
	max_trace_level 15
}# declare cpy_direct_light_amount = 0.25;
light_source
{	1000 * <-1, -1.16352, -0.803886>,
	rgb lum * cpy_direct_light_amount
	parallel
}

light_source
{	1000 * <1, 1.16352, 0.803886>,
	rgb lum * cpy_direct_light_amount
	parallel
}

// strand 0

// nucleotide -1

// particle -1
sphere {
	<24.248123, 34.745514, 34.896591> 0.250000
	pigment { color rgbt <1,0,0,0> }
	no_shadow
}
cylinder {
	<24.060041, 34.886303, 35.220325>,  <23.947193, 34.970776, 35.414566>, 0.100000
	pigment { color rgbt <1,0,0,0> }
	no_shadow
}
cylinder {
	<24.060041, 34.886303, 35.220325>,  <24.248123, 34.745514, 34.896591>, 0.100000
	pigment { color rgbt <1,0,0,0> }
	no_shadow
}

// particle -1
sphere {
	<24.060041, 34.886303, 35.220325> 0.100000
	pigment { color rgbt <1,0,0,0> }
	no_shadow
}
sphere {
	0, 1
	scale<0.080000,0.200000,0.300000>
	matrix <0.628823, -0.509844, 0.587061,
		0.619265, 0.784966, 0.018400,
		-0.470204, 0.351977, 0.809333,
		23.918980, 34.991898, 35.463127>
	pigment { color rgbt <0,1,1,0> }
	no_shadow
}
cylinder {
	<24.927147, 34.537827, 35.301327>,  <24.248123, 34.745514, 34.896591>, 0.130000
	pigment { color rgbt <1,0,0,0> }
	no_shadow
}

// nucleotide -1

// particle -1
sphere {
	<24.927147, 34.537827, 35.301327> 0.250000
	pigment { color rgbt <1,0,0,0> }
	no_shadow
}
cylinder {
	<25.241850, 34.298229, 35.360958>,  <25.430672, 34.154472, 35.396736>, 0.100000
	pigment { color rgbt <1,0,0,0> }
	no_shadow
}
cylinder {
	<25.241850, 34.298229, 35.360958>,  <24.927147, 34.537827, 35.301327>, 0.100000
	pigment { color rgbt <1,0,0,0> }
	no_shadow
}

// particle -1
sphere {
	<25.241850, 34.298229, 35.360958> 0.100000
	pigment { color rgbt <1,0,0,0> }
	no_shadow
}
sphere {
	0, 1
	scale<0.080000,0.200000,0.300000>
	matrix <0.124970, 0.391081, 0.911832,
		-0.604482, -0.698759, 0.382541,
		0.786755, -0.598993, 0.149078,
		25.477877, 34.118530, 35.405682>
	pigment { color rgbt <0,1,1,0> }
	no_shadow
}
cylinder {
	<24.828745, 34.328125, 35.964046>,  <24.927147, 34.537827, 35.301327>, 0.130000
	pigment { color rgbt <1,0,0,0> }
	no_shadow
}

// nucleotide -1

// particle -1
sphere {
	<24.828745, 34.328125, 35.964046> 0.250000
	pigment { color rgbt <1,0,0,0> }
	no_shadow
}
cylinder {
	<25.218510, 34.283939, 35.885746>,  <25.452368, 34.257427, 35.838764>, 0.100000
	pigment { color rgbt <1,0,0,0> }
	no_shadow
}
cylinder {
	<25.218510, 34.283939, 35.885746>,  <24.828745, 34.328125, 35.964046>, 0.100000
	pigment { color rgbt <1,0,0,0> }
	no_shadow
}

// particle -1
sphere {
	<25.218510, 34.283939, 35.885746> 0.100000
	pigment { color rgbt <1,0,0,0> }
	no_shadow
}
sphere {
	0, 1
	scale<0.080000,0.200000,0.300000>
	matrix <0.224400, 0.428069, 0.875444,
		-0.012908, -0.896970, 0.441903,
		0.974411, -0.110464, -0.195754,
		25.510834, 34.250801, 35.827019>
	pigment { color rgbt <0,1,1,0> }
	no_shadow
}
cylinder {
	<25.060522, 34.140232, 36.606716>,  <24.828745, 34.328125, 35.964046>, 0.130000
	pigment { color rgbt <1,0,0,0> }
	no_shadow
}

// nucleotide -1

// particle -1
sphere {
	<25.060522, 34.140232, 36.606716> 0.250000
	pigment { color rgbt <1,0,0,0> }
	no_shadow
}
cylinder {
	<25.384693, 34.230068, 36.390285>,  <25.579195, 34.283970, 36.260426>, 0.100000
	pigment { color rgbt <1,0,0,0> }
	no_shadow
}
cylinder {
	<25.384693, 34.230068, 36.390285>,  <25.060522, 34.140232, 36.606716>, 0.100000
	pigment { color rgbt <1,0,0,0> }
	no_shadow
}

// particle -1
sphere {
	<25.384693, 34.230068, 36.390285> 0.100000
	pigment { color rgbt <1,0,0,0> }
	no_shadow
}
sphere {
	0, 1
	scale<0.080000,0.200000,0.300000>
	matrix <0.458691, 0.331284, 0.824532,
		0.364443, -0.916409, 0.165458,
		0.810422, 0.224601, -0.541082,
		25.627821, 34.297447, 36.227962>
	pigment { color rgbt <0,1,1,0> }
	no_shadow
}
cylinder {
	<25.547550, 33.821774, 36.909107>,  <25.060522, 34.140232, 36.606716>, 0.130000
	pigment { color rgbt <1,0,0,0> }
	no_shadow
}

// nucleotide -1

// particle -1
sphere {
	<25.547550, 33.821774, 36.909107> 0.250000
	pigment { color rgbt <1,0,0,0> }
	no_shadow
}
cylinder {
	<25.687843, 34.137928, 36.708199>,  <25.772018, 34.327621, 36.587654>, 0.100000
	pigment { color rgbt <1,0,0,0> }
	no_shadow
}
cylinder {
	<25.687843, 34.137928, 36.708199>,  <25.547550, 33.821774, 36.909107>, 0.100000
	pigment { color rgbt <1,0,0,0> }
	no_shadow
}

// particle -1
sphere {
	<25.687843, 34.137928, 36.708199> 0.100000
	pigment { color rgbt <1,0,0,0> }
	no_shadow
}
sphere {
	0, 1
	scale<0.080000,0.200000,0.300000>
	matrix <0.309377, 0.408431, 0.858761,
		0.883897, -0.456584, -0.101279,
		0.350731, 0.790390, -0.502267,
		25.793062, 34.375046, 36.557518>
	pigment { color rgbt <0,1,1,0> }
	no_shadow
}
cylinder {
	<26.230061, 33.939758, 37.123123>,  <25.547550, 33.821774, 36.909107>, 0.130000
	pigment { color rgbt <1,0,0,0> }
	no_shadow
}

// nucleotide -1

// particle -1
sphere {
	<26.230061, 33.939758, 37.123123> 0.250000
	pigment { color rgbt <1,0,0,0> }
	no_shadow
}
cylinder {
	<26.036083, 34.267338, 37.000389>,  <25.919697, 34.463886, 36.926750>, 0.100000
	pigment { color rgbt <1,0,0,0> }
	no_shadow
}
cylinder {
	<26.036083, 34.267338, 37.000389>,  <26.230061, 33.939758, 37.123123>, 0.100000
	pigment { color rgbt <1,0,0,0> }
	no_shadow
}

// particle -1
sphere {
	<26.036083, 34.267338, 37.000389> 0.100000
	pigment { color rgbt <1,0,0,0> }
	no_shadow
}
sphere {
	0, 1
	scale<0.080000,0.200000,0.300000>
	matrix <0.377148, 0.512385, 0.771505,
		0.789043, 0.258416, -0.557345,
		-0.484944, 0.818952, -0.306833,
		25.890600, 34.513023, 36.908340>
	pigment { color rgbt <0,1,1,0> }
	no_shadow
}
cylinder {
	<26.710602, 34.399471, 37.204590>,  <26.230061, 33.939758, 37.123123>, 0.130000
	pigment { color rgbt <1,0,0,0> }
	no_shadow
}

// nucleotide -1

// particle -1
sphere {
	<26.710602, 34.399471, 37.204590> 0.250000
	pigment { color rgbt <1,0,0,0> }
	no_shadow
}
cylinder {
	<26.357639, 34.585415, 37.233627>,  <26.145863, 34.696980, 37.251049>, 0.100000
	pigment { color rgbt <1,0,0,0> }
	no_shadow
}
cylinder {
	<26.357639, 34.585415, 37.233627>,  <26.710602, 34.399471, 37.204590>, 0.100000
	pigment { color rgbt <1,0,0,0> }
	no_shadow
}

// particle -1
sphere {
	<26.357639, 34.585415, 37.233627> 0.100000
	pigment { color rgbt <1,0,0,0> }
	no_shadow
}
sphere {
	0, 1
	scale<0.080000,0.200000,0.300000>
	matrix <0.337619, 0.518173, 0.785818,
		0.327678, 0.717918, -0.614183,
		-0.882406, 0.464855, 0.072589,
		26.092918, 34.724873, 37.255405>
	pigment { color rgbt <0,1,1,0> }
	no_shadow
}
cylinder {
	<26.678082, 35.162804, 36.919617>,  <26.710602, 34.399471, 37.204590>, 0.130000
	pigment { color rgbt <1,0,0,0> }
	no_shadow
}

// nucleotide -1

// particle -1
sphere {
	<26.678082, 35.162804, 36.919617> 0.250000
	pigment { color rgbt <1,0,0,0> }
	no_shadow
}
cylinder {
	<26.454123, 35.069893, 37.237751>,  <26.319748, 35.014149, 37.428631>, 0.100000
	pigment { color rgbt <1,0,0,0> }
	no_shadow
}
cylinder {
	<26.454123, 35.069893, 37.237751>,  <26.678082, 35.162804, 36.919617>, 0.100000
	pigment { color rgbt <1,0,0,0> }
	no_shadow
}

// particle -1
sphere {
	<26.454123, 35.069893, 37.237751> 0.100000
	pigment { color rgbt <1,0,0,0> }
	no_shadow
}
sphere {
	0, 1
	scale<0.080000,0.200000,0.300000>
	matrix <0.548449, 0.615615, 0.565881,
		-0.621063, 0.753038, -0.217290,
		-0.559897, -0.232275, 0.795339,
		26.286154, 35.000210, 37.476353>
	pigment { color rgbt <0,1,1,0> }
	no_shadow
}
cylinder {
	<26.463306, 35.754360, 37.269226>,  <26.678082, 35.162804, 36.919617>, 0.130000
	pigment { color rgbt <1,0,0,0> }
	no_shadow
}

// nucleotide -1

// particle -1
sphere {
	<26.463306, 35.754360, 37.269226> 0.250000
	pigment { color rgbt <1,0,0,0> }
	no_shadow
}
cylinder {
	<26.441658, 35.471123, 37.550842>,  <26.428669, 35.301182, 37.719810>, 0.100000
	pigment { color rgbt <1,0,0,0> }
	no_shadow
}
cylinder {
	<26.441658, 35.471123, 37.550842>,  <26.463306, 35.754360, 37.269226>, 0.100000
	pigment { color rgbt <1,0,0,0> }
	no_shadow
}

// particle -1
sphere {
	<26.441658, 35.471123, 37.550842> 0.100000
	pigment { color rgbt <1,0,0,0> }
	no_shadow
}
sphere {
	0, 1
	scale<0.080000,0.200000,0.300000>
	matrix <0.605854, 0.537176, 0.586841,
		-0.793733, 0.458305, 0.399931,
		-0.054119, -0.708095, 0.704040,
		26.425423, 35.258694, 37.762054>
	pigment { color rgbt <0,1,1,0> }
	no_shadow
}
cylinder {
	<26.339249, 36.083698, 37.891464>,  <26.463306, 35.754360, 37.269226>, 0.130000
	pigment { color rgbt <1,0,0,0> }
	no_shadow
}

// nucleotide -1

// particle -1
sphere {
	<26.339249, 36.083698, 37.891464> 0.250000
	pigment { color rgbt <1,0,0,0> }
	no_shadow
}
cylinder {
	<26.489443, 35.729324, 38.000370>,  <26.579559, 35.516701, 38.065712>, 0.100000
	pigment { color rgbt <1,0,0,0> }
	no_shadow
}
cylinder {
	<26.489443, 35.729324, 38.000370>,  <26.339249, 36.083698, 37.891464>, 0.100000
	pigment { color rgbt <1,0,0,0> }
	no_shadow
}

// particle -1
sphere {
	<26.489443, 35.729324, 38.000370> 0.100000
	pigment { color rgbt <1,0,0,0> }
	no_shadow
}
sphere {
	0, 1
	scale<0.080000,0.200000,0.300000>
	matrix <0.622244, 0.458679, 0.634371,
		-0.686893, -0.068785, 0.723496,
		0.375488, -0.885936, 0.272262,
		26.602089, 35.463543, 38.082050>
	pigment { color rgbt <0,1,1,0> }
	no_shadow
}
cylinder {
	<26.351368, 36.072975, 38.569965>,  <26.339249, 36.083698, 37.891464>, 0.130000
	pigment { color rgbt <1,0,0,0> }
	no_shadow
}

// nucleotide -1

// particle -1
sphere {
	<26.351368, 36.072975, 38.569965> 0.250000
	pigment { color rgbt <1,0,0,0> }
	no_shadow
}
cylinder {
	<26.646225, 35.831120, 38.449276>,  <26.823139, 35.686008, 38.376862>, 0.100000
	pigment { color rgbt <1,0,0,0> }
	no_shadow
}
cylinder {
	<26.646225, 35.831120, 38.449276>,  <26.351368, 36.072975, 38.569965>, 0.100000
	pigment { color rgbt <1,0,0,0> }
	no_shadow
}

// particle -1
sphere {
	<26.646225, 35.831120, 38.449276> 0.100000
	pigment { color rgbt <1,0,0,0> }
	no_shadow
}
sphere {
	0, 1
	scale<0.080000,0.200000,0.300000>
	matrix <0.635059, 0.467280, 0.615101,
		-0.230921, -0.645031, 0.728431,
		0.737140, -0.604636, -0.301728,
		26.867367, 35.649727, 38.358757>
	pigment { color rgbt <0,1,1,0> }
	no_shadow
}
cylinder {
	<26.914696, 35.966446, 39.122166>,  <26.351368, 36.072975, 38.569965>, 0.130000
	pigment { color rgbt <1,0,0,0> }
	no_shadow
}

// nucleotide -1

// particle -1
sphere {
	<26.914696, 35.966446, 39.122166> 0.250000
	pigment { color rgbt <1,0,0,0> }
	no_shadow
}
cylinder {
	<27.067497, 35.922039, 38.755177>,  <27.159178, 35.895393, 38.534985>, 0.100000
	pigment { color rgbt <1,0,0,0> }
	no_shadow
}
cylinder {
	<27.067497, 35.922039, 38.755177>,  <26.914696, 35.966446, 39.122166>, 0.100000
	pigment { color rgbt <1,0,0,0> }
	no_shadow
}

// particle -1
sphere {
	<27.067497, 35.922039, 38.755177> 0.100000
	pigment { color rgbt <1,0,0,0> }
	no_shadow
}
sphere {
	0, 1
	scale<0.080000,0.200000,0.300000>
	matrix <0.711531, 0.668849, 0.215323,
		0.589742, -0.735062, 0.334497,
		0.382004, -0.111020, -0.917468,
		27.182098, 35.888733, 38.479935>
	pigment { color rgbt <0,1,1,0> }
	no_shadow
}
cylinder {
	<27.676773, 35.727688, 39.147438>,  <26.914696, 35.966446, 39.122166>, 0.130000
	pigment { color rgbt <1,0,0,0> }
	no_shadow
}

// nucleotide -1

// particle -1
sphere {
	<27.676773, 35.727688, 39.147438> 0.250000
	pigment { color rgbt <1,0,0,0> }
	no_shadow
}
cylinder {
	<27.528030, 35.963150, 38.860329>,  <27.438784, 36.104427, 38.688061>, 0.100000
	pigment { color rgbt <1,0,0,0> }
	no_shadow
}
cylinder {
	<27.528030, 35.963150, 38.860329>,  <27.676773, 35.727688, 39.147438>, 0.100000
	pigment { color rgbt <1,0,0,0> }
	no_shadow
}

// particle -1
sphere {
	<27.528030, 35.963150, 38.860329> 0.100000
	pigment { color rgbt <1,0,0,0> }
	no_shadow
}
sphere {
	0, 1
	scale<0.080000,0.200000,0.300000>
	matrix <0.690546, 0.692162, 0.209902,
		0.620378, -0.417603, -0.663882,
		-0.371858, 0.588660, -0.717775,
		27.416473, 36.139748, 38.644997>
	pigment { color rgbt <0,1,1,0> }
	no_shadow
}
cylinder {
	<28.251345, 36.025394, 38.789944>,  <27.676773, 35.727688, 39.147438>, 0.130000
	pigment { color rgbt <1,0,0,0> }
	no_shadow
}

// nucleotide -1

// particle -1
sphere {
	<28.251345, 36.025394, 38.789944> 0.250000
	pigment { color rgbt <1,0,0,0> }
	no_shadow
}
cylinder {
	<27.920132, 36.248856, 38.770901>,  <27.721403, 36.382931, 38.759476>, 0.100000
	pigment { color rgbt <1,0,0,0> }
	no_shadow
}
cylinder {
	<27.920132, 36.248856, 38.770901>,  <28.251345, 36.025394, 38.789944>, 0.100000
	pigment { color rgbt <1,0,0,0> }
	no_shadow
}

// particle -1
sphere {
	<27.920132, 36.248856, 38.770901> 0.100000
	pigment { color rgbt <1,0,0,0> }
	no_shadow
}
sphere {
	0, 1
	scale<0.080000,0.200000,0.300000>
	matrix <0.539477, 0.816976, 0.203749,
		0.152718, 0.143028, -0.977865,
		-0.828035, 0.558652, -0.047607,
		27.671721, 36.416451, 38.756618>
	pigment { color rgbt <0,1,1,0> }
	no_shadow
}
cylinder {
	<28.585855, 35.664589, 38.203224>,  <28.251345, 36.025394, 38.789944>, 0.130000
	pigment { color rgbt <1,0,0,0> }
	no_shadow
}

// nucleotide -1

// particle -1
sphere {
	<28.585855, 35.664589, 38.203224> 0.250000
	pigment { color rgbt <1,0,0,0> }
	no_shadow
}
cylinder {
	<28.770046, 35.405399, 37.960545>,  <28.880562, 35.249886, 37.814938>, 0.100000
	pigment { color rgbt <1,0,0,0> }
	no_shadow
}
cylinder {
	<28.770046, 35.405399, 37.960545>,  <28.585855, 35.664589, 38.203224>, 0.100000
	pigment { color rgbt <1,0,0,0> }
	no_shadow
}

// particle -1
sphere {
	<28.770046, 35.405399, 37.960545> 0.100000
	pigment { color rgbt <1,0,0,0> }
	no_shadow
}
sphere {
	0, 1
	scale<0.080000,0.200000,0.300000>
	matrix <-0.681459, -0.696034, 0.226165,
		-0.568835, 0.309299, -0.762077,
		0.460479, -0.647974, -0.606703,
		28.908190, 35.211006, 37.778534>
	pigment { color rgbt <0,1,1,0> }
	no_shadow
}
cylinder {
	<28.084009, 35.214180, 38.243198>,  <28.585855, 35.664589, 38.203224>, 0.130000
	pigment { color rgbt <1,0,0,0> }
	no_shadow
}

// nucleotide -1

// particle -1
sphere {
	<28.084009, 35.214180, 38.243198> 0.250000
	pigment { color rgbt <1,0,0,0> }
	no_shadow
}
cylinder {
	<27.732552, 35.331684, 38.393764>,  <27.521677, 35.402187, 38.484104>, 0.100000
	pigment { color rgbt <1,0,0,0> }
	no_shadow
}
cylinder {
	<27.732552, 35.331684, 38.393764>,  <28.084009, 35.214180, 38.243198>, 0.100000
	pigment { color rgbt <1,0,0,0> }
	no_shadow
}

// particle -1
sphere {
	<27.732552, 35.331684, 38.393764> 0.100000
	pigment { color rgbt <1,0,0,0> }
	no_shadow
}
sphere {
	0, 1
	scale<0.080000,0.200000,0.300000>
	matrix <-0.473805, -0.633956, -0.611235,
		0.059075, -0.715407, 0.696206,
		-0.878646, 0.293757, 0.376415,
		27.468958, 35.419811, 38.506687>
	pigment { color rgbt <0,1,1,0> }
	no_shadow
}
cylinder {
	<27.641249, 34.688164, 38.078777>,  <28.084009, 35.214180, 38.243198>, 0.130000
	pigment { color rgbt <1,0,0,0> }
	no_shadow
}

// nucleotide -1

// particle -1
sphere {
	<27.641249, 34.688164, 38.078777> 0.250000
	pigment { color rgbt <1,0,0,0> }
	no_shadow
}
cylinder {
	<27.379982, 34.963840, 38.204243>,  <27.223221, 35.129246, 38.279522>, 0.100000
	pigment { color rgbt <1,0,0,0> }
	no_shadow
}
cylinder {
	<27.379982, 34.963840, 38.204243>,  <27.641249, 34.688164, 38.078777>, 0.100000
	pigment { color rgbt <1,0,0,0> }
	no_shadow
}

// particle -1
sphere {
	<27.379982, 34.963840, 38.204243> 0.100000
	pigment { color rgbt <1,0,0,0> }
	no_shadow
}
sphere {
	0, 1
	scale<0.080000,0.200000,0.300000>
	matrix <-0.756256, -0.572916, -0.315982,
		-0.038071, -0.443597, 0.895417,
		-0.653168, 0.689194, 0.313662,
		27.184032, 35.170597, 38.298340>
	pigment { color rgbt <0,1,1,0> }
	no_shadow
}
cylinder {
	<27.159391, 34.345909, 38.350441>,  <27.641249, 34.688164, 38.078777>, 0.130000
	pigment { color rgbt <1,0,0,0> }
	no_shadow
}

// nucleotide -1

// particle -1
sphere {
	<27.159391, 34.345909, 38.350441> 0.250000
	pigment { color rgbt <1,0,0,0> }
	no_shadow
}
cylinder {
	<26.969488, 34.695229, 38.306705>,  <26.855547, 34.904819, 38.280464>, 0.100000
	pigment { color rgbt <1,0,0,0> }
	no_shadow
}
cylinder {
	<26.969488, 34.695229, 38.306705>,  <27.159391, 34.345909, 38.350441>, 0.100000
	pigment { color rgbt <1,0,0,0> }
	no_shadow
}

// particle -1
sphere {
	<26.969488, 34.695229, 38.306705> 0.100000
	pigment { color rgbt <1,0,0,0> }
	no_shadow
}
sphere {
	0, 1
	scale<0.080000,0.200000,0.300000>
	matrix <-0.757350, -0.468659, -0.454731,
		-0.448358, -0.133080, 0.883892,
		-0.474759, 0.873297, -0.109339,
		26.827061, 34.957218, 38.273903>
	pigment { color rgbt <0,1,1,0> }
	no_shadow
}
cylinder {
	<26.467482, 34.281918, 38.664619>,  <27.159391, 34.345909, 38.350441>, 0.130000
	pigment { color rgbt <1,0,0,0> }
	no_shadow
}

// nucleotide -1

// particle -1
sphere {
	<26.467482, 34.281918, 38.664619> 0.250000
	pigment { color rgbt <1,0,0,0> }
	no_shadow
}
cylinder {
	<26.460087, 34.569305, 38.386494>,  <26.455650, 34.741737, 38.219620>, 0.100000
	pigment { color rgbt <1,0,0,0> }
	no_shadow
}
cylinder {
	<26.460087, 34.569305, 38.386494>,  <26.467482, 34.281918, 38.664619>, 0.100000
	pigment { color rgbt <1,0,0,0> }
	no_shadow
}

// particle -1
sphere {
	<26.460087, 34.569305, 38.386494> 0.100000
	pigment { color rgbt <1,0,0,0> }
	no_shadow
}
sphere {
	0, 1
	scale<0.080000,0.200000,0.300000>
	matrix <-0.792212, -0.434786, -0.428207,
		-0.609966, 0.542918, 0.577219,
		-0.018486, 0.718472, -0.695310,
		26.454540, 34.784847, 38.177902>
	pigment { color rgbt <0,1,1,0> }
	no_shadow
}
cylinder {
	<25.694006, 34.489166, 38.513786>,  <26.467482, 34.281918, 38.664619>, 0.130000
	pigment { color rgbt <1,0,0,0> }
	no_shadow
}

// nucleotide -1

// particle -1
sphere {
	<25.694006, 34.489166, 38.513786> 0.250000
	pigment { color rgbt <1,0,0,0> }
	no_shadow
}
cylinder {
	<25.908316, 34.626896, 38.205399>,  <26.036901, 34.709534, 38.020367>, 0.100000
	pigment { color rgbt <1,0,0,0> }
	no_shadow
}
cylinder {
	<25.908316, 34.626896, 38.205399>,  <25.694006, 34.489166, 38.513786>, 0.100000
	pigment { color rgbt <1,0,0,0> }
	no_shadow
}

// particle -1
sphere {
	<25.908316, 34.626896, 38.205399> 0.100000
	pigment { color rgbt <1,0,0,0> }
	no_shadow
}
sphere {
	0, 1
	scale<0.080000,0.200000,0.300000>
	matrix <-0.818943, -0.010448, -0.573779,
		-0.205619, 0.938794, 0.276382,
		0.535773, 0.344321, -0.770967,
		26.069048, 34.730194, 37.974110>
	pigment { color rgbt <0,1,1,0> }
	no_shadow
}
cylinder {
	<25.432188, 35.096992, 38.220963>,  <25.694006, 34.489166, 38.513786>, 0.130000
	pigment { color rgbt <1,0,0,0> }
	no_shadow
}

// nucleotide -1

// particle -1
sphere {
	<25.432188, 35.096992, 38.220963> 0.250000
	pigment { color rgbt <1,0,0,0> }
	no_shadow
}
cylinder {
	<25.613056, 34.918282, 37.912174>,  <25.721577, 34.811054, 37.726902>, 0.100000
	pigment { color rgbt <1,0,0,0> }
	no_shadow
}
cylinder {
	<25.613056, 34.918282, 37.912174>,  <25.432188, 35.096992, 38.220963>, 0.100000
	pigment { color rgbt <1,0,0,0> }
	no_shadow
}

// particle -1
sphere {
	<25.613056, 34.918282, 37.912174> 0.100000
	pigment { color rgbt <1,0,0,0> }
	no_shadow
}
sphere {
	0, 1
	scale<0.080000,0.200000,0.300000>
	matrix <-0.848795, 0.050360, -0.526319,
		0.274022, 0.893229, -0.356447,
		0.452172, -0.446773, -0.771967,
		25.748709, 34.784248, 37.680584>
	pigment { color rgbt <0,1,1,0> }
	no_shadow
}
cylinder {
	<25.109299, 35.350555, 37.675076>,  <25.432188, 35.096992, 38.220963>, 0.130000
	pigment { color rgbt <1,0,0,0> }
	no_shadow
}

// nucleotide -1

// particle -1
sphere {
	<25.109299, 35.350555, 37.675076> 0.250000
	pigment { color rgbt <1,0,0,0> }
	no_shadow
}
cylinder {
	<25.273415, 35.013466, 37.535656>,  <25.371883, 34.811214, 37.452003>, 0.100000
	pigment { color rgbt <1,0,0,0> }
	no_shadow
}
cylinder {
	<25.273415, 35.013466, 37.535656>,  <25.109299, 35.350555, 37.675076>, 0.100000
	pigment { color rgbt <1,0,0,0> }
	no_shadow
}

// particle -1
sphere {
	<25.273415, 35.013466, 37.535656> 0.100000
	pigment { color rgbt <1,0,0,0> }
	no_shadow
}
sphere {
	0, 1
	scale<0.080000,0.200000,0.300000>
	matrix <-0.803827, -0.153673, -0.574671,
		0.430725, 0.515953, -0.740452,
		0.410290, -0.842720, -0.348546,
		25.396502, 34.760651, 37.431091>
	pigment { color rgbt <0,1,1,0> }
	no_shadow
}
cylinder {
	<25.361895, 35.413391, 36.919090>,  <25.109299, 35.350555, 37.675076>, 0.130000
	pigment { color rgbt <1,0,0,0> }
	no_shadow
}

// nucleotide -1

// particle -1
sphere {
	<25.361895, 35.413391, 36.919090> 0.250000
	pigment { color rgbt <1,0,0,0> }
	no_shadow
}
cylinder {
	<25.207010, 35.088387, 37.093395>,  <25.114080, 34.893383, 37.197979>, 0.100000
	pigment { color rgbt <1,0,0,0> }
	no_shadow
}
cylinder {
	<25.207010, 35.088387, 37.093395>,  <25.361895, 35.413391, 36.919090>, 0.100000
	pigment { color rgbt <1,0,0,0> }
	no_shadow
}

// particle -1
sphere {
	<25.207010, 35.088387, 37.093395> 0.100000
	pigment { color rgbt <1,0,0,0> }
	no_shadow
}
sphere {
	0, 1
	scale<0.080000,0.200000,0.300000>
	matrix <-0.864088, 0.154948, -0.478897,
		0.321589, -0.561974, -0.762080,
		-0.387210, -0.812513, 0.435766,
		25.090847, 34.844631, 37.224125>
	pigment { color rgbt <0,1,1,0> }
	no_shadow
}
cylinder {
	<25.693584, 35.603989, 36.394932>,  <25.361895, 35.413391, 36.919090>, 0.130000
	pigment { color rgbt <1,0,0,0> }
	no_shadow
}

// nucleotide -1

// particle -1
sphere {
	<25.693584, 35.603989, 36.394932> 0.250000
	pigment { color rgbt <1,0,0,0> }
	no_shadow
}
cylinder {
	<25.852730, 35.263462, 36.531734>,  <25.948217, 35.059147, 36.613815>, 0.100000
	pigment { color rgbt <1,0,0,0> }
	no_shadow
}
cylinder {
	<25.852730, 35.263462, 36.531734>,  <25.693584, 35.603989, 36.394932>, 0.100000
	pigment { color rgbt <1,0,0,0> }
	no_shadow
}

// particle -1
sphere {
	<25.852730, 35.263462, 36.531734> 0.100000
	pigment { color rgbt <1,0,0,0> }
	no_shadow
}
sphere {
	0, 1
	scale<0.080000,0.200000,0.300000>
	matrix <-0.164735, -0.433010, -0.886208,
		0.902534, 0.296249, -0.312520,
		0.397863, -0.851316, 0.342004,
		25.972088, 35.008068, 36.634335>
	pigment { color rgbt <0,1,1,0> }
	no_shadow
}
cylinder {
	<26.143353, 35.392807, 35.903378>,  <25.693584, 35.603989, 36.394932>, 0.130000
	pigment { color rgbt <1,0,0,0> }
	no_shadow
}

// nucleotide -1

// particle -1
sphere {
	<26.143353, 35.392807, 35.903378> 0.250000
	pigment { color rgbt <1,0,0,0> }
	no_shadow
}
cylinder {
	<26.062166, 35.062744, 36.114250>,  <26.013454, 34.864704, 36.240772>, 0.100000
	pigment { color rgbt <1,0,0,0> }
	no_shadow
}
cylinder {
	<26.062166, 35.062744, 36.114250>,  <26.143353, 35.392807, 35.903378>, 0.100000
	pigment { color rgbt <1,0,0,0> }
	no_shadow
}

// particle -1
sphere {
	<26.062166, 35.062744, 36.114250> 0.100000
	pigment { color rgbt <1,0,0,0> }
	no_shadow
}
sphere {
	0, 1
	scale<0.080000,0.200000,0.300000>
	matrix <-0.038530, -0.531236, -0.846347,
		0.978427, -0.192093, 0.076031,
		-0.202968, -0.825159, 0.527177,
		26.001276, 34.815197, 36.272404>
	pigment { color rgbt <0,1,1,0> }
	no_shadow
}
cylinder {
	<26.689787, 34.836327, 35.708477>,  <26.143353, 35.392807, 35.903378>, 0.130000
	pigment { color rgbt <1,0,0,0> }
	no_shadow
}

// nucleotide -1

// particle -1
sphere {
	<26.689787, 34.836327, 35.708477> 0.250000
	pigment { color rgbt <1,0,0,0> }
	no_shadow
}
cylinder {
	<26.358170, 34.670349, 35.858414>,  <26.159199, 34.570763, 35.948376>, 0.100000
	pigment { color rgbt <1,0,0,0> }
	no_shadow
}
cylinder {
	<26.358170, 34.670349, 35.858414>,  <26.689787, 34.836327, 35.708477>, 0.100000
	pigment { color rgbt <1,0,0,0> }
	no_shadow
}

// particle -1
sphere {
	<26.358170, 34.670349, 35.858414> 0.100000
	pigment { color rgbt <1,0,0,0> }
	no_shadow
}
sphere {
	0, 1
	scale<0.080000,0.200000,0.300000>
	matrix <-0.064843, -0.594482, -0.801490,
		0.555412, -0.688776, 0.465946,
		-0.829043, -0.414944, 0.374845,
		26.109457, 34.545864, 35.970867>
	pigment { color rgbt <0,1,1,0> }
	no_shadow
}
cylinder {
	<26.768232, 34.110649, 35.478764>,  <26.689787, 34.836327, 35.708477>, 0.130000
	pigment { color rgbt <1,0,0,0> }
	no_shadow
}

// nucleotide -1

// particle -1
sphere {
	<26.768232, 34.110649, 35.478764> 0.250000
	pigment { color rgbt <1,0,0,0> }
	no_shadow
}
cylinder {
	<26.389360, 34.166271, 35.594360>,  <26.162037, 34.199646, 35.663719>, 0.100000
	pigment { color rgbt <1,0,0,0> }
	no_shadow
}
cylinder {
	<26.389360, 34.166271, 35.594360>,  <26.768232, 34.110649, 35.478764>, 0.100000
	pigment { color rgbt <1,0,0,0> }
	no_shadow
}

// particle -1
sphere {
	<26.389360, 34.166271, 35.594360> 0.100000
	pigment { color rgbt <1,0,0,0> }
	no_shadow
}
sphere {
	0, 1
	scale<0.080000,0.200000,0.300000>
	matrix <-0.314808, -0.575150, -0.755049,
		0.061216, -0.806142, 0.588547,
		-0.947179, 0.139058, 0.288988,
		26.105207, 34.207989, 35.681057>
	pigment { color rgbt <0,1,1,0> }
	no_shadow
}
cylinder {
	<26.472904, 33.540581, 35.641014>,  <26.768232, 34.110649, 35.478764>, 0.130000
	pigment { color rgbt <1,0,0,0> }
	no_shadow
}

// nucleotide -1

// particle -1
sphere {
	<26.472904, 33.540581, 35.641014> 0.250000
	pigment { color rgbt <1,0,0,0> }
	no_shadow
}
cylinder {
	<26.185431, 33.787964, 35.513889>,  <26.012945, 33.936394, 35.437614>, 0.100000
	pigment { color rgbt <1,0,0,0> }
	no_shadow
}
cylinder {
	<26.185431, 33.787964, 35.513889>,  <26.472904, 33.540581, 35.641014>, 0.100000
	pigment { color rgbt <1,0,0,0> }
	no_shadow
}

// particle -1
sphere {
	<26.185431, 33.787964, 35.513889> 0.100000
	pigment { color rgbt <1,0,0,0> }
	no_shadow
}
sphere {
	0, 1
	scale<0.080000,0.200000,0.300000>
	matrix <-0.302189, -0.689449, -0.658287,
		-0.626235, -0.377063, 0.682388,
		-0.718687, 0.618453, -0.317813,
		25.969824, 33.973499, 35.418545>
	pigment { color rgbt <0,1,1,0> }
	no_shadow
}
cylinder {
	<25.904997, 33.144924, 35.574978>,  <26.472904, 33.540581, 35.641014>, 0.130000
	pigment { color rgbt <1,0,0,0> }
	no_shadow
}

// nucleotide -1

// particle -1
sphere {
	<25.904997, 33.144924, 35.574978> 0.250000
	pigment { color rgbt <1,0,0,0> }
	no_shadow
}
cylinder {
	<25.902454, 33.435127, 35.299706>,  <25.900928, 33.609249, 35.134541>, 0.100000
	pigment { color rgbt <1,0,0,0> }
	no_shadow
}
cylinder {
	<25.902454, 33.435127, 35.299706>,  <25.904997, 33.144924, 35.574978>, 0.100000
	pigment { color rgbt <1,0,0,0> }
	no_shadow
}

// particle -1
sphere {
	<25.902454, 33.435127, 35.299706> 0.100000
	pigment { color rgbt <1,0,0,0> }
	no_shadow
}
sphere {
	0, 1
	scale<0.080000,0.200000,0.300000>
	matrix <-0.070389, -0.686813, -0.723418,
		-0.997499, 0.043842, 0.055434,
		-0.006356, 0.725511, -0.688182,
		25.900547, 33.652779, 35.093250>
	pigment { color rgbt <0,1,1,0> }
	no_shadow
}
cylinder {
	<25.283190, 33.199123, 35.319191>,  <25.904997, 33.144924, 35.574978>, 0.130000
	pigment { color rgbt <1,0,0,0> }
	no_shadow
}

// nucleotide -1

// particle -1
sphere {
	<25.283190, 33.199123, 35.319191> 0.250000
	pigment { color rgbt <1,0,0,0> }
	no_shadow
}
cylinder {
	<25.549761, 33.309551, 35.042160>,  <25.709703, 33.375809, 34.875942>, 0.100000
	pigment { color rgbt <1,0,0,0> }
	no_shadow
}
cylinder {
	<25.549761, 33.309551, 35.042160>,  <25.283190, 33.199123, 35.319191>, 0.100000
	pigment { color rgbt <1,0,0,0> }
	no_shadow
}

// particle -1
sphere {
	<25.549761, 33.309551, 35.042160> 0.100000
	pigment { color rgbt <1,0,0,0> }
	no_shadow
}
sphere {
	0, 1
	scale<0.080000,0.200000,0.300000>
	matrix <-0.351685, -0.702687, -0.618505,
		-0.657411, 0.655758, -0.371203,
		0.666430, 0.276066, -0.692574,
		25.749689, 33.392372, 34.834389>
	pigment { color rgbt <0,1,1,0> }
	no_shadow
}
cylinder {
	<24.835199, 33.458481, 34.745205>,  <25.283190, 33.199123, 35.319191>, 0.130000
	pigment { color rgbt <1,0,0,0> }
	no_shadow
}

// nucleotide -1

// particle -1
sphere {
	<24.835199, 33.458481, 34.745205> 0.250000
	pigment { color rgbt <1,0,0,0> }
	no_shadow
}
cylinder {
	<25.205729, 33.345520, 34.645466>,  <25.428045, 33.277744, 34.585621>, 0.100000
	pigment { color rgbt <1,0,0,0> }
	no_shadow
}
cylinder {
	<25.205729, 33.345520, 34.645466>,  <24.835199, 33.458481, 34.745205>, 0.100000
	pigment { color rgbt <1,0,0,0> }
	no_shadow
}

// particle -1
sphere {
	<25.205729, 33.345520, 34.645466> 0.100000
	pigment { color rgbt <1,0,0,0> }
	no_shadow
}
sphere {
	0, 1
	scale<0.080000,0.200000,0.300000>
	matrix <-0.376719, -0.689243, -0.618892,
		0.002917, 0.667227, -0.744848,
		0.926323, -0.282403, -0.249347,
		25.483625, 33.260799, 34.570663>
	pigment { color rgbt <0,1,1,0> }
	no_shadow
}
cylinder {
	<24.855261, 33.580238, 34.042820>,  <24.835199, 33.458481, 34.745205>, 0.130000
	pigment { color rgbt <1,0,0,0> }
	no_shadow
}

// nucleotide -1

// particle -1
sphere {
	<24.855261, 33.580238, 34.042820> 0.250000
	pigment { color rgbt <1,0,0,0> }
	no_shadow
}
cylinder {
	<25.135941, 33.315380, 34.148026>,  <25.304348, 33.156464, 34.211151>, 0.100000
	pigment { color rgbt <1,0,0,0> }
	no_shadow
}
cylinder {
	<25.135941, 33.315380, 34.148026>,  <24.855261, 33.580238, 34.042820>, 0.100000
	pigment { color rgbt <1,0,0,0> }
	no_shadow
}

// particle -1
sphere {
	<25.135941, 33.315380, 34.148026> 0.100000
	pigment { color rgbt <1,0,0,0> }
	no_shadow
}
sphere {
	0, 1
	scale<0.080000,0.200000,0.300000>
	matrix <-0.435268, -0.690665, -0.577515,
		0.564056, 0.290760, -0.772852,
		0.701700, -0.662148, 0.263016,
		25.346451, 33.116737, 34.226929>
	pigment { color rgbt <0,1,1,0> }
	no_shadow
}
cylinder {
	<25.075956, 33.389511, 33.432938>,  <24.855261, 33.580238, 34.042820>, 0.130000
	pigment { color rgbt <1,0,0,0> }
	no_shadow
}

// nucleotide -1

// particle -1
sphere {
	<25.075956, 33.389511, 33.432938> 0.250000
	pigment { color rgbt <1,0,0,0> }
	no_shadow
}
cylinder {
	<25.158484, 33.091766, 33.686977>,  <25.208000, 32.913116, 33.839401>, 0.100000
	pigment { color rgbt <1,0,0,0> }
	no_shadow
}
cylinder {
	<25.158484, 33.091766, 33.686977>,  <25.075956, 33.389511, 33.432938>, 0.100000
	pigment { color rgbt <1,0,0,0> }
	no_shadow
}

// particle -1
sphere {
	<25.158484, 33.091766, 33.686977> 0.100000
	pigment { color rgbt <1,0,0,0> }
	no_shadow
}
sphere {
	0, 1
	scale<0.080000,0.200000,0.300000>
	matrix <-0.289708, -0.666433, -0.686976,
		0.934613, -0.042258, -0.353146,
		0.206319, -0.744367, 0.635099,
		25.220379, 32.868458, 33.877506>
	pigment { color rgbt <0,1,1,0> }
	no_shadow
}
cylinder {
	<25.569702, 32.934460, 33.139153>,  <25.075956, 33.389511, 33.432938>, 0.130000
	pigment { color rgbt <1,0,0,0> }
	no_shadow
}

// nucleotide -1

// particle -1
sphere {
	<25.569702, 32.934460, 33.139153> 0.250000
	pigment { color rgbt <1,0,0,0> }
	no_shadow
}
cylinder {
	<25.367603, 32.726021, 33.414303>,  <25.246344, 32.600956, 33.579395>, 0.100000
	pigment { color rgbt <1,0,0,0> }
	no_shadow
}
cylinder {
	<25.367603, 32.726021, 33.414303>,  <25.569702, 32.934460, 33.139153>, 0.100000
	pigment { color rgbt <1,0,0,0> }
	no_shadow
}

// particle -1
sphere {
	<25.367603, 32.726021, 33.414303> 0.100000
	pigment { color rgbt <1,0,0,0> }
	no_shadow
}
sphere {
	0, 1
	scale<0.080000,0.200000,0.300000>
	matrix <-0.331836, -0.618503, -0.712278,
		0.796624, -0.588140, 0.139577,
		-0.505247, -0.521101, 0.687880,
		25.216028, 32.569691, 33.620667>
	pigment { color rgbt <0,1,1,0> }
	no_shadow
}
cylinder {
	<25.602991, 32.210289, 32.956600>,  <25.569702, 32.934460, 33.139153>, 0.130000
	pigment { color rgbt <1,0,0,0> }
	no_shadow
}

// nucleotide -1

// particle -1
sphere {
	<25.602991, 32.210289, 32.956600> 0.250000
	pigment { color rgbt <1,0,0,0> }
	no_shadow
}
cylinder {
	<25.264479, 32.222656, 33.169334>,  <25.061371, 32.230076, 33.296974>, 0.100000
	pigment { color rgbt <1,0,0,0> }
	no_shadow
}
cylinder {
	<25.264479, 32.222656, 33.169334>,  <25.602991, 32.210289, 32.956600>, 0.100000
	pigment { color rgbt <1,0,0,0> }
	no_shadow
}

// particle -1
sphere {
	<25.264479, 32.222656, 33.169334> 0.100000
	pigment { color rgbt <1,0,0,0> }
	no_shadow
}
sphere {
	0, 1
	scale<0.080000,0.200000,0.300000>
	matrix <-0.452418, -0.568834, -0.686837,
		0.281292, -0.821871, 0.495382,
		-0.846282, 0.030918, 0.531838,
		25.010593, 32.231934, 33.328884>
	pigment { color rgbt <0,1,1,0> }
	no_shadow
}
cylinder {
	<26.040897, 31.835224, 33.280067>,  <25.602991, 32.210289, 32.956600>, 0.130000
	pigment { color rgbt <1,0,0,0> }
	no_shadow
}

// nucleotide -1

// particle -1
sphere {
	<26.040897, 31.835224, 33.280067> 0.250000
	pigment { color rgbt <1,0,0,0> }
	no_shadow
}
cylinder {
	<25.753042, 31.729057, 33.536716>,  <25.580330, 31.665358, 33.690704>, 0.100000
	pigment { color rgbt <1,0,0,0> }
	no_shadow
}
cylinder {
	<25.753042, 31.729057, 33.536716>,  <26.040897, 31.835224, 33.280067>, 0.100000
	pigment { color rgbt <1,0,0,0> }
	no_shadow
}

// particle -1
sphere {
	<25.753042, 31.729057, 33.536716> 0.100000
	pigment { color rgbt <1,0,0,0> }
	no_shadow
}
sphere {
	0, 1
	scale<0.080000,0.200000,0.300000>
	matrix <-0.448328, -0.528003, -0.721259,
		0.530212, -0.806701, 0.260976,
		-0.719637, -0.265418, 0.641620,
		25.537151, 31.649431, 33.729202>
	pigment { color rgbt <0,1,1,0> }
	no_shadow
}
cylinder {
	<25.928246, 31.157192, 33.236557>,  <26.040897, 31.835224, 33.280067>, 0.130000
	pigment { color rgbt <1,0,0,0> }
	no_shadow
}

// nucleotide -1

// particle -1
sphere {
	<25.928246, 31.157192, 33.236557> 0.250000
	pigment { color rgbt <1,0,0,0> }
	no_shadow
}
cylinder {
	<25.578178, 31.298376, 33.368919>,  <25.368137, 31.383087, 33.448338>, 0.100000
	pigment { color rgbt <1,0,0,0> }
	no_shadow
}
cylinder {
	<25.578178, 31.298376, 33.368919>,  <25.928246, 31.157192, 33.236557>, 0.100000
	pigment { color rgbt <1,0,0,0> }
	no_shadow
}

// particle -1
sphere {
	<25.578178, 31.298376, 33.368919> 0.100000
	pigment { color rgbt <1,0,0,0> }
	no_shadow
}
sphere {
	0, 1
	scale<0.080000,0.200000,0.300000>
	matrix <-0.468578, -0.448042, -0.761376,
		-0.120475, -0.821388, 0.557501,
		-0.875169, 0.352960, 0.330907,
		25.315628, 31.404264, 33.468193>
	pigment { color rgbt <0,1,1,0> }
	no_shadow
}
cylinder {
	<25.442141, 30.640694, 33.356388>,  <25.928246, 31.157192, 33.236557>, 0.130000
	pigment { color rgbt <1,0,0,0> }
	no_shadow
}

// nucleotide -1

// particle -1
sphere {
	<25.442141, 30.640694, 33.356388> 0.250000
	pigment { color rgbt <1,0,0,0> }
	no_shadow
}
cylinder {
	<25.196098, 30.952534, 33.309288>,  <25.048473, 31.139639, 33.281029>, 0.100000
	pigment { color rgbt <1,0,0,0> }
	no_shadow
}
cylinder {
	<25.196098, 30.952534, 33.309288>,  <25.442141, 30.640694, 33.356388>, 0.100000
	pigment { color rgbt <1,0,0,0> }
	no_shadow
}

// particle -1
sphere {
	<25.196098, 30.952534, 33.309288> 0.100000
	pigment { color rgbt <1,0,0,0> }
	no_shadow
}
sphere {
	0, 1
	scale<0.080000,0.200000,0.300000>
	matrix <-0.448827, -0.469011, -0.760647,
		-0.648228, -0.415030, 0.638398,
		-0.615107, 0.779602, -0.117749,
		25.011566, 31.186415, 33.273964>
	pigment { color rgbt <0,1,1,0> }
	no_shadow
}
cylinder {
	<24.784149, 30.481377, 33.283817>,  <25.442141, 30.640694, 33.356388>, 0.130000
	pigment { color rgbt <1,0,0,0> }
	no_shadow
}

// nucleotide -1

// particle -1
sphere {
	<24.784149, 30.481377, 33.283817> 0.250000
	pigment { color rgbt <1,0,0,0> }
	no_shadow
}
cylinder {
	<24.821863, 30.831306, 33.093746>,  <24.844492, 31.041264, 32.979706>, 0.100000
	pigment { color rgbt <1,0,0,0> }
	no_shadow
}
cylinder {
	<24.821863, 30.831306, 33.093746>,  <24.784149, 30.481377, 33.283817>, 0.100000
	pigment { color rgbt <1,0,0,0> }
	no_shadow
}

// particle -1
sphere {
	<24.821863, 30.831306, 33.093746> 0.100000
	pigment { color rgbt <1,0,0,0> }
	no_shadow
}
sphere {
	0, 1
	scale<0.080000,0.200000,0.300000>
	matrix <-0.362754, -0.414298, -0.834725,
		-0.927103, 0.251074, 0.278284,
		0.094285, 0.874825, -0.475175,
		24.850149, 31.093754, 32.951195>
	pigment { color rgbt <0,1,1,0> }
	no_shadow
}
cylinder {
	<24.701777, 30.004536, 32.758747>,  <24.784149, 30.481377, 33.283817>, 0.130000
	pigment { color rgbt <1,0,0,0> }
	no_shadow
}

// nucleotide -1

// particle -1
sphere {
	<24.701777, 30.004536, 32.758747> 0.250000
	pigment { color rgbt <1,0,0,0> }
	no_shadow
}
cylinder {
	<24.444283, 30.223551, 32.544903>,  <24.289787, 30.354959, 32.416595>, 0.100000
	pigment { color rgbt <1,0,0,0> }
	no_shadow
}
cylinder {
	<24.444283, 30.223551, 32.544903>,  <24.701777, 30.004536, 32.758747>, 0.100000
	pigment { color rgbt <1,0,0,0> }
	no_shadow
}

// particle -1
sphere {
	<24.444283, 30.223551, 32.544903> 0.100000
	pigment { color rgbt <1,0,0,0> }
	no_shadow
}
sphere {
	0, 1
	scale<0.080000,0.200000,0.300000>
	matrix <-0.008235, 0.693611, 0.720303,
		0.765205, 0.468085, -0.441992,
		-0.643734, 0.547540, -0.534609,
		24.251162, 30.387814, 32.384521>
	pigment { color rgbt <0,1,1,0> }
	no_shadow
}
cylinder {
	<24.960011, 30.692801, 32.520016>,  <24.701777, 30.004536, 32.758747>, 0.130000
	pigment { color rgbt <1,0,0,0> }
	no_shadow
}

// nucleotide -1

// particle -1
sphere {
	<24.960011, 30.692801, 32.520016> 0.250000
	pigment { color rgbt <1,0,0,0> }
	no_shadow
}
cylinder {
	<24.562307, 30.704515, 32.561192>,  <24.323687, 30.711544, 32.585899>, 0.100000
	pigment { color rgbt <1,0,0,0> }
	no_shadow
}
cylinder {
	<24.562307, 30.704515, 32.561192>,  <24.960011, 30.692801, 32.520016>, 0.100000
	pigment { color rgbt <1,0,0,0> }
	no_shadow
}

// particle -1
sphere {
	<24.562307, 30.704515, 32.561192> 0.100000
	pigment { color rgbt <1,0,0,0> }
	no_shadow
}
sphere {
	0, 1
	scale<0.080000,0.200000,0.300000>
	matrix <0.086466, 0.786653, 0.611310,
		-0.063077, 0.616700, -0.784667,
		-0.994256, 0.029287, 0.102943,
		24.264030, 30.713303, 32.592075>
	pigment { color rgbt <0,1,1,0> }
	no_shadow
}
cylinder {
	<24.572231, 31.295425, 32.154655>,  <24.960011, 30.692801, 32.520016>, 0.130000
	pigment { color rgbt <1,0,0,0> }
	no_shadow
}

// nucleotide -1

// particle -1
sphere {
	<24.572231, 31.295425, 32.154655> 0.250000
	pigment { color rgbt <1,0,0,0> }
	no_shadow
}
cylinder {
	<24.412325, 31.190119, 32.505856>,  <24.316381, 31.126936, 32.716576>, 0.100000
	pigment { color rgbt <1,0,0,0> }
	no_shadow
}
cylinder {
	<24.412325, 31.190119, 32.505856>,  <24.572231, 31.295425, 32.154655>, 0.100000
	pigment { color rgbt <1,0,0,0> }
	no_shadow
}

// particle -1
sphere {
	<24.412325, 31.190119, 32.505856> 0.100000
	pigment { color rgbt <1,0,0,0> }
	no_shadow
}
sphere {
	0, 1
	scale<0.080000,0.200000,0.300000>
	matrix <0.238205, 0.895118, 0.376857,
		-0.885125, 0.359798, -0.295127,
		-0.399766, -0.263265, 0.877997,
		24.292395, 31.111139, 32.769253>
	pigment { color rgbt <0,1,1,0> }
	no_shadow
}
cylinder {
	<24.396492, 31.918436, 32.438927>,  <24.572231, 31.295425, 32.154655>, 0.130000
	pigment { color rgbt <1,0,0,0> }
	no_shadow
}

// nucleotide -1

// particle -1
sphere {
	<24.396492, 31.918436, 32.438927> 0.250000
	pigment { color rgbt <1,0,0,0> }
	no_shadow
}
cylinder {
	<24.412643, 31.659826, 32.743656>,  <24.422335, 31.504660, 32.926495>, 0.100000
	pigment { color rgbt <1,0,0,0> }
	no_shadow
}
cylinder {
	<24.412643, 31.659826, 32.743656>,  <24.396492, 31.918436, 32.438927>, 0.100000
	pigment { color rgbt <1,0,0,0> }
	no_shadow
}

// particle -1
sphere {
	<24.412643, 31.659826, 32.743656> 0.100000
	pigment { color rgbt <1,0,0,0> }
	no_shadow
}
sphere {
	0, 1
	scale<0.080000,0.200000,0.300000>
