// switches for output
#declare DRAW_BASES = 1; // possible values are 0, 1; only relevant for DNA ribbons
#declare DRAW_BASES_TYPE = 3; // possible values are 1, 2, 3; only relevant for DNA ribbons
#declare DRAW_FOG = 0; // set to 1 to enable fog

#include "colors.inc"

#include "transforms.inc"
background { rgb <1, 1, 1>}

#default {
   normal{
       ripples 0.25
       frequency 0.20
       turbulence 0.2
       lambda 5
   }
	finish {
		phong 0.1
		phong_size 40.
	}
}

// original window dimensions: 1024x640


// camera settings

camera {
	sky <0, 0.179814, -0.983701>
	up <0, 0.179814, -0.983701>
	right 1.6 * <1, 0, 0>
	location <35, 94.9851, 44.8844>
	look_at <35, 29.7336, 32.9568>
	direction <0, -65.2515, -11.9276>
	angle 67.0682
}


# declare cpy_camera_pos = <35, 94.9851, 44.8844>;
# if (DRAW_FOG = 1)
fog {
	fog_type 2
	up vnormalize(cpy_camera_pos)
	color rgbt<1,1,1,0.3>
	distance 1e-5
	fog_alt 3e-3
	fog_offset 56
}
# end


// LIGHTS

# declare lum = 6;
global_settings {
	ambient_light rgb lum * <0.05, 0.05, 0.05>
	max_trace_level 15
}# declare cpy_direct_light_amount = 0.25;
light_source
{	1000 * <-1, -1.16352, -0.803886>,
	rgb lum * cpy_direct_light_amount
	parallel
}

light_source
{	1000 * <1, 1.16352, 0.803886>,
	rgb lum * cpy_direct_light_amount
	parallel
}

// strand 0

// nucleotide -1

// particle -1
sphere {
	<24.608362, 34.909969, 34.868286> 0.250000
	pigment { color rgbt <1,0,0,0> }
	no_shadow
}
cylinder {
	<24.315437, 34.975323, 35.132717>,  <24.139683, 35.014534, 35.291378>, 0.100000
	pigment { color rgbt <1,0,0,0> }
	no_shadow
}
cylinder {
	<24.315437, 34.975323, 35.132717>,  <24.608362, 34.909969, 34.868286>, 0.100000
	pigment { color rgbt <1,0,0,0> }
	no_shadow
}

// particle -1
sphere {
	<24.315437, 34.975323, 35.132717> 0.100000
	pigment { color rgbt <1,0,0,0> }
	no_shadow
}
sphere {
	0, 1
	scale<0.080000,0.200000,0.300000>
	matrix <0.323481, -0.770802, 0.548839,
		0.599234, 0.615767, 0.511615,
		-0.732311, 0.163385, 0.661079,
		24.095743, 35.024338, 35.331039>
	pigment { color rgbt <0,1,1,0> }
	no_shadow
}
cylinder {
	<24.869108, 35.063679, 35.564091>,  <24.608362, 34.909969, 34.868286>, 0.130000
	pigment { color rgbt <1,0,0,0> }
	no_shadow
}

// nucleotide -1

// particle -1
sphere {
	<24.869108, 35.063679, 35.564091> 0.250000
	pigment { color rgbt <1,0,0,0> }
	no_shadow
}
cylinder {
	<24.517975, 34.873672, 35.588646>,  <24.307295, 34.759670, 35.603378>, 0.100000
	pigment { color rgbt <1,0,0,0> }
	no_shadow
}
cylinder {
	<24.517975, 34.873672, 35.588646>,  <24.869108, 35.063679, 35.564091>, 0.100000
	pigment { color rgbt <1,0,0,0> }
	no_shadow
}

// particle -1
sphere {
	<24.517975, 34.873672, 35.588646> 0.100000
	pigment { color rgbt <1,0,0,0> }
	no_shadow
}
sphere {
	0, 1
	scale<0.080000,0.200000,0.300000>
	matrix <0.428950, -0.722663, 0.541996,
		-0.213091, 0.502116, 0.838136,
		-0.877835, -0.475013, 0.061389,
		24.254625, 34.731167, 35.607063>
	pigment { color rgbt <0,1,1,0> }
	no_shadow
}
cylinder {
	<24.719769, 34.879635, 36.317772>,  <24.869108, 35.063679, 35.564091>, 0.130000
	pigment { color rgbt <1,0,0,0> }
	no_shadow
}

// nucleotide -1

// particle -1
sphere {
	<24.719769, 34.879635, 36.317772> 0.250000
	pigment { color rgbt <1,0,0,0> }
	no_shadow
}
cylinder {
	<24.507843, 34.621460, 36.097694>,  <24.380688, 34.466557, 35.965649>, 0.100000
	pigment { color rgbt <1,0,0,0> }
	no_shadow
}
cylinder {
	<24.507843, 34.621460, 36.097694>,  <24.719769, 34.879635, 36.317772>, 0.100000
	pigment { color rgbt <1,0,0,0> }
	no_shadow
}

// particle -1
sphere {
	<24.507843, 34.621460, 36.097694> 0.100000
	pigment { color rgbt <1,0,0,0> }
	no_shadow
}
sphere {
	0, 1
	scale<0.080000,0.200000,0.300000>
	matrix <0.163487, -0.714278, 0.680498,
		-0.832206, 0.270590, 0.483956,
		-0.529816, -0.645436, -0.550189,
		24.348898, 34.427830, 35.932636>
	pigment { color rgbt <0,1,1,0> }
	no_shadow
}
cylinder {
	<25.127937, 34.521580, 36.859821>,  <24.719769, 34.879635, 36.317772>, 0.130000
	pigment { color rgbt <1,0,0,0> }
	no_shadow
}

// nucleotide -1

// particle -1
sphere {
	<25.127937, 34.521580, 36.859821> 0.250000
	pigment { color rgbt <1,0,0,0> }
	no_shadow
}
cylinder {
	<25.481031, 34.342278, 36.916164>,  <25.692888, 34.234695, 36.949970>, 0.100000
	pigment { color rgbt <1,0,0,0> }
	no_shadow
}
cylinder {
	<25.481031, 34.342278, 36.916164>,  <25.127937, 34.521580, 36.859821>, 0.100000
	pigment { color rgbt <1,0,0,0> }
	no_shadow
}

// particle -1
sphere {
	<25.481031, 34.342278, 36.916164> 0.100000
	pigment { color rgbt <1,0,0,0> }
	no_shadow
}
sphere {
	0, 1
	scale<0.080000,0.200000,0.300000>
	matrix <0.400219, 0.560239, -0.725229,
		0.246173, 0.696561, 0.673945,
		0.882736, -0.448257, 0.140862,
		25.745852, 34.207802, 36.958424>
	pigment { color rgbt <0,1,1,0> }
	no_shadow
}
cylinder {
	<25.775864, 34.768188, 37.012001>,  <25.127937, 34.521580, 36.859821>, 0.130000
	pigment { color rgbt <1,0,0,0> }
	no_shadow
}

// nucleotide -1

// particle -1
sphere {
	<25.775864, 34.768188, 37.012001> 0.250000
	pigment { color rgbt <1,0,0,0> }
	no_shadow
}
cylinder {
	<25.465397, 34.925087, 36.814533>,  <25.279118, 35.019226, 36.696053>, 0.100000
	pigment { color rgbt <1,0,0,0> }
	no_shadow
}
cylinder {
	<25.465397, 34.925087, 36.814533>,  <25.775864, 34.768188, 37.012001>, 0.100000
	pigment { color rgbt <1,0,0,0> }
	no_shadow
}

// particle -1
sphere {
	<25.465397, 34.925087, 36.814533> 0.100000
	pigment { color rgbt <1,0,0,0> }
	no_shadow
}
sphere {
	0, 1
	scale<0.080000,0.200000,0.300000>
	matrix <0.041851, 0.813263, 0.580390,
		0.629138, 0.429819, -0.647643,
		-0.776167, 0.392249, -0.493666,
		25.232548, 35.042763, 36.666435>
	pigment { color rgbt <0,1,1,0> }
	no_shadow
}
cylinder {
	<26.294214, 35.238678, 37.296989>,  <25.775864, 34.768188, 37.012001>, 0.130000
	pigment { color rgbt <1,0,0,0> }
	no_shadow
}

// nucleotide -1

// particle -1
sphere {
	<26.294214, 35.238678, 37.296989> 0.250000
	pigment { color rgbt <1,0,0,0> }
	no_shadow
}
cylinder {
	<26.411068, 34.858624, 37.253357>,  <26.481180, 34.630592, 37.227177>, 0.100000
	pigment { color rgbt <1,0,0,0> }
	no_shadow
}
cylinder {
	<26.411068, 34.858624, 37.253357>,  <26.294214, 35.238678, 37.296989>, 0.100000
	pigment { color rgbt <1,0,0,0> }
	no_shadow
}

// particle -1
sphere {
	<26.411068, 34.858624, 37.253357> 0.100000
	pigment { color rgbt <1,0,0,0> }
	no_shadow
}
sphere {
	0, 1
	scale<0.080000,0.200000,0.300000>
	matrix <0.914786, 0.244338, 0.321661,
		-0.278971, -0.193750, 0.940551,
		0.292134, -0.950137, -0.109077,
		26.498709, 34.573582, 37.220634>
	pigment { color rgbt <0,1,1,0> }
	no_shadow
}
cylinder {
	<26.577457, 35.087830, 37.960941>,  <26.294214, 35.238678, 37.296989>, 0.130000
	pigment { color rgbt <1,0,0,0> }
	no_shadow
}

// nucleotide -1

// particle -1
sphere {
	<26.577457, 35.087830, 37.960941> 0.250000
	pigment { color rgbt <1,0,0,0> }
	no_shadow
}
cylinder {
	<26.740013, 34.858894, 37.676048>,  <26.837545, 34.721535, 37.505112>, 0.100000
	pigment { color rgbt <1,0,0,0> }
	no_shadow
}
cylinder {
	<26.740013, 34.858894, 37.676048>,  <26.577457, 35.087830, 37.960941>, 0.100000
	pigment { color rgbt <1,0,0,0> }
	no_shadow
}

// particle -1
sphere {
	<26.740013, 34.858894, 37.676048> 0.100000
	pigment { color rgbt <1,0,0,0> }
	no_shadow
}
sphere {
	0, 1
	scale<0.080000,0.200000,0.300000>
	matrix <0.831176, -0.092168, 0.548317,
		-0.379467, -0.814823, 0.438256,
		0.406388, -0.572336, -0.712236,
		26.861929, 34.687195, 37.462376>
	pigment { color rgbt <0,1,1,0> }
	no_shadow
}
cylinder {
	<26.691988, 34.407917, 38.273998>,  <26.577457, 35.087830, 37.960941>, 0.130000
	pigment { color rgbt <1,0,0,0> }
	no_shadow
}

// nucleotide -1

// particle -1
sphere {
	<26.691988, 34.407917, 38.273998> 0.250000
	pigment { color rgbt <1,0,0,0> }
	no_shadow
}
cylinder {
	<26.940245, 34.472511, 37.967087>,  <27.089199, 34.511269, 37.782940>, 0.100000
	pigment { color rgbt <1,0,0,0> }
	no_shadow
}
cylinder {
	<26.940245, 34.472511, 37.967087>,  <26.691988, 34.407917, 38.273998>, 0.100000
	pigment { color rgbt <1,0,0,0> }
	no_shadow
}

// particle -1
sphere {
	<26.940245, 34.472511, 37.967087> 0.100000
	pigment { color rgbt <1,0,0,0> }
	no_shadow
}
sphere {
	0, 1
	scale<0.080000,0.200000,0.300000>
	matrix <0.752013, -0.399641, 0.524180,
		-0.221988, -0.902335, -0.369476,
		0.620643, 0.161489, -0.767283,
		27.126438, 34.520958, 37.736900>
	pigment { color rgbt <0,1,1,0> }
	no_shadow
}
cylinder {
	<27.036232, 33.755318, 38.197151>,  <26.691988, 34.407917, 38.273998>, 0.130000
	pigment { color rgbt <1,0,0,0> }
	no_shadow
}

// nucleotide -1

// particle -1
sphere {
	<27.036232, 33.755318, 38.197151> 0.250000
	pigment { color rgbt <1,0,0,0> }
	no_shadow
}
cylinder {
	<27.259329, 34.038960, 38.024593>,  <27.393187, 34.209145, 37.921059>, 0.100000
	pigment { color rgbt <1,0,0,0> }
	no_shadow
}
cylinder {
	<27.259329, 34.038960, 38.024593>,  <27.036232, 33.755318, 38.197151>, 0.100000
	pigment { color rgbt <1,0,0,0> }
	no_shadow
}

// particle -1
sphere {
	<27.259329, 34.038960, 38.024593> 0.100000
	pigment { color rgbt <1,0,0,0> }
	no_shadow
}
sphere {
	0, 1
	scale<0.080000,0.200000,0.300000>
	matrix <0.778357, -0.266339, 0.568528,
		0.288248, -0.652869, -0.700483,
		0.557740, 0.709102, -0.431393,
		27.426651, 34.251690, 37.895176>
	pigment { color rgbt <0,1,1,0> }
	no_shadow
}
cylinder {
	<27.700407, 33.439651, 37.856865>,  <27.036232, 33.755318, 38.197151>, 0.130000
	pigment { color rgbt <1,0,0,0> }
	no_shadow
}

// nucleotide -1

// particle -1
sphere {
	<27.700407, 33.439651, 37.856865> 0.250000
	pigment { color rgbt <1,0,0,0> }
	no_shadow
}
cylinder {
	<27.773653, 33.826061, 37.929821>,  <27.817600, 34.057907, 37.973595>, 0.100000
	pigment { color rgbt <1,0,0,0> }
	no_shadow
}
cylinder {
	<27.773653, 33.826061, 37.929821>,  <27.700407, 33.439651, 37.856865>, 0.100000
	pigment { color rgbt <1,0,0,0> }
	no_shadow
}

// particle -1
sphere {
	<27.773653, 33.826061, 37.929821> 0.100000
	pigment { color rgbt <1,0,0,0> }
	no_shadow
}
sphere {
	0, 1
	scale<0.080000,0.200000,0.300000>
	matrix <0.748324, -0.257282, 0.611406,
		0.637558, 0.024528, -0.770012,
		0.183113, 0.966025, 0.182387,
		27.828587, 34.115868, 37.984539>
	pigment { color rgbt <0,1,1,0> }
	no_shadow
}
cylinder {
	<28.382202, 33.448170, 37.823250>,  <27.700407, 33.439651, 37.856865>, 0.130000
	pigment { color rgbt <1,0,0,0> }
	no_shadow
}

// nucleotide -1

// particle -1
sphere {
	<28.382202, 33.448170, 37.823250> 0.250000
	pigment { color rgbt <1,0,0,0> }
	no_shadow
}
cylinder {
	<28.276785, 33.765690, 38.042496>,  <28.213535, 33.956203, 38.174042>, 0.100000
	pigment { color rgbt <1,0,0,0> }
	no_shadow
}
cylinder {
	<28.276785, 33.765690, 38.042496>,  <28.382202, 33.448170, 37.823250>, 0.100000
	pigment { color rgbt <1,0,0,0> }
	no_shadow
}

// particle -1
sphere {
	<28.276785, 33.765690, 38.042496> 0.100000
	pigment { color rgbt <1,0,0,0> }
	no_shadow
}
sphere {
	0, 1
	scale<0.080000,0.200000,0.300000>
	matrix <0.723155, -0.213475, 0.656868,
		0.638430, 0.569483, -0.517780,
		-0.263542, 0.793800, 0.548113,
		28.197721, 34.003830, 38.206928>
	pigment { color rgbt <0,1,1,0> }
	no_shadow
}
cylinder {
	<29.016697, 33.767624, 38.181923>,  <28.382202, 33.448170, 37.823250>, 0.130000
	pigment { color rgbt <1,0,0,0> }
	no_shadow
}

// nucleotide -1

// particle -1
sphere {
	<29.016697, 33.767624, 38.181923> 0.250000
	pigment { color rgbt <1,0,0,0> }
	no_shadow
}
cylinder {
	<28.676785, 33.857677, 38.372578>,  <28.472837, 33.911709, 38.486973>, 0.100000
	pigment { color rgbt <1,0,0,0> }
	no_shadow
}
cylinder {
	<28.676785, 33.857677, 38.372578>,  <29.016697, 33.767624, 38.181923>, 0.100000
	pigment { color rgbt <1,0,0,0> }
	no_shadow
}

// particle -1
sphere {
	<28.676785, 33.857677, 38.372578> 0.100000
	pigment { color rgbt <1,0,0,0> }
	no_shadow
}
sphere {
	0, 1
	scale<0.080000,0.200000,0.300000>
	matrix <0.438717, -0.199206, 0.876267,
		0.292231, 0.953745, 0.070509,
		-0.849781, 0.225138, 0.476639,
		28.421850, 33.925220, 38.515568>
	pigment { color rgbt <0,1,1,0> }
	no_shadow
}
cylinder {
	<29.302986, 34.103828, 38.735222>,  <29.016697, 33.767624, 38.181923>, 0.130000
	pigment { color rgbt <1,0,0,0> }
	no_shadow
}

// nucleotide -1

// particle -1
sphere {
	<29.302986, 34.103828, 38.735222> 0.250000
	pigment { color rgbt <1,0,0,0> }
	no_shadow
}
cylinder {
	<28.931688, 33.997723, 38.839527>,  <28.708910, 33.934059, 38.902111>, 0.100000
	pigment { color rgbt <1,0,0,0> }
	no_shadow
}
cylinder {
	<28.931688, 33.997723, 38.839527>,  <29.302986, 34.103828, 38.735222>, 0.100000
	pigment { color rgbt <1,0,0,0> }
	no_shadow
}

// particle -1
sphere {
	<28.931688, 33.997723, 38.839527> 0.100000
	pigment { color rgbt <1,0,0,0> }
	no_shadow
}
sphere {
	0, 1
	scale<0.080000,0.200000,0.300000>
	matrix <0.323786, -0.231126, 0.917466,
		-0.183098, 0.936065, 0.300429,
		-0.928245, -0.265261, 0.260766,
		28.653215, 33.918144, 38.917755>
	pigment { color rgbt <0,1,1,0> }
	no_shadow
}
cylinder {
	<29.117428, 34.520081, 39.245476>,  <29.302986, 34.103828, 38.735222>, 0.130000
	pigment { color rgbt <1,0,0,0> }
	no_shadow
}

// nucleotide -1

// particle -1
sphere {
	<29.117428, 34.520081, 39.245476> 0.250000
	pigment { color rgbt <1,0,0,0> }
	no_shadow
}
cylinder {
	<28.960127, 34.152607, 39.260262>,  <28.865747, 33.932121, 39.269135>, 0.100000
	pigment { color rgbt <1,0,0,0> }
	no_shadow
}
cylinder {
	<28.960127, 34.152607, 39.260262>,  <29.117428, 34.520081, 39.245476>, 0.100000
	pigment { color rgbt <1,0,0,0> }
	no_shadow
}

// particle -1
sphere {
	<28.960127, 34.152607, 39.260262> 0.100000
	pigment { color rgbt <1,0,0,0> }
	no_shadow
}
sphere {
	0, 1
	scale<0.080000,0.200000,0.300000>
	matrix <0.286969, -0.084445, 0.954211,
		-0.873501, 0.385851, 0.296843,
		-0.393250, -0.918688, 0.036964,
		28.842152, 33.876999, 39.271351>
	pigment { color rgbt <0,1,1,0> }
	no_shadow
}
cylinder {
	<29.040216, 35.322239, 39.069279>,  <29.117428, 34.520081, 39.245476>, 0.130000
	pigment { color rgbt <1,0,0,0> }
	no_shadow
}

// nucleotide -1

// particle -1
sphere {
	<29.040216, 35.322239, 39.069279> 0.250000
	pigment { color rgbt <1,0,0,0> }
	no_shadow
}
cylinder {
	<28.782068, 35.521622, 38.837749>,  <28.627180, 35.641251, 38.698833>, 0.100000
	pigment { color rgbt <1,0,0,0> }
	no_shadow
}
cylinder {
	<28.782068, 35.521622, 38.837749>,  <29.040216, 35.322239, 39.069279>, 0.100000
	pigment { color rgbt <1,0,0,0> }
	no_shadow
}

// particle -1
sphere {
	<28.782068, 35.521622, 38.837749> 0.100000
	pigment { color rgbt <1,0,0,0> }
	no_shadow
}
sphere {
	0, 1
	scale<0.080000,0.200000,0.300000>
	matrix <-0.239822, -0.851654, -0.466015,
		-0.725247, -0.161937, 0.669173,
		-0.645369, 0.498459, -0.578824,
		28.588457, 35.671158, 38.664101>
	pigment { color rgbt <0,1,1,0> }
	no_shadow
}
cylinder {
	<28.453127, 34.930222, 39.085522>,  <29.040216, 35.322239, 39.069279>, 0.130000
	pigment { color rgbt <1,0,0,0> }
	no_shadow
}

// nucleotide -1

// particle -1
sphere {
	<28.453127, 34.930222, 39.085522> 0.250000
	pigment { color rgbt <1,0,0,0> }
	no_shadow
}
cylinder {
	<28.489500, 35.156490, 38.757683>,  <28.511324, 35.292252, 38.560978>, 0.100000
	pigment { color rgbt <1,0,0,0> }
	no_shadow
}
cylinder {
	<28.489500, 35.156490, 38.757683>,  <28.453127, 34.930222, 39.085522>, 0.100000
	pigment { color rgbt <1,0,0,0> }
	no_shadow
}

// particle -1
sphere {
	<28.489500, 35.156490, 38.757683> 0.100000
	pigment { color rgbt <1,0,0,0> }
	no_shadow
}
sphere {
	0, 1
	scale<0.080000,0.200000,0.300000>
	matrix <-0.332730, -0.758457, -0.560387,
		-0.938627, 0.323665, 0.119246,
		0.090935, 0.565671, -0.819602,
		28.516781, 35.326191, 38.511803>
	pigment { color rgbt <0,1,1,0> }
	no_shadow
}
cylinder {
	<27.880875, 35.132683, 38.710918>,  <28.453127, 34.930222, 39.085522>, 0.130000
	pigment { color rgbt <1,0,0,0> }
	no_shadow
}

// nucleotide -1

// particle -1
sphere {
	<27.880875, 35.132683, 38.710918> 0.250000
	pigment { color rgbt <1,0,0,0> }
	no_shadow
}
cylinder {
	<27.999334, 34.784737, 38.553123>,  <28.070410, 34.575970, 38.458447>, 0.100000
	pigment { color rgbt <1,0,0,0> }
	no_shadow
}
cylinder {
	<27.999334, 34.784737, 38.553123>,  <27.880875, 35.132683, 38.710918>, 0.100000
	pigment { color rgbt <1,0,0,0> }
	no_shadow
}

// particle -1
sphere {
	<27.999334, 34.784737, 38.553123> 0.100000
	pigment { color rgbt <1,0,0,0> }
	no_shadow
}
sphere {
	0, 1
	scale<0.080000,0.200000,0.300000>
	matrix <-0.633518, 0.130199, -0.762694,
		0.714807, 0.475788, -0.512520,
		0.296152, -0.869870, -0.394488,
		28.088181, 34.523777, 38.434776>
	pigment { color rgbt <0,1,1,0> }
	no_shadow
}
cylinder {
	<27.947363, 35.374416, 38.012325>,  <27.880875, 35.132683, 38.710918>, 0.130000
	pigment { color rgbt <1,0,0,0> }
	no_shadow
}

// nucleotide -1

// particle -1
sphere {
	<27.947363, 35.374416, 38.012325> 0.250000
	pigment { color rgbt <1,0,0,0> }
	no_shadow
}
cylinder {
	<27.932554, 34.976200, 38.047043>,  <27.923668, 34.737270, 38.067871>, 0.100000
	pigment { color rgbt <1,0,0,0> }
	no_shadow
}
cylinder {
	<27.932554, 34.976200, 38.047043>,  <27.947363, 35.374416, 38.012325>, 0.100000
	pigment { color rgbt <1,0,0,0> }
	no_shadow
}

// particle -1
sphere {
	<27.932554, 34.976200, 38.047043> 0.100000
	pigment { color rgbt <1,0,0,0> }
	no_shadow
}
sphere {
	0, 1
	scale<0.080000,0.200000,0.300000>
	matrix <-0.679647, -0.038585, -0.732523,
		0.732604, -0.086106, -0.675187,
		-0.037023, -0.995539, 0.086790,
		27.921448, 34.677540, 38.073078>
	pigment { color rgbt <0,1,1,0> }
	no_shadow
}
cylinder {
	<28.213652, 35.209248, 37.435429>,  <27.947363, 35.374416, 38.012325>, 0.130000
	pigment { color rgbt <1,0,0,0> }
	no_shadow
}

// nucleotide -1

// particle -1
sphere {
	<28.213652, 35.209248, 37.435429> 0.250000
	pigment { color rgbt <1,0,0,0> }
	no_shadow
}
cylinder {
	<27.974781, 34.920757, 37.575836>,  <27.831459, 34.747662, 37.660080>, 0.100000
	pigment { color rgbt <1,0,0,0> }
	no_shadow
}
cylinder {
	<27.974781, 34.920757, 37.575836>,  <28.213652, 35.209248, 37.435429>, 0.100000
	pigment { color rgbt <1,0,0,0> }
	no_shadow
}

// particle -1
sphere {
	<27.974781, 34.920757, 37.575836> 0.100000
	pigment { color rgbt <1,0,0,0> }
	no_shadow
}
sphere {
	0, 1
	scale<0.080000,0.200000,0.300000>
	matrix <-0.636657, 0.160009, -0.754364,
		0.487902, -0.673965, -0.554728,
		-0.597176, -0.721227, 0.351015,
		27.795628, 34.704388, 37.681141>
	pigment { color rgbt <0,1,1,0> }
	no_shadow
}
cylinder {
	<28.009022, 34.900242, 36.852932>,  <28.213652, 35.209248, 37.435429>, 0.130000
	pigment { color rgbt <1,0,0,0> }
	no_shadow
}

// nucleotide -1

// particle -1
sphere {
	<28.009022, 34.900242, 36.852932> 0.250000
	pigment { color rgbt <1,0,0,0> }
	no_shadow
}
cylinder {
	<27.734316, 34.797882, 37.125069>,  <27.569492, 34.736465, 37.288353>, 0.100000
	pigment { color rgbt <1,0,0,0> }
	no_shadow
}
cylinder {
	<27.734316, 34.797882, 37.125069>,  <28.009022, 34.900242, 36.852932>, 0.100000
	pigment { color rgbt <1,0,0,0> }
	no_shadow
}

// particle -1
sphere {
	<27.734316, 34.797882, 37.125069> 0.100000
	pigment { color rgbt <1,0,0,0> }
	no_shadow
}
sphere {
	0, 1
	scale<0.080000,0.200000,0.300000>
	matrix <-0.723349, 0.148485, -0.674328,
		0.071535, -0.955233, -0.287075,
		-0.686767, -0.255894, 0.680345,
		27.528286, 34.721115, 37.329170>
	pigment { color rgbt <0,1,1,0> }
	no_shadow
}
cylinder {
	<27.458700, 34.489979, 36.529884>,  <28.009022, 34.900242, 36.852932>, 0.130000
	pigment { color rgbt <1,0,0,0> }
	no_shadow
}

// nucleotide -1

// particle -1
sphere {
	<27.458700, 34.489979, 36.529884> 0.250000
	pigment { color rgbt <1,0,0,0> }
	no_shadow
}
cylinder {
	<27.362453, 34.712467, 36.848061>,  <27.304707, 34.845959, 37.038967>, 0.100000
	pigment { color rgbt <1,0,0,0> }
	no_shadow
}
cylinder {
	<27.362453, 34.712467, 36.848061>,  <27.458700, 34.489979, 36.529884>, 0.100000
	pigment { color rgbt <1,0,0,0> }
	no_shadow
}

// particle -1
sphere {
	<27.362453, 34.712467, 36.848061> 0.100000
	pigment { color rgbt <1,0,0,0> }
	no_shadow
}
sphere {
	0, 1
	scale<0.080000,0.200000,0.300000>
	matrix <-0.765811, 0.394724, -0.507668,
		-0.596354, -0.731309, 0.330982,
		-0.240616, 0.556219, 0.795439,
		27.290268, 34.879333, 37.086693>
	pigment { color rgbt <0,1,1,0> }
	no_shadow
}
cylinder {
	<28.136410, 34.659428, 36.038097>,  <27.458700, 34.489979, 36.529884>, 0.130000
	pigment { color rgbt <1,0,0,0> }
	no_shadow
}

// nucleotide -1

// particle -1
sphere {
	<28.136410, 34.659428, 36.038097> 0.250000
	pigment { color rgbt <1,0,0,0> }
	no_shadow
}
cylinder {
	<28.403322, 34.662251, 36.336006>,  <28.563469, 34.663944, 36.514751>, 0.100000
	pigment { color rgbt <1,0,0,0> }
	no_shadow
}
cylinder {
	<28.403322, 34.662251, 36.336006>,  <28.136410, 34.659428, 36.038097>, 0.100000
	pigment { color rgbt <1,0,0,0> }
	no_shadow
}

// particle -1
sphere {
	<28.403322, 34.662251, 36.336006> 0.100000
	pigment { color rgbt <1,0,0,0> }
	no_shadow
}
sphere {
	0, 1
	scale<0.080000,0.200000,0.300000>
	matrix <0.409399, 0.831869, -0.374681,
		-0.622198, 0.554927, 0.552201,
		0.667279, 0.007055, 0.744774,
		28.603506, 34.664368, 36.559437>
	pigment { color rgbt <0,1,1,0> }
	no_shadow
}
cylinder {
	<27.860052, 35.337078, 35.610168>,  <28.136410, 34.659428, 36.038097>, 0.130000
	pigment { color rgbt <1,0,0,0> }
	no_shadow
}

// nucleotide -1

// particle -1
sphere {
	<27.860052, 35.337078, 35.610168> 0.250000
	pigment { color rgbt <1,0,0,0> }
	no_shadow
}
cylinder {
	<28.044285, 35.646736, 35.783859>,  <28.154825, 35.832531, 35.888073>, 0.100000
	pigment { color rgbt <1,0,0,0> }
	no_shadow
}
cylinder {
	<28.044285, 35.646736, 35.783859>,  <27.860052, 35.337078, 35.610168>, 0.100000
	pigment { color rgbt <1,0,0,0> }
	no_shadow
}

// particle -1
sphere {
	<28.044285, 35.646736, 35.783859> 0.100000
	pigment { color rgbt <1,0,0,0> }
	no_shadow
}
sphere {
	0, 1
	scale<0.080000,0.200000,0.300000>
	matrix <0.670542, -0.624002, 0.401242,
		0.581582, 0.106365, -0.806504,
		0.460583, 0.774150, 0.434230,
		28.182459, 35.878983, 35.914127>
	pigment { color rgbt <0,1,1,0> }
	no_shadow
}
cylinder {
	<28.583019, 35.402245, 35.328190>,  <27.860052, 35.337078, 35.610168>, 0.130000
	pigment { color rgbt <1,0,0,0> }
	no_shadow
}

// nucleotide -1

// particle -1
sphere {
	<28.583019, 35.402245, 35.328190> 0.250000
	pigment { color rgbt <1,0,0,0> }
	no_shadow
}
cylinder {
	<28.520439, 35.495071, 35.712204>,  <28.482891, 35.550770, 35.942612>, 0.100000
	pigment { color rgbt <1,0,0,0> }
	no_shadow
}
cylinder {
	<28.520439, 35.495071, 35.712204>,  <28.583019, 35.402245, 35.328190>, 0.100000
	pigment { color rgbt <1,0,0,0> }
	no_shadow
}

// particle -1
sphere {
	<28.520439, 35.495071, 35.712204> 0.100000
	pigment { color rgbt <1,0,0,0> }
	no_shadow
}
sphere {
	0, 1
	scale<0.080000,0.200000,0.300000>
	matrix <0.640303, -0.716250, 0.277484,
		0.752021, 0.658126, -0.036537,
		-0.156450, 0.232069, 0.960035,
		28.473505, 35.564693, 36.000214>
	pigment { color rgbt <0,1,1,0> }
	no_shadow
}
cylinder {
	<29.222376, 35.396263, 35.571575>,  <28.583019, 35.402245, 35.328190>, 0.130000
	pigment { color rgbt <1,0,0,0> }
	no_shadow
}

// nucleotide -1

// particle -1
sphere {
	<29.222376, 35.396263, 35.571575> 0.250000
	pigment { color rgbt <1,0,0,0> }
	no_shadow
}
cylinder {
	<28.945297, 35.340549, 35.854637>,  <28.779049, 35.307121, 36.024475>, 0.100000
	pigment { color rgbt <1,0,0,0> }
	no_shadow
}
cylinder {
	<28.945297, 35.340549, 35.854637>,  <29.222376, 35.396263, 35.571575>, 0.100000
	pigment { color rgbt <1,0,0,0> }
	no_shadow
}

// particle -1
sphere {
	<28.945297, 35.340549, 35.854637> 0.100000
	pigment { color rgbt <1,0,0,0> }
	no_shadow
}
sphere {
	0, 1
	scale<0.080000,0.200000,0.300000>
	matrix <0.535988, -0.755934, 0.375873,
		0.482584, 0.639659, 0.598289,
		-0.692697, -0.139285, 0.707651,
		28.737488, 35.298763, 36.066933>
	pigment { color rgbt <0,1,1,0> }
	no_shadow
}
cylinder {
	<29.484365, 35.783131, 34.956028>,  <29.222376, 35.396263, 35.571575>, 0.130000
	pigment { color rgbt <1,0,0,0> }
	no_shadow
}

// nucleotide -1

// particle -1
sphere {
	<29.484365, 35.783131, 34.956028> 0.250000
	pigment { color rgbt <1,0,0,0> }
	no_shadow
}
cylinder {
	<29.640991, 35.583420, 34.646858>,  <29.734966, 35.463593, 34.461357>, 0.100000
	pigment { color rgbt <1,0,0,0> }
	no_shadow
}
cylinder {
	<29.640991, 35.583420, 34.646858>,  <29.484365, 35.783131, 34.956028>, 0.100000
	pigment { color rgbt <1,0,0,0> }
	no_shadow
}

// particle -1
sphere {
	<29.640991, 35.583420, 34.646858> 0.100000
	pigment { color rgbt <1,0,0,0> }
	no_shadow
}
sphere {
	0, 1
	scale<0.080000,0.200000,0.300000>
	matrix <0.078250, -0.818881, 0.568604,
		-0.916818, -0.283125, -0.281575,
		0.391562, -0.499273, -0.772920,
		29.758459, 35.433640, 34.414982>
	pigment { color rgbt <0,1,1,0> }
	no_shadow
}
cylinder {
	<29.074478, 35.134254, 34.675785>,  <29.484365, 35.783131, 34.956028>, 0.130000
	pigment { color rgbt <1,0,0,0> }
	no_shadow
}

// nucleotide -1

// particle -1
sphere {
	<29.074478, 35.134254, 34.675785> 0.250000
	pigment { color rgbt <1,0,0,0> }
	no_shadow
}
cylinder {
	<29.473579, 35.107449, 34.675823>,  <29.713039, 35.091366, 34.675846>, 0.100000
	pigment { color rgbt <1,0,0,0> }
	no_shadow
}
cylinder {
	<29.473579, 35.107449, 34.675823>,  <29.074478, 35.134254, 34.675785>, 0.100000
	pigment { color rgbt <1,0,0,0> }
	no_shadow
}

// particle -1
sphere {
	<29.473579, 35.107449, 34.675823> 0.100000
	pigment { color rgbt <1,0,0,0> }
	no_shadow
}
sphere {
	0, 1
	scale<0.080000,0.200000,0.300000>
	matrix <-0.036593, -0.543557, 0.838575,
		-0.056143, -0.836693, -0.544787,
		0.997752, -0.067016, 0.000100,
		29.772905, 35.087345, 34.675854>
	pigment { color rgbt <0,1,1,0> }
	no_shadow
}
cylinder {
	<28.529211, 35.062035, 34.224709>,  <29.074478, 35.134254, 34.675785>, 0.130000
	pigment { color rgbt <1,0,0,0> }
	no_shadow
}

// nucleotide -1

// particle -1
sphere {
	<28.529211, 35.062035, 34.224709> 0.250000
	pigment { color rgbt <1,0,0,0> }
	no_shadow
}
cylinder {
	<28.661991, 35.228851, 33.886269>,  <28.741659, 35.328941, 33.683205>, 0.100000
	pigment { color rgbt <1,0,0,0> }
	no_shadow
}
cylinder {
	<28.661991, 35.228851, 33.886269>,  <28.529211, 35.062035, 34.224709>, 0.100000
	pigment { color rgbt <1,0,0,0> }
	no_shadow
}

// particle -1
sphere {
	<28.661991, 35.228851, 33.886269> 0.100000
	pigment { color rgbt <1,0,0,0> }
	no_shadow
}
sphere {
	0, 1
	scale<0.080000,0.200000,0.300000>
	matrix <-0.855671, -0.244406, -0.456172,
		-0.397034, 0.875411, 0.275717,
		0.331951, 0.417039, -0.846101,
		28.761576, 35.353962, 33.632439>
	pigment { color rgbt <0,1,1,0> }
	no_shadow
}
cylinder {
	<28.034580, 35.532417, 33.919456>,  <28.529211, 35.062035, 34.224709>, 0.130000
	pigment { color rgbt <1,0,0,0> }
	no_shadow
}

// nucleotide -1

// particle -1
sphere {
	<28.034580, 35.532417, 33.919456> 0.250000
	pigment { color rgbt <1,0,0,0> }
	no_shadow
}
cylinder {
	<28.266466, 35.372906, 33.635227>,  <28.405598, 35.277199, 33.464691>, 0.100000
	pigment { color rgbt <1,0,0,0> }
	no_shadow
}
cylinder {
	<28.266466, 35.372906, 33.635227>,  <28.034580, 35.532417, 33.919456>, 0.100000
	pigment { color rgbt <1,0,0,0> }
	no_shadow
}

// particle -1
sphere {
	<28.266466, 35.372906, 33.635227> 0.100000
	pigment { color rgbt <1,0,0,0> }
	no_shadow
}
sphere {
	0, 1
	scale<0.080000,0.200000,0.300000>
	matrix <-0.814011, -0.322285, -0.483237,
		-0.036303, 0.858551, -0.511442,
		0.579713, -0.398777, -0.710570,
		28.440380, 35.253273, 33.422058>
	pigment { color rgbt <0,1,1,0> }
	no_shadow
}
cylinder {
	<27.841545, 35.821041, 33.246124>,  <28.034580, 35.532417, 33.919456>, 0.130000
	pigment { color rgbt <1,0,0,0> }
	no_shadow
}

// nucleotide -1

// particle -1
sphere {
	<27.841545, 35.821041, 33.246124> 0.250000
	pigment { color rgbt <1,0,0,0> }
	no_shadow
}
cylinder {
	<28.033194, 35.477970, 33.171478>,  <28.148182, 35.272125, 33.126690>, 0.100000
	pigment { color rgbt <1,0,0,0> }
	no_shadow
}
cylinder {
	<28.033194, 35.477970, 33.171478>,  <27.841545, 35.821041, 33.246124>, 0.100000
	pigment { color rgbt <1,0,0,0> }
	no_shadow
}

// particle -1
sphere {
	<28.033194, 35.477970, 33.171478> 0.100000
	pigment { color rgbt <1,0,0,0> }
	no_shadow
}
sphere {
	0, 1
	scale<0.080000,0.200000,0.300000>
	matrix <-0.664126, -0.215209, -0.715976,
		0.573918, 0.466976, -0.672719,
		0.479119, -0.857682, -0.186619,
		28.176929, 35.220665, 33.115494>
	pigment { color rgbt <0,1,1,0> }
	no_shadow
}
cylinder {
	<28.045134, 35.755508, 32.472931>,  <27.841545, 35.821041, 33.246124>, 0.130000
	pigment { color rgbt <1,0,0,0> }
	no_shadow
}

// nucleotide -1

// particle -1
sphere {
	<28.045134, 35.755508, 32.472931> 0.250000
	pigment { color rgbt <1,0,0,0> }
	no_shadow
}
cylinder {
	<28.050528, 35.386662, 32.627598>,  <28.053764, 35.165352, 32.720398>, 0.100000
	pigment { color rgbt <1,0,0,0> }
	no_shadow
}
cylinder {
	<28.050528, 35.386662, 32.627598>,  <28.045134, 35.755508, 32.472931>, 0.100000
	pigment { color rgbt <1,0,0,0> }
	no_shadow
}

// particle -1
sphere {
	<28.050528, 35.386662, 32.627598> 0.100000
	pigment { color rgbt <1,0,0,0> }
	no_shadow
}
sphere {
	0, 1
	scale<0.080000,0.200000,0.300000>
	matrix <-0.691519, -0.287917, -0.662500,
		0.722233, -0.258458, -0.641545,
		0.013483, -0.922119, 0.386671,
		28.054573, 35.110027, 32.743599>
	pigment { color rgbt <0,1,1,0> }
	no_shadow
}
cylinder {
	<28.122641, 35.330795, 31.891275>,  <28.045134, 35.755508, 32.472931>, 0.130000
	pigment { color rgbt <1,0,0,0> }
	no_shadow
}

// nucleotide -1

// particle -1
sphere {
	<28.122641, 35.330795, 31.891275> 0.250000
	pigment { color rgbt <1,0,0,0> }
	no_shadow
}
cylinder {
	<28.016634, 35.072662, 32.177860>,  <27.953030, 34.917782, 32.349812>, 0.100000
	pigment { color rgbt <1,0,0,0> }
	no_shadow
}
cylinder {
	<28.016634, 35.072662, 32.177860>,  <28.122641, 35.330795, 31.891275>, 0.100000
	pigment { color rgbt <1,0,0,0> }
	no_shadow
}

// particle -1
sphere {
	<28.016634, 35.072662, 32.177860> 0.100000
	pigment { color rgbt <1,0,0,0> }
	no_shadow
}
sphere {
	0, 1
	scale<0.080000,0.200000,0.300000>
	matrix <-0.605102, -0.467206, -0.644647,
		0.750745, -0.604374, -0.266673,
		-0.265017, -0.645330, 0.716460,
		27.937128, 34.879063, 32.392799>
	pigment { color rgbt <0,1,1,0> }
	no_shadow
}
cylinder {
	<28.185162, 34.688976, 31.594969>,  <28.122641, 35.330795, 31.891275>, 0.130000
	pigment { color rgbt <1,0,0,0> }
	no_shadow
}

// nucleotide -1

// particle -1
sphere {
	<28.185162, 34.688976, 31.594969> 0.250000
	pigment { color rgbt <1,0,0,0> }
	no_shadow
}
cylinder {
	<27.936935, 34.629482, 31.902937>,  <27.788000, 34.593784, 32.087719>, 0.100000
	pigment { color rgbt <1,0,0,0> }
	no_shadow
}
cylinder {
	<27.936935, 34.629482, 31.902937>,  <28.185162, 34.688976, 31.594969>, 0.100000
	pigment { color rgbt <1,0,0,0> }
	no_shadow
}

// particle -1
sphere {
	<27.936935, 34.629482, 31.902937> 0.100000
	pigment { color rgbt <1,0,0,0> }
	no_shadow
}
sphere {
	0, 1
	scale<0.080000,0.200000,0.300000>
	matrix <-0.652825, -0.445940, -0.612337,
		0.434415, -0.882618, 0.179636,
		-0.620566, -0.148737, 0.769919,
		27.750765, 34.584862, 32.133911>
	pigment { color rgbt <0,1,1,0> }
	no_shadow
}
cylinder {
	<27.878197, 34.002327, 31.563076>,  <28.185162, 34.688976, 31.594969>, 0.130000
	pigment { color rgbt <1,0,0,0> }
	no_shadow
}

// nucleotide -1

// particle -1
sphere {
	<27.878197, 34.002327, 31.563076> 0.250000
	pigment { color rgbt <1,0,0,0> }
	no_shadow
}
cylinder {
	<27.604406, 34.210701, 31.767080>,  <27.440132, 34.335728, 31.889482>, 0.100000
	pigment { color rgbt <1,0,0,0> }
	no_shadow
}
cylinder {
	<27.604406, 34.210701, 31.767080>,  <27.878197, 34.002327, 31.563076>, 0.100000
	pigment { color rgbt <1,0,0,0> }
	no_shadow
}

// particle -1
sphere {
	<27.604406, 34.210701, 31.767080> 0.100000
	pigment { color rgbt <1,0,0,0> }
	no_shadow
}
sphere {
	0, 1
	scale<0.080000,0.200000,0.300000>
	matrix <-0.705156, -0.295506, -0.644540,
		-0.185052, -0.800813, 0.569609,
		-0.684479, 0.520936, 0.510014,
		27.399063, 34.366982, 31.920084>
	pigment { color rgbt <0,1,1,0> }
	no_shadow
}
cylinder {
	<27.309042, 33.584347, 31.635937>,  <27.878197, 34.002327, 31.563076>, 0.130000
	pigment { color rgbt <1,0,0,0> }
	no_shadow
}

// nucleotide -1

// particle -1
sphere {
	<27.309042, 33.584347, 31.635937> 0.250000
	pigment { color rgbt <1,0,0,0> }
	no_shadow
}
cylinder {
	<27.190449, 33.963108, 31.685684>,  <27.119293, 34.190365, 31.715532>, 0.100000
	pigment { color rgbt <1,0,0,0> }
	no_shadow
}
cylinder {
	<27.190449, 33.963108, 31.685684>,  <27.309042, 33.584347, 31.635937>, 0.100000
	pigment { color rgbt <1,0,0,0> }
	no_shadow
}

// particle -1
sphere {
	<27.190449, 33.963108, 31.685684> 0.100000
	pigment { color rgbt <1,0,0,0> }
	no_shadow
}
sphere {
	0, 1
	scale<0.080000,0.200000,0.300000>
	matrix <-0.902474, -0.235173, -0.360879,
		-0.312471, -0.219232, 0.924283,
		-0.296483, 0.946906, 0.124366,
		27.101503, 34.247181, 31.722994>
	pigment { color rgbt <0,1,1,0> }
	no_shadow
}
cylinder {
	<26.548948, 33.536446, 31.934662>,  <27.309042, 33.584347, 31.635937>, 0.130000
	pigment { color rgbt <1,0,0,0> }
	no_shadow
}

// nucleotide -1

// particle -1
sphere {
	<26.548948, 33.536446, 31.934662> 0.250000
	pigment { color rgbt <1,0,0,0> }
	no_shadow
}
cylinder {
	<26.640326, 33.848194, 31.701290>,  <26.695152, 34.035244, 31.561266>, 0.100000
	pigment { color rgbt <1,0,0,0> }
	no_shadow
}
cylinder {
	<26.640326, 33.848194, 31.701290>,  <26.548948, 33.536446, 31.934662>, 0.100000
	pigment { color rgbt <1,0,0,0> }
	no_shadow
}

// particle -1
sphere {
	<26.640326, 33.848194, 31.701290> 0.100000
	pigment { color rgbt <1,0,0,0> }
	no_shadow
}
sphere {
	0, 1
	scale<0.080000,0.200000,0.300000>
	matrix <-0.807308, -0.183287, -0.560944,
		-0.544121, 0.599152, 0.587324,
		0.228442, 0.779373, -0.583431,
		26.708858, 34.082005, 31.526260>
	pigment { color rgbt <0,1,1,0> }
	no_shadow
}
cylinder {
	<26.072035, 34.024456, 31.955402>,  <26.548948, 33.536446, 31.934662>, 0.130000
	pigment { color rgbt <1,0,0,0> }
	no_shadow
}

// nucleotide -1

// particle -1
sphere {
	<26.072035, 34.024456, 31.955402> 0.250000
	pigment { color rgbt <1,0,0,0> }
	no_shadow
}
cylinder {
	<26.251038, 33.987419, 31.599613>,  <26.358440, 33.965195, 31.386139>, 0.100000
	pigment { color rgbt <1,0,0,0> }
	no_shadow
}
cylinder {
	<26.251038, 33.987419, 31.599613>,  <26.072035, 34.024456, 31.955402>, 0.100000
	pigment { color rgbt <1,0,0,0> }
	no_shadow
}

// particle -1
sphere {
	<26.251038, 33.987419, 31.599613> 0.100000
	pigment { color rgbt <1,0,0,0> }
	no_shadow
}
sphere {
	0, 1
	scale<0.080000,0.200000,0.300000>
	matrix <-0.815940, -0.449378, -0.363731,
		-0.366030, 0.888530, -0.276654,
		0.447508, -0.092597, -0.889473,
		26.385290, 33.959641, 31.332771>
	pigment { color rgbt <0,1,1,0> }
	no_shadow
}
cylinder {
	<25.410757, 34.319061, 31.836683>,  <26.072035, 34.024456, 31.955402>, 0.130000
	pigment { color rgbt <1,0,0,0> }
	no_shadow
}

// nucleotide -1

// particle -1
sphere {
	<25.410757, 34.319061, 31.836683> 0.250000
	pigment { color rgbt <1,0,0,0> }
	no_shadow
}
cylinder {
	<25.341909, 34.710121, 31.788383>,  <25.300602, 34.944756, 31.759403>, 0.100000
	pigment { color rgbt <1,0,0,0> }
	no_shadow
}
cylinder {
	<25.341909, 34.710121, 31.788383>,  <25.410757, 34.319061, 31.836683>, 0.100000
	pigment { color rgbt <1,0,0,0> }
	no_shadow
}

// particle -1
sphere {
	<25.341909, 34.710121, 31.788383> 0.100000
	pigment { color rgbt <1,0,0,0> }
	no_shadow
}
sphere {
	0, 1
	scale<0.080000,0.200000,0.300000>
	matrix <-0.533278, -0.195539, -0.823030,
		-0.828245, -0.077265, 0.555014,
		-0.172118, 0.977647, -0.120750,
		25.290274, 35.003414, 31.752159>
	pigment { color rgbt <0,1,1,0> }
	no_shadow
}
cylinder {
	<24.760790, 34.185162, 31.405771>,  <25.410757, 34.319061, 31.836683>, 0.130000
	pigment { color rgbt <1,0,0,0> }
	no_shadow
}

// nucleotide -1

// particle -1
sphere {
	<24.760790, 34.185162, 31.405771> 0.250000
	pigment { color rgbt <1,0,0,0> }
	no_shadow
}
cylinder {
	<24.594622, 34.464752, 31.638617>,  <24.494921, 34.632507, 31.778324>, 0.100000
	pigment { color rgbt <1,0,0,0> }
	no_shadow
}
cylinder {
	<24.594622, 34.464752, 31.638617>,  <24.760790, 34.185162, 31.405771>, 0.100000
	pigment { color rgbt <1,0,0,0> }
	no_shadow
}

// particle -1
sphere {
	<24.594622, 34.464752, 31.638617> 0.100000
	pigment { color rgbt <1,0,0,0> }
	no_shadow
}
sphere {
	0, 1
	scale<0.080000,0.200000,0.300000>
	matrix <0.907014, 0.366794, 0.206852,
		-0.068932, 0.613917, -0.786355,
		-0.415421, 0.698976, 0.582115,
		24.469995, 34.674446, 31.813251>
	pigment { color rgbt <0,1,1,0> }
	no_shadow
}
cylinder {
	<24.784565, 33.599072, 31.006496>,  <24.760790, 34.185162, 31.405771>, 0.130000
	pigment { color rgbt <1,0,0,0> }
	no_shadow
}

// nucleotide -1

// particle -1
sphere {
	<24.784565, 33.599072, 31.006496> 0.250000
	pigment { color rgbt <1,0,0,0> }
	no_shadow
}
cylinder {
	<24.979990, 33.682632, 30.667635>,  <25.097244, 33.732769, 30.464319>, 0.100000
	pigment { color rgbt <1,0,0,0> }
	no_shadow
}
cylinder {
	<24.979990, 33.682632, 30.667635>,  <24.784565, 33.599072, 31.006496>, 0.100000
	pigment { color rgbt <1,0,0,0> }
	no_shadow
}

// particle -1
sphere {
	<24.979990, 33.682632, 30.667635> 0.100000
	pigment { color rgbt <1,0,0,0> }
	no_shadow
}
sphere {
	0, 1
	scale<0.080000,0.200000,0.300000>
	matrix <0.824267, 0.207929, 0.526639,
		0.286164, -0.955576, -0.070607,
		0.488562, 0.208905, -0.847152,
		25.126558, 33.745304, 30.413490>
	pigment { color rgbt <0,1,1,0> }
	no_shadow
}
cylinder {
	<25.459127, 33.217899, 30.757483>,  <24.784565, 33.599072, 31.006496>, 0.130000
	pigment { color rgbt <1,0,0,0> }
	no_shadow
}

// nucleotide -1

// particle -1
sphere {
	<25.459127, 33.217899, 30.757483> 0.250000
	pigment { color rgbt <1,0,0,0> }
	no_shadow
}
cylinder {
	<25.473124, 33.606750, 30.664751>,  <25.481522, 33.840061, 30.609112>, 0.100000
	pigment { color rgbt <1,0,0,0> }
	no_shadow
}
cylinder {
	<25.473124, 33.606750, 30.664751>,  <25.459127, 33.217899, 30.757483>, 0.100000
	pigment { color rgbt <1,0,0,0> }
	no_shadow
}

// particle -1
sphere {
	<25.473124, 33.606750, 30.664751> 0.100000
	pigment { color rgbt <1,0,0,0> }
	no_shadow
}
sphere {
	0, 1
	scale<0.080000,0.200000,0.300000>
	matrix <0.763761, 0.123597, 0.633556,
		0.644550, -0.199231, -0.738148,
		0.034991, 0.972127, -0.231830,
		25.483622, 33.898388, 30.595201>
	pigment { color rgbt <0,1,1,0> }
	no_shadow
}
cylinder {
	<26.132936, 33.468441, 30.676357>,  <25.459127, 33.217899, 30.757483>, 0.130000
	pigment { color rgbt <1,0,0,0> }
	no_shadow
}

// nucleotide -1

// particle -1
sphere {
	<26.132936, 33.468441, 30.676357> 0.250000
	pigment { color rgbt <1,0,0,0> }
	no_shadow
}
cylinder {
	<25.921593, 33.795959, 30.766159>,  <25.794786, 33.992470, 30.820040>, 0.100000
	pigment { color rgbt <1,0,0,0> }
	no_shadow
}
cylinder {
	<25.921593, 33.795959, 30.766159>,  <26.132936, 33.468441, 30.676357>, 0.100000
	pigment { color rgbt <1,0,0,0> }
	no_shadow
}

// particle -1
sphere {
	<25.921593, 33.795959, 30.766159> 0.100000
	pigment { color rgbt <1,0,0,0> }
	no_shadow
}
sphere {
	0, 1
	scale<0.080000,0.200000,0.300000>
	matrix <0.727550, 0.300356, 0.616812,
		0.437614, 0.489237, -0.754414,
		-0.528360, 0.818800, 0.224504,
		25.763084, 34.041599, 30.833509>
	pigment { color rgbt <0,1,1,0> }
	no_shadow
}
cylinder {
	<26.541826, 34.108746, 30.483524>,  <26.132936, 33.468441, 30.676357>, 0.130000
	pigment { color rgbt <1,0,0,0> }
	no_shadow
}

// nucleotide -1

// particle -1
sphere {
	<26.541826, 34.108746, 30.483524> 0.250000
	pigment { color rgbt <1,0,0,0> }
	no_shadow
}
cylinder {
	<26.280006, 34.197880, 30.772497>,  <26.122913, 34.251362, 30.945881>, 0.100000
	pigment { color rgbt <1,0,0,0> }
	no_shadow
}
cylinder {
	<26.280006, 34.197880, 30.772497>,  <26.541826, 34.108746, 30.483524>, 0.100000
	pigment { color rgbt <1,0,0,0> }
	no_shadow
}

// particle -1
sphere {
	<26.280006, 34.197880, 30.772497> 0.100000
	pigment { color rgbt <1,0,0,0> }
	no_shadow
}
sphere {
	0, 1
	scale<0.080000,0.200000,0.300000>
	matrix <0.722888, 0.464251, 0.511765,
