// switches for output
#declare DRAW_BASES = 1; // possible values are 0, 1; only relevant for DNA ribbons
#declare DRAW_BASES_TYPE = 3; // possible values are 1, 2, 3; only relevant for DNA ribbons
#declare DRAW_FOG = 0; // set to 1 to enable fog

#include "colors.inc"

#include "transforms.inc"
background { rgb <1, 1, 1>}

#default {
   normal{
       ripples 0.25
       frequency 0.20
       turbulence 0.2
       lambda 5
   }
	finish {
		phong 0.1
		phong_size 40.
	}
}

// original window dimensions: 1024x640


// camera settings

camera {
	sky <0, 0.179814, -0.983701>
	up <0, 0.179814, -0.983701>
	right 1.6 * <1, 0, 0>
	location <35, 94.9851, 44.8844>
	look_at <35, 29.7336, 32.9568>
	direction <0, -65.2515, -11.9276>
	angle 67.0682
}


# declare cpy_camera_pos = <35, 94.9851, 44.8844>;
# if (DRAW_FOG = 1)
fog {
	fog_type 2
	up vnormalize(cpy_camera_pos)
	color rgbt<1,1,1,0.3>
	distance 1e-5
	fog_alt 3e-3
	fog_offset 56
}
# end


// LIGHTS

# declare lum = 6;
global_settings {
	ambient_light rgb lum * <0.05, 0.05, 0.05>
	max_trace_level 15
}# declare cpy_direct_light_amount = 0.25;
light_source
{	1000 * <-1, -1.16352, -0.803886>,
	rgb lum * cpy_direct_light_amount
	parallel
}

light_source
{	1000 * <1, 1.16352, 0.803886>,
	rgb lum * cpy_direct_light_amount
	parallel
}

// strand 0

// nucleotide -1

// particle -1
sphere {
	<24.170229, 35.096024, 35.300812> 0.250000
	pigment { color rgbt <1,0,0,0> }
	no_shadow
}
cylinder {
	<24.499411, 35.081444, 35.527588>,  <24.696920, 35.072697, 35.663654>, 0.100000
	pigment { color rgbt <1,0,0,0> }
	no_shadow
}
cylinder {
	<24.499411, 35.081444, 35.527588>,  <24.170229, 35.096024, 35.300812>, 0.100000
	pigment { color rgbt <1,0,0,0> }
	no_shadow
}

// particle -1
sphere {
	<24.499411, 35.081444, 35.527588> 0.100000
	pigment { color rgbt <1,0,0,0> }
	no_shadow
}
sphere {
	0, 1
	scale<0.080000,0.200000,0.300000>
	matrix <0.002224, 0.998139, 0.060937,
		-0.568103, -0.048888, 0.821504,
		0.822954, -0.036446, 0.566938,
		24.746298, 35.070511, 35.697670>
	pigment { color rgbt <0,1,1,0> }
	no_shadow
}
cylinder {
	<24.131310, 35.469238, 35.906017>,  <24.170229, 35.096024, 35.300812>, 0.130000
	pigment { color rgbt <1,0,0,0> }
	no_shadow
}

// nucleotide -1

// particle -1
sphere {
	<24.131310, 35.469238, 35.906017> 0.250000
	pigment { color rgbt <1,0,0,0> }
	no_shadow
}
cylinder {
	<24.524023, 35.464001, 35.830196>,  <24.759651, 35.460857, 35.784702>, 0.100000
	pigment { color rgbt <1,0,0,0> }
	no_shadow
}
cylinder {
	<24.524023, 35.464001, 35.830196>,  <24.131310, 35.469238, 35.906017>, 0.100000
	pigment { color rgbt <1,0,0,0> }
	no_shadow
}

// particle -1
sphere {
	<24.524023, 35.464001, 35.830196> 0.100000
	pigment { color rgbt <1,0,0,0> }
	no_shadow
}
sphere {
	0, 1
	scale<0.080000,0.200000,0.300000>
	matrix <0.049986, 0.980278, 0.191197,
		0.183310, -0.197189, 0.963075,
		0.981784, -0.013092, -0.189551,
		24.818558, 35.460072, 35.773331>
	pigment { color rgbt <0,1,1,0> }
	no_shadow
}
cylinder {
	<24.460667, 35.725475, 36.502819>,  <24.131310, 35.469238, 35.906017>, 0.130000
	pigment { color rgbt <1,0,0,0> }
	no_shadow
}

// nucleotide -1

// particle -1
sphere {
	<24.460667, 35.725475, 36.502819> 0.250000
	pigment { color rgbt <1,0,0,0> }
	no_shadow
}
cylinder {
	<24.697628, 35.784847, 36.186081>,  <24.839806, 35.820469, 35.996037>, 0.100000
	pigment { color rgbt <1,0,0,0> }
	no_shadow
}
cylinder {
	<24.697628, 35.784847, 36.186081>,  <24.460667, 35.725475, 36.502819>, 0.100000
	pigment { color rgbt <1,0,0,0> }
	no_shadow
}

// particle -1
sphere {
	<24.697628, 35.784847, 36.186081> 0.100000
	pigment { color rgbt <1,0,0,0> }
	no_shadow
}
sphere {
	0, 1
	scale<0.080000,0.200000,0.300000>
	matrix <0.186314, 0.930997, 0.313898,
		0.783801, -0.333487, 0.523872,
		0.592405, 0.148429, -0.791850,
		24.875349, 35.829376, 35.948524>
	pigment { color rgbt <0,1,1,0> }
	no_shadow
}
cylinder {
	<25.130075, 36.062096, 36.761829>,  <24.460667, 35.725475, 36.502819>, 0.130000
	pigment { color rgbt <1,0,0,0> }
	no_shadow
}

// nucleotide -1

// particle -1
sphere {
	<25.130075, 36.062096, 36.761829> 0.250000
	pigment { color rgbt <1,0,0,0> }
	no_shadow
}
cylinder {
	<25.157927, 36.104343, 36.365044>,  <25.174637, 36.129692, 36.126972>, 0.100000
	pigment { color rgbt <1,0,0,0> }
	no_shadow
}
cylinder {
	<25.157927, 36.104343, 36.365044>,  <25.130075, 36.062096, 36.761829>, 0.100000
	pigment { color rgbt <1,0,0,0> }
	no_shadow
}

// particle -1
sphere {
	<25.157927, 36.104343, 36.365044> 0.100000
	pigment { color rgbt <1,0,0,0> }
	no_shadow
}
sphere {
	0, 1
	scale<0.080000,0.200000,0.300000>
	matrix <0.290004, 0.949291, 0.121429,
		0.954489, -0.296129, 0.035469,
		0.069629, 0.105617, -0.991966,
		25.178816, 36.136028, 36.067455>
	pigment { color rgbt <0,1,1,0> }
	no_shadow
}
cylinder {
	<25.862167, 36.312607, 36.448727>,  <25.130075, 36.062096, 36.761829>, 0.130000
	pigment { color rgbt <1,0,0,0> }
	no_shadow
}

// nucleotide -1

// particle -1
sphere {
	<25.862167, 36.312607, 36.448727> 0.250000
	pigment { color rgbt <1,0,0,0> }
	no_shadow
}
cylinder {
	<25.534622, 36.424332, 36.248150>,  <25.338095, 36.491367, 36.127804>, 0.100000
	pigment { color rgbt <1,0,0,0> }
	no_shadow
}
cylinder {
	<25.534622, 36.424332, 36.248150>,  <25.862167, 36.312607, 36.448727>, 0.100000
	pigment { color rgbt <1,0,0,0> }
	no_shadow
}

// particle -1
sphere {
	<25.534622, 36.424332, 36.248150> 0.100000
	pigment { color rgbt <1,0,0,0> }
	no_shadow
}
sphere {
	0, 1
	scale<0.080000,0.200000,0.300000>
	matrix <0.282294, 0.956631, 0.071877,
		0.499772, -0.082697, -0.862200,
		-0.818864, 0.279316, -0.501442,
		25.288963, 36.508125, 36.097717>
	pigment { color rgbt <0,1,1,0> }
	no_shadow
}
cylinder {
	<26.048174, 36.736221, 35.857174>,  <25.862167, 36.312607, 36.448727>, 0.130000
	pigment { color rgbt <1,0,0,0> }
	no_shadow
}

// nucleotide -1

// particle -1
sphere {
	<26.048174, 36.736221, 35.857174> 0.250000
	pigment { color rgbt <1,0,0,0> }
	no_shadow
}
cylinder {
	<25.673975, 36.807224, 35.979378>,  <25.449455, 36.849827, 36.052700>, 0.100000
	pigment { color rgbt <1,0,0,0> }
	no_shadow
}
cylinder {
	<25.673975, 36.807224, 35.979378>,  <26.048174, 36.736221, 35.857174>, 0.100000
	pigment { color rgbt <1,0,0,0> }
	no_shadow
}

// particle -1
sphere {
	<25.673975, 36.807224, 35.979378> 0.100000
	pigment { color rgbt <1,0,0,0> }
	no_shadow
}
sphere {
	0, 1
	scale<0.080000,0.200000,0.300000>
	matrix <0.232835, 0.960059, 0.155161,
		-0.265761, 0.216285, -0.939463,
		-0.935499, 0.177505, 0.305505,
		25.393326, 36.860477, 36.071030>
	pigment { color rgbt <0,1,1,0> }
	no_shadow
}
cylinder {
	<25.891270, 37.340824, 35.690128>,  <26.048174, 36.736221, 35.857174>, 0.130000
	pigment { color rgbt <1,0,0,0> }
	no_shadow
}

// nucleotide -1

// particle -1
sphere {
	<25.891270, 37.340824, 35.690128> 0.250000
	pigment { color rgbt <1,0,0,0> }
	no_shadow
}
cylinder {
	<25.612671, 37.311817, 35.975681>,  <25.445511, 37.294415, 36.147015>, 0.100000
	pigment { color rgbt <1,0,0,0> }
	no_shadow
}
cylinder {
	<25.612671, 37.311817, 35.975681>,  <25.891270, 37.340824, 35.690128>, 0.100000
	pigment { color rgbt <1,0,0,0> }
	no_shadow
}

// particle -1
sphere {
	<25.612671, 37.311817, 35.975681> 0.100000
	pigment { color rgbt <1,0,0,0> }
	no_shadow
}
sphere {
	0, 1
	scale<0.080000,0.200000,0.300000>
	matrix <0.217291, 0.926855, 0.306144,
		-0.683867, 0.368350, -0.629797,
		-0.696499, -0.072513, 0.713885,
		25.403721, 37.290062, 36.189846>
	pigment { color rgbt <0,1,1,0> }
	no_shadow
}
cylinder {
	<25.604927, 37.915161, 35.691696>,  <25.891270, 37.340824, 35.690128>, 0.130000
	pigment { color rgbt <1,0,0,0> }
	no_shadow
}

// nucleotide -1

// particle -1
sphere {
	<25.604927, 37.915161, 35.691696> 0.250000
	pigment { color rgbt <1,0,0,0> }
	no_shadow
}
cylinder {
	<25.470190, 37.778358, 36.042595>,  <25.389349, 37.696278, 36.253136>, 0.100000
	pigment { color rgbt <1,0,0,0> }
	no_shadow
}
cylinder {
	<25.470190, 37.778358, 36.042595>,  <25.604927, 37.915161, 35.691696>, 0.100000
	pigment { color rgbt <1,0,0,0> }
	no_shadow
}

// particle -1
sphere {
	<25.470190, 37.778358, 36.042595> 0.100000
	pigment { color rgbt <1,0,0,0> }
	no_shadow
}
sphere {
	0, 1
	scale<0.080000,0.200000,0.300000>
	matrix <-0.059915, 0.937594, 0.342531,
		-0.939653, 0.062818, -0.336312,
		-0.336841, -0.342010, 0.877250,
		25.369137, 37.675755, 36.305771>
	pigment { color rgbt <0,1,1,0> }
	no_shadow
}
cylinder {
	<24.993889, 38.339195, 35.893074>,  <25.604927, 37.915161, 35.691696>, 0.130000
	pigment { color rgbt <1,0,0,0> }
	no_shadow
}

// nucleotide -1

// particle -1
sphere {
	<24.993889, 38.339195, 35.893074> 0.250000
	pigment { color rgbt <1,0,0,0> }
	no_shadow
}
cylinder {
	<25.163445, 38.147427, 36.200443>,  <25.265177, 38.032368, 36.384865>, 0.100000
	pigment { color rgbt <1,0,0,0> }
	no_shadow
}
cylinder {
	<25.163445, 38.147427, 36.200443>,  <24.993889, 38.339195, 35.893074>, 0.100000
	pigment { color rgbt <1,0,0,0> }
	no_shadow
}

// particle -1
sphere {
	<25.163445, 38.147427, 36.200443> 0.100000
	pigment { color rgbt <1,0,0,0> }
	no_shadow
}
sphere {
	0, 1
	scale<0.080000,0.200000,0.300000>
	matrix <0.054661, 0.860413, 0.506658,
		-0.904064, -0.172763, 0.390923,
		0.423887, -0.479420, 0.768425,
		25.290611, 38.003601, 36.430969>
	pigment { color rgbt <0,1,1,0> }
	no_shadow
}
cylinder {
	<24.725777, 38.603542, 36.560051>,  <24.993889, 38.339195, 35.893074>, 0.130000
	pigment { color rgbt <1,0,0,0> }
	no_shadow
}

// nucleotide -1

// particle -1
sphere {
	<24.725777, 38.603542, 36.560051> 0.250000
	pigment { color rgbt <1,0,0,0> }
	no_shadow
}
cylinder {
	<25.057810, 38.410614, 36.672001>,  <25.257029, 38.294857, 36.739170>, 0.100000
	pigment { color rgbt <1,0,0,0> }
	no_shadow
}
cylinder {
	<25.057810, 38.410614, 36.672001>,  <24.725777, 38.603542, 36.560051>, 0.100000
	pigment { color rgbt <1,0,0,0> }
	no_shadow
}

// particle -1
sphere {
	<25.057810, 38.410614, 36.672001> 0.100000
	pigment { color rgbt <1,0,0,0> }
	no_shadow
}
sphere {
	0, 1
	scale<0.080000,0.200000,0.300000>
	matrix <0.248793, 0.769494, 0.588202,
		-0.499067, -0.418623, 0.758740,
		0.830081, -0.482321, 0.279878,
		25.306833, 38.265919, 36.755966>
	pigment { color rgbt <0,1,1,0> }
	no_shadow
}
cylinder {
	<24.737818, 38.662628, 37.331951>,  <24.725777, 38.603542, 36.560051>, 0.130000
	pigment { color rgbt <1,0,0,0> }
	no_shadow
}

// nucleotide -1

// particle -1
sphere {
	<24.737818, 38.662628, 37.331951> 0.250000
	pigment { color rgbt <1,0,0,0> }
	no_shadow
}
cylinder {
	<25.106564, 38.603424, 37.188698>,  <25.327810, 38.567902, 37.102745>, 0.100000
	pigment { color rgbt <1,0,0,0> }
	no_shadow
}
cylinder {
	<25.106564, 38.603424, 37.188698>,  <24.737818, 38.662628, 37.331951>, 0.100000
	pigment { color rgbt <1,0,0,0> }
	no_shadow
}

// particle -1
sphere {
	<25.106564, 38.603424, 37.188698> 0.100000
	pigment { color rgbt <1,0,0,0> }
	no_shadow
}
sphere {
	0, 1
	scale<0.080000,0.200000,0.300000>
	matrix <0.343452, 0.740070, 0.578219,
		0.179464, -0.656042, 0.733077,
		0.921864, -0.148007, -0.358135,
		25.383123, 38.559021, 37.081257>
	pigment { color rgbt <0,1,1,0> }
	no_shadow
}
cylinder {
	<25.208633, 38.751518, 37.823593>,  <24.737818, 38.662628, 37.331951>, 0.130000
	pigment { color rgbt <1,0,0,0> }
	no_shadow
}

// nucleotide -1

// particle -1
sphere {
	<25.208633, 38.751518, 37.823593> 0.250000
	pigment { color rgbt <1,0,0,0> }
	no_shadow
}
cylinder {
	<25.417116, 38.847881, 37.496105>,  <25.542206, 38.905701, 37.299610>, 0.100000
	pigment { color rgbt <1,0,0,0> }
	no_shadow
}
cylinder {
	<25.417116, 38.847881, 37.496105>,  <25.208633, 38.751518, 37.823593>, 0.100000
	pigment { color rgbt <1,0,0,0> }
	no_shadow
}

// particle -1
sphere {
	<25.417116, 38.847881, 37.496105> 0.100000
	pigment { color rgbt <1,0,0,0> }
	no_shadow
}
sphere {
	0, 1
	scale<0.080000,0.200000,0.300000>
	matrix <0.243968, 0.877239, 0.413439,
		0.817814, -0.415230, 0.398453,
		0.521210, 0.240906, -0.818721,
		25.573479, 38.920155, 37.250488>
	pigment { color rgbt <0,1,1,0> }
	no_shadow
}
cylinder {
	<25.027826, 39.299667, 38.199406>,  <25.208633, 38.751518, 37.823593>, 0.130000
	pigment { color rgbt <1,0,0,0> }
	no_shadow
}

// nucleotide -1

// particle -1
sphere {
	<25.027826, 39.299667, 38.199406> 0.250000
	pigment { color rgbt <1,0,0,0> }
	no_shadow
}
cylinder {
	<25.412592, 39.408401, 38.210892>,  <25.643452, 39.473644, 38.217781>, 0.100000
	pigment { color rgbt <1,0,0,0> }
	no_shadow
}
cylinder {
	<25.412592, 39.408401, 38.210892>,  <25.027826, 39.299667, 38.199406>, 0.100000
	pigment { color rgbt <1,0,0,0> }
	no_shadow
}

// particle -1
sphere {
	<25.412592, 39.408401, 38.210892> 0.100000
	pigment { color rgbt <1,0,0,0> }
	no_shadow
}
sphere {
	0, 1
	scale<0.080000,0.200000,0.300000>
	matrix <0.210210, -0.668485, -0.713400,
		-0.174735, 0.692265, -0.700169,
		0.961914, 0.271839, 0.028713,
		25.701166, 39.489952, 38.219505>
	pigment { color rgbt <0,1,1,0> }
	no_shadow
}
cylinder {
	<25.420513, 39.719872, 37.597935>,  <25.027826, 39.299667, 38.199406>, 0.130000
	pigment { color rgbt <1,0,0,0> }
	no_shadow
}

// nucleotide -1

// particle -1
sphere {
	<25.420513, 39.719872, 37.597935> 0.250000
	pigment { color rgbt <1,0,0,0> }
	no_shadow
}
cylinder {
	<25.666605, 39.479481, 37.802017>,  <25.814260, 39.335247, 37.924469>, 0.100000
	pigment { color rgbt <1,0,0,0> }
	no_shadow
}
cylinder {
	<25.666605, 39.479481, 37.802017>,  <25.420513, 39.719872, 37.597935>, 0.100000
	pigment { color rgbt <1,0,0,0> }
	no_shadow
}

// particle -1
sphere {
	<25.666605, 39.479481, 37.802017> 0.100000
	pigment { color rgbt <1,0,0,0> }
	no_shadow
}
sphere {
	0, 1
	scale<0.080000,0.200000,0.300000>
	matrix <0.105187, -0.578822, -0.808641,
		0.781298, 0.551169, -0.292894,
		0.615232, -0.600981, 0.510208,
		25.851175, 39.299187, 37.955078>
	pigment { color rgbt <0,1,1,0> }
	no_shadow
}
cylinder {
	<25.933588, 39.465874, 37.070843>,  <25.420513, 39.719872, 37.597935>, 0.130000
	pigment { color rgbt <1,0,0,0> }
	no_shadow
}

// nucleotide -1

// particle -1
sphere {
	<25.933588, 39.465874, 37.070843> 0.250000
	pigment { color rgbt <1,0,0,0> }
	no_shadow
}
cylinder {
	<25.940065, 39.188454, 37.358932>,  <25.943953, 39.022003, 37.531788>, 0.100000
	pigment { color rgbt <1,0,0,0> }
	no_shadow
}
cylinder {
	<25.940065, 39.188454, 37.358932>,  <25.933588, 39.465874, 37.070843>, 0.100000
	pigment { color rgbt <1,0,0,0> }
	no_shadow
}

// particle -1
sphere {
	<25.940065, 39.188454, 37.358932> 0.100000
	pigment { color rgbt <1,0,0,0> }
	no_shadow
}
sphere {
	0, 1
	scale<0.080000,0.200000,0.300000>
	matrix <0.012096, -0.720133, -0.693731,
		0.999796, 0.019947, -0.003274,
		0.016195, -0.693550, 0.720227,
		25.944923, 38.980389, 37.575001>
	pigment { color rgbt <0,1,1,0> }
	no_shadow
}
cylinder {
	<26.462814, 38.971123, 36.822166>,  <25.933588, 39.465874, 37.070843>, 0.130000
	pigment { color rgbt <1,0,0,0> }
	no_shadow
}

// nucleotide -1

// particle -1
sphere {
	<26.462814, 38.971123, 36.822166> 0.250000
	pigment { color rgbt <1,0,0,0> }
	no_shadow
}
cylinder {
	<26.194941, 38.818947, 37.077286>,  <26.034216, 38.727642, 37.230358>, 0.100000
	pigment { color rgbt <1,0,0,0> }
	no_shadow
}
cylinder {
	<26.194941, 38.818947, 37.077286>,  <26.462814, 38.971123, 36.822166>, 0.100000
	pigment { color rgbt <1,0,0,0> }
	no_shadow
}

// particle -1
sphere {
	<26.194941, 38.818947, 37.077286> 0.100000
	pigment { color rgbt <1,0,0,0> }
	no_shadow
}
sphere {
	0, 1
	scale<0.080000,0.200000,0.300000>
	matrix <-0.281886, -0.664334, -0.692243,
		0.687069, -0.643371, 0.337653,
		-0.669684, -0.380439, 0.637801,
		25.994036, 38.704815, 37.268627>
	pigment { color rgbt <0,1,1,0> }
	no_shadow
}
cylinder {
	<26.649145, 38.281391, 36.923134>,  <26.462814, 38.971123, 36.822166>, 0.130000
	pigment { color rgbt <1,0,0,0> }
	no_shadow
}

// nucleotide -1

// particle -1
sphere {
	<26.649145, 38.281391, 36.923134> 0.250000
	pigment { color rgbt <1,0,0,0> }
	no_shadow
}
cylinder {
	<26.261763, 38.342258, 37.002064>,  <26.029333, 38.378780, 37.049423>, 0.100000
	pigment { color rgbt <1,0,0,0> }
	no_shadow
}
cylinder {
	<26.261763, 38.342258, 37.002064>,  <26.649145, 38.281391, 36.923134>, 0.100000
	pigment { color rgbt <1,0,0,0> }
	no_shadow
}

// particle -1
sphere {
	<26.261763, 38.342258, 37.002064> 0.100000
	pigment { color rgbt <1,0,0,0> }
	no_shadow
}
sphere {
	0, 1
	scale<0.080000,0.200000,0.300000>
	matrix <-0.237302, -0.804812, -0.544027,
		0.076027, -0.573692, 0.815535,
		-0.968456, 0.152167, 0.197326,
		25.971226, 38.387909, 37.061260>
	pigment { color rgbt <0,1,1,0> }
	no_shadow
}
cylinder {
	<26.435488, 37.656643, 37.108673>,  <26.649145, 38.281391, 36.923134>, 0.130000
	pigment { color rgbt <1,0,0,0> }
	no_shadow
}

// nucleotide -1

// particle -1
sphere {
	<26.435488, 37.656643, 37.108673> 0.250000
	pigment { color rgbt <1,0,0,0> }
	no_shadow
}
cylinder {
	<26.098307, 37.848415, 37.011040>,  <25.895998, 37.963478, 36.952457>, 0.100000
	pigment { color rgbt <1,0,0,0> }
	no_shadow
}
cylinder {
	<26.098307, 37.848415, 37.011040>,  <26.435488, 37.656643, 37.108673>, 0.100000
	pigment { color rgbt <1,0,0,0> }
	no_shadow
}

// particle -1
sphere {
	<26.098307, 37.848415, 37.011040> 0.100000
	pigment { color rgbt <1,0,0,0> }
	no_shadow
}
sphere {
	0, 1
	scale<0.080000,0.200000,0.300000>
	matrix <-0.378294, -0.850811, -0.364712,
		-0.382526, -0.215099, 0.898558,
		-0.842952, 0.479431, -0.244086,
		25.845421, 37.992245, 36.937813>
	pigment { color rgbt <0,1,1,0> }
	no_shadow
}
cylinder {
	<25.850985, 37.404690, 37.463650>,  <26.435488, 37.656643, 37.108673>, 0.130000
	pigment { color rgbt <1,0,0,0> }
	no_shadow
}

// nucleotide -1

// particle -1
sphere {
	<25.850985, 37.404690, 37.463650> 0.250000
	pigment { color rgbt <1,0,0,0> }
	no_shadow
}
cylinder {
	<25.691900, 37.592663, 37.148438>,  <25.596449, 37.705448, 36.959312>, 0.100000
	pigment { color rgbt <1,0,0,0> }
	no_shadow
}
cylinder {
	<25.691900, 37.592663, 37.148438>,  <25.850985, 37.404690, 37.463650>, 0.100000
	pigment { color rgbt <1,0,0,0> }
	no_shadow
}

// particle -1
sphere {
	<25.691900, 37.592663, 37.148438> 0.100000
	pigment { color rgbt <1,0,0,0> }
	no_shadow
}
sphere {
	0, 1
	scale<0.080000,0.200000,0.300000>
	matrix <-0.526066, -0.820473, -0.223784,
		-0.751718, 0.325552, 0.573529,
		-0.397712, 0.469937, -0.788026,
		25.572586, 37.733643, 36.912029>
	pigment { color rgbt <0,1,1,0> }
	no_shadow
}
cylinder {
	<25.034590, 37.194454, 37.461277>,  <25.850985, 37.404690, 37.463650>, 0.130000
	pigment { color rgbt <1,0,0,0> }
	no_shadow
}

// nucleotide -1

// particle -1
sphere {
	<25.034590, 37.194454, 37.461277> 0.250000
	pigment { color rgbt <1,0,0,0> }
	no_shadow
}
cylinder {
	<25.124910, 37.333862, 37.097397>,  <25.179104, 37.417507, 36.879070>, 0.100000
	pigment { color rgbt <1,0,0,0> }
	no_shadow
}
cylinder {
	<25.124910, 37.333862, 37.097397>,  <25.034590, 37.194454, 37.461277>, 0.100000
	pigment { color rgbt <1,0,0,0> }
	no_shadow
}

// particle -1
sphere {
	<25.124910, 37.333862, 37.097397> 0.100000
	pigment { color rgbt <1,0,0,0> }
	no_shadow
}
sphere {
	0, 1
	scale<0.080000,0.200000,0.300000>
	matrix <-0.360230, -0.837753, -0.410370,
		-0.905123, 0.420363, -0.063620,
		0.225802, 0.348517, -0.909697,
		25.192652, 37.438419, 36.824486>
	pigment { color rgbt <0,1,1,0> }
	no_shadow
}
cylinder {
	<24.597147, 36.645588, 37.690197>,  <25.034590, 37.194454, 37.461277>, 0.130000
	pigment { color rgbt <1,0,0,0> }
	no_shadow
}

// nucleotide -1

// particle -1
sphere {
	<24.597147, 36.645588, 37.690197> 0.250000
	pigment { color rgbt <1,0,0,0> }
	no_shadow
}
cylinder {
	<24.353258, 36.910217, 37.864807>,  <24.206924, 37.068996, 37.969574>, 0.100000
	pigment { color rgbt <1,0,0,0> }
	no_shadow
}
cylinder {
	<24.353258, 36.910217, 37.864807>,  <24.597147, 36.645588, 37.690197>, 0.100000
	pigment { color rgbt <1,0,0,0> }
	no_shadow
}

// particle -1
sphere {
	<24.353258, 36.910217, 37.864807> 0.100000
	pigment { color rgbt <1,0,0,0> }
	no_shadow
}
sphere {
	0, 1
	scale<0.080000,0.200000,0.300000>
	matrix <0.704457, 0.199890, 0.681017,
		0.363286, 0.722746, -0.587929,
		-0.609723, 0.661575, 0.436527,
		24.170341, 37.108688, 37.995766>
	pigment { color rgbt <0,1,1,0> }
	no_shadow
}
cylinder {
	<24.487005, 37.034313, 37.045876>,  <24.597147, 36.645588, 37.690197>, 0.130000
	pigment { color rgbt <1,0,0,0> }
	no_shadow
}

// nucleotide -1

// particle -1
sphere {
	<24.487005, 37.034313, 37.045876> 0.250000
	pigment { color rgbt <1,0,0,0> }
	no_shadow
}
cylinder {
	<24.766119, 37.122009, 36.773102>,  <24.933588, 37.174625, 36.609440>, 0.100000
	pigment { color rgbt <1,0,0,0> }
	no_shadow
}
cylinder {
	<24.766119, 37.122009, 36.773102>,  <24.487005, 37.034313, 37.045876>, 0.100000
	pigment { color rgbt <1,0,0,0> }
	no_shadow
}

// particle -1
sphere {
	<24.766119, 37.122009, 36.773102> 0.100000
	pigment { color rgbt <1,0,0,0> }
	no_shadow
}
sphere {
	0, 1
	scale<0.080000,0.200000,0.300000>
	matrix <-0.195984, -0.857249, -0.476146,
		-0.688974, 0.465896, -0.555209,
		0.697786, 0.219240, -0.681930,
		24.975454, 37.187782, 36.568523>
	pigment { color rgbt <0,1,1,0> }
	no_shadow
}
cylinder {
	<24.147247, 37.157246, 36.358139>,  <24.487005, 37.034313, 37.045876>, 0.130000
	pigment { color rgbt <1,0,0,0> }
	no_shadow
}

// nucleotide -1

// particle -1
sphere {
	<24.147247, 37.157246, 36.358139> 0.250000
	pigment { color rgbt <1,0,0,0> }
	no_shadow
}
cylinder {
	<24.523041, 37.038925, 36.289009>,  <24.748518, 36.967934, 36.247532>, 0.100000
	pigment { color rgbt <1,0,0,0> }
	no_shadow
}
cylinder {
	<24.523041, 37.038925, 36.289009>,  <24.147247, 37.157246, 36.358139>, 0.100000
	pigment { color rgbt <1,0,0,0> }
	no_shadow
}

// particle -1
sphere {
	<24.523041, 37.038925, 36.289009> 0.100000
	pigment { color rgbt <1,0,0,0> }
	no_shadow
}
sphere {
	0, 1
	scale<0.080000,0.200000,0.300000>
	matrix <-0.341369, -0.765742, -0.545075,
		0.028892, 0.571088, -0.820381,
		0.939485, -0.295801, -0.172828,
		24.804886, 36.950184, 36.237160>
	pigment { color rgbt <0,1,1,0> }
	no_shadow
}
cylinder {
	<24.229912, 36.986420, 35.653511>,  <24.147247, 37.157246, 36.358139>, 0.130000
	pigment { color rgbt <1,0,0,0> }
	no_shadow
}

// nucleotide -1

// particle -1
sphere {
	<24.229912, 36.986420, 35.653511> 0.250000
	pigment { color rgbt <1,0,0,0> }
	no_shadow
}
cylinder {
	<24.522688, 36.786007, 35.838215>,  <24.698355, 36.665760, 35.949039>, 0.100000
	pigment { color rgbt <1,0,0,0> }
	no_shadow
}
cylinder {
	<24.522688, 36.786007, 35.838215>,  <24.229912, 36.986420, 35.653511>, 0.100000
	pigment { color rgbt <1,0,0,0> }
	no_shadow
}

// particle -1
sphere {
	<24.522688, 36.786007, 35.838215> 0.100000
	pigment { color rgbt <1,0,0,0> }
	no_shadow
}
sphere {
	0, 1
	scale<0.080000,0.200000,0.300000>
	matrix <-0.181828, -0.796753, -0.576302,
		0.656658, 0.337858, -0.674279,
		0.731942, -0.501036, 0.461762,
		24.742270, 36.635696, 35.976742>
	pigment { color rgbt <0,1,1,0> }
	no_shadow
}
cylinder {
	<24.202084, 36.351570, 35.325630>,  <24.229912, 36.986420, 35.653511>, 0.130000
	pigment { color rgbt <1,0,0,0> }
	no_shadow
}

// nucleotide -1

// particle -1
sphere {
	<24.202084, 36.351570, 35.325630> 0.250000
	pigment { color rgbt <1,0,0,0> }
	no_shadow
}
cylinder {
	<24.469418, 36.268131, 35.611237>,  <24.629818, 36.218067, 35.782600>, 0.100000
	pigment { color rgbt <1,0,0,0> }
	no_shadow
}
cylinder {
	<24.469418, 36.268131, 35.611237>,  <24.202084, 36.351570, 35.325630>, 0.100000
	pigment { color rgbt <1,0,0,0> }
	no_shadow
}

// particle -1
sphere {
	<24.469418, 36.268131, 35.611237> 0.100000
	pigment { color rgbt <1,0,0,0> }
	no_shadow
}
sphere {
	0, 1
	scale<0.080000,0.200000,0.300000>
	matrix <0.015547, -0.955750, -0.293770,
		0.743698, 0.207437, -0.635518,
		0.668335, -0.208596, 0.714014,
		24.669918, 36.205551, 35.825439>
	pigment { color rgbt <0,1,1,0> }
	no_shadow
}
cylinder {
	<24.730959, 36.723408, 34.888569>,  <24.202084, 36.351570, 35.325630>, 0.130000
	pigment { color rgbt <1,0,0,0> }
	no_shadow
}

// nucleotide -1

// particle -1
sphere {
	<24.730959, 36.723408, 34.888569> 0.250000
	pigment { color rgbt <1,0,0,0> }
	no_shadow
}
cylinder {
	<24.967093, 36.678642, 35.208313>,  <25.108772, 36.651783, 35.400162>, 0.100000
	pigment { color rgbt <1,0,0,0> }
	no_shadow
}
cylinder {
	<24.967093, 36.678642, 35.208313>,  <24.730959, 36.723408, 34.888569>, 0.100000
	pigment { color rgbt <1,0,0,0> }
	no_shadow
}

// particle -1
sphere {
	<24.967093, 36.678642, 35.208313> 0.100000
	pigment { color rgbt <1,0,0,0> }
	no_shadow
}
sphere {
	0, 1
	scale<0.080000,0.200000,0.300000>
	matrix <-0.039819, -0.993173, -0.109642,
		0.806176, 0.032895, -0.590761,
		0.590335, -0.111914, 0.799362,
		25.144194, 36.645069, 35.448120>
	pigment { color rgbt <0,1,1,0> }
	no_shadow
}
cylinder {
	<25.294130, 36.281635, 34.749676>,  <24.730959, 36.723408, 34.888569>, 0.130000
	pigment { color rgbt <1,0,0,0> }
	no_shadow
}

// nucleotide -1

// particle -1
sphere {
	<25.294130, 36.281635, 34.749676> 0.250000
	pigment { color rgbt <1,0,0,0> }
	no_shadow
}
cylinder {
	<25.254963, 36.268234, 35.147530>,  <25.231462, 36.260193, 35.386242>, 0.100000
	pigment { color rgbt <1,0,0,0> }
	no_shadow
}
cylinder {
	<25.254963, 36.268234, 35.147530>,  <25.294130, 36.281635, 34.749676>, 0.100000
	pigment { color rgbt <1,0,0,0> }
	no_shadow
}

// particle -1
sphere {
	<25.254963, 36.268234, 35.147530> 0.100000
	pigment { color rgbt <1,0,0,0> }
	no_shadow
}
sphere {
	0, 1
	scale<0.080000,0.200000,0.300000>
	matrix <0.071693, -0.997074, -0.026529,
		0.992609, 0.068710, 0.100032,
		-0.097916, -0.033505, 0.994631,
		25.225588, 36.258183, 35.445919>
	pigment { color rgbt <0,1,1,0> }
	no_shadow
}
cylinder {
	<25.781240, 35.816799, 35.009602>,  <25.294130, 36.281635, 34.749676>, 0.130000
	pigment { color rgbt <1,0,0,0> }
	no_shadow
}

// nucleotide -1

// particle -1
sphere {
	<25.781240, 35.816799, 35.009602> 0.250000
	pigment { color rgbt <1,0,0,0> }
	no_shadow
}
cylinder {
	<25.507242, 35.840328, 35.300068>,  <25.342844, 35.854446, 35.474350>, 0.100000
	pigment { color rgbt <1,0,0,0> }
	no_shadow
}
cylinder {
	<25.507242, 35.840328, 35.300068>,  <25.781240, 35.816799, 35.009602>, 0.100000
	pigment { color rgbt <1,0,0,0> }
	no_shadow
}

// particle -1
sphere {
	<25.507242, 35.840328, 35.300068> 0.100000
	pigment { color rgbt <1,0,0,0> }
	no_shadow
}
sphere {
	0, 1
	scale<0.080000,0.200000,0.300000>
	matrix <-0.004805, -0.997078, 0.076235,
		0.728531, 0.048731, 0.683277,
		-0.684996, 0.058822, 0.726169,
		25.301744, 35.857975, 35.517918>
	pigment { color rgbt <0,1,1,0> }
	no_shadow
}
cylinder {
	<26.065100, 35.431530, 35.656216>,  <25.781240, 35.816799, 35.009602>, 0.130000
	pigment { color rgbt <1,0,0,0> }
	no_shadow
}

// nucleotide -1

// particle -1
sphere {
	<26.065100, 35.431530, 35.656216> 0.250000
	pigment { color rgbt <1,0,0,0> }
	no_shadow
}
cylinder {
	<25.665751, 35.440704, 35.677090>,  <25.426140, 35.446209, 35.689613>, 0.100000
	pigment { color rgbt <1,0,0,0> }
	no_shadow
}
cylinder {
	<25.665751, 35.440704, 35.677090>,  <26.065100, 35.431530, 35.656216>, 0.100000
	pigment { color rgbt <1,0,0,0> }
	no_shadow
}

// particle -1
sphere {
	<25.665751, 35.440704, 35.677090> 0.100000
	pigment { color rgbt <1,0,0,0> }
	no_shadow
}
sphere {
	0, 1
	scale<0.080000,0.200000,0.300000>
	matrix <-0.025302, -0.998662, -0.045102,
		0.051079, -0.046349, 0.997618,
		-0.998374, 0.022938, 0.052184,
		25.366238, 35.447586, 35.692745>
	pigment { color rgbt <0,1,1,0> }
	no_shadow
}
cylinder {
	<26.722683, 35.268353, 35.894302>,  <26.065100, 35.431530, 35.656216>, 0.130000
	pigment { color rgbt <1,0,0,0> }
	no_shadow
}

// nucleotide -1

// particle -1
sphere {
	<26.722683, 35.268353, 35.894302> 0.250000
	pigment { color rgbt <1,0,0,0> }
	no_shadow
}
cylinder {
	<27.099392, 35.392658, 35.945667>,  <27.325417, 35.467243, 35.976486>, 0.100000
	pigment { color rgbt <1,0,0,0> }
	no_shadow
}
cylinder {
	<27.099392, 35.392658, 35.945667>,  <26.722683, 35.268353, 35.894302>, 0.100000
	pigment { color rgbt <1,0,0,0> }
	no_shadow
}

// particle -1
sphere {
	<27.099392, 35.392658, 35.945667> 0.100000
	pigment { color rgbt <1,0,0,0> }
	no_shadow
}
sphere {
	0, 1
	scale<0.080000,0.200000,0.300000>
	matrix <0.229455, -0.314788, -0.921010,
		-0.245797, 0.896846, -0.367766,
		0.941772, 0.310767, 0.128411,
		27.381924, 35.485889, 35.984192>
	pigment { color rgbt <0,1,1,0> }
	no_shadow
}
cylinder {
	<26.901970, 35.729156, 35.281387>,  <26.722683, 35.268353, 35.894302>, 0.130000
	pigment { color rgbt <1,0,0,0> }
	no_shadow
}

// nucleotide -1

// particle -1
sphere {
	<26.901970, 35.729156, 35.281387> 0.250000
	pigment { color rgbt <1,0,0,0> }
	no_shadow
}
cylinder {
	<27.215956, 35.541576, 35.443336>,  <27.404346, 35.429028, 35.540504>, 0.100000
	pigment { color rgbt <1,0,0,0> }
	no_shadow
}
cylinder {
	<27.215956, 35.541576, 35.443336>,  <26.901970, 35.729156, 35.281387>, 0.100000
	pigment { color rgbt <1,0,0,0> }
	no_shadow
}

// particle -1
sphere {
	<27.215956, 35.541576, 35.443336> 0.100000
	pigment { color rgbt <1,0,0,0> }
	no_shadow
}
sphere {
	0, 1
	scale<0.080000,0.200000,0.300000>
	matrix <0.153021, -0.486503, -0.860174,
		0.600348, 0.737158, -0.310128,
		0.784963, -0.468948, 0.404872,
		27.451445, 35.400890, 35.564796>
	pigment { color rgbt <0,1,1,0> }
	no_shadow
}
cylinder {
	<27.386385, 35.812862, 34.730339>,  <26.901970, 35.729156, 35.281387>, 0.130000
	pigment { color rgbt <1,0,0,0> }
	no_shadow
}

// nucleotide -1

// particle -1
sphere {
	<27.386385, 35.812862, 34.730339> 0.250000
	pigment { color rgbt <1,0,0,0> }
	no_shadow
}
cylinder {
	<27.504604, 35.524910, 34.981552>,  <27.575537, 35.352139, 35.132278>, 0.100000
	pigment { color rgbt <1,0,0,0> }
	no_shadow
}
cylinder {
	<27.504604, 35.524910, 34.981552>,  <27.386385, 35.812862, 34.730339>, 0.100000
	pigment { color rgbt <1,0,0,0> }
	no_shadow
}

// particle -1
sphere {
	<27.504604, 35.524910, 34.981552> 0.100000
	pigment { color rgbt <1,0,0,0> }
	no_shadow
}
sphere {
	0, 1
	scale<0.080000,0.200000,0.300000>
	matrix <0.187895, -0.600757, -0.777037,
		0.936668, 0.347656, -0.042291,
		0.295548, -0.719879, 0.628033,
		27.593269, 35.308945, 35.169960>
	pigment { color rgbt <0,1,1,0> }
	no_shadow
}
cylinder {
	<27.941484, 35.552956, 34.395302>,  <27.386385, 35.812862, 34.730339>, 0.130000
	pigment { color rgbt <1,0,0,0> }
	no_shadow
}

// nucleotide -1

// particle -1
sphere {
	<27.941484, 35.552956, 34.395302> 0.250000
	pigment { color rgbt <1,0,0,0> }
	no_shadow
}
cylinder {
	<27.842539, 35.256649, 34.645126>,  <27.783173, 35.078865, 34.795021>, 0.100000
	pigment { color rgbt <1,0,0,0> }
	no_shadow
}
cylinder {
	<27.842539, 35.256649, 34.645126>,  <27.941484, 35.552956, 34.395302>, 0.100000
	pigment { color rgbt <1,0,0,0> }
	no_shadow
}

// particle -1
sphere {
	<27.842539, 35.256649, 34.645126> 0.100000
	pigment { color rgbt <1,0,0,0> }
	no_shadow
}
sphere {
	0, 1
	scale<0.080000,0.200000,0.300000>
	matrix <0.110195, -0.661918, -0.741433,
		0.962636, -0.114579, 0.245363,
		-0.247363, -0.740768, 0.624560,
		27.768330, 35.034420, 34.832493>
	pigment { color rgbt <0,1,1,0> }
	no_shadow
}
cylinder {
	<28.409225, 35.005848, 34.238396>,  <27.941484, 35.552956, 34.395302>, 0.130000
	pigment { color rgbt <1,0,0,0> }
	no_shadow
}

// nucleotide -1

// particle -1
sphere {
	<28.409225, 35.005848, 34.238396> 0.250000
	pigment { color rgbt <1,0,0,0> }
	no_shadow
}
cylinder {
	<28.113567, 34.824326, 34.437485>,  <27.936172, 34.715412, 34.556938>, 0.100000
	pigment { color rgbt <1,0,0,0> }
	no_shadow
}
cylinder {
	<28.113567, 34.824326, 34.437485>,  <28.409225, 35.005848, 34.238396>, 0.100000
	pigment { color rgbt <1,0,0,0> }
	no_shadow
}

// particle -1
sphere {
	<28.113567, 34.824326, 34.437485> 0.100000
	pigment { color rgbt <1,0,0,0> }
	no_shadow
}
sphere {
	0, 1
	scale<0.080000,0.200000,0.300000>
	matrix <-0.009735, -0.731687, -0.681571,
		0.673478, -0.508624, 0.536404,
		-0.739143, -0.453801, 0.497726,
		27.891825, 34.688187, 34.586803>
	pigment { color rgbt <0,1,1,0> }
	no_shadow
}
cylinder {
	<28.585117, 34.321865, 34.426403>,  <28.409225, 35.005848, 34.238396>, 0.130000
	pigment { color rgbt <1,0,0,0> }
	no_shadow
}

// nucleotide -1

// particle -1
sphere {
	<28.585117, 34.321865, 34.426403> 0.250000
	pigment { color rgbt <1,0,0,0> }
	no_shadow
}
cylinder {
	<28.187304, 34.343479, 34.390667>,  <27.948616, 34.356449, 34.369225>, 0.100000
	pigment { color rgbt <1,0,0,0> }
	no_shadow
}
cylinder {
	<28.187304, 34.343479, 34.390667>,  <28.585117, 34.321865, 34.426403>, 0.100000
	pigment { color rgbt <1,0,0,0> }
	no_shadow
}

// particle -1
sphere {
	<28.187304, 34.343479, 34.390667> 0.100000
	pigment { color rgbt <1,0,0,0> }
	no_shadow
}
sphere {
	0, 1
	scale<0.080000,0.200000,0.300000>
	matrix <0.029193, -0.677612, -0.734841,
		-0.100248, -0.733432, 0.672330,
		-0.994534, 0.054038, -0.089340,
		27.888943, 34.359692, 34.363865>
	pigment { color rgbt <0,1,1,0> }
	no_shadow
}
cylinder {
	<28.287024, 33.660549, 34.592880>,  <28.585117, 34.321865, 34.426403>, 0.130000
	pigment { color rgbt <1,0,0,0> }
	no_shadow
}

// nucleotide -1

// particle -1
sphere {
	<28.287024, 33.660549, 34.592880> 0.250000
	pigment { color rgbt <1,0,0,0> }
	no_shadow
}
cylinder {
	<28.041868, 33.812336, 34.315643>,  <27.894775, 33.903408, 34.149303>, 0.100000
	pigment { color rgbt <1,0,0,0> }
	no_shadow
}
cylinder {
	<28.041868, 33.812336, 34.315643>,  <28.287024, 33.660549, 34.592880>, 0.100000
	pigment { color rgbt <1,0,0,0> }
	no_shadow
}

// particle -1
sphere {
	<28.041868, 33.812336, 34.315643> 0.100000
	pigment { color rgbt <1,0,0,0> }
	no_shadow
}
sphere {
	0, 1
	scale<0.080000,0.200000,0.300000>
	matrix <-0.059834, -0.896910, -0.438147,
		-0.787900, -0.227065, 0.572411,
		-0.612889, 0.379465, -0.693089,
		27.858002, 33.926174, 34.107716>
	pigment { color rgbt <0,1,1,0> }
	no_shadow
}
cylinder {
	<27.665701, 33.280319, 34.679928>,  <28.287024, 33.660549, 34.592880>, 0.130000
	pigment { color rgbt <1,0,0,0> }
	no_shadow
}

// nucleotide -1

// particle -1
sphere {
	<27.665701, 33.280319, 34.679928> 0.250000
	pigment { color rgbt <1,0,0,0> }
	no_shadow
}
cylinder {
	<27.776237, 33.426159, 34.324242>,  <27.842560, 33.513664, 34.110828>, 0.100000
	pigment { color rgbt <1,0,0,0> }
	no_shadow
}
cylinder {
	<27.776237, 33.426159, 34.324242>,  <27.665701, 33.280319, 34.679928>, 0.100000
	pigment { color rgbt <1,0,0,0> }
	no_shadow
}

// particle -1
sphere {
	<27.776237, 33.426159, 34.324242> 0.100000
	pigment { color rgbt <1,0,0,0> }
	no_shadow
}
sphere {
	0, 1
	scale<0.080000,0.200000,0.300000>
	matrix <0.185807, -0.928056, -0.322780,
		-0.942927, -0.076024, -0.324206,
		0.276343, 0.364598, -0.889215,
		27.859140, 33.535538, 34.057476>
	pigment { color rgbt <0,1,1,0> }
	no_shadow
}
cylinder {
	<27.442276, 32.834682, 33.995682>,  <27.665701, 33.280319, 34.679928>, 0.130000
	pigment { color rgbt <1,0,0,0> }
	no_shadow
}

// nucleotide -1

// particle -1
sphere {
	<27.442276, 32.834682, 33.995682> 0.250000
	pigment { color rgbt <1,0,0,0> }
	no_shadow
}
cylinder {
	<27.770485, 33.046139, 33.908703>,  <27.967409, 33.173012, 33.856514>, 0.100000
	pigment { color rgbt <1,0,0,0> }
	no_shadow
}
cylinder {
	<27.770485, 33.046139, 33.908703>,  <27.442276, 32.834682, 33.995682>, 0.100000
	pigment { color rgbt <1,0,0,0> }
	no_shadow
}

// particle -1
sphere {
	<27.770485, 33.046139, 33.908703> 0.100000
	pigment { color rgbt <1,0,0,0> }
	no_shadow
}
sphere {
	0, 1
	scale<0.080000,0.200000,0.300000>
	matrix <0.431804, -0.822495, -0.370198,
		-0.374553, 0.209859, -0.903144,
		0.820521, 0.528640, -0.217450,
		28.016642, 33.204731, 33.843468>
	pigment { color rgbt <0,1,1,0> }
	no_shadow
}
cylinder {
	<28.044275, 32.477024, 34.100880>,  <27.442276, 32.834682, 33.995682>, 0.130000
	pigment { color rgbt <1,0,0,0> }
	no_shadow
}

// nucleotide -1

// particle -1
sphere {
	<28.044275, 32.477024, 34.100880> 0.250000
	pigment { color rgbt <1,0,0,0> }
	no_shadow
}
cylinder {
	<28.000782, 32.494270, 33.703625>,  <27.974686, 32.504616, 33.465271>, 0.100000
	pigment { color rgbt <1,0,0,0> }
	no_shadow
}
cylinder {
	<28.000782, 32.494270, 33.703625>,  <28.044275, 32.477024, 34.100880>, 0.100000
	pigment { color rgbt <1,0,0,0> }
	no_shadow
}

// particle -1
sphere {
	<28.000782, 32.494270, 33.703625> 0.100000
	pigment { color rgbt <1,0,0,0> }
	no_shadow
}
sphere {
	0, 1
	scale<0.080000,0.200000,0.300000>
	matrix <0.260783, 0.965305, 0.013353,
		0.959255, -0.257541, -0.116205,
		-0.108735, 0.043113, -0.993136,
		27.968163, 32.507206, 33.405685>
	pigment { color rgbt <0,1,1,0> }
	no_shadow
}
cylinder {
	<28.667450, 32.638824, 33.612057>,  <28.044275, 32.477024, 34.100880>, 0.130000
	pigment { color rgbt <1,0,0,0> }
	no_shadow
}

// nucleotide -1

// particle -1
sphere {
	<28.667450, 32.638824, 33.612057> 0.250000
	pigment { color rgbt <1,0,0,0> }
	no_shadow
}
cylinder {
	<28.313850, 32.775154, 33.484070>,  <28.101690, 32.856953, 33.407276>, 0.100000
	pigment { color rgbt <1,0,0,0> }
	no_shadow
}
cylinder {
	<28.313850, 32.775154, 33.484070>,  <28.667450, 32.638824, 33.612057>, 0.100000
	pigment { color rgbt <1,0,0,0> }
	no_shadow
}

// particle -1
sphere {
	<28.313850, 32.775154, 33.484070> 0.100000
	pigment { color rgbt <1,0,0,0> }
	no_shadow
}
sphere {
	0, 1
	scale<0.080000,0.200000,0.300000>
	matrix <0.342039, 0.938116, 0.054296,
		0.318672, -0.061443, -0.945872,
		-0.884001, 0.340828, -0.319967,
		28.048651, 32.877403, 33.388081>
	pigment { color rgbt <0,1,1,0> }
	no_shadow
}
cylinder {
	<28.708200, 33.003677, 33.004944>,  <28.667450, 32.638824, 33.612057>, 0.130000
	pigment { color rgbt <1,0,0,0> }
	no_shadow
}

// nucleotide -1

// particle -1
sphere {
	<28.708200, 33.003677, 33.004944> 0.250000
	pigment { color rgbt <1,0,0,0> }
	no_shadow
}
cylinder {
	<28.431719, 33.175964, 33.237053>,  <28.265829, 33.279335, 33.376320>, 0.100000
	pigment { color rgbt <1,0,0,0> }
	no_shadow
}
cylinder {
	<28.431719, 33.175964, 33.237053>,  <28.708200, 33.003677, 33.004944>, 0.100000
	pigment { color rgbt <1,0,0,0> }
	no_shadow
}

// particle -1
sphere {
	<28.431719, 33.175964, 33.237053> 0.100000
	pigment { color rgbt <1,0,0,0> }
	no_shadow
}
sphere {
	0, 1
	scale<0.080000,0.200000,0.300000>
	matrix <0.556633, 0.829404, 0.047409,
		-0.460863, 0.355770, -0.813040,
		-0.691205, 0.430716, 0.580275,
		28.224358, 33.305180, 33.411137>
	pigment { color rgbt <0,1,1,0> }
	no_shadow
}
cylinder {
	<28.398069, 33.535511, 32.678749>,  <28.708200, 33.003677, 33.004944>, 0.130000
	pigment { color rgbt <1,0,0,0> }
	no_shadow
}

// nucleotide -1

// particle -1
sphere {
	<28.398069, 33.535511, 32.678749> 0.250000
	pigment { color rgbt <1,0,0,0> }
	no_shadow
}
cylinder {
	<28.421839, 33.591675, 33.074074>,  <28.436100, 33.625374, 33.311268>, 0.100000
	pigment { color rgbt <1,0,0,0> }
	no_shadow
}
cylinder {
	<28.421839, 33.591675, 33.074074>,  <28.398069, 33.535511, 32.678749>, 0.100000
	pigment { color rgbt <1,0,0,0> }
	no_shadow
}

// particle -1
sphere {
	<28.421839, 33.591675, 33.074074> 0.100000
	pigment { color rgbt <1,0,0,0> }
	no_shadow
}
sphere {
	0, 1
	scale<0.080000,0.200000,0.300000>
	matrix <0.354244, 0.922654, -0.152384,
		-0.933263, 0.359157, 0.005089,
		0.059425, 0.140411, 0.988308,
		28.439667, 33.633797, 33.370567>
	pigment { color rgbt <0,1,1,0> }
	no_shadow
}
cylinder {
	<27.916828, 34.102955, 33.064243>,  <28.398069, 33.535511, 32.678749>, 0.130000
	pigment { color rgbt <1,0,0,0> }
	no_shadow
}

// nucleotide -1

// particle -1
sphere {
	<27.916828, 34.102955, 33.064243> 0.250000
	pigment { color rgbt <1,0,0,0> }
	no_shadow
}
cylinder {
	<28.285355, 34.030849, 33.202045>,  <28.506470, 33.987587, 33.284725>, 0.100000
	pigment { color rgbt <1,0,0,0> }
	no_shadow
}
cylinder {
	<28.285355, 34.030849, 33.202045>,  <27.916828, 34.102955, 33.064243>, 0.100000
	pigment { color rgbt <1,0,0,0> }
	no_shadow
}

// particle -1
sphere {
	<28.285355, 34.030849, 33.202045> 0.100000
	pigment { color rgbt <1,0,0,0> }
	no_shadow
}
sphere {
	0, 1
	scale<0.080000,0.200000,0.300000>
	matrix <0.264426, 0.940073, -0.215270,
