// switches for output
#declare DRAW_BASES = 1; // possible values are 0, 1; only relevant for DNA ribbons
#declare DRAW_BASES_TYPE = 3; // possible values are 1, 2, 3; only relevant for DNA ribbons
#declare DRAW_FOG = 0; // set to 1 to enable fog

#include "colors.inc"

#include "transforms.inc"
background { rgb <1, 1, 1>}

#default {
   normal{
       ripples 0.25
       frequency 0.20
       turbulence 0.2
       lambda 5
   }
	finish {
		phong 0.1
		phong_size 40.
	}
}

// original window dimensions: 1024x640


// camera settings

camera {
	sky <0, 0.179814, -0.983701>
	up <0, 0.179814, -0.983701>
	right 1.6 * <1, 0, 0>
	location <35, 94.9851, 44.8844>
	look_at <35, 29.7336, 32.9568>
	direction <0, -65.2515, -11.9276>
	angle 67.0682
}


# declare cpy_camera_pos = <35, 94.9851, 44.8844>;
# if (DRAW_FOG = 1)
fog {
	fog_type 2
	up vnormalize(cpy_camera_pos)
	color rgbt<1,1,1,0.3>
	distance 1e-5
	fog_alt 3e-3
	fog_offset 56
}
# end


// LIGHTS

# declare lum = 6;
global_settings {
	ambient_light rgb lum * <0.05, 0.05, 0.05>
	max_trace_level 15
}# declare cpy_direct_light_amount = 0.25;
light_source
{	1000 * <-1, -1.16352, -0.803886>,
	rgb lum * cpy_direct_light_amount
	parallel
}

light_source
{	1000 * <1, 1.16352, 0.803886>,
	rgb lum * cpy_direct_light_amount
	parallel
}

// strand 0

// nucleotide -1

// particle -1
sphere {
	<24.342909, 35.189163, 34.801479> 0.250000
	pigment { color rgbt <1,0,0,0> }
	no_shadow
}
cylinder {
	<24.399712, 34.804962, 34.897205>,  <24.433794, 34.574440, 34.954639>, 0.100000
	pigment { color rgbt <1,0,0,0> }
	no_shadow
}
cylinder {
	<24.399712, 34.804962, 34.897205>,  <24.342909, 35.189163, 34.801479>, 0.100000
	pigment { color rgbt <1,0,0,0> }
	no_shadow
}

// particle -1
sphere {
	<24.399712, 34.804962, 34.897205> 0.100000
	pigment { color rgbt <1,0,0,0> }
	no_shadow
}
sphere {
	0, 1
	scale<0.080000,0.200000,0.300000>
	matrix <0.044665, 0.247735, 0.967798,
		-0.988857, -0.126746, 0.078082,
		0.142008, -0.960501, 0.239314,
		24.442314, 34.516811, 34.968998>
	pigment { color rgbt <0,1,1,0> }
	no_shadow
}
cylinder {
	<23.821842, 34.861916, 35.291546>,  <24.342909, 35.189163, 34.801479>, 0.130000
	pigment { color rgbt <1,0,0,0> }
	no_shadow
}

// nucleotide -1

// particle -1
sphere {
	<23.821842, 34.861916, 35.291546> 0.250000
	pigment { color rgbt <1,0,0,0> }
	no_shadow
}
cylinder {
	<24.188845, 34.706017, 35.323254>,  <24.409046, 34.612476, 35.342278>, 0.100000
	pigment { color rgbt <1,0,0,0> }
	no_shadow
}
cylinder {
	<24.188845, 34.706017, 35.323254>,  <23.821842, 34.861916, 35.291546>, 0.100000
	pigment { color rgbt <1,0,0,0> }
	no_shadow
}

// particle -1
sphere {
	<24.188845, 34.706017, 35.323254> 0.100000
	pigment { color rgbt <1,0,0,0> }
	no_shadow
}
sphere {
	0, 1
	scale<0.080000,0.200000,0.300000>
	matrix <0.163859, 0.552036, 0.817561,
		-0.362402, -0.737126, 0.570359,
		0.917505, -0.389744, 0.079274,
		24.464096, 34.589092, 35.347034>
	pigment { color rgbt <0,1,1,0> }
	no_shadow
}
cylinder {
	<23.912395, 34.629894, 36.010357>,  <23.821842, 34.861916, 35.291546>, 0.130000
	pigment { color rgbt <1,0,0,0> }
	no_shadow
}

// nucleotide -1

// particle -1
sphere {
	<23.912395, 34.629894, 36.010357> 0.250000
	pigment { color rgbt <1,0,0,0> }
	no_shadow
}
cylinder {
	<24.275801, 34.692276, 35.855289>,  <24.493843, 34.729706, 35.762249>, 0.100000
	pigment { color rgbt <1,0,0,0> }
	no_shadow
}
cylinder {
	<24.275801, 34.692276, 35.855289>,  <23.912395, 34.629894, 36.010357>, 0.100000
	pigment { color rgbt <1,0,0,0> }
	no_shadow
}

// particle -1
sphere {
	<24.275801, 34.692276, 35.855289> 0.100000
	pigment { color rgbt <1,0,0,0> }
	no_shadow
}
sphere {
	0, 1
	scale<0.080000,0.200000,0.300000>
	matrix <0.273172, 0.480370, 0.833440,
		0.316198, -0.863090, 0.393821,
		0.908513, 0.155951, -0.387664,
		24.548355, 34.739063, 35.738991>
	pigment { color rgbt <0,1,1,0> }
	no_shadow
}
cylinder {
	<24.325006, 34.469856, 36.524834>,  <23.912395, 34.629894, 36.010357>, 0.130000
	pigment { color rgbt <1,0,0,0> }
	no_shadow
}

// nucleotide -1

// particle -1
sphere {
	<24.325006, 34.469856, 36.524834> 0.250000
	pigment { color rgbt <1,0,0,0> }
	no_shadow
}
cylinder {
	<24.518888, 34.705597, 36.266308>,  <24.635218, 34.847042, 36.111191>, 0.100000
	pigment { color rgbt <1,0,0,0> }
	no_shadow
}
cylinder {
	<24.518888, 34.705597, 36.266308>,  <24.325006, 34.469856, 36.524834>, 0.100000
	pigment { color rgbt <1,0,0,0> }
	no_shadow
}

// particle -1
sphere {
	<24.518888, 34.705597, 36.266308> 0.100000
	pigment { color rgbt <1,0,0,0> }
	no_shadow
}
sphere {
	0, 1
	scale<0.080000,0.200000,0.300000>
	matrix <0.254611, 0.611852, 0.748873,
		0.836801, -0.527540, 0.146511,
		0.484703, 0.589355, -0.646316,
		24.664299, 34.882404, 36.072414>
	pigment { color rgbt <0,1,1,0> }
	no_shadow
}
cylinder {
	<25.039022, 34.388588, 36.719528>,  <24.325006, 34.469856, 36.524834>, 0.130000
	pigment { color rgbt <1,0,0,0> }
	no_shadow
}

// nucleotide -1

// particle -1
sphere {
	<25.039022, 34.388588, 36.719528> 0.250000
	pigment { color rgbt <1,0,0,0> }
	no_shadow
}
cylinder {
	<24.953087, 34.752270, 36.576874>,  <24.901525, 34.970478, 36.491283>, 0.100000
	pigment { color rgbt <1,0,0,0> }
	no_shadow
}
cylinder {
	<24.953087, 34.752270, 36.576874>,  <25.039022, 34.388588, 36.719528>, 0.100000
	pigment { color rgbt <1,0,0,0> }
	no_shadow
}

// particle -1
sphere {
	<24.953087, 34.752270, 36.576874> 0.100000
	pigment { color rgbt <1,0,0,0> }
	no_shadow
}
sphere {
	0, 1
	scale<0.080000,0.200000,0.300000>
	matrix <0.427383, 0.415862, 0.802747,
		0.878173, 0.020040, -0.477922,
		-0.214837, 0.909207, -0.356634,
		24.888636, 35.025032, 36.469883>
	pigment { color rgbt <0,1,1,0> }
	no_shadow
}
cylinder {
	<25.714548, 34.939091, 36.715164>,  <25.039022, 34.388588, 36.719528>, 0.130000
	pigment { color rgbt <1,0,0,0> }
	no_shadow
}

// nucleotide -1

// particle -1
sphere {
	<25.714548, 34.939091, 36.715164> 0.250000
	pigment { color rgbt <1,0,0,0> }
	no_shadow
}
cylinder {
	<25.337866, 35.069004, 36.750271>,  <25.111856, 35.146954, 36.771336>, 0.100000
	pigment { color rgbt <1,0,0,0> }
	no_shadow
}
cylinder {
	<25.337866, 35.069004, 36.750271>,  <25.714548, 34.939091, 36.715164>, 0.100000
	pigment { color rgbt <1,0,0,0> }
	no_shadow
}

// particle -1
sphere {
	<25.337866, 35.069004, 36.750271> 0.100000
	pigment { color rgbt <1,0,0,0> }
	no_shadow
}
sphere {
	0, 1
	scale<0.080000,0.200000,0.300000>
	matrix <0.206447, 0.351872, 0.912998,
		0.265649, 0.877895, -0.398411,
		-0.941706, 0.324788, 0.087765,
		25.055353, 35.166439, 36.776600>
	pigment { color rgbt <0,1,1,0> }
	no_shadow
}
cylinder {
	<25.797741, 35.701099, 36.888569>,  <25.714548, 34.939091, 36.715164>, 0.130000
	pigment { color rgbt <1,0,0,0> }
	no_shadow
}

// nucleotide -1

// particle -1
sphere {
	<25.797741, 35.701099, 36.888569> 0.250000
	pigment { color rgbt <1,0,0,0> }
	no_shadow
}
cylinder {
	<25.460802, 35.543507, 37.035667>,  <25.258638, 35.448952, 37.123924>, 0.100000
	pigment { color rgbt <1,0,0,0> }
	no_shadow
}
cylinder {
	<25.460802, 35.543507, 37.035667>,  <25.797741, 35.701099, 36.888569>, 0.100000
	pigment { color rgbt <1,0,0,0> }
	no_shadow
}

// particle -1
sphere {
	<25.460802, 35.543507, 37.035667> 0.100000
	pigment { color rgbt <1,0,0,0> }
	no_shadow
}
sphere {
	0, 1
	scale<0.080000,0.200000,0.300000>
	matrix <0.219821, 0.371842, 0.901893,
		-0.492071, 0.840543, -0.226614,
		-0.842345, -0.393981, 0.367742,
		25.208099, 35.425312, 37.145988>
	pigment { color rgbt <0,1,1,0> }
	no_shadow
}
cylinder {
	<25.453056, 36.279144, 37.238060>,  <25.797741, 35.701099, 36.888569>, 0.130000
	pigment { color rgbt <1,0,0,0> }
	no_shadow
}

// nucleotide -1

// particle -1
sphere {
	<25.453056, 36.279144, 37.238060> 0.250000
	pigment { color rgbt <1,0,0,0> }
	no_shadow
}
cylinder {
	<25.352554, 35.937717, 37.420612>,  <25.292253, 35.732861, 37.530144>, 0.100000
	pigment { color rgbt <1,0,0,0> }
	no_shadow
}
cylinder {
	<25.352554, 35.937717, 37.420612>,  <25.453056, 36.279144, 37.238060>, 0.100000
	pigment { color rgbt <1,0,0,0> }
	no_shadow
}

// particle -1
sphere {
	<25.352554, 35.937717, 37.420612> 0.100000
	pigment { color rgbt <1,0,0,0> }
	no_shadow
}
sphere {
	0, 1
	scale<0.080000,0.200000,0.300000>
	matrix <0.283950, 0.385762, 0.877816,
		-0.925334, 0.350147, 0.145446,
		-0.251257, -0.853572, 0.456383,
		25.277178, 35.681644, 37.557526>
	pigment { color rgbt <0,1,1,0> }
	no_shadow
}
cylinder {
	<25.061102, 36.539562, 37.931038>,  <25.453056, 36.279144, 37.238060>, 0.130000
	pigment { color rgbt <1,0,0,0> }
	no_shadow
}

// nucleotide -1

// particle -1
sphere {
	<25.061102, 36.539562, 37.931038> 0.250000
	pigment { color rgbt <1,0,0,0> }
	no_shadow
}
cylinder {
	<25.200401, 36.166443, 37.968155>,  <25.283981, 35.942570, 37.990425>, 0.100000
	pigment { color rgbt <1,0,0,0> }
	no_shadow
}
cylinder {
	<25.200401, 36.166443, 37.968155>,  <25.061102, 36.539562, 37.931038>, 0.100000
	pigment { color rgbt <1,0,0,0> }
	no_shadow
}

// particle -1
sphere {
	<25.200401, 36.166443, 37.968155> 0.100000
	pigment { color rgbt <1,0,0,0> }
	no_shadow
}
sphere {
	0, 1
	scale<0.080000,0.200000,0.300000>
	matrix <0.372000, 0.228380, 0.899699,
		-0.860429, -0.278801, 0.426534,
		0.348249, -0.932798, 0.092791,
		25.304876, 35.886604, 37.995991>
	pigment { color rgbt <0,1,1,0> }
	no_shadow
}
cylinder {
	<24.815138, 36.330517, 38.509377>,  <25.061102, 36.539562, 37.931038>, 0.130000
	pigment { color rgbt <1,0,0,0> }
	no_shadow
}

// nucleotide -1

// particle -1
sphere {
	<24.815138, 36.330517, 38.509377> 0.250000
	pigment { color rgbt <1,0,0,0> }
	no_shadow
}
cylinder {
	<25.138178, 36.102848, 38.447639>,  <25.332003, 35.966248, 38.410595>, 0.100000
	pigment { color rgbt <1,0,0,0> }
	no_shadow
}
cylinder {
	<25.138178, 36.102848, 38.447639>,  <24.815138, 36.330517, 38.509377>, 0.100000
	pigment { color rgbt <1,0,0,0> }
	no_shadow
}

// particle -1
sphere {
	<25.138178, 36.102848, 38.447639> 0.100000
	pigment { color rgbt <1,0,0,0> }
	no_shadow
}
sphere {
	0, 1
	scale<0.080000,0.200000,0.300000>
	matrix <0.355424, 0.260918, 0.897550,
		-0.470593, -0.779718, 0.413016,
		0.807599, -0.569176, -0.154344,
		25.380457, 35.932095, 38.401337>
	pigment { color rgbt <0,1,1,0> }
	no_shadow
}
cylinder {
	<24.943893, 36.159264, 39.198513>,  <24.815138, 36.330517, 38.509377>, 0.130000
	pigment { color rgbt <1,0,0,0> }
	no_shadow
}

// nucleotide -1

// particle -1
sphere {
	<24.943893, 36.159264, 39.198513> 0.250000
	pigment { color rgbt <1,0,0,0> }
	no_shadow
}
cylinder {
	<25.280708, 36.076088, 38.999420>,  <25.482798, 36.026184, 38.879967>, 0.100000
	pigment { color rgbt <1,0,0,0> }
	no_shadow
}
cylinder {
	<25.280708, 36.076088, 38.999420>,  <24.943893, 36.159264, 39.198513>, 0.100000
	pigment { color rgbt <1,0,0,0> }
	no_shadow
}

// particle -1
sphere {
	<25.280708, 36.076088, 38.999420> 0.100000
	pigment { color rgbt <1,0,0,0> }
	no_shadow
}
sphere {
	0, 1
	scale<0.080000,0.200000,0.300000>
	matrix <0.536387, 0.225070, 0.813408,
		-0.057113, -0.951896, 0.301052,
		0.842037, -0.207936, -0.497730,
		25.533319, 36.013706, 38.850101>
	pigment { color rgbt <0,1,1,0> }
	no_shadow
}
cylinder {
	<25.475765, 35.798592, 39.688145>,  <24.943893, 36.159264, 39.198513>, 0.130000
	pigment { color rgbt <1,0,0,0> }
	no_shadow
}

// nucleotide -1

// particle -1
sphere {
	<25.475765, 35.798592, 39.688145> 0.250000
	pigment { color rgbt <1,0,0,0> }
	no_shadow
}
cylinder {
	<25.674204, 36.004765, 39.408653>,  <25.793266, 36.128468, 39.240959>, 0.100000
	pigment { color rgbt <1,0,0,0> }
	no_shadow
}
cylinder {
	<25.674204, 36.004765, 39.408653>,  <25.475765, 35.798592, 39.688145>, 0.100000
	pigment { color rgbt <1,0,0,0> }
	no_shadow
}

// particle -1
sphere {
	<25.674204, 36.004765, 39.408653> 0.100000
	pigment { color rgbt <1,0,0,0> }
	no_shadow
}
sphere {
	0, 1
	scale<0.080000,0.200000,0.300000>
	matrix <0.639305, 0.327694, 0.695634,
		0.587520, -0.791801, -0.166950,
		0.496095, 0.515430, -0.698728,
		25.823032, 36.159393, 39.199036>
	pigment { color rgbt <0,1,1,0> }
	no_shadow
}
cylinder {
	<26.186255, 36.233162, 39.825756>,  <25.475765, 35.798592, 39.688145>, 0.130000
	pigment { color rgbt <1,0,0,0> }
	no_shadow
}

// nucleotide -1

// particle -1
sphere {
	<26.186255, 36.233162, 39.825756> 0.250000
	pigment { color rgbt <1,0,0,0> }
	no_shadow
}
cylinder {
	<26.497305, 36.015705, 39.952087>,  <26.683935, 35.885231, 40.027885>, 0.100000
	pigment { color rgbt <1,0,0,0> }
	no_shadow
}
cylinder {
	<26.497305, 36.015705, 39.952087>,  <26.186255, 36.233162, 39.825756>, 0.100000
	pigment { color rgbt <1,0,0,0> }
	no_shadow
}

// particle -1
sphere {
	<26.497305, 36.015705, 39.952087> 0.100000
	pigment { color rgbt <1,0,0,0> }
	no_shadow
}
sphere {
	0, 1
	scale<0.080000,0.200000,0.300000>
	matrix <-0.581714, -0.812709, 0.033360,
		0.238544, -0.209666, -0.948228,
		0.777628, -0.543640, 0.315833,
		26.730593, 35.852612, 40.046837>
	pigment { color rgbt <0,1,1,0> }
	no_shadow
}
cylinder {
	<26.012030, 36.930870, 39.524845>,  <26.186255, 36.233162, 39.825756>, 0.130000
	pigment { color rgbt <1,0,0,0> }
	no_shadow
}

// nucleotide -1

// particle -1
sphere {
	<26.012030, 36.930870, 39.524845> 0.250000
	pigment { color rgbt <1,0,0,0> }
	no_shadow
}
cylinder {
	<26.331541, 36.690521, 39.536877>,  <26.523247, 36.546310, 39.544098>, 0.100000
	pigment { color rgbt <1,0,0,0> }
	no_shadow
}
cylinder {
	<26.331541, 36.690521, 39.536877>,  <26.012030, 36.930870, 39.524845>, 0.100000
	pigment { color rgbt <1,0,0,0> }
	no_shadow
}

// particle -1
sphere {
	<26.331541, 36.690521, 39.536877> 0.100000
	pigment { color rgbt <1,0,0,0> }
	no_shadow
}
sphere {
	0, 1
	scale<0.080000,0.200000,0.300000>
	matrix <-0.376837, -0.538678, -0.753538,
		0.468987, 0.590572, -0.656716,
		0.798777, -0.600875, 0.030083,
		26.571175, 36.510258, 39.545902>
	pigment { color rgbt <0,1,1,0> }
	no_shadow
}
cylinder {
	<26.117306, 36.856689, 38.833027>,  <26.012030, 36.930870, 39.524845>, 0.130000
	pigment { color rgbt <1,0,0,0> }
	no_shadow
}

// nucleotide -1

// particle -1
sphere {
	<26.117306, 36.856689, 38.833027> 0.250000
	pigment { color rgbt <1,0,0,0> }
	no_shadow
}
cylinder {
	<26.288109, 36.551529, 39.027203>,  <26.390591, 36.368435, 39.143707>, 0.100000
	pigment { color rgbt <1,0,0,0> }
	no_shadow
}
cylinder {
	<26.288109, 36.551529, 39.027203>,  <26.117306, 36.856689, 38.833027>, 0.100000
	pigment { color rgbt <1,0,0,0> }
	no_shadow
}

// particle -1
sphere {
	<26.288109, 36.551529, 39.027203> 0.100000
	pigment { color rgbt <1,0,0,0> }
	no_shadow
}
sphere {
	0, 1
	scale<0.080000,0.200000,0.300000>
	matrix <-0.337830, -0.632565, -0.696945,
		0.838771, 0.133604, -0.527839,
		0.427007, -0.762897, 0.485442,
		26.416210, 36.322659, 39.172836>
	pigment { color rgbt <0,1,1,0> }
	no_shadow
}
cylinder {
	<26.720011, 36.530220, 38.419949>,  <26.117306, 36.856689, 38.833027>, 0.130000
	pigment { color rgbt <1,0,0,0> }
	no_shadow
}

// nucleotide -1

// particle -1
sphere {
	<26.720011, 36.530220, 38.419949> 0.250000
	pigment { color rgbt <1,0,0,0> }
	no_shadow
}
cylinder {
	<26.487776, 36.306068, 38.656219>,  <26.348434, 36.171577, 38.797981>, 0.100000
	pigment { color rgbt <1,0,0,0> }
	no_shadow
}
cylinder {
	<26.487776, 36.306068, 38.656219>,  <26.720011, 36.530220, 38.419949>, 0.100000
	pigment { color rgbt <1,0,0,0> }
	no_shadow
}

// particle -1
sphere {
	<26.487776, 36.306068, 38.656219> 0.100000
	pigment { color rgbt <1,0,0,0> }
	no_shadow
}
sphere {
	0, 1
	scale<0.080000,0.200000,0.300000>
	matrix <-0.347600, -0.485439, -0.802199,
		0.736270, -0.671065, 0.087053,
		-0.580587, -0.560375, 0.590676,
		26.313601, 36.137955, 38.833424>
	pigment { color rgbt <0,1,1,0> }
	no_shadow
}
cylinder {
	<26.708920, 35.829308, 38.195305>,  <26.720011, 36.530220, 38.419949>, 0.130000
	pigment { color rgbt <1,0,0,0> }
	no_shadow
}

// nucleotide -1

// particle -1
sphere {
	<26.708920, 35.829308, 38.195305> 0.250000
	pigment { color rgbt <1,0,0,0> }
	no_shadow
}
cylinder {
	<26.362213, 35.878502, 38.388630>,  <26.154190, 35.908020, 38.504623>, 0.100000
	pigment { color rgbt <1,0,0,0> }
	no_shadow
}
cylinder {
	<26.362213, 35.878502, 38.388630>,  <26.708920, 35.829308, 38.195305>, 0.100000
	pigment { color rgbt <1,0,0,0> }
	no_shadow
}

// particle -1
sphere {
	<26.362213, 35.878502, 38.388630> 0.100000
	pigment { color rgbt <1,0,0,0> }
	no_shadow
}
sphere {
	0, 1
	scale<0.080000,0.200000,0.300000>
	matrix <-0.458765, -0.576681, -0.675998,
		0.195578, -0.807659, 0.556270,
		-0.866766, 0.122987, 0.483312,
		26.102182, 35.915398, 38.533623>
	pigment { color rgbt <0,1,1,0> }
	no_shadow
}
cylinder {
	<26.371658, 35.211365, 38.034569>,  <26.708920, 35.829308, 38.195305>, 0.130000
	pigment { color rgbt <1,0,0,0> }
	no_shadow
}

// nucleotide -1

// particle -1
sphere {
	<26.371658, 35.211365, 38.034569> 0.250000
	pigment { color rgbt <1,0,0,0> }
	no_shadow
}
cylinder {
	<26.065981, 35.434361, 38.164322>,  <25.882574, 35.568157, 38.242172>, 0.100000
	pigment { color rgbt <1,0,0,0> }
	no_shadow
}
cylinder {
	<26.065981, 35.434361, 38.164322>,  <26.371658, 35.211365, 38.034569>, 0.100000
	pigment { color rgbt <1,0,0,0> }
	no_shadow
}

// particle -1
sphere {
	<26.065981, 35.434361, 38.164322> 0.100000
	pigment { color rgbt <1,0,0,0> }
	no_shadow
}
sphere {
	0, 1
	scale<0.080000,0.200000,0.300000>
	matrix <-0.603646, -0.441014, -0.664168,
		-0.227207, -0.703362, 0.673542,
		-0.764192, 0.557484, 0.324380,
		25.836723, 35.601604, 38.261635>
	pigment { color rgbt <0,1,1,0> }
	no_shadow
}
cylinder {
	<25.803238, 34.665585, 38.151112>,  <26.371658, 35.211365, 38.034569>, 0.130000
	pigment { color rgbt <1,0,0,0> }
	no_shadow
}

// nucleotide -1

// particle -1
sphere {
	<25.803238, 34.665585, 38.151112> 0.250000
	pigment { color rgbt <1,0,0,0> }
	no_shadow
}
cylinder {
	<25.662497, 35.037304, 38.106197>,  <25.578053, 35.260334, 38.079250>, 0.100000
	pigment { color rgbt <1,0,0,0> }
	no_shadow
}
cylinder {
	<25.662497, 35.037304, 38.106197>,  <25.803238, 34.665585, 38.151112>, 0.100000
	pigment { color rgbt <1,0,0,0> }
	no_shadow
}

// particle -1
sphere {
	<25.662497, 35.037304, 38.106197> 0.100000
	pigment { color rgbt <1,0,0,0> }
	no_shadow
}
sphere {
	0, 1
	scale<0.080000,0.200000,0.300000>
	matrix <-0.717641, -0.344823, -0.605053,
		-0.600991, -0.132310, 0.788228,
		-0.351853, 0.929296, -0.112285,
		25.556940, 35.316093, 38.072514>
	pigment { color rgbt <0,1,1,0> }
	no_shadow
}
cylinder {
	<25.104441, 34.632454, 38.296661>,  <25.803238, 34.665585, 38.151112>, 0.130000
	pigment { color rgbt <1,0,0,0> }
	no_shadow
}

// nucleotide -1

// particle -1
sphere {
	<25.104441, 34.632454, 38.296661> 0.250000
	pigment { color rgbt <1,0,0,0> }
	no_shadow
}
cylinder {
	<25.147467, 34.967518, 38.082462>,  <25.173283, 35.168556, 37.953941>, 0.100000
	pigment { color rgbt <1,0,0,0> }
	no_shadow
}
cylinder {
	<25.147467, 34.967518, 38.082462>,  <25.104441, 34.632454, 38.296661>, 0.100000
	pigment { color rgbt <1,0,0,0> }
	no_shadow
}

// particle -1
sphere {
	<25.147467, 34.967518, 38.082462> 0.100000
	pigment { color rgbt <1,0,0,0> }
	no_shadow
}
sphere {
	0, 1
	scale<0.080000,0.200000,0.300000>
	matrix <-0.695838, -0.321277, -0.642332,
		-0.710097, 0.441715, 0.548315,
		0.107567, 0.837657, -0.535500,
		25.179737, 35.218815, 37.921814>
	pigment { color rgbt <0,1,1,0> }
	no_shadow
}
cylinder {
	<24.381439, 34.798771, 37.967373>,  <25.104441, 34.632454, 38.296661>, 0.130000
	pigment { color rgbt <1,0,0,0> }
	no_shadow
}

// nucleotide -1

// particle -1
sphere {
	<24.381439, 34.798771, 37.967373> 0.250000
	pigment { color rgbt <1,0,0,0> }
	no_shadow
}
cylinder {
	<24.659830, 35.001945, 37.764347>,  <24.826864, 35.123848, 37.642532>, 0.100000
	pigment { color rgbt <1,0,0,0> }
	no_shadow
}
cylinder {
	<24.659830, 35.001945, 37.764347>,  <24.381439, 34.798771, 37.967373>, 0.100000
	pigment { color rgbt <1,0,0,0> }
	no_shadow
}

// particle -1
sphere {
	<24.659830, 35.001945, 37.764347> 0.100000
	pigment { color rgbt <1,0,0,0> }
	no_shadow
}
sphere {
	0, 1
	scale<0.080000,0.200000,0.300000>
	matrix <-0.520587, -0.129933, -0.843864,
		-0.494577, 0.851540, 0.173993,
		0.695976, 0.507934, -0.507563,
		24.868624, 35.154327, 37.612080>
	pigment { color rgbt <0,1,1,0> }
	no_shadow
}
cylinder {
	<24.027260, 34.960690, 37.378197>,  <24.381439, 34.798771, 37.967373>, 0.130000
	pigment { color rgbt <1,0,0,0> }
	no_shadow
}

// nucleotide -1

// particle -1
sphere {
	<24.027260, 34.960690, 37.378197> 0.250000
	pigment { color rgbt <1,0,0,0> }
	no_shadow
}
cylinder {
	<24.386152, 35.129593, 37.326546>,  <24.601488, 35.230934, 37.295555>, 0.100000
	pigment { color rgbt <1,0,0,0> }
	no_shadow
}
cylinder {
	<24.386152, 35.129593, 37.326546>,  <24.027260, 34.960690, 37.378197>, 0.100000
	pigment { color rgbt <1,0,0,0> }
	no_shadow
}

// particle -1
sphere {
	<24.386152, 35.129593, 37.326546> 0.100000
	pigment { color rgbt <1,0,0,0> }
	no_shadow
}
sphere {
	0, 1
	scale<0.080000,0.200000,0.300000>
	matrix <-0.188170, 0.101094, -0.976919,
		-0.399459, 0.900821, 0.170162,
		0.897232, 0.422258, -0.129125,
		24.655321, 35.256271, 37.287807>
	pigment { color rgbt <0,1,1,0> }
	no_shadow
}
cylinder {
	<23.865068, 35.603214, 37.063782>,  <24.027260, 34.960690, 37.378197>, 0.130000
	pigment { color rgbt <1,0,0,0> }
	no_shadow
}

// nucleotide -1

// particle -1
sphere {
	<23.865068, 35.603214, 37.063782> 0.250000
	pigment { color rgbt <1,0,0,0> }
	no_shadow
}
cylinder {
	<24.228933, 35.475212, 36.957867>,  <24.447252, 35.398411, 36.894318>, 0.100000
	pigment { color rgbt <1,0,0,0> }
	no_shadow
}
cylinder {
	<24.228933, 35.475212, 36.957867>,  <23.865068, 35.603214, 37.063782>, 0.100000
	pigment { color rgbt <1,0,0,0> }
	no_shadow
}

// particle -1
sphere {
	<24.228933, 35.475212, 36.957867> 0.100000
	pigment { color rgbt <1,0,0,0> }
	no_shadow
}
sphere {
	0, 1
	scale<0.080000,0.200000,0.300000>
	matrix <-0.285110, -0.017492, -0.958335,
		0.302044, 0.947253, -0.107149,
		0.909660, -0.320009, -0.264788,
		24.501831, 35.379208, 36.878429>
	pigment { color rgbt <0,1,1,0> }
	no_shadow
}
cylinder {
	<24.024574, 36.020996, 36.510376>,  <23.865068, 35.603214, 37.063782>, 0.130000
	pigment { color rgbt <1,0,0,0> }
	no_shadow
}

// nucleotide -1

// particle -1
sphere {
	<24.024574, 36.020996, 36.510376> 0.250000
	pigment { color rgbt <1,0,0,0> }
	no_shadow
}
cylinder {
	<24.202145, 35.662571, 36.511532>,  <24.308687, 35.447517, 36.512226>, 0.100000
	pigment { color rgbt <1,0,0,0> }
	no_shadow
}
cylinder {
	<24.202145, 35.662571, 36.511532>,  <24.024574, 36.020996, 36.510376>, 0.100000
	pigment { color rgbt <1,0,0,0> }
	no_shadow
}

// particle -1
sphere {
	<24.202145, 35.662571, 36.511532> 0.100000
	pigment { color rgbt <1,0,0,0> }
	no_shadow
}
sphere {
	0, 1
	scale<0.080000,0.200000,0.300000>
	matrix <-0.179767, -0.092214, -0.979378,
		0.877845, 0.434254, -0.202019,
		0.443927, -0.896058, 0.002885,
		24.335323, 35.393753, 36.512398>
	pigment { color rgbt <0,1,1,0> }
	no_shadow
}
cylinder {
	<24.343130, 36.039936, 35.844254>,  <24.024574, 36.020996, 36.510376>, 0.130000
	pigment { color rgbt <1,0,0,0> }
	no_shadow
}

// nucleotide -1

// particle -1
sphere {
	<24.343130, 36.039936, 35.844254> 0.250000
	pigment { color rgbt <1,0,0,0> }
	no_shadow
}
cylinder {
	<24.346706, 35.645298, 35.909435>,  <24.348852, 35.408516, 35.948544>, 0.100000
	pigment { color rgbt <1,0,0,0> }
	no_shadow
}
cylinder {
	<24.346706, 35.645298, 35.909435>,  <24.343130, 36.039936, 35.844254>, 0.100000
	pigment { color rgbt <1,0,0,0> }
	no_shadow
}

// particle -1
sphere {
	<24.346706, 35.645298, 35.909435> 0.100000
	pigment { color rgbt <1,0,0,0> }
	no_shadow
}
sphere {
	0, 1
	scale<0.080000,0.200000,0.300000>
	matrix <-0.055694, -0.163196, -0.985021,
		0.998408, -0.000269, -0.056406,
		0.008941, -0.986594, 0.162951,
		24.349388, 35.349319, 35.958321>
	pigment { color rgbt <0,1,1,0> }
	no_shadow
}
cylinder {
	<24.912283, 35.860794, 35.392586>,  <24.343130, 36.039936, 35.844254>, 0.130000
	pigment { color rgbt <1,0,0,0> }
	no_shadow
}

// nucleotide -1

// particle -1
sphere {
	<24.912283, 35.860794, 35.392586> 0.250000
	pigment { color rgbt <1,0,0,0> }
	no_shadow
}
cylinder {
	<24.998831, 35.632763, 35.709621>,  <25.050760, 35.495945, 35.899841>, 0.100000
	pigment { color rgbt <1,0,0,0> }
	no_shadow
}
cylinder {
	<24.998831, 35.632763, 35.709621>,  <24.912283, 35.860794, 35.392586>, 0.100000
	pigment { color rgbt <1,0,0,0> }
	no_shadow
}

// particle -1
sphere {
	<24.998831, 35.632763, 35.709621> 0.100000
	pigment { color rgbt <1,0,0,0> }
	no_shadow
}
sphere {
	0, 1
	scale<0.080000,0.200000,0.300000>
	matrix <-0.214297, -0.819755, -0.531110,
		0.952502, -0.054933, -0.299536,
		0.216371, -0.570073, 0.792591,
		25.063742, 35.461742, 35.947399>
	pigment { color rgbt <0,1,1,0> }
	no_shadow
}
cylinder {
	<25.505592, 35.510094, 35.313889>,  <24.912283, 35.860794, 35.392586>, 0.130000
	pigment { color rgbt <1,0,0,0> }
	no_shadow
}

// nucleotide -1

// particle -1
sphere {
	<25.505592, 35.510094, 35.313889> 0.250000
	pigment { color rgbt <1,0,0,0> }
	no_shadow
}
cylinder {
	<25.249146, 35.300167, 35.537865>,  <25.095278, 35.174210, 35.672253>, 0.100000
	pigment { color rgbt <1,0,0,0> }
	no_shadow
}
cylinder {
	<25.249146, 35.300167, 35.537865>,  <25.505592, 35.510094, 35.313889>, 0.100000
	pigment { color rgbt <1,0,0,0> }
	no_shadow
}

// particle -1
sphere {
	<25.249146, 35.300167, 35.537865> 0.100000
	pigment { color rgbt <1,0,0,0> }
	no_shadow
}
sphere {
	0, 1
	scale<0.080000,0.200000,0.300000>
	matrix <-0.024358, -0.715339, -0.698353,
		0.767056, -0.461366, 0.445832,
		-0.641117, -0.524816, 0.559943,
		25.056810, 35.142723, 35.705849>
	pigment { color rgbt <0,1,1,0> }
	no_shadow
}
cylinder {
	<25.740156, 34.898121, 35.244957>,  <25.505592, 35.510094, 35.313889>, 0.130000
	pigment { color rgbt <1,0,0,0> }
	no_shadow
}

// nucleotide -1

// particle -1
sphere {
	<25.740156, 34.898121, 35.244957> 0.250000
	pigment { color rgbt <1,0,0,0> }
	no_shadow
}
cylinder {
	<25.377842, 34.845249, 35.405994>,  <25.160454, 34.813526, 35.502617>, 0.100000
	pigment { color rgbt <1,0,0,0> }
	no_shadow
}
cylinder {
	<25.377842, 34.845249, 35.405994>,  <25.740156, 34.898121, 35.244957>, 0.100000
	pigment { color rgbt <1,0,0,0> }
	no_shadow
}

// particle -1
sphere {
	<25.377842, 34.845249, 35.405994> 0.100000
	pigment { color rgbt <1,0,0,0> }
	no_shadow
}
sphere {
	0, 1
	scale<0.080000,0.200000,0.300000>
	matrix <-0.131860, -0.815004, -0.564253,
		0.402695, -0.564178, 0.720791,
		-0.905787, -0.132178, 0.402591,
		25.106106, 34.805595, 35.526772>
	pigment { color rgbt <0,1,1,0> }
	no_shadow
}
cylinder {
	<25.678850, 34.242352, 35.548664>,  <25.740156, 34.898121, 35.244957>, 0.130000
	pigment { color rgbt <1,0,0,0> }
	no_shadow
}

// nucleotide -1

// particle -1
sphere {
	<25.678850, 34.242352, 35.548664> 0.250000
	pigment { color rgbt <1,0,0,0> }
	no_shadow
}
cylinder {
	<25.299761, 34.344631, 35.472317>,  <25.072308, 34.405998, 35.426506>, 0.100000
	pigment { color rgbt <1,0,0,0> }
	no_shadow
}
cylinder {
	<25.299761, 34.344631, 35.472317>,  <25.678850, 34.242352, 35.548664>, 0.100000
	pigment { color rgbt <1,0,0,0> }
	no_shadow
}

// particle -1
sphere {
	<25.299761, 34.344631, 35.472317> 0.100000
	pigment { color rgbt <1,0,0,0> }
	no_shadow
}
sphere {
	0, 1
	scale<0.080000,0.200000,0.300000>
	matrix <-0.135452, -0.864006, -0.484919,
		-0.288911, -0.433716, 0.853476,
		-0.947725, 0.255704, -0.190873,
		25.015444, 34.421341, 35.415054>
	pigment { color rgbt <0,1,1,0> }
	no_shadow
}
cylinder {
	<25.199661, 33.785053, 35.873798>,  <25.678850, 34.242352, 35.548664>, 0.130000
	pigment { color rgbt <1,0,0,0> }
	no_shadow
}

// nucleotide -1

// particle -1
sphere {
	<25.199661, 33.785053, 35.873798> 0.250000
	pigment { color rgbt <1,0,0,0> }
	no_shadow
}
cylinder {
	<25.059280, 33.952602, 35.538803>,  <24.975052, 34.053131, 35.337807>, 0.100000
	pigment { color rgbt <1,0,0,0> }
	no_shadow
}
cylinder {
	<25.059280, 33.952602, 35.538803>,  <25.199661, 33.785053, 35.873798>, 0.100000
	pigment { color rgbt <1,0,0,0> }
	no_shadow
}

// particle -1
sphere {
	<25.059280, 33.952602, 35.538803> 0.100000
	pigment { color rgbt <1,0,0,0> }
	no_shadow
}
sphere {
	0, 1
	scale<0.080000,0.200000,0.300000>
	matrix <-0.065038, -0.903115, -0.424444,
		-0.934133, -0.094490, 0.344190,
		-0.350949, 0.418873, -0.837485,
		24.953995, 34.078262, 35.287560>
	pigment { color rgbt <0,1,1,0> }
	no_shadow
}
cylinder {
	<24.531502, 33.475864, 35.625957>,  <25.199661, 33.785053, 35.873798>, 0.130000
	pigment { color rgbt <1,0,0,0> }
	no_shadow
}

// nucleotide -1

// particle -1
sphere {
	<24.531502, 33.475864, 35.625957> 0.250000
	pigment { color rgbt <1,0,0,0> }
	no_shadow
}
cylinder {
	<24.703739, 33.653065, 35.311420>,  <24.807081, 33.759384, 35.122696>, 0.100000
	pigment { color rgbt <1,0,0,0> }
	no_shadow
}
cylinder {
	<24.703739, 33.653065, 35.311420>,  <24.531502, 33.475864, 35.625957>, 0.100000
	pigment { color rgbt <1,0,0,0> }
	no_shadow
}

// particle -1
sphere {
	<24.703739, 33.653065, 35.311420> 0.100000
	pigment { color rgbt <1,0,0,0> }
	no_shadow
}
sphere {
	0, 1
	scale<0.080000,0.200000,0.300000>
	matrix <-0.061963, -0.854688, -0.515432,
		-0.900415, 0.270667, -0.340576,
		0.430596, 0.442999, -0.786345,
		24.832918, 33.785965, 35.075516>
	pigment { color rgbt <0,1,1,0> }
	no_shadow
}
cylinder {
	<24.096790, 33.368313, 34.947414>,  <24.531502, 33.475864, 35.625957>, 0.130000
	pigment { color rgbt <1,0,0,0> }
	no_shadow
}

// nucleotide -1

// particle -1
sphere {
	<24.096790, 33.368313, 34.947414> 0.250000
	pigment { color rgbt <1,0,0,0> }
	no_shadow
}
cylinder {
	<24.487349, 33.442856, 34.903740>,  <24.721684, 33.487579, 34.877533>, 0.100000
	pigment { color rgbt <1,0,0,0> }
	no_shadow
}
cylinder {
	<24.487349, 33.442856, 34.903740>,  <24.096790, 33.368313, 34.947414>, 0.100000
	pigment { color rgbt <1,0,0,0> }
	no_shadow
}

// particle -1
sphere {
	<24.487349, 33.442856, 34.903740> 0.100000
	pigment { color rgbt <1,0,0,0> }
	no_shadow
}
sphere {
	0, 1
	scale<0.080000,0.200000,0.300000>
	matrix <0.093734, -0.821052, -0.563105,
		-0.194587, 0.539579, -0.819140,
		0.976396, 0.186354, -0.109189,
		24.780268, 33.498764, 34.870983>
	pigment { color rgbt <0,1,1,0> }
	no_shadow
}
cylinder {
	<24.318850, 33.292213, 34.295002>,  <24.096790, 33.368313, 34.947414>, 0.130000
	pigment { color rgbt <1,0,0,0> }
	no_shadow
}

// nucleotide -1

// particle -1
sphere {
	<24.318850, 33.292213, 34.295002> 0.250000
	pigment { color rgbt <1,0,0,0> }
	no_shadow
}
cylinder {
	<24.670527, 33.248886, 34.480598>,  <24.881533, 33.222889, 34.591957>, 0.100000
	pigment { color rgbt <1,0,0,0> }
	no_shadow
}
cylinder {
	<24.670527, 33.248886, 34.480598>,  <24.318850, 33.292213, 34.295002>, 0.100000
	pigment { color rgbt <1,0,0,0> }
	no_shadow
}

// particle -1
sphere {
	<24.670527, 33.248886, 34.480598> 0.100000
	pigment { color rgbt <1,0,0,0> }
	no_shadow
}
sphere {
	0, 1
	scale<0.080000,0.200000,0.300000>
	matrix <0.113456, -0.898208, -0.424676,
		0.462762, 0.426014, -0.777408,
		0.879192, -0.108323, 0.463990,
		24.934284, 33.216389, 34.619797>
	pigment { color rgbt <0,1,1,0> }
	no_shadow
}
cylinder {
	<24.731062, 32.882359, 33.869404>,  <24.318850, 33.292213, 34.295002>, 0.130000
	pigment { color rgbt <1,0,0,0> }
	no_shadow
}

// nucleotide -1

// particle -1
sphere {
	<24.731062, 32.882359, 33.869404> 0.250000
	pigment { color rgbt <1,0,0,0> }
	no_shadow
}
cylinder {
	<24.955233, 32.880989, 34.200684>,  <25.089735, 32.880169, 34.399452>, 0.100000
	pigment { color rgbt <1,0,0,0> }
	no_shadow
}
cylinder {
	<24.955233, 32.880989, 34.200684>,  <24.731062, 32.882359, 33.869404>, 0.100000
	pigment { color rgbt <1,0,0,0> }
	no_shadow
}

// particle -1
sphere {
	<24.955233, 32.880989, 34.200684> 0.100000
	pigment { color rgbt <1,0,0,0> }
	no_shadow
}
sphere {
	0, 1
	scale<0.080000,0.200000,0.300000>
	matrix <0.393913, -0.878539, -0.270187,
		0.728529, 0.477658, -0.491008,
		0.560427, -0.003425, 0.828197,
		25.123360, 32.879963, 34.449142>
	pigment { color rgbt <0,1,1,0> }
	no_shadow
}
cylinder {
	<25.482981, 32.731575, 33.724094>,  <24.731062, 32.882359, 33.869404>, 0.130000
	pigment { color rgbt <1,0,0,0> }
	no_shadow
}

// nucleotide -1

// particle -1
sphere {
	<25.482981, 32.731575, 33.724094> 0.250000
	pigment { color rgbt <1,0,0,0> }
	no_shadow
}
cylinder {
	<25.443489, 32.633835, 34.109955>,  <25.419794, 32.575191, 34.341469>, 0.100000
	pigment { color rgbt <1,0,0,0> }
	no_shadow
}
cylinder {
	<25.443489, 32.633835, 34.109955>,  <25.482981, 32.731575, 33.724094>, 0.100000
	pigment { color rgbt <1,0,0,0> }
	no_shadow
}

// particle -1
sphere {
	<25.443489, 32.633835, 34.109955> 0.100000
	pigment { color rgbt <1,0,0,0> }
	no_shadow
}
sphere {
	0, 1
	scale<0.080000,0.200000,0.300000>
	matrix <0.352250, -0.915201, -0.195773,
		0.930684, 0.320469, 0.176430,
		-0.098730, -0.244350, 0.964648,
		25.413870, 32.560532, 34.399349>
	pigment { color rgbt <0,1,1,0> }
	no_shadow
}
cylinder {
	<26.202597, 32.519058, 34.015739>,  <25.482981, 32.731575, 33.724094>, 0.130000
	pigment { color rgbt <1,0,0,0> }
	no_shadow
}

// nucleotide -1

// particle -1
sphere {
	<26.202597, 32.519058, 34.015739> 0.250000
	pigment { color rgbt <1,0,0,0> }
	no_shadow
}
cylinder {
	<26.003489, 32.510345, 34.362553>,  <25.884024, 32.505116, 34.570641>, 0.100000
	pigment { color rgbt <1,0,0,0> }
	no_shadow
}
cylinder {
	<26.003489, 32.510345, 34.362553>,  <26.202597, 32.519058, 34.015739>, 0.100000
	pigment { color rgbt <1,0,0,0> }
	no_shadow
}

// particle -1
sphere {
	<26.003489, 32.510345, 34.362553> 0.100000
	pigment { color rgbt <1,0,0,0> }
	no_shadow
}
sphere {
	0, 1
	scale<0.080000,0.200000,0.300000>
	matrix <-0.036548, -0.998269, -0.046067,
		0.866537, -0.054619, 0.496114,
		-0.497772, -0.021786, 0.867034,
		25.854156, 32.503811, 34.622662>
	pigment { color rgbt <0,1,1,0> }
	no_shadow
}
cylinder {
	<26.589411, 32.185074, 34.536301>,  <26.202597, 32.519058, 34.015739>, 0.130000
	pigment { color rgbt <1,0,0,0> }
	no_shadow
}

// nucleotide -1

// particle -1
sphere {
	<26.589411, 32.185074, 34.536301> 0.250000
	pigment { color rgbt <1,0,0,0> }
	no_shadow
}
cylinder {
	<26.200081, 32.142284, 34.617485>,  <25.966482, 32.116611, 34.666195>, 0.100000
	pigment { color rgbt <1,0,0,0> }
	no_shadow
}
cylinder {
	<26.200081, 32.142284, 34.617485>,  <26.589411, 32.185074, 34.536301>, 0.100000
	pigment { color rgbt <1,0,0,0> }
	no_shadow
}

// particle -1
sphere {
	<26.200081, 32.142284, 34.617485> 0.100000
	pigment { color rgbt <1,0,0,0> }
	no_shadow
}
sphere {
	0, 1
	scale<0.080000,0.200000,0.300000>
	matrix <0.076963, -0.985623, -0.150412,
		0.216136, -0.130779, 0.967565,
		-0.973325, -0.106977, 0.202963,
		25.908083, 32.110191, 34.678375>
	pigment { color rgbt <0,1,1,0> }
	no_shadow
}
cylinder {
	<26.663822, 31.706905, 34.977390>,  <26.589411, 32.185074, 34.536301>, 0.130000
	pigment { color rgbt <1,0,0,0> }
	no_shadow
}

// nucleotide -1

// particle -1
sphere {
	<26.663822, 31.706905, 34.977390> 0.250000
	pigment { color rgbt <1,0,0,0> }
	no_shadow
}
cylinder {
	<26.280922, 31.688379, 34.863182>,  <26.051182, 31.677263, 34.794659>, 0.100000
	pigment { color rgbt <1,0,0,0> }
	no_shadow
}
cylinder {
	<26.280922, 31.688379, 34.863182>,  <26.663822, 31.706905, 34.977390>, 0.100000
	pigment { color rgbt <1,0,0,0> }
	no_shadow
}

// particle -1
sphere {
	<26.280922, 31.688379, 34.863182> 0.100000
	pigment { color rgbt <1,0,0,0> }
	no_shadow
}
sphere {
	0, 1
	scale<0.080000,0.200000,0.300000>
	matrix <0.161306, -0.904830, -0.394033,
		-0.240099, -0.423246, 0.873622,
		-0.957253, -0.046313, -0.285521,
		25.993746, 31.674486, 34.777527>
	pigment { color rgbt <0,1,1,0> }
	no_shadow
}
cylinder {
	<26.574736, 31.047701, 35.071781>,  <26.663822, 31.706905, 34.977390>, 0.130000
	pigment { color rgbt <1,0,0,0> }
	no_shadow
}

// nucleotide -1

// particle -1
sphere {
	<26.574736, 31.047701, 35.071781> 0.250000
	pigment { color rgbt <1,0,0,0> }
	no_shadow
}
cylinder {
	<26.266022, 31.166868, 34.847073>,  <26.080793, 31.238369, 34.712246>, 0.100000
	pigment { color rgbt <1,0,0,0> }
	no_shadow
}
cylinder {
	<26.266022, 31.166868, 34.847073>,  <26.574736, 31.047701, 35.071781>, 0.100000
	pigment { color rgbt <1,0,0,0> }
	no_shadow
}

// particle -1
sphere {
	<26.266022, 31.166868, 34.847073> 0.100000
	pigment { color rgbt <1,0,0,0> }
	no_shadow
}
sphere {
	0, 1
	scale<0.080000,0.200000,0.300000>
	matrix <-0.055119, -0.911475, -0.407647,
		-0.633489, -0.283652, 0.719884,
		-0.771786, 0.297919, -0.561775,
		26.034487, 31.256245, 34.678539>
	pigment { color rgbt <0,1,1,0> }
	no_shadow
}
cylinder {
	<26.810755, 30.438560, 34.613640>,  <26.574736, 31.047701, 35.071781>, 0.130000
	pigment { color rgbt <1,0,0,0> }
	no_shadow
}

// nucleotide -1

// particle -1
sphere {
	<26.810755, 30.438560, 34.613640> 0.250000
	pigment { color rgbt <1,0,0,0> }
	no_shadow
}
cylinder {
	<26.471779, 30.343990, 34.423504>,  <26.268393, 30.287249, 34.309422>, 0.100000
	pigment { color rgbt <1,0,0,0> }
	no_shadow
}
cylinder {
	<26.471779, 30.343990, 34.423504>,  <26.810755, 30.438560, 34.613640>, 0.100000
	pigment { color rgbt <1,0,0,0> }
	no_shadow
}

// particle -1
sphere {
	<26.471779, 30.343990, 34.423504> 0.100000
	pigment { color rgbt <1,0,0,0> }
	no_shadow
}
sphere {
	0, 1
	scale<0.080000,0.200000,0.300000>
	matrix <-0.387218, 0.887794, 0.248764,
		0.363191, 0.394873, -0.843900,
		-0.847440, -0.236425, -0.475341,
		26.217546, 30.273064, 34.280903>
	pigment { color rgbt <0,1,1,0> }
	no_shadow
}
cylinder {
	<26.608377, 31.068737, 34.218746>,  <26.810755, 30.438560, 34.613640>, 0.130000
	pigment { color rgbt <1,0,0,0> }
	no_shadow
}

// nucleotide -1

// particle -1
sphere {
	<26.608377, 31.068737, 34.218746> 0.250000
	pigment { color rgbt <1,0,0,0> }
	no_shadow
}
cylinder {
	<26.272717, 30.859381, 34.277924>,  <26.071320, 30.733767, 34.313431>, 0.100000
	pigment { color rgbt <1,0,0,0> }
	no_shadow
}
cylinder {
	<26.272717, 30.859381, 34.277924>,  <26.608377, 31.068737, 34.218746>, 0.100000
	pigment { color rgbt <1,0,0,0> }
	no_shadow
}

// particle -1
sphere {
	<26.272717, 30.859381, 34.277924> 0.100000
	pigment { color rgbt <1,0,0,0> }
	no_shadow
}
sphere {
	0, 1
	scale<0.080000,0.200000,0.300000>
	matrix <-0.454220, 0.823994, 0.338700,
		-0.299179, 0.217021, -0.929190,
		-0.839152, -0.523389, 0.147946,
		26.020971, 30.702364, 34.322308>
	pigment { color rgbt <0,1,1,0> }
	no_shadow
}
cylinder {
	<25.998859, 31.295078, 33.856739>,  <26.608377, 31.068737, 34.218746>, 0.130000
	pigment { color rgbt <1,0,0,0> }
	no_shadow
}

// nucleotide -1

// particle -1
sphere {
	<25.998859, 31.295078, 33.856739> 0.250000
	pigment { color rgbt <1,0,0,0> }
	no_shadow
}
cylinder {
	<25.901232, 31.138691, 34.211720>,  <25.842655, 31.044859, 34.424709>, 0.100000
	pigment { color rgbt <1,0,0,0> }
	no_shadow
}
cylinder {
	<25.901232, 31.138691, 34.211720>,  <25.998859, 31.295078, 33.856739>, 0.100000
	pigment { color rgbt <1,0,0,0> }
	no_shadow
}

// particle -1
sphere {
	<25.901232, 31.138691, 34.211720> 0.100000
	pigment { color rgbt <1,0,0,0> }
	no_shadow
}
sphere {
	0, 1
	scale<0.080000,0.200000,0.300000>
	matrix <-0.515408, 0.827476, 0.222797,
		-0.821453, -0.403024, -0.403468,
		-0.244067, -0.390968, 0.887454,
		25.828012, 31.021400, 34.477955>
	pigment { color rgbt <0,1,1,0> }
	no_shadow
}
cylinder {
	<25.232132, 31.191185, 33.973515>,  <25.998859, 31.295078, 33.856739>, 0.130000
	pigment { color rgbt <1,0,0,0> }
	no_shadow
}

// nucleotide -1

// particle -1
sphere {
	<25.232132, 31.191185, 33.973515> 0.250000
	pigment { color rgbt <1,0,0,0> }
	no_shadow
}
cylinder {
	<25.390642, 31.243887, 34.336967>,  <25.485748, 31.275507, 34.555038>, 0.100000
	pigment { color rgbt <1,0,0,0> }
	no_shadow
}
cylinder {
	<25.390642, 31.243887, 34.336967>,  <25.232132, 31.191185, 33.973515>, 0.100000
	pigment { color rgbt <1,0,0,0> }
	no_shadow
}

// particle -1
sphere {
	<25.390642, 31.243887, 34.336967> 0.100000
	pigment { color rgbt <1,0,0,0> }
	no_shadow
}
sphere {
	0, 1
	scale<0.080000,0.200000,0.300000>
