// switches for output
#declare DRAW_BASES = 1; // possible values are 0, 1; only relevant for DNA ribbons
#declare DRAW_BASES_TYPE = 3; // possible values are 1, 2, 3; only relevant for DNA ribbons
#declare DRAW_FOG = 0; // set to 1 to enable fog

#include "colors.inc"

#include "transforms.inc"
background { rgb <1, 1, 1>}

#default {
   normal{
       ripples 0.25
       frequency 0.20
       turbulence 0.2
       lambda 5
   }
	finish {
		phong 0.1
		phong_size 40.
	}
}

// original window dimensions: 1024x640


// camera settings

camera {
	sky <0, 0.179814, -0.983701>
	up <0, 0.179814, -0.983701>
	right 1.6 * <1, 0, 0>
	location <35, 94.9851, 44.8844>
	look_at <35, 29.7336, 32.9568>
	direction <0, -65.2515, -11.9276>
	angle 67.0682
}


# declare cpy_camera_pos = <35, 94.9851, 44.8844>;
# if (DRAW_FOG = 1)
fog {
	fog_type 2
	up vnormalize(cpy_camera_pos)
	color rgbt<1,1,1,0.3>
	distance 1e-5
	fog_alt 3e-3
	fog_offset 56
}
# end


// LIGHTS

# declare lum = 6;
global_settings {
	ambient_light rgb lum * <0.05, 0.05, 0.05>
	max_trace_level 15
}# declare cpy_direct_light_amount = 0.25;
light_source
{	1000 * <-1, -1.16352, -0.803886>,
	rgb lum * cpy_direct_light_amount
	parallel
}

light_source
{	1000 * <1, 1.16352, 0.803886>,
	rgb lum * cpy_direct_light_amount
	parallel
}

// strand 0

// nucleotide -1

// particle -1
sphere {
	<24.045624, 35.250526, 34.616203> 0.250000
	pigment { color rgbt <1,0,0,0> }
	no_shadow
}
cylinder {
	<24.278488, 35.245338, 34.941391>,  <24.418207, 35.242226, 35.136505>, 0.100000
	pigment { color rgbt <1,0,0,0> }
	no_shadow
}
cylinder {
	<24.278488, 35.245338, 34.941391>,  <24.045624, 35.250526, 34.616203>, 0.100000
	pigment { color rgbt <1,0,0,0> }
	no_shadow
}

// particle -1
sphere {
	<24.278488, 35.245338, 34.941391> 0.100000
	pigment { color rgbt <1,0,0,0> }
	no_shadow
}
sphere {
	0, 1
	scale<0.080000,0.200000,0.300000>
	matrix <0.429370, 0.853991, -0.293839,
		-0.690458, 0.520127, 0.502729,
		0.582159, -0.012973, 0.812971,
		24.453136, 35.241447, 35.185284>
	pigment { color rgbt <0,1,1,0> }
	no_shadow
}
cylinder {
	<24.085340, 35.887840, 34.998657>,  <24.045624, 35.250526, 34.616203>, 0.130000
	pigment { color rgbt <1,0,0,0> }
	no_shadow
}

// nucleotide -1

// particle -1
sphere {
	<24.085340, 35.887840, 34.998657> 0.250000
	pigment { color rgbt <1,0,0,0> }
	no_shadow
}
cylinder {
	<24.432529, 35.689278, 34.992947>,  <24.640842, 35.570141, 34.989521>, 0.100000
	pigment { color rgbt <1,0,0,0> }
	no_shadow
}
cylinder {
	<24.432529, 35.689278, 34.992947>,  <24.085340, 35.887840, 34.998657>, 0.100000
	pigment { color rgbt <1,0,0,0> }
	no_shadow
}

// particle -1
sphere {
	<24.432529, 35.689278, 34.992947> 0.100000
	pigment { color rgbt <1,0,0,0> }
	no_shadow
}
sphere {
	0, 1
	scale<0.080000,0.200000,0.300000>
	matrix <0.448100, 0.795258, -0.408376,
		0.214077, 0.348060, 0.912702,
		0.867973, -0.496406, -0.014281,
		24.692921, 35.540356, 34.988663>
	pigment { color rgbt <0,1,1,0> }
	no_shadow
}
cylinder {
	<24.548550, 36.195042, 35.429974>,  <24.085340, 35.887840, 34.998657>, 0.130000
	pigment { color rgbt <1,0,0,0> }
	no_shadow
}

// nucleotide -1

// particle -1
sphere {
	<24.548550, 36.195042, 35.429974> 0.250000
	pigment { color rgbt <1,0,0,0> }
	no_shadow
}
cylinder {
	<24.743208, 36.008957, 35.134201>,  <24.860003, 35.897305, 34.956738>, 0.100000
	pigment { color rgbt <1,0,0,0> }
	no_shadow
}
cylinder {
	<24.743208, 36.008957, 35.134201>,  <24.548550, 36.195042, 35.429974>, 0.100000
	pigment { color rgbt <1,0,0,0> }
	no_shadow
}

// particle -1
sphere {
	<24.743208, 36.008957, 35.134201> 0.100000
	pigment { color rgbt <1,0,0,0> }
	no_shadow
}
sphere {
	0, 1
	scale<0.080000,0.200000,0.300000>
	matrix <0.280660, 0.884803, -0.371960,
		0.827288, -0.026515, 0.561152,
		0.486646, -0.465211, -0.739428,
		24.889202, 35.869392, 34.912373>
	pigment { color rgbt <0,1,1,0> }
	no_shadow
}
cylinder {
	<25.187689, 36.403435, 35.556385>,  <24.548550, 36.195042, 35.429974>, 0.130000
	pigment { color rgbt <1,0,0,0> }
	no_shadow
}

// nucleotide -1

// particle -1
sphere {
	<25.187689, 36.403435, 35.556385> 0.250000
	pigment { color rgbt <1,0,0,0> }
	no_shadow
}
cylinder {
	<25.190958, 36.288975, 35.173126>,  <25.192921, 36.220299, 34.943169>, 0.100000
	pigment { color rgbt <1,0,0,0> }
	no_shadow
}
cylinder {
	<25.190958, 36.288975, 35.173126>,  <25.187689, 36.403435, 35.556385>, 0.100000
	pigment { color rgbt <1,0,0,0> }
	no_shadow
}

// particle -1
sphere {
	<25.190958, 36.288975, 35.173126> 0.100000
	pigment { color rgbt <1,0,0,0> }
	no_shadow
}
sphere {
	0, 1
	scale<0.080000,0.200000,0.300000>
	matrix <0.424027, 0.868763, -0.255839,
		0.905613, -0.404190, 0.128437,
		0.008174, -0.286152, -0.958149,
		25.193411, 36.203129, 34.885681>
	pigment { color rgbt <0,1,1,0> }
	no_shadow
}
cylinder {
	<25.936325, 36.277748, 35.311047>,  <25.187689, 36.403435, 35.556385>, 0.130000
	pigment { color rgbt <1,0,0,0> }
	no_shadow
}

// nucleotide -1

// particle -1
sphere {
	<25.936325, 36.277748, 35.311047> 0.250000
	pigment { color rgbt <1,0,0,0> }
	no_shadow
}
cylinder {
	<25.682919, 36.377430, 35.018047>,  <25.530874, 36.437241, 34.842247>, 0.100000
	pigment { color rgbt <1,0,0,0> }
	no_shadow
}
cylinder {
	<25.682919, 36.377430, 35.018047>,  <25.936325, 36.277748, 35.311047>, 0.100000
	pigment { color rgbt <1,0,0,0> }
	no_shadow
}

// particle -1
sphere {
	<25.682919, 36.377430, 35.018047> 0.100000
	pigment { color rgbt <1,0,0,0> }
	no_shadow
}
sphere {
	0, 1
	scale<0.080000,0.200000,0.300000>
	matrix <0.579143, 0.780517, -0.235341,
		0.513077, -0.573313, -0.638799,
		-0.633518, 0.249208, -0.732496,
		25.492863, 36.452194, 34.798298>
	pigment { color rgbt <0,1,1,0> }
	no_shadow
}
cylinder {
	<26.258938, 36.216408, 34.717743>,  <25.936325, 36.277748, 35.311047>, 0.130000
	pigment { color rgbt <1,0,0,0> }
	no_shadow
}

// nucleotide -1

// particle -1
sphere {
	<26.258938, 36.216408, 34.717743> 0.250000
	pigment { color rgbt <1,0,0,0> }
	no_shadow
}
cylinder {
	<25.989758, 36.509449, 34.676888>,  <25.828249, 36.685272, 34.652374>, 0.100000
	pigment { color rgbt <1,0,0,0> }
	no_shadow
}
cylinder {
	<25.989758, 36.509449, 34.676888>,  <26.258938, 36.216408, 34.717743>, 0.100000
	pigment { color rgbt <1,0,0,0> }
	no_shadow
}

// particle -1
sphere {
	<25.989758, 36.509449, 34.676888> 0.100000
	pigment { color rgbt <1,0,0,0> }
	no_shadow
}
sphere {
	0, 1
	scale<0.080000,0.200000,0.300000>
	matrix <0.737266, 0.653161, -0.172686,
		-0.059798, -0.191512, -0.979667,
		-0.672951, 0.732601, -0.102137,
		25.787872, 36.729229, 34.646248>
	pigment { color rgbt <0,1,1,0> }
	no_shadow
}
cylinder {
	<26.444242, 36.566849, 34.105244>,  <26.258938, 36.216408, 34.717743>, 0.130000
	pigment { color rgbt <1,0,0,0> }
	no_shadow
}

// nucleotide -1

// particle -1
sphere {
	<26.444242, 36.566849, 34.105244> 0.250000
	pigment { color rgbt <1,0,0,0> }
	no_shadow
}
cylinder {
	<26.233931, 36.814674, 34.338379>,  <26.107744, 36.963367, 34.478260>, 0.100000
	pigment { color rgbt <1,0,0,0> }
	no_shadow
}
cylinder {
	<26.233931, 36.814674, 34.338379>,  <26.444242, 36.566849, 34.105244>, 0.100000
	pigment { color rgbt <1,0,0,0> }
	no_shadow
}

// particle -1
sphere {
	<26.233931, 36.814674, 34.338379> 0.100000
	pigment { color rgbt <1,0,0,0> }
	no_shadow
}
sphere {
	0, 1
	scale<0.080000,0.200000,0.300000>
	matrix <0.651346, 0.733932, -0.192594,
		-0.547088, 0.278369, -0.789434,
		-0.525778, 0.619561, 0.582839,
		26.076197, 37.000542, 34.513229>
	pigment { color rgbt <0,1,1,0> }
	no_shadow
}
cylinder {
	<26.284809, 37.326481, 33.826668>,  <26.444242, 36.566849, 34.105244>, 0.130000
	pigment { color rgbt <1,0,0,0> }
	no_shadow
}

// nucleotide -1

// particle -1
sphere {
	<26.284809, 37.326481, 33.826668> 0.250000
	pigment { color rgbt <1,0,0,0> }
	no_shadow
}
cylinder {
	<26.298969, 37.313824, 34.226215>,  <26.307465, 37.306229, 34.465946>, 0.100000
	pigment { color rgbt <1,0,0,0> }
	no_shadow
}
cylinder {
	<26.298969, 37.313824, 34.226215>,  <26.284809, 37.326481, 33.826668>, 0.100000
	pigment { color rgbt <1,0,0,0> }
	no_shadow
}

// particle -1
sphere {
	<26.298969, 37.313824, 34.226215> 0.100000
	pigment { color rgbt <1,0,0,0> }
	no_shadow
}
sphere {
	0, 1
	scale<0.080000,0.200000,0.300000>
	matrix <0.634666, 0.772784, 0.001987,
		-0.771975, 0.633880, 0.047438,
		0.035399, -0.031641, 0.998872,
		26.309589, 37.304333, 34.525879>
	pigment { color rgbt <0,1,1,0> }
	no_shadow
}
cylinder {
	<26.206459, 38.047352, 34.073383>,  <26.284809, 37.326481, 33.826668>, 0.130000
	pigment { color rgbt <1,0,0,0> }
	no_shadow
}

// nucleotide -1

// particle -1
sphere {
	<26.206459, 38.047352, 34.073383> 0.250000
	pigment { color rgbt <1,0,0,0> }
	no_shadow
}
cylinder {
	<26.398180, 37.852161, 34.365177>,  <26.513212, 37.735046, 34.540253>, 0.100000
	pigment { color rgbt <1,0,0,0> }
	no_shadow
}
cylinder {
	<26.398180, 37.852161, 34.365177>,  <26.206459, 38.047352, 34.073383>, 0.100000
	pigment { color rgbt <1,0,0,0> }
	no_shadow
}

// particle -1
sphere {
	<26.398180, 37.852161, 34.365177> 0.100000
	pigment { color rgbt <1,0,0,0> }
	no_shadow
}
sphere {
	0, 1
	scale<0.080000,0.200000,0.300000>
	matrix <0.610345, 0.782608, 0.122492,
		-0.630673, 0.386526, 0.672941,
		0.479303, -0.487978, 0.729484,
		26.541971, 37.705769, 34.584023>
	pigment { color rgbt <0,1,1,0> }
	no_shadow
}
cylinder {
	<26.399378, 38.408234, 34.535656>,  <26.206459, 38.047352, 34.073383>, 0.130000
	pigment { color rgbt <1,0,0,0> }
	no_shadow
}

// nucleotide -1

// particle -1
sphere {
	<26.399378, 38.408234, 34.535656> 0.250000
	pigment { color rgbt <1,0,0,0> }
	no_shadow
}
cylinder {
	<26.657240, 38.129566, 34.661556>,  <26.811956, 37.962364, 34.737099>, 0.100000
	pigment { color rgbt <1,0,0,0> }
	no_shadow
}
cylinder {
	<26.657240, 38.129566, 34.661556>,  <26.399378, 38.408234, 34.535656>, 0.100000
	pigment { color rgbt <1,0,0,0> }
	no_shadow
}

// particle -1
sphere {
	<26.657240, 38.129566, 34.661556> 0.100000
	pigment { color rgbt <1,0,0,0> }
	no_shadow
}
sphere {
	0, 1
	scale<0.080000,0.200000,0.300000>
	matrix <0.623738, 0.717379, 0.310350,
		-0.442010, -0.003745, 0.897002,
		0.644653, -0.696673, 0.314753,
		26.850636, 37.920563, 34.755981>
	pigment { color rgbt <0,1,1,0> }
	no_shadow
}
cylinder {
	<26.521761, 38.552979, 35.225277>,  <26.399378, 38.408234, 34.535656>, 0.130000
	pigment { color rgbt <1,0,0,0> }
	no_shadow
}

// nucleotide -1

// particle -1
sphere {
	<26.521761, 38.552979, 35.225277> 0.250000
	pigment { color rgbt <1,0,0,0> }
	no_shadow
}
cylinder {
	<26.831093, 38.347584, 35.076527>,  <27.016691, 38.224346, 34.987274>, 0.100000
	pigment { color rgbt <1,0,0,0> }
	no_shadow
}
cylinder {
	<26.831093, 38.347584, 35.076527>,  <26.521761, 38.552979, 35.225277>, 0.100000
	pigment { color rgbt <1,0,0,0> }
	no_shadow
}

// particle -1
sphere {
	<26.831093, 38.347584, 35.076527> 0.100000
	pigment { color rgbt <1,0,0,0> }
	no_shadow
}
sphere {
	0, 1
	scale<0.080000,0.200000,0.300000>
	matrix <0.586647, 0.801978, 0.112586,
		0.240427, -0.305228, 0.921429,
		0.773330, -0.513485, -0.371878,
		27.063091, 38.193539, 34.964962>
	pigment { color rgbt <0,1,1,0> }
	no_shadow
}
cylinder {
	<27.213120, 38.653316, 35.682308>,  <26.521761, 38.552979, 35.225277>, 0.130000
	pigment { color rgbt <1,0,0,0> }
	no_shadow
}

// nucleotide -1

// particle -1
sphere {
	<27.213120, 38.653316, 35.682308> 0.250000
	pigment { color rgbt <1,0,0,0> }
	no_shadow
}
cylinder {
	<27.314144, 38.540424, 35.312107>,  <27.374760, 38.472691, 35.089985>, 0.100000
	pigment { color rgbt <1,0,0,0> }
	no_shadow
}
cylinder {
	<27.314144, 38.540424, 35.312107>,  <27.213120, 38.653316, 35.682308>, 0.100000
	pigment { color rgbt <1,0,0,0> }
	no_shadow
}

// particle -1
sphere {
	<27.314144, 38.540424, 35.312107> 0.100000
	pigment { color rgbt <1,0,0,0> }
	no_shadow
}
sphere {
	0, 1
	scale<0.080000,0.200000,0.300000>
	matrix <0.572100, 0.814963, -0.092396,
		0.780329, -0.506146, 0.367291,
		0.252563, -0.282226, -0.925506,
		27.389914, 38.455757, 35.034454>
	pigment { color rgbt <0,1,1,0> }
	no_shadow
}
cylinder {
	<27.704899, 39.195297, 35.289341>,  <27.213120, 38.653316, 35.682308>, 0.130000
	pigment { color rgbt <1,0,0,0> }
	no_shadow
}

// nucleotide -1

// particle -1
sphere {
	<27.704899, 39.195297, 35.289341> 0.250000
	pigment { color rgbt <1,0,0,0> }
	no_shadow
}
cylinder {
	<27.968037, 39.232765, 34.990417>,  <28.125919, 39.255245, 34.811062>, 0.100000
	pigment { color rgbt <1,0,0,0> }
	no_shadow
}
cylinder {
	<27.968037, 39.232765, 34.990417>,  <27.704899, 39.195297, 35.289341>, 0.100000
	pigment { color rgbt <1,0,0,0> }
	no_shadow
}

// particle -1
sphere {
	<27.968037, 39.232765, 34.990417> 0.100000
	pigment { color rgbt <1,0,0,0> }
	no_shadow
}
sphere {
	0, 1
	scale<0.080000,0.200000,0.300000>
	matrix <-0.020235, -0.989680, -0.141858,
		-0.752883, 0.108442, -0.649159,
		0.657843, 0.093666, -0.747308,
		28.165390, 39.260864, 34.766224>
	pigment { color rgbt <0,1,1,0> }
	no_shadow
}
cylinder {
	<27.393028, 39.029613, 34.605942>,  <27.704899, 39.195297, 35.289341>, 0.130000
	pigment { color rgbt <1,0,0,0> }
	no_shadow
}

// nucleotide -1

// particle -1
sphere {
	<27.393028, 39.029613, 34.605942> 0.250000
	pigment { color rgbt <1,0,0,0> }
	no_shadow
}
cylinder {
	<27.767744, 38.896004, 34.647621>,  <27.992573, 38.815838, 34.672626>, 0.100000
	pigment { color rgbt <1,0,0,0> }
	no_shadow
}
cylinder {
	<27.767744, 38.896004, 34.647621>,  <27.393028, 39.029613, 34.605942>, 0.100000
	pigment { color rgbt <1,0,0,0> }
	no_shadow
}

// particle -1
sphere {
	<27.767744, 38.896004, 34.647621> 0.100000
	pigment { color rgbt <1,0,0,0> }
	no_shadow
}
sphere {
	0, 1
	scale<0.080000,0.200000,0.300000>
	matrix <-0.317151, -0.936376, -0.150381,
		0.147796, 0.107829, -0.983122,
		0.936788, -0.334024, 0.104195,
		28.048780, 38.795795, 34.678879>
	pigment { color rgbt <0,1,1,0> }
	no_shadow
}
cylinder {
	<27.514301, 38.669403, 34.019772>,  <27.393028, 39.029613, 34.605942>, 0.130000
	pigment { color rgbt <1,0,0,0> }
	no_shadow
}

// nucleotide -1

// particle -1
sphere {
	<27.514301, 38.669403, 34.019772> 0.250000
	pigment { color rgbt <1,0,0,0> }
	no_shadow
}
cylinder {
	<27.725204, 38.566391, 34.343666>,  <27.851746, 38.504585, 34.538002>, 0.100000
	pigment { color rgbt <1,0,0,0> }
	no_shadow
}
cylinder {
	<27.725204, 38.566391, 34.343666>,  <27.514301, 38.669403, 34.019772>, 0.100000
	pigment { color rgbt <1,0,0,0> }
	no_shadow
}

// particle -1
sphere {
	<27.725204, 38.566391, 34.343666> 0.100000
	pigment { color rgbt <1,0,0,0> }
	no_shadow
}
sphere {
	0, 1
	scale<0.080000,0.200000,0.300000>
	matrix <-0.434844, -0.900500, -0.003247,
		0.730007, -0.350398, -0.586780,
		0.527258, -0.257528, 0.809740,
		27.883381, 38.489132, 34.586590>
	pigment { color rgbt <0,1,1,0> }
	no_shadow
}
cylinder {
	<27.979797, 37.947929, 34.082584>,  <27.514301, 38.669403, 34.019772>, 0.130000
	pigment { color rgbt <1,0,0,0> }
	no_shadow
}

// nucleotide -1

// particle -1
sphere {
	<27.979797, 37.947929, 34.082584> 0.250000
	pigment { color rgbt <1,0,0,0> }
	no_shadow
}
cylinder {
	<27.837355, 38.068066, 34.436531>,  <27.751888, 38.140148, 34.648899>, 0.100000
	pigment { color rgbt <1,0,0,0> }
	no_shadow
}
cylinder {
	<27.837355, 38.068066, 34.436531>,  <27.979797, 37.947929, 34.082584>, 0.100000
	pigment { color rgbt <1,0,0,0> }
	no_shadow
}

// particle -1
sphere {
	<27.837355, 38.068066, 34.436531> 0.100000
	pigment { color rgbt <1,0,0,0> }
	no_shadow
}
sphere {
	0, 1
	scale<0.080000,0.200000,0.300000>
	matrix <-0.420473, -0.897160, 0.135298,
		0.834500, -0.323881, 0.445770,
		-0.356107, 0.300341, 0.884864,
		27.730522, 38.158169, 34.701992>
	pigment { color rgbt <0,1,1,0> }
	no_shadow
}
cylinder {
	<27.999702, 37.386208, 34.568428>,  <27.979797, 37.947929, 34.082584>, 0.130000
	pigment { color rgbt <1,0,0,0> }
	no_shadow
}

// nucleotide -1

// particle -1
sphere {
	<27.999702, 37.386208, 34.568428> 0.250000
	pigment { color rgbt <1,0,0,0> }
	no_shadow
}
cylinder {
	<27.691723, 37.623722, 34.661884>,  <27.506935, 37.766232, 34.717957>, 0.100000
	pigment { color rgbt <1,0,0,0> }
	no_shadow
}
cylinder {
	<27.691723, 37.623722, 34.661884>,  <27.999702, 37.386208, 34.568428>, 0.100000
	pigment { color rgbt <1,0,0,0> }
	no_shadow
}

// particle -1
sphere {
	<27.691723, 37.623722, 34.661884> 0.100000
	pigment { color rgbt <1,0,0,0> }
	no_shadow
}
sphere {
	0, 1
	scale<0.080000,0.200000,0.300000>
	matrix <-0.614410, -0.788728, -0.020226,
		0.172270, -0.159125, 0.972113,
		-0.769951, 0.593791, 0.233642,
		27.460737, 37.801861, 34.731976>
	pigment { color rgbt <0,1,1,0> }
	no_shadow
}
cylinder {
	<27.665594, 37.003311, 35.057388>,  <27.999702, 37.386208, 34.568428>, 0.130000
	pigment { color rgbt <1,0,0,0> }
	no_shadow
}

// nucleotide -1

// particle -1
sphere {
	<27.665594, 37.003311, 35.057388> 0.250000
	pigment { color rgbt <1,0,0,0> }
	no_shadow
}
cylinder {
	<27.416265, 37.301987, 34.964500>,  <27.266668, 37.481194, 34.908768>, 0.100000
	pigment { color rgbt <1,0,0,0> }
	no_shadow
}
cylinder {
	<27.416265, 37.301987, 34.964500>,  <27.665594, 37.003311, 35.057388>, 0.100000
	pigment { color rgbt <1,0,0,0> }
	no_shadow
}

// particle -1
sphere {
	<27.416265, 37.301987, 34.964500> 0.100000
	pigment { color rgbt <1,0,0,0> }
	no_shadow
}
sphere {
	0, 1
	scale<0.080000,0.200000,0.300000>
	matrix <-0.781841, -0.600376, 0.168145,
		-0.013864, 0.286365, 0.958020,
		-0.623323, 0.746689, -0.232216,
		27.229269, 37.525993, 34.894836>
	pigment { color rgbt <0,1,1,0> }
	no_shadow
}
cylinder {
	<27.122225, 36.960136, 35.561020>,  <27.665594, 37.003311, 35.057388>, 0.130000
	pigment { color rgbt <1,0,0,0> }
	no_shadow
}

// nucleotide -1

// particle -1
sphere {
	<27.122225, 36.960136, 35.561020> 0.250000
	pigment { color rgbt <1,0,0,0> }
	no_shadow
}
cylinder {
	<26.964920, 37.183407, 35.268780>,  <26.870537, 37.317371, 35.093433>, 0.100000
	pigment { color rgbt <1,0,0,0> }
	no_shadow
}
cylinder {
	<26.964920, 37.183407, 35.268780>,  <27.122225, 36.960136, 35.561020>, 0.100000
	pigment { color rgbt <1,0,0,0> }
	no_shadow
}

// particle -1
sphere {
	<26.964920, 37.183407, 35.268780> 0.100000
	pigment { color rgbt <1,0,0,0> }
	no_shadow
}
sphere {
	0, 1
	scale<0.080000,0.200000,0.300000>
	matrix <-0.833126, -0.552454, 0.026371,
		-0.388905, 0.619056, 0.682292,
		-0.393260, 0.558180, -0.730604,
		26.846943, 37.350861, 35.049599>
	pigment { color rgbt <0,1,1,0> }
	no_shadow
}
cylinder {
	<26.463535, 37.250507, 35.798397>,  <27.122225, 36.960136, 35.561020>, 0.130000
	pigment { color rgbt <1,0,0,0> }
	no_shadow
}

// nucleotide -1

// particle -1
sphere {
	<26.463535, 37.250507, 35.798397> 0.250000
	pigment { color rgbt <1,0,0,0> }
	no_shadow
}
cylinder {
	<26.428661, 37.247971, 35.399929>,  <26.407736, 37.246449, 35.160847>, 0.100000
	pigment { color rgbt <1,0,0,0> }
	no_shadow
}
cylinder {
	<26.428661, 37.247971, 35.399929>,  <26.463535, 37.250507, 35.798397>, 0.100000
	pigment { color rgbt <1,0,0,0> }
	no_shadow
}

// particle -1
sphere {
	<26.428661, 37.247971, 35.399929> 0.100000
	pigment { color rgbt <1,0,0,0> }
	no_shadow
}
sphere {
	0, 1
	scale<0.080000,0.200000,0.300000>
	matrix <-0.863294, -0.498523, 0.078731,
		-0.497114, 0.866854, 0.037988,
		-0.087186, -0.006343, -0.996172,
		26.402506, 37.246067, 35.101078>
	pigment { color rgbt <0,1,1,0> }
	no_shadow
}
cylinder {
	<25.806873, 37.543102, 35.548672>,  <26.463535, 37.250507, 35.798397>, 0.130000
	pigment { color rgbt <1,0,0,0> }
	no_shadow
}

// nucleotide -1

// particle -1
sphere {
	<25.806873, 37.543102, 35.548672> 0.250000
	pigment { color rgbt <1,0,0,0> }
	no_shadow
}
cylinder {
	<25.942268, 37.291138, 35.269058>,  <26.023506, 37.139961, 35.101292>, 0.100000
	pigment { color rgbt <1,0,0,0> }
	no_shadow
}
cylinder {
	<25.942268, 37.291138, 35.269058>,  <25.806873, 37.543102, 35.548672>, 0.100000
	pigment { color rgbt <1,0,0,0> }
	no_shadow
}

// particle -1
sphere {
	<25.942268, 37.291138, 35.269058> 0.100000
	pigment { color rgbt <1,0,0,0> }
	no_shadow
}
sphere {
	0, 1
	scale<0.080000,0.200000,0.300000>
	matrix <-0.819705, -0.562187, 0.109675,
		-0.462071, 0.535875, -0.706632,
		0.338488, -0.629908, -0.699030,
		26.043816, 37.102165, 35.059349>
	pigment { color rgbt <0,1,1,0> }
	no_shadow
}
cylinder {
	<25.255108, 37.904366, 35.159229>,  <25.806873, 37.543102, 35.548672>, 0.130000
	pigment { color rgbt <1,0,0,0> }
	no_shadow
}

// nucleotide -1

// particle -1
sphere {
	<25.255108, 37.904366, 35.159229> 0.250000
	pigment { color rgbt <1,0,0,0> }
	no_shadow
}
cylinder {
	<25.492479, 37.653831, 34.957024>,  <25.634901, 37.503510, 34.835701>, 0.100000
	pigment { color rgbt <1,0,0,0> }
	no_shadow
}
cylinder {
	<25.492479, 37.653831, 34.957024>,  <25.255108, 37.904366, 35.159229>, 0.100000
	pigment { color rgbt <1,0,0,0> }
	no_shadow
}

// particle -1
sphere {
	<25.492479, 37.653831, 34.957024> 0.100000
	pigment { color rgbt <1,0,0,0> }
	no_shadow
}
sphere {
	0, 1
	scale<0.080000,0.200000,0.300000>
	matrix <-0.771178, -0.622301, -0.134256,
		-0.230495, 0.469515, -0.852307,
		0.593427, -0.626336, -0.505517,
		25.670507, 37.465931, 34.805370>
	pigment { color rgbt <0,1,1,0> }
	no_shadow
}
cylinder {
	<24.918840, 37.687473, 34.447651>,  <25.255108, 37.904366, 35.159229>, 0.130000
	pigment { color rgbt <1,0,0,0> }
	no_shadow
}

// nucleotide -1

// particle -1
sphere {
	<24.918840, 37.687473, 34.447651> 0.250000
	pigment { color rgbt <1,0,0,0> }
	no_shadow
}
cylinder {
	<25.164520, 37.379589, 34.517284>,  <25.311928, 37.194859, 34.559067>, 0.100000
	pigment { color rgbt <1,0,0,0> }
	no_shadow
}
cylinder {
	<25.164520, 37.379589, 34.517284>,  <24.918840, 37.687473, 34.447651>, 0.100000
	pigment { color rgbt <1,0,0,0> }
	no_shadow
}

// particle -1
sphere {
	<25.164520, 37.379589, 34.517284> 0.100000
	pigment { color rgbt <1,0,0,0> }
	no_shadow
}
sphere {
	0, 1
	scale<0.080000,0.200000,0.300000>
	matrix <-0.752536, -0.637690, -0.164443,
		0.237586, -0.030006, -0.970903,
		0.614200, -0.769709, 0.174087,
		25.348780, 37.148678, 34.569511>
	pigment { color rgbt <0,1,1,0> }
	no_shadow
}
cylinder {
	<24.683393, 37.193447, 34.005783>,  <24.918840, 37.687473, 34.447651>, 0.130000
	pigment { color rgbt <1,0,0,0> }
	no_shadow
}

// nucleotide -1

// particle -1
sphere {
	<24.683393, 37.193447, 34.005783> 0.250000
	pigment { color rgbt <1,0,0,0> }
	no_shadow
}
cylinder {
	<24.889164, 37.029896, 34.307293>,  <25.012627, 36.931763, 34.488201>, 0.100000
	pigment { color rgbt <1,0,0,0> }
	no_shadow
}
cylinder {
	<24.889164, 37.029896, 34.307293>,  <24.683393, 37.193447, 34.005783>, 0.100000
	pigment { color rgbt <1,0,0,0> }
	no_shadow
}

// particle -1
sphere {
	<24.889164, 37.029896, 34.307293> 0.100000
	pigment { color rgbt <1,0,0,0> }
	no_shadow
}
sphere {
	0, 1
	scale<0.080000,0.200000,0.300000>
	matrix <-0.664401, -0.745775, 0.048892,
		0.542158, -0.525961, -0.655309,
		0.514428, -0.408881, 0.753777,
		25.043493, 36.907230, 34.533424>
	pigment { color rgbt <0,1,1,0> }
	no_shadow
}
cylinder {
	<24.830961, 37.196499, 33.297230>,  <24.683393, 37.193447, 34.005783>, 0.130000
	pigment { color rgbt <1,0,0,0> }
	no_shadow
}

// nucleotide -1

// particle -1
sphere {
	<24.830961, 37.196499, 33.297230> 0.250000
	pigment { color rgbt <1,0,0,0> }
	no_shadow
}
cylinder {
	<25.179853, 37.223518, 33.103466>,  <25.389189, 37.239731, 32.987209>, 0.100000
	pigment { color rgbt <1,0,0,0> }
	no_shadow
}
cylinder {
	<25.179853, 37.223518, 33.103466>,  <24.830961, 37.196499, 33.297230>, 0.100000
	pigment { color rgbt <1,0,0,0> }
	no_shadow
}

// particle -1
sphere {
	<25.179853, 37.223518, 33.103466> 0.100000
	pigment { color rgbt <1,0,0,0> }
	no_shadow
}
sphere {
	0, 1
	scale<0.080000,0.200000,0.300000>
	matrix <0.290390, -0.868478, 0.401771,
		-0.393560, -0.491105, -0.777127,
		0.872229, 0.067549, -0.484410,
		25.441523, 37.243782, 32.958141>
	pigment { color rgbt <0,1,1,0> }
	no_shadow
}
cylinder {
	<25.002981, 36.501247, 33.610252>,  <24.830961, 37.196499, 33.297230>, 0.130000
	pigment { color rgbt <1,0,0,0> }
	no_shadow
}

// nucleotide -1

// particle -1
sphere {
	<25.002981, 36.501247, 33.610252> 0.250000
	pigment { color rgbt <1,0,0,0> }
	no_shadow
}
cylinder {
	<25.215157, 36.473316, 33.948189>,  <25.342463, 36.456558, 34.150951>, 0.100000
	pigment { color rgbt <1,0,0,0> }
	no_shadow
}
cylinder {
	<25.215157, 36.473316, 33.948189>,  <25.002981, 36.501247, 33.610252>, 0.100000
	pigment { color rgbt <1,0,0,0> }
	no_shadow
}

// particle -1
sphere {
	<25.215157, 36.473316, 33.948189> 0.100000
	pigment { color rgbt <1,0,0,0> }
	no_shadow
}
sphere {
	0, 1
	scale<0.080000,0.200000,0.300000>
	matrix <-0.296247, -0.949035, 0.107563,
		0.794274, -0.307338, -0.524091,
		0.530439, -0.069826, 0.844842,
		25.374289, 36.452370, 34.201641>
	pigment { color rgbt <0,1,1,0> }
	no_shadow
}
cylinder {
	<25.191566, 35.848289, 33.668259>,  <25.002981, 36.501247, 33.610252>, 0.130000
	pigment { color rgbt <1,0,0,0> }
	no_shadow
}

// nucleotide -1

// particle -1
sphere {
	<25.191566, 35.848289, 33.668259> 0.250000
	pigment { color rgbt <1,0,0,0> }
	no_shadow
}
cylinder {
	<25.204615, 35.940235, 34.057331>,  <25.212444, 35.995403, 34.290775>, 0.100000
	pigment { color rgbt <1,0,0,0> }
	no_shadow
}
cylinder {
	<25.204615, 35.940235, 34.057331>,  <25.191566, 35.848289, 33.668259>, 0.100000
	pigment { color rgbt <1,0,0,0> }
	no_shadow
}

// particle -1
sphere {
	<25.204615, 35.940235, 34.057331> 0.100000
	pigment { color rgbt <1,0,0,0> }
	no_shadow
}
sphere {
	0, 1
	scale<0.080000,0.200000,0.300000>
	matrix <-0.280581, -0.931953, 0.229646,
		0.959276, -0.280406, 0.034093,
		0.032621, 0.229860, 0.972677,
		25.214401, 36.009193, 34.349133>
	pigment { color rgbt <0,1,1,0> }
	no_shadow
}
cylinder {
	<25.540203, 35.277058, 33.939709>,  <25.191566, 35.848289, 33.668259>, 0.130000
	pigment { color rgbt <1,0,0,0> }
	no_shadow
}

// nucleotide -1

// particle -1
sphere {
	<25.540203, 35.277058, 33.939709> 0.250000
	pigment { color rgbt <1,0,0,0> }
	no_shadow
}
cylinder {
	<25.339748, 35.452229, 34.238258>,  <25.219475, 35.557331, 34.417389>, 0.100000
	pigment { color rgbt <1,0,0,0> }
	no_shadow
}
cylinder {
	<25.339748, 35.452229, 34.238258>,  <25.540203, 35.277058, 33.939709>, 0.100000
	pigment { color rgbt <1,0,0,0> }
	no_shadow
}

// particle -1
sphere {
	<25.339748, 35.452229, 34.238258> 0.100000
	pigment { color rgbt <1,0,0,0> }
	no_shadow
}
sphere {
	0, 1
	scale<0.080000,0.200000,0.300000>
	matrix <-0.293558, -0.897386, 0.329426,
		0.814054, -0.054018, 0.578271,
		-0.501138, 0.437926, 0.746379,
		25.189407, 35.583607, 34.462173>
	pigment { color rgbt <0,1,1,0> }
	no_shadow
}
cylinder {
	<25.760090, 35.264050, 34.671082>,  <25.540203, 35.277058, 33.939709>, 0.130000
	pigment { color rgbt <1,0,0,0> }
	no_shadow
}

// nucleotide -1

// particle -1
sphere {
	<25.760090, 35.264050, 34.671082> 0.250000
	pigment { color rgbt <1,0,0,0> }
	no_shadow
}
cylinder {
	<25.360353, 35.275852, 34.679527>,  <25.120512, 35.282932, 34.684597>, 0.100000
	pigment { color rgbt <1,0,0,0> }
	no_shadow
}
cylinder {
	<25.360353, 35.275852, 34.679527>,  <25.760090, 35.264050, 34.671082>, 0.100000
	pigment { color rgbt <1,0,0,0> }
	no_shadow
}

// particle -1
sphere {
	<25.360353, 35.275852, 34.679527> 0.100000
	pigment { color rgbt <1,0,0,0> }
	no_shadow
}
sphere {
	0, 1
	scale<0.080000,0.200000,0.300000>
	matrix <-0.022068, -0.956254, 0.291706,
		0.028800, 0.291048, 0.956275,
		-0.999342, 0.029504, 0.021117,
		25.060551, 35.284702, 34.685863>
	pigment { color rgbt <0,1,1,0> }
	no_shadow
}
cylinder {
	<25.398035, 35.059189, 35.379681>,  <25.760090, 35.264050, 34.671082>, 0.130000
	pigment { color rgbt <1,0,0,0> }
	no_shadow
}

// nucleotide -1

// particle -1
sphere {
	<25.398035, 35.059189, 35.379681> 0.250000
	pigment { color rgbt <1,0,0,0> }
	no_shadow
}
cylinder {
	<25.141417, 34.981037, 35.082966>,  <24.987446, 34.934147, 34.904938>, 0.100000
	pigment { color rgbt <1,0,0,0> }
	no_shadow
}
cylinder {
	<25.141417, 34.981037, 35.082966>,  <25.398035, 35.059189, 35.379681>, 0.100000
	pigment { color rgbt <1,0,0,0> }
	no_shadow
}

// particle -1
sphere {
	<25.141417, 34.981037, 35.082966> 0.100000
	pigment { color rgbt <1,0,0,0> }
	no_shadow
}
sphere {
	0, 1
	scale<0.080000,0.200000,0.300000>
	matrix <-0.041305, -0.956819, 0.287735,
		-0.765971, 0.215235, 0.605774,
		-0.641547, -0.195375, -0.741786,
		24.948952, 34.922424, 34.860432>
	pigment { color rgbt <0,1,1,0> }
	no_shadow
}
cylinder {
	<25.017773, 34.697121, 35.812260>,  <25.398035, 35.059189, 35.379681>, 0.130000
	pigment { color rgbt <1,0,0,0> }
	no_shadow
}

// nucleotide -1

// particle -1
sphere {
	<25.017773, 34.697121, 35.812260> 0.250000
	pigment { color rgbt <1,0,0,0> }
	no_shadow
}
cylinder {
	<24.991447, 34.613770, 35.421928>,  <24.975653, 34.563759, 35.187729>, 0.100000
	pigment { color rgbt <1,0,0,0> }
	no_shadow
}
cylinder {
	<24.991447, 34.613770, 35.421928>,  <25.017773, 34.697121, 35.812260>, 0.100000
	pigment { color rgbt <1,0,0,0> }
	no_shadow
}

// particle -1
sphere {
	<24.991447, 34.613770, 35.421928> 0.100000
	pigment { color rgbt <1,0,0,0> }
	no_shadow
}
sphere {
	0, 1
	scale<0.080000,0.200000,0.300000>
	matrix <-0.243569, -0.945015, 0.218222,
		-0.967648, 0.252044, 0.011442,
		-0.065814, -0.208375, -0.975832,
		24.971703, 34.551258, 35.129177>
	pigment { color rgbt <0,1,1,0> }
	no_shadow
}
cylinder {
	<24.542906, 34.158707, 35.770939>,  <25.017773, 34.697121, 35.812260>, 0.130000
	pigment { color rgbt <1,0,0,0> }
	no_shadow
}

// nucleotide -1

// particle -1
sphere {
	<24.542906, 34.158707, 35.770939> 0.250000
	pigment { color rgbt <1,0,0,0> }
	no_shadow
}
cylinder {
	<24.790730, 34.082184, 35.466427>,  <24.939425, 34.036270, 35.283722>, 0.100000
	pigment { color rgbt <1,0,0,0> }
	no_shadow
}
cylinder {
	<24.790730, 34.082184, 35.466427>,  <24.542906, 34.158707, 35.770939>, 0.100000
	pigment { color rgbt <1,0,0,0> }
	no_shadow
}

// particle -1
sphere {
	<24.790730, 34.082184, 35.466427> 0.100000
	pigment { color rgbt <1,0,0,0> }
	no_shadow
}
sphere {
	0, 1
	scale<0.080000,0.200000,0.300000>
	matrix <0.316217, -0.826834, 0.465137,
		-0.718436, -0.528910, -0.451778,
		0.619561, -0.191311, -0.761278,
		24.976597, 34.024792, 35.238045>
	pigment { color rgbt <0,1,1,0> }
	no_shadow
}
cylinder {
	<24.606264, 33.344677, 35.716564>,  <24.542906, 34.158707, 35.770939>, 0.130000
	pigment { color rgbt <1,0,0,0> }
	no_shadow
}

// nucleotide -1

// particle -1
sphere {
	<24.606264, 33.344677, 35.716564> 0.250000
	pigment { color rgbt <1,0,0,0> }
	no_shadow
}
cylinder {
	<24.918009, 33.500259, 35.520073>,  <25.105057, 33.593609, 35.402180>, 0.100000
	pigment { color rgbt <1,0,0,0> }
	no_shadow
}
cylinder {
	<24.918009, 33.500259, 35.520073>,  <24.606264, 33.344677, 35.716564>, 0.100000
	pigment { color rgbt <1,0,0,0> }
	no_shadow
}

// particle -1
sphere {
	<24.918009, 33.500259, 35.520073> 0.100000
	pigment { color rgbt <1,0,0,0> }
	no_shadow
}
sphere {
	0, 1
	scale<0.080000,0.200000,0.300000>
	matrix <0.536954, -0.818650, 0.203698,
		-0.322912, -0.422520, -0.846879,
		0.779364, 0.388959, -0.491226,
		25.151817, 33.616947, 35.372704>
	pigment { color rgbt <0,1,1,0> }
	no_shadow
}
cylinder {
	<24.852861, 32.917603, 35.209335>,  <24.606264, 33.344677, 35.716564>, 0.130000
	pigment { color rgbt <1,0,0,0> }
	no_shadow
}

// nucleotide -1

// particle -1
sphere {
	<24.852861, 32.917603, 35.209335> 0.250000
	pigment { color rgbt <1,0,0,0> }
	no_shadow
}
cylinder {
	<25.172441, 33.130371, 35.321579>,  <25.364189, 33.258030, 35.388927>, 0.100000
	pigment { color rgbt <1,0,0,0> }
	no_shadow
}
cylinder {
	<25.172441, 33.130371, 35.321579>,  <24.852861, 32.917603, 35.209335>, 0.100000
	pigment { color rgbt <1,0,0,0> }
	no_shadow
}

// particle -1
sphere {
	<25.172441, 33.130371, 35.321579> 0.100000
	pigment { color rgbt <1,0,0,0> }
	no_shadow
}
sphere {
	0, 1
	scale<0.080000,0.200000,0.300000>
	matrix <0.496006, -0.846666, 0.192703,
		0.340088, -0.014774, -0.940278,
		0.798949, 0.531919, 0.280613,
		25.412127, 33.289948, 35.405762>
	pigment { color rgbt <0,1,1,0> }
	no_shadow
}
cylinder {
	<25.463018, 32.512192, 35.019783>,  <24.852861, 32.917603, 35.209335>, 0.130000
	pigment { color rgbt <1,0,0,0> }
	no_shadow
}

// nucleotide -1

// particle -1
sphere {
	<25.463018, 32.512192, 35.019783> 0.250000
	pigment { color rgbt <1,0,0,0> }
	no_shadow
}
cylinder {
	<25.560179, 32.749832, 35.326519>,  <25.618475, 32.892418, 35.510559>, 0.100000
	pigment { color rgbt <1,0,0,0> }
	no_shadow
}
cylinder {
	<25.560179, 32.749832, 35.326519>,  <25.463018, 32.512192, 35.019783>, 0.100000
	pigment { color rgbt <1,0,0,0> }
	no_shadow
}

// particle -1
sphere {
	<25.560179, 32.749832, 35.326519> 0.100000
	pigment { color rgbt <1,0,0,0> }
	no_shadow
}
sphere {
	0, 1
	scale<0.080000,0.200000,0.300000>
	matrix <0.845643, -0.516997, 0.132677,
		0.475277, 0.616245, -0.627976,
		0.242900, 0.594102, 0.766839,
		25.633049, 32.928062, 35.556572>
	pigment { color rgbt <0,1,1,0> }
	no_shadow
}
cylinder {
	<26.202753, 32.388008, 35.157997>,  <25.463018, 32.512192, 35.019783>, 0.130000
	pigment { color rgbt <1,0,0,0> }
	no_shadow
}

// nucleotide -1

// particle -1
sphere {
	<26.202753, 32.388008, 35.157997> 0.250000
	pigment { color rgbt <1,0,0,0> }
	no_shadow
}
cylinder {
	<26.107578, 32.660782, 35.434650>,  <26.050472, 32.824448, 35.600643>, 0.100000
	pigment { color rgbt <1,0,0,0> }
	no_shadow
}
cylinder {
	<26.107578, 32.660782, 35.434650>,  <26.202753, 32.388008, 35.157997>, 0.100000
	pigment { color rgbt <1,0,0,0> }
	no_shadow
}

// particle -1
sphere {
	<26.107578, 32.660782, 35.434650> 0.100000
	pigment { color rgbt <1,0,0,0> }
	no_shadow
}
sphere {
	0, 1
	scale<0.080000,0.200000,0.300000>
	matrix <0.849948, -0.198444, 0.488067,
		0.470079, 0.703979, -0.532390,
		-0.237939, 0.681934, 0.691630,
		26.036196, 32.865360, 35.642139>
	pigment { color rgbt <0,1,1,0> }
	no_shadow
}
cylinder {
	<26.801710, 32.626766, 35.462055>,  <26.202753, 32.388008, 35.157997>, 0.130000
	pigment { color rgbt <1,0,0,0> }
	no_shadow
}

// nucleotide -1

// particle -1
sphere {
	<26.801710, 32.626766, 35.462055> 0.250000
	pigment { color rgbt <1,0,0,0> }
	no_shadow
}
cylinder {
	<26.545668, 32.781372, 35.727646>,  <26.392042, 32.874138, 35.887001>, 0.100000
	pigment { color rgbt <1,0,0,0> }
	no_shadow
}
cylinder {
	<26.545668, 32.781372, 35.727646>,  <26.801710, 32.626766, 35.462055>, 0.100000
	pigment { color rgbt <1,0,0,0> }
	no_shadow
}

// particle -1
sphere {
	<26.545668, 32.781372, 35.727646> 0.100000
	pigment { color rgbt <1,0,0,0> }
	no_shadow
}
sphere {
	0, 1
	scale<0.080000,0.200000,0.300000>
	matrix <0.734774, 0.055515, 0.676036,
		0.224438, 0.920610, -0.319538,
		-0.640105, 0.386517, 0.663981,
		26.353636, 32.897327, 35.926842>
	pigment { color rgbt <0,1,1,0> }
	no_shadow
}
cylinder {
	<27.201822, 32.855610, 36.042995>,  <26.801710, 32.626766, 35.462055>, 0.130000
	pigment { color rgbt <1,0,0,0> }
	no_shadow
}

// nucleotide -1

// particle -1
sphere {
	<27.201822, 32.855610, 36.042995> 0.250000
	pigment { color rgbt <1,0,0,0> }
	no_shadow
}
cylinder {
	<26.842012, 32.870796, 36.217079>,  <26.626125, 32.879910, 36.321529>, 0.100000
	pigment { color rgbt <1,0,0,0> }
	no_shadow
}
cylinder {
	<26.842012, 32.870796, 36.217079>,  <27.201822, 32.855610, 36.042995>, 0.100000
	pigment { color rgbt <1,0,0,0> }
	no_shadow
}

// particle -1
sphere {
	<26.842012, 32.870796, 36.217079> 0.100000
	pigment { color rgbt <1,0,0,0> }
	no_shadow
}
sphere {
	0, 1
	scale<0.080000,0.200000,0.300000>
	matrix <0.421287, -0.188272, 0.887170,
		0.115624, 0.981383, 0.153360,
		-0.899527, 0.037969, 0.435213,
		26.572155, 32.882187, 36.347645>
	pigment { color rgbt <0,1,1,0> }
	no_shadow
}
cylinder {
	<27.149057, 33.324089, 36.658134>,  <27.201822, 32.855610, 36.042995>, 0.130000
	pigment { color rgbt <1,0,0,0> }
	no_shadow
}

// nucleotide -1

// particle -1
sphere {
	<27.149057, 33.324089, 36.658134> 0.250000
	pigment { color rgbt <1,0,0,0> }
	no_shadow
}
cylinder {
	<26.903278, 33.009270, 36.680050>,  <26.755810, 32.820377, 36.693199>, 0.100000
	pigment { color rgbt <1,0,0,0> }
	no_shadow
}
cylinder {
	<26.903278, 33.009270, 36.680050>,  <27.149057, 33.324089, 36.658134>, 0.100000
	pigment { color rgbt <1,0,0,0> }
	no_shadow
}

// particle -1
sphere {
	<26.903278, 33.009270, 36.680050> 0.100000
	pigment { color rgbt <1,0,0,0> }
	no_shadow
}
sphere {
	0, 1
	scale<0.080000,0.200000,0.300000>
	matrix <0.422375, -0.269503, 0.865429,
		-0.666372, 0.554903, 0.498027,
		-0.614449, -0.787052, 0.054788,
		26.718945, 32.773155, 36.696487>
	pigment { color rgbt <0,1,1,0> }
	no_shadow
}
cylinder {
	<27.871405, 33.095284, 36.754284>,  <27.149057, 33.324089, 36.658134>, 0.130000
	pigment { color rgbt <1,0,0,0> }
	no_shadow
}

// nucleotide -1

// particle -1
sphere {
	<27.871405, 33.095284, 36.754284> 0.250000
	pigment { color rgbt <1,0,0,0> }
	no_shadow
}
cylinder {
	<27.954596, 32.751038, 36.940228>,  <28.004511, 32.544491, 37.051792>, 0.100000
	pigment { color rgbt <1,0,0,0> }
	no_shadow
}
cylinder {
	<27.954596, 32.751038, 36.940228>,  <27.871405, 33.095284, 36.754284>, 0.100000
	pigment { color rgbt <1,0,0,0> }
	no_shadow
}

// particle -1
sphere {
	<27.954596, 32.751038, 36.940228> 0.100000
	pigment { color rgbt <1,0,0,0> }
	no_shadow
}
sphere {
	0, 1
	scale<0.080000,0.200000,0.300000>
	matrix <-0.196295, -0.502302, -0.842117,
		0.958235, 0.083892, -0.273402,
		0.207977, -0.860613, 0.464856,
		28.016989, 32.492855, 37.079685>
	pigment { color rgbt <0,1,1,0> }
	no_shadow
}
cylinder {
	<27.402388, 32.673737, 37.026844>,  <27.871405, 33.095284, 36.754284>, 0.130000
	pigment { color rgbt <1,0,0,0> }
	no_shadow
}

// nucleotide -1

// particle -1
sphere {
	<27.402388, 32.673737, 37.026844> 0.250000
	pigment { color rgbt <1,0,0,0> }
	no_shadow
}
cylinder {
	<27.149298, 32.763409, 37.323330>,  <26.997444, 32.817211, 37.501221>, 0.100000
	pigment { color rgbt <1,0,0,0> }
	no_shadow
}
cylinder {
	<27.149298, 32.763409, 37.323330>,  <27.402388, 32.673737, 37.026844>, 0.100000
	pigment { color rgbt <1,0,0,0> }
	no_shadow
}

// particle -1
sphere {
	<27.149298, 32.763409, 37.323330> 0.100000
	pigment { color rgbt <1,0,0,0> }
	no_shadow
}
sphere {
	0, 1
	scale<0.080000,0.200000,0.300000>
	matrix <-0.774208, -0.163159, -0.611539,
		-0.016156, -0.960794, 0.276793,
		-0.632725, 0.224175, 0.741219,
		26.959480, 32.830662, 37.545696>
	pigment { color rgbt <0,1,1,0> }
	no_shadow
}
cylinder {
	<26.780704, 32.218327, 37.154846>,  <27.402388, 32.673737, 37.026844>, 0.130000
	pigment { color rgbt <1,0,0,0> }
	no_shadow
}

// nucleotide -1

// particle -1
sphere {
	<26.780704, 32.218327, 37.154846> 0.250000
	pigment { color rgbt <1,0,0,0> }
	no_shadow
}
cylinder {
	<26.679037, 32.598713, 37.225346>,  <26.618036, 32.826946, 37.267647>, 0.100000
	pigment { color rgbt <1,0,0,0> }
	no_shadow
}
cylinder {
	<26.679037, 32.598713, 37.225346>,  <26.780704, 32.218327, 37.154846>, 0.100000
	pigment { color rgbt <1,0,0,0> }
	no_shadow
}

// particle -1
sphere {
	<26.679037, 32.598713, 37.225346> 0.100000
	pigment { color rgbt <1,0,0,0> }
	no_shadow
}
sphere {
	0, 1
	scale<0.080000,0.200000,0.300000>
	matrix <-0.746625, -0.077087, -0.660763,
		-0.614776, -0.299539, 0.729607,
		-0.254167, 0.950965, 0.176252,
		26.602787, 32.884003, 37.278221>
	pigment { color rgbt <0,1,1,0> }
	no_shadow
}
cylinder {
	<25.927967, 32.394474, 37.216225>,  <26.780704, 32.218327, 37.154846>, 0.130000
	pigment { color rgbt <1,0,0,0> }
	no_shadow
}

// nucleotide -1

// particle -1
sphere {
	<25.927967, 32.394474, 37.216225> 0.250000
	pigment { color rgbt <1,0,0,0> }
	no_shadow
}
cylinder {
	<26.144499, 32.701065, 37.077965>,  <26.274418, 32.885021, 36.995007>, 0.100000
	pigment { color rgbt <1,0,0,0> }
	no_shadow
}
cylinder {
	<26.144499, 32.701065, 37.077965>,  <25.927967, 32.394474, 37.216225>, 0.100000
	pigment { color rgbt <1,0,0,0> }
	no_shadow
}

// particle -1
sphere {
	<26.144499, 32.701065, 37.077965> 0.100000
	pigment { color rgbt <1,0,0,0> }
	no_shadow
}
sphere {
	0, 1
	scale<0.080000,0.200000,0.300000>
	matrix <-0.564324, 0.026454, -0.825130,
