// switches for output
#declare DRAW_BASES = 1; // possible values are 0, 1; only relevant for DNA ribbons
#declare DRAW_BASES_TYPE = 3; // possible values are 1, 2, 3; only relevant for DNA ribbons
#declare DRAW_FOG = 0; // set to 1 to enable fog

#include "colors.inc"

#include "transforms.inc"
background { rgb <1, 1, 1>}

#default {
   normal{
       ripples 0.25
       frequency 0.20
       turbulence 0.2
       lambda 5
   }
	finish {
		phong 0.1
		phong_size 40.
	}
}

// original window dimensions: 1024x640


// camera settings

camera {
	sky <0, 0.179814, -0.983701>
	up <0, 0.179814, -0.983701>
	right 1.6 * <1, 0, 0>
	location <35, 94.9851, 44.8844>
	look_at <35, 29.7336, 32.9568>
	direction <0, -65.2515, -11.9276>
	angle 67.0682
}


# declare cpy_camera_pos = <35, 94.9851, 44.8844>;
# if (DRAW_FOG = 1)
fog {
	fog_type 2
	up vnormalize(cpy_camera_pos)
	color rgbt<1,1,1,0.3>
	distance 1e-5
	fog_alt 3e-3
	fog_offset 56
}
# end


// LIGHTS

# declare lum = 6;
global_settings {
	ambient_light rgb lum * <0.05, 0.05, 0.05>
	max_trace_level 15
}# declare cpy_direct_light_amount = 0.25;
light_source
{	1000 * <-1, -1.16352, -0.803886>,
	rgb lum * cpy_direct_light_amount
	parallel
}

light_source
{	1000 * <1, 1.16352, 0.803886>,
	rgb lum * cpy_direct_light_amount
	parallel
}

// strand 0

// nucleotide -1

// particle -1
sphere {
	<24.164423, 34.731438, 34.897011> 0.250000
	pigment { color rgbt <1,0,0,0> }
	no_shadow
}
cylinder {
	<24.358862, 35.080482, 34.915997>,  <24.475525, 35.289909, 34.927387>, 0.100000
	pigment { color rgbt <1,0,0,0> }
	no_shadow
}
cylinder {
	<24.358862, 35.080482, 34.915997>,  <24.164423, 34.731438, 34.897011>, 0.100000
	pigment { color rgbt <1,0,0,0> }
	no_shadow
}

// particle -1
sphere {
	<24.358862, 35.080482, 34.915997> 0.100000
	pigment { color rgbt <1,0,0,0> }
	no_shadow
}
sphere {
	0, 1
	scale<0.080000,0.200000,0.300000>
	matrix <0.129972, -0.018475, -0.991346,
		-0.864187, 0.488058, -0.122395,
		0.486095, 0.872616, 0.047468,
		24.504690, 35.342266, 34.930237>
	pigment { color rgbt <0,1,1,0> }
	no_shadow
}
cylinder {
	<24.336370, 34.851097, 34.199306>,  <24.164423, 34.731438, 34.897011>, 0.130000
	pigment { color rgbt <1,0,0,0> }
	no_shadow
}

// nucleotide -1

// particle -1
sphere {
	<24.336370, 34.851097, 34.199306> 0.250000
	pigment { color rgbt <1,0,0,0> }
	no_shadow
}
cylinder {
	<24.450087, 35.206772, 34.342709>,  <24.518316, 35.420177, 34.428749>, 0.100000
	pigment { color rgbt <1,0,0,0> }
	no_shadow
}
cylinder {
	<24.450087, 35.206772, 34.342709>,  <24.336370, 34.851097, 34.199306>, 0.100000
	pigment { color rgbt <1,0,0,0> }
	no_shadow
}

// particle -1
sphere {
	<24.450087, 35.206772, 34.342709> 0.100000
	pigment { color rgbt <1,0,0,0> }
	no_shadow
}
sphere {
	0, 1
	scale<0.080000,0.200000,0.300000>
	matrix <0.133004, 0.333744, -0.933233,
		-0.949467, 0.312994, -0.023384,
		0.284292, 0.889185, 0.358509,
		24.535374, 35.473526, 34.450260>
	pigment { color rgbt <0,1,1,0> }
	no_shadow
}
cylinder {
	<23.957819, 35.351360, 33.844883>,  <24.336370, 34.851097, 34.199306>, 0.130000
	pigment { color rgbt <1,0,0,0> }
	no_shadow
}

// nucleotide -1

// particle -1
sphere {
	<23.957819, 35.351360, 33.844883> 0.250000
	pigment { color rgbt <1,0,0,0> }
	no_shadow
}
cylinder {
	<24.239967, 35.590534, 33.997162>,  <24.409256, 35.734039, 34.088528>, 0.100000
	pigment { color rgbt <1,0,0,0> }
	no_shadow
}
cylinder {
	<24.239967, 35.590534, 33.997162>,  <23.957819, 35.351360, 33.844883>, 0.100000
	pigment { color rgbt <1,0,0,0> }
	no_shadow
}

// particle -1
sphere {
	<24.239967, 35.590534, 33.997162> 0.100000
	pigment { color rgbt <1,0,0,0> }
	no_shadow
}
sphere {
	0, 1
	scale<0.080000,0.200000,0.300000>
	matrix <0.144246, 0.404754, -0.902977,
		-0.694007, 0.691847, 0.199252,
		0.705370, 0.597931, 0.380698,
		24.451578, 35.769913, 34.111370>
	pigment { color rgbt <0,1,1,0> }
	no_shadow
}
cylinder {
	<23.898985, 36.011478, 33.505852>,  <23.957819, 35.351360, 33.844883>, 0.130000
	pigment { color rgbt <1,0,0,0> }
	no_shadow
}

// nucleotide -1

// particle -1
sphere {
	<23.898985, 36.011478, 33.505852> 0.250000
	pigment { color rgbt <1,0,0,0> }
	no_shadow
}
cylinder {
	<24.279734, 35.994656, 33.627289>,  <24.508183, 35.984562, 33.700153>, 0.100000
	pigment { color rgbt <1,0,0,0> }
	no_shadow
}
cylinder {
	<24.279734, 35.994656, 33.627289>,  <23.898985, 36.011478, 33.505852>, 0.100000
	pigment { color rgbt <1,0,0,0> }
	no_shadow
}

// particle -1
sphere {
	<24.279734, 35.994656, 33.627289> 0.100000
	pigment { color rgbt <1,0,0,0> }
	no_shadow
}
sphere {
	0, 1
	scale<0.080000,0.200000,0.300000>
	matrix <0.292958, 0.415981, -0.860892,
		-0.090082, 0.908400, 0.408282,
		0.951872, -0.042058, 0.303596,
		24.565296, 35.982037, 33.718369>
	pigment { color rgbt <0,1,1,0> }
	no_shadow
}
cylinder {
	<24.332809, 36.710167, 33.415653>,  <23.898985, 36.011478, 33.505852>, 0.130000
	pigment { color rgbt <1,0,0,0> }
	no_shadow
}

// nucleotide -1

// particle -1
sphere {
	<24.332809, 36.710167, 33.415653> 0.250000
	pigment { color rgbt <1,0,0,0> }
	no_shadow
}
cylinder {
	<24.564787, 36.384834, 33.397114>,  <24.703974, 36.189632, 33.385990>, 0.100000
	pigment { color rgbt <1,0,0,0> }
	no_shadow
}
cylinder {
	<24.564787, 36.384834, 33.397114>,  <24.332809, 36.710167, 33.415653>, 0.100000
	pigment { color rgbt <1,0,0,0> }
	no_shadow
}

// particle -1
sphere {
	<24.564787, 36.384834, 33.397114> 0.100000
	pigment { color rgbt <1,0,0,0> }
	no_shadow
}
sphere {
	0, 1
	scale<0.080000,0.200000,0.300000>
	matrix <0.370784, 0.314189, -0.873959,
		0.725384, 0.489664, 0.483784,
		0.579946, -0.813335, -0.046348,
		24.738771, 36.140835, 33.383209>
	pigment { color rgbt <0,1,1,0> }
	no_shadow
}
cylinder {
	<24.968777, 36.913475, 33.215347>,  <24.332809, 36.710167, 33.415653>, 0.130000
	pigment { color rgbt <1,0,0,0> }
	no_shadow
}

// nucleotide -1

// particle -1
sphere {
	<24.968777, 36.913475, 33.215347> 0.250000
	pigment { color rgbt <1,0,0,0> }
	no_shadow
}
cylinder {
	<24.932299, 36.529354, 33.109890>,  <24.910412, 36.298882, 33.046616>, 0.100000
	pigment { color rgbt <1,0,0,0> }
	no_shadow
}
cylinder {
	<24.932299, 36.529354, 33.109890>,  <24.968777, 36.913475, 33.215347>, 0.100000
	pigment { color rgbt <1,0,0,0> }
	no_shadow
}

// particle -1
sphere {
	<24.932299, 36.529354, 33.109890> 0.100000
	pigment { color rgbt <1,0,0,0> }
	no_shadow
}
sphere {
	0, 1
	scale<0.080000,0.200000,0.300000>
	matrix <0.461366, 0.193878, -0.865767,
		0.882511, -0.200592, 0.425368,
		-0.091197, -0.960299, -0.263645,
		24.904940, 36.241264, 33.030796>
	pigment { color rgbt <0,1,1,0> }
	no_shadow
}
cylinder {
	<25.627731, 36.626030, 33.164566>,  <24.968777, 36.913475, 33.215347>, 0.130000
	pigment { color rgbt <1,0,0,0> }
	no_shadow
}

// nucleotide -1

// particle -1
sphere {
	<25.627731, 36.626030, 33.164566> 0.250000
	pigment { color rgbt <1,0,0,0> }
	no_shadow
}
cylinder {
	<25.388018, 36.428661, 32.912407>,  <25.244190, 36.310242, 32.761112>, 0.100000
	pigment { color rgbt <1,0,0,0> }
	no_shadow
}
cylinder {
	<25.388018, 36.428661, 32.912407>,  <25.627731, 36.626030, 33.164566>, 0.100000
	pigment { color rgbt <1,0,0,0> }
	no_shadow
}

// particle -1
sphere {
	<25.388018, 36.428661, 32.912407> 0.100000
	pigment { color rgbt <1,0,0,0> }
	no_shadow
}
sphere {
	0, 1
	scale<0.080000,0.200000,0.300000>
	matrix <0.680717, 0.100325, -0.725644,
		0.421291, -0.863986, 0.275755,
		-0.599282, -0.493419, -0.630396,
		25.208233, 36.280636, 32.723289>
	pigment { color rgbt <0,1,1,0> }
	no_shadow
}
cylinder {
	<25.938242, 35.987911, 32.791470>,  <25.627731, 36.626030, 33.164566>, 0.130000
	pigment { color rgbt <1,0,0,0> }
	no_shadow
}

// nucleotide -1

// particle -1
sphere {
	<25.938242, 35.987911, 32.791470> 0.250000
	pigment { color rgbt <1,0,0,0> }
	no_shadow
}
cylinder {
	<25.649267, 36.140923, 32.561077>,  <25.475882, 36.232731, 32.422844>, 0.100000
	pigment { color rgbt <1,0,0,0> }
	no_shadow
}
cylinder {
	<25.649267, 36.140923, 32.561077>,  <25.938242, 35.987911, 32.791470>, 0.100000
	pigment { color rgbt <1,0,0,0> }
	no_shadow
}

// particle -1
sphere {
	<25.649267, 36.140923, 32.561077> 0.100000
	pigment { color rgbt <1,0,0,0> }
	no_shadow
}
sphere {
	0, 1
	scale<0.080000,0.200000,0.300000>
	matrix <0.672652, 0.195982, -0.713533,
		-0.160069, -0.902917, -0.398897,
		-0.722438, 0.382533, -0.575979,
		25.432535, 36.255684, 32.388283>
	pigment { color rgbt <0,1,1,0> }
	no_shadow
}
cylinder {
	<25.948448, 35.648655, 32.098923>,  <25.938242, 35.987911, 32.791470>, 0.130000
	pigment { color rgbt <1,0,0,0> }
	no_shadow
}

// nucleotide -1

// particle -1
sphere {
	<25.948448, 35.648655, 32.098923> 0.250000
	pigment { color rgbt <1,0,0,0> }
	no_shadow
}
cylinder {
	<25.736147, 35.980732, 32.030708>,  <25.608767, 36.179977, 31.989779>, 0.100000
	pigment { color rgbt <1,0,0,0> }
	no_shadow
}
cylinder {
	<25.736147, 35.980732, 32.030708>,  <25.948448, 35.648655, 32.098923>, 0.100000
	pigment { color rgbt <1,0,0,0> }
	no_shadow
}

// particle -1
sphere {
	<25.736147, 35.980732, 32.030708> 0.100000
	pigment { color rgbt <1,0,0,0> }
	no_shadow
}
sphere {
	0, 1
	scale<0.080000,0.200000,0.300000>
	matrix <0.606158, 0.231200, -0.760999,
		-0.592347, -0.507274, -0.625938,
		-0.530752, 0.830192, -0.170537,
		25.576921, 36.229790, 31.979548>
	pigment { color rgbt <0,1,1,0> }
	no_shadow
}
cylinder {
	<25.631140, 35.623741, 31.408661>,  <25.948448, 35.648655, 32.098923>, 0.130000
	pigment { color rgbt <1,0,0,0> }
	no_shadow
}

// nucleotide -1

// particle -1
sphere {
	<25.631140, 35.623741, 31.408661> 0.250000
	pigment { color rgbt <1,0,0,0> }
	no_shadow
}
cylinder {
	<25.691931, 35.997890, 31.536400>,  <25.728405, 36.222378, 31.613043>, 0.100000
	pigment { color rgbt <1,0,0,0> }
	no_shadow
}
cylinder {
	<25.691931, 35.997890, 31.536400>,  <25.631140, 35.623741, 31.408661>, 0.100000
	pigment { color rgbt <1,0,0,0> }
	no_shadow
}

// particle -1
sphere {
	<25.691931, 35.997890, 31.536400> 0.100000
	pigment { color rgbt <1,0,0,0> }
	no_shadow
}
sphere {
	0, 1
	scale<0.080000,0.200000,0.300000>
	matrix <0.656319, 0.146079, -0.740207,
		-0.739019, 0.322088, -0.591701,
		0.151977, 0.935372, 0.319348,
		25.737524, 36.278503, 31.632204>
	pigment { color rgbt <0,1,1,0> }
	no_shadow
}
cylinder {
	<25.583780, 36.060833, 30.822142>,  <25.631140, 35.623741, 31.408661>, 0.130000
	pigment { color rgbt <1,0,0,0> }
	no_shadow
}

// nucleotide -1

// particle -1
sphere {
	<25.583780, 36.060833, 30.822142> 0.250000
	pigment { color rgbt <1,0,0,0> }
	no_shadow
}
cylinder {
	<25.779524, 36.296028, 31.079762>,  <25.896969, 36.437145, 31.234333>, 0.100000
	pigment { color rgbt <1,0,0,0> }
	no_shadow
}
cylinder {
	<25.779524, 36.296028, 31.079762>,  <25.583780, 36.060833, 30.822142>, 0.100000
	pigment { color rgbt <1,0,0,0> }
	no_shadow
}

// particle -1
sphere {
	<25.779524, 36.296028, 31.079762> 0.100000
	pigment { color rgbt <1,0,0,0> }
	no_shadow
}
sphere {
	0, 1
	scale<0.080000,0.200000,0.300000>
	matrix <0.673467, 0.214396, -0.707444,
		-0.554051, 0.779938, -0.291074,
		0.489357, 0.587988, 0.644049,
		25.926331, 36.472424, 31.272976>
	pigment { color rgbt <0,1,1,0> }
	no_shadow
}
cylinder {
	<25.866926, 36.643475, 30.487198>,  <25.583780, 36.060833, 30.822142>, 0.130000
	pigment { color rgbt <1,0,0,0> }
	no_shadow
}

// nucleotide -1

// particle -1
sphere {
	<25.866926, 36.643475, 30.487198> 0.250000
	pigment { color rgbt <1,0,0,0> }
	no_shadow
}
cylinder {
	<26.110163, 36.620800, 30.803934>,  <26.256105, 36.607197, 30.993975>, 0.100000
	pigment { color rgbt <1,0,0,0> }
	no_shadow
}
cylinder {
	<26.110163, 36.620800, 30.803934>,  <25.866926, 36.643475, 30.487198>, 0.100000
	pigment { color rgbt <1,0,0,0> }
	no_shadow
}

// particle -1
sphere {
	<26.110163, 36.620800, 30.803934> 0.100000
	pigment { color rgbt <1,0,0,0> }
	no_shadow
}
sphere {
	0, 1
	scale<0.080000,0.200000,0.300000>
	matrix <0.760453, 0.327921, -0.560517,
		-0.227889, 0.943003, 0.242511,
		0.608094, -0.056683, 0.791839,
		26.292591, 36.603794, 31.041487>
	pigment { color rgbt <0,1,1,0> }
	no_shadow
}
cylinder {
	<26.473696, 36.929890, 30.105896>,  <25.866926, 36.643475, 30.487198>, 0.130000
	pigment { color rgbt <1,0,0,0> }
	no_shadow
}

// nucleotide -1

// particle -1
sphere {
	<26.473696, 36.929890, 30.105896> 0.250000
	pigment { color rgbt <1,0,0,0> }
	no_shadow
}
cylinder {
	<26.792345, 37.080894, 30.294735>,  <26.983534, 37.171497, 30.408037>, 0.100000
	pigment { color rgbt <1,0,0,0> }
	no_shadow
}
cylinder {
	<26.792345, 37.080894, 30.294735>,  <26.473696, 36.929890, 30.105896>, 0.100000
	pigment { color rgbt <1,0,0,0> }
	no_shadow
}

// particle -1
sphere {
	<26.792345, 37.080894, 30.294735> 0.100000
	pigment { color rgbt <1,0,0,0> }
	no_shadow
}
sphere {
	0, 1
	scale<0.080000,0.200000,0.300000>
	matrix <-0.457301, -0.134363, 0.879103,
		0.395306, -0.916204, 0.065601,
		0.796623, 0.377514, 0.472095,
		27.031332, 37.194149, 30.436363>
	pigment { color rgbt <0,1,1,0> }
	no_shadow
}
cylinder {
	<26.971212, 36.462444, 30.463093>,  <26.473696, 36.929890, 30.105896>, 0.130000
	pigment { color rgbt <1,0,0,0> }
	no_shadow
}

// nucleotide -1

// particle -1
sphere {
	<26.971212, 36.462444, 30.463093> 0.250000
	pigment { color rgbt <1,0,0,0> }
	no_shadow
}
cylinder {
	<26.986446, 36.817638, 30.646412>,  <26.995586, 37.030754, 30.756403>, 0.100000
	pigment { color rgbt <1,0,0,0> }
	no_shadow
}
cylinder {
	<26.986446, 36.817638, 30.646412>,  <26.971212, 36.462444, 30.463093>, 0.100000
	pigment { color rgbt <1,0,0,0> }
	no_shadow
}

// particle -1
sphere {
	<26.986446, 36.817638, 30.646412> 0.100000
	pigment { color rgbt <1,0,0,0> }
	no_shadow
}
sphere {
	0, 1
	scale<0.080000,0.200000,0.300000>
	matrix <-0.587860, -0.350965, 0.728865,
		0.808066, -0.297174, 0.508642,
		0.038084, 0.887981, 0.458300,
		26.997871, 37.084034, 30.783901>
	pigment { color rgbt <0,1,1,0> }
	no_shadow
}
cylinder {
	<27.073240, 36.353722, 31.230635>,  <26.971212, 36.462444, 30.463093>, 0.130000
	pigment { color rgbt <1,0,0,0> }
	no_shadow
}

// nucleotide -1

// particle -1
sphere {
	<27.073240, 36.353722, 31.230635> 0.250000
	pigment { color rgbt <1,0,0,0> }
	no_shadow
}
cylinder {
	<26.856012, 36.679825, 31.150209>,  <26.725676, 36.875488, 31.101954>, 0.100000
	pigment { color rgbt <1,0,0,0> }
	no_shadow
}
cylinder {
	<26.856012, 36.679825, 31.150209>,  <27.073240, 36.353722, 31.230635>, 0.100000
	pigment { color rgbt <1,0,0,0> }
	no_shadow
}

// particle -1
sphere {
	<26.856012, 36.679825, 31.150209> 0.100000
	pigment { color rgbt <1,0,0,0> }
	no_shadow
}
sphere {
	0, 1
	scale<0.080000,0.200000,0.300000>
	matrix <-0.682172, -0.288740, 0.671768,
		0.489609, 0.501977, 0.712953,
		-0.543070, 0.815260, -0.201065,
		26.693092, 36.924404, 31.089890>
	pigment { color rgbt <0,1,1,0> }
	no_shadow
}
cylinder {
	<26.887665, 36.802643, 31.893404>,  <27.073240, 36.353722, 31.230635>, 0.130000
	pigment { color rgbt <1,0,0,0> }
	no_shadow
}

// nucleotide -1

// particle -1
sphere {
	<26.887665, 36.802643, 31.893404> 0.250000
	pigment { color rgbt <1,0,0,0> }
	no_shadow
}
cylinder {
	<26.619331, 36.840847, 31.599232>,  <26.458332, 36.863770, 31.422728>, 0.100000
	pigment { color rgbt <1,0,0,0> }
	no_shadow
}
cylinder {
	<26.619331, 36.840847, 31.599232>,  <26.887665, 36.802643, 31.893404>, 0.100000
	pigment { color rgbt <1,0,0,0> }
	no_shadow
}

// particle -1
sphere {
	<26.619331, 36.840847, 31.599232> 0.100000
	pigment { color rgbt <1,0,0,0> }
	no_shadow
}
sphere {
	0, 1
	scale<0.080000,0.200000,0.300000>
	matrix <-0.732315, -0.241806, 0.636588,
		-0.117034, 0.965613, 0.232152,
		-0.670833, 0.095506, -0.735433,
		26.418081, 36.869499, 31.378601>
	pigment { color rgbt <0,1,1,0> }
	no_shadow
}
cylinder {
	<26.411165, 37.388763, 32.009773>,  <26.887665, 36.802643, 31.893404>, 0.130000
	pigment { color rgbt <1,0,0,0> }
	no_shadow
}

// nucleotide -1

// particle -1
sphere {
	<26.411165, 37.388763, 32.009773> 0.250000
	pigment { color rgbt <1,0,0,0> }
	no_shadow
}
cylinder {
	<26.260099, 37.089497, 31.791557>,  <26.169460, 36.909935, 31.660627>, 0.100000
	pigment { color rgbt <1,0,0,0> }
	no_shadow
}
cylinder {
	<26.260099, 37.089497, 31.791557>,  <26.411165, 37.388763, 32.009773>, 0.100000
	pigment { color rgbt <1,0,0,0> }
	no_shadow
}

// particle -1
sphere {
	<26.260099, 37.089497, 31.791557> 0.100000
	pigment { color rgbt <1,0,0,0> }
	no_shadow
}
sphere {
	0, 1
	scale<0.080000,0.200000,0.300000>
	matrix <-0.769433, -0.074187, 0.634404,
		-0.515112, 0.659350, -0.547646,
		-0.377667, -0.748167, -0.545541,
		26.146799, 36.865047, 31.627895>
	pigment { color rgbt <0,1,1,0> }
	no_shadow
}
cylinder {
	<25.717022, 37.588783, 31.840736>,  <26.411165, 37.388763, 32.009773>, 0.130000
	pigment { color rgbt <1,0,0,0> }
	no_shadow
}

// nucleotide -1

// particle -1
sphere {
	<25.717022, 37.588783, 31.840736> 0.250000
	pigment { color rgbt <1,0,0,0> }
	no_shadow
}
cylinder {
	<25.731293, 37.190514, 31.806427>,  <25.739855, 36.951553, 31.785841>, 0.100000
	pigment { color rgbt <1,0,0,0> }
	no_shadow
}
cylinder {
	<25.731293, 37.190514, 31.806427>,  <25.717022, 37.588783, 31.840736>, 0.100000
	pigment { color rgbt <1,0,0,0> }
	no_shadow
}

// particle -1
sphere {
	<25.731293, 37.190514, 31.806427> 0.100000
	pigment { color rgbt <1,0,0,0> }
	no_shadow
}
sphere {
	0, 1
	scale<0.080000,0.200000,0.300000>
	matrix <-0.843573, -0.076023, 0.531606,
		-0.535828, 0.053389, -0.842637,
		0.035678, -0.995675, -0.085773,
		25.741997, 36.891811, 31.780695>
	pigment { color rgbt <0,1,1,0> }
	no_shadow
}
cylinder {
	<25.035936, 37.372993, 31.815521>,  <25.717022, 37.588783, 31.840736>, 0.130000
	pigment { color rgbt <1,0,0,0> }
	no_shadow
}

// nucleotide -1

// particle -1
sphere {
	<25.035936, 37.372993, 31.815521> 0.250000
	pigment { color rgbt <1,0,0,0> }
	no_shadow
}
cylinder {
	<25.201797, 37.016926, 31.891056>,  <25.301315, 36.803284, 31.936377>, 0.100000
	pigment { color rgbt <1,0,0,0> }
	no_shadow
}
cylinder {
	<25.201797, 37.016926, 31.891056>,  <25.035936, 37.372993, 31.815521>, 0.100000
	pigment { color rgbt <1,0,0,0> }
	no_shadow
}

// particle -1
sphere {
	<25.201797, 37.016926, 31.891056> 0.100000
	pigment { color rgbt <1,0,0,0> }
	no_shadow
}
sphere {
	0, 1
	scale<0.080000,0.200000,0.300000>
	matrix <-0.802612, -0.259981, 0.536865,
		-0.428808, -0.374175, -0.822263,
		0.414654, -0.890170, 0.188835,
		25.326193, 36.749874, 31.947706>
	pigment { color rgbt <0,1,1,0> }
	no_shadow
}
cylinder {
	<24.579563, 36.755676, 31.569908>,  <25.035936, 37.372993, 31.815521>, 0.130000
	pigment { color rgbt <1,0,0,0> }
	no_shadow
}

// nucleotide -1

// particle -1
sphere {
	<24.579563, 36.755676, 31.569908> 0.250000
	pigment { color rgbt <1,0,0,0> }
	no_shadow
}
cylinder {
	<24.812824, 36.611164, 31.860950>,  <24.952780, 36.524456, 32.035576>, 0.100000
	pigment { color rgbt <1,0,0,0> }
	no_shadow
}
cylinder {
	<24.812824, 36.611164, 31.860950>,  <24.579563, 36.755676, 31.569908>, 0.100000
	pigment { color rgbt <1,0,0,0> }
	no_shadow
}

// particle -1
sphere {
	<24.812824, 36.611164, 31.860950> 0.100000
	pigment { color rgbt <1,0,0,0> }
	no_shadow
}
sphere {
	0, 1
	scale<0.080000,0.200000,0.300000>
	matrix <-0.809089, -0.338643, 0.480308,
		0.072872, -0.868790, -0.489789,
		0.583151, -0.361282, 0.727606,
		24.987770, 36.502781, 32.079231>
	pigment { color rgbt <0,1,1,0> }
	no_shadow
}
cylinder {
	<24.479570, 36.054367, 31.707695>,  <24.579563, 36.755676, 31.569908>, 0.130000
	pigment { color rgbt <1,0,0,0> }
	no_shadow
}

// nucleotide -1

// particle -1
sphere {
	<24.479570, 36.054367, 31.707695> 0.250000
	pigment { color rgbt <1,0,0,0> }
	no_shadow
}
cylinder {
	<24.815369, 36.035320, 31.924206>,  <25.016848, 36.023891, 32.054111>, 0.100000
	pigment { color rgbt <1,0,0,0> }
	no_shadow
}
cylinder {
	<24.815369, 36.035320, 31.924206>,  <24.479570, 36.054367, 31.707695>, 0.100000
	pigment { color rgbt <1,0,0,0> }
	no_shadow
}

// particle -1
sphere {
	<24.815369, 36.035320, 31.924206> 0.100000
	pigment { color rgbt <1,0,0,0> }
	no_shadow
}
sphere {
	0, 1
	scale<0.080000,0.200000,0.300000>
	matrix <-0.514130, -0.391976, 0.762906,
		0.175841, -0.918742, -0.353543,
		0.839494, -0.047617, 0.541279,
		25.067217, 36.021034, 32.086590>
	pigment { color rgbt <0,1,1,0> }
	no_shadow
}
cylinder {
	<24.451181, 35.415901, 32.083000>,  <24.479570, 36.054367, 31.707695>, 0.130000
	pigment { color rgbt <1,0,0,0> }
	no_shadow
}

// nucleotide -1

// particle -1
sphere {
	<24.451181, 35.415901, 32.083000> 0.250000
	pigment { color rgbt <1,0,0,0> }
	no_shadow
}
cylinder {
	<24.710564, 35.647114, 32.281147>,  <24.866194, 35.785843, 32.400036>, 0.100000
	pigment { color rgbt <1,0,0,0> }
	no_shadow
}
cylinder {
	<24.710564, 35.647114, 32.281147>,  <24.451181, 35.415901, 32.083000>, 0.100000
	pigment { color rgbt <1,0,0,0> }
	no_shadow
}

// particle -1
sphere {
	<24.710564, 35.647114, 32.281147> 0.100000
	pigment { color rgbt <1,0,0,0> }
	no_shadow
}
sphere {
	0, 1
	scale<0.080000,0.200000,0.300000>
	matrix <-0.292832, -0.411246, 0.863207,
		0.702678, -0.704809, -0.097408,
		0.648455, 0.578032, 0.495364,
		24.905100, 35.820522, 32.429756>
	pigment { color rgbt <0,1,1,0> }
	no_shadow
}
cylinder {
	<24.783760, 35.044769, 32.624447>,  <24.451181, 35.415901, 32.083000>, 0.130000
	pigment { color rgbt <1,0,0,0> }
	no_shadow
}

// nucleotide -1

// particle -1
sphere {
	<24.783760, 35.044769, 32.624447> 0.250000
	pigment { color rgbt <1,0,0,0> }
	no_shadow
}
cylinder {
	<24.828852, 35.421108, 32.752258>,  <24.855906, 35.646912, 32.828945>, 0.100000
	pigment { color rgbt <1,0,0,0> }
	no_shadow
}
cylinder {
	<24.828852, 35.421108, 32.752258>,  <24.783760, 35.044769, 32.624447>, 0.100000
	pigment { color rgbt <1,0,0,0> }
	no_shadow
}

// particle -1
sphere {
	<24.828852, 35.421108, 32.752258> 0.100000
	pigment { color rgbt <1,0,0,0> }
	no_shadow
}
sphere {
	0, 1
	scale<0.080000,0.200000,0.300000>
	matrix <-0.349167, -0.263564, 0.899231,
		0.930255, -0.212938, 0.298801,
		0.112728, 0.940846, 0.319533,
		24.862671, 35.703362, 32.848118>
	pigment { color rgbt <0,1,1,0> }
	no_shadow
}
cylinder {
	<25.215248, 34.988804, 33.142044>,  <24.783760, 35.044769, 32.624447>, 0.130000
	pigment { color rgbt <1,0,0,0> }
	no_shadow
}

// nucleotide -1

// particle -1
sphere {
	<25.215248, 34.988804, 33.142044> 0.250000
	pigment { color rgbt <1,0,0,0> }
	no_shadow
}
cylinder {
	<24.995319, 35.317131, 33.203953>,  <24.863361, 35.514126, 33.241096>, 0.100000
	pigment { color rgbt <1,0,0,0> }
	no_shadow
}
cylinder {
	<24.995319, 35.317131, 33.203953>,  <25.215248, 34.988804, 33.142044>, 0.100000
	pigment { color rgbt <1,0,0,0> }
	no_shadow
}

// particle -1
sphere {
	<24.995319, 35.317131, 33.203953> 0.100000
	pigment { color rgbt <1,0,0,0> }
	no_shadow
}
sphere {
	0, 1
	scale<0.080000,0.200000,0.300000>
	matrix <-0.193254, -0.305267, 0.932451,
		0.812619, 0.482773, 0.326469,
		-0.549822, 0.820818, 0.154768,
		24.830374, 35.563377, 33.250381>
	pigment { color rgbt <0,1,1,0> }
	no_shadow
}
cylinder {
	<26.018867, 35.134617, 33.236145>,  <25.215248, 34.988804, 33.142044>, 0.130000
	pigment { color rgbt <1,0,0,0> }
	no_shadow
}

// nucleotide -1

// particle -1
sphere {
	<26.018867, 35.134617, 33.236145> 0.250000
	pigment { color rgbt <1,0,0,0> }
	no_shadow
}
cylinder {
	<25.964409, 34.972214, 33.597614>,  <25.931734, 34.874771, 33.814495>, 0.100000
	pigment { color rgbt <1,0,0,0> }
	no_shadow
}
cylinder {
	<25.964409, 34.972214, 33.597614>,  <26.018867, 35.134617, 33.236145>, 0.100000
	pigment { color rgbt <1,0,0,0> }
	no_shadow
}

// particle -1
sphere {
	<25.964409, 34.972214, 33.597614> 0.100000
	pigment { color rgbt <1,0,0,0> }
	no_shadow
}
sphere {
	0, 1
	scale<0.080000,0.200000,0.300000>
	matrix <0.268826, -0.893079, -0.360753,
		0.953518, 0.193814, 0.230737,
		-0.136148, -0.406012, 0.903669,
		25.923565, 34.850410, 33.868713>
	pigment { color rgbt <0,1,1,0> }
	no_shadow
}
cylinder {
	<25.557285, 35.459419, 33.685684>,  <26.018867, 35.134617, 33.236145>, 0.130000
	pigment { color rgbt <1,0,0,0> }
	no_shadow
}

// nucleotide -1

// particle -1
sphere {
	<25.557285, 35.459419, 33.685684> 0.250000
	pigment { color rgbt <1,0,0,0> }
	no_shadow
}
cylinder {
	<25.416374, 35.832211, 33.651478>,  <25.331827, 36.055885, 33.630955>, 0.100000
	pigment { color rgbt <1,0,0,0> }
	no_shadow
}
cylinder {
	<25.416374, 35.832211, 33.651478>,  <25.557285, 35.459419, 33.685684>, 0.100000
	pigment { color rgbt <1,0,0,0> }
	no_shadow
}

// particle -1
sphere {
	<25.416374, 35.832211, 33.651478> 0.100000
	pigment { color rgbt <1,0,0,0> }
	no_shadow
}
sphere {
	0, 1
	scale<0.080000,0.200000,0.300000>
	matrix <-0.357265, -0.049465, 0.932692,
		0.865021, 0.359117, 0.350390,
		-0.352278, 0.931981, -0.085511,
		25.310692, 36.111805, 33.625824>
	pigment { color rgbt <0,1,1,0> }
	no_shadow
}
cylinder {
	<25.790960, 35.976521, 34.172832>,  <25.557285, 35.459419, 33.685684>, 0.130000
	pigment { color rgbt <1,0,0,0> }
	no_shadow
}

// nucleotide -1

// particle -1
sphere {
	<25.790960, 35.976521, 34.172832> 0.250000
	pigment { color rgbt <1,0,0,0> }
	no_shadow
}
cylinder {
	<25.410137, 36.024780, 34.060383>,  <25.181644, 36.053738, 33.992912>, 0.100000
	pigment { color rgbt <1,0,0,0> }
	no_shadow
}
cylinder {
	<25.410137, 36.024780, 34.060383>,  <25.790960, 35.976521, 34.172832>, 0.100000
	pigment { color rgbt <1,0,0,0> }
	no_shadow
}

// particle -1
sphere {
	<25.410137, 36.024780, 34.060383> 0.100000
	pigment { color rgbt <1,0,0,0> }
	no_shadow
}
sphere {
	0, 1
	scale<0.080000,0.200000,0.300000>
	matrix <-0.303630, -0.260349, 0.916530,
		0.037390, 0.957947, 0.284500,
		-0.952056, 0.120652, -0.281127,
		25.124521, 36.060974, 33.976044>
	pigment { color rgbt <0,1,1,0> }
	no_shadow
}
cylinder {
	<25.449413, 36.448215, 34.596352>,  <25.790960, 35.976521, 34.172832>, 0.130000
	pigment { color rgbt <1,0,0,0> }
	no_shadow
}

// nucleotide -1

// particle -1
sphere {
	<25.449413, 36.448215, 34.596352> 0.250000
	pigment { color rgbt <1,0,0,0> }
	no_shadow
}
cylinder {
	<25.134665, 36.249722, 34.449612>,  <24.945814, 36.130627, 34.361568>, 0.100000
	pigment { color rgbt <1,0,0,0> }
	no_shadow
}
cylinder {
	<25.134665, 36.249722, 34.449612>,  <25.449413, 36.448215, 34.596352>, 0.100000
	pigment { color rgbt <1,0,0,0> }
	no_shadow
}

// particle -1
sphere {
	<25.134665, 36.249722, 34.449612> 0.100000
	pigment { color rgbt <1,0,0,0> }
	no_shadow
}
sphere {
	0, 1
	scale<0.080000,0.200000,0.300000>
	matrix <-0.273407, -0.252609, 0.928136,
		-0.553244, 0.830626, 0.063097,
		-0.786873, -0.496235, -0.366854,
		24.898603, 36.100849, 34.339554>
	pigment { color rgbt <0,1,1,0> }
	no_shadow
}
cylinder {
	<24.907562, 36.629505, 35.032234>,  <25.449413, 36.448215, 34.596352>, 0.130000
	pigment { color rgbt <1,0,0,0> }
	no_shadow
}

// nucleotide -1

// particle -1
sphere {
	<24.907562, 36.629505, 35.032234> 0.250000
	pigment { color rgbt <1,0,0,0> }
	no_shadow
}
cylinder {
	<24.803642, 36.288136, 34.851494>,  <24.741291, 36.083313, 34.743050>, 0.100000
	pigment { color rgbt <1,0,0,0> }
	no_shadow
}
cylinder {
	<24.803642, 36.288136, 34.851494>,  <24.907562, 36.629505, 35.032234>, 0.100000
	pigment { color rgbt <1,0,0,0> }
	no_shadow
}

// particle -1
sphere {
	<24.803642, 36.288136, 34.851494> 0.100000
	pigment { color rgbt <1,0,0,0> }
	no_shadow
}
sphere {
	0, 1
	scale<0.080000,0.200000,0.300000>
	matrix <-0.296239, -0.374917, 0.878453,
		-0.919101, 0.362076, -0.155415,
		-0.259800, -0.853427, -0.451848,
		24.725702, 36.032108, 34.715939>
	pigment { color rgbt <0,1,1,0> }
	no_shadow
}
cylinder {
	<25.139503, 36.992855, 35.714474>,  <24.907562, 36.629505, 35.032234>, 0.130000
	pigment { color rgbt <1,0,0,0> }
	no_shadow
}

// nucleotide -1

// particle -1
sphere {
	<25.139503, 36.992855, 35.714474> 0.250000
	pigment { color rgbt <1,0,0,0> }
	no_shadow
}
cylinder {
	<24.767889, 37.000175, 35.862286>,  <24.544920, 37.004570, 35.950974>, 0.100000
	pigment { color rgbt <1,0,0,0> }
	no_shadow
}
cylinder {
	<24.767889, 37.000175, 35.862286>,  <25.139503, 36.992855, 35.714474>, 0.100000
	pigment { color rgbt <1,0,0,0> }
	no_shadow
}

// particle -1
sphere {
	<24.767889, 37.000175, 35.862286> 0.100000
	pigment { color rgbt <1,0,0,0> }
	no_shadow
}
sphere {
	0, 1
	scale<0.080000,0.200000,0.300000>
	matrix <-0.119854, 0.930030, -0.347390,
		-0.350034, -0.367028, -0.861839,
		-0.929038, 0.018303, 0.369532,
		24.489178, 37.005665, 35.973145>
	pigment { color rgbt <0,1,1,0> }
	no_shadow
}
cylinder {
	<25.728642, 37.070824, 36.146114>,  <25.139503, 36.992855, 35.714474>, 0.130000
	pigment { color rgbt <1,0,0,0> }
	no_shadow
}

// nucleotide -1

// particle -1
sphere {
	<25.728642, 37.070824, 36.146114> 0.250000
	pigment { color rgbt <1,0,0,0> }
	no_shadow
}
cylinder {
	<26.091318, 37.200947, 36.253510>,  <26.308924, 37.279018, 36.317947>, 0.100000
	pigment { color rgbt <1,0,0,0> }
	no_shadow
}
cylinder {
	<26.091318, 37.200947, 36.253510>,  <25.728642, 37.070824, 36.146114>, 0.100000
	pigment { color rgbt <1,0,0,0> }
	no_shadow
}

// particle -1
sphere {
	<26.091318, 37.200947, 36.253510> 0.100000
	pigment { color rgbt <1,0,0,0> }
	no_shadow
}
sphere {
	0, 1
	scale<0.080000,0.200000,0.300000>
	matrix <-0.299432, 0.944736, -0.133470,
		-0.297065, 0.040623, 0.953993,
		0.906693, 0.325305, 0.268485,
		26.363327, 37.298538, 36.334053>
	pigment { color rgbt <0,1,1,0> }
	no_shadow
}
cylinder {
	<25.661093, 37.670502, 36.606812>,  <25.728642, 37.070824, 36.146114>, 0.130000
	pigment { color rgbt <1,0,0,0> }
	no_shadow
}

// nucleotide -1

// particle -1
sphere {
	<25.661093, 37.670502, 36.606812> 0.250000
	pigment { color rgbt <1,0,0,0> }
	no_shadow
}
cylinder {
	<26.033321, 37.714241, 36.467049>,  <26.256659, 37.740482, 36.383190>, 0.100000
	pigment { color rgbt <1,0,0,0> }
	no_shadow
}
cylinder {
	<26.033321, 37.714241, 36.467049>,  <25.661093, 37.670502, 36.606812>, 0.100000
	pigment { color rgbt <1,0,0,0> }
	no_shadow
}

// particle -1
sphere {
	<26.033321, 37.714241, 36.467049> 0.100000
	pigment { color rgbt <1,0,0,0> }
	no_shadow
}
sphere {
	0, 1
	scale<0.080000,0.200000,0.300000>
	matrix <-0.172817, 0.972535, -0.155914,
		0.322759, 0.205472, 0.923909,
		0.930570, 0.109345, -0.349404,
		26.312492, 37.747044, 36.362228>
	pigment { color rgbt <0,1,1,0> }
	no_shadow
}
cylinder {
	<25.988007, 38.235107, 36.937096>,  <25.661093, 37.670502, 36.606812>, 0.130000
	pigment { color rgbt <1,0,0,0> }
	no_shadow
}

// nucleotide -1

// particle -1
sphere {
	<25.988007, 38.235107, 36.937096> 0.250000
	pigment { color rgbt <1,0,0,0> }
	no_shadow
}
cylinder {
	<26.200050, 38.185219, 36.601612>,  <26.327276, 38.155285, 36.400322>, 0.100000
	pigment { color rgbt <1,0,0,0> }
	no_shadow
}
cylinder {
	<26.200050, 38.185219, 36.601612>,  <25.988007, 38.235107, 36.937096>, 0.100000
	pigment { color rgbt <1,0,0,0> }
	no_shadow
}

// particle -1
sphere {
	<26.200050, 38.185219, 36.601612> 0.100000
	pigment { color rgbt <1,0,0,0> }
	no_shadow
}
sphere {
	0, 1
	scale<0.080000,0.200000,0.300000>
	matrix <-0.047360, 0.983225, -0.176143,
		0.846606, 0.133096, 0.515308,
		0.530108, -0.124719, -0.838708,
		26.359083, 38.147804, 36.349998>
	pigment { color rgbt <0,1,1,0> }
	no_shadow
}
cylinder {
	<26.434727, 38.759018, 36.993023>,  <25.988007, 38.235107, 36.937096>, 0.130000
	pigment { color rgbt <1,0,0,0> }
	no_shadow
}

// nucleotide -1

// particle -1
sphere {
	<26.434727, 38.759018, 36.993023> 0.250000
	pigment { color rgbt <1,0,0,0> }
	no_shadow
}
cylinder {
	<26.405708, 38.668030, 36.604591>,  <26.388298, 38.613438, 36.371532>, 0.100000
	pigment { color rgbt <1,0,0,0> }
	no_shadow
}
cylinder {
	<26.405708, 38.668030, 36.604591>,  <26.434727, 38.759018, 36.993023>, 0.100000
	pigment { color rgbt <1,0,0,0> }
	no_shadow
}

// particle -1
sphere {
	<26.405708, 38.668030, 36.604591> 0.100000
	pigment { color rgbt <1,0,0,0> }
	no_shadow
}
sphere {
	0, 1
	scale<0.080000,0.200000,0.300000>
	matrix <-0.070888, 0.972358, -0.222475,
		0.994843, 0.052698, -0.086664,
		-0.072544, -0.227471, -0.971079,
		26.383945, 38.599789, 36.313267>
	pigment { color rgbt <0,1,1,0> }
	no_shadow
}
cylinder {
	<26.968777, 39.084606, 36.672264>,  <26.434727, 38.759018, 36.993023>, 0.130000
	pigment { color rgbt <1,0,0,0> }
	no_shadow
}

// nucleotide -1

// particle -1
sphere {
	<26.968777, 39.084606, 36.672264> 0.250000
	pigment { color rgbt <1,0,0,0> }
	no_shadow
}
cylinder {
	<26.737148, 39.014164, 36.353851>,  <26.598171, 38.971897, 36.162804>, 0.100000
	pigment { color rgbt <1,0,0,0> }
	no_shadow
}
cylinder {
	<26.737148, 39.014164, 36.353851>,  <26.968777, 39.084606, 36.672264>, 0.100000
	pigment { color rgbt <1,0,0,0> }
	no_shadow
}

// particle -1
sphere {
	<26.737148, 39.014164, 36.353851> 0.100000
	pigment { color rgbt <1,0,0,0> }
	no_shadow
}
sphere {
	0, 1
	scale<0.080000,0.200000,0.300000>
	matrix <0.106828, 0.951582, -0.288234,
		0.808249, -0.251946, -0.532219,
		-0.579070, -0.176109, -0.796030,
		26.563427, 38.961330, 36.115044>
	pigment { color rgbt <0,1,1,0> }
	no_shadow
}
cylinder {
	<27.264797, 39.520439, 36.014328>,  <26.968777, 39.084606, 36.672264>, 0.130000
	pigment { color rgbt <1,0,0,0> }
	no_shadow
}

// nucleotide -1

// particle -1
sphere {
	<27.264797, 39.520439, 36.014328> 0.250000
	pigment { color rgbt <1,0,0,0> }
	no_shadow
}
cylinder {
	<26.875898, 39.438000, 35.970043>,  <26.642559, 39.388535, 35.943470>, 0.100000
	pigment { color rgbt <1,0,0,0> }
	no_shadow
}
cylinder {
	<26.875898, 39.438000, 35.970043>,  <27.264797, 39.520439, 36.014328>, 0.100000
	pigment { color rgbt <1,0,0,0> }
	no_shadow
}

// particle -1
sphere {
	<26.875898, 39.438000, 35.970043> 0.100000
	pigment { color rgbt <1,0,0,0> }
	no_shadow
}
sphere {
	0, 1
	scale<0.080000,0.200000,0.300000>
	matrix <-0.139317, 0.890205, -0.433735,
		0.187953, -0.406273, -0.894213,
		-0.972247, -0.206101, -0.110716,
		26.584225, 39.376171, 35.936829>
	pigment { color rgbt <0,1,1,0> }
	no_shadow
}
cylinder {
	<27.168898, 39.475597, 35.231754>,  <27.264797, 39.520439, 36.014328>, 0.130000
	pigment { color rgbt <1,0,0,0> }
	no_shadow
}

// nucleotide -1

// particle -1
sphere {
	<27.168898, 39.475597, 35.231754> 0.250000
	pigment { color rgbt <1,0,0,0> }
	no_shadow
}
cylinder {
	<26.802059, 39.360668, 35.342304>,  <26.581957, 39.291710, 35.408634>, 0.100000
	pigment { color rgbt <1,0,0,0> }
	no_shadow
}
cylinder {
	<26.802059, 39.360668, 35.342304>,  <27.168898, 39.475597, 35.231754>, 0.100000
	pigment { color rgbt <1,0,0,0> }
	no_shadow
}

// particle -1
sphere {
	<26.802059, 39.360668, 35.342304> 0.100000
	pigment { color rgbt <1,0,0,0> }
	no_shadow
}
sphere {
	0, 1
	scale<0.080000,0.200000,0.300000>
	matrix <-0.319315, 0.944457, -0.077715,
		-0.238691, -0.159522, -0.957904,
		-0.917096, -0.287323, 0.276371,
		26.526930, 39.274471, 35.425217>
	pigment { color rgbt <0,1,1,0> }
	no_shadow
}
cylinder {
	<26.737572, 39.906208, 34.845676>,  <27.168898, 39.475597, 35.231754>, 0.130000
	pigment { color rgbt <1,0,0,0> }
	no_shadow
}

// nucleotide -1

// particle -1
sphere {
	<26.737572, 39.906208, 34.845676> 0.250000
	pigment { color rgbt <1,0,0,0> }
	no_shadow
}
cylinder {
	<26.501862, 39.779915, 35.143150>,  <26.360435, 39.704140, 35.321636>, 0.100000
	pigment { color rgbt <1,0,0,0> }
	no_shadow
}
cylinder {
	<26.501862, 39.779915, 35.143150>,  <26.737572, 39.906208, 34.845676>, 0.100000
	pigment { color rgbt <1,0,0,0> }
	no_shadow
}

// particle -1
sphere {
	<26.501862, 39.779915, 35.143150> 0.100000
	pigment { color rgbt <1,0,0,0> }
	no_shadow
}
sphere {
	0, 1
	scale<0.080000,0.200000,0.300000>
	matrix <-0.258555, 0.945768, 0.196652,
		-0.765443, -0.076402, -0.638952,
		-0.589276, -0.315731, 0.743686,
		26.325079, 39.685196, 35.366257>
	pigment { color rgbt <0,1,1,0> }
	no_shadow
}
cylinder {
	<26.021563, 40.291813, 34.731281>,  <26.737572, 39.906208, 34.845676>, 0.130000
	pigment { color rgbt <1,0,0,0> }
	no_shadow
}

// nucleotide -1

// particle -1
sphere {
	<26.021563, 40.291813, 34.731281> 0.250000
	pigment { color rgbt <1,0,0,0> }
	no_shadow
}
cylinder {
	<26.117186, 40.176338, 35.102119>,  <26.174559, 40.107052, 35.324623>, 0.100000
	pigment { color rgbt <1,0,0,0> }
	no_shadow
}
cylinder {
	<26.117186, 40.176338, 35.102119>,  <26.021563, 40.291813, 34.731281>, 0.100000
	pigment { color rgbt <1,0,0,0> }
	no_shadow
}

// particle -1
sphere {
	<26.117186, 40.176338, 35.102119> 0.100000
	pigment { color rgbt <1,0,0,0> }
	no_shadow
}
sphere {
	0, 1
	scale<0.080000,0.200000,0.300000>
	matrix <-0.245793, 0.905694, 0.345405,
		-0.939381, -0.310446, 0.145554,
		0.239057, -0.288691, 0.927097,
		26.188904, 40.089729, 35.380249>
	pigment { color rgbt <0,1,1,0> }
	no_shadow
}
cylinder {
	<26.099272, 41.021923, 34.963905>,  <26.021563, 40.291813, 34.731281>, 0.130000
	pigment { color rgbt <1,0,0,0> }
	no_shadow
}

// nucleotide -1

// particle -1
sphere {
	<26.099272, 41.021923, 34.963905> 0.250000
	pigment { color rgbt <1,0,0,0> }
	no_shadow
}
cylinder {
	<25.754156, 41.009766, 35.165764>,  <25.547087, 41.002472, 35.286880>, 0.100000
	pigment { color rgbt <1,0,0,0> }
	no_shadow
}
cylinder {
	<25.754156, 41.009766, 35.165764>,  <26.099272, 41.021923, 34.963905>, 0.100000
	pigment { color rgbt <1,0,0,0> }
	no_shadow
}

// particle -1
sphere {
	<25.754156, 41.009766, 35.165764> 0.100000
	pigment { color rgbt <1,0,0,0> }
	no_shadow
}
sphere {
	0, 1
	scale<0.080000,0.200000,0.300000>
	matrix <0.280576, -0.859149, 0.427949,
		0.420557, 0.510822, 0.749795,
		-0.862791, -0.030397, 0.504645,
		25.495319, 41.000645, 35.317158>
	pigment { color rgbt <0,1,1,0> }
	no_shadow
}
cylinder {
	<26.245489, 40.800426, 35.559383>,  <26.099272, 41.021923, 34.963905>, 0.130000
	pigment { color rgbt <1,0,0,0> }
	no_shadow
}

// nucleotide -1

// particle -1
sphere {
	<26.245489, 40.800426, 35.559383> 0.250000
	pigment { color rgbt <1,0,0,0> }
	no_shadow
}
cylinder {
	<25.855883, 40.711868, 35.540310>,  <25.622118, 40.658733, 35.528866>, 0.100000
	pigment { color rgbt <1,0,0,0> }
	no_shadow
}
cylinder {
	<25.855883, 40.711868, 35.540310>,  <26.245489, 40.800426, 35.559383>, 0.100000
	pigment { color rgbt <1,0,0,0> }
	no_shadow
}

// particle -1
sphere {
	<25.855883, 40.711868, 35.540310> 0.100000
	pigment { color rgbt <1,0,0,0> }
	no_shadow
}
sphere {
	0, 1
	scale<0.080000,0.200000,0.300000>
	matrix <0.173954, -0.866185, 0.468470,
		-0.145019, 0.448004, 0.882192,
		-0.974017, -0.221398, -0.047681,
		25.563677, 40.645451, 35.526005>
	pigment { color rgbt <0,1,1,0> }
	no_shadow
}
cylinder {
	<25.963608, 40.590885, 36.269627>,  <26.245489, 40.800426, 35.559383>, 0.130000
	pigment { color rgbt <1,0,0,0> }
	no_shadow
}

// nucleotide -1

// particle -1
sphere {
	<25.963608, 40.590885, 36.269627> 0.250000
	pigment { color rgbt <1,0,0,0> }
	no_shadow
}
cylinder {
	<25.788527, 40.439346, 35.943462>,  <25.683477, 40.348423, 35.747765>, 0.100000
	pigment { color rgbt <1,0,0,0> }
	no_shadow
}
cylinder {
	<25.788527, 40.439346, 35.943462>,  <25.963608, 40.590885, 36.269627>, 0.100000
	pigment { color rgbt <1,0,0,0> }
	no_shadow
}

// particle -1
sphere {
	<25.788527, 40.439346, 35.943462> 0.100000
	pigment { color rgbt <1,0,0,0> }
	no_shadow
}
sphere {
	0, 1
	scale<0.080000,0.200000,0.300000>
	matrix <0.307280, -0.915320, 0.260325,
		-0.844983, -0.136614, 0.517049,
		-0.437701, -0.378849, -0.815408,
		25.657217, 40.325691, 35.698841>
	pigment { color rgbt <0,1,1,0> }
	no_shadow
}
cylinder {
	<25.616726, 39.926418, 36.466358>,  <25.963608, 40.590885, 36.269627>, 0.130000
	pigment { color rgbt <1,0,0,0> }
	no_shadow
}

// nucleotide -1

// particle -1
sphere {
	<25.616726, 39.926418, 36.466358> 0.250000
	pigment { color rgbt <1,0,0,0> }
	no_shadow
}
cylinder {
	<25.718327, 39.921661, 36.079506>,  <25.779287, 39.918808, 35.847393>, 0.100000
	pigment { color rgbt <1,0,0,0> }
	no_shadow
}
cylinder {
	<25.718327, 39.921661, 36.079506>,  <25.616726, 39.926418, 36.466358>, 0.100000
	pigment { color rgbt <1,0,0,0> }
	no_shadow
}

// particle -1
sphere {
	<25.718327, 39.921661, 36.079506> 0.100000
	pigment { color rgbt <1,0,0,0> }
	no_shadow
}
sphere {
	0, 1
	scale<0.080000,0.200000,0.300000>
	matrix <0.499644, -0.854557, 0.141734,
