// switches for output
#declare DRAW_BASES = 1; // possible values are 0, 1; only relevant for DNA ribbons
#declare DRAW_BASES_TYPE = 3; // possible values are 1, 2, 3; only relevant for DNA ribbons
#declare DRAW_FOG = 0; // set to 1 to enable fog

#include "colors.inc"

#include "transforms.inc"
background { rgb <1, 1, 1>}

#default {
   normal{
       ripples 0.25
       frequency 0.20
       turbulence 0.2
       lambda 5
   }
	finish {
		phong 0.1
		phong_size 40.
	}
}

// original window dimensions: 1024x640


// camera settings

camera {
	sky <0, 0.179814, -0.983701>
	up <0, 0.179814, -0.983701>
	right 1.6 * <1, 0, 0>
	location <35, 94.9851, 44.8844>
	look_at <35, 29.7336, 32.9568>
	direction <0, -65.2515, -11.9276>
	angle 67.0682
}


# declare cpy_camera_pos = <35, 94.9851, 44.8844>;
# if (DRAW_FOG = 1)
fog {
	fog_type 2
	up vnormalize(cpy_camera_pos)
	color rgbt<1,1,1,0.3>
	distance 1e-5
	fog_alt 3e-3
	fog_offset 56
}
# end


// LIGHTS

# declare lum = 6;
global_settings {
	ambient_light rgb lum * <0.05, 0.05, 0.05>
	max_trace_level 15
}# declare cpy_direct_light_amount = 0.25;
light_source
{	1000 * <-1, -1.16352, -0.803886>,
	rgb lum * cpy_direct_light_amount
	parallel
}

light_source
{	1000 * <1, 1.16352, 0.803886>,
	rgb lum * cpy_direct_light_amount
	parallel
}

// strand 0

// nucleotide -1

// particle -1
sphere {
	<23.843376, 35.000572, 35.188141> 0.250000
	pigment { color rgbt <1,0,0,0> }
	no_shadow
}
cylinder {
	<24.232281, 34.968819, 35.100140>,  <24.465624, 34.949764, 35.047340>, 0.100000
	pigment { color rgbt <1,0,0,0> }
	no_shadow
}
cylinder {
	<24.232281, 34.968819, 35.100140>,  <23.843376, 35.000572, 35.188141>, 0.100000
	pigment { color rgbt <1,0,0,0> }
	no_shadow
}

// particle -1
sphere {
	<24.232281, 34.968819, 35.100140> 0.100000
	pigment { color rgbt <1,0,0,0> }
	no_shadow
}
sphere {
	0, 1
	scale<0.080000,0.200000,0.300000>
	matrix <0.214887, 0.674571, 0.706242,
		0.092341, -0.733929, 0.672920,
		0.972264, -0.079387, -0.220002,
		24.523960, 34.945004, 35.034138>
	pigment { color rgbt <0,1,1,0> }
	no_shadow
}
cylinder {
	<24.270414, 34.706810, 35.735561>,  <23.843376, 35.000572, 35.188141>, 0.130000
	pigment { color rgbt <1,0,0,0> }
	no_shadow
}

// nucleotide -1

// particle -1
sphere {
	<24.270414, 34.706810, 35.735561> 0.250000
	pigment { color rgbt <1,0,0,0> }
	no_shadow
}
cylinder {
	<24.524965, 34.925030, 35.517422>,  <24.677696, 35.055962, 35.386539>, 0.100000
	pigment { color rgbt <1,0,0,0> }
	no_shadow
}
cylinder {
	<24.524965, 34.925030, 35.517422>,  <24.270414, 34.706810, 35.735561>, 0.100000
	pigment { color rgbt <1,0,0,0> }
	no_shadow
}

// particle -1
sphere {
	<24.524965, 34.925030, 35.517422> 0.100000
	pigment { color rgbt <1,0,0,0> }
	no_shadow
}
sphere {
	0, 1
	scale<0.080000,0.200000,0.300000>
	matrix <0.276293, 0.498863, 0.821461,
		0.720201, -0.673432, 0.166732,
		0.636375, 0.545550, -0.545346,
		24.715878, 35.088696, 35.353817>
	pigment { color rgbt <0,1,1,0> }
	no_shadow
}
cylinder {
	<24.839113, 34.794147, 36.246387>,  <24.270414, 34.706810, 35.735561>, 0.130000
	pigment { color rgbt <1,0,0,0> }
	no_shadow
}

// nucleotide -1

// particle -1
sphere {
	<24.839113, 34.794147, 36.246387> 0.250000
	pigment { color rgbt <1,0,0,0> }
	no_shadow
}
cylinder {
	<24.929832, 35.052505, 35.954803>,  <24.984264, 35.207520, 35.779854>, 0.100000
	pigment { color rgbt <1,0,0,0> }
	no_shadow
}
cylinder {
	<24.929832, 35.052505, 35.954803>,  <24.839113, 34.794147, 36.246387>, 0.100000
	pigment { color rgbt <1,0,0,0> }
	no_shadow
}

// particle -1
sphere {
	<24.929832, 35.052505, 35.954803> 0.100000
	pigment { color rgbt <1,0,0,0> }
	no_shadow
}
sphere {
	0, 1
	scale<0.080000,0.200000,0.300000>
	matrix <0.562629, 0.524058, 0.639384,
		0.794991, -0.555147, -0.244542,
		0.226798, 0.645891, -0.728963,
		24.997871, 35.246273, 35.736115>
	pigment { color rgbt <0,1,1,0> }
	no_shadow
}
cylinder {
	<25.532871, 34.831707, 36.253277>,  <24.839113, 34.794147, 36.246387>, 0.130000
	pigment { color rgbt <1,0,0,0> }
	no_shadow
}

// nucleotide -1

// particle -1
sphere {
	<25.532871, 34.831707, 36.253277> 0.250000
	pigment { color rgbt <1,0,0,0> }
	no_shadow
}
cylinder {
	<25.380495, 35.180244, 36.129574>,  <25.289068, 35.389366, 36.055351>, 0.100000
	pigment { color rgbt <1,0,0,0> }
	no_shadow
}
cylinder {
	<25.380495, 35.180244, 36.129574>,  <25.532871, 34.831707, 36.253277>, 0.100000
	pigment { color rgbt <1,0,0,0> }
	no_shadow
}

// particle -1
sphere {
	<25.380495, 35.180244, 36.129574> 0.100000
	pigment { color rgbt <1,0,0,0> }
	no_shadow
}
sphere {
	0, 1
	scale<0.080000,0.200000,0.300000>
	matrix <0.579214, 0.485606, 0.654751,
		0.720691, 0.070298, -0.689683,
		-0.380942, 0.871347, -0.309254,
		25.266212, 35.441650, 36.036797>
	pigment { color rgbt <0,1,1,0> }
	no_shadow
}
cylinder {
	<26.049372, 35.346424, 36.212582>,  <25.532871, 34.831707, 36.253277>, 0.130000
	pigment { color rgbt <1,0,0,0> }
	no_shadow
}

// nucleotide -1

// particle -1
sphere {
	<26.049372, 35.346424, 36.212582> 0.250000
	pigment { color rgbt <1,0,0,0> }
	no_shadow
}
cylinder {
	<25.700930, 35.532276, 36.276199>,  <25.491863, 35.643787, 36.314369>, 0.100000
	pigment { color rgbt <1,0,0,0> }
	no_shadow
}
cylinder {
	<25.700930, 35.532276, 36.276199>,  <26.049372, 35.346424, 36.212582>, 0.100000
	pigment { color rgbt <1,0,0,0> }
	no_shadow
}

// particle -1
sphere {
	<25.700930, 35.532276, 36.276199> 0.100000
	pigment { color rgbt <1,0,0,0> }
	no_shadow
}
sphere {
	0, 1
	scale<0.080000,0.200000,0.300000>
	matrix <0.394599, 0.469436, 0.789887,
		0.292344, 0.750833, -0.592271,
		-0.871107, 0.464628, 0.159041,
		25.439598, 35.671665, 36.323910>
	pigment { color rgbt <0,1,1,0> }
	no_shadow
}
cylinder {
	<26.148951, 36.095036, 36.345676>,  <26.049372, 35.346424, 36.212582>, 0.130000
	pigment { color rgbt <1,0,0,0> }
	no_shadow
}

// nucleotide -1

// particle -1
sphere {
	<26.148951, 36.095036, 36.345676> 0.250000
	pigment { color rgbt <1,0,0,0> }
	no_shadow
}
cylinder {
	<25.815985, 35.967972, 36.527302>,  <25.616205, 35.891731, 36.636276>, 0.100000
	pigment { color rgbt <1,0,0,0> }
	no_shadow
}
cylinder {
	<25.815985, 35.967972, 36.527302>,  <26.148951, 36.095036, 36.345676>, 0.100000
	pigment { color rgbt <1,0,0,0> }
	no_shadow
}

// particle -1
sphere {
	<25.815985, 35.967972, 36.527302> 0.100000
	pigment { color rgbt <1,0,0,0> }
	no_shadow
}
sphere {
	0, 1
	scale<0.080000,0.200000,0.300000>
	matrix <0.354601, 0.324316, 0.876970,
		-0.425841, 0.891016, -0.157322,
		-0.832417, -0.317663, 0.454062,
		25.566259, 35.872673, 36.663521>
	pigment { color rgbt <0,1,1,0> }
	no_shadow
}
cylinder {
	<25.944181, 36.658886, 36.757587>,  <26.148951, 36.095036, 36.345676>, 0.130000
	pigment { color rgbt <1,0,0,0> }
	no_shadow
}

// nucleotide -1

// particle -1
sphere {
	<25.944181, 36.658886, 36.757587> 0.250000
	pigment { color rgbt <1,0,0,0> }
	no_shadow
}
cylinder {
	<25.773344, 36.321274, 36.887329>,  <25.670841, 36.118706, 36.965176>, 0.100000
	pigment { color rgbt <1,0,0,0> }
	no_shadow
}
cylinder {
	<25.773344, 36.321274, 36.887329>,  <25.944181, 36.658886, 36.757587>, 0.100000
	pigment { color rgbt <1,0,0,0> }
	no_shadow
}

// particle -1
sphere {
	<25.773344, 36.321274, 36.887329> 0.100000
	pigment { color rgbt <1,0,0,0> }
	no_shadow
}
sphere {
	0, 1
	scale<0.080000,0.200000,0.300000>
	matrix <0.262535, 0.227513, 0.937717,
		-0.865256, 0.485646, 0.124418,
		-0.427092, -0.844029, 0.324356,
		25.645216, 36.068066, 36.984634>
	pigment { color rgbt <0,1,1,0> }
	no_shadow
}
cylinder {
	<25.449762, 36.881641, 37.247742>,  <25.944181, 36.658886, 36.757587>, 0.130000
	pigment { color rgbt <1,0,0,0> }
	no_shadow
}

// nucleotide -1

// particle -1
sphere {
	<25.449762, 36.881641, 37.247742> 0.250000
	pigment { color rgbt <1,0,0,0> }
	no_shadow
}
cylinder {
	<25.585661, 36.512482, 37.320213>,  <25.667200, 36.290985, 37.363697>, 0.100000
	pigment { color rgbt <1,0,0,0> }
	no_shadow
}
cylinder {
	<25.585661, 36.512482, 37.320213>,  <25.449762, 36.881641, 37.247742>, 0.100000
	pigment { color rgbt <1,0,0,0> }
	no_shadow
}

// particle -1
sphere {
	<25.585661, 36.512482, 37.320213> 0.100000
	pigment { color rgbt <1,0,0,0> }
	no_shadow
}
sphere {
	0, 1
	scale<0.080000,0.200000,0.300000>
	matrix <0.257083, 0.276432, 0.926009,
		-0.904698, -0.268032, 0.331180,
		0.339749, -0.922900, 0.181181,
		25.687586, 36.235611, 37.374569>
	pigment { color rgbt <0,1,1,0> }
	no_shadow
}
cylinder {
	<25.104418, 36.642979, 37.861897>,  <25.449762, 36.881641, 37.247742>, 0.130000
	pigment { color rgbt <1,0,0,0> }
	no_shadow
}

// nucleotide -1

// particle -1
sphere {
	<25.104418, 36.642979, 37.861897> 0.250000
	pigment { color rgbt <1,0,0,0> }
	no_shadow
}
cylinder {
	<25.440189, 36.430225, 37.817245>,  <25.641653, 36.302574, 37.790455>, 0.100000
	pigment { color rgbt <1,0,0,0> }
	no_shadow
}
cylinder {
	<25.440189, 36.430225, 37.817245>,  <25.104418, 36.642979, 37.861897>, 0.100000
	pigment { color rgbt <1,0,0,0> }
	no_shadow
}

// particle -1
sphere {
	<25.440189, 36.430225, 37.817245> 0.100000
	pigment { color rgbt <1,0,0,0> }
	no_shadow
}
sphere {
	0, 1
	scale<0.080000,0.200000,0.300000>
	matrix <0.340309, 0.354275, 0.871022,
		-0.423731, -0.769151, 0.478392,
		0.839429, -0.531880, -0.111632,
		25.692019, 36.270660, 37.783756>
	pigment { color rgbt <0,1,1,0> }
	no_shadow
}
cylinder {
	<25.241062, 36.479637, 38.546322>,  <25.104418, 36.642979, 37.861897>, 0.130000
	pigment { color rgbt <1,0,0,0> }
	no_shadow
}

// nucleotide -1

// particle -1
sphere {
	<25.241062, 36.479637, 38.546322> 0.250000
	pigment { color rgbt <1,0,0,0> }
	no_shadow
}
cylinder {
	<25.596901, 36.455952, 38.365166>,  <25.810404, 36.441738, 38.256474>, 0.100000
	pigment { color rgbt <1,0,0,0> }
	no_shadow
}
cylinder {
	<25.596901, 36.455952, 38.365166>,  <25.241062, 36.479637, 38.546322>, 0.100000
	pigment { color rgbt <1,0,0,0> }
	no_shadow
}

// particle -1
sphere {
	<25.596901, 36.455952, 38.365166> 0.100000
	pigment { color rgbt <1,0,0,0> }
	no_shadow
}
sphere {
	0, 1
	scale<0.080000,0.200000,0.300000>
	matrix <0.406791, 0.553608, 0.726663,
		0.207693, -0.830669, 0.516577,
		0.889598, -0.059217, -0.452889,
		25.863781, 36.438187, 38.229298>
	pigment { color rgbt <0,1,1,0> }
	no_shadow
}
cylinder {
	<25.716036, 36.221928, 39.017693>,  <25.241062, 36.479637, 38.546322>, 0.130000
	pigment { color rgbt <1,0,0,0> }
	no_shadow
}

// nucleotide -1

// particle -1
sphere {
	<25.716036, 36.221928, 39.017693> 0.250000
	pigment { color rgbt <1,0,0,0> }
	no_shadow
}
cylinder {
	<25.949072, 36.411430, 38.753529>,  <26.088894, 36.525131, 38.595028>, 0.100000
	pigment { color rgbt <1,0,0,0> }
	no_shadow
}
cylinder {
	<25.949072, 36.411430, 38.753529>,  <25.716036, 36.221928, 39.017693>, 0.100000
	pigment { color rgbt <1,0,0,0> }
	no_shadow
}

// particle -1
sphere {
	<25.949072, 36.411430, 38.753529> 0.100000
	pigment { color rgbt <1,0,0,0> }
	no_shadow
}
sphere {
	0, 1
	scale<0.080000,0.200000,0.300000>
	matrix <0.488823, 0.444929, 0.750393,
		0.649339, -0.759996, 0.027630,
		0.582589, 0.473754, -0.660414,
		26.123848, 36.553558, 38.555405>
	pigment { color rgbt <0,1,1,0> }
	no_shadow
}
cylinder {
	<26.403635, 36.147568, 38.975529>,  <25.716036, 36.221928, 39.017693>, 0.130000
	pigment { color rgbt <1,0,0,0> }
	no_shadow
}

// nucleotide -1

// particle -1
sphere {
	<26.403635, 36.147568, 38.975529> 0.250000
	pigment { color rgbt <1,0,0,0> }
	no_shadow
}
cylinder {
	<26.332268, 36.526417, 38.868851>,  <26.289448, 36.753727, 38.804844>, 0.100000
	pigment { color rgbt <1,0,0,0> }
	no_shadow
}
cylinder {
	<26.332268, 36.526417, 38.868851>,  <26.403635, 36.147568, 38.975529>, 0.100000
	pigment { color rgbt <1,0,0,0> }
	no_shadow
}

// particle -1
sphere {
	<26.332268, 36.526417, 38.868851> 0.100000
	pigment { color rgbt <1,0,0,0> }
	no_shadow
}
sphere {
	0, 1
	scale<0.080000,0.200000,0.300000>
	matrix <0.570929, 0.320401, 0.755899,
		0.801378, -0.017396, -0.597906,
		-0.178420, 0.947122, -0.266694,
		26.278742, 36.810555, 38.788841>
	pigment { color rgbt <0,1,1,0> }
	no_shadow
}
cylinder {
	<26.226843, 36.622807, 39.554268>,  <26.403635, 36.147568, 38.975529>, 0.130000
	pigment { color rgbt <1,0,0,0> }
	no_shadow
}

// nucleotide -1

// particle -1
sphere {
	<26.226843, 36.622807, 39.554268> 0.250000
	pigment { color rgbt <1,0,0,0> }
	no_shadow
}
cylinder {
	<25.916502, 36.440144, 39.728401>,  <25.730297, 36.330547, 39.832882>, 0.100000
	pigment { color rgbt <1,0,0,0> }
	no_shadow
}
cylinder {
	<25.916502, 36.440144, 39.728401>,  <26.226843, 36.622807, 39.554268>, 0.100000
	pigment { color rgbt <1,0,0,0> }
	no_shadow
}

// particle -1
sphere {
	<25.916502, 36.440144, 39.728401> 0.100000
	pigment { color rgbt <1,0,0,0> }
	no_shadow
}
sphere {
	0, 1
	scale<0.080000,0.200000,0.300000>
	matrix <-0.329157, -0.295685, -0.896787,
		0.538243, -0.839069, 0.079097,
		-0.775854, -0.456654, 0.435336,
		25.683746, 36.303146, 39.859001>
	pigment { color rgbt <0,1,1,0> }
	no_shadow
}
cylinder {
	<25.831045, 37.317528, 39.356945>,  <26.226843, 36.622807, 39.554268>, 0.130000
	pigment { color rgbt <1,0,0,0> }
	no_shadow
}

// nucleotide -1

// particle -1
sphere {
	<25.831045, 37.317528, 39.356945> 0.250000
	pigment { color rgbt <1,0,0,0> }
	no_shadow
}
cylinder {
	<26.211866, 37.410114, 39.276920>,  <26.440359, 37.465664, 39.228905>, 0.100000
	pigment { color rgbt <1,0,0,0> }
	no_shadow
}
cylinder {
	<26.211866, 37.410114, 39.276920>,  <25.831045, 37.317528, 39.356945>, 0.100000
	pigment { color rgbt <1,0,0,0> }
	no_shadow
}

// particle -1
sphere {
	<26.211866, 37.410114, 39.276920> 0.100000
	pigment { color rgbt <1,0,0,0> }
	no_shadow
}
sphere {
	0, 1
	scale<0.080000,0.200000,0.300000>
	matrix <-0.125557, -0.300715, -0.945413,
		-0.278989, 0.925201, -0.257234,
		0.952051, 0.231462, -0.200062,
		26.497482, 37.479553, 39.216904>
	pigment { color rgbt <0,1,1,0> }
	no_shadow
}
cylinder {
	<25.868063, 37.682266, 38.697296>,  <25.831045, 37.317528, 39.356945>, 0.130000
	pigment { color rgbt <1,0,0,0> }
	no_shadow
}

// nucleotide -1

// particle -1
sphere {
	<25.868063, 37.682266, 38.697296> 0.250000
	pigment { color rgbt <1,0,0,0> }
	no_shadow
}
cylinder {
	<26.222015, 37.505287, 38.755577>,  <26.434387, 37.399101, 38.790546>, 0.100000
	pigment { color rgbt <1,0,0,0> }
	no_shadow
}
cylinder {
	<26.222015, 37.505287, 38.755577>,  <25.868063, 37.682266, 38.697296>, 0.100000
	pigment { color rgbt <1,0,0,0> }
	no_shadow
}

// particle -1
sphere {
	<26.222015, 37.505287, 38.755577> 0.100000
	pigment { color rgbt <1,0,0,0> }
	no_shadow
}
sphere {
	0, 1
	scale<0.080000,0.200000,0.300000>
	matrix <-0.060845, -0.419892, -0.905532,
		0.461826, 0.792423, -0.398475,
		0.884881, -0.442444, 0.145702,
		26.487480, 37.372555, 38.799286>
	pigment { color rgbt <0,1,1,0> }
	no_shadow
}
cylinder {
	<26.289076, 37.704674, 37.997063>,  <25.868063, 37.682266, 38.697296>, 0.130000
	pigment { color rgbt <1,0,0,0> }
	no_shadow
}

// nucleotide -1

// particle -1
sphere {
	<26.289076, 37.704674, 37.997063> 0.250000
	pigment { color rgbt <1,0,0,0> }
	no_shadow
}
cylinder {
	<26.388651, 37.409912, 38.248459>,  <26.448397, 37.233055, 38.399296>, 0.100000
	pigment { color rgbt <1,0,0,0> }
	no_shadow
}
cylinder {
	<26.388651, 37.409912, 38.248459>,  <26.289076, 37.704674, 37.997063>, 0.100000
	pigment { color rgbt <1,0,0,0> }
	no_shadow
}

// particle -1
sphere {
	<26.388651, 37.409912, 38.248459> 0.100000
	pigment { color rgbt <1,0,0,0> }
	no_shadow
}
sphere {
	0, 1
	scale<0.080000,0.200000,0.300000>
	matrix <-0.184552, -0.673120, -0.716136,
		0.950774, 0.062284, -0.303562,
		0.248938, -0.736906, 0.628490,
		26.463333, 37.188839, 38.437004>
	pigment { color rgbt <0,1,1,0> }
	no_shadow
}
cylinder {
	<26.785191, 37.222446, 37.702667>,  <26.289076, 37.704674, 37.997063>, 0.130000
	pigment { color rgbt <1,0,0,0> }
	no_shadow
}

// nucleotide -1

// particle -1
sphere {
	<26.785191, 37.222446, 37.702667> 0.250000
	pigment { color rgbt <1,0,0,0> }
	no_shadow
}
cylinder {
	<26.603628, 36.987259, 37.970474>,  <26.494692, 36.846146, 38.131161>, 0.100000
	pigment { color rgbt <1,0,0,0> }
	no_shadow
}
cylinder {
	<26.603628, 36.987259, 37.970474>,  <26.785191, 37.222446, 37.702667>, 0.100000
	pigment { color rgbt <1,0,0,0> }
	no_shadow
}

// particle -1
sphere {
	<26.603628, 36.987259, 37.970474> 0.100000
	pigment { color rgbt <1,0,0,0> }
	no_shadow
}
sphere {
	0, 1
	scale<0.080000,0.200000,0.300000>
	matrix <-0.169149, -0.680865, -0.712609,
		0.874849, -0.436704, 0.209593,
		-0.453904, -0.587972, 0.669522,
		26.467457, 36.810867, 38.171329>
	pigment { color rgbt <0,1,1,0> }
	no_shadow
}
cylinder {
	<27.015537, 36.454395, 37.600227>,  <26.785191, 37.222446, 37.702667>, 0.130000
	pigment { color rgbt <1,0,0,0> }
	no_shadow
}

// nucleotide -1

// particle -1
sphere {
	<27.015537, 36.454395, 37.600227> 0.250000
	pigment { color rgbt <1,0,0,0> }
	no_shadow
}
cylinder {
	<26.662739, 36.454884, 37.788731>,  <26.451059, 36.455177, 37.901833>, 0.100000
	pigment { color rgbt <1,0,0,0> }
	no_shadow
}
cylinder {
	<26.662739, 36.454884, 37.788731>,  <27.015537, 36.454395, 37.600227>, 0.100000
	pigment { color rgbt <1,0,0,0> }
	no_shadow
}

// particle -1
sphere {
	<26.662739, 36.454884, 37.788731> 0.100000
	pigment { color rgbt <1,0,0,0> }
	no_shadow
}
sphere {
	0, 1
	scale<0.080000,0.200000,0.300000>
	matrix <-0.357530, -0.653202, -0.667457,
		0.307008, -0.757183, 0.576559,
		-0.881997, 0.001223, 0.471254,
		26.398140, 36.455250, 37.930107>
	pigment { color rgbt <0,1,1,0> }
	no_shadow
}
cylinder {
	<26.865032, 35.820976, 37.665848>,  <27.015537, 36.454395, 37.600227>, 0.130000
	pigment { color rgbt <1,0,0,0> }
	no_shadow
}

// nucleotide -1

// particle -1
sphere {
	<26.865032, 35.820976, 37.665848> 0.250000
	pigment { color rgbt <1,0,0,0> }
	no_shadow
}
cylinder {
	<26.494778, 35.967731, 37.702915>,  <26.272625, 36.055786, 37.725155>, 0.100000
	pigment { color rgbt <1,0,0,0> }
	no_shadow
}
cylinder {
	<26.494778, 35.967731, 37.702915>,  <26.865032, 35.820976, 37.665848>, 0.100000
	pigment { color rgbt <1,0,0,0> }
	no_shadow
}

// particle -1
sphere {
	<26.494778, 35.967731, 37.702915> 0.100000
	pigment { color rgbt <1,0,0,0> }
	no_shadow
}
sphere {
	0, 1
	scale<0.080000,0.200000,0.300000>
	matrix <-0.298462, -0.557298, -0.774816,
		-0.232625, -0.744857, 0.625358,
		-0.925638, 0.366888, 0.092670,
		26.217087, 36.077797, 37.730717>
	pigment { color rgbt <0,1,1,0> }
	no_shadow
}
cylinder {
	<26.509699, 35.254826, 37.478378>,  <26.865032, 35.820976, 37.665848>, 0.130000
	pigment { color rgbt <1,0,0,0> }
	no_shadow
}

// nucleotide -1

// particle -1
sphere {
	<26.509699, 35.254826, 37.478378> 0.250000
	pigment { color rgbt <1,0,0,0> }
	no_shadow
}
cylinder {
	<26.246193, 35.551533, 37.428082>,  <26.088089, 35.729557, 37.397903>, 0.100000
	pigment { color rgbt <1,0,0,0> }
	no_shadow
}
cylinder {
	<26.246193, 35.551533, 37.428082>,  <26.509699, 35.254826, 37.478378>, 0.100000
	pigment { color rgbt <1,0,0,0> }
	no_shadow
}

// particle -1
sphere {
	<26.246193, 35.551533, 37.428082> 0.100000
	pigment { color rgbt <1,0,0,0> }
	no_shadow
}
sphere {
	0, 1
	scale<0.080000,0.200000,0.300000>
	matrix <-0.314672, -0.423468, -0.849504,
		-0.683380, -0.520057, 0.512379,
		-0.658766, 0.741765, -0.125743,
		26.048563, 35.774063, 37.390358>
	pigment { color rgbt <0,1,1,0> }
	no_shadow
}
cylinder {
	<25.706661, 35.009167, 37.377434>,  <26.509699, 35.254826, 37.478378>, 0.130000
	pigment { color rgbt <1,0,0,0> }
	no_shadow
}

// nucleotide -1

// particle -1
sphere {
	<25.706661, 35.009167, 37.377434> 0.250000
	pigment { color rgbt <1,0,0,0> }
	no_shadow
}
cylinder {
	<25.804415, 35.365982, 37.225357>,  <25.863066, 35.580070, 37.134113>, 0.100000
	pigment { color rgbt <1,0,0,0> }
	no_shadow
}
cylinder {
	<25.804415, 35.365982, 37.225357>,  <25.706661, 35.009167, 37.377434>, 0.100000
	pigment { color rgbt <1,0,0,0> }
	no_shadow
}

// particle -1
sphere {
	<25.804415, 35.365982, 37.225357> 0.100000
	pigment { color rgbt <1,0,0,0> }
	no_shadow
}
sphere {
	0, 1
	scale<0.080000,0.200000,0.300000>
	matrix <-0.413974, -0.258574, -0.872792,
		-0.876871, 0.370683, 0.306090,
		0.244382, 0.892039, -0.380189,
		25.877729, 35.633595, 37.111301>
	pigment { color rgbt <0,1,1,0> }
	no_shadow
}
cylinder {
	<25.073469, 34.857067, 37.343723>,  <25.706661, 35.009167, 37.377434>, 0.130000
	pigment { color rgbt <1,0,0,0> }
	no_shadow
}

// nucleotide -1

// particle -1
sphere {
	<25.073469, 34.857067, 37.343723> 0.250000
	pigment { color rgbt <1,0,0,0> }
	no_shadow
}
cylinder {
	<25.182684, 35.236984, 37.282612>,  <25.248213, 35.464935, 37.245945>, 0.100000
	pigment { color rgbt <1,0,0,0> }
	no_shadow
}
cylinder {
	<25.182684, 35.236984, 37.282612>,  <25.073469, 34.857067, 37.343723>, 0.100000
	pigment { color rgbt <1,0,0,0> }
	no_shadow
}

// particle -1
sphere {
	<25.182684, 35.236984, 37.282612> 0.100000
	pigment { color rgbt <1,0,0,0> }
	no_shadow
}
sphere {
	0, 1
	scale<0.080000,0.200000,0.300000>
	matrix <-0.445402, -0.015954, -0.895189,
		-0.852682, 0.312469, 0.418684,
		0.273039, 0.949794, -0.152778,
		25.264595, 35.521923, 37.236778>
	pigment { color rgbt <0,1,1,0> }
	no_shadow
}
cylinder {
	<24.472977, 35.378883, 37.262478>,  <25.073469, 34.857067, 37.343723>, 0.130000
	pigment { color rgbt <1,0,0,0> }
	no_shadow
}

// nucleotide -1

// particle -1
sphere {
	<24.472977, 35.378883, 37.262478> 0.250000
	pigment { color rgbt <1,0,0,0> }
	no_shadow
}
cylinder {
	<24.800894, 35.514400, 37.077801>,  <24.997644, 35.595711, 36.966995>, 0.100000
	pigment { color rgbt <1,0,0,0> }
	no_shadow
}
cylinder {
	<24.800894, 35.514400, 37.077801>,  <24.472977, 35.378883, 37.262478>, 0.100000
	pigment { color rgbt <1,0,0,0> }
	no_shadow
}

// particle -1
sphere {
	<24.800894, 35.514400, 37.077801> 0.100000
	pigment { color rgbt <1,0,0,0> }
	no_shadow
}
sphere {
	0, 1
	scale<0.080000,0.200000,0.300000>
	matrix <-0.500349, 0.031591, -0.865247,
		-0.278556, 0.940330, 0.195414,
		0.819791, 0.338795, -0.461693,
		25.046831, 35.616039, 36.939293>
	pigment { color rgbt <0,1,1,0> }
	no_shadow
}
cylinder {
	<24.279179, 35.872574, 36.758705>,  <24.472977, 35.378883, 37.262478>, 0.130000
	pigment { color rgbt <1,0,0,0> }
	no_shadow
}

// nucleotide -1

// particle -1
sphere {
	<24.279179, 35.872574, 36.758705> 0.250000
	pigment { color rgbt <1,0,0,0> }
	no_shadow
}
cylinder {
	<24.636658, 35.745350, 36.632122>,  <24.851145, 35.669014, 36.556171>, 0.100000
	pigment { color rgbt <1,0,0,0> }
	no_shadow
}
cylinder {
	<24.636658, 35.745350, 36.632122>,  <24.279179, 35.872574, 36.758705>, 0.100000
	pigment { color rgbt <1,0,0,0> }
	no_shadow
}

// particle -1
sphere {
	<24.636658, 35.745350, 36.632122> 0.100000
	pigment { color rgbt <1,0,0,0> }
	no_shadow
}
sphere {
	0, 1
	scale<0.080000,0.200000,0.300000>
	matrix <-0.393511, -0.216831, -0.893383,
		0.215533, 0.922942, -0.318942,
		0.893697, -0.318061, -0.316453,
		24.904766, 35.649933, 36.537186>
	pigment { color rgbt <0,1,1,0> }
	no_shadow
}
cylinder {
	<24.811455, 36.331898, 36.857582>,  <24.279179, 35.872574, 36.758705>, 0.130000
	pigment { color rgbt <1,0,0,0> }
	no_shadow
}

// nucleotide -1

// particle -1
sphere {
	<24.811455, 36.331898, 36.857582> 0.250000
	pigment { color rgbt <1,0,0,0> }
	no_shadow
}
cylinder {
	<25.154064, 36.296520, 36.654190>,  <25.359629, 36.275295, 36.532154>, 0.100000
	pigment { color rgbt <1,0,0,0> }
	no_shadow
}
cylinder {
	<25.154064, 36.296520, 36.654190>,  <24.811455, 36.331898, 36.857582>, 0.100000
	pigment { color rgbt <1,0,0,0> }
	no_shadow
}

// particle -1
sphere {
	<25.154064, 36.296520, 36.654190> 0.100000
	pigment { color rgbt <1,0,0,0> }
	no_shadow
}
sphere {
	0, 1
	scale<0.080000,0.200000,0.300000>
	matrix <-0.505709, -0.340621, -0.792613,
		-0.103097, 0.936031, -0.336476,
		0.856522, -0.088443, -0.508476,
		25.411020, 36.269989, 36.501648>
	pigment { color rgbt <0,1,1,0> }
	no_shadow
}
cylinder {
	<24.707346, 36.531307, 36.158783>,  <24.811455, 36.331898, 36.857582>, 0.130000
	pigment { color rgbt <1,0,0,0> }
	no_shadow
}

// nucleotide -1

// particle -1
sphere {
	<24.707346, 36.531307, 36.158783> 0.250000
	pigment { color rgbt <1,0,0,0> }
	no_shadow
}
cylinder {
	<25.028091, 36.295307, 36.121014>,  <25.220539, 36.153709, 36.098351>, 0.100000
	pigment { color rgbt <1,0,0,0> }
	no_shadow
}
cylinder {
	<25.028091, 36.295307, 36.121014>,  <24.707346, 36.531307, 36.158783>, 0.100000
	pigment { color rgbt <1,0,0,0> }
	no_shadow
}

// particle -1
sphere {
	<25.028091, 36.295307, 36.121014> 0.100000
	pigment { color rgbt <1,0,0,0> }
	no_shadow
}
sphere {
	0, 1
	scale<0.080000,0.200000,0.300000>
	matrix <-0.387101, -0.392587, -0.834283,
		0.455154, 0.705535, -0.543190,
		0.801865, -0.589997, -0.094426,
		25.268650, 36.118309, 36.092686>
	pigment { color rgbt <0,1,1,0> }
	no_shadow
}
cylinder {
	<24.705973, 36.481464, 35.491131>,  <24.707346, 36.531307, 36.158783>, 0.130000
	pigment { color rgbt <1,0,0,0> }
	no_shadow
}

// nucleotide -1

// particle -1
sphere {
	<24.705973, 36.481464, 35.491131> 0.250000
	pigment { color rgbt <1,0,0,0> }
	no_shadow
}
cylinder {
	<24.913160, 36.173042, 35.639286>,  <25.037474, 35.987991, 35.728180>, 0.100000
	pigment { color rgbt <1,0,0,0> }
	no_shadow
}
cylinder {
	<24.913160, 36.173042, 35.639286>,  <24.705973, 36.481464, 35.491131>, 0.100000
	pigment { color rgbt <1,0,0,0> }
	no_shadow
}

// particle -1
sphere {
	<24.913160, 36.173042, 35.639286> 0.100000
	pigment { color rgbt <1,0,0,0> }
	no_shadow
}
sphere {
	0, 1
	scale<0.080000,0.200000,0.300000>
	matrix <-0.334897, -0.581226, -0.741633,
		0.787116, 0.260102, -0.559281,
		0.517969, -0.771053, 0.370385,
		25.068550, 35.941727, 35.750401>
	pigment { color rgbt <0,1,1,0> }
	no_shadow
}
cylinder {
	<25.226570, 36.286167, 34.940132>,  <24.705973, 36.481464, 35.491131>, 0.130000
	pigment { color rgbt <1,0,0,0> }
	no_shadow
}

// nucleotide -1

// particle -1
sphere {
	<25.226570, 36.286167, 34.940132> 0.250000
	pigment { color rgbt <1,0,0,0> }
	no_shadow
}
cylinder {
	<25.165293, 35.956547, 35.158295>,  <25.128527, 35.758774, 35.289192>, 0.100000
	pigment { color rgbt <1,0,0,0> }
	no_shadow
}
cylinder {
	<25.165293, 35.956547, 35.158295>,  <25.226570, 36.286167, 34.940132>, 0.100000
	pigment { color rgbt <1,0,0,0> }
	no_shadow
}

// particle -1
sphere {
	<25.165293, 35.956547, 35.158295> 0.100000
	pigment { color rgbt <1,0,0,0> }
	no_shadow
}
sphere {
	0, 1
	scale<0.080000,0.200000,0.300000>
	matrix <-0.191264, -0.516758, -0.834494,
		0.969510, -0.232156, -0.078448,
		-0.153194, -0.824054, 0.545405,
		25.119335, 35.709332, 35.321915>
	pigment { color rgbt <0,1,1,0> }
	no_shadow
}
cylinder {
	<25.435356, 35.789368, 34.516663>,  <25.226570, 36.286167, 34.940132>, 0.130000
	pigment { color rgbt <1,0,0,0> }
	no_shadow
}

// nucleotide -1

// particle -1
sphere {
	<25.435356, 35.789368, 34.516663> 0.250000
	pigment { color rgbt <1,0,0,0> }
	no_shadow
}
cylinder {
	<25.212498, 35.579414, 34.774059>,  <25.078783, 35.453442, 34.928497>, 0.100000
	pigment { color rgbt <1,0,0,0> }
	no_shadow
}
cylinder {
	<25.212498, 35.579414, 34.774059>,  <25.435356, 35.789368, 34.516663>, 0.100000
	pigment { color rgbt <1,0,0,0> }
	no_shadow
}

// particle -1
sphere {
	<25.212498, 35.579414, 34.774059> 0.100000
	pigment { color rgbt <1,0,0,0> }
	no_shadow
}
sphere {
	0, 1
	scale<0.080000,0.200000,0.300000>
	matrix <-0.322385, -0.577411, -0.750110,
		0.765283, -0.625372, 0.152485,
		-0.557144, -0.524888, 0.643493,
		25.045355, 35.421947, 34.967106>
	pigment { color rgbt <0,1,1,0> }
	no_shadow
}
cylinder {
	<26.070860, 35.948097, 34.363777>,  <25.435356, 35.789368, 34.516663>, 0.130000
	pigment { color rgbt <1,0,0,0> }
	no_shadow
}

// nucleotide -1

// particle -1
sphere {
	<26.070860, 35.948097, 34.363777> 0.250000
	pigment { color rgbt <1,0,0,0> }
	no_shadow
}
cylinder {
	<26.341833, 36.073124, 34.097427>,  <26.504417, 36.148140, 33.937618>, 0.100000
	pigment { color rgbt <1,0,0,0> }
	no_shadow
}
cylinder {
	<26.341833, 36.073124, 34.097427>,  <26.070860, 35.948097, 34.363777>, 0.100000
	pigment { color rgbt <1,0,0,0> }
	no_shadow
}

// particle -1
sphere {
	<26.341833, 36.073124, 34.097427> 0.100000
	pigment { color rgbt <1,0,0,0> }
	no_shadow
}
sphere {
	0, 1
	scale<0.080000,0.200000,0.300000>
	matrix <0.432669, 0.562753, 0.704348,
		0.594876, -0.765252, 0.245992,
		0.677436, 0.312566, -0.665869,
		26.545063, 36.166893, 33.897667>
	pigment { color rgbt <0,1,1,0> }
	no_shadow
}
cylinder {
	<26.728590, 36.070469, 34.759190>,  <26.070860, 35.948097, 34.363777>, 0.130000
	pigment { color rgbt <1,0,0,0> }
	no_shadow
}

// nucleotide -1

// particle -1
sphere {
	<26.728590, 36.070469, 34.759190> 0.250000
	pigment { color rgbt <1,0,0,0> }
	no_shadow
}
cylinder {
	<26.825119, 36.254917, 34.417633>,  <26.883036, 36.365585, 34.212700>, 0.100000
	pigment { color rgbt <1,0,0,0> }
	no_shadow
}
cylinder {
	<26.825119, 36.254917, 34.417633>,  <26.728590, 36.070469, 34.759190>, 0.100000
	pigment { color rgbt <1,0,0,0> }
	no_shadow
}

// particle -1
sphere {
	<26.825119, 36.254917, 34.417633> 0.100000
	pigment { color rgbt <1,0,0,0> }
	no_shadow
}
sphere {
	0, 1
	scale<0.080000,0.200000,0.300000>
	matrix <0.377036, 0.766220, 0.520337,
		0.894208, -0.447516, 0.011045,
		0.241322, 0.461125, -0.853889,
		26.897516, 36.393253, 34.161465>
	pigment { color rgbt <0,1,1,0> }
	no_shadow
}
cylinder {
	<27.336523, 36.444931, 34.918854>,  <26.728590, 36.070469, 34.759190>, 0.130000
	pigment { color rgbt <1,0,0,0> }
	no_shadow
}

// nucleotide -1

// particle -1
sphere {
	<27.336523, 36.444931, 34.918854> 0.250000
	pigment { color rgbt <1,0,0,0> }
	no_shadow
}
cylinder {
	<27.167156, 36.636406, 34.611198>,  <27.065536, 36.751293, 34.426605>, 0.100000
	pigment { color rgbt <1,0,0,0> }
	no_shadow
}
cylinder {
	<27.167156, 36.636406, 34.611198>,  <27.336523, 36.444931, 34.918854>, 0.100000
	pigment { color rgbt <1,0,0,0> }
	no_shadow
}

// particle -1
sphere {
	<27.167156, 36.636406, 34.611198> 0.100000
	pigment { color rgbt <1,0,0,0> }
	no_shadow
}
sphere {
	0, 1
	scale<0.080000,0.200000,0.300000>
	matrix <0.343049, 0.870495, 0.352924,
		0.838473, -0.114418, -0.532796,
		-0.423415, 0.478692, -0.769138,
		27.040133, 36.780014, 34.380459>
	pigment { color rgbt <0,1,1,0> }
	no_shadow
}
cylinder {
	<27.825132, 36.916210, 34.717278>,  <27.336523, 36.444931, 34.918854>, 0.130000
	pigment { color rgbt <1,0,0,0> }
	no_shadow
}

// nucleotide -1

// particle -1
sphere {
	<27.825132, 36.916210, 34.717278> 0.250000
	pigment { color rgbt <1,0,0,0> }
	no_shadow
}
cylinder {
	<27.471651, 37.041683, 34.578327>,  <27.259563, 37.116966, 34.494957>, 0.100000
	pigment { color rgbt <1,0,0,0> }
	no_shadow
}
cylinder {
	<27.471651, 37.041683, 34.578327>,  <27.825132, 36.916210, 34.717278>, 0.100000
	pigment { color rgbt <1,0,0,0> }
	no_shadow
}

// particle -1
sphere {
	<27.471651, 37.041683, 34.578327> 0.100000
	pigment { color rgbt <1,0,0,0> }
	no_shadow
}
sphere {
	0, 1
	scale<0.080000,0.200000,0.300000>
	matrix <0.202632, 0.925428, 0.320192,
		0.421913, 0.212565, -0.881366,
		-0.883702, 0.313686, -0.347378,
		27.206541, 37.135788, 34.474113>
	pigment { color rgbt <0,1,1,0> }
	no_shadow
}
cylinder {
	<27.972338, 37.537640, 34.462082>,  <27.825132, 36.916210, 34.717278>, 0.130000
	pigment { color rgbt <1,0,0,0> }
	no_shadow
}

// nucleotide -1

// particle -1
sphere {
	<27.972338, 37.537640, 34.462082> 0.250000
	pigment { color rgbt <1,0,0,0> }
	no_shadow
}
cylinder {
	<27.573456, 37.555054, 34.486359>,  <27.334126, 37.565502, 34.500927>, 0.100000
	pigment { color rgbt <1,0,0,0> }
	no_shadow
}
cylinder {
	<27.573456, 37.555054, 34.486359>,  <27.972338, 37.537640, 34.462082>, 0.100000
	pigment { color rgbt <1,0,0,0> }
	no_shadow
}

// particle -1
sphere {
	<27.573456, 37.555054, 34.486359> 0.100000
	pigment { color rgbt <1,0,0,0> }
	no_shadow
}
sphere {
	0, 1
	scale<0.080000,0.200000,0.300000>
	matrix <0.065253, 0.903145, 0.424349,
		-0.036343, 0.427124, -0.903463,
		-0.997207, 0.043532, 0.060694,
		27.274294, 37.568111, 34.504566>
	pigment { color rgbt <0,1,1,0> }
	no_shadow
}
cylinder {
	<27.814623, 38.264027, 34.505421>,  <27.972338, 37.537640, 34.462082>, 0.130000
	pigment { color rgbt <1,0,0,0> }
	no_shadow
}

// nucleotide -1

// particle -1
sphere {
	<27.814623, 38.264027, 34.505421> 0.250000
	pigment { color rgbt <1,0,0,0> }
	no_shadow
}
cylinder {
	<27.504810, 38.060459, 34.655678>,  <27.318924, 37.938320, 34.745831>, 0.100000
	pigment { color rgbt <1,0,0,0> }
	no_shadow
}
cylinder {
	<27.504810, 38.060459, 34.655678>,  <27.814623, 38.264027, 34.505421>, 0.100000
	pigment { color rgbt <1,0,0,0> }
	no_shadow
}

// particle -1
sphere {
	<27.504810, 38.060459, 34.655678> 0.100000
	pigment { color rgbt <1,0,0,0> }
	no_shadow
}
sphere {
	0, 1
	scale<0.080000,0.200000,0.300000>
	matrix <-0.172988, 0.741648, 0.648099,
		-0.608424, 0.436990, -0.662465,
		-0.774529, -0.508918, 0.375643,
		27.272451, 37.907784, 34.768372>
	pigment { color rgbt <0,1,1,0> }
	no_shadow
}
cylinder {
	<27.389317, 38.759491, 34.345497>,  <27.814623, 38.264027, 34.505421>, 0.130000
	pigment { color rgbt <1,0,0,0> }
	no_shadow
}

// nucleotide -1

// particle -1
sphere {
	<27.389317, 38.759491, 34.345497> 0.250000
	pigment { color rgbt <1,0,0,0> }
	no_shadow
}
cylinder {
	<27.112190, 38.478470, 34.410519>,  <26.945913, 38.309856, 34.449532>, 0.100000
	pigment { color rgbt <1,0,0,0> }
	no_shadow
}
cylinder {
	<27.112190, 38.478470, 34.410519>,  <27.389317, 38.759491, 34.345497>, 0.100000
	pigment { color rgbt <1,0,0,0> }
	no_shadow
}

// particle -1
sphere {
	<27.112190, 38.478470, 34.410519> 0.100000
	pigment { color rgbt <1,0,0,0> }
	no_shadow
}
sphere {
	0, 1
	scale<0.080000,0.200000,0.300000>
	matrix <-0.531349, 0.649762, 0.543579,
		-0.487516, 0.290225, -0.823466,
		-0.692817, -0.702552, 0.162558,
		26.904345, 38.267704, 34.459286>
	pigment { color rgbt <0,1,1,0> }
	no_shadow
}
cylinder {
	<26.741308, 39.021130, 34.058697>,  <27.389317, 38.759491, 34.345497>, 0.130000
	pigment { color rgbt <1,0,0,0> }
	no_shadow
}

// nucleotide -1

// particle -1
sphere {
	<26.741308, 39.021130, 34.058697> 0.250000
	pigment { color rgbt <1,0,0,0> }
	no_shadow
}
cylinder {
	<26.729527, 38.781002, 34.378384>,  <26.722458, 38.636925, 34.570194>, 0.100000
	pigment { color rgbt <1,0,0,0> }
	no_shadow
}
cylinder {
	<26.729527, 38.781002, 34.378384>,  <26.741308, 39.021130, 34.058697>, 0.100000
	pigment { color rgbt <1,0,0,0> }
	no_shadow
}

// particle -1
sphere {
	<26.729527, 38.781002, 34.378384> 0.100000
	pigment { color rgbt <1,0,0,0> }
	no_shadow
}
sphere {
	0, 1
	scale<0.080000,0.200000,0.300000>
	matrix <-0.377274, 0.747100, 0.547271,
		-0.925633, -0.285405, -0.248490,
		-0.029453, -0.600321, 0.799216,
		26.720690, 38.600906, 34.618149>
	pigment { color rgbt <0,1,1,0> }
	no_shadow
}
cylinder {
	<25.987303, 38.964127, 34.374451>,  <26.741308, 39.021130, 34.058697>, 0.130000
	pigment { color rgbt <1,0,0,0> }
	no_shadow
}

// nucleotide -1

// particle -1
sphere {
	<25.987303, 38.964127, 34.374451> 0.250000
	pigment { color rgbt <1,0,0,0> }
	no_shadow
}
cylinder {
	<26.253044, 38.892563, 34.664726>,  <26.412489, 38.849625, 34.838894>, 0.100000
	pigment { color rgbt <1,0,0,0> }
	no_shadow
}
cylinder {
	<26.253044, 38.892563, 34.664726>,  <25.987303, 38.964127, 34.374451>, 0.100000
	pigment { color rgbt <1,0,0,0> }
	no_shadow
}

// particle -1
sphere {
	<26.253044, 38.892563, 34.664726> 0.100000
	pigment { color rgbt <1,0,0,0> }
	no_shadow
}
sphere {
	0, 1
	scale<0.080000,0.200000,0.300000>
	matrix <-0.435598, 0.696314, 0.570439,
		-0.607365, -0.695082, 0.384667,
		0.664351, -0.178905, 0.725693,
		26.452349, 38.838890, 34.882435>
	pigment { color rgbt <0,1,1,0> }
	no_shadow
}
cylinder {
	<25.613430, 39.031582, 34.938725>,  <25.987303, 38.964127, 34.374451>, 0.130000
	pigment { color rgbt <1,0,0,0> }
	no_shadow
}

// nucleotide -1

// particle -1
sphere {
	<25.613430, 39.031582, 34.938725> 0.250000
	pigment { color rgbt <1,0,0,0> }
	no_shadow
}
cylinder {
	<26.002003, 39.094715, 35.009613>,  <26.235147, 39.132595, 35.052147>, 0.100000
	pigment { color rgbt <1,0,0,0> }
	no_shadow
}
cylinder {
	<26.002003, 39.094715, 35.009613>,  <25.613430, 39.031582, 34.938725>, 0.100000
	pigment { color rgbt <1,0,0,0> }
	no_shadow
}

// particle -1
sphere {
	<26.002003, 39.094715, 35.009613> 0.100000
	pigment { color rgbt <1,0,0,0> }
	no_shadow
}
sphere {
	0, 1
	scale<0.080000,0.200000,0.300000>
	matrix <-0.210831, 0.916804, 0.339148,
		-0.108944, -0.366822, 0.923890,
		0.971433, 0.157836, 0.177217,
		26.293432, 39.142067, 35.062778>
	pigment { color rgbt <0,1,1,0> }
	no_shadow
}
cylinder {
	<25.414249, 39.675922, 35.263302>,  <25.613430, 39.031582, 34.938725>, 0.130000
	pigment { color rgbt <1,0,0,0> }
	no_shadow
}

// nucleotide -1

// particle -1
sphere {
	<25.414249, 39.675922, 35.263302> 0.250000
	pigment { color rgbt <1,0,0,0> }
	no_shadow
}
cylinder {
	<25.554153, 39.729729, 35.634155>,  <25.638096, 39.762012, 35.856667>, 0.100000
	pigment { color rgbt <1,0,0,0> }
	no_shadow
}
cylinder {
	<25.554153, 39.729729, 35.634155>,  <25.414249, 39.675922, 35.263302>, 0.100000
	pigment { color rgbt <1,0,0,0> }
	no_shadow
}

// particle -1
sphere {
	<25.554153, 39.729729, 35.634155> 0.100000
	pigment { color rgbt <1,0,0,0> }
	no_shadow
}
sphere {
	0, 1
	scale<0.080000,0.200000,0.300000>
	matrix <0.817931, -0.526379, -0.232194,
		0.456788, 0.839542, -0.294132,
		0.349762, 0.134516, 0.927131,
		25.659082, 39.770084, 35.912296>
	pigment { color rgbt <0,1,1,0> }
	no_shadow
}
cylinder {
	<26.193258, 39.828892, 35.183750>,  <25.414249, 39.675922, 35.263302>, 0.130000
	pigment { color rgbt <1,0,0,0> }
	no_shadow
}

// nucleotide -1

// particle -1
sphere {
	<26.193258, 39.828892, 35.183750> 0.250000
	pigment { color rgbt <1,0,0,0> }
	no_shadow
}
cylinder {
	<26.109337, 39.665810, 35.539223>,  <26.058985, 39.567959, 35.752506>, 0.100000
	pigment { color rgbt <1,0,0,0> }
	no_shadow
}
cylinder {
	<26.109337, 39.665810, 35.539223>,  <26.193258, 39.828892, 35.183750>, 0.100000
	pigment { color rgbt <1,0,0,0> }
	no_shadow
}

// particle -1
sphere {
	<26.109337, 39.665810, 35.539223> 0.100000
	pigment { color rgbt <1,0,0,0> }
	no_shadow
}
sphere {
	0, 1
	scale<0.080000,0.200000,0.300000>
	matrix <0.706234, -0.691768, -0.150635,
		0.676178, 0.596016, 0.433069,
		-0.209802, -0.407704, 0.888684,
		26.046396, 39.543499, 35.805828>
	pigment { color rgbt <0,1,1,0> }
	no_shadow
}
cylinder {
	<26.782591, 39.764389, 35.665386>,  <26.193258, 39.828892, 35.183750>, 0.130000
	pigment { color rgbt <1,0,0,0> }
	no_shadow
}

// nucleotide -1

// particle -1
sphere {
	<26.782591, 39.764389, 35.665386> 0.250000
	pigment { color rgbt <1,0,0,0> }
	no_shadow
}
cylinder {
	<26.518499, 39.465874, 35.699200>,  <26.360044, 39.286762, 35.719490>, 0.100000
	pigment { color rgbt <1,0,0,0> }
	no_shadow
}
cylinder {
	<26.518499, 39.465874, 35.699200>,  <26.782591, 39.764389, 35.665386>, 0.100000
	pigment { color rgbt <1,0,0,0> }
	no_shadow
}

// particle -1
sphere {
	<26.518499, 39.465874, 35.699200> 0.100000
	pigment { color rgbt <1,0,0,0> }
	no_shadow
}
sphere {
	0, 1
	scale<0.080000,0.200000,0.300000>
	matrix <0.633512, -0.613817, -0.471053,
		0.403433, -0.257447, 0.878045,
		-0.660230, -0.746290, 0.084538,
		26.320431, 39.241985, 35.724560>
	pigment { color rgbt <0,1,1,0> }
	no_shadow
}
cylinder {
	<27.130167, 39.259487, 35.895496>,  <26.782591, 39.764389, 35.665386>, 0.130000
	pigment { color rgbt <1,0,0,0> }
	no_shadow
}

// nucleotide -1

// particle -1
sphere {
	<27.130167, 39.259487, 35.895496> 0.250000
	pigment { color rgbt <1,0,0,0> }
	no_shadow
}
cylinder {
	<26.809490, 39.112404, 35.706997>,  <26.617085, 39.024155, 35.593895>, 0.100000
	pigment { color rgbt <1,0,0,0> }
	no_shadow
}
cylinder {
	<26.809490, 39.112404, 35.706997>,  <27.130167, 39.259487, 35.895496>, 0.100000
	pigment { color rgbt <1,0,0,0> }
	no_shadow
}

// particle -1
sphere {
	<26.809490, 39.112404, 35.706997> 0.100000
	pigment { color rgbt <1,0,0,0> }
	no_shadow
}
sphere {
	0, 1
	scale<0.080000,0.200000,0.300000>
	matrix <0.568981, -0.711043, -0.413132,
