// switches for output
#declare DRAW_BASES = 1; // possible values are 0, 1; only relevant for DNA ribbons
#declare DRAW_BASES_TYPE = 3; // possible values are 1, 2, 3; only relevant for DNA ribbons
#declare DRAW_FOG = 0; // set to 1 to enable fog

#include "colors.inc"

#include "transforms.inc"
background { rgb <1, 1, 1>}

#default {
   normal{
       ripples 0.25
       frequency 0.20
       turbulence 0.2
       lambda 5
   }
	finish {
		phong 0.1
		phong_size 40.
	}
}

// original window dimensions: 1024x640


// camera settings

camera {
	sky <0, 0.179814, -0.983701>
	up <0, 0.179814, -0.983701>
	right 1.6 * <1, 0, 0>
	location <35, 94.9851, 44.8844>
	look_at <35, 29.7336, 32.9568>
	direction <0, -65.2515, -11.9276>
	angle 67.0682
}


# declare cpy_camera_pos = <35, 94.9851, 44.8844>;
# if (DRAW_FOG = 1)
fog {
	fog_type 2
	up vnormalize(cpy_camera_pos)
	color rgbt<1,1,1,0.3>
	distance 1e-5
	fog_alt 3e-3
	fog_offset 56
}
# end


// LIGHTS

# declare lum = 6;
global_settings {
	ambient_light rgb lum * <0.05, 0.05, 0.05>
	max_trace_level 15
}# declare cpy_direct_light_amount = 0.25;
light_source
{	1000 * <-1, -1.16352, -0.803886>,
	rgb lum * cpy_direct_light_amount
	parallel
}

light_source
{	1000 * <1, 1.16352, 0.803886>,
	rgb lum * cpy_direct_light_amount
	parallel
}

// strand 0

// nucleotide -1

// particle -1
sphere {
	<24.180349, 35.201500, 35.109608> 0.250000
	pigment { color rgbt <1,0,0,0> }
	no_shadow
}
cylinder {
	<24.251972, 34.808395, 35.128006>,  <24.294947, 34.572533, 35.139046>, 0.100000
	pigment { color rgbt <1,0,0,0> }
	no_shadow
}
cylinder {
	<24.251972, 34.808395, 35.128006>,  <24.180349, 35.201500, 35.109608>, 0.100000
	pigment { color rgbt <1,0,0,0> }
	no_shadow
}

// particle -1
sphere {
	<24.251972, 34.808395, 35.128006> 0.100000
	pigment { color rgbt <1,0,0,0> }
	no_shadow
}
sphere {
	0, 1
	scale<0.080000,0.200000,0.300000>
	matrix <0.884136, 0.181246, 0.430643,
		-0.431558, -0.036440, 0.901349,
		0.179058, -0.982762, 0.046000,
		24.305689, 34.513565, 35.141808>
	pigment { color rgbt <0,1,1,0> }
	no_shadow
}
cylinder {
	<24.494900, 34.992744, 35.784351>,  <24.180349, 35.201500, 35.109608>, 0.130000
	pigment { color rgbt <1,0,0,0> }
	no_shadow
}

// nucleotide -1

// particle -1
sphere {
	<24.494900, 34.992744, 35.784351> 0.250000
	pigment { color rgbt <1,0,0,0> }
	no_shadow
}
cylinder {
	<24.611685, 34.723747, 35.512318>,  <24.681757, 34.562351, 35.349098>, 0.100000
	pigment { color rgbt <1,0,0,0> }
	no_shadow
}
cylinder {
	<24.611685, 34.723747, 35.512318>,  <24.494900, 34.992744, 35.784351>, 0.100000
	pigment { color rgbt <1,0,0,0> }
	no_shadow
}

// particle -1
sphere {
	<24.611685, 34.723747, 35.512318> 0.100000
	pigment { color rgbt <1,0,0,0> }
	no_shadow
}
sphere {
	0, 1
	scale<0.080000,0.200000,0.300000>
	matrix <0.937118, 0.058974, 0.343994,
		-0.191224, -0.737754, 0.647419,
		0.291964, -0.672489, -0.680085,
		24.699274, 34.521999, 35.308292>
	pigment { color rgbt <0,1,1,0> }
	no_shadow
}
cylinder {
	<24.810871, 34.495354, 36.097324>,  <24.494900, 34.992744, 35.784351>, 0.130000
	pigment { color rgbt <1,0,0,0> }
	no_shadow
}

// nucleotide -1

// particle -1
sphere {
	<24.810871, 34.495354, 36.097324> 0.250000
	pigment { color rgbt <1,0,0,0> }
	no_shadow
}
cylinder {
	<24.957520, 34.524033, 35.726284>,  <25.045509, 34.541241, 35.503658>, 0.100000
	pigment { color rgbt <1,0,0,0> }
	no_shadow
}
cylinder {
	<24.957520, 34.524033, 35.726284>,  <24.810871, 34.495354, 36.097324>, 0.100000
	pigment { color rgbt <1,0,0,0> }
	no_shadow
}

// particle -1
sphere {
	<24.957520, 34.524033, 35.726284> 0.100000
	pigment { color rgbt <1,0,0,0> }
	no_shadow
}
sphere {
	0, 1
	scale<0.080000,0.200000,0.300000>
	matrix <0.896953, 0.237576, 0.372870,
		0.247111, -0.968719, 0.022789,
		0.366621, 0.071699, -0.927604,
		25.067507, 34.545540, 35.448002>
	pigment { color rgbt <0,1,1,0> }
	no_shadow
}
cylinder {
	<25.488329, 34.630894, 36.157135>,  <24.810871, 34.495354, 36.097324>, 0.130000
	pigment { color rgbt <1,0,0,0> }
	no_shadow
}

// nucleotide -1

// particle -1
sphere {
	<25.488329, 34.630894, 36.157135> 0.250000
	pigment { color rgbt <1,0,0,0> }
	no_shadow
}
cylinder {
	<25.561886, 34.601803, 35.765034>,  <25.606020, 34.584351, 35.529774>, 0.100000
	pigment { color rgbt <1,0,0,0> }
	no_shadow
}
cylinder {
	<25.561886, 34.601803, 35.765034>,  <25.488329, 34.630894, 36.157135>, 0.100000
	pigment { color rgbt <1,0,0,0> }
	no_shadow
}

// particle -1
sphere {
	<25.561886, 34.601803, 35.765034> 0.100000
	pigment { color rgbt <1,0,0,0> }
	no_shadow
}
sphere {
	0, 1
	scale<0.080000,0.200000,0.300000>
	matrix <0.943774, 0.291791, 0.155400,
		0.274728, -0.953713, 0.122292,
		0.183890, -0.072723, -0.980253,
		25.617052, 34.579987, 35.470959>
	pigment { color rgbt <0,1,1,0> }
	no_shadow
}
cylinder {
	<25.946585, 34.088669, 35.875832>,  <25.488329, 34.630894, 36.157135>, 0.130000
	pigment { color rgbt <1,0,0,0> }
	no_shadow
}

// nucleotide -1

// particle -1
sphere {
	<25.946585, 34.088669, 35.875832> 0.250000
	pigment { color rgbt <1,0,0,0> }
	no_shadow
}
cylinder {
	<25.995985, 34.413239, 35.647327>,  <26.025625, 34.607979, 35.510223>, 0.100000
	pigment { color rgbt <1,0,0,0> }
	no_shadow
}
cylinder {
	<25.995985, 34.413239, 35.647327>,  <25.946585, 34.088669, 35.875832>, 0.100000
	pigment { color rgbt <1,0,0,0> }
	no_shadow
}

// particle -1
sphere {
	<25.995985, 34.413239, 35.647327> 0.100000
	pigment { color rgbt <1,0,0,0> }
	no_shadow
}
sphere {
	0, 1
	scale<0.080000,0.200000,0.300000>
	matrix <0.929961, 0.106253, 0.351969,
		0.346294, -0.574719, -0.741471,
		0.123500, 0.811424, -0.571261,
		26.033035, 34.656666, 35.475948>
	pigment { color rgbt <0,1,1,0> }
	no_shadow
}
cylinder {
	<26.583227, 34.026127, 35.626183>,  <25.946585, 34.088669, 35.875832>, 0.130000
	pigment { color rgbt <1,0,0,0> }
	no_shadow
}

// nucleotide -1

// particle -1
sphere {
	<26.583227, 34.026127, 35.626183> 0.250000
	pigment { color rgbt <1,0,0,0> }
	no_shadow
}
cylinder {
	<26.491936, 34.413715, 35.588219>,  <26.437160, 34.646267, 35.565441>, 0.100000
	pigment { color rgbt <1,0,0,0> }
	no_shadow
}
cylinder {
	<26.491936, 34.413715, 35.588219>,  <26.583227, 34.026127, 35.626183>, 0.100000
	pigment { color rgbt <1,0,0,0> }
	no_shadow
}

// particle -1
sphere {
	<26.491936, 34.413715, 35.588219> 0.100000
	pigment { color rgbt <1,0,0,0> }
	no_shadow
}
sphere {
	0, 1
	scale<0.080000,0.200000,0.300000>
	matrix <0.874982, 0.246884, 0.416479,
		0.426988, 0.012006, -0.904177,
		-0.228227, 0.968971, -0.094912,
		26.423468, 34.704407, 35.559746>
	pigment { color rgbt <0,1,1,0> }
	no_shadow
}
cylinder {
	<27.153641, 34.317802, 35.305531>,  <26.583227, 34.026127, 35.626183>, 0.130000
	pigment { color rgbt <1,0,0,0> }
	no_shadow
}

// nucleotide -1

// particle -1
sphere {
	<27.153641, 34.317802, 35.305531> 0.250000
	pigment { color rgbt <1,0,0,0> }
	no_shadow
}
cylinder {
	<26.960634, 34.598755, 35.514851>,  <26.844830, 34.767326, 35.640442>, 0.100000
	pigment { color rgbt <1,0,0,0> }
	no_shadow
}
cylinder {
	<26.960634, 34.598755, 35.514851>,  <27.153641, 34.317802, 35.305531>, 0.100000
	pigment { color rgbt <1,0,0,0> }
	no_shadow
}

// particle -1
sphere {
	<26.960634, 34.598755, 35.514851> 0.100000
	pigment { color rgbt <1,0,0,0> }
	no_shadow
}
sphere {
	0, 1
	scale<0.080000,0.200000,0.300000>
	matrix <0.844171, 0.213606, 0.491678,
		0.233563, 0.678998, -0.695995,
		-0.482517, 0.702377, 0.523301,
		26.815880, 34.809467, 35.671841>
	pigment { color rgbt <0,1,1,0> }
	no_shadow
}
cylinder {
	<27.476353, 34.925682, 35.171314>,  <27.153641, 34.317802, 35.305531>, 0.130000
	pigment { color rgbt <1,0,0,0> }
	no_shadow
}

// nucleotide -1

// particle -1
sphere {
	<27.476353, 34.925682, 35.171314> 0.250000
	pigment { color rgbt <1,0,0,0> }
	no_shadow
}
cylinder {
	<27.281397, 34.921635, 35.520565>,  <27.164423, 34.919205, 35.730114>, 0.100000
	pigment { color rgbt <1,0,0,0> }
	no_shadow
}
cylinder {
	<27.281397, 34.921635, 35.520565>,  <27.476353, 34.925682, 35.171314>, 0.100000
	pigment { color rgbt <1,0,0,0> }
	no_shadow
}

// particle -1
sphere {
	<27.281397, 34.921635, 35.520565> 0.100000
	pigment { color rgbt <1,0,0,0> }
	no_shadow
}
sphere {
	0, 1
	scale<0.080000,0.200000,0.300000>
	matrix <0.820809, 0.335793, 0.462078,
		-0.297866, 0.941881, -0.155355,
		-0.487390, -0.010120, 0.873126,
		27.135180, 34.918598, 35.782501>
	pigment { color rgbt <0,1,1,0> }
	no_shadow
}
cylinder {
	<27.704378, 35.547436, 35.421436>,  <27.476353, 34.925682, 35.171314>, 0.130000
	pigment { color rgbt <1,0,0,0> }
	no_shadow
}

// nucleotide -1

// particle -1
sphere {
	<27.704378, 35.547436, 35.421436> 0.250000
	pigment { color rgbt <1,0,0,0> }
	no_shadow
}
cylinder {
	<27.564438, 35.343346, 35.735703>,  <27.480474, 35.220890, 35.924263>, 0.100000
	pigment { color rgbt <1,0,0,0> }
	no_shadow
}
cylinder {
	<27.564438, 35.343346, 35.735703>,  <27.704378, 35.547436, 35.421436>, 0.100000
	pigment { color rgbt <1,0,0,0> }
	no_shadow
}

// particle -1
sphere {
	<27.564438, 35.343346, 35.735703> 0.100000
	pigment { color rgbt <1,0,0,0> }
	no_shadow
}
sphere {
	0, 1
	scale<0.080000,0.200000,0.300000>
	matrix <0.776761, 0.310836, 0.547744,
		-0.523686, 0.801906, 0.287576,
		-0.349850, -0.510224, 0.785669,
		27.459482, 35.190277, 35.971405>
	pigment { color rgbt <0,1,1,0> }
	no_shadow
}
cylinder {
	<27.864563, 35.970821, 35.992825>,  <27.704378, 35.547436, 35.421436>, 0.130000
	pigment { color rgbt <1,0,0,0> }
	no_shadow
}

// nucleotide -1

// particle -1
sphere {
	<27.864563, 35.970821, 35.992825> 0.250000
	pigment { color rgbt <1,0,0,0> }
	no_shadow
}
cylinder {
	<27.763943, 35.622757, 36.162312>,  <27.703571, 35.413918, 36.264004>, 0.100000
	pigment { color rgbt <1,0,0,0> }
	no_shadow
}
cylinder {
	<27.763943, 35.622757, 36.162312>,  <27.864563, 35.970821, 35.992825>, 0.100000
	pigment { color rgbt <1,0,0,0> }
	no_shadow
}

// particle -1
sphere {
	<27.763943, 35.622757, 36.162312> 0.100000
	pigment { color rgbt <1,0,0,0> }
	no_shadow
}
sphere {
	0, 1
	scale<0.080000,0.200000,0.300000>
	matrix <0.769157, 0.086004, 0.633246,
		-0.587469, 0.485200, 0.647658,
		-0.251550, -0.870163, 0.423720,
		27.688478, 35.361710, 36.289429>
	pigment { color rgbt <0,1,1,0> }
	no_shadow
}
cylinder {
	<27.931959, 36.119141, 36.759117>,  <27.864563, 35.970821, 35.992825>, 0.130000
	pigment { color rgbt <1,0,0,0> }
	no_shadow
}

// nucleotide -1

// particle -1
sphere {
	<27.931959, 36.119141, 36.759117> 0.250000
	pigment { color rgbt <1,0,0,0> }
	no_shadow
}
cylinder {
	<27.915968, 35.720947, 36.724659>,  <27.906372, 35.482033, 36.703983>, 0.100000
	pigment { color rgbt <1,0,0,0> }
	no_shadow
}
cylinder {
	<27.915968, 35.720947, 36.724659>,  <27.931959, 36.119141, 36.759117>, 0.100000
	pigment { color rgbt <1,0,0,0> }
	no_shadow
}

// particle -1
sphere {
	<27.915968, 35.720947, 36.724659> 0.100000
	pigment { color rgbt <1,0,0,0> }
	no_shadow
}
sphere {
	0, 1
	scale<0.080000,0.200000,0.300000>
	matrix <0.893158, -0.074254, 0.443571,
		-0.447962, -0.059204, 0.892090,
		-0.039980, -0.995480, -0.086141,
		27.903975, 35.422302, 36.698818>
	pigment { color rgbt <0,1,1,0> }
	no_shadow
}
cylinder {
	<28.073360, 35.783337, 37.380478>,  <27.931959, 36.119141, 36.759117>, 0.130000
	pigment { color rgbt <1,0,0,0> }
	no_shadow
}

// nucleotide -1

// particle -1
sphere {
	<28.073360, 35.783337, 37.380478> 0.250000
	pigment { color rgbt <1,0,0,0> }
	no_shadow
}
cylinder {
	<28.182169, 35.540459, 37.081863>,  <28.247454, 35.394733, 36.902695>, 0.100000
	pigment { color rgbt <1,0,0,0> }
	no_shadow
}
cylinder {
	<28.182169, 35.540459, 37.081863>,  <28.073360, 35.783337, 37.380478>, 0.100000
	pigment { color rgbt <1,0,0,0> }
	no_shadow
}

// particle -1
sphere {
	<28.182169, 35.540459, 37.081863> 0.100000
	pigment { color rgbt <1,0,0,0> }
	no_shadow
}
sphere {
	0, 1
	scale<0.080000,0.200000,0.300000>
	matrix <0.901224, -0.111215, 0.418840,
		-0.337343, -0.786733, 0.516963,
		0.272021, -0.607192, -0.746540,
		28.263775, 35.358299, 36.857903>
	pigment { color rgbt <0,1,1,0> }
	no_shadow
}
cylinder {
	<28.693203, 35.542183, 37.652611>,  <28.073360, 35.783337, 37.380478>, 0.130000
	pigment { color rgbt <1,0,0,0> }
	no_shadow
}

// nucleotide -1

// particle -1
sphere {
	<28.693203, 35.542183, 37.652611> 0.250000
	pigment { color rgbt <1,0,0,0> }
	no_shadow
}
cylinder {
	<28.672033, 35.381329, 37.286991>,  <28.659332, 35.284817, 37.067619>, 0.100000
	pigment { color rgbt <1,0,0,0> }
	no_shadow
}
cylinder {
	<28.672033, 35.381329, 37.286991>,  <28.693203, 35.542183, 37.652611>, 0.100000
	pigment { color rgbt <1,0,0,0> }
	no_shadow
}

// particle -1
sphere {
	<28.672033, 35.381329, 37.286991> 0.100000
	pigment { color rgbt <1,0,0,0> }
	no_shadow
}
sphere {
	0, 1
	scale<0.080000,0.200000,0.300000>
	matrix <0.967412, -0.247613, 0.052924,
		-0.247613, -0.881460, 0.402139,
		-0.052924, -0.402139, -0.914048,
		28.656157, 35.260689, 37.012775>
	pigment { color rgbt <0,1,1,0> }
	no_shadow
}
cylinder {
	<28.630404, 34.781116, 37.592056>,  <28.693203, 35.542183, 37.652611>, 0.130000
	pigment { color rgbt <1,0,0,0> }
	no_shadow
}

// nucleotide -1

// particle -1
sphere {
	<28.630404, 34.781116, 37.592056> 0.250000
	pigment { color rgbt <1,0,0,0> }
	no_shadow
}
cylinder {
	<28.813396, 34.942097, 37.274883>,  <28.923193, 35.038685, 37.084579>, 0.100000
	pigment { color rgbt <1,0,0,0> }
	no_shadow
}
cylinder {
	<28.813396, 34.942097, 37.274883>,  <28.630404, 34.781116, 37.592056>, 0.100000
	pigment { color rgbt <1,0,0,0> }
	no_shadow
}

// particle -1
sphere {
	<28.813396, 34.942097, 37.274883> 0.100000
	pigment { color rgbt <1,0,0,0> }
	no_shadow
}
sphere {
	0, 1
	scale<0.080000,0.200000,0.300000>
	matrix <0.853709, -0.448261, 0.265035,
		-0.248778, -0.798183, -0.548648,
		0.457483, 0.402450, -0.792933,
		28.950642, 35.062832, 37.037003>
	pigment { color rgbt <0,1,1,0> }
	no_shadow
}
cylinder {
	<28.750483, 34.316616, 36.916271>,  <28.630404, 34.781116, 37.592056>, 0.130000
	pigment { color rgbt <1,0,0,0> }
	no_shadow
}

// nucleotide -1

// particle -1
sphere {
	<28.750483, 34.316616, 36.916271> 0.250000
	pigment { color rgbt <1,0,0,0> }
	no_shadow
}
cylinder {
	<29.026737, 34.594574, 36.996414>,  <29.192490, 34.761349, 37.044502>, 0.100000
	pigment { color rgbt <1,0,0,0> }
	no_shadow
}
cylinder {
	<29.026737, 34.594574, 36.996414>,  <28.750483, 34.316616, 36.916271>, 0.100000
	pigment { color rgbt <1,0,0,0> }
	no_shadow
}

// particle -1
sphere {
	<29.026737, 34.594574, 36.996414> 0.100000
	pigment { color rgbt <1,0,0,0> }
	no_shadow
}
sphere {
	0, 1
	scale<0.080000,0.200000,0.300000>
	matrix <0.670534, -0.719067, 0.182556,
		0.270929, 0.008269, -0.962564,
		0.690638, 0.694891, 0.200361,
		29.233929, 34.803040, 37.056522>
	pigment { color rgbt <0,1,1,0> }
	no_shadow
}
cylinder {
	<28.563652, 34.336071, 36.231178>,  <28.750483, 34.316616, 36.916271>, 0.130000
	pigment { color rgbt <1,0,0,0> }
	no_shadow
}

// nucleotide -1

// particle -1
sphere {
	<28.563652, 34.336071, 36.231178> 0.250000
	pigment { color rgbt <1,0,0,0> }
	no_shadow
}
cylinder {
	<28.420300, 34.604897, 36.490376>,  <28.334288, 34.766193, 36.645893>, 0.100000
	pigment { color rgbt <1,0,0,0> }
	no_shadow
}
cylinder {
	<28.420300, 34.604897, 36.490376>,  <28.563652, 34.336071, 36.231178>, 0.100000
	pigment { color rgbt <1,0,0,0> }
	no_shadow
}

// particle -1
sphere {
	<28.420300, 34.604897, 36.490376> 0.100000
	pigment { color rgbt <1,0,0,0> }
	no_shadow
}
sphere {
	0, 1
	scale<0.080000,0.200000,0.300000>
	matrix <-0.924935, -0.161381, -0.344169,
		-0.126729, -0.722696, 0.679449,
		-0.358380, 0.672062, 0.647995,
		28.312786, 34.806515, 36.684772>
	pigment { color rgbt <0,1,1,0> }
	no_shadow
}
cylinder {
	<27.957329, 34.115639, 36.447498>,  <28.563652, 34.336071, 36.231178>, 0.130000
	pigment { color rgbt <1,0,0,0> }
	no_shadow
}

// nucleotide -1

// particle -1
sphere {
	<27.957329, 34.115639, 36.447498> 0.250000
	pigment { color rgbt <1,0,0,0> }
	no_shadow
}
cylinder {
	<27.923767, 34.503918, 36.537563>,  <27.903629, 34.736885, 36.591602>, 0.100000
	pigment { color rgbt <1,0,0,0> }
	no_shadow
}
cylinder {
	<27.923767, 34.503918, 36.537563>,  <27.957329, 34.115639, 36.447498>, 0.100000
	pigment { color rgbt <1,0,0,0> }
	no_shadow
}

// particle -1
sphere {
	<27.923767, 34.503918, 36.537563> 0.100000
	pigment { color rgbt <1,0,0,0> }
	no_shadow
}
sphere {
	0, 1
	scale<0.080000,0.200000,0.300000>
	matrix <-0.956232, -0.014871, -0.292231,
		-0.280321, -0.239827, 0.929464,
		-0.083907, 0.970702, 0.225162,
		27.898596, 34.795128, 36.605110>
	pigment { color rgbt <0,1,1,0> }
	no_shadow
}
cylinder {
	<27.368265, 34.256523, 36.899899>,  <27.957329, 34.115639, 36.447498>, 0.130000
	pigment { color rgbt <1,0,0,0> }
	no_shadow
}

// nucleotide -1

// particle -1
sphere {
	<27.368265, 34.256523, 36.899899> 0.250000
	pigment { color rgbt <1,0,0,0> }
	no_shadow
}
cylinder {
	<27.461800, 34.599571, 36.716682>,  <27.517920, 34.805401, 36.606754>, 0.100000
	pigment { color rgbt <1,0,0,0> }
	no_shadow
}
cylinder {
	<27.461800, 34.599571, 36.716682>,  <27.368265, 34.256523, 36.899899>, 0.100000
	pigment { color rgbt <1,0,0,0> }
	no_shadow
}

// particle -1
sphere {
	<27.461800, 34.599571, 36.716682> 0.100000
	pigment { color rgbt <1,0,0,0> }
	no_shadow
}
sphere {
	0, 1
	scale<0.080000,0.200000,0.300000>
	matrix <-0.930112, 0.060087, -0.362328,
		-0.283219, 0.510755, 0.811737,
		0.233836, 0.857624, -0.458041,
		27.531950, 34.856857, 36.579269>
	pigment { color rgbt <0,1,1,0> }
	no_shadow
}
cylinder {
	<26.784935, 34.583164, 36.966351>,  <27.368265, 34.256523, 36.899899>, 0.130000
	pigment { color rgbt <1,0,0,0> }
	no_shadow
}

// nucleotide -1

// particle -1
sphere {
	<26.784935, 34.583164, 36.966351> 0.250000
	pigment { color rgbt <1,0,0,0> }
	no_shadow
}
cylinder {
	<26.984610, 34.783356, 36.683411>,  <27.104414, 34.903469, 36.513649>, 0.100000
	pigment { color rgbt <1,0,0,0> }
	no_shadow
}
cylinder {
	<26.984610, 34.783356, 36.683411>,  <26.784935, 34.583164, 36.966351>, 0.100000
	pigment { color rgbt <1,0,0,0> }
	no_shadow
}

// particle -1
sphere {
	<26.984610, 34.783356, 36.683411> 0.100000
	pigment { color rgbt <1,0,0,0> }
	no_shadow
}
sphere {
	0, 1
	scale<0.080000,0.200000,0.300000>
	matrix <-0.845034, 0.100620, -0.525160,
		-0.191656, 0.859884, 0.473147,
		0.499184, 0.500475, -0.707347,
		27.134365, 34.933498, 36.471207>
	pigment { color rgbt <0,1,1,0> }
	no_shadow
}
cylinder {
	<26.465818, 35.250893, 36.875343>,  <26.784935, 34.583164, 36.966351>, 0.130000
	pigment { color rgbt <1,0,0,0> }
	no_shadow
}

// nucleotide -1

// particle -1
sphere {
	<26.465818, 35.250893, 36.875343> 0.250000
	pigment { color rgbt <1,0,0,0> }
	no_shadow
}
cylinder {
	<26.654163, 35.145924, 36.538433>,  <26.767170, 35.082943, 36.336288>, 0.100000
	pigment { color rgbt <1,0,0,0> }
	no_shadow
}
cylinder {
	<26.654163, 35.145924, 36.538433>,  <26.465818, 35.250893, 36.875343>, 0.100000
	pigment { color rgbt <1,0,0,0> }
	no_shadow
}

// particle -1
sphere {
	<26.654163, 35.145924, 36.538433> 0.100000
	pigment { color rgbt <1,0,0,0> }
	no_shadow
}
sphere {
	0, 1
	scale<0.080000,0.200000,0.300000>
	matrix <-0.870431, 0.017280, -0.491987,
		0.143664, 0.964798, -0.220285,
		0.470861, -0.262424, -0.842273,
		26.795422, 35.067196, 36.285751>
	pigment { color rgbt <0,1,1,0> }
	no_shadow
}
cylinder {
	<25.873667, 35.630596, 37.085533>,  <26.465818, 35.250893, 36.875343>, 0.130000
	pigment { color rgbt <1,0,0,0> }
	no_shadow
}

// nucleotide -1

// particle -1
sphere {
	<25.873667, 35.630596, 37.085533> 0.250000
	pigment { color rgbt <1,0,0,0> }
	no_shadow
}
cylinder {
	<26.153406, 35.806587, 37.310860>,  <26.321249, 35.912182, 37.446056>, 0.100000
	pigment { color rgbt <1,0,0,0> }
	no_shadow
}
cylinder {
	<26.153406, 35.806587, 37.310860>,  <25.873667, 35.630596, 37.085533>, 0.100000
	pigment { color rgbt <1,0,0,0> }
	no_shadow
}

// particle -1
sphere {
	<26.153406, 35.806587, 37.310860> 0.100000
	pigment { color rgbt <1,0,0,0> }
	no_shadow
}
sphere {
	0, 1
	scale<0.080000,0.200000,0.300000>
	matrix <-0.714740, 0.421971, 0.557752,
		0.007696, -0.792690, 0.609576,
		0.699348, 0.439981, 0.563320,
		26.363211, 35.938580, 37.479855>
	pigment { color rgbt <0,1,1,0> }
	no_shadow
}
cylinder {
	<26.129690, 35.647339, 36.346317>,  <25.873667, 35.630596, 37.085533>, 0.130000
	pigment { color rgbt <1,0,0,0> }
	no_shadow
}

// nucleotide -1

// particle -1
sphere {
	<26.129690, 35.647339, 36.346317> 0.250000
	pigment { color rgbt <1,0,0,0> }
	no_shadow
}
cylinder {
	<26.360691, 35.385914, 36.150623>,  <26.499292, 35.229057, 36.033207>, 0.100000
	pigment { color rgbt <1,0,0,0> }
	no_shadow
}
cylinder {
	<26.360691, 35.385914, 36.150623>,  <26.129690, 35.647339, 36.346317>, 0.100000
	pigment { color rgbt <1,0,0,0> }
	no_shadow
}

// particle -1
sphere {
	<26.360691, 35.385914, 36.150623> 0.100000
	pigment { color rgbt <1,0,0,0> }
	no_shadow
}
sphere {
	0, 1
	scale<0.080000,0.200000,0.300000>
	matrix <-0.684167, -0.060485, -0.726813,
		0.445426, 0.754453, -0.482075,
		0.577504, -0.653561, -0.489230,
		26.533943, 35.189846, 36.003853>
	pigment { color rgbt <0,1,1,0> }
	no_shadow
}
cylinder {
	<26.192627, 35.929672, 35.676636>,  <26.129690, 35.647339, 36.346317>, 0.130000
	pigment { color rgbt <1,0,0,0> }
	no_shadow
}

// nucleotide -1

// particle -1
sphere {
	<26.192627, 35.929672, 35.676636> 0.250000
	pigment { color rgbt <1,0,0,0> }
	no_shadow
}
cylinder {
	<26.243013, 35.533669, 35.651310>,  <26.273245, 35.296066, 35.636116>, 0.100000
	pigment { color rgbt <1,0,0,0> }
	no_shadow
}
cylinder {
	<26.243013, 35.533669, 35.651310>,  <26.192627, 35.929672, 35.676636>, 0.100000
	pigment { color rgbt <1,0,0,0> }
	no_shadow
}

// particle -1
sphere {
	<26.243013, 35.533669, 35.651310> 0.100000
	pigment { color rgbt <1,0,0,0> }
	no_shadow
}
sphere {
	0, 1
	scale<0.080000,0.200000,0.300000>
	matrix <-0.720217, -0.047373, -0.692129,
		0.682217, 0.132785, -0.718991,
		0.125965, -0.990012, -0.063315,
		26.280804, 35.236664, 35.632317>
	pigment { color rgbt <0,1,1,0> }
	no_shadow
}
cylinder {
	<26.139914, 35.769718, 34.980713>,  <26.192627, 35.929672, 35.676636>, 0.130000
	pigment { color rgbt <1,0,0,0> }
	no_shadow
}

// nucleotide -1

// particle -1
sphere {
	<26.139914, 35.769718, 34.980713> 0.250000
	pigment { color rgbt <1,0,0,0> }
	no_shadow
}
cylinder {
	<26.057436, 35.422035, 35.160477>,  <26.007950, 35.213425, 35.268333>, 0.100000
	pigment { color rgbt <1,0,0,0> }
	no_shadow
}
cylinder {
	<26.057436, 35.422035, 35.160477>,  <26.139914, 35.769718, 34.980713>, 0.100000
	pigment { color rgbt <1,0,0,0> }
	no_shadow
}

// particle -1
sphere {
	<26.057436, 35.422035, 35.160477> 0.100000
	pigment { color rgbt <1,0,0,0> }
	no_shadow
}
sphere {
	0, 1
	scale<0.080000,0.200000,0.300000>
	matrix <-0.858299, -0.059896, -0.509642,
		0.469900, -0.490814, -0.733686,
		-0.206195, -0.869203, 0.449410,
		25.995577, 35.161274, 35.295300>
	pigment { color rgbt <0,1,1,0> }
	no_shadow
}
cylinder {
	<25.804546, 35.315193, 34.607010>,  <26.139914, 35.769718, 34.980713>, 0.130000
	pigment { color rgbt <1,0,0,0> }
	no_shadow
}

// nucleotide -1

// particle -1
sphere {
	<25.804546, 35.315193, 34.607010> 0.250000
	pigment { color rgbt <1,0,0,0> }
	no_shadow
}
cylinder {
	<25.665375, 35.082451, 34.901054>,  <25.581873, 34.942806, 35.077480>, 0.100000
	pigment { color rgbt <1,0,0,0> }
	no_shadow
}
cylinder {
	<25.665375, 35.082451, 34.901054>,  <25.804546, 35.315193, 34.607010>, 0.100000
	pigment { color rgbt <1,0,0,0> }
	no_shadow
}

// particle -1
sphere {
	<25.665375, 35.082451, 34.901054> 0.100000
	pigment { color rgbt <1,0,0,0> }
	no_shadow
}
sphere {
	0, 1
	scale<0.080000,0.200000,0.300000>
	matrix <-0.813270, -0.202771, -0.545413,
		0.466411, -0.787611, -0.402654,
		-0.347927, -0.581853, 0.735115,
		25.560997, 34.907894, 35.121590>
	pigment { color rgbt <0,1,1,0> }
	no_shadow
}
cylinder {
	<25.479406, 34.832661, 34.201363>,  <25.804546, 35.315193, 34.607010>, 0.130000
	pigment { color rgbt <1,0,0,0> }
	no_shadow
}

// nucleotide -1

// particle -1
sphere {
	<25.479406, 34.832661, 34.201363> 0.250000
	pigment { color rgbt <1,0,0,0> }
	no_shadow
}
cylinder {
	<25.359695, 34.743904, 34.572567>,  <25.287868, 34.690651, 34.795288>, 0.100000
	pigment { color rgbt <1,0,0,0> }
	no_shadow
}
cylinder {
	<25.359695, 34.743904, 34.572567>,  <25.479406, 34.832661, 34.201363>, 0.100000
	pigment { color rgbt <1,0,0,0> }
	no_shadow
}

// particle -1
sphere {
	<25.359695, 34.743904, 34.572567> 0.100000
	pigment { color rgbt <1,0,0,0> }
	no_shadow
}
sphere {
	0, 1
	scale<0.080000,0.200000,0.300000>
	matrix <-0.907478, -0.234318, -0.348682,
		0.294819, -0.946498, -0.131238,
		-0.299275, -0.221894, 0.928007,
		25.269913, 34.677338, 34.850967>
	pigment { color rgbt <0,1,1,0> }
	no_shadow
}
cylinder {
	<25.738701, 34.133171, 33.801991>,  <25.479406, 34.832661, 34.201363>, 0.130000
	pigment { color rgbt <1,0,0,0> }
	no_shadow
}

// nucleotide -1

// particle -1
sphere {
	<25.738701, 34.133171, 33.801991> 0.250000
	pigment { color rgbt <1,0,0,0> }
	no_shadow
}
cylinder {
	<26.024950, 34.119164, 33.522945>,  <26.196699, 34.110760, 33.355518>, 0.100000
	pigment { color rgbt <1,0,0,0> }
	no_shadow
}
cylinder {
	<26.024950, 34.119164, 33.522945>,  <25.738701, 34.133171, 33.801991>, 0.100000
	pigment { color rgbt <1,0,0,0> }
	no_shadow
}

// particle -1
sphere {
	<26.024950, 34.119164, 33.522945> 0.100000
	pigment { color rgbt <1,0,0,0> }
	no_shadow
}
sphere {
	0, 1
	scale<0.080000,0.200000,0.300000>
	matrix <0.082104, -0.987601, 0.133803,
		-0.693646, -0.153029, -0.703873,
		0.715621, -0.035021, -0.697610,
		26.239637, 34.108658, 33.313663>
	pigment { color rgbt <0,1,1,0> }
	no_shadow
}
cylinder {
	<25.621326, 33.677010, 33.150269>,  <25.738701, 34.133171, 33.801991>, 0.130000
	pigment { color rgbt <1,0,0,0> }
	no_shadow
}

// nucleotide -1

// particle -1
sphere {
	<25.621326, 33.677010, 33.150269> 0.250000
	pigment { color rgbt <1,0,0,0> }
	no_shadow
}
cylinder {
	<26.016870, 33.695450, 33.206879>,  <26.254196, 33.706512, 33.240845>, 0.100000
	pigment { color rgbt <1,0,0,0> }
	no_shadow
}
cylinder {
	<26.016870, 33.695450, 33.206879>,  <25.621326, 33.677010, 33.150269>, 0.100000
	pigment { color rgbt <1,0,0,0> }
	no_shadow
}

// particle -1
sphere {
	<26.016870, 33.695450, 33.206879> 0.100000
	pigment { color rgbt <1,0,0,0> }
	no_shadow
}
sphere {
	0, 1
	scale<0.080000,0.200000,0.300000>
	matrix <0.022801, -0.986521, 0.162042,
		0.147090, -0.157010, -0.976582,
		0.988860, 0.046102, 0.141528,
		26.313528, 33.709282, 33.249336>
	pigment { color rgbt <0,1,1,0> }
	no_shadow
}
cylinder {
	<25.994589, 33.186272, 32.662441>,  <25.621326, 33.677010, 33.150269>, 0.130000
	pigment { color rgbt <1,0,0,0> }
	no_shadow
}

// nucleotide -1

// particle -1
sphere {
	<25.994589, 33.186272, 32.662441> 0.250000
	pigment { color rgbt <1,0,0,0> }
	no_shadow
}
cylinder {
	<26.242886, 33.247311, 32.970051>,  <26.391863, 33.283936, 33.154617>, 0.100000
	pigment { color rgbt <1,0,0,0> }
	no_shadow
}
cylinder {
	<26.242886, 33.247311, 32.970051>,  <25.994589, 33.186272, 32.662441>, 0.100000
	pigment { color rgbt <1,0,0,0> }
	no_shadow
}

// particle -1
sphere {
	<26.242886, 33.247311, 32.970051> 0.100000
	pigment { color rgbt <1,0,0,0> }
	no_shadow
}
sphere {
	0, 1
	scale<0.080000,0.200000,0.300000>
	matrix <0.113828, -0.988024, 0.104173,
		0.775708, 0.022872, -0.630677,
		0.620741, 0.152597, 0.769022,
		26.429108, 33.293091, 33.200756>
	pigment { color rgbt <0,1,1,0> }
	no_shadow
}
cylinder {
	<26.726713, 33.025318, 32.482456>,  <25.994589, 33.186272, 32.662441>, 0.130000
	pigment { color rgbt <1,0,0,0> }
	no_shadow
}

// nucleotide -1

// particle -1
sphere {
	<26.726713, 33.025318, 32.482456> 0.250000
	pigment { color rgbt <1,0,0,0> }
	no_shadow
}
cylinder {
	<26.681185, 32.979786, 32.877239>,  <26.653868, 32.952469, 33.114109>, 0.100000
	pigment { color rgbt <1,0,0,0> }
	no_shadow
}
cylinder {
	<26.681185, 32.979786, 32.877239>,  <26.726713, 33.025318, 32.482456>, 0.100000
	pigment { color rgbt <1,0,0,0> }
	no_shadow
}

// particle -1
sphere {
	<26.681185, 32.979786, 32.877239> 0.100000
	pigment { color rgbt <1,0,0,0> }
	no_shadow
}
sphere {
	0, 1
	scale<0.080000,0.200000,0.300000>
	matrix <0.140927, -0.985220, -0.097373,
		0.983455, 0.128006, 0.128181,
		-0.113822, -0.113826, 0.986959,
		26.647038, 32.945637, 33.173328>
	pigment { color rgbt <0,1,1,0> }
	no_shadow
}
cylinder {
	<27.330730, 32.704895, 32.832493>,  <26.726713, 33.025318, 32.482456>, 0.130000
	pigment { color rgbt <1,0,0,0> }
	no_shadow
}

// nucleotide -1

// particle -1
sphere {
	<27.330730, 32.704895, 32.832493> 0.250000
	pigment { color rgbt <1,0,0,0> }
	no_shadow
}
cylinder {
	<26.999275, 32.602901, 33.031830>,  <26.800402, 32.541706, 33.151432>, 0.100000
	pigment { color rgbt <1,0,0,0> }
	no_shadow
}
cylinder {
	<26.999275, 32.602901, 33.031830>,  <27.330730, 32.704895, 32.832493>, 0.100000
	pigment { color rgbt <1,0,0,0> }
	no_shadow
}

// particle -1
sphere {
	<26.999275, 32.602901, 33.031830> 0.100000
	pigment { color rgbt <1,0,0,0> }
	no_shadow
}
sphere {
	0, 1
	scale<0.080000,0.200000,0.300000>
	matrix <0.166026, -0.962125, -0.216219,
		0.534597, -0.096430, 0.839588,
		-0.828638, -0.254983, 0.498339,
		26.750683, 32.526405, 33.181332>
	pigment { color rgbt <0,1,1,0> }
	no_shadow
}
cylinder {
	<27.428131, 32.194984, 33.410011>,  <27.330730, 32.704895, 32.832493>, 0.130000
	pigment { color rgbt <1,0,0,0> }
	no_shadow
}

// nucleotide -1

// particle -1
sphere {
	<27.428131, 32.194984, 33.410011> 0.250000
	pigment { color rgbt <1,0,0,0> }
	no_shadow
}
cylinder {
	<27.051567, 32.157585, 33.280396>,  <26.825628, 32.135147, 33.202625>, 0.100000
	pigment { color rgbt <1,0,0,0> }
	no_shadow
}
cylinder {
	<27.051567, 32.157585, 33.280396>,  <27.428131, 32.194984, 33.410011>, 0.100000
	pigment { color rgbt <1,0,0,0> }
	no_shadow
}

// particle -1
sphere {
	<27.051567, 32.157585, 33.280396> 0.100000
	pigment { color rgbt <1,0,0,0> }
	no_shadow
}
sphere {
	0, 1
	scale<0.080000,0.200000,0.300000>
	matrix <0.091712, -0.995568, 0.020811,
		-0.324552, -0.010126, 0.945814,
		-0.941411, -0.093497, -0.324042,
		26.769144, 32.129536, 33.183182>
	pigment { color rgbt <0,1,1,0> }
	no_shadow
}
cylinder {
	<27.286694, 31.858477, 33.909672>,  <27.428131, 32.194984, 33.410011>, 0.130000
	pigment { color rgbt <1,0,0,0> }
	no_shadow
}

// nucleotide -1

// particle -1
sphere {
	<27.286694, 31.858477, 33.909672> 0.250000
	pigment { color rgbt <1,0,0,0> }
	no_shadow
}
cylinder {
	<27.037081, 31.806973, 33.601383>,  <26.887314, 31.776070, 33.416412>, 0.100000
	pigment { color rgbt <1,0,0,0> }
	no_shadow
}
cylinder {
	<27.037081, 31.806973, 33.601383>,  <27.286694, 31.858477, 33.909672>, 0.100000
	pigment { color rgbt <1,0,0,0> }
	no_shadow
}

// particle -1
sphere {
	<27.037081, 31.806973, 33.601383> 0.100000
	pigment { color rgbt <1,0,0,0> }
	no_shadow
}
sphere {
	0, 1
	scale<0.080000,0.200000,0.300000>
	matrix <0.165103, -0.985789, 0.031013,
		-0.763758, -0.107895, 0.636422,
		-0.624031, -0.128761, -0.770717,
		26.849871, 31.768345, 33.370167>
	pigment { color rgbt <0,1,1,0> }
	no_shadow
}
cylinder {
	<26.922026, 31.360273, 34.180092>,  <27.286694, 31.858477, 33.909672>, 0.130000
	pigment { color rgbt <1,0,0,0> }
	no_shadow
}

// nucleotide -1

// particle -1
sphere {
	<26.922026, 31.360273, 34.180092> 0.250000
	pigment { color rgbt <1,0,0,0> }
	no_shadow
}
cylinder {
	<26.835907, 31.329935, 33.790653>,  <26.784237, 31.311731, 33.556988>, 0.100000
	pigment { color rgbt <1,0,0,0> }
	no_shadow
}
cylinder {
	<26.835907, 31.329935, 33.790653>,  <26.922026, 31.360273, 34.180092>, 0.100000
	pigment { color rgbt <1,0,0,0> }
	no_shadow
}

// particle -1
sphere {
	<26.835907, 31.329935, 33.790653> 0.100000
	pigment { color rgbt <1,0,0,0> }
	no_shadow
}
sphere {
	0, 1
	scale<0.080000,0.200000,0.300000>
	matrix <0.003962, -0.997039, 0.076797,
		-0.976541, 0.012676, 0.214958,
		-0.215295, -0.075847, -0.973599,
		26.771318, 31.307180, 33.498573>
	pigment { color rgbt <0,1,1,0> }
	no_shadow
}
cylinder {
	<26.375872, 30.882128, 34.148209>,  <26.922026, 31.360273, 34.180092>, 0.130000
	pigment { color rgbt <1,0,0,0> }
	no_shadow
}

// nucleotide -1

// particle -1
sphere {
	<26.375872, 30.882128, 34.148209> 0.250000
	pigment { color rgbt <1,0,0,0> }
	no_shadow
}
cylinder {
	<26.555670, 30.876638, 33.790939>,  <26.663548, 30.873344, 33.576576>, 0.100000
	pigment { color rgbt <1,0,0,0> }
	no_shadow
}
cylinder {
	<26.555670, 30.876638, 33.790939>,  <26.375872, 30.882128, 34.148209>, 0.100000
	pigment { color rgbt <1,0,0,0> }
	no_shadow
}

// particle -1
sphere {
	<26.555670, 30.876638, 33.790939> 0.100000
	pigment { color rgbt <1,0,0,0> }
	no_shadow
}
sphere {
	0, 1
	scale<0.080000,0.200000,0.300000>
	matrix <-0.006744, -0.999906, 0.011971,
		-0.893258, 0.000643, -0.449544,
		0.449494, -0.013725, -0.893178,
		26.690517, 30.872520, 33.522987>
	pigment { color rgbt <0,1,1,0> }
	no_shadow
}
cylinder {
	<26.305096, 30.295801, 33.533424>,  <26.375872, 30.882128, 34.148209>, 0.130000
	pigment { color rgbt <1,0,0,0> }
	no_shadow
}

// nucleotide -1

// particle -1
sphere {
	<26.305096, 30.295801, 33.533424> 0.250000
	pigment { color rgbt <1,0,0,0> }
	no_shadow
}
cylinder {
	<26.394850, 30.507383, 33.206043>,  <26.448702, 30.634333, 33.009617>, 0.100000
	pigment { color rgbt <1,0,0,0> }
	no_shadow
}
cylinder {
	<26.394850, 30.507383, 33.206043>,  <26.305096, 30.295801, 33.533424>, 0.100000
	pigment { color rgbt <1,0,0,0> }
	no_shadow
}

// particle -1
sphere {
	<26.394850, 30.507383, 33.206043> 0.100000
	pigment { color rgbt <1,0,0,0> }
	no_shadow
}
sphere {
	0, 1
	scale<0.080000,0.200000,0.300000>
	matrix <0.291969, -0.837774, -0.461398,
		-0.929735, -0.135432, -0.342420,
		0.224383, 0.528954, -0.818450,
		26.462164, 30.666069, 32.960506>
	pigment { color rgbt <0,1,1,0> }
	no_shadow
}
cylinder {
	<25.959593, 30.072985, 32.903992>,  <26.305096, 30.295801, 33.533424>, 0.130000
	pigment { color rgbt <1,0,0,0> }
	no_shadow
}

// nucleotide -1

// particle -1
sphere {
	<25.959593, 30.072985, 32.903992> 0.250000
	pigment { color rgbt <1,0,0,0> }
	no_shadow
}
cylinder {
	<26.330156, 30.207096, 32.835464>,  <26.552494, 30.287563, 32.794346>, 0.100000
	pigment { color rgbt <1,0,0,0> }
	no_shadow
}
cylinder {
	<26.330156, 30.207096, 32.835464>,  <25.959593, 30.072985, 32.903992>, 0.100000
	pigment { color rgbt <1,0,0,0> }
	no_shadow
}

// particle -1
sphere {
	<26.330156, 30.207096, 32.835464> 0.100000
	pigment { color rgbt <1,0,0,0> }
	no_shadow
}
sphere {
	0, 1
	scale<0.080000,0.200000,0.300000>
	matrix <0.281985, -0.919351, -0.274368,
		-0.249493, 0.205868, -0.946241,
		0.926411, 0.335279, -0.171320,
		26.608080, 30.307680, 32.784069>
	pigment { color rgbt <0,1,1,0> }
	no_shadow
}
cylinder {
	<26.270258, 29.833752, 32.193504>,  <25.959593, 30.072985, 32.903992>, 0.130000
	pigment { color rgbt <1,0,0,0> }
	no_shadow
}

// nucleotide -1

// particle -1
sphere {
	<26.270258, 29.833752, 32.193504> 0.250000
	pigment { color rgbt <1,0,0,0> }
	no_shadow
}
cylinder {
	<26.578478, 29.923588, 32.432106>,  <26.763411, 29.977489, 32.575268>, 0.100000
	pigment { color rgbt <1,0,0,0> }
	no_shadow
}
cylinder {
	<26.578478, 29.923588, 32.432106>,  <26.270258, 29.833752, 32.193504>, 0.100000
	pigment { color rgbt <1,0,0,0> }
	no_shadow
}

// particle -1
sphere {
	<26.578478, 29.923588, 32.432106> 0.100000
	pigment { color rgbt <1,0,0,0> }
	no_shadow
}
sphere {
	0, 1
	scale<0.080000,0.200000,0.300000>
	matrix <0.431429, -0.872666, -0.228743,
		0.469172, 0.433606, -0.769327,
		0.770549, 0.224590, 0.596501,
		26.809643, 29.990965, 32.611057>
	pigment { color rgbt <0,1,1,0> }
	no_shadow
}
cylinder {
	<26.645639, 29.293432, 32.041660>,  <26.270258, 29.833752, 32.193504>, 0.130000
	pigment { color rgbt <1,0,0,0> }
	no_shadow
}

// nucleotide -1

// particle -1
sphere {
	<26.645639, 29.293432, 32.041660> 0.250000
	pigment { color rgbt <1,0,0,0> }
	no_shadow
}
cylinder {
	<26.852242, 29.454285, 32.344055>,  <26.976202, 29.550797, 32.525490>, 0.100000
	pigment { color rgbt <1,0,0,0> }
	no_shadow
}
cylinder {
	<26.852242, 29.454285, 32.344055>,  <26.645639, 29.293432, 32.041660>, 0.100000
	pigment { color rgbt <1,0,0,0> }
	no_shadow
}

// particle -1
sphere {
	<26.852242, 29.454285, 32.344055> 0.100000
	pigment { color rgbt <1,0,0,0> }
	no_shadow
}
sphere {
	0, 1
	scale<0.080000,0.200000,0.300000>
	matrix <0.620257, -0.784372, -0.006543,
		0.590342, 0.472284, -0.654557,
		0.516506, 0.402130, 0.755985,
		27.007193, 29.574924, 32.570850>
	pigment { color rgbt <0,1,1,0> }
	no_shadow
}
cylinder {
	<26.949423, 28.569029, 32.159763>,  <26.645639, 29.293432, 32.041660>, 0.130000
	pigment { color rgbt <1,0,0,0> }
	no_shadow
}

// nucleotide -1

// particle -1
sphere {
	<26.949423, 28.569029, 32.159763> 0.250000
	pigment { color rgbt <1,0,0,0> }
	no_shadow
}
cylinder {
	<27.316967, 28.572809, 32.317551>,  <27.537495, 28.575077, 32.412224>, 0.100000
	pigment { color rgbt <1,0,0,0> }
	no_shadow
}
cylinder {
	<27.316967, 28.572809, 32.317551>,  <26.949423, 28.569029, 32.159763>, 0.100000
	pigment { color rgbt <1,0,0,0> }
	no_shadow
}

// particle -1
sphere {
	<27.316967, 28.572809, 32.317551> 0.100000
	pigment { color rgbt <1,0,0,0> }
	no_shadow
}
sphere {
	0, 1
	scale<0.080000,0.200000,0.300000>
	matrix <-0.269086, 0.746188, 0.608931,
		-0.288591, -0.665669, 0.688186,
		0.918862, 0.009449, 0.394466,
		27.592627, 28.575644, 32.435890>
	pigment { color rgbt <0,1,1,0> }
	no_shadow
}
cylinder {
	<26.914671, 28.553234, 32.758438>,  <26.949423, 28.569029, 32.159763>, 0.130000
	pigment { color rgbt <1,0,0,0> }
	no_shadow
}

// nucleotide -1

// particle -1
sphere {
	<26.914671, 28.553234, 32.758438> 0.250000
	pigment { color rgbt <1,0,0,0> }
	no_shadow
}
cylinder {
	<27.261189, 28.738182, 32.682808>,  <27.469099, 28.849152, 32.637432>, 0.100000
	pigment { color rgbt <1,0,0,0> }
	no_shadow
}
cylinder {
	<27.261189, 28.738182, 32.682808>,  <26.914671, 28.553234, 32.758438>, 0.100000
	pigment { color rgbt <1,0,0,0> }
	no_shadow
}

// particle -1
sphere {
	<27.261189, 28.738182, 32.682808> 0.100000
	pigment { color rgbt <1,0,0,0> }
	no_shadow
}
sphere {
	0, 1
	scale<0.080000,0.200000,0.300000>
	matrix <-0.297268, 0.781353, 0.548744,
		0.401455, -0.419168, 0.814329,
		0.866294, 0.462370, -0.189073,
		27.521076, 28.876894, 32.626087>
	pigment { color rgbt <0,1,1,0> }
	no_shadow
}
cylinder {
	<26.991158, 29.080341, 33.337013>,  <26.914671, 28.553234, 32.758438>, 0.130000
	pigment { color rgbt <1,0,0,0> }
	no_shadow
}

// nucleotide -1

// particle -1
sphere {
	<26.991158, 29.080341, 33.337013> 0.250000
	pigment { color rgbt <1,0,0,0> }
	no_shadow
}
cylinder {
	<27.304399, 29.201387, 33.119694>,  <27.492346, 29.274015, 32.989304>, 0.100000
	pigment { color rgbt <1,0,0,0> }
	no_shadow
}
cylinder {
	<27.304399, 29.201387, 33.119694>,  <26.991158, 29.080341, 33.337013>, 0.100000
	pigment { color rgbt <1,0,0,0> }
	no_shadow
}

// particle -1
sphere {
	<27.304399, 29.201387, 33.119694> 0.100000
	pigment { color rgbt <1,0,0,0> }
	no_shadow
}
sphere {
	0, 1
	scale<0.080000,0.200000,0.300000>
	matrix <-0.168264, 0.944140, 0.283348,
		0.598691, -0.130475, 0.790282,
		0.783107, 0.302614, -0.543294,
		27.539331, 29.292171, 32.956707>
	pigment { color rgbt <0,1,1,0> }
	no_shadow
}
cylinder {
	<27.377491, 29.597836, 33.634449>,  <26.991158, 29.080341, 33.337013>, 0.130000
	pigment { color rgbt <1,0,0,0> }
	no_shadow
}

// nucleotide -1

// particle -1
sphere {
	<27.377491, 29.597836, 33.634449> 0.250000
	pigment { color rgbt <1,0,0,0> }
	no_shadow
}
cylinder {
	<27.374878, 29.651993, 33.238140>,  <27.373310, 29.684486, 33.000355>, 0.100000
	pigment { color rgbt <1,0,0,0> }
	no_shadow
}
cylinder {
	<27.374878, 29.651993, 33.238140>,  <27.377491, 29.597836, 33.634449>, 0.100000
	pigment { color rgbt <1,0,0,0> }
	no_shadow
}

// particle -1
sphere {
	<27.374878, 29.651993, 33.238140> 0.100000
	pigment { color rgbt <1,0,0,0> }
	no_shadow
}
sphere {
	0, 1
	scale<0.080000,0.200000,0.300000>
	matrix <-0.255359, 0.957716, 0.132560,
