// switches for output
#declare DRAW_BASES = 1; // possible values are 0, 1; only relevant for DNA ribbons
#declare DRAW_BASES_TYPE = 3; // possible values are 1, 2, 3; only relevant for DNA ribbons
#declare DRAW_FOG = 0; // set to 1 to enable fog

#include "colors.inc"

#include "transforms.inc"
background { rgb <1, 1, 1>}

#default {
   normal{
       ripples 0.25
       frequency 0.20
       turbulence 0.2
       lambda 5
   }
	finish {
		phong 0.1
		phong_size 40.
	}
}

// original window dimensions: 1024x640


// camera settings

camera {
	sky <0, 0.179814, -0.983701>
	up <0, 0.179814, -0.983701>
	right 1.6 * <1, 0, 0>
	location <35, 94.9851, 44.8844>
	look_at <35, 29.7336, 32.9568>
	direction <0, -65.2515, -11.9276>
	angle 67.0682
}


# declare cpy_camera_pos = <35, 94.9851, 44.8844>;
# if (DRAW_FOG = 1)
fog {
	fog_type 2
	up vnormalize(cpy_camera_pos)
	color rgbt<1,1,1,0.3>
	distance 1e-5
	fog_alt 3e-3
	fog_offset 56
}
# end


// LIGHTS

# declare lum = 6;
global_settings {
	ambient_light rgb lum * <0.05, 0.05, 0.05>
	max_trace_level 15
}# declare cpy_direct_light_amount = 0.25;
light_source
{	1000 * <-1, -1.16352, -0.803886>,
	rgb lum * cpy_direct_light_amount
	parallel
}

light_source
{	1000 * <1, 1.16352, 0.803886>,
	rgb lum * cpy_direct_light_amount
	parallel
}

// strand 0

// nucleotide -1

// particle -1
sphere {
	<24.136360, 35.429489, 34.420063> 0.250000
	pigment { color rgbt <1,0,0,0> }
	no_shadow
}
cylinder {
	<24.150488, 35.194580, 34.743511>,  <24.158964, 35.053635, 34.937580>, 0.100000
	pigment { color rgbt <1,0,0,0> }
	no_shadow
}
cylinder {
	<24.150488, 35.194580, 34.743511>,  <24.136360, 35.429489, 34.420063>, 0.100000
	pigment { color rgbt <1,0,0,0> }
	no_shadow
}

// particle -1
sphere {
	<24.150488, 35.194580, 34.743511> 0.100000
	pigment { color rgbt <1,0,0,0> }
	no_shadow
}
sphere {
	0, 1
	scale<0.080000,0.200000,0.300000>
	matrix <0.812920, -0.453755, -0.365058,
		0.581303, 0.670235, 0.461381,
		0.035320, -0.587275, 0.808616,
		24.161083, 35.018398, 34.986095>
	pigment { color rgbt <0,1,1,0> }
	no_shadow
}
cylinder {
	<24.896152, 35.454308, 34.609608>,  <24.136360, 35.429489, 34.420063>, 0.130000
	pigment { color rgbt <1,0,0,0> }
	no_shadow
}

// nucleotide -1

// particle -1
sphere {
	<24.896152, 35.454308, 34.609608> 0.250000
	pigment { color rgbt <1,0,0,0> }
	no_shadow
}
cylinder {
	<24.753654, 35.138084, 34.808849>,  <24.668156, 34.948349, 34.928394>, 0.100000
	pigment { color rgbt <1,0,0,0> }
	no_shadow
}
cylinder {
	<24.753654, 35.138084, 34.808849>,  <24.896152, 35.454308, 34.609608>, 0.100000
	pigment { color rgbt <1,0,0,0> }
	no_shadow
}

// particle -1
sphere {
	<24.753654, 35.138084, 34.808849> 0.100000
	pigment { color rgbt <1,0,0,0> }
	no_shadow
}
sphere {
	0, 1
	scale<0.080000,0.200000,0.300000>
	matrix <0.786031, -0.541780, -0.297707,
		0.505219, 0.285470, 0.814408,
		-0.356244, -0.790557, 0.498106,
		24.646782, 34.900917, 34.958282>
	pigment { color rgbt <0,1,1,0> }
	no_shadow
}
cylinder {
	<25.400681, 35.076851, 34.783985>,  <24.896152, 35.454308, 34.609608>, 0.130000
	pigment { color rgbt <1,0,0,0> }
	no_shadow
}

// nucleotide -1

// particle -1
sphere {
	<25.400681, 35.076851, 34.783985> 0.250000
	pigment { color rgbt <1,0,0,0> }
	no_shadow
}
cylinder {
	<25.146332, 34.768196, 34.790272>,  <24.993723, 34.583004, 34.794044>, 0.100000
	pigment { color rgbt <1,0,0,0> }
	no_shadow
}
cylinder {
	<25.146332, 34.768196, 34.790272>,  <25.400681, 35.076851, 34.783985>, 0.100000
	pigment { color rgbt <1,0,0,0> }
	no_shadow
}

// particle -1
sphere {
	<25.146332, 34.768196, 34.790272> 0.100000
	pigment { color rgbt <1,0,0,0> }
	no_shadow
}
sphere {
	0, 1
	scale<0.080000,0.200000,0.300000>
	matrix <0.756028, -0.626849, -0.188366,
		0.155203, -0.107894, 0.981973,
		-0.635872, -0.771634, 0.015718,
		24.955570, 34.536705, 34.794987>
	pigment { color rgbt <0,1,1,0> }
	no_shadow
}
cylinder {
	<25.632151, 34.528496, 35.301662>,  <25.400681, 35.076851, 34.783985>, 0.130000
	pigment { color rgbt <1,0,0,0> }
	no_shadow
}

// nucleotide -1

// particle -1
sphere {
	<25.632151, 34.528496, 35.301662> 0.250000
	pigment { color rgbt <1,0,0,0> }
	no_shadow
}
cylinder {
	<25.395746, 34.364883, 35.023556>,  <25.253902, 34.266716, 34.856689>, 0.100000
	pigment { color rgbt <1,0,0,0> }
	no_shadow
}
cylinder {
	<25.395746, 34.364883, 35.023556>,  <25.632151, 34.528496, 35.301662>, 0.100000
	pigment { color rgbt <1,0,0,0> }
	no_shadow
}

// particle -1
sphere {
	<25.395746, 34.364883, 35.023556> 0.100000
	pigment { color rgbt <1,0,0,0> }
	no_shadow
}
sphere {
	0, 1
	scale<0.080000,0.200000,0.300000>
	matrix <0.687063, -0.706865, -0.168185,
		-0.422669, -0.577093, 0.698795,
		-0.591012, -0.409029, -0.695269,
		25.218443, 34.242176, 34.814976>
	pigment { color rgbt <0,1,1,0> }
	no_shadow
}
cylinder {
	<25.577692, 33.726841, 35.470200>,  <25.632151, 34.528496, 35.301662>, 0.130000
	pigment { color rgbt <1,0,0,0> }
	no_shadow
}

// nucleotide -1

// particle -1
sphere {
	<25.577692, 33.726841, 35.470200> 0.250000
	pigment { color rgbt <1,0,0,0> }
	no_shadow
}
cylinder {
	<25.540003, 33.819550, 35.082920>,  <25.517389, 33.875175, 34.850552>, 0.100000
	pigment { color rgbt <1,0,0,0> }
	no_shadow
}
cylinder {
	<25.540003, 33.819550, 35.082920>,  <25.577692, 33.726841, 35.470200>, 0.100000
	pigment { color rgbt <1,0,0,0> }
	no_shadow
}

// particle -1
sphere {
	<25.540003, 33.819550, 35.082920> 0.100000
	pigment { color rgbt <1,0,0,0> }
	no_shadow
}
sphere {
	0, 1
	scale<0.080000,0.200000,0.300000>
	matrix <0.736360, -0.638275, -0.224451,
		-0.669997, -0.734090, -0.110524,
		-0.094222, 0.231767, -0.968197,
		25.511736, 33.889080, 34.792461>
	pigment { color rgbt <0,1,1,0> }
	no_shadow
}
cylinder {
	<25.216803, 33.180241, 35.058861>,  <25.577692, 33.726841, 35.470200>, 0.130000
	pigment { color rgbt <1,0,0,0> }
	no_shadow
}

// nucleotide -1

// particle -1
sphere {
	<25.216803, 33.180241, 35.058861> 0.250000
	pigment { color rgbt <1,0,0,0> }
	no_shadow
}
cylinder {
	<25.014597, 33.380650, 34.777882>,  <24.893272, 33.500893, 34.609295>, 0.100000
	pigment { color rgbt <1,0,0,0> }
	no_shadow
}
cylinder {
	<25.014597, 33.380650, 34.777882>,  <25.216803, 33.180241, 35.058861>, 0.100000
	pigment { color rgbt <1,0,0,0> }
	no_shadow
}

// particle -1
sphere {
	<25.014597, 33.380650, 34.777882> 0.100000
	pigment { color rgbt <1,0,0,0> }
	no_shadow
}
sphere {
	0, 1
	scale<0.080000,0.200000,0.300000>
	matrix <0.705604, -0.228489, -0.670757,
		-0.496565, -0.834728, -0.238018,
		-0.505515, 0.501021, -0.702447,
		24.862942, 33.530956, 34.567146>
	pigment { color rgbt <0,1,1,0> }
	no_shadow
}
cylinder {
	<25.124760, 32.716312, 34.500359>,  <25.216803, 33.180241, 35.058861>, 0.130000
	pigment { color rgbt <1,0,0,0> }
	no_shadow
}

// nucleotide -1

// particle -1
sphere {
	<25.124760, 32.716312, 34.500359> 0.250000
	pigment { color rgbt <1,0,0,0> }
	no_shadow
}
cylinder {
	<25.060545, 33.087044, 34.364582>,  <25.022017, 33.309483, 34.283115>, 0.100000
	pigment { color rgbt <1,0,0,0> }
	no_shadow
}
cylinder {
	<25.060545, 33.087044, 34.364582>,  <25.124760, 32.716312, 34.500359>, 0.100000
	pigment { color rgbt <1,0,0,0> }
	no_shadow
}

// particle -1
sphere {
	<25.060545, 33.087044, 34.364582> 0.100000
	pigment { color rgbt <1,0,0,0> }
	no_shadow
}
sphere {
	0, 1
	scale<0.080000,0.200000,0.300000>
	matrix <0.542299, -0.204522, -0.814912,
		-0.824705, -0.314904, -0.469783,
		-0.160538, 0.926826, -0.339442,
		25.012383, 33.365093, 34.262749>
	pigment { color rgbt <0,1,1,0> }
	no_shadow
}
cylinder {
	<24.823975, 32.637012, 33.835693>,  <25.124760, 32.716312, 34.500359>, 0.130000
	pigment { color rgbt <1,0,0,0> }
	no_shadow
}

// nucleotide -1

// particle -1
sphere {
	<24.823975, 32.637012, 33.835693> 0.250000
	pigment { color rgbt <1,0,0,0> }
	no_shadow
}
cylinder {
	<24.955294, 33.014198, 33.813637>,  <25.034084, 33.240509, 33.800404>, 0.100000
	pigment { color rgbt <1,0,0,0> }
	no_shadow
}
cylinder {
	<24.955294, 33.014198, 33.813637>,  <24.823975, 32.637012, 33.835693>, 0.100000
	pigment { color rgbt <1,0,0,0> }
	no_shadow
}

// particle -1
sphere {
	<24.955294, 33.014198, 33.813637> 0.100000
	pigment { color rgbt <1,0,0,0> }
	no_shadow
}
sphere {
	0, 1
	scale<0.080000,0.200000,0.300000>
	matrix <0.585827, -0.249057, -0.771218,
		-0.740965, 0.220883, -0.634178,
		0.328295, 0.942964, -0.055144,
		25.053782, 33.297089, 33.797092>
	pigment { color rgbt <0,1,1,0> }
	no_shadow
}
cylinder {
	<24.574411, 32.937420, 33.266346>,  <24.823975, 32.637012, 33.835693>, 0.130000
	pigment { color rgbt <1,0,0,0> }
	no_shadow
}

// nucleotide -1

// particle -1
sphere {
	<24.574411, 32.937420, 33.266346> 0.250000
	pigment { color rgbt <1,0,0,0> }
	no_shadow
}
cylinder {
	<24.901062, 33.158554, 33.332668>,  <25.097054, 33.291237, 33.372459>, 0.100000
	pigment { color rgbt <1,0,0,0> }
	no_shadow
}
cylinder {
	<24.901062, 33.158554, 33.332668>,  <24.574411, 32.937420, 33.266346>, 0.100000
	pigment { color rgbt <1,0,0,0> }
	no_shadow
}

// particle -1
sphere {
	<24.901062, 33.158554, 33.332668> 0.100000
	pigment { color rgbt <1,0,0,0> }
	no_shadow
}
sphere {
	0, 1
	scale<0.080000,0.200000,0.300000>
	matrix <0.364168, -0.270672, -0.891133,
		-0.447774, 0.788104, -0.422364,
		0.816628, 0.552838, 0.165802,
		25.146049, 33.324406, 33.382408>
	pigment { color rgbt <0,1,1,0> }
	no_shadow
}
cylinder {
	<24.707174, 33.333691, 32.666325>,  <24.574411, 32.937420, 33.266346>, 0.130000
	pigment { color rgbt <1,0,0,0> }
	no_shadow
}

// nucleotide -1

// particle -1
sphere {
	<24.707174, 33.333691, 32.666325> 0.250000
	pigment { color rgbt <1,0,0,0> }
	no_shadow
}
cylinder {
	<25.059097, 33.322670, 32.856136>,  <25.270252, 33.316055, 32.970024>, 0.100000
	pigment { color rgbt <1,0,0,0> }
	no_shadow
}
cylinder {
	<25.059097, 33.322670, 32.856136>,  <24.707174, 33.333691, 32.666325>, 0.100000
	pigment { color rgbt <1,0,0,0> }
	no_shadow
}

// particle -1
sphere {
	<25.059097, 33.322670, 32.856136> 0.100000
	pigment { color rgbt <1,0,0,0> }
	no_shadow
}
sphere {
	0, 1
	scale<0.080000,0.200000,0.300000>
	matrix <0.453241, -0.252151, -0.854981,
		0.143211, 0.967296, -0.209356,
		0.879809, -0.027555, 0.474529,
		25.323040, 33.314404, 32.998493>
	pigment { color rgbt <0,1,1,0> }
	no_shadow
}
cylinder {
	<25.252308, 33.899609, 32.412605>,  <24.707174, 33.333691, 32.666325>, 0.130000
	pigment { color rgbt <1,0,0,0> }
	no_shadow
}

// nucleotide -1

// particle -1
sphere {
	<25.252308, 33.899609, 32.412605> 0.250000
	pigment { color rgbt <1,0,0,0> }
	no_shadow
}
cylinder {
	<25.429676, 33.571350, 32.556782>,  <25.536097, 33.374397, 32.643288>, 0.100000
	pigment { color rgbt <1,0,0,0> }
	no_shadow
}
cylinder {
	<25.429676, 33.571350, 32.556782>,  <25.252308, 33.899609, 32.412605>, 0.100000
	pigment { color rgbt <1,0,0,0> }
	no_shadow
}

// particle -1
sphere {
	<25.429676, 33.571350, 32.556782> 0.100000
	pigment { color rgbt <1,0,0,0> }
	no_shadow
}
sphere {
	0, 1
	scale<0.080000,0.200000,0.300000>
	matrix <0.530106, -0.084156, -0.843745,
		0.722748, 0.565209, 0.397712,
		0.443422, -0.820644, 0.360444,
		25.562702, 33.325157, 32.664913>
	pigment { color rgbt <0,1,1,0> }
	no_shadow
}
cylinder {
	<26.031145, 33.993103, 32.414719>,  <25.252308, 33.899609, 32.412605>, 0.130000
	pigment { color rgbt <1,0,0,0> }
	no_shadow
}

// nucleotide -1

// particle -1
sphere {
	<26.031145, 33.993103, 32.414719> 0.250000
	pigment { color rgbt <1,0,0,0> }
	no_shadow
}
cylinder {
	<25.885036, 33.624043, 32.365250>,  <25.797371, 33.402607, 32.335567>, 0.100000
	pigment { color rgbt <1,0,0,0> }
	no_shadow
}
cylinder {
	<25.885036, 33.624043, 32.365250>,  <26.031145, 33.993103, 32.414719>, 0.100000
	pigment { color rgbt <1,0,0,0> }
	no_shadow
}

// particle -1
sphere {
	<25.885036, 33.624043, 32.365250> 0.100000
	pigment { color rgbt <1,0,0,0> }
	no_shadow
}
sphere {
	0, 1
	scale<0.080000,0.200000,0.300000>
	matrix <0.334666, -0.006188, -0.942317,
		0.868663, -0.385589, 0.311040,
		-0.365271, -0.922650, -0.123668,
		25.775455, 33.347248, 32.328148>
	pigment { color rgbt <0,1,1,0> }
	no_shadow
}
cylinder {
	<26.552341, 33.571114, 32.007416>,  <26.031145, 33.993103, 32.414719>, 0.130000
	pigment { color rgbt <1,0,0,0> }
	no_shadow
}

// nucleotide -1

// particle -1
sphere {
	<26.552341, 33.571114, 32.007416> 0.250000
	pigment { color rgbt <1,0,0,0> }
	no_shadow
}
cylinder {
	<26.183361, 33.434231, 31.935881>,  <25.961973, 33.352100, 31.892960>, 0.100000
	pigment { color rgbt <1,0,0,0> }
	no_shadow
}
cylinder {
	<26.183361, 33.434231, 31.935881>,  <26.552341, 33.571114, 32.007416>, 0.100000
	pigment { color rgbt <1,0,0,0> }
	no_shadow
}

// particle -1
sphere {
	<26.183361, 33.434231, 31.935881> 0.100000
	pigment { color rgbt <1,0,0,0> }
	no_shadow
}
sphere {
	0, 1
	scale<0.080000,0.200000,0.300000>
	matrix <0.193571, -0.009096, -0.981044,
		0.334090, -0.939582, 0.074631,
		-0.922449, -0.342204, -0.178837,
		25.906626, 33.331570, 31.882229>
	pigment { color rgbt <0,1,1,0> }
	no_shadow
}
cylinder {
	<26.108641, 33.053608, 31.493275>,  <26.552341, 33.571114, 32.007416>, 0.130000
	pigment { color rgbt <1,0,0,0> }
	no_shadow
}

// nucleotide -1

// particle -1
sphere {
	<26.108641, 33.053608, 31.493275> 0.250000
	pigment { color rgbt <1,0,0,0> }
	no_shadow
}
cylinder {
	<26.335730, 32.944187, 31.803850>,  <26.471983, 32.878532, 31.990196>, 0.100000
	pigment { color rgbt <1,0,0,0> }
	no_shadow
}
cylinder {
	<26.335730, 32.944187, 31.803850>,  <26.108641, 33.053608, 31.493275>, 0.100000
	pigment { color rgbt <1,0,0,0> }
	no_shadow
}

// particle -1
sphere {
	<26.335730, 32.944187, 31.803850> 0.100000
	pigment { color rgbt <1,0,0,0> }
	no_shadow
}
sphere {
	0, 1
	scale<0.080000,0.200000,0.300000>
	matrix <-0.598706, 0.510141, 0.617501,
		-0.565015, -0.815428, 0.125838,
		0.567722, -0.273557, 0.776439,
		26.506046, 32.862122, 32.036781>
	pigment { color rgbt <0,1,1,0> }
	no_shadow
}
cylinder {
	<25.731081, 32.653225, 32.047749>,  <26.108641, 33.053608, 31.493275>, 0.130000
	pigment { color rgbt <1,0,0,0> }
	no_shadow
}

// nucleotide -1

// particle -1
sphere {
	<25.731081, 32.653225, 32.047749> 0.250000
	pigment { color rgbt <1,0,0,0> }
	no_shadow
}
cylinder {
	<26.049030, 32.841797, 32.200554>,  <26.239799, 32.954941, 32.292236>, 0.100000
	pigment { color rgbt <1,0,0,0> }
	no_shadow
}
cylinder {
	<26.049030, 32.841797, 32.200554>,  <25.731081, 32.653225, 32.047749>, 0.100000
	pigment { color rgbt <1,0,0,0> }
	no_shadow
}

// particle -1
sphere {
	<26.049030, 32.841797, 32.200554> 0.100000
	pigment { color rgbt <1,0,0,0> }
	no_shadow
}
sphere {
	0, 1
	scale<0.080000,0.200000,0.300000>
	matrix <-0.584666, 0.426651, 0.690025,
		0.162311, -0.771832, 0.614761,
		0.794872, 0.471429, 0.382013,
		26.287491, 32.983227, 32.315159>
	pigment { color rgbt <0,1,1,0> }
	no_shadow
}
cylinder {
	<25.916992, 32.460766, 32.729355>,  <25.731081, 32.653225, 32.047749>, 0.130000
	pigment { color rgbt <1,0,0,0> }
	no_shadow
}

// nucleotide -1

// particle -1
sphere {
	<25.916992, 32.460766, 32.729355> 0.250000
	pigment { color rgbt <1,0,0,0> }
	no_shadow
}
cylinder {
	<26.023186, 32.838524, 32.651752>,  <26.086903, 33.065178, 32.605190>, 0.100000
	pigment { color rgbt <1,0,0,0> }
	no_shadow
}
cylinder {
	<26.023186, 32.838524, 32.651752>,  <25.916992, 32.460766, 32.729355>, 0.100000
	pigment { color rgbt <1,0,0,0> }
	no_shadow
}

// particle -1
sphere {
	<26.023186, 32.838524, 32.651752> 0.100000
	pigment { color rgbt <1,0,0,0> }
	no_shadow
}
sphere {
	0, 1
	scale<0.080000,0.200000,0.300000>
	matrix <-0.433350, 0.296643, 0.851005,
		0.861235, -0.141855, 0.488007,
		0.265483, 0.944394, -0.194007,
		26.102831, 33.121841, 32.593552>
	pigment { color rgbt <0,1,1,0> }
	no_shadow
}
cylinder {
	<26.310236, 32.682545, 33.253853>,  <25.916992, 32.460766, 32.729355>, 0.130000
	pigment { color rgbt <1,0,0,0> }
	no_shadow
}

// nucleotide -1

// particle -1
sphere {
	<26.310236, 32.682545, 33.253853> 0.250000
	pigment { color rgbt <1,0,0,0> }
	no_shadow
}
cylinder {
	<26.104656, 32.976044, 33.076103>,  <25.981308, 33.152145, 32.969452>, 0.100000
	pigment { color rgbt <1,0,0,0> }
	no_shadow
}
cylinder {
	<26.104656, 32.976044, 33.076103>,  <26.310236, 32.682545, 33.253853>, 0.100000
	pigment { color rgbt <1,0,0,0> }
	no_shadow
}

// particle -1
sphere {
	<26.104656, 32.976044, 33.076103> 0.100000
	pigment { color rgbt <1,0,0,0> }
	no_shadow
}
sphere {
	0, 1
	scale<0.080000,0.200000,0.300000>
	matrix <-0.534130, 0.131624, 0.835093,
		0.671240, 0.666547, 0.324270,
		-0.513947, 0.733750, -0.444374,
		25.950472, 33.196167, 32.942791>
	pigment { color rgbt <0,1,1,0> }
	no_shadow
}
cylinder {
	<26.460117, 33.341164, 33.587971>,  <26.310236, 32.682545, 33.253853>, 0.130000
	pigment { color rgbt <1,0,0,0> }
	no_shadow
}

// nucleotide -1

// particle -1
sphere {
	<26.460117, 33.341164, 33.587971> 0.250000
	pigment { color rgbt <1,0,0,0> }
	no_shadow
}
cylinder {
	<26.103817, 33.342930, 33.406181>,  <25.890038, 33.343990, 33.297108>, 0.100000
	pigment { color rgbt <1,0,0,0> }
	no_shadow
}
cylinder {
	<26.103817, 33.342930, 33.406181>,  <26.460117, 33.341164, 33.587971>, 0.100000
	pigment { color rgbt <1,0,0,0> }
	no_shadow
}

// particle -1
sphere {
	<26.103817, 33.342930, 33.406181> 0.100000
	pigment { color rgbt <1,0,0,0> }
	no_shadow
}
sphere {
	0, 1
	scale<0.080000,0.200000,0.300000>
	matrix <-0.441934, 0.225032, 0.868363,
		0.106109, 0.974341, -0.198493,
		-0.890750, 0.004420, -0.454473,
		25.836592, 33.344257, 33.269840>
	pigment { color rgbt <0,1,1,0> }
	no_shadow
}
cylinder {
	<26.133776, 33.990391, 33.872650>,  <26.460117, 33.341164, 33.587971>, 0.130000
	pigment { color rgbt <1,0,0,0> }
	no_shadow
}

// nucleotide -1

// particle -1
sphere {
	<26.133776, 33.990391, 33.872650> 0.250000
	pigment { color rgbt <1,0,0,0> }
	no_shadow
}
cylinder {
	<25.825304, 33.784958, 33.722176>,  <25.640221, 33.661697, 33.631889>, 0.100000
	pigment { color rgbt <1,0,0,0> }
	no_shadow
}
cylinder {
	<25.825304, 33.784958, 33.722176>,  <26.133776, 33.990391, 33.872650>, 0.100000
	pigment { color rgbt <1,0,0,0> }
	no_shadow
}

// particle -1
sphere {
	<25.825304, 33.784958, 33.722176> 0.100000
	pigment { color rgbt <1,0,0,0> }
	no_shadow
}
sphere {
	0, 1
	scale<0.080000,0.200000,0.300000>
	matrix <-0.585062, 0.338794, 0.736832,
		-0.250972, 0.788323, -0.561747,
		-0.771178, -0.513581, -0.376190,
		25.593950, 33.630882, 33.609318>
	pigment { color rgbt <0,1,1,0> }
	no_shadow
}
cylinder {
	<25.615650, 34.486591, 33.740334>,  <26.133776, 33.990391, 33.872650>, 0.130000
	pigment { color rgbt <1,0,0,0> }
	no_shadow
}

// nucleotide -1

// particle -1
sphere {
	<25.615650, 34.486591, 33.740334> 0.250000
	pigment { color rgbt <1,0,0,0> }
	no_shadow
}
cylinder {
	<25.460894, 34.120350, 33.784130>,  <25.368040, 33.900604, 33.810410>, 0.100000
	pigment { color rgbt <1,0,0,0> }
	no_shadow
}
cylinder {
	<25.460894, 34.120350, 33.784130>,  <25.615650, 34.486591, 33.740334>, 0.100000
	pigment { color rgbt <1,0,0,0> }
	no_shadow
}

// particle -1
sphere {
	<25.460894, 34.120350, 33.784130> 0.100000
	pigment { color rgbt <1,0,0,0> }
	no_shadow
}
sphere {
	0, 1
	scale<0.080000,0.200000,0.300000>
	matrix <-0.620907, 0.346456, 0.703166,
		-0.681754, 0.204066, -0.702545,
		-0.386893, -0.915601, 0.109492,
		25.344826, 33.845669, 33.816978>
	pigment { color rgbt <0,1,1,0> }
	no_shadow
}
cylinder {
	<24.905180, 34.444851, 33.659042>,  <25.615650, 34.486591, 33.740334>, 0.130000
	pigment { color rgbt <1,0,0,0> }
	no_shadow
}

// nucleotide -1

// particle -1
sphere {
	<24.905180, 34.444851, 33.659042> 0.250000
	pigment { color rgbt <1,0,0,0> }
	no_shadow
}
cylinder {
	<24.992550, 34.153343, 33.918640>,  <25.044971, 33.978439, 34.074398>, 0.100000
	pigment { color rgbt <1,0,0,0> }
	no_shadow
}
cylinder {
	<24.992550, 34.153343, 33.918640>,  <24.905180, 34.444851, 33.659042>, 0.100000
	pigment { color rgbt <1,0,0,0> }
	no_shadow
}

// particle -1
sphere {
	<24.992550, 34.153343, 33.918640> 0.100000
	pigment { color rgbt <1,0,0,0> }
	no_shadow
}
sphere {
	0, 1
	scale<0.080000,0.200000,0.300000>
	matrix <-0.700189, 0.346195, 0.624407,
		-0.679725, -0.590803, -0.434656,
		0.218426, -0.728767, 0.648991,
		25.058077, 33.934711, 34.113338>
	pigment { color rgbt <0,1,1,0> }
	no_shadow
}
cylinder {
	<24.280207, 34.082516, 33.852291>,  <24.905180, 34.444851, 33.659042>, 0.130000
	pigment { color rgbt <1,0,0,0> }
	no_shadow
}

// nucleotide -1

// particle -1
sphere {
	<24.280207, 34.082516, 33.852291> 0.250000
	pigment { color rgbt <1,0,0,0> }
	no_shadow
}
cylinder {
	<24.562519, 34.104736, 34.134789>,  <24.731907, 34.118069, 34.304287>, 0.100000
	pigment { color rgbt <1,0,0,0> }
	no_shadow
}
cylinder {
	<24.562519, 34.104736, 34.134789>,  <24.280207, 34.082516, 33.852291>, 0.100000
	pigment { color rgbt <1,0,0,0> }
	no_shadow
}

// particle -1
sphere {
	<24.562519, 34.104736, 34.134789> 0.100000
	pigment { color rgbt <1,0,0,0> }
	no_shadow
}
sphere {
	0, 1
	scale<0.080000,0.200000,0.300000>
	matrix <-0.676628, 0.348189, 0.648798,
		-0.209869, -0.935777, 0.283330,
		0.705783, 0.055547, 0.706247,
		24.774254, 34.121399, 34.346664>
	pigment { color rgbt <0,1,1,0> }
	no_shadow
}
cylinder {
	<24.072721, 33.730927, 34.474983>,  <24.280207, 34.082516, 33.852291>, 0.130000
	pigment { color rgbt <1,0,0,0> }
	no_shadow
}

// nucleotide -1

// particle -1
sphere {
	<24.072721, 33.730927, 34.474983> 0.250000
	pigment { color rgbt <1,0,0,0> }
	no_shadow
}
cylinder {
	<24.326839, 34.029530, 34.554104>,  <24.479309, 34.208691, 34.601578>, 0.100000
	pigment { color rgbt <1,0,0,0> }
	no_shadow
}
cylinder {
	<24.326839, 34.029530, 34.554104>,  <24.072721, 33.730927, 34.474983>, 0.100000
	pigment { color rgbt <1,0,0,0> }
	no_shadow
}

// particle -1
sphere {
	<24.326839, 34.029530, 34.554104> 0.100000
	pigment { color rgbt <1,0,0,0> }
	no_shadow
}
sphere {
	0, 1
	scale<0.080000,0.200000,0.300000>
	matrix <-0.638481, 0.363624, 0.678321,
		0.434446, -0.557229, 0.707639,
		0.635294, 0.746508, 0.197805,
		24.517427, 34.253483, 34.613445>
	pigment { color rgbt <0,1,1,0> }
	no_shadow
}
cylinder {
	<24.069559, 33.724907, 35.221073>,  <24.072721, 33.730927, 34.474983>, 0.130000
	pigment { color rgbt <1,0,0,0> }
	no_shadow
}

// nucleotide -1

// particle -1
sphere {
	<24.069559, 33.724907, 35.221073> 0.250000
	pigment { color rgbt <1,0,0,0> }
	no_shadow
}
cylinder {
	<24.222235, 34.079357, 35.115932>,  <24.313839, 34.292027, 35.052849>, 0.100000
	pigment { color rgbt <1,0,0,0> }
	no_shadow
}
cylinder {
	<24.222235, 34.079357, 35.115932>,  <24.069559, 33.724907, 35.221073>, 0.100000
	pigment { color rgbt <1,0,0,0> }
	no_shadow
}

// particle -1
sphere {
	<24.222235, 34.079357, 35.115932> 0.100000
	pigment { color rgbt <1,0,0,0> }
	no_shadow
}
sphere {
	0, 1
	scale<0.080000,0.200000,0.300000>
	matrix <-0.638478, 0.458398, 0.618236,
		0.668326, -0.068151, 0.740740,
		0.381687, 0.886130, -0.262847,
		24.336740, 34.345196, 35.037079>
	pigment { color rgbt <0,1,1,0> }
	no_shadow
}
cylinder {
	<24.336998, 34.106354, 35.801052>,  <24.069559, 33.724907, 35.221073>, 0.130000
	pigment { color rgbt <1,0,0,0> }
	no_shadow
}

// nucleotide -1

// particle -1
sphere {
	<24.336998, 34.106354, 35.801052> 0.250000
	pigment { color rgbt <1,0,0,0> }
	no_shadow
}
cylinder {
	<24.184031, 34.348316, 35.521667>,  <24.092251, 34.493492, 35.354038>, 0.100000
	pigment { color rgbt <1,0,0,0> }
	no_shadow
}
cylinder {
	<24.184031, 34.348316, 35.521667>,  <24.336998, 34.106354, 35.801052>, 0.100000
	pigment { color rgbt <1,0,0,0> }
	no_shadow
}

// particle -1
sphere {
	<24.184031, 34.348316, 35.521667> 0.100000
	pigment { color rgbt <1,0,0,0> }
	no_shadow
}
sphere {
	0, 1
	scale<0.080000,0.200000,0.300000>
	matrix <-0.649887, 0.361249, 0.668689,
		0.656813, 0.709638, 0.254973,
		-0.382419, 0.604907, -0.698458,
		24.069305, 34.529789, 35.312130>
	pigment { color rgbt <0,1,1,0> }
	no_shadow
}
cylinder {
	<24.916748, 33.697102, 35.910679>,  <24.336998, 34.106354, 35.801052>, 0.130000
	pigment { color rgbt <1,0,0,0> }
	no_shadow
}

// nucleotide -1

// particle -1
sphere {
	<24.916748, 33.697102, 35.910679> 0.250000
	pigment { color rgbt <1,0,0,0> }
	no_shadow
}
cylinder {
	<24.892559, 33.305332, 35.833668>,  <24.878046, 33.070271, 35.787460>, 0.100000
	pigment { color rgbt <1,0,0,0> }
	no_shadow
}
cylinder {
	<24.892559, 33.305332, 35.833668>,  <24.916748, 33.697102, 35.910679>, 0.100000
	pigment { color rgbt <1,0,0,0> }
	no_shadow
}

// particle -1
sphere {
	<24.892559, 33.305332, 35.833668> 0.100000
	pigment { color rgbt <1,0,0,0> }
	no_shadow
}
sphere {
	0, 1
	scale<0.080000,0.200000,0.300000>
	matrix <0.968442, -0.104293, 0.226368,
		-0.241790, -0.172763, 0.954825,
		-0.060474, -0.979426, -0.192528,
		24.874416, 33.011505, 35.775909>
	pigment { color rgbt <0,1,1,0> }
	no_shadow
}
cylinder {
	<25.083878, 33.128181, 36.433731>,  <24.916748, 33.697102, 35.910679>, 0.130000
	pigment { color rgbt <1,0,0,0> }
	no_shadow
}

// nucleotide -1

// particle -1
sphere {
	<25.083878, 33.128181, 36.433731> 0.250000
	pigment { color rgbt <1,0,0,0> }
	no_shadow
}
cylinder {
	<25.174276, 33.001118, 36.065380>,  <25.228516, 32.924877, 35.844368>, 0.100000
	pigment { color rgbt <1,0,0,0> }
	no_shadow
}
cylinder {
	<25.174276, 33.001118, 36.065380>,  <25.083878, 33.128181, 36.433731>, 0.100000
	pigment { color rgbt <1,0,0,0> }
	no_shadow
}

// particle -1
sphere {
	<25.174276, 33.001118, 36.065380> 0.100000
	pigment { color rgbt <1,0,0,0> }
	no_shadow
}
sphere {
	0, 1
	scale<0.080000,0.200000,0.300000>
	matrix <0.972303, 0.131408, 0.193285,
		0.059611, -0.939054, 0.338562,
		0.225995, -0.317663, -0.920878,
		25.242075, 32.905819, 35.789116>
	pigment { color rgbt <0,1,1,0> }
	no_shadow
}
cylinder {
	<25.752869, 33.065243, 36.206524>,  <25.083878, 33.128181, 36.433731>, 0.130000
	pigment { color rgbt <1,0,0,0> }
	no_shadow
}

// nucleotide -1

// particle -1
sphere {
	<25.752869, 33.065243, 36.206524> 0.250000
	pigment { color rgbt <1,0,0,0> }
	no_shadow
}
cylinder {
	<25.734911, 32.740032, 36.438721>,  <25.724136, 32.544907, 36.578037>, 0.100000
	pigment { color rgbt <1,0,0,0> }
	no_shadow
}
cylinder {
	<25.734911, 32.740032, 36.438721>,  <25.752869, 33.065243, 36.206524>, 0.100000
	pigment { color rgbt <1,0,0,0> }
	no_shadow
}

// particle -1
sphere {
	<25.734911, 32.740032, 36.438721> 0.100000
	pigment { color rgbt <1,0,0,0> }
	no_shadow
}
sphere {
	0, 1
	scale<0.080000,0.200000,0.300000>
	matrix <-0.997364, 0.003327, -0.072479,
		0.056996, -0.582213, -0.811036,
		-0.044896, -0.813030, 0.580489,
		25.721441, 32.496124, 36.612869>
	pigment { color rgbt <0,1,1,0> }
	no_shadow
}
cylinder {
	<26.186218, 33.089890, 35.648026>,  <25.752869, 33.065243, 36.206524>, 0.130000
	pigment { color rgbt <1,0,0,0> }
	no_shadow
}

// nucleotide -1

// particle -1
sphere {
	<26.186218, 33.089890, 35.648026> 0.250000
	pigment { color rgbt <1,0,0,0> }
	no_shadow
}
cylinder {
	<26.578646, 33.159904, 35.614891>,  <26.814102, 33.201912, 35.595009>, 0.100000
	pigment { color rgbt <1,0,0,0> }
	no_shadow
}
cylinder {
	<26.578646, 33.159904, 35.614891>,  <26.186218, 33.089890, 35.648026>, 0.100000
	pigment { color rgbt <1,0,0,0> }
	no_shadow
}

// particle -1
sphere {
	<26.578646, 33.159904, 35.614891> 0.100000
	pigment { color rgbt <1,0,0,0> }
	no_shadow
}
sphere {
	0, 1
	scale<0.080000,0.200000,0.300000>
	matrix <0.181097, -0.677805, 0.712590,
		0.068583, -0.714103, -0.696673,
		0.981071, 0.175037, -0.082836,
		26.872967, 33.212414, 35.590038>
	pigment { color rgbt <0,1,1,0> }
	no_shadow
}
cylinder {
	<26.553156, 32.364979, 35.543648>,  <26.186218, 33.089890, 35.648026>, 0.130000
	pigment { color rgbt <1,0,0,0> }
	no_shadow
}

// nucleotide -1

// particle -1
sphere {
	<26.553156, 32.364979, 35.543648> 0.250000
	pigment { color rgbt <1,0,0,0> }
	no_shadow
}
cylinder {
	<26.775566, 32.633026, 35.740334>,  <26.909012, 32.793854, 35.858345>, 0.100000
	pigment { color rgbt <1,0,0,0> }
	no_shadow
}
cylinder {
	<26.775566, 32.633026, 35.740334>,  <26.553156, 32.364979, 35.543648>, 0.100000
	pigment { color rgbt <1,0,0,0> }
	no_shadow
}

// particle -1
sphere {
	<26.775566, 32.633026, 35.740334> 0.100000
	pigment { color rgbt <1,0,0,0> }
	no_shadow
}
sphere {
	0, 1
	scale<0.080000,0.200000,0.300000>
	matrix <0.163780, -0.668332, 0.725609,
		0.814869, -0.322924, -0.481360,
		0.556025, 0.670114, 0.491715,
		26.942373, 32.834061, 35.887848>
	pigment { color rgbt <0,1,1,0> }
	no_shadow
}
cylinder {
	<26.999079, 31.992651, 35.888103>,  <26.553156, 32.364979, 35.543648>, 0.130000
	pigment { color rgbt <1,0,0,0> }
	no_shadow
}

// nucleotide -1

// particle -1
sphere {
	<26.999079, 31.992651, 35.888103> 0.250000
	pigment { color rgbt <1,0,0,0> }
	no_shadow
}
cylinder {
	<27.012709, 32.339787, 36.086376>,  <27.020887, 32.548069, 36.205338>, 0.100000
	pigment { color rgbt <1,0,0,0> }
	no_shadow
}
cylinder {
	<27.012709, 32.339787, 36.086376>,  <26.999079, 31.992651, 35.888103>, 0.100000
	pigment { color rgbt <1,0,0,0> }
	no_shadow
}

// particle -1
sphere {
	<27.012709, 32.339787, 36.086376> 0.100000
	pigment { color rgbt <1,0,0,0> }
	no_shadow
}
sphere {
	0, 1
	scale<0.080000,0.200000,0.300000>
	matrix <0.171564, -0.493684, 0.852550,
		0.984584, 0.055991, -0.165711,
		0.034074, 0.867837, 0.495680,
		27.022930, 32.600136, 36.235081>
	pigment { color rgbt <0,1,1,0> }
	no_shadow
}
cylinder {
	<27.497585, 31.872770, 36.375446>,  <26.999079, 31.992651, 35.888103>, 0.130000
	pigment { color rgbt <1,0,0,0> }
	no_shadow
}

// nucleotide -1

// particle -1
sphere {
	<27.497585, 31.872770, 36.375446> 0.250000
	pigment { color rgbt <1,0,0,0> }
	no_shadow
}
cylinder {
	<27.340250, 32.216003, 36.507496>,  <27.245848, 32.421944, 36.586723>, 0.100000
	pigment { color rgbt <1,0,0,0> }
	no_shadow
}
cylinder {
	<27.340250, 32.216003, 36.507496>,  <27.497585, 31.872770, 36.375446>, 0.100000
	pigment { color rgbt <1,0,0,0> }
	no_shadow
}

// particle -1
sphere {
	<27.340250, 32.216003, 36.507496> 0.100000
	pigment { color rgbt <1,0,0,0> }
	no_shadow
}
sphere {
	0, 1
	scale<0.080000,0.200000,0.300000>
	matrix <-0.088299, -0.392662, 0.915434,
		0.915143, 0.330927, 0.230218,
		-0.393339, 0.858082, 0.330122,
		27.222248, 32.473427, 36.606533>
	pigment { color rgbt <0,1,1,0> }
	no_shadow
}
cylinder {
	<27.848200, 31.987194, 36.981766>,  <27.497585, 31.872770, 36.375446>, 0.130000
	pigment { color rgbt <1,0,0,0> }
	no_shadow
}

// nucleotide -1

// particle -1
sphere {
	<27.848200, 31.987194, 36.981766> 0.250000
	pigment { color rgbt <1,0,0,0> }
	no_shadow
}
cylinder {
	<27.544935, 32.243046, 37.032467>,  <27.362976, 32.396557, 37.062889>, 0.100000
	pigment { color rgbt <1,0,0,0> }
	no_shadow
}
cylinder {
	<27.544935, 32.243046, 37.032467>,  <27.848200, 31.987194, 36.981766>, 0.100000
	pigment { color rgbt <1,0,0,0> }
	no_shadow
}

// particle -1
sphere {
	<27.544935, 32.243046, 37.032467> 0.100000
	pigment { color rgbt <1,0,0,0> }
	no_shadow
}
sphere {
	0, 1
	scale<0.080000,0.200000,0.300000>
	matrix <0.013449, -0.179011, 0.983755,
		0.651928, 0.747550, 0.127117,
		-0.758162, 0.639628, 0.126756,
		27.317486, 32.434933, 37.070496>
	pigment { color rgbt <0,1,1,0> }
	no_shadow
}
cylinder {
	<28.065296, 32.544521, 37.410656>,  <27.848200, 31.987194, 36.981766>, 0.130000
	pigment { color rgbt <1,0,0,0> }
	no_shadow
}

// nucleotide -1

// particle -1
sphere {
	<28.065296, 32.544521, 37.410656> 0.250000
	pigment { color rgbt <1,0,0,0> }
	no_shadow
}
cylinder {
	<27.672867, 32.474411, 37.443588>,  <27.437410, 32.432346, 37.463348>, 0.100000
	pigment { color rgbt <1,0,0,0> }
	no_shadow
}
cylinder {
	<27.672867, 32.474411, 37.443588>,  <28.065296, 32.544521, 37.410656>, 0.100000
	pigment { color rgbt <1,0,0,0> }
	no_shadow
}

// particle -1
sphere {
	<27.672867, 32.474411, 37.443588> 0.100000
	pigment { color rgbt <1,0,0,0> }
	no_shadow
}
sphere {
	0, 1
	scale<0.080000,0.200000,0.300000>
	matrix <0.117421, -0.200377, 0.972657,
		-0.153983, 0.963913, 0.217165,
		-0.981072, -0.175273, 0.082329,
		27.378546, 32.421829, 37.468288>
	pigment { color rgbt <0,1,1,0> }
	no_shadow
}
cylinder {
	<27.955814, 32.342049, 38.069595>,  <28.065296, 32.544521, 37.410656>, 0.130000
	pigment { color rgbt <1,0,0,0> }
	no_shadow
}

// nucleotide -1

// particle -1
sphere {
	<27.955814, 32.342049, 38.069595> 0.250000
	pigment { color rgbt <1,0,0,0> }
	no_shadow
}
cylinder {
	<27.568367, 32.381626, 37.978386>,  <27.335899, 32.405373, 37.923660>, 0.100000
	pigment { color rgbt <1,0,0,0> }
	no_shadow
}
cylinder {
	<27.568367, 32.381626, 37.978386>,  <27.955814, 32.342049, 38.069595>, 0.100000
	pigment { color rgbt <1,0,0,0> }
	no_shadow
}

// particle -1
sphere {
	<27.568367, 32.381626, 37.978386> 0.100000
	pigment { color rgbt <1,0,0,0> }
	no_shadow
}
sphere {
	0, 1
	scale<0.080000,0.200000,0.300000>
	matrix <-0.238094, -0.105941, 0.965447,
		0.071365, 0.989438, 0.126174,
		-0.968617, 0.098940, -0.228019,
		27.277782, 32.411308, 37.909981>
	pigment { color rgbt <0,1,1,0> }
	no_shadow
}
cylinder {
	<27.554712, 32.886116, 38.529797>,  <27.955814, 32.342049, 38.069595>, 0.130000
	pigment { color rgbt <1,0,0,0> }
	no_shadow
}

// nucleotide -1

// particle -1
sphere {
	<27.554712, 32.886116, 38.529797> 0.250000
	pigment { color rgbt <1,0,0,0> }
	no_shadow
}
cylinder {
	<27.354036, 32.573032, 38.382462>,  <27.233631, 32.385181, 38.294060>, 0.100000
	pigment { color rgbt <1,0,0,0> }
	no_shadow
}
cylinder {
	<27.354036, 32.573032, 38.382462>,  <27.554712, 32.886116, 38.529797>, 0.100000
	pigment { color rgbt <1,0,0,0> }
	no_shadow
}

// particle -1
sphere {
	<27.354036, 32.573032, 38.382462> 0.100000
	pigment { color rgbt <1,0,0,0> }
	no_shadow
}
sphere {
	0, 1
	scale<0.080000,0.200000,0.300000>
	matrix <-0.004972, -0.423183, 0.906031,
		-0.865033, 0.456379, 0.208415,
		-0.501691, -0.782710, -0.368336,
		27.203529, 32.338219, 38.271961>
	pigment { color rgbt <0,1,1,0> }
	no_shadow
}
cylinder {
	<27.292267, 32.572453, 39.106785>,  <27.554712, 32.886116, 38.529797>, 0.130000
	pigment { color rgbt <1,0,0,0> }
	no_shadow
}

// nucleotide -1

// particle -1
sphere {
	<27.292267, 32.572453, 39.106785> 0.250000
	pigment { color rgbt <1,0,0,0> }
	no_shadow
}
cylinder {
	<27.191999, 32.302902, 38.828773>,  <27.131838, 32.141174, 38.661968>, 0.100000
	pigment { color rgbt <1,0,0,0> }
	no_shadow
}
cylinder {
	<27.191999, 32.302902, 38.828773>,  <27.292267, 32.572453, 39.106785>, 0.100000
	pigment { color rgbt <1,0,0,0> }
	no_shadow
}

// particle -1
sphere {
	<27.191999, 32.302902, 38.828773> 0.100000
	pigment { color rgbt <1,0,0,0> }
	no_shadow
}
sphere {
	0, 1
	scale<0.080000,0.200000,0.300000>
	matrix <0.201900, -0.738552, 0.643255,
		-0.946784, 0.020919, 0.321188,
		-0.250670, -0.673872, -0.695026,
		27.116798, 32.100742, 38.620266>
	pigment { color rgbt <0,1,1,0> }
	no_shadow
}
cylinder {
	<26.835566, 32.064919, 39.352074>,  <27.292267, 32.572453, 39.106785>, 0.130000
	pigment { color rgbt <1,0,0,0> }
	no_shadow
}

// nucleotide -1

// particle -1
sphere {
	<26.835566, 32.064919, 39.352074> 0.250000
	pigment { color rgbt <1,0,0,0> }
	no_shadow
}
cylinder {
	<27.004286, 31.877371, 39.041656>,  <27.105518, 31.764841, 38.855404>, 0.100000
	pigment { color rgbt <1,0,0,0> }
	no_shadow
}
cylinder {
	<27.004286, 31.877371, 39.041656>,  <26.835566, 32.064919, 39.352074>, 0.100000
	pigment { color rgbt <1,0,0,0> }
	no_shadow
}

// particle -1
sphere {
	<27.004286, 31.877371, 39.041656> 0.100000
	pigment { color rgbt <1,0,0,0> }
	no_shadow
}
sphere {
	0, 1
	scale<0.080000,0.200000,0.300000>
	matrix <0.301009, -0.734954, 0.607648,
		-0.855266, -0.489902, -0.168868,
		0.421798, -0.468870, -0.776046,
		27.130825, 31.736710, 38.808842>
	pigment { color rgbt <0,1,1,0> }
	no_shadow
}
cylinder {
	<26.651686, 31.340014, 39.371082>,  <26.835566, 32.064919, 39.352074>, 0.130000
	pigment { color rgbt <1,0,0,0> }
	no_shadow
}

// nucleotide -1

// particle -1
sphere {
	<26.651686, 31.340014, 39.371082> 0.250000
	pigment { color rgbt <1,0,0,0> }
	no_shadow
}
cylinder {
	<26.979431, 31.375277, 39.144501>,  <27.176079, 31.396435, 39.008553>, 0.100000
	pigment { color rgbt <1,0,0,0> }
	no_shadow
}
cylinder {
	<26.979431, 31.375277, 39.144501>,  <26.651686, 31.340014, 39.371082>, 0.100000
	pigment { color rgbt <1,0,0,0> }
	no_shadow
}

// particle -1
sphere {
	<26.979431, 31.375277, 39.144501> 0.100000
	pigment { color rgbt <1,0,0,0> }
	no_shadow
}
sphere {
	0, 1
	scale<0.080000,0.200000,0.300000>
	matrix <0.402227, -0.792474, 0.458474,
		-0.408484, -0.603501, -0.684783,
		0.819362, 0.088160, -0.566457,
		27.225239, 31.401724, 38.974564>
	pigment { color rgbt <0,1,1,0> }
	no_shadow
}
cylinder {
	<26.779377, 30.683027, 39.007519>,  <26.651686, 31.340014, 39.371082>, 0.130000
	pigment { color rgbt <1,0,0,0> }
	no_shadow
}

// nucleotide -1

// particle -1
sphere {
	<26.779377, 30.683027, 39.007519> 0.250000
	pigment { color rgbt <1,0,0,0> }
	no_shadow
}
cylinder {
	<27.114618, 30.891720, 39.071239>,  <27.315763, 31.016935, 39.109470>, 0.100000
	pigment { color rgbt <1,0,0,0> }
	no_shadow
}
cylinder {
	<27.114618, 30.891720, 39.071239>,  <26.779377, 30.683027, 39.007519>, 0.100000
	pigment { color rgbt <1,0,0,0> }
	no_shadow
}

// particle -1
sphere {
	<27.114618, 30.891720, 39.071239> 0.100000
	pigment { color rgbt <1,0,0,0> }
	no_shadow
}
sphere {
	0, 1
	scale<0.080000,0.200000,0.300000>
	matrix <0.463429, -0.835016, 0.296616,
		0.287774, -0.174770, -0.941616,
		0.838105, 0.521731, 0.159302,
		27.366051, 31.048239, 39.119030>
	pigment { color rgbt <0,1,1,0> }
	no_shadow
}
cylinder {
	<27.035479, 30.170195, 38.388599>,  <26.779377, 30.683027, 39.007519>, 0.130000
	pigment { color rgbt <1,0,0,0> }
	no_shadow
}

// nucleotide -1

// particle -1
sphere {
	<27.035479, 30.170195, 38.388599> 0.250000
	pigment { color rgbt <1,0,0,0> }
	no_shadow
}
cylinder {
	<26.784939, 30.039932, 38.105297>,  <26.634615, 29.961775, 37.935314>, 0.100000
	pigment { color rgbt <1,0,0,0> }
	no_shadow
}
cylinder {
	<26.784939, 30.039932, 38.105297>,  <27.035479, 30.170195, 38.388599>, 0.100000
	pigment { color rgbt <1,0,0,0> }
	no_shadow
}

// particle -1
sphere {
	<26.784939, 30.039932, 38.105297> 0.100000
	pigment { color rgbt <1,0,0,0> }
	no_shadow
}
sphere {
	0, 1
	scale<0.080000,0.200000,0.300000>
	matrix <0.053163, -0.924290, 0.377971,
		-0.777726, 0.199089, 0.596243,
		-0.626351, -0.325656, -0.708260,
		26.597033, 29.942236, 37.892818>
	pigment { color rgbt <0,1,1,0> }
	no_shadow
}
cylinder {
	<27.315344, 29.800257, 37.844021>,  <27.035479, 30.170195, 38.388599>, 0.130000
	pigment { color rgbt <1,0,0,0> }
	no_shadow
}

// nucleotide -1

// particle -1
sphere {
	<27.315344, 29.800257, 37.844021> 0.250000
	pigment { color rgbt <1,0,0,0> }
	no_shadow
}
cylinder {
	<27.341045, 29.768551, 37.446110>,  <27.356466, 29.749527, 37.207363>, 0.100000
	pigment { color rgbt <1,0,0,0> }
	no_shadow
}
cylinder {
	<27.341045, 29.768551, 37.446110>,  <27.315344, 29.800257, 37.844021>, 0.100000
	pigment { color rgbt <1,0,0,0> }
	no_shadow
}

// particle -1
sphere {
	<27.341045, 29.768551, 37.446110> 0.100000
	pigment { color rgbt <1,0,0,0> }
	no_shadow
}
sphere {
	0, 1
	scale<0.080000,0.200000,0.300000>
	matrix <-0.855140, 0.509463, -0.095828,
		0.514400, 0.856834, -0.035049,
		0.064252, -0.079266, -0.994781,
		27.360321, 29.744772, 37.147675>
	pigment { color rgbt <0,1,1,0> }
	no_shadow
}
cylinder {
	<27.235281, 30.446774, 37.569248>,  <27.315344, 29.800257, 37.844021>, 0.130000
	pigment { color rgbt <1,0,0,0> }
	no_shadow
}

// nucleotide -1

// particle -1
sphere {
	<27.235281, 30.446774, 37.569248> 0.250000
	pigment { color rgbt <1,0,0,0> }
	no_shadow
}
cylinder {
	<27.125452, 30.152863, 37.321148>,  <27.059555, 29.976517, 37.172287>, 0.100000
	pigment { color rgbt <1,0,0,0> }
	no_shadow
}
cylinder {
	<27.125452, 30.152863, 37.321148>,  <27.235281, 30.446774, 37.569248>, 0.100000
	pigment { color rgbt <1,0,0,0> }
	no_shadow
}

// particle -1
sphere {
	<27.125452, 30.152863, 37.321148> 0.100000
	pigment { color rgbt <1,0,0,0> }
	no_shadow
}
sphere {
	0, 1
	scale<0.080000,0.200000,0.300000>
	matrix <-0.876324, 0.456734, -0.153138,
