// switches for output
#declare DRAW_BASES = 1; // possible values are 0, 1; only relevant for DNA ribbons
#declare DRAW_BASES_TYPE = 3; // possible values are 1, 2, 3; only relevant for DNA ribbons
#declare DRAW_FOG = 0; // set to 1 to enable fog

#include "colors.inc"

#include "transforms.inc"
background { rgb <1, 1, 1>}

#default {
   normal{
       ripples 0.25
       frequency 0.20
       turbulence 0.2
       lambda 5
   }
	finish {
		phong 0.1
		phong_size 40.
	}
}

// original window dimensions: 1024x640


// camera settings

camera {
	sky <0, 0.179814, -0.983701>
	up <0, 0.179814, -0.983701>
	right 1.6 * <1, 0, 0>
	location <35, 94.9851, 44.8844>
	look_at <35, 29.7336, 32.9568>
	direction <0, -65.2515, -11.9276>
	angle 67.0682
}


# declare cpy_camera_pos = <35, 94.9851, 44.8844>;
# if (DRAW_FOG = 1)
fog {
	fog_type 2
	up vnormalize(cpy_camera_pos)
	color rgbt<1,1,1,0.3>
	distance 1e-5
	fog_alt 3e-3
	fog_offset 56
}
# end


// LIGHTS

# declare lum = 6;
global_settings {
	ambient_light rgb lum * <0.05, 0.05, 0.05>
	max_trace_level 15
}# declare cpy_direct_light_amount = 0.25;
light_source
{	1000 * <-1, -1.16352, -0.803886>,
	rgb lum * cpy_direct_light_amount
	parallel
}

light_source
{	1000 * <1, 1.16352, 0.803886>,
	rgb lum * cpy_direct_light_amount
	parallel
}

// strand 0

// nucleotide -1

// particle -1
sphere {
	<24.362923, 34.663784, 35.607563> 0.250000
	pigment { color rgbt <1,0,0,0> }
	no_shadow
}
cylinder {
	<24.270983, 34.836563, 35.258717>,  <24.215818, 34.940231, 35.049408>, 0.100000
	pigment { color rgbt <1,0,0,0> }
	no_shadow
}
cylinder {
	<24.270983, 34.836563, 35.258717>,  <24.362923, 34.663784, 35.607563>, 0.100000
	pigment { color rgbt <1,0,0,0> }
	no_shadow
}

// particle -1
sphere {
	<24.270983, 34.836563, 35.258717> 0.100000
	pigment { color rgbt <1,0,0,0> }
	no_shadow
}
sphere {
	0, 1
	scale<0.080000,0.200000,0.300000>
	matrix <0.774195, -0.461861, -0.432791,
		-0.589739, -0.774668, -0.228250,
		-0.229849, 0.431943, -0.872120,
		24.202028, 34.966145, 34.997082>
	pigment { color rgbt <0,1,1,0> }
	no_shadow
}
cylinder {
	<24.571003, 34.206345, 35.081249>,  <24.362923, 34.663784, 35.607563>, 0.130000
	pigment { color rgbt <1,0,0,0> }
	no_shadow
}

// nucleotide -1

// particle -1
sphere {
	<24.571003, 34.206345, 35.081249> 0.250000
	pigment { color rgbt <1,0,0,0> }
	no_shadow
}
cylinder {
	<24.606356, 34.588039, 34.966969>,  <24.627567, 34.817055, 34.898399>, 0.100000
	pigment { color rgbt <1,0,0,0> }
	no_shadow
}
cylinder {
	<24.606356, 34.588039, 34.966969>,  <24.571003, 34.206345, 35.081249>, 0.100000
	pigment { color rgbt <1,0,0,0> }
	no_shadow
}

// particle -1
sphere {
	<24.606356, 34.588039, 34.966969> 0.100000
	pigment { color rgbt <1,0,0,0> }
	no_shadow
}
sphere {
	0, 1
	scale<0.080000,0.200000,0.300000>
	matrix <0.980455, -0.133954, -0.144102,
		-0.175778, -0.267383, -0.947422,
		0.088381, 0.954234, -0.285703,
		24.632870, 34.874310, 34.881256>
	pigment { color rgbt <0,1,1,0> }
	no_shadow
}
cylinder {
	<25.010242, 34.330322, 34.407455>,  <24.571003, 34.206345, 35.081249>, 0.130000
	pigment { color rgbt <1,0,0,0> }
	no_shadow
}

// nucleotide -1

// particle -1
sphere {
	<25.010242, 34.330322, 34.407455> 0.250000
	pigment { color rgbt <1,0,0,0> }
	no_shadow
}
cylinder {
	<25.018728, 34.615604, 34.687710>,  <25.023821, 34.786774, 34.855862>, 0.100000
	pigment { color rgbt <1,0,0,0> }
	no_shadow
}
cylinder {
	<25.018728, 34.615604, 34.687710>,  <25.010242, 34.330322, 34.407455>, 0.100000
	pigment { color rgbt <1,0,0,0> }
	no_shadow
}

// particle -1
sphere {
	<25.018728, 34.615604, 34.687710> 0.100000
	pigment { color rgbt <1,0,0,0> }
	no_shadow
}
sphere {
	0, 1
	scale<0.080000,0.200000,0.300000>
	matrix <0.997501, -0.062338, 0.033250,
		0.067390, 0.698182, -0.712742,
		0.021216, 0.713201, 0.700638,
		25.025093, 34.829563, 34.897900>
	pigment { color rgbt <0,1,1,0> }
	no_shadow
}
cylinder {
	<25.123308, 34.777695, 33.803463>,  <25.010242, 34.330322, 34.407455>, 0.130000
	pigment { color rgbt <1,0,0,0> }
	no_shadow
}

// nucleotide -1

// particle -1
sphere {
	<25.123308, 34.777695, 33.803463> 0.250000
	pigment { color rgbt <1,0,0,0> }
	no_shadow
}
cylinder {
	<25.467621, 34.619434, 33.931538>,  <25.674208, 34.524479, 34.008381>, 0.100000
	pigment { color rgbt <1,0,0,0> }
	no_shadow
}
cylinder {
	<25.467621, 34.619434, 33.931538>,  <25.123308, 34.777695, 33.803463>, 0.100000
	pigment { color rgbt <1,0,0,0> }
	no_shadow
}

// particle -1
sphere {
	<25.467621, 34.619434, 33.931538> 0.100000
	pigment { color rgbt <1,0,0,0> }
	no_shadow
}
sphere {
	0, 1
	scale<0.080000,0.200000,0.300000>
	matrix <0.357203, 0.021468, -0.933780,
		0.362579, 0.918149, 0.159807,
		0.860780, -0.395652, 0.320182,
		25.725855, 34.500740, 34.027592>
	pigment { color rgbt <0,1,1,0> }
	no_shadow
}
cylinder {
	<25.617716, 35.287514, 33.628258>,  <25.123308, 34.777695, 33.803463>, 0.130000
	pigment { color rgbt <1,0,0,0> }
	no_shadow
}

// nucleotide -1

// particle -1
sphere {
	<25.617716, 35.287514, 33.628258> 0.250000
	pigment { color rgbt <1,0,0,0> }
	no_shadow
}
cylinder {
	<25.787663, 34.926323, 33.653927>,  <25.889631, 34.709610, 33.669331>, 0.100000
	pigment { color rgbt <1,0,0,0> }
	no_shadow
}
cylinder {
	<25.787663, 34.926323, 33.653927>,  <25.617716, 35.287514, 33.628258>, 0.100000
	pigment { color rgbt <1,0,0,0> }
	no_shadow
}

// particle -1
sphere {
	<25.787663, 34.926323, 33.653927> 0.100000
	pigment { color rgbt <1,0,0,0> }
	no_shadow
}
sphere {
	0, 1
	scale<0.080000,0.200000,0.300000>
	matrix <0.485448, 0.167428, -0.858084,
		0.764086, 0.395726, 0.509483,
		0.424868, -0.902978, 0.064175,
		25.915123, 34.655430, 33.673180>
	pigment { color rgbt <0,1,1,0> }
	no_shadow
}
cylinder {
	<26.134455, 35.416870, 33.227085>,  <25.617716, 35.287514, 33.628258>, 0.130000
	pigment { color rgbt <1,0,0,0> }
	no_shadow
}

// nucleotide -1

// particle -1
sphere {
	<26.134455, 35.416870, 33.227085> 0.250000
	pigment { color rgbt <1,0,0,0> }
	no_shadow
}
cylinder {
	<26.144985, 35.019005, 33.267002>,  <26.151302, 34.780285, 33.290951>, 0.100000
	pigment { color rgbt <1,0,0,0> }
	no_shadow
}
cylinder {
	<26.144985, 35.019005, 33.267002>,  <26.134455, 35.416870, 33.227085>, 0.100000
	pigment { color rgbt <1,0,0,0> }
	no_shadow
}

// particle -1
sphere {
	<26.144985, 35.019005, 33.267002> 0.100000
	pigment { color rgbt <1,0,0,0> }
	no_shadow
}
sphere {
	0, 1
	scale<0.080000,0.200000,0.300000>
	matrix <0.550504, -0.068903, -0.831984,
		0.834417, 0.076838, 0.545750,
		0.026324, -0.994660, 0.099794,
		26.152882, 34.720608, 33.296940>
	pigment { color rgbt <0,1,1,0> }
	no_shadow
}
cylinder {
	<26.918228, 35.006802, 33.154861>,  <26.134455, 35.416870, 33.227085>, 0.130000
	pigment { color rgbt <1,0,0,0> }
	no_shadow
}

// nucleotide -1

// particle -1
sphere {
	<26.918228, 35.006802, 33.154861> 0.250000
	pigment { color rgbt <1,0,0,0> }
	no_shadow
}
cylinder {
	<26.596762, 34.806892, 33.025650>,  <26.403883, 34.686947, 32.948124>, 0.100000
	pigment { color rgbt <1,0,0,0> }
	no_shadow
}
cylinder {
	<26.596762, 34.806892, 33.025650>,  <26.918228, 35.006802, 33.154861>, 0.100000
	pigment { color rgbt <1,0,0,0> }
	no_shadow
}

// particle -1
sphere {
	<26.596762, 34.806892, 33.025650> 0.100000
	pigment { color rgbt <1,0,0,0> }
	no_shadow
}
sphere {
	0, 1
	scale<0.080000,0.200000,0.300000>
	matrix <0.372601, 0.000644, -0.927991,
		0.463996, -0.866155, 0.185699,
		-0.803664, -0.499776, -0.323029,
		26.355663, 34.656960, 32.928741>
	pigment { color rgbt <0,1,1,0> }
	no_shadow
}
cylinder {
	<27.238480, 34.517044, 32.637074>,  <26.918228, 35.006802, 33.154861>, 0.130000
	pigment { color rgbt <1,0,0,0> }
	no_shadow
}

// nucleotide -1

// particle -1
sphere {
	<27.238480, 34.517044, 32.637074> 0.250000
	pigment { color rgbt <1,0,0,0> }
	no_shadow
}
cylinder {
	<26.846447, 34.586922, 32.599285>,  <26.611227, 34.628849, 32.576614>, 0.100000
	pigment { color rgbt <1,0,0,0> }
	no_shadow
}
cylinder {
	<26.846447, 34.586922, 32.599285>,  <27.238480, 34.517044, 32.637074>, 0.100000
	pigment { color rgbt <1,0,0,0> }
	no_shadow
}

// particle -1
sphere {
	<26.846447, 34.586922, 32.599285> 0.100000
	pigment { color rgbt <1,0,0,0> }
	no_shadow
}
sphere {
	0, 1
	scale<0.080000,0.200000,0.300000>
	matrix <0.069179, -0.145573, -0.986926,
		-0.186164, -0.973802, 0.130588,
		-0.980080, 0.174696, -0.094467,
		26.552423, 34.639332, 32.570946>
	pigment { color rgbt <0,1,1,0> }
	no_shadow
}
cylinder {
	<27.351963, 34.262856, 31.938490>,  <27.238480, 34.517044, 32.637074>, 0.130000
	pigment { color rgbt <1,0,0,0> }
	no_shadow
}

// nucleotide -1

// particle -1
sphere {
	<27.351963, 34.262856, 31.938490> 0.250000
	pigment { color rgbt <1,0,0,0> }
	no_shadow
}
cylinder {
	<27.448465, 34.644894, 31.869682>,  <27.506367, 34.874115, 31.828398>, 0.100000
	pigment { color rgbt <1,0,0,0> }
	no_shadow
}
cylinder {
	<27.448465, 34.644894, 31.869682>,  <27.351963, 34.262856, 31.938490>, 0.100000
	pigment { color rgbt <1,0,0,0> }
	no_shadow
}

// particle -1
sphere {
	<27.448465, 34.644894, 31.869682> 0.100000
	pigment { color rgbt <1,0,0,0> }
	no_shadow
}
sphere {
	0, 1
	scale<0.080000,0.200000,0.300000>
	matrix <0.908108, -0.159670, 0.387098,
		0.342249, -0.249603, -0.905850,
		0.241258, 0.955094, -0.172020,
		27.520844, 34.931423, 31.818077>
	pigment { color rgbt <0,1,1,0> }
	no_shadow
}
cylinder {
	<27.956594, 34.186047, 31.701494>,  <27.351963, 34.262856, 31.938490>, 0.130000
	pigment { color rgbt <1,0,0,0> }
	no_shadow
}

// nucleotide -1

// particle -1
sphere {
	<27.956594, 34.186047, 31.701494> 0.250000
	pigment { color rgbt <1,0,0,0> }
	no_shadow
}
cylinder {
	<27.932795, 34.552746, 31.859497>,  <27.918514, 34.772766, 31.954298>, 0.100000
	pigment { color rgbt <1,0,0,0> }
	no_shadow
}
cylinder {
	<27.932795, 34.552746, 31.859497>,  <27.956594, 34.186047, 31.701494>, 0.100000
	pigment { color rgbt <1,0,0,0> }
	no_shadow
}

// particle -1
sphere {
	<27.932795, 34.552746, 31.859497> 0.100000
	pigment { color rgbt <1,0,0,0> }
	no_shadow
}
sphere {
	0, 1
	scale<0.080000,0.200000,0.300000>
	matrix <0.827986, -0.175707, 0.532509,
		0.557582, 0.358745, -0.748601,
		-0.059501, 0.916749, 0.395007,
		27.914944, 34.827770, 31.977999>
	pigment { color rgbt <0,1,1,0> }
	no_shadow
}
cylinder {
	<28.564356, 34.422333, 31.540249>,  <27.956594, 34.186047, 31.701494>, 0.130000
	pigment { color rgbt <1,0,0,0> }
	no_shadow
}

// nucleotide -1

// particle -1
sphere {
	<28.564356, 34.422333, 31.540249> 0.250000
	pigment { color rgbt <1,0,0,0> }
	no_shadow
}
cylinder {
	<28.446413, 34.677177, 31.825108>,  <28.375647, 34.830082, 31.996023>, 0.100000
	pigment { color rgbt <1,0,0,0> }
	no_shadow
}
cylinder {
	<28.446413, 34.677177, 31.825108>,  <28.564356, 34.422333, 31.540249>, 0.100000
	pigment { color rgbt <1,0,0,0> }
	no_shadow
}

// particle -1
sphere {
	<28.446413, 34.677177, 31.825108> 0.100000
	pigment { color rgbt <1,0,0,0> }
	no_shadow
}
sphere {
	0, 1
	scale<0.080000,0.200000,0.300000>
	matrix <0.874648, -0.120152, 0.469633,
		0.384772, 0.761352, -0.521817,
		-0.294858, 0.637108, 0.712146,
		28.357956, 34.868309, 32.038750>
	pigment { color rgbt <0,1,1,0> }
	no_shadow
}
cylinder {
	<29.085741, 34.868408, 31.677189>,  <28.564356, 34.422333, 31.540249>, 0.130000
	pigment { color rgbt <1,0,0,0> }
	no_shadow
}

// nucleotide -1

// particle -1
sphere {
	<29.085741, 34.868408, 31.677189> 0.250000
	pigment { color rgbt <1,0,0,0> }
	no_shadow
}
cylinder {
	<28.851915, 34.845135, 32.000893>,  <28.711620, 34.831169, 32.195114>, 0.100000
	pigment { color rgbt <1,0,0,0> }
	no_shadow
}
cylinder {
	<28.851915, 34.845135, 32.000893>,  <29.085741, 34.868408, 31.677189>, 0.100000
	pigment { color rgbt <1,0,0,0> }
	no_shadow
}

// particle -1
sphere {
	<28.851915, 34.845135, 32.000893> 0.100000
	pigment { color rgbt <1,0,0,0> }
	no_shadow
}
sphere {
	0, 1
	scale<0.080000,0.200000,0.300000>
	matrix <0.810741, -0.080413, 0.579856,
		0.031335, 0.995062, 0.094182,
		-0.584566, -0.058188, 0.809257,
		28.676546, 34.827679, 32.243671>
	pigment { color rgbt <0,1,1,0> }
	no_shadow
}
cylinder {
	<29.165661, 35.528572, 32.104027>,  <29.085741, 34.868408, 31.677189>, 0.130000
	pigment { color rgbt <1,0,0,0> }
	no_shadow
}

// nucleotide -1

// particle -1
sphere {
	<29.165661, 35.528572, 32.104027> 0.250000
	pigment { color rgbt <1,0,0,0> }
	no_shadow
}
cylinder {
	<29.039894, 35.207947, 32.307453>,  <28.964434, 35.015572, 32.429508>, 0.100000
	pigment { color rgbt <1,0,0,0> }
	no_shadow
}
cylinder {
	<29.039894, 35.207947, 32.307453>,  <29.165661, 35.528572, 32.104027>, 0.100000
	pigment { color rgbt <1,0,0,0> }
	no_shadow
}

// particle -1
sphere {
	<29.039894, 35.207947, 32.307453> 0.100000
	pigment { color rgbt <1,0,0,0> }
	no_shadow
}
sphere {
	0, 1
	scale<0.080000,0.200000,0.300000>
	matrix <0.740015, 0.128587, 0.660184,
		-0.594574, 0.583919, 0.552738,
		-0.314419, -0.801563, 0.508564,
		28.945568, 34.967476, 32.460022>
	pigment { color rgbt <0,1,1,0> }
	no_shadow
}
cylinder {
	<29.007610, 35.790062, 32.765450>,  <29.165661, 35.528572, 32.104027>, 0.130000
	pigment { color rgbt <1,0,0,0> }
	no_shadow
}

// nucleotide -1

// particle -1
sphere {
	<29.007610, 35.790062, 32.765450> 0.250000
	pigment { color rgbt <1,0,0,0> }
	no_shadow
}
cylinder {
	<29.126062, 35.408192, 32.753441>,  <29.197134, 35.179070, 32.746235>, 0.100000
	pigment { color rgbt <1,0,0,0> }
	no_shadow
}
cylinder {
	<29.126062, 35.408192, 32.753441>,  <29.007610, 35.790062, 32.765450>, 0.100000
	pigment { color rgbt <1,0,0,0> }
	no_shadow
}

// particle -1
sphere {
	<29.126062, 35.408192, 32.753441> 0.100000
	pigment { color rgbt <1,0,0,0> }
	no_shadow
}
sphere {
	0, 1
	scale<0.080000,0.200000,0.300000>
	matrix <0.770888, 0.220328, 0.597651,
		-0.563950, -0.200121, 0.801194,
		0.296128, -0.954676, -0.030017,
		29.214901, 35.121788, 32.744434>
	pigment { color rgbt <0,1,1,0> }
	no_shadow
}
cylinder {
	<29.028872, 35.542141, 33.455639>,  <29.007610, 35.790062, 32.765450>, 0.130000
	pigment { color rgbt <1,0,0,0> }
	no_shadow
}

// nucleotide -1

// particle -1
sphere {
	<29.028872, 35.542141, 33.455639> 0.250000
	pigment { color rgbt <1,0,0,0> }
	no_shadow
}
cylinder {
	<29.266073, 35.333969, 33.209873>,  <29.408394, 35.209064, 33.062416>, 0.100000
	pigment { color rgbt <1,0,0,0> }
	no_shadow
}
cylinder {
	<29.266073, 35.333969, 33.209873>,  <29.028872, 35.542141, 33.455639>, 0.100000
	pigment { color rgbt <1,0,0,0> }
	no_shadow
}

// particle -1
sphere {
	<29.266073, 35.333969, 33.209873> 0.100000
	pigment { color rgbt <1,0,0,0> }
	no_shadow
}
sphere {
	0, 1
	scale<0.080000,0.200000,0.300000>
	matrix <0.799537, 0.290257, 0.525824,
		-0.095317, -0.803060, 0.588225,
		0.593005, -0.520428, -0.614410,
		29.443975, 35.177841, 33.025551>
	pigment { color rgbt <0,1,1,0> }
	no_shadow
}
cylinder {
	<28.301477, 35.221169, 33.316605>,  <29.028872, 35.542141, 33.455639>, 0.130000
	pigment { color rgbt <1,0,0,0> }
	no_shadow
}

// nucleotide -1

// particle -1
sphere {
	<28.301477, 35.221169, 33.316605> 0.250000
	pigment { color rgbt <1,0,0,0> }
	no_shadow
}
cylinder {
	<28.448988, 35.195038, 32.945717>,  <28.537495, 35.179359, 32.723183>, 0.100000
	pigment { color rgbt <1,0,0,0> }
	no_shadow
}
cylinder {
	<28.448988, 35.195038, 32.945717>,  <28.301477, 35.221169, 33.316605>, 0.100000
	pigment { color rgbt <1,0,0,0> }
	no_shadow
}

// particle -1
sphere {
	<28.448988, 35.195038, 32.945717> 0.100000
	pigment { color rgbt <1,0,0,0> }
	no_shadow
}
sphere {
	0, 1
	scale<0.080000,0.200000,0.300000>
	matrix <-0.900476, 0.222290, -0.373805,
		0.230533, 0.972790, 0.023147,
		0.368779, -0.065331, -0.927219,
		28.559622, 35.175438, 32.667553>
	pigment { color rgbt <0,1,1,0> }
	no_shadow
}
cylinder {
	<27.954002, 35.689079, 32.940926>,  <28.301477, 35.221169, 33.316605>, 0.130000
	pigment { color rgbt <1,0,0,0> }
	no_shadow
}

// nucleotide -1

// particle -1
sphere {
	<27.954002, 35.689079, 32.940926> 0.250000
	pigment { color rgbt <1,0,0,0> }
	no_shadow
}
cylinder {
	<28.096220, 35.474411, 32.634834>,  <28.181551, 35.345608, 32.451180>, 0.100000
	pigment { color rgbt <1,0,0,0> }
	no_shadow
}
cylinder {
	<28.096220, 35.474411, 32.634834>,  <27.954002, 35.689079, 32.940926>, 0.100000
	pigment { color rgbt <1,0,0,0> }
	no_shadow
}

// particle -1
sphere {
	<28.096220, 35.474411, 32.634834> 0.100000
	pigment { color rgbt <1,0,0,0> }
	no_shadow
}
sphere {
	0, 1
	scale<0.080000,0.200000,0.300000>
	matrix <-0.880633, 0.081971, -0.466654,
		0.313167, 0.839798, -0.443470,
		0.355544, -0.536675, -0.765225,
		28.202883, 35.313408, 32.405266>
	pigment { color rgbt <0,1,1,0> }
	no_shadow
}
cylinder {
	<27.966684, 36.096199, 32.352509>,  <27.954002, 35.689079, 32.940926>, 0.130000
	pigment { color rgbt <1,0,0,0> }
	no_shadow
}

// nucleotide -1

// particle -1
sphere {
	<27.966684, 36.096199, 32.352509> 0.250000
	pigment { color rgbt <1,0,0,0> }
	no_shadow
}
cylinder {
	<27.943737, 35.707287, 32.261845>,  <27.929970, 35.473938, 32.207447>, 0.100000
	pigment { color rgbt <1,0,0,0> }
	no_shadow
}
cylinder {
	<27.943737, 35.707287, 32.261845>,  <27.966684, 36.096199, 32.352509>, 0.100000
	pigment { color rgbt <1,0,0,0> }
	no_shadow
}

// particle -1
sphere {
	<27.943737, 35.707287, 32.261845> 0.100000
	pigment { color rgbt <1,0,0,0> }
	no_shadow
}
sphere {
	0, 1
	scale<0.080000,0.200000,0.300000>
	matrix <-0.714810, 0.198493, -0.670557,
		0.696962, 0.123548, -0.706385,
		-0.057367, -0.972284, -0.226655,
		27.926527, 35.415600, 32.193848>
	pigment { color rgbt <0,1,1,0> }
	no_shadow
}
cylinder {
	<27.936731, 36.074192, 31.575153>,  <27.966684, 36.096199, 32.352509>, 0.130000
	pigment { color rgbt <1,0,0,0> }
	no_shadow
}

// nucleotide -1

// particle -1
sphere {
	<27.936731, 36.074192, 31.575153> 0.250000
	pigment { color rgbt <1,0,0,0> }
	no_shadow
}
cylinder {
	<27.789980, 35.732807, 31.723211>,  <27.701929, 35.527977, 31.812046>, 0.100000
	pigment { color rgbt <1,0,0,0> }
	no_shadow
}
cylinder {
	<27.789980, 35.732807, 31.723211>,  <27.936731, 36.074192, 31.575153>, 0.100000
	pigment { color rgbt <1,0,0,0> }
	no_shadow
}

// particle -1
sphere {
	<27.789980, 35.732807, 31.723211> 0.100000
	pigment { color rgbt <1,0,0,0> }
	no_shadow
}
sphere {
	0, 1
	scale<0.080000,0.200000,0.300000>
	matrix <-0.838495, 0.131055, -0.528915,
		0.402899, -0.504409, -0.763704,
		-0.366876, -0.853461, 0.370143,
		27.679916, 35.476768, 31.834255>
	pigment { color rgbt <0,1,1,0> }
	no_shadow
}
cylinder {
	<27.717636, 35.490200, 31.117599>,  <27.936731, 36.074192, 31.575153>, 0.130000
	pigment { color rgbt <1,0,0,0> }
	no_shadow
}

// nucleotide -1

// particle -1
sphere {
	<27.717636, 35.490200, 31.117599> 0.250000
	pigment { color rgbt <1,0,0,0> }
	no_shadow
}
cylinder {
	<27.483284, 35.512970, 31.440958>,  <27.342672, 35.526630, 31.634974>, 0.100000
	pigment { color rgbt <1,0,0,0> }
	no_shadow
}
cylinder {
	<27.483284, 35.512970, 31.440958>,  <27.717636, 35.490200, 31.117599>, 0.100000
	pigment { color rgbt <1,0,0,0> }
	no_shadow
}

// particle -1
sphere {
	<27.483284, 35.512970, 31.440958> 0.100000
	pigment { color rgbt <1,0,0,0> }
	no_shadow
}
sphere {
	0, 1
	scale<0.080000,0.200000,0.300000>
	matrix <-0.767796, 0.280186, -0.576181,
		-0.259299, -0.958256, -0.120451,
		-0.585878, 0.056922, 0.808398,
		27.307520, 35.530045, 31.683477>
	pigment { color rgbt <0,1,1,0> }
	no_shadow
}
cylinder {
	<27.074324, 35.138706, 31.055466>,  <27.717636, 35.490200, 31.117599>, 0.130000
	pigment { color rgbt <1,0,0,0> }
	no_shadow
}

// nucleotide -1

// particle -1
sphere {
	<27.074324, 35.138706, 31.055466> 0.250000
	pigment { color rgbt <1,0,0,0> }
	no_shadow
}
cylinder {
	<27.029585, 35.451614, 31.300591>,  <27.002743, 35.639359, 31.447666>, 0.100000
	pigment { color rgbt <1,0,0,0> }
	no_shadow
}
cylinder {
	<27.029585, 35.451614, 31.300591>,  <27.074324, 35.138706, 31.055466>, 0.100000
	pigment { color rgbt <1,0,0,0> }
	no_shadow
}

// particle -1
sphere {
	<27.029585, 35.451614, 31.300591> 0.100000
	pigment { color rgbt <1,0,0,0> }
	no_shadow
}
sphere {
	0, 1
	scale<0.080000,0.200000,0.300000>
	matrix <-0.623246, 0.425096, -0.656398,
		-0.773987, -0.455348, 0.440004,
		-0.111845, 0.782274, 0.612812,
		26.996031, 35.686295, 31.484434>
	pigment { color rgbt <0,1,1,0> }
	no_shadow
}
cylinder {
	<26.284035, 35.315163, 31.250420>,  <27.074324, 35.138706, 31.055466>, 0.130000
	pigment { color rgbt <1,0,0,0> }
	no_shadow
}

// nucleotide -1

// particle -1
sphere {
	<26.284035, 35.315163, 31.250420> 0.250000
	pigment { color rgbt <1,0,0,0> }
	no_shadow
}
cylinder {
	<26.526447, 35.632225, 31.276999>,  <26.671896, 35.822464, 31.292946>, 0.100000
	pigment { color rgbt <1,0,0,0> }
	no_shadow
}
cylinder {
	<26.526447, 35.632225, 31.276999>,  <26.284035, 35.315163, 31.250420>, 0.100000
	pigment { color rgbt <1,0,0,0> }
	no_shadow
}

// particle -1
sphere {
	<26.526447, 35.632225, 31.276999> 0.100000
	pigment { color rgbt <1,0,0,0> }
	no_shadow
}
sphere {
	0, 1
	scale<0.080000,0.200000,0.300000>
	matrix <-0.467876, 0.422778, -0.776113,
		-0.643286, 0.439260, 0.627084,
		0.606033, 0.792659, 0.066448,
		26.708258, 35.870022, 31.296932>
	pigment { color rgbt <0,1,1,0> }
	no_shadow
}
cylinder {
	<25.937393, 35.988018, 31.323921>,  <26.284035, 35.315163, 31.250420>, 0.130000
	pigment { color rgbt <1,0,0,0> }
	no_shadow
}

// nucleotide -1

// particle -1
sphere {
	<25.937393, 35.988018, 31.323921> 0.250000
	pigment { color rgbt <1,0,0,0> }
	no_shadow
}
cylinder {
	<26.296354, 36.044662, 31.156773>,  <26.511730, 36.078651, 31.056484>, 0.100000
	pigment { color rgbt <1,0,0,0> }
	no_shadow
}
cylinder {
	<26.296354, 36.044662, 31.156773>,  <25.937393, 35.988018, 31.323921>, 0.100000
	pigment { color rgbt <1,0,0,0> }
	no_shadow
}

// particle -1
sphere {
	<26.296354, 36.044662, 31.156773> 0.100000
	pigment { color rgbt <1,0,0,0> }
	no_shadow
}
sphere {
	0, 1
	scale<0.080000,0.200000,0.300000>
	matrix <-0.439876, 0.360872, -0.822363,
		0.034338, 0.921801, 0.386141,
		0.897402, 0.141615, -0.417870,
		26.565575, 36.087147, 31.031412>
	pigment { color rgbt <0,1,1,0> }
	no_shadow
}
cylinder {
	<25.375532, 35.627609, 31.161608>,  <25.937393, 35.988018, 31.323921>, 0.130000
	pigment { color rgbt <1,0,0,0> }
	no_shadow
}

// nucleotide -1

// particle -1
sphere {
	<25.375532, 35.627609, 31.161608> 0.250000
	pigment { color rgbt <1,0,0,0> }
	no_shadow
}
cylinder {
	<24.996771, 35.735878, 31.092203>,  <24.769514, 35.800838, 31.050560>, 0.100000
	pigment { color rgbt <1,0,0,0> }
	no_shadow
}
cylinder {
	<24.996771, 35.735878, 31.092203>,  <25.375532, 35.627609, 31.161608>, 0.100000
	pigment { color rgbt <1,0,0,0> }
	no_shadow
}

// particle -1
sphere {
	<24.996771, 35.735878, 31.092203> 0.100000
	pigment { color rgbt <1,0,0,0> }
	no_shadow
}
sphere {
	0, 1
	scale<0.080000,0.200000,0.300000>
	matrix <0.321492, 0.803635, -0.500813,
		0.003883, -0.530005, -0.847986,
		-0.946905, 0.270676, -0.173512,
		24.712700, 35.817081, 31.040150>
	pigment { color rgbt <0,1,1,0> }
	no_shadow
}
cylinder {
	<25.474398, 36.098202, 30.756092>,  <25.375532, 35.627609, 31.161608>, 0.130000
	pigment { color rgbt <1,0,0,0> }
	no_shadow
}

// nucleotide -1

// particle -1
sphere {
	<25.474398, 36.098202, 30.756092> 0.250000
	pigment { color rgbt <1,0,0,0> }
	no_shadow
}
cylinder {
	<25.086227, 36.142071, 30.842113>,  <24.853325, 36.168392, 30.893726>, 0.100000
	pigment { color rgbt <1,0,0,0> }
	no_shadow
}
cylinder {
	<25.086227, 36.142071, 30.842113>,  <25.474398, 36.098202, 30.756092>, 0.100000
	pigment { color rgbt <1,0,0,0> }
	no_shadow
}

// particle -1
sphere {
	<25.086227, 36.142071, 30.842113> 0.100000
	pigment { color rgbt <1,0,0,0> }
	no_shadow
}
sphere {
	0, 1
	scale<0.080000,0.200000,0.300000>
	matrix <0.026938, 0.934479, -0.354997,
		-0.239897, -0.338705, -0.909796,
		-0.970424, 0.109671, 0.215055,
		24.795099, 36.174973, 30.906630>
	pigment { color rgbt <0,1,1,0> }
	no_shadow
}
cylinder {
	<25.032639, 36.164021, 30.140194>,  <25.474398, 36.098202, 30.756092>, 0.130000
	pigment { color rgbt <1,0,0,0> }
	no_shadow
}

// nucleotide -1

// particle -1
sphere {
	<25.032639, 36.164021, 30.140194> 0.250000
	pigment { color rgbt <1,0,0,0> }
	no_shadow
}
cylinder {
	<24.858345, 36.345535, 30.451118>,  <24.753769, 36.454445, 30.637672>, 0.100000
	pigment { color rgbt <1,0,0,0> }
	no_shadow
}
cylinder {
	<24.858345, 36.345535, 30.451118>,  <25.032639, 36.164021, 30.140194>, 0.100000
	pigment { color rgbt <1,0,0,0> }
	no_shadow
}

// particle -1
sphere {
	<24.858345, 36.345535, 30.451118> 0.100000
	pigment { color rgbt <1,0,0,0> }
	no_shadow
}
sphere {
	0, 1
	scale<0.080000,0.200000,0.300000>
	matrix <-0.086829, 0.838386, -0.538117,
		-0.895878, -0.301968, -0.325910,
		-0.435732, 0.453789, 0.777311,
		24.727625, 36.481670, 30.684311>
	pigment { color rgbt <0,1,1,0> }
	no_shadow
}
cylinder {
	<24.460838, 36.457115, 29.840412>,  <25.032639, 36.164021, 30.140194>, 0.130000
	pigment { color rgbt <1,0,0,0> }
	no_shadow
}

// nucleotide -1

// particle -1
sphere {
	<24.460838, 36.457115, 29.840412> 0.250000
	pigment { color rgbt <1,0,0,0> }
	no_shadow
}
cylinder {
	<24.496208, 36.614502, 30.206442>,  <24.517429, 36.708935, 30.426060>, 0.100000
	pigment { color rgbt <1,0,0,0> }
	no_shadow
}
cylinder {
	<24.496208, 36.614502, 30.206442>,  <24.460838, 36.457115, 29.840412>, 0.100000
	pigment { color rgbt <1,0,0,0> }
	no_shadow
}

// particle -1
sphere {
	<24.496208, 36.614502, 30.206442> 0.100000
	pigment { color rgbt <1,0,0,0> }
	no_shadow
}
sphere {
	0, 1
	scale<0.080000,0.200000,0.300000>
	matrix <-0.264554, 0.894957, -0.359254,
		-0.960309, -0.210320, 0.183229,
		0.088423, 0.393468, 0.915076,
		24.522736, 36.732544, 30.480965>
	pigment { color rgbt <0,1,1,0> }
	no_shadow
}
cylinder {
	<25.016321, 36.218964, 29.424641>,  <24.460838, 36.457115, 29.840412>, 0.130000
	pigment { color rgbt <1,0,0,0> }
	no_shadow
}

// nucleotide -1

// particle -1
sphere {
	<25.016321, 36.218964, 29.424641> 0.250000
	pigment { color rgbt <1,0,0,0> }
	no_shadow
}
cylinder {
	<24.759346, 36.351292, 29.148138>,  <24.605162, 36.430687, 28.982237>, 0.100000
	pigment { color rgbt <1,0,0,0> }
	no_shadow
}
cylinder {
	<24.759346, 36.351292, 29.148138>,  <25.016321, 36.218964, 29.424641>, 0.100000
	pigment { color rgbt <1,0,0,0> }
	no_shadow
}

// particle -1
sphere {
	<24.759346, 36.351292, 29.148138> 0.100000
	pigment { color rgbt <1,0,0,0> }
	no_shadow
}
sphere {
	0, 1
	scale<0.080000,0.200000,0.300000>
	matrix <-0.609953, 0.325333, 0.722576,
		0.463930, 0.885843, -0.007222,
		-0.642438, 0.330819, -0.691254,
		24.566614, 36.450539, 28.940762>
	pigment { color rgbt <0,1,1,0> }
	no_shadow
}
cylinder {
	<24.853319, 37.030029, 29.390364>,  <25.016321, 36.218964, 29.424641>, 0.130000
	pigment { color rgbt <1,0,0,0> }
	no_shadow
}

// nucleotide -1

// particle -1
sphere {
	<24.853319, 37.030029, 29.390364> 0.250000
	pigment { color rgbt <1,0,0,0> }
	no_shadow
}
cylinder {
	<24.577450, 36.751549, 29.310705>,  <24.411928, 36.584461, 29.262909>, 0.100000
	pigment { color rgbt <1,0,0,0> }
	no_shadow
}
cylinder {
	<24.577450, 36.751549, 29.310705>,  <24.853319, 37.030029, 29.390364>, 0.100000
	pigment { color rgbt <1,0,0,0> }
	no_shadow
}

// particle -1
sphere {
	<24.577450, 36.751549, 29.310705> 0.100000
	pigment { color rgbt <1,0,0,0> }
	no_shadow
}
sphere {
	0, 1
	scale<0.080000,0.200000,0.300000>
	matrix <-0.498393, 0.256866, 0.828024,
		-0.525313, 0.670321, -0.524133,
		-0.689674, -0.696197, -0.199148,
		24.370548, 36.542690, 29.250961>
	pigment { color rgbt <0,1,1,0> }
	no_shadow
}
cylinder {
	<24.862978, 37.816898, 29.440477>,  <24.853319, 37.030029, 29.390364>, 0.130000
	pigment { color rgbt <1,0,0,0> }
	no_shadow
}

// nucleotide -1

// particle -1
sphere {
	<24.862978, 37.816898, 29.440477> 0.250000
	pigment { color rgbt <1,0,0,0> }
	no_shadow
}
cylinder {
	<25.123800, 37.731762, 29.149405>,  <25.280294, 37.680679, 28.974760>, 0.100000
	pigment { color rgbt <1,0,0,0> }
	no_shadow
}
cylinder {
	<25.123800, 37.731762, 29.149405>,  <24.862978, 37.816898, 29.440477>, 0.100000
	pigment { color rgbt <1,0,0,0> }
	no_shadow
}

// particle -1
sphere {
	<25.123800, 37.731762, 29.149405> 0.100000
	pigment { color rgbt <1,0,0,0> }
	no_shadow
}
sphere {
	0, 1
	scale<0.080000,0.200000,0.300000>
	matrix <-0.225851, 0.861685, -0.454412,
		0.723749, 0.460650, 0.513799,
		0.652058, -0.212838, -0.727682,
		25.319418, 37.667912, 28.931101>
	pigment { color rgbt <0,1,1,0> }
	no_shadow
}
cylinder {
	<25.508581, 38.224895, 29.393219>,  <24.862978, 37.816898, 29.440477>, 0.130000
	pigment { color rgbt <1,0,0,0> }
	no_shadow
}

// nucleotide -1

// particle -1
sphere {
	<25.508581, 38.224895, 29.393219> 0.250000
	pigment { color rgbt <1,0,0,0> }
	no_shadow
}
cylinder {
	<25.405741, 38.104034, 29.026045>,  <25.344036, 38.031517, 28.805740>, 0.100000
	pigment { color rgbt <1,0,0,0> }
	no_shadow
}
cylinder {
	<25.405741, 38.104034, 29.026045>,  <25.508581, 38.224895, 29.393219>, 0.100000
	pigment { color rgbt <1,0,0,0> }
	no_shadow
}

// particle -1
sphere {
	<25.405741, 38.104034, 29.026045> 0.100000
	pigment { color rgbt <1,0,0,0> }
	no_shadow
}
sphere {
	0, 1
	scale<0.080000,0.200000,0.300000>
	matrix <0.095192, 0.937327, -0.335195,
		0.961685, -0.173559, -0.212224,
		-0.257100, -0.302150, -0.917935,
		25.328609, 38.013390, 28.750664>
	pigment { color rgbt <0,1,1,0> }
	no_shadow
}
cylinder {
	<25.904055, 38.622814, 28.945259>,  <25.508581, 38.224895, 29.393219>, 0.130000
	pigment { color rgbt <1,0,0,0> }
	no_shadow
}

// nucleotide -1

// particle -1
sphere {
	<25.904055, 38.622814, 28.945259> 0.250000
	pigment { color rgbt <1,0,0,0> }
	no_shadow
}
cylinder {
	<25.629240, 38.473782, 28.695726>,  <25.464352, 38.384361, 28.546007>, 0.100000
	pigment { color rgbt <1,0,0,0> }
	no_shadow
}
cylinder {
	<25.629240, 38.473782, 28.695726>,  <25.904055, 38.622814, 28.945259>, 0.100000
	pigment { color rgbt <1,0,0,0> }
	no_shadow
}

// particle -1
sphere {
	<25.629240, 38.473782, 28.695726> 0.100000
	pigment { color rgbt <1,0,0,0> }
	no_shadow
}
sphere {
	0, 1
	scale<0.080000,0.200000,0.300000>
	matrix <0.057533, 0.827946, -0.557848,
		0.724339, -0.419154, -0.547396,
		-0.687039, -0.372578, -0.623829,
		25.423128, 38.362007, 28.508577>
	pigment { color rgbt <0,1,1,0> }
	no_shadow
}
cylinder {
	<26.160608, 38.565254, 28.280460>,  <25.904055, 38.622814, 28.945259>, 0.130000
	pigment { color rgbt <1,0,0,0> }
	no_shadow
}

// nucleotide -1

// particle -1
sphere {
	<26.160608, 38.565254, 28.280460> 0.250000
	pigment { color rgbt <1,0,0,0> }
	no_shadow
}
cylinder {
	<25.762783, 38.596287, 28.252666>,  <25.524088, 38.614906, 28.235991>, 0.100000
	pigment { color rgbt <1,0,0,0> }
	no_shadow
}
cylinder {
	<25.762783, 38.596287, 28.252666>,  <26.160608, 38.565254, 28.280460>, 0.100000
	pigment { color rgbt <1,0,0,0> }
	no_shadow
}

// particle -1
sphere {
	<25.762783, 38.596287, 28.252666> 0.100000
	pigment { color rgbt <1,0,0,0> }
	no_shadow
}
sphere {
	0, 1
	scale<0.080000,0.200000,0.300000>
	matrix <0.100615, 0.887989, -0.448723,
		0.026892, -0.453274, -0.890965,
		-0.994562, 0.077578, -0.069486,
		25.464415, 38.619560, 28.231821>
	pigment { color rgbt <0,1,1,0> }
	no_shadow
}
cylinder {
	<25.967543, 38.829472, 27.569782>,  <26.160608, 38.565254, 28.280460>, 0.130000
	pigment { color rgbt <1,0,0,0> }
	no_shadow
}

// nucleotide -1

// particle -1
sphere {
	<25.967543, 38.829472, 27.569782> 0.250000
	pigment { color rgbt <1,0,0,0> }
	no_shadow
}
cylinder {
	<25.659403, 38.919193, 27.808529>,  <25.474520, 38.973026, 27.951777>, 0.100000
	pigment { color rgbt <1,0,0,0> }
	no_shadow
}
cylinder {
	<25.659403, 38.919193, 27.808529>,  <25.967543, 38.829472, 27.569782>, 0.100000
	pigment { color rgbt <1,0,0,0> }
	no_shadow
}

// particle -1
sphere {
	<25.659403, 38.919193, 27.808529> 0.100000
	pigment { color rgbt <1,0,0,0> }
	no_shadow
}
sphere {
	0, 1
	scale<0.080000,0.200000,0.300000>
	matrix <0.003971, 0.937752, -0.347282,
		-0.637609, -0.265158, -0.723288,
		-0.770350, 0.224303, 0.596866,
		25.428297, 38.986485, 27.987589>
	pigment { color rgbt <0,1,1,0> }
	no_shadow
}
cylinder {
	<25.711367, 39.476379, 27.145136>,  <25.967543, 38.829472, 27.569782>, 0.130000
	pigment { color rgbt <1,0,0,0> }
	no_shadow
}

// nucleotide -1

// particle -1
sphere {
	<25.711367, 39.476379, 27.145136> 0.250000
	pigment { color rgbt <1,0,0,0> }
	no_shadow
}
cylinder {
	<25.494385, 39.401672, 27.472761>,  <25.364197, 39.356850, 27.669336>, 0.100000
	pigment { color rgbt <1,0,0,0> }
	no_shadow
}
cylinder {
	<25.494385, 39.401672, 27.472761>,  <25.711367, 39.476379, 27.145136>, 0.100000
	pigment { color rgbt <1,0,0,0> }
	no_shadow
}

// particle -1
sphere {
	<25.494385, 39.401672, 27.472761> 0.100000
	pigment { color rgbt <1,0,0,0> }
	no_shadow
}
sphere {
	0, 1
	scale<0.080000,0.200000,0.300000>
	matrix <-0.389880, 0.919586, -0.048527,
		-0.744136, -0.345660, -0.571648,
		-0.542453, -0.186763, 0.819063,
		25.331648, 39.345642, 27.718479>
	pigment { color rgbt <0,1,1,0> }
	no_shadow
}
cylinder {
	<25.203749, 40.002945, 27.027637>,  <25.711367, 39.476379, 27.145136>, 0.130000
	pigment { color rgbt <1,0,0,0> }
	no_shadow
}

// nucleotide -1

// particle -1
sphere {
	<25.203749, 40.002945, 27.027637> 0.250000
	pigment { color rgbt <1,0,0,0> }
	no_shadow
}
cylinder {
	<25.182899, 39.884972, 27.409275>,  <25.170389, 39.814186, 27.638258>, 0.100000
	pigment { color rgbt <1,0,0,0> }
	no_shadow
}
cylinder {
	<25.182899, 39.884972, 27.409275>,  <25.203749, 40.002945, 27.027637>, 0.100000
	pigment { color rgbt <1,0,0,0> }
	no_shadow
}

// particle -1
sphere {
	<25.182899, 39.884972, 27.409275> 0.100000
	pigment { color rgbt <1,0,0,0> }
	no_shadow
}
sphere {
	0, 1
	scale<0.080000,0.200000,0.300000>
	matrix <-0.420317, 0.873128, 0.246941,
		-0.905879, -0.388151, -0.169477,
		-0.052124, -0.294933, 0.954095,
		25.167263, 39.796494, 27.695503>
	pigment { color rgbt <0,1,1,0> }
	no_shadow
}
cylinder {
	<24.680574, 40.422112, 27.317623>,  <25.203749, 40.002945, 27.027637>, 0.130000
	pigment { color rgbt <1,0,0,0> }
	no_shadow
}

// nucleotide -1

// particle -1
sphere {
	<24.680574, 40.422112, 27.317623> 0.250000
	pigment { color rgbt <1,0,0,0> }
	no_shadow
}
cylinder {
	<24.832302, 40.262859, 27.651714>,  <24.923340, 40.167309, 27.852169>, 0.100000
	pigment { color rgbt <1,0,0,0> }
	no_shadow
}
cylinder {
	<24.832302, 40.262859, 27.651714>,  <24.680574, 40.422112, 27.317623>, 0.100000
	pigment { color rgbt <1,0,0,0> }
	no_shadow
}

// particle -1
sphere {
	<24.832302, 40.262859, 27.651714> 0.100000
	pigment { color rgbt <1,0,0,0> }
	no_shadow
}
sphere {
	0, 1
	scale<0.080000,0.200000,0.300000>
	matrix <-0.085445, 0.883763, 0.460068,
		-0.921311, -0.245879, 0.301212,
		0.379321, -0.398129, 0.835230,
		24.946098, 40.143421, 27.902283>
	pigment { color rgbt <0,1,1,0> }
	no_shadow
}
cylinder {
	<24.153549, 40.441055, 27.877476>,  <24.680574, 40.422112, 27.317623>, 0.130000
	pigment { color rgbt <1,0,0,0> }
	no_shadow
}

// nucleotide -1

// particle -1
sphere {
	<24.153549, 40.441055, 27.877476> 0.250000
	pigment { color rgbt <1,0,0,0> }
	no_shadow
}
cylinder {
	<24.532337, 40.461063, 28.004438>,  <24.759609, 40.473068, 28.080616>, 0.100000
	pigment { color rgbt <1,0,0,0> }
	no_shadow
}
cylinder {
	<24.532337, 40.461063, 28.004438>,  <24.153549, 40.441055, 27.877476>, 0.100000
	pigment { color rgbt <1,0,0,0> }
	no_shadow
}

// particle -1
sphere {
	<24.532337, 40.461063, 28.004438> 0.100000
	pigment { color rgbt <1,0,0,0> }
	no_shadow
}
sphere {
	0, 1
	scale<0.080000,0.200000,0.300000>
	matrix <-0.172678, 0.912266, 0.371421,
		-0.270982, -0.406533, 0.872525,
		0.946969, 0.050017, 0.317407,
		24.816427, 40.476070, 28.099661>
	pigment { color rgbt <0,1,1,0> }
	no_shadow
}
cylinder {
	<24.216660, 40.679344, 28.668198>,  <24.153549, 40.441055, 27.877476>, 0.130000
	pigment { color rgbt <1,0,0,0> }
	no_shadow
}

// nucleotide -1

// particle -1
sphere {
	<24.216660, 40.679344, 28.668198> 0.250000
	pigment { color rgbt <1,0,0,0> }
	no_shadow
}
cylinder {
	<24.533319, 40.746685, 28.433270>,  <24.723316, 40.787090, 28.292313>, 0.100000
	pigment { color rgbt <1,0,0,0> }
	no_shadow
}
cylinder {
	<24.533319, 40.746685, 28.433270>,  <24.216660, 40.679344, 28.668198>, 0.100000
	pigment { color rgbt <1,0,0,0> }
	no_shadow
}

// particle -1
sphere {
	<24.533319, 40.746685, 28.433270> 0.100000
	pigment { color rgbt <1,0,0,0> }
	no_shadow
}
sphere {
	0, 1
	scale<0.080000,0.200000,0.300000>
	matrix <-0.118589, 0.985346, 0.122597,
		0.599353, -0.027405, 0.800016,
		0.791652, 0.168352, -0.587320,
		24.770815, 40.797192, 28.257072>
	pigment { color rgbt <0,1,1,0> }
	no_shadow
}
cylinder {
	<24.733557, 41.111755, 28.959066>,  <24.216660, 40.679344, 28.668198>, 0.130000
	pigment { color rgbt <1,0,0,0> }
	no_shadow
}

// nucleotide -1

// particle -1
sphere {
	<24.733557, 41.111755, 28.959066> 0.250000
	pigment { color rgbt <1,0,0,0> }
	no_shadow
}
cylinder {
	<24.754902, 41.195267, 28.568464>,  <24.767710, 41.245373, 28.334103>, 0.100000
	pigment { color rgbt <1,0,0,0> }
	no_shadow
}
cylinder {
	<24.754902, 41.195267, 28.568464>,  <24.733557, 41.111755, 28.959066>, 0.100000
	pigment { color rgbt <1,0,0,0> }
	no_shadow
}

// particle -1
sphere {
	<24.754902, 41.195267, 28.568464> 0.100000
	pigment { color rgbt <1,0,0,0> }
	no_shadow
}
sphere {
	0, 1
	scale<0.080000,0.200000,0.300000>
	matrix <-0.018817, 0.977937, 0.208053,
		0.998398, 0.007272, 0.056117,
		0.053366, 0.208776, -0.976507,
		24.770912, 41.257900, 28.275513>
	pigment { color rgbt <0,1,1,0> }
	no_shadow
}
cylinder {
	<25.072441, 41.750881, 28.819386>,  <24.733557, 41.111755, 28.959066>, 0.130000
	pigment { color rgbt <1,0,0,0> }
	no_shadow
}

// nucleotide -1

// particle -1
sphere {
	<25.072441, 41.750881, 28.819386> 0.250000
	pigment { color rgbt <1,0,0,0> }
	no_shadow
}
cylinder {
	<24.905321, 41.922825, 28.499220>,  <24.805050, 42.025990, 28.307119>, 0.100000
	pigment { color rgbt <1,0,0,0> }
	no_shadow
}
cylinder {
	<24.905321, 41.922825, 28.499220>,  <25.072441, 41.750881, 28.819386>, 0.100000
	pigment { color rgbt <1,0,0,0> }
	no_shadow
}

// particle -1
sphere {
	<24.905321, 41.922825, 28.499220> 0.100000
	pigment { color rgbt <1,0,0,0> }
	no_shadow
}
sphere {
	0, 1
	scale<0.080000,0.200000,0.300000>
	matrix <0.856714, 0.479692, -0.189568,
		0.302465, -0.764928, -0.568682,
		-0.417799, 0.429860, -0.800415,
		24.779982, 42.051785, 28.259096>
	pigment { color rgbt <0,1,1,0> }
	no_shadow
}
cylinder {
	<25.596756, 41.672710, 28.377977>,  <25.072441, 41.750881, 28.819386>, 0.130000
	pigment { color rgbt <1,0,0,0> }
	no_shadow
}

// nucleotide -1

// particle -1
sphere {
	<25.596756, 41.672710, 28.377977> 0.250000
	pigment { color rgbt <1,0,0,0> }
	no_shadow
}
cylinder {
	<25.352882, 41.941349, 28.209579>,  <25.206558, 42.102531, 28.108541>, 0.100000
	pigment { color rgbt <1,0,0,0> }
	no_shadow
}
cylinder {
	<25.352882, 41.941349, 28.209579>,  <25.596756, 41.672710, 28.377977>, 0.100000
	pigment { color rgbt <1,0,0,0> }
	no_shadow
}

// particle -1
sphere {
	<25.352882, 41.941349, 28.209579> 0.100000
	pigment { color rgbt <1,0,0,0> }
	no_shadow
}
sphere {
	0, 1
	scale<0.080000,0.200000,0.300000>
	matrix <0.779019, 0.605755, -0.161833,
		0.146332, -0.426630, -0.892510,
		-0.609685, 0.671601, -0.420995,
		25.169977, 42.142830, 28.083281>
	pigment { color rgbt <0,1,1,0> }
	no_shadow
}
cylinder {
	<25.966129, 40.975212, 28.325184>,  <25.596756, 41.672710, 28.377977>, 0.130000
	pigment { color rgbt <1,0,0,0> }
	no_shadow
}

// nucleotide -1

// particle -1
sphere {
	<25.966129, 40.975212, 28.325184> 0.250000
	pigment { color rgbt <1,0,0,0> }
	no_shadow
}
cylinder {
	<25.576313, 40.904400, 28.380217>,  <25.342422, 40.861912, 28.413237>, 0.100000
	pigment { color rgbt <1,0,0,0> }
	no_shadow
}
cylinder {
	<25.576313, 40.904400, 28.380217>,  <25.966129, 40.975212, 28.325184>, 0.100000
	pigment { color rgbt <1,0,0,0> }
	no_shadow
}

// particle -1
sphere {
	<25.576313, 40.904400, 28.380217> 0.100000
	pigment { color rgbt <1,0,0,0> }
	no_shadow
}
sphere {
	0, 1
	scale<0.080000,0.200000,0.300000>
	matrix <0.136399, -0.955144, -0.262860,
