// switches for output
#declare DRAW_BASES = 1; // possible values are 0, 1; only relevant for DNA ribbons
#declare DRAW_BASES_TYPE = 3; // possible values are 1, 2, 3; only relevant for DNA ribbons
#declare DRAW_FOG = 0; // set to 1 to enable fog

#include "colors.inc"

#include "transforms.inc"
background { rgb <1, 1, 1>}

#default {
   normal{
       ripples 0.25
       frequency 0.20
       turbulence 0.2
       lambda 5
   }
	finish {
		phong 0.1
		phong_size 40.
	}
}

// original window dimensions: 1024x640


// camera settings

camera {
	sky <0, 0.179814, -0.983701>
	up <0, 0.179814, -0.983701>
	right 1.6 * <1, 0, 0>
	location <35, 94.9851, 44.8844>
	look_at <35, 29.7336, 32.9568>
	direction <0, -65.2515, -11.9276>
	angle 67.0682
}


# declare cpy_camera_pos = <35, 94.9851, 44.8844>;
# if (DRAW_FOG = 1)
fog {
	fog_type 2
	up vnormalize(cpy_camera_pos)
	color rgbt<1,1,1,0.3>
	distance 1e-5
	fog_alt 3e-3
	fog_offset 56
}
# end


// LIGHTS

# declare lum = 6;
global_settings {
	ambient_light rgb lum * <0.05, 0.05, 0.05>
	max_trace_level 15
}# declare cpy_direct_light_amount = 0.25;
light_source
{	1000 * <-1, -1.16352, -0.803886>,
	rgb lum * cpy_direct_light_amount
	parallel
}

light_source
{	1000 * <1, 1.16352, 0.803886>,
	rgb lum * cpy_direct_light_amount
	parallel
}

// strand 0

// nucleotide -1

// particle -1
sphere {
	<23.860422, 34.994843, 34.761120> 0.250000
	pigment { color rgbt <1,0,0,0> }
	no_shadow
}
cylinder {
	<24.188559, 35.040752, 34.985214>,  <24.385441, 35.068298, 35.119671>, 0.100000
	pigment { color rgbt <1,0,0,0> }
	no_shadow
}
cylinder {
	<24.188559, 35.040752, 34.985214>,  <23.860422, 34.994843, 34.761120>, 0.100000
	pigment { color rgbt <1,0,0,0> }
	no_shadow
}

// particle -1
sphere {
	<24.188559, 35.040752, 34.985214> 0.100000
	pigment { color rgbt <1,0,0,0> }
	no_shadow
}
sphere {
	0, 1
	scale<0.080000,0.200000,0.300000>
	matrix <0.381325, -0.839857, -0.386304,
		0.426182, 0.530534, -0.732737,
		0.820342, 0.114775, 0.560238,
		24.434662, 35.075184, 35.153286>
	pigment { color rgbt <0,1,1,0> }
	no_shadow
}
cylinder {
	<24.495941, 35.045002, 34.408878>,  <23.860422, 34.994843, 34.761120>, 0.130000
	pigment { color rgbt <1,0,0,0> }
	no_shadow
}

// nucleotide -1

// particle -1
sphere {
	<24.495941, 35.045002, 34.408878> 0.250000
	pigment { color rgbt <1,0,0,0> }
	no_shadow
}
cylinder {
	<24.581539, 34.890633, 34.767826>,  <24.632898, 34.798012, 34.983196>, 0.100000
	pigment { color rgbt <1,0,0,0> }
	no_shadow
}
cylinder {
	<24.581539, 34.890633, 34.767826>,  <24.495941, 35.045002, 34.408878>, 0.100000
	pigment { color rgbt <1,0,0,0> }
	no_shadow
}

// particle -1
sphere {
	<24.581539, 34.890633, 34.767826> 0.100000
	pigment { color rgbt <1,0,0,0> }
	no_shadow
}
sphere {
	0, 1
	scale<0.080000,0.200000,0.300000>
	matrix <0.456498, -0.772656, -0.441149,
		0.863606, 0.504052, 0.010826,
		0.213997, -0.385920, 0.897369,
		24.645739, 34.774857, 35.037037>
	pigment { color rgbt <0,1,1,0> }
	no_shadow
}
cylinder {
	<25.157509, 34.924160, 34.038193>,  <24.495941, 35.045002, 34.408878>, 0.130000
	pigment { color rgbt <1,0,0,0> }
	no_shadow
}

// nucleotide -1

// particle -1
sphere {
	<25.157509, 34.924160, 34.038193> 0.250000
	pigment { color rgbt <1,0,0,0> }
	no_shadow
}
cylinder {
	<25.414995, 34.653347, 34.180885>,  <25.569487, 34.490860, 34.266502>, 0.100000
	pigment { color rgbt <1,0,0,0> }
	no_shadow
}
cylinder {
	<25.414995, 34.653347, 34.180885>,  <25.157509, 34.924160, 34.038193>, 0.100000
	pigment { color rgbt <1,0,0,0> }
	no_shadow
}

// particle -1
sphere {
	<25.414995, 34.653347, 34.180885> 0.100000
	pigment { color rgbt <1,0,0,0> }
	no_shadow
}
sphere {
	0, 1
	scale<0.080000,0.200000,0.300000>
	matrix <0.703815, 0.706789, 0.071372,
		-0.300458, 0.205132, 0.931475,
		0.643716, -0.677030, 0.356735,
		25.608110, 34.450237, 34.287907>
	pigment { color rgbt <0,1,1,0> }
	no_shadow
}
cylinder {
	<25.559113, 35.182339, 34.692112>,  <25.157509, 34.924160, 34.038193>, 0.130000
	pigment { color rgbt <1,0,0,0> }
	no_shadow
}

// nucleotide -1

// particle -1
sphere {
	<25.559113, 35.182339, 34.692112> 0.250000
	pigment { color rgbt <1,0,0,0> }
	no_shadow
}
cylinder {
	<25.756639, 34.917660, 34.466438>,  <25.875156, 34.758854, 34.331036>, 0.100000
	pigment { color rgbt <1,0,0,0> }
	no_shadow
}
cylinder {
	<25.756639, 34.917660, 34.466438>,  <25.559113, 35.182339, 34.692112>, 0.100000
	pigment { color rgbt <1,0,0,0> }
	no_shadow
}

// particle -1
sphere {
	<25.756639, 34.917660, 34.466438> 0.100000
	pigment { color rgbt <1,0,0,0> }
	no_shadow
}
sphere {
	0, 1
	scale<0.080000,0.200000,0.300000>
	matrix <0.700270, 0.687262, -0.193116,
		0.515525, -0.299717, 0.802747,
		0.493818, -0.661696, -0.564184,
		25.904785, 34.719151, 34.297184>
	pigment { color rgbt <0,1,1,0> }
	no_shadow
}
cylinder {
	<26.248667, 35.358276, 34.714355>,  <25.559113, 35.182339, 34.692112>, 0.130000
	pigment { color rgbt <1,0,0,0> }
	no_shadow
}

// nucleotide -1

// particle -1
sphere {
	<26.248667, 35.358276, 34.714355> 0.250000
	pigment { color rgbt <1,0,0,0> }
	no_shadow
}
cylinder {
	<26.246006, 35.128716, 34.386795>,  <26.244410, 34.990978, 34.190258>, 0.100000
	pigment { color rgbt <1,0,0,0> }
	no_shadow
}
cylinder {
	<26.246006, 35.128716, 34.386795>,  <26.248667, 35.358276, 34.714355>, 0.100000
	pigment { color rgbt <1,0,0,0> }
	no_shadow
}

// particle -1
sphere {
	<26.246006, 35.128716, 34.386795> 0.100000
	pigment { color rgbt <1,0,0,0> }
	no_shadow
}
sphere {
	0, 1
	scale<0.080000,0.200000,0.300000>
	matrix <0.751174, 0.537687, -0.382923,
		0.660070, -0.617684, 0.427520,
		-0.006654, -0.573898, -0.818900,
		26.244009, 34.956547, 34.141125>
	pigment { color rgbt <0,1,1,0> }
	no_shadow
}
cylinder {
	<26.942757, 35.157867, 34.553085>,  <26.248667, 35.358276, 34.714355>, 0.130000
	pigment { color rgbt <1,0,0,0> }
	no_shadow
}

// nucleotide -1

// particle -1
sphere {
	<26.942757, 35.157867, 34.553085> 0.250000
	pigment { color rgbt <1,0,0,0> }
	no_shadow
}
cylinder {
	<26.716265, 35.205151, 34.226795>,  <26.580370, 35.233521, 34.031021>, 0.100000
	pigment { color rgbt <1,0,0,0> }
	no_shadow
}
cylinder {
	<26.716265, 35.205151, 34.226795>,  <26.942757, 35.157867, 34.553085>, 0.100000
	pigment { color rgbt <1,0,0,0> }
	no_shadow
}

// particle -1
sphere {
	<26.716265, 35.205151, 34.226795> 0.100000
	pigment { color rgbt <1,0,0,0> }
	no_shadow
}
sphere {
	0, 1
	scale<0.080000,0.200000,0.300000>
	matrix <0.589222, 0.750089, -0.300306,
		0.576369, -0.650687, -0.494373,
		-0.566230, 0.118209, -0.815727,
		26.546396, 35.240612, 33.982079>
	pigment { color rgbt <0,1,1,0> }
	no_shadow
}
cylinder {
	<27.315104, 35.692741, 34.197422>,  <26.942757, 35.157867, 34.553085>, 0.130000
	pigment { color rgbt <1,0,0,0> }
	no_shadow
}

// nucleotide -1

// particle -1
sphere {
	<27.315104, 35.692741, 34.197422> 0.250000
	pigment { color rgbt <1,0,0,0> }
	no_shadow
}
cylinder {
	<26.974710, 35.670372, 33.988537>,  <26.770475, 35.656952, 33.863205>, 0.100000
	pigment { color rgbt <1,0,0,0> }
	no_shadow
}
cylinder {
	<26.974710, 35.670372, 33.988537>,  <27.315104, 35.692741, 34.197422>, 0.100000
	pigment { color rgbt <1,0,0,0> }
	no_shadow
}

// particle -1
sphere {
	<26.974710, 35.670372, 33.988537> 0.100000
	pigment { color rgbt <1,0,0,0> }
	no_shadow
}
sphere {
	0, 1
	scale<0.080000,0.200000,0.300000>
	matrix <0.238196, 0.845079, -0.478649,
		0.468075, -0.531710, -0.705826,
		-0.850981, -0.055919, -0.522211,
		26.719416, 35.653595, 33.831875>
	pigment { color rgbt <0,1,1,0> }
	no_shadow
}
cylinder {
	<27.398977, 35.518337, 33.498531>,  <27.315104, 35.692741, 34.197422>, 0.130000
	pigment { color rgbt <1,0,0,0> }
	no_shadow
}

// nucleotide -1

// particle -1
sphere {
	<27.398977, 35.518337, 33.498531> 0.250000
	pigment { color rgbt <1,0,0,0> }
	no_shadow
}
cylinder {
	<27.101608, 35.769436, 33.590843>,  <26.923187, 35.920094, 33.646233>, 0.100000
	pigment { color rgbt <1,0,0,0> }
	no_shadow
}
cylinder {
	<27.101608, 35.769436, 33.590843>,  <27.398977, 35.518337, 33.498531>, 0.100000
	pigment { color rgbt <1,0,0,0> }
	no_shadow
}

// particle -1
sphere {
	<27.101608, 35.769436, 33.590843> 0.100000
	pigment { color rgbt <1,0,0,0> }
	no_shadow
}
sphere {
	0, 1
	scale<0.080000,0.200000,0.300000>
	matrix <0.514125, 0.757071, -0.403136,
		-0.427786, -0.181049, -0.885562,
		-0.743421, 0.627746, 0.230783,
		26.878582, 35.957760, 33.660080>
	pigment { color rgbt <0,1,1,0> }
	no_shadow
}
cylinder {
	<27.166353, 36.017731, 32.918674>,  <27.398977, 35.518337, 33.498531>, 0.130000
	pigment { color rgbt <1,0,0,0> }
	no_shadow
}

// nucleotide -1

// particle -1
sphere {
	<27.166353, 36.017731, 32.918674> 0.250000
	pigment { color rgbt <1,0,0,0> }
	no_shadow
}
cylinder {
	<27.032112, 36.225861, 33.232780>,  <26.951567, 36.350739, 33.421242>, 0.100000
	pigment { color rgbt <1,0,0,0> }
	no_shadow
}
cylinder {
	<27.032112, 36.225861, 33.232780>,  <27.166353, 36.017731, 32.918674>, 0.100000
	pigment { color rgbt <1,0,0,0> }
	no_shadow
}

// particle -1
sphere {
	<27.032112, 36.225861, 33.232780> 0.100000
	pigment { color rgbt <1,0,0,0> }
	no_shadow
}
sphere {
	0, 1
	scale<0.080000,0.200000,0.300000>
	matrix <0.610554, 0.754955, -0.239302,
		-0.717352, 0.399134, -0.571050,
		-0.335604, 0.520321, 0.785262,
		26.931431, 36.381958, 33.468357>
	pigment { color rgbt <0,1,1,0> }
	no_shadow
}
cylinder {
	<27.302433, 36.625916, 32.652630>,  <27.166353, 36.017731, 32.918674>, 0.130000
	pigment { color rgbt <1,0,0,0> }
	no_shadow
}

// nucleotide -1

// particle -1
sphere {
	<27.302433, 36.625916, 32.652630> 0.250000
	pigment { color rgbt <1,0,0,0> }
	no_shadow
}
cylinder {
	<27.215681, 36.722542, 33.030964>,  <27.163630, 36.780518, 33.257965>, 0.100000
	pigment { color rgbt <1,0,0,0> }
	no_shadow
}
cylinder {
	<27.215681, 36.722542, 33.030964>,  <27.302433, 36.625916, 32.652630>, 0.100000
	pigment { color rgbt <1,0,0,0> }
	no_shadow
}

// particle -1
sphere {
	<27.215681, 36.722542, 33.030964> 0.100000
	pigment { color rgbt <1,0,0,0> }
	no_shadow
}
sphere {
	0, 1
	scale<0.080000,0.200000,0.300000>
	matrix <0.538047, 0.838026, -0.090653,
		-0.814536, 0.489245, -0.311723,
		-0.216880, 0.241562, 0.945839,
		27.150618, 36.795010, 33.314716>
	pigment { color rgbt <0,1,1,0> }
	no_shadow
}
cylinder {
	<27.057505, 37.274632, 32.667503>,  <27.302433, 36.625916, 32.652630>, 0.130000
	pigment { color rgbt <1,0,0,0> }
	no_shadow
}

// nucleotide -1

// particle -1
sphere {
	<27.057505, 37.274632, 32.667503> 0.250000
	pigment { color rgbt <1,0,0,0> }
	no_shadow
}
cylinder {
	<27.188128, 37.209766, 33.039967>,  <27.266500, 37.170845, 33.263447>, 0.100000
	pigment { color rgbt <1,0,0,0> }
	no_shadow
}
cylinder {
	<27.188128, 37.209766, 33.039967>,  <27.057505, 37.274632, 32.667503>, 0.100000
	pigment { color rgbt <1,0,0,0> }
	no_shadow
}

// particle -1
sphere {
	<27.188128, 37.209766, 33.039967> 0.100000
	pigment { color rgbt <1,0,0,0> }
	no_shadow
}
sphere {
	0, 1
	scale<0.080000,0.200000,0.300000>
	matrix <0.440736, 0.897635, 0.001764,
		-0.836130, 0.409820, 0.364600,
		0.326555, -0.162167, 0.931163,
		27.286095, 37.161118, 33.319317>
	pigment { color rgbt <0,1,1,0> }
	no_shadow
}
cylinder {
	<26.950020, 37.957817, 33.044548>,  <27.057505, 37.274632, 32.667503>, 0.130000
	pigment { color rgbt <1,0,0,0> }
	no_shadow
}

// nucleotide -1

// particle -1
sphere {
	<26.950020, 37.957817, 33.044548> 0.250000
	pigment { color rgbt <1,0,0,0> }
	no_shadow
}
cylinder {
	<27.240515, 37.738117, 33.209911>,  <27.414812, 37.606297, 33.309128>, 0.100000
	pigment { color rgbt <1,0,0,0> }
	no_shadow
}
cylinder {
	<27.240515, 37.738117, 33.209911>,  <26.950020, 37.957817, 33.044548>, 0.100000
	pigment { color rgbt <1,0,0,0> }
	no_shadow
}

// particle -1
sphere {
	<27.240515, 37.738117, 33.209911> 0.100000
	pigment { color rgbt <1,0,0,0> }
	no_shadow
}
sphere {
	0, 1
	scale<0.080000,0.200000,0.300000>
	matrix <0.529172, 0.830521, 0.173816,
		-0.438811, 0.092531, 0.893802,
		0.726238, -0.549247, 0.413407,
		27.458385, 37.573341, 33.333935>
	pigment { color rgbt <0,1,1,0> }
	no_shadow
}
cylinder {
	<27.005409, 38.063541, 33.766903>,  <26.950020, 37.957817, 33.044548>, 0.130000
	pigment { color rgbt <1,0,0,0> }
	no_shadow
}

// nucleotide -1

// particle -1
sphere {
	<27.005409, 38.063541, 33.766903> 0.250000
	pigment { color rgbt <1,0,0,0> }
	no_shadow
}
cylinder {
	<27.348776, 37.985138, 33.577293>,  <27.554796, 37.938095, 33.463528>, 0.100000
	pigment { color rgbt <1,0,0,0> }
	no_shadow
}
cylinder {
	<27.348776, 37.985138, 33.577293>,  <27.005409, 38.063541, 33.766903>, 0.100000
	pigment { color rgbt <1,0,0,0> }
	no_shadow
}

// particle -1
sphere {
	<27.348776, 37.985138, 33.577293> 0.100000
	pigment { color rgbt <1,0,0,0> }
	no_shadow
}
sphere {
	0, 1
	scale<0.080000,0.200000,0.300000>
	matrix <0.423080, 0.793073, 0.438221,
		0.290041, -0.576727, 0.763716,
		0.858417, -0.196010, -0.474026,
		27.606300, 37.926334, 33.435085>
	pigment { color rgbt <0,1,1,0> }
	no_shadow
}
cylinder {
	<27.665199, 37.957584, 34.236027>,  <27.005409, 38.063541, 33.766903>, 0.130000
	pigment { color rgbt <1,0,0,0> }
	no_shadow
}

// nucleotide -1

// particle -1
sphere {
	<27.665199, 37.957584, 34.236027> 0.250000
	pigment { color rgbt <1,0,0,0> }
	no_shadow
}
cylinder {
	<27.734440, 38.103065, 33.869911>,  <27.775984, 38.190353, 33.650242>, 0.100000
	pigment { color rgbt <1,0,0,0> }
	no_shadow
}
cylinder {
	<27.734440, 38.103065, 33.869911>,  <27.665199, 37.957584, 34.236027>, 0.100000
	pigment { color rgbt <1,0,0,0> }
	no_shadow
}

// particle -1
sphere {
	<27.734440, 38.103065, 33.869911> 0.100000
	pigment { color rgbt <1,0,0,0> }
	no_shadow
}
sphere {
	0, 1
	scale<0.080000,0.200000,0.300000>
	matrix <0.306663, 0.863222, 0.401006,
		0.935945, -0.350101, 0.037892,
		0.173102, 0.363699, -0.915291,
		27.786371, 38.212173, 33.595325>
	pigment { color rgbt <0,1,1,0> }
	no_shadow
}
cylinder {
	<28.478874, 37.987713, 33.961452>,  <27.665199, 37.957584, 34.236027>, 0.130000
	pigment { color rgbt <1,0,0,0> }
	no_shadow
}

// nucleotide -1

// particle -1
sphere {
	<28.478874, 37.987713, 33.961452> 0.250000
	pigment { color rgbt <1,0,0,0> }
	no_shadow
}
cylinder {
	<28.204039, 38.266117, 33.878052>,  <28.039137, 38.433159, 33.828011>, 0.100000
	pigment { color rgbt <1,0,0,0> }
	no_shadow
}
cylinder {
	<28.204039, 38.266117, 33.878052>,  <28.478874, 37.987713, 33.961452>, 0.100000
	pigment { color rgbt <1,0,0,0> }
	no_shadow
}

// particle -1
sphere {
	<28.204039, 38.266117, 33.878052> 0.100000
	pigment { color rgbt <1,0,0,0> }
	no_shadow
}
sphere {
	0, 1
	scale<0.080000,0.200000,0.300000>
	matrix <0.443556, 0.629098, 0.638353,
		0.575472, 0.346122, -0.740967,
		-0.687088, 0.696015, -0.208504,
		27.997911, 38.474922, 33.815502>
	pigment { color rgbt <0,1,1,0> }
	no_shadow
}
cylinder {
	<28.287001, 37.200081, 34.084320>,  <28.478874, 37.987713, 33.961452>, 0.130000
	pigment { color rgbt <1,0,0,0> }
	no_shadow
}

// nucleotide -1

// particle -1
sphere {
	<28.287001, 37.200081, 34.084320> 0.250000
	pigment { color rgbt <1,0,0,0> }
	no_shadow
}
cylinder {
	<27.944435, 37.338978, 33.931492>,  <27.738895, 37.422318, 33.839794>, 0.100000
	pigment { color rgbt <1,0,0,0> }
	no_shadow
}
cylinder {
	<27.944435, 37.338978, 33.931492>,  <28.287001, 37.200081, 34.084320>, 0.100000
	pigment { color rgbt <1,0,0,0> }
	no_shadow
}

// particle -1
sphere {
	<27.944435, 37.338978, 33.931492> 0.100000
	pigment { color rgbt <1,0,0,0> }
	no_shadow
}
sphere {
	0, 1
	scale<0.080000,0.200000,0.300000>
	matrix <-0.400509, -0.913824, 0.067224,
		-0.325799, 0.210593, 0.921686,
		-0.856416, 0.347242, -0.382068,
		27.687510, 37.443150, 33.816872>
	pigment { color rgbt <0,1,1,0> }
	no_shadow
}
cylinder {
	<27.663977, 37.020134, 34.530972>,  <28.287001, 37.200081, 34.084320>, 0.130000
	pigment { color rgbt <1,0,0,0> }
	no_shadow
}

// nucleotide -1

// particle -1
sphere {
	<27.663977, 37.020134, 34.530972> 0.250000
	pigment { color rgbt <1,0,0,0> }
	no_shadow
}
cylinder {
	<27.533339, 37.082661, 34.158112>,  <27.454956, 37.120174, 33.934395>, 0.100000
	pigment { color rgbt <1,0,0,0> }
	no_shadow
}
cylinder {
	<27.533339, 37.082661, 34.158112>,  <27.663977, 37.020134, 34.530972>, 0.100000
	pigment { color rgbt <1,0,0,0> }
	no_shadow
}

// particle -1
sphere {
	<27.533339, 37.082661, 34.158112> 0.100000
	pigment { color rgbt <1,0,0,0> }
	no_shadow
}
sphere {
	0, 1
	scale<0.080000,0.200000,0.300000>
	matrix <-0.644651, -0.758074, 0.098742,
		-0.691203, 0.633159, 0.348351,
		-0.326595, 0.156314, -0.932149,
		27.435360, 37.129555, 33.878468>
	pigment { color rgbt <0,1,1,0> }
	no_shadow
}
cylinder {
	<27.015841, 37.196392, 34.536022>,  <27.663977, 37.020134, 34.530972>, 0.130000
	pigment { color rgbt <1,0,0,0> }
	no_shadow
}

// nucleotide -1

// particle -1
sphere {
	<27.015841, 37.196392, 34.536022> 0.250000
	pigment { color rgbt <1,0,0,0> }
	no_shadow
}
cylinder {
	<27.052408, 37.058716, 34.162247>,  <27.074348, 36.976109, 33.937981>, 0.100000
	pigment { color rgbt <1,0,0,0> }
	no_shadow
}
cylinder {
	<27.052408, 37.058716, 34.162247>,  <27.015841, 37.196392, 34.536022>, 0.100000
	pigment { color rgbt <1,0,0,0> }
	no_shadow
}

// particle -1
sphere {
	<27.052408, 37.058716, 34.162247> 0.100000
	pigment { color rgbt <1,0,0,0> }
	no_shadow
}
sphere {
	0, 1
	scale<0.080000,0.200000,0.300000>
	matrix <-0.869588, -0.484842, 0.093512,
		-0.485240, 0.804025, -0.343635,
		0.091422, -0.344197, -0.934436,
		27.079834, 36.955460, 33.881916>
	pigment { color rgbt <0,1,1,0> }
	no_shadow
}
cylinder {
	<26.396410, 37.012901, 34.400623>,  <27.015841, 37.196392, 34.536022>, 0.130000
	pigment { color rgbt <1,0,0,0> }
	no_shadow
}

// nucleotide -1

// particle -1
sphere {
	<26.396410, 37.012901, 34.400623> 0.250000
	pigment { color rgbt <1,0,0,0> }
	no_shadow
}
cylinder {
	<26.546532, 36.826508, 34.080124>,  <26.636604, 36.714672, 33.887825>, 0.100000
	pigment { color rgbt <1,0,0,0> }
	no_shadow
}
cylinder {
	<26.546532, 36.826508, 34.080124>,  <26.396410, 37.012901, 34.400623>, 0.100000
	pigment { color rgbt <1,0,0,0> }
	no_shadow
}

// particle -1
sphere {
	<26.546532, 36.826508, 34.080124> 0.100000
	pigment { color rgbt <1,0,0,0> }
	no_shadow
}
sphere {
	0, 1
	scale<0.080000,0.200000,0.300000>
	matrix <-0.656993, -0.743517, 0.124673,
		-0.653839, 0.479625, -0.585196,
		0.375307, -0.465985, -0.801250,
		26.659124, 36.686710, 33.839748>
	pigment { color rgbt <0,1,1,0> }
	no_shadow
}
cylinder {
	<25.878447, 36.971989, 33.945988>,  <26.396410, 37.012901, 34.400623>, 0.130000
	pigment { color rgbt <1,0,0,0> }
	no_shadow
}

// nucleotide -1

// particle -1
sphere {
	<25.878447, 36.971989, 33.945988> 0.250000
	pigment { color rgbt <1,0,0,0> }
	no_shadow
}
cylinder {
	<26.145922, 36.681175, 33.883652>,  <26.306406, 36.506687, 33.846252>, 0.100000
	pigment { color rgbt <1,0,0,0> }
	no_shadow
}
cylinder {
	<26.145922, 36.681175, 33.883652>,  <25.878447, 36.971989, 33.945988>, 0.100000
	pigment { color rgbt <1,0,0,0> }
	no_shadow
}

// particle -1
sphere {
	<26.145922, 36.681175, 33.883652> 0.100000
	pigment { color rgbt <1,0,0,0> }
	no_shadow
}
sphere {
	0, 1
	scale<0.080000,0.200000,0.300000>
	matrix <-0.730363, -0.681533, 0.045633,
		-0.139384, 0.083302, -0.986728,
		0.668686, -0.727030, -0.155836,
		26.346527, 36.463066, 33.836903>
	pigment { color rgbt <0,1,1,0> }
	no_shadow
}
cylinder {
	<25.659964, 36.270901, 34.046112>,  <25.878447, 36.971989, 33.945988>, 0.130000
	pigment { color rgbt <1,0,0,0> }
	no_shadow
}

// nucleotide -1

// particle -1
sphere {
	<25.659964, 36.270901, 34.046112> 0.250000
	pigment { color rgbt <1,0,0,0> }
	no_shadow
}
cylinder {
	<25.997789, 36.145439, 33.872524>,  <26.200485, 36.070164, 33.768372>, 0.100000
	pigment { color rgbt <1,0,0,0> }
	no_shadow
}
cylinder {
	<25.997789, 36.145439, 33.872524>,  <25.659964, 36.270901, 34.046112>, 0.100000
	pigment { color rgbt <1,0,0,0> }
	no_shadow
}

// particle -1
sphere {
	<25.997789, 36.145439, 33.872524> 0.100000
	pigment { color rgbt <1,0,0,0> }
	no_shadow
}
sphere {
	0, 1
	scale<0.080000,0.200000,0.300000>
	matrix <-0.375380, -0.924785, -0.062144,
		-0.381839, 0.215389, -0.898780,
		0.844564, -0.313655, -0.433972,
		26.251158, 36.051342, 33.742332>
	pigment { color rgbt <0,1,1,0> }
	no_shadow
}
cylinder {
	<25.495062, 35.900852, 33.470234>,  <25.659964, 36.270901, 34.046112>, 0.130000
	pigment { color rgbt <1,0,0,0> }
	no_shadow
}

// nucleotide -1

// particle -1
sphere {
	<25.495062, 35.900852, 33.470234> 0.250000
	pigment { color rgbt <1,0,0,0> }
	no_shadow
}
cylinder {
	<25.869797, 35.784554, 33.548008>,  <26.094637, 35.714775, 33.594673>, 0.100000
	pigment { color rgbt <1,0,0,0> }
	no_shadow
}
cylinder {
	<25.869797, 35.784554, 33.548008>,  <25.495062, 35.900852, 33.470234>, 0.100000
	pigment { color rgbt <1,0,0,0> }
	no_shadow
}

// particle -1
sphere {
	<25.869797, 35.784554, 33.548008> 0.100000
	pigment { color rgbt <1,0,0,0> }
	no_shadow
}
sphere {
	0, 1
	scale<0.080000,0.200000,0.300000>
	matrix <-0.282798, -0.956761, -0.068077,
		0.205817, 0.008793, -0.978551,
		0.936838, -0.290744, 0.194431,
		26.150848, 35.697330, 33.606339>
	pigment { color rgbt <0,1,1,0> }
	no_shadow
}
cylinder {
	<25.665796, 35.389683, 33.023258>,  <25.495062, 35.900852, 33.470234>, 0.130000
	pigment { color rgbt <1,0,0,0> }
	no_shadow
}

// nucleotide -1

// particle -1
sphere {
	<25.665796, 35.389683, 33.023258> 0.250000
	pigment { color rgbt <1,0,0,0> }
	no_shadow
}
cylinder {
	<25.939917, 35.360130, 33.313061>,  <26.104389, 35.342400, 33.486942>, 0.100000
	pigment { color rgbt <1,0,0,0> }
	no_shadow
}
cylinder {
	<25.939917, 35.360130, 33.313061>,  <25.665796, 35.389683, 33.023258>, 0.100000
	pigment { color rgbt <1,0,0,0> }
	no_shadow
}

// particle -1
sphere {
	<25.939917, 35.360130, 33.313061> 0.100000
	pigment { color rgbt <1,0,0,0> }
	no_shadow
}
sphere {
	0, 1
	scale<0.080000,0.200000,0.300000>
	matrix <-0.205978, -0.973883, 0.095523,
		0.698524, -0.214694, -0.682621,
		0.685301, -0.073880, 0.724503,
		26.145508, 35.337967, 33.530411>
	pigment { color rgbt <0,1,1,0> }
	no_shadow
}
cylinder {
	<25.648294, 34.672211, 33.109512>,  <25.665796, 35.389683, 33.023258>, 0.130000
	pigment { color rgbt <1,0,0,0> }
	no_shadow
}

// nucleotide -1

// particle -1
sphere {
	<25.648294, 34.672211, 33.109512> 0.250000
	pigment { color rgbt <1,0,0,0> }
	no_shadow
}
cylinder {
	<25.882458, 34.776894, 33.416447>,  <26.022957, 34.839703, 33.600609>, 0.100000
	pigment { color rgbt <1,0,0,0> }
	no_shadow
}
cylinder {
	<25.882458, 34.776894, 33.416447>,  <25.648294, 34.672211, 33.109512>, 0.100000
	pigment { color rgbt <1,0,0,0> }
	no_shadow
}

// particle -1
sphere {
	<25.882458, 34.776894, 33.416447> 0.100000
	pigment { color rgbt <1,0,0,0> }
	no_shadow
}
sphere {
	0, 1
	scale<0.080000,0.200000,0.300000>
	matrix <-0.220336, -0.859483, 0.461238,
		0.780223, -0.439084, -0.445485,
		0.585409, 0.261712, 0.767335,
		26.058081, 34.855408, 33.646648>
	pigment { color rgbt <0,1,1,0> }
	no_shadow
}
cylinder {
	<26.092321, 34.909260, 32.496731>,  <25.648294, 34.672211, 33.109512>, 0.130000
	pigment { color rgbt <1,0,0,0> }
	no_shadow
}

// nucleotide -1

// particle -1
sphere {
	<26.092321, 34.909260, 32.496731> 0.250000
	pigment { color rgbt <1,0,0,0> }
	no_shadow
}
cylinder {
	<26.087122, 35.045742, 32.120770>,  <26.084003, 35.127632, 31.895193>, 0.100000
	pigment { color rgbt <1,0,0,0> }
	no_shadow
}
cylinder {
	<26.087122, 35.045742, 32.120770>,  <26.092321, 34.909260, 32.496731>, 0.100000
	pigment { color rgbt <1,0,0,0> }
	no_shadow
}

// particle -1
sphere {
	<26.087122, 35.045742, 32.120770> 0.100000
	pigment { color rgbt <1,0,0,0> }
	no_shadow
}
sphere {
	0, 1
	scale<0.080000,0.200000,0.300000>
	matrix <-0.790601, -0.579004, -0.199258,
		-0.612193, 0.740496, 0.277281,
		-0.012997, 0.341203, -0.939900,
		26.083223, 35.148102, 31.838800>
	pigment { color rgbt <0,1,1,0> }
	no_shadow
}
cylinder {
	<26.364725, 34.274029, 32.188450>,  <26.092321, 34.909260, 32.496731>, 0.130000
	pigment { color rgbt <1,0,0,0> }
	no_shadow
}

// nucleotide -1

// particle -1
sphere {
	<26.364725, 34.274029, 32.188450> 0.250000
	pigment { color rgbt <1,0,0,0> }
	no_shadow
}
cylinder {
	<26.000378, 34.251129, 32.024967>,  <25.781769, 34.237389, 31.926878>, 0.100000
	pigment { color rgbt <1,0,0,0> }
	no_shadow
}
cylinder {
	<26.000378, 34.251129, 32.024967>,  <26.364725, 34.274029, 32.188450>, 0.100000
	pigment { color rgbt <1,0,0,0> }
	no_shadow
}

// particle -1
sphere {
	<26.000378, 34.251129, 32.024967> 0.100000
	pigment { color rgbt <1,0,0,0> }
	no_shadow
}
sphere {
	0, 1
	scale<0.080000,0.200000,0.300000>
	matrix <0.407229, -0.285364, -0.867601,
		-0.066961, -0.956708, 0.283243,
		-0.910868, -0.057249, -0.408707,
		25.727118, 34.233955, 31.902355>
	pigment { color rgbt <0,1,1,0> }
	no_shadow
}
cylinder {
	<26.050194, 33.516270, 32.115017>,  <26.364725, 34.274029, 32.188450>, 0.130000
	pigment { color rgbt <1,0,0,0> }
	no_shadow
}

// nucleotide -1

// particle -1
sphere {
	<26.050194, 33.516270, 32.115017> 0.250000
	pigment { color rgbt <1,0,0,0> }
	no_shadow
}
cylinder {
	<25.977865, 33.814137, 31.858025>,  <25.934467, 33.992855, 31.703831>, 0.100000
	pigment { color rgbt <1,0,0,0> }
	no_shadow
}
cylinder {
	<25.977865, 33.814137, 31.858025>,  <26.050194, 33.516270, 32.115017>, 0.100000
	pigment { color rgbt <1,0,0,0> }
	no_shadow
}

// particle -1
sphere {
	<25.977865, 33.814137, 31.858025> 0.100000
	pigment { color rgbt <1,0,0,0> }
	no_shadow
}
sphere {
	0, 1
	scale<0.080000,0.200000,0.300000>
	matrix <0.640645, -0.406470, -0.651426,
		-0.746242, -0.529392, -0.403567,
		-0.180822, 0.744665, -0.642478,
		25.923618, 34.037537, 31.665281>
	pigment { color rgbt <0,1,1,0> }
	no_shadow
}
cylinder {
	<25.867504, 33.321281, 31.475536>,  <26.050194, 33.516270, 32.115017>, 0.130000
	pigment { color rgbt <1,0,0,0> }
	no_shadow
}

// nucleotide -1

// particle -1
sphere {
	<25.867504, 33.321281, 31.475536> 0.250000
	pigment { color rgbt <1,0,0,0> }
	no_shadow
}
cylinder {
	<26.041254, 33.672688, 31.396017>,  <26.145504, 33.883533, 31.348307>, 0.100000
	pigment { color rgbt <1,0,0,0> }
	no_shadow
}
cylinder {
	<26.041254, 33.672688, 31.396017>,  <25.867504, 33.321281, 31.475536>, 0.100000
	pigment { color rgbt <1,0,0,0> }
	no_shadow
}

// particle -1
sphere {
	<26.041254, 33.672688, 31.396017> 0.100000
	pigment { color rgbt <1,0,0,0> }
	no_shadow
}
sphere {
	0, 1
	scale<0.080000,0.200000,0.300000>
	matrix <0.463947, -0.407397, -0.786627,
		-0.772056, 0.249461, -0.584550,
		0.434376, 0.878520, -0.198796,
		26.171566, 33.936245, 31.336378>
	pigment { color rgbt <0,1,1,0> }
	no_shadow
}
cylinder {
	<25.719202, 33.692890, 30.795860>,  <25.867504, 33.321281, 31.475536>, 0.130000
	pigment { color rgbt <1,0,0,0> }
	no_shadow
}

// nucleotide -1

// particle -1
sphere {
	<25.719202, 33.692890, 30.795860> 0.250000
	pigment { color rgbt <1,0,0,0> }
	no_shadow
}
cylinder {
	<26.093761, 33.796776, 30.890266>,  <26.318497, 33.859108, 30.946909>, 0.100000
	pigment { color rgbt <1,0,0,0> }
	no_shadow
}
cylinder {
	<26.093761, 33.796776, 30.890266>,  <25.719202, 33.692890, 30.795860>, 0.100000
	pigment { color rgbt <1,0,0,0> }
	no_shadow
}

// particle -1
sphere {
	<26.093761, 33.796776, 30.890266> 0.100000
	pigment { color rgbt <1,0,0,0> }
	no_shadow
}
sphere {
	0, 1
	scale<0.080000,0.200000,0.300000>
	matrix <0.319895, -0.355170, -0.878363,
		-0.144301, 0.897999, -0.415663,
		0.936400, 0.259717, 0.236013,
		26.374681, 33.874691, 30.961071>
	pigment { color rgbt <0,1,1,0> }
	no_shadow
}
cylinder {
	<25.937439, 34.118931, 30.339127>,  <25.719202, 33.692890, 30.795860>, 0.130000
	pigment { color rgbt <1,0,0,0> }
	no_shadow
}

// nucleotide -1

// particle -1
sphere {
	<25.937439, 34.118931, 30.339127> 0.250000
	pigment { color rgbt <1,0,0,0> }
	no_shadow
}
cylinder {
	<26.261629, 33.911797, 30.448654>,  <26.456142, 33.787518, 30.514370>, 0.100000
	pigment { color rgbt <1,0,0,0> }
	no_shadow
}
cylinder {
	<26.261629, 33.911797, 30.448654>,  <25.937439, 34.118931, 30.339127>, 0.100000
	pigment { color rgbt <1,0,0,0> }
	no_shadow
}

// particle -1
sphere {
	<26.261629, 33.911797, 30.448654> 0.100000
	pigment { color rgbt <1,0,0,0> }
	no_shadow
}
sphere {
	0, 1
	scale<0.080000,0.200000,0.300000>
	matrix <0.154422, -0.262037, -0.952623,
		0.565051, 0.814362, -0.132410,
		0.810476, -0.517834, 0.273820,
		26.504772, 33.756447, 30.530800>
	pigment { color rgbt <0,1,1,0> }
	no_shadow
}
cylinder {
	<26.488892, 34.230038, 29.855402>,  <25.937439, 34.118931, 30.339127>, 0.130000
	pigment { color rgbt <1,0,0,0> }
	no_shadow
}

// nucleotide -1

// particle -1
sphere {
	<26.488892, 34.230038, 29.855402> 0.250000
	pigment { color rgbt <1,0,0,0> }
	no_shadow
}
cylinder {
	<26.536448, 33.876041, 30.035473>,  <26.564981, 33.663643, 30.143515>, 0.100000
	pigment { color rgbt <1,0,0,0> }
	no_shadow
}
cylinder {
	<26.536448, 33.876041, 30.035473>,  <26.488892, 34.230038, 29.855402>, 0.100000
	pigment { color rgbt <1,0,0,0> }
	no_shadow
}

// particle -1
sphere {
	<26.536448, 33.876041, 30.035473> 0.100000
	pigment { color rgbt <1,0,0,0> }
	no_shadow
}
sphere {
	0, 1
	scale<0.080000,0.200000,0.300000>
	matrix <0.125866, -0.436302, -0.890954,
		0.984898, 0.162585, 0.059519,
		0.118888, -0.884990, 0.450177,
		26.572113, 33.610546, 30.170527>
	pigment { color rgbt <0,1,1,0> }
	no_shadow
}
cylinder {
	<27.121836, 34.029125, 29.763353>,  <26.488892, 34.230038, 29.855402>, 0.130000
	pigment { color rgbt <1,0,0,0> }
	no_shadow
}

// nucleotide -1

// particle -1
sphere {
	<27.121836, 34.029125, 29.763353> 0.250000
	pigment { color rgbt <1,0,0,0> }
	no_shadow
}
cylinder {
	<26.910097, 33.692917, 29.809523>,  <26.783054, 33.491192, 29.837223>, 0.100000
	pigment { color rgbt <1,0,0,0> }
	no_shadow
}
cylinder {
	<26.910097, 33.692917, 29.809523>,  <27.121836, 34.029125, 29.763353>, 0.100000
	pigment { color rgbt <1,0,0,0> }
	no_shadow
}

// particle -1
sphere {
	<26.910097, 33.692917, 29.809523> 0.100000
	pigment { color rgbt <1,0,0,0> }
	no_shadow
}
sphere {
	0, 1
	scale<0.080000,0.200000,0.300000>
	matrix <0.208424, -0.260710, -0.942650,
		0.822406, -0.474933, 0.313190,
		-0.529348, -0.840517, 0.115422,
		26.751293, 33.440762, 29.844149>
	pigment { color rgbt <0,1,1,0> }
	no_shadow
}
cylinder {
	<27.504524, 33.447353, 29.628565>,  <27.121836, 34.029125, 29.763353>, 0.130000
	pigment { color rgbt <1,0,0,0> }
	no_shadow
}

// nucleotide -1

// particle -1
sphere {
	<27.504524, 33.447353, 29.628565> 0.250000
	pigment { color rgbt <1,0,0,0> }
	no_shadow
}
cylinder {
	<27.138390, 33.297535, 29.569407>,  <26.918709, 33.207642, 29.533911>, 0.100000
	pigment { color rgbt <1,0,0,0> }
	no_shadow
}
cylinder {
	<27.138390, 33.297535, 29.569407>,  <27.504524, 33.447353, 29.628565>, 0.100000
	pigment { color rgbt <1,0,0,0> }
	no_shadow
}

// particle -1
sphere {
	<27.138390, 33.297535, 29.569407> 0.100000
	pigment { color rgbt <1,0,0,0> }
	no_shadow
}
sphere {
	0, 1
	scale<0.080000,0.200000,0.300000>
	matrix <0.302079, -0.395795, -0.867234,
		0.266285, -0.838486, 0.475429,
		-0.915336, -0.374549, -0.147895,
		26.863789, 33.185169, 29.525038>
	pigment { color rgbt <0,1,1,0> }
	no_shadow
}
cylinder {
	<27.712524, 32.851238, 29.276524>,  <27.504524, 33.447353, 29.628565>, 0.130000
	pigment { color rgbt <1,0,0,0> }
	no_shadow
}

// nucleotide -1

// particle -1
sphere {
	<27.712524, 32.851238, 29.276524> 0.250000
	pigment { color rgbt <1,0,0,0> }
	no_shadow
}
cylinder {
	<27.318876, 32.876663, 29.210226>,  <27.082687, 32.891918, 29.170448>, 0.100000
	pigment { color rgbt <1,0,0,0> }
	no_shadow
}
cylinder {
	<27.318876, 32.876663, 29.210226>,  <27.712524, 32.851238, 29.276524>, 0.100000
	pigment { color rgbt <1,0,0,0> }
	no_shadow
}

// particle -1
sphere {
	<27.318876, 32.876663, 29.210226> 0.100000
	pigment { color rgbt <1,0,0,0> }
	no_shadow
}
sphere {
	0, 1
	scale<0.080000,0.200000,0.300000>
	matrix <0.107138, -0.531785, -0.840075,
		-0.141533, -0.844491, 0.516530,
		-0.984119, 0.063558, -0.165743,
		27.023640, 32.895729, 29.160503>
	pigment { color rgbt <0,1,1,0> }
	no_shadow
}
cylinder {
	<27.387701, 32.161186, 29.357250>,  <27.712524, 32.851238, 29.276524>, 0.130000
	pigment { color rgbt <1,0,0,0> }
	no_shadow
}

// nucleotide -1

// particle -1
sphere {
	<27.387701, 32.161186, 29.357250> 0.250000
	pigment { color rgbt <1,0,0,0> }
	no_shadow
}
cylinder {
	<27.141357, 32.362186, 29.114529>,  <26.993551, 32.482788, 28.968895>, 0.100000
	pigment { color rgbt <1,0,0,0> }
	no_shadow
}
cylinder {
	<27.141357, 32.362186, 29.114529>,  <27.387701, 32.161186, 29.357250>, 0.100000
	pigment { color rgbt <1,0,0,0> }
	no_shadow
}

// particle -1
sphere {
	<27.141357, 32.362186, 29.114529> 0.100000
	pigment { color rgbt <1,0,0,0> }
	no_shadow
}
sphere {
	0, 1
	scale<0.080000,0.200000,0.300000>
	matrix <0.121120, -0.700652, -0.703148,
		-0.778492, -0.506535, 0.370638,
		-0.615857, 0.502503, -0.606804,
		26.956600, 32.512936, 28.932487>
	pigment { color rgbt <0,1,1,0> }
	no_shadow
}
cylinder {
	<26.820896, 31.826731, 29.016714>,  <27.387701, 32.161186, 29.357250>, 0.130000
	pigment { color rgbt <1,0,0,0> }
	no_shadow
}

// nucleotide -1

// particle -1
sphere {
	<26.820896, 31.826731, 29.016714> 0.250000
	pigment { color rgbt <1,0,0,0> }
	no_shadow
}
cylinder {
	<26.639040, 32.171482, 28.926851>,  <26.529926, 32.378334, 28.872934>, 0.100000
	pigment { color rgbt <1,0,0,0> }
	no_shadow
}
cylinder {
	<26.639040, 32.171482, 28.926851>,  <26.820896, 31.826731, 29.016714>, 0.100000
	pigment { color rgbt <1,0,0,0> }
	no_shadow
}

// particle -1
sphere {
	<26.639040, 32.171482, 28.926851> 0.100000
	pigment { color rgbt <1,0,0,0> }
	no_shadow
}
sphere {
	0, 1
	scale<0.080000,0.200000,0.300000>
	matrix <-0.030341, -0.267072, -0.963199,
		-0.890158, -0.431093, 0.147571,
		-0.454641, 0.861877, -0.224656,
		26.502647, 32.430046, 28.859455>
	pigment { color rgbt <0,1,1,0> }
	no_shadow
}
cylinder {
	<26.168716, 31.615326, 28.744257>,  <26.820896, 31.826731, 29.016714>, 0.130000
	pigment { color rgbt <1,0,0,0> }
	no_shadow
}

// nucleotide -1

// particle -1
sphere {
	<26.168716, 31.615326, 28.744257> 0.250000
	pigment { color rgbt <1,0,0,0> }
	no_shadow
}
cylinder {
	<26.329977, 31.955496, 28.609056>,  <26.426735, 32.159599, 28.527937>, 0.100000
	pigment { color rgbt <1,0,0,0> }
	no_shadow
}
cylinder {
	<26.329977, 31.955496, 28.609056>,  <26.168716, 31.615326, 28.744257>, 0.100000
	pigment { color rgbt <1,0,0,0> }
	no_shadow
}

// particle -1
sphere {
	<26.329977, 31.955496, 28.609056> 0.100000
	pigment { color rgbt <1,0,0,0> }
	no_shadow
}
sphere {
	0, 1
	scale<0.080000,0.200000,0.300000>
	matrix <-0.005712, -0.367001, -0.930203,
		-0.915114, 0.376946, -0.143100,
		0.403154, 0.850425, -0.338001,
		26.450924, 32.210625, 28.507656>
	pigment { color rgbt <0,1,1,0> }
	no_shadow
}
cylinder {
	<25.711527, 31.752226, 28.221193>,  <26.168716, 31.615326, 28.744257>, 0.130000
	pigment { color rgbt <1,0,0,0> }
	no_shadow
}

// nucleotide -1

// particle -1
sphere {
	<25.711527, 31.752226, 28.221193> 0.250000
	pigment { color rgbt <1,0,0,0> }
	no_shadow
}
cylinder {
	<26.059803, 31.945883, 28.186533>,  <26.268768, 32.062077, 28.165737>, 0.100000
	pigment { color rgbt <1,0,0,0> }
	no_shadow
}
cylinder {
	<26.059803, 31.945883, 28.186533>,  <25.711527, 31.752226, 28.221193>, 0.100000
	pigment { color rgbt <1,0,0,0> }
	no_shadow
}

// particle -1
sphere {
	<26.059803, 31.945883, 28.186533> 0.100000
	pigment { color rgbt <1,0,0,0> }
	no_shadow
}
sphere {
	0, 1
	scale<0.080000,0.200000,0.300000>
	matrix <0.078065, -0.309980, -0.947533,
		-0.485598, 0.818242, -0.307691,
		0.870689, 0.484140, -0.086649,
		26.321011, 32.091125, 28.160538>
	pigment { color rgbt <0,1,1,0> }
	no_shadow
}
cylinder {
	<25.724375, 32.296783, 27.679960>,  <25.711527, 31.752226, 28.221193>, 0.130000
	pigment { color rgbt <1,0,0,0> }
	no_shadow
}

// nucleotide -1

// particle -1
sphere {
	<25.724375, 32.296783, 27.679960> 0.250000
	pigment { color rgbt <1,0,0,0> }
	no_shadow
}
cylinder {
	<26.097416, 32.153160, 27.694542>,  <26.321241, 32.066986, 27.703291>, 0.100000
	pigment { color rgbt <1,0,0,0> }
	no_shadow
}
cylinder {
	<26.097416, 32.153160, 27.694542>,  <25.724375, 32.296783, 27.679960>, 0.100000
	pigment { color rgbt <1,0,0,0> }
	no_shadow
}

// particle -1
sphere {
	<26.097416, 32.153160, 27.694542> 0.100000
	pigment { color rgbt <1,0,0,0> }
	no_shadow
}
sphere {
	0, 1
	scale<0.080000,0.200000,0.300000>
	matrix <-0.029190, -0.175715, -0.984008,
		0.359722, 0.916625, -0.174353,
		0.932603, -0.359059, 0.036453,
		26.377197, 32.045441, 27.705479>
	pigment { color rgbt <0,1,1,0> }
	no_shadow
}
cylinder {
	<25.652245, 31.906725, 27.069126>,  <25.724375, 32.296783, 27.679960>, 0.130000
	pigment { color rgbt <1,0,0,0> }
	no_shadow
}

// nucleotide -1

// particle -1
sphere {
	<25.652245, 31.906725, 27.069126> 0.250000
	pigment { color rgbt <1,0,0,0> }
	no_shadow
}
cylinder {
	<25.972845, 31.892475, 26.830353>,  <26.165205, 31.883924, 26.687088>, 0.100000
	pigment { color rgbt <1,0,0,0> }
	no_shadow
}
cylinder {
	<25.972845, 31.892475, 26.830353>,  <25.652245, 31.906725, 27.069126>, 0.100000
	pigment { color rgbt <1,0,0,0> }
	no_shadow
}

// particle -1
sphere {
	<25.972845, 31.892475, 26.830353> 0.100000
	pigment { color rgbt <1,0,0,0> }
	no_shadow
}
sphere {
	0, 1
	scale<0.080000,0.200000,0.300000>
	matrix <0.583971, 0.261550, 0.768485,
		0.128751, -0.964532, 0.230436,
		0.801499, -0.035625, -0.596934,
		26.213295, 31.881788, 26.651272>
	pigment { color rgbt <0,1,1,0> }
	no_shadow
}
cylinder {
	<26.226770, 31.444134, 27.264757>,  <25.652245, 31.906725, 27.069126>, 0.130000
	pigment { color rgbt <1,0,0,0> }
	no_shadow
}

// nucleotide -1

// particle -1
sphere {
	<26.226770, 31.444134, 27.264757> 0.250000
	pigment { color rgbt <1,0,0,0> }
	no_shadow
}
cylinder {
	<26.371130, 31.755983, 27.060038>,  <26.457747, 31.943092, 26.937206>, 0.100000
	pigment { color rgbt <1,0,0,0> }
	no_shadow
}
cylinder {
	<26.371130, 31.755983, 27.060038>,  <26.226770, 31.444134, 27.264757>, 0.100000
	pigment { color rgbt <1,0,0,0> }
	no_shadow
}

// particle -1
sphere {
	<26.371130, 31.755983, 27.060038> 0.100000
	pigment { color rgbt <1,0,0,0> }
	no_shadow
}
sphere {
	0, 1
	scale<0.080000,0.200000,0.300000>
	matrix <0.474125, 0.319196, 0.820561,
		0.803093, -0.538797, -0.254441,
		0.360899, 0.779623, -0.511801,
		26.479399, 31.989870, 26.906498>
	pigment { color rgbt <0,1,1,0> }
	no_shadow
}
cylinder {
	<26.949364, 31.501574, 27.456320>,  <26.226770, 31.444134, 27.264757>, 0.130000
	pigment { color rgbt <1,0,0,0> }
	no_shadow
}

// nucleotide -1

// particle -1
sphere {
	<26.949364, 31.501574, 27.456320> 0.250000
	pigment { color rgbt <1,0,0,0> }
	no_shadow
}
cylinder {
	<26.766207, 31.844347, 27.361660>,  <26.656313, 32.050011, 27.304865>, 0.100000
	pigment { color rgbt <1,0,0,0> }
	no_shadow
}
cylinder {
	<26.766207, 31.844347, 27.361660>,  <26.949364, 31.501574, 27.456320>, 0.100000
	pigment { color rgbt <1,0,0,0> }
	no_shadow
}

// particle -1
sphere {
	<26.766207, 31.844347, 27.361660> 0.100000
	pigment { color rgbt <1,0,0,0> }
	no_shadow
}
sphere {
	0, 1
	scale<0.080000,0.200000,0.300000>
	matrix <0.345286, 0.416720, 0.840906,
		0.819215, 0.303333, -0.486699,
		-0.457891, 0.856933, -0.236647,
		26.628839, 32.101425, 27.290667>
	pigment { color rgbt <0,1,1,0> }
	no_shadow
}
cylinder {
	<27.365877, 32.211800, 27.569574>,  <26.949364, 31.501574, 27.456320>, 0.130000
	pigment { color rgbt <1,0,0,0> }
	no_shadow
}

// nucleotide -1

// particle -1
sphere {
	<27.365877, 32.211800, 27.569574> 0.250000
	pigment { color rgbt <1,0,0,0> }
	no_shadow
}
cylinder {
	<26.975853, 32.296463, 27.596289>,  <26.741838, 32.347260, 27.612318>, 0.100000
	pigment { color rgbt <1,0,0,0> }
	no_shadow
}
cylinder {
	<26.975853, 32.296463, 27.596289>,  <27.365877, 32.211800, 27.569574>, 0.100000
	pigment { color rgbt <1,0,0,0> }
	no_shadow
}

// particle -1
sphere {
	<26.975853, 32.296463, 27.596289> 0.100000
	pigment { color rgbt <1,0,0,0> }
	no_shadow
}
sphere {
	0, 1
	scale<0.080000,0.200000,0.300000>
	matrix <0.132646, 0.314483, 0.939950,
