// switches for output
#declare DRAW_BASES = 1; // possible values are 0, 1; only relevant for DNA ribbons
#declare DRAW_BASES_TYPE = 3; // possible values are 1, 2, 3; only relevant for DNA ribbons
#declare DRAW_FOG = 0; // set to 1 to enable fog

#include "colors.inc"

#include "transforms.inc"
background { rgb <1, 1, 1>}

#default {
   normal{
       ripples 0.25
       frequency 0.20
       turbulence 0.2
       lambda 5
   }
	finish {
		phong 0.1
		phong_size 40.
	}
}

// original window dimensions: 1024x640


// camera settings

camera {
	sky <0, 0.179814, -0.983701>
	up <0, 0.179814, -0.983701>
	right 1.6 * <1, 0, 0>
	location <35, 94.9851, 44.8844>
	look_at <35, 29.7336, 32.9568>
	direction <0, -65.2515, -11.9276>
	angle 67.0682
}


# declare cpy_camera_pos = <35, 94.9851, 44.8844>;
# if (DRAW_FOG = 1)
fog {
	fog_type 2
	up vnormalize(cpy_camera_pos)
	color rgbt<1,1,1,0.3>
	distance 1e-5
	fog_alt 3e-3
	fog_offset 56
}
# end


// LIGHTS

# declare lum = 6;
global_settings {
	ambient_light rgb lum * <0.05, 0.05, 0.05>
	max_trace_level 15
}# declare cpy_direct_light_amount = 0.25;
light_source
{	1000 * <-1, -1.16352, -0.803886>,
	rgb lum * cpy_direct_light_amount
	parallel
}

light_source
{	1000 * <1, 1.16352, 0.803886>,
	rgb lum * cpy_direct_light_amount
	parallel
}

// strand 0

// nucleotide -1

// particle -1
sphere {
	<24.139313, 35.585308, 34.742348> 0.250000
	pigment { color rgbt <1,0,0,0> }
	no_shadow
}
cylinder {
	<24.045610, 35.235981, 34.913197>,  <23.989389, 35.026382, 35.015705>, 0.100000
	pigment { color rgbt <1,0,0,0> }
	no_shadow
}
cylinder {
	<24.045610, 35.235981, 34.913197>,  <24.139313, 35.585308, 34.742348>, 0.100000
	pigment { color rgbt <1,0,0,0> }
	no_shadow
}

// particle -1
sphere {
	<24.045610, 35.235981, 34.913197> 0.100000
	pigment { color rgbt <1,0,0,0> }
	no_shadow
}
sphere {
	0, 1
	scale<0.080000,0.200000,0.300000>
	matrix <0.827036, -0.409957, -0.384639,
		0.511015, 0.263142, 0.818303,
		-0.234254, -0.873322, 0.427122,
		23.975334, 34.973984, 35.041332>
	pigment { color rgbt <0,1,1,0> }
	no_shadow
}
cylinder {
	<24.709053, 35.292728, 35.198563>,  <24.139313, 35.585308, 34.742348>, 0.130000
	pigment { color rgbt <1,0,0,0> }
	no_shadow
}

// nucleotide -1

// particle -1
sphere {
	<24.709053, 35.292728, 35.198563> 0.250000
	pigment { color rgbt <1,0,0,0> }
	no_shadow
}
cylinder {
	<24.480532, 34.991329, 35.068428>,  <24.343418, 34.810490, 34.990345>, 0.100000
	pigment { color rgbt <1,0,0,0> }
	no_shadow
}
cylinder {
	<24.480532, 34.991329, 35.068428>,  <24.709053, 35.292728, 35.198563>, 0.100000
	pigment { color rgbt <1,0,0,0> }
	no_shadow
}

// particle -1
sphere {
	<24.480532, 34.991329, 35.068428> 0.100000
	pigment { color rgbt <1,0,0,0> }
	no_shadow
}
sphere {
	0, 1
	scale<0.080000,0.200000,0.300000>
	matrix <0.813581, -0.467695, -0.345468,
		0.108150, -0.462059, 0.880230,
		-0.571306, -0.753501, -0.325341,
		24.309139, 34.765278, 34.970825>
	pigment { color rgbt <0,1,1,0> }
	no_shadow
}
cylinder {
	<24.924406, 34.689224, 35.459373>,  <24.709053, 35.292728, 35.198563>, 0.130000
	pigment { color rgbt <1,0,0,0> }
	no_shadow
}

// nucleotide -1

// particle -1
sphere {
	<24.924406, 34.689224, 35.459373> 0.250000
	pigment { color rgbt <1,0,0,0> }
	no_shadow
}
cylinder {
	<24.739079, 34.592831, 35.118256>,  <24.627882, 34.534992, 34.913586>, 0.100000
	pigment { color rgbt <1,0,0,0> }
	no_shadow
}
cylinder {
	<24.739079, 34.592831, 35.118256>,  <24.924406, 34.689224, 35.459373>, 0.100000
	pigment { color rgbt <1,0,0,0> }
	no_shadow
}

// particle -1
sphere {
	<24.739079, 34.592831, 35.118256> 0.100000
	pigment { color rgbt <1,0,0,0> }
	no_shadow
}
sphere {
	0, 1
	scale<0.080000,0.200000,0.300000>
	matrix <0.746527, -0.624684, -0.229056,
		-0.477528, -0.742761, 0.469333,
		-0.463319, -0.240989, -0.852795,
		24.600082, 34.520535, 34.862415>
	pigment { color rgbt <0,1,1,0> }
	no_shadow
}
cylinder {
	<24.656183, 34.031384, 35.341545>,  <24.924406, 34.689224, 35.459373>, 0.130000
	pigment { color rgbt <1,0,0,0> }
	no_shadow
}

// nucleotide -1

// particle -1
sphere {
	<24.656183, 34.031384, 35.341545> 0.250000
	pigment { color rgbt <1,0,0,0> }
	no_shadow
}
cylinder {
	<24.741819, 34.133274, 34.964336>,  <24.793201, 34.194408, 34.738010>, 0.100000
	pigment { color rgbt <1,0,0,0> }
	no_shadow
}
cylinder {
	<24.741819, 34.133274, 34.964336>,  <24.656183, 34.031384, 35.341545>, 0.100000
	pigment { color rgbt <1,0,0,0> }
	no_shadow
}

// particle -1
sphere {
	<24.741819, 34.133274, 34.964336> 0.100000
	pigment { color rgbt <1,0,0,0> }
	no_shadow
}
sphere {
	0, 1
	scale<0.080000,0.200000,0.300000>
	matrix <0.719359, -0.694217, -0.024204,
		-0.660824, -0.673186, -0.331862,
		0.214090, 0.254722, -0.943017,
		24.806047, 34.209690, 34.681431>
	pigment { color rgbt <0,1,1,0> }
	no_shadow
}
cylinder {
	<24.915743, 33.451141, 35.147091>,  <24.656183, 34.031384, 35.341545>, 0.130000
	pigment { color rgbt <1,0,0,0> }
	no_shadow
}

// nucleotide -1

// particle -1
sphere {
	<24.915743, 33.451141, 35.147091> 0.250000
	pigment { color rgbt <1,0,0,0> }
	no_shadow
}
cylinder {
	<25.027266, 33.698364, 34.853077>,  <25.094179, 33.846699, 34.676670>, 0.100000
	pigment { color rgbt <1,0,0,0> }
	no_shadow
}
cylinder {
	<25.027266, 33.698364, 34.853077>,  <24.915743, 33.451141, 35.147091>, 0.100000
	pigment { color rgbt <1,0,0,0> }
	no_shadow
}

// particle -1
sphere {
	<25.027266, 33.698364, 34.853077> 0.100000
	pigment { color rgbt <1,0,0,0> }
	no_shadow
}
sphere {
	0, 1
	scale<0.080000,0.200000,0.300000>
	matrix <0.760766, -0.609249, -0.223720,
		-0.586089, -0.496813, -0.640060,
		0.278808, 0.618056, -0.735033,
		25.110909, 33.883781, 34.632568>
	pigment { color rgbt <0,1,1,0> }
	no_shadow
}
cylinder {
	<24.892660, 33.047409, 34.510437>,  <24.915743, 33.451141, 35.147091>, 0.130000
	pigment { color rgbt <1,0,0,0> }
	no_shadow
}

// nucleotide -1

// particle -1
sphere {
	<24.892660, 33.047409, 34.510437> 0.250000
	pigment { color rgbt <1,0,0,0> }
	no_shadow
}
cylinder {
	<25.147924, 33.354244, 34.536751>,  <25.301083, 33.538345, 34.552540>, 0.100000
	pigment { color rgbt <1,0,0,0> }
	no_shadow
}
cylinder {
	<25.147924, 33.354244, 34.536751>,  <24.892660, 33.047409, 34.510437>, 0.100000
	pigment { color rgbt <1,0,0,0> }
	no_shadow
}

// particle -1
sphere {
	<25.147924, 33.354244, 34.536751> 0.100000
	pigment { color rgbt <1,0,0,0> }
	no_shadow
}
sphere {
	0, 1
	scale<0.080000,0.200000,0.300000>
	matrix <0.761388, -0.641467, 0.093851,
		0.114191, -0.009805, -0.993410,
		0.638161, 0.767088, 0.065784,
		25.339373, 33.584370, 34.556484>
	pigment { color rgbt <0,1,1,0> }
	no_shadow
}
cylinder {
	<25.429785, 33.043076, 34.009048>,  <24.892660, 33.047409, 34.510437>, 0.130000
	pigment { color rgbt <1,0,0,0> }
	no_shadow
}

// nucleotide -1

// particle -1
sphere {
	<25.429785, 33.043076, 34.009048> 0.250000
	pigment { color rgbt <1,0,0,0> }
	no_shadow
}
cylinder {
	<25.570936, 33.278519, 34.299984>,  <25.655626, 33.419785, 34.474545>, 0.100000
	pigment { color rgbt <1,0,0,0> }
	no_shadow
}
cylinder {
	<25.570936, 33.278519, 34.299984>,  <25.429785, 33.043076, 34.009048>, 0.100000
	pigment { color rgbt <1,0,0,0> }
	no_shadow
}

// particle -1
sphere {
	<25.570936, 33.278519, 34.299984> 0.100000
	pigment { color rgbt <1,0,0,0> }
	no_shadow
}
sphere {
	0, 1
	scale<0.080000,0.200000,0.300000>
	matrix <0.853823, -0.520517, 0.006991,
		0.382705, 0.618548, -0.686248,
		0.352879, 0.588610, 0.727334,
		25.676800, 33.455101, 34.518185>
	pigment { color rgbt <0,1,1,0> }
	no_shadow
}
cylinder {
	<26.211535, 33.259663, 33.811375>,  <25.429785, 33.043076, 34.009048>, 0.130000
	pigment { color rgbt <1,0,0,0> }
	no_shadow
}

// nucleotide -1

// particle -1
sphere {
	<26.211535, 33.259663, 33.811375> 0.250000
	pigment { color rgbt <1,0,0,0> }
	no_shadow
}
cylinder {
	<26.156157, 33.273071, 34.207294>,  <26.122931, 33.281116, 34.444847>, 0.100000
	pigment { color rgbt <1,0,0,0> }
	no_shadow
}
cylinder {
	<26.156157, 33.273071, 34.207294>,  <26.211535, 33.259663, 33.811375>, 0.100000
	pigment { color rgbt <1,0,0,0> }
	no_shadow
}

// particle -1
sphere {
	<26.156157, 33.273071, 34.207294> 0.100000
	pigment { color rgbt <1,0,0,0> }
	no_shadow
}
sphere {
	0, 1
	scale<0.080000,0.200000,0.300000>
	matrix <0.931384, -0.335359, 0.141629,
		0.336686, 0.941494, 0.015209,
		-0.138443, 0.033519, 0.989803,
		26.114624, 33.283127, 34.504234>
	pigment { color rgbt <0,1,1,0> }
	no_shadow
}
cylinder {
	<26.864166, 33.475189, 34.023899>,  <26.211535, 33.259663, 33.811375>, 0.130000
	pigment { color rgbt <1,0,0,0> }
	no_shadow
}

// nucleotide -1

// particle -1
sphere {
	<26.864166, 33.475189, 34.023899> 0.250000
	pigment { color rgbt <1,0,0,0> }
	no_shadow
}
cylinder {
	<26.703596, 33.331818, 34.361038>,  <26.607254, 33.245796, 34.563320>, 0.100000
	pigment { color rgbt <1,0,0,0> }
	no_shadow
}
cylinder {
	<26.703596, 33.331818, 34.361038>,  <26.864166, 33.475189, 34.023899>, 0.100000
	pigment { color rgbt <1,0,0,0> }
	no_shadow
}

// particle -1
sphere {
	<26.703596, 33.331818, 34.361038> 0.100000
	pigment { color rgbt <1,0,0,0> }
	no_shadow
}
sphere {
	0, 1
	scale<0.080000,0.200000,0.300000>
	matrix <0.813486, -0.562361, 0.148292,
		0.420830, 0.745170, 0.517324,
		-0.401425, -0.358430, 0.842844,
		26.583168, 33.224289, 34.613892>
	pigment { color rgbt <0,1,1,0> }
	no_shadow
}
cylinder {
	<27.483212, 33.410694, 34.503147>,  <26.864166, 33.475189, 34.023899>, 0.130000
	pigment { color rgbt <1,0,0,0> }
	no_shadow
}

// nucleotide -1

// particle -1
sphere {
	<27.483212, 33.410694, 34.503147> 0.250000
	pigment { color rgbt <1,0,0,0> }
	no_shadow
}
cylinder {
	<27.201454, 33.172867, 34.658230>,  <27.032400, 33.030170, 34.751282>, 0.100000
	pigment { color rgbt <1,0,0,0> }
	no_shadow
}
cylinder {
	<27.201454, 33.172867, 34.658230>,  <27.483212, 33.410694, 34.503147>, 0.100000
	pigment { color rgbt <1,0,0,0> }
	no_shadow
}

// particle -1
sphere {
	<27.201454, 33.172867, 34.658230> 0.100000
	pigment { color rgbt <1,0,0,0> }
	no_shadow
}
sphere {
	0, 1
	scale<0.080000,0.200000,0.300000>
	matrix <0.694113, -0.691219, 0.201055,
		0.148451, 0.410735, 0.899588,
		-0.704393, -0.594569, 0.387709,
		26.990137, 32.994495, 34.774544>
	pigment { color rgbt <0,1,1,0> }
	no_shadow
}
cylinder {
	<27.650162, 33.220909, 35.192844>,  <27.483212, 33.410694, 34.503147>, 0.130000
	pigment { color rgbt <1,0,0,0> }
	no_shadow
}

// nucleotide -1

// particle -1
sphere {
	<27.650162, 33.220909, 35.192844> 0.250000
	pigment { color rgbt <1,0,0,0> }
	no_shadow
}
cylinder {
	<27.415287, 32.929722, 35.051270>,  <27.274363, 32.755009, 34.966324>, 0.100000
	pigment { color rgbt <1,0,0,0> }
	no_shadow
}
cylinder {
	<27.415287, 32.929722, 35.051270>,  <27.650162, 33.220909, 35.192844>, 0.100000
	pigment { color rgbt <1,0,0,0> }
	no_shadow
}

// particle -1
sphere {
	<27.415287, 32.929722, 35.051270> 0.100000
	pigment { color rgbt <1,0,0,0> }
	no_shadow
}
sphere {
	0, 1
	scale<0.080000,0.200000,0.300000>
	matrix <0.669235, -0.682573, 0.293629,
		-0.455342, -0.064453, 0.887981,
		-0.587187, -0.727970, -0.353938,
		27.239132, 32.711330, 34.945087>
	pigment { color rgbt <0,1,1,0> }
	no_shadow
}
cylinder {
	<27.431452, 32.776970, 35.755508>,  <27.650162, 33.220909, 35.192844>, 0.130000
	pigment { color rgbt <1,0,0,0> }
	no_shadow
}

// nucleotide -1

// particle -1
sphere {
	<27.431452, 32.776970, 35.755508> 0.250000
	pigment { color rgbt <1,0,0,0> }
	no_shadow
}
cylinder {
	<27.405048, 32.565590, 35.416950>,  <27.389206, 32.438763, 35.213814>, 0.100000
	pigment { color rgbt <1,0,0,0> }
	no_shadow
}
cylinder {
	<27.405048, 32.565590, 35.416950>,  <27.431452, 32.776970, 35.755508>, 0.100000
	pigment { color rgbt <1,0,0,0> }
	no_shadow
}

// particle -1
sphere {
	<27.405048, 32.565590, 35.416950> 0.100000
	pigment { color rgbt <1,0,0,0> }
	no_shadow
}
sphere {
	0, 1
	scale<0.080000,0.200000,0.300000>
	matrix <0.562515, -0.720314, 0.405862,
		-0.824148, -0.449319, 0.344809,
		-0.066010, -0.528450, -0.846394,
		27.385246, 32.407055, 35.163033>
	pigment { color rgbt <0,1,1,0> }
	no_shadow
}
cylinder {
	<27.448460, 32.135044, 35.995861>,  <27.431452, 32.776970, 35.755508>, 0.130000
	pigment { color rgbt <1,0,0,0> }
	no_shadow
}

// nucleotide -1

// particle -1
sphere {
	<27.448460, 32.135044, 35.995861> 0.250000
	pigment { color rgbt <1,0,0,0> }
	no_shadow
}
cylinder {
	<27.525930, 32.128593, 35.603489>,  <27.572412, 32.124722, 35.368065>, 0.100000
	pigment { color rgbt <1,0,0,0> }
	no_shadow
}
cylinder {
	<27.525930, 32.128593, 35.603489>,  <27.448460, 32.135044, 35.995861>, 0.100000
	pigment { color rgbt <1,0,0,0> }
	no_shadow
}

// particle -1
sphere {
	<27.525930, 32.128593, 35.603489> 0.100000
	pigment { color rgbt <1,0,0,0> }
	no_shadow
}
sphere {
	0, 1
	scale<0.080000,0.200000,0.300000>
	matrix <0.648496, -0.748169, 0.140342,
		-0.736167, -0.663312, -0.134443,
		0.193677, -0.016129, -0.980933,
		27.584034, 32.123756, 35.309208>
	pigment { color rgbt <0,1,1,0> }
	no_shadow
}
cylinder {
	<27.264183, 31.526882, 35.570301>,  <27.448460, 32.135044, 35.995861>, 0.130000
	pigment { color rgbt <1,0,0,0> }
	no_shadow
}

// nucleotide -1

// particle -1
sphere {
	<27.264183, 31.526882, 35.570301> 0.250000
	pigment { color rgbt <1,0,0,0> }
	no_shadow
}
cylinder {
	<27.602070, 31.695177, 35.437981>,  <27.804802, 31.796154, 35.358589>, 0.100000
	pigment { color rgbt <1,0,0,0> }
	no_shadow
}
cylinder {
	<27.602070, 31.695177, 35.437981>,  <27.264183, 31.526882, 35.570301>, 0.100000
	pigment { color rgbt <1,0,0,0> }
	no_shadow
}

// particle -1
sphere {
	<27.602070, 31.695177, 35.437981> 0.100000
	pigment { color rgbt <1,0,0,0> }
	no_shadow
}
sphere {
	0, 1
	scale<0.080000,0.200000,0.300000>
	matrix <0.454721, -0.890163, 0.028972,
		-0.282279, -0.174896, -0.943255,
		0.844717, 0.420739, -0.330804,
		27.855486, 31.821400, 35.338741>
	pigment { color rgbt <0,1,1,0> }
	no_shadow
}
cylinder {
	<27.489866, 31.390841, 34.799271>,  <27.264183, 31.526882, 35.570301>, 0.130000
	pigment { color rgbt <1,0,0,0> }
	no_shadow
}

// nucleotide -1

// particle -1
sphere {
	<27.489866, 31.390841, 34.799271> 0.250000
	pigment { color rgbt <1,0,0,0> }
	no_shadow
}
cylinder {
	<27.802780, 31.461418, 35.038235>,  <27.990528, 31.503765, 35.181614>, 0.100000
	pigment { color rgbt <1,0,0,0> }
	no_shadow
}
cylinder {
	<27.802780, 31.461418, 35.038235>,  <27.489866, 31.390841, 34.799271>, 0.100000
	pigment { color rgbt <1,0,0,0> }
	no_shadow
}

// particle -1
sphere {
	<27.802780, 31.461418, 35.038235> 0.100000
	pigment { color rgbt <1,0,0,0> }
	no_shadow
}
sphere {
	0, 1
	scale<0.080000,0.200000,0.300000>
	matrix <0.118059, -0.983659, 0.135927,
		0.611632, -0.035803, -0.790332,
		0.782284, 0.176443, 0.597411,
		28.037466, 31.514351, 35.217457>
	pigment { color rgbt <0,1,1,0> }
	no_shadow
}
cylinder {
	<27.045715, 31.672192, 34.263748>,  <27.489866, 31.390841, 34.799271>, 0.130000
	pigment { color rgbt <1,0,0,0> }
	no_shadow
}

// nucleotide -1

// particle -1
sphere {
	<27.045715, 31.672192, 34.263748> 0.250000
	pigment { color rgbt <1,0,0,0> }
	no_shadow
}
cylinder {
	<27.066368, 31.864220, 34.614033>,  <27.078760, 31.979437, 34.824203>, 0.100000
	pigment { color rgbt <1,0,0,0> }
	no_shadow
}
cylinder {
	<27.066368, 31.864220, 34.614033>,  <27.045715, 31.672192, 34.263748>, 0.100000
	pigment { color rgbt <1,0,0,0> }
	no_shadow
}

// particle -1
sphere {
	<27.066368, 31.864220, 34.614033> 0.100000
	pigment { color rgbt <1,0,0,0> }
	no_shadow
}
sphere {
	0, 1
	scale<0.080000,0.200000,0.300000>
	matrix <-0.689461, 0.651509, -0.316512,
		-0.722480, -0.587425, 0.364630,
		0.051633, 0.480072, 0.875709,
		27.081858, 32.008240, 34.876747>
	pigment { color rgbt <0,1,1,0> }
	no_shadow
}
cylinder {
	<26.334295, 31.826448, 34.545048>,  <27.045715, 31.672192, 34.263748>, 0.130000
	pigment { color rgbt <1,0,0,0> }
	no_shadow
}

// nucleotide -1

// particle -1
sphere {
	<26.334295, 31.826448, 34.545048> 0.250000
	pigment { color rgbt <1,0,0,0> }
	no_shadow
}
cylinder {
	<26.602715, 32.092480, 34.676117>,  <26.763765, 32.252098, 34.754757>, 0.100000
	pigment { color rgbt <1,0,0,0> }
	no_shadow
}
cylinder {
	<26.602715, 32.092480, 34.676117>,  <26.334295, 31.826448, 34.545048>, 0.100000
	pigment { color rgbt <1,0,0,0> }
	no_shadow
}

// particle -1
sphere {
	<26.602715, 32.092480, 34.676117> 0.100000
	pigment { color rgbt <1,0,0,0> }
	no_shadow
}
sphere {
	0, 1
	scale<0.080000,0.200000,0.300000>
	matrix <-0.727423, 0.676050, 0.117526,
		-0.143359, -0.317222, 0.937453,
		0.671047, 0.665077, 0.327672,
		26.804029, 32.292004, 34.774418>
	pigment { color rgbt <0,1,1,0> }
	no_shadow
}
cylinder {
	<26.129179, 32.081520, 35.264828>,  <26.334295, 31.826448, 34.545048>, 0.130000
	pigment { color rgbt <1,0,0,0> }
	no_shadow
}

// nucleotide -1

// particle -1
sphere {
	<26.129179, 32.081520, 35.264828> 0.250000
	pigment { color rgbt <1,0,0,0> }
	no_shadow
}
cylinder {
	<26.379923, 32.355198, 35.115742>,  <26.530369, 32.519405, 35.026291>, 0.100000
	pigment { color rgbt <1,0,0,0> }
	no_shadow
}
cylinder {
	<26.379923, 32.355198, 35.115742>,  <26.129179, 32.081520, 35.264828>, 0.100000
	pigment { color rgbt <1,0,0,0> }
	no_shadow
}

// particle -1
sphere {
	<26.379923, 32.355198, 35.115742> 0.100000
	pigment { color rgbt <1,0,0,0> }
	no_shadow
}
sphere {
	0, 1
	scale<0.080000,0.200000,0.300000>
	matrix <-0.662084, 0.719959, 0.208097,
		0.410719, 0.116321, 0.904311,
		0.626861, 0.684199, -0.372715,
		26.567982, 32.560459, 35.003925>
	pigment { color rgbt <0,1,1,0> }
	no_shadow
}
cylinder {
	<25.912149, 32.720917, 35.659554>,  <26.129179, 32.081520, 35.264828>, 0.130000
	pigment { color rgbt <1,0,0,0> }
	no_shadow
}

// nucleotide -1

// particle -1
sphere {
	<25.912149, 32.720917, 35.659554> 0.250000
	pigment { color rgbt <1,0,0,0> }
	no_shadow
}
cylinder {
	<26.117460, 32.858692, 35.345123>,  <26.240646, 32.941357, 35.156467>, 0.100000
	pigment { color rgbt <1,0,0,0> }
	no_shadow
}
cylinder {
	<26.117460, 32.858692, 35.345123>,  <25.912149, 32.720917, 35.659554>, 0.100000
	pigment { color rgbt <1,0,0,0> }
	no_shadow
}

// particle -1
sphere {
	<26.117460, 32.858692, 35.345123> 0.100000
	pigment { color rgbt <1,0,0,0> }
	no_shadow
}
sphere {
	0, 1
	scale<0.080000,0.200000,0.300000>
	matrix <-0.503195, 0.862755, 0.049473,
		0.695228, 0.370154, 0.616153,
		0.513277, 0.344440, -0.786071,
		26.271442, 32.962025, 35.109303>
	pigment { color rgbt <0,1,1,0> }
	no_shadow
}
cylinder {
	<26.013525, 33.401443, 35.797531>,  <25.912149, 32.720917, 35.659554>, 0.130000
	pigment { color rgbt <1,0,0,0> }
	no_shadow
}

// nucleotide -1

// particle -1
sphere {
	<26.013525, 33.401443, 35.797531> 0.250000
	pigment { color rgbt <1,0,0,0> }
	no_shadow
}
cylinder {
	<26.054125, 33.361572, 35.401600>,  <26.078485, 33.337650, 35.164040>, 0.100000
	pigment { color rgbt <1,0,0,0> }
	no_shadow
}
cylinder {
	<26.054125, 33.361572, 35.401600>,  <26.013525, 33.401443, 35.797531>, 0.100000
	pigment { color rgbt <1,0,0,0> }
	no_shadow
}

// particle -1
sphere {
	<26.054125, 33.361572, 35.401600> 0.100000
	pigment { color rgbt <1,0,0,0> }
	no_shadow
}
sphere {
	0, 1
	scale<0.080000,0.200000,0.300000>
	matrix <-0.573510, 0.807131, -0.140090,
		0.812886, 0.581896, 0.024756,
		0.101499, -0.099680, -0.989829,
		26.084574, 33.331669, 35.104652>
	pigment { color rgbt <0,1,1,0> }
	no_shadow
}
cylinder {
	<25.470385, 33.992924, 36.002575>,  <26.013525, 33.401443, 35.797531>, 0.130000
	pigment { color rgbt <1,0,0,0> }
	no_shadow
}

// nucleotide -1

// particle -1
sphere {
	<25.470385, 33.992924, 36.002575> 0.250000
	pigment { color rgbt <1,0,0,0> }
	no_shadow
}
cylinder {
	<25.545349, 34.366531, 36.124218>,  <25.590328, 34.590698, 36.197205>, 0.100000
	pigment { color rgbt <1,0,0,0> }
	no_shadow
}
cylinder {
	<25.545349, 34.366531, 36.124218>,  <25.470385, 33.992924, 36.002575>, 0.100000
	pigment { color rgbt <1,0,0,0> }
	no_shadow
}

// particle -1
sphere {
	<25.545349, 34.366531, 36.124218> 0.100000
	pigment { color rgbt <1,0,0,0> }
	no_shadow
}
sphere {
	0, 1
	scale<0.080000,0.200000,0.300000>
	matrix <0.938047, -0.262036, 0.226725,
		0.291453, 0.242776, -0.925265,
		0.187409, 0.934022, 0.304107,
		25.601572, 34.646736, 36.215450>
	pigment { color rgbt <0,1,1,0> }
	no_shadow
}
cylinder {
	<26.017813, 34.188404, 35.485497>,  <25.470385, 33.992924, 36.002575>, 0.130000
	pigment { color rgbt <1,0,0,0> }
	no_shadow
}

// nucleotide -1

// particle -1
sphere {
	<26.017813, 34.188404, 35.485497> 0.250000
	pigment { color rgbt <1,0,0,0> }
	no_shadow
}
cylinder {
	<25.938391, 33.955616, 35.170055>,  <25.890738, 33.815945, 34.980793>, 0.100000
	pigment { color rgbt <1,0,0,0> }
	no_shadow
}
cylinder {
	<25.938391, 33.955616, 35.170055>,  <26.017813, 34.188404, 35.485497>, 0.100000
	pigment { color rgbt <1,0,0,0> }
	no_shadow
}

// particle -1
sphere {
	<25.938391, 33.955616, 35.170055> 0.100000
	pigment { color rgbt <1,0,0,0> }
	no_shadow
}
sphere {
	0, 1
	scale<0.080000,0.200000,0.300000>
	matrix <-0.678046, 0.662557, -0.318231,
		0.707693, 0.471520, -0.526155,
		-0.198555, -0.581967, -0.788600,
		25.878824, 33.781025, 34.933475>
	pigment { color rgbt <0,1,1,0> }
	no_shadow
}
cylinder {
	<26.142876, 34.614506, 34.758915>,  <26.017813, 34.188404, 35.485497>, 0.130000
	pigment { color rgbt <1,0,0,0> }
	no_shadow
}

// nucleotide -1

// particle -1
sphere {
	<26.142876, 34.614506, 34.758915> 0.250000
	pigment { color rgbt <1,0,0,0> }
	no_shadow
}
cylinder {
	<25.910452, 34.293419, 34.705219>,  <25.770998, 34.100769, 34.673004>, 0.100000
	pigment { color rgbt <1,0,0,0> }
	no_shadow
}
cylinder {
	<25.910452, 34.293419, 34.705219>,  <26.142876, 34.614506, 34.758915>, 0.100000
	pigment { color rgbt <1,0,0,0> }
	no_shadow
}

// particle -1
sphere {
	<25.910452, 34.293419, 34.705219> 0.100000
	pigment { color rgbt <1,0,0,0> }
	no_shadow
}
sphere {
	0, 1
	scale<0.080000,0.200000,0.300000>
	matrix <-0.748813, 0.591910, -0.298198,
		0.318824, -0.072752, -0.945017,
		-0.581059, -0.802714, -0.134237,
		25.736134, 34.052605, 34.664948>
	pigment { color rgbt <0,1,1,0> }
	no_shadow
}
cylinder {
	<25.894308, 34.645546, 34.044716>,  <26.142876, 34.614506, 34.758915>, 0.130000
	pigment { color rgbt <1,0,0,0> }
	no_shadow
}

// nucleotide -1

// particle -1
sphere {
	<25.894308, 34.645546, 34.044716> 0.250000
	pigment { color rgbt <1,0,0,0> }
	no_shadow
}
cylinder {
	<25.661528, 34.427410, 34.286026>,  <25.521860, 34.296528, 34.430813>, 0.100000
	pigment { color rgbt <1,0,0,0> }
	no_shadow
}
cylinder {
	<25.661528, 34.427410, 34.286026>,  <25.894308, 34.645546, 34.044716>, 0.100000
	pigment { color rgbt <1,0,0,0> }
	no_shadow
}

// particle -1
sphere {
	<25.661528, 34.427410, 34.286026> 0.100000
	pigment { color rgbt <1,0,0,0> }
	no_shadow
}
sphere {
	0, 1
	scale<0.080000,0.200000,0.300000>
	matrix <-0.796534, 0.531761, -0.287687,
		-0.163912, -0.647948, -0.743838,
		-0.581951, -0.545337, 0.603274,
		25.486942, 34.263809, 34.467007>
	pigment { color rgbt <0,1,1,0> }
	no_shadow
}
cylinder {
	<26.055872, 34.153011, 33.372189>,  <25.894308, 34.645546, 34.044716>, 0.130000
	pigment { color rgbt <1,0,0,0> }
	no_shadow
}

// nucleotide -1

// particle -1
sphere {
	<26.055872, 34.153011, 33.372189> 0.250000
	pigment { color rgbt <1,0,0,0> }
	no_shadow
}
cylinder {
	<26.235512, 34.066582, 33.025406>,  <26.343296, 34.014725, 32.817337>, 0.100000
	pigment { color rgbt <1,0,0,0> }
	no_shadow
}
cylinder {
	<26.235512, 34.066582, 33.025406>,  <26.055872, 34.153011, 33.372189>, 0.100000
	pigment { color rgbt <1,0,0,0> }
	no_shadow
}

// particle -1
sphere {
	<26.235512, 34.066582, 33.025406> 0.100000
	pigment { color rgbt <1,0,0,0> }
	no_shadow
}
sphere {
	0, 1
	scale<0.080000,0.200000,0.300000>
	matrix <-0.400078, 0.818975, -0.411361,
		0.798903, 0.531594, 0.281357,
		0.449102, -0.216072, -0.866960,
		26.370243, 34.001759, 32.765316>
	pigment { color rgbt <0,1,1,0> }
	no_shadow
}
cylinder {
	<26.581299, 34.674164, 33.342342>,  <26.055872, 34.153011, 33.372189>, 0.130000
	pigment { color rgbt <1,0,0,0> }
	no_shadow
}

// nucleotide -1

// particle -1
sphere {
	<26.581299, 34.674164, 33.342342> 0.250000
	pigment { color rgbt <1,0,0,0> }
	no_shadow
}
cylinder {
	<26.477787, 34.502743, 32.996075>,  <26.415680, 34.399891, 32.788315>, 0.100000
	pigment { color rgbt <1,0,0,0> }
	no_shadow
}
cylinder {
	<26.477787, 34.502743, 32.996075>,  <26.581299, 34.674164, 33.342342>, 0.100000
	pigment { color rgbt <1,0,0,0> }
	no_shadow
}

// particle -1
sphere {
	<26.477787, 34.502743, 32.996075> 0.100000
	pigment { color rgbt <1,0,0,0> }
	no_shadow
}
sphere {
	0, 1
	scale<0.080000,0.200000,0.300000>
	matrix <-0.155243, 0.902996, -0.400622,
		0.953380, 0.030717, -0.300205,
		-0.258778, -0.428550, -0.865667,
		26.400154, 34.374176, 32.736374>
	pigment { color rgbt <0,1,1,0> }
	no_shadow
}
cylinder {
	<27.043468, 35.020103, 32.805248>,  <26.581299, 34.674164, 33.342342>, 0.130000
	pigment { color rgbt <1,0,0,0> }
	no_shadow
}

// nucleotide -1

// particle -1
sphere {
	<27.043468, 35.020103, 32.805248> 0.250000
	pigment { color rgbt <1,0,0,0> }
	no_shadow
}
cylinder {
	<26.689171, 34.885773, 32.677078>,  <26.476591, 34.805172, 32.600174>, 0.100000
	pigment { color rgbt <1,0,0,0> }
	no_shadow
}
cylinder {
	<26.689171, 34.885773, 32.677078>,  <27.043468, 35.020103, 32.805248>, 0.100000
	pigment { color rgbt <1,0,0,0> }
	no_shadow
}

// particle -1
sphere {
	<26.689171, 34.885773, 32.677078> 0.100000
	pigment { color rgbt <1,0,0,0> }
	no_shadow
}
sphere {
	0, 1
	scale<0.080000,0.200000,0.300000>
	matrix <-0.181960, 0.886285, -0.425897,
		0.427020, -0.318931, -0.846131,
		-0.885745, -0.335829, -0.320428,
		26.423447, 34.785023, 32.580948>
	pigment { color rgbt <0,1,1,0> }
	no_shadow
}
cylinder {
	<26.883995, 35.155838, 32.002472>,  <27.043468, 35.020103, 32.805248>, 0.130000
	pigment { color rgbt <1,0,0,0> }
	no_shadow
}

// nucleotide -1

// particle -1
sphere {
	<26.883995, 35.155838, 32.002472> 0.250000
	pigment { color rgbt <1,0,0,0> }
	no_shadow
}
cylinder {
	<26.540451, 35.138309, 32.206604>,  <26.334324, 35.127792, 32.329082>, 0.100000
	pigment { color rgbt <1,0,0,0> }
	no_shadow
}
cylinder {
	<26.540451, 35.138309, 32.206604>,  <26.883995, 35.155838, 32.002472>, 0.100000
	pigment { color rgbt <1,0,0,0> }
	no_shadow
}

// particle -1
sphere {
	<26.540451, 35.138309, 32.206604> 0.100000
	pigment { color rgbt <1,0,0,0> }
	no_shadow
}
sphere {
	0, 1
	scale<0.080000,0.200000,0.300000>
	matrix <-0.272273, 0.882973, -0.382396,
		-0.433851, -0.467374, -0.770282,
		-0.858860, -0.043825, 0.510332,
		26.282793, 35.125160, 32.359703>
	pigment { color rgbt <0,1,1,0> }
	no_shadow
}
cylinder {
	<26.307341, 35.127373, 31.513483>,  <26.883995, 35.155838, 32.002472>, 0.130000
	pigment { color rgbt <1,0,0,0> }
	no_shadow
}

// nucleotide -1

// particle -1
sphere {
	<26.307341, 35.127373, 31.513483> 0.250000
	pigment { color rgbt <1,0,0,0> }
	no_shadow
}
cylinder {
	<26.222681, 35.297798, 31.865316>,  <26.171885, 35.400055, 32.076416>, 0.100000
	pigment { color rgbt <1,0,0,0> }
	no_shadow
}
cylinder {
	<26.222681, 35.297798, 31.865316>,  <26.307341, 35.127373, 31.513483>, 0.100000
	pigment { color rgbt <1,0,0,0> }
	no_shadow
}

// particle -1
sphere {
	<26.222681, 35.297798, 31.865316> 0.100000
	pigment { color rgbt <1,0,0,0> }
	no_shadow
}
sphere {
	0, 1
	scale<0.080000,0.200000,0.300000>
	matrix <-0.584887, 0.665810, -0.463254,
		-0.783015, -0.612505, 0.108284,
		-0.211649, 0.426068, 0.879585,
		26.159185, 35.425617, 32.129192>
	pigment { color rgbt <0,1,1,0> }
	no_shadow
}
cylinder {
	<26.901161, 35.569580, 31.195623>,  <26.307341, 35.127373, 31.513483>, 0.130000
	pigment { color rgbt <1,0,0,0> }
	no_shadow
}

// nucleotide -1

// particle -1
sphere {
	<26.901161, 35.569580, 31.195623> 0.250000
	pigment { color rgbt <1,0,0,0> }
	no_shadow
}
cylinder {
	<27.062803, 35.240852, 31.034967>,  <27.159788, 35.043617, 30.938574>, 0.100000
	pigment { color rgbt <1,0,0,0> }
	no_shadow
}
cylinder {
	<27.062803, 35.240852, 31.034967>,  <26.901161, 35.569580, 31.195623>, 0.100000
	pigment { color rgbt <1,0,0,0> }
	no_shadow
}

// particle -1
sphere {
	<27.062803, 35.240852, 31.034967> 0.100000
	pigment { color rgbt <1,0,0,0> }
	no_shadow
}
sphere {
	0, 1
	scale<0.080000,0.200000,0.300000>
	matrix <-0.888619, -0.456838, 0.040692,
		-0.216925, 0.340461, -0.914893,
		0.404104, -0.821818, -0.401639,
		27.184034, 34.994308, 30.914476>
	pigment { color rgbt <0,1,1,0> }
	no_shadow
}
cylinder {
	<26.479755, 35.415173, 30.752638>,  <26.901161, 35.569580, 31.195623>, 0.130000
	pigment { color rgbt <1,0,0,0> }
	no_shadow
}

// nucleotide -1

// particle -1
sphere {
	<26.479755, 35.415173, 30.752638> 0.250000
	pigment { color rgbt <1,0,0,0> }
	no_shadow
}
cylinder {
	<26.660759, 35.058544, 30.760059>,  <26.769361, 34.844566, 30.764513>, 0.100000
	pigment { color rgbt <1,0,0,0> }
	no_shadow
}
cylinder {
	<26.660759, 35.058544, 30.760059>,  <26.479755, 35.415173, 30.752638>, 0.100000
	pigment { color rgbt <1,0,0,0> }
	no_shadow
}

// particle -1
sphere {
	<26.660759, 35.058544, 30.760059> 0.100000
	pigment { color rgbt <1,0,0,0> }
	no_shadow
}
sphere {
	0, 1
	scale<0.080000,0.200000,0.300000>
	matrix <-0.877402, -0.448843, -0.169425,
		0.159382, 0.060387, -0.985368,
		0.452507, -0.891568, 0.018554,
		26.796511, 34.791073, 30.765625>
	pigment { color rgbt <0,1,1,0> }
	no_shadow
}
cylinder {
	<26.121414, 34.947472, 30.251268>,  <26.479755, 35.415173, 30.752638>, 0.130000
	pigment { color rgbt <1,0,0,0> }
	no_shadow
}

// nucleotide -1

// particle -1
sphere {
	<26.121414, 34.947472, 30.251268> 0.250000
	pigment { color rgbt <1,0,0,0> }
	no_shadow
}
cylinder {
	<26.313133, 34.690853, 30.490835>,  <26.428164, 34.536884, 30.634575>, 0.100000
	pigment { color rgbt <1,0,0,0> }
	no_shadow
}
cylinder {
	<26.313133, 34.690853, 30.490835>,  <26.121414, 34.947472, 30.251268>, 0.100000
	pigment { color rgbt <1,0,0,0> }
	no_shadow
}

// particle -1
sphere {
	<26.313133, 34.690853, 30.490835> 0.100000
	pigment { color rgbt <1,0,0,0> }
	no_shadow
}
sphere {
	0, 1
	scale<0.080000,0.200000,0.300000>
	matrix <-0.737182, -0.664598, -0.121953,
		0.476276, -0.383057, -0.791472,
		0.479296, -0.641542, 0.598915,
		26.456923, 34.498390, 30.670509>
	pigment { color rgbt <0,1,1,0> }
	no_shadow
}
cylinder {
	<26.272013, 34.304405, 29.896431>,  <26.121414, 34.947472, 30.251268>, 0.130000
	pigment { color rgbt <1,0,0,0> }
	no_shadow
}

// nucleotide -1

// particle -1
sphere {
	<26.272013, 34.304405, 29.896431> 0.250000
	pigment { color rgbt <1,0,0,0> }
	no_shadow
}
cylinder {
	<26.281805, 34.191776, 30.280123>,  <26.287680, 34.124199, 30.510338>, 0.100000
	pigment { color rgbt <1,0,0,0> }
	no_shadow
}
cylinder {
	<26.281805, 34.191776, 30.280123>,  <26.272013, 34.304405, 29.896431>, 0.100000
	pigment { color rgbt <1,0,0,0> }
	no_shadow
}

// particle -1
sphere {
	<26.281805, 34.191776, 30.280123> 0.100000
	pigment { color rgbt <1,0,0,0> }
	no_shadow
}
sphere {
	0, 1
	scale<0.080000,0.200000,0.300000>
	matrix <-0.771655, -0.615345, -0.160932,
		0.635570, -0.736254, -0.232337,
		0.024480, -0.281568, 0.959229,
		26.289148, 34.107307, 30.567892>
	pigment { color rgbt <0,1,1,0> }
	no_shadow
}
cylinder {
	<26.416712, 33.593433, 29.899643>,  <26.272013, 34.304405, 29.896431>, 0.130000
	pigment { color rgbt <1,0,0,0> }
	no_shadow
}

// nucleotide -1

// particle -1
sphere {
	<26.416712, 33.593433, 29.899643> 0.250000
	pigment { color rgbt <1,0,0,0> }
	no_shadow
}
cylinder {
	<26.234303, 33.708092, 30.236660>,  <26.124857, 33.776886, 30.438869>, 0.100000
	pigment { color rgbt <1,0,0,0> }
	no_shadow
}
cylinder {
	<26.234303, 33.708092, 30.236660>,  <26.416712, 33.593433, 29.899643>, 0.100000
	pigment { color rgbt <1,0,0,0> }
	no_shadow
}

// particle -1
sphere {
	<26.234303, 33.708092, 30.236660> 0.100000
	pigment { color rgbt <1,0,0,0> }
	no_shadow
}
sphere {
	0, 1
	scale<0.080000,0.200000,0.300000>
	matrix <-0.771603, -0.599098, -0.213801,
		0.443479, -0.747605, 0.494382,
		-0.456022, 0.286650, 0.842541,
		26.097496, 33.794086, 30.489422>
	pigment { color rgbt <0,1,1,0> }
	no_shadow
}
cylinder {
	<26.300312, 33.232227, 30.466930>,  <26.416712, 33.593433, 29.899643>, 0.130000
	pigment { color rgbt <1,0,0,0> }
	no_shadow
}

// nucleotide -1

// particle -1
sphere {
	<26.300312, 33.232227, 30.466930> 0.250000
	pigment { color rgbt <1,0,0,0> }
	no_shadow
}
cylinder {
	<25.984922, 33.477222, 30.444403>,  <25.795689, 33.624218, 30.430885>, 0.100000
	pigment { color rgbt <1,0,0,0> }
	no_shadow
}
cylinder {
	<25.984922, 33.477222, 30.444403>,  <26.300312, 33.232227, 30.466930>, 0.100000
	pigment { color rgbt <1,0,0,0> }
	no_shadow
}

// particle -1
sphere {
	<25.984922, 33.477222, 30.444403> 0.100000
	pigment { color rgbt <1,0,0,0> }
	no_shadow
}
sphere {
	0, 1
	scale<0.080000,0.200000,0.300000>
	matrix <-0.571379, -0.763287, -0.301530,
		-0.227671, -0.205568, 0.951792,
		-0.788475, 0.612483, -0.056321,
		25.748381, 33.660969, 30.427505>
	pigment { color rgbt <0,1,1,0> }
	no_shadow
}
cylinder {
	<26.150097, 33.033665, 31.235100>,  <26.300312, 33.232227, 30.466930>, 0.130000
	pigment { color rgbt <1,0,0,0> }
	no_shadow
}

// nucleotide -1

// particle -1
sphere {
	<26.150097, 33.033665, 31.235100> 0.250000
	pigment { color rgbt <1,0,0,0> }
	no_shadow
}
cylinder {
	<25.864071, 33.313282, 31.236656>,  <25.692455, 33.481052, 31.237589>, 0.100000
	pigment { color rgbt <1,0,0,0> }
	no_shadow
}
cylinder {
	<25.864071, 33.313282, 31.236656>,  <26.150097, 33.033665, 31.235100>, 0.100000
	pigment { color rgbt <1,0,0,0> }
	no_shadow
}

// particle -1
sphere {
	<25.864071, 33.313282, 31.236656> 0.100000
	pigment { color rgbt <1,0,0,0> }
	no_shadow
}
sphere {
	0, 1
	scale<0.080000,0.200000,0.300000>
	matrix <-0.697013, -0.712541, -0.080359,
		-0.053404, -0.060173, 0.996758,
		-0.715067, 0.699045, 0.003889,
		25.649551, 33.522995, 31.237823>
	pigment { color rgbt <0,1,1,0> }
	no_shadow
}
cylinder {
	<25.629213, 32.848782, 31.730629>,  <26.150097, 33.033665, 31.235100>, 0.130000
	pigment { color rgbt <1,0,0,0> }
	no_shadow
}

// nucleotide -1

// particle -1
sphere {
	<25.629213, 32.848782, 31.730629> 0.250000
	pigment { color rgbt <1,0,0,0> }
	no_shadow
}
cylinder {
	<25.446444, 33.075535, 31.456442>,  <25.336782, 33.211586, 31.291929>, 0.100000
	pigment { color rgbt <1,0,0,0> }
	no_shadow
}
cylinder {
	<25.446444, 33.075535, 31.456442>,  <25.629213, 32.848782, 31.730629>, 0.100000
	pigment { color rgbt <1,0,0,0> }
	no_shadow
}

// particle -1
sphere {
	<25.446444, 33.075535, 31.456442> 0.100000
	pigment { color rgbt <1,0,0,0> }
	no_shadow
}
sphere {
	0, 1
	scale<0.080000,0.200000,0.300000>
	matrix <-0.735522, -0.674156, -0.067238,
		-0.500230, 0.473455, 0.724990,
		-0.456922, 0.566881, -0.685469,
		25.309366, 33.245598, 31.250801>
	pigment { color rgbt <0,1,1,0> }
	no_shadow
}
cylinder {
	<24.838417, 32.817116, 31.900181>,  <25.629213, 32.848782, 31.730629>, 0.130000
	pigment { color rgbt <1,0,0,0> }
	no_shadow
}

// nucleotide -1

// particle -1
sphere {
	<24.838417, 32.817116, 31.900181> 0.250000
	pigment { color rgbt <1,0,0,0> }
	no_shadow
}
cylinder {
	<24.879866, 32.953617, 31.526484>,  <24.904734, 33.035519, 31.302265>, 0.100000
	pigment { color rgbt <1,0,0,0> }
	no_shadow
}
cylinder {
	<24.879866, 32.953617, 31.526484>,  <24.838417, 32.817116, 31.900181>, 0.100000
	pigment { color rgbt <1,0,0,0> }
	no_shadow
}

// particle -1
sphere {
	<24.879866, 32.953617, 31.526484> 0.100000
	pigment { color rgbt <1,0,0,0> }
	no_shadow
}
sphere {
	0, 1
	scale<0.080000,0.200000,0.300000>
	matrix <-0.828147, -0.490611, -0.271060,
		-0.550850, 0.801777, 0.231771,
		0.103621, 0.341254, -0.934242,
		24.910952, 33.055992, 31.246210>
	pigment { color rgbt <0,1,1,0> }
	no_shadow
}
cylinder {
	<24.592125, 32.239105, 32.169724>,  <24.838417, 32.817116, 31.900181>, 0.130000
	pigment { color rgbt <1,0,0,0> }
	no_shadow
}

// nucleotide -1

// particle -1
sphere {
	<24.592125, 32.239105, 32.169724> 0.250000
	pigment { color rgbt <1,0,0,0> }
	no_shadow
}
cylinder {
	<24.832970, 32.006943, 32.389027>,  <24.977476, 31.867645, 32.520607>, 0.100000
	pigment { color rgbt <1,0,0,0> }
	no_shadow
}
cylinder {
	<24.832970, 32.006943, 32.389027>,  <24.592125, 32.239105, 32.169724>, 0.100000
	pigment { color rgbt <1,0,0,0> }
	no_shadow
}

// particle -1
sphere {
	<24.832970, 32.006943, 32.389027> 0.100000
	pigment { color rgbt <1,0,0,0> }
	no_shadow
}
sphere {
	0, 1
	scale<0.080000,0.200000,0.300000>
	matrix <-0.079547, -0.726880, -0.682142,
		0.794438, 0.367115, -0.483834,
		0.602114, -0.580407, 0.548258,
		25.013603, 31.832821, 32.553505>
	pigment { color rgbt <0,1,1,0> }
	no_shadow
}
cylinder {
	<25.051657, 31.974304, 31.677917>,  <24.592125, 32.239105, 32.169724>, 0.130000
	pigment { color rgbt <1,0,0,0> }
	no_shadow
}

// nucleotide -1

// particle -1
sphere {
	<25.051657, 31.974304, 31.677917> 0.250000
	pigment { color rgbt <1,0,0,0> }
	no_shadow
}
cylinder {
	<25.030769, 31.734617, 31.997471>,  <25.018236, 31.590805, 32.189201>, 0.100000
	pigment { color rgbt <1,0,0,0> }
	no_shadow
}
cylinder {
	<25.030769, 31.734617, 31.997471>,  <25.051657, 31.974304, 31.677917>, 0.100000
	pigment { color rgbt <1,0,0,0> }
	no_shadow
}

// particle -1
sphere {
	<25.030769, 31.734617, 31.997471> 0.100000
	pigment { color rgbt <1,0,0,0> }
	no_shadow
}
sphere {
	0, 1
	scale<0.080000,0.200000,0.300000>
	matrix <-0.015137, -0.799406, -0.600601,
		0.998521, -0.043456, 0.032674,
		-0.052219, -0.599218, 0.798881,
		25.015104, 31.554852, 32.237137>
	pigment { color rgbt <0,1,1,0> }
	no_shadow
}
cylinder {
	<24.448875, 31.974417, 31.141180>,  <25.051657, 31.974304, 31.677917>, 0.130000
	pigment { color rgbt <1,0,0,0> }
	no_shadow
}

// nucleotide -1

// particle -1
sphere {
	<24.448875, 31.974417, 31.141180> 0.250000
	pigment { color rgbt <1,0,0,0> }
	no_shadow
}
cylinder {
	<24.332424, 32.086308, 30.775230>,  <24.262554, 32.153442, 30.555660>, 0.100000
	pigment { color rgbt <1,0,0,0> }
	no_shadow
}
cylinder {
	<24.332424, 32.086308, 30.775230>,  <24.448875, 31.974417, 31.141180>, 0.100000
	pigment { color rgbt <1,0,0,0> }
	no_shadow
}

// particle -1
sphere {
	<24.332424, 32.086308, 30.775230> 0.100000
	pigment { color rgbt <1,0,0,0> }
	no_shadow
}
sphere {
	0, 1
	scale<0.080000,0.200000,0.300000>
	matrix <0.261816, 0.943086, 0.205040,
		0.920162, -0.179837, -0.347794,
		-0.291126, 0.279728, -0.914876,
		24.245087, 32.170227, 30.500767>
	pigment { color rgbt <0,1,1,0> }
	no_shadow
}
cylinder {
	<25.076923, 32.130970, 30.572626>,  <24.448875, 31.974417, 31.141180>, 0.130000
	pigment { color rgbt <1,0,0,0> }
	no_shadow
}

// nucleotide -1

// particle -1
sphere {
	<25.076923, 32.130970, 30.572626> 0.250000
	pigment { color rgbt <1,0,0,0> }
	no_shadow
}
cylinder {
	<24.735094, 32.338676, 30.569471>,  <24.529997, 32.463303, 30.567579>, 0.100000
	pigment { color rgbt <1,0,0,0> }
	no_shadow
}
cylinder {
	<24.735094, 32.338676, 30.569471>,  <25.076923, 32.130970, 30.572626>, 0.100000
	pigment { color rgbt <1,0,0,0> }
	no_shadow
}

// particle -1
sphere {
	<24.735094, 32.338676, 30.569471> 0.100000
	pigment { color rgbt <1,0,0,0> }
	no_shadow
}
sphere {
	0, 1
	scale<0.080000,0.200000,0.300000>
	matrix <0.503049, 0.831459, 0.235833,
		0.129018, 0.197569, -0.971762,
		-0.854573, 0.519271, -0.007886,
		24.478722, 32.494457, 30.567106>
	pigment { color rgbt <0,1,1,0> }
	no_shadow
}
cylinder {
	<25.064558, 32.730045, 30.093693>,  <25.076923, 32.130970, 30.572626>, 0.130000
	pigment { color rgbt <1,0,0,0> }
	no_shadow
}

// nucleotide -1

// particle -1
sphere {
	<25.064558, 32.730045, 30.093693> 0.250000
	pigment { color rgbt <1,0,0,0> }
	no_shadow
}
cylinder {
	<24.841413, 32.806202, 30.416813>,  <24.707527, 32.851898, 30.610685>, 0.100000
	pigment { color rgbt <1,0,0,0> }
	no_shadow
}
cylinder {
	<24.841413, 32.806202, 30.416813>,  <25.064558, 32.730045, 30.093693>, 0.100000
	pigment { color rgbt <1,0,0,0> }
	no_shadow
}

// particle -1
sphere {
	<24.841413, 32.806202, 30.416813> 0.100000
	pigment { color rgbt <1,0,0,0> }
	no_shadow
}
sphere {
	0, 1
	scale<0.080000,0.200000,0.300000>
