// switches for output
#declare DRAW_BASES = 1; // possible values are 0, 1; only relevant for DNA ribbons
#declare DRAW_BASES_TYPE = 3; // possible values are 1, 2, 3; only relevant for DNA ribbons
#declare DRAW_FOG = 0; // set to 1 to enable fog

#include "colors.inc"

#include "transforms.inc"
background { rgb <1, 1, 1>}

#default {
   normal{
       ripples 0.25
       frequency 0.20
       turbulence 0.2
       lambda 5
   }
	finish {
		phong 0.1
		phong_size 40.
	}
}

// original window dimensions: 1024x640


// camera settings

camera {
	sky <0, 0.179814, -0.983701>
	up <0, 0.179814, -0.983701>
	right 1.6 * <1, 0, 0>
	location <35, 94.9851, 44.8844>
	look_at <35, 29.7336, 32.9568>
	direction <0, -65.2515, -11.9276>
	angle 67.0682
}


# declare cpy_camera_pos = <35, 94.9851, 44.8844>;
# if (DRAW_FOG = 1)
fog {
	fog_type 2
	up vnormalize(cpy_camera_pos)
	color rgbt<1,1,1,0.3>
	distance 1e-5
	fog_alt 3e-3
	fog_offset 56
}
# end


// LIGHTS

# declare lum = 6;
global_settings {
	ambient_light rgb lum * <0.05, 0.05, 0.05>
	max_trace_level 15
}# declare cpy_direct_light_amount = 0.25;
light_source
{	1000 * <-1, -1.16352, -0.803886>,
	rgb lum * cpy_direct_light_amount
	parallel
}

light_source
{	1000 * <1, 1.16352, 0.803886>,
	rgb lum * cpy_direct_light_amount
	parallel
}

// strand 0

// nucleotide -1

// particle -1
sphere {
	<24.724613, 34.707050, 34.717911> 0.250000
	pigment { color rgbt <1,0,0,0> }
	no_shadow
}
cylinder {
	<24.431984, 34.867817, 34.938190>,  <24.256407, 34.964275, 35.070358>, 0.100000
	pigment { color rgbt <1,0,0,0> }
	no_shadow
}
cylinder {
	<24.431984, 34.867817, 34.938190>,  <24.724613, 34.707050, 34.717911>, 0.100000
	pigment { color rgbt <1,0,0,0> }
	no_shadow
}

// particle -1
sphere {
	<24.431984, 34.867817, 34.938190> 0.100000
	pigment { color rgbt <1,0,0,0> }
	no_shadow
}
sphere {
	0, 1
	scale<0.080000,0.200000,0.300000>
	matrix <0.174762, 0.891316, -0.418346,
		-0.658985, -0.209809, -0.722301,
		-0.731571, 0.401915, 0.550698,
		24.212513, 34.988392, 35.103401>
	pigment { color rgbt <0,1,1,0> }
	no_shadow
}
cylinder {
	<24.975388, 34.060963, 34.912086>,  <24.724613, 34.707050, 34.717911>, 0.130000
	pigment { color rgbt <1,0,0,0> }
	no_shadow
}

// nucleotide -1

// particle -1
sphere {
	<24.975388, 34.060963, 34.912086> 0.250000
	pigment { color rgbt <1,0,0,0> }
	no_shadow
}
cylinder {
	<25.370888, 34.097374, 34.959560>,  <25.608189, 34.119221, 34.988045>, 0.100000
	pigment { color rgbt <1,0,0,0> }
	no_shadow
}
cylinder {
	<25.370888, 34.097374, 34.959560>,  <24.975388, 34.060963, 34.912086>, 0.100000
	pigment { color rgbt <1,0,0,0> }
	no_shadow
}

// particle -1
sphere {
	<25.370888, 34.097374, 34.959560> 0.100000
	pigment { color rgbt <1,0,0,0> }
	no_shadow
}
sphere {
	0, 1
	scale<0.080000,0.200000,0.300000>
	matrix <-0.073303, -0.396760, 0.914991,
		0.130381, -0.913398, -0.385624,
		0.988750, 0.091030, 0.118685,
		25.667513, 34.124683, 34.995167>
	pigment { color rgbt <0,1,1,0> }
	no_shadow
}
cylinder {
	<25.316584, 33.359699, 35.151306>,  <24.975388, 34.060963, 34.912086>, 0.130000
	pigment { color rgbt <1,0,0,0> }
	no_shadow
}

// nucleotide -1

// particle -1
sphere {
	<25.316584, 33.359699, 35.151306> 0.250000
	pigment { color rgbt <1,0,0,0> }
	no_shadow
}
cylinder {
	<25.525974, 33.680595, 35.266117>,  <25.651608, 33.873135, 35.335003>, 0.100000
	pigment { color rgbt <1,0,0,0> }
	no_shadow
}
cylinder {
	<25.525974, 33.680595, 35.266117>,  <25.316584, 33.359699, 35.151306>, 0.100000
	pigment { color rgbt <1,0,0,0> }
	no_shadow
}

// particle -1
sphere {
	<25.525974, 33.680595, 35.266117> 0.100000
	pigment { color rgbt <1,0,0,0> }
	no_shadow
}
sphere {
	0, 1
	scale<0.080000,0.200000,0.300000>
	matrix <0.052865, -0.366799, 0.928797,
		0.850400, -0.471028, -0.234420,
		0.523474, 0.802241, 0.287026,
		25.683016, 33.921268, 35.352226>
	pigment { color rgbt <0,1,1,0> }
	no_shadow
}
cylinder {
	<25.996159, 33.068550, 35.422588>,  <25.316584, 33.359699, 35.151306>, 0.130000
	pigment { color rgbt <1,0,0,0> }
	no_shadow
}

// nucleotide -1

// particle -1
sphere {
	<25.996159, 33.068550, 35.422588> 0.250000
	pigment { color rgbt <1,0,0,0> }
	no_shadow
}
cylinder {
	<25.930758, 33.431271, 35.578014>,  <25.891516, 33.648903, 35.671268>, 0.100000
	pigment { color rgbt <1,0,0,0> }
	no_shadow
}
cylinder {
	<25.930758, 33.431271, 35.578014>,  <25.996159, 33.068550, 35.422588>, 0.100000
	pigment { color rgbt <1,0,0,0> }
	no_shadow
}

// particle -1
sphere {
	<25.930758, 33.431271, 35.578014> 0.100000
	pigment { color rgbt <1,0,0,0> }
	no_shadow
}
sphere {
	0, 1
	scale<0.080000,0.200000,0.300000>
	matrix <0.108029, -0.375037, 0.920694,
		0.980610, 0.192514, -0.036640,
		-0.163505, 0.906800, 0.388562,
		25.881706, 33.703312, 35.694584>
	pigment { color rgbt <0,1,1,0> }
	no_shadow
}
cylinder {
	<26.440475, 33.078159, 35.977062>,  <25.996159, 33.068550, 35.422588>, 0.130000
	pigment { color rgbt <1,0,0,0> }
	no_shadow
}

// nucleotide -1

// particle -1
sphere {
	<26.440475, 33.078159, 35.977062> 0.250000
	pigment { color rgbt <1,0,0,0> }
	no_shadow
}
cylinder {
	<26.190922, 33.379436, 36.060455>,  <26.041189, 33.560204, 36.110493>, 0.100000
	pigment { color rgbt <1,0,0,0> }
	no_shadow
}
cylinder {
	<26.190922, 33.379436, 36.060455>,  <26.440475, 33.078159, 35.977062>, 0.100000
	pigment { color rgbt <1,0,0,0> }
	no_shadow
}

// particle -1
sphere {
	<26.190922, 33.379436, 36.060455> 0.100000
	pigment { color rgbt <1,0,0,0> }
	no_shadow
}
sphere {
	0, 1
	scale<0.080000,0.200000,0.300000>
	matrix <-0.097663, -0.339815, 0.935408,
		0.775390, 0.563225, 0.285564,
		-0.623885, 0.753195, 0.208483,
		26.003756, 33.605396, 36.123001>
	pigment { color rgbt <0,1,1,0> }
	no_shadow
}
cylinder {
	<26.828833, 33.477116, 36.525246>,  <26.440475, 33.078159, 35.977062>, 0.130000
	pigment { color rgbt <1,0,0,0> }
	no_shadow
}

// nucleotide -1

// particle -1
sphere {
	<26.828833, 33.477116, 36.525246> 0.250000
	pigment { color rgbt <1,0,0,0> }
	no_shadow
}
cylinder {
	<26.431805, 33.482346, 36.573627>,  <26.193588, 33.485485, 36.602657>, 0.100000
	pigment { color rgbt <1,0,0,0> }
	no_shadow
}
cylinder {
	<26.431805, 33.482346, 36.573627>,  <26.828833, 33.477116, 36.525246>, 0.100000
	pigment { color rgbt <1,0,0,0> }
	no_shadow
}

// particle -1
sphere {
	<26.431805, 33.482346, 36.573627> 0.100000
	pigment { color rgbt <1,0,0,0> }
	no_shadow
}
sphere {
	0, 1
	scale<0.080000,0.200000,0.300000>
	matrix <0.108053, -0.362184, 0.925823,
		0.055915, 0.932015, 0.358081,
		-0.992571, 0.013076, 0.120958,
		26.134033, 33.486267, 36.609917>
	pigment { color rgbt <0,1,1,0> }
	no_shadow
}
cylinder {
	<26.722445, 33.843472, 37.122383>,  <26.828833, 33.477116, 36.525246>, 0.130000
	pigment { color rgbt <1,0,0,0> }
	no_shadow
}

// nucleotide -1

// particle -1
sphere {
	<26.722445, 33.843472, 37.122383> 0.250000
	pigment { color rgbt <1,0,0,0> }
	no_shadow
}
cylinder {
	<26.379179, 33.639847, 37.095814>,  <26.173220, 33.517673, 37.079872>, 0.100000
	pigment { color rgbt <1,0,0,0> }
	no_shadow
}
cylinder {
	<26.379179, 33.639847, 37.095814>,  <26.722445, 33.843472, 37.122383>, 0.100000
	pigment { color rgbt <1,0,0,0> }
	no_shadow
}

// particle -1
sphere {
	<26.379179, 33.639847, 37.095814> 0.100000
	pigment { color rgbt <1,0,0,0> }
	no_shadow
}
sphere {
	0, 1
	scale<0.080000,0.200000,0.300000>
	matrix <0.048259, -0.208796, 0.976768,
		-0.511101, 0.835022, 0.203748,
		-0.858164, -0.509060, -0.066419,
		26.121729, 33.487129, 37.075890>
	pigment { color rgbt <0,1,1,0> }
	no_shadow
}
cylinder {
	<26.399178, 34.044987, 37.711067>,  <26.722445, 33.843472, 37.122383>, 0.130000
	pigment { color rgbt <1,0,0,0> }
	no_shadow
}

// nucleotide -1

// particle -1
sphere {
	<26.399178, 34.044987, 37.711067> 0.250000
	pigment { color rgbt <1,0,0,0> }
	no_shadow
}
cylinder {
	<26.222599, 33.713604, 37.573200>,  <26.116652, 33.514774, 37.490482>, 0.100000
	pigment { color rgbt <1,0,0,0> }
	no_shadow
}
cylinder {
	<26.222599, 33.713604, 37.573200>,  <26.399178, 34.044987, 37.711067>, 0.100000
	pigment { color rgbt <1,0,0,0> }
	no_shadow
}

// particle -1
sphere {
	<26.222599, 33.713604, 37.573200> 0.100000
	pigment { color rgbt <1,0,0,0> }
	no_shadow
}
sphere {
	0, 1
	scale<0.080000,0.200000,0.300000>
	matrix <-0.225002, -0.269642, 0.936305,
		-0.868620, 0.490877, -0.067371,
		-0.441444, -0.828452, -0.344665,
		26.090166, 33.465069, 37.469799>
	pigment { color rgbt <0,1,1,0> }
	no_shadow
}
cylinder {
	<25.720594, 33.971943, 38.051769>,  <26.399178, 34.044987, 37.711067>, 0.130000
	pigment { color rgbt <1,0,0,0> }
	no_shadow
}

// nucleotide -1

// particle -1
sphere {
	<25.720594, 33.971943, 38.051769> 0.250000
	pigment { color rgbt <1,0,0,0> }
	no_shadow
}
cylinder {
	<25.823299, 33.606113, 37.926792>,  <25.884922, 33.386616, 37.851807>, 0.100000
	pigment { color rgbt <1,0,0,0> }
	no_shadow
}
cylinder {
	<25.823299, 33.606113, 37.926792>,  <25.720594, 33.971943, 38.051769>, 0.100000
	pigment { color rgbt <1,0,0,0> }
	no_shadow
}

// particle -1
sphere {
	<25.823299, 33.606113, 37.926792> 0.100000
	pigment { color rgbt <1,0,0,0> }
	no_shadow
}
sphere {
	0, 1
	scale<0.080000,0.200000,0.300000>
	matrix <-0.093977, -0.345376, 0.933747,
		-0.961895, -0.210388, -0.174628,
		0.256762, -0.914578, -0.312444,
		25.900328, 33.331741, 37.833057>
	pigment { color rgbt <0,1,1,0> }
	no_shadow
}
cylinder {
	<25.203264, 33.406040, 38.262402>,  <25.720594, 33.971943, 38.051769>, 0.130000
	pigment { color rgbt <1,0,0,0> }
	no_shadow
}

// nucleotide -1

// particle -1
sphere {
	<25.203264, 33.406040, 38.262402> 0.250000
	pigment { color rgbt <1,0,0,0> }
	no_shadow
}
cylinder {
	<25.560070, 33.229198, 38.224766>,  <25.774153, 33.123093, 38.202183>, 0.100000
	pigment { color rgbt <1,0,0,0> }
	no_shadow
}
cylinder {
	<25.560070, 33.229198, 38.224766>,  <25.203264, 33.406040, 38.262402>, 0.100000
	pigment { color rgbt <1,0,0,0> }
	no_shadow
}

// particle -1
sphere {
	<25.560070, 33.229198, 38.224766> 0.100000
	pigment { color rgbt <1,0,0,0> }
	no_shadow
}
sphere {
	0, 1
	scale<0.080000,0.200000,0.300000>
	matrix <-0.060490, -0.323051, 0.944447,
		-0.447943, -0.836767, -0.314909,
		0.892013, -0.442108, -0.094092,
		25.827675, 33.096565, 38.196537>
	pigment { color rgbt <0,1,1,0> }
	no_shadow
}
cylinder {
	<25.055553, 32.702526, 38.637974>,  <25.203264, 33.406040, 38.262402>, 0.130000
	pigment { color rgbt <1,0,0,0> }
	no_shadow
}

// nucleotide -1

// particle -1
sphere {
	<25.055553, 32.702526, 38.637974> 0.250000
	pigment { color rgbt <1,0,0,0> }
	no_shadow
}
cylinder {
	<25.437794, 32.819763, 38.650116>,  <25.667139, 32.890106, 38.657402>, 0.100000
	pigment { color rgbt <1,0,0,0> }
	no_shadow
}
cylinder {
	<25.437794, 32.819763, 38.650116>,  <25.055553, 32.702526, 38.637974>, 0.100000
	pigment { color rgbt <1,0,0,0> }
	no_shadow
}

// particle -1
sphere {
	<25.437794, 32.819763, 38.650116> 0.100000
	pigment { color rgbt <1,0,0,0> }
	no_shadow
}
sphere {
	0, 1
	scale<0.080000,0.200000,0.300000>
	matrix <0.038932, -0.227699, 0.972953,
		0.292078, -0.928574, -0.229000,
		0.955602, 0.293094, 0.030354,
		25.724474, 32.907692, 38.659222>
	pigment { color rgbt <0,1,1,0> }
	no_shadow
}
cylinder {
	<25.353857, 32.160210, 38.963600>,  <25.055553, 32.702526, 38.637974>, 0.130000
	pigment { color rgbt <1,0,0,0> }
	no_shadow
}

// nucleotide -1

// particle -1
sphere {
	<25.353857, 32.160210, 38.963600> 0.250000
	pigment { color rgbt <1,0,0,0> }
	no_shadow
}
cylinder {
	<25.526440, 32.517670, 39.012966>,  <25.629990, 32.732147, 39.042587>, 0.100000
	pigment { color rgbt <1,0,0,0> }
	no_shadow
}
cylinder {
	<25.526440, 32.517670, 39.012966>,  <25.353857, 32.160210, 38.963600>, 0.100000
	pigment { color rgbt <1,0,0,0> }
	no_shadow
}

// particle -1
sphere {
	<25.526440, 32.517670, 39.012966> 0.100000
	pigment { color rgbt <1,0,0,0> }
	no_shadow
}
sphere {
	0, 1
	scale<0.080000,0.200000,0.300000>
	matrix <-0.154644, -0.061518, 0.986053,
		0.888780, -0.444526, 0.111656,
		0.431457, 0.893651, 0.123419,
		25.655876, 32.785767, 39.049992>
	pigment { color rgbt <0,1,1,0> }
	no_shadow
}
cylinder {
	<25.911470, 32.235741, 39.578445>,  <25.353857, 32.160210, 38.963600>, 0.130000
	pigment { color rgbt <1,0,0,0> }
	no_shadow
}

// nucleotide -1

// particle -1
sphere {
	<25.911470, 32.235741, 39.578445> 0.250000
	pigment { color rgbt <1,0,0,0> }
	no_shadow
}
cylinder {
	<25.801014, 32.610107, 39.490993>,  <25.734739, 32.834728, 39.438522>, 0.100000
	pigment { color rgbt <1,0,0,0> }
	no_shadow
}
cylinder {
	<25.801014, 32.610107, 39.490993>,  <25.911470, 32.235741, 39.578445>, 0.100000
	pigment { color rgbt <1,0,0,0> }
	no_shadow
}

// particle -1
sphere {
	<25.801014, 32.610107, 39.490993> 0.100000
	pigment { color rgbt <1,0,0,0> }
	no_shadow
}
sphere {
	0, 1
	scale<0.080000,0.200000,0.300000>
	matrix <-0.148670, 0.183144, 0.971779,
		0.949549, 0.300853, 0.088570,
		-0.276142, 0.935920, -0.218632,
		25.718172, 32.890884, 39.425404>
	pigment { color rgbt <0,1,1,0> }
	no_shadow
}
cylinder {
	<26.682131, 32.168648, 39.534691>,  <25.911470, 32.235741, 39.578445>, 0.130000
	pigment { color rgbt <1,0,0,0> }
	no_shadow
}

// nucleotide -1

// particle -1
sphere {
	<26.682131, 32.168648, 39.534691> 0.250000
	pigment { color rgbt <1,0,0,0> }
	no_shadow
}
cylinder {
	<26.970516, 31.999615, 39.754379>,  <27.143547, 31.898195, 39.886192>, 0.100000
	pigment { color rgbt <1,0,0,0> }
	no_shadow
}
cylinder {
	<26.970516, 31.999615, 39.754379>,  <26.682131, 32.168648, 39.534691>, 0.100000
	pigment { color rgbt <1,0,0,0> }
	no_shadow
}

// particle -1
sphere {
	<26.970516, 31.999615, 39.754379> 0.100000
	pigment { color rgbt <1,0,0,0> }
	no_shadow
}
sphere {
	0, 1
	scale<0.080000,0.200000,0.300000>
	matrix <0.407371, 0.899595, 0.157411,
		-0.560592, 0.110248, 0.820721,
		0.720962, -0.422581, 0.549217,
		27.186806, 31.872841, 39.919144>
	pigment { color rgbt <0,1,1,0> }
	no_shadow
}
cylinder {
	<27.060993, 32.847519, 39.479866>,  <26.682131, 32.168648, 39.534691>, 0.130000
	pigment { color rgbt <1,0,0,0> }
	no_shadow
}

// nucleotide -1

// particle -1
sphere {
	<27.060993, 32.847519, 39.479866> 0.250000
	pigment { color rgbt <1,0,0,0> }
	no_shadow
}
cylinder {
	<27.200386, 32.578648, 39.741165>,  <27.284021, 32.417324, 39.897945>, 0.100000
	pigment { color rgbt <1,0,0,0> }
	no_shadow
}
cylinder {
	<27.200386, 32.578648, 39.741165>,  <27.060993, 32.847519, 39.479866>, 0.100000
	pigment { color rgbt <1,0,0,0> }
	no_shadow
}

// particle -1
sphere {
	<27.200386, 32.578648, 39.741165> 0.100000
	pigment { color rgbt <1,0,0,0> }
	no_shadow
}
sphere {
	0, 1
	scale<0.080000,0.200000,0.300000>
	matrix <0.646370, 0.677053, 0.351860,
		-0.678799, 0.299626, 0.670415,
		0.348480, -0.672178, 0.653252,
		27.304930, 32.376995, 39.937141>
	pigment { color rgbt <0,1,1,0> }
	no_shadow
}
cylinder {
	<27.034452, 33.291553, 38.788685>,  <27.060993, 32.847519, 39.479866>, 0.130000
	pigment { color rgbt <1,0,0,0> }
	no_shadow
}

// nucleotide -1

// particle -1
sphere {
	<27.034452, 33.291553, 38.788685> 0.250000
	pigment { color rgbt <1,0,0,0> }
	no_shadow
}
cylinder {
	<26.654747, 33.168617, 38.762024>,  <26.426924, 33.094856, 38.746029>, 0.100000
	pigment { color rgbt <1,0,0,0> }
	no_shadow
}
cylinder {
	<26.654747, 33.168617, 38.762024>,  <27.034452, 33.291553, 38.788685>, 0.100000
	pigment { color rgbt <1,0,0,0> }
	no_shadow
}

// particle -1
sphere {
	<26.654747, 33.168617, 38.762024> 0.100000
	pigment { color rgbt <1,0,0,0> }
	no_shadow
}
sphere {
	0, 1
	scale<0.080000,0.200000,0.300000>
	matrix <0.170977, -0.326494, -0.929607,
		0.263947, -0.893836, 0.362477,
		-0.949262, -0.307342, -0.066649,
		26.369968, 33.076416, 38.742031>
	pigment { color rgbt <0,1,1,0> }
	no_shadow
}
cylinder {
	<27.105677, 32.694157, 38.485912>,  <27.034452, 33.291553, 38.788685>, 0.130000
	pigment { color rgbt <1,0,0,0> }
	no_shadow
}

// nucleotide -1

// particle -1
sphere {
	<27.105677, 32.694157, 38.485912> 0.250000
	pigment { color rgbt <1,0,0,0> }
	no_shadow
}
cylinder {
	<26.712669, 32.755219, 38.443295>,  <26.476864, 32.791855, 38.417725>, 0.100000
	pigment { color rgbt <1,0,0,0> }
	no_shadow
}
cylinder {
	<26.712669, 32.755219, 38.443295>,  <27.105677, 32.694157, 38.485912>, 0.100000
	pigment { color rgbt <1,0,0,0> }
	no_shadow
}

// particle -1
sphere {
	<26.712669, 32.755219, 38.443295> 0.100000
	pigment { color rgbt <1,0,0,0> }
	no_shadow
}
sphere {
	0, 1
	scale<0.080000,0.200000,0.300000>
	matrix <0.058725, -0.288955, -0.955540,
		-0.176655, -0.945094, 0.274939,
		-0.982519, 0.152655, -0.106546,
		26.417913, 32.801014, 38.411331>
	pigment { color rgbt <0,1,1,0> }
	no_shadow
}
cylinder {
	<26.810322, 32.392559, 37.901157>,  <27.105677, 32.694157, 38.485912>, 0.130000
	pigment { color rgbt <1,0,0,0> }
	no_shadow
}

// nucleotide -1

// particle -1
sphere {
	<26.810322, 32.392559, 37.901157> 0.250000
	pigment { color rgbt <1,0,0,0> }
	no_shadow
}
cylinder {
	<26.482649, 32.599411, 38.000370>,  <26.286045, 32.723522, 38.059898>, 0.100000
	pigment { color rgbt <1,0,0,0> }
	no_shadow
}
cylinder {
	<26.482649, 32.599411, 38.000370>,  <26.810322, 32.392559, 37.901157>, 0.100000
	pigment { color rgbt <1,0,0,0> }
	no_shadow
}

// particle -1
sphere {
	<26.482649, 32.599411, 38.000370> 0.100000
	pigment { color rgbt <1,0,0,0> }
	no_shadow
}
sphere {
	0, 1
	scale<0.080000,0.200000,0.300000>
	matrix <-0.273374, 0.028111, -0.961497,
		-0.504187, -0.855447, 0.118341,
		-0.819184, 0.517126, 0.248030,
		26.236895, 32.754547, 38.074780>
	pigment { color rgbt <0,1,1,0> }
	no_shadow
}
cylinder {
	<26.304634, 32.122509, 37.492897>,  <26.810322, 32.392559, 37.901157>, 0.130000
	pigment { color rgbt <1,0,0,0> }
	no_shadow
}

// nucleotide -1

// particle -1
sphere {
	<26.304634, 32.122509, 37.492897> 0.250000
	pigment { color rgbt <1,0,0,0> }
	no_shadow
}
cylinder {
	<26.188013, 32.494213, 37.583649>,  <26.118040, 32.717236, 37.638100>, 0.100000
	pigment { color rgbt <1,0,0,0> }
	no_shadow
}
cylinder {
	<26.188013, 32.494213, 37.583649>,  <26.304634, 32.122509, 37.492897>, 0.100000
	pigment { color rgbt <1,0,0,0> }
	no_shadow
}

// particle -1
sphere {
	<26.188013, 32.494213, 37.583649> 0.100000
	pigment { color rgbt <1,0,0,0> }
	no_shadow
}
sphere {
	0, 1
	scale<0.080000,0.200000,0.300000>
	matrix <-0.252481, 0.154018, -0.955265,
		-0.922632, -0.335795, 0.189716,
		-0.291554, 0.929258, 0.226883,
		26.100548, 32.772991, 37.651714>
	pigment { color rgbt <0,1,1,0> }
	no_shadow
}
cylinder {
	<25.679064, 32.247711, 37.109596>,  <26.304634, 32.122509, 37.492897>, 0.130000
	pigment { color rgbt <1,0,0,0> }
	no_shadow
}

// nucleotide -1

// particle -1
sphere {
	<25.679064, 32.247711, 37.109596> 0.250000
	pigment { color rgbt <1,0,0,0> }
	no_shadow
}
cylinder {
	<25.804529, 32.615360, 37.204952>,  <25.879808, 32.835949, 37.262165>, 0.100000
	pigment { color rgbt <1,0,0,0> }
	no_shadow
}
cylinder {
	<25.804529, 32.615360, 37.204952>,  <25.679064, 32.247711, 37.109596>, 0.100000
	pigment { color rgbt <1,0,0,0> }
	no_shadow
}

// particle -1
sphere {
	<25.804529, 32.615360, 37.204952> 0.100000
	pigment { color rgbt <1,0,0,0> }
	no_shadow
}
sphere {
	0, 1
	scale<0.080000,0.200000,0.300000>
	matrix <-0.181587, 0.304491, -0.935046,
		-0.932009, 0.250001, 0.262408,
		0.313663, 0.919122, 0.238391,
		25.898628, 32.891098, 37.276470>
	pigment { color rgbt <0,1,1,0> }
	no_shadow
}
cylinder {
	<25.404913, 32.205929, 36.389130>,  <25.679064, 32.247711, 37.109596>, 0.130000
	pigment { color rgbt <1,0,0,0> }
	no_shadow
}

// nucleotide -1

// particle -1
sphere {
	<25.404913, 32.205929, 36.389130> 0.250000
	pigment { color rgbt <1,0,0,0> }
	no_shadow
}
cylinder {
	<25.743629, 31.993399, 36.399231>,  <25.946859, 31.865881, 36.405293>, 0.100000
	pigment { color rgbt <1,0,0,0> }
	no_shadow
}
cylinder {
	<25.743629, 31.993399, 36.399231>,  <25.404913, 32.205929, 36.389130>, 0.100000
	pigment { color rgbt <1,0,0,0> }
	no_shadow
}

// particle -1
sphere {
	<25.743629, 31.993399, 36.399231> 0.100000
	pigment { color rgbt <1,0,0,0> }
	no_shadow
}
sphere {
	0, 1
	scale<0.080000,0.200000,0.300000>
	matrix <-0.089642, -0.189347, -0.977810,
		0.524317, 0.825737, -0.207967,
		0.846792, -0.531325, 0.025257,
		25.997667, 31.834002, 36.406807>
	pigment { color rgbt <0,1,1,0> }
	no_shadow
}
cylinder {
	<25.146328, 32.689060, 36.850502>,  <25.404913, 32.205929, 36.389130>, 0.130000
	pigment { color rgbt <1,0,0,0> }
	no_shadow
}

// nucleotide -1

// particle -1
sphere {
	<25.146328, 32.689060, 36.850502> 0.250000
	pigment { color rgbt <1,0,0,0> }
	no_shadow
}
cylinder {
	<25.447655, 32.940025, 36.929367>,  <25.628450, 33.090603, 36.976688>, 0.100000
	pigment { color rgbt <1,0,0,0> }
	no_shadow
}
cylinder {
	<25.447655, 32.940025, 36.929367>,  <25.146328, 32.689060, 36.850502>, 0.100000
	pigment { color rgbt <1,0,0,0> }
	no_shadow
}

// particle -1
sphere {
	<25.447655, 32.940025, 36.929367> 0.100000
	pigment { color rgbt <1,0,0,0> }
	no_shadow
}
sphere {
	0, 1
	scale<0.080000,0.200000,0.300000>
	matrix <-0.261643, 0.560965, -0.785405,
		-0.603373, 0.540071, 0.586741,
		0.753316, 0.627408, 0.197165,
		25.673649, 33.128246, 36.988518>
	pigment { color rgbt <0,1,1,0> }
	no_shadow
}
cylinder {
	<24.833265, 33.437588, 36.904312>,  <25.146328, 32.689060, 36.850502>, 0.130000
	pigment { color rgbt <1,0,0,0> }
	no_shadow
}

// nucleotide -1

// particle -1
sphere {
	<24.833265, 33.437588, 36.904312> 0.250000
	pigment { color rgbt <1,0,0,0> }
	no_shadow
}
cylinder {
	<25.224222, 33.434956, 36.819778>,  <25.458796, 33.433376, 36.769058>, 0.100000
	pigment { color rgbt <1,0,0,0> }
	no_shadow
}
cylinder {
	<25.224222, 33.434956, 36.819778>,  <24.833265, 33.437588, 36.904312>, 0.100000
	pigment { color rgbt <1,0,0,0> }
	no_shadow
}

// particle -1
sphere {
	<25.224222, 33.434956, 36.819778> 0.100000
	pigment { color rgbt <1,0,0,0> }
	no_shadow
}
sphere {
	0, 1
	scale<0.080000,0.200000,0.300000>
	matrix <-0.159174, 0.634984, -0.755949,
		0.139170, 0.772497, 0.619580,
		0.977392, -0.006584, -0.211332,
		25.517441, 33.432980, 36.756378>
	pigment { color rgbt <0,1,1,0> }
	no_shadow
}
cylinder {
	<25.020683, 34.088497, 36.795238>,  <24.833265, 33.437588, 36.904312>, 0.130000
	pigment { color rgbt <1,0,0,0> }
	no_shadow
}

// nucleotide -1

// particle -1
sphere {
	<25.020683, 34.088497, 36.795238> 0.250000
	pigment { color rgbt <1,0,0,0> }
	no_shadow
}
cylinder {
	<25.332388, 33.913940, 36.615322>,  <25.519411, 33.809208, 36.507370>, 0.100000
	pigment { color rgbt <1,0,0,0> }
	no_shadow
}
cylinder {
	<25.332388, 33.913940, 36.615322>,  <25.020683, 34.088497, 36.795238>, 0.100000
	pigment { color rgbt <1,0,0,0> }
	no_shadow
}

// particle -1
sphere {
	<25.332388, 33.913940, 36.615322> 0.100000
	pigment { color rgbt <1,0,0,0> }
	no_shadow
}
sphere {
	0, 1
	scale<0.080000,0.200000,0.300000>
	matrix <-0.046300, 0.675669, -0.735750,
		0.624986, 0.594167, 0.506318,
		0.779262, -0.436391, -0.449793,
		25.566166, 33.783024, 36.480385>
	pigment { color rgbt <0,1,1,0> }
	no_shadow
}
cylinder {
	<25.197824, 34.575657, 36.332367>,  <25.020683, 34.088497, 36.795238>, 0.130000
	pigment { color rgbt <1,0,0,0> }
	no_shadow
}

// nucleotide -1

// particle -1
sphere {
	<25.197824, 34.575657, 36.332367> 0.250000
	pigment { color rgbt <1,0,0,0> }
	no_shadow
}
cylinder {
	<25.456762, 34.280807, 36.254807>,  <25.612125, 34.103897, 36.208271>, 0.100000
	pigment { color rgbt <1,0,0,0> }
	no_shadow
}
cylinder {
	<25.456762, 34.280807, 36.254807>,  <25.197824, 34.575657, 36.332367>, 0.100000
	pigment { color rgbt <1,0,0,0> }
	no_shadow
}

// particle -1
sphere {
	<25.456762, 34.280807, 36.254807> 0.100000
	pigment { color rgbt <1,0,0,0> }
	no_shadow
}
sphere {
	0, 1
	scale<0.080000,0.200000,0.300000>
	matrix <0.325881, 0.497642, -0.803837,
		0.689017, 0.457173, 0.562360,
		0.647347, -0.737119, -0.193900,
		25.650967, 34.059673, 36.196636>
	pigment { color rgbt <0,1,1,0> }
	no_shadow
}
cylinder {
	<25.825905, 34.970486, 36.095951>,  <25.197824, 34.575657, 36.332367>, 0.130000
	pigment { color rgbt <1,0,0,0> }
	no_shadow
}

// nucleotide -1

// particle -1
sphere {
	<25.825905, 34.970486, 36.095951> 0.250000
	pigment { color rgbt <1,0,0,0> }
	no_shadow
}
cylinder {
	<25.863625, 34.586430, 35.990696>,  <25.886255, 34.355995, 35.927544>, 0.100000
	pigment { color rgbt <1,0,0,0> }
	no_shadow
}
cylinder {
	<25.863625, 34.586430, 35.990696>,  <25.825905, 34.970486, 36.095951>, 0.100000
	pigment { color rgbt <1,0,0,0> }
	no_shadow
}

// particle -1
sphere {
	<25.863625, 34.586430, 35.990696> 0.100000
	pigment { color rgbt <1,0,0,0> }
	no_shadow
}
sphere {
	0, 1
	scale<0.080000,0.200000,0.300000>
	matrix <0.320850, 0.279526, -0.904942,
		0.942424, 0.000904, 0.334419,
		0.094297, -0.960138, -0.263142,
		25.891914, 34.298389, 35.911755>
	pigment { color rgbt <0,1,1,0> }
	no_shadow
}
cylinder {
	<26.428642, 35.027275, 35.682709>,  <25.825905, 34.970486, 36.095951>, 0.130000
	pigment { color rgbt <1,0,0,0> }
	no_shadow
}

// nucleotide -1

// particle -1
sphere {
	<26.428642, 35.027275, 35.682709> 0.250000
	pigment { color rgbt <1,0,0,0> }
	no_shadow
}
cylinder {
	<26.217312, 34.704128, 35.578236>,  <26.090513, 34.510239, 35.515553>, 0.100000
	pigment { color rgbt <1,0,0,0> }
	no_shadow
}
cylinder {
	<26.217312, 34.704128, 35.578236>,  <26.428642, 35.027275, 35.682709>, 0.100000
	pigment { color rgbt <1,0,0,0> }
	no_shadow
}

// particle -1
sphere {
	<26.217312, 34.704128, 35.578236> 0.100000
	pigment { color rgbt <1,0,0,0> }
	no_shadow
}
sphere {
	0, 1
	scale<0.080000,0.200000,0.300000>
	matrix <0.050284, 0.277305, -0.959465,
		0.847551, -0.520045, -0.105884,
		-0.528327, -0.807871, -0.261180,
		26.058813, 34.461765, 35.499882>
	pigment { color rgbt <0,1,1,0> }
	no_shadow
}
cylinder {
	<26.721115, 34.786125, 34.956337>,  <26.428642, 35.027275, 35.682709>, 0.130000
	pigment { color rgbt <1,0,0,0> }
	no_shadow
}

// nucleotide -1

// particle -1
sphere {
	<26.721115, 34.786125, 34.956337> 0.250000
	pigment { color rgbt <1,0,0,0> }
	no_shadow
}
cylinder {
	<26.351671, 34.643036, 35.011440>,  <26.130005, 34.557182, 35.044502>, 0.100000
	pigment { color rgbt <1,0,0,0> }
	no_shadow
}
cylinder {
	<26.351671, 34.643036, 35.011440>,  <26.721115, 34.786125, 34.956337>, 0.100000
	pigment { color rgbt <1,0,0,0> }
	no_shadow
}

// particle -1
sphere {
	<26.351671, 34.643036, 35.011440> 0.100000
	pigment { color rgbt <1,0,0,0> }
	no_shadow
}
sphere {
	0, 1
	scale<0.080000,0.200000,0.300000>
	matrix <-0.258999, 0.317423, -0.912229,
		0.282591, -0.878227, -0.385824,
		-0.923613, -0.357715, 0.137759,
		26.074589, 34.535717, 35.052769>
	pigment { color rgbt <0,1,1,0> }
	no_shadow
}
cylinder {
	<26.421492, 34.183334, 34.466805>,  <26.721115, 34.786125, 34.956337>, 0.130000
	pigment { color rgbt <1,0,0,0> }
	no_shadow
}

// nucleotide -1

// particle -1
sphere {
	<26.421492, 34.183334, 34.466805> 0.250000
	pigment { color rgbt <1,0,0,0> }
	no_shadow
}
cylinder {
	<26.098917, 34.401348, 34.558537>,  <25.905373, 34.532158, 34.613575>, 0.100000
	pigment { color rgbt <1,0,0,0> }
	no_shadow
}
cylinder {
	<26.098917, 34.401348, 34.558537>,  <26.421492, 34.183334, 34.466805>, 0.100000
	pigment { color rgbt <1,0,0,0> }
	no_shadow
}

// particle -1
sphere {
	<26.098917, 34.401348, 34.558537> 0.100000
	pigment { color rgbt <1,0,0,0> }
	no_shadow
}
sphere {
	0, 1
	scale<0.080000,0.200000,0.300000>
	matrix <-0.204894, 0.106236, -0.973002,
		-0.554686, -0.831653, 0.026003,
		-0.806437, 0.545038, 0.229329,
		25.856985, 34.564861, 34.627335>
	pigment { color rgbt <0,1,1,0> }
	no_shadow
}
cylinder {
	<26.983753, 34.059231, 33.837933>,  <26.421492, 34.183334, 34.466805>, 0.130000
	pigment { color rgbt <1,0,0,0> }
	no_shadow
}

// nucleotide -1

// particle -1
sphere {
	<26.983753, 34.059231, 33.837933> 0.250000
	pigment { color rgbt <1,0,0,0> }
	no_shadow
}
cylinder {
	<26.718702, 33.785221, 33.716827>,  <26.559671, 33.620815, 33.644165>, 0.100000
	pigment { color rgbt <1,0,0,0> }
	no_shadow
}
cylinder {
	<26.718702, 33.785221, 33.716827>,  <26.983753, 34.059231, 33.837933>, 0.100000
	pigment { color rgbt <1,0,0,0> }
	no_shadow
}

// particle -1
sphere {
	<26.718702, 33.785221, 33.716827> 0.100000
	pigment { color rgbt <1,0,0,0> }
	no_shadow
}
sphere {
	0, 1
	scale<0.080000,0.200000,0.300000>
	matrix <0.129390, 0.293461, -0.947174,
		0.737686, -0.666799, -0.105820,
		-0.662629, -0.685025, -0.302760,
		26.519913, 33.579712, 33.625999>
	pigment { color rgbt <0,1,1,0> }
	no_shadow
}
cylinder {
	<27.214352, 33.762783, 33.132313>,  <26.983753, 34.059231, 33.837933>, 0.130000
	pigment { color rgbt <1,0,0,0> }
	no_shadow
}

// nucleotide -1

// particle -1
sphere {
	<27.214352, 33.762783, 33.132313> 0.250000
	pigment { color rgbt <1,0,0,0> }
	no_shadow
}
cylinder {
	<26.816175, 33.732552, 33.155594>,  <26.577271, 33.714413, 33.169563>, 0.100000
	pigment { color rgbt <1,0,0,0> }
	no_shadow
}
cylinder {
	<26.816175, 33.732552, 33.155594>,  <27.214352, 33.762783, 33.132313>, 0.100000
	pigment { color rgbt <1,0,0,0> }
	no_shadow
}

// particle -1
sphere {
	<26.816175, 33.732552, 33.155594> 0.100000
	pigment { color rgbt <1,0,0,0> }
	no_shadow
}
sphere {
	0, 1
	scale<0.080000,0.200000,0.300000>
	matrix <-0.086042, 0.448031, -0.889868,
		0.041178, -0.890818, -0.452491,
		-0.995440, -0.075576, 0.058199,
		26.517544, 33.709877, 33.173054>
	pigment { color rgbt <0,1,1,0> }
	no_shadow
}
cylinder {
	<27.641338, 34.228565, 32.974316>,  <27.214352, 33.762783, 33.132313>, 0.130000
	pigment { color rgbt <1,0,0,0> }
	no_shadow
}

// nucleotide -1

// particle -1
sphere {
	<27.641338, 34.228565, 32.974316> 0.250000
	pigment { color rgbt <1,0,0,0> }
	no_shadow
}
cylinder {
	<27.882805, 34.077286, 32.693588>,  <28.027685, 33.986519, 32.525150>, 0.100000
	pigment { color rgbt <1,0,0,0> }
	no_shadow
}
cylinder {
	<27.882805, 34.077286, 32.693588>,  <27.641338, 34.228565, 32.974316>, 0.100000
	pigment { color rgbt <1,0,0,0> }
	no_shadow
}

// particle -1
sphere {
	<27.882805, 34.077286, 32.693588> 0.100000
	pigment { color rgbt <1,0,0,0> }
	no_shadow
}
sphere {
	0, 1
	scale<0.080000,0.200000,0.300000>
	matrix <-0.761747, -0.013889, -0.647726,
		0.235220, 0.925622, -0.296473,
		0.603667, -0.378195, -0.701822,
		28.063906, 33.963829, 32.483040>
	pigment { color rgbt <0,1,1,0> }
	no_shadow
}
cylinder {
	<27.628401, 34.626179, 32.330879>,  <27.641338, 34.228565, 32.974316>, 0.130000
	pigment { color rgbt <1,0,0,0> }
	no_shadow
}

// nucleotide -1

// particle -1
sphere {
	<27.628401, 34.626179, 32.330879> 0.250000
	pigment { color rgbt <1,0,0,0> }
	no_shadow
}
cylinder {
	<27.720631, 34.249100, 32.234409>,  <27.775969, 34.022854, 32.176529>, 0.100000
	pigment { color rgbt <1,0,0,0> }
	no_shadow
}
cylinder {
	<27.720631, 34.249100, 32.234409>,  <27.628401, 34.626179, 32.330879>, 0.100000
	pigment { color rgbt <1,0,0,0> }
	no_shadow
}

// particle -1
sphere {
	<27.720631, 34.249100, 32.234409> 0.100000
	pigment { color rgbt <1,0,0,0> }
	no_shadow
}
sphere {
	0, 1
	scale<0.080000,0.200000,0.300000>
	matrix <-0.690140, 0.016289, -0.723493,
		0.685960, 0.333263, -0.646834,
		0.230577, -0.942693, -0.241172,
		27.789804, 33.966293, 32.162060>
	pigment { color rgbt <0,1,1,0> }
	no_shadow
}
cylinder {
	<27.635839, 34.723026, 31.618782>,  <27.628401, 34.626179, 32.330879>, 0.130000
	pigment { color rgbt <1,0,0,0> }
	no_shadow
}

// nucleotide -1

// particle -1
sphere {
	<27.635839, 34.723026, 31.618782> 0.250000
	pigment { color rgbt <1,0,0,0> }
	no_shadow
}
cylinder {
	<27.584482, 34.334812, 31.700344>,  <27.553669, 34.101883, 31.749281>, 0.100000
	pigment { color rgbt <1,0,0,0> }
	no_shadow
}
cylinder {
	<27.584482, 34.334812, 31.700344>,  <27.635839, 34.723026, 31.618782>, 0.100000
	pigment { color rgbt <1,0,0,0> }
	no_shadow
}

// particle -1
sphere {
	<27.584482, 34.334812, 31.700344> 0.100000
	pigment { color rgbt <1,0,0,0> }
	no_shadow
}
sphere {
	0, 1
	scale<0.080000,0.200000,0.300000>
	matrix <-0.706995, -0.054611, -0.705107,
		0.695466, -0.234689, -0.679152,
		-0.128391, -0.970536, 0.203904,
		27.545965, 34.043652, 31.761515>
	pigment { color rgbt <0,1,1,0> }
	no_shadow
}
cylinder {
	<27.638990, 34.326550, 30.945103>,  <27.635839, 34.723026, 31.618782>, 0.130000
	pigment { color rgbt <1,0,0,0> }
	no_shadow
}

// nucleotide -1

// particle -1
sphere {
	<27.638990, 34.326550, 30.945103> 0.250000
	pigment { color rgbt <1,0,0,0> }
	no_shadow
}
cylinder {
	<27.412130, 34.167919, 31.233843>,  <27.276014, 34.072739, 31.407087>, 0.100000
	pigment { color rgbt <1,0,0,0> }
	no_shadow
}
cylinder {
	<27.412130, 34.167919, 31.233843>,  <27.638990, 34.326550, 30.945103>, 0.100000
	pigment { color rgbt <1,0,0,0> }
	no_shadow
}

// particle -1
sphere {
	<27.412130, 34.167919, 31.233843> 0.100000
	pigment { color rgbt <1,0,0,0> }
	no_shadow
}
sphere {
	0, 1
	scale<0.080000,0.200000,0.300000>
	matrix <-0.741659, -0.135224, -0.657006,
		0.358165, -0.907987, -0.217434,
		-0.567151, -0.396578, 0.721849,
		27.241985, 34.048946, 31.450397>
	pigment { color rgbt <0,1,1,0> }
	no_shadow
}
cylinder {
	<27.973476, 33.716942, 30.808468>,  <27.638990, 34.326550, 30.945103>, 0.130000
	pigment { color rgbt <1,0,0,0> }
	no_shadow
}

// nucleotide -1

// particle -1
sphere {
	<27.973476, 33.716942, 30.808468> 0.250000
	pigment { color rgbt <1,0,0,0> }
	no_shadow
}
cylinder {
	<27.733553, 33.505295, 31.048555>,  <27.589598, 33.378307, 31.192608>, 0.100000
	pigment { color rgbt <1,0,0,0> }
	no_shadow
}
cylinder {
	<27.733553, 33.505295, 31.048555>,  <27.973476, 33.716942, 30.808468>, 0.100000
	pigment { color rgbt <1,0,0,0> }
	no_shadow
}

// particle -1
sphere {
	<27.733553, 33.505295, 31.048555> 0.100000
	pigment { color rgbt <1,0,0,0> }
	no_shadow
}
sphere {
	0, 1
	scale<0.080000,0.200000,0.300000>
	matrix <-0.769892, 0.177333, -0.613041,
		0.217935, -0.829809, -0.513732,
		-0.599809, -0.529121, 0.600217,
		27.553610, 33.346561, 31.228622>
	pigment { color rgbt <0,1,1,0> }
	no_shadow
}
cylinder {
	<27.573208, 33.273083, 30.302122>,  <27.973476, 33.716942, 30.808468>, 0.130000
	pigment { color rgbt <1,0,0,0> }
	no_shadow
}

// nucleotide -1

// particle -1
sphere {
	<27.573208, 33.273083, 30.302122> 0.250000
	pigment { color rgbt <1,0,0,0> }
	no_shadow
}
cylinder {
	<27.354439, 33.329231, 30.632256>,  <27.223177, 33.362919, 30.830336>, 0.100000
	pigment { color rgbt <1,0,0,0> }
	no_shadow
}
cylinder {
	<27.354439, 33.329231, 30.632256>,  <27.573208, 33.273083, 30.302122>, 0.100000
	pigment { color rgbt <1,0,0,0> }
	no_shadow
}

// particle -1
sphere {
	<27.354439, 33.329231, 30.632256> 0.100000
	pigment { color rgbt <1,0,0,0> }
	no_shadow
}
sphere {
	0, 1
	scale<0.080000,0.200000,0.300000>
	matrix <-0.808496, 0.167305, -0.564220,
		-0.217281, -0.975862, 0.021984,
		-0.546922, 0.140368, 0.825332,
		27.190363, 33.371342, 30.879856>
	pigment { color rgbt <0,1,1,0> }
	no_shadow
}
cylinder {
	<26.936771, 32.897041, 30.151806>,  <27.573208, 33.273083, 30.302122>, 0.130000
	pigment { color rgbt <1,0,0,0> }
	no_shadow
}

// nucleotide -1

// particle -1
sphere {
	<26.936771, 32.897041, 30.151806> 0.250000
	pigment { color rgbt <1,0,0,0> }
	no_shadow
}
cylinder {
	<26.896957, 33.194687, 30.416046>,  <26.873068, 33.373272, 30.574591>, 0.100000
	pigment { color rgbt <1,0,0,0> }
	no_shadow
}
cylinder {
	<26.896957, 33.194687, 30.416046>,  <26.936771, 32.897041, 30.151806>, 0.100000
	pigment { color rgbt <1,0,0,0> }
	no_shadow
}

// particle -1
sphere {
	<26.896957, 33.194687, 30.416046> 0.100000
	pigment { color rgbt <1,0,0,0> }
	no_shadow
}
sphere {
	0, 1
	scale<0.080000,0.200000,0.300000>
	matrix <-0.699656, 0.419719, -0.578202,
		-0.707513, -0.519744, 0.478844,
		-0.099537, 0.744112, 0.660598,
		26.867096, 33.417919, 30.614225>
	pigment { color rgbt <0,1,1,0> }
	no_shadow
}
cylinder {
	<26.245111, 32.984653, 30.450937>,  <26.936771, 32.897041, 30.151806>, 0.130000
	pigment { color rgbt <1,0,0,0> }
	no_shadow
}

// nucleotide -1

// particle -1
sphere {
	<26.245111, 32.984653, 30.450937> 0.250000
	pigment { color rgbt <1,0,0,0> }
	no_shadow
}
cylinder {
	<26.467251, 33.314640, 30.408966>,  <26.600534, 33.512634, 30.383783>, 0.100000
	pigment { color rgbt <1,0,0,0> }
	no_shadow
}
cylinder {
	<26.467251, 33.314640, 30.408966>,  <26.245111, 32.984653, 30.450937>, 0.100000
	pigment { color rgbt <1,0,0,0> }
	no_shadow
}

// particle -1
sphere {
	<26.467251, 33.314640, 30.408966> 0.100000
	pigment { color rgbt <1,0,0,0> }
	no_shadow
}
sphere {
	0, 1
	scale<0.080000,0.200000,0.300000>
	matrix <-0.702528, 0.397876, -0.590042,
		-0.445019, 0.401395, 0.800525,
		0.555349, 0.824971, -0.104929,
		26.633856, 33.562130, 30.377487>
	pigment { color rgbt <0,1,1,0> }
	no_shadow
}
cylinder {
	<25.977455, 33.683182, 30.710003>,  <26.245111, 32.984653, 30.450937>, 0.130000
	pigment { color rgbt <1,0,0,0> }
	no_shadow
}

// nucleotide -1

// particle -1
sphere {
	<25.977455, 33.683182, 30.710003> 0.250000
	pigment { color rgbt <1,0,0,0> }
	no_shadow
}
cylinder {
	<26.225811, 33.770073, 30.408724>,  <26.374825, 33.822208, 30.227957>, 0.100000
	pigment { color rgbt <1,0,0,0> }
	no_shadow
}
cylinder {
	<26.225811, 33.770073, 30.408724>,  <25.977455, 33.683182, 30.710003>, 0.100000
	pigment { color rgbt <1,0,0,0> }
	no_shadow
}

// particle -1
sphere {
	<26.225811, 33.770073, 30.408724> 0.100000
	pigment { color rgbt <1,0,0,0> }
	no_shadow
}
sphere {
	0, 1
	scale<0.080000,0.200000,0.300000>
	matrix <-0.768525, 0.358034, -0.530265,
		0.154484, 0.908088, 0.389243,
		0.620890, 0.217226, -0.753199,
		26.412079, 33.835239, 30.182764>
	pigment { color rgbt <0,1,1,0> }
	no_shadow
}
cylinder {
	<26.019520, 34.117435, 30.044676>,  <25.977455, 33.683182, 30.710003>, 0.130000
	pigment { color rgbt <1,0,0,0> }
	no_shadow
}

// nucleotide -1

// particle -1
sphere {
	<26.019520, 34.117435, 30.044676> 0.250000
	pigment { color rgbt <1,0,0,0> }
	no_shadow
}
cylinder {
	<25.985203, 34.371094, 30.352053>,  <25.964613, 34.523289, 30.536478>, 0.100000
	pigment { color rgbt <1,0,0,0> }
	no_shadow
}
cylinder {
	<25.985203, 34.371094, 30.352053>,  <26.019520, 34.117435, 30.044676>, 0.100000
	pigment { color rgbt <1,0,0,0> }
	no_shadow
}

// particle -1
sphere {
	<25.985203, 34.371094, 30.352053> 0.100000
	pigment { color rgbt <1,0,0,0> }
	no_shadow
}
sphere {
	0, 1
	scale<0.080000,0.200000,0.300000>
	matrix <0.391578, -0.687755, 0.611277,
		0.916137, 0.353346, -0.189315,
		-0.085790, 0.634145, 0.768440,
		25.959465, 34.561337, 30.582584>
	pigment { color rgbt <0,1,1,0> }
	no_shadow
}
cylinder {
	<26.581581, 34.504776, 30.222519>,  <26.019520, 34.117435, 30.044676>, 0.130000
	pigment { color rgbt <1,0,0,0> }
	no_shadow
}

// nucleotide -1

// particle -1
sphere {
	<26.581581, 34.504776, 30.222519> 0.250000
	pigment { color rgbt <1,0,0,0> }
	no_shadow
}
cylinder {
	<26.338295, 34.380226, 30.514580>,  <26.192324, 34.305496, 30.689816>, 0.100000
	pigment { color rgbt <1,0,0,0> }
	no_shadow
}
cylinder {
	<26.338295, 34.380226, 30.514580>,  <26.581581, 34.504776, 30.222519>, 0.100000
	pigment { color rgbt <1,0,0,0> }
	no_shadow
}

// particle -1
sphere {
	<26.338295, 34.380226, 30.514580> 0.100000
	pigment { color rgbt <1,0,0,0> }
	no_shadow
}
sphere {
	0, 1
	scale<0.080000,0.200000,0.300000>
	matrix <0.717569, -0.608951, 0.338044,
		0.339368, 0.729537, 0.593805,
		-0.608213, -0.311375, 0.730152,
		26.155830, 34.286812, 30.733625>
	pigment { color rgbt <0,1,1,0> }
	no_shadow
}
cylinder {
	<26.933207, 34.568485, 30.854481>,  <26.581581, 34.504776, 30.222519>, 0.130000
	pigment { color rgbt <1,0,0,0> }
	no_shadow
}

// nucleotide -1

// particle -1
sphere {
	<26.933207, 34.568485, 30.854481> 0.250000
	pigment { color rgbt <1,0,0,0> }
	no_shadow
}
cylinder {
	<26.676451, 34.261868, 30.846560>,  <26.522398, 34.077896, 30.841806>, 0.100000
	pigment { color rgbt <1,0,0,0> }
	no_shadow
}
cylinder {
	<26.676451, 34.261868, 30.846560>,  <26.933207, 34.568485, 30.854481>, 0.100000
	pigment { color rgbt <1,0,0,0> }
	no_shadow
}

// particle -1
sphere {
	<26.676451, 34.261868, 30.846560> 0.100000
	pigment { color rgbt <1,0,0,0> }
	no_shadow
}
sphere {
	0, 1
	scale<0.080000,0.200000,0.300000>
	matrix <0.696346, -0.593532, 0.403511,
