// switches for output
#declare DRAW_BASES = 1; // possible values are 0, 1; only relevant for DNA ribbons
#declare DRAW_BASES_TYPE = 3; // possible values are 1, 2, 3; only relevant for DNA ribbons
#declare DRAW_FOG = 0; // set to 1 to enable fog

#include "colors.inc"

#include "transforms.inc"
background { rgb <1, 1, 1>}

#default {
   normal{
       ripples 0.25
       frequency 0.20
       turbulence 0.2
       lambda 5
   }
	finish {
		phong 0.1
		phong_size 40.
	}
}

// original window dimensions: 1024x640


// camera settings

camera {
	sky <0, 0.179814, -0.983701>
	up <0, 0.179814, -0.983701>
	right 1.6 * <1, 0, 0>
	location <35, 94.9851, 44.8844>
	look_at <35, 29.7336, 32.9568>
	direction <0, -65.2515, -11.9276>
	angle 67.0682
}


# declare cpy_camera_pos = <35, 94.9851, 44.8844>;
# if (DRAW_FOG = 1)
fog {
	fog_type 2
	up vnormalize(cpy_camera_pos)
	color rgbt<1,1,1,0.3>
	distance 1e-5
	fog_alt 3e-3
	fog_offset 56
}
# end


// LIGHTS

# declare lum = 6;
global_settings {
	ambient_light rgb lum * <0.05, 0.05, 0.05>
	max_trace_level 15
}# declare cpy_direct_light_amount = 0.25;
light_source
{	1000 * <-1, -1.16352, -0.803886>,
	rgb lum * cpy_direct_light_amount
	parallel
}

light_source
{	1000 * <1, 1.16352, 0.803886>,
	rgb lum * cpy_direct_light_amount
	parallel
}

// strand 0

// nucleotide -1

// particle -1
sphere {
	<23.950211, 35.115078, 34.871006> 0.250000
	pigment { color rgbt <1,0,0,0> }
	no_shadow
}
cylinder {
	<24.327236, 34.993843, 34.927162>,  <24.553452, 34.921104, 34.960857>, 0.100000
	pigment { color rgbt <1,0,0,0> }
	no_shadow
}
cylinder {
	<24.327236, 34.993843, 34.927162>,  <23.950211, 35.115078, 34.871006>, 0.100000
	pigment { color rgbt <1,0,0,0> }
	no_shadow
}

// particle -1
sphere {
	<24.327236, 34.993843, 34.927162> 0.100000
	pigment { color rgbt <1,0,0,0> }
	no_shadow
}
sphere {
	0, 1
	scale<0.080000,0.200000,0.300000>
	matrix <0.292694, 0.951957, 0.090043,
		-0.160939, -0.043779, 0.985993,
		0.942565, -0.303086, 0.140394,
		24.610006, 34.902916, 34.969280>
	pigment { color rgbt <0,1,1,0> }
	no_shadow
}
cylinder {
	<24.134220, 35.670845, 35.341988>,  <23.950211, 35.115078, 34.871006>, 0.130000
	pigment { color rgbt <1,0,0,0> }
	no_shadow
}

// nucleotide -1

// particle -1
sphere {
	<24.134220, 35.670845, 35.341988> 0.250000
	pigment { color rgbt <1,0,0,0> }
	no_shadow
}
cylinder {
	<24.530672, 35.723759, 35.336857>,  <24.768543, 35.755508, 35.333778>, 0.100000
	pigment { color rgbt <1,0,0,0> }
	no_shadow
}
cylinder {
	<24.530672, 35.723759, 35.336857>,  <24.134220, 35.670845, 35.341988>, 0.100000
	pigment { color rgbt <1,0,0,0> }
	no_shadow
}

// particle -1
sphere {
	<24.530672, 35.723759, 35.336857> 0.100000
	pigment { color rgbt <1,0,0,0> }
	no_shadow
}
sphere {
	0, 1
	scale<0.080000,0.200000,0.300000>
	matrix <0.083735, -0.546598, 0.833198,
		0.103213, -0.826880, -0.552826,
		0.991129, 0.132287, -0.012823,
		24.828011, 35.763443, 35.333012>
	pigment { color rgbt <0,1,1,0> }
	no_shadow
}
cylinder {
	<24.472734, 35.109009, 35.570988>,  <24.134220, 35.670845, 35.341988>, 0.130000
	pigment { color rgbt <1,0,0,0> }
	no_shadow
}

// nucleotide -1

// particle -1
sphere {
	<24.472734, 35.109009, 35.570988> 0.250000
	pigment { color rgbt <1,0,0,0> }
	no_shadow
}
cylinder {
	<24.793371, 35.345848, 35.604126>,  <24.985754, 35.487953, 35.624008>, 0.100000
	pigment { color rgbt <1,0,0,0> }
	no_shadow
}
cylinder {
	<24.793371, 35.345848, 35.604126>,  <24.472734, 35.109009, 35.570988>, 0.100000
	pigment { color rgbt <1,0,0,0> }
	no_shadow
}

// particle -1
sphere {
	<24.793371, 35.345848, 35.604126> 0.100000
	pigment { color rgbt <1,0,0,0> }
	no_shadow
}
sphere {
	0, 1
	scale<0.080000,0.200000,0.300000>
	matrix <0.263273, -0.473984, 0.840254,
		0.536782, -0.651732, -0.535827,
		0.801594, 0.592102, 0.082843,
		25.033850, 35.523479, 35.628979>
	pigment { color rgbt <0,1,1,0> }
	no_shadow
}
cylinder {
	<25.071531, 34.734653, 35.736088>,  <24.472734, 35.109009, 35.570988>, 0.130000
	pigment { color rgbt <1,0,0,0> }
	no_shadow
}

// nucleotide -1

// particle -1
sphere {
	<25.071531, 34.734653, 35.736088> 0.250000
	pigment { color rgbt <1,0,0,0> }
	no_shadow
}
cylinder {
	<25.172173, 35.103497, 35.853676>,  <25.232557, 35.324802, 35.924229>, 0.100000
	pigment { color rgbt <1,0,0,0> }
	no_shadow
}
cylinder {
	<25.172173, 35.103497, 35.853676>,  <25.071531, 34.734653, 35.736088>, 0.100000
	pigment { color rgbt <1,0,0,0> }
	no_shadow
}

// particle -1
sphere {
	<25.172173, 35.103497, 35.853676> 0.100000
	pigment { color rgbt <1,0,0,0> }
	no_shadow
}
sphere {
	0, 1
	scale<0.080000,0.200000,0.300000>
	matrix <0.382029, -0.373699, 0.845224,
		0.889242, -0.100355, -0.446294,
		0.251602, 0.922105, 0.293970,
		25.247654, 35.380127, 35.941868>
	pigment { color rgbt <0,1,1,0> }
	no_shadow
}
cylinder {
	<25.714254, 34.705471, 35.908401>,  <25.071531, 34.734653, 35.736088>, 0.130000
	pigment { color rgbt <1,0,0,0> }
	no_shadow
}

// nucleotide -1

// particle -1
sphere {
	<25.714254, 34.705471, 35.908401> 0.250000
	pigment { color rgbt <1,0,0,0> }
	no_shadow
}
cylinder {
	<25.582909, 35.025826, 36.108707>,  <25.504101, 35.218037, 36.228889>, 0.100000
	pigment { color rgbt <1,0,0,0> }
	no_shadow
}
cylinder {
	<25.582909, 35.025826, 36.108707>,  <25.714254, 34.705471, 35.908401>, 0.100000
	pigment { color rgbt <1,0,0,0> }
	no_shadow
}

// particle -1
sphere {
	<25.582909, 35.025826, 36.108707> 0.100000
	pigment { color rgbt <1,0,0,0> }
	no_shadow
}
sphere {
	0, 1
	scale<0.080000,0.200000,0.300000>
	matrix <0.303017, -0.412818, 0.858931,
		0.894626, 0.433783, -0.107126,
		-0.328366, 0.800883, 0.500761,
		25.484398, 35.266090, 36.258934>
	pigment { color rgbt <0,1,1,0> }
	no_shadow
}
cylinder {
	<26.278252, 35.020672, 36.298347>,  <25.714254, 34.705471, 35.908401>, 0.130000
	pigment { color rgbt <1,0,0,0> }
	no_shadow
}

// nucleotide -1

// particle -1
sphere {
	<26.278252, 35.020672, 36.298347> 0.250000
	pigment { color rgbt <1,0,0,0> }
	no_shadow
}
cylinder {
	<25.916248, 35.064335, 36.462807>,  <25.699047, 35.090530, 36.561481>, 0.100000
	pigment { color rgbt <1,0,0,0> }
	no_shadow
}
cylinder {
	<25.916248, 35.064335, 36.462807>,  <26.278252, 35.020672, 36.298347>, 0.100000
	pigment { color rgbt <1,0,0,0> }
	no_shadow
}

// particle -1
sphere {
	<25.916248, 35.064335, 36.462807> 0.100000
	pigment { color rgbt <1,0,0,0> }
	no_shadow
}
sphere {
	0, 1
	scale<0.080000,0.200000,0.300000>
	matrix <0.285738, -0.560028, 0.777639,
		0.315139, 0.821251, 0.475640,
		-0.905009, 0.109156, 0.411150,
		25.644745, 35.097080, 36.586151>
	pigment { color rgbt <0,1,1,0> }
	no_shadow
}
cylinder {
	<26.399242, 35.259007, 36.952522>,  <26.278252, 35.020672, 36.298347>, 0.130000
	pigment { color rgbt <1,0,0,0> }
	no_shadow
}

// nucleotide -1

// particle -1
sphere {
	<26.399242, 35.259007, 36.952522> 0.250000
	pigment { color rgbt <1,0,0,0> }
	no_shadow
}
cylinder {
	<26.021185, 35.133198, 36.987801>,  <25.794350, 35.057713, 37.008968>, 0.100000
	pigment { color rgbt <1,0,0,0> }
	no_shadow
}
cylinder {
	<26.021185, 35.133198, 36.987801>,  <26.399242, 35.259007, 36.952522>, 0.100000
	pigment { color rgbt <1,0,0,0> }
	no_shadow
}

// particle -1
sphere {
	<26.021185, 35.133198, 36.987801> 0.100000
	pigment { color rgbt <1,0,0,0> }
	no_shadow
}
sphere {
	0, 1
	scale<0.080000,0.200000,0.300000>
	matrix <0.237077, -0.474739, 0.847595,
		-0.224714, 0.822010, 0.523262,
		-0.945145, -0.314520, 0.088199,
		25.737642, 35.038841, 37.014259>
	pigment { color rgbt <0,1,1,0> }
	no_shadow
}
cylinder {
	<25.962589, 35.488972, 37.543804>,  <26.399242, 35.259007, 36.952522>, 0.130000
	pigment { color rgbt <1,0,0,0> }
	no_shadow
}

// nucleotide -1

// particle -1
sphere {
	<25.962589, 35.488972, 37.543804> 0.250000
	pigment { color rgbt <1,0,0,0> }
	no_shadow
}
cylinder {
	<25.892086, 35.102123, 37.470470>,  <25.849783, 34.870014, 37.426472>, 0.100000
	pigment { color rgbt <1,0,0,0> }
	no_shadow
}
cylinder {
	<25.892086, 35.102123, 37.470470>,  <25.962589, 35.488972, 37.543804>, 0.100000
	pigment { color rgbt <1,0,0,0> }
	no_shadow
}

// particle -1
sphere {
	<25.892086, 35.102123, 37.470470> 0.100000
	pigment { color rgbt <1,0,0,0> }
	no_shadow
}
sphere {
	0, 1
	scale<0.080000,0.200000,0.300000>
	matrix <0.490123, -0.247744, 0.835704,
		-0.853646, 0.057446, 0.517676,
		-0.176259, -0.967121, -0.183330,
		25.839209, 34.811989, 37.415470>
	pigment { color rgbt <0,1,1,0> }
	no_shadow
}
cylinder {
	<25.982178, 35.166584, 38.217041>,  <25.962589, 35.488972, 37.543804>, 0.130000
	pigment { color rgbt <1,0,0,0> }
	no_shadow
}

// nucleotide -1

// particle -1
sphere {
	<25.982178, 35.166584, 38.217041> 0.250000
	pigment { color rgbt <1,0,0,0> }
	no_shadow
}
cylinder {
	<26.017210, 34.850197, 37.974819>,  <26.038229, 34.660362, 37.829487>, 0.100000
	pigment { color rgbt <1,0,0,0> }
	no_shadow
}
cylinder {
	<26.017210, 34.850197, 37.974819>,  <25.982178, 35.166584, 38.217041>, 0.100000
	pigment { color rgbt <1,0,0,0> }
	no_shadow
}

// particle -1
sphere {
	<26.017210, 34.850197, 37.974819> 0.100000
	pigment { color rgbt <1,0,0,0> }
	no_shadow
}
sphere {
	0, 1
	scale<0.080000,0.200000,0.300000>
	matrix <0.402810, -0.527855, 0.747739,
		-0.911084, -0.309413, 0.272380,
		0.087583, -0.790970, -0.605555,
		26.043486, 34.612907, 37.793152>
	pigment { color rgbt <0,1,1,0> }
	no_shadow
}
cylinder {
	<25.731178, 34.584587, 38.518005>,  <25.982178, 35.166584, 38.217041>, 0.130000
	pigment { color rgbt <1,0,0,0> }
	no_shadow
}

// nucleotide -1

// particle -1
sphere {
	<25.731178, 34.584587, 38.518005> 0.250000
	pigment { color rgbt <1,0,0,0> }
	no_shadow
}
cylinder {
	<25.972483, 34.435959, 38.235725>,  <26.117266, 34.346783, 38.066357>, 0.100000
	pigment { color rgbt <1,0,0,0> }
	no_shadow
}
cylinder {
	<25.972483, 34.435959, 38.235725>,  <25.731178, 34.584587, 38.518005>, 0.100000
	pigment { color rgbt <1,0,0,0> }
	no_shadow
}

// particle -1
sphere {
	<25.972483, 34.435959, 38.235725> 0.100000
	pigment { color rgbt <1,0,0,0> }
	no_shadow
}
sphere {
	0, 1
	scale<0.080000,0.200000,0.300000>
	matrix <0.508206, -0.502844, 0.699195,
		-0.614655, -0.780439, -0.114514,
		0.603263, -0.371567, -0.705700,
		26.153461, 34.324490, 38.024014>
	pigment { color rgbt <0,1,1,0> }
	no_shadow
}
cylinder {
	<25.881853, 33.972103, 38.744408>,  <25.731178, 34.584587, 38.518005>, 0.130000
	pigment { color rgbt <1,0,0,0> }
	no_shadow
}

// nucleotide -1

// particle -1
sphere {
	<25.881853, 33.972103, 38.744408> 0.250000
	pigment { color rgbt <1,0,0,0> }
	no_shadow
}
cylinder {
	<26.156105, 33.994762, 38.454109>,  <26.320656, 34.008358, 38.279930>, 0.100000
	pigment { color rgbt <1,0,0,0> }
	no_shadow
}
cylinder {
	<26.156105, 33.994762, 38.454109>,  <25.881853, 33.972103, 38.744408>, 0.100000
	pigment { color rgbt <1,0,0,0> }
	no_shadow
}

// particle -1
sphere {
	<26.156105, 33.994762, 38.454109> 0.100000
	pigment { color rgbt <1,0,0,0> }
	no_shadow
}
sphere {
	0, 1
	scale<0.080000,0.200000,0.300000>
	matrix <0.597902, -0.612521, 0.517041,
		-0.415243, -0.788421, -0.453834,
		0.685629, 0.056651, -0.725744,
		26.361794, 34.011757, 38.236385>
	pigment { color rgbt <0,1,1,0> }
	no_shadow
}
cylinder {
	<26.128647, 33.328186, 38.589020>,  <25.881853, 33.972103, 38.744408>, 0.130000
	pigment { color rgbt <1,0,0,0> }
	no_shadow
}

// nucleotide -1

// particle -1
sphere {
	<26.128647, 33.328186, 38.589020> 0.250000
	pigment { color rgbt <1,0,0,0> }
	no_shadow
}
cylinder {
	<26.414265, 33.586624, 38.481167>,  <26.585634, 33.741688, 38.416454>, 0.100000
	pigment { color rgbt <1,0,0,0> }
	no_shadow
}
cylinder {
	<26.414265, 33.586624, 38.481167>,  <26.128647, 33.328186, 38.589020>, 0.100000
	pigment { color rgbt <1,0,0,0> }
	no_shadow
}

// particle -1
sphere {
	<26.414265, 33.586624, 38.481167> 0.100000
	pigment { color rgbt <1,0,0,0> }
	no_shadow
}
sphere {
	0, 1
	scale<0.080000,0.200000,0.300000>
	matrix <0.682783, -0.557529, 0.472196,
		0.154759, -0.521266, -0.839245,
		0.714043, 0.646098, -0.269629,
		26.628477, 33.780453, 38.400280>
	pigment { color rgbt <0,1,1,0> }
	no_shadow
}
cylinder {
	<26.685925, 33.070988, 38.029156>,  <26.128647, 33.328186, 38.589020>, 0.130000
	pigment { color rgbt <1,0,0,0> }
	no_shadow
}

// nucleotide -1

// particle -1
sphere {
	<26.685925, 33.070988, 38.029156> 0.250000
	pigment { color rgbt <1,0,0,0> }
	no_shadow
}
cylinder {
	<26.843496, 33.327320, 38.292717>,  <26.938040, 33.481117, 38.450855>, 0.100000
	pigment { color rgbt <1,0,0,0> }
	no_shadow
}
cylinder {
	<26.843496, 33.327320, 38.292717>,  <26.685925, 33.070988, 38.029156>, 0.100000
	pigment { color rgbt <1,0,0,0> }
	no_shadow
}

// particle -1
sphere {
	<26.843496, 33.327320, 38.292717> 0.100000
	pigment { color rgbt <1,0,0,0> }
	no_shadow
}
sphere {
	0, 1
	scale<0.080000,0.200000,0.300000>
	matrix <0.629891, -0.710286, 0.314214,
		0.669370, 0.291260, -0.683456,
		0.393931, 0.640828, 0.658906,
		26.961676, 33.519569, 38.490391>
	pigment { color rgbt <0,1,1,0> }
	no_shadow
}
cylinder {
	<27.225096, 32.694962, 38.203796>,  <26.685925, 33.070988, 38.029156>, 0.130000
	pigment { color rgbt <1,0,0,0> }
	no_shadow
}

// nucleotide -1

// particle -1
sphere {
	<27.225096, 32.694962, 38.203796> 0.250000
	pigment { color rgbt <1,0,0,0> }
	no_shadow
}
cylinder {
	<27.236147, 32.968246, 38.495674>,  <27.242779, 33.132217, 38.670799>, 0.100000
	pigment { color rgbt <1,0,0,0> }
	no_shadow
}
cylinder {
	<27.236147, 32.968246, 38.495674>,  <27.225096, 32.694962, 38.203796>, 0.100000
	pigment { color rgbt <1,0,0,0> }
	no_shadow
}

// particle -1
sphere {
	<27.236147, 32.968246, 38.495674> 0.100000
	pigment { color rgbt <1,0,0,0> }
	no_shadow
}
sphere {
	0, 1
	scale<0.080000,0.200000,0.300000>
	matrix <0.621862, -0.583271, 0.522573,
		0.782639, 0.439331, -0.440981,
		0.027629, 0.683215, 0.729694,
		27.244436, 33.173210, 38.714581>
	pigment { color rgbt <0,1,1,0> }
	no_shadow
}
cylinder {
	<27.795563, 33.210129, 38.261364>,  <27.225096, 32.694962, 38.203796>, 0.130000
	pigment { color rgbt <1,0,0,0> }
	no_shadow
}

// nucleotide -1

// particle -1
sphere {
	<27.795563, 33.210129, 38.261364> 0.250000
	pigment { color rgbt <1,0,0,0> }
	no_shadow
}
cylinder {
	<27.683664, 33.088051, 38.625473>,  <27.616526, 33.014805, 38.843941>, 0.100000
	pigment { color rgbt <1,0,0,0> }
	no_shadow
}
cylinder {
	<27.683664, 33.088051, 38.625473>,  <27.795563, 33.210129, 38.261364>, 0.100000
	pigment { color rgbt <1,0,0,0> }
	no_shadow
}

// particle -1
sphere {
	<27.683664, 33.088051, 38.625473> 0.100000
	pigment { color rgbt <1,0,0,0> }
	no_shadow
}
sphere {
	0, 1
	scale<0.080000,0.200000,0.300000>
	matrix <0.849028, -0.521276, 0.086154,
		0.448211, 0.796951, 0.404940,
		-0.279746, -0.305190, 0.910275,
		27.599741, 32.996494, 38.898556>
	pigment { color rgbt <0,1,1,0> }
	no_shadow
}
cylinder {
	<27.896044, 33.441753, 37.531025>,  <27.795563, 33.210129, 38.261364>, 0.130000
	pigment { color rgbt <1,0,0,0> }
	no_shadow
}

// nucleotide -1

// particle -1
sphere {
	<27.896044, 33.441753, 37.531025> 0.250000
	pigment { color rgbt <1,0,0,0> }
	no_shadow
}
cylinder {
	<27.883400, 33.047279, 37.465981>,  <27.875813, 32.810596, 37.426952>, 0.100000
	pigment { color rgbt <1,0,0,0> }
	no_shadow
}
cylinder {
	<27.883400, 33.047279, 37.465981>,  <27.896044, 33.441753, 37.531025>, 0.100000
	pigment { color rgbt <1,0,0,0> }
	no_shadow
}

// particle -1
sphere {
	<27.883400, 33.047279, 37.465981> 0.100000
	pigment { color rgbt <1,0,0,0> }
	no_shadow
}
sphere {
	0, 1
	scale<0.080000,0.200000,0.300000>
	matrix <0.833035, 0.063908, -0.549516,
		0.552316, -0.152833, 0.819505,
		-0.031611, -0.986183, -0.162613,
		27.873917, 32.751423, 37.417198>
	pigment { color rgbt <0,1,1,0> }
	no_shadow
}
cylinder {
	<27.309471, 33.995800, 37.387398>,  <27.896044, 33.441753, 37.531025>, 0.130000
	pigment { color rgbt <1,0,0,0> }
	no_shadow
}

// nucleotide -1

// particle -1
sphere {
	<27.309471, 33.995800, 37.387398> 0.250000
	pigment { color rgbt <1,0,0,0> }
	no_shadow
}
cylinder {
	<27.002937, 33.939075, 37.638035>,  <26.819017, 33.905041, 37.788418>, 0.100000
	pigment { color rgbt <1,0,0,0> }
	no_shadow
}
cylinder {
	<27.002937, 33.939075, 37.638035>,  <27.309471, 33.995800, 37.387398>, 0.100000
	pigment { color rgbt <1,0,0,0> }
	no_shadow
}

// particle -1
sphere {
	<27.002937, 33.939075, 37.638035> 0.100000
	pigment { color rgbt <1,0,0,0> }
	no_shadow
}
sphere {
	0, 1
	scale<0.080000,0.200000,0.300000>
	matrix <-0.623543, 0.399012, -0.672297,
		-0.154684, -0.905914, -0.394199,
		-0.766334, -0.141807, 0.626597,
		26.773037, 33.896534, 37.826015>
	pigment { color rgbt <0,1,1,0> }
	no_shadow
}
cylinder {
	<26.810795, 33.734886, 37.017159>,  <27.309471, 33.995800, 37.387398>, 0.130000
	pigment { color rgbt <1,0,0,0> }
	no_shadow
}

// nucleotide -1

// particle -1
sphere {
	<26.810795, 33.734886, 37.017159> 0.250000
	pigment { color rgbt <1,0,0,0> }
	no_shadow
}
cylinder {
	<26.619240, 33.888821, 37.332771>,  <26.504307, 33.981182, 37.522137>, 0.100000
	pigment { color rgbt <1,0,0,0> }
	no_shadow
}
cylinder {
	<26.619240, 33.888821, 37.332771>,  <26.810795, 33.734886, 37.017159>, 0.100000
	pigment { color rgbt <1,0,0,0> }
	no_shadow
}

// particle -1
sphere {
	<26.619240, 33.888821, 37.332771> 0.100000
	pigment { color rgbt <1,0,0,0> }
	no_shadow
}
sphere {
	0, 1
	scale<0.080000,0.200000,0.300000>
	matrix <-0.649383, 0.449519, -0.613379,
		-0.590737, -0.806121, 0.034640,
		-0.478886, 0.384840, 0.789028,
		26.475574, 34.004272, 37.569481>
	pigment { color rgbt <0,1,1,0> }
	no_shadow
}
cylinder {
	<26.127211, 33.566891, 36.983234>,  <26.810795, 33.734886, 37.017159>, 0.130000
	pigment { color rgbt <1,0,0,0> }
	no_shadow
}

// nucleotide -1

// particle -1
sphere {
	<26.127211, 33.566891, 36.983234> 0.250000
	pigment { color rgbt <1,0,0,0> }
	no_shadow
}
cylinder {
	<26.095352, 33.873688, 37.237911>,  <26.076237, 34.057766, 37.390717>, 0.100000
	pigment { color rgbt <1,0,0,0> }
	no_shadow
}
cylinder {
	<26.095352, 33.873688, 37.237911>,  <26.127211, 33.566891, 36.983234>, 0.100000
	pigment { color rgbt <1,0,0,0> }
	no_shadow
}

// particle -1
sphere {
	<26.095352, 33.873688, 37.237911> 0.100000
	pigment { color rgbt <1,0,0,0> }
	no_shadow
}
sphere {
	0, 1
	scale<0.080000,0.200000,0.300000>
	matrix <-0.779217, 0.350437, -0.519629,
		-0.621673, -0.537510, 0.569742,
		-0.079647, 0.766992, 0.636694,
		26.071459, 34.103786, 37.428921>
	pigment { color rgbt <0,1,1,0> }
	no_shadow
}
cylinder {
	<25.449160, 33.556721, 37.195396>,  <26.127211, 33.566891, 36.983234>, 0.130000
	pigment { color rgbt <1,0,0,0> }
	no_shadow
}

// nucleotide -1

// particle -1
sphere {
	<25.449160, 33.556721, 37.195396> 0.250000
	pigment { color rgbt <1,0,0,0> }
	no_shadow
}
cylinder {
	<25.571507, 33.935989, 37.229851>,  <25.644915, 34.163551, 37.250523>, 0.100000
	pigment { color rgbt <1,0,0,0> }
	no_shadow
}
cylinder {
	<25.571507, 33.935989, 37.229851>,  <25.449160, 33.556721, 37.195396>, 0.100000
	pigment { color rgbt <1,0,0,0> }
	no_shadow
}

// particle -1
sphere {
	<25.571507, 33.935989, 37.229851> 0.100000
	pigment { color rgbt <1,0,0,0> }
	no_shadow
}
sphere {
	0, 1
	scale<0.080000,0.200000,0.300000>
	matrix <-0.896279, 0.317279, -0.309869,
		-0.321137, 0.017578, 0.946870,
		0.305868, 0.948169, 0.086135,
		25.663267, 34.220440, 37.255692>
	pigment { color rgbt <0,1,1,0> }
	no_shadow
}
cylinder {
	<24.912939, 33.944408, 37.250053>,  <25.449160, 33.556721, 37.195396>, 0.130000
	pigment { color rgbt <1,0,0,0> }
	no_shadow
}

// nucleotide -1

// particle -1
sphere {
	<24.912939, 33.944408, 37.250053> 0.250000
	pigment { color rgbt <1,0,0,0> }
	no_shadow
}
cylinder {
	<25.165485, 34.248489, 37.188770>,  <25.317013, 34.430939, 37.152000>, 0.100000
	pigment { color rgbt <1,0,0,0> }
	no_shadow
}
cylinder {
	<25.165485, 34.248489, 37.188770>,  <24.912939, 33.944408, 37.250053>, 0.100000
	pigment { color rgbt <1,0,0,0> }
	no_shadow
}

// particle -1
sphere {
	<25.165485, 34.248489, 37.188770> 0.100000
	pigment { color rgbt <1,0,0,0> }
	no_shadow
}
sphere {
	0, 1
	scale<0.080000,0.200000,0.300000>
	matrix <-0.756889, 0.561074, -0.335135,
		-0.168812, 0.327551, 0.929631,
		0.631366, 0.760202, -0.153203,
		25.354895, 34.476551, 37.142811>
	pigment { color rgbt <0,1,1,0> }
	no_shadow
}
cylinder {
	<24.547314, 34.496925, 37.005379>,  <24.912939, 33.944408, 37.250053>, 0.130000
	pigment { color rgbt <1,0,0,0> }
	no_shadow
}

// nucleotide -1

// particle -1
sphere {
	<24.547314, 34.496925, 37.005379> 0.250000
	pigment { color rgbt <1,0,0,0> }
	no_shadow
}
cylinder {
	<24.906683, 34.672569, 37.006741>,  <25.122305, 34.777958, 37.007557>, 0.100000
	pigment { color rgbt <1,0,0,0> }
	no_shadow
}
cylinder {
	<24.906683, 34.672569, 37.006741>,  <24.547314, 34.496925, 37.005379>, 0.100000
	pigment { color rgbt <1,0,0,0> }
	no_shadow
}

// particle -1
sphere {
	<24.906683, 34.672569, 37.006741> 0.100000
	pigment { color rgbt <1,0,0,0> }
	no_shadow
}
sphere {
	0, 1
	scale<0.080000,0.200000,0.300000>
	matrix <-0.388316, 0.798062, -0.460769,
		-0.205045, 0.412645, 0.887514,
		0.898425, 0.439114, 0.003402,
		25.176210, 34.804302, 37.007763>
	pigment { color rgbt <0,1,1,0> }
	no_shadow
}
cylinder {
	<24.425306, 35.250729, 37.102531>,  <24.547314, 34.496925, 37.005379>, 0.130000
	pigment { color rgbt <1,0,0,0> }
	no_shadow
}

// nucleotide -1

// particle -1
sphere {
	<24.425306, 35.250729, 37.102531> 0.250000
	pigment { color rgbt <1,0,0,0> }
	no_shadow
}
cylinder {
	<24.795656, 35.218407, 36.954895>,  <25.017866, 35.199013, 36.866314>, 0.100000
	pigment { color rgbt <1,0,0,0> }
	no_shadow
}
cylinder {
	<24.795656, 35.218407, 36.954895>,  <24.425306, 35.250729, 37.102531>, 0.100000
	pigment { color rgbt <1,0,0,0> }
	no_shadow
}

// particle -1
sphere {
	<24.795656, 35.218407, 36.954895> 0.100000
	pigment { color rgbt <1,0,0,0> }
	no_shadow
}
sphere {
	0, 1
	scale<0.080000,0.200000,0.300000>
	matrix <-0.180544, 0.763504, -0.620052,
		0.331900, 0.640728, 0.692322,
		0.925876, -0.080800, -0.369087,
		25.073420, 35.194168, 36.844170>
	pigment { color rgbt <0,1,1,0> }
	no_shadow
}
cylinder {
	<24.575541, 35.932247, 36.705441>,  <24.425306, 35.250729, 37.102531>, 0.130000
	pigment { color rgbt <1,0,0,0> }
	no_shadow
}

// nucleotide -1

// particle -1
sphere {
	<24.575541, 35.932247, 36.705441> 0.250000
	pigment { color rgbt <1,0,0,0> }
	no_shadow
}
cylinder {
	<24.883410, 35.699352, 36.600674>,  <25.068130, 35.559616, 36.537815>, 0.100000
	pigment { color rgbt <1,0,0,0> }
	no_shadow
}
cylinder {
	<24.883410, 35.699352, 36.600674>,  <24.575541, 35.932247, 36.705441>, 0.100000
	pigment { color rgbt <1,0,0,0> }
	no_shadow
}

// particle -1
sphere {
	<24.883410, 35.699352, 36.600674> 0.100000
	pigment { color rgbt <1,0,0,0> }
	no_shadow
}
sphere {
	0, 1
	scale<0.080000,0.200000,0.300000>
	matrix <0.210651, 0.618869, -0.756722,
		0.602684, 0.527256, 0.598977,
		0.769674, -0.582239, -0.261915,
		25.114311, 35.524681, 36.522099>
	pigment { color rgbt <0,1,1,0> }
	no_shadow
}
cylinder {
	<25.179474, 36.375721, 36.867199>,  <24.575541, 35.932247, 36.705441>, 0.130000
	pigment { color rgbt <1,0,0,0> }
	no_shadow
}

// nucleotide -1

// particle -1
sphere {
	<25.179474, 36.375721, 36.867199> 0.250000
	pigment { color rgbt <1,0,0,0> }
	no_shadow
}
cylinder {
	<25.140871, 36.100155, 36.579842>,  <25.117710, 35.934814, 36.407429>, 0.100000
	pigment { color rgbt <1,0,0,0> }
	no_shadow
}
cylinder {
	<25.140871, 36.100155, 36.579842>,  <25.179474, 36.375721, 36.867199>, 0.100000
	pigment { color rgbt <1,0,0,0> }
	no_shadow
}

// particle -1
sphere {
	<25.140871, 36.100155, 36.579842> 0.100000
	pigment { color rgbt <1,0,0,0> }
	no_shadow
}
sphere {
	0, 1
	scale<0.080000,0.200000,0.300000>
	matrix <0.254428, 0.680708, -0.686953,
		0.962264, -0.249075, 0.109585,
		-0.096507, -0.688911, -0.718392,
		25.111919, 35.893482, 36.364323>
	pigment { color rgbt <0,1,1,0> }
	no_shadow
}
cylinder {
	<25.134691, 36.492599, 36.164162>,  <25.179474, 36.375721, 36.867199>, 0.130000
	pigment { color rgbt <1,0,0,0> }
	no_shadow
}

// nucleotide -1

// particle -1
sphere {
	<25.134691, 36.492599, 36.164162> 0.250000
	pigment { color rgbt <1,0,0,0> }
	no_shadow
}
cylinder {
	<25.206942, 36.384026, 35.786018>,  <25.250292, 36.318882, 35.559132>, 0.100000
	pigment { color rgbt <1,0,0,0> }
	no_shadow
}
cylinder {
	<25.206942, 36.384026, 35.786018>,  <25.134691, 36.492599, 36.164162>, 0.100000
	pigment { color rgbt <1,0,0,0> }
	no_shadow
}

// particle -1
sphere {
	<25.206942, 36.384026, 35.786018> 0.100000
	pigment { color rgbt <1,0,0,0> }
	no_shadow
}
sphere {
	0, 1
	scale<0.080000,0.200000,0.300000>
	matrix <0.784538, 0.619450, -0.027960,
		0.593191, -0.736618, 0.324837,
		0.180625, -0.271433, -0.945357,
		25.261129, 36.302597, 35.502411>
	pigment { color rgbt <0,1,1,0> }
	no_shadow
}
cylinder {
	<25.527121, 35.958984, 35.895088>,  <25.134691, 36.492599, 36.164162>, 0.130000
	pigment { color rgbt <1,0,0,0> }
	no_shadow
}

// nucleotide -1

// particle -1
sphere {
	<25.527121, 35.958984, 35.895088> 0.250000
	pigment { color rgbt <1,0,0,0> }
	no_shadow
}
cylinder {
	<25.826611, 36.061958, 35.650745>,  <26.006304, 36.123741, 35.504139>, 0.100000
	pigment { color rgbt <1,0,0,0> }
	no_shadow
}
cylinder {
	<25.826611, 36.061958, 35.650745>,  <25.527121, 35.958984, 35.895088>, 0.100000
	pigment { color rgbt <1,0,0,0> }
	no_shadow
}

// particle -1
sphere {
	<25.826611, 36.061958, 35.650745> 0.100000
	pigment { color rgbt <1,0,0,0> }
	no_shadow
}
sphere {
	0, 1
	scale<0.080000,0.200000,0.300000>
	matrix <0.661443, -0.229425, 0.714043,
		0.043673, -0.938665, -0.342053,
		0.748723, 0.257433, -0.610854,
		26.051228, 36.139187, 35.467491>
	pigment { color rgbt <0,1,1,0> }
	no_shadow
}
cylinder {
	<25.991110, 35.403667, 35.586346>,  <25.527121, 35.958984, 35.895088>, 0.130000
	pigment { color rgbt <1,0,0,0> }
	no_shadow
}

// nucleotide -1

// particle -1
sphere {
	<25.991110, 35.403667, 35.586346> 0.250000
	pigment { color rgbt <1,0,0,0> }
	no_shadow
}
cylinder {
	<26.174116, 35.754177, 35.646782>,  <26.283920, 35.964481, 35.683044>, 0.100000
	pigment { color rgbt <1,0,0,0> }
	no_shadow
}
cylinder {
	<26.174116, 35.754177, 35.646782>,  <25.991110, 35.403667, 35.586346>, 0.100000
	pigment { color rgbt <1,0,0,0> }
	no_shadow
}

// particle -1
sphere {
	<26.174116, 35.754177, 35.646782> 0.100000
	pigment { color rgbt <1,0,0,0> }
	no_shadow
}
sphere {
	0, 1
	scale<0.080000,0.200000,0.300000>
	matrix <0.502327, -0.394908, 0.769230,
		0.733722, -0.276037, -0.620851,
		0.457515, 0.876271, 0.151091,
		26.311371, 36.017059, 35.692108>
	pigment { color rgbt <0,1,1,0> }
	no_shadow
}
cylinder {
	<26.094873, 35.007988, 34.926239>,  <25.991110, 35.403667, 35.586346>, 0.130000
	pigment { color rgbt <1,0,0,0> }
	no_shadow
}

// nucleotide -1

// particle -1
sphere {
	<26.094873, 35.007988, 34.926239> 0.250000
	pigment { color rgbt <1,0,0,0> }
	no_shadow
}
cylinder {
	<26.054426, 35.164337, 34.560291>,  <26.030159, 35.258148, 34.340721>, 0.100000
	pigment { color rgbt <1,0,0,0> }
	no_shadow
}
cylinder {
	<26.054426, 35.164337, 34.560291>,  <26.094873, 35.007988, 34.926239>, 0.100000
	pigment { color rgbt <1,0,0,0> }
	no_shadow
}

// particle -1
sphere {
	<26.054426, 35.164337, 34.560291> 0.100000
	pigment { color rgbt <1,0,0,0> }
	no_shadow
}
sphere {
	0, 1
	scale<0.080000,0.200000,0.300000>
	matrix <-0.061267, -0.920287, -0.386417,
		-0.992986, 0.016979, 0.117004,
		-0.101116, 0.390875, -0.914872,
		26.024092, 35.281601, 34.285828>
	pigment { color rgbt <0,1,1,0> }
	no_shadow
}
cylinder {
	<25.551935, 34.789963, 34.699718>,  <26.094873, 35.007988, 34.926239>, 0.130000
	pigment { color rgbt <1,0,0,0> }
	no_shadow
}

// nucleotide -1

// particle -1
sphere {
	<25.551935, 34.789963, 34.699718> 0.250000
	pigment { color rgbt <1,0,0,0> }
	no_shadow
}
cylinder {
	<25.762743, 34.861599, 34.367413>,  <25.889229, 34.904583, 34.168030>, 0.100000
	pigment { color rgbt <1,0,0,0> }
	no_shadow
}
cylinder {
	<25.762743, 34.861599, 34.367413>,  <25.551935, 34.789963, 34.699718>, 0.100000
	pigment { color rgbt <1,0,0,0> }
	no_shadow
}

// particle -1
sphere {
	<25.762743, 34.861599, 34.367413> 0.100000
	pigment { color rgbt <1,0,0,0> }
	no_shadow
}
sphere {
	0, 1
	scale<0.080000,0.200000,0.300000>
	matrix <-0.212959, -0.918524, -0.333110,
		-0.822737, 0.352476, -0.445942,
		0.527022, 0.179094, -0.830767,
		25.920849, 34.915329, 34.118183>
	pigment { color rgbt <0,1,1,0> }
	no_shadow
}
cylinder {
	<25.148609, 34.671097, 34.030537>,  <25.551935, 34.789963, 34.699718>, 0.130000
	pigment { color rgbt <1,0,0,0> }
	no_shadow
}

// nucleotide -1

// particle -1
sphere {
	<25.148609, 34.671097, 34.030537> 0.250000
	pigment { color rgbt <1,0,0,0> }
	no_shadow
}
cylinder {
	<25.542662, 34.602570, 34.025364>,  <25.779093, 34.561451, 34.022263>, 0.100000
	pigment { color rgbt <1,0,0,0> }
	no_shadow
}
cylinder {
	<25.542662, 34.602570, 34.025364>,  <25.148609, 34.671097, 34.030537>, 0.100000
	pigment { color rgbt <1,0,0,0> }
	no_shadow
}

// particle -1
sphere {
	<25.542662, 34.602570, 34.025364> 0.100000
	pigment { color rgbt <1,0,0,0> }
	no_shadow
}
sphere {
	0, 1
	scale<0.080000,0.200000,0.300000>
	matrix <-0.171726, -0.979540, -0.104940,
		0.005313, 0.105600, -0.994394,
		0.985130, -0.171321, -0.012930,
		25.838202, 34.551174, 34.021484>
	pigment { color rgbt <0,1,1,0> }
	no_shadow
}
cylinder {
	<25.437071, 34.334206, 33.517544>,  <25.148609, 34.671097, 34.030537>, 0.130000
	pigment { color rgbt <1,0,0,0> }
	no_shadow
}

// nucleotide -1

// particle -1
sphere {
	<25.437071, 34.334206, 33.517544> 0.250000
	pigment { color rgbt <1,0,0,0> }
	no_shadow
}
cylinder {
	<25.664864, 34.252575, 33.836052>,  <25.801540, 34.203598, 34.027157>, 0.100000
	pigment { color rgbt <1,0,0,0> }
	no_shadow
}
cylinder {
	<25.664864, 34.252575, 33.836052>,  <25.437071, 34.334206, 33.517544>, 0.100000
	pigment { color rgbt <1,0,0,0> }
	no_shadow
}

// particle -1
sphere {
	<25.664864, 34.252575, 33.836052> 0.100000
	pigment { color rgbt <1,0,0,0> }
	no_shadow
}
sphere {
	0, 1
	scale<0.080000,0.200000,0.300000>
	matrix <-0.184873, -0.975673, -0.117833,
		0.800943, -0.080104, -0.593357,
		0.569484, -0.204073, 0.796268,
		25.835709, 34.191353, 34.074932>
	pigment { color rgbt <0,1,1,0> }
	no_shadow
}
cylinder {
	<25.920124, 33.842537, 33.252590>,  <25.437071, 34.334206, 33.517544>, 0.130000
	pigment { color rgbt <1,0,0,0> }
	no_shadow
}

// nucleotide -1

// particle -1
sphere {
	<25.920124, 33.842537, 33.252590> 0.250000
	pigment { color rgbt <1,0,0,0> }
	no_shadow
}
cylinder {
	<25.931110, 33.796646, 33.649796>,  <25.937702, 33.769112, 33.888119>, 0.100000
	pigment { color rgbt <1,0,0,0> }
	no_shadow
}
cylinder {
	<25.931110, 33.796646, 33.649796>,  <25.920124, 33.842537, 33.252590>, 0.100000
	pigment { color rgbt <1,0,0,0> }
	no_shadow
}

// particle -1
sphere {
	<25.931110, 33.796646, 33.649796> 0.100000
	pigment { color rgbt <1,0,0,0> }
	no_shadow
}
sphere {
	0, 1
	scale<0.080000,0.200000,0.300000>
	matrix <0.207898, -0.971015, -0.117937,
		0.977765, 0.209685, -0.002820,
		0.027468, -0.114728, 0.993017,
		25.939350, 33.762226, 33.947701>
	pigment { color rgbt <0,1,1,0> }
	no_shadow
}
cylinder {
	<26.549038, 33.650059, 33.456726>,  <25.920124, 33.842537, 33.252590>, 0.130000
	pigment { color rgbt <1,0,0,0> }
	no_shadow
}

// nucleotide -1

// particle -1
sphere {
	<26.549038, 33.650059, 33.456726> 0.250000
	pigment { color rgbt <1,0,0,0> }
	no_shadow
}
cylinder {
	<26.308777, 33.525246, 33.751167>,  <26.164621, 33.450359, 33.927834>, 0.100000
	pigment { color rgbt <1,0,0,0> }
	no_shadow
}
cylinder {
	<26.308777, 33.525246, 33.751167>,  <26.549038, 33.650059, 33.456726>, 0.100000
	pigment { color rgbt <1,0,0,0> }
	no_shadow
}

// particle -1
sphere {
	<26.308777, 33.525246, 33.751167> 0.100000
	pigment { color rgbt <1,0,0,0> }
	no_shadow
}
sphere {
	0, 1
	scale<0.080000,0.200000,0.300000>
	matrix <0.357565, -0.928329, -0.101746,
		0.715098, 0.202092, 0.669173,
		-0.600651, -0.312031, 0.736108,
		26.128582, 33.431637, 33.972000>
	pigment { color rgbt <0,1,1,0> }
	no_shadow
}
cylinder {
	<26.674526, 33.565495, 34.203403>,  <26.549038, 33.650059, 33.456726>, 0.130000
	pigment { color rgbt <1,0,0,0> }
	no_shadow
}

// nucleotide -1

// particle -1
sphere {
	<26.674526, 33.565495, 34.203403> 0.250000
	pigment { color rgbt <1,0,0,0> }
	no_shadow
}
cylinder {
	<26.376593, 33.441429, 34.439716>,  <26.197832, 33.366989, 34.581505>, 0.100000
	pigment { color rgbt <1,0,0,0> }
	no_shadow
}
cylinder {
	<26.376593, 33.441429, 34.439716>,  <26.674526, 33.565495, 34.203403>, 0.100000
	pigment { color rgbt <1,0,0,0> }
	no_shadow
}

// particle -1
sphere {
	<26.376593, 33.441429, 34.439716> 0.100000
	pigment { color rgbt <1,0,0,0> }
	no_shadow
}
sphere {
	0, 1
	scale<0.080000,0.200000,0.300000>
	matrix <0.438431, -0.894933, 0.082903,
		0.502995, 0.320766, 0.802562,
		-0.744832, -0.310168, 0.590780,
		26.153143, 33.348377, 34.616951>
	pigment { color rgbt <0,1,1,0> }
	no_shadow
}
cylinder {
	<27.049931, 33.226326, 34.714088>,  <26.674526, 33.565495, 34.203403>, 0.130000
	pigment { color rgbt <1,0,0,0> }
	no_shadow
}

// nucleotide -1

// particle -1
sphere {
	<27.049931, 33.226326, 34.714088> 0.250000
	pigment { color rgbt <1,0,0,0> }
	no_shadow
}
cylinder {
	<26.669905, 33.102177, 34.701176>,  <26.441889, 33.027687, 34.693428>, 0.100000
	pigment { color rgbt <1,0,0,0> }
	no_shadow
}
cylinder {
	<26.669905, 33.102177, 34.701176>,  <27.049931, 33.226326, 34.714088>, 0.100000
	pigment { color rgbt <1,0,0,0> }
	no_shadow
}

// particle -1
sphere {
	<26.669905, 33.102177, 34.701176> 0.100000
	pigment { color rgbt <1,0,0,0> }
	no_shadow
}
sphere {
	0, 1
	scale<0.080000,0.200000,0.300000>
	matrix <0.310531, -0.950563, 0.000076,
		-0.030713, -0.009953, 0.999479,
		-0.950067, -0.310372, -0.032286,
		26.384884, 33.009064, 34.691490>
	pigment { color rgbt <0,1,1,0> }
	no_shadow
}
cylinder {
	<27.018265, 32.681053, 35.116898>,  <27.049931, 33.226326, 34.714088>, 0.130000
	pigment { color rgbt <1,0,0,0> }
	no_shadow
}

// nucleotide -1

// particle -1
sphere {
	<27.018265, 32.681053, 35.116898> 0.250000
	pigment { color rgbt <1,0,0,0> }
	no_shadow
}
cylinder {
	<26.687620, 32.641338, 34.895321>,  <26.489233, 32.617512, 34.762375>, 0.100000
	pigment { color rgbt <1,0,0,0> }
	no_shadow
}
cylinder {
	<26.687620, 32.641338, 34.895321>,  <27.018265, 32.681053, 35.116898>, 0.100000
	pigment { color rgbt <1,0,0,0> }
	no_shadow
}

// particle -1
sphere {
	<26.687620, 32.641338, 34.895321> 0.100000
	pigment { color rgbt <1,0,0,0> }
	no_shadow
}
sphere {
	0, 1
	scale<0.080000,0.200000,0.300000>
	matrix <0.157496, -0.985795, -0.058334,
		-0.540284, -0.135464, 0.830508,
		-0.826613, -0.099285, -0.553944,
		26.439636, 32.611553, 34.729137>
	pigment { color rgbt <0,1,1,0> }
	no_shadow
}
cylinder {
	<26.554638, 32.056343, 35.386173>,  <27.018265, 32.681053, 35.116898>, 0.130000
	pigment { color rgbt <1,0,0,0> }
	no_shadow
}

// nucleotide -1

// particle -1
sphere {
	<26.554638, 32.056343, 35.386173> 0.250000
	pigment { color rgbt <1,0,0,0> }
	no_shadow
}
cylinder {
	<26.499149, 32.128754, 34.996716>,  <26.465857, 32.172199, 34.763042>, 0.100000
	pigment { color rgbt <1,0,0,0> }
	no_shadow
}
cylinder {
	<26.499149, 32.128754, 34.996716>,  <26.554638, 32.056343, 35.386173>, 0.100000
	pigment { color rgbt <1,0,0,0> }
	no_shadow
}

// particle -1
sphere {
	<26.499149, 32.128754, 34.996716> 0.100000
	pigment { color rgbt <1,0,0,0> }
	no_shadow
}
sphere {
	0, 1
	scale<0.080000,0.200000,0.300000>
	matrix <0.168136, -0.964573, -0.203297,
		-0.975955, -0.191906, 0.103367,
		-0.138719, 0.181029, -0.973645,
		26.457533, 32.183064, 34.704620>
	pigment { color rgbt <0,1,1,0> }
	no_shadow
}
cylinder {
	<26.186670, 31.483274, 35.057076>,  <26.554638, 32.056343, 35.386173>, 0.130000
	pigment { color rgbt <1,0,0,0> }
	no_shadow
}

// nucleotide -1

// particle -1
sphere {
	<26.186670, 31.483274, 35.057076> 0.250000
	pigment { color rgbt <1,0,0,0> }
	no_shadow
}
cylinder {
	<26.351133, 31.665405, 34.741196>,  <26.449812, 31.774685, 34.551666>, 0.100000
	pigment { color rgbt <1,0,0,0> }
	no_shadow
}
cylinder {
	<26.351133, 31.665405, 34.741196>,  <26.186670, 31.483274, 35.057076>, 0.100000
	pigment { color rgbt <1,0,0,0> }
	no_shadow
}

// particle -1
sphere {
	<26.351133, 31.665405, 34.741196> 0.100000
	pigment { color rgbt <1,0,0,0> }
	no_shadow
}
sphere {
	0, 1
	scale<0.080000,0.200000,0.300000>
	matrix <-0.012824, -0.863338, -0.504463,
		-0.911474, 0.217541, -0.349129,
		0.411158, 0.455328, -0.789699,
		26.474482, 31.802004, 34.504284>
	pigment { color rgbt <0,1,1,0> }
	no_shadow
}
cylinder {
	<26.345619, 30.730299, 34.999809>,  <26.186670, 31.483274, 35.057076>, 0.130000
	pigment { color rgbt <1,0,0,0> }
	no_shadow
}

// nucleotide -1

// particle -1
sphere {
	<26.345619, 30.730299, 34.999809> 0.250000
	pigment { color rgbt <1,0,0,0> }
	no_shadow
}
cylinder {
	<26.258041, 30.675669, 34.613358>,  <26.205494, 30.642891, 34.381485>, 0.100000
	pigment { color rgbt <1,0,0,0> }
	no_shadow
}
cylinder {
	<26.258041, 30.675669, 34.613358>,  <26.345619, 30.730299, 34.999809>, 0.100000
	pigment { color rgbt <1,0,0,0> }
	no_shadow
}

// particle -1
sphere {
	<26.258041, 30.675669, 34.613358> 0.100000
	pigment { color rgbt <1,0,0,0> }
	no_shadow
}
sphere {
	0, 1
	scale<0.080000,0.200000,0.300000>
	matrix <0.357102, 0.910244, -0.209605,
		0.908042, -0.390899, -0.150525,
		-0.218949, -0.136577, -0.966131,
		26.192358, 30.634695, 34.323517>
	pigment { color rgbt <0,1,1,0> }
	no_shadow
}
cylinder {
	<26.928864, 30.938776, 34.575642>,  <26.345619, 30.730299, 34.999809>, 0.130000
	pigment { color rgbt <1,0,0,0> }
	no_shadow
}

// nucleotide -1

// particle -1
sphere {
	<26.928864, 30.938776, 34.575642> 0.250000
	pigment { color rgbt <1,0,0,0> }
	no_shadow
}
cylinder {
	<26.584776, 30.989491, 34.378078>,  <26.378325, 31.019920, 34.259541>, 0.100000
	pigment { color rgbt <1,0,0,0> }
	no_shadow
}
cylinder {
	<26.584776, 30.989491, 34.378078>,  <26.928864, 30.938776, 34.575642>, 0.100000
	pigment { color rgbt <1,0,0,0> }
	no_shadow
}

// particle -1
sphere {
	<26.584776, 30.989491, 34.378078> 0.100000
	pigment { color rgbt <1,0,0,0> }
	no_shadow
}
sphere {
	0, 1
	scale<0.080000,0.200000,0.300000>
	matrix <0.097782, 0.991635, 0.084253,
		0.500463, 0.024180, -0.865420,
		-0.860218, 0.126788, -0.493913,
		26.326710, 31.027527, 34.229904>
	pigment { color rgbt <0,1,1,0> }
	no_shadow
}
cylinder {
	<27.122704, 31.452866, 34.045361>,  <26.928864, 30.938776, 34.575642>, 0.130000
	pigment { color rgbt <1,0,0,0> }
	no_shadow
}

// nucleotide -1

// particle -1
sphere {
	<27.122704, 31.452866, 34.045361> 0.250000
	pigment { color rgbt <1,0,0,0> }
	no_shadow
}
cylinder {
	<26.730135, 31.414709, 34.111946>,  <26.494593, 31.391815, 34.151897>, 0.100000
	pigment { color rgbt <1,0,0,0> }
	no_shadow
}
cylinder {
	<26.730135, 31.414709, 34.111946>,  <27.122704, 31.452866, 34.045361>, 0.100000
	pigment { color rgbt <1,0,0,0> }
	no_shadow
}

// particle -1
sphere {
	<26.730135, 31.414709, 34.111946> 0.100000
	pigment { color rgbt <1,0,0,0> }
	no_shadow
}
sphere {
	0, 1
	scale<0.080000,0.200000,0.300000>
	matrix <-0.092480, 0.995397, 0.025161,
		-0.168094, 0.009299, -0.985727,
		-0.981423, -0.095389, 0.166460,
		26.435707, 31.386093, 34.161884>
	pigment { color rgbt <0,1,1,0> }
	no_shadow
}
cylinder {
	<26.636909, 31.951498, 33.561329>,  <27.122704, 31.452866, 34.045361>, 0.130000
	pigment { color rgbt <1,0,0,0> }
	no_shadow
}

// nucleotide -1

// particle -1
sphere {
	<26.636909, 31.951498, 33.561329> 0.250000
	pigment { color rgbt <1,0,0,0> }
	no_shadow
}
cylinder {
	<26.425009, 31.887644, 33.894527>,  <26.297869, 31.849331, 34.094448>, 0.100000
	pigment { color rgbt <1,0,0,0> }
	no_shadow
}
cylinder {
	<26.425009, 31.887644, 33.894527>,  <26.636909, 31.951498, 33.561329>, 0.100000
	pigment { color rgbt <1,0,0,0> }
	no_shadow
}

// particle -1
sphere {
	<26.425009, 31.887644, 33.894527> 0.100000
	pigment { color rgbt <1,0,0,0> }
	no_shadow
}
sphere {
	0, 1
	scale<0.080000,0.200000,0.300000>
	matrix <-0.241951, 0.969762, 0.031972,
