// switches for output
#declare DRAW_BASES = 1; // possible values are 0, 1; only relevant for DNA ribbons
#declare DRAW_BASES_TYPE = 3; // possible values are 1, 2, 3; only relevant for DNA ribbons
#declare DRAW_FOG = 0; // set to 1 to enable fog

#include "colors.inc"

#include "transforms.inc"
background { rgb <1, 1, 1>}

#default {
   normal{
       ripples 0.25
       frequency 0.20
       turbulence 0.2
       lambda 5
   }
	finish {
		phong 0.1
		phong_size 40.
	}
}

// original window dimensions: 1024x640


// camera settings

camera {
	sky <0, 0.179814, -0.983701>
	up <0, 0.179814, -0.983701>
	right 1.6 * <1, 0, 0>
	location <35, 94.9851, 44.8844>
	look_at <35, 29.7336, 32.9568>
	direction <0, -65.2515, -11.9276>
	angle 67.0682
}


# declare cpy_camera_pos = <35, 94.9851, 44.8844>;
# if (DRAW_FOG = 1)
fog {
	fog_type 2
	up vnormalize(cpy_camera_pos)
	color rgbt<1,1,1,0.3>
	distance 1e-5
	fog_alt 3e-3
	fog_offset 56
}
# end


// LIGHTS

# declare lum = 6;
global_settings {
	ambient_light rgb lum * <0.05, 0.05, 0.05>
	max_trace_level 15
}# declare cpy_direct_light_amount = 0.25;
light_source
{	1000 * <-1, -1.16352, -0.803886>,
	rgb lum * cpy_direct_light_amount
	parallel
}

light_source
{	1000 * <1, 1.16352, 0.803886>,
	rgb lum * cpy_direct_light_amount
	parallel
}

// strand 0

// nucleotide -1

// particle -1
sphere {
	<24.507639, 35.125198, 34.960583> 0.250000
	pigment { color rgbt <1,0,0,0> }
	no_shadow
}
cylinder {
	<24.199356, 34.870331, 34.962711>,  <24.014385, 34.717411, 34.963989>, 0.100000
	pigment { color rgbt <1,0,0,0> }
	no_shadow
}
cylinder {
	<24.199356, 34.870331, 34.962711>,  <24.507639, 35.125198, 34.960583>, 0.100000
	pigment { color rgbt <1,0,0,0> }
	no_shadow
}

// particle -1
sphere {
	<24.199356, 34.870331, 34.962711> 0.100000
	pigment { color rgbt <1,0,0,0> }
	no_shadow
}
sphere {
	0, 1
	scale<0.080000,0.200000,0.300000>
	matrix <-0.611683, 0.737494, -0.286261,
		0.178472, -0.223878, -0.958137,
		-0.770708, -0.637166, 0.005321,
		23.968143, 34.679180, 34.964306>
	pigment { color rgbt <0,1,1,0> }
	no_shadow
}
cylinder {
	<24.909410, 34.476051, 35.324409>,  <24.507639, 35.125198, 34.960583>, 0.130000
	pigment { color rgbt <1,0,0,0> }
	no_shadow
}

// nucleotide -1

// particle -1
sphere {
	<24.909410, 34.476051, 35.324409> 0.250000
	pigment { color rgbt <1,0,0,0> }
	no_shadow
}
cylinder {
	<25.093691, 34.438805, 35.677471>,  <25.204258, 34.416458, 35.889309>, 0.100000
	pigment { color rgbt <1,0,0,0> }
	no_shadow
}
cylinder {
	<25.093691, 34.438805, 35.677471>,  <24.909410, 34.476051, 35.324409>, 0.100000
	pigment { color rgbt <1,0,0,0> }
	no_shadow
}

// particle -1
sphere {
	<25.093691, 34.438805, 35.677471> 0.100000
	pigment { color rgbt <1,0,0,0> }
	no_shadow
}
sphere {
	0, 1
	scale<0.080000,0.200000,0.300000>
	matrix <-0.508030, -0.843121, 0.176217,
		0.727779, -0.529600, -0.435731,
		0.460699, -0.093118, 0.882658,
		25.231901, 34.410870, 35.942268>
	pigment { color rgbt <0,1,1,0> }
	no_shadow
}
cylinder {
	<25.212677, 33.775688, 35.389091>,  <24.909410, 34.476051, 35.324409>, 0.130000
	pigment { color rgbt <1,0,0,0> }
	no_shadow
}

// nucleotide -1

// particle -1
sphere {
	<25.212677, 33.775688, 35.389091> 0.250000
	pigment { color rgbt <1,0,0,0> }
	no_shadow
}
cylinder {
	<25.129204, 33.913712, 35.755127>,  <25.079121, 33.996525, 35.974747>, 0.100000
	pigment { color rgbt <1,0,0,0> }
	no_shadow
}
cylinder {
	<25.129204, 33.913712, 35.755127>,  <25.212677, 33.775688, 35.389091>, 0.100000
	pigment { color rgbt <1,0,0,0> }
	no_shadow
}

// particle -1
sphere {
	<25.129204, 33.913712, 35.755127> 0.100000
	pigment { color rgbt <1,0,0,0> }
	no_shadow
}
sphere {
	0, 1
	scale<0.080000,0.200000,0.300000>
	matrix <-0.158434, -0.935255, 0.316538,
		0.965065, -0.078924, 0.249842,
		-0.208684, 0.345063, 0.915086,
		25.066599, 34.017231, 36.029652>
	pigment { color rgbt <0,1,1,0> }
	no_shadow
}
cylinder {
	<25.587549, 33.407753, 35.884438>,  <25.212677, 33.775688, 35.389091>, 0.130000
	pigment { color rgbt <1,0,0,0> }
	no_shadow
}

// nucleotide -1

// particle -1
sphere {
	<25.587549, 33.407753, 35.884438> 0.250000
	pigment { color rgbt <1,0,0,0> }
	no_shadow
}
cylinder {
	<25.240189, 33.550667, 36.021976>,  <25.031773, 33.636417, 36.104500>, 0.100000
	pigment { color rgbt <1,0,0,0> }
	no_shadow
}
cylinder {
	<25.240189, 33.550667, 36.021976>,  <25.587549, 33.407753, 35.884438>, 0.100000
	pigment { color rgbt <1,0,0,0> }
	no_shadow
}

// particle -1
sphere {
	<25.240189, 33.550667, 36.021976> 0.100000
	pigment { color rgbt <1,0,0,0> }
	no_shadow
}
sphere {
	0, 1
	scale<0.080000,0.200000,0.300000>
	matrix <-0.300217, -0.930717, 0.208891,
		0.394655, 0.078173, 0.915498,
		-0.868399, 0.357288, 0.343843,
		24.979670, 33.657852, 36.125130>
	pigment { color rgbt <0,1,1,0> }
	no_shadow
}
cylinder {
	<25.454313, 33.268211, 36.578777>,  <25.587549, 33.407753, 35.884438>, 0.130000
	pigment { color rgbt <1,0,0,0> }
	no_shadow
}

// nucleotide -1

// particle -1
sphere {
	<25.454313, 33.268211, 36.578777> 0.250000
	pigment { color rgbt <1,0,0,0> }
	no_shadow
}
cylinder {
	<25.132172, 33.286007, 36.342331>,  <24.938887, 33.296684, 36.200462>, 0.100000
	pigment { color rgbt <1,0,0,0> }
	no_shadow
}
cylinder {
	<25.132172, 33.286007, 36.342331>,  <25.454313, 33.268211, 36.578777>, 0.100000
	pigment { color rgbt <1,0,0,0> }
	no_shadow
}

// particle -1
sphere {
	<25.132172, 33.286007, 36.342331> 0.100000
	pigment { color rgbt <1,0,0,0> }
	no_shadow
}
sphere {
	0, 1
	scale<0.080000,0.200000,0.300000>
	matrix <-0.201870, -0.958160, 0.202923,
		-0.557359, 0.282755, 0.780641,
		-0.805356, 0.044487, -0.591119,
		24.890564, 33.299355, 36.164993>
	pigment { color rgbt <0,1,1,0> }
	no_shadow
}
cylinder {
	<25.039225, 32.704327, 36.761505>,  <25.454313, 33.268211, 36.578777>, 0.130000
	pigment { color rgbt <1,0,0,0> }
	no_shadow
}

// nucleotide -1

// particle -1
sphere {
	<25.039225, 32.704327, 36.761505> 0.250000
	pigment { color rgbt <1,0,0,0> }
	no_shadow
}
cylinder {
	<24.895031, 32.780018, 36.396156>,  <24.808514, 32.825432, 36.176949>, 0.100000
	pigment { color rgbt <1,0,0,0> }
	no_shadow
}
cylinder {
	<24.895031, 32.780018, 36.396156>,  <25.039225, 32.704327, 36.761505>, 0.100000
	pigment { color rgbt <1,0,0,0> }
	no_shadow
}

// particle -1
sphere {
	<24.895031, 32.780018, 36.396156> 0.100000
	pigment { color rgbt <1,0,0,0> }
	no_shadow
}
sphere {
	0, 1
	scale<0.080000,0.200000,0.300000>
	matrix <-0.151649, -0.978068, -0.142776,
		-0.920355, 0.087043, 0.381275,
		-0.360486, 0.189225, -0.913370,
		24.786884, 32.836784, 36.122147>
	pigment { color rgbt <0,1,1,0> }
	no_shadow
}
cylinder {
	<25.739952, 32.517399, 36.579998>,  <25.039225, 32.704327, 36.761505>, 0.130000
	pigment { color rgbt <1,0,0,0> }
	no_shadow
}

// nucleotide -1

// particle -1
sphere {
	<25.739952, 32.517399, 36.579998> 0.250000
	pigment { color rgbt <1,0,0,0> }
	no_shadow
}
cylinder {
	<25.941774, 32.199360, 36.445393>,  <26.062868, 32.008537, 36.364632>, 0.100000
	pigment { color rgbt <1,0,0,0> }
	no_shadow
}
cylinder {
	<25.941774, 32.199360, 36.445393>,  <25.739952, 32.517399, 36.579998>, 0.100000
	pigment { color rgbt <1,0,0,0> }
	no_shadow
}

// particle -1
sphere {
	<25.941774, 32.199360, 36.445393> 0.100000
	pigment { color rgbt <1,0,0,0> }
	no_shadow
}
sphere {
	0, 1
	scale<0.080000,0.200000,0.300000>
	matrix <0.085920, -0.341584, 0.935916,
		-0.859093, -0.501136, -0.104033,
		0.504557, -0.795099, -0.336510,
		26.093142, 31.960831, 36.344440>
	pigment { color rgbt <0,1,1,0> }
	no_shadow
}
cylinder {
	<25.558405, 32.030731, 37.022167>,  <25.739952, 32.517399, 36.579998>, 0.130000
	pigment { color rgbt <1,0,0,0> }
	no_shadow
}

// nucleotide -1

// particle -1
sphere {
	<25.558405, 32.030731, 37.022167> 0.250000
	pigment { color rgbt <1,0,0,0> }
	no_shadow
}
cylinder {
	<25.861235, 31.840382, 36.843109>,  <26.042933, 31.726171, 36.735676>, 0.100000
	pigment { color rgbt <1,0,0,0> }
	no_shadow
}
cylinder {
	<25.861235, 31.840382, 36.843109>,  <25.558405, 32.030731, 37.022167>, 0.100000
	pigment { color rgbt <1,0,0,0> }
	no_shadow
}

// particle -1
sphere {
	<25.861235, 31.840382, 36.843109> 0.100000
	pigment { color rgbt <1,0,0,0> }
	no_shadow
}
sphere {
	0, 1
	scale<0.080000,0.200000,0.300000>
	matrix <0.094820, -0.597881, 0.795957,
		-0.646414, -0.645042, -0.407517,
		0.757072, -0.475877, -0.447641,
		26.088356, 31.697618, 36.708817>
	pigment { color rgbt <0,1,1,0> }
	no_shadow
}
cylinder {
	<25.437138, 31.358675, 37.092716>,  <25.558405, 32.030731, 37.022167>, 0.130000
	pigment { color rgbt <1,0,0,0> }
	no_shadow
}

// nucleotide -1

// particle -1
sphere {
	<25.437138, 31.358675, 37.092716> 0.250000
	pigment { color rgbt <1,0,0,0> }
	no_shadow
}
cylinder {
	<25.833548, 31.378290, 37.042969>,  <26.071394, 31.390059, 37.013119>, 0.100000
	pigment { color rgbt <1,0,0,0> }
	no_shadow
}
cylinder {
	<25.833548, 31.378290, 37.042969>,  <25.437138, 31.358675, 37.092716>, 0.100000
	pigment { color rgbt <1,0,0,0> }
	no_shadow
}

// particle -1
sphere {
	<25.833548, 31.378290, 37.042969> 0.100000
	pigment { color rgbt <1,0,0,0> }
	no_shadow
}
sphere {
	0, 1
	scale<0.080000,0.200000,0.300000>
	matrix <0.123220, -0.695937, 0.707452,
		-0.051863, -0.716426, -0.695733,
		0.991023, 0.049038, -0.124372,
		26.130854, 31.393002, 37.005657>
	pigment { color rgbt <0,1,1,0> }
	no_shadow
}
cylinder {
	<25.592945, 30.676172, 36.939106>,  <25.437138, 31.358675, 37.092716>, 0.130000
	pigment { color rgbt <1,0,0,0> }
	no_shadow
}

// nucleotide -1

// particle -1
sphere {
	<25.592945, 30.676172, 36.939106> 0.250000
	pigment { color rgbt <1,0,0,0> }
	no_shadow
}
cylinder {
	<25.927032, 30.864614, 37.052574>,  <26.127485, 30.977680, 37.120655>, 0.100000
	pigment { color rgbt <1,0,0,0> }
	no_shadow
}
cylinder {
	<25.927032, 30.864614, 37.052574>,  <25.592945, 30.676172, 36.939106>, 0.100000
	pigment { color rgbt <1,0,0,0> }
	no_shadow
}

// particle -1
sphere {
	<25.927032, 30.864614, 37.052574> 0.100000
	pigment { color rgbt <1,0,0,0> }
	no_shadow
}
sphere {
	0, 1
	scale<0.080000,0.200000,0.300000>
	matrix <0.289563, -0.815297, 0.501443,
		0.467506, -0.336675, -0.817366,
		0.835219, 0.471106, 0.283667,
		26.177599, 31.005947, 37.137676>
	pigment { color rgbt <0,1,1,0> }
	no_shadow
}
cylinder {
	<26.192829, 30.233015, 36.733246>,  <25.592945, 30.676172, 36.939106>, 0.130000
	pigment { color rgbt <1,0,0,0> }
	no_shadow
}

// nucleotide -1

// particle -1
sphere {
	<26.192829, 30.233015, 36.733246> 0.250000
	pigment { color rgbt <1,0,0,0> }
	no_shadow
}
cylinder {
	<26.314602, 30.472086, 37.029922>,  <26.387665, 30.615528, 37.207928>, 0.100000
	pigment { color rgbt <1,0,0,0> }
	no_shadow
}
cylinder {
	<26.314602, 30.472086, 37.029922>,  <26.192829, 30.233015, 36.733246>, 0.100000
	pigment { color rgbt <1,0,0,0> }
	no_shadow
}

// particle -1
sphere {
	<26.314602, 30.472086, 37.029922> 0.100000
	pigment { color rgbt <1,0,0,0> }
	no_shadow
}
sphere {
	0, 1
	scale<0.080000,0.200000,0.300000>
	matrix <0.291059, -0.799775, 0.525019,
		0.906977, 0.056044, -0.417435,
		0.304430, 0.597678, 0.741689,
		26.405931, 30.651390, 37.252430>
	pigment { color rgbt <0,1,1,0> }
	no_shadow
}
cylinder {
	<26.645876, 29.724962, 37.132450>,  <26.192829, 30.233015, 36.733246>, 0.130000
	pigment { color rgbt <1,0,0,0> }
	no_shadow
}

// nucleotide -1

// particle -1
sphere {
	<26.645876, 29.724962, 37.132450> 0.250000
	pigment { color rgbt <1,0,0,0> }
	no_shadow
}
cylinder {
	<26.609636, 30.030722, 37.387787>,  <26.587893, 30.214178, 37.540989>, 0.100000
	pigment { color rgbt <1,0,0,0> }
	no_shadow
}
cylinder {
	<26.609636, 30.030722, 37.387787>,  <26.645876, 29.724962, 37.132450>, 0.100000
	pigment { color rgbt <1,0,0,0> }
	no_shadow
}

// particle -1
sphere {
	<26.609636, 30.030722, 37.387787> 0.100000
	pigment { color rgbt <1,0,0,0> }
	no_shadow
}
sphere {
	0, 1
	scale<0.080000,0.200000,0.300000>
	matrix <0.323636, -0.583591, 0.744769,
		0.941834, 0.274068, -0.194514,
		-0.090600, 0.764401, 0.638344,
		26.582457, 30.260042, 37.579288>
	pigment { color rgbt <0,1,1,0> }
	no_shadow
}
cylinder {
	<27.281651, 29.781197, 37.370655>,  <26.645876, 29.724962, 37.132450>, 0.130000
	pigment { color rgbt <1,0,0,0> }
	no_shadow
}

// nucleotide -1

// particle -1
sphere {
	<27.281651, 29.781197, 37.370655> 0.250000
	pigment { color rgbt <1,0,0,0> }
	no_shadow
}
cylinder {
	<27.026735, 29.952002, 37.627258>,  <26.873787, 30.054483, 37.781219>, 0.100000
	pigment { color rgbt <1,0,0,0> }
	no_shadow
}
cylinder {
	<27.026735, 29.952002, 37.627258>,  <27.281651, 29.781197, 37.370655>, 0.100000
	pigment { color rgbt <1,0,0,0> }
	no_shadow
}

// particle -1
sphere {
	<27.026735, 29.952002, 37.627258> 0.100000
	pigment { color rgbt <1,0,0,0> }
	no_shadow
}
sphere {
	0, 1
	scale<0.080000,0.200000,0.300000>
	matrix <0.407258, -0.520083, 0.750769,
		0.654222, 0.739713, 0.157539,
		-0.637287, 0.427011, 0.641504,
		26.835548, 30.080105, 37.819710>
	pigment { color rgbt <0,1,1,0> }
	no_shadow
}
cylinder {
	<27.229836, 29.668846, 38.104725>,  <27.281651, 29.781197, 37.370655>, 0.130000
	pigment { color rgbt <1,0,0,0> }
	no_shadow
}

// nucleotide -1

// particle -1
sphere {
	<27.229836, 29.668846, 38.104725> 0.250000
	pigment { color rgbt <1,0,0,0> }
	no_shadow
}
cylinder {
	<27.236456, 30.011627, 37.898670>,  <27.240427, 30.217295, 37.775040>, 0.100000
	pigment { color rgbt <1,0,0,0> }
	no_shadow
}
cylinder {
	<27.236456, 30.011627, 37.898670>,  <27.229836, 29.668846, 38.104725>, 0.100000
	pigment { color rgbt <1,0,0,0> }
	no_shadow
}

// particle -1
sphere {
	<27.236456, 30.011627, 37.898670> 0.100000
	pigment { color rgbt <1,0,0,0> }
	no_shadow
}
sphere {
	0, 1
	scale<0.080000,0.200000,0.300000>
	matrix <-0.847614, 0.285303, 0.447385,
		0.530356, 0.429230, 0.731084,
		0.016550, 0.856950, -0.515133,
		27.241421, 30.268713, 37.744129>
	pigment { color rgbt <0,1,1,0> }
	no_shadow
}
cylinder {
	<26.944008, 30.244040, 38.561810>,  <27.229836, 29.668846, 38.104725>, 0.130000
	pigment { color rgbt <1,0,0,0> }
	no_shadow
}

// nucleotide -1

// particle -1
sphere {
	<26.944008, 30.244040, 38.561810> 0.250000
	pigment { color rgbt <1,0,0,0> }
	no_shadow
}
cylinder {
	<26.937855, 30.419746, 38.202518>,  <26.934162, 30.525171, 37.986946>, 0.100000
	pigment { color rgbt <1,0,0,0> }
	no_shadow
}
cylinder {
	<26.937855, 30.419746, 38.202518>,  <26.944008, 30.244040, 38.561810>, 0.100000
	pigment { color rgbt <1,0,0,0> }
	no_shadow
}

// particle -1
sphere {
	<26.937855, 30.419746, 38.202518> 0.100000
	pigment { color rgbt <1,0,0,0> }
	no_shadow
}
sphere {
	0, 1
	scale<0.080000,0.200000,0.300000>
	matrix <-0.735031, 0.604045, 0.307991,
		0.677859, 0.664960, 0.313585,
		-0.015382, 0.439269, -0.898224,
		26.933241, 30.551527, 37.933052>
	pigment { color rgbt <0,1,1,0> }
	no_shadow
}
cylinder {
	<27.105974, 30.971222, 38.651817>,  <26.944008, 30.244040, 38.561810>, 0.130000
	pigment { color rgbt <1,0,0,0> }
	no_shadow
}

// nucleotide -1

// particle -1
sphere {
	<27.105974, 30.971222, 38.651817> 0.250000
	pigment { color rgbt <1,0,0,0> }
	no_shadow
}
cylinder {
	<26.832005, 30.844763, 38.389236>,  <26.667624, 30.768888, 38.231689>, 0.100000
	pigment { color rgbt <1,0,0,0> }
	no_shadow
}
cylinder {
	<26.832005, 30.844763, 38.389236>,  <27.105974, 30.971222, 38.651817>, 0.100000
	pigment { color rgbt <1,0,0,0> }
	no_shadow
}

// particle -1
sphere {
	<26.832005, 30.844763, 38.389236> 0.100000
	pigment { color rgbt <1,0,0,0> }
	no_shadow
}
sphere {
	0, 1
	scale<0.080000,0.200000,0.300000>
	matrix <-0.717792, 0.447483, 0.533417,
		0.125114, 0.836547, -0.533418,
		-0.684924, -0.316146, -0.656453,
		26.626528, 30.749920, 38.192299>
	pigment { color rgbt <0,1,1,0> }
	no_shadow
}
cylinder {
	<26.908987, 31.455778, 38.132851>,  <27.105974, 30.971222, 38.651817>, 0.130000
	pigment { color rgbt <1,0,0,0> }
	no_shadow
}

// nucleotide -1

// particle -1
sphere {
	<26.908987, 31.455778, 38.132851> 0.250000
	pigment { color rgbt <1,0,0,0> }
	no_shadow
}
cylinder {
	<26.781881, 31.210775, 37.843338>,  <26.705618, 31.063774, 37.669632>, 0.100000
	pigment { color rgbt <1,0,0,0> }
	no_shadow
}
cylinder {
	<26.781881, 31.210775, 37.843338>,  <26.908987, 31.455778, 38.132851>, 0.100000
	pigment { color rgbt <1,0,0,0> }
	no_shadow
}

// particle -1
sphere {
	<26.781881, 31.210775, 37.843338> 0.100000
	pigment { color rgbt <1,0,0,0> }
	no_shadow
}
sphere {
	0, 1
	scale<0.080000,0.200000,0.300000>
	matrix <-0.053249, 0.773671, -0.631346,
		0.946673, -0.162080, -0.278462,
		-0.317766, -0.612505, -0.723783,
		26.686552, 31.027023, 37.626202>
	pigment { color rgbt <0,1,1,0> }
	no_shadow
}
cylinder {
	<27.287291, 31.618593, 37.536606>,  <26.908987, 31.455778, 38.132851>, 0.130000
	pigment { color rgbt <1,0,0,0> }
	no_shadow
}

// nucleotide -1

// particle -1
sphere {
	<27.287291, 31.618593, 37.536606> 0.250000
	pigment { color rgbt <1,0,0,0> }
	no_shadow
}
cylinder {
	<26.972916, 31.423790, 37.384224>,  <26.784290, 31.306908, 37.292793>, 0.100000
	pigment { color rgbt <1,0,0,0> }
	no_shadow
}
cylinder {
	<26.972916, 31.423790, 37.384224>,  <27.287291, 31.618593, 37.536606>, 0.100000
	pigment { color rgbt <1,0,0,0> }
	no_shadow
}

// particle -1
sphere {
	<26.972916, 31.423790, 37.384224> 0.100000
	pigment { color rgbt <1,0,0,0> }
	no_shadow
}
sphere {
	0, 1
	scale<0.080000,0.200000,0.300000>
	matrix <-0.164583, 0.758676, -0.630336,
		0.596000, -0.432706, -0.676424,
		-0.785937, -0.487008, -0.380955,
		26.737135, 31.277687, 37.269936>
	pigment { color rgbt <0,1,1,0> }
	no_shadow
}
cylinder {
	<27.468098, 31.575628, 36.819653>,  <27.287291, 31.618593, 37.536606>, 0.130000
	pigment { color rgbt <1,0,0,0> }
	no_shadow
}

// nucleotide -1

// particle -1
sphere {
	<27.468098, 31.575628, 36.819653> 0.250000
	pigment { color rgbt <1,0,0,0> }
	no_shadow
}
cylinder {
	<27.079088, 31.501165, 36.875568>,  <26.845682, 31.456488, 36.909119>, 0.100000
	pigment { color rgbt <1,0,0,0> }
	no_shadow
}
cylinder {
	<27.079088, 31.501165, 36.875568>,  <27.468098, 31.575628, 36.819653>, 0.100000
	pigment { color rgbt <1,0,0,0> }
	no_shadow
}

// particle -1
sphere {
	<27.079088, 31.501165, 36.875568> 0.100000
	pigment { color rgbt <1,0,0,0> }
	no_shadow
}
sphere {
	0, 1
	scale<0.080000,0.200000,0.300000>
	matrix <-0.212126, 0.461279, -0.861524,
		0.095896, -0.867507, -0.488094,
		-0.972525, -0.186155, 0.139786,
		26.787331, 31.445318, 36.917503>
	pigment { color rgbt <0,1,1,0> }
	no_shadow
}
cylinder {
	<27.194006, 31.044516, 36.349941>,  <27.468098, 31.575628, 36.819653>, 0.130000
	pigment { color rgbt <1,0,0,0> }
	no_shadow
}

// nucleotide -1

// particle -1
sphere {
	<27.194006, 31.044516, 36.349941> 0.250000
	pigment { color rgbt <1,0,0,0> }
	no_shadow
}
cylinder {
	<26.905708, 31.303112, 36.450001>,  <26.732729, 31.458269, 36.510036>, 0.100000
	pigment { color rgbt <1,0,0,0> }
	no_shadow
}
cylinder {
	<26.905708, 31.303112, 36.450001>,  <27.194006, 31.044516, 36.349941>, 0.100000
	pigment { color rgbt <1,0,0,0> }
	no_shadow
}

// particle -1
sphere {
	<26.905708, 31.303112, 36.450001> 0.100000
	pigment { color rgbt <1,0,0,0> }
	no_shadow
}
sphere {
	0, 1
	scale<0.080000,0.200000,0.300000>
	matrix <-0.104909, 0.254976, -0.961239,
		-0.685215, -0.719052, -0.115950,
		-0.720746, 0.646492, 0.250149,
		26.689486, 31.497059, 36.525043>
	pigment { color rgbt <0,1,1,0> }
	no_shadow
}
cylinder {
	<26.588554, 30.975508, 36.020195>,  <27.194006, 31.044516, 36.349941>, 0.130000
	pigment { color rgbt <1,0,0,0> }
	no_shadow
}

// nucleotide -1

// particle -1
sphere {
	<26.588554, 30.975508, 36.020195> 0.250000
	pigment { color rgbt <1,0,0,0> }
	no_shadow
}
cylinder {
	<26.618000, 31.363689, 36.112106>,  <26.635668, 31.596598, 36.167255>, 0.100000
	pigment { color rgbt <1,0,0,0> }
	no_shadow
}
cylinder {
	<26.618000, 31.363689, 36.112106>,  <26.588554, 30.975508, 36.020195>, 0.100000
	pigment { color rgbt <1,0,0,0> }
	no_shadow
}

// particle -1
sphere {
	<26.618000, 31.363689, 36.112106> 0.100000
	pigment { color rgbt <1,0,0,0> }
	no_shadow
}
sphere {
	0, 1
	scale<0.080000,0.200000,0.300000>
	matrix <-0.081852, 0.235510, -0.968419,
		-0.993922, 0.052482, 0.096771,
		0.073615, 0.970454, 0.229783,
		26.640085, 31.654825, 36.181042>
	pigment { color rgbt <0,1,1,0> }
	no_shadow
}
cylinder {
	<25.915951, 31.242704, 35.725197>,  <26.588554, 30.975508, 36.020195>, 0.130000
	pigment { color rgbt <1,0,0,0> }
	no_shadow
}

// nucleotide -1

// particle -1
sphere {
	<25.915951, 31.242704, 35.725197> 0.250000
	pigment { color rgbt <1,0,0,0> }
	no_shadow
}
cylinder {
	<26.273529, 31.417627, 35.764431>,  <26.488077, 31.522581, 35.787971>, 0.100000
	pigment { color rgbt <1,0,0,0> }
	no_shadow
}
cylinder {
	<26.273529, 31.417627, 35.764431>,  <25.915951, 31.242704, 35.725197>, 0.100000
	pigment { color rgbt <1,0,0,0> }
	no_shadow
}

// particle -1
sphere {
	<26.273529, 31.417627, 35.764431> 0.100000
	pigment { color rgbt <1,0,0,0> }
	no_shadow
}
sphere {
	0, 1
	scale<0.080000,0.200000,0.300000>
	matrix <0.115790, -0.013939, -0.993176,
		-0.432956, 0.899204, -0.063096,
		0.893947, 0.437308, 0.098084,
		26.541714, 31.548820, 35.793858>
	pigment { color rgbt <0,1,1,0> }
	no_shadow
}
cylinder {
	<25.957315, 31.933273, 35.341717>,  <25.915951, 31.242704, 35.725197>, 0.130000
	pigment { color rgbt <1,0,0,0> }
	no_shadow
}

// nucleotide -1

// particle -1
sphere {
	<25.957315, 31.933273, 35.341717> 0.250000
	pigment { color rgbt <1,0,0,0> }
	no_shadow
}
cylinder {
	<26.283800, 31.703743, 35.368614>,  <26.479691, 31.566025, 35.384754>, 0.100000
	pigment { color rgbt <1,0,0,0> }
	no_shadow
}
cylinder {
	<26.283800, 31.703743, 35.368614>,  <25.957315, 31.933273, 35.341717>, 0.100000
	pigment { color rgbt <1,0,0,0> }
	no_shadow
}

// particle -1
sphere {
	<26.283800, 31.703743, 35.368614> 0.100000
	pigment { color rgbt <1,0,0,0> }
	no_shadow
}
sphere {
	0, 1
	scale<0.080000,0.200000,0.300000>
	matrix <0.058770, -0.033326, -0.997715,
		0.574754, 0.818300, 0.006523,
		0.816213, -0.573825, 0.067246,
		26.528664, 31.531595, 35.388786>
	pigment { color rgbt <0,1,1,0> }
	no_shadow
}
cylinder {
	<26.548349, 32.164036, 34.917610>,  <25.957315, 31.933273, 35.341717>, 0.130000
	pigment { color rgbt <1,0,0,0> }
	no_shadow
}

// nucleotide -1

// particle -1
sphere {
	<26.548349, 32.164036, 34.917610> 0.250000
	pigment { color rgbt <1,0,0,0> }
	no_shadow
}
cylinder {
	<26.565260, 31.767897, 34.970417>,  <26.575407, 31.530214, 35.002102>, 0.100000
	pigment { color rgbt <1,0,0,0> }
	no_shadow
}
cylinder {
	<26.565260, 31.767897, 34.970417>,  <26.548349, 32.164036, 34.917610>, 0.100000
	pigment { color rgbt <1,0,0,0> }
	no_shadow
}

// particle -1
sphere {
	<26.565260, 31.767897, 34.970417> 0.100000
	pigment { color rgbt <1,0,0,0> }
	no_shadow
}
sphere {
	0, 1
	scale<0.080000,0.200000,0.300000>
	matrix <-0.012064, -0.132635, -0.991092,
		0.999033, 0.040310, -0.017555,
		0.042279, -0.990345, 0.132020,
		26.577944, 31.470793, 35.010025>
	pigment { color rgbt <0,1,1,0> }
	no_shadow
}
cylinder {
	<27.228752, 31.861919, 34.917179>,  <26.548349, 32.164036, 34.917610>, 0.130000
	pigment { color rgbt <1,0,0,0> }
	no_shadow
}

// nucleotide -1

// particle -1
sphere {
	<27.228752, 31.861919, 34.917179> 0.250000
	pigment { color rgbt <1,0,0,0> }
	no_shadow
}
cylinder {
	<27.548710, 32.101326, 34.899532>,  <27.740685, 32.244968, 34.888947>, 0.100000
	pigment { color rgbt <1,0,0,0> }
	no_shadow
}
cylinder {
	<27.548710, 32.101326, 34.899532>,  <27.228752, 31.861919, 34.917179>, 0.100000
	pigment { color rgbt <1,0,0,0> }
	no_shadow
}

// particle -1
sphere {
	<27.548710, 32.101326, 34.899532> 0.100000
	pigment { color rgbt <1,0,0,0> }
	no_shadow
}
sphere {
	0, 1
	scale<0.080000,0.200000,0.300000>
	matrix <-0.219636, 0.360358, 0.906588,
		0.558506, -0.715485, 0.419704,
		0.799895, 0.598517, -0.044115,
		27.788679, 32.280880, 34.886299>
	pigment { color rgbt <0,1,1,0> }
	no_shadow
}
cylinder {
	<27.499063, 31.772203, 35.610218>,  <27.228752, 31.861919, 34.917179>, 0.130000
	pigment { color rgbt <1,0,0,0> }
	no_shadow
}

// nucleotide -1

// particle -1
sphere {
	<27.499063, 31.772203, 35.610218> 0.250000
	pigment { color rgbt <1,0,0,0> }
	no_shadow
}
cylinder {
	<27.661564, 32.090714, 35.430927>,  <27.759064, 32.281818, 35.323353>, 0.100000
	pigment { color rgbt <1,0,0,0> }
	no_shadow
}
cylinder {
	<27.661564, 32.090714, 35.430927>,  <27.499063, 31.772203, 35.610218>, 0.100000
	pigment { color rgbt <1,0,0,0> }
	no_shadow
}

// particle -1
sphere {
	<27.661564, 32.090714, 35.430927> 0.100000
	pigment { color rgbt <1,0,0,0> }
	no_shadow
}
sphere {
	0, 1
	scale<0.080000,0.200000,0.300000>
	matrix <0.015957, 0.484269, 0.874773,
		0.913623, -0.362528, 0.184027,
		0.406248, 0.796277, -0.448225,
		27.783438, 32.329597, 35.296459>
	pigment { color rgbt <0,1,1,0> }
	no_shadow
}
cylinder {
	<27.778051, 31.093067, 35.763874>,  <27.499063, 31.772203, 35.610218>, 0.130000
	pigment { color rgbt <1,0,0,0> }
	no_shadow
}

// nucleotide -1

// particle -1
sphere {
	<27.778051, 31.093067, 35.763874> 0.250000
	pigment { color rgbt <1,0,0,0> }
	no_shadow
}
cylinder {
	<27.937910, 30.897247, 36.073875>,  <28.033825, 30.779757, 36.259876>, 0.100000
	pigment { color rgbt <1,0,0,0> }
	no_shadow
}
cylinder {
	<27.937910, 30.897247, 36.073875>,  <27.778051, 31.093067, 35.763874>, 0.100000
	pigment { color rgbt <1,0,0,0> }
	no_shadow
}

// particle -1
sphere {
	<27.937910, 30.897247, 36.073875> 0.100000
	pigment { color rgbt <1,0,0,0> }
	no_shadow
}
sphere {
	0, 1
	scale<0.080000,0.200000,0.300000>
	matrix <-0.897858, -0.038651, 0.438585,
		-0.184754, -0.871119, -0.454992,
		0.399646, -0.489549, 0.775000,
		28.057804, 30.750383, 36.306377>
	pigment { color rgbt <0,1,1,0> }
	no_shadow
}
cylinder {
	<28.510170, 31.339098, 35.600807>,  <27.778051, 31.093067, 35.763874>, 0.130000
	pigment { color rgbt <1,0,0,0> }
	no_shadow
}

// nucleotide -1

// particle -1
sphere {
	<28.510170, 31.339098, 35.600807> 0.250000
	pigment { color rgbt <1,0,0,0> }
	no_shadow
}
cylinder {
	<28.885201, 31.305759, 35.465748>,  <29.110218, 31.285757, 35.384712>, 0.100000
	pigment { color rgbt <1,0,0,0> }
	no_shadow
}
cylinder {
	<28.885201, 31.305759, 35.465748>,  <28.510170, 31.339098, 35.600807>, 0.100000
	pigment { color rgbt <1,0,0,0> }
	no_shadow
}

// particle -1
sphere {
	<28.885201, 31.305759, 35.465748> 0.100000
	pigment { color rgbt <1,0,0,0> }
	no_shadow
}
sphere {
	0, 1
	scale<0.080000,0.200000,0.300000>
	matrix <0.188415, -0.694312, 0.694572,
		-0.292321, -0.714832, -0.635266,
		0.937575, -0.083344, -0.337647,
		29.166473, 31.280756, 35.364452>
	pigment { color rgbt <0,1,1,0> }
	no_shadow
}
cylinder {
	<28.271278, 31.531305, 34.941898>,  <28.510170, 31.339098, 35.600807>, 0.130000
	pigment { color rgbt <1,0,0,0> }
	no_shadow
}

// nucleotide -1

// particle -1
sphere {
	<28.271278, 31.531305, 34.941898> 0.250000
	pigment { color rgbt <1,0,0,0> }
	no_shadow
}
cylinder {
	<28.419855, 31.447580, 34.580078>,  <28.509001, 31.397345, 34.362984>, 0.100000
	pigment { color rgbt <1,0,0,0> }
	no_shadow
}
cylinder {
	<28.419855, 31.447580, 34.580078>,  <28.271278, 31.531305, 34.941898>, 0.100000
	pigment { color rgbt <1,0,0,0> }
	no_shadow
}

// particle -1
sphere {
	<28.419855, 31.447580, 34.580078> 0.100000
	pigment { color rgbt <1,0,0,0> }
	no_shadow
}
sphere {
	0, 1
	scale<0.080000,0.200000,0.300000>
	matrix <0.849559, -0.316395, 0.422071,
		-0.374542, -0.925247, 0.060304,
		0.371440, -0.209315, -0.904555,
		28.531288, 31.384787, 34.308712>
	pigment { color rgbt <0,1,1,0> }
	no_shadow
}
cylinder {
	<28.463583, 30.824263, 34.891888>,  <28.271278, 31.531305, 34.941898>, 0.130000
	pigment { color rgbt <1,0,0,0> }
	no_shadow
}

// nucleotide -1

// particle -1
sphere {
	<28.463583, 30.824263, 34.891888> 0.250000
	pigment { color rgbt <1,0,0,0> }
	no_shadow
}
cylinder {
	<28.705364, 31.066614, 34.684986>,  <28.850433, 31.212025, 34.560844>, 0.100000
	pigment { color rgbt <1,0,0,0> }
	no_shadow
}
cylinder {
	<28.705364, 31.066614, 34.684986>,  <28.463583, 30.824263, 34.891888>, 0.100000
	pigment { color rgbt <1,0,0,0> }
	no_shadow
}

// particle -1
sphere {
	<28.705364, 31.066614, 34.684986> 0.100000
	pigment { color rgbt <1,0,0,0> }
	no_shadow
}
sphere {
	0, 1
	scale<0.080000,0.200000,0.300000>
	matrix <0.772823, -0.288383, 0.565314,
		0.193347, -0.741448, -0.642551,
		0.604452, 0.605880, -0.517250,
		28.886700, 31.248379, 34.529812>
	pigment { color rgbt <0,1,1,0> }
	no_shadow
}
cylinder {
	<29.082066, 30.411676, 34.745674>,  <28.463583, 30.824263, 34.891888>, 0.130000
	pigment { color rgbt <1,0,0,0> }
	no_shadow
}

// nucleotide -1

// particle -1
sphere {
	<29.082066, 30.411676, 34.745674> 0.250000
	pigment { color rgbt <1,0,0,0> }
	no_shadow
}
cylinder {
	<29.208529, 30.786806, 34.688366>,  <29.284407, 31.011885, 34.653980>, 0.100000
	pigment { color rgbt <1,0,0,0> }
	no_shadow
}
cylinder {
	<29.208529, 30.786806, 34.688366>,  <29.082066, 30.411676, 34.745674>, 0.100000
	pigment { color rgbt <1,0,0,0> }
	no_shadow
}

// particle -1
sphere {
	<29.208529, 30.786806, 34.688366> 0.100000
	pigment { color rgbt <1,0,0,0> }
	no_shadow
}
sphere {
	0, 1
	scale<0.080000,0.200000,0.300000>
	matrix <0.874308, -0.229396, 0.427741,
		0.368280, -0.260499, -0.892474,
		0.316156, 0.937826, -0.143274,
		29.303375, 31.068153, 34.645382>
	pigment { color rgbt <0,1,1,0> }
	no_shadow
}
cylinder {
	<29.745863, 30.330730, 34.473728>,  <29.082066, 30.411676, 34.745674>, 0.130000
	pigment { color rgbt <1,0,0,0> }
	no_shadow
}

// nucleotide -1

// particle -1
sphere {
	<29.745863, 30.330730, 34.473728> 0.250000
	pigment { color rgbt <1,0,0,0> }
	no_shadow
}
cylinder {
	<29.732950, 30.704638, 34.615246>,  <29.725203, 30.928982, 34.700157>, 0.100000
	pigment { color rgbt <1,0,0,0> }
	no_shadow
}
cylinder {
	<29.732950, 30.704638, 34.615246>,  <29.745863, 30.330730, 34.473728>, 0.100000
	pigment { color rgbt <1,0,0,0> }
	no_shadow
}

// particle -1
sphere {
	<29.732950, 30.704638, 34.615246> 0.100000
	pigment { color rgbt <1,0,0,0> }
	no_shadow
}
sphere {
	0, 1
	scale<0.080000,0.200000,0.300000>
	matrix <0.813503, -0.181076, 0.552652,
		0.580664, 0.305655, -0.754589,
		-0.032283, 0.934766, 0.353796,
		29.723265, 30.985067, 34.721386>
	pigment { color rgbt <0,1,1,0> }
	no_shadow
}
cylinder {
	<30.463869, 30.638304, 34.403637>,  <29.745863, 30.330730, 34.473728>, 0.130000
	pigment { color rgbt <1,0,0,0> }
	no_shadow
}

// nucleotide -1

// particle -1
sphere {
	<30.463869, 30.638304, 34.403637> 0.250000
	pigment { color rgbt <1,0,0,0> }
	no_shadow
}
cylinder {
	<30.267805, 30.825197, 34.697968>,  <30.150166, 30.937332, 34.874565>, 0.100000
	pigment { color rgbt <1,0,0,0> }
	no_shadow
}
cylinder {
	<30.267805, 30.825197, 34.697968>,  <30.463869, 30.638304, 34.403637>, 0.100000
	pigment { color rgbt <1,0,0,0> }
	no_shadow
}

// particle -1
sphere {
	<30.267805, 30.825197, 34.697968> 0.100000
	pigment { color rgbt <1,0,0,0> }
	no_shadow
}
sphere {
	0, 1
	scale<0.080000,0.200000,0.300000>
	matrix <0.783464, -0.133805, 0.606861,
		0.382001, 0.873951, -0.300473,
		-0.490162, 0.467232, 0.735823,
		30.120756, 30.965366, 34.918713>
	pigment { color rgbt <0,1,1,0> }
	no_shadow
}
cylinder {
	<30.959341, 31.097912, 34.698761>,  <30.463869, 30.638304, 34.403637>, 0.130000
	pigment { color rgbt <1,0,0,0> }
	no_shadow
}

// nucleotide -1

// particle -1
sphere {
	<30.959341, 31.097912, 34.698761> 0.250000
	pigment { color rgbt <1,0,0,0> }
	no_shadow
}
cylinder {
	<30.682034, 31.050947, 34.983181>,  <30.515650, 31.022768, 35.153835>, 0.100000
	pigment { color rgbt <1,0,0,0> }
	no_shadow
}
cylinder {
	<30.682034, 31.050947, 34.983181>,  <30.959341, 31.097912, 34.698761>, 0.100000
	pigment { color rgbt <1,0,0,0> }
	no_shadow
}

// particle -1
sphere {
	<30.682034, 31.050947, 34.983181> 0.100000
	pigment { color rgbt <1,0,0,0> }
	no_shadow
}
sphere {
	0, 1
	scale<0.080000,0.200000,0.300000>
	matrix <0.711779, 0.043038, 0.701083,
		-0.112917, 0.992150, 0.053733,
		-0.693268, -0.117410, 0.711052,
		30.474052, 31.015724, 35.196495>
	pigment { color rgbt <0,1,1,0> }
	no_shadow
}
cylinder {
	<31.014875, 31.675062, 35.338356>,  <30.959341, 31.097912, 34.698761>, 0.130000
	pigment { color rgbt <1,0,0,0> }
	no_shadow
}

// nucleotide -1

// particle -1
sphere {
	<31.014875, 31.675062, 35.338356> 0.250000
	pigment { color rgbt <1,0,0,0> }
	no_shadow
}
cylinder {
	<30.896358, 31.295235, 35.379406>,  <30.825249, 31.067339, 35.404037>, 0.100000
	pigment { color rgbt <1,0,0,0> }
	no_shadow
}
cylinder {
	<30.896358, 31.295235, 35.379406>,  <31.014875, 31.675062, 35.338356>, 0.100000
	pigment { color rgbt <1,0,0,0> }
	no_shadow
}

// particle -1
sphere {
	<30.896358, 31.295235, 35.379406> 0.100000
	pigment { color rgbt <1,0,0,0> }
	no_shadow
}
sphere {
	0, 1
	scale<0.080000,0.200000,0.300000>
	matrix <0.907917, -0.246674, 0.338879,
		-0.296473, 0.193583, 0.935216,
		-0.296294, -0.949567, 0.102625,
		30.807470, 31.010365, 35.410194>
	pigment { color rgbt <0,1,1,0> }
	no_shadow
}
cylinder {
	<31.001230, 31.697620, 36.009933>,  <31.014875, 31.675062, 35.338356>, 0.130000
	pigment { color rgbt <1,0,0,0> }
	no_shadow
}

// nucleotide -1

// particle -1
sphere {
	<31.001230, 31.697620, 36.009933> 0.250000
	pigment { color rgbt <1,0,0,0> }
	no_shadow
}
cylinder {
	<30.631817, 31.545692, 35.988686>,  <30.410168, 31.454536, 35.975937>, 0.100000
	pigment { color rgbt <1,0,0,0> }
	no_shadow
}
cylinder {
	<30.631817, 31.545692, 35.988686>,  <31.001230, 31.697620, 36.009933>, 0.100000
	pigment { color rgbt <1,0,0,0> }
	no_shadow
}

// particle -1
sphere {
	<30.631817, 31.545692, 35.988686> 0.100000
	pigment { color rgbt <1,0,0,0> }
	no_shadow
}
sphere {
	0, 1
	scale<0.080000,0.200000,0.300000>
	matrix <0.181679, -0.555252, 0.811596,
		-0.337752, 0.739887, 0.581800,
		-0.923535, -0.379819, -0.053116,
		30.354757, 31.431747, 35.972752>
	pigment { color rgbt <0,1,1,0> }
	no_shadow
}
cylinder {
	<30.650253, 31.780859, 36.602722>,  <31.001230, 31.697620, 36.009933>, 0.130000
	pigment { color rgbt <1,0,0,0> }
	no_shadow
}

// nucleotide -1

// particle -1
sphere {
	<30.650253, 31.780859, 36.602722> 0.250000
	pigment { color rgbt <1,0,0,0> }
	no_shadow
}
cylinder {
	<30.553545, 31.417883, 36.465263>,  <30.495520, 31.200096, 36.382786>, 0.100000
	pigment { color rgbt <1,0,0,0> }
	no_shadow
}
cylinder {
	<30.553545, 31.417883, 36.465263>,  <30.650253, 31.780859, 36.602722>, 0.100000
	pigment { color rgbt <1,0,0,0> }
	no_shadow
}

// particle -1
sphere {
	<30.553545, 31.417883, 36.465263> 0.100000
	pigment { color rgbt <1,0,0,0> }
	no_shadow
}
sphere {
	0, 1
	scale<0.080000,0.200000,0.300000>
	matrix <0.183138, -0.390465, 0.902218,
		-0.952894, 0.155194, 0.260590,
		-0.241771, -0.907443, -0.343650,
		30.481014, 31.145651, 36.362167>
	pigment { color rgbt <0,1,1,0> }
	no_shadow
}
cylinder {
	<30.428213, 31.406773, 37.197598>,  <30.650253, 31.780859, 36.602722>, 0.130000
	pigment { color rgbt <1,0,0,0> }
	no_shadow
}

// nucleotide -1

// particle -1
sphere {
	<30.428213, 31.406773, 37.197598> 0.250000
	pigment { color rgbt <1,0,0,0> }
	no_shadow
}
cylinder {
	<30.583273, 31.139181, 36.943920>,  <30.676310, 30.978626, 36.791714>, 0.100000
	pigment { color rgbt <1,0,0,0> }
	no_shadow
}
cylinder {
	<30.583273, 31.139181, 36.943920>,  <30.428213, 31.406773, 37.197598>, 0.100000
	pigment { color rgbt <1,0,0,0> }
	no_shadow
}

// particle -1
sphere {
	<30.583273, 31.139181, 36.943920> 0.100000
	pigment { color rgbt <1,0,0,0> }
	no_shadow
}
sphere {
	0, 1
	scale<0.080000,0.200000,0.300000>
	matrix <0.475889, -0.443977, 0.759219,
		-0.789467, -0.596114, 0.146252,
		0.387648, -0.668978, -0.634190,
		30.699568, 30.938488, 36.753662>
	pigment { color rgbt <0,1,1,0> }
	no_shadow
}
cylinder {
	<30.341242, 30.734751, 37.525955>,  <30.428213, 31.406773, 37.197598>, 0.130000
	pigment { color rgbt <1,0,0,0> }
	no_shadow
}

// nucleotide -1

// particle -1
sphere {
	<30.341242, 30.734751, 37.525955> 0.250000
	pigment { color rgbt <1,0,0,0> }
	no_shadow
}
cylinder {
	<30.647373, 30.829079, 37.286400>,  <30.831051, 30.885675, 37.142666>, 0.100000
	pigment { color rgbt <1,0,0,0> }
	no_shadow
}
cylinder {
	<30.647373, 30.829079, 37.286400>,  <30.341242, 30.734751, 37.525955>, 0.100000
	pigment { color rgbt <1,0,0,0> }
	no_shadow
}

// particle -1
sphere {
	<30.647373, 30.829079, 37.286400> 0.100000
	pigment { color rgbt <1,0,0,0> }
	no_shadow
}
sphere {
	0, 1
	scale<0.080000,0.200000,0.300000>
	matrix <0.642935, -0.323700, 0.694156,
		-0.030163, -0.916301, -0.399354,
		0.765326, 0.235821, -0.598885,
		30.876970, 30.899824, 37.106735>
	pigment { color rgbt <0,1,1,0> }
	no_shadow
}
cylinder {
	<30.633650, 30.081928, 37.673084>,  <30.341242, 30.734751, 37.525955>, 0.130000
	pigment { color rgbt <1,0,0,0> }
	no_shadow
}

// nucleotide -1

// particle -1
sphere {
	<30.633650, 30.081928, 37.673084> 0.250000
	pigment { color rgbt <1,0,0,0> }
	no_shadow
}
cylinder {
	<30.949717, 29.837202, 37.658550>,  <31.139357, 29.690367, 37.649830>, 0.100000
	pigment { color rgbt <1,0,0,0> }
	no_shadow
}
cylinder {
	<30.949717, 29.837202, 37.658550>,  <30.633650, 30.081928, 37.673084>, 0.100000
	pigment { color rgbt <1,0,0,0> }
	no_shadow
}

// particle -1
sphere {
	<30.949717, 29.837202, 37.658550> 0.100000
	pigment { color rgbt <1,0,0,0> }
	no_shadow
}
sphere {
	0, 1
	scale<0.080000,0.200000,0.300000>
	matrix <0.168061, 0.273301, -0.947134,
		0.589400, 0.742287, 0.318775,
		0.790166, -0.611815, -0.036334,
		31.186766, 29.653658, 37.647652>
	pigment { color rgbt <0,1,1,0> }
	no_shadow
}
cylinder {
	<31.253061, 30.407509, 37.609035>,  <30.633650, 30.081928, 37.673084>, 0.130000
	pigment { color rgbt <1,0,0,0> }
	no_shadow
}

// nucleotide -1

// particle -1
sphere {
	<31.253061, 30.407509, 37.609035> 0.250000
	pigment { color rgbt <1,0,0,0> }
	no_shadow
}
cylinder {
	<31.282621, 30.050524, 37.431026>,  <31.300358, 29.836332, 37.324219>, 0.100000
	pigment { color rgbt <1,0,0,0> }
	no_shadow
}
cylinder {
	<31.282621, 30.050524, 37.431026>,  <31.253061, 30.407509, 37.609035>, 0.100000
	pigment { color rgbt <1,0,0,0> }
	no_shadow
}

// particle -1
sphere {
	<31.282621, 30.050524, 37.431026> 0.100000
	pigment { color rgbt <1,0,0,0> }
	no_shadow
}
sphere {
	0, 1
	scale<0.080000,0.200000,0.300000>
	matrix <0.000201, 0.446260, -0.894903,
		0.997265, 0.066046, 0.033159,
		0.073902, -0.892463, -0.445027,
		31.304792, 29.782785, 37.297520>
	pigment { color rgbt <0,1,1,0> }
	no_shadow
}
cylinder {
	<31.818382, 30.439398, 37.003559>,  <31.253061, 30.407509, 37.609035>, 0.130000
	pigment { color rgbt <1,0,0,0> }
	no_shadow
}

// nucleotide -1

// particle -1
sphere {
	<31.818382, 30.439398, 37.003559> 0.250000
	pigment { color rgbt <1,0,0,0> }
	no_shadow
}
cylinder {
	<31.474730, 30.234701, 37.004673>,  <31.268538, 30.111883, 37.005341>, 0.100000
	pigment { color rgbt <1,0,0,0> }
	no_shadow
}
cylinder {
	<31.474730, 30.234701, 37.004673>,  <31.818382, 30.439398, 37.003559>, 0.100000
	pigment { color rgbt <1,0,0,0> }
	no_shadow
}

// particle -1
sphere {
	<31.474730, 30.234701, 37.004673> 0.100000
	pigment { color rgbt <1,0,0,0> }
	no_shadow
}
sphere {
	0, 1
	scale<0.080000,0.200000,0.300000>
	matrix <-0.362365, 0.604492, -0.709423,
		0.361359, -0.610499, -0.704778,
		-0.859134, -0.511743, 0.002785,
		31.216990, 30.081179, 37.005508>
	pigment { color rgbt <0,1,1,0> }
	no_shadow
}
cylinder {
	<31.644636, 30.212408, 36.307430>,  <31.818382, 30.439398, 37.003559>, 0.130000
	pigment { color rgbt <1,0,0,0> }
	no_shadow
}

// nucleotide -1

// particle -1
sphere {
	<31.644636, 30.212408, 36.307430> 0.250000
	pigment { color rgbt <1,0,0,0> }
	no_shadow
}
cylinder {
	<31.291998, 30.243111, 36.493717>,  <31.080416, 30.261532, 36.605492>, 0.100000
	pigment { color rgbt <1,0,0,0> }
	no_shadow
}
cylinder {
	<31.291998, 30.243111, 36.493717>,  <31.644636, 30.212408, 36.307430>, 0.100000
	pigment { color rgbt <1,0,0,0> }
	no_shadow
}

// particle -1
sphere {
	<31.291998, 30.243111, 36.493717> 0.100000
	pigment { color rgbt <1,0,0,0> }
	no_shadow
}
sphere {
	0, 1
	scale<0.080000,0.200000,0.300000>
	matrix <-0.344780, 0.569140, -0.746462,
