// switches for output
#declare DRAW_BASES = 1; // possible values are 0, 1; only relevant for DNA ribbons
#declare DRAW_BASES_TYPE = 3; // possible values are 1, 2, 3; only relevant for DNA ribbons
#declare DRAW_FOG = 0; // set to 1 to enable fog

#include "colors.inc"

#include "transforms.inc"
background { rgb <1, 1, 1>}

#default {
   normal{
       ripples 0.25
       frequency 0.20
       turbulence 0.2
       lambda 5
   }
	finish {
		phong 0.1
		phong_size 40.
	}
}

// original window dimensions: 1024x640


// camera settings

camera {
	sky <0, 0.179814, -0.983701>
	up <0, 0.179814, -0.983701>
	right 1.6 * <1, 0, 0>
	location <35, 94.9851, 44.8844>
	look_at <35, 29.7336, 32.9568>
	direction <0, -65.2515, -11.9276>
	angle 67.0682
}


# declare cpy_camera_pos = <35, 94.9851, 44.8844>;
# if (DRAW_FOG = 1)
fog {
	fog_type 2
	up vnormalize(cpy_camera_pos)
	color rgbt<1,1,1,0.3>
	distance 1e-5
	fog_alt 3e-3
	fog_offset 56
}
# end


// LIGHTS

# declare lum = 6;
global_settings {
	ambient_light rgb lum * <0.05, 0.05, 0.05>
	max_trace_level 15
}# declare cpy_direct_light_amount = 0.25;
light_source
{	1000 * <-1, -1.16352, -0.803886>,
	rgb lum * cpy_direct_light_amount
	parallel
}

light_source
{	1000 * <1, 1.16352, 0.803886>,
	rgb lum * cpy_direct_light_amount
	parallel
}

// strand 0

// nucleotide -1

// particle -1
sphere {
	<24.303059, 34.551430, 35.255810> 0.250000
	pigment { color rgbt <1,0,0,0> }
	no_shadow
}
cylinder {
	<24.343538, 34.903564, 35.070435>,  <24.367826, 35.114845, 34.959209>, 0.100000
	pigment { color rgbt <1,0,0,0> }
	no_shadow
}
cylinder {
	<24.343538, 34.903564, 35.070435>,  <24.303059, 34.551430, 35.255810>, 0.100000
	pigment { color rgbt <1,0,0,0> }
	no_shadow
}

// particle -1
sphere {
	<24.343538, 34.903564, 35.070435> 0.100000
	pigment { color rgbt <1,0,0,0> }
	no_shadow
}
sphere {
	0, 1
	scale<0.080000,0.200000,0.300000>
	matrix <0.435229, -0.458060, -0.775085,
		-0.894614, -0.123260, -0.429503,
		0.101201, 0.880334, -0.463434,
		24.373899, 35.167664, 34.931404>
	pigment { color rgbt <0,1,1,0> }
	no_shadow
}
cylinder {
	<23.916574, 34.739384, 34.599293>,  <24.303059, 34.551430, 35.255810>, 0.130000
	pigment { color rgbt <1,0,0,0> }
	no_shadow
}

// nucleotide -1

// particle -1
sphere {
	<23.916574, 34.739384, 34.599293> 0.250000
	pigment { color rgbt <1,0,0,0> }
	no_shadow
}
cylinder {
	<24.301409, 34.828030, 34.662891>,  <24.532309, 34.881218, 34.701050>, 0.100000
	pigment { color rgbt <1,0,0,0> }
	no_shadow
}
cylinder {
	<24.301409, 34.828030, 34.662891>,  <23.916574, 34.739384, 34.599293>, 0.100000
	pigment { color rgbt <1,0,0,0> }
	no_shadow
}

// particle -1
sphere {
	<24.301409, 34.828030, 34.662891> 0.100000
	pigment { color rgbt <1,0,0,0> }
	no_shadow
}
sphere {
	0, 1
	scale<0.080000,0.200000,0.300000>
	matrix <0.265830, -0.631386, -0.728482,
		-0.061050, 0.743129, -0.666358,
		0.962085, 0.221612, 0.159000,
		24.590034, 34.894512, 34.710590>
	pigment { color rgbt <0,1,1,0> }
	no_shadow
}
cylinder {
	<24.294207, 34.698250, 33.971710>,  <23.916574, 34.739384, 34.599293>, 0.130000
	pigment { color rgbt <1,0,0,0> }
	no_shadow
}

// nucleotide -1

// particle -1
sphere {
	<24.294207, 34.698250, 33.971710> 0.250000
	pigment { color rgbt <1,0,0,0> }
	no_shadow
}
cylinder {
	<24.588230, 34.626331, 34.233204>,  <24.764645, 34.583179, 34.390099>, 0.100000
	pigment { color rgbt <1,0,0,0> }
	no_shadow
}
cylinder {
	<24.588230, 34.626331, 34.233204>,  <24.294207, 34.698250, 33.971710>, 0.100000
	pigment { color rgbt <1,0,0,0> }
	no_shadow
}

// particle -1
sphere {
	<24.588230, 34.626331, 34.233204> 0.100000
	pigment { color rgbt <1,0,0,0> }
	no_shadow
}
sphere {
	0, 1
	scale<0.080000,0.200000,0.300000>
	matrix <0.418822, -0.637830, -0.646344,
		0.533177, 0.748898, -0.393541,
		0.735058, -0.179792, 0.653731,
		24.808748, 34.572395, 34.429321>
	pigment { color rgbt <0,1,1,0> }
	no_shadow
}
cylinder {
	<24.917074, 34.896843, 33.720051>,  <24.294207, 34.698250, 33.971710>, 0.130000
	pigment { color rgbt <1,0,0,0> }
	no_shadow
}

// nucleotide -1

// particle -1
sphere {
	<24.917074, 34.896843, 33.720051> 0.250000
	pigment { color rgbt <1,0,0,0> }
	no_shadow
}
cylinder {
	<24.983829, 34.596504, 33.975666>,  <25.023882, 34.416302, 34.129036>, 0.100000
	pigment { color rgbt <1,0,0,0> }
	no_shadow
}
cylinder {
	<24.983829, 34.596504, 33.975666>,  <24.917074, 34.896843, 33.720051>, 0.100000
	pigment { color rgbt <1,0,0,0> }
	no_shadow
}

// particle -1
sphere {
	<24.983829, 34.596504, 33.975666> 0.100000
	pigment { color rgbt <1,0,0,0> }
	no_shadow
}
sphere {
	0, 1
	scale<0.080000,0.200000,0.300000>
	matrix <0.551276, -0.466298, -0.691854,
		0.817462, 0.467750, 0.336106,
		0.166889, -0.750850, 0.639040,
		25.033895, 34.371250, 34.167377>
	pigment { color rgbt <0,1,1,0> }
	no_shadow
}
cylinder {
	<25.595089, 34.738335, 33.808025>,  <24.917074, 34.896843, 33.720051>, 0.130000
	pigment { color rgbt <1,0,0,0> }
	no_shadow
}

// nucleotide -1

// particle -1
sphere {
	<25.595089, 34.738335, 33.808025> 0.250000
	pigment { color rgbt <1,0,0,0> }
	no_shadow
}
cylinder {
	<25.408203, 34.391651, 33.877903>,  <25.296072, 34.183640, 33.919830>, 0.100000
	pigment { color rgbt <1,0,0,0> }
	no_shadow
}
cylinder {
	<25.408203, 34.391651, 33.877903>,  <25.595089, 34.738335, 33.808025>, 0.100000
	pigment { color rgbt <1,0,0,0> }
	no_shadow
}

// particle -1
sphere {
	<25.408203, 34.391651, 33.877903> 0.100000
	pigment { color rgbt <1,0,0,0> }
	no_shadow
}
sphere {
	0, 1
	scale<0.080000,0.200000,0.300000>
	matrix <0.454854, -0.405061, -0.793116,
		0.758167, -0.291094, 0.583478,
		-0.467216, -0.866712, 0.174699,
		25.268038, 34.131638, 33.930313>
	pigment { color rgbt <0,1,1,0> }
	no_shadow
}
cylinder {
	<26.138113, 34.204227, 33.878792>,  <25.595089, 34.738335, 33.808025>, 0.130000
	pigment { color rgbt <1,0,0,0> }
	no_shadow
}

// nucleotide -1

// particle -1
sphere {
	<26.138113, 34.204227, 33.878792> 0.250000
	pigment { color rgbt <1,0,0,0> }
	no_shadow
}
cylinder {
	<25.789555, 34.034573, 33.780174>,  <25.580420, 33.932781, 33.721004>, 0.100000
	pigment { color rgbt <1,0,0,0> }
	no_shadow
}
cylinder {
	<25.789555, 34.034573, 33.780174>,  <26.138113, 34.204227, 33.878792>, 0.100000
	pigment { color rgbt <1,0,0,0> }
	no_shadow
}

// particle -1
sphere {
	<25.789555, 34.034573, 33.780174> 0.100000
	pigment { color rgbt <1,0,0,0> }
	no_shadow
}
sphere {
	0, 1
	scale<0.080000,0.200000,0.300000>
	matrix <0.397694, -0.316464, -0.861214,
		0.287248, -0.848505, 0.444440,
		-0.871395, -0.424133, -0.246542,
		25.528137, 33.907333, 33.706211>
	pigment { color rgbt <0,1,1,0> }
	no_shadow
}
cylinder {
	<26.308670, 33.542152, 33.717999>,  <26.138113, 34.204227, 33.878792>, 0.130000
	pigment { color rgbt <1,0,0,0> }
	no_shadow
}

// nucleotide -1

// particle -1
sphere {
	<26.308670, 33.542152, 33.717999> 0.250000
	pigment { color rgbt <1,0,0,0> }
	no_shadow
}
cylinder {
	<25.962215, 33.611725, 33.530571>,  <25.754343, 33.653469, 33.418114>, 0.100000
	pigment { color rgbt <1,0,0,0> }
	no_shadow
}
cylinder {
	<25.962215, 33.611725, 33.530571>,  <26.308670, 33.542152, 33.717999>, 0.100000
	pigment { color rgbt <1,0,0,0> }
	no_shadow
}

// particle -1
sphere {
	<25.962215, 33.611725, 33.530571> 0.100000
	pigment { color rgbt <1,0,0,0> }
	no_shadow
}
sphere {
	0, 1
	scale<0.080000,0.200000,0.300000>
	matrix <0.453241, -0.121822, -0.883024,
		-0.210668, -0.977193, 0.026681,
		-0.866136, 0.173932, -0.468568,
		25.702374, 33.663902, 33.389999>
	pigment { color rgbt <0,1,1,0> }
	no_shadow
}
cylinder {
	<25.935560, 32.899990, 33.269367>,  <26.308670, 33.542152, 33.717999>, 0.130000
	pigment { color rgbt <1,0,0,0> }
	no_shadow
}

// nucleotide -1

// particle -1
sphere {
	<25.935560, 32.899990, 33.269367> 0.250000
	pigment { color rgbt <1,0,0,0> }
	no_shadow
}
cylinder {
	<25.831675, 33.259636, 33.128433>,  <25.769342, 33.475422, 33.043873>, 0.100000
	pigment { color rgbt <1,0,0,0> }
	no_shadow
}
cylinder {
	<25.831675, 33.259636, 33.128433>,  <25.935560, 32.899990, 33.269367>, 0.100000
	pigment { color rgbt <1,0,0,0> }
	no_shadow
}

// particle -1
sphere {
	<25.831675, 33.259636, 33.128433> 0.100000
	pigment { color rgbt <1,0,0,0> }
	no_shadow
}
sphere {
	0, 1
	scale<0.080000,0.200000,0.300000>
	matrix <0.345510, -0.254185, -0.903334,
		-0.901760, -0.356345, -0.244638,
		-0.259715, 0.899115, -0.352334,
		25.753759, 33.529369, 33.022732>
	pigment { color rgbt <0,1,1,0> }
	no_shadow
}
cylinder {
	<25.859415, 32.727505, 32.630306>,  <25.935560, 32.899990, 33.269367>, 0.130000
	pigment { color rgbt <1,0,0,0> }
	no_shadow
}

// nucleotide -1

// particle -1
sphere {
	<25.859415, 32.727505, 32.630306> 0.250000
	pigment { color rgbt <1,0,0,0> }
	no_shadow
}
cylinder {
	<25.908298, 33.124374, 32.640575>,  <25.937628, 33.362495, 32.646736>, 0.100000
	pigment { color rgbt <1,0,0,0> }
	no_shadow
}
cylinder {
	<25.908298, 33.124374, 32.640575>,  <25.859415, 32.727505, 32.630306>, 0.100000
	pigment { color rgbt <1,0,0,0> }
	no_shadow
}

// particle -1
sphere {
	<25.908298, 33.124374, 32.640575> 0.100000
	pigment { color rgbt <1,0,0,0> }
	no_shadow
}
sphere {
	0, 1
	scale<0.080000,0.200000,0.300000>
	matrix <0.442688, -0.031341, -0.896128,
		-0.888309, 0.120877, -0.443053,
		0.122206, 0.992173, 0.025670,
		25.944960, 33.422028, 32.648277>
	pigment { color rgbt <0,1,1,0> }
	no_shadow
}
cylinder {
	<25.561399, 33.001396, 32.022411>,  <25.859415, 32.727505, 32.630306>, 0.130000
	pigment { color rgbt <1,0,0,0> }
	no_shadow
}

// nucleotide -1

// particle -1
sphere {
	<25.561399, 33.001396, 32.022411> 0.250000
	pigment { color rgbt <1,0,0,0> }
	no_shadow
}
cylinder {
	<25.829672, 33.274586, 32.138157>,  <25.990635, 33.438499, 32.207603>, 0.100000
	pigment { color rgbt <1,0,0,0> }
	no_shadow
}
cylinder {
	<25.829672, 33.274586, 32.138157>,  <25.561399, 33.001396, 32.022411>, 0.100000
	pigment { color rgbt <1,0,0,0> }
	no_shadow
}

// particle -1
sphere {
	<25.829672, 33.274586, 32.138157> 0.100000
	pigment { color rgbt <1,0,0,0> }
	no_shadow
}
sphere {
	0, 1
	scale<0.080000,0.200000,0.300000>
	matrix <0.475974, -0.097075, -0.874085,
		-0.568889, 0.723962, -0.390185,
		0.670682, 0.682975, 0.289363,
		26.030876, 33.479477, 32.224964>
	pigment { color rgbt <0,1,1,0> }
	no_shadow
}
cylinder {
	<25.618540, 33.480595, 31.498516>,  <25.561399, 33.001396, 32.022411>, 0.130000
	pigment { color rgbt <1,0,0,0> }
	no_shadow
}

// nucleotide -1

// particle -1
sphere {
	<25.618540, 33.480595, 31.498516> 0.250000
	pigment { color rgbt <1,0,0,0> }
	no_shadow
}
cylinder {
	<25.954752, 33.456928, 31.713926>,  <26.156479, 33.442726, 31.843172>, 0.100000
	pigment { color rgbt <1,0,0,0> }
	no_shadow
}
cylinder {
	<25.954752, 33.456928, 31.713926>,  <25.618540, 33.480595, 31.498516>, 0.100000
	pigment { color rgbt <1,0,0,0> }
	no_shadow
}

// particle -1
sphere {
	<25.954752, 33.456928, 31.713926> 0.100000
	pigment { color rgbt <1,0,0,0> }
	no_shadow
}
sphere {
	0, 1
	scale<0.080000,0.200000,0.300000>
	matrix <0.531584, -0.101743, -0.840872,
		0.104544, 0.993050, -0.054065,
		0.840529, -0.059168, 0.538526,
		26.206911, 33.439178, 31.875484>
	pigment { color rgbt <0,1,1,0> }
	no_shadow
}
cylinder {
	<26.197691, 33.901779, 31.164146>,  <25.618540, 33.480595, 31.498516>, 0.130000
	pigment { color rgbt <1,0,0,0> }
	no_shadow
}

// nucleotide -1

// particle -1
sphere {
	<26.197691, 33.901779, 31.164146> 0.250000
	pigment { color rgbt <1,0,0,0> }
	no_shadow
}
cylinder {
	<26.372692, 33.631886, 31.401909>,  <26.477694, 33.469948, 31.544567>, 0.100000
	pigment { color rgbt <1,0,0,0> }
	no_shadow
}
cylinder {
	<26.372692, 33.631886, 31.401909>,  <26.197691, 33.901779, 31.164146>, 0.100000
	pigment { color rgbt <1,0,0,0> }
	no_shadow
}

// particle -1
sphere {
	<26.372692, 33.631886, 31.401909> 0.100000
	pigment { color rgbt <1,0,0,0> }
	no_shadow
}
sphere {
	0, 1
	scale<0.080000,0.200000,0.300000>
	matrix <0.806382, 0.001881, -0.591391,
		0.397916, 0.738055, 0.544920,
		0.437504, -0.674738, 0.594406,
		26.503942, 33.429462, 31.580231>
	pigment { color rgbt <0,1,1,0> }
	no_shadow
}
cylinder {
	<26.872961, 33.691254, 30.819433>,  <26.197691, 33.901779, 31.164146>, 0.130000
	pigment { color rgbt <1,0,0,0> }
	no_shadow
}

// nucleotide -1

// particle -1
sphere {
	<26.872961, 33.691254, 30.819433> 0.250000
	pigment { color rgbt <1,0,0,0> }
	no_shadow
}
cylinder {
	<26.926752, 33.519672, 31.176739>,  <26.959026, 33.416725, 31.391121>, 0.100000
	pigment { color rgbt <1,0,0,0> }
	no_shadow
}
cylinder {
	<26.926752, 33.519672, 31.176739>,  <26.872961, 33.691254, 30.819433>, 0.100000
	pigment { color rgbt <1,0,0,0> }
	no_shadow
}

// particle -1
sphere {
	<26.926752, 33.519672, 31.176739> 0.100000
	pigment { color rgbt <1,0,0,0> }
	no_shadow
}
sphere {
	0, 1
	scale<0.080000,0.200000,0.300000>
	matrix <0.843905, -0.422897, -0.330125,
		0.519365, 0.798223, 0.305123,
		0.134478, -0.428951, 0.893262,
		26.967096, 33.390987, 31.444717>
	pigment { color rgbt <0,1,1,0> }
	no_shadow
}
cylinder {
	<27.550894, 33.542942, 31.089933>,  <26.872961, 33.691254, 30.819433>, 0.130000
	pigment { color rgbt <1,0,0,0> }
	no_shadow
}

// nucleotide -1

// particle -1
sphere {
	<27.550894, 33.542942, 31.089933> 0.250000
	pigment { color rgbt <1,0,0,0> }
	no_shadow
}
cylinder {
	<27.415451, 33.253754, 31.330816>,  <27.334185, 33.080238, 31.475346>, 0.100000
	pigment { color rgbt <1,0,0,0> }
	no_shadow
}
cylinder {
	<27.415451, 33.253754, 31.330816>,  <27.550894, 33.542942, 31.089933>, 0.100000
	pigment { color rgbt <1,0,0,0> }
	no_shadow
}

// particle -1
sphere {
	<27.415451, 33.253754, 31.330816> 0.100000
	pigment { color rgbt <1,0,0,0> }
	no_shadow
}
sphere {
	0, 1
	scale<0.080000,0.200000,0.300000>
	matrix <0.860360, -0.497019, -0.112928,
		0.380952, 0.479878, 0.790312,
		-0.338608, -0.722973, 0.602208,
		27.313869, 33.036861, 31.511478>
	pigment { color rgbt <0,1,1,0> }
	no_shadow
}
cylinder {
	<27.955372, 33.385170, 31.891247>,  <27.550894, 33.542942, 31.089933>, 0.130000
	pigment { color rgbt <1,0,0,0> }
	no_shadow
}

// nucleotide -1

// particle -1
sphere {
	<27.955372, 33.385170, 31.891247> 0.250000
	pigment { color rgbt <1,0,0,0> }
	no_shadow
}
cylinder {
	<27.799999, 33.103817, 31.653128>,  <27.706776, 32.935005, 31.510256>, 0.100000
	pigment { color rgbt <1,0,0,0> }
	no_shadow
}
cylinder {
	<27.799999, 33.103817, 31.653128>,  <27.955372, 33.385170, 31.891247>, 0.100000
	pigment { color rgbt <1,0,0,0> }
	no_shadow
}

// particle -1
sphere {
	<27.799999, 33.103817, 31.653128> 0.100000
	pigment { color rgbt <1,0,0,0> }
	no_shadow
}
sphere {
	0, 1
	scale<0.080000,0.200000,0.300000>
	matrix <0.921256, -0.310638, -0.234078,
		-0.020276, -0.639344, 0.768654,
		-0.388429, -0.703380, -0.595297,
		27.683470, 32.892803, 31.474539>
	pigment { color rgbt <0,1,1,0> }
	no_shadow
}
cylinder {
	<27.294674, 33.312805, 32.302128>,  <27.955372, 33.385170, 31.891247>, 0.130000
	pigment { color rgbt <1,0,0,0> }
	no_shadow
}

// nucleotide -1

// particle -1
sphere {
	<27.294674, 33.312805, 32.302128> 0.250000
	pigment { color rgbt <1,0,0,0> }
	no_shadow
}
cylinder {
	<27.119507, 33.578819, 32.060154>,  <27.014406, 33.738430, 31.914968>, 0.100000
	pigment { color rgbt <1,0,0,0> }
	no_shadow
}
cylinder {
	<27.119507, 33.578819, 32.060154>,  <27.294674, 33.312805, 32.302128>, 0.100000
	pigment { color rgbt <1,0,0,0> }
	no_shadow
}

// particle -1
sphere {
	<27.119507, 33.578819, 32.060154> 0.100000
	pigment { color rgbt <1,0,0,0> }
	no_shadow
}
sphere {
	0, 1
	scale<0.080000,0.200000,0.300000>
	matrix <-0.697540, 0.173152, 0.695311,
		0.567155, 0.726457, 0.388065,
		-0.437919, 0.665040, -0.604937,
		26.988131, 33.778332, 31.878674>
	pigment { color rgbt <0,1,1,0> }
	no_shadow
}
cylinder {
	<27.202221, 33.842697, 32.609337>,  <27.294674, 33.312805, 32.302128>, 0.130000
	pigment { color rgbt <1,0,0,0> }
	no_shadow
}

// nucleotide -1

// particle -1
sphere {
	<27.202221, 33.842697, 32.609337> 0.250000
	pigment { color rgbt <1,0,0,0> }
	no_shadow
}
cylinder {
	<26.897617, 33.850666, 32.350197>,  <26.714855, 33.855450, 32.194714>, 0.100000
	pigment { color rgbt <1,0,0,0> }
	no_shadow
}
cylinder {
	<26.897617, 33.850666, 32.350197>,  <27.202221, 33.842697, 32.609337>, 0.100000
	pigment { color rgbt <1,0,0,0> }
	no_shadow
}

// particle -1
sphere {
	<26.897617, 33.850666, 32.350197> 0.100000
	pigment { color rgbt <1,0,0,0> }
	no_shadow
}
sphere {
	0, 1
	scale<0.080000,0.200000,0.300000>
	matrix <-0.641676, 0.117771, 0.757879,
		0.091398, 0.992841, -0.076899,
		-0.761510, 0.019925, -0.647847,
		26.669165, 33.856644, 32.155842>
	pigment { color rgbt <0,1,1,0> }
	no_shadow
}
cylinder {
	<26.766033, 34.459759, 32.666203>,  <27.202221, 33.842697, 32.609337>, 0.130000
	pigment { color rgbt <1,0,0,0> }
	no_shadow
}

// nucleotide -1

// particle -1
sphere {
	<26.766033, 34.459759, 32.666203> 0.250000
	pigment { color rgbt <1,0,0,0> }
	no_shadow
}
cylinder {
	<26.553167, 34.144913, 32.541466>,  <26.425447, 33.956005, 32.466621>, 0.100000
	pigment { color rgbt <1,0,0,0> }
	no_shadow
}
cylinder {
	<26.553167, 34.144913, 32.541466>,  <26.766033, 34.459759, 32.666203>, 0.100000
	pigment { color rgbt <1,0,0,0> }
	no_shadow
}

// particle -1
sphere {
	<26.553167, 34.144913, 32.541466> 0.100000
	pigment { color rgbt <1,0,0,0> }
	no_shadow
}
sphere {
	0, 1
	scale<0.080000,0.200000,0.300000>
	matrix <-0.622675, 0.114305, 0.774087,
		-0.573651, 0.606120, -0.550947,
		-0.532165, -0.787117, -0.311845,
		26.393518, 33.908779, 32.447914>
	pigment { color rgbt <0,1,1,0> }
	no_shadow
}
cylinder {
	<26.170238, 34.709003, 32.875175>,  <26.766033, 34.459759, 32.666203>, 0.130000
	pigment { color rgbt <1,0,0,0> }
	no_shadow
}

// nucleotide -1

// particle -1
sphere {
	<26.170238, 34.709003, 32.875175> 0.250000
	pigment { color rgbt <1,0,0,0> }
	no_shadow
}
cylinder {
	<26.092813, 34.330856, 32.770241>,  <26.046358, 34.103970, 32.707279>, 0.100000
	pigment { color rgbt <1,0,0,0> }
	no_shadow
}
cylinder {
	<26.092813, 34.330856, 32.770241>,  <26.170238, 34.709003, 32.875175>, 0.100000
	pigment { color rgbt <1,0,0,0> }
	no_shadow
}

// particle -1
sphere {
	<26.092813, 34.330856, 32.770241> 0.100000
	pigment { color rgbt <1,0,0,0> }
	no_shadow
}
sphere {
	0, 1
	scale<0.080000,0.200000,0.300000>
	matrix <-0.741958, -0.033898, 0.669588,
		-0.641897, 0.324251, -0.694859,
		-0.193561, -0.945364, -0.262339,
		26.034746, 34.047249, 32.691540>
	pigment { color rgbt <0,1,1,0> }
	no_shadow
}
cylinder {
	<25.507555, 34.825928, 32.789406>,  <26.170238, 34.709003, 32.875175>, 0.130000
	pigment { color rgbt <1,0,0,0> }
	no_shadow
}

// nucleotide -1

// particle -1
sphere {
	<25.507555, 34.825928, 32.789406> 0.250000
	pigment { color rgbt <1,0,0,0> }
	no_shadow
}
cylinder {
	<25.584209, 34.436703, 32.840656>,  <25.630201, 34.203167, 32.871407>, 0.100000
	pigment { color rgbt <1,0,0,0> }
	no_shadow
}
cylinder {
	<25.584209, 34.436703, 32.840656>,  <25.507555, 34.825928, 32.789406>, 0.100000
	pigment { color rgbt <1,0,0,0> }
	no_shadow
}

// particle -1
sphere {
	<25.584209, 34.436703, 32.840656> 0.100000
	pigment { color rgbt <1,0,0,0> }
	no_shadow
}
sphere {
	0, 1
	scale<0.080000,0.200000,0.300000>
	matrix <-0.720381, -0.050790, 0.691716,
		-0.666579, -0.224858, -0.710712,
		0.191635, -0.973067, 0.128127,
		25.641701, 34.144783, 32.879093>
	pigment { color rgbt <0,1,1,0> }
	no_shadow
}
cylinder {
	<25.067938, 34.211651, 32.583153>,  <25.507555, 34.825928, 32.789406>, 0.130000
	pigment { color rgbt <1,0,0,0> }
	no_shadow
}

// nucleotide -1

// particle -1
sphere {
	<25.067938, 34.211651, 32.583153> 0.250000
	pigment { color rgbt <1,0,0,0> }
	no_shadow
}
cylinder {
	<25.257452, 34.131283, 32.926117>,  <25.371161, 34.083061, 33.131897>, 0.100000
	pigment { color rgbt <1,0,0,0> }
	no_shadow
}
cylinder {
	<25.257452, 34.131283, 32.926117>,  <25.067938, 34.211651, 32.583153>, 0.100000
	pigment { color rgbt <1,0,0,0> }
	no_shadow
}

// particle -1
sphere {
	<25.257452, 34.131283, 32.926117> 0.100000
	pigment { color rgbt <1,0,0,0> }
	no_shadow
}
sphere {
	0, 1
	scale<0.080000,0.200000,0.300000>
	matrix <-0.861089, 0.098324, 0.498856,
		-0.184535, -0.974661, -0.126426,
		0.473785, -0.200920, 0.857414,
		25.399588, 34.071007, 33.183342>
	pigment { color rgbt <0,1,1,0> }
	no_shadow
}
cylinder {
	<24.504004, 33.928310, 32.856487>,  <25.067938, 34.211651, 32.583153>, 0.130000
	pigment { color rgbt <1,0,0,0> }
	no_shadow
}

// nucleotide -1

// particle -1
sphere {
	<24.504004, 33.928310, 32.856487> 0.250000
	pigment { color rgbt <1,0,0,0> }
	no_shadow
}
cylinder {
	<24.859146, 33.839630, 33.017761>,  <25.072231, 33.786423, 33.114525>, 0.100000
	pigment { color rgbt <1,0,0,0> }
	no_shadow
}
cylinder {
	<24.859146, 33.839630, 33.017761>,  <24.504004, 33.928310, 32.856487>, 0.100000
	pigment { color rgbt <1,0,0,0> }
	no_shadow
}

// particle -1
sphere {
	<24.859146, 33.839630, 33.017761> 0.100000
	pigment { color rgbt <1,0,0,0> }
	no_shadow
}
sphere {
	0, 1
	scale<0.080000,0.200000,0.300000>
	matrix <-0.425688, -0.063214, 0.902659,
		-0.174635, -0.973063, -0.150501,
		0.887858, -0.221703, 0.403182,
		25.125504, 33.773121, 33.138718>
	pigment { color rgbt <0,1,1,0> }
	no_shadow
}
cylinder {
	<24.405195, 33.354836, 33.389755>,  <24.504004, 33.928310, 32.856487>, 0.130000
	pigment { color rgbt <1,0,0,0> }
	no_shadow
}

// nucleotide -1

// particle -1
sphere {
	<24.405195, 33.354836, 33.389755> 0.250000
	pigment { color rgbt <1,0,0,0> }
	no_shadow
}
cylinder {
	<24.752689, 33.520847, 33.497864>,  <24.961185, 33.620453, 33.562729>, 0.100000
	pigment { color rgbt <1,0,0,0> }
	no_shadow
}
cylinder {
	<24.752689, 33.520847, 33.497864>,  <24.405195, 33.354836, 33.389755>, 0.100000
	pigment { color rgbt <1,0,0,0> }
	no_shadow
}

// particle -1
sphere {
	<24.752689, 33.520847, 33.497864> 0.100000
	pigment { color rgbt <1,0,0,0> }
	no_shadow
}
sphere {
	0, 1
	scale<0.080000,0.200000,0.300000>
	matrix <-0.302504, 0.012542, 0.953066,
		0.392163, -0.909721, 0.136445,
		0.868735, 0.415032, 0.270275,
		25.013309, 33.645355, 33.578945>
	pigment { color rgbt <0,1,1,0> }
	no_shadow
}
cylinder {
	<24.791336, 33.016613, 33.947392>,  <24.405195, 33.354836, 33.389755>, 0.130000
	pigment { color rgbt <1,0,0,0> }
	no_shadow
}

// nucleotide -1

// particle -1
sphere {
	<24.791336, 33.016613, 33.947392> 0.250000
	pigment { color rgbt <1,0,0,0> }
	no_shadow
}
cylinder {
	<24.835060, 33.413620, 33.925659>,  <24.861296, 33.651825, 33.912621>, 0.100000
	pigment { color rgbt <1,0,0,0> }
	no_shadow
}
cylinder {
	<24.835060, 33.413620, 33.925659>,  <24.791336, 33.016613, 33.947392>, 0.100000
	pigment { color rgbt <1,0,0,0> }
	no_shadow
}

// particle -1
sphere {
	<24.835060, 33.413620, 33.925659> 0.100000
	pigment { color rgbt <1,0,0,0> }
	no_shadow
}
sphere {
	0, 1
	scale<0.080000,0.200000,0.300000>
	matrix <-0.266487, 0.081922, 0.960351,
		0.957620, -0.090499, 0.273449,
		0.109312, 0.992521, -0.054334,
		24.867853, 33.711376, 33.909359>
	pigment { color rgbt <0,1,1,0> }
	no_shadow
}
cylinder {
	<25.380196, 33.231091, 34.298771>,  <24.791336, 33.016613, 33.947392>, 0.130000
	pigment { color rgbt <1,0,0,0> }
	no_shadow
}

// nucleotide -1

// particle -1
sphere {
	<25.380196, 33.231091, 34.298771> 0.250000
	pigment { color rgbt <1,0,0,0> }
	no_shadow
}
cylinder {
	<25.075365, 33.490009, 34.292473>,  <24.892467, 33.645359, 34.288696>, 0.100000
	pigment { color rgbt <1,0,0,0> }
	no_shadow
}
cylinder {
	<25.075365, 33.490009, 34.292473>,  <25.380196, 33.231091, 34.298771>, 0.100000
	pigment { color rgbt <1,0,0,0> }
	no_shadow
}

// particle -1
sphere {
	<25.075365, 33.490009, 34.292473> 0.100000
	pigment { color rgbt <1,0,0,0> }
	no_shadow
}
sphere {
	0, 1
	scale<0.080000,0.200000,0.300000>
	matrix <-0.123997, -0.122037, 0.984749,
		0.635505, 0.752405, 0.173264,
		-0.762075, 0.647297, -0.015741,
		24.846743, 33.684200, 34.287750>
	pigment { color rgbt <0,1,1,0> }
	no_shadow
}
cylinder {
	<25.432856, 33.801491, 34.807526>,  <25.380196, 33.231091, 34.298771>, 0.130000
	pigment { color rgbt <1,0,0,0> }
	no_shadow
}

// nucleotide -1

// particle -1
sphere {
	<25.432856, 33.801491, 34.807526> 0.250000
	pigment { color rgbt <1,0,0,0> }
	no_shadow
}
cylinder {
	<25.050444, 33.732037, 34.712994>,  <24.820995, 33.690365, 34.656273>, 0.100000
	pigment { color rgbt <1,0,0,0> }
	no_shadow
}
cylinder {
	<25.050444, 33.732037, 34.712994>,  <25.432856, 33.801491, 34.807526>, 0.100000
	pigment { color rgbt <1,0,0,0> }
	no_shadow
}

// particle -1
sphere {
	<25.050444, 33.732037, 34.712994> 0.100000
	pigment { color rgbt <1,0,0,0> }
	no_shadow
}
sphere {
	0, 1
	scale<0.080000,0.200000,0.300000>
	matrix <-0.261119, 0.137181, 0.955509,
		-0.133494, 0.975208, -0.176490,
		-0.956031, -0.173639, -0.236333,
		24.763634, 33.679943, 34.642094>
	pigment { color rgbt <0,1,1,0> }
	no_shadow
}
cylinder {
	<25.262930, 34.580330, 34.919388>,  <25.432856, 33.801491, 34.807526>, 0.130000
	pigment { color rgbt <1,0,0,0> }
	no_shadow
}

// nucleotide -1

// particle -1
sphere {
	<25.262930, 34.580330, 34.919388> 0.250000
	pigment { color rgbt <1,0,0,0> }
	no_shadow
}
cylinder {
	<25.172239, 34.933975, 35.082821>,  <25.117825, 35.146164, 35.180882>, 0.100000
	pigment { color rgbt <1,0,0,0> }
	no_shadow
}
cylinder {
	<25.172239, 34.933975, 35.082821>,  <25.262930, 34.580330, 34.919388>, 0.100000
	pigment { color rgbt <1,0,0,0> }
	no_shadow
}

// particle -1
sphere {
	<25.172239, 34.933975, 35.082821> 0.100000
	pigment { color rgbt <1,0,0,0> }
	no_shadow
}
sphere {
	0, 1
	scale<0.080000,0.200000,0.300000>
	matrix <0.696626, -0.145973, 0.702427,
		0.680667, 0.443888, -0.582800,
		-0.226726, 0.884113, 0.408583,
		25.104221, 35.199207, 35.205395>
	pigment { color rgbt <0,1,1,0> }
	no_shadow
}
cylinder {
	<25.857149, 35.061680, 35.145290>,  <25.262930, 34.580330, 34.919388>, 0.130000
	pigment { color rgbt <1,0,0,0> }
	no_shadow
}

// nucleotide -1

// particle -1
sphere {
	<25.857149, 35.061680, 35.145290> 0.250000
	pigment { color rgbt <1,0,0,0> }
	no_shadow
}
cylinder {
	<25.554022, 35.168934, 35.383221>,  <25.372145, 35.233288, 35.525978>, 0.100000
	pigment { color rgbt <1,0,0,0> }
	no_shadow
}
cylinder {
	<25.554022, 35.168934, 35.383221>,  <25.857149, 35.061680, 35.145290>, 0.100000
	pigment { color rgbt <1,0,0,0> }
	no_shadow
}

// particle -1
sphere {
	<25.554022, 35.168934, 35.383221> 0.100000
	pigment { color rgbt <1,0,0,0> }
	no_shadow
}
sphere {
	0, 1
	scale<0.080000,0.200000,0.300000>
	matrix <0.586138, -0.120710, 0.801169,
		0.286622, 0.955789, -0.065687,
		-0.757820, 0.268134, 0.594822,
		25.326675, 35.249374, 35.561668>
	pigment { color rgbt <0,1,1,0> }
	no_shadow
}
cylinder {
	<26.215611, 35.645214, 35.410183>,  <25.857149, 35.061680, 35.145290>, 0.130000
	pigment { color rgbt <1,0,0,0> }
	no_shadow
}

// nucleotide -1

// particle -1
sphere {
	<26.215611, 35.645214, 35.410183> 0.250000
	pigment { color rgbt <1,0,0,0> }
	no_shadow
}
cylinder {
	<26.154135, 35.835903, 35.756390>,  <26.117249, 35.950317, 35.964115>, 0.100000
	pigment { color rgbt <1,0,0,0> }
	no_shadow
}
cylinder {
	<26.154135, 35.835903, 35.756390>,  <26.215611, 35.645214, 35.410183>, 0.100000
	pigment { color rgbt <1,0,0,0> }
	no_shadow
}

// particle -1
sphere {
	<26.154135, 35.835903, 35.756390> 0.100000
	pigment { color rgbt <1,0,0,0> }
	no_shadow
}
sphere {
	0, 1
	scale<0.080000,0.200000,0.300000>
	matrix <-0.096956, 0.864421, -0.493332,
		-0.983351, -0.159737, -0.086632,
		-0.153690, 0.476719, 0.865517,
		26.108028, 35.978920, 36.016045>
	pigment { color rgbt <0,1,1,0> }
	no_shadow
}
cylinder {
	<25.630899, 36.117550, 35.372791>,  <26.215611, 35.645214, 35.410183>, 0.130000
	pigment { color rgbt <1,0,0,0> }
	no_shadow
}

// nucleotide -1

// particle -1
sphere {
	<25.630899, 36.117550, 35.372791> 0.250000
	pigment { color rgbt <1,0,0,0> }
	no_shadow
}
cylinder {
	<25.891678, 36.267975, 35.636169>,  <26.048145, 36.358231, 35.794197>, 0.100000
	pigment { color rgbt <1,0,0,0> }
	no_shadow
}
cylinder {
	<25.891678, 36.267975, 35.636169>,  <25.630899, 36.117550, 35.372791>, 0.100000
	pigment { color rgbt <1,0,0,0> }
	no_shadow
}

// particle -1
sphere {
	<25.891678, 36.267975, 35.636169> 0.100000
	pigment { color rgbt <1,0,0,0> }
	no_shadow
}
sphere {
	0, 1
	scale<0.080000,0.200000,0.300000>
	matrix <-0.086224, 0.899487, -0.428356,
		-0.753348, 0.222491, 0.618841,
		0.651945, 0.376060, 0.658442,
		26.087261, 36.380795, 35.833702>
	pigment { color rgbt <0,1,1,0> }
	no_shadow
}
cylinder {
	<25.336523, 36.689339, 35.573574>,  <25.630899, 36.117550, 35.372791>, 0.130000
	pigment { color rgbt <1,0,0,0> }
	no_shadow
}

// nucleotide -1

// particle -1
sphere {
	<25.336523, 36.689339, 35.573574> 0.250000
	pigment { color rgbt <1,0,0,0> }
	no_shadow
}
cylinder {
	<25.730680, 36.748425, 35.607475>,  <25.967175, 36.783875, 35.627815>, 0.100000
	pigment { color rgbt <1,0,0,0> }
	no_shadow
}
cylinder {
	<25.730680, 36.748425, 35.607475>,  <25.336523, 36.689339, 35.573574>, 0.100000
	pigment { color rgbt <1,0,0,0> }
	no_shadow
}

// particle -1
sphere {
	<25.730680, 36.748425, 35.607475> 0.100000
	pigment { color rgbt <1,0,0,0> }
	no_shadow
}
sphere {
	0, 1
	scale<0.080000,0.200000,0.300000>
	matrix <-0.117489, 0.949921, -0.289560,
		-0.123279, 0.275373, 0.953400,
		0.985393, 0.147711, 0.084752,
		26.026299, 36.792736, 35.632900>
	pigment { color rgbt <0,1,1,0> }
	no_shadow
}
cylinder {
	<25.657455, 37.345798, 36.014927>,  <25.336523, 36.689339, 35.573574>, 0.130000
	pigment { color rgbt <1,0,0,0> }
	no_shadow
}

// nucleotide -1

// particle -1
sphere {
	<25.657455, 37.345798, 36.014927> 0.250000
	pigment { color rgbt <1,0,0,0> }
	no_shadow
}
cylinder {
	<25.917908, 37.228798, 35.734791>,  <26.074179, 37.158600, 35.566711>, 0.100000
	pigment { color rgbt <1,0,0,0> }
	no_shadow
}
cylinder {
	<25.917908, 37.228798, 35.734791>,  <25.657455, 37.345798, 36.014927>, 0.100000
	pigment { color rgbt <1,0,0,0> }
	no_shadow
}

// particle -1
sphere {
	<25.917908, 37.228798, 35.734791> 0.100000
	pigment { color rgbt <1,0,0,0> }
	no_shadow
}
sphere {
	0, 1
	scale<0.080000,0.200000,0.300000>
	matrix <-0.126721, 0.867901, -0.480301,
		0.748310, 0.401487, 0.528053,
		0.651133, -0.292499, -0.700336,
		26.113247, 37.141048, 35.524689>
	pigment { color rgbt <0,1,1,0> }
	no_shadow
}
cylinder {
	<25.922758, 38.022015, 35.826405>,  <25.657455, 37.345798, 36.014927>, 0.130000
	pigment { color rgbt <1,0,0,0> }
	no_shadow
}

// nucleotide -1

// particle -1
sphere {
	<25.922758, 38.022015, 35.826405> 0.250000
	pigment { color rgbt <1,0,0,0> }
	no_shadow
}
cylinder {
	<26.018827, 37.773716, 35.527878>,  <26.076469, 37.624737, 35.348763>, 0.100000
	pigment { color rgbt <1,0,0,0> }
	no_shadow
}
cylinder {
	<26.018827, 37.773716, 35.527878>,  <25.922758, 38.022015, 35.826405>, 0.100000
	pigment { color rgbt <1,0,0,0> }
	no_shadow
}

// particle -1
sphere {
	<26.018827, 37.773716, 35.527878> 0.100000
	pigment { color rgbt <1,0,0,0> }
	no_shadow
}
sphere {
	0, 1
	scale<0.080000,0.200000,0.300000>
	matrix <-0.153127, 0.734970, -0.660583,
		0.958576, 0.272936, 0.081468,
		0.240173, -0.620745, -0.746319,
		26.090879, 37.587494, 35.303982>
	pigment { color rgbt <0,1,1,0> }
	no_shadow
}
cylinder {
	<26.271460, 38.412586, 35.445663>,  <25.922758, 38.022015, 35.826405>, 0.130000
	pigment { color rgbt <1,0,0,0> }
	no_shadow
}

// nucleotide -1

// particle -1
sphere {
	<26.271460, 38.412586, 35.445663> 0.250000
	pigment { color rgbt <1,0,0,0> }
	no_shadow
}
cylinder {
	<26.197039, 38.104866, 35.201187>,  <26.152386, 37.920235, 35.054501>, 0.100000
	pigment { color rgbt <1,0,0,0> }
	no_shadow
}
cylinder {
	<26.197039, 38.104866, 35.201187>,  <26.271460, 38.412586, 35.445663>, 0.100000
	pigment { color rgbt <1,0,0,0> }
	no_shadow
}

// particle -1
sphere {
	<26.197039, 38.104866, 35.201187> 0.100000
	pigment { color rgbt <1,0,0,0> }
	no_shadow
}
sphere {
	0, 1
	scale<0.080000,0.200000,0.300000>
	matrix <-0.101636, 0.633788, -0.766800,
		0.977269, -0.080547, -0.196108,
		-0.186054, -0.769302, -0.611195,
		26.141222, 37.874077, 35.017830>
	pigment { color rgbt <0,1,1,0> }
	no_shadow
}
cylinder {
	<26.758558, 38.415421, 34.835751>,  <26.271460, 38.412586, 35.445663>, 0.130000
	pigment { color rgbt <1,0,0,0> }
	no_shadow
}

// nucleotide -1

// particle -1
sphere {
	<26.758558, 38.415421, 34.835751> 0.250000
	pigment { color rgbt <1,0,0,0> }
	no_shadow
}
cylinder {
	<26.400064, 38.251495, 34.767845>,  <26.184969, 38.153141, 34.727100>, 0.100000
	pigment { color rgbt <1,0,0,0> }
	no_shadow
}
cylinder {
	<26.400064, 38.251495, 34.767845>,  <26.758558, 38.415421, 34.835751>, 0.100000
	pigment { color rgbt <1,0,0,0> }
	no_shadow
}

// particle -1
sphere {
	<26.400064, 38.251495, 34.767845> 0.100000
	pigment { color rgbt <1,0,0,0> }
	no_shadow
}
sphere {
	0, 1
	scale<0.080000,0.200000,0.300000>
	matrix <-0.180836, 0.687016, -0.703781,
		0.405046, -0.600054, -0.689836,
		-0.896235, -0.409811, -0.169762,
		26.131195, 38.128551, 34.716915>
	pigment { color rgbt <0,1,1,0> }
	no_shadow
}
cylinder {
	<26.746058, 38.289654, 34.158268>,  <26.758558, 38.415421, 34.835751>, 0.130000
	pigment { color rgbt <1,0,0,0> }
	no_shadow
}

// nucleotide -1

// particle -1
sphere {
	<26.746058, 38.289654, 34.158268> 0.250000
	pigment { color rgbt <1,0,0,0> }
	no_shadow
}
cylinder {
	<26.388924, 38.354935, 34.326180>,  <26.174643, 38.394104, 34.426926>, 0.100000
	pigment { color rgbt <1,0,0,0> }
	no_shadow
}
cylinder {
	<26.388924, 38.354935, 34.326180>,  <26.746058, 38.289654, 34.158268>, 0.100000
	pigment { color rgbt <1,0,0,0> }
	no_shadow
}

// particle -1
sphere {
	<26.388924, 38.354935, 34.326180> 0.100000
	pigment { color rgbt <1,0,0,0> }
	no_shadow
}
sphere {
	0, 1
	scale<0.080000,0.200000,0.300000>
	matrix <-0.179179, 0.726396, -0.663509,
		-0.413210, -0.667618, -0.619309,
		-0.892834, 0.163201, 0.419777,
		26.121073, 38.403896, 34.452114>
	pigment { color rgbt <0,1,1,0> }
	no_shadow
}
cylinder {
	<26.552572, 38.250504, 33.483341>,  <26.746058, 38.289654, 34.158268>, 0.130000
	pigment { color rgbt <1,0,0,0> }
	no_shadow
}

// nucleotide -1

// particle -1
sphere {
	<26.552572, 38.250504, 33.483341> 0.250000
	pigment { color rgbt <1,0,0,0> }
	no_shadow
}
cylinder {
	<26.296980, 38.209068, 33.788227>,  <26.143625, 38.184208, 33.971161>, 0.100000
	pigment { color rgbt <1,0,0,0> }
	no_shadow
}
cylinder {
	<26.296980, 38.209068, 33.788227>,  <26.552572, 38.250504, 33.483341>, 0.100000
	pigment { color rgbt <1,0,0,0> }
	no_shadow
}

// particle -1
sphere {
	<26.296980, 38.209068, 33.788227> 0.100000
	pigment { color rgbt <1,0,0,0> }
	no_shadow
}
sphere {
	0, 1
	scale<0.080000,0.200000,0.300000>
	matrix <-0.555046, 0.748127, -0.363636,
		-0.532568, -0.655421, -0.535532,
		-0.638981, -0.103584, 0.762217,
		26.105286, 38.177994, 34.016891>
	pigment { color rgbt <0,1,1,0> }
	no_shadow
}
cylinder {
	<25.966208, 38.221188, 33.118748>,  <26.552572, 38.250504, 33.483341>, 0.130000
	pigment { color rgbt <1,0,0,0> }
	no_shadow
}

// nucleotide -1

// particle -1
sphere {
	<25.966208, 38.221188, 33.118748> 0.250000
	pigment { color rgbt <1,0,0,0> }
	no_shadow
}
cylinder {
	<25.826376, 38.320774, 33.480038>,  <25.742477, 38.380527, 33.696812>, 0.100000
	pigment { color rgbt <1,0,0,0> }
	no_shadow
}
cylinder {
	<25.826376, 38.320774, 33.480038>,  <25.966208, 38.221188, 33.118748>, 0.100000
	pigment { color rgbt <1,0,0,0> }
	no_shadow
}

// particle -1
sphere {
	<25.826376, 38.320774, 33.480038> 0.100000
	pigment { color rgbt <1,0,0,0> }
	no_shadow
}
sphere {
	0, 1
	scale<0.080000,0.200000,0.300000>
	matrix <-0.445827, 0.803702, -0.394082,
		-0.824035, -0.540443, -0.169960,
		-0.349576, 0.248965, 0.903224,
		25.721502, 38.395462, 33.751003>
	pigment { color rgbt <0,1,1,0> }
	no_shadow
}
cylinder {
	<25.186470, 38.345387, 33.202301>,  <25.966208, 38.221188, 33.118748>, 0.130000
	pigment { color rgbt <1,0,0,0> }
	no_shadow
}

// nucleotide -1

// particle -1
sphere {
	<25.186470, 38.345387, 33.202301> 0.250000
	pigment { color rgbt <1,0,0,0> }
	no_shadow
}
cylinder {
	<25.380651, 38.557980, 33.479965>,  <25.497160, 38.685535, 33.646564>, 0.100000
	pigment { color rgbt <1,0,0,0> }
	no_shadow
}
cylinder {
	<25.380651, 38.557980, 33.479965>,  <25.186470, 38.345387, 33.202301>, 0.100000
	pigment { color rgbt <1,0,0,0> }
	no_shadow
}

// particle -1
sphere {
	<25.380651, 38.557980, 33.479965> 0.100000
	pigment { color rgbt <1,0,0,0> }
	no_shadow
}
sphere {
	0, 1
	scale<0.080000,0.200000,0.300000>
	matrix <-0.424404, 0.837431, -0.344369,
		-0.764340, -0.127430, 0.632097,
		0.485455, 0.531479, 0.694164,
		25.526287, 38.717422, 33.688213>
	pigment { color rgbt <0,1,1,0> }
	no_shadow
}
cylinder {
	<25.274637, 39.068974, 33.136864>,  <25.186470, 38.345387, 33.202301>, 0.130000
	pigment { color rgbt <1,0,0,0> }
	no_shadow
}

// nucleotide -1

// particle -1
sphere {
	<25.274637, 39.068974, 33.136864> 0.250000
	pigment { color rgbt <1,0,0,0> }
	no_shadow
}
cylinder {
	<25.641460, 39.203201, 33.050709>,  <25.861555, 39.283737, 32.999016>, 0.100000
	pigment { color rgbt <1,0,0,0> }
	no_shadow
}
cylinder {
	<25.641460, 39.203201, 33.050709>,  <25.274637, 39.068974, 33.136864>, 0.100000
	pigment { color rgbt <1,0,0,0> }
	no_shadow
}

// particle -1
sphere {
	<25.641460, 39.203201, 33.050709> 0.100000
	pigment { color rgbt <1,0,0,0> }
	no_shadow
}
sphere {
	0, 1
	scale<0.080000,0.200000,0.300000>
	matrix <-0.141172, 0.778407, 0.611681,
		0.372922, -0.530541, 0.761219,
		0.917060, 0.335572, -0.215388,
		25.916578, 39.303875, 32.986092>
	pigment { color rgbt <0,1,1,0> }
	no_shadow
}
cylinder {
	<25.271055, 39.543015, 33.635033>,  <25.274637, 39.068974, 33.136864>, 0.130000
	pigment { color rgbt <1,0,0,0> }
	no_shadow
}

// nucleotide -1

// particle -1
sphere {
	<25.271055, 39.543015, 33.635033> 0.250000
	pigment { color rgbt <1,0,0,0> }
	no_shadow
}
cylinder {
	<25.616169, 39.624107, 33.449776>,  <25.823238, 39.672764, 33.338623>, 0.100000
	pigment { color rgbt <1,0,0,0> }
	no_shadow
}
cylinder {
	<25.616169, 39.624107, 33.449776>,  <25.271055, 39.543015, 33.635033>, 0.100000
	pigment { color rgbt <1,0,0,0> }
	no_shadow
}

// particle -1
sphere {
	<25.616169, 39.624107, 33.449776> 0.100000
	pigment { color rgbt <1,0,0,0> }
	no_shadow
}
sphere {
	0, 1
	scale<0.080000,0.200000,0.300000>
	matrix <0.178028, 0.735581, 0.653625,
		0.473187, -0.646391, 0.598559,
		0.862786, 0.202727, -0.463143,
		25.875006, 39.684925, 33.310833>
	pigment { color rgbt <0,1,1,0> }
	no_shadow
}
cylinder {
	<25.932724, 39.400787, 33.988400>,  <25.271055, 39.543015, 33.635033>, 0.130000
	pigment { color rgbt <1,0,0,0> }
	no_shadow
}

// nucleotide -1

// particle -1
sphere {
	<25.932724, 39.400787, 33.988400> 0.250000
	pigment { color rgbt <1,0,0,0> }
	no_shadow
}
cylinder {
	<25.964188, 39.712109, 33.739223>,  <25.983065, 39.898899, 33.589718>, 0.100000
	pigment { color rgbt <1,0,0,0> }
	no_shadow
}
cylinder {
	<25.964188, 39.712109, 33.739223>,  <25.932724, 39.400787, 33.988400>, 0.100000
	pigment { color rgbt <1,0,0,0> }
	no_shadow
}

// particle -1
sphere {
	<25.964188, 39.712109, 33.739223> 0.100000
	pigment { color rgbt <1,0,0,0> }
	no_shadow
}
sphere {
	0, 1
	scale<0.080000,0.200000,0.300000>
	matrix <0.100501, 0.615506, 0.781698,
		0.991823, -0.124093, -0.029806,
		0.078658, 0.778301, -0.622944,
		25.987785, 39.945599, 33.552341>
	pigment { color rgbt <0,1,1,0> }
	no_shadow
}
cylinder {
	<25.639128, 39.125751, 34.643402>,  <25.932724, 39.400787, 33.988400>, 0.130000
	pigment { color rgbt <1,0,0,0> }
	no_shadow
}

// nucleotide -1

// particle -1
sphere {
	<25.639128, 39.125751, 34.643402> 0.250000
	pigment { color rgbt <1,0,0,0> }
	no_shadow
}
cylinder {
	<25.439384, 38.951561, 34.343803>,  <25.319538, 38.847046, 34.164043>, 0.100000
	pigment { color rgbt <1,0,0,0> }
	no_shadow
}
cylinder {
	<25.439384, 38.951561, 34.343803>,  <25.639128, 39.125751, 34.643402>, 0.100000
	pigment { color rgbt <1,0,0,0> }
	no_shadow
}

// particle -1
sphere {
	<25.439384, 38.951561, 34.343803> 0.100000
	pigment { color rgbt <1,0,0,0> }
	no_shadow
}
sphere {
	0, 1
	scale<0.080000,0.200000,0.300000>
	matrix <0.475118, -0.860559, 0.183577,
