// switches for output
#declare DRAW_BASES = 1; // possible values are 0, 1; only relevant for DNA ribbons
#declare DRAW_BASES_TYPE = 3; // possible values are 1, 2, 3; only relevant for DNA ribbons
#declare DRAW_FOG = 0; // set to 1 to enable fog

#include "colors.inc"

#include "transforms.inc"
background { rgb <1, 1, 1>}

#default {
   normal{
       ripples 0.25
       frequency 0.20
       turbulence 0.2
       lambda 5
   }
	finish {
		phong 0.1
		phong_size 40.
	}
}

// original window dimensions: 1024x640


// camera settings

camera {
	sky <0, 0.179814, -0.983701>
	up <0, 0.179814, -0.983701>
	right 1.6 * <1, 0, 0>
	location <35, 94.9851, 44.8844>
	look_at <35, 29.7336, 32.9568>
	direction <0, -65.2515, -11.9276>
	angle 67.0682
}


# declare cpy_camera_pos = <35, 94.9851, 44.8844>;
# if (DRAW_FOG = 1)
fog {
	fog_type 2
	up vnormalize(cpy_camera_pos)
	color rgbt<1,1,1,0.3>
	distance 1e-5
	fog_alt 3e-3
	fog_offset 56
}
# end


// LIGHTS

# declare lum = 6;
global_settings {
	ambient_light rgb lum * <0.05, 0.05, 0.05>
	max_trace_level 15
}# declare cpy_direct_light_amount = 0.25;
light_source
{	1000 * <-1, -1.16352, -0.803886>,
	rgb lum * cpy_direct_light_amount
	parallel
}

light_source
{	1000 * <1, 1.16352, 0.803886>,
	rgb lum * cpy_direct_light_amount
	parallel
}

// strand 0

// nucleotide -1

// particle -1
sphere {
	<23.978937, 35.137897, 34.724323> 0.250000
	pigment { color rgbt <1,0,0,0> }
	no_shadow
}
cylinder {
	<24.227243, 35.129307, 35.037804>,  <24.376228, 35.124153, 35.225891>, 0.100000
	pigment { color rgbt <1,0,0,0> }
	no_shadow
}
cylinder {
	<24.227243, 35.129307, 35.037804>,  <23.978937, 35.137897, 34.724323>, 0.100000
	pigment { color rgbt <1,0,0,0> }
	no_shadow
}

// particle -1
sphere {
	<24.227243, 35.129307, 35.037804> 0.100000
	pigment { color rgbt <1,0,0,0> }
	no_shadow
}
sphere {
	0, 1
	scale<0.080000,0.200000,0.300000>
	matrix <0.746986, 0.319704, -0.582924,
		-0.238032, 0.947274, 0.214506,
		0.620767, -0.021478, 0.783700,
		24.413473, 35.122864, 35.272915>
	pigment { color rgbt <0,1,1,0> }
	no_shadow
}
cylinder {
	<24.240902, 35.786308, 34.752552>,  <23.978937, 35.137897, 34.724323>, 0.130000
	pigment { color rgbt <1,0,0,0> }
	no_shadow
}

// nucleotide -1

// particle -1
sphere {
	<24.240902, 35.786308, 34.752552> 0.250000
	pigment { color rgbt <1,0,0,0> }
	no_shadow
}
cylinder {
	<24.484079, 35.518002, 34.922482>,  <24.629986, 35.357018, 35.024441>, 0.100000
	pigment { color rgbt <1,0,0,0> }
	no_shadow
}
cylinder {
	<24.484079, 35.518002, 34.922482>,  <24.240902, 35.786308, 34.752552>, 0.100000
	pigment { color rgbt <1,0,0,0> }
	no_shadow
}

// particle -1
sphere {
	<24.484079, 35.518002, 34.922482> 0.100000
	pigment { color rgbt <1,0,0,0> }
	no_shadow
}
sphere {
	0, 1
	scale<0.080000,0.200000,0.300000>
	matrix <0.781222, 0.409810, -0.470901,
		0.141768, 0.618163, 0.773160,
		0.607942, -0.670768, 0.424825,
		24.666462, 35.316772, 35.049931>
	pigment { color rgbt <0,1,1,0> }
	no_shadow
}
cylinder {
	<24.858931, 36.190754, 34.857204>,  <24.240902, 35.786308, 34.752552>, 0.130000
	pigment { color rgbt <1,0,0,0> }
	no_shadow
}

// nucleotide -1

// particle -1
sphere {
	<24.858931, 36.190754, 34.857204> 0.250000
	pigment { color rgbt <1,0,0,0> }
	no_shadow
}
cylinder {
	<25.004560, 35.821854, 34.909206>,  <25.091938, 35.600513, 34.940407>, 0.100000
	pigment { color rgbt <1,0,0,0> }
	no_shadow
}
cylinder {
	<25.004560, 35.821854, 34.909206>,  <24.858931, 36.190754, 34.857204>, 0.100000
	pigment { color rgbt <1,0,0,0> }
	no_shadow
}

// particle -1
sphere {
	<25.004560, 35.821854, 34.909206> 0.100000
	pigment { color rgbt <1,0,0,0> }
	no_shadow
}
sphere {
	0, 1
	scale<0.080000,0.200000,0.300000>
	matrix <0.847760, 0.270343, -0.456309,
		0.385686, 0.276343, 0.880273,
		0.364074, -0.922252, 0.130005,
		25.113783, 35.545177, 34.948208>
	pigment { color rgbt <0,1,1,0> }
	no_shadow
}
cylinder {
	<25.428690, 36.353168, 34.821758>,  <24.858931, 36.190754, 34.857204>, 0.130000
	pigment { color rgbt <1,0,0,0> }
	no_shadow
}

// nucleotide -1

// particle -1
sphere {
	<25.428690, 36.353168, 34.821758> 0.250000
	pigment { color rgbt <1,0,0,0> }
	no_shadow
}
cylinder {
	<25.482647, 35.957039, 34.808666>,  <25.515020, 35.719360, 34.800812>, 0.100000
	pigment { color rgbt <1,0,0,0> }
	no_shadow
}
cylinder {
	<25.482647, 35.957039, 34.808666>,  <25.428690, 36.353168, 34.821758>, 0.100000
	pigment { color rgbt <1,0,0,0> }
	no_shadow
}

// particle -1
sphere {
	<25.482647, 35.957039, 34.808666> 0.100000
	pigment { color rgbt <1,0,0,0> }
	no_shadow
}
sphere {
	0, 1
	scale<0.080000,0.200000,0.300000>
	matrix <0.940043, 0.138347, -0.311735,
		0.313245, 0.011285, 0.949605,
		0.134892, -0.990319, -0.032728,
		25.523115, 35.659943, 34.798847>
	pigment { color rgbt <0,1,1,0> }
	no_shadow
}
cylinder {
	<25.991123, 36.232853, 35.293930>,  <25.428690, 36.353168, 34.821758>, 0.130000
	pigment { color rgbt <1,0,0,0> }
	no_shadow
}

// nucleotide -1

// particle -1
sphere {
	<25.991123, 36.232853, 35.293930> 0.250000
	pigment { color rgbt <1,0,0,0> }
	no_shadow
}
cylinder {
	<25.948145, 35.965759, 34.999287>,  <25.922358, 35.805504, 34.822502>, 0.100000
	pigment { color rgbt <1,0,0,0> }
	no_shadow
}
cylinder {
	<25.948145, 35.965759, 34.999287>,  <25.991123, 36.232853, 35.293930>, 0.100000
	pigment { color rgbt <1,0,0,0> }
	no_shadow
}

// particle -1
sphere {
	<25.948145, 35.965759, 34.999287> 0.100000
	pigment { color rgbt <1,0,0,0> }
	no_shadow
}
sphere {
	0, 1
	scale<0.080000,0.200000,0.300000>
	matrix <0.936334, 0.181136, -0.300780,
		0.334266, -0.722028, 0.605758,
		-0.107447, -0.667732, -0.736607,
		25.915911, 35.765438, 34.778305>
	pigment { color rgbt <0,1,1,0> }
	no_shadow
}
cylinder {
	<26.637978, 35.913162, 35.192421>,  <25.991123, 36.232853, 35.293930>, 0.130000
	pigment { color rgbt <1,0,0,0> }
	no_shadow
}

// nucleotide -1

// particle -1
sphere {
	<26.637978, 35.913162, 35.192421> 0.250000
	pigment { color rgbt <1,0,0,0> }
	no_shadow
}
cylinder {
	<26.454956, 35.810020, 34.852032>,  <26.345144, 35.748135, 34.647797>, 0.100000
	pigment { color rgbt <1,0,0,0> }
	no_shadow
}
cylinder {
	<26.454956, 35.810020, 34.852032>,  <26.637978, 35.913162, 35.192421>, 0.100000
	pigment { color rgbt <1,0,0,0> }
	no_shadow
}

// particle -1
sphere {
	<26.454956, 35.810020, 34.852032> 0.100000
	pigment { color rgbt <1,0,0,0> }
	no_shadow
}
sphere {
	0, 1
	scale<0.080000,0.200000,0.300000>
	matrix <0.871451, 0.060131, -0.486783,
		0.176690, -0.964311, 0.197195,
		-0.457553, -0.257855, -0.850974,
		26.317690, 35.732662, 34.596741>
	pigment { color rgbt <0,1,1,0> }
	no_shadow
}
cylinder {
	<27.164368, 35.504086, 35.026546>,  <26.637978, 35.913162, 35.192421>, 0.130000
	pigment { color rgbt <1,0,0,0> }
	no_shadow
}

// nucleotide -1

// particle -1
sphere {
	<27.164368, 35.504086, 35.026546> 0.250000
	pigment { color rgbt <1,0,0,0> }
	no_shadow
}
cylinder {
	<26.929623, 35.662205, 34.743893>,  <26.788776, 35.757076, 34.574303>, 0.100000
	pigment { color rgbt <1,0,0,0> }
	no_shadow
}
cylinder {
	<26.929623, 35.662205, 34.743893>,  <27.164368, 35.504086, 35.026546>, 0.100000
	pigment { color rgbt <1,0,0,0> }
	no_shadow
}

// particle -1
sphere {
	<26.929623, 35.662205, 34.743893> 0.100000
	pigment { color rgbt <1,0,0,0> }
	no_shadow
}
sphere {
	0, 1
	scale<0.080000,0.200000,0.300000>
	matrix <0.803961, 0.180877, -0.566508,
		-0.096128, -0.900567, -0.423957,
		-0.586862, 0.395302, -0.706633,
		26.753565, 35.780796, 34.531902>
	pigment { color rgbt <0,1,1,0> }
	no_shadow
}
cylinder {
	<27.285160, 35.204559, 34.330872>,  <27.164368, 35.504086, 35.026546>, 0.130000
	pigment { color rgbt <1,0,0,0> }
	no_shadow
}

// nucleotide -1

// particle -1
sphere {
	<27.285160, 35.204559, 34.330872> 0.250000
	pigment { color rgbt <1,0,0,0> }
	no_shadow
}
cylinder {
	<27.126389, 35.569908, 34.294632>,  <27.031126, 35.789116, 34.272888>, 0.100000
	pigment { color rgbt <1,0,0,0> }
	no_shadow
}
cylinder {
	<27.126389, 35.569908, 34.294632>,  <27.285160, 35.204559, 34.330872>, 0.100000
	pigment { color rgbt <1,0,0,0> }
	no_shadow
}

// particle -1
sphere {
	<27.126389, 35.569908, 34.294632> 0.100000
	pigment { color rgbt <1,0,0,0> }
	no_shadow
}
sphere {
	0, 1
	scale<0.080000,0.200000,0.300000>
	matrix <0.823974, 0.311105, -0.473583,
		-0.404370, -0.262629, -0.876077,
		-0.396928, 0.913367, -0.090598,
		27.007311, 35.843918, 34.267452>
	pigment { color rgbt <0,1,1,0> }
	no_shadow
}
cylinder {
	<27.252005, 35.394802, 33.640202>,  <27.285160, 35.204559, 34.330872>, 0.130000
	pigment { color rgbt <1,0,0,0> }
	no_shadow
}

// nucleotide -1

// particle -1
sphere {
	<27.252005, 35.394802, 33.640202> 0.250000
	pigment { color rgbt <1,0,0,0> }
	no_shadow
}
cylinder {
	<27.243324, 35.744156, 33.834816>,  <27.238115, 35.953770, 33.951584>, 0.100000
	pigment { color rgbt <1,0,0,0> }
	no_shadow
}
cylinder {
	<27.243324, 35.744156, 33.834816>,  <27.252005, 35.394802, 33.640202>, 0.100000
	pigment { color rgbt <1,0,0,0> }
	no_shadow
}

// particle -1
sphere {
	<27.243324, 35.744156, 33.834816> 0.100000
	pigment { color rgbt <1,0,0,0> }
	no_shadow
}
sphere {
	0, 1
	scale<0.080000,0.200000,0.300000>
	matrix <0.826362, 0.289585, -0.482976,
		-0.562721, 0.391578, -0.728019,
		-0.021701, 0.873388, 0.486541,
		27.236814, 36.006172, 33.980778>
	pigment { color rgbt <0,1,1,0> }
	no_shadow
}
cylinder {
	<27.400139, 35.918198, 33.135704>,  <27.252005, 35.394802, 33.640202>, 0.130000
	pigment { color rgbt <1,0,0,0> }
	no_shadow
}

// nucleotide -1

// particle -1
sphere {
	<27.400139, 35.918198, 33.135704> 0.250000
	pigment { color rgbt <1,0,0,0> }
	no_shadow
}
cylinder {
	<27.450480, 36.098232, 33.489334>,  <27.480684, 36.206253, 33.701511>, 0.100000
	pigment { color rgbt <1,0,0,0> }
	no_shadow
}
cylinder {
	<27.450480, 36.098232, 33.489334>,  <27.400139, 35.918198, 33.135704>, 0.100000
	pigment { color rgbt <1,0,0,0> }
	no_shadow
}

// particle -1
sphere {
	<27.450480, 36.098232, 33.489334> 0.100000
	pigment { color rgbt <1,0,0,0> }
	no_shadow
}
sphere {
	0, 1
	scale<0.080000,0.200000,0.300000>
	matrix <0.856425, 0.400484, -0.325805,
		-0.500697, 0.798144, -0.335065,
		0.125851, 0.450088, 0.884071,
		27.488235, 36.233257, 33.754555>
	pigment { color rgbt <0,1,1,0> }
	no_shadow
}
cylinder {
	<27.572996, 36.585739, 33.069107>,  <27.400139, 35.918198, 33.135704>, 0.130000
	pigment { color rgbt <1,0,0,0> }
	no_shadow
}

// nucleotide -1

// particle -1
sphere {
	<27.572996, 36.585739, 33.069107> 0.250000
	pigment { color rgbt <1,0,0,0> }
	no_shadow
}
cylinder {
	<27.721451, 36.489990, 33.427986>,  <27.810524, 36.432541, 33.643314>, 0.100000
	pigment { color rgbt <1,0,0,0> }
	no_shadow
}
cylinder {
	<27.721451, 36.489990, 33.427986>,  <27.572996, 36.585739, 33.069107>, 0.100000
	pigment { color rgbt <1,0,0,0> }
	no_shadow
}

// particle -1
sphere {
	<27.721451, 36.489990, 33.427986> 0.100000
	pigment { color rgbt <1,0,0,0> }
	no_shadow
}
sphere {
	0, 1
	scale<0.080000,0.200000,0.300000>
	matrix <0.910073, 0.285697, -0.300240,
		-0.184458, 0.927944, 0.323875,
		0.371136, -0.239368, 0.897196,
		27.832792, 36.418179, 33.697144>
	pigment { color rgbt <0,1,1,0> }
	no_shadow
}
cylinder {
	<27.921610, 37.189968, 33.500259>,  <27.572996, 36.585739, 33.069107>, 0.130000
	pigment { color rgbt <1,0,0,0> }
	no_shadow
}

// nucleotide -1

// particle -1
sphere {
	<27.921610, 37.189968, 33.500259> 0.250000
	pigment { color rgbt <1,0,0,0> }
	no_shadow
}
cylinder {
	<28.078772, 36.826809, 33.558693>,  <28.173069, 36.608913, 33.593754>, 0.100000
	pigment { color rgbt <1,0,0,0> }
	no_shadow
}
cylinder {
	<28.078772, 36.826809, 33.558693>,  <27.921610, 37.189968, 33.500259>, 0.100000
	pigment { color rgbt <1,0,0,0> }
	no_shadow
}

// particle -1
sphere {
	<28.078772, 36.826809, 33.558693> 0.100000
	pigment { color rgbt <1,0,0,0> }
	no_shadow
}
sphere {
	0, 1
	scale<0.080000,0.200000,0.300000>
	matrix <0.884090, 0.329238, -0.331644,
		0.253005, 0.259454, 0.932026,
		0.392905, -0.907902, 0.146082,
		28.196644, 36.554440, 33.602516>
	pigment { color rgbt <0,1,1,0> }
	no_shadow
}
cylinder {
	<28.525354, 37.142715, 33.902977>,  <27.921610, 37.189968, 33.500259>, 0.130000
	pigment { color rgbt <1,0,0,0> }
	no_shadow
}

// nucleotide -1

// particle -1
sphere {
	<28.525354, 37.142715, 33.902977> 0.250000
	pigment { color rgbt <1,0,0,0> }
	no_shadow
}
cylinder {
	<28.532093, 36.868805, 33.611553>,  <28.536137, 36.704460, 33.436699>, 0.100000
	pigment { color rgbt <1,0,0,0> }
	no_shadow
}
cylinder {
	<28.532093, 36.868805, 33.611553>,  <28.525354, 37.142715, 33.902977>, 0.100000
	pigment { color rgbt <1,0,0,0> }
	no_shadow
}

// particle -1
sphere {
	<28.532093, 36.868805, 33.611553> 0.100000
	pigment { color rgbt <1,0,0,0> }
	no_shadow
}
sphere {
	0, 1
	scale<0.080000,0.200000,0.300000>
	matrix <0.844023, 0.400388, -0.356812,
		0.536043, -0.608910, 0.584711,
		0.016845, -0.684776, -0.728559,
		28.537146, 36.663372, 33.392986>
	pigment { color rgbt <0,1,1,0> }
	no_shadow
}
cylinder {
	<29.204670, 36.738430, 33.880928>,  <28.525354, 37.142715, 33.902977>, 0.130000
	pigment { color rgbt <1,0,0,0> }
	no_shadow
}

// nucleotide -1

// particle -1
sphere {
	<29.204670, 36.738430, 33.880928> 0.250000
	pigment { color rgbt <1,0,0,0> }
	no_shadow
}
cylinder {
	<29.011343, 36.796429, 33.535587>,  <28.895348, 36.831226, 33.328381>, 0.100000
	pigment { color rgbt <1,0,0,0> }
	no_shadow
}
cylinder {
	<29.011343, 36.796429, 33.535587>,  <29.204670, 36.738430, 33.880928>, 0.100000
	pigment { color rgbt <1,0,0,0> }
	no_shadow
}

// particle -1
sphere {
	<29.011343, 36.796429, 33.535587> 0.100000
	pigment { color rgbt <1,0,0,0> }
	no_shadow
}
sphere {
	0, 1
	scale<0.080000,0.200000,0.300000>
	matrix <0.828703, 0.393712, -0.397796,
		0.282234, -0.907727, -0.310446,
		-0.483316, 0.144996, -0.863355,
		28.866348, 36.839928, 33.276581>
	pigment { color rgbt <0,1,1,0> }
	no_shadow
}
cylinder {
	<29.338547, 36.241085, 34.369137>,  <29.204670, 36.738430, 33.880928>, 0.130000
	pigment { color rgbt <1,0,0,0> }
	no_shadow
}

// nucleotide -1

// particle -1
sphere {
	<29.338547, 36.241085, 34.369137> 0.250000
	pigment { color rgbt <1,0,0,0> }
	no_shadow
}
cylinder {
	<29.196617, 36.145088, 34.730579>,  <29.111460, 36.087490, 34.947445>, 0.100000
	pigment { color rgbt <1,0,0,0> }
	no_shadow
}
cylinder {
	<29.196617, 36.145088, 34.730579>,  <29.338547, 36.241085, 34.369137>, 0.100000
	pigment { color rgbt <1,0,0,0> }
	no_shadow
}

// particle -1
sphere {
	<29.196617, 36.145088, 34.730579> 0.100000
	pigment { color rgbt <1,0,0,0> }
	no_shadow
}
sphere {
	0, 1
	scale<0.080000,0.200000,0.300000>
	matrix <0.285489, 0.892517, 0.349154,
		-0.890279, 0.381857, -0.248169,
		-0.354822, -0.239995, 0.903606,
		29.090170, 36.073090, 35.001659>
	pigment { color rgbt <0,1,1,0> }
	no_shadow
}
cylinder {
	<28.644997, 35.875088, 34.351250>,  <29.338547, 36.241085, 34.369137>, 0.130000
	pigment { color rgbt <1,0,0,0> }
	no_shadow
}

// nucleotide -1

// particle -1
sphere {
	<28.644997, 35.875088, 34.351250> 0.250000
	pigment { color rgbt <1,0,0,0> }
	no_shadow
}
cylinder {
	<28.496304, 36.213543, 34.198479>,  <28.407087, 36.416615, 34.106815>, 0.100000
	pigment { color rgbt <1,0,0,0> }
	no_shadow
}
cylinder {
	<28.496304, 36.213543, 34.198479>,  <28.644997, 35.875088, 34.351250>, 0.100000
	pigment { color rgbt <1,0,0,0> }
	no_shadow
}

// particle -1
sphere {
	<28.496304, 36.213543, 34.198479> 0.100000
	pigment { color rgbt <1,0,0,0> }
	no_shadow
}
sphere {
	0, 1
	scale<0.080000,0.200000,0.300000>
	matrix <-0.909053, -0.248355, 0.334579,
		0.188245, 0.471566, 0.861504,
		-0.371735, 0.846135, -0.381927,
		28.384783, 36.467384, 34.083900>
	pigment { color rgbt <0,1,1,0> }
	no_shadow
}
cylinder {
	<28.308689, 36.323875, 34.845589>,  <28.644997, 35.875088, 34.351250>, 0.130000
	pigment { color rgbt <1,0,0,0> }
	no_shadow
}

// nucleotide -1

// particle -1
sphere {
	<28.308689, 36.323875, 34.845589> 0.250000
	pigment { color rgbt <1,0,0,0> }
	no_shadow
}
cylinder {
	<28.152559, 36.341400, 34.477734>,  <28.058882, 36.351913, 34.257023>, 0.100000
	pigment { color rgbt <1,0,0,0> }
	no_shadow
}
cylinder {
	<28.152559, 36.341400, 34.477734>,  <28.308689, 36.323875, 34.845589>, 0.100000
	pigment { color rgbt <1,0,0,0> }
	no_shadow
}

// particle -1
sphere {
	<28.152559, 36.341400, 34.477734> 0.100000
	pigment { color rgbt <1,0,0,0> }
	no_shadow
}
sphere {
	0, 1
	scale<0.080000,0.200000,0.300000>
	matrix <-0.914390, -0.134984, 0.381667,
		-0.107415, 0.989879, 0.092746,
		-0.390323, 0.043809, -0.919635,
		28.035461, 36.354542, 34.201843>
	pigment { color rgbt <0,1,1,0> }
	no_shadow
}
cylinder {
	<27.778555, 36.778728, 34.902302>,  <28.308689, 36.323875, 34.845589>, 0.130000
	pigment { color rgbt <1,0,0,0> }
	no_shadow
}

// nucleotide -1

// particle -1
sphere {
	<27.778555, 36.778728, 34.902302> 0.250000
	pigment { color rgbt <1,0,0,0> }
	no_shadow
}
cylinder {
	<27.693514, 36.595306, 34.557159>,  <27.642490, 36.485252, 34.350075>, 0.100000
	pigment { color rgbt <1,0,0,0> }
	no_shadow
}
cylinder {
	<27.693514, 36.595306, 34.557159>,  <27.778555, 36.778728, 34.902302>, 0.100000
	pigment { color rgbt <1,0,0,0> }
	no_shadow
}

// particle -1
sphere {
	<27.693514, 36.595306, 34.557159> 0.100000
	pigment { color rgbt <1,0,0,0> }
	no_shadow
}
sphere {
	0, 1
	scale<0.080000,0.200000,0.300000>
	matrix <-0.964966, -0.040420, 0.259240,
		-0.153754, 0.887745, -0.433900,
		-0.212601, -0.458558, -0.862859,
		27.629734, 36.457741, 34.298302>
	pigment { color rgbt <0,1,1,0> }
	no_shadow
}
cylinder {
	<27.078121, 37.084633, 34.664242>,  <27.778555, 36.778728, 34.902302>, 0.130000
	pigment { color rgbt <1,0,0,0> }
	no_shadow
}

// nucleotide -1

// particle -1
sphere {
	<27.078121, 37.084633, 34.664242> 0.250000
	pigment { color rgbt <1,0,0,0> }
	no_shadow
}
cylinder {
	<27.137590, 36.758865, 34.439877>,  <27.173273, 36.563404, 34.305260>, 0.100000
	pigment { color rgbt <1,0,0,0> }
	no_shadow
}
cylinder {
	<27.137590, 36.758865, 34.439877>,  <27.078121, 37.084633, 34.664242>, 0.100000
	pigment { color rgbt <1,0,0,0> }
	no_shadow
}

// particle -1
sphere {
	<27.137590, 36.758865, 34.439877> 0.100000
	pigment { color rgbt <1,0,0,0> }
	no_shadow
}
sphere {
	0, 1
	scale<0.080000,0.200000,0.300000>
	matrix <-0.938936, -0.294252, 0.178366,
		-0.310314, 0.500142, -0.808433,
		0.148674, -0.814416, -0.560912,
		27.182194, 36.514542, 34.271603>
	pigment { color rgbt <0,1,1,0> }
	no_shadow
}
cylinder {
	<26.541506, 37.038738, 34.279716>,  <27.078121, 37.084633, 34.664242>, 0.130000
	pigment { color rgbt <1,0,0,0> }
	no_shadow
}

// nucleotide -1

// particle -1
sphere {
	<26.541506, 37.038738, 34.279716> 0.250000
	pigment { color rgbt <1,0,0,0> }
	no_shadow
}
cylinder {
	<26.686152, 36.665993, 34.291431>,  <26.772938, 36.442345, 34.298462>, 0.100000
	pigment { color rgbt <1,0,0,0> }
	no_shadow
}
cylinder {
	<26.686152, 36.665993, 34.291431>,  <26.541506, 37.038738, 34.279716>, 0.100000
	pigment { color rgbt <1,0,0,0> }
	no_shadow
}

// particle -1
sphere {
	<26.686152, 36.665993, 34.291431> 0.100000
	pigment { color rgbt <1,0,0,0> }
	no_shadow
}
sphere {
	0, 1
	scale<0.080000,0.200000,0.300000>
	matrix <-0.871317, -0.326602, 0.366248,
		-0.331733, -0.157951, -0.930056,
		0.361607, -0.931871, 0.029281,
		26.794636, 36.386433, 34.300220>
	pigment { color rgbt <0,1,1,0> }
	no_shadow
}
cylinder {
	<25.972435, 36.726982, 34.003330>,  <26.541506, 37.038738, 34.279716>, 0.130000
	pigment { color rgbt <1,0,0,0> }
	no_shadow
}

// nucleotide -1

// particle -1
sphere {
	<25.972435, 36.726982, 34.003330> 0.250000
	pigment { color rgbt <1,0,0,0> }
	no_shadow
}
cylinder {
	<26.207430, 36.467896, 34.197372>,  <26.348427, 36.312443, 34.313797>, 0.100000
	pigment { color rgbt <1,0,0,0> }
	no_shadow
}
cylinder {
	<26.207430, 36.467896, 34.197372>,  <25.972435, 36.726982, 34.003330>, 0.100000
	pigment { color rgbt <1,0,0,0> }
	no_shadow
}

// particle -1
sphere {
	<26.207430, 36.467896, 34.197372> 0.100000
	pigment { color rgbt <1,0,0,0> }
	no_shadow
}
sphere {
	0, 1
	scale<0.080000,0.200000,0.300000>
	matrix <-0.805973, -0.522099, 0.278964,
		0.072584, -0.554869, -0.828765,
		0.587486, -0.647713, 0.485106,
		26.383677, 36.273582, 34.342903>
	pigment { color rgbt <0,1,1,0> }
	no_shadow
}
cylinder {
	<26.306253, 36.636887, 33.299286>,  <25.972435, 36.726982, 34.003330>, 0.130000
	pigment { color rgbt <1,0,0,0> }
	no_shadow
}

// nucleotide -1

// particle -1
sphere {
	<26.306253, 36.636887, 33.299286> 0.250000
	pigment { color rgbt <1,0,0,0> }
	no_shadow
}
cylinder {
	<26.502993, 36.819485, 33.002720>,  <26.621037, 36.929043, 32.824780>, 0.100000
	pigment { color rgbt <1,0,0,0> }
	no_shadow
}
cylinder {
	<26.502993, 36.819485, 33.002720>,  <26.306253, 36.636887, 33.299286>, 0.100000
	pigment { color rgbt <1,0,0,0> }
	no_shadow
}

// particle -1
sphere {
	<26.502993, 36.819485, 33.002720> 0.100000
	pigment { color rgbt <1,0,0,0> }
	no_shadow
}
sphere {
	0, 1
	scale<0.080000,0.200000,0.300000>
	matrix <-0.789563, -0.125058, -0.600792,
		-0.366980, 0.880892, 0.298924,
		0.491850, 0.456498, -0.741413,
		26.650547, 36.956432, 32.780296>
	pigment { color rgbt <0,1,1,0> }
	no_shadow
}
cylinder {
	<25.684048, 36.226784, 33.528046>,  <26.306253, 36.636887, 33.299286>, 0.130000
	pigment { color rgbt <1,0,0,0> }
	no_shadow
}

// nucleotide -1

// particle -1
sphere {
	<25.684048, 36.226784, 33.528046> 0.250000
	pigment { color rgbt <1,0,0,0> }
	no_shadow
}
cylinder {
	<25.708723, 36.053284, 33.168480>,  <25.723528, 35.949184, 32.952740>, 0.100000
	pigment { color rgbt <1,0,0,0> }
	no_shadow
}
cylinder {
	<25.708723, 36.053284, 33.168480>,  <25.684048, 36.226784, 33.528046>, 0.100000
	pigment { color rgbt <1,0,0,0> }
	no_shadow
}

// particle -1
sphere {
	<25.708723, 36.053284, 33.168480> 0.100000
	pigment { color rgbt <1,0,0,0> }
	no_shadow
}
sphere {
	0, 1
	scale<0.080000,0.200000,0.300000>
	matrix <0.370719, 0.846161, -0.382857,
		0.926694, -0.309627, 0.213000,
		0.061689, -0.433754, -0.898917,
		25.727230, 35.923157, 32.898804>
	pigment { color rgbt <0,1,1,0> }
	no_shadow
}
cylinder {
	<25.818619, 35.411114, 33.508373>,  <25.684048, 36.226784, 33.528046>, 0.130000
	pigment { color rgbt <1,0,0,0> }
	no_shadow
}

// nucleotide -1

// particle -1
sphere {
	<25.818619, 35.411114, 33.508373> 0.250000
	pigment { color rgbt <1,0,0,0> }
	no_shadow
}
cylinder {
	<26.046703, 35.336952, 33.828495>,  <26.183554, 35.292458, 34.020569>, 0.100000
	pigment { color rgbt <1,0,0,0> }
	no_shadow
}
cylinder {
	<26.046703, 35.336952, 33.828495>,  <25.818619, 35.411114, 33.508373>, 0.100000
	pigment { color rgbt <1,0,0,0> }
	no_shadow
}

// particle -1
sphere {
	<26.046703, 35.336952, 33.828495> 0.100000
	pigment { color rgbt <1,0,0,0> }
	no_shadow
}
sphere {
	0, 1
	scale<0.080000,0.200000,0.300000>
	matrix <-0.802722, -0.332847, 0.494824,
		0.174637, -0.924575, -0.338618,
		0.570210, -0.185401, 0.800304,
		26.217766, 35.281330, 34.068584>
	pigment { color rgbt <0,1,1,0> }
	no_shadow
}
cylinder {
	<25.659079, 34.778889, 33.799145>,  <25.818619, 35.411114, 33.508373>, 0.130000
	pigment { color rgbt <1,0,0,0> }
	no_shadow
}

// nucleotide -1

// particle -1
sphere {
	<25.659079, 34.778889, 33.799145> 0.250000
	pigment { color rgbt <1,0,0,0> }
	no_shadow
}
cylinder {
	<25.751528, 35.020744, 34.104038>,  <25.806997, 35.165855, 34.286976>, 0.100000
	pigment { color rgbt <1,0,0,0> }
	no_shadow
}
cylinder {
	<25.751528, 35.020744, 34.104038>,  <25.659079, 34.778889, 33.799145>, 0.100000
	pigment { color rgbt <1,0,0,0> }
	no_shadow
}

// particle -1
sphere {
	<25.751528, 35.020744, 34.104038> 0.100000
	pigment { color rgbt <1,0,0,0> }
	no_shadow
}
sphere {
	0, 1
	scale<0.080000,0.200000,0.300000>
	matrix <-0.772000, -0.362827, 0.521893,
		0.592114, -0.709064, 0.382922,
		0.231121, 0.604636, 0.762232,
		25.820864, 35.202137, 34.332706>
	pigment { color rgbt <0,1,1,0> }
	no_shadow
}
cylinder {
	<25.546902, 34.461258, 34.361023>,  <25.659079, 34.778889, 33.799145>, 0.130000
	pigment { color rgbt <1,0,0,0> }
	no_shadow
}

// nucleotide -1

// particle -1
sphere {
	<25.546902, 34.461258, 34.361023> 0.250000
	pigment { color rgbt <1,0,0,0> }
	no_shadow
}
cylinder {
	<25.561584, 34.832909, 34.508198>,  <25.570395, 35.055901, 34.596500>, 0.100000
	pigment { color rgbt <1,0,0,0> }
	no_shadow
}
cylinder {
	<25.561584, 34.832909, 34.508198>,  <25.546902, 34.461258, 34.361023>, 0.100000
	pigment { color rgbt <1,0,0,0> }
	no_shadow
}

// particle -1
sphere {
	<25.561584, 34.832909, 34.508198> 0.100000
	pigment { color rgbt <1,0,0,0> }
	no_shadow
}
sphere {
	0, 1
	scale<0.080000,0.200000,0.300000>
	matrix <-0.705885, -0.236510, 0.667675,
		0.707375, -0.284228, 0.647175,
		0.036708, 0.929127, 0.367934,
		25.572598, 35.111649, 34.618576>
	pigment { color rgbt <0,1,1,0> }
	no_shadow
}
cylinder {
	<25.629755, 34.355820, 34.999374>,  <25.546902, 34.461258, 34.361023>, 0.130000
	pigment { color rgbt <1,0,0,0> }
	no_shadow
}

// nucleotide -1

// particle -1
sphere {
	<25.629755, 34.355820, 34.999374> 0.250000
	pigment { color rgbt <1,0,0,0> }
	no_shadow
}
cylinder {
	<25.437361, 34.704041, 34.957809>,  <25.321924, 34.912971, 34.932869>, 0.100000
	pigment { color rgbt <1,0,0,0> }
	no_shadow
}
cylinder {
	<25.437361, 34.704041, 34.957809>,  <25.629755, 34.355820, 34.999374>, 0.100000
	pigment { color rgbt <1,0,0,0> }
	no_shadow
}

// particle -1
sphere {
	<25.437361, 34.704041, 34.957809> 0.100000
	pigment { color rgbt <1,0,0,0> }
	no_shadow
}
sphere {
	0, 1
	scale<0.080000,0.200000,0.300000>
	matrix <-0.664257, -0.284498, 0.691247,
		0.572200, 0.401507, 0.715108,
		-0.480987, 0.870547, -0.103914,
		25.293064, 34.965206, 34.926636>
	pigment { color rgbt <0,1,1,0> }
	no_shadow
}
cylinder {
	<25.427763, 34.628780, 35.723873>,  <25.629755, 34.355820, 34.999374>, 0.130000
	pigment { color rgbt <1,0,0,0> }
	no_shadow
}

// nucleotide -1

// particle -1
sphere {
	<25.427763, 34.628780, 35.723873> 0.250000
	pigment { color rgbt <1,0,0,0> }
	no_shadow
}
cylinder {
	<25.170237, 34.794872, 35.466785>,  <25.015720, 34.894527, 35.312534>, 0.100000
	pigment { color rgbt <1,0,0,0> }
	no_shadow
}
cylinder {
	<25.170237, 34.794872, 35.466785>,  <25.427763, 34.628780, 35.723873>, 0.100000
	pigment { color rgbt <1,0,0,0> }
	no_shadow
}

// particle -1
sphere {
	<25.170237, 34.794872, 35.466785> 0.100000
	pigment { color rgbt <1,0,0,0> }
	no_shadow
}
sphere {
	0, 1
	scale<0.080000,0.200000,0.300000>
	matrix <-0.748381, -0.166658, 0.641990,
		0.159463, 0.894319, 0.418050,
		-0.643815, 0.415234, -0.642715,
		24.977093, 34.919441, 35.273972>
	pigment { color rgbt <0,1,1,0> }
	no_shadow
}
cylinder {
	<25.690037, 34.021435, 36.057674>,  <25.427763, 34.628780, 35.723873>, 0.130000
	pigment { color rgbt <1,0,0,0> }
	no_shadow
}

// nucleotide -1

// particle -1
sphere {
	<25.690037, 34.021435, 36.057674> 0.250000
	pigment { color rgbt <1,0,0,0> }
	no_shadow
}
cylinder {
	<25.907475, 33.926521, 35.735630>,  <26.037937, 33.869576, 35.542404>, 0.100000
	pigment { color rgbt <1,0,0,0> }
	no_shadow
}
cylinder {
	<25.907475, 33.926521, 35.735630>,  <25.690037, 34.021435, 36.057674>, 0.100000
	pigment { color rgbt <1,0,0,0> }
	no_shadow
}

// particle -1
sphere {
	<25.907475, 33.926521, 35.735630> 0.100000
	pigment { color rgbt <1,0,0,0> }
	no_shadow
}
sphere {
	0, 1
	scale<0.080000,0.200000,0.300000>
	matrix <0.495990, -0.683014, 0.536178,
		-0.677118, -0.690793, -0.253606,
		0.543604, -0.237269, -0.805107,
		26.070553, 33.855335, 35.494095>
	pigment { color rgbt <0,1,1,0> }
	no_shadow
}
cylinder {
	<25.775490, 33.250118, 36.115944>,  <25.690037, 34.021435, 36.057674>, 0.130000
	pigment { color rgbt <1,0,0,0> }
	no_shadow
}

// nucleotide -1

// particle -1
sphere {
	<25.775490, 33.250118, 36.115944> 0.250000
	pigment { color rgbt <1,0,0,0> }
	no_shadow
}
cylinder {
	<26.047525, 33.386265, 35.856213>,  <26.210747, 33.467953, 35.700375>, 0.100000
	pigment { color rgbt <1,0,0,0> }
	no_shadow
}
cylinder {
	<26.047525, 33.386265, 35.856213>,  <25.775490, 33.250118, 36.115944>, 0.100000
	pigment { color rgbt <1,0,0,0> }
	no_shadow
}

// particle -1
sphere {
	<26.047525, 33.386265, 35.856213> 0.100000
	pigment { color rgbt <1,0,0,0> }
	no_shadow
}
sphere {
	0, 1
	scale<0.080000,0.200000,0.300000>
	matrix <0.615408, -0.746393, 0.253320,
		-0.398433, -0.571883, -0.717078,
		0.680091, 0.340364, -0.649329,
		26.251553, 33.488373, 35.661415>
	pigment { color rgbt <0,1,1,0> }
	no_shadow
}
cylinder {
	<25.921759, 32.659645, 35.592110>,  <25.775490, 33.250118, 36.115944>, 0.130000
	pigment { color rgbt <1,0,0,0> }
	no_shadow
}

// nucleotide -1

// particle -1
sphere {
	<25.921759, 32.659645, 35.592110> 0.250000
	pigment { color rgbt <1,0,0,0> }
	no_shadow
}
cylinder {
	<26.224947, 32.920025, 35.608799>,  <26.406860, 33.076252, 35.618813>, 0.100000
	pigment { color rgbt <1,0,0,0> }
	no_shadow
}
cylinder {
	<26.224947, 32.920025, 35.608799>,  <25.921759, 32.659645, 35.592110>, 0.100000
	pigment { color rgbt <1,0,0,0> }
	no_shadow
}

// particle -1
sphere {
	<26.224947, 32.920025, 35.608799> 0.100000
	pigment { color rgbt <1,0,0,0> }
	no_shadow
}
sphere {
	0, 1
	scale<0.080000,0.200000,0.300000>
	matrix <0.648598, -0.758932, 0.057821,
		0.069307, -0.016762, -0.997455,
		0.757969, 0.650954, 0.041727,
		26.452337, 33.115311, 35.621319>
	pigment { color rgbt <0,1,1,0> }
	no_shadow
}
cylinder {
	<26.446991, 32.333954, 35.401627>,  <25.921759, 32.659645, 35.592110>, 0.130000
	pigment { color rgbt <1,0,0,0> }
	no_shadow
}

// nucleotide -1

// particle -1
sphere {
	<26.446991, 32.333954, 35.401627> 0.250000
	pigment { color rgbt <1,0,0,0> }
	no_shadow
}
cylinder {
	<26.665354, 32.644997, 35.526402>,  <26.796371, 32.831623, 35.601269>, 0.100000
	pigment { color rgbt <1,0,0,0> }
	no_shadow
}
cylinder {
	<26.665354, 32.644997, 35.526402>,  <26.446991, 32.333954, 35.401627>, 0.100000
	pigment { color rgbt <1,0,0,0> }
	no_shadow
}

// particle -1
sphere {
	<26.665354, 32.644997, 35.526402> 0.100000
	pigment { color rgbt <1,0,0,0> }
	no_shadow
}
sphere {
	0, 1
	scale<0.080000,0.200000,0.300000>
	matrix <0.671488, -0.628730, 0.392177,
		0.501088, -0.004627, -0.865384,
		0.545907, 0.777610, 0.311942,
		26.829126, 32.878281, 35.619984>
	pigment { color rgbt <0,1,1,0> }
	no_shadow
}
cylinder {
	<27.119024, 32.183838, 35.175289>,  <26.446991, 32.333954, 35.401627>, 0.130000
	pigment { color rgbt <1,0,0,0> }
	no_shadow
}

// nucleotide -1

// particle -1
sphere {
	<27.119024, 32.183838, 35.175289> 0.250000
	pigment { color rgbt <1,0,0,0> }
	no_shadow
}
cylinder {
	<27.152559, 32.424828, 35.492779>,  <27.172680, 32.569420, 35.683273>, 0.100000
	pigment { color rgbt <1,0,0,0> }
	no_shadow
}
cylinder {
	<27.152559, 32.424828, 35.492779>,  <27.119024, 32.183838, 35.175289>, 0.100000
	pigment { color rgbt <1,0,0,0> }
	no_shadow
}

// particle -1
sphere {
	<27.152559, 32.424828, 35.492779> 0.100000
	pigment { color rgbt <1,0,0,0> }
	no_shadow
}
sphere {
	0, 1
	scale<0.080000,0.200000,0.300000>
	matrix <0.747605, -0.564661, 0.349636,
		0.658831, 0.564081, -0.497749,
		0.083836, 0.602470, 0.793726,
		27.177710, 32.605568, 35.730896>
	pigment { color rgbt <0,1,1,0> }
	no_shadow
}
cylinder {
	<27.826670, 32.239906, 35.122540>,  <27.119024, 32.183838, 35.175289>, 0.130000
	pigment { color rgbt <1,0,0,0> }
	no_shadow
}

// nucleotide -1

// particle -1
sphere {
	<27.826670, 32.239906, 35.122540> 0.250000
	pigment { color rgbt <1,0,0,0> }
	no_shadow
}
cylinder {
	<27.697311, 32.347046, 35.485565>,  <27.619696, 32.411331, 35.703381>, 0.100000
	pigment { color rgbt <1,0,0,0> }
	no_shadow
}
cylinder {
	<27.697311, 32.347046, 35.485565>,  <27.826670, 32.239906, 35.122540>, 0.100000
	pigment { color rgbt <1,0,0,0> }
	no_shadow
}

// particle -1
sphere {
	<27.697311, 32.347046, 35.485565> 0.100000
	pigment { color rgbt <1,0,0,0> }
	no_shadow
}
sphere {
	0, 1
	scale<0.080000,0.200000,0.300000>
	matrix <0.569981, -0.710448, 0.412778,
		0.755338, 0.650785, 0.077089,
		-0.323397, 0.267848, 0.907564,
		27.600292, 32.427399, 35.757835>
	pigment { color rgbt <0,1,1,0> }
	no_shadow
}
cylinder {
	<28.280281, 32.376282, 35.669628>,  <27.826670, 32.239906, 35.122540>, 0.130000
	pigment { color rgbt <1,0,0,0> }
	no_shadow
}

// nucleotide -1

// particle -1
sphere {
	<28.280281, 32.376282, 35.669628> 0.250000
	pigment { color rgbt <1,0,0,0> }
	no_shadow
}
cylinder {
	<28.078176, 32.599594, 35.932846>,  <27.956913, 32.733582, 36.090778>, 0.100000
	pigment { color rgbt <1,0,0,0> }
	no_shadow
}
cylinder {
	<28.078176, 32.599594, 35.932846>,  <28.280281, 32.376282, 35.669628>, 0.100000
	pigment { color rgbt <1,0,0,0> }
	no_shadow
}

// particle -1
sphere {
	<28.078176, 32.599594, 35.932846> 0.100000
	pigment { color rgbt <1,0,0,0> }
	no_shadow
}
sphere {
	0, 1
	scale<0.080000,0.200000,0.300000>
	matrix <0.245612, -0.637974, 0.729839,
		0.827275, 0.530385, 0.185224,
		-0.505264, 0.558284, 0.658048,
		27.926598, 32.767078, 36.130260>
	pigment { color rgbt <0,1,1,0> }
	no_shadow
}
cylinder {
	<28.816338, 32.649429, 36.014786>,  <28.280281, 32.376282, 35.669628>, 0.130000
	pigment { color rgbt <1,0,0,0> }
	no_shadow
}

// nucleotide -1

// particle -1
sphere {
	<28.816338, 32.649429, 36.014786> 0.250000
	pigment { color rgbt <1,0,0,0> }
	no_shadow
}
cylinder {
	<28.470707, 32.622772, 36.214359>,  <28.263329, 32.606777, 36.334103>, 0.100000
	pigment { color rgbt <1,0,0,0> }
	no_shadow
}
cylinder {
	<28.470707, 32.622772, 36.214359>,  <28.816338, 32.649429, 36.014786>, 0.100000
	pigment { color rgbt <1,0,0,0> }
	no_shadow
}

// particle -1
sphere {
	<28.470707, 32.622772, 36.214359> 0.100000
	pigment { color rgbt <1,0,0,0> }
	no_shadow
}
sphere {
	0, 1
	scale<0.080000,0.200000,0.300000>
	matrix <0.378934, -0.738575, 0.557599,
		0.331336, 0.670869, 0.663439,
		-0.864075, -0.066647, 0.498931,
		28.211485, 32.602779, 36.364040>
	pigment { color rgbt <0,1,1,0> }
	no_shadow
}
cylinder {
	<28.914907, 32.533138, 36.717293>,  <28.816338, 32.649429, 36.014786>, 0.130000
	pigment { color rgbt <1,0,0,0> }
	no_shadow
}

// nucleotide -1

// particle -1
sphere {
	<28.914907, 32.533138, 36.717293> 0.250000
	pigment { color rgbt <1,0,0,0> }
	no_shadow
}
cylinder {
	<28.549889, 32.379784, 36.660339>,  <28.330877, 32.287773, 36.626167>, 0.100000
	pigment { color rgbt <1,0,0,0> }
	no_shadow
}
cylinder {
	<28.549889, 32.379784, 36.660339>,  <28.914907, 32.533138, 36.717293>, 0.100000
	pigment { color rgbt <1,0,0,0> }
	no_shadow
}

// particle -1
sphere {
	<28.549889, 32.379784, 36.660339> 0.100000
	pigment { color rgbt <1,0,0,0> }
	no_shadow
}
sphere {
	0, 1
	scale<0.080000,0.200000,0.300000>
	matrix <0.189644, -0.705137, 0.683240,
		-0.362341, 0.596489, 0.716178,
		-0.912548, -0.383384, -0.142380,
		28.276125, 32.264767, 36.617626>
	pigment { color rgbt <0,1,1,0> }
	no_shadow
}
cylinder {
	<28.687889, 32.385128, 37.425976>,  <28.914907, 32.533138, 36.717293>, 0.130000
	pigment { color rgbt <1,0,0,0> }
	no_shadow
}

// nucleotide -1

// particle -1
sphere {
	<28.687889, 32.385128, 37.425976> 0.250000
	pigment { color rgbt <1,0,0,0> }
	no_shadow
}
cylinder {
	<28.534031, 32.124020, 37.164921>,  <28.441715, 31.967354, 37.008289>, 0.100000
	pigment { color rgbt <1,0,0,0> }
	no_shadow
}
cylinder {
	<28.534031, 32.124020, 37.164921>,  <28.687889, 32.385128, 37.425976>, 0.100000
	pigment { color rgbt <1,0,0,0> }
	no_shadow
}

// particle -1
sphere {
	<28.534031, 32.124020, 37.164921> 0.100000
	pigment { color rgbt <1,0,0,0> }
	no_shadow
}
sphere {
	0, 1
	scale<0.080000,0.200000,0.300000>
	matrix <0.299192, -0.757030, 0.580852,
		-0.873230, 0.028159, 0.486494,
		-0.384647, -0.652772, -0.652637,
		28.418636, 31.928188, 36.969131>
	pigment { color rgbt <0,1,1,0> }
	no_shadow
}
cylinder {
	<28.310095, 31.974182, 37.820873>,  <28.687889, 32.385128, 37.425976>, 0.130000
	pigment { color rgbt <1,0,0,0> }
	no_shadow
}

// nucleotide -1

// particle -1
sphere {
	<28.310095, 31.974182, 37.820873> 0.250000
	pigment { color rgbt <1,0,0,0> }
	no_shadow
}
cylinder {
	<28.392435, 31.775137, 37.483826>,  <28.441839, 31.655710, 37.281597>, 0.100000
	pigment { color rgbt <1,0,0,0> }
	no_shadow
}
cylinder {
	<28.392435, 31.775137, 37.483826>,  <28.310095, 31.974182, 37.820873>, 0.100000
	pigment { color rgbt <1,0,0,0> }
	no_shadow
}

// particle -1
sphere {
	<28.392435, 31.775137, 37.483826> 0.100000
	pigment { color rgbt <1,0,0,0> }
	no_shadow
}
sphere {
	0, 1
	scale<0.080000,0.200000,0.300000>
	matrix <0.325042, -0.777404, 0.538508,
		-0.923024, -0.384739, 0.001716,
		0.205851, -0.497613, -0.842619,
		28.454191, 31.625853, 37.231041>
	pigment { color rgbt <0,1,1,0> }
	no_shadow
}
cylinder {
	<28.642313, 31.276289, 38.089390>,  <28.310095, 31.974182, 37.820873>, 0.130000
	pigment { color rgbt <1,0,0,0> }
	no_shadow
}

// nucleotide -1

// particle -1
sphere {
	<28.642313, 31.276289, 38.089390> 0.250000
	pigment { color rgbt <1,0,0,0> }
	no_shadow
}
cylinder {
	<28.593315, 30.908882, 37.939022>,  <28.563917, 30.688438, 37.848801>, 0.100000
	pigment { color rgbt <1,0,0,0> }
	no_shadow
}
cylinder {
	<28.593315, 30.908882, 37.939022>,  <28.642313, 31.276289, 38.089390>, 0.100000
	pigment { color rgbt <1,0,0,0> }
	no_shadow
}

// particle -1
sphere {
	<28.593315, 30.908882, 37.939022> 0.100000
	pigment { color rgbt <1,0,0,0> }
	no_shadow
}
sphere {
	0, 1
	scale<0.080000,0.200000,0.300000>
	matrix <-0.407992, 0.391893, -0.824598,
		0.904731, 0.052366, -0.422753,
		-0.122493, -0.918519, -0.375923,
		28.556566, 30.633326, 37.826244>
	pigment { color rgbt <0,1,1,0> }
	no_shadow
}
cylinder {
	<28.999222, 31.233780, 37.485497>,  <28.642313, 31.276289, 38.089390>, 0.130000
	pigment { color rgbt <1,0,0,0> }
	no_shadow
}

// nucleotide -1

// particle -1
sphere {
	<28.999222, 31.233780, 37.485497> 0.250000
	pigment { color rgbt <1,0,0,0> }
	no_shadow
}
cylinder {
	<28.665871, 31.013773, 37.507282>,  <28.465860, 30.881769, 37.520351>, 0.100000
	pigment { color rgbt <1,0,0,0> }
	no_shadow
}
cylinder {
	<28.665871, 31.013773, 37.507282>,  <28.999222, 31.233780, 37.485497>, 0.100000
	pigment { color rgbt <1,0,0,0> }
	no_shadow
}

// particle -1
sphere {
	<28.665871, 31.013773, 37.507282> 0.100000
	pigment { color rgbt <1,0,0,0> }
	no_shadow
}
sphere {
	0, 1
	scale<0.080000,0.200000,0.300000>
	matrix <-0.416583, 0.560316, -0.715894,
		0.363237, -0.619297, -0.696082,
		-0.833377, -0.550015, 0.054461,
		28.415857, 30.848768, 37.523621>
	pigment { color rgbt <0,1,1,0> }
	no_shadow
}
cylinder {
	<28.825178, 30.836411, 36.790253>,  <28.999222, 31.233780, 37.485497>, 0.130000
	pigment { color rgbt <1,0,0,0> }
	no_shadow
}

// nucleotide -1

// particle -1
sphere {
	<28.825178, 30.836411, 36.790253> 0.250000
	pigment { color rgbt <1,0,0,0> }
	no_shadow
}
cylinder {
	<28.503126, 30.938904, 37.004211>,  <28.309895, 31.000401, 37.132587>, 0.100000
	pigment { color rgbt <1,0,0,0> }
	no_shadow
}
cylinder {
	<28.503126, 30.938904, 37.004211>,  <28.825178, 30.836411, 36.790253>, 0.100000
	pigment { color rgbt <1,0,0,0> }
	no_shadow
}

// particle -1
sphere {
	<28.503126, 30.938904, 37.004211> 0.100000
	pigment { color rgbt <1,0,0,0> }
	no_shadow
}
sphere {
	0, 1
	scale<0.080000,0.200000,0.300000>
	matrix <-0.344292, 0.532438, -0.773287,
		-0.482941, -0.806755, -0.340462,
		-0.805128, 0.256233, 0.534896,
		28.261587, 31.015774, 37.164680>
	pigment { color rgbt <0,1,1,0> }
	no_shadow
}
cylinder {
	<28.291016, 30.827682, 36.332493>,  <28.825178, 30.836411, 36.790253>, 0.130000
	pigment { color rgbt <1,0,0,0> }
	no_shadow
}

// nucleotide -1

// particle -1
sphere {
	<28.291016, 30.827682, 36.332493> 0.250000
	pigment { color rgbt <1,0,0,0> }
	no_shadow
}
cylinder {
	<28.199760, 31.076960, 36.631714>,  <28.145008, 31.226526, 36.811245>, 0.100000
	pigment { color rgbt <1,0,0,0> }
	no_shadow
}
cylinder {
	<28.199760, 31.076960, 36.631714>,  <28.291016, 30.827682, 36.332493>, 0.100000
	pigment { color rgbt <1,0,0,0> }
	no_shadow
}

// particle -1
sphere {
	<28.199760, 31.076960, 36.631714> 0.100000
	pigment { color rgbt <1,0,0,0> }
	no_shadow
}
sphere {
	0, 1
	scale<0.080000,0.200000,0.300000>
	matrix <-0.458933, 0.608776, -0.647126,
