// switches for output
#declare DRAW_BASES = 1; // possible values are 0, 1; only relevant for DNA ribbons
#declare DRAW_BASES_TYPE = 3; // possible values are 1, 2, 3; only relevant for DNA ribbons
#declare DRAW_FOG = 0; // set to 1 to enable fog

#include "colors.inc"

#include "transforms.inc"
background { rgb <1, 1, 1>}

#default {
   normal{
       ripples 0.25
       frequency 0.20
       turbulence 0.2
       lambda 5
   }
	finish {
		phong 0.1
		phong_size 40.
	}
}

// original window dimensions: 1024x640


// camera settings

camera {
	sky <0, 0.179814, -0.983701>
	up <0, 0.179814, -0.983701>
	right 1.6 * <1, 0, 0>
	location <35, 94.9851, 44.8844>
	look_at <35, 29.7336, 32.9568>
	direction <0, -65.2515, -11.9276>
	angle 67.0682
}


# declare cpy_camera_pos = <35, 94.9851, 44.8844>;
# if (DRAW_FOG = 1)
fog {
	fog_type 2
	up vnormalize(cpy_camera_pos)
	color rgbt<1,1,1,0.3>
	distance 1e-5
	fog_alt 3e-3
	fog_offset 56
}
# end


// LIGHTS

# declare lum = 6;
global_settings {
	ambient_light rgb lum * <0.05, 0.05, 0.05>
	max_trace_level 15
}# declare cpy_direct_light_amount = 0.25;
light_source
{	1000 * <-1, -1.16352, -0.803886>,
	rgb lum * cpy_direct_light_amount
	parallel
}

light_source
{	1000 * <1, 1.16352, 0.803886>,
	rgb lum * cpy_direct_light_amount
	parallel
}

// strand 0

// nucleotide -1

// particle -1
sphere {
	<24.078035, 34.816029, 35.341877> 0.250000
	pigment { color rgbt <1,0,0,0> }
	no_shadow
}
cylinder {
	<24.171741, 35.103622, 35.080135>,  <24.227964, 35.276176, 34.923088>, 0.100000
	pigment { color rgbt <1,0,0,0> }
	no_shadow
}
cylinder {
	<24.171741, 35.103622, 35.080135>,  <24.078035, 34.816029, 35.341877>, 0.100000
	pigment { color rgbt <1,0,0,0> }
	no_shadow
}

// particle -1
sphere {
	<24.171741, 35.103622, 35.080135> 0.100000
	pigment { color rgbt <1,0,0,0> }
	no_shadow
}
sphere {
	0, 1
	scale<0.080000,0.200000,0.300000>
	matrix <0.444048, 0.519638, 0.729931,
		0.864836, -0.461563, -0.197530,
		0.234265, 0.718983, -0.654357,
		24.242022, 35.319317, 34.883827>
	pigment { color rgbt <0,1,1,0> }
	no_shadow
}
cylinder {
	<24.698215, 34.943272, 34.936039>,  <24.078035, 34.816029, 35.341877>, 0.130000
	pigment { color rgbt <1,0,0,0> }
	no_shadow
}

// nucleotide -1

// particle -1
sphere {
	<24.698215, 34.943272, 34.936039> 0.250000
	pigment { color rgbt <1,0,0,0> }
	no_shadow
}
cylinder {
	<24.934130, 34.656509, 34.787334>,  <25.075678, 34.484451, 34.698112>, 0.100000
	pigment { color rgbt <1,0,0,0> }
	no_shadow
}
cylinder {
	<24.934130, 34.656509, 34.787334>,  <24.698215, 34.943272, 34.936039>, 0.100000
	pigment { color rgbt <1,0,0,0> }
	no_shadow
}

// particle -1
sphere {
	<24.934130, 34.656509, 34.787334> 0.100000
	pigment { color rgbt <1,0,0,0> }
	no_shadow
}
sphere {
	0, 1
	scale<0.080000,0.200000,0.300000>
	matrix <0.723769, 0.673445, -0.150435,
		0.358207, -0.180344, 0.916059,
		0.589785, -0.716902, -0.371759,
		25.111065, 34.441441, 34.675808>
	pigment { color rgbt <0,1,1,0> }
	no_shadow
}
cylinder {
	<25.457834, 34.939171, 35.193665>,  <24.698215, 34.943272, 34.936039>, 0.130000
	pigment { color rgbt <1,0,0,0> }
	no_shadow
}

// nucleotide -1

// particle -1
sphere {
	<25.457834, 34.939171, 35.193665> 0.250000
	pigment { color rgbt <1,0,0,0> }
	no_shadow
}
cylinder {
	<25.447275, 34.763763, 34.834332>,  <25.440939, 34.658520, 34.618732>, 0.100000
	pigment { color rgbt <1,0,0,0> }
	no_shadow
}
cylinder {
	<25.447275, 34.763763, 34.834332>,  <25.457834, 34.939171, 35.193665>, 0.100000
	pigment { color rgbt <1,0,0,0> }
	no_shadow
}

// particle -1
sphere {
	<25.447275, 34.763763, 34.834332> 0.100000
	pigment { color rgbt <1,0,0,0> }
	no_shadow
}
sphere {
	0, 1
	scale<0.080000,0.200000,0.300000>
	matrix <0.743445, 0.592143, -0.310895,
		0.668276, -0.676070, 0.310381,
		-0.026397, -0.438515, -0.898336,
		25.439356, 34.632210, 34.564831>
	pigment { color rgbt <0,1,1,0> }
	no_shadow
}
cylinder {
	<26.097773, 34.967995, 35.045818>,  <25.457834, 34.939171, 35.193665>, 0.130000
	pigment { color rgbt <1,0,0,0> }
	no_shadow
}

// nucleotide -1

// particle -1
sphere {
	<26.097773, 34.967995, 35.045818> 0.250000
	pigment { color rgbt <1,0,0,0> }
	no_shadow
}
cylinder {
	<25.925762, 34.867558, 34.698940>,  <25.822556, 34.807297, 34.490814>, 0.100000
	pigment { color rgbt <1,0,0,0> }
	no_shadow
}
cylinder {
	<25.925762, 34.867558, 34.698940>,  <26.097773, 34.967995, 35.045818>, 0.100000
	pigment { color rgbt <1,0,0,0> }
	no_shadow
}

// particle -1
sphere {
	<25.925762, 34.867558, 34.698940> 0.100000
	pigment { color rgbt <1,0,0,0> }
	no_shadow
}
sphere {
	0, 1
	scale<0.080000,0.200000,0.300000>
	matrix <0.668420, 0.557129, -0.492770,
		0.606871, -0.791555, -0.071745,
		-0.430025, -0.251092, -0.867197,
		25.796755, 34.792229, 34.438782>
	pigment { color rgbt <0,1,1,0> }
	no_shadow
}
cylinder {
	<26.590622, 34.932926, 34.671597>,  <26.097773, 34.967995, 35.045818>, 0.130000
	pigment { color rgbt <1,0,0,0> }
	no_shadow
}

// nucleotide -1

// particle -1
sphere {
	<26.590622, 34.932926, 34.671597> 0.250000
	pigment { color rgbt <1,0,0,0> }
	no_shadow
}
cylinder {
	<26.301018, 34.960545, 34.397068>,  <26.127254, 34.977116, 34.232349>, 0.100000
	pigment { color rgbt <1,0,0,0> }
	no_shadow
}
cylinder {
	<26.301018, 34.960545, 34.397068>,  <26.590622, 34.932926, 34.671597>, 0.100000
	pigment { color rgbt <1,0,0,0> }
	no_shadow
}

// particle -1
sphere {
	<26.301018, 34.960545, 34.397068> 0.100000
	pigment { color rgbt <1,0,0,0> }
	no_shadow
}
sphere {
	0, 1
	scale<0.080000,0.200000,0.300000>
	matrix <0.571439, 0.617327, -0.540708,
		0.386350, -0.783671, -0.486409,
		-0.724011, 0.069051, -0.686324,
		26.083815, 34.981258, 34.191170>
	pigment { color rgbt <0,1,1,0> }
	no_shadow
}
cylinder {
	<26.718641, 34.703888, 34.030682>,  <26.590622, 34.932926, 34.671597>, 0.130000
	pigment { color rgbt <1,0,0,0> }
	no_shadow
}

// nucleotide -1

// particle -1
sphere {
	<26.718641, 34.703888, 34.030682> 0.250000
	pigment { color rgbt <1,0,0,0> }
	no_shadow
}
cylinder {
	<26.481356, 35.023884, 33.994652>,  <26.338984, 35.215881, 33.973034>, 0.100000
	pigment { color rgbt <1,0,0,0> }
	no_shadow
}
cylinder {
	<26.481356, 35.023884, 33.994652>,  <26.718641, 34.703888, 34.030682>, 0.100000
	pigment { color rgbt <1,0,0,0> }
	no_shadow
}

// particle -1
sphere {
	<26.481356, 35.023884, 33.994652> 0.100000
	pigment { color rgbt <1,0,0,0> }
	no_shadow
}
sphere {
	0, 1
	scale<0.080000,0.200000,0.300000>
	matrix <0.656103, 0.415594, -0.629929,
		-0.466503, -0.432780, -0.771412,
		-0.593215, 0.799989, -0.090072,
		26.303391, 35.263882, 33.967628>
	pigment { color rgbt <0,1,1,0> }
	no_shadow
}
cylinder {
	<26.579388, 34.873371, 33.259159>,  <26.718641, 34.703888, 34.030682>, 0.130000
	pigment { color rgbt <1,0,0,0> }
	no_shadow
}

// nucleotide -1

// particle -1
sphere {
	<26.579388, 34.873371, 33.259159> 0.250000
	pigment { color rgbt <1,0,0,0> }
	no_shadow
}
cylinder {
	<26.536867, 35.194984, 33.493160>,  <26.511354, 35.387955, 33.633560>, 0.100000
	pigment { color rgbt <1,0,0,0> }
	no_shadow
}
cylinder {
	<26.536867, 35.194984, 33.493160>,  <26.579388, 34.873371, 33.259159>, 0.100000
	pigment { color rgbt <1,0,0,0> }
	no_shadow
}

// particle -1
sphere {
	<26.536867, 35.194984, 33.493160> 0.100000
	pigment { color rgbt <1,0,0,0> }
	no_shadow
}
sphere {
	0, 1
	scale<0.080000,0.200000,0.300000>
	matrix <0.596489, 0.522281, -0.609445,
		-0.795550, 0.284161, -0.535119,
		-0.106302, 0.804037, 0.585000,
		26.504976, 35.436195, 33.668659>
	pigment { color rgbt <0,1,1,0> }
	no_shadow
}
cylinder {
	<26.081551, 35.483570, 32.930237>,  <26.579388, 34.873371, 33.259159>, 0.130000
	pigment { color rgbt <1,0,0,0> }
	no_shadow
}

// nucleotide -1

// particle -1
sphere {
	<26.081551, 35.483570, 32.930237> 0.250000
	pigment { color rgbt <1,0,0,0> }
	no_shadow
}
cylinder {
	<26.375740, 35.597660, 33.176075>,  <26.552254, 35.666115, 33.323578>, 0.100000
	pigment { color rgbt <1,0,0,0> }
	no_shadow
}
cylinder {
	<26.375740, 35.597660, 33.176075>,  <26.081551, 35.483570, 32.930237>, 0.100000
	pigment { color rgbt <1,0,0,0> }
	no_shadow
}

// particle -1
sphere {
	<26.375740, 35.597660, 33.176075> 0.100000
	pigment { color rgbt <1,0,0,0> }
	no_shadow
}
sphere {
	0, 1
	scale<0.080000,0.200000,0.300000>
	matrix <0.461643, 0.453011, -0.762671,
		-0.495951, 0.844647, 0.201505,
		0.735471, 0.285224, 0.614596,
		26.596382, 35.683228, 33.360455>
	pigment { color rgbt <0,1,1,0> }
	no_shadow
}
cylinder {
	<26.296656, 36.106014, 32.703384>,  <26.081551, 35.483570, 32.930237>, 0.130000
	pigment { color rgbt <1,0,0,0> }
	no_shadow
}

// nucleotide -1

// particle -1
sphere {
	<26.296656, 36.106014, 32.703384> 0.250000
	pigment { color rgbt <1,0,0,0> }
	no_shadow
}
cylinder {
	<26.613129, 36.015411, 32.930618>,  <26.803013, 35.961048, 33.066959>, 0.100000
	pigment { color rgbt <1,0,0,0> }
	no_shadow
}
cylinder {
	<26.613129, 36.015411, 32.930618>,  <26.296656, 36.106014, 32.703384>, 0.100000
	pigment { color rgbt <1,0,0,0> }
	no_shadow
}

// particle -1
sphere {
	<26.613129, 36.015411, 32.930618> 0.100000
	pigment { color rgbt <1,0,0,0> }
	no_shadow
}
sphere {
	0, 1
	scale<0.080000,0.200000,0.300000>
	matrix <0.605204, 0.156202, -0.780595,
		0.088073, 0.961403, 0.260666,
		0.791183, -0.226506, 0.568088,
		26.850483, 35.947460, 33.101044>
	pigment { color rgbt <0,1,1,0> }
	no_shadow
}
cylinder {
	<26.811790, 36.645557, 32.504990>,  <26.296656, 36.106014, 32.703384>, 0.130000
	pigment { color rgbt <1,0,0,0> }
	no_shadow
}

// nucleotide -1

// particle -1
sphere {
	<26.811790, 36.645557, 32.504990> 0.250000
	pigment { color rgbt <1,0,0,0> }
	no_shadow
}
cylinder {
	<27.026716, 36.354961, 32.676342>,  <27.155672, 36.180603, 32.779152>, 0.100000
	pigment { color rgbt <1,0,0,0> }
	no_shadow
}
cylinder {
	<27.026716, 36.354961, 32.676342>,  <26.811790, 36.645557, 32.504990>, 0.100000
	pigment { color rgbt <1,0,0,0> }
	no_shadow
}

// particle -1
sphere {
	<27.026716, 36.354961, 32.676342> 0.100000
	pigment { color rgbt <1,0,0,0> }
	no_shadow
}
sphere {
	0, 1
	scale<0.080000,0.200000,0.300000>
	matrix <0.744505, 0.169939, -0.645627,
		0.396240, 0.665837, 0.632182,
		0.537315, -0.726486, 0.428382,
		27.187910, 36.137016, 32.804855>
	pigment { color rgbt <0,1,1,0> }
	no_shadow
}
cylinder {
	<27.417679, 36.929554, 32.430969>,  <26.811790, 36.645557, 32.504990>, 0.130000
	pigment { color rgbt <1,0,0,0> }
	no_shadow
}

// nucleotide -1

// particle -1
sphere {
	<27.417679, 36.929554, 32.430969> 0.250000
	pigment { color rgbt <1,0,0,0> }
	no_shadow
}
cylinder {
	<27.479733, 36.541561, 32.505882>,  <27.516964, 36.308765, 32.550831>, 0.100000
	pigment { color rgbt <1,0,0,0> }
	no_shadow
}
cylinder {
	<27.479733, 36.541561, 32.505882>,  <27.417679, 36.929554, 32.430969>, 0.100000
	pigment { color rgbt <1,0,0,0> }
	no_shadow
}

// particle -1
sphere {
	<27.479733, 36.541561, 32.505882> 0.100000
	pigment { color rgbt <1,0,0,0> }
	no_shadow
}
sphere {
	0, 1
	scale<0.080000,0.200000,0.300000>
	matrix <0.838387, 0.028991, -0.544305,
		0.522534, 0.241456, 0.817714,
		0.155132, -0.969979, 0.187285,
		27.526272, 36.250568, 32.562069>
	pigment { color rgbt <0,1,1,0> }
	no_shadow
}
cylinder {
	<28.215464, 36.841850, 32.490227>,  <27.417679, 36.929554, 32.430969>, 0.130000
	pigment { color rgbt <1,0,0,0> }
	no_shadow
}

// nucleotide -1

// particle -1
sphere {
	<28.215464, 36.841850, 32.490227> 0.250000
	pigment { color rgbt <1,0,0,0> }
	no_shadow
}
cylinder {
	<28.026798, 36.514538, 32.358807>,  <27.913599, 36.318150, 32.279953>, 0.100000
	pigment { color rgbt <1,0,0,0> }
	no_shadow
}
cylinder {
	<28.026798, 36.514538, 32.358807>,  <28.215464, 36.841850, 32.490227>, 0.100000
	pigment { color rgbt <1,0,0,0> }
	no_shadow
}

// particle -1
sphere {
	<28.026798, 36.514538, 32.358807> 0.100000
	pigment { color rgbt <1,0,0,0> }
	no_shadow
}
sphere {
	0, 1
	scale<0.080000,0.200000,0.300000>
	matrix <0.627449, -0.049663, -0.777072,
		0.619548, -0.572667, 0.536855,
		-0.471665, -0.818283, -0.328551,
		27.885298, 36.269054, 32.260242>
	pigment { color rgbt <0,1,1,0> }
	no_shadow
}
cylinder {
	<28.727249, 36.407394, 32.439053>,  <28.215464, 36.841850, 32.490227>, 0.130000
	pigment { color rgbt <1,0,0,0> }
	no_shadow
}

// nucleotide -1

// particle -1
sphere {
	<28.727249, 36.407394, 32.439053> 0.250000
	pigment { color rgbt <1,0,0,0> }
	no_shadow
}
cylinder {
	<28.415861, 36.348289, 32.195038>,  <28.229029, 36.312824, 32.048630>, 0.100000
	pigment { color rgbt <1,0,0,0> }
	no_shadow
}
cylinder {
	<28.415861, 36.348289, 32.195038>,  <28.727249, 36.407394, 32.439053>, 0.100000
	pigment { color rgbt <1,0,0,0> }
	no_shadow
}

// particle -1
sphere {
	<28.415861, 36.348289, 32.195038> 0.100000
	pigment { color rgbt <1,0,0,0> }
	no_shadow
}
sphere {
	0, 1
	scale<0.080000,0.200000,0.300000>
	matrix <0.625627, -0.104069, -0.773150,
		0.050759, -0.983532, 0.173462,
		-0.778469, -0.147767, -0.610041,
		28.182320, 36.303959, 32.012024>
	pigment { color rgbt <0,1,1,0> }
	no_shadow
}
cylinder {
	<28.938093, 36.026402, 31.893642>,  <28.727249, 36.407394, 32.439053>, 0.130000
	pigment { color rgbt <1,0,0,0> }
	no_shadow
}

// nucleotide -1

// particle -1
sphere {
	<28.938093, 36.026402, 31.893642> 0.250000
	pigment { color rgbt <1,0,0,0> }
	no_shadow
}
cylinder {
	<28.585100, 36.144379, 31.747091>,  <28.373304, 36.215164, 31.659161>, 0.100000
	pigment { color rgbt <1,0,0,0> }
	no_shadow
}
cylinder {
	<28.585100, 36.144379, 31.747091>,  <28.938093, 36.026402, 31.893642>, 0.100000
	pigment { color rgbt <1,0,0,0> }
	no_shadow
}

// particle -1
sphere {
	<28.585100, 36.144379, 31.747091> 0.100000
	pigment { color rgbt <1,0,0,0> }
	no_shadow
}
sphere {
	0, 1
	scale<0.080000,0.200000,0.300000>
	matrix <0.340387, -0.137095, -0.930238,
		-0.324593, -0.945629, 0.020591,
		-0.882483, 0.294940, -0.366380,
		28.320354, 36.232861, 31.637177>
	pigment { color rgbt <0,1,1,0> }
	no_shadow
}
cylinder {
	<28.433956, 35.463570, 31.482426>,  <28.938093, 36.026402, 31.893642>, 0.130000
	pigment { color rgbt <1,0,0,0> }
	no_shadow
}

// nucleotide -1

// particle -1
sphere {
	<28.433956, 35.463570, 31.482426> 0.250000
	pigment { color rgbt <1,0,0,0> }
	no_shadow
}
cylinder {
	<28.431324, 35.847900, 31.371603>,  <28.429745, 36.078499, 31.305109>, 0.100000
	pigment { color rgbt <1,0,0,0> }
	no_shadow
}
cylinder {
	<28.431324, 35.847900, 31.371603>,  <28.433956, 35.463570, 31.482426>, 0.100000
	pigment { color rgbt <1,0,0,0> }
	no_shadow
}

// particle -1
sphere {
	<28.431324, 35.847900, 31.371603> 0.100000
	pigment { color rgbt <1,0,0,0> }
	no_shadow
}
sphere {
	0, 1
	scale<0.080000,0.200000,0.300000>
	matrix <0.105830, -0.274837, -0.955649,
		-0.994362, -0.035610, -0.099876,
		-0.006581, 0.960831, -0.277056,
		28.429350, 36.136150, 31.288486>
	pigment { color rgbt <0,1,1,0> }
	no_shadow
}
cylinder {
	<27.913219, 35.120094, 31.992462>,  <28.433956, 35.463570, 31.482426>, 0.130000
	pigment { color rgbt <1,0,0,0> }
	no_shadow
}

// nucleotide -1

// particle -1
sphere {
	<27.913219, 35.120094, 31.992462> 0.250000
	pigment { color rgbt <1,0,0,0> }
	no_shadow
}
cylinder {
	<27.915895, 35.491673, 32.140522>,  <27.917501, 35.714619, 32.229359>, 0.100000
	pigment { color rgbt <1,0,0,0> }
	no_shadow
}
cylinder {
	<27.915895, 35.491673, 32.140522>,  <27.913219, 35.120094, 31.992462>, 0.100000
	pigment { color rgbt <1,0,0,0> }
	no_shadow
}

// particle -1
sphere {
	<27.915895, 35.491673, 32.140522> 0.100000
	pigment { color rgbt <1,0,0,0> }
	no_shadow
}
sphere {
	0, 1
	scale<0.080000,0.200000,0.300000>
	matrix <-0.454066, -0.326975, 0.828801,
		0.890943, -0.173615, 0.419617,
		0.006688, 0.928948, 0.370149,
		27.917902, 35.770355, 32.251568>
	pigment { color rgbt <0,1,1,0> }
	no_shadow
}
cylinder {
	<27.824684, 34.997959, 32.672276>,  <27.913219, 35.120094, 31.992462>, 0.130000
	pigment { color rgbt <1,0,0,0> }
	no_shadow
}

// nucleotide -1

// particle -1
sphere {
	<27.824684, 34.997959, 32.672276> 0.250000
	pigment { color rgbt <1,0,0,0> }
	no_shadow
}
cylinder {
	<27.751951, 35.391277, 32.668949>,  <27.708311, 35.627270, 32.666954>, 0.100000
	pigment { color rgbt <1,0,0,0> }
	no_shadow
}
cylinder {
	<27.751951, 35.391277, 32.668949>,  <27.824684, 34.997959, 32.672276>, 0.100000
	pigment { color rgbt <1,0,0,0> }
	no_shadow
}

// particle -1
sphere {
	<27.751951, 35.391277, 32.668949> 0.100000
	pigment { color rgbt <1,0,0,0> }
	no_shadow
}
sphere {
	0, 1
	scale<0.080000,0.200000,0.300000>
	matrix <-0.586122, -0.101590, 0.803829,
		0.789556, 0.151034, 0.594803,
		-0.181831, 0.983295, -0.008313,
		27.697401, 35.686264, 32.666454>
	pigment { color rgbt <0,1,1,0> }
	no_shadow
}
cylinder {
	<27.809107, 35.125671, 33.298126>,  <27.824684, 34.997959, 32.672276>, 0.130000
	pigment { color rgbt <1,0,0,0> }
	no_shadow
}

// nucleotide -1

// particle -1
sphere {
	<27.809107, 35.125671, 33.298126> 0.250000
	pigment { color rgbt <1,0,0,0> }
	no_shadow
}
cylinder {
	<27.642790, 35.455261, 33.144146>,  <27.542999, 35.653015, 33.051758>, 0.100000
	pigment { color rgbt <1,0,0,0> }
	no_shadow
}
cylinder {
	<27.642790, 35.455261, 33.144146>,  <27.809107, 35.125671, 33.298126>, 0.100000
	pigment { color rgbt <1,0,0,0> }
	no_shadow
}

// particle -1
sphere {
	<27.642790, 35.455261, 33.144146> 0.100000
	pigment { color rgbt <1,0,0,0> }
	no_shadow
}
sphere {
	0, 1
	scale<0.080000,0.200000,0.300000>
	matrix <-0.642552, 0.033396, 0.765514,
		0.643618, 0.565644, 0.515560,
		-0.415791, 0.823973, -0.384951,
		27.518053, 35.702454, 33.028660>
	pigment { color rgbt <0,1,1,0> }
	no_shadow
}
cylinder {
	<27.836195, 35.628239, 33.817123>,  <27.809107, 35.125671, 33.298126>, 0.130000
	pigment { color rgbt <1,0,0,0> }
	no_shadow
}

// nucleotide -1

// particle -1
sphere {
	<27.836195, 35.628239, 33.817123> 0.250000
	pigment { color rgbt <1,0,0,0> }
	no_shadow
}
cylinder {
	<27.532141, 35.724453, 33.575684>,  <27.349709, 35.782181, 33.430820>, 0.100000
	pigment { color rgbt <1,0,0,0> }
	no_shadow
}
cylinder {
	<27.532141, 35.724453, 33.575684>,  <27.836195, 35.628239, 33.817123>, 0.100000
	pigment { color rgbt <1,0,0,0> }
	no_shadow
}

// particle -1
sphere {
	<27.532141, 35.724453, 33.575684> 0.100000
	pigment { color rgbt <1,0,0,0> }
	no_shadow
}
sphere {
	0, 1
	scale<0.080000,0.200000,0.300000>
	matrix <-0.610830, 0.052185, 0.790040,
		0.221534, 0.969236, 0.107261,
		-0.760138, 0.240539, -0.603599,
		27.304100, 35.796616, 33.394604>
	pigment { color rgbt <0,1,1,0> }
	no_shadow
}
cylinder {
	<27.506454, 36.303333, 34.078617>,  <27.836195, 35.628239, 33.817123>, 0.130000
	pigment { color rgbt <1,0,0,0> }
	no_shadow
}

// nucleotide -1

// particle -1
sphere {
	<27.506454, 36.303333, 34.078617> 0.250000
	pigment { color rgbt <1,0,0,0> }
	no_shadow
}
cylinder {
	<27.239635, 36.078053, 33.883537>,  <27.079544, 35.942886, 33.766491>, 0.100000
	pigment { color rgbt <1,0,0,0> }
	no_shadow
}
cylinder {
	<27.239635, 36.078053, 33.883537>,  <27.506454, 36.303333, 34.078617>, 0.100000
	pigment { color rgbt <1,0,0,0> }
	no_shadow
}

// particle -1
sphere {
	<27.239635, 36.078053, 33.883537> 0.100000
	pigment { color rgbt <1,0,0,0> }
	no_shadow
}
sphere {
	0, 1
	scale<0.080000,0.200000,0.300000>
	matrix <-0.640756, 0.099712, 0.761242,
		-0.380101, 0.820283, -0.427386,
		-0.667049, -0.563199, -0.487701,
		27.039520, 35.909092, 33.737228>
	pigment { color rgbt <0,1,1,0> }
	no_shadow
}
cylinder {
	<26.830282, 36.545280, 34.182095>,  <27.506454, 36.303333, 34.078617>, 0.130000
	pigment { color rgbt <1,0,0,0> }
	no_shadow
}

// nucleotide -1

// particle -1
sphere {
	<26.830282, 36.545280, 34.182095> 0.250000
	pigment { color rgbt <1,0,0,0> }
	no_shadow
}
cylinder {
	<26.746809, 36.164207, 34.093693>,  <26.696724, 35.935562, 34.040649>, 0.100000
	pigment { color rgbt <1,0,0,0> }
	no_shadow
}
cylinder {
	<26.746809, 36.164207, 34.093693>,  <26.830282, 36.545280, 34.182095>, 0.100000
	pigment { color rgbt <1,0,0,0> }
	no_shadow
}

// particle -1
sphere {
	<26.746809, 36.164207, 34.093693> 0.100000
	pigment { color rgbt <1,0,0,0> }
	no_shadow
}
sphere {
	0, 1
	scale<0.080000,0.200000,0.300000>
	matrix <-0.661969, -0.028746, 0.748979,
		-0.719894, 0.302600, -0.624649,
		-0.208685, -0.952684, -0.221006,
		26.684204, 35.878403, 34.027390>
	pigment { color rgbt <0,1,1,0> }
	no_shadow
}
cylinder {
	<26.087040, 36.416222, 34.326851>,  <26.830282, 36.545280, 34.182095>, 0.130000
	pigment { color rgbt <1,0,0,0> }
	no_shadow
}

// nucleotide -1

// particle -1
sphere {
	<26.087040, 36.416222, 34.326851> 0.250000
	pigment { color rgbt <1,0,0,0> }
	no_shadow
}
cylinder {
	<26.246603, 36.049496, 34.334026>,  <26.342340, 35.829460, 34.338333>, 0.100000
	pigment { color rgbt <1,0,0,0> }
	no_shadow
}
cylinder {
	<26.246603, 36.049496, 34.334026>,  <26.087040, 36.416222, 34.326851>, 0.100000
	pigment { color rgbt <1,0,0,0> }
	no_shadow
}

// particle -1
sphere {
	<26.246603, 36.049496, 34.334026> 0.100000
	pigment { color rgbt <1,0,0,0> }
	no_shadow
}
sphere {
	0, 1
	scale<0.080000,0.200000,0.300000>
	matrix <-0.584774, -0.239268, 0.775106,
		-0.706337, -0.319686, -0.631576,
		0.398907, -0.916816, 0.017940,
		26.366276, 35.774452, 34.339409>
	pigment { color rgbt <0,1,1,0> }
	no_shadow
}
cylinder {
	<25.560333, 35.793629, 34.376148>,  <26.087040, 36.416222, 34.326851>, 0.130000
	pigment { color rgbt <1,0,0,0> }
	no_shadow
}

// nucleotide -1

// particle -1
sphere {
	<25.560333, 35.793629, 34.376148> 0.250000
	pigment { color rgbt <1,0,0,0> }
	no_shadow
}
cylinder {
	<25.905123, 35.696384, 34.554092>,  <26.111998, 35.638039, 34.660858>, 0.100000
	pigment { color rgbt <1,0,0,0> }
	no_shadow
}
cylinder {
	<25.905123, 35.696384, 34.554092>,  <25.560333, 35.793629, 34.376148>, 0.100000
	pigment { color rgbt <1,0,0,0> }
	no_shadow
}

// particle -1
sphere {
	<25.905123, 35.696384, 34.554092> 0.100000
	pigment { color rgbt <1,0,0,0> }
	no_shadow
}
sphere {
	0, 1
	scale<0.080000,0.200000,0.300000>
	matrix <-0.456420, 0.009753, 0.889711,
		-0.220635, -0.969950, -0.102553,
		0.861975, -0.243109, 0.444856,
		26.163715, 35.623451, 34.687550>
	pigment { color rgbt <0,1,1,0> }
	no_shadow
}
cylinder {
	<25.281305, 35.854713, 33.675575>,  <25.560333, 35.793629, 34.376148>, 0.130000
	pigment { color rgbt <1,0,0,0> }
	no_shadow
}

// nucleotide -1

// particle -1
sphere {
	<25.281305, 35.854713, 33.675575> 0.250000
	pigment { color rgbt <1,0,0,0> }
	no_shadow
}
cylinder {
	<25.610130, 35.630527, 33.715752>,  <25.807426, 35.496017, 33.739857>, 0.100000
	pigment { color rgbt <1,0,0,0> }
	no_shadow
}
cylinder {
	<25.610130, 35.630527, 33.715752>,  <25.281305, 35.854713, 33.675575>, 0.100000
	pigment { color rgbt <1,0,0,0> }
	no_shadow
}

// particle -1
sphere {
	<25.610130, 35.630527, 33.715752> 0.100000
	pigment { color rgbt <1,0,0,0> }
	no_shadow
}
sphere {
	0, 1
	scale<0.080000,0.200000,0.300000>
	matrix <-0.568538, -0.817627, 0.090831,
		0.031218, -0.131775, -0.990788,
		0.822064, -0.560465, 0.100444,
		25.856750, 35.462387, 33.745884>
	pigment { color rgbt <0,1,1,0> }
	no_shadow
}
cylinder {
	<25.119625, 35.229733, 33.331051>,  <25.281305, 35.854713, 33.675575>, 0.130000
	pigment { color rgbt <1,0,0,0> }
	no_shadow
}

// nucleotide -1

// particle -1
sphere {
	<25.119625, 35.229733, 33.331051> 0.250000
	pigment { color rgbt <1,0,0,0> }
	no_shadow
}
cylinder {
	<25.401720, 35.151817, 33.603725>,  <25.570976, 35.105068, 33.767330>, 0.100000
	pigment { color rgbt <1,0,0,0> }
	no_shadow
}
cylinder {
	<25.401720, 35.151817, 33.603725>,  <25.119625, 35.229733, 33.331051>, 0.100000
	pigment { color rgbt <1,0,0,0> }
	no_shadow
}

// particle -1
sphere {
	<25.401720, 35.151817, 33.603725> 0.100000
	pigment { color rgbt <1,0,0,0> }
	no_shadow
}
sphere {
	0, 1
	scale<0.080000,0.200000,0.300000>
	matrix <-0.522790, -0.792351, 0.314437,
		0.478887, -0.578132, -0.660629,
		0.705236, -0.194791, 0.681688,
		25.613291, 35.093380, 33.808231>
	pigment { color rgbt <0,1,1,0> }
	no_shadow
}
cylinder {
	<25.019196, 34.529110, 33.328537>,  <25.119625, 35.229733, 33.331051>, 0.130000
	pigment { color rgbt <1,0,0,0> }
	no_shadow
}

// nucleotide -1

// particle -1
sphere {
	<25.019196, 34.529110, 33.328537> 0.250000
	pigment { color rgbt <1,0,0,0> }
	no_shadow
}
cylinder {
	<25.258228, 34.623161, 33.635159>,  <25.401648, 34.679592, 33.819134>, 0.100000
	pigment { color rgbt <1,0,0,0> }
	no_shadow
}
cylinder {
	<25.258228, 34.623161, 33.635159>,  <25.019196, 34.529110, 33.328537>, 0.100000
	pigment { color rgbt <1,0,0,0> }
	no_shadow
}

// particle -1
sphere {
	<25.258228, 34.623161, 33.635159> 0.100000
	pigment { color rgbt <1,0,0,0> }
	no_shadow
}
sphere {
	0, 1
	scale<0.080000,0.200000,0.300000>
	matrix <-0.218154, -0.872291, 0.437626,
		0.771559, -0.428745, -0.469972,
		0.597583, 0.235129, 0.766557,
		25.437504, 34.693699, 33.865124>
	pigment { color rgbt <0,1,1,0> }
	no_shadow
}
cylinder {
	<25.535868, 33.990665, 33.416138>,  <25.019196, 34.529110, 33.328537>, 0.130000
	pigment { color rgbt <1,0,0,0> }
	no_shadow
}

// nucleotide -1

// particle -1
sphere {
	<25.535868, 33.990665, 33.416138> 0.250000
	pigment { color rgbt <1,0,0,0> }
	no_shadow
}
cylinder {
	<25.481356, 34.188698, 33.759373>,  <25.448648, 34.307518, 33.965313>, 0.100000
	pigment { color rgbt <1,0,0,0> }
	no_shadow
}
cylinder {
	<25.481356, 34.188698, 33.759373>,  <25.535868, 33.990665, 33.416138>, 0.100000
	pigment { color rgbt <1,0,0,0> }
	no_shadow
}

// particle -1
sphere {
	<25.481356, 34.188698, 33.759373> 0.100000
	pigment { color rgbt <1,0,0,0> }
	no_shadow
}
sphere {
	0, 1
	scale<0.080000,0.200000,0.300000>
	matrix <-0.339106, -0.837160, 0.429151,
		0.930825, -0.232499, 0.281974,
		-0.136280, 0.495083, 0.858091,
		25.440472, 34.337223, 34.016800>
	pigment { color rgbt <0,1,1,0> }
	no_shadow
}
cylinder {
	<25.816711, 33.596478, 33.829113>,  <25.535868, 33.990665, 33.416138>, 0.130000
	pigment { color rgbt <1,0,0,0> }
	no_shadow
}

// nucleotide -1

// particle -1
sphere {
	<25.816711, 33.596478, 33.829113> 0.250000
	pigment { color rgbt <1,0,0,0> }
	no_shadow
}
cylinder {
	<25.597818, 33.822605, 34.076000>,  <25.466482, 33.958282, 34.224133>, 0.100000
	pigment { color rgbt <1,0,0,0> }
	no_shadow
}
cylinder {
	<25.597818, 33.822605, 34.076000>,  <25.816711, 33.596478, 33.829113>, 0.100000
	pigment { color rgbt <1,0,0,0> }
	no_shadow
}

// particle -1
sphere {
	<25.597818, 33.822605, 34.076000> 0.100000
	pigment { color rgbt <1,0,0,0> }
	no_shadow
}
sphere {
	0, 1
	scale<0.080000,0.200000,0.300000>
	matrix <-0.185559, -0.801022, 0.569150,
		0.816152, 0.196928, 0.543245,
		-0.547232, 0.565318, 0.617214,
		25.433649, 33.992199, 34.261166>
	pigment { color rgbt <0,1,1,0> }
	no_shadow
}
cylinder {
	<26.102486, 33.207260, 33.146187>,  <25.816711, 33.596478, 33.829113>, 0.130000
	pigment { color rgbt <1,0,0,0> }
	no_shadow
}

// nucleotide -1

// particle -1
sphere {
	<26.102486, 33.207260, 33.146187> 0.250000
	pigment { color rgbt <1,0,0,0> }
	no_shadow
}
cylinder {
	<26.299204, 32.861977, 33.191814>,  <26.417234, 32.654808, 33.219193>, 0.100000
	pigment { color rgbt <1,0,0,0> }
	no_shadow
}
cylinder {
	<26.299204, 32.861977, 33.191814>,  <26.102486, 33.207260, 33.146187>, 0.100000
	pigment { color rgbt <1,0,0,0> }
	no_shadow
}

// particle -1
sphere {
	<26.299204, 32.861977, 33.191814> 0.100000
	pigment { color rgbt <1,0,0,0> }
	no_shadow
}
sphere {
	0, 1
	scale<0.080000,0.200000,0.300000>
	matrix <-0.814303, -0.502358, -0.290769,
		0.308299, 0.050110, -0.949969,
		0.491795, -0.863207, 0.114072,
		26.446743, 32.603016, 33.226036>
	pigment { color rgbt <0,1,1,0> }
	no_shadow
}
cylinder {
	<26.263069, 32.770786, 32.549576>,  <26.102486, 33.207260, 33.146187>, 0.130000
	pigment { color rgbt <1,0,0,0> }
	no_shadow
}

// nucleotide -1

// particle -1
sphere {
	<26.263069, 32.770786, 32.549576> 0.250000
	pigment { color rgbt <1,0,0,0> }
	no_shadow
}
cylinder {
	<26.193079, 32.544334, 32.871788>,  <26.151085, 32.408463, 33.065117>, 0.100000
	pigment { color rgbt <1,0,0,0> }
	no_shadow
}
cylinder {
	<26.193079, 32.544334, 32.871788>,  <26.263069, 32.770786, 32.549576>, 0.100000
	pigment { color rgbt <1,0,0,0> }
	no_shadow
}

// particle -1
sphere {
	<26.193079, 32.544334, 32.871788> 0.100000
	pigment { color rgbt <1,0,0,0> }
	no_shadow
}
sphere {
	0, 1
	scale<0.080000,0.200000,0.300000>
	matrix <-0.670388, -0.530700, -0.518592,
		0.721086, -0.630760, -0.286665,
		-0.174974, -0.566127, 0.805534,
		26.140587, 32.374496, 33.113449>
	pigment { color rgbt <0,1,1,0> }
	no_shadow
}
cylinder {
	<26.467060, 32.142345, 32.376415>,  <26.263069, 32.770786, 32.549576>, 0.130000
	pigment { color rgbt <1,0,0,0> }
	no_shadow
}

// nucleotide -1

// particle -1
sphere {
	<26.467060, 32.142345, 32.376415> 0.250000
	pigment { color rgbt <1,0,0,0> }
	no_shadow
}
cylinder {
	<26.201561, 32.097607, 32.672234>,  <26.042261, 32.070763, 32.849724>, 0.100000
	pigment { color rgbt <1,0,0,0> }
	no_shadow
}
cylinder {
	<26.201561, 32.097607, 32.672234>,  <26.467060, 32.142345, 32.376415>, 0.100000
	pigment { color rgbt <1,0,0,0> }
	no_shadow
}

// particle -1
sphere {
	<26.201561, 32.097607, 32.672234> 0.100000
	pigment { color rgbt <1,0,0,0> }
	no_shadow
}
sphere {
	0, 1
	scale<0.080000,0.200000,0.300000>
	matrix <-0.538242, -0.615134, -0.576113,
		0.519358, -0.780448, 0.348091,
		-0.663750, -0.111852, 0.739544,
		26.002436, 32.064053, 32.894096>
	pigment { color rgbt <0,1,1,0> }
	no_shadow
}
cylinder {
	<26.309658, 31.456228, 32.499664>,  <26.467060, 32.142345, 32.376415>, 0.130000
	pigment { color rgbt <1,0,0,0> }
	no_shadow
}

// nucleotide -1

// particle -1
sphere {
	<26.309658, 31.456228, 32.499664> 0.250000
	pigment { color rgbt <1,0,0,0> }
	no_shadow
}
cylinder {
	<25.990950, 31.621117, 32.676403>,  <25.799725, 31.720049, 32.782448>, 0.100000
	pigment { color rgbt <1,0,0,0> }
	no_shadow
}
cylinder {
	<25.990950, 31.621117, 32.676403>,  <26.309658, 31.456228, 32.499664>, 0.100000
	pigment { color rgbt <1,0,0,0> }
	no_shadow
}

// particle -1
sphere {
	<25.990950, 31.621117, 32.676403> 0.100000
	pigment { color rgbt <1,0,0,0> }
	no_shadow
}
sphere {
	0, 1
	scale<0.080000,0.200000,0.300000>
	matrix <-0.602517, -0.597776, -0.528808,
		0.046140, -0.687559, 0.724661,
		-0.796772, 0.412221, 0.441847,
		25.751919, 31.744783, 32.808956>
	pigment { color rgbt <0,1,1,0> }
	no_shadow
}
cylinder {
	<25.895603, 30.929113, 32.683990>,  <26.309658, 31.456228, 32.499664>, 0.130000
	pigment { color rgbt <1,0,0,0> }
	no_shadow
}

// nucleotide -1

// particle -1
sphere {
	<25.895603, 30.929113, 32.683990> 0.250000
	pigment { color rgbt <1,0,0,0> }
	no_shadow
}
cylinder {
	<25.646362, 31.241808, 32.694019>,  <25.496819, 31.429424, 32.700035>, 0.100000
	pigment { color rgbt <1,0,0,0> }
	no_shadow
}
cylinder {
	<25.646362, 31.241808, 32.694019>,  <25.895603, 30.929113, 32.683990>, 0.100000
	pigment { color rgbt <1,0,0,0> }
	no_shadow
}

// particle -1
sphere {
	<25.646362, 31.241808, 32.694019> 0.100000
	pigment { color rgbt <1,0,0,0> }
	no_shadow
}
sphere {
	0, 1
	scale<0.080000,0.200000,0.300000>
	matrix <-0.737139, -0.576233, -0.352962,
		-0.261476, -0.238414, 0.935302,
		-0.623103, 0.781738, 0.025073,
		25.459431, 31.476330, 32.701542>
	pigment { color rgbt <0,1,1,0> }
	no_shadow
}
cylinder {
	<25.330063, 30.685659, 32.972939>,  <25.895603, 30.929113, 32.683990>, 0.130000
	pigment { color rgbt <1,0,0,0> }
	no_shadow
}

// nucleotide -1

// particle -1
sphere {
	<25.330063, 30.685659, 32.972939> 0.250000
	pigment { color rgbt <1,0,0,0> }
	no_shadow
}
cylinder {
	<25.198248, 31.013653, 32.785736>,  <25.119158, 31.210449, 32.673416>, 0.100000
	pigment { color rgbt <1,0,0,0> }
	no_shadow
}
cylinder {
	<25.198248, 31.013653, 32.785736>,  <25.330063, 30.685659, 32.972939>, 0.100000
	pigment { color rgbt <1,0,0,0> }
	no_shadow
}

// particle -1
sphere {
	<25.198248, 31.013653, 32.785736> 0.100000
	pigment { color rgbt <1,0,0,0> }
	no_shadow
}
sphere {
	0, 1
	scale<0.080000,0.200000,0.300000>
	matrix <-0.646140, -0.557298, -0.521461,
		-0.688410, 0.130556, 0.713475,
		-0.329538, 0.819983, -0.468007,
		25.099386, 31.259647, 32.645336>
	pigment { color rgbt <0,1,1,0> }
	no_shadow
}
cylinder {
	<24.560408, 30.610643, 32.919750>,  <25.330063, 30.685659, 32.972939>, 0.130000
	pigment { color rgbt <1,0,0,0> }
	no_shadow
}

// nucleotide -1

// particle -1
sphere {
	<24.560408, 30.610643, 32.919750> 0.250000
	pigment { color rgbt <1,0,0,0> }
	no_shadow
}
cylinder {
	<24.725487, 30.853151, 32.647835>,  <24.824535, 30.998655, 32.484684>, 0.100000
	pigment { color rgbt <1,0,0,0> }
	no_shadow
}
cylinder {
	<24.725487, 30.853151, 32.647835>,  <24.560408, 30.610643, 32.919750>, 0.100000
	pigment { color rgbt <1,0,0,0> }
	no_shadow
}

// particle -1
sphere {
	<24.725487, 30.853151, 32.647835> 0.100000
	pigment { color rgbt <1,0,0,0> }
	no_shadow
}
sphere {
	0, 1
	scale<0.080000,0.200000,0.300000>
	matrix <-0.506395, -0.467633, -0.724488,
		-0.757128, 0.643239, 0.114020,
		0.412700, 0.606270, -0.679791,
		24.849297, 31.035032, 32.443897>
	pigment { color rgbt <0,1,1,0> }
	no_shadow
}
cylinder {
	<24.022247, 30.861128, 32.331070>,  <24.560408, 30.610643, 32.919750>, 0.130000
	pigment { color rgbt <1,0,0,0> }
	no_shadow
}

// nucleotide -1

// particle -1
sphere {
	<24.022247, 30.861128, 32.331070> 0.250000
	pigment { color rgbt <1,0,0,0> }
	no_shadow
}
cylinder {
	<24.407385, 30.834261, 32.226440>,  <24.638468, 30.818140, 32.163662>, 0.100000
	pigment { color rgbt <1,0,0,0> }
	no_shadow
}
cylinder {
	<24.407385, 30.834261, 32.226440>,  <24.022247, 30.861128, 32.331070>, 0.100000
	pigment { color rgbt <1,0,0,0> }
	no_shadow
}

// particle -1
sphere {
	<24.407385, 30.834261, 32.226440> 0.100000
	pigment { color rgbt <1,0,0,0> }
	no_shadow
}
sphere {
	0, 1
	scale<0.080000,0.200000,0.300000>
	matrix <-0.260602, -0.485205, -0.834664,
		-0.070854, 0.871817, -0.484680,
		0.962843, -0.067169, -0.261575,
		24.696238, 30.814110, 32.147968>
	pigment { color rgbt <0,1,1,0> }
	no_shadow
}
cylinder {
	<24.003046, 31.021122, 31.608801>,  <24.022247, 30.861128, 32.331070>, 0.130000
	pigment { color rgbt <1,0,0,0> }
	no_shadow
}

// nucleotide -1

// particle -1
sphere {
	<24.003046, 31.021122, 31.608801> 0.250000
	pigment { color rgbt <1,0,0,0> }
	no_shadow
}
cylinder {
	<24.337543, 30.813385, 31.679207>,  <24.538242, 30.688742, 31.721451>, 0.100000
	pigment { color rgbt <1,0,0,0> }
	no_shadow
}
cylinder {
	<24.337543, 30.813385, 31.679207>,  <24.003046, 31.021122, 31.608801>, 0.100000
	pigment { color rgbt <1,0,0,0> }
	no_shadow
}

// particle -1
sphere {
	<24.337543, 30.813385, 31.679207> 0.100000
	pigment { color rgbt <1,0,0,0> }
	no_shadow
}
sphere {
	0, 1
	scale<0.080000,0.200000,0.300000>
	matrix <-0.079463, -0.432363, -0.898191,
		0.542572, 0.737119, -0.402829,
		0.836242, -0.519344, 0.176014,
		24.588417, 30.657581, 31.732012>
	pigment { color rgbt <0,1,1,0> }
	no_shadow
}
cylinder {
	<24.348913, 30.973320, 30.954891>,  <24.003046, 31.021122, 31.608801>, 0.130000
	pigment { color rgbt <1,0,0,0> }
	no_shadow
}

// nucleotide -1

// particle -1
sphere {
	<24.348913, 30.973320, 30.954891> 0.250000
	pigment { color rgbt <1,0,0,0> }
	no_shadow
}
cylinder {
	<24.452250, 30.680618, 31.207174>,  <24.514252, 30.504997, 31.358545>, 0.100000
	pigment { color rgbt <1,0,0,0> }
	no_shadow
}
cylinder {
	<24.452250, 30.680618, 31.207174>,  <24.348913, 30.973320, 30.954891>, 0.100000
	pigment { color rgbt <1,0,0,0> }
	no_shadow
}

// particle -1
sphere {
	<24.452250, 30.680618, 31.207174> 0.100000
	pigment { color rgbt <1,0,0,0> }
	no_shadow
}
sphere {
	0, 1
	scale<0.080000,0.200000,0.300000>
	matrix <0.012941, -0.650191, -0.759660,
		0.965968, 0.204412, -0.158500,
		0.258339, -0.731756, 0.630709,
		24.529751, 30.461092, 31.396387>
	pigment { color rgbt <0,1,1,0> }
	no_shadow
}
cylinder {
	<24.357727, 30.651320, 30.296169>,  <24.348913, 30.973320, 30.954891>, 0.130000
	pigment { color rgbt <1,0,0,0> }
	no_shadow
}

// nucleotide -1

// particle -1
sphere {
	<24.357727, 30.651320, 30.296169> 0.250000
	pigment { color rgbt <1,0,0,0> }
	no_shadow
}
cylinder {
	<24.434761, 31.035822, 30.217279>,  <24.480982, 31.266523, 30.169947>, 0.100000
	pigment { color rgbt <1,0,0,0> }
	no_shadow
}
cylinder {
	<24.434761, 31.035822, 30.217279>,  <24.357727, 30.651320, 30.296169>, 0.100000
	pigment { color rgbt <1,0,0,0> }
	no_shadow
}

// particle -1
sphere {
	<24.434761, 31.035822, 30.217279> 0.100000
	pigment { color rgbt <1,0,0,0> }
	no_shadow
}
sphere {
	0, 1
	scale<0.080000,0.200000,0.300000>
	matrix <0.574691, 0.052424, 0.816690,
		0.795387, -0.270624, -0.542329,
		0.192585, 0.961257, -0.197223,
		24.492537, 31.324200, 30.158113>
	pigment { color rgbt <0,1,1,0> }
	no_shadow
}
cylinder {
	<25.151461, 30.738430, 30.264347>,  <24.357727, 30.651320, 30.296169>, 0.130000
	pigment { color rgbt <1,0,0,0> }
	no_shadow
}

// nucleotide -1

// particle -1
sphere {
	<25.151461, 30.738430, 30.264347> 0.250000
	pigment { color rgbt <1,0,0,0> }
	no_shadow
}
cylinder {
	<24.947075, 31.073727, 30.340523>,  <24.824444, 31.274904, 30.386229>, 0.100000
	pigment { color rgbt <1,0,0,0> }
	no_shadow
}
cylinder {
	<24.947075, 31.073727, 30.340523>,  <25.151461, 30.738430, 30.264347>, 0.100000
	pigment { color rgbt <1,0,0,0> }
	no_shadow
}

// particle -1
sphere {
	<24.947075, 31.073727, 30.340523> 0.100000
	pigment { color rgbt <1,0,0,0> }
	no_shadow
}
sphere {
	0, 1
	scale<0.080000,0.200000,0.300000>
	matrix <0.522982, 0.127322, 0.842780,
		0.682207, 0.530225, -0.503442,
		-0.510963, 0.838242, 0.190438,
		24.793785, 31.325199, 30.397654>
	pigment { color rgbt <0,1,1,0> }
	no_shadow
}
cylinder {
	<25.742577, 30.211256, 30.449219>,  <25.151461, 30.738430, 30.264347>, 0.130000
	pigment { color rgbt <1,0,0,0> }
	no_shadow
}

// nucleotide -1

// particle -1
sphere {
	<25.742577, 30.211256, 30.449219> 0.250000
	pigment { color rgbt <1,0,0,0> }
	no_shadow
}
cylinder {
	<26.024628, 29.927643, 30.452368>,  <26.193859, 29.757475, 30.454258>, 0.100000
	pigment { color rgbt <1,0,0,0> }
	no_shadow
}
cylinder {
	<26.024628, 29.927643, 30.452368>,  <25.742577, 30.211256, 30.449219>, 0.100000
	pigment { color rgbt <1,0,0,0> }
	no_shadow
}

// particle -1
sphere {
	<26.024628, 29.927643, 30.452368> 0.100000
	pigment { color rgbt <1,0,0,0> }
	no_shadow
}
sphere {
	0, 1
	scale<0.080000,0.200000,0.300000>
	matrix <0.406608, 0.413415, 0.814714,
		-0.580916, -0.571277, 0.579810,
		0.705130, -0.709035, 0.007873,
		26.236166, 29.714931, 30.454729>
	pigment { color rgbt <0,1,1,0> }
	no_shadow
}
cylinder {
	<25.699917, 29.730728, 31.069317>,  <25.742577, 30.211256, 30.449219>, 0.130000
	pigment { color rgbt <1,0,0,0> }
	no_shadow
}

// nucleotide -1

// particle -1
sphere {
	<25.699917, 29.730728, 31.069317> 0.250000
	pigment { color rgbt <1,0,0,0> }
	no_shadow
}
cylinder {
	<26.022200, 29.870893, 30.878300>,  <26.215569, 29.954992, 30.763689>, 0.100000
	pigment { color rgbt <1,0,0,0> }
	no_shadow
}
cylinder {
	<26.022200, 29.870893, 30.878300>,  <25.699917, 29.730728, 31.069317>, 0.100000
	pigment { color rgbt <1,0,0,0> }
	no_shadow
}

// particle -1
sphere {
	<26.022200, 29.870893, 30.878300> 0.100000
	pigment { color rgbt <1,0,0,0> }
	no_shadow
}
sphere {
	0, 1
	scale<0.080000,0.200000,0.300000>
	matrix <0.249282, 0.530746, 0.810042,
		0.537299, -0.771701, 0.340276,
		0.805710, 0.350410, -0.477541,
		26.263912, 29.976019, 30.735037>
	pigment { color rgbt <0,1,1,0> }
	no_shadow
}
cylinder {
	<25.657932, 30.505072, 31.265228>,  <25.699917, 29.730728, 31.069317>, 0.130000
	pigment { color rgbt <1,0,0,0> }
	no_shadow
}

// nucleotide -1

// particle -1
sphere {
	<25.657932, 30.505072, 31.265228> 0.250000
	pigment { color rgbt <1,0,0,0> }
	no_shadow
}
cylinder {
	<25.427975, 30.394789, 31.573380>,  <25.290001, 30.328619, 31.758270>, 0.100000
	pigment { color rgbt <1,0,0,0> }
	no_shadow
}
cylinder {
	<25.427975, 30.394789, 31.573380>,  <25.657932, 30.505072, 31.265228>, 0.100000
	pigment { color rgbt <1,0,0,0> }
	no_shadow
}

// particle -1
sphere {
	<25.427975, 30.394789, 31.573380> 0.100000
	pigment { color rgbt <1,0,0,0> }
	no_shadow
}
sphere {
	0, 1
	scale<0.080000,0.200000,0.300000>
	matrix <0.619690, 0.468106, 0.629969,
