// switches for output
#declare DRAW_BASES = 1; // possible values are 0, 1; only relevant for DNA ribbons
#declare DRAW_BASES_TYPE = 3; // possible values are 1, 2, 3; only relevant for DNA ribbons
#declare DRAW_FOG = 0; // set to 1 to enable fog

#include "colors.inc"

#include "transforms.inc"
background { rgb <1, 1, 1>}

#default {
   normal{
       ripples 0.25
       frequency 0.20
       turbulence 0.2
       lambda 5
   }
	finish {
		phong 0.1
		phong_size 40.
	}
}

// original window dimensions: 1024x640


// camera settings

camera {
	sky <0, 0.179814, -0.983701>
	up <0, 0.179814, -0.983701>
	right 1.6 * <1, 0, 0>
	location <35, 94.9851, 44.8844>
	look_at <35, 29.7336, 32.9568>
	direction <0, -65.2515, -11.9276>
	angle 67.0682
}


# declare cpy_camera_pos = <35, 94.9851, 44.8844>;
# if (DRAW_FOG = 1)
fog {
	fog_type 2
	up vnormalize(cpy_camera_pos)
	color rgbt<1,1,1,0.3>
	distance 1e-5
	fog_alt 3e-3
	fog_offset 56
}
# end


// LIGHTS

# declare lum = 6;
global_settings {
	ambient_light rgb lum * <0.05, 0.05, 0.05>
	max_trace_level 15
}# declare cpy_direct_light_amount = 0.25;
light_source
{	1000 * <-1, -1.16352, -0.803886>,
	rgb lum * cpy_direct_light_amount
	parallel
}

light_source
{	1000 * <1, 1.16352, 0.803886>,
	rgb lum * cpy_direct_light_amount
	parallel
}

// strand 0

// nucleotide -1

// particle -1
sphere {
	<24.056755, 34.879345, 34.720673> 0.250000
	pigment { color rgbt <1,0,0,0> }
	no_shadow
}
cylinder {
	<24.293615, 34.849064, 35.041576>,  <24.435732, 34.830894, 35.234119>, 0.100000
	pigment { color rgbt <1,0,0,0> }
	no_shadow
}
cylinder {
	<24.293615, 34.849064, 35.041576>,  <24.056755, 34.879345, 34.720673>, 0.100000
	pigment { color rgbt <1,0,0,0> }
	no_shadow
}

// particle -1
sphere {
	<24.293615, 34.849064, 35.041576> 0.100000
	pigment { color rgbt <1,0,0,0> }
	no_shadow
}
sphere {
	0, 1
	scale<0.080000,0.200000,0.300000>
	matrix <0.437934, 0.865955, -0.241526,
		-0.676441, 0.494359, 0.545928,
		0.592150, -0.075702, 0.802264,
		24.471260, 34.826355, 35.282257>
	pigment { color rgbt <0,1,1,0> }
	no_shadow
}
cylinder {
	<23.987583, 35.454525, 35.157337>,  <24.056755, 34.879345, 34.720673>, 0.130000
	pigment { color rgbt <1,0,0,0> }
	no_shadow
}

// nucleotide -1

// particle -1
sphere {
	<23.987583, 35.454525, 35.157337> 0.250000
	pigment { color rgbt <1,0,0,0> }
	no_shadow
}
cylinder {
	<24.355045, 35.300144, 35.191059>,  <24.575523, 35.207516, 35.211292>, 0.100000
	pigment { color rgbt <1,0,0,0> }
	no_shadow
}
cylinder {
	<24.355045, 35.300144, 35.191059>,  <23.987583, 35.454525, 35.157337>, 0.100000
	pigment { color rgbt <1,0,0,0> }
	no_shadow
}

// particle -1
sphere {
	<24.355045, 35.300144, 35.191059> 0.100000
	pigment { color rgbt <1,0,0,0> }
	no_shadow
}
sphere {
	0, 1
	scale<0.080000,0.200000,0.300000>
	matrix <0.394240, 0.881940, -0.258373,
		0.025366, 0.270593, 0.962359,
		0.918657, -0.385954, 0.084307,
		24.630642, 35.184357, 35.216351>
	pigment { color rgbt <0,1,1,0> }
	no_shadow
}
cylinder {
	<24.485342, 35.967667, 35.455791>,  <23.987583, 35.454525, 35.157337>, 0.130000
	pigment { color rgbt <1,0,0,0> }
	no_shadow
}

// nucleotide -1

// particle -1
sphere {
	<24.485342, 35.967667, 35.455791> 0.250000
	pigment { color rgbt <1,0,0,0> }
	no_shadow
}
cylinder {
	<24.730654, 35.753475, 35.223534>,  <24.877842, 35.624958, 35.084179>, 0.100000
	pigment { color rgbt <1,0,0,0> }
	no_shadow
}
cylinder {
	<24.730654, 35.753475, 35.223534>,  <24.485342, 35.967667, 35.455791>, 0.100000
	pigment { color rgbt <1,0,0,0> }
	no_shadow
}

// particle -1
sphere {
	<24.730654, 35.753475, 35.223534> 0.100000
	pigment { color rgbt <1,0,0,0> }
	no_shadow
}
sphere {
	0, 1
	scale<0.080000,0.200000,0.300000>
	matrix <0.464940, 0.839004, -0.282671,
		0.638527, -0.096607, 0.763512,
		0.613282, -0.535480, -0.580643,
		24.914639, 35.592831, 35.049339>
	pigment { color rgbt <0,1,1,0> }
	no_shadow
}
cylinder {
	<25.261900, 36.155388, 35.570606>,  <24.485342, 35.967667, 35.455791>, 0.130000
	pigment { color rgbt <1,0,0,0> }
	no_shadow
}

// nucleotide -1

// particle -1
sphere {
	<25.261900, 36.155388, 35.570606> 0.250000
	pigment { color rgbt <1,0,0,0> }
	no_shadow
}
cylinder {
	<25.238939, 35.975662, 35.213997>,  <25.225163, 35.867825, 35.000031>, 0.100000
	pigment { color rgbt <1,0,0,0> }
	no_shadow
}
cylinder {
	<25.238939, 35.975662, 35.213997>,  <25.261900, 36.155388, 35.570606>, 0.100000
	pigment { color rgbt <1,0,0,0> }
	no_shadow
}

// particle -1
sphere {
	<25.238939, 35.975662, 35.213997> 0.100000
	pigment { color rgbt <1,0,0,0> }
	no_shadow
}
sphere {
	0, 1
	scale<0.080000,0.200000,0.300000>
	matrix <0.635587, 0.672202, -0.379703,
		0.769893, -0.588438, 0.246995,
		-0.057401, -0.449317, -0.891527,
		25.221720, 35.840866, 34.946537>
	pigment { color rgbt <0,1,1,0> }
	no_shadow
}
cylinder {
	<25.929802, 35.928566, 35.392727>,  <25.261900, 36.155388, 35.570606>, 0.130000
	pigment { color rgbt <1,0,0,0> }
	no_shadow
}

// nucleotide -1

// particle -1
sphere {
	<25.929802, 35.928566, 35.392727> 0.250000
	pigment { color rgbt <1,0,0,0> }
	no_shadow
}
cylinder {
	<25.734625, 35.948978, 35.044174>,  <25.617519, 35.961224, 34.835041>, 0.100000
	pigment { color rgbt <1,0,0,0> }
	no_shadow
}
cylinder {
	<25.734625, 35.948978, 35.044174>,  <25.929802, 35.928566, 35.392727>, 0.100000
	pigment { color rgbt <1,0,0,0> }
	no_shadow
}

// particle -1
sphere {
	<25.734625, 35.948978, 35.044174> 0.100000
	pigment { color rgbt <1,0,0,0> }
	no_shadow
}
sphere {
	0, 1
	scale<0.080000,0.200000,0.300000>
	matrix <0.709765, 0.604276, -0.362055,
		0.508081, -0.795140, -0.331068,
		-0.487941, 0.051027, -0.871384,
		25.588242, 35.964287, 34.782761>
	pigment { color rgbt <0,1,1,0> }
	no_shadow
}
cylinder {
	<26.393888, 35.810249, 34.934475>,  <25.929802, 35.928566, 35.392727>, 0.130000
	pigment { color rgbt <1,0,0,0> }
	no_shadow
}

// nucleotide -1

// particle -1
sphere {
	<26.393888, 35.810249, 34.934475> 0.250000
	pigment { color rgbt <1,0,0,0> }
	no_shadow
}
cylinder {
	<26.098629, 36.032883, 34.781975>,  <25.921473, 36.166462, 34.690475>, 0.100000
	pigment { color rgbt <1,0,0,0> }
	no_shadow
}
cylinder {
	<26.098629, 36.032883, 34.781975>,  <26.393888, 35.810249, 34.934475>, 0.100000
	pigment { color rgbt <1,0,0,0> }
	no_shadow
}

// particle -1
sphere {
	<26.098629, 36.032883, 34.781975> 0.100000
	pigment { color rgbt <1,0,0,0> }
	no_shadow
}
sphere {
	0, 1
	scale<0.080000,0.200000,0.300000>
	matrix <0.672492, 0.652066, -0.350092,
		0.053747, -0.514809, -0.855618,
		-0.738150, 0.556580, -0.381252,
		25.877184, 36.199856, 34.667599>
	pigment { color rgbt <0,1,1,0> }
	no_shadow
}
cylinder {
	<26.435661, 35.930916, 34.172558>,  <26.393888, 35.810249, 34.934475>, 0.130000
	pigment { color rgbt <1,0,0,0> }
	no_shadow
}

// nucleotide -1

// particle -1
sphere {
	<26.435661, 35.930916, 34.172558> 0.250000
	pigment { color rgbt <1,0,0,0> }
	no_shadow
}
cylinder {
	<26.304132, 36.222553, 34.412659>,  <26.225214, 36.397533, 34.556721>, 0.100000
	pigment { color rgbt <1,0,0,0> }
	no_shadow
}
cylinder {
	<26.304132, 36.222553, 34.412659>,  <26.435661, 35.930916, 34.172558>, 0.100000
	pigment { color rgbt <1,0,0,0> }
	no_shadow
}

// particle -1
sphere {
	<26.304132, 36.222553, 34.412659> 0.100000
	pigment { color rgbt <1,0,0,0> }
	no_shadow
}
sphere {
	0, 1
	scale<0.080000,0.200000,0.300000>
	matrix <0.823996, 0.532040, -0.194846,
		-0.461418, 0.430534, -0.775715,
		-0.328823, 0.729091, 0.600251,
		26.205486, 36.441280, 34.592735>
	pigment { color rgbt <0,1,1,0> }
	no_shadow
}
cylinder {
	<26.746815, 36.506470, 33.924995>,  <26.435661, 35.930916, 34.172558>, 0.130000
	pigment { color rgbt <1,0,0,0> }
	no_shadow
}

// nucleotide -1

// particle -1
sphere {
	<26.746815, 36.506470, 33.924995> 0.250000
	pigment { color rgbt <1,0,0,0> }
	no_shadow
}
cylinder {
	<26.664017, 36.573895, 34.310478>,  <26.614338, 36.614349, 34.541767>, 0.100000
	pigment { color rgbt <1,0,0,0> }
	no_shadow
}
cylinder {
	<26.664017, 36.573895, 34.310478>,  <26.746815, 36.506470, 33.924995>, 0.100000
	pigment { color rgbt <1,0,0,0> }
	no_shadow
}

// particle -1
sphere {
	<26.664017, 36.573895, 34.310478> 0.100000
	pigment { color rgbt <1,0,0,0> }
	no_shadow
}
sphere {
	0, 1
	scale<0.080000,0.200000,0.300000>
	matrix <0.725503, 0.687297, 0.035612,
		-0.656353, 0.706547, -0.264561,
		-0.206993, 0.168566, 0.963711,
		26.601919, 36.624466, 34.599590>
	pigment { color rgbt <0,1,1,0> }
	no_shadow
}
cylinder {
	<26.663834, 37.142681, 33.890694>,  <26.746815, 36.506470, 33.924995>, 0.130000
	pigment { color rgbt <1,0,0,0> }
	no_shadow
}

// nucleotide -1

// particle -1
sphere {
	<26.663834, 37.142681, 33.890694> 0.250000
	pigment { color rgbt <1,0,0,0> }
	no_shadow
}
cylinder {
	<26.765232, 37.043484, 34.264698>,  <26.826071, 36.983967, 34.489101>, 0.100000
	pigment { color rgbt <1,0,0,0> }
	no_shadow
}
cylinder {
	<26.765232, 37.043484, 34.264698>,  <26.663834, 37.142681, 33.890694>, 0.100000
	pigment { color rgbt <1,0,0,0> }
	no_shadow
}

// particle -1
sphere {
	<26.765232, 37.043484, 34.264698> 0.100000
	pigment { color rgbt <1,0,0,0> }
	no_shadow
}
sphere {
	0, 1
	scale<0.080000,0.200000,0.300000>
	matrix <0.797179, 0.601074, -0.056705,
		-0.547947, 0.759743, 0.350065,
		0.253496, -0.247993, 0.935008,
		26.841282, 36.969086, 34.545200>
	pigment { color rgbt <0,1,1,0> }
	no_shadow
}
cylinder {
	<26.927923, 37.760765, 34.091133>,  <26.663834, 37.142681, 33.890694>, 0.130000
	pigment { color rgbt <1,0,0,0> }
	no_shadow
}

// nucleotide -1

// particle -1
sphere {
	<26.927923, 37.760765, 34.091133> 0.250000
	pigment { color rgbt <1,0,0,0> }
	no_shadow
}
cylinder {
	<27.039011, 37.496624, 34.370216>,  <27.105663, 37.338139, 34.537666>, 0.100000
	pigment { color rgbt <1,0,0,0> }
	no_shadow
}
cylinder {
	<27.039011, 37.496624, 34.370216>,  <26.927923, 37.760765, 34.091133>, 0.100000
	pigment { color rgbt <1,0,0,0> }
	no_shadow
}

// particle -1
sphere {
	<27.039011, 37.496624, 34.370216> 0.100000
	pigment { color rgbt <1,0,0,0> }
	no_shadow
}
sphere {
	0, 1
	scale<0.080000,0.200000,0.300000>
	matrix <0.818399, 0.542977, 0.188146,
		-0.503085, 0.518755, 0.691229,
		0.277720, -0.660355, 0.697713,
		27.122328, 37.298519, 34.579529>
	pigment { color rgbt <0,1,1,0> }
	no_shadow
}
cylinder {
	<27.274738, 38.199337, 34.672852>,  <26.927923, 37.760765, 34.091133>, 0.130000
	pigment { color rgbt <1,0,0,0> }
	no_shadow
}

// nucleotide -1

// particle -1
sphere {
	<27.274738, 38.199337, 34.672852> 0.250000
	pigment { color rgbt <1,0,0,0> }
	no_shadow
}
cylinder {
	<27.401899, 37.820744, 34.695148>,  <27.478195, 37.593586, 34.708527>, 0.100000
	pigment { color rgbt <1,0,0,0> }
	no_shadow
}
cylinder {
	<27.401899, 37.820744, 34.695148>,  <27.274738, 38.199337, 34.672852>, 0.100000
	pigment { color rgbt <1,0,0,0> }
	no_shadow
}

// particle -1
sphere {
	<27.401899, 37.820744, 34.695148> 0.100000
	pigment { color rgbt <1,0,0,0> }
	no_shadow
}
sphere {
	0, 1
	scale<0.080000,0.200000,0.300000>
	matrix <0.947150, 0.314359, -0.063917,
		0.042973, 0.073117, 0.996397,
		0.317900, -0.946484, 0.055744,
		27.497269, 37.536797, 34.711872>
	pigment { color rgbt <0,1,1,0> }
	no_shadow
}
cylinder {
	<27.777552, 38.063042, 35.292728>,  <27.274738, 38.199337, 34.672852>, 0.130000
	pigment { color rgbt <1,0,0,0> }
	no_shadow
}

// nucleotide -1

// particle -1
sphere {
	<27.777552, 38.063042, 35.292728> 0.250000
	pigment { color rgbt <1,0,0,0> }
	no_shadow
}
cylinder {
	<27.858427, 37.840485, 34.970348>,  <27.906952, 37.706951, 34.776920>, 0.100000
	pigment { color rgbt <1,0,0,0> }
	no_shadow
}
cylinder {
	<27.858427, 37.840485, 34.970348>,  <27.777552, 38.063042, 35.292728>, 0.100000
	pigment { color rgbt <1,0,0,0> }
	no_shadow
}

// particle -1
sphere {
	<27.858427, 37.840485, 34.970348> 0.100000
	pigment { color rgbt <1,0,0,0> }
	no_shadow
}
sphere {
	0, 1
	scale<0.080000,0.200000,0.300000>
	matrix <0.970110, 0.226542, 0.086980,
		0.134186, -0.799443, 0.585564,
		0.202191, -0.556390, -0.805946,
		27.919085, 37.673569, 34.728565>
	pigment { color rgbt <0,1,1,0> }
	no_shadow
}
cylinder {
	<28.280783, 38.131363, 34.686615>,  <27.777552, 38.063042, 35.292728>, 0.130000
	pigment { color rgbt <1,0,0,0> }
	no_shadow
}

// nucleotide -1

// particle -1
sphere {
	<28.280783, 38.131363, 34.686615> 0.250000
	pigment { color rgbt <1,0,0,0> }
	no_shadow
}
cylinder {
	<28.275164, 38.379875, 34.373230>,  <28.271793, 38.528984, 34.185200>, 0.100000
	pigment { color rgbt <1,0,0,0> }
	no_shadow
}
cylinder {
	<28.275164, 38.379875, 34.373230>,  <28.280783, 38.131363, 34.686615>, 0.100000
	pigment { color rgbt <1,0,0,0> }
	no_shadow
}

// particle -1
sphere {
	<28.275164, 38.379875, 34.373230> 0.100000
	pigment { color rgbt <1,0,0,0> }
	no_shadow
}
sphere {
	0, 1
	scale<0.080000,0.200000,0.300000>
	matrix <0.995421, 0.082776, 0.047794,
		0.094545, -0.779203, -0.619600,
		-0.014047, 0.621282, -0.783461,
		28.270950, 38.566261, 34.138191>
	pigment { color rgbt <0,1,1,0> }
	no_shadow
}
cylinder {
	<28.462605, 37.985516, 33.987495>,  <28.280783, 38.131363, 34.686615>, 0.130000
	pigment { color rgbt <1,0,0,0> }
	no_shadow
}

// nucleotide -1

// particle -1
sphere {
	<28.462605, 37.985516, 33.987495> 0.250000
	pigment { color rgbt <1,0,0,0> }
	no_shadow
}
cylinder {
	<28.534386, 38.362049, 34.101818>,  <28.577454, 38.587971, 34.170410>, 0.100000
	pigment { color rgbt <1,0,0,0> }
	no_shadow
}
cylinder {
	<28.534386, 38.362049, 34.101818>,  <28.462605, 37.985516, 33.987495>, 0.100000
	pigment { color rgbt <1,0,0,0> }
	no_shadow
}

// particle -1
sphere {
	<28.534386, 38.362049, 34.101818> 0.100000
	pigment { color rgbt <1,0,0,0> }
	no_shadow
}
sphere {
	0, 1
	scale<0.080000,0.200000,0.300000>
	matrix <0.977406, -0.203585, 0.056831,
		0.111683, 0.269150, -0.956601,
		0.179454, 0.941335, 0.285806,
		28.588223, 38.644451, 34.187561>
	pigment { color rgbt <0,1,1,0> }
	no_shadow
}
cylinder {
	<28.603317, 37.370621, 34.195507>,  <28.462605, 37.985516, 33.987495>, 0.130000
	pigment { color rgbt <1,0,0,0> }
	no_shadow
}

// nucleotide -1

// particle -1
sphere {
	<28.603317, 37.370621, 34.195507> 0.250000
	pigment { color rgbt <1,0,0,0> }
	no_shadow
}
cylinder {
	<28.531778, 37.381569, 34.588905>,  <28.488855, 37.388138, 34.824944>, 0.100000
	pigment { color rgbt <1,0,0,0> }
	no_shadow
}
cylinder {
	<28.531778, 37.381569, 34.588905>,  <28.603317, 37.370621, 34.195507>, 0.100000
	pigment { color rgbt <1,0,0,0> }
	no_shadow
}

// particle -1
sphere {
	<28.531778, 37.381569, 34.588905> 0.100000
	pigment { color rgbt <1,0,0,0> }
	no_shadow
}
sphere {
	0, 1
	scale<0.080000,0.200000,0.300000>
	matrix <-0.858530, -0.492589, -0.142413,
		0.480562, -0.869831, 0.111597,
		-0.178847, 0.027371, 0.983496,
		28.478125, 37.389782, 34.883953>
	pigment { color rgbt <0,1,1,0> }
	no_shadow
}
cylinder {
	<28.399250, 36.675739, 34.364929>,  <28.603317, 37.370621, 34.195507>, 0.130000
	pigment { color rgbt <1,0,0,0> }
	no_shadow
}

// nucleotide -1

// particle -1
sphere {
	<28.399250, 36.675739, 34.364929> 0.250000
	pigment { color rgbt <1,0,0,0> }
	no_shadow
}
cylinder {
	<28.247181, 36.959530, 34.602283>,  <28.155939, 37.129803, 34.744698>, 0.100000
	pigment { color rgbt <1,0,0,0> }
	no_shadow
}
cylinder {
	<28.247181, 36.959530, 34.602283>,  <28.399250, 36.675739, 34.364929>, 0.100000
	pigment { color rgbt <1,0,0,0> }
	no_shadow
}

// particle -1
sphere {
	<28.247181, 36.959530, 34.602283> 0.100000
	pigment { color rgbt <1,0,0,0> }
	no_shadow
}
sphere {
	0, 1
	scale<0.080000,0.200000,0.300000>
	matrix <-0.899305, -0.433474, -0.057887,
		0.216149, -0.555646, 0.802831,
		-0.380171, 0.709478, 0.593390,
		28.133129, 37.172375, 34.780300>
	pigment { color rgbt <0,1,1,0> }
	no_shadow
}
cylinder {
	<27.936586, 36.344753, 34.915890>,  <28.399250, 36.675739, 34.364929>, 0.130000
	pigment { color rgbt <1,0,0,0> }
	no_shadow
}

// nucleotide -1

// particle -1
sphere {
	<27.936586, 36.344753, 34.915890> 0.250000
	pigment { color rgbt <1,0,0,0> }
	no_shadow
}
cylinder {
	<27.802729, 36.719032, 34.871208>,  <27.722414, 36.943600, 34.844398>, 0.100000
	pigment { color rgbt <1,0,0,0> }
	no_shadow
}
cylinder {
	<27.802729, 36.719032, 34.871208>,  <27.936586, 36.344753, 34.915890>, 0.100000
	pigment { color rgbt <1,0,0,0> }
	no_shadow
}

// particle -1
sphere {
	<27.802729, 36.719032, 34.871208> 0.100000
	pigment { color rgbt <1,0,0,0> }
	no_shadow
}
sphere {
	0, 1
	scale<0.080000,0.200000,0.300000>
	matrix <-0.938090, -0.319531, 0.133745,
		0.089452, 0.149546, 0.984700,
		-0.334643, 0.935701, -0.111705,
		27.702335, 36.999741, 34.837696>
	pigment { color rgbt <0,1,1,0> }
	no_shadow
}
cylinder {
	<27.561350, 36.608452, 35.501816>,  <27.936586, 36.344753, 34.915890>, 0.130000
	pigment { color rgbt <1,0,0,0> }
	no_shadow
}

// nucleotide -1

// particle -1
sphere {
	<27.561350, 36.608452, 35.501816> 0.250000
	pigment { color rgbt <1,0,0,0> }
	no_shadow
}
cylinder {
	<27.399660, 36.803238, 35.192116>,  <27.302647, 36.920109, 35.006294>, 0.100000
	pigment { color rgbt <1,0,0,0> }
	no_shadow
}
cylinder {
	<27.399660, 36.803238, 35.192116>,  <27.561350, 36.608452, 35.501816>, 0.100000
	pigment { color rgbt <1,0,0,0> }
	no_shadow
}

// particle -1
sphere {
	<27.399660, 36.803238, 35.192116> 0.100000
	pigment { color rgbt <1,0,0,0> }
	no_shadow
}
sphere {
	0, 1
	scale<0.080000,0.200000,0.300000>
	matrix <-0.905697, -0.331316, 0.264468,
		-0.127735, 0.808142, 0.574969,
		-0.404224, 0.486966, -0.774252,
		27.278393, 36.949329, 34.959839>
	pigment { color rgbt <0,1,1,0> }
	no_shadow
}
cylinder {
	<27.048943, 36.766705, 35.800297>,  <27.561350, 36.608452, 35.501816>, 0.130000
	pigment { color rgbt <1,0,0,0> }
	no_shadow
}

// nucleotide -1

// particle -1
sphere {
	<27.048943, 36.766705, 35.800297> 0.250000
	pigment { color rgbt <1,0,0,0> }
	no_shadow
}
cylinder {
	<26.975332, 36.844036, 35.414810>,  <26.931166, 36.890434, 35.183517>, 0.100000
	pigment { color rgbt <1,0,0,0> }
	no_shadow
}
cylinder {
	<26.975332, 36.844036, 35.414810>,  <27.048943, 36.766705, 35.800297>, 0.100000
	pigment { color rgbt <1,0,0,0> }
	no_shadow
}

// particle -1
sphere {
	<26.975332, 36.844036, 35.414810> 0.100000
	pigment { color rgbt <1,0,0,0> }
	no_shadow
}
sphere {
	0, 1
	scale<0.080000,0.200000,0.300000>
	matrix <-0.936946, -0.330858, 0.112541,
		-0.297097, 0.923664, 0.242027,
		-0.184027, 0.193331, -0.963720,
		26.920124, 36.902035, 35.125694>
	pigment { color rgbt <0,1,1,0> }
	no_shadow
}
cylinder {
	<26.359037, 36.785637, 35.868427>,  <27.048943, 36.766705, 35.800297>, 0.130000
	pigment { color rgbt <1,0,0,0> }
	no_shadow
}

// nucleotide -1

// particle -1
sphere {
	<26.359037, 36.785637, 35.868427> 0.250000
	pigment { color rgbt <1,0,0,0> }
	no_shadow
}
cylinder {
	<26.425772, 36.771652, 35.474281>,  <26.465813, 36.763260, 35.237793>, 0.100000
	pigment { color rgbt <1,0,0,0> }
	no_shadow
}
cylinder {
	<26.425772, 36.771652, 35.474281>,  <26.359037, 36.785637, 35.868427>, 0.100000
	pigment { color rgbt <1,0,0,0> }
	no_shadow
}

// particle -1
sphere {
	<26.425772, 36.771652, 35.474281> 0.100000
	pigment { color rgbt <1,0,0,0> }
	no_shadow
}
sphere {
	0, 1
	scale<0.080000,0.200000,0.300000>
	matrix <-0.898641, -0.416624, -0.137367,
		-0.405724, 0.908406, -0.100926,
		0.166833, -0.034963, -0.985365,
		26.475822, 36.761162, 35.178673>
	pigment { color rgbt <0,1,1,0> }
	no_shadow
}
cylinder {
	<25.844351, 37.172989, 35.481777>,  <26.359037, 36.785637, 35.868427>, 0.130000
	pigment { color rgbt <1,0,0,0> }
	no_shadow
}

// nucleotide -1

// particle -1
sphere {
	<25.844351, 37.172989, 35.481777> 0.250000
	pigment { color rgbt <1,0,0,0> }
	no_shadow
}
cylinder {
	<25.992273, 36.881622, 35.251072>,  <26.081026, 36.706802, 35.112648>, 0.100000
	pigment { color rgbt <1,0,0,0> }
	no_shadow
}
cylinder {
	<25.992273, 36.881622, 35.251072>,  <25.844351, 37.172989, 35.481777>, 0.100000
	pigment { color rgbt <1,0,0,0> }
	no_shadow
}

// particle -1
sphere {
	<25.992273, 36.881622, 35.251072> 0.100000
	pigment { color rgbt <1,0,0,0> }
	no_shadow
}
sphere {
	0, 1
	scale<0.080000,0.200000,0.300000>
	matrix <-0.926216, -0.337977, -0.167019,
		-0.073273, 0.595969, -0.799657,
		0.369804, -0.728417, -0.576761,
		26.103214, 36.663097, 35.078045>
	pigment { color rgbt <0,1,1,0> }
	no_shadow
}
cylinder {
	<25.286777, 37.129543, 34.980247>,  <25.844351, 37.172989, 35.481777>, 0.130000
	pigment { color rgbt <1,0,0,0> }
	no_shadow
}

// nucleotide -1

// particle -1
sphere {
	<25.286777, 37.129543, 34.980247> 0.250000
	pigment { color rgbt <1,0,0,0> }
	no_shadow
}
cylinder {
	<25.526840, 36.809593, 34.980850>,  <25.670877, 36.617622, 34.981213>, 0.100000
	pigment { color rgbt <1,0,0,0> }
	no_shadow
}
cylinder {
	<25.526840, 36.809593, 34.980850>,  <25.286777, 37.129543, 34.980247>, 0.100000
	pigment { color rgbt <1,0,0,0> }
	no_shadow
}

// particle -1
sphere {
	<25.526840, 36.809593, 34.980850> 0.100000
	pigment { color rgbt <1,0,0,0> }
	no_shadow
}
sphere {
	0, 1
	scale<0.080000,0.200000,0.300000>
	matrix <-0.790735, -0.593579, -0.149670,
		0.120612, 0.088636, -0.988735,
		0.600159, -0.799880, 0.001505,
		25.706888, 36.569630, 34.981300>
	pigment { color rgbt <0,1,1,0> }
	no_shadow
}
cylinder {
	<25.204191, 36.825634, 34.314522>,  <25.286777, 37.129543, 34.980247>, 0.130000
	pigment { color rgbt <1,0,0,0> }
	no_shadow
}

// nucleotide -1

// particle -1
sphere {
	<25.204191, 36.825634, 34.314522> 0.250000
	pigment { color rgbt <1,0,0,0> }
	no_shadow
}
cylinder {
	<25.567291, 36.695183, 34.208973>,  <25.785152, 36.616913, 34.145645>, 0.100000
	pigment { color rgbt <1,0,0,0> }
	no_shadow
}
cylinder {
	<25.567291, 36.695183, 34.208973>,  <25.204191, 36.825634, 34.314522>, 0.100000
	pigment { color rgbt <1,0,0,0> }
	no_shadow
}

// particle -1
sphere {
	<25.567291, 36.695183, 34.208973> 0.100000
	pigment { color rgbt <1,0,0,0> }
	no_shadow
}
sphere {
	0, 1
	scale<0.080000,0.200000,0.300000>
	matrix <-0.302812, -0.944702, 0.125872,
		-0.290331, -0.034357, -0.956309,
		0.907752, -0.326127, -0.263872,
		25.839617, 36.597343, 34.129810>
	pigment { color rgbt <0,1,1,0> }
	no_shadow
}
cylinder {
	<25.172504, 36.535633, 33.644421>,  <25.204191, 36.825634, 34.314522>, 0.130000
	pigment { color rgbt <1,0,0,0> }
	no_shadow
}

// nucleotide -1

// particle -1
sphere {
	<25.172504, 36.535633, 33.644421> 0.250000
	pigment { color rgbt <1,0,0,0> }
	no_shadow
}
cylinder {
	<25.426838, 36.374088, 33.907513>,  <25.579439, 36.277161, 34.065369>, 0.100000
	pigment { color rgbt <1,0,0,0> }
	no_shadow
}
cylinder {
	<25.426838, 36.374088, 33.907513>,  <25.172504, 36.535633, 33.644421>, 0.100000
	pigment { color rgbt <1,0,0,0> }
	no_shadow
}

// particle -1
sphere {
	<25.426838, 36.374088, 33.907513> 0.100000
	pigment { color rgbt <1,0,0,0> }
	no_shadow
}
sphere {
	0, 1
	scale<0.080000,0.200000,0.300000>
	matrix <-0.625409, -0.768978, 0.132422,
		0.452301, -0.495550, -0.741521,
		0.635836, -0.403860, 0.657731,
		25.617588, 36.252930, 34.104832>
	pigment { color rgbt <0,1,1,0> }
	no_shadow
}
cylinder {
	<24.835739, 35.965057, 33.729233>,  <25.172504, 36.535633, 33.644421>, 0.130000
	pigment { color rgbt <1,0,0,0> }
	no_shadow
}

// nucleotide -1

// particle -1
sphere {
	<24.835739, 35.965057, 33.729233> 0.250000
	pigment { color rgbt <1,0,0,0> }
	no_shadow
}
cylinder {
	<25.096878, 35.971523, 34.032162>,  <25.253561, 35.975403, 34.213917>, 0.100000
	pigment { color rgbt <1,0,0,0> }
	no_shadow
}
cylinder {
	<25.096878, 35.971523, 34.032162>,  <24.835739, 35.965057, 33.729233>, 0.100000
	pigment { color rgbt <1,0,0,0> }
	no_shadow
}

// particle -1
sphere {
	<25.096878, 35.971523, 34.032162> 0.100000
	pigment { color rgbt <1,0,0,0> }
	no_shadow
}
sphere {
	0, 1
	scale<0.080000,0.200000,0.300000>
	matrix <-0.448624, -0.797318, 0.403757,
		0.610351, -0.603342, -0.513273,
		0.652846, 0.016167, 0.757318,
		25.292732, 35.976372, 34.259357>
	pigment { color rgbt <0,1,1,0> }
	no_shadow
}
cylinder {
	<25.053057, 35.273613, 33.819023>,  <24.835739, 35.965057, 33.729233>, 0.130000
	pigment { color rgbt <1,0,0,0> }
	no_shadow
}

// nucleotide -1

// particle -1
sphere {
	<25.053057, 35.273613, 33.819023> 0.250000
	pigment { color rgbt <1,0,0,0> }
	no_shadow
}
cylinder {
	<25.140924, 35.428009, 34.177410>,  <25.193645, 35.520649, 34.392441>, 0.100000
	pigment { color rgbt <1,0,0,0> }
	no_shadow
}
cylinder {
	<25.140924, 35.428009, 34.177410>,  <25.053057, 35.273613, 33.819023>, 0.100000
	pigment { color rgbt <1,0,0,0> }
	no_shadow
}

// particle -1
sphere {
	<25.140924, 35.428009, 34.177410> 0.100000
	pigment { color rgbt <1,0,0,0> }
	no_shadow
}
sphere {
	0, 1
	scale<0.080000,0.200000,0.300000>
	matrix <-0.407807, -0.797977, 0.443764,
		0.886249, -0.462864, -0.017882,
		0.219672, 0.385993, 0.895965,
		25.206825, 35.543808, 34.446201>
	pigment { color rgbt <0,1,1,0> }
	no_shadow
}
cylinder {
	<25.481579, 34.789169, 34.287510>,  <25.053057, 35.273613, 33.819023>, 0.130000
	pigment { color rgbt <1,0,0,0> }
	no_shadow
}

// nucleotide -1

// particle -1
sphere {
	<25.481579, 34.789169, 34.287510> 0.250000
	pigment { color rgbt <1,0,0,0> }
	no_shadow
}
cylinder {
	<25.289162, 35.050503, 34.521347>,  <25.173712, 35.207302, 34.661652>, 0.100000
	pigment { color rgbt <1,0,0,0> }
	no_shadow
}
cylinder {
	<25.289162, 35.050503, 34.521347>,  <25.481579, 34.789169, 34.287510>, 0.100000
	pigment { color rgbt <1,0,0,0> }
	no_shadow
}

// particle -1
sphere {
	<25.289162, 35.050503, 34.521347> 0.100000
	pigment { color rgbt <1,0,0,0> }
	no_shadow
}
sphere {
	0, 1
	scale<0.080000,0.200000,0.300000>
	matrix <-0.468292, -0.755203, 0.458662,
		0.741148, -0.053126, 0.669236,
		-0.481042, 0.653334, 0.584596,
		25.144850, 35.246502, 34.696724>
	pigment { color rgbt <0,1,1,0> }
	no_shadow
}
cylinder {
	<25.958502, 34.271091, 33.948997>,  <25.481579, 34.789169, 34.287510>, 0.130000
	pigment { color rgbt <1,0,0,0> }
	no_shadow
}

// nucleotide -1

// particle -1
sphere {
	<25.958502, 34.271091, 33.948997> 0.250000
	pigment { color rgbt <1,0,0,0> }
	no_shadow
}
cylinder {
	<25.999704, 34.471088, 33.605045>,  <26.024426, 34.591087, 33.398674>, 0.100000
	pigment { color rgbt <1,0,0,0> }
	no_shadow
}
cylinder {
	<25.999704, 34.471088, 33.605045>,  <25.958502, 34.271091, 33.948997>, 0.100000
	pigment { color rgbt <1,0,0,0> }
	no_shadow
}

// particle -1
sphere {
	<25.999704, 34.471088, 33.605045> 0.100000
	pigment { color rgbt <1,0,0,0> }
	no_shadow
}
sphere {
	0, 1
	scale<0.080000,0.200000,0.300000>
	matrix <-0.005766, -0.864164, -0.503177,
		-0.994664, 0.056788, -0.086131,
		0.103005, 0.499996, -0.859880,
		26.030605, 34.621086, 33.347080>
	pigment { color rgbt <0,1,1,0> }
	no_shadow
}
cylinder {
	<25.509708, 33.977322, 33.589905>,  <25.958502, 34.271091, 33.948997>, 0.130000
	pigment { color rgbt <1,0,0,0> }
	no_shadow
}

// nucleotide -1

// particle -1
sphere {
	<25.509708, 33.977322, 33.589905> 0.250000
	pigment { color rgbt <1,0,0,0> }
	no_shadow
}
cylinder {
	<25.787075, 34.157948, 33.365311>,  <25.953495, 34.266323, 33.230553>, 0.100000
	pigment { color rgbt <1,0,0,0> }
	no_shadow
}
cylinder {
	<25.787075, 34.157948, 33.365311>,  <25.509708, 33.977322, 33.589905>, 0.100000
	pigment { color rgbt <1,0,0,0> }
	no_shadow
}

// particle -1
sphere {
	<25.787075, 34.157948, 33.365311> 0.100000
	pigment { color rgbt <1,0,0,0> }
	no_shadow
}
sphere {
	0, 1
	scale<0.080000,0.200000,0.300000>
	matrix <0.099453, -0.831783, -0.546119,
		-0.713641, 0.322846, -0.621681,
		0.693416, 0.451561, -0.561487,
		25.995100, 34.293415, 33.196865>
	pigment { color rgbt <0,1,1,0> }
	no_shadow
}
cylinder {
	<25.427034, 33.921551, 32.872826>,  <25.509708, 33.977322, 33.589905>, 0.130000
	pigment { color rgbt <1,0,0,0> }
	no_shadow
}

// nucleotide -1

// particle -1
sphere {
	<25.427034, 33.921551, 32.872826> 0.250000
	pigment { color rgbt <1,0,0,0> }
	no_shadow
}
cylinder {
	<25.819942, 33.977924, 32.922283>,  <26.055687, 34.011749, 32.951958>, 0.100000
	pigment { color rgbt <1,0,0,0> }
	no_shadow
}
cylinder {
	<25.819942, 33.977924, 32.922283>,  <25.427034, 33.921551, 32.872826>, 0.100000
	pigment { color rgbt <1,0,0,0> }
	no_shadow
}

// particle -1
sphere {
	<25.819942, 33.977924, 32.922283> 0.100000
	pigment { color rgbt <1,0,0,0> }
	no_shadow
}
sphere {
	0, 1
	scale<0.080000,0.200000,0.300000>
	matrix <0.183939, -0.852054, -0.490073,
		0.036278, 0.504125, -0.862869,
		0.982268, 0.140936, 0.123639,
		26.114622, 34.020206, 32.959373>
	pigment { color rgbt <0,1,1,0> }
	no_shadow
}
cylinder {
	<25.870768, 33.897495, 32.228287>,  <25.427034, 33.921551, 32.872826>, 0.130000
	pigment { color rgbt <1,0,0,0> }
	no_shadow
}

// nucleotide -1

// particle -1
sphere {
	<25.870768, 33.897495, 32.228287> 0.250000
	pigment { color rgbt <1,0,0,0> }
	no_shadow
}
cylinder {
	<26.075861, 33.751198, 32.538986>,  <26.198917, 33.663418, 32.725407>, 0.100000
	pigment { color rgbt <1,0,0,0> }
	no_shadow
}
cylinder {
	<26.075861, 33.751198, 32.538986>,  <25.870768, 33.897495, 32.228287>, 0.100000
	pigment { color rgbt <1,0,0,0> }
	no_shadow
}

// particle -1
sphere {
	<26.075861, 33.751198, 32.538986> 0.100000
	pigment { color rgbt <1,0,0,0> }
	no_shadow
}
sphere {
	0, 1
	scale<0.080000,0.200000,0.300000>
	matrix <0.285154, -0.780815, -0.555892,
		0.809811, 0.506516, -0.296054,
		0.512732, -0.365746, 0.776747,
		26.229681, 33.641476, 32.772011>
	pigment { color rgbt <0,1,1,0> }
	no_shadow
}
cylinder {
	<26.501436, 33.760040, 31.842934>,  <25.870768, 33.897495, 32.228287>, 0.130000
	pigment { color rgbt <1,0,0,0> }
	no_shadow
}

// nucleotide -1

// particle -1
sphere {
	<26.501436, 33.760040, 31.842934> 0.250000
	pigment { color rgbt <1,0,0,0> }
	no_shadow
}
cylinder {
	<26.537033, 33.563244, 32.189350>,  <26.558392, 33.445168, 32.397202>, 0.100000
	pigment { color rgbt <1,0,0,0> }
	no_shadow
}
cylinder {
	<26.537033, 33.563244, 32.189350>,  <26.501436, 33.760040, 31.842934>, 0.100000
	pigment { color rgbt <1,0,0,0> }
	no_shadow
}

// particle -1
sphere {
	<26.537033, 33.563244, 32.189350> 0.100000
	pigment { color rgbt <1,0,0,0> }
	no_shadow
}
sphere {
	0, 1
	scale<0.080000,0.200000,0.300000>
	matrix <0.424967, -0.767622, -0.479749,
		0.900823, 0.410734, 0.140766,
		0.088994, -0.491990, 0.866040,
		26.563732, 33.415646, 32.449162>
	pigment { color rgbt <0,1,1,0> }
	no_shadow
}
cylinder {
	<27.141209, 33.542572, 31.815783>,  <26.501436, 33.760040, 31.842934>, 0.130000
	pigment { color rgbt <1,0,0,0> }
	no_shadow
}

// nucleotide -1

// particle -1
sphere {
	<27.141209, 33.542572, 31.815783> 0.250000
	pigment { color rgbt <1,0,0,0> }
	no_shadow
}
cylinder {
	<26.979528, 33.317921, 32.104557>,  <26.882521, 33.183128, 32.277821>, 0.100000
	pigment { color rgbt <1,0,0,0> }
	no_shadow
}
cylinder {
	<26.979528, 33.317921, 32.104557>,  <27.141209, 33.542572, 31.815783>, 0.100000
	pigment { color rgbt <1,0,0,0> }
	no_shadow
}

// particle -1
sphere {
	<26.979528, 33.317921, 32.104557> 0.100000
	pigment { color rgbt <1,0,0,0> }
	no_shadow
}
sphere {
	0, 1
	scale<0.080000,0.200000,0.300000>
	matrix <0.296115, -0.827128, -0.477677,
		0.865412, 0.020699, 0.500633,
		-0.404200, -0.561633, 0.721936,
		26.858269, 33.149429, 32.321136>
	pigment { color rgbt <0,1,1,0> }
	no_shadow
}
cylinder {
	<27.643618, 32.982136, 32.024422>,  <27.141209, 33.542572, 31.815783>, 0.130000
	pigment { color rgbt <1,0,0,0> }
	no_shadow
}

// nucleotide -1

// particle -1
sphere {
	<27.643618, 32.982136, 32.024422> 0.250000
	pigment { color rgbt <1,0,0,0> }
	no_shadow
}
cylinder {
	<27.287409, 32.834789, 32.131214>,  <27.073685, 32.746380, 32.195290>, 0.100000
	pigment { color rgbt <1,0,0,0> }
	no_shadow
}
cylinder {
	<27.287409, 32.834789, 32.131214>,  <27.643618, 32.982136, 32.024422>, 0.100000
	pigment { color rgbt <1,0,0,0> }
	no_shadow
}

// particle -1
sphere {
	<27.287409, 32.834789, 32.131214> 0.100000
	pigment { color rgbt <1,0,0,0> }
	no_shadow
}
sphere {
	0, 1
	scale<0.080000,0.200000,0.300000>
	matrix <0.323756, -0.925415, -0.196951,
		0.319617, -0.088953, 0.943362,
		-0.890521, -0.368368, 0.266979,
		27.020252, 32.724277, 32.211308>
	pigment { color rgbt <0,1,1,0> }
	no_shadow
}
cylinder {
	<27.737148, 32.355259, 32.414688>,  <27.643618, 32.982136, 32.024422>, 0.130000
	pigment { color rgbt <1,0,0,0> }
	no_shadow
}

// nucleotide -1

// particle -1
sphere {
	<27.737148, 32.355259, 32.414688> 0.250000
	pigment { color rgbt <1,0,0,0> }
	no_shadow
}
cylinder {
	<27.388357, 32.377708, 32.220161>,  <27.179083, 32.391178, 32.103443>, 0.100000
	pigment { color rgbt <1,0,0,0> }
	no_shadow
}
cylinder {
	<27.388357, 32.377708, 32.220161>,  <27.737148, 32.355259, 32.414688>, 0.100000
	pigment { color rgbt <1,0,0,0> }
	no_shadow
}

// particle -1
sphere {
	<27.388357, 32.377708, 32.220161> 0.100000
	pigment { color rgbt <1,0,0,0> }
	no_shadow
}
sphere {
	0, 1
	scale<0.080000,0.200000,0.300000>
	matrix <0.090234, -0.957959, -0.272348,
		-0.481160, -0.281363, 0.830253,
		-0.871976, 0.056126, -0.486320,
		27.126764, 32.394547, 32.074265>
	pigment { color rgbt <0,1,1,0> }
	no_shadow
}
cylinder {
	<27.705164, 31.667788, 32.331684>,  <27.737148, 32.355259, 32.414688>, 0.130000
	pigment { color rgbt <1,0,0,0> }
	no_shadow
}

// nucleotide -1

// particle -1
sphere {
	<27.705164, 31.667788, 32.331684> 0.250000
	pigment { color rgbt <1,0,0,0> }
	no_shadow
}
cylinder {
	<27.352724, 31.758020, 32.165417>,  <27.141260, 31.812160, 32.065659>, 0.100000
	pigment { color rgbt <1,0,0,0> }
	no_shadow
}
cylinder {
	<27.352724, 31.758020, 32.165417>,  <27.705164, 31.667788, 32.331684>, 0.100000
	pigment { color rgbt <1,0,0,0> }
	no_shadow
}

// particle -1
sphere {
	<27.352724, 31.758020, 32.165417> 0.100000
	pigment { color rgbt <1,0,0,0> }
	no_shadow
}
sphere {
	0, 1
	scale<0.080000,0.200000,0.300000>
	matrix <-0.070494, -0.931737, -0.356224,
		-0.467647, -0.284567, 0.836856,
		-0.881100, 0.225581, -0.415664,
		27.088394, 31.825695, 32.040718>
	pigment { color rgbt <0,1,1,0> }
	no_shadow
}
cylinder {
	<27.190611, 31.119350, 32.388718>,  <27.705164, 31.667788, 32.331684>, 0.130000
	pigment { color rgbt <1,0,0,0> }
	no_shadow
}

// nucleotide -1

// particle -1
sphere {
	<27.190611, 31.119350, 32.388718> 0.250000
	pigment { color rgbt <1,0,0,0> }
	no_shadow
}
cylinder {
	<27.065289, 31.333948, 32.075283>,  <26.990095, 31.462708, 31.887222>, 0.100000
	pigment { color rgbt <1,0,0,0> }
	no_shadow
}
cylinder {
	<27.065289, 31.333948, 32.075283>,  <27.190611, 31.119350, 32.388718>, 0.100000
	pigment { color rgbt <1,0,0,0> }
	no_shadow
}

// particle -1
sphere {
	<27.065289, 31.333948, 32.075283> 0.100000
	pigment { color rgbt <1,0,0,0> }
	no_shadow
}
sphere {
	0, 1
	scale<0.080000,0.200000,0.300000>
	matrix <-0.047846, -0.833003, -0.551196,
		-0.948447, -0.135201, 0.286653,
		-0.313305, 0.536495, -0.783590,
		26.971296, 31.494896, 31.840206>
	pigment { color rgbt <0,1,1,0> }
	no_shadow
}
cylinder {
	<26.560871, 30.885088, 32.086426>,  <27.190611, 31.119350, 32.388718>, 0.130000
	pigment { color rgbt <1,0,0,0> }
	no_shadow
}

// nucleotide -1

// particle -1
sphere {
	<26.560871, 30.885088, 32.086426> 0.250000
	pigment { color rgbt <1,0,0,0> }
	no_shadow
}
cylinder {
	<26.740429, 31.091175, 31.794386>,  <26.848164, 31.214828, 31.619164>, 0.100000
	pigment { color rgbt <1,0,0,0> }
	no_shadow
}
cylinder {
	<26.740429, 31.091175, 31.794386>,  <26.560871, 30.885088, 32.086426>, 0.100000
	pigment { color rgbt <1,0,0,0> }
	no_shadow
}

// particle -1
sphere {
	<26.740429, 31.091175, 31.794386> 0.100000
	pigment { color rgbt <1,0,0,0> }
	no_shadow
}
sphere {
	0, 1
	scale<0.080000,0.200000,0.300000>
	matrix <0.049068, -0.830023, -0.555567,
		-0.892235, 0.213567, -0.397876,
		0.448897, 0.515220, -0.730096,
		26.875097, 31.245741, 31.575357>
	pigment { color rgbt <0,1,1,0> }
	no_shadow
}
cylinder {
	<26.405325, 30.355099, 31.572884>,  <26.560871, 30.885088, 32.086426>, 0.130000
	pigment { color rgbt <1,0,0,0> }
	no_shadow
}

// nucleotide -1

// particle -1
sphere {
	<26.405325, 30.355099, 31.572884> 0.250000
	pigment { color rgbt <1,0,0,0> }
	no_shadow
}
cylinder {
	<26.478281, 30.104263, 31.269966>,  <26.522055, 29.953762, 31.088215>, 0.100000
	pigment { color rgbt <1,0,0,0> }
	no_shadow
}
cylinder {
	<26.478281, 30.104263, 31.269966>,  <26.405325, 30.355099, 31.572884>, 0.100000
	pigment { color rgbt <1,0,0,0> }
	no_shadow
}

// particle -1
sphere {
	<26.478281, 30.104263, 31.269966> 0.100000
	pigment { color rgbt <1,0,0,0> }
	no_shadow
}
sphere {
	0, 1
	scale<0.080000,0.200000,0.300000>
	matrix <-0.790879, 0.364036, -0.491924,
		0.584162, 0.688650, -0.429555,
		0.182390, -0.627088, -0.757294,
		26.532997, 29.916138, 31.042778>
	pigment { color rgbt <0,1,1,0> }
	no_shadow
}
cylinder {
	<26.666622, 30.764704, 30.986876>,  <26.405325, 30.355099, 31.572884>, 0.130000
	pigment { color rgbt <1,0,0,0> }
	no_shadow
}

// nucleotide -1

// particle -1
sphere {
	<26.666622, 30.764704, 30.986876> 0.250000
	pigment { color rgbt <1,0,0,0> }
	no_shadow
}
cylinder {
	<26.479555, 30.423256, 30.895119>,  <26.367315, 30.218388, 30.840065>, 0.100000
	pigment { color rgbt <1,0,0,0> }
	no_shadow
}
cylinder {
	<26.479555, 30.423256, 30.895119>,  <26.666622, 30.764704, 30.986876>, 0.100000
	pigment { color rgbt <1,0,0,0> }
	no_shadow
}

// particle -1
sphere {
	<26.479555, 30.423256, 30.895119> 0.100000
	pigment { color rgbt <1,0,0,0> }
	no_shadow
}
sphere {
	0, 1
	scale<0.080000,0.200000,0.300000>
	matrix <-0.758107, 0.520807, -0.392471,
		0.454491, -0.009641, -0.890699,
		-0.467666, -0.853620, -0.229393,
		26.339254, 30.167170, 30.826302>
	pigment { color rgbt <0,1,1,0> }
	no_shadow
}
cylinder {
	<26.940510, 31.155802, 30.429724>,  <26.666622, 30.764704, 30.986876>, 0.130000
	pigment { color rgbt <1,0,0,0> }
	no_shadow
}

// nucleotide -1

// particle -1
sphere {
	<26.940510, 31.155802, 30.429724> 0.250000
	pigment { color rgbt <1,0,0,0> }
	no_shadow
}
cylinder {
	<26.599688, 31.272627, 30.603483>,  <26.395195, 31.342722, 30.707739>, 0.100000
	pigment { color rgbt <1,0,0,0> }
	no_shadow
}
cylinder {
	<26.599688, 31.272627, 30.603483>,  <26.940510, 31.155802, 30.429724>, 0.100000
	pigment { color rgbt <1,0,0,0> }
	no_shadow
}

// particle -1
sphere {
	<26.599688, 31.272627, 30.603483> 0.100000
	pigment { color rgbt <1,0,0,0> }
	no_shadow
}
sphere {
	0, 1
	scale<0.080000,0.200000,0.300000>
	matrix <0.329462, 0.944099, 0.011476,
		-0.406764, 0.152896, -0.900648,
		-0.852055, 0.292061, 0.434399,
		26.344070, 31.360245, 30.733803>
	pigment { color rgbt <0,1,1,0> }
	no_shadow
}
cylinder {
	<27.695826, 31.432615, 30.772821>,  <26.940510, 31.155802, 30.429724>, 0.130000
	pigment { color rgbt <1,0,0,0> }
	no_shadow
}

// nucleotide -1

// particle -1
sphere {
	<27.695826, 31.432615, 30.772821> 0.250000
	pigment { color rgbt <1,0,0,0> }
	no_shadow
}
cylinder {
	<27.327393, 31.314331, 30.874142>,  <27.106333, 31.243361, 30.934935>, 0.100000
	pigment { color rgbt <1,0,0,0> }
	no_shadow
}
cylinder {
	<27.327393, 31.314331, 30.874142>,  <27.695826, 31.432615, 30.772821>, 0.100000
	pigment { color rgbt <1,0,0,0> }
	no_shadow
}

// particle -1
sphere {
	<27.327393, 31.314331, 30.874142> 0.100000
	pigment { color rgbt <1,0,0,0> }
	no_shadow
}
sphere {
	0, 1
	scale<0.080000,0.200000,0.300000>
	matrix <-0.142388, 0.861298, 0.487742,
		-0.362399, 0.413183, -0.835432,
		-0.921082, -0.295713, 0.253301,
		27.051067, 31.225616, 30.950132>
	pigment { color rgbt <0,1,1,0> }
	no_shadow
}
cylinder {
	<27.211115, 31.981556, 30.646143>,  <27.695826, 31.432615, 30.772821>, 0.130000
	pigment { color rgbt <1,0,0,0> }
	no_shadow
}

// nucleotide -1

// particle -1
sphere {
	<27.211115, 31.981556, 30.646143> 0.250000
	pigment { color rgbt <1,0,0,0> }
	no_shadow
}
cylinder {
	<27.040655, 31.731186, 30.907406>,  <26.938379, 31.580963, 31.064163>, 0.100000
	pigment { color rgbt <1,0,0,0> }
	no_shadow
}
cylinder {
	<27.040655, 31.731186, 30.907406>,  <27.211115, 31.981556, 30.646143>, 0.100000
	pigment { color rgbt <1,0,0,0> }
	no_shadow
}

// particle -1
sphere {
	<27.040655, 31.731186, 30.907406> 0.100000
	pigment { color rgbt <1,0,0,0> }
	no_shadow
}
sphere {
	0, 1
	scale<0.080000,0.200000,0.300000>
	matrix <-0.216135, 0.771534, 0.598349,
