// switches for output
#declare DRAW_BASES = 1; // possible values are 0, 1; only relevant for DNA ribbons
#declare DRAW_BASES_TYPE = 3; // possible values are 1, 2, 3; only relevant for DNA ribbons
#declare DRAW_FOG = 0; // set to 1 to enable fog

#include "colors.inc"

#include "transforms.inc"
background { rgb <1, 1, 1>}

#default {
   normal{
       ripples 0.25
       frequency 0.20
       turbulence 0.2
       lambda 5
   }
	finish {
		phong 0.1
		phong_size 40.
	}
}

// original window dimensions: 1024x640


// camera settings

camera {
	sky <0, 0.179814, -0.983701>
	up <0, 0.179814, -0.983701>
	right 1.6 * <1, 0, 0>
	location <35, 94.9851, 44.8844>
	look_at <35, 29.7336, 32.9568>
	direction <0, -65.2515, -11.9276>
	angle 67.0682
}


# declare cpy_camera_pos = <35, 94.9851, 44.8844>;
# if (DRAW_FOG = 1)
fog {
	fog_type 2
	up vnormalize(cpy_camera_pos)
	color rgbt<1,1,1,0.3>
	distance 1e-5
	fog_alt 3e-3
	fog_offset 56
}
# end


// LIGHTS

# declare lum = 6;
global_settings {
	ambient_light rgb lum * <0.05, 0.05, 0.05>
	max_trace_level 15
}# declare cpy_direct_light_amount = 0.25;
light_source
{	1000 * <-1, -1.16352, -0.803886>,
	rgb lum * cpy_direct_light_amount
	parallel
}

light_source
{	1000 * <1, 1.16352, 0.803886>,
	rgb lum * cpy_direct_light_amount
	parallel
}

// strand 0

// nucleotide -1

// particle -1
sphere {
	<24.627626, 34.981945, 34.691490> 0.250000
	pigment { color rgbt <1,0,0,0> }
	no_shadow
}
cylinder {
	<24.378477, 34.937279, 35.001213>,  <24.228987, 34.910480, 35.187046>, 0.100000
	pigment { color rgbt <1,0,0,0> }
	no_shadow
}
cylinder {
	<24.378477, 34.937279, 35.001213>,  <24.627626, 34.981945, 34.691490>, 0.100000
	pigment { color rgbt <1,0,0,0> }
	no_shadow
}

// particle -1
sphere {
	<24.378477, 34.937279, 35.001213> 0.100000
	pigment { color rgbt <1,0,0,0> }
	no_shadow
}
sphere {
	0, 1
	scale<0.080000,0.200000,0.300000>
	matrix <0.018336, -0.991573, -0.128248,
		0.782107, -0.065684, 0.619673,
		-0.622874, -0.111666, 0.774311,
		24.191614, 34.903778, 35.233505>
	pigment { color rgbt <0,1,1,0> }
	no_shadow
}
cylinder {
	<24.752007, 35.623920, 34.423531>,  <24.627626, 34.981945, 34.691490>, 0.130000
	pigment { color rgbt <1,0,0,0> }
	no_shadow
}

// nucleotide -1

// particle -1
sphere {
	<24.752007, 35.623920, 34.423531> 0.250000
	pigment { color rgbt <1,0,0,0> }
	no_shadow
}
cylinder {
	<25.063236, 35.757858, 34.636124>,  <25.249973, 35.838223, 34.763680>, 0.100000
	pigment { color rgbt <1,0,0,0> }
	no_shadow
}
cylinder {
	<25.063236, 35.757858, 34.636124>,  <24.752007, 35.623920, 34.423531>, 0.100000
	pigment { color rgbt <1,0,0,0> }
	no_shadow
}

// particle -1
sphere {
	<25.063236, 35.757858, 34.636124> 0.100000
	pigment { color rgbt <1,0,0,0> }
	no_shadow
}
sphere {
	0, 1
	scale<0.080000,0.200000,0.300000>
	matrix <0.520514, -0.817322, -0.247084,
		0.351660, 0.468896, -0.810230,
		0.778075, 0.334846, 0.531486,
		25.296659, 35.858311, 34.795570>
	pigment { color rgbt <0,1,1,0> }
	no_shadow
}
cylinder {
	<25.353159, 35.719193, 33.955879>,  <24.752007, 35.623920, 34.423531>, 0.130000
	pigment { color rgbt <1,0,0,0> }
	no_shadow
}

// nucleotide -1

// particle -1
sphere {
	<25.353159, 35.719193, 33.955879> 0.250000
	pigment { color rgbt <1,0,0,0> }
	no_shadow
}
cylinder {
	<25.437841, 35.645916, 34.339882>,  <25.488651, 35.601948, 34.570286>, 0.100000
	pigment { color rgbt <1,0,0,0> }
	no_shadow
}
cylinder {
	<25.437841, 35.645916, 34.339882>,  <25.353159, 35.719193, 33.955879>, 0.100000
	pigment { color rgbt <1,0,0,0> }
	no_shadow
}

// particle -1
sphere {
	<25.437841, 35.645916, 34.339882> 0.100000
	pigment { color rgbt <1,0,0,0> }
	no_shadow
}
sphere {
	0, 1
	scale<0.080000,0.200000,0.300000>
	matrix <0.507733, -0.818705, -0.268197,
		0.835098, 0.544208, -0.080311,
		0.211706, -0.183194, 0.960011,
		25.501352, 35.590958, 34.627884>
	pigment { color rgbt <0,1,1,0> }
	no_shadow
}
cylinder {
	<26.017536, 35.657909, 33.958603>,  <25.353159, 35.719193, 33.955879>, 0.130000
	pigment { color rgbt <1,0,0,0> }
	no_shadow
}

// nucleotide -1

// particle -1
sphere {
	<26.017536, 35.657909, 33.958603> 0.250000
	pigment { color rgbt <1,0,0,0> }
	no_shadow
}
cylinder {
	<25.893394, 35.444153, 34.273083>,  <25.818911, 35.315899, 34.461769>, 0.100000
	pigment { color rgbt <1,0,0,0> }
	no_shadow
}
cylinder {
	<25.893394, 35.444153, 34.273083>,  <26.017536, 35.657909, 33.958603>, 0.100000
	pigment { color rgbt <1,0,0,0> }
	no_shadow
}

// particle -1
sphere {
	<25.893394, 35.444153, 34.273083> 0.100000
	pigment { color rgbt <1,0,0,0> }
	no_shadow
}
sphere {
	0, 1
	scale<0.080000,0.200000,0.300000>
	matrix <0.323079, -0.837099, -0.441458,
		0.894036, 0.116996, 0.432448,
		-0.310353, -0.534395, 0.786196,
		25.800289, 35.283836, 34.508942>
	pigment { color rgbt <0,1,1,0> }
	no_shadow
}
cylinder {
	<26.570288, 35.290546, 34.154354>,  <26.017536, 35.657909, 33.958603>, 0.130000
	pigment { color rgbt <1,0,0,0> }
	no_shadow
}

// nucleotide -1

// particle -1
sphere {
	<26.570288, 35.290546, 34.154354> 0.250000
	pigment { color rgbt <1,0,0,0> }
	no_shadow
}
cylinder {
	<26.226669, 35.112732, 34.255882>,  <26.020498, 35.006042, 34.316799>, 0.100000
	pigment { color rgbt <1,0,0,0> }
	no_shadow
}
cylinder {
	<26.226669, 35.112732, 34.255882>,  <26.570288, 35.290546, 34.154354>, 0.100000
	pigment { color rgbt <1,0,0,0> }
	no_shadow
}

// particle -1
sphere {
	<26.226669, 35.112732, 34.255882> 0.100000
	pigment { color rgbt <1,0,0,0> }
	no_shadow
}
sphere {
	0, 1
	scale<0.080000,0.200000,0.300000>
	matrix <0.313897, -0.849132, -0.424787,
		0.404361, -0.285238, 0.868983,
		-0.859047, -0.444538, 0.253821,
		25.968956, 34.979370, 34.332027>
	pigment { color rgbt <0,1,1,0> }
	no_shadow
}
cylinder {
	<26.662333, 34.664162, 34.403725>,  <26.570288, 35.290546, 34.154354>, 0.130000
	pigment { color rgbt <1,0,0,0> }
	no_shadow
}

// nucleotide -1

// particle -1
sphere {
	<26.662333, 34.664162, 34.403725> 0.250000
	pigment { color rgbt <1,0,0,0> }
	no_shadow
}
cylinder {
	<26.296309, 34.663200, 34.242401>,  <26.076694, 34.662624, 34.145607>, 0.100000
	pigment { color rgbt <1,0,0,0> }
	no_shadow
}
cylinder {
	<26.296309, 34.663200, 34.242401>,  <26.662333, 34.664162, 34.403725>, 0.100000
	pigment { color rgbt <1,0,0,0> }
	no_shadow
}

// particle -1
sphere {
	<26.296309, 34.663200, 34.242401> 0.100000
	pigment { color rgbt <1,0,0,0> }
	no_shadow
}
sphere {
	0, 1
	scale<0.080000,0.200000,0.300000>
	matrix <0.264724, -0.758012, -0.596103,
		-0.304279, -0.652236, 0.694264,
		-0.915060, -0.002407, -0.403310,
		26.021790, 34.662479, 34.121407>
	pigment { color rgbt <0,1,1,0> }
	no_shadow
}
cylinder {
	<26.174118, 34.121712, 34.702438>,  <26.662333, 34.664162, 34.403725>, 0.130000
	pigment { color rgbt <1,0,0,0> }
	no_shadow
}

// nucleotide -1

// particle -1
sphere {
	<26.174118, 34.121712, 34.702438> 0.250000
	pigment { color rgbt <1,0,0,0> }
	no_shadow
}
cylinder {
	<26.197531, 34.219193, 34.315205>,  <26.211578, 34.277679, 34.082863>, 0.100000
	pigment { color rgbt <1,0,0,0> }
	no_shadow
}
cylinder {
	<26.197531, 34.219193, 34.315205>,  <26.174118, 34.121712, 34.702438>, 0.100000
	pigment { color rgbt <1,0,0,0> }
	no_shadow
}

// particle -1
sphere {
	<26.197531, 34.219193, 34.315205> 0.100000
	pigment { color rgbt <1,0,0,0> }
	no_shadow
}
sphere {
	0, 1
	scale<0.080000,0.200000,0.300000>
	matrix <0.247016, -0.943126, -0.222479,
		-0.967242, -0.226110, -0.115401,
		0.058533, 0.243697, -0.968083,
		26.215090, 34.292301, 34.024780>
	pigment { color rgbt <0,1,1,0> }
	no_shadow
}
cylinder {
	<26.066071, 33.529575, 34.393269>,  <26.174118, 34.121712, 34.702438>, 0.130000
	pigment { color rgbt <1,0,0,0> }
	no_shadow
}

// nucleotide -1

// particle -1
sphere {
	<26.066071, 33.529575, 34.393269> 0.250000
	pigment { color rgbt <1,0,0,0> }
	no_shadow
}
cylinder {
	<26.235430, 33.758209, 34.112118>,  <26.337046, 33.895390, 33.943428>, 0.100000
	pigment { color rgbt <1,0,0,0> }
	no_shadow
}
cylinder {
	<26.235430, 33.758209, 34.112118>,  <26.066071, 33.529575, 34.393269>, 0.100000
	pigment { color rgbt <1,0,0,0> }
	no_shadow
}

// particle -1
sphere {
	<26.235430, 33.758209, 34.112118> 0.100000
	pigment { color rgbt <1,0,0,0> }
	no_shadow
}
sphere {
	0, 1
	scale<0.080000,0.200000,0.300000>
	matrix <0.428709, -0.809889, -0.400361,
		-0.798087, -0.131816, -0.587947,
		0.423398, 0.571581, -0.702872,
		26.362450, 33.929684, 33.901257>
	pigment { color rgbt <0,1,1,0> }
	no_shadow
}
cylinder {
	<26.131208, 33.109459, 33.755997>,  <26.066071, 33.529575, 34.393269>, 0.130000
	pigment { color rgbt <1,0,0,0> }
	no_shadow
}

// nucleotide -1

// particle -1
sphere {
	<26.131208, 33.109459, 33.755997> 0.250000
	pigment { color rgbt <1,0,0,0> }
	no_shadow
}
cylinder {
	<26.397610, 33.396542, 33.674679>,  <26.557451, 33.568790, 33.625889>, 0.100000
	pigment { color rgbt <1,0,0,0> }
	no_shadow
}
cylinder {
	<26.397610, 33.396542, 33.674679>,  <26.131208, 33.109459, 33.755997>, 0.100000
	pigment { color rgbt <1,0,0,0> }
	no_shadow
}

// particle -1
sphere {
	<26.397610, 33.396542, 33.674679> 0.100000
	pigment { color rgbt <1,0,0,0> }
	no_shadow
}
sphere {
	0, 1
	scale<0.080000,0.200000,0.300000>
	matrix <0.639307, -0.689608, -0.340186,
		-0.384350, 0.096597, -0.918120,
		0.666004, 0.717711, -0.203296,
		26.597410, 33.611855, 33.613689>
	pigment { color rgbt <0,1,1,0> }
	no_shadow
}
cylinder {
	<26.295019, 33.021755, 33.063335>,  <26.131208, 33.109459, 33.755997>, 0.130000
	pigment { color rgbt <1,0,0,0> }
	no_shadow
}

// nucleotide -1

// particle -1
sphere {
	<26.295019, 33.021755, 33.063335> 0.250000
	pigment { color rgbt <1,0,0,0> }
	no_shadow
}
cylinder {
	<26.608723, 33.207035, 33.228447>,  <26.796944, 33.318203, 33.327515>, 0.100000
	pigment { color rgbt <1,0,0,0> }
	no_shadow
}
cylinder {
	<26.608723, 33.207035, 33.228447>,  <26.295019, 33.021755, 33.063335>, 0.100000
	pigment { color rgbt <1,0,0,0> }
	no_shadow
}

// particle -1
sphere {
	<26.608723, 33.207035, 33.228447> 0.100000
	pigment { color rgbt <1,0,0,0> }
	no_shadow
}
sphere {
	0, 1
	scale<0.080000,0.200000,0.300000>
	matrix <0.614963, -0.668511, -0.418226,
		0.082229, 0.581844, -0.809133,
		0.784257, 0.463196, 0.412783,
		26.844000, 33.345993, 33.352283>
	pigment { color rgbt <0,1,1,0> }
	no_shadow
}
cylinder {
	<26.839334, 33.081970, 32.620537>,  <26.295019, 33.021755, 33.063335>, 0.130000
	pigment { color rgbt <1,0,0,0> }
	no_shadow
}

// nucleotide -1

// particle -1
sphere {
	<26.839334, 33.081970, 32.620537> 0.250000
	pigment { color rgbt <1,0,0,0> }
	no_shadow
}
cylinder {
	<27.063471, 33.118290, 32.949844>,  <27.197952, 33.140079, 33.147430>, 0.100000
	pigment { color rgbt <1,0,0,0> }
	no_shadow
}
cylinder {
	<27.063471, 33.118290, 32.949844>,  <26.839334, 33.081970, 32.620537>, 0.100000
	pigment { color rgbt <1,0,0,0> }
	no_shadow
}

// particle -1
sphere {
	<27.063471, 33.118290, 32.949844> 0.100000
	pigment { color rgbt <1,0,0,0> }
	no_shadow
}
sphere {
	0, 1
	scale<0.080000,0.200000,0.300000>
	matrix <0.735078, -0.512558, -0.443785,
		0.381680, 0.853839, -0.353949,
		0.560340, 0.090796, 0.823271,
		27.231573, 33.145531, 33.196827>
	pigment { color rgbt <0,1,1,0> }
	no_shadow
}
cylinder {
	<27.473703, 33.171955, 32.341736>,  <26.839334, 33.081970, 32.620537>, 0.130000
	pigment { color rgbt <1,0,0,0> }
	no_shadow
}

// nucleotide -1

// particle -1
sphere {
	<27.473703, 33.171955, 32.341736> 0.250000
	pigment { color rgbt <1,0,0,0> }
	no_shadow
}
cylinder {
	<27.540916, 33.067341, 32.721916>,  <27.581244, 33.004570, 32.950024>, 0.100000
	pigment { color rgbt <1,0,0,0> }
	no_shadow
}
cylinder {
	<27.540916, 33.067341, 32.721916>,  <27.473703, 33.171955, 32.341736>, 0.100000
	pigment { color rgbt <1,0,0,0> }
	no_shadow
}

// particle -1
sphere {
	<27.540916, 33.067341, 32.721916> 0.100000
	pigment { color rgbt <1,0,0,0> }
	no_shadow
}
sphere {
	0, 1
	scale<0.080000,0.200000,0.300000>
	matrix <0.759808, -0.579922, -0.293908,
		0.628057, 0.771549, 0.101274,
		0.168033, -0.261539, 0.950454,
		27.591326, 32.988880, 33.007053>
	pigment { color rgbt <0,1,1,0> }
	no_shadow
}
cylinder {
	<27.487663, 32.462284, 32.428730>,  <27.473703, 33.171955, 32.341736>, 0.130000
	pigment { color rgbt <1,0,0,0> }
	no_shadow
}

// nucleotide -1

// particle -1
sphere {
	<27.487663, 32.462284, 32.428730> 0.250000
	pigment { color rgbt <1,0,0,0> }
	no_shadow
}
cylinder {
	<27.753664, 32.224983, 32.610203>,  <27.913263, 32.082603, 32.719086>, 0.100000
	pigment { color rgbt <1,0,0,0> }
	no_shadow
}
cylinder {
	<27.753664, 32.224983, 32.610203>,  <27.487663, 32.462284, 32.428730>, 0.100000
	pigment { color rgbt <1,0,0,0> }
	no_shadow
}

// particle -1
sphere {
	<27.753664, 32.224983, 32.610203> 0.100000
	pigment { color rgbt <1,0,0,0> }
	no_shadow
}
sphere {
	0, 1
	scale<0.080000,0.200000,0.300000>
	matrix <-0.122726, 0.512399, 0.849932,
		-0.736691, -0.620883, 0.267938,
		0.665000, -0.593255, 0.453678,
		27.953163, 32.047009, 32.746307>
	pigment { color rgbt <0,1,1,0> }
	no_shadow
}
cylinder {
	<27.384335, 31.906668, 33.048103>,  <27.487663, 32.462284, 32.428730>, 0.130000
	pigment { color rgbt <1,0,0,0> }
	no_shadow
}

// nucleotide -1

// particle -1
sphere {
	<27.384335, 31.906668, 33.048103> 0.250000
	pigment { color rgbt <1,0,0,0> }
	no_shadow
}
cylinder {
	<27.752878, 32.058575, 33.081268>,  <27.974005, 32.149719, 33.101166>, 0.100000
	pigment { color rgbt <1,0,0,0> }
	no_shadow
}
cylinder {
	<27.752878, 32.058575, 33.081268>,  <27.384335, 31.906668, 33.048103>, 0.100000
	pigment { color rgbt <1,0,0,0> }
	no_shadow
}

// particle -1
sphere {
	<27.752878, 32.058575, 33.081268> 0.100000
	pigment { color rgbt <1,0,0,0> }
	no_shadow
}
sphere {
	0, 1
	scale<0.080000,0.200000,0.300000>
	matrix <-0.311663, 0.594257, 0.741434,
		0.232300, -0.708968, 0.665883,
		0.921359, 0.379767, 0.082914,
		28.029285, 32.172504, 33.106144>
	pigment { color rgbt <0,1,1,0> }
	no_shadow
}
cylinder {
	<27.571457, 32.017120, 33.744286>,  <27.384335, 31.906668, 33.048103>, 0.130000
	pigment { color rgbt <1,0,0,0> }
	no_shadow
}

// nucleotide -1

// particle -1
sphere {
	<27.571457, 32.017120, 33.744286> 0.250000
	pigment { color rgbt <1,0,0,0> }
	no_shadow
}
cylinder {
	<27.725557, 32.267868, 33.473400>,  <27.818018, 32.418316, 33.310871>, 0.100000
	pigment { color rgbt <1,0,0,0> }
	no_shadow
}
cylinder {
	<27.725557, 32.267868, 33.473400>,  <27.571457, 32.017120, 33.744286>, 0.100000
	pigment { color rgbt <1,0,0,0> }
	no_shadow
}

// particle -1
sphere {
	<27.725557, 32.267868, 33.473400> 0.100000
	pigment { color rgbt <1,0,0,0> }
	no_shadow
}
sphere {
	0, 1
	scale<0.080000,0.200000,0.300000>
	matrix <-0.408962, 0.773834, 0.483665,
		0.827245, 0.090622, 0.554485,
		0.385249, 0.626872, -0.677211,
		27.841133, 32.455929, 33.270237>
	pigment { color rgbt <0,1,1,0> }
	no_shadow
}
cylinder {
	<27.936007, 32.562836, 34.116695>,  <27.571457, 32.017120, 33.744286>, 0.130000
	pigment { color rgbt <1,0,0,0> }
	no_shadow
}

// nucleotide -1

// particle -1
sphere {
	<27.936007, 32.562836, 34.116695> 0.250000
	pigment { color rgbt <1,0,0,0> }
	no_shadow
}
cylinder {
	<27.805134, 32.685883, 33.759300>,  <27.726610, 32.759708, 33.544861>, 0.100000
	pigment { color rgbt <1,0,0,0> }
	no_shadow
}
cylinder {
	<27.805134, 32.685883, 33.759300>,  <27.936007, 32.562836, 34.116695>, 0.100000
	pigment { color rgbt <1,0,0,0> }
	no_shadow
}

// particle -1
sphere {
	<27.805134, 32.685883, 33.759300> 0.100000
	pigment { color rgbt <1,0,0,0> }
	no_shadow
}
sphere {
	0, 1
	scale<0.080000,0.200000,0.300000>
	matrix <-0.465701, 0.770244, 0.435714,
		0.822237, 0.558657, -0.108755,
		-0.327183, 0.307613, -0.893491,
		27.706980, 32.778168, 33.491253>
	pigment { color rgbt <0,1,1,0> }
	no_shadow
}
cylinder {
	<28.006063, 33.312794, 34.224640>,  <27.936007, 32.562836, 34.116695>, 0.130000
	pigment { color rgbt <1,0,0,0> }
	no_shadow
}

// nucleotide -1

// particle -1
sphere {
	<28.006063, 33.312794, 34.224640> 0.250000
	pigment { color rgbt <1,0,0,0> }
	no_shadow
}
cylinder {
	<27.749199, 33.254326, 33.923637>,  <27.595079, 33.219246, 33.743038>, 0.100000
	pigment { color rgbt <1,0,0,0> }
	no_shadow
}
cylinder {
	<27.749199, 33.254326, 33.923637>,  <28.006063, 33.312794, 34.224640>, 0.100000
	pigment { color rgbt <1,0,0,0> }
	no_shadow
}

// particle -1
sphere {
	<27.749199, 33.254326, 33.923637> 0.100000
	pigment { color rgbt <1,0,0,0> }
	no_shadow
}
sphere {
	0, 1
	scale<0.080000,0.200000,0.300000>
	matrix <-0.519615, 0.804714, 0.287117,
		0.563584, 0.575388, -0.592708,
		-0.642164, -0.146166, -0.752503,
		27.556549, 33.210476, 33.697887>
	pigment { color rgbt <0,1,1,0> }
	no_shadow
}
cylinder {
	<27.708439, 34.045677, 33.996719>,  <28.006063, 33.312794, 34.224640>, 0.130000
	pigment { color rgbt <1,0,0,0> }
	no_shadow
}

// nucleotide -1

// particle -1
sphere {
	<27.708439, 34.045677, 33.996719> 0.250000
	pigment { color rgbt <1,0,0,0> }
	no_shadow
}
cylinder {
	<27.459595, 33.826984, 33.772556>,  <27.310287, 33.695770, 33.638058>, 0.100000
	pigment { color rgbt <1,0,0,0> }
	no_shadow
}
cylinder {
	<27.459595, 33.826984, 33.772556>,  <27.708439, 34.045677, 33.996719>, 0.100000
	pigment { color rgbt <1,0,0,0> }
	no_shadow
}

// particle -1
sphere {
	<27.459595, 33.826984, 33.772556> 0.100000
	pigment { color rgbt <1,0,0,0> }
	no_shadow
}
sphere {
	0, 1
	scale<0.080000,0.200000,0.300000>
	matrix <-0.603493, 0.790865, -0.101628,
		0.498774, 0.274981, -0.821955,
		-0.622110, -0.546734, -0.560412,
		27.272963, 33.662964, 33.604431>
	pigment { color rgbt <0,1,1,0> }
	no_shadow
}
cylinder {
	<27.496515, 34.461617, 33.474472>,  <27.708439, 34.045677, 33.996719>, 0.130000
	pigment { color rgbt <1,0,0,0> }
	no_shadow
}

// nucleotide -1

// particle -1
sphere {
	<27.496515, 34.461617, 33.474472> 0.250000
	pigment { color rgbt <1,0,0,0> }
	no_shadow
}
cylinder {
	<27.211586, 34.186390, 33.529839>,  <27.040628, 34.021255, 33.563061>, 0.100000
	pigment { color rgbt <1,0,0,0> }
	no_shadow
}
cylinder {
	<27.211586, 34.186390, 33.529839>,  <27.496515, 34.461617, 33.474472>, 0.100000
	pigment { color rgbt <1,0,0,0> }
	no_shadow
}

// particle -1
sphere {
	<27.211586, 34.186390, 33.529839> 0.100000
	pigment { color rgbt <1,0,0,0> }
	no_shadow
}
sphere {
	0, 1
	scale<0.080000,0.200000,0.300000>
	matrix <-0.699382, 0.712405, -0.057827,
		-0.058823, -0.138000, -0.988684,
		-0.712324, -0.688066, 0.138420,
		26.997889, 33.979969, 33.571365>
	pigment { color rgbt <0,1,1,0> }
	no_shadow
}
cylinder {
	<27.041216, 34.561455, 32.963959>,  <27.496515, 34.461617, 33.474472>, 0.130000
	pigment { color rgbt <1,0,0,0> }
	no_shadow
}

// nucleotide -1

// particle -1
sphere {
	<27.041216, 34.561455, 32.963959> 0.250000
	pigment { color rgbt <1,0,0,0> }
	no_shadow
}
cylinder {
	<26.856125, 34.376713, 33.266636>,  <26.745070, 34.265869, 33.448242>, 0.100000
	pigment { color rgbt <1,0,0,0> }
	no_shadow
}
cylinder {
	<26.856125, 34.376713, 33.266636>,  <27.041216, 34.561455, 32.963959>, 0.100000
	pigment { color rgbt <1,0,0,0> }
	no_shadow
}

// particle -1
sphere {
	<26.856125, 34.376713, 33.266636> 0.100000
	pigment { color rgbt <1,0,0,0> }
	no_shadow
}
sphere {
	0, 1
	scale<0.080000,0.200000,0.300000>
	matrix <-0.674151, 0.737618, 0.037958,
		-0.575678, -0.492558, -0.652673,
		-0.462727, -0.461851, 0.756688,
		26.717306, 34.238159, 33.493641>
	pigment { color rgbt <0,1,1,0> }
	no_shadow
}
cylinder {
	<26.371449, 34.734272, 32.841652>,  <27.041216, 34.561455, 32.963959>, 0.130000
	pigment { color rgbt <1,0,0,0> }
	no_shadow
}

// nucleotide -1

// particle -1
sphere {
	<26.371449, 34.734272, 32.841652> 0.250000
	pigment { color rgbt <1,0,0,0> }
	no_shadow
}
cylinder {
	<26.422264, 34.635185, 33.225838>,  <26.452753, 34.575733, 33.456348>, 0.100000
	pigment { color rgbt <1,0,0,0> }
	no_shadow
}
cylinder {
	<26.422264, 34.635185, 33.225838>,  <26.371449, 34.734272, 32.841652>, 0.100000
	pigment { color rgbt <1,0,0,0> }
	no_shadow
}

// particle -1
sphere {
	<26.422264, 34.635185, 33.225838> 0.100000
	pigment { color rgbt <1,0,0,0> }
	no_shadow
}
sphere {
	0, 1
	scale<0.080000,0.200000,0.300000>
	matrix <-0.618503, 0.737225, 0.271944,
		-0.775445, -0.628600, -0.059555,
		0.127039, -0.247713, 0.960468,
		26.460375, 34.560871, 33.513977>
	pigment { color rgbt <0,1,1,0> }
	no_shadow
}
cylinder {
	<25.675579, 34.541893, 33.167866>,  <26.371449, 34.734272, 32.841652>, 0.130000
	pigment { color rgbt <1,0,0,0> }
	no_shadow
}

// nucleotide -1

// particle -1
sphere {
	<25.675579, 34.541893, 33.167866> 0.250000
	pigment { color rgbt <1,0,0,0> }
	no_shadow
}
cylinder {
	<25.959135, 34.682720, 33.412331>,  <26.129269, 34.767216, 33.559010>, 0.100000
	pigment { color rgbt <1,0,0,0> }
	no_shadow
}
cylinder {
	<25.959135, 34.682720, 33.412331>,  <25.675579, 34.541893, 33.167866>, 0.100000
	pigment { color rgbt <1,0,0,0> }
	no_shadow
}

// particle -1
sphere {
	<25.959135, 34.682720, 33.412331> 0.100000
	pigment { color rgbt <1,0,0,0> }
	no_shadow
}
sphere {
	0, 1
	scale<0.080000,0.200000,0.300000>
	matrix <-0.530600, 0.837088, 0.133222,
		-0.464695, -0.418723, 0.780212,
		0.708889, 0.352073, 0.611165,
		26.171803, 34.788342, 33.595680>
	pigment { color rgbt <0,1,1,0> }
	no_shadow
}
cylinder {
	<25.289165, 34.027252, 33.563713>,  <25.675579, 34.541893, 33.167866>, 0.130000
	pigment { color rgbt <1,0,0,0> }
	no_shadow
}

// nucleotide -1

// particle -1
sphere {
	<25.289165, 34.027252, 33.563713> 0.250000
	pigment { color rgbt <1,0,0,0> }
	no_shadow
}
cylinder {
	<25.496830, 34.000648, 33.904545>,  <25.621429, 33.984684, 34.109043>, 0.100000
	pigment { color rgbt <1,0,0,0> }
	no_shadow
}
cylinder {
	<25.496830, 34.000648, 33.904545>,  <25.289165, 34.027252, 33.563713>, 0.100000
	pigment { color rgbt <1,0,0,0> }
	no_shadow
}

// particle -1
sphere {
	<25.496830, 34.000648, 33.904545> 0.100000
	pigment { color rgbt <1,0,0,0> }
	no_shadow
}
sphere {
	0, 1
	scale<0.080000,0.200000,0.300000>
	matrix <-0.389813, 0.868805, 0.305327,
		-0.760602, -0.490667, 0.425124,
		0.519163, -0.066514, 0.852083,
		25.652578, 33.980694, 34.160172>
	pigment { color rgbt <0,1,1,0> }
	no_shadow
}
cylinder {
	<24.875826, 34.185070, 34.171009>,  <25.289165, 34.027252, 33.563713>, 0.130000
	pigment { color rgbt <1,0,0,0> }
	no_shadow
}

// nucleotide -1

// particle -1
sphere {
	<24.875826, 34.185070, 34.171009> 0.250000
	pigment { color rgbt <1,0,0,0> }
	no_shadow
}
cylinder {
	<25.249855, 34.261555, 34.290390>,  <25.474272, 34.307446, 34.362019>, 0.100000
	pigment { color rgbt <1,0,0,0> }
	no_shadow
}
cylinder {
	<25.249855, 34.261555, 34.290390>,  <24.875826, 34.185070, 34.171009>, 0.100000
	pigment { color rgbt <1,0,0,0> }
	no_shadow
}

// particle -1
sphere {
	<25.249855, 34.261555, 34.290390> 0.100000
	pigment { color rgbt <1,0,0,0> }
	no_shadow
}
sphere {
	0, 1
	scale<0.080000,0.200000,0.300000>
	matrix <-0.299558, 0.876425, 0.377020,
		-0.189484, -0.441947, 0.876800,
		0.935073, 0.191213, 0.298457,
		25.530376, 34.318920, 34.379929>
	pigment { color rgbt <0,1,1,0> }
	no_shadow
}
cylinder {
	<24.991995, 34.347713, 34.857212>,  <24.875826, 34.185070, 34.171009>, 0.130000
	pigment { color rgbt <1,0,0,0> }
	no_shadow
}

// nucleotide -1

// particle -1
sphere {
	<24.991995, 34.347713, 34.857212> 0.250000
	pigment { color rgbt <1,0,0,0> }
	no_shadow
}
cylinder {
	<25.309814, 34.544605, 34.714996>,  <25.500505, 34.662739, 34.629665>, 0.100000
	pigment { color rgbt <1,0,0,0> }
	no_shadow
}
cylinder {
	<25.309814, 34.544605, 34.714996>,  <24.991995, 34.347713, 34.857212>, 0.100000
	pigment { color rgbt <1,0,0,0> }
	no_shadow
}

// particle -1
sphere {
	<25.309814, 34.544605, 34.714996> 0.100000
	pigment { color rgbt <1,0,0,0> }
	no_shadow
}
sphere {
	0, 1
	scale<0.080000,0.200000,0.300000>
	matrix <-0.213980, 0.774954, 0.594693,
		0.568248, -0.396434, 0.721065,
		0.794548, 0.492226, -0.355537,
		25.548180, 34.692272, 34.608334>
	pigment { color rgbt <0,1,1,0> }
	no_shadow
}
cylinder {
	<25.224527, 34.700794, 35.489788>,  <24.991995, 34.347713, 34.857212>, 0.130000
	pigment { color rgbt <1,0,0,0> }
	no_shadow
}

// nucleotide -1

// particle -1
sphere {
	<25.224527, 34.700794, 35.489788> 0.250000
	pigment { color rgbt <1,0,0,0> }
	no_shadow
}
cylinder {
	<25.418737, 34.881046, 35.190136>,  <25.535263, 34.989197, 35.010345>, 0.100000
	pigment { color rgbt <1,0,0,0> }
	no_shadow
}
cylinder {
	<25.418737, 34.881046, 35.190136>,  <25.224527, 34.700794, 35.489788>, 0.100000
	pigment { color rgbt <1,0,0,0> }
	no_shadow
}

// particle -1
sphere {
	<25.418737, 34.881046, 35.190136> 0.100000
	pigment { color rgbt <1,0,0,0> }
	no_shadow
}
sphere {
	0, 1
	scale<0.080000,0.200000,0.300000>
	matrix <-0.098308, 0.879622, 0.465404,
		0.868672, -0.152325, 0.471387,
		0.485536, 0.450625, -0.749129,
		25.564396, 35.016235, 34.965397>
	pigment { color rgbt <0,1,1,0> }
	no_shadow
}
cylinder {
	<25.765112, 35.156181, 35.814789>,  <25.224527, 34.700794, 35.489788>, 0.130000
	pigment { color rgbt <1,0,0,0> }
	no_shadow
}

// nucleotide -1

// particle -1
sphere {
	<25.765112, 35.156181, 35.814789> 0.250000
	pigment { color rgbt <1,0,0,0> }
	no_shadow
}
cylinder {
	<25.658796, 35.286060, 35.451706>,  <25.595007, 35.363987, 35.233856>, 0.100000
	pigment { color rgbt <1,0,0,0> }
	no_shadow
}
cylinder {
	<25.658796, 35.286060, 35.451706>,  <25.765112, 35.156181, 35.814789>, 0.100000
	pigment { color rgbt <1,0,0,0> }
	no_shadow
}

// particle -1
sphere {
	<25.658796, 35.286060, 35.451706> 0.100000
	pigment { color rgbt <1,0,0,0> }
	no_shadow
}
sphere {
	0, 1
	scale<0.080000,0.200000,0.300000>
	matrix <-0.290473, 0.870841, 0.396562,
		0.919229, 0.369065, -0.137145,
		-0.265788, 0.324694, -0.907706,
		25.579060, 35.383469, 35.179394>
	pigment { color rgbt <0,1,1,0> }
	no_shadow
}
cylinder {
	<26.365133, 35.262199, 36.195473>,  <25.765112, 35.156181, 35.814789>, 0.130000
	pigment { color rgbt <1,0,0,0> }
	no_shadow
}

// nucleotide -1

// particle -1
sphere {
	<26.365133, 35.262199, 36.195473> 0.250000
	pigment { color rgbt <1,0,0,0> }
	no_shadow
}
cylinder {
	<26.587173, 35.007122, 35.981853>,  <26.720398, 34.854076, 35.853683>, 0.100000
	pigment { color rgbt <1,0,0,0> }
	no_shadow
}
cylinder {
	<26.587173, 35.007122, 35.981853>,  <26.365133, 35.262199, 36.195473>, 0.100000
	pigment { color rgbt <1,0,0,0> }
	no_shadow
}

// particle -1
sphere {
	<26.587173, 35.007122, 35.981853> 0.100000
	pigment { color rgbt <1,0,0,0> }
	no_shadow
}
sphere {
	0, 1
	scale<0.080000,0.200000,0.300000>
	matrix <-0.525419, 0.228912, -0.819472,
		0.644825, 0.735487, -0.207989,
		0.555100, -0.637697, -0.534047,
		26.753704, 34.815811, 35.821640>
	pigment { color rgbt <0,1,1,0> }
	no_shadow
}
cylinder {
	<26.903904, 35.452274, 36.637154>,  <26.365133, 35.262199, 36.195473>, 0.130000
	pigment { color rgbt <1,0,0,0> }
	no_shadow
}

// nucleotide -1

// particle -1
sphere {
	<26.903904, 35.452274, 36.637154> 0.250000
	pigment { color rgbt <1,0,0,0> }
	no_shadow
}
cylinder {
	<27.265604, 35.302200, 36.555599>,  <27.482624, 35.212158, 36.506668>, 0.100000
	pigment { color rgbt <1,0,0,0> }
	no_shadow
}
cylinder {
	<27.265604, 35.302200, 36.555599>,  <26.903904, 35.452274, 36.637154>, 0.100000
	pigment { color rgbt <1,0,0,0> }
	no_shadow
}

// particle -1
sphere {
	<27.265604, 35.302200, 36.555599> 0.100000
	pigment { color rgbt <1,0,0,0> }
	no_shadow
}
sphere {
	0, 1
	scale<0.080000,0.200000,0.300000>
	matrix <0.396415, 0.560142, 0.727390,
		-0.158700, -0.738565, 0.655237,
		0.904250, -0.375183, -0.203884,
		27.536879, 35.189644, 36.494434>
	pigment { color rgbt <0,1,1,0> }
	no_shadow
}
cylinder {
	<27.344852, 35.080505, 37.178329>,  <26.903904, 35.452274, 36.637154>, 0.130000
	pigment { color rgbt <1,0,0,0> }
	no_shadow
}

// nucleotide -1

// particle -1
sphere {
	<27.344852, 35.080505, 37.178329> 0.250000
	pigment { color rgbt <1,0,0,0> }
	no_shadow
}
cylinder {
	<27.529270, 35.324322, 36.920368>,  <27.639921, 35.470612, 36.765591>, 0.100000
	pigment { color rgbt <1,0,0,0> }
	no_shadow
}
cylinder {
	<27.529270, 35.324322, 36.920368>,  <27.344852, 35.080505, 37.178329>, 0.100000
	pigment { color rgbt <1,0,0,0> }
	no_shadow
}

// particle -1
sphere {
	<27.529270, 35.324322, 36.920368> 0.100000
	pigment { color rgbt <1,0,0,0> }
	no_shadow
}
sphere {
	0, 1
	scale<0.080000,0.200000,0.300000>
	matrix <-0.046884, 0.742470, 0.668236,
		0.886139, -0.277849, 0.370888,
		0.461042, 0.609539, -0.644905,
		27.667583, 35.507183, 36.726898>
	pigment { color rgbt <0,1,1,0> }
	no_shadow
}
cylinder {
	<27.837473, 35.470394, 37.488750>,  <27.344852, 35.080505, 37.178329>, 0.130000
	pigment { color rgbt <1,0,0,0> }
	no_shadow
}

// nucleotide -1

// particle -1
sphere {
	<27.837473, 35.470394, 37.488750> 0.250000
	pigment { color rgbt <1,0,0,0> }
	no_shadow
}
cylinder {
	<27.783424, 35.715393, 37.177216>,  <27.750996, 35.862392, 36.990295>, 0.100000
	pigment { color rgbt <1,0,0,0> }
	no_shadow
}
cylinder {
	<27.783424, 35.715393, 37.177216>,  <27.837473, 35.470394, 37.488750>, 0.100000
	pigment { color rgbt <1,0,0,0> }
	no_shadow
}

// particle -1
sphere {
	<27.783424, 35.715393, 37.177216> 0.100000
	pigment { color rgbt <1,0,0,0> }
	no_shadow
}
sphere {
	0, 1
	scale<0.080000,0.200000,0.300000>
	matrix <-0.107802, 0.772296, 0.626050,
		0.984947, 0.168552, -0.038325,
		-0.135120, 0.612495, -0.778841,
		27.742887, 35.899143, 36.943562>
	pigment { color rgbt <0,1,1,0> }
	no_shadow
}
cylinder {
	<28.165176, 36.030769, 37.677170>,  <27.837473, 35.470394, 37.488750>, 0.130000
	pigment { color rgbt <1,0,0,0> }
	no_shadow
}

// nucleotide -1

// particle -1
sphere {
	<28.165176, 36.030769, 37.677170> 0.250000
	pigment { color rgbt <1,0,0,0> }
	no_shadow
}
cylinder {
	<27.938555, 36.166130, 37.376637>,  <27.802582, 36.247349, 37.196316>, 0.100000
	pigment { color rgbt <1,0,0,0> }
	no_shadow
}
cylinder {
	<27.938555, 36.166130, 37.376637>,  <28.165176, 36.030769, 37.677170>, 0.100000
	pigment { color rgbt <1,0,0,0> }
	no_shadow
}

// particle -1
sphere {
	<27.938555, 36.166130, 37.376637> 0.100000
	pigment { color rgbt <1,0,0,0> }
	no_shadow
}
sphere {
	0, 1
	scale<0.080000,0.200000,0.300000>
	matrix <-0.112057, 0.871671, 0.477108,
		0.816370, 0.354500, -0.455928,
		-0.566554, 0.338406, -0.751330,
		27.768589, 36.267651, 37.151237>
	pigment { color rgbt <0,1,1,0> }
	no_shadow
}
cylinder {
	<28.401281, 36.712021, 37.436195>,  <28.165176, 36.030769, 37.677170>, 0.130000
	pigment { color rgbt <1,0,0,0> }
	no_shadow
}

// nucleotide -1

// particle -1
sphere {
	<28.401281, 36.712021, 37.436195> 0.250000
	pigment { color rgbt <1,0,0,0> }
	no_shadow
}
cylinder {
	<28.015022, 36.674541, 37.339245>,  <27.783268, 36.652054, 37.281075>, 0.100000
	pigment { color rgbt <1,0,0,0> }
	no_shadow
}
cylinder {
	<28.015022, 36.674541, 37.339245>,  <28.401281, 36.712021, 37.436195>, 0.100000
	pigment { color rgbt <1,0,0,0> }
	no_shadow
}

// particle -1
sphere {
	<28.015022, 36.674541, 37.339245> 0.100000
	pigment { color rgbt <1,0,0,0> }
	no_shadow
}
sphere {
	0, 1
	scale<0.080000,0.200000,0.300000>
	matrix <-0.186313, 0.899853, 0.394401,
		0.181151, 0.426011, -0.886397,
		-0.965646, -0.093702, -0.242380,
		27.725328, 36.646431, 37.266529>
	pigment { color rgbt <0,1,1,0> }
	no_shadow
}
cylinder {
	<28.218845, 37.424042, 37.054100>,  <28.401281, 36.712021, 37.436195>, 0.130000
	pigment { color rgbt <1,0,0,0> }
	no_shadow
}

// nucleotide -1

// particle -1
sphere {
	<28.218845, 37.424042, 37.054100> 0.250000
	pigment { color rgbt <1,0,0,0> }
	no_shadow
}
cylinder {
	<27.890882, 37.238335, 37.188087>,  <27.694105, 37.126911, 37.268478>, 0.100000
	pigment { color rgbt <1,0,0,0> }
	no_shadow
}
cylinder {
	<27.890882, 37.238335, 37.188087>,  <28.218845, 37.424042, 37.054100>, 0.100000
	pigment { color rgbt <1,0,0,0> }
	no_shadow
}

// particle -1
sphere {
	<27.890882, 37.238335, 37.188087> 0.100000
	pigment { color rgbt <1,0,0,0> }
	no_shadow
}
sphere {
	0, 1
	scale<0.080000,0.200000,0.300000>
	matrix <-0.320585, 0.857098, 0.403247,
		-0.474316, 0.223240, -0.851580,
		-0.819908, -0.464270, 0.334968,
		27.644911, 37.099052, 37.288578>
	pigment { color rgbt <0,1,1,0> }
	no_shadow
}
cylinder {
	<27.675835, 37.759472, 36.689098>,  <28.218845, 37.424042, 37.054100>, 0.130000
	pigment { color rgbt <1,0,0,0> }
	no_shadow
}

// nucleotide -1

// particle -1
sphere {
	<27.675835, 37.759472, 36.689098> 0.250000
	pigment { color rgbt <1,0,0,0> }
	no_shadow
}
cylinder {
	<27.575279, 37.591648, 37.037987>,  <27.514946, 37.490955, 37.247322>, 0.100000
	pigment { color rgbt <1,0,0,0> }
	no_shadow
}
cylinder {
	<27.575279, 37.591648, 37.037987>,  <27.675835, 37.759472, 36.689098>, 0.100000
	pigment { color rgbt <1,0,0,0> }
	no_shadow
}

// particle -1
sphere {
	<27.575279, 37.591648, 37.037987> 0.100000
	pigment { color rgbt <1,0,0,0> }
	no_shadow
}
sphere {
	0, 1
	scale<0.080000,0.200000,0.300000>
	matrix <-0.520900, 0.818172, 0.243430,
		-0.815762, -0.393146, -0.424228,
		-0.251388, -0.419561, 0.872223,
		27.499863, 37.465778, 37.299652>
	pigment { color rgbt <0,1,1,0> }
	no_shadow
}
cylinder {
	<27.002995, 38.018757, 36.818302>,  <27.675835, 37.759472, 36.689098>, 0.130000
	pigment { color rgbt <1,0,0,0> }
	no_shadow
}

// nucleotide -1

// particle -1
sphere {
	<27.002995, 38.018757, 36.818302> 0.250000
	pigment { color rgbt <1,0,0,0> }
	no_shadow
}
cylinder {
	<27.162449, 37.910656, 37.168858>,  <27.258121, 37.845795, 37.379189>, 0.100000
	pigment { color rgbt <1,0,0,0> }
	no_shadow
}
cylinder {
	<27.162449, 37.910656, 37.168858>,  <27.002995, 38.018757, 36.818302>, 0.100000
	pigment { color rgbt <1,0,0,0> }
	no_shadow
}

// particle -1
sphere {
	<27.162449, 37.910656, 37.168858> 0.100000
	pigment { color rgbt <1,0,0,0> }
	no_shadow
}
sphere {
	0, 1
	scale<0.080000,0.200000,0.300000>
	matrix <-0.362457, 0.831373, 0.421240,
		-0.842446, -0.485574, 0.233460,
		0.398635, -0.270253, 0.876387,
		27.282040, 37.829578, 37.431774>
	pigment { color rgbt <0,1,1,0> }
	no_shadow
}
cylinder {
	<26.574745, 37.987514, 37.405643>,  <27.002995, 38.018757, 36.818302>, 0.130000
	pigment { color rgbt <1,0,0,0> }
	no_shadow
}

// nucleotide -1

// particle -1
sphere {
	<26.574745, 37.987514, 37.405643> 0.250000
	pigment { color rgbt <1,0,0,0> }
	no_shadow
}
cylinder {
	<26.939178, 38.079926, 37.542206>,  <27.157839, 38.135372, 37.624142>, 0.100000
	pigment { color rgbt <1,0,0,0> }
	no_shadow
}
cylinder {
	<26.939178, 38.079926, 37.542206>,  <26.574745, 37.987514, 37.405643>, 0.100000
	pigment { color rgbt <1,0,0,0> }
	no_shadow
}

// particle -1
sphere {
	<26.939178, 38.079926, 37.542206> 0.100000
	pigment { color rgbt <1,0,0,0> }
	no_shadow
}
sphere {
	0, 1
	scale<0.080000,0.200000,0.300000>
	matrix <-0.338901, 0.891283, 0.301264,
		-0.234686, -0.390178, 0.890328,
		0.911081, 0.231031, 0.341403,
		27.212503, 38.149235, 37.644627>
	pigment { color rgbt <0,1,1,0> }
	no_shadow
}
cylinder {
	<25.883316, 38.140839, 37.256119>,  <26.574745, 37.987514, 37.405643>, 0.130000
	pigment { color rgbt <1,0,0,0> }
	no_shadow
}

// nucleotide -1

// particle -1
sphere {
	<25.883316, 38.140839, 37.256119> 0.250000
	pigment { color rgbt <1,0,0,0> }
	no_shadow
}
cylinder {
	<26.161558, 38.100960, 36.971531>,  <26.328505, 38.077030, 36.800777>, 0.100000
	pigment { color rgbt <1,0,0,0> }
	no_shadow
}
cylinder {
	<26.161558, 38.100960, 36.971531>,  <25.883316, 38.140839, 37.256119>, 0.100000
	pigment { color rgbt <1,0,0,0> }
	no_shadow
}

// particle -1
sphere {
	<26.161558, 38.100960, 36.971531> 0.100000
	pigment { color rgbt <1,0,0,0> }
	no_shadow
}
sphere {
	0, 1
	scale<0.080000,0.200000,0.300000>
	matrix <-0.653954, -0.497894, -0.569601,
		-0.297449, 0.861488, -0.411537,
		0.695606, -0.099699, -0.711472,
		26.370239, 38.071049, 36.758091>
	pigment { color rgbt <0,1,1,0> }
	no_shadow
}
cylinder {
	<25.749865, 37.906033, 38.021595>,  <25.883316, 38.140839, 37.256119>, 0.130000
	pigment { color rgbt <1,0,0,0> }
	no_shadow
}

// nucleotide -1

// particle -1
sphere {
	<25.749865, 37.906033, 38.021595> 0.250000
	pigment { color rgbt <1,0,0,0> }
	no_shadow
}
cylinder {
	<25.565266, 38.067104, 37.705399>,  <25.454506, 38.163746, 37.515682>, 0.100000
	pigment { color rgbt <1,0,0,0> }
	no_shadow
}
cylinder {
	<25.565266, 38.067104, 37.705399>,  <25.749865, 37.906033, 38.021595>, 0.100000
	pigment { color rgbt <1,0,0,0> }
	no_shadow
}

// particle -1
sphere {
	<25.565266, 38.067104, 37.705399> 0.100000
	pigment { color rgbt <1,0,0,0> }
	no_shadow
}
sphere {
	0, 1
	scale<0.080000,0.200000,0.300000>
	matrix <0.018095, 0.895139, 0.445420,
		0.886956, 0.191257, -0.420392,
		-0.461499, 0.402675, -0.790488,
		25.426815, 38.187908, 37.468250>
	pigment { color rgbt <0,1,1,0> }
	no_shadow
}
cylinder {
	<26.044865, 38.599518, 37.968159>,  <25.749865, 37.906033, 38.021595>, 0.130000
	pigment { color rgbt <1,0,0,0> }
	no_shadow
}

// nucleotide -1

// particle -1
sphere {
	<26.044865, 38.599518, 37.968159> 0.250000
	pigment { color rgbt <1,0,0,0> }
	no_shadow
}
cylinder {
	<25.693523, 38.603973, 37.777004>,  <25.482719, 38.606647, 37.662312>, 0.100000
	pigment { color rgbt <1,0,0,0> }
	no_shadow
}
cylinder {
	<25.693523, 38.603973, 37.777004>,  <26.044865, 38.599518, 37.968159>, 0.100000
	pigment { color rgbt <1,0,0,0> }
	no_shadow
}

// particle -1
sphere {
	<25.693523, 38.603973, 37.777004> 0.100000
	pigment { color rgbt <1,0,0,0> }
	no_shadow
}
sphere {
	0, 1
	scale<0.080000,0.200000,0.300000>
	matrix <-0.215764, 0.882849, 0.417161,
		0.426545, 0.469525, -0.773050,
		-0.878354, 0.011142, -0.477881,
		25.430017, 38.607315, 37.633640>
	pigment { color rgbt <0,1,1,0> }
	no_shadow
}
cylinder {
	<26.515696, 38.998985, 38.485611>,  <26.044865, 38.599518, 37.968159>, 0.130000
	pigment { color rgbt <1,0,0,0> }
	no_shadow
}

// nucleotide -1

// particle -1
sphere {
	<26.515696, 38.998985, 38.485611> 0.250000
	pigment { color rgbt <1,0,0,0> }
	no_shadow
}
cylinder {
	<26.686625, 38.760235, 38.757240>,  <26.789183, 38.616985, 38.920216>, 0.100000
	pigment { color rgbt <1,0,0,0> }
	no_shadow
}
cylinder {
	<26.686625, 38.760235, 38.757240>,  <26.515696, 38.998985, 38.485611>, 0.100000
	pigment { color rgbt <1,0,0,0> }
	no_shadow
}

// particle -1
sphere {
	<26.686625, 38.760235, 38.757240> 0.100000
	pigment { color rgbt <1,0,0,0> }
	no_shadow
}
sphere {
	0, 1
	scale<0.080000,0.200000,0.300000>
	matrix <0.229655, -0.654805, -0.720062,
		0.874445, 0.463650, -0.142738,
		0.427323, -0.596874, 0.679071,
		26.814821, 38.581173, 38.960960>
	pigment { color rgbt <0,1,1,0> }
	no_shadow
}
cylinder {
	<27.198565, 38.885319, 38.246433>,  <26.515696, 38.998985, 38.485611>, 0.130000
	pigment { color rgbt <1,0,0,0> }
	no_shadow
}

// nucleotide -1

// particle -1
sphere {
	<27.198565, 38.885319, 38.246433> 0.250000
	pigment { color rgbt <1,0,0,0> }
	no_shadow
}
cylinder {
	<27.099977, 38.590794, 38.498497>,  <27.040825, 38.414078, 38.649734>, 0.100000
	pigment { color rgbt <1,0,0,0> }
	no_shadow
}
cylinder {
	<27.099977, 38.590794, 38.498497>,  <27.198565, 38.885319, 38.246433>, 0.100000
	pigment { color rgbt <1,0,0,0> }
	no_shadow
}

// particle -1
sphere {
	<27.099977, 38.590794, 38.498497> 0.100000
	pigment { color rgbt <1,0,0,0> }
	no_shadow
}
sphere {
	0, 1
	scale<0.080000,0.200000,0.300000>
	matrix <0.157945, -0.672040, -0.723475,
		0.956194, -0.078784, 0.281934,
		-0.246469, -0.736312, 0.630156,
		27.026037, 38.369900, 38.687546>
	pigment { color rgbt <0,1,1,0> }
	no_shadow
}
cylinder {
	<27.643114, 38.396118, 38.173042>,  <27.198565, 38.885319, 38.246433>, 0.130000
	pigment { color rgbt <1,0,0,0> }
	no_shadow
}

// nucleotide -1

// particle -1
sphere {
	<27.643114, 38.396118, 38.173042> 0.250000
	pigment { color rgbt <1,0,0,0> }
	no_shadow
}
cylinder {
	<27.315268, 38.213001, 38.310829>,  <27.118561, 38.103130, 38.393501>, 0.100000
	pigment { color rgbt <1,0,0,0> }
	no_shadow
}
cylinder {
	<27.315268, 38.213001, 38.310829>,  <27.643114, 38.396118, 38.173042>, 0.100000
	pigment { color rgbt <1,0,0,0> }
	no_shadow
}

// particle -1
sphere {
	<27.315268, 38.213001, 38.310829> 0.100000
	pigment { color rgbt <1,0,0,0> }
	no_shadow
}
sphere {
	0, 1
	scale<0.080000,0.200000,0.300000>
	matrix <0.079392, -0.686205, -0.723063,
