// switches for output
#declare DRAW_BASES = 1; // possible values are 0, 1; only relevant for DNA ribbons
#declare DRAW_BASES_TYPE = 3; // possible values are 1, 2, 3; only relevant for DNA ribbons
#declare DRAW_FOG = 0; // set to 1 to enable fog

#include "colors.inc"

#include "transforms.inc"
background { rgb <1, 1, 1>}

#default {
   normal{
       ripples 0.25
       frequency 0.20
       turbulence 0.2
       lambda 5
   }
	finish {
		phong 0.1
		phong_size 40.
	}
}

// original window dimensions: 1024x640


// camera settings

camera {
	sky <0, 0.179814, -0.983701>
	up <0, 0.179814, -0.983701>
	right 1.6 * <1, 0, 0>
	location <35, 94.9851, 44.8844>
	look_at <35, 29.7336, 32.9568>
	direction <0, -65.2515, -11.9276>
	angle 67.0682
}


# declare cpy_camera_pos = <35, 94.9851, 44.8844>;
# if (DRAW_FOG = 1)
fog {
	fog_type 2
	up vnormalize(cpy_camera_pos)
	color rgbt<1,1,1,0.3>
	distance 1e-5
	fog_alt 3e-3
	fog_offset 56
}
# end


// LIGHTS

# declare lum = 6;
global_settings {
	ambient_light rgb lum * <0.05, 0.05, 0.05>
	max_trace_level 15
}# declare cpy_direct_light_amount = 0.25;
light_source
{	1000 * <-1, -1.16352, -0.803886>,
	rgb lum * cpy_direct_light_amount
	parallel
}

light_source
{	1000 * <1, 1.16352, 0.803886>,
	rgb lum * cpy_direct_light_amount
	parallel
}

// strand 0

// nucleotide -1

// particle -1
sphere {
	<24.628546, 35.051846, 35.082718> 0.250000
	pigment { color rgbt <1,0,0,0> }
	no_shadow
}
cylinder {
	<24.308327, 35.140125, 34.859859>,  <24.116196, 35.193092, 34.726143>, 0.100000
	pigment { color rgbt <1,0,0,0> }
	no_shadow
}
cylinder {
	<24.308327, 35.140125, 34.859859>,  <24.628546, 35.051846, 35.082718>, 0.100000
	pigment { color rgbt <1,0,0,0> }
	no_shadow
}

// particle -1
sphere {
	<24.308327, 35.140125, 34.859859> 0.100000
	pigment { color rgbt <1,0,0,0> }
	no_shadow
}
sphere {
	0, 1
	scale<0.080000,0.200000,0.300000>
	matrix <0.384373, -0.524182, -0.759928,
		-0.459759, -0.822513, 0.334804,
		-0.800549, 0.220694, -0.557149,
		24.068163, 35.206333, 34.692715>
	pigment { color rgbt <0,1,1,0> }
	no_shadow
}
cylinder {
	<24.593018, 35.698257, 34.753605>,  <24.628546, 35.051846, 35.082718>, 0.130000
	pigment { color rgbt <1,0,0,0> }
	no_shadow
}

// nucleotide -1

// particle -1
sphere {
	<24.593018, 35.698257, 34.753605> 0.250000
	pigment { color rgbt <1,0,0,0> }
	no_shadow
}
cylinder {
	<24.658234, 36.052982, 34.926571>,  <24.697363, 36.265816, 35.030350>, 0.100000
	pigment { color rgbt <1,0,0,0> }
	no_shadow
}
cylinder {
	<24.658234, 36.052982, 34.926571>,  <24.593018, 35.698257, 34.753605>, 0.100000
	pigment { color rgbt <1,0,0,0> }
	no_shadow
}

// particle -1
sphere {
	<24.658234, 36.052982, 34.926571> 0.100000
	pigment { color rgbt <1,0,0,0> }
	no_shadow
}
sphere {
	0, 1
	scale<0.080000,0.200000,0.300000>
	matrix <0.338632, -0.461957, 0.819710,
		0.926686, 0.012786, -0.375619,
		0.163040, 0.886810, 0.432419,
		24.707146, 36.319027, 35.056297>
	pigment { color rgbt <0,1,1,0> }
	no_shadow
}
cylinder {
	<25.334032, 35.704464, 35.188084>,  <24.593018, 35.698257, 34.753605>, 0.130000
	pigment { color rgbt <1,0,0,0> }
	no_shadow
}

// nucleotide -1

// particle -1
sphere {
	<25.334032, 35.704464, 35.188084> 0.250000
	pigment { color rgbt <1,0,0,0> }
	no_shadow
}
cylinder {
	<25.128447, 36.011246, 35.341774>,  <25.005095, 36.195312, 35.433987>, 0.100000
	pigment { color rgbt <1,0,0,0> }
	no_shadow
}
cylinder {
	<25.128447, 36.011246, 35.341774>,  <25.334032, 35.704464, 35.188084>, 0.100000
	pigment { color rgbt <1,0,0,0> }
	no_shadow
}

// particle -1
sphere {
	<25.128447, 36.011246, 35.341774> 0.100000
	pigment { color rgbt <1,0,0,0> }
	no_shadow
}
sphere {
	0, 1
	scale<0.080000,0.200000,0.300000>
	matrix <0.282952, -0.271265, 0.919975,
		0.809801, 0.581552, -0.077589,
		-0.513966, 0.766950, 0.384222,
		24.974257, 36.241329, 35.457039>
	pigment { color rgbt <0,1,1,0> }
	no_shadow
}
cylinder {
	<25.738329, 36.099930, 35.611023>,  <25.334032, 35.704464, 35.188084>, 0.130000
	pigment { color rgbt <1,0,0,0> }
	no_shadow
}

// nucleotide -1

// particle -1
sphere {
	<25.738329, 36.099930, 35.611023> 0.250000
	pigment { color rgbt <1,0,0,0> }
	no_shadow
}
cylinder {
	<25.367762, 36.175789, 35.741123>,  <25.145422, 36.221302, 35.819183>, 0.100000
	pigment { color rgbt <1,0,0,0> }
	no_shadow
}
cylinder {
	<25.367762, 36.175789, 35.741123>,  <25.738329, 36.099930, 35.611023>, 0.100000
	pigment { color rgbt <1,0,0,0> }
	no_shadow
}

// particle -1
sphere {
	<25.367762, 36.175789, 35.741123> 0.100000
	pigment { color rgbt <1,0,0,0> }
	no_shadow
}
sphere {
	0, 1
	scale<0.080000,0.200000,0.300000>
	matrix <0.305723, -0.125273, 0.943843,
		0.219740, 0.973828, 0.058076,
		-0.926416, 0.189645, 0.325250,
		25.089836, 36.232681, 35.838699>
	pigment { color rgbt <0,1,1,0> }
	no_shadow
}
cylinder {
	<25.806299, 36.613285, 36.182899>,  <25.738329, 36.099930, 35.611023>, 0.130000
	pigment { color rgbt <1,0,0,0> }
	no_shadow
}

// nucleotide -1

// particle -1
sphere {
	<25.806299, 36.613285, 36.182899> 0.250000
	pigment { color rgbt <1,0,0,0> }
	no_shadow
}
cylinder {
	<25.448923, 36.439617, 36.228966>,  <25.234497, 36.335415, 36.256607>, 0.100000
	pigment { color rgbt <1,0,0,0> }
	no_shadow
}
cylinder {
	<25.448923, 36.439617, 36.228966>,  <25.806299, 36.613285, 36.182899>, 0.100000
	pigment { color rgbt <1,0,0,0> }
	no_shadow
}

// particle -1
sphere {
	<25.448923, 36.439617, 36.228966> 0.100000
	pigment { color rgbt <1,0,0,0> }
	no_shadow
}
sphere {
	0, 1
	scale<0.080000,0.200000,0.300000>
	matrix <0.171202, -0.092111, 0.980921,
		-0.415278, 0.896109, 0.156626,
		-0.893439, -0.434169, 0.115164,
		25.180891, 36.309368, 36.263515>
	pigment { color rgbt <0,1,1,0> }
	no_shadow
}
cylinder {
	<25.269993, 36.894909, 36.703236>,  <25.806299, 36.613285, 36.182899>, 0.130000
	pigment { color rgbt <1,0,0,0> }
	no_shadow
}

// nucleotide -1

// particle -1
sphere {
	<25.269993, 36.894909, 36.703236> 0.250000
	pigment { color rgbt <1,0,0,0> }
	no_shadow
}
cylinder {
	<25.212328, 36.499687, 36.681431>,  <25.177729, 36.262554, 36.668346>, 0.100000
	pigment { color rgbt <1,0,0,0> }
	no_shadow
}
cylinder {
	<25.212328, 36.499687, 36.681431>,  <25.269993, 36.894909, 36.703236>, 0.100000
	pigment { color rgbt <1,0,0,0> }
	no_shadow
}

// particle -1
sphere {
	<25.212328, 36.499687, 36.681431> 0.100000
	pigment { color rgbt <1,0,0,0> }
	no_shadow
}
sphere {
	0, 1
	scale<0.080000,0.200000,0.300000>
	matrix <0.180246, -0.080389, 0.980331,
		-0.973000, 0.131502, 0.189682,
		-0.144163, -0.988051, -0.054515,
		25.169079, 36.203270, 36.665077>
	pigment { color rgbt <0,1,1,0> }
	no_shadow
}
cylinder {
	<24.724926, 36.764801, 37.184383>,  <25.269993, 36.894909, 36.703236>, 0.130000
	pigment { color rgbt <1,0,0,0> }
	no_shadow
}

// nucleotide -1

// particle -1
sphere {
	<24.724926, 36.764801, 37.184383> 0.250000
	pigment { color rgbt <1,0,0,0> }
	no_shadow
}
cylinder {
	<24.954834, 36.450603, 37.092613>,  <25.092779, 36.262085, 37.037552>, 0.100000
	pigment { color rgbt <1,0,0,0> }
	no_shadow
}
cylinder {
	<24.954834, 36.450603, 37.092613>,  <24.724926, 36.764801, 37.184383>, 0.100000
	pigment { color rgbt <1,0,0,0> }
	no_shadow
}

// particle -1
sphere {
	<24.954834, 36.450603, 37.092613> 0.100000
	pigment { color rgbt <1,0,0,0> }
	no_shadow
}
sphere {
	0, 1
	scale<0.080000,0.200000,0.300000>
	matrix <0.231716, -0.112666, 0.966237,
		-0.784825, -0.608524, 0.117255,
		0.574768, -0.785496, -0.229428,
		25.127264, 36.214954, 37.023785>
	pigment { color rgbt <0,1,1,0> }
	no_shadow
}
cylinder {
	<24.485983, 36.097042, 37.438923>,  <24.724926, 36.764801, 37.184383>, 0.130000
	pigment { color rgbt <1,0,0,0> }
	no_shadow
}

// nucleotide -1

// particle -1
sphere {
	<24.485983, 36.097042, 37.438923> 0.250000
	pigment { color rgbt <1,0,0,0> }
	no_shadow
}
cylinder {
	<24.885696, 36.100574, 37.453644>,  <25.125525, 36.102692, 37.462475>, 0.100000
	pigment { color rgbt <1,0,0,0> }
	no_shadow
}
cylinder {
	<24.885696, 36.100574, 37.453644>,  <24.485983, 36.097042, 37.438923>, 0.100000
	pigment { color rgbt <1,0,0,0> }
	no_shadow
}

// particle -1
sphere {
	<24.885696, 36.100574, 37.453644> 0.100000
	pigment { color rgbt <1,0,0,0> }
	no_shadow
}
sphere {
	0, 1
	scale<0.080000,0.200000,0.300000>
	matrix <-0.034683, -0.175495, 0.983869,
		0.015145, -0.984441, -0.175063,
		0.999283, 0.008829, 0.036801,
		25.185482, 36.103222, 37.464684>
	pigment { color rgbt <0,1,1,0> }
	no_shadow
}
cylinder {
	<24.743530, 35.566280, 37.756454>,  <24.485983, 36.097042, 37.438923>, 0.130000
	pigment { color rgbt <1,0,0,0> }
	no_shadow
}

// nucleotide -1

// particle -1
sphere {
	<24.743530, 35.566280, 37.756454> 0.250000
	pigment { color rgbt <1,0,0,0> }
	no_shadow
}
cylinder {
	<25.038469, 35.833084, 37.799202>,  <25.215433, 35.993164, 37.824848>, 0.100000
	pigment { color rgbt <1,0,0,0> }
	no_shadow
}
cylinder {
	<25.038469, 35.833084, 37.799202>,  <24.743530, 35.566280, 37.756454>, 0.100000
	pigment { color rgbt <1,0,0,0> }
	no_shadow
}

// particle -1
sphere {
	<25.038469, 35.833084, 37.799202> 0.100000
	pigment { color rgbt <1,0,0,0> }
	no_shadow
}
sphere {
	0, 1
	scale<0.080000,0.200000,0.300000>
	matrix <0.011693, -0.170780, 0.985240,
		0.675413, -0.725214, -0.133724,
		0.737347, 0.667007, 0.106867,
		25.259674, 36.033188, 37.831261>
	pigment { color rgbt <0,1,1,0> }
	no_shadow
}
cylinder {
	<25.154078, 35.124866, 38.148064>,  <24.743530, 35.566280, 37.756454>, 0.130000
	pigment { color rgbt <1,0,0,0> }
	no_shadow
}

// nucleotide -1

// particle -1
sphere {
	<25.154078, 35.124866, 38.148064> 0.250000
	pigment { color rgbt <1,0,0,0> }
	no_shadow
}
cylinder {
	<25.251770, 35.509869, 38.195271>,  <25.310387, 35.740871, 38.223595>, 0.100000
	pigment { color rgbt <1,0,0,0> }
	no_shadow
}
cylinder {
	<25.251770, 35.509869, 38.195271>,  <25.154078, 35.124866, 38.148064>, 0.100000
	pigment { color rgbt <1,0,0,0> }
	no_shadow
}

// particle -1
sphere {
	<25.251770, 35.509869, 38.195271> 0.100000
	pigment { color rgbt <1,0,0,0> }
	no_shadow
}
sphere {
	0, 1
	scale<0.080000,0.200000,0.300000>
	matrix <0.122836, -0.151433, 0.980805,
		0.961905, -0.225047, -0.155216,
		0.244233, 0.962508, 0.118020,
		25.325039, 35.798622, 38.230675>
	pigment { color rgbt <0,1,1,0> }
	no_shadow
}
cylinder {
	<25.842833, 35.063068, 38.492443>,  <25.154078, 35.124866, 38.148064>, 0.130000
	pigment { color rgbt <1,0,0,0> }
	no_shadow
}

// nucleotide -1

// particle -1
sphere {
	<25.842833, 35.063068, 38.492443> 0.250000
	pigment { color rgbt <1,0,0,0> }
	no_shadow
}
cylinder {
	<25.695126, 35.427628, 38.565102>,  <25.606503, 35.646362, 38.608696>, 0.100000
	pigment { color rgbt <1,0,0,0> }
	no_shadow
}
cylinder {
	<25.695126, 35.427628, 38.565102>,  <25.842833, 35.063068, 38.492443>, 0.100000
	pigment { color rgbt <1,0,0,0> }
	no_shadow
}

// particle -1
sphere {
	<25.695126, 35.427628, 38.565102> 0.100000
	pigment { color rgbt <1,0,0,0> }
	no_shadow
}
sphere {
	0, 1
	scale<0.080000,0.200000,0.300000>
	matrix <-0.073254, -0.223396, 0.971971,
		0.926432, 0.345609, 0.149256,
		-0.369265, 0.911399, 0.181644,
		25.584347, 35.701046, 38.619595>
	pigment { color rgbt <0,1,1,0> }
	no_shadow
}
cylinder {
	<26.064341, 35.193909, 39.233875>,  <25.842833, 35.063068, 38.492443>, 0.130000
	pigment { color rgbt <1,0,0,0> }
	no_shadow
}

// nucleotide -1

// particle -1
sphere {
	<26.064341, 35.193909, 39.233875> 0.250000
	pigment { color rgbt <1,0,0,0> }
	no_shadow
}
cylinder {
	<25.705532, 35.317909, 39.107857>,  <25.490248, 35.392307, 39.032246>, 0.100000
	pigment { color rgbt <1,0,0,0> }
	no_shadow
}
cylinder {
	<25.705532, 35.317909, 39.107857>,  <26.064341, 35.193909, 39.233875>, 0.100000
	pigment { color rgbt <1,0,0,0> }
	no_shadow
}

// particle -1
sphere {
	<25.705532, 35.317909, 39.107857> 0.100000
	pigment { color rgbt <1,0,0,0> }
	no_shadow
}
sphere {
	0, 1
	scale<0.080000,0.200000,0.300000>
	matrix <-0.393618, -0.236065, 0.888447,
		0.201045, 0.920964, 0.333776,
		-0.897021, 0.309998, -0.315048,
		25.436426, 35.410908, 39.013344>
	pigment { color rgbt <0,1,1,0> }
	no_shadow
}
cylinder {
	<26.022959, 35.064331, 39.989960>,  <26.064341, 35.193909, 39.233875>, 0.130000
	pigment { color rgbt <1,0,0,0> }
	no_shadow
}

// nucleotide -1

// particle -1
sphere {
	<26.022959, 35.064331, 39.989960> 0.250000
	pigment { color rgbt <1,0,0,0> }
	no_shadow
}
cylinder {
	<26.015579, 35.456524, 40.068256>,  <26.011152, 35.691841, 40.115234>, 0.100000
	pigment { color rgbt <1,0,0,0> }
	no_shadow
}
cylinder {
	<26.015579, 35.456524, 40.068256>,  <26.022959, 35.064331, 39.989960>, 0.100000
	pigment { color rgbt <1,0,0,0> }
	no_shadow
}

// particle -1
sphere {
	<26.015579, 35.456524, 40.068256> 0.100000
	pigment { color rgbt <1,0,0,0> }
	no_shadow
}
sphere {
	0, 1
	scale<0.080000,0.200000,0.300000>
	matrix <-0.162313, 0.190238, -0.968227,
		-0.986567, -0.049632, 0.155636,
		-0.018448, 0.980482, 0.195738,
		26.010044, 35.750668, 40.126976>
	pigment { color rgbt <0,1,1,0> }
	no_shadow
}
cylinder {
	<25.380274, 35.337170, 39.896873>,  <26.022959, 35.064331, 39.989960>, 0.130000
	pigment { color rgbt <1,0,0,0> }
	no_shadow
}

// nucleotide -1

// particle -1
sphere {
	<25.380274, 35.337170, 39.896873> 0.250000
	pigment { color rgbt <1,0,0,0> }
	no_shadow
}
cylinder {
	<25.656698, 35.616848, 39.823593>,  <25.822552, 35.784657, 39.779625>, 0.100000
	pigment { color rgbt <1,0,0,0> }
	no_shadow
}
cylinder {
	<25.656698, 35.616848, 39.823593>,  <25.380274, 35.337170, 39.896873>, 0.100000
	pigment { color rgbt <1,0,0,0> }
	no_shadow
}

// particle -1
sphere {
	<25.656698, 35.616848, 39.823593> 0.100000
	pigment { color rgbt <1,0,0,0> }
	no_shadow
}
sphere {
	0, 1
	scale<0.080000,0.200000,0.300000>
	matrix <-0.388883, 0.146015, -0.909642,
		-0.609267, 0.699862, 0.372810,
		0.691060, 0.699195, -0.183203,
		25.864016, 35.826607, 39.768631>
	pigment { color rgbt <0,1,1,0> }
	no_shadow
}
cylinder {
	<24.887358, 35.697369, 39.574860>,  <25.380274, 35.337170, 39.896873>, 0.130000
	pigment { color rgbt <1,0,0,0> }
	no_shadow
}

// nucleotide -1

// particle -1
sphere {
	<24.887358, 35.697369, 39.574860> 0.250000
	pigment { color rgbt <1,0,0,0> }
	no_shadow
}
cylinder {
	<25.262318, 35.814373, 39.499264>,  <25.487293, 35.884575, 39.453907>, 0.100000
	pigment { color rgbt <1,0,0,0> }
	no_shadow
}
cylinder {
	<25.262318, 35.814373, 39.499264>,  <24.887358, 35.697369, 39.574860>, 0.100000
	pigment { color rgbt <1,0,0,0> }
	no_shadow
}

// particle -1
sphere {
	<25.262318, 35.814373, 39.499264> 0.100000
	pigment { color rgbt <1,0,0,0> }
	no_shadow
}
sphere {
	0, 1
	scale<0.080000,0.200000,0.300000>
	matrix <-0.305694, 0.431162, -0.848911,
		-0.166834, 0.853542, 0.493592,
		0.937399, 0.292516, -0.188990,
		25.543537, 35.902126, 39.442566>
	pigment { color rgbt <0,1,1,0> }
	no_shadow
}
cylinder {
	<24.682566, 36.338249, 39.247520>,  <24.887358, 35.697369, 39.574860>, 0.130000
	pigment { color rgbt <1,0,0,0> }
	no_shadow
}

// nucleotide -1

// particle -1
sphere {
	<24.682566, 36.338249, 39.247520> 0.250000
	pigment { color rgbt <1,0,0,0> }
	no_shadow
}
cylinder {
	<25.058531, 36.215645, 39.187366>,  <25.284109, 36.142082, 39.151276>, 0.100000
	pigment { color rgbt <1,0,0,0> }
	no_shadow
}
cylinder {
	<25.058531, 36.215645, 39.187366>,  <24.682566, 36.338249, 39.247520>, 0.100000
	pigment { color rgbt <1,0,0,0> }
	no_shadow
}

// particle -1
sphere {
	<25.058531, 36.215645, 39.187366> 0.100000
	pigment { color rgbt <1,0,0,0> }
	no_shadow
}
sphere {
	0, 1
	scale<0.080000,0.200000,0.300000>
	matrix <-0.003401, 0.432033, -0.901851,
		0.341398, 0.848173, 0.405031,
		0.939913, -0.306512, -0.150380,
		25.340504, 36.123692, 39.142254>
	pigment { color rgbt <0,1,1,0> }
	no_shadow
}
cylinder {
	<25.077633, 36.869843, 38.922539>,  <24.682566, 36.338249, 39.247520>, 0.130000
	pigment { color rgbt <1,0,0,0> }
	no_shadow
}

// nucleotide -1

// particle -1
sphere {
	<25.077633, 36.869843, 38.922539> 0.250000
	pigment { color rgbt <1,0,0,0> }
	no_shadow
}
cylinder {
	<25.247353, 36.520733, 38.826015>,  <25.349184, 36.311268, 38.768101>, 0.100000
	pigment { color rgbt <1,0,0,0> }
	no_shadow
}
cylinder {
	<25.247353, 36.520733, 38.826015>,  <25.077633, 36.869843, 38.922539>, 0.100000
	pigment { color rgbt <1,0,0,0> }
	no_shadow
}

// particle -1
sphere {
	<25.247353, 36.520733, 38.826015> 0.100000
	pigment { color rgbt <1,0,0,0> }
	no_shadow
}
sphere {
	0, 1
	scale<0.080000,0.200000,0.300000>
	matrix <0.219798, 0.357780, -0.907569,
		0.878442, 0.332041, 0.343641,
		0.424298, -0.872778, -0.241307,
		25.374641, 36.258900, 38.753624>
	pigment { color rgbt <0,1,1,0> }
	no_shadow
}
cylinder {
	<25.617727, 37.029823, 38.556599>,  <25.077633, 36.869843, 38.922539>, 0.130000
	pigment { color rgbt <1,0,0,0> }
	no_shadow
}

// nucleotide -1

// particle -1
sphere {
	<25.617727, 37.029823, 38.556599> 0.250000
	pigment { color rgbt <1,0,0,0> }
	no_shadow
}
cylinder {
	<25.560465, 36.650551, 38.443134>,  <25.526108, 36.422989, 38.375057>, 0.100000
	pigment { color rgbt <1,0,0,0> }
	no_shadow
}
cylinder {
	<25.560465, 36.650551, 38.443134>,  <25.617727, 37.029823, 38.556599>, 0.100000
	pigment { color rgbt <1,0,0,0> }
	no_shadow
}

// particle -1
sphere {
	<25.560465, 36.650551, 38.443134> 0.100000
	pigment { color rgbt <1,0,0,0> }
	no_shadow
}
sphere {
	0, 1
	scale<0.080000,0.200000,0.300000>
	matrix <0.244454, 0.243857, -0.938497,
		0.959036, -0.203692, 0.196877,
		-0.143154, -0.948179, -0.283660,
		25.517519, 36.366096, 38.358036>
	pigment { color rgbt <0,1,1,0> }
	no_shadow
}
cylinder {
	<26.147230, 37.001343, 37.994236>,  <25.617727, 37.029823, 38.556599>, 0.130000
	pigment { color rgbt <1,0,0,0> }
	no_shadow
}

// nucleotide -1

// particle -1
sphere {
	<26.147230, 37.001343, 37.994236> 0.250000
	pigment { color rgbt <1,0,0,0> }
	no_shadow
}
cylinder {
	<25.883663, 36.703518, 37.951431>,  <25.725523, 36.524822, 37.925747>, 0.100000
	pigment { color rgbt <1,0,0,0> }
	no_shadow
}
cylinder {
	<25.883663, 36.703518, 37.951431>,  <26.147230, 37.001343, 37.994236>, 0.100000
	pigment { color rgbt <1,0,0,0> }
	no_shadow
}

// particle -1
sphere {
	<25.883663, 36.703518, 37.951431> 0.100000
	pigment { color rgbt <1,0,0,0> }
	no_shadow
}
sphere {
	0, 1
	scale<0.080000,0.200000,0.300000>
	matrix <0.189543, -0.026670, -0.981510,
		0.727943, -0.667018, 0.158700,
		-0.658917, -0.744564, -0.107014,
		25.685987, 36.480148, 37.919327>
	pigment { color rgbt <0,1,1,0> }
	no_shadow
}
cylinder {
	<26.492310, 36.507000, 37.488361>,  <26.147230, 37.001343, 37.994236>, 0.130000
	pigment { color rgbt <1,0,0,0> }
	no_shadow
}

// nucleotide -1

// particle -1
sphere {
	<26.492310, 36.507000, 37.488361> 0.250000
	pigment { color rgbt <1,0,0,0> }
	no_shadow
}
cylinder {
	<26.117277, 36.367989, 37.483219>,  <25.892258, 36.284580, 37.480133>, 0.100000
	pigment { color rgbt <1,0,0,0> }
	no_shadow
}
cylinder {
	<26.117277, 36.367989, 37.483219>,  <26.492310, 36.507000, 37.488361>, 0.100000
	pigment { color rgbt <1,0,0,0> }
	no_shadow
}

// particle -1
sphere {
	<26.117277, 36.367989, 37.483219> 0.100000
	pigment { color rgbt <1,0,0,0> }
	no_shadow
}
sphere {
	0, 1
	scale<0.080000,0.200000,0.300000>
	matrix <0.042779, -0.078560, -0.995991,
		0.345129, -0.934371, 0.088524,
		-0.937580, -0.347533, -0.012858,
		25.836002, 36.263729, 37.479362>
	pigment { color rgbt <0,1,1,0> }
	no_shadow
}
cylinder {
	<26.438423, 35.916451, 37.043159>,  <26.492310, 36.507000, 37.488361>, 0.130000
	pigment { color rgbt <1,0,0,0> }
	no_shadow
}

// nucleotide -1

// particle -1
sphere {
	<26.438423, 35.916451, 37.043159> 0.250000
	pigment { color rgbt <1,0,0,0> }
	no_shadow
}
cylinder {
	<26.058590, 36.040482, 37.061668>,  <25.830690, 36.114899, 37.072773>, 0.100000
	pigment { color rgbt <1,0,0,0> }
	no_shadow
}
cylinder {
	<26.058590, 36.040482, 37.061668>,  <26.438423, 35.916451, 37.043159>, 0.100000
	pigment { color rgbt <1,0,0,0> }
	no_shadow
}

// particle -1
sphere {
	<26.058590, 36.040482, 37.061668> 0.100000
	pigment { color rgbt <1,0,0,0> }
	no_shadow
}
sphere {
	0, 1
	scale<0.080000,0.200000,0.300000>
	matrix <-0.069612, -0.064630, -0.995478,
		-0.305687, -0.948511, 0.082957,
		-0.949584, 0.310079, 0.046272,
		25.773714, 36.133507, 37.075550>
	pigment { color rgbt <0,1,1,0> }
	no_shadow
}
cylinder {
	<25.963659, 35.436142, 36.844090>,  <26.438423, 35.916451, 37.043159>, 0.130000
	pigment { color rgbt <1,0,0,0> }
	no_shadow
}

// nucleotide -1

// particle -1
sphere {
	<25.963659, 35.436142, 36.844090> 0.250000
	pigment { color rgbt <1,0,0,0> }
	no_shadow
}
cylinder {
	<25.819973, 35.794960, 36.741108>,  <25.733761, 36.010250, 36.679321>, 0.100000
	pigment { color rgbt <1,0,0,0> }
	no_shadow
}
cylinder {
	<25.819973, 35.794960, 36.741108>,  <25.963659, 35.436142, 36.844090>, 0.100000
	pigment { color rgbt <1,0,0,0> }
	no_shadow
}

// particle -1
sphere {
	<25.819973, 35.794960, 36.741108> 0.100000
	pigment { color rgbt <1,0,0,0> }
	no_shadow
}
sphere {
	0, 1
	scale<0.080000,0.200000,0.300000>
	matrix <0.051538, -0.256376, -0.965202,
		-0.931831, -0.359982, 0.045862,
		-0.359214, 0.897042, -0.257452,
		25.712210, 36.064072, 36.663872>
	pigment { color rgbt <0,1,1,0> }
	no_shadow
}
cylinder {
	<25.190468, 35.167564, 36.616997>,  <25.963659, 35.436142, 36.844090>, 0.130000
	pigment { color rgbt <1,0,0,0> }
	no_shadow
}

// nucleotide -1

// particle -1
sphere {
	<25.190468, 35.167564, 36.616997> 0.250000
	pigment { color rgbt <1,0,0,0> }
	no_shadow
}
cylinder {
	<25.032602, 35.484524, 36.803051>,  <24.937883, 35.674698, 36.914684>, 0.100000
	pigment { color rgbt <1,0,0,0> }
	no_shadow
}
cylinder {
	<25.032602, 35.484524, 36.803051>,  <25.190468, 35.167564, 36.616997>, 0.100000
	pigment { color rgbt <1,0,0,0> }
	no_shadow
}

// particle -1
sphere {
	<25.032602, 35.484524, 36.803051> 0.100000
	pigment { color rgbt <1,0,0,0> }
	no_shadow
}
sphere {
	0, 1
	scale<0.080000,0.200000,0.300000>
	matrix <-0.246254, 0.396489, -0.884395,
		-0.885211, -0.463581, 0.038650,
		-0.394665, 0.792394, 0.465135,
		24.914204, 35.722240, 36.942593>
	pigment { color rgbt <0,1,1,0> }
	no_shadow
}
cylinder {
	<24.621222, 35.263905, 36.257526>,  <25.190468, 35.167564, 36.616997>, 0.130000
	pigment { color rgbt <1,0,0,0> }
	no_shadow
}

// nucleotide -1

// particle -1
sphere {
	<24.621222, 35.263905, 36.257526> 0.250000
	pigment { color rgbt <1,0,0,0> }
	no_shadow
}
cylinder {
	<24.731892, 35.602261, 36.439919>,  <24.798294, 35.805275, 36.549355>, 0.100000
	pigment { color rgbt <1,0,0,0> }
	no_shadow
}
cylinder {
	<24.731892, 35.602261, 36.439919>,  <24.621222, 35.263905, 36.257526>, 0.100000
	pigment { color rgbt <1,0,0,0> }
	no_shadow
}

// particle -1
sphere {
	<24.731892, 35.602261, 36.439919> 0.100000
	pigment { color rgbt <1,0,0,0> }
	no_shadow
}
sphere {
	0, 1
	scale<0.080000,0.200000,0.300000>
	matrix <-0.227413, 0.518656, -0.824184,
		-0.933667, 0.124337, 0.335867,
		0.276676, 0.845894, 0.455976,
		24.814894, 35.856030, 36.576710>
	pigment { color rgbt <0,1,1,0> }
	no_shadow
}
cylinder {
	<23.988071, 35.728809, 36.304203>,  <24.621222, 35.263905, 36.257526>, 0.130000
	pigment { color rgbt <1,0,0,0> }
	no_shadow
}

// nucleotide -1

// particle -1
sphere {
	<23.988071, 35.728809, 36.304203> 0.250000
	pigment { color rgbt <1,0,0,0> }
	no_shadow
}
cylinder {
	<24.342455, 35.913383, 36.322773>,  <24.555084, 36.024128, 36.333916>, 0.100000
	pigment { color rgbt <1,0,0,0> }
	no_shadow
}
cylinder {
	<24.342455, 35.913383, 36.322773>,  <23.988071, 35.728809, 36.304203>, 0.100000
	pigment { color rgbt <1,0,0,0> }
	no_shadow
}

// particle -1
sphere {
	<24.342455, 35.913383, 36.322773> 0.100000
	pigment { color rgbt <1,0,0,0> }
	no_shadow
}
sphere {
	0, 1
	scale<0.080000,0.200000,0.300000>
	matrix <-0.281867, 0.615254, -0.736216,
		-0.368283, 0.639168, 0.675153,
		0.885956, 0.461439, 0.046428,
		24.608242, 36.051815, 36.336700>
	pigment { color rgbt <0,1,1,0> }
	no_shadow
}
cylinder {
	<23.886192, 36.508781, 36.240208>,  <23.988071, 35.728809, 36.304203>, 0.130000
	pigment { color rgbt <1,0,0,0> }
	no_shadow
}

// nucleotide -1

// particle -1
sphere {
	<23.886192, 36.508781, 36.240208> 0.250000
	pigment { color rgbt <1,0,0,0> }
	no_shadow
}
cylinder {
	<24.252131, 36.402637, 36.118462>,  <24.471693, 36.338951, 36.045414>, 0.100000
	pigment { color rgbt <1,0,0,0> }
	no_shadow
}
cylinder {
	<24.252131, 36.402637, 36.118462>,  <23.886192, 36.508781, 36.240208>, 0.100000
	pigment { color rgbt <1,0,0,0> }
	no_shadow
}

// particle -1
sphere {
	<24.252131, 36.402637, 36.118462> 0.100000
	pigment { color rgbt <1,0,0,0> }
	no_shadow
}
sphere {
	0, 1
	scale<0.080000,0.200000,0.300000>
	matrix <-0.137318, 0.504393, -0.852485,
		0.379735, 0.821689, 0.425004,
		0.914847, -0.265358, -0.304368,
		24.526585, 36.323029, 36.027149>
	pigment { color rgbt <0,1,1,0> }
	no_shadow
}
cylinder {
	<24.127398, 37.108810, 35.896603>,  <23.886192, 36.508781, 36.240208>, 0.130000
	pigment { color rgbt <1,0,0,0> }
	no_shadow
}

// nucleotide -1

// particle -1
sphere {
	<24.127398, 37.108810, 35.896603> 0.250000
	pigment { color rgbt <1,0,0,0> }
	no_shadow
}
cylinder {
	<24.378611, 36.828953, 35.760326>,  <24.529339, 36.661037, 35.678562>, 0.100000
	pigment { color rgbt <1,0,0,0> }
	no_shadow
}
cylinder {
	<24.378611, 36.828953, 35.760326>,  <24.127398, 37.108810, 35.896603>, 0.100000
	pigment { color rgbt <1,0,0,0> }
	no_shadow
}

// particle -1
sphere {
	<24.378611, 36.828953, 35.760326> 0.100000
	pigment { color rgbt <1,0,0,0> }
	no_shadow
}
sphere {
	0, 1
	scale<0.080000,0.200000,0.300000>
	matrix <-0.137442, 0.331193, -0.933499,
		0.765953, 0.633094, 0.111839,
		0.628033, -0.699645, -0.340692,
		24.567020, 36.619061, 35.658119>
	pigment { color rgbt <0,1,1,0> }
	no_shadow
}
cylinder {
	<24.613588, 37.458797, 35.435059>,  <24.127398, 37.108810, 35.896603>, 0.130000
	pigment { color rgbt <1,0,0,0> }
	no_shadow
}

// nucleotide -1

// particle -1
sphere {
	<24.613588, 37.458797, 35.435059> 0.250000
	pigment { color rgbt <1,0,0,0> }
	no_shadow
}
cylinder {
	<24.593311, 37.071735, 35.336212>,  <24.581144, 36.839497, 35.276905>, 0.100000
	pigment { color rgbt <1,0,0,0> }
	no_shadow
}
cylinder {
	<24.593311, 37.071735, 35.336212>,  <24.613588, 37.458797, 35.435059>, 0.100000
	pigment { color rgbt <1,0,0,0> }
	no_shadow
}

// particle -1
sphere {
	<24.593311, 37.071735, 35.336212> 0.100000
	pigment { color rgbt <1,0,0,0> }
	no_shadow
}
sphere {
	0, 1
	scale<0.080000,0.200000,0.300000>
	matrix <-0.017710, 0.248266, -0.968530,
		0.998557, -0.044722, -0.029723,
		-0.050694, -0.967659, -0.247116,
		24.578104, 36.781437, 35.262077>
	pigment { color rgbt <0,1,1,0> }
	no_shadow
}
cylinder {
	<25.093187, 37.628025, 34.928528>,  <24.613588, 37.458797, 35.435059>, 0.130000
	pigment { color rgbt <1,0,0,0> }
	no_shadow
}

// nucleotide -1

// particle -1
sphere {
	<25.093187, 37.628025, 34.928528> 0.250000
	pigment { color rgbt <1,0,0,0> }
	no_shadow
}
cylinder {
	<25.491404, 37.653751, 34.956135>,  <25.730333, 37.669186, 34.972698>, 0.100000
	pigment { color rgbt <1,0,0,0> }
	no_shadow
}
cylinder {
	<25.491404, 37.653751, 34.956135>,  <25.093187, 37.628025, 34.928528>, 0.100000
	pigment { color rgbt <1,0,0,0> }
	no_shadow
}

// particle -1
sphere {
	<25.491404, 37.653751, 34.956135> 0.100000
	pigment { color rgbt <1,0,0,0> }
	no_shadow
}
sphere {
	0, 1
	scale<0.080000,0.200000,0.300000>
	matrix <-0.090799, 0.454593, 0.886059,
		0.025610, -0.888374, 0.458405,
		0.995540, 0.064314, 0.069022,
		25.790066, 37.673046, 34.976841>
	pigment { color rgbt <0,1,1,0> }
	no_shadow
}
cylinder {
	<25.391127, 37.141983, 35.492767>,  <25.093187, 37.628025, 34.928528>, 0.130000
	pigment { color rgbt <1,0,0,0> }
	no_shadow
}

// nucleotide -1

// particle -1
sphere {
	<25.391127, 37.141983, 35.492767> 0.250000
	pigment { color rgbt <1,0,0,0> }
	no_shadow
}
cylinder {
	<25.599316, 37.469299, 35.395191>,  <25.724230, 37.665688, 35.336647>, 0.100000
	pigment { color rgbt <1,0,0,0> }
	no_shadow
}
cylinder {
	<25.599316, 37.469299, 35.395191>,  <25.391127, 37.141983, 35.492767>, 0.100000
	pigment { color rgbt <1,0,0,0> }
	no_shadow
}

// particle -1
sphere {
	<25.599316, 37.469299, 35.395191> 0.100000
	pigment { color rgbt <1,0,0,0> }
	no_shadow
}
sphere {
	0, 1
	scale<0.080000,0.200000,0.300000>
	matrix <-0.162781, 0.375533, 0.912402,
		0.838219, -0.435171, 0.328657,
		0.520472, 0.818292, -0.243941,
		25.755457, 37.714787, 35.322010>
	pigment { color rgbt <0,1,1,0> }
	no_shadow
}
cylinder {
	<25.506433, 37.403404, 36.198563>,  <25.391127, 37.141983, 35.492767>, 0.130000
	pigment { color rgbt <1,0,0,0> }
	no_shadow
}

// nucleotide -1

// particle -1
sphere {
	<25.506433, 37.403404, 36.198563> 0.250000
	pigment { color rgbt <1,0,0,0> }
	no_shadow
}
cylinder {
	<25.652937, 37.712883, 35.991779>,  <25.740839, 37.898571, 35.867710>, 0.100000
	pigment { color rgbt <1,0,0,0> }
	no_shadow
}
cylinder {
	<25.652937, 37.712883, 35.991779>,  <25.506433, 37.403404, 36.198563>, 0.100000
	pigment { color rgbt <1,0,0,0> }
	no_shadow
}

// particle -1
sphere {
	<25.652937, 37.712883, 35.991779> 0.100000
	pigment { color rgbt <1,0,0,0> }
	no_shadow
}
sphere {
	0, 1
	scale<0.080000,0.200000,0.300000>
	matrix <-0.050045, 0.571134, 0.819330,
		0.929166, -0.274217, 0.247904,
		0.366260, 0.773700, -0.516955,
		25.762815, 37.944992, 35.836693>
	pigment { color rgbt <0,1,1,0> }
	no_shadow
}
cylinder {
	<26.020557, 37.697765, 36.650688>,  <25.506433, 37.403404, 36.198563>, 0.130000
	pigment { color rgbt <1,0,0,0> }
	no_shadow
}

// nucleotide -1

// particle -1
sphere {
	<26.020557, 37.697765, 36.650688> 0.250000
	pigment { color rgbt <1,0,0,0> }
	no_shadow
}
cylinder {
	<25.921583, 37.979553, 36.384605>,  <25.862198, 38.148624, 36.224957>, 0.100000
	pigment { color rgbt <1,0,0,0> }
	no_shadow
}
cylinder {
	<25.921583, 37.979553, 36.384605>,  <26.020557, 37.697765, 36.650688>, 0.100000
	pigment { color rgbt <1,0,0,0> }
	no_shadow
}

// particle -1
sphere {
	<25.921583, 37.979553, 36.384605> 0.100000
	pigment { color rgbt <1,0,0,0> }
	no_shadow
}
sphere {
	0, 1
	scale<0.080000,0.200000,0.300000>
	matrix <-0.185937, 0.639269, 0.746165,
		0.950896, 0.308314, -0.027192,
		-0.247436, 0.704469, -0.665206,
		25.847353, 38.190895, 36.185043>
	pigment { color rgbt <0,1,1,0> }
	no_shadow
}
cylinder {
	<26.396219, 38.273102, 36.798378>,  <26.020557, 37.697765, 36.650688>, 0.130000
	pigment { color rgbt <1,0,0,0> }
	no_shadow
}

// nucleotide -1

// particle -1
sphere {
	<26.396219, 38.273102, 36.798378> 0.250000
	pigment { color rgbt <1,0,0,0> }
	no_shadow
}
cylinder {
	<26.069242, 38.395004, 36.602863>,  <25.873056, 38.468147, 36.485554>, 0.100000
	pigment { color rgbt <1,0,0,0> }
	no_shadow
}
cylinder {
	<26.069242, 38.395004, 36.602863>,  <26.396219, 38.273102, 36.798378>, 0.100000
	pigment { color rgbt <1,0,0,0> }
	no_shadow
}

// particle -1
sphere {
	<26.069242, 38.395004, 36.602863> 0.100000
	pigment { color rgbt <1,0,0,0> }
	no_shadow
}
sphere {
	0, 1
	scale<0.080000,0.200000,0.300000>
	matrix <-0.231499, 0.603198, 0.763257,
		0.527444, 0.737071, -0.422527,
		-0.817442, 0.304761, -0.488784,
		25.824009, 38.486431, 36.456226>
	pigment { color rgbt <0,1,1,0> }
	no_shadow
}
cylinder {
	<26.361807, 38.929417, 36.954140>,  <26.396219, 38.273102, 36.798378>, 0.130000
	pigment { color rgbt <1,0,0,0> }
	no_shadow
}

// nucleotide -1

// particle -1
sphere {
	<26.361807, 38.929417, 36.954140> 0.250000
	pigment { color rgbt <1,0,0,0> }
	no_shadow
}
cylinder {
	<25.982000, 38.850407, 36.856655>,  <25.754116, 38.803001, 36.798164>, 0.100000
	pigment { color rgbt <1,0,0,0> }
	no_shadow
}
cylinder {
	<25.982000, 38.850407, 36.856655>,  <26.361807, 38.929417, 36.954140>, 0.100000
	pigment { color rgbt <1,0,0,0> }
	no_shadow
}

// particle -1
sphere {
	<25.982000, 38.850407, 36.856655> 0.100000
	pigment { color rgbt <1,0,0,0> }
	no_shadow
}
sphere {
	0, 1
	scale<0.080000,0.200000,0.300000>
	matrix <-0.313669, 0.584892, 0.748006,
		-0.005206, 0.786691, -0.617324,
		-0.949518, -0.197530, -0.243716,
		25.697145, 38.791149, 36.783539>
	pigment { color rgbt <0,1,1,0> }
	no_shadow
}
cylinder {
	<26.046015, 39.478451, 37.192226>,  <26.361807, 38.929417, 36.954140>, 0.130000
	pigment { color rgbt <1,0,0,0> }
	no_shadow
}

// nucleotide -1

// particle -1
sphere {
	<26.046015, 39.478451, 37.192226> 0.250000
	pigment { color rgbt <1,0,0,0> }
	no_shadow
}
cylinder {
	<25.713047, 39.269833, 37.117325>,  <25.513266, 39.144661, 37.072384>, 0.100000
	pigment { color rgbt <1,0,0,0> }
	no_shadow
}
cylinder {
	<25.713047, 39.269833, 37.117325>,  <26.046015, 39.478451, 37.192226>, 0.100000
	pigment { color rgbt <1,0,0,0> }
	no_shadow
}

// particle -1
sphere {
	<25.713047, 39.269833, 37.117325> 0.100000
	pigment { color rgbt <1,0,0,0> }
	no_shadow
}
sphere {
	0, 1
	scale<0.080000,0.200000,0.300000>
	matrix <-0.534581, 0.666786, 0.519249,
		-0.145954, 0.532337, -0.833856,
		-0.832419, -0.521550, -0.187257,
		25.463322, 39.113369, 37.061146>
	pigment { color rgbt <0,1,1,0> }
	no_shadow
}
cylinder {
	<25.552401, 39.965405, 36.963432>,  <26.046015, 39.478451, 37.192226>, 0.130000
	pigment { color rgbt <1,0,0,0> }
	no_shadow
}

// nucleotide -1

// particle -1
sphere {
	<25.552401, 39.965405, 36.963432> 0.250000
	pigment { color rgbt <1,0,0,0> }
	no_shadow
}
cylinder {
	<25.381001, 39.644772, 37.130219>,  <25.278160, 39.452393, 37.230289>, 0.100000
	pigment { color rgbt <1,0,0,0> }
	no_shadow
}
cylinder {
	<25.381001, 39.644772, 37.130219>,  <25.552401, 39.965405, 36.963432>, 0.100000
	pigment { color rgbt <1,0,0,0> }
	no_shadow
}

// particle -1
sphere {
	<25.381001, 39.644772, 37.130219> 0.100000
	pigment { color rgbt <1,0,0,0> }
	no_shadow
}
sphere {
	0, 1
	scale<0.080000,0.200000,0.300000>
	matrix <-0.555451, 0.597671, 0.578155,
		-0.712643, 0.016140, -0.701341,
		-0.428503, -0.801579, 0.416961,
		25.252449, 39.404297, 37.255306>
	pigment { color rgbt <0,1,1,0> }
	no_shadow
}
cylinder {
	<24.847425, 40.065731, 37.036884>,  <25.552401, 39.965405, 36.963432>, 0.130000
	pigment { color rgbt <1,0,0,0> }
	no_shadow
}

// nucleotide -1

// particle -1
sphere {
	<24.847425, 40.065731, 37.036884> 0.250000
	pigment { color rgbt <1,0,0,0> }
	no_shadow
}
cylinder {
	<24.926540, 39.782890, 37.308437>,  <24.974010, 39.613186, 37.471371>, 0.100000
	pigment { color rgbt <1,0,0,0> }
	no_shadow
}
cylinder {
	<24.926540, 39.782890, 37.308437>,  <24.847425, 40.065731, 37.036884>, 0.100000
	pigment { color rgbt <1,0,0,0> }
	no_shadow
}

// particle -1
sphere {
	<24.926540, 39.782890, 37.308437> 0.100000
	pigment { color rgbt <1,0,0,0> }
	no_shadow
}
sphere {
	0, 1
	scale<0.080000,0.200000,0.300000>
	matrix <-0.365621, 0.589369, 0.720393,
		-0.909506, -0.390698, -0.141963,
		0.197788, -0.707106, 0.678882,
		24.985876, 39.570759, 37.512100>
	pigment { color rgbt <0,1,1,0> }
	no_shadow
}
cylinder {
	<24.267384, 39.874638, 37.482529>,  <24.847425, 40.065731, 37.036884>, 0.130000
	pigment { color rgbt <1,0,0,0> }
	no_shadow
}

// nucleotide -1

// particle -1
sphere {
	<24.267384, 39.874638, 37.482529> 0.250000
	pigment { color rgbt <1,0,0,0> }
	no_shadow
}
cylinder {
	<24.603477, 39.800644, 37.686405>,  <24.805134, 39.756248, 37.808731>, 0.100000
	pigment { color rgbt <1,0,0,0> }
	no_shadow
}
cylinder {
	<24.603477, 39.800644, 37.686405>,  <24.267384, 39.874638, 37.482529>, 0.100000
	pigment { color rgbt <1,0,0,0> }
	no_shadow
}

// particle -1
sphere {
	<24.603477, 39.800644, 37.686405> 0.100000
	pigment { color rgbt <1,0,0,0> }
	no_shadow
}
sphere {
	0, 1
	scale<0.080000,0.200000,0.300000>
	matrix <-0.290863, 0.639542, 0.711607,
		-0.457610, -0.746167, 0.483558,
		0.840233, -0.184989, 0.509694,
		24.855547, 39.745148, 37.839314>
	pigment { color rgbt <0,1,1,0> }
	no_shadow
}
cylinder {
	<24.050758, 39.743416, 38.155457>,  <24.267384, 39.874638, 37.482529>, 0.130000
	pigment { color rgbt <1,0,0,0> }
	no_shadow
}

// nucleotide -1

// particle -1
sphere {
	<24.050758, 39.743416, 38.155457> 0.250000
	pigment { color rgbt <1,0,0,0> }
	no_shadow
}
cylinder {
	<24.400148, 39.919525, 38.072315>,  <24.609781, 40.025192, 38.022430>, 0.100000
	pigment { color rgbt <1,0,0,0> }
	no_shadow
}
cylinder {
	<24.400148, 39.919525, 38.072315>,  <24.050758, 39.743416, 38.155457>, 0.100000
	pigment { color rgbt <1,0,0,0> }
	no_shadow
}

// particle -1
sphere {
	<24.400148, 39.919525, 38.072315> 0.100000
	pigment { color rgbt <1,0,0,0> }
	no_shadow
}
sphere {
	0, 1
	scale<0.080000,0.200000,0.300000>
	matrix <-0.315744, 0.837213, 0.446520,
		0.370605, -0.324397, 0.870298,
		0.873474, 0.440274, -0.207850,
		24.662191, 40.051609, 38.009960>
	pigment { color rgbt <0,1,1,0> }
	no_shadow
}
cylinder {
	<24.362196, 40.086967, 38.794594>,  <24.050758, 39.743416, 38.155457>, 0.130000
	pigment { color rgbt <1,0,0,0> }
	no_shadow
}

// nucleotide -1

// particle -1
sphere {
	<24.362196, 40.086967, 38.794594> 0.250000
	pigment { color rgbt <1,0,0,0> }
	no_shadow
}
cylinder {
	<24.473574, 40.283451, 38.464458>,  <24.540400, 40.401340, 38.266376>, 0.100000
	pigment { color rgbt <1,0,0,0> }
	no_shadow
}
cylinder {
	<24.473574, 40.283451, 38.464458>,  <24.362196, 40.086967, 38.794594>, 0.100000
	pigment { color rgbt <1,0,0,0> }
	no_shadow
}

// particle -1
sphere {
	<24.473574, 40.283451, 38.464458> 0.100000
	pigment { color rgbt <1,0,0,0> }
	no_shadow
}
sphere {
	0, 1
	scale<0.080000,0.200000,0.300000>
	matrix <-0.055428, 0.866107, 0.496776,
		0.958852, -0.092577, 0.268389,
		0.278443, 0.491210, -0.825337,
		24.557106, 40.430813, 38.216858>
	pigment { color rgbt <0,1,1,0> }
	no_shadow
}
cylinder {
	<25.064056, 40.306019, 38.724545>,  <24.362196, 40.086967, 38.794594>, 0.130000
	pigment { color rgbt <1,0,0,0> }
	no_shadow
}

// nucleotide -1

// particle -1
sphere {
	<25.064056, 40.306019, 38.724545> 0.250000
	pigment { color rgbt <1,0,0,0> }
	no_shadow
}
cylinder {
	<25.001429, 39.921768, 38.816357>,  <24.963852, 39.691219, 38.871445>, 0.100000
	pigment { color rgbt <1,0,0,0> }
	no_shadow
}
cylinder {
	<25.001429, 39.921768, 38.816357>,  <25.064056, 40.306019, 38.724545>, 0.100000
	pigment { color rgbt <1,0,0,0> }
	no_shadow
}

// particle -1
sphere {
	<25.001429, 39.921768, 38.816357> 0.100000
	pigment { color rgbt <1,0,0,0> }
	no_shadow
}
sphere {
	0, 1
	scale<0.080000,0.200000,0.300000>
	matrix <-0.150342, -0.206506, -0.966826,
		0.976157, -0.185882, -0.112090,
		-0.156569, -0.960626, 0.229528,
		24.954458, 39.633579, 38.885216>
	pigment { color rgbt <0,1,1,0> }
	no_shadow
}
cylinder {
	<25.567976, 39.697235, 38.511971>,  <25.064056, 40.306019, 38.724545>, 0.130000
	pigment { color rgbt <1,0,0,0> }
	no_shadow
}

// nucleotide -1

// particle -1
sphere {
	<25.567976, 39.697235, 38.511971> 0.250000
	pigment { color rgbt <1,0,0,0> }
	no_shadow
}
cylinder {
	<25.180914, 39.599400, 38.536697>,  <24.948677, 39.540699, 38.551533>, 0.100000
	pigment { color rgbt <1,0,0,0> }
	no_shadow
}
cylinder {
	<25.180914, 39.599400, 38.536697>,  <25.567976, 39.697235, 38.511971>, 0.100000
	pigment { color rgbt <1,0,0,0> }
	no_shadow
}

// particle -1
sphere {
	<25.180914, 39.599400, 38.536697> 0.100000
	pigment { color rgbt <1,0,0,0> }
	no_shadow
}
sphere {
	0, 1
	scale<0.080000,0.200000,0.300000>
	matrix <0.044879, -0.408013, -0.911872,
		0.248254, -0.879603, 0.405793,
		-0.967655, -0.244588, 0.061815,
		24.890617, 39.526024, 38.555241>
	pigment { color rgbt <0,1,1,0> }
	no_shadow
}
cylinder {
	<25.455832, 38.922935, 38.563694>,  <25.567976, 39.697235, 38.511971>, 0.130000
	pigment { color rgbt <1,0,0,0> }
	no_shadow
}

// nucleotide -1

// particle -1
sphere {
	<25.455832, 38.922935, 38.563694> 0.250000
	pigment { color rgbt <1,0,0,0> }
	no_shadow
}
cylinder {
	<25.189165, 39.138065, 38.357277>,  <25.029165, 39.267143, 38.233425>, 0.100000
	pigment { color rgbt <1,0,0,0> }
	no_shadow
}
cylinder {
	<25.189165, 39.138065, 38.357277>,  <25.455832, 38.922935, 38.563694>, 0.100000
	pigment { color rgbt <1,0,0,0> }
	no_shadow
}

// particle -1
sphere {
	<25.189165, 39.138065, 38.357277> 0.100000
	pigment { color rgbt <1,0,0,0> }
	no_shadow
}
sphere {
	0, 1
	scale<0.080000,0.200000,0.300000>
	matrix <0.193807, -0.543455, -0.816759,
