// switches for output
#declare DRAW_BASES = 1; // possible values are 0, 1; only relevant for DNA ribbons
#declare DRAW_BASES_TYPE = 3; // possible values are 1, 2, 3; only relevant for DNA ribbons
#declare DRAW_FOG = 0; // set to 1 to enable fog

#include "colors.inc"

#include "transforms.inc"
background { rgb <1, 1, 1>}

#default {
   normal{
       ripples 0.25
       frequency 0.20
       turbulence 0.2
       lambda 5
   }
	finish {
		phong 0.1
		phong_size 40.
	}
}

// original window dimensions: 1024x640


// camera settings

camera {
	sky <0, 0.179814, -0.983701>
	up <0, 0.179814, -0.983701>
	right 1.6 * <1, 0, 0>
	location <35, 94.9851, 44.8844>
	look_at <35, 29.7336, 32.9568>
	direction <0, -65.2515, -11.9276>
	angle 67.0682
}


# declare cpy_camera_pos = <35, 94.9851, 44.8844>;
# if (DRAW_FOG = 1)
fog {
	fog_type 2
	up vnormalize(cpy_camera_pos)
	color rgbt<1,1,1,0.3>
	distance 1e-5
	fog_alt 3e-3
	fog_offset 56
}
# end


// LIGHTS

# declare lum = 6;
global_settings {
	ambient_light rgb lum * <0.05, 0.05, 0.05>
	max_trace_level 15
}# declare cpy_direct_light_amount = 0.25;
light_source
{	1000 * <-1, -1.16352, -0.803886>,
	rgb lum * cpy_direct_light_amount
	parallel
}

light_source
{	1000 * <1, 1.16352, 0.803886>,
	rgb lum * cpy_direct_light_amount
	parallel
}

// strand 0

// nucleotide -1

// particle -1
sphere {
	<23.948652, 34.526367, 34.966297> 0.250000
	pigment { color rgbt <1,0,0,0> }
	no_shadow
}
cylinder {
	<24.101627, 34.895790, 34.955093>,  <24.193413, 35.117443, 34.948372>, 0.100000
	pigment { color rgbt <1,0,0,0> }
	no_shadow
}
cylinder {
	<24.101627, 34.895790, 34.955093>,  <23.948652, 34.526367, 34.966297>, 0.100000
	pigment { color rgbt <1,0,0,0> }
	no_shadow
}

// particle -1
sphere {
	<24.101627, 34.895790, 34.955093> 0.100000
	pigment { color rgbt <1,0,0,0> }
	no_shadow
}
sphere {
	0, 1
	scale<0.080000,0.200000,0.300000>
	matrix <0.191733, -0.049664, 0.980190,
		0.903870, -0.380230, -0.196070,
		0.382436, 0.923558, -0.028013,
		24.216358, 35.172859, 34.946690>
	pigment { color rgbt <0,1,1,0> }
	no_shadow
}
cylinder {
	<24.748091, 34.668243, 35.227409>,  <23.948652, 34.526367, 34.966297>, 0.130000
	pigment { color rgbt <1,0,0,0> }
	no_shadow
}

// nucleotide -1

// particle -1
sphere {
	<24.748091, 34.668243, 35.227409> 0.250000
	pigment { color rgbt <1,0,0,0> }
	no_shadow
}
cylinder {
	<24.490263, 34.966377, 35.295528>,  <24.335567, 35.145260, 35.336399>, 0.100000
	pigment { color rgbt <1,0,0,0> }
	no_shadow
}
cylinder {
	<24.490263, 34.966377, 35.295528>,  <24.748091, 34.668243, 35.227409>, 0.100000
	pigment { color rgbt <1,0,0,0> }
	no_shadow
}

// particle -1
sphere {
	<24.490263, 34.966377, 35.295528> 0.100000
	pigment { color rgbt <1,0,0,0> }
	no_shadow
}
sphere {
	0, 1
	scale<0.080000,0.200000,0.300000>
	matrix <0.028076, -0.199516, 0.979492,
		0.764031, 0.636131, 0.107675,
		-0.644568, 0.745339, 0.170297,
		24.296892, 35.189980, 35.346619>
	pigment { color rgbt <0,1,1,0> }
	no_shadow
}
cylinder {
	<25.390312, 34.542866, 35.603836>,  <24.748091, 34.668243, 35.227409>, 0.130000
	pigment { color rgbt <1,0,0,0> }
	no_shadow
}

// nucleotide -1

// particle -1
sphere {
	<25.390312, 34.542866, 35.603836> 0.250000
	pigment { color rgbt <1,0,0,0> }
	no_shadow
}
cylinder {
	<25.247238, 34.522758, 35.976830>,  <25.161394, 34.510693, 36.200626>, 0.100000
	pigment { color rgbt <1,0,0,0> }
	no_shadow
}
cylinder {
	<25.247238, 34.522758, 35.976830>,  <25.390312, 34.542866, 35.603836>, 0.100000
	pigment { color rgbt <1,0,0,0> }
	no_shadow
}

// particle -1
sphere {
	<25.247238, 34.522758, 35.976830> 0.100000
	pigment { color rgbt <1,0,0,0> }
	no_shadow
}
sphere {
	0, 1
	scale<0.080000,0.200000,0.300000>
	matrix <0.625518, -0.754333, 0.199271,
		0.693389, 0.654564, 0.301260,
		-0.357686, -0.050271, 0.932488,
		25.139933, 34.507675, 36.256577>
	pigment { color rgbt <0,1,1,0> }
	no_shadow
}
cylinder {
	<25.919352, 34.573456, 36.206573>,  <25.390312, 34.542866, 35.603836>, 0.130000
	pigment { color rgbt <1,0,0,0> }
	no_shadow
}

// nucleotide -1

// particle -1
sphere {
	<25.919352, 34.573456, 36.206573> 0.250000
	pigment { color rgbt <1,0,0,0> }
	no_shadow
}
cylinder {
	<25.590654, 34.366837, 36.302830>,  <25.393436, 34.242863, 36.360584>, 0.100000
	pigment { color rgbt <1,0,0,0> }
	no_shadow
}
cylinder {
	<25.590654, 34.366837, 36.302830>,  <25.919352, 34.573456, 36.206573>, 0.100000
	pigment { color rgbt <1,0,0,0> }
	no_shadow
}

// particle -1
sphere {
	<25.590654, 34.366837, 36.302830> 0.100000
	pigment { color rgbt <1,0,0,0> }
	no_shadow
}
sphere {
	0, 1
	scale<0.080000,0.200000,0.300000>
	matrix <0.518376, -0.852986, -0.060837,
		0.236690, 0.074751, 0.968705,
		-0.821745, -0.516553, 0.240642,
		25.344131, 34.211872, 36.375023>
	pigment { color rgbt <0,1,1,0> }
	no_shadow
}
cylinder {
	<26.239380, 33.957977, 36.231285>,  <25.919352, 34.573456, 36.206573>, 0.130000
	pigment { color rgbt <1,0,0,0> }
	no_shadow
}

// nucleotide -1

// particle -1
sphere {
	<26.239380, 33.957977, 36.231285> 0.250000
	pigment { color rgbt <1,0,0,0> }
	no_shadow
}
cylinder {
	<25.846069, 33.887295, 36.248913>,  <25.610083, 33.844883, 36.259487>, 0.100000
	pigment { color rgbt <1,0,0,0> }
	no_shadow
}
cylinder {
	<25.846069, 33.887295, 36.248913>,  <26.239380, 33.957977, 36.231285>, 0.100000
	pigment { color rgbt <1,0,0,0> }
	no_shadow
}

// particle -1
sphere {
	<25.846069, 33.887295, 36.248913> 0.100000
	pigment { color rgbt <1,0,0,0> }
	no_shadow
}
sphere {
	0, 1
	scale<0.080000,0.200000,0.300000>
	matrix <0.157290, -0.945945, -0.283634,
		0.091805, -0.271960, 0.957919,
		-0.983276, -0.176710, 0.044066,
		25.551086, 33.834282, 36.262131>
	pigment { color rgbt <0,1,1,0> }
	no_shadow
}
cylinder {
	<26.019838, 33.450100, 36.731617>,  <26.239380, 33.957977, 36.231285>, 0.130000
	pigment { color rgbt <1,0,0,0> }
	no_shadow
}

// nucleotide -1

// particle -1
sphere {
	<26.019838, 33.450100, 36.731617> 0.250000
	pigment { color rgbt <1,0,0,0> }
	no_shadow
}
cylinder {
	<25.754732, 33.441036, 36.432224>,  <25.595669, 33.435596, 36.252586>, 0.100000
	pigment { color rgbt <1,0,0,0> }
	no_shadow
}
cylinder {
	<25.754732, 33.441036, 36.432224>,  <26.019838, 33.450100, 36.731617>, 0.100000
	pigment { color rgbt <1,0,0,0> }
	no_shadow
}

// particle -1
sphere {
	<25.754732, 33.441036, 36.432224> 0.100000
	pigment { color rgbt <1,0,0,0> }
	no_shadow
}
sphere {
	0, 1
	scale<0.080000,0.200000,0.300000>
	matrix <0.135395, -0.986694, -0.090017,
		-0.736485, -0.161001, 0.657015,
		-0.662766, -0.022660, -0.748484,
		25.555902, 33.434238, 36.207680>
	pigment { color rgbt <0,1,1,0> }
	no_shadow
}
cylinder {
	<25.885191, 32.862183, 37.091030>,  <26.019838, 33.450100, 36.731617>, 0.130000
	pigment { color rgbt <1,0,0,0> }
	no_shadow
}

// nucleotide -1

// particle -1
sphere {
	<25.885191, 32.862183, 37.091030> 0.250000
	pigment { color rgbt <1,0,0,0> }
	no_shadow
}
cylinder {
	<26.235867, 32.733768, 37.234333>,  <26.446272, 32.656719, 37.320316>, 0.100000
	pigment { color rgbt <1,0,0,0> }
	no_shadow
}
cylinder {
	<26.235867, 32.733768, 37.234333>,  <25.885191, 32.862183, 37.091030>, 0.100000
	pigment { color rgbt <1,0,0,0> }
	no_shadow
}

// particle -1
sphere {
	<26.235867, 32.733768, 37.234333> 0.100000
	pigment { color rgbt <1,0,0,0> }
	no_shadow
}
sphere {
	0, 1
	scale<0.080000,0.200000,0.300000>
	matrix <-0.161946, -0.898225, -0.408614,
		0.452976, 0.300210, -0.839456,
		0.876690, -0.321039, 0.358257,
		26.498873, 32.637455, 37.341808>
	pigment { color rgbt <0,1,1,0> }
	no_shadow
}
cylinder {
	<26.167482, 32.509193, 36.575291>,  <25.885191, 32.862183, 37.091030>, 0.130000
	pigment { color rgbt <1,0,0,0> }
	no_shadow
}

// nucleotide -1

// particle -1
sphere {
	<26.167482, 32.509193, 36.575291> 0.250000
	pigment { color rgbt <1,0,0,0> }
	no_shadow
}
cylinder {
	<26.390450, 32.389492, 36.885059>,  <26.524231, 32.317673, 37.070919>, 0.100000
	pigment { color rgbt <1,0,0,0> }
	no_shadow
}
cylinder {
	<26.390450, 32.389492, 36.885059>,  <26.167482, 32.509193, 36.575291>, 0.100000
	pigment { color rgbt <1,0,0,0> }
	no_shadow
}

// particle -1
sphere {
	<26.390450, 32.389492, 36.885059> 0.100000
	pigment { color rgbt <1,0,0,0> }
	no_shadow
}
sphere {
	0, 1
	scale<0.080000,0.200000,0.300000>
	matrix <0.026222, -0.925968, -0.376689,
		0.829817, 0.230281, -0.508305,
		0.557419, -0.299254, 0.774423,
		26.557674, 32.299717, 37.117386>
	pigment { color rgbt <0,1,1,0> }
	no_shadow
}
cylinder {
	<26.912941, 32.329388, 36.411602>,  <26.167482, 32.509193, 36.575291>, 0.130000
	pigment { color rgbt <1,0,0,0> }
	no_shadow
}

// nucleotide -1

// particle -1
sphere {
	<26.912941, 32.329388, 36.411602> 0.250000
	pigment { color rgbt <1,0,0,0> }
	no_shadow
}
cylinder {
	<26.794991, 32.133377, 36.739731>,  <26.724220, 32.015770, 36.936607>, 0.100000
	pigment { color rgbt <1,0,0,0> }
	no_shadow
}
cylinder {
	<26.794991, 32.133377, 36.739731>,  <26.912941, 32.329388, 36.411602>, 0.100000
	pigment { color rgbt <1,0,0,0> }
	no_shadow
}

// particle -1
sphere {
	<26.794991, 32.133377, 36.739731> 0.100000
	pigment { color rgbt <1,0,0,0> }
	no_shadow
}
sphere {
	0, 1
	scale<0.080000,0.200000,0.300000>
	matrix <0.257846, -0.867451, -0.425493,
		0.920089, 0.086048, 0.382142,
		-0.294877, -0.490025, 0.820319,
		26.706528, 31.986370, 36.985828>
	pigment { color rgbt <0,1,1,0> }
	no_shadow
}
cylinder {
	<27.448599, 31.802612, 36.584675>,  <26.912941, 32.329388, 36.411602>, 0.130000
	pigment { color rgbt <1,0,0,0> }
	no_shadow
}

// nucleotide -1

// particle -1
sphere {
	<27.448599, 31.802612, 36.584675> 0.250000
	pigment { color rgbt <1,0,0,0> }
	no_shadow
}
cylinder {
	<27.143064, 31.669056, 36.805611>,  <26.959743, 31.588923, 36.938171>, 0.100000
	pigment { color rgbt <1,0,0,0> }
	no_shadow
}
cylinder {
	<27.143064, 31.669056, 36.805611>,  <27.448599, 31.802612, 36.584675>, 0.100000
	pigment { color rgbt <1,0,0,0> }
	no_shadow
}

// particle -1
sphere {
	<27.143064, 31.669056, 36.805611> 0.100000
	pigment { color rgbt <1,0,0,0> }
	no_shadow
}
sphere {
	0, 1
	scale<0.080000,0.200000,0.300000>
	matrix <0.259189, -0.942436, -0.211274,
		0.591083, -0.018219, 0.806405,
		-0.763834, -0.333891, 0.552336,
		26.913914, 31.568888, 36.971310>
	pigment { color rgbt <0,1,1,0> }
	no_shadow
}
cylinder {
	<27.734974, 31.264151, 36.841125>,  <27.448599, 31.802612, 36.584675>, 0.130000
	pigment { color rgbt <1,0,0,0> }
	no_shadow
}

// nucleotide -1

// particle -1
sphere {
	<27.734974, 31.264151, 36.841125> 0.250000
	pigment { color rgbt <1,0,0,0> }
	no_shadow
}
cylinder {
	<27.341816, 31.219667, 36.899845>,  <27.105921, 31.192978, 36.935078>, 0.100000
	pigment { color rgbt <1,0,0,0> }
	no_shadow
}
cylinder {
	<27.341816, 31.219667, 36.899845>,  <27.734974, 31.264151, 36.841125>, 0.100000
	pigment { color rgbt <1,0,0,0> }
	no_shadow
}

// particle -1
sphere {
	<27.341816, 31.219667, 36.899845> 0.100000
	pigment { color rgbt <1,0,0,0> }
	no_shadow
}
sphere {
	0, 1
	scale<0.080000,0.200000,0.300000>
	matrix <0.103073, -0.992743, -0.061943,
		0.152626, -0.045752, 0.987225,
		-0.982894, -0.111210, 0.146802,
		27.046947, 31.186304, 36.943886>
	pigment { color rgbt <0,1,1,0> }
	no_shadow
}
cylinder {
	<27.646030, 30.647137, 37.290970>,  <27.734974, 31.264151, 36.841125>, 0.130000
	pigment { color rgbt <1,0,0,0> }
	no_shadow
}

// nucleotide -1

// particle -1
sphere {
	<27.646030, 30.647137, 37.290970> 0.250000
	pigment { color rgbt <1,0,0,0> }
	no_shadow
}
cylinder {
	<27.326778, 30.741379, 37.069168>,  <27.135227, 30.797924, 36.936085>, 0.100000
	pigment { color rgbt <1,0,0,0> }
	no_shadow
}
cylinder {
	<27.326778, 30.741379, 37.069168>,  <27.646030, 30.647137, 37.290970>, 0.100000
	pigment { color rgbt <1,0,0,0> }
	no_shadow
}

// particle -1
sphere {
	<27.326778, 30.741379, 37.069168> 0.100000
	pigment { color rgbt <1,0,0,0> }
	no_shadow
}
sphere {
	0, 1
	scale<0.080000,0.200000,0.300000>
	matrix <-0.205835, -0.971620, -0.116560,
		-0.566233, 0.021107, 0.823975,
		-0.798130, 0.235603, -0.554508,
		27.087339, 30.812059, 36.902817>
	pigment { color rgbt <0,1,1,0> }
	no_shadow
}
cylinder {
	<26.943066, 30.465263, 37.505344>,  <27.646030, 30.647137, 37.290970>, 0.130000
	pigment { color rgbt <1,0,0,0> }
	no_shadow
}

// nucleotide -1

// particle -1
sphere {
	<26.943066, 30.465263, 37.505344> 0.250000
	pigment { color rgbt <1,0,0,0> }
	no_shadow
}
cylinder {
	<26.991482, 30.460182, 37.108318>,  <27.020533, 30.457134, 36.870102>, 0.100000
	pigment { color rgbt <1,0,0,0> }
	no_shadow
}
cylinder {
	<26.991482, 30.460182, 37.108318>,  <26.943066, 30.465263, 37.505344>, 0.100000
	pigment { color rgbt <1,0,0,0> }
	no_shadow
}

// particle -1
sphere {
	<26.991482, 30.460182, 37.108318> 0.100000
	pigment { color rgbt <1,0,0,0> }
	no_shadow
}
sphere {
	0, 1
	scale<0.080000,0.200000,0.300000>
	matrix <-0.219491, -0.975510, -0.014282,
		-0.968077, 0.219588, -0.120865,
		0.121041, -0.012702, -0.992566,
		27.027794, 30.456371, 36.810547>
	pigment { color rgbt <0,1,1,0> }
	no_shadow
}
cylinder {
	<26.342539, 30.067770, 37.454433>,  <26.943066, 30.465263, 37.505344>, 0.130000
	pigment { color rgbt <1,0,0,0> }
	no_shadow
}

// nucleotide -1

// particle -1
sphere {
	<26.342539, 30.067770, 37.454433> 0.250000
	pigment { color rgbt <1,0,0,0> }
	no_shadow
}
cylinder {
	<26.577713, 30.050072, 37.131355>,  <26.718819, 30.039452, 36.937508>, 0.100000
	pigment { color rgbt <1,0,0,0> }
	no_shadow
}
cylinder {
	<26.577713, 30.050072, 37.131355>,  <26.342539, 30.067770, 37.454433>, 0.100000
	pigment { color rgbt <1,0,0,0> }
	no_shadow
}

// particle -1
sphere {
	<26.577713, 30.050072, 37.131355> 0.100000
	pigment { color rgbt <1,0,0,0> }
	no_shadow
}
sphere {
	0, 1
	scale<0.080000,0.200000,0.300000>
	matrix <-0.222406, -0.968862, -0.108818,
		-0.777731, 0.243614, -0.579472,
		0.587938, -0.044247, -0.807695,
		26.754095, 30.036798, 36.889046>
	pigment { color rgbt <0,1,1,0> }
	no_shadow
}
cylinder {
	<26.033501, 29.832256, 36.764576>,  <26.342539, 30.067770, 37.454433>, 0.130000
	pigment { color rgbt <1,0,0,0> }
	no_shadow
}

// nucleotide -1

// particle -1
sphere {
	<26.033501, 29.832256, 36.764576> 0.250000
	pigment { color rgbt <1,0,0,0> }
	no_shadow
}
cylinder {
	<26.396900, 29.676519, 36.703861>,  <26.614941, 29.583078, 36.667431>, 0.100000
	pigment { color rgbt <1,0,0,0> }
	no_shadow
}
cylinder {
	<26.396900, 29.676519, 36.703861>,  <26.033501, 29.832256, 36.764576>, 0.100000
	pigment { color rgbt <1,0,0,0> }
	no_shadow
}

// particle -1
sphere {
	<26.396900, 29.676519, 36.703861> 0.100000
	pigment { color rgbt <1,0,0,0> }
	no_shadow
}
sphere {
	0, 1
	scale<0.080000,0.200000,0.300000>
	matrix <-0.416998, -0.821038, -0.389884,
		0.027175, 0.417505, -0.908268,
		0.908501, -0.389341, -0.151787,
		26.669451, 29.559717, 36.658325>
	pigment { color rgbt <0,1,1,0> }
	no_shadow
}
cylinder {
	<26.000990, 30.537470, 36.457680>,  <26.033501, 29.832256, 36.764576>, 0.130000
	pigment { color rgbt <1,0,0,0> }
	no_shadow
}

// nucleotide -1

// particle -1
sphere {
	<26.000990, 30.537470, 36.457680> 0.250000
	pigment { color rgbt <1,0,0,0> }
	no_shadow
}
cylinder {
	<26.376129, 30.662426, 36.518150>,  <26.601213, 30.737400, 36.554432>, 0.100000
	pigment { color rgbt <1,0,0,0> }
	no_shadow
}
cylinder {
	<26.376129, 30.662426, 36.518150>,  <26.000990, 30.537470, 36.457680>, 0.100000
	pigment { color rgbt <1,0,0,0> }
	no_shadow
}

// particle -1
sphere {
	<26.376129, 30.662426, 36.518150> 0.100000
	pigment { color rgbt <1,0,0,0> }
	no_shadow
}
sphere {
	0, 1
	scale<0.080000,0.200000,0.300000>
	matrix <-0.326026, 0.643757, 0.692303,
		0.118947, -0.698563, 0.705593,
		0.937848, 0.312389, 0.151177,
		26.657484, 30.756144, 36.563503>
	pigment { color rgbt <0,1,1,0> }
	no_shadow
}
cylinder {
	<25.793293, 30.991198, 36.952942>,  <26.000990, 30.537470, 36.457680>, 0.130000
	pigment { color rgbt <1,0,0,0> }
	no_shadow
}

// nucleotide -1

// particle -1
sphere {
	<25.793293, 30.991198, 36.952942> 0.250000
	pigment { color rgbt <1,0,0,0> }
	no_shadow
}
cylinder {
	<26.179886, 31.074255, 36.892548>,  <26.411842, 31.124088, 36.856312>, 0.100000
	pigment { color rgbt <1,0,0,0> }
	no_shadow
}
cylinder {
	<26.179886, 31.074255, 36.892548>,  <25.793293, 30.991198, 36.952942>, 0.100000
	pigment { color rgbt <1,0,0,0> }
	no_shadow
}

// particle -1
sphere {
	<26.179886, 31.074255, 36.892548> 0.100000
	pigment { color rgbt <1,0,0,0> }
	no_shadow
}
sphere {
	0, 1
	scale<0.080000,0.200000,0.300000>
	matrix <-0.099441, 0.844969, 0.525490,
		0.236693, -0.492862, 0.837295,
		0.966482, 0.207642, -0.150987,
		26.469830, 31.136547, 36.847252>
	pigment { color rgbt <0,1,1,0> }
	no_shadow
}
cylinder {
	<25.966351, 31.068680, 37.606831>,  <25.793293, 30.991198, 36.952942>, 0.130000
	pigment { color rgbt <1,0,0,0> }
	no_shadow
}

// nucleotide -1

// particle -1
sphere {
	<25.966351, 31.068680, 37.606831> 0.250000
	pigment { color rgbt <1,0,0,0> }
	no_shadow
}
cylinder {
	<26.237432, 31.256178, 37.380203>,  <26.400082, 31.368677, 37.244228>, 0.100000
	pigment { color rgbt <1,0,0,0> }
	no_shadow
}
cylinder {
	<26.237432, 31.256178, 37.380203>,  <25.966351, 31.068680, 37.606831>, 0.100000
	pigment { color rgbt <1,0,0,0> }
	no_shadow
}

// particle -1
sphere {
	<26.237432, 31.256178, 37.380203> 0.100000
	pigment { color rgbt <1,0,0,0> }
	no_shadow
}
sphere {
	0, 1
	scale<0.080000,0.200000,0.300000>
	matrix <-0.144221, 0.840251, 0.522664,
		0.721052, -0.272502, 0.637046,
		0.677706, 0.468744, -0.566564,
		26.440744, 31.396801, 37.210236>
	pigment { color rgbt <0,1,1,0> }
	no_shadow
}
cylinder {
	<26.247000, 31.461258, 38.119110>,  <25.966351, 31.068680, 37.606831>, 0.130000
	pigment { color rgbt <1,0,0,0> }
	no_shadow
}

// nucleotide -1

// particle -1
sphere {
	<26.247000, 31.461258, 38.119110> 0.250000
	pigment { color rgbt <1,0,0,0> }
	no_shadow
}
cylinder {
	<26.396317, 31.612694, 37.780331>,  <26.485907, 31.703554, 37.577061>, 0.100000
	pigment { color rgbt <1,0,0,0> }
	no_shadow
}
cylinder {
	<26.396317, 31.612694, 37.780331>,  <26.247000, 31.461258, 38.119110>, 0.100000
	pigment { color rgbt <1,0,0,0> }
	no_shadow
}

// particle -1
sphere {
	<26.396317, 31.612694, 37.780331> 0.100000
	pigment { color rgbt <1,0,0,0> }
	no_shadow
}
sphere {
	0, 1
	scale<0.080000,0.200000,0.300000>
	matrix <0.055168, 0.902269, 0.427630,
		0.926073, -0.206354, 0.315921,
		0.373289, 0.378588, -0.846951,
		26.508305, 31.726271, 37.526245>
	pigment { color rgbt <0,1,1,0> }
	no_shadow
}
cylinder {
	<26.955809, 31.770344, 38.290810>,  <26.247000, 31.461258, 38.119110>, 0.130000
	pigment { color rgbt <1,0,0,0> }
	no_shadow
}

// nucleotide -1

// particle -1
sphere {
	<26.955809, 31.770344, 38.290810> 0.250000
	pigment { color rgbt <1,0,0,0> }
	no_shadow
}
cylinder {
	<26.793882, 31.945093, 37.969494>,  <26.696726, 32.049942, 37.776707>, 0.100000
	pigment { color rgbt <1,0,0,0> }
	no_shadow
}
cylinder {
	<26.793882, 31.945093, 37.969494>,  <26.955809, 31.770344, 38.290810>, 0.100000
	pigment { color rgbt <1,0,0,0> }
	no_shadow
}

// particle -1
sphere {
	<26.793882, 31.945093, 37.969494> 0.100000
	pigment { color rgbt <1,0,0,0> }
	no_shadow
}
sphere {
	0, 1
	scale<0.080000,0.200000,0.300000>
	matrix <0.145837, 0.898087, 0.414935,
		0.902694, 0.050823, -0.427272,
		-0.404815, 0.436872, -0.803286,
		26.672438, 32.076153, 37.728508>
	pigment { color rgbt <0,1,1,0> }
	no_shadow
}
cylinder {
	<27.527271, 32.193790, 37.855240>,  <26.955809, 31.770344, 38.290810>, 0.130000
	pigment { color rgbt <1,0,0,0> }
	no_shadow
}

// nucleotide -1

// particle -1
sphere {
	<27.527271, 32.193790, 37.855240> 0.250000
	pigment { color rgbt <1,0,0,0> }
	no_shadow
}
cylinder {
	<27.141291, 32.288105, 37.901333>,  <26.909702, 32.344692, 37.928989>, 0.100000
	pigment { color rgbt <1,0,0,0> }
	no_shadow
}
cylinder {
	<27.141291, 32.288105, 37.901333>,  <27.527271, 32.193790, 37.855240>, 0.100000
	pigment { color rgbt <1,0,0,0> }
	no_shadow
}

// particle -1
sphere {
	<27.141291, 32.288105, 37.901333> 0.100000
	pigment { color rgbt <1,0,0,0> }
	no_shadow
}
sphere {
	0, 1
	scale<0.080000,0.200000,0.300000>
	matrix <0.252513, 0.714589, 0.652380,
		0.071479, 0.658611, -0.749081,
		-0.964950, 0.235784, 0.115230,
		26.851807, 32.358841, 37.935902>
	pigment { color rgbt <0,1,1,0> }
	no_shadow
}
cylinder {
	<27.490068, 32.933144, 37.801113>,  <27.527271, 32.193790, 37.855240>, 0.130000
	pigment { color rgbt <1,0,0,0> }
	no_shadow
}

// nucleotide -1

// particle -1
sphere {
	<27.490068, 32.933144, 37.801113> 0.250000
	pigment { color rgbt <1,0,0,0> }
	no_shadow
}
cylinder {
	<27.178886, 32.799435, 38.013924>,  <26.992178, 32.719208, 38.141609>, 0.100000
	pigment { color rgbt <1,0,0,0> }
	no_shadow
}
cylinder {
	<27.178886, 32.799435, 38.013924>,  <27.490068, 32.933144, 37.801113>, 0.100000
	pigment { color rgbt <1,0,0,0> }
	no_shadow
}

// particle -1
sphere {
	<27.178886, 32.799435, 38.013924> 0.100000
	pigment { color rgbt <1,0,0,0> }
	no_shadow
}
sphere {
	0, 1
	scale<0.080000,0.200000,0.300000>
	matrix <0.128663, 0.744041, 0.655629,
		-0.615008, 0.578500, -0.535820,
		-0.777953, -0.334277, 0.532023,
		26.945501, 32.699150, 38.173531>
	pigment { color rgbt <0,1,1,0> }
	no_shadow
}
cylinder {
	<26.831982, 33.389591, 37.873890>,  <27.490068, 32.933144, 37.801113>, 0.130000
	pigment { color rgbt <1,0,0,0> }
	no_shadow
}

// nucleotide -1

// particle -1
sphere {
	<26.831982, 33.389591, 37.873890> 0.250000
	pigment { color rgbt <1,0,0,0> }
	no_shadow
}
cylinder {
	<26.880762, 33.152565, 38.192383>,  <26.910030, 33.010349, 38.383480>, 0.100000
	pigment { color rgbt <1,0,0,0> }
	no_shadow
}
cylinder {
	<26.880762, 33.152565, 38.192383>,  <26.831982, 33.389591, 37.873890>, 0.100000
	pigment { color rgbt <1,0,0,0> }
	no_shadow
}

// particle -1
sphere {
	<26.880762, 33.152565, 38.192383> 0.100000
	pigment { color rgbt <1,0,0,0> }
	no_shadow
}
sphere {
	0, 1
	scale<0.080000,0.200000,0.300000>
	matrix <-0.035297, 0.799127, 0.600126,
		-0.991908, -0.101291, 0.076538,
		0.121951, -0.592568, 0.796236,
		26.917347, 32.974796, 38.431255>
	pigment { color rgbt <0,1,1,0> }
	no_shadow
}
cylinder {
	<26.365175, 33.691544, 38.540165>,  <26.831982, 33.389591, 37.873890>, 0.130000
	pigment { color rgbt <1,0,0,0> }
	no_shadow
}

// nucleotide -1

// particle -1
sphere {
	<26.365175, 33.691544, 38.540165> 0.250000
	pigment { color rgbt <1,0,0,0> }
	no_shadow
}
cylinder {
	<26.640778, 33.429672, 38.664536>,  <26.806139, 33.272549, 38.739159>, 0.100000
	pigment { color rgbt <1,0,0,0> }
	no_shadow
}
cylinder {
	<26.640778, 33.429672, 38.664536>,  <26.365175, 33.691544, 38.540165>, 0.100000
	pigment { color rgbt <1,0,0,0> }
	no_shadow
}

// particle -1
sphere {
	<26.640778, 33.429672, 38.664536> 0.100000
	pigment { color rgbt <1,0,0,0> }
	no_shadow
}
sphere {
	0, 1
	scale<0.080000,0.200000,0.300000>
	matrix <0.213951, 0.593615, 0.775788,
		-0.692457, -0.467999, 0.549072,
		0.689005, -0.654674, 0.310924,
		26.847479, 33.233269, 38.757812>
	pigment { color rgbt <0,1,1,0> }
	no_shadow
}
cylinder {
	<26.188305, 33.324802, 39.206039>,  <26.365175, 33.691544, 38.540165>, 0.130000
	pigment { color rgbt <1,0,0,0> }
	no_shadow
}

// nucleotide -1

// particle -1
sphere {
	<26.188305, 33.324802, 39.206039> 0.250000
	pigment { color rgbt <1,0,0,0> }
	no_shadow
}
cylinder {
	<26.584499, 33.362392, 39.165825>,  <26.822216, 33.384945, 39.141697>, 0.100000
	pigment { color rgbt <1,0,0,0> }
	no_shadow
}
cylinder {
	<26.584499, 33.362392, 39.165825>,  <26.188305, 33.324802, 39.206039>, 0.100000
	pigment { color rgbt <1,0,0,0> }
	no_shadow
}

// particle -1
sphere {
	<26.584499, 33.362392, 39.165825> 0.100000
	pigment { color rgbt <1,0,0,0> }
	no_shadow
}
sphere {
	0, 1
	scale<0.080000,0.200000,0.300000>
	matrix <0.040549, 0.498841, 0.865744,
		0.131512, -0.861583, 0.490284,
		0.990485, 0.093975, -0.100540,
		26.881645, 33.390587, 39.135662>
	pigment { color rgbt <0,1,1,0> }
	no_shadow
}
cylinder {
	<26.568138, 33.006859, 39.753918>,  <26.188305, 33.324802, 39.206039>, 0.130000
	pigment { color rgbt <1,0,0,0> }
	no_shadow
}

// nucleotide -1

// particle -1
sphere {
	<26.568138, 33.006859, 39.753918> 0.250000
	pigment { color rgbt <1,0,0,0> }
	no_shadow
}
cylinder {
	<26.771223, 33.316330, 39.602310>,  <26.893074, 33.502010, 39.511345>, 0.100000
	pigment { color rgbt <1,0,0,0> }
	no_shadow
}
cylinder {
	<26.771223, 33.316330, 39.602310>,  <26.568138, 33.006859, 39.753918>, 0.100000
	pigment { color rgbt <1,0,0,0> }
	no_shadow
}

// particle -1
sphere {
	<26.771223, 33.316330, 39.602310> 0.100000
	pigment { color rgbt <1,0,0,0> }
	no_shadow
}
sphere {
	0, 1
	scale<0.080000,0.200000,0.300000>
	matrix <0.012416, 0.433322, 0.901154,
		0.861437, -0.462233, 0.210397,
		0.507713, 0.773675, -0.379019,
		26.923536, 33.548431, 39.488605>
	pigment { color rgbt <0,1,1,0> }
	no_shadow
}
cylinder {
	<26.957663, 33.236633, 40.280457>,  <26.568138, 33.006859, 39.753918>, 0.130000
	pigment { color rgbt <1,0,0,0> }
	no_shadow
}

// nucleotide -1

// particle -1
sphere {
	<26.957663, 33.236633, 40.280457> 0.250000
	pigment { color rgbt <1,0,0,0> }
	no_shadow
}
cylinder {
	<26.867640, 33.563488, 40.068176>,  <26.813625, 33.759602, 39.940807>, 0.100000
	pigment { color rgbt <1,0,0,0> }
	no_shadow
}
cylinder {
	<26.867640, 33.563488, 40.068176>,  <26.957663, 33.236633, 40.280457>, 0.100000
	pigment { color rgbt <1,0,0,0> }
	no_shadow
}

// particle -1
sphere {
	<26.867640, 33.563488, 40.068176> 0.100000
	pigment { color rgbt <1,0,0,0> }
	no_shadow
}
sphere {
	0, 1
	scale<0.080000,0.200000,0.300000>
	matrix <-0.298699, 0.460584, 0.835848,
		0.927431, 0.346632, 0.140420,
		-0.225057, 0.817134, -0.530698,
		26.800123, 33.808628, 39.908966>
	pigment { color rgbt <0,1,1,0> }
	no_shadow
}
cylinder {
	<27.637857, 32.906769, 40.192116>,  <26.957663, 33.236633, 40.280457>, 0.130000
	pigment { color rgbt <1,0,0,0> }
	no_shadow
}

// nucleotide -1

// particle -1
sphere {
	<27.637857, 32.906769, 40.192116> 0.250000
	pigment { color rgbt <1,0,0,0> }
	no_shadow
}
cylinder {
	<27.969965, 33.128540, 40.169277>,  <28.169230, 33.261604, 40.155575>, 0.100000
	pigment { color rgbt <1,0,0,0> }
	no_shadow
}
cylinder {
	<27.969965, 33.128540, 40.169277>,  <27.637857, 32.906769, 40.192116>, 0.100000
	pigment { color rgbt <1,0,0,0> }
	no_shadow
}

// particle -1
sphere {
	<27.969965, 33.128540, 40.169277> 0.100000
	pigment { color rgbt <1,0,0,0> }
	no_shadow
}
sphere {
	0, 1
	scale<0.080000,0.200000,0.300000>
	matrix <0.551378, -0.802071, 0.229486,
		0.081439, -0.222017, -0.971636,
		0.830271, 0.554428, -0.057095,
		28.219046, 33.294868, 40.152149>
	pigment { color rgbt <0,1,1,0> }
	no_shadow
}
cylinder {
	<28.265051, 32.900261, 39.843712>,  <27.637857, 32.906769, 40.192116>, 0.130000
	pigment { color rgbt <1,0,0,0> }
	no_shadow
}

// nucleotide -1

// particle -1
sphere {
	<28.265051, 32.900261, 39.843712> 0.250000
	pigment { color rgbt <1,0,0,0> }
	no_shadow
}
cylinder {
	<28.644438, 32.966721, 39.951641>,  <28.872070, 33.006596, 40.016399>, 0.100000
	pigment { color rgbt <1,0,0,0> }
	no_shadow
}
cylinder {
	<28.644438, 32.966721, 39.951641>,  <28.265051, 32.900261, 39.843712>, 0.100000
	pigment { color rgbt <1,0,0,0> }
	no_shadow
}

// particle -1
sphere {
	<28.644438, 32.966721, 39.951641> 0.100000
	pigment { color rgbt <1,0,0,0> }
	no_shadow
}
sphere {
	0, 1
	scale<0.080000,0.200000,0.300000>
	matrix <-0.315598, 0.418927, 0.851410,
		0.028429, -0.892689, 0.449776,
		0.948467, 0.166153, 0.269821,
		28.928978, 33.016567, 40.032589>
	pigment { color rgbt <0,1,1,0> }
	no_shadow
}
cylinder {
	<28.348541, 32.549114, 40.484871>,  <28.265051, 32.900261, 39.843712>, 0.130000
	pigment { color rgbt <1,0,0,0> }
	no_shadow
}

// nucleotide -1

// particle -1
sphere {
	<28.348541, 32.549114, 40.484871> 0.250000
	pigment { color rgbt <1,0,0,0> }
	no_shadow
}
cylinder {
	<28.583702, 32.871830, 40.461349>,  <28.724798, 33.065460, 40.447235>, 0.100000
	pigment { color rgbt <1,0,0,0> }
	no_shadow
}
cylinder {
	<28.583702, 32.871830, 40.461349>,  <28.348541, 32.549114, 40.484871>, 0.100000
	pigment { color rgbt <1,0,0,0> }
	no_shadow
}

// particle -1
sphere {
	<28.583702, 32.871830, 40.461349> 0.100000
	pigment { color rgbt <1,0,0,0> }
	no_shadow
}
sphere {
	0, 1
	scale<0.080000,0.200000,0.300000>
	matrix <-0.451694, 0.387709, 0.803526,
		0.671077, -0.445833, 0.592358,
		0.587901, 0.806793, -0.058803,
		28.760073, 33.113869, 40.443710>
	pigment { color rgbt <0,1,1,0> }
	no_shadow
}
cylinder {
	<28.836613, 32.800522, 41.126991>,  <28.348541, 32.549114, 40.484871>, 0.130000
	pigment { color rgbt <1,0,0,0> }
	no_shadow
}

// nucleotide -1

// particle -1
sphere {
	<28.836613, 32.800522, 41.126991> 0.250000
	pigment { color rgbt <1,0,0,0> }
	no_shadow
}
cylinder {
	<28.704960, 33.109325, 40.909489>,  <28.625969, 33.294609, 40.778988>, 0.100000
	pigment { color rgbt <1,0,0,0> }
	no_shadow
}
cylinder {
	<28.704960, 33.109325, 40.909489>,  <28.836613, 32.800522, 41.126991>, 0.100000
	pigment { color rgbt <1,0,0,0> }
	no_shadow
}

// particle -1
sphere {
	<28.704960, 33.109325, 40.909489> 0.100000
	pigment { color rgbt <1,0,0,0> }
	no_shadow
}
sphere {
	0, 1
	scale<0.080000,0.200000,0.300000>
	matrix <-0.466387, 0.367803, 0.804490,
		0.821070, 0.518384, 0.239000,
		-0.329130, 0.772009, -0.543760,
		28.606220, 33.340927, 40.746361>
	pigment { color rgbt <0,1,1,0> }
	no_shadow
}
cylinder {
	<28.444181, 33.174736, 41.567211>,  <28.836613, 32.800522, 41.126991>, 0.130000
	pigment { color rgbt <1,0,0,0> }
	no_shadow
}

// nucleotide -1

// particle -1
sphere {
	<28.444181, 33.174736, 41.567211> 0.250000
	pigment { color rgbt <1,0,0,0> }
	no_shadow
}
cylinder {
	<28.447554, 33.429382, 41.258755>,  <28.449577, 33.582169, 41.073681>, 0.100000
	pigment { color rgbt <1,0,0,0> }
	no_shadow
}
cylinder {
	<28.447554, 33.429382, 41.258755>,  <28.444181, 33.174736, 41.567211>, 0.100000
	pigment { color rgbt <1,0,0,0> }
	no_shadow
}

// particle -1
sphere {
	<28.447554, 33.429382, 41.258755> 0.100000
	pigment { color rgbt <1,0,0,0> }
	no_shadow
}
sphere {
	0, 1
	scale<0.080000,0.200000,0.300000>
	matrix <-0.462726, 0.686114, 0.561365,
		0.886461, 0.352094, 0.300361,
		0.008429, 0.636614, -0.771137,
		28.450083, 33.620365, 41.027412>
	pigment { color rgbt <0,1,1,0> }
	no_shadow
}
cylinder {
	<28.721497, 33.878185, 41.842331>,  <28.444181, 33.174736, 41.567211>, 0.130000
	pigment { color rgbt <1,0,0,0> }
	no_shadow
}

// nucleotide -1

// particle -1
sphere {
	<28.721497, 33.878185, 41.842331> 0.250000
	pigment { color rgbt <1,0,0,0> }
	no_shadow
}
cylinder {
	<28.491198, 33.901516, 41.516113>,  <28.353018, 33.915512, 41.320381>, 0.100000
	pigment { color rgbt <1,0,0,0> }
	no_shadow
}
cylinder {
	<28.491198, 33.901516, 41.516113>,  <28.721497, 33.878185, 41.842331>, 0.100000
	pigment { color rgbt <1,0,0,0> }
	no_shadow
}

// particle -1
sphere {
	<28.491198, 33.901516, 41.516113> 0.100000
	pigment { color rgbt <1,0,0,0> }
	no_shadow
}
sphere {
	0, 1
	scale<0.080000,0.200000,0.300000>
	matrix <-0.599850, 0.647671, 0.469789,
		0.555605, 0.759684, -0.337909,
		-0.575745, 0.058322, -0.815546,
		28.318474, 33.919014, 41.271450>
	pigment { color rgbt <0,1,1,0> }
	no_shadow
}
cylinder {
	<28.602571, 34.597855, 41.708183>,  <28.721497, 33.878185, 41.842331>, 0.130000
	pigment { color rgbt <1,0,0,0> }
	no_shadow
}

// nucleotide -1

// particle -1
sphere {
	<28.602571, 34.597855, 41.708183> 0.250000
	pigment { color rgbt <1,0,0,0> }
	no_shadow
}
cylinder {
	<28.291855, 34.442486, 41.509903>,  <28.105425, 34.349266, 41.390934>, 0.100000
	pigment { color rgbt <1,0,0,0> }
	no_shadow
}
cylinder {
	<28.291855, 34.442486, 41.509903>,  <28.602571, 34.597855, 41.708183>, 0.100000
	pigment { color rgbt <1,0,0,0> }
	no_shadow
}

// particle -1
sphere {
	<28.291855, 34.442486, 41.509903> 0.100000
	pigment { color rgbt <1,0,0,0> }
	no_shadow
}
sphere {
	0, 1
	scale<0.080000,0.200000,0.300000>
	matrix <-0.571609, 0.765223, 0.296136,
		0.264299, 0.513386, -0.816444,
		-0.776794, -0.388419, -0.495704,
		28.058817, 34.325958, 41.361191>
	pigment { color rgbt <0,1,1,0> }
	no_shadow
}
cylinder {
	<28.329123, 35.131790, 41.338623>,  <28.602571, 34.597855, 41.708183>, 0.130000
	pigment { color rgbt <1,0,0,0> }
	no_shadow
}

// nucleotide -1

// particle -1
sphere {
	<28.329123, 35.131790, 41.338623> 0.250000
	pigment { color rgbt <1,0,0,0> }
	no_shadow
}
cylinder {
	<28.038767, 34.863281, 41.398598>,  <27.864553, 34.702175, 41.434582>, 0.100000
	pigment { color rgbt <1,0,0,0> }
	no_shadow
}
cylinder {
	<28.038767, 34.863281, 41.398598>,  <28.329123, 35.131790, 41.338623>, 0.100000
	pigment { color rgbt <1,0,0,0> }
	no_shadow
}

// particle -1
sphere {
	<28.038767, 34.863281, 41.398598> 0.100000
	pigment { color rgbt <1,0,0,0> }
	no_shadow
}
sphere {
	0, 1
	scale<0.080000,0.200000,0.300000>
	matrix <-0.618933, 0.732575, 0.283295,
		-0.300006, 0.112841, -0.947240,
		-0.725891, -0.671268, 0.149936,
		27.820999, 34.661900, 41.443577>
	pigment { color rgbt <0,1,1,0> }
	no_shadow
}
cylinder {
	<27.692440, 35.297001, 40.938515>,  <28.329123, 35.131790, 41.338623>, 0.130000
	pigment { color rgbt <1,0,0,0> }
	no_shadow
}

// nucleotide -1

// particle -1
sphere {
	<27.692440, 35.297001, 40.938515> 0.250000
	pigment { color rgbt <1,0,0,0> }
	no_shadow
}
cylinder {
	<27.591782, 35.076778, 41.256901>,  <27.531387, 34.944645, 41.447933>, 0.100000
	pigment { color rgbt <1,0,0,0> }
	no_shadow
}
cylinder {
	<27.591782, 35.076778, 41.256901>,  <27.692440, 35.297001, 40.938515>, 0.100000
	pigment { color rgbt <1,0,0,0> }
	no_shadow
}

// particle -1
sphere {
	<27.591782, 35.076778, 41.256901> 0.100000
	pigment { color rgbt <1,0,0,0> }
	no_shadow
}
sphere {
	0, 1
	scale<0.080000,0.200000,0.300000>
	matrix <-0.557124, 0.754905, 0.346021,
		-0.791384, -0.356378, -0.496696,
		-0.251644, -0.550557, 0.795966,
		27.516289, 34.911610, 41.495689>
	pigment { color rgbt <0,1,1,0> }
	no_shadow
}
cylinder {
	<27.026728, 35.554188, 41.257225>,  <27.692440, 35.297001, 40.938515>, 0.130000
	pigment { color rgbt <1,0,0,0> }
	no_shadow
}

// nucleotide -1

// particle -1
sphere {
	<27.026728, 35.554188, 41.257225> 0.250000
	pigment { color rgbt <1,0,0,0> }
	no_shadow
}
cylinder {
	<27.067862, 35.299515, 41.562920>,  <27.092543, 35.146709, 41.746338>, 0.100000
	pigment { color rgbt <1,0,0,0> }
	no_shadow
}
cylinder {
	<27.067862, 35.299515, 41.562920>,  <27.026728, 35.554188, 41.257225>, 0.100000
	pigment { color rgbt <1,0,0,0> }
	no_shadow
}

// particle -1
sphere {
	<27.067862, 35.299515, 41.562920> 0.100000
	pigment { color rgbt <1,0,0,0> }
	no_shadow
}
sphere {
	0, 1
	scale<0.080000,0.200000,0.300000>
	matrix <-0.534604, 0.612535, 0.582237,
		-0.838823, -0.468438, -0.277384,
		0.102835, -0.636684, 0.764237,
		27.098713, 35.108509, 41.792191>
	pigment { color rgbt <0,1,1,0> }
	no_shadow
}
cylinder {
	<26.369831, 35.422939, 41.596256>,  <27.026728, 35.554188, 41.257225>, 0.130000
	pigment { color rgbt <1,0,0,0> }
	no_shadow
}

// nucleotide -1

// particle -1
sphere {
	<26.369831, 35.422939, 41.596256> 0.250000
	pigment { color rgbt <1,0,0,0> }
	no_shadow
}
cylinder {
	<26.688225, 35.366074, 41.831612>,  <26.879261, 35.331955, 41.972824>, 0.100000
	pigment { color rgbt <1,0,0,0> }
	no_shadow
}
cylinder {
	<26.688225, 35.366074, 41.831612>,  <26.369831, 35.422939, 41.596256>, 0.100000
	pigment { color rgbt <1,0,0,0> }
	no_shadow
}

// particle -1
sphere {
	<26.688225, 35.366074, 41.831612> 0.100000
	pigment { color rgbt <1,0,0,0> }
	no_shadow
}
sphere {
	0, 1
	scale<0.080000,0.200000,0.300000>
	matrix <-0.379576, 0.639952, 0.668119,
		-0.471522, -0.755150, 0.455430,
		0.795983, -0.142162, 0.588388,
		26.927019, 35.323425, 42.008129>
	pigment { color rgbt <0,1,1,0> }
	no_shadow
}
cylinder {
	<26.127701, 35.457115, 42.254951>,  <26.369831, 35.422939, 41.596256>, 0.130000
	pigment { color rgbt <1,0,0,0> }
	no_shadow
}

// nucleotide -1

// particle -1
sphere {
	<26.127701, 35.457115, 42.254951> 0.250000
	pigment { color rgbt <1,0,0,0> }
	no_shadow
}
cylinder {
	<26.519241, 35.508114, 42.318947>,  <26.754166, 35.538712, 42.357346>, 0.100000
	pigment { color rgbt <1,0,0,0> }
	no_shadow
}
cylinder {
	<26.519241, 35.508114, 42.318947>,  <26.127701, 35.457115, 42.254951>, 0.100000
	pigment { color rgbt <1,0,0,0> }
	no_shadow
}

// particle -1
sphere {
	<26.519241, 35.508114, 42.318947> 0.100000
	pigment { color rgbt <1,0,0,0> }
	no_shadow
}
sphere {
	0, 1
	scale<0.080000,0.200000,0.300000>
	matrix <-0.204024, 0.665879, 0.717620,
		-0.015040, -0.735085, 0.677808,
		0.978850, 0.127496, 0.159990,
		26.812897, 35.546364, 42.366943>
	pigment { color rgbt <0,1,1,0> }
	no_shadow
}
cylinder {
	<26.369776, 35.253353, 42.962090>,  <26.127701, 35.457115, 42.254951>, 0.130000
	pigment { color rgbt <1,0,0,0> }
	no_shadow
}

// nucleotide -1

// particle -1
sphere {
	<26.369776, 35.253353, 42.962090> 0.250000
	pigment { color rgbt <1,0,0,0> }
	no_shadow
}
cylinder {
	<26.540661, 35.569920, 42.787209>,  <26.643192, 35.759861, 42.682281>, 0.100000
	pigment { color rgbt <1,0,0,0> }
	no_shadow
}
cylinder {
	<26.540661, 35.569920, 42.787209>,  <26.369776, 35.253353, 42.962090>, 0.100000
	pigment { color rgbt <1,0,0,0> }
	no_shadow
}

// particle -1
sphere {
	<26.540661, 35.569920, 42.787209> 0.100000
	pigment { color rgbt <1,0,0,0> }
	no_shadow
}
sphere {
	0, 1
	scale<0.080000,0.200000,0.300000>
	matrix <-0.389484, 0.597470, 0.700951,
		0.815960, -0.129173, 0.563492,
		0.427213, 0.791419, -0.437201,
		26.668825, 35.807346, 42.656048>
	pigment { color rgbt <0,1,1,0> }
	no_shadow
}
cylinder {
	<26.748562, 35.596149, 43.410591>,  <26.369776, 35.253353, 42.962090>, 0.130000
	pigment { color rgbt <1,0,0,0> }
	no_shadow
}

// nucleotide -1

// particle -1
sphere {
	<26.748562, 35.596149, 43.410591> 0.250000
	pigment { color rgbt <1,0,0,0> }
	no_shadow
}
cylinder {
	<26.592052, 35.824055, 43.121517>,  <26.498148, 35.960800, 42.948074>, 0.100000
	pigment { color rgbt <1,0,0,0> }
	no_shadow
}
cylinder {
	<26.592052, 35.824055, 43.121517>,  <26.748562, 35.596149, 43.410591>, 0.100000
	pigment { color rgbt <1,0,0,0> }
	no_shadow
}

// particle -1
sphere {
	<26.592052, 35.824055, 43.121517> 0.100000
	pigment { color rgbt <1,0,0,0> }
	no_shadow
}
sphere {
	0, 1
	scale<0.080000,0.200000,0.300000>
	matrix <-0.394347, 0.605734, 0.691069,
		0.831503, 0.555384, -0.012321,
		-0.391272, 0.569767, -0.722683,
		26.474670, 35.994984, 42.904713>
	pigment { color rgbt <0,1,1,0> }
	no_shadow
}
cylinder {
	<27.096354, 34.974186, 43.295788>,  <26.748562, 35.596149, 43.410591>, 0.130000
	pigment { color rgbt <1,0,0,0> }
	no_shadow
}

// nucleotide -1

// particle -1
sphere {
	<27.096354, 34.974186, 43.295788> 0.250000
	pigment { color rgbt <1,0,0,0> }
	no_shadow
}
cylinder {
	<27.000458, 34.998043, 43.683388>,  <26.942921, 35.012356, 43.915947>, 0.100000
	pigment { color rgbt <1,0,0,0> }
	no_shadow
}
cylinder {
	<27.000458, 34.998043, 43.683388>,  <27.096354, 34.974186, 43.295788>, 0.100000
	pigment { color rgbt <1,0,0,0> }
	no_shadow
}

// particle -1
sphere {
	<27.000458, 34.998043, 43.683388> 0.100000
	pigment { color rgbt <1,0,0,0> }
	no_shadow
}
sphere {
	0, 1
	scale<0.080000,0.200000,0.300000>
	matrix <0.081402, -0.993362, 0.081282,
		0.967419, 0.098365, 0.233293,
		-0.239740, 0.059643, 0.969003,
		26.928535, 35.015938, 43.974091>
	pigment { color rgbt <0,1,1,0> }
	no_shadow
}
cylinder {
	<27.696671, 34.815739, 42.898754>,  <27.096354, 34.974186, 43.295788>, 0.130000
	pigment { color rgbt <1,0,0,0> }
	no_shadow
}

// nucleotide -1

// particle -1
sphere {
	<27.696671, 34.815739, 42.898754> 0.250000
	pigment { color rgbt <1,0,0,0> }
	no_shadow
}
cylinder {
	<27.393772, 34.929783, 42.663708>,  <27.212034, 34.998211, 42.522678>, 0.100000
	pigment { color rgbt <1,0,0,0> }
	no_shadow
}
cylinder {
	<27.393772, 34.929783, 42.663708>,  <27.696671, 34.815739, 42.898754>, 0.100000
	pigment { color rgbt <1,0,0,0> }
	no_shadow
}

// particle -1
sphere {
	<27.393772, 34.929783, 42.663708> 0.100000
	pigment { color rgbt <1,0,0,0> }
	no_shadow
}
sphere {
	0, 1
	scale<0.080000,0.200000,0.300000>
	matrix <0.309629, -0.635456, -0.707337,
