// switches for output
#declare DRAW_BASES = 1; // possible values are 0, 1; only relevant for DNA ribbons
#declare DRAW_BASES_TYPE = 3; // possible values are 1, 2, 3; only relevant for DNA ribbons
#declare DRAW_FOG = 0; // set to 1 to enable fog

#include "colors.inc"

#include "transforms.inc"
background { rgb <1, 1, 1>}

#default {
   normal{
       ripples 0.25
       frequency 0.20
       turbulence 0.2
       lambda 5
   }
	finish {
		phong 0.1
		phong_size 40.
	}
}

// original window dimensions: 1024x640


// camera settings

camera {
	sky <0, 0.179814, -0.983701>
	up <0, 0.179814, -0.983701>
	right 1.6 * <1, 0, 0>
	location <35, 94.9851, 44.8844>
	look_at <35, 29.7336, 32.9568>
	direction <0, -65.2515, -11.9276>
	angle 67.0682
}


# declare cpy_camera_pos = <35, 94.9851, 44.8844>;
# if (DRAW_FOG = 1)
fog {
	fog_type 2
	up vnormalize(cpy_camera_pos)
	color rgbt<1,1,1,0.3>
	distance 1e-5
	fog_alt 3e-3
	fog_offset 56
}
# end


// LIGHTS

# declare lum = 6;
global_settings {
	ambient_light rgb lum * <0.05, 0.05, 0.05>
	max_trace_level 15
}# declare cpy_direct_light_amount = 0.25;
light_source
{	1000 * <-1, -1.16352, -0.803886>,
	rgb lum * cpy_direct_light_amount
	parallel
}

light_source
{	1000 * <1, 1.16352, 0.803886>,
	rgb lum * cpy_direct_light_amount
	parallel
}

// strand 0

// nucleotide -1

// particle -1
sphere {
	<24.716557, 35.013485, 34.720802> 0.250000
	pigment { color rgbt <1,0,0,0> }
	no_shadow
}
cylinder {
	<24.483774, 34.981880, 35.044552>,  <24.344105, 34.962917, 35.238800>, 0.100000
	pigment { color rgbt <1,0,0,0> }
	no_shadow
}
cylinder {
	<24.483774, 34.981880, 35.044552>,  <24.716557, 35.013485, 34.720802>, 0.100000
	pigment { color rgbt <1,0,0,0> }
	no_shadow
}

// particle -1
sphere {
	<24.483774, 34.981880, 35.044552> 0.100000
	pigment { color rgbt <1,0,0,0> }
	no_shadow
}
sphere {
	0, 1
	scale<0.080000,0.200000,0.300000>
	matrix <0.699597, -0.556050, 0.448745,
		0.414597, 0.827385, 0.378871,
		-0.581956, -0.079009, 0.809373,
		24.309187, 34.958179, 35.287365>
	pigment { color rgbt <0,1,1,0> }
	no_shadow
}
cylinder {
	<25.047770, 35.078644, 35.389652>,  <24.716557, 35.013485, 34.720802>, 0.130000
	pigment { color rgbt <1,0,0,0> }
	no_shadow
}

// nucleotide -1

// particle -1
sphere {
	<25.047770, 35.078644, 35.389652> 0.250000
	pigment { color rgbt <1,0,0,0> }
	no_shadow
}
cylinder {
	<24.735777, 34.830677, 35.423889>,  <24.548582, 34.681896, 35.444431>, 0.100000
	pigment { color rgbt <1,0,0,0> }
	no_shadow
}
cylinder {
	<24.735777, 34.830677, 35.423889>,  <25.047770, 35.078644, 35.389652>, 0.100000
	pigment { color rgbt <1,0,0,0> }
	no_shadow
}

// particle -1
sphere {
	<24.735777, 34.830677, 35.423889> 0.100000
	pigment { color rgbt <1,0,0,0> }
	no_shadow
}
sphere {
	0, 1
	scale<0.080000,0.200000,0.300000>
	matrix <0.609891, -0.722360, 0.325928,
		-0.140220, 0.306421, 0.941512,
		-0.779981, -0.619922, 0.085594,
		24.501783, 34.644699, 35.449566>
	pigment { color rgbt <0,1,1,0> }
	no_shadow
}
cylinder {
	<24.857409, 34.756443, 36.070045>,  <25.047770, 35.078644, 35.389652>, 0.130000
	pigment { color rgbt <1,0,0,0> }
	no_shadow
}

// nucleotide -1

// particle -1
sphere {
	<24.857409, 34.756443, 36.070045> 0.250000
	pigment { color rgbt <1,0,0,0> }
	no_shadow
}
cylinder {
	<24.686636, 34.499016, 35.815945>,  <24.584173, 34.344559, 35.663483>, 0.100000
	pigment { color rgbt <1,0,0,0> }
	no_shadow
}
cylinder {
	<24.686636, 34.499016, 35.815945>,  <24.857409, 34.756443, 36.070045>, 0.100000
	pigment { color rgbt <1,0,0,0> }
	no_shadow
}

// particle -1
sphere {
	<24.686636, 34.499016, 35.815945> 0.100000
	pigment { color rgbt <1,0,0,0> }
	no_shadow
}
sphere {
	0, 1
	scale<0.080000,0.200000,0.300000>
	matrix <0.525671, -0.748234, 0.404742,
		-0.735798, -0.161138, 0.657750,
		-0.426931, -0.643569, -0.635255,
		24.558558, 34.305946, 35.625370>
	pigment { color rgbt <0,1,1,0> }
	no_shadow
}
cylinder {
	<24.732136, 34.109894, 36.455673>,  <24.857409, 34.756443, 36.070045>, 0.130000
	pigment { color rgbt <1,0,0,0> }
	no_shadow
}

// nucleotide -1

// particle -1
sphere {
	<24.732136, 34.109894, 36.455673> 0.250000
	pigment { color rgbt <1,0,0,0> }
	no_shadow
}
cylinder {
	<24.747116, 34.026192, 36.064816>,  <24.756104, 33.975971, 35.830299>, 0.100000
	pigment { color rgbt <1,0,0,0> }
	no_shadow
}
cylinder {
	<24.747116, 34.026192, 36.064816>,  <24.732136, 34.109894, 36.455673>, 0.100000
	pigment { color rgbt <1,0,0,0> }
	no_shadow
}

// particle -1
sphere {
	<24.747116, 34.026192, 36.064816> 0.100000
	pigment { color rgbt <1,0,0,0> }
	no_shadow
}
sphere {
	0, 1
	scale<0.080000,0.200000,0.300000>
	matrix <0.680046, -0.711145, 0.178354,
		-0.732212, -0.671182, 0.115668,
		0.037451, -0.209253, -0.977144,
		24.758352, 33.963417, 35.771671>
	pigment { color rgbt <0,1,1,0> }
	no_shadow
}
cylinder {
	<24.857237, 33.360344, 36.371140>,  <24.732136, 34.109894, 36.455673>, 0.130000
	pigment { color rgbt <1,0,0,0> }
	no_shadow
}

// nucleotide -1

// particle -1
sphere {
	<24.857237, 33.360344, 36.371140> 0.250000
	pigment { color rgbt <1,0,0,0> }
	no_shadow
}
cylinder {
	<25.018404, 33.554745, 36.060925>,  <25.115105, 33.671383, 35.874794>, 0.100000
	pigment { color rgbt <1,0,0,0> }
	no_shadow
}
cylinder {
	<25.018404, 33.554745, 36.060925>,  <24.857237, 33.360344, 36.371140>, 0.100000
	pigment { color rgbt <1,0,0,0> }
	no_shadow
}

// particle -1
sphere {
	<25.018404, 33.554745, 36.060925> 0.100000
	pigment { color rgbt <1,0,0,0> }
	no_shadow
}
sphere {
	0, 1
	scale<0.080000,0.200000,0.300000>
	matrix <0.844015, -0.525025, 0.109484,
		-0.353969, -0.698680, -0.621734,
		0.402920, 0.485999, -0.775539,
		25.139280, 33.700546, 35.828262>
	pigment { color rgbt <0,1,1,0> }
	no_shadow
}
cylinder {
	<24.939919, 32.807079, 35.882710>,  <24.857237, 33.360344, 36.371140>, 0.130000
	pigment { color rgbt <1,0,0,0> }
	no_shadow
}

// nucleotide -1

// particle -1
sphere {
	<24.939919, 32.807079, 35.882710> 0.250000
	pigment { color rgbt <1,0,0,0> }
	no_shadow
}
cylinder {
	<25.184248, 33.120735, 35.838860>,  <25.330845, 33.308929, 35.812550>, 0.100000
	pigment { color rgbt <1,0,0,0> }
	no_shadow
}
cylinder {
	<25.184248, 33.120735, 35.838860>,  <24.939919, 32.807079, 35.882710>, 0.100000
	pigment { color rgbt <1,0,0,0> }
	no_shadow
}

// particle -1
sphere {
	<25.184248, 33.120735, 35.838860> 0.100000
	pigment { color rgbt <1,0,0,0> }
	no_shadow
}
sphere {
	0, 1
	scale<0.080000,0.200000,0.300000>
	matrix <0.790327, -0.612186, 0.024722,
		-0.047725, -0.101739, -0.993666,
		0.610824, 0.784141, -0.109624,
		25.367495, 33.355976, 35.805973>
	pigment { color rgbt <0,1,1,0> }
	no_shadow
}
cylinder {
	<25.431675, 32.711445, 35.366844>,  <24.939919, 32.807079, 35.882710>, 0.130000
	pigment { color rgbt <1,0,0,0> }
	no_shadow
}

// nucleotide -1

// particle -1
sphere {
	<25.431675, 32.711445, 35.366844> 0.250000
	pigment { color rgbt <1,0,0,0> }
	no_shadow
}
cylinder {
	<25.599319, 32.971844, 35.619999>,  <25.699905, 33.128082, 35.771893>, 0.100000
	pigment { color rgbt <1,0,0,0> }
	no_shadow
}
cylinder {
	<25.599319, 32.971844, 35.619999>,  <25.431675, 32.711445, 35.366844>, 0.100000
	pigment { color rgbt <1,0,0,0> }
	no_shadow
}

// particle -1
sphere {
	<25.599319, 32.971844, 35.619999> 0.100000
	pigment { color rgbt <1,0,0,0> }
	no_shadow
}
sphere {
	0, 1
	scale<0.080000,0.200000,0.300000>
	matrix <0.872947, -0.480568, -0.083767,
		0.249616, 0.587589, -0.769696,
		0.419112, 0.650994, 0.632892,
		25.725054, 33.167141, 35.809868>
	pigment { color rgbt <0,1,1,0> }
	no_shadow
}
cylinder {
	<26.039831, 32.958473, 35.076450>,  <25.431675, 32.711445, 35.366844>, 0.130000
	pigment { color rgbt <1,0,0,0> }
	no_shadow
}

// nucleotide -1

// particle -1
sphere {
	<26.039831, 32.958473, 35.076450> 0.250000
	pigment { color rgbt <1,0,0,0> }
	no_shadow
}
cylinder {
	<26.074215, 32.990269, 35.473698>,  <26.094845, 33.009346, 35.712048>, 0.100000
	pigment { color rgbt <1,0,0,0> }
	no_shadow
}
cylinder {
	<26.074215, 32.990269, 35.473698>,  <26.039831, 32.958473, 35.076450>, 0.100000
	pigment { color rgbt <1,0,0,0> }
	no_shadow
}

// particle -1
sphere {
	<26.074215, 32.990269, 35.473698> 0.100000
	pigment { color rgbt <1,0,0,0> }
	no_shadow
}
sphere {
	0, 1
	scale<0.080000,0.200000,0.300000>
	matrix <0.895094, -0.443899, -0.041945,
		0.437512, 0.892544, -0.109308,
		0.085959, 0.079490, 0.993122,
		26.100002, 33.014114, 35.771633>
	pigment { color rgbt <0,1,1,0> }
	no_shadow
}
cylinder {
	<26.776304, 33.263592, 35.296234>,  <26.039831, 32.958473, 35.076450>, 0.130000
	pigment { color rgbt <1,0,0,0> }
	no_shadow
}

// nucleotide -1

// particle -1
sphere {
	<26.776304, 33.263592, 35.296234> 0.250000
	pigment { color rgbt <1,0,0,0> }
	no_shadow
}
cylinder {
	<26.643002, 33.035480, 35.596561>,  <26.563021, 32.898613, 35.776756>, 0.100000
	pigment { color rgbt <1,0,0,0> }
	no_shadow
}
cylinder {
	<26.643002, 33.035480, 35.596561>,  <26.776304, 33.263592, 35.296234>, 0.100000
	pigment { color rgbt <1,0,0,0> }
	no_shadow
}

// particle -1
sphere {
	<26.643002, 33.035480, 35.596561> 0.100000
	pigment { color rgbt <1,0,0,0> }
	no_shadow
}
sphere {
	0, 1
	scale<0.080000,0.200000,0.300000>
	matrix <0.889396, -0.454438, 0.049601,
		0.312912, 0.684302, 0.658648,
		-0.333256, -0.570278, 0.750815,
		26.543024, 32.864395, 35.821804>
	pigment { color rgbt <0,1,1,0> }
	no_shadow
}
cylinder {
	<27.337173, 33.295319, 35.785191>,  <26.776304, 33.263592, 35.296234>, 0.130000
	pigment { color rgbt <1,0,0,0> }
	no_shadow
}

// nucleotide -1

// particle -1
sphere {
	<27.337173, 33.295319, 35.785191> 0.250000
	pigment { color rgbt <1,0,0,0> }
	no_shadow
}
cylinder {
	<27.108841, 32.984665, 35.891769>,  <26.971842, 32.798275, 35.955715>, 0.100000
	pigment { color rgbt <1,0,0,0> }
	no_shadow
}
cylinder {
	<27.108841, 32.984665, 35.891769>,  <27.337173, 33.295319, 35.785191>, 0.100000
	pigment { color rgbt <1,0,0,0> }
	no_shadow
}

// particle -1
sphere {
	<27.108841, 32.984665, 35.891769> 0.100000
	pigment { color rgbt <1,0,0,0> }
	no_shadow
}
sphere {
	0, 1
	scale<0.080000,0.200000,0.300000>
	matrix <0.794472, -0.440532, 0.418025,
		-0.207275, 0.450304, 0.868483,
		-0.570834, -0.776632, 0.266442,
		26.937592, 32.751675, 35.971703>
	pigment { color rgbt <0,1,1,0> }
	no_shadow
}
cylinder {
	<27.650200, 33.026390, 36.404404>,  <27.337173, 33.295319, 35.785191>, 0.130000
	pigment { color rgbt <1,0,0,0> }
	no_shadow
}

// nucleotide -1

// particle -1
sphere {
	<27.650200, 33.026390, 36.404404> 0.250000
	pigment { color rgbt <1,0,0,0> }
	no_shadow
}
cylinder {
	<27.422035, 32.713341, 36.304699>,  <27.285137, 32.525513, 36.244877>, 0.100000
	pigment { color rgbt <1,0,0,0> }
	no_shadow
}
cylinder {
	<27.422035, 32.713341, 36.304699>,  <27.650200, 33.026390, 36.404404>, 0.100000
	pigment { color rgbt <1,0,0,0> }
	no_shadow
}

// particle -1
sphere {
	<27.422035, 32.713341, 36.304699> 0.100000
	pigment { color rgbt <1,0,0,0> }
	no_shadow
}
sphere {
	0, 1
	scale<0.080000,0.200000,0.300000>
	matrix <0.590949, -0.601812, 0.537215,
		-0.570446, 0.159133, 0.805772,
		-0.570412, -0.782623, -0.249262,
		27.250912, 32.478554, 36.229919>
	pigment { color rgbt <0,1,1,0> }
	no_shadow
}
cylinder {
	<27.410793, 32.620457, 37.024441>,  <27.650200, 33.026390, 36.404404>, 0.130000
	pigment { color rgbt <1,0,0,0> }
	no_shadow
}

// nucleotide -1

// particle -1
sphere {
	<27.410793, 32.620457, 37.024441> 0.250000
	pigment { color rgbt <1,0,0,0> }
	no_shadow
}
cylinder {
	<27.406597, 32.356873, 36.723598>,  <27.404079, 32.198723, 36.543091>, 0.100000
	pigment { color rgbt <1,0,0,0> }
	no_shadow
}
cylinder {
	<27.406597, 32.356873, 36.723598>,  <27.410793, 32.620457, 37.024441>, 0.100000
	pigment { color rgbt <1,0,0,0> }
	no_shadow
}

// particle -1
sphere {
	<27.406597, 32.356873, 36.723598> 0.100000
	pigment { color rgbt <1,0,0,0> }
	no_shadow
}
sphere {
	0, 1
	scale<0.080000,0.200000,0.300000>
	matrix <0.319205, -0.715004, 0.621995,
		-0.947628, -0.233551, 0.217844,
		-0.010492, -0.658956, -0.752108,
		27.403450, 32.159187, 36.497967>
	pigment { color rgbt <0,1,1,0> }
	no_shadow
}
cylinder {
	<27.136551, 32.044323, 37.320038>,  <27.410793, 32.620457, 37.024441>, 0.130000
	pigment { color rgbt <1,0,0,0> }
	no_shadow
}

// nucleotide -1

// particle -1
sphere {
	<27.136551, 32.044323, 37.320038> 0.250000
	pigment { color rgbt <1,0,0,0> }
	no_shadow
}
cylinder {
	<27.366350, 31.931187, 37.012802>,  <27.504229, 31.863306, 36.828461>, 0.100000
	pigment { color rgbt <1,0,0,0> }
	no_shadow
}
cylinder {
	<27.366350, 31.931187, 37.012802>,  <27.136551, 32.044323, 37.320038>, 0.100000
	pigment { color rgbt <1,0,0,0> }
	no_shadow
}

// particle -1
sphere {
	<27.366350, 31.931187, 37.012802> 0.100000
	pigment { color rgbt <1,0,0,0> }
	no_shadow
}
sphere {
	0, 1
	scale<0.080000,0.200000,0.300000>
	matrix <0.379130, -0.739706, 0.555963,
		-0.725402, -0.610605, -0.317731,
		0.574501, -0.282835, -0.768084,
		27.538698, 31.846334, 36.782375>
	pigment { color rgbt <0,1,1,0> }
	no_shadow
}
cylinder {
	<26.857981, 31.297817, 36.950954>,  <27.136551, 32.044323, 37.320038>, 0.130000
	pigment { color rgbt <1,0,0,0> }
	no_shadow
}

// nucleotide -1

// particle -1
sphere {
	<26.857981, 31.297817, 36.950954> 0.250000
	pigment { color rgbt <1,0,0,0> }
	no_shadow
}
cylinder {
	<27.248154, 31.384291, 36.934013>,  <27.482258, 31.436174, 36.923847>, 0.100000
	pigment { color rgbt <1,0,0,0> }
	no_shadow
}
cylinder {
	<27.248154, 31.384291, 36.934013>,  <26.857981, 31.297817, 36.950954>, 0.100000
	pigment { color rgbt <1,0,0,0> }
	no_shadow
}

// particle -1
sphere {
	<27.248154, 31.384291, 36.934013> 0.100000
	pigment { color rgbt <1,0,0,0> }
	no_shadow
}
sphere {
	0, 1
	scale<0.080000,0.200000,0.300000>
	matrix <0.206623, -0.831173, 0.516197,
		0.076391, -0.512267, -0.855422,
		0.975434, 0.216183, -0.042352,
		27.540783, 31.449146, 36.921307>
	pigment { color rgbt <0,1,1,0> }
	no_shadow
}
cylinder {
	<26.902107, 30.900858, 36.317345>,  <26.857981, 31.297817, 36.950954>, 0.130000
	pigment { color rgbt <1,0,0,0> }
	no_shadow
}

// nucleotide -1

// particle -1
sphere {
	<26.902107, 30.900858, 36.317345> 0.250000
	pigment { color rgbt <1,0,0,0> }
	no_shadow
}
cylinder {
	<27.023108, 30.706297, 35.989468>,  <27.095709, 30.589560, 35.792740>, 0.100000
	pigment { color rgbt <1,0,0,0> }
	no_shadow
}
cylinder {
	<27.023108, 30.706297, 35.989468>,  <26.902107, 30.900858, 36.317345>, 0.100000
	pigment { color rgbt <1,0,0,0> }
	no_shadow
}

// particle -1
sphere {
	<27.023108, 30.706297, 35.989468> 0.100000
	pigment { color rgbt <1,0,0,0> }
	no_shadow
}
sphere {
	0, 1
	scale<0.080000,0.200000,0.300000>
	matrix <-0.523481, -0.803460, 0.283582,
		-0.796527, 0.343308, -0.497679,
		0.302509, -0.486406, -0.819693,
		27.113859, 30.560375, 35.743557>
	pigment { color rgbt <0,1,1,0> }
	no_shadow
}
cylinder {
	<26.536417, 30.867744, 35.661938>,  <26.902107, 30.900858, 36.317345>, 0.130000
	pigment { color rgbt <1,0,0,0> }
	no_shadow
}

// nucleotide -1

// particle -1
sphere {
	<26.536417, 30.867744, 35.661938> 0.250000
	pigment { color rgbt <1,0,0,0> }
	no_shadow
}
cylinder {
	<26.807554, 31.137463, 35.779140>,  <26.970238, 31.299294, 35.849461>, 0.100000
	pigment { color rgbt <1,0,0,0> }
	no_shadow
}
cylinder {
	<26.807554, 31.137463, 35.779140>,  <26.536417, 30.867744, 35.661938>, 0.100000
	pigment { color rgbt <1,0,0,0> }
	no_shadow
}

// particle -1
sphere {
	<26.807554, 31.137463, 35.779140> 0.100000
	pigment { color rgbt <1,0,0,0> }
	no_shadow
}
sphere {
	0, 1
	scale<0.080000,0.200000,0.300000>
	matrix <0.538770, -0.184409, -0.822022,
		-0.500254, 0.715065, -0.488292,
		0.677845, 0.674296, 0.293004,
		27.010908, 31.339752, 35.867043>
	pigment { color rgbt <0,1,1,0> }
	no_shadow
}
cylinder {
	<26.388159, 31.623777, 35.843906>,  <26.536417, 30.867744, 35.661938>, 0.130000
	pigment { color rgbt <1,0,0,0> }
	no_shadow
}

// nucleotide -1

// particle -1
sphere {
	<26.388159, 31.623777, 35.843906> 0.250000
	pigment { color rgbt <1,0,0,0> }
	no_shadow
}
cylinder {
	<26.661627, 31.876369, 35.990238>,  <26.825708, 32.027924, 36.078037>, 0.100000
	pigment { color rgbt <1,0,0,0> }
	no_shadow
}
cylinder {
	<26.661627, 31.876369, 35.990238>,  <26.388159, 31.623777, 35.843906>, 0.100000
	pigment { color rgbt <1,0,0,0> }
	no_shadow
}

// particle -1
sphere {
	<26.661627, 31.876369, 35.990238> 0.100000
	pigment { color rgbt <1,0,0,0> }
	no_shadow
}
sphere {
	0, 1
	scale<0.080000,0.200000,0.300000>
	matrix <-0.634466, 0.762003, -0.129630,
		-0.360619, -0.143481, 0.921611,
		0.683671, 0.631478, 0.365827,
		26.866728, 32.065811, 36.099987>
	pigment { color rgbt <0,1,1,0> }
	no_shadow
}
cylinder {
	<26.184763, 31.839073, 36.483910>,  <26.388159, 31.623777, 35.843906>, 0.130000
	pigment { color rgbt <1,0,0,0> }
	no_shadow
}

// nucleotide -1

// particle -1
sphere {
	<26.184763, 31.839073, 36.483910> 0.250000
	pigment { color rgbt <1,0,0,0> }
	no_shadow
}
cylinder {
	<26.418339, 32.112499, 36.308750>,  <26.558485, 32.276554, 36.203655>, 0.100000
	pigment { color rgbt <1,0,0,0> }
	no_shadow
}
cylinder {
	<26.418339, 32.112499, 36.308750>,  <26.184763, 31.839073, 36.483910>, 0.100000
	pigment { color rgbt <1,0,0,0> }
	no_shadow
}

// particle -1
sphere {
	<26.418339, 32.112499, 36.308750> 0.100000
	pigment { color rgbt <1,0,0,0> }
	no_shadow
}
sphere {
	0, 1
	scale<0.080000,0.200000,0.300000>
	matrix <-0.752307, 0.658357, 0.024495,
		0.305038, 0.315132, 0.898690,
		0.583939, 0.683563, -0.437899,
		26.593521, 32.317570, 36.177380>
	pigment { color rgbt <0,1,1,0> }
	no_shadow
}
cylinder {
	<26.087286, 32.440002, 36.941093>,  <26.184763, 31.839073, 36.483910>, 0.130000
	pigment { color rgbt <1,0,0,0> }
	no_shadow
}

// nucleotide -1

// particle -1
sphere {
	<26.087286, 32.440002, 36.941093> 0.250000
	pigment { color rgbt <1,0,0,0> }
	no_shadow
}
cylinder {
	<26.220926, 32.560818, 36.583961>,  <26.301111, 32.633308, 36.369682>, 0.100000
	pigment { color rgbt <1,0,0,0> }
	no_shadow
}
cylinder {
	<26.220926, 32.560818, 36.583961>,  <26.087286, 32.440002, 36.941093>, 0.100000
	pigment { color rgbt <1,0,0,0> }
	no_shadow
}

// particle -1
sphere {
	<26.220926, 32.560818, 36.583961> 0.100000
	pigment { color rgbt <1,0,0,0> }
	no_shadow
}
sphere {
	0, 1
	scale<0.080000,0.200000,0.300000>
	matrix <-0.625644, 0.779547, 0.029596,
		0.704944, 0.548707, 0.449416,
		0.334101, 0.302038, -0.892832,
		26.321157, 32.651428, 36.316113>
	pigment { color rgbt <0,1,1,0> }
	no_shadow
}
cylinder {
	<26.247265, 33.181107, 37.036552>,  <26.087286, 32.440002, 36.941093>, 0.130000
	pigment { color rgbt <1,0,0,0> }
	no_shadow
}

// nucleotide -1

// particle -1
sphere {
	<26.247265, 33.181107, 37.036552> 0.250000
	pigment { color rgbt <1,0,0,0> }
	no_shadow
}
cylinder {
	<26.197111, 33.111088, 36.645935>,  <26.167019, 33.069077, 36.411564>, 0.100000
	pigment { color rgbt <1,0,0,0> }
	no_shadow
}
cylinder {
	<26.197111, 33.111088, 36.645935>,  <26.247265, 33.181107, 37.036552>, 0.100000
	pigment { color rgbt <1,0,0,0> }
	no_shadow
}

// particle -1
sphere {
	<26.197111, 33.111088, 36.645935> 0.100000
	pigment { color rgbt <1,0,0,0> }
	no_shadow
}
sphere {
	0, 1
	scale<0.080000,0.200000,0.300000>
	matrix <-0.755333, 0.655022, -0.020432,
		0.643234, 0.735054, -0.214348,
		-0.125384, -0.175047, -0.976544,
		26.159496, 33.058575, 36.352970>
	pigment { color rgbt <0,1,1,0> }
	no_shadow
}
cylinder {
	<26.314072, 33.883274, 36.623943>,  <26.247265, 33.181107, 37.036552>, 0.130000
	pigment { color rgbt <1,0,0,0> }
	no_shadow
}

// nucleotide -1

// particle -1
sphere {
	<26.314072, 33.883274, 36.623943> 0.250000
	pigment { color rgbt <1,0,0,0> }
	no_shadow
}
cylinder {
	<26.097454, 33.612865, 36.424053>,  <25.967484, 33.450623, 36.304119>, 0.100000
	pigment { color rgbt <1,0,0,0> }
	no_shadow
}
cylinder {
	<26.097454, 33.612865, 36.424053>,  <26.314072, 33.883274, 36.623943>, 0.100000
	pigment { color rgbt <1,0,0,0> }
	no_shadow
}

// particle -1
sphere {
	<26.097454, 33.612865, 36.424053> 0.100000
	pigment { color rgbt <1,0,0,0> }
	no_shadow
}
sphere {
	0, 1
	scale<0.080000,0.200000,0.300000>
	matrix <-0.759402, 0.648365, -0.054140,
		0.360606, 0.350175, -0.864489,
		-0.541546, -0.676018, -0.499728,
		25.934990, 33.410061, 36.274136>
	pigment { color rgbt <0,1,1,0> }
	no_shadow
}
cylinder {
	<26.656883, 34.412025, 36.959393>,  <26.314072, 33.883274, 36.623943>, 0.130000
	pigment { color rgbt <1,0,0,0> }
	no_shadow
}

// nucleotide -1

// particle -1
sphere {
	<26.656883, 34.412025, 36.959393> 0.250000
	pigment { color rgbt <1,0,0,0> }
	no_shadow
}
cylinder {
	<26.646708, 34.622581, 36.619446>,  <26.640602, 34.748917, 36.415478>, 0.100000
	pigment { color rgbt <1,0,0,0> }
	no_shadow
}
cylinder {
	<26.646708, 34.622581, 36.619446>,  <26.656883, 34.412025, 36.959393>, 0.100000
	pigment { color rgbt <1,0,0,0> }
	no_shadow
}

// particle -1
sphere {
	<26.646708, 34.622581, 36.619446> 0.100000
	pigment { color rgbt <1,0,0,0> }
	no_shadow
}
sphere {
	0, 1
	scale<0.080000,0.200000,0.300000>
	matrix <0.965919, -0.206116, -0.156577,
		-0.257591, -0.824882, -0.503206,
		-0.025439, 0.526390, -0.849863,
		26.639076, 34.780499, 36.364487>
	pigment { color rgbt <0,1,1,0> }
	no_shadow
}
cylinder {
	<26.949883, 34.044601, 36.350155>,  <26.656883, 34.412025, 36.959393>, 0.130000
	pigment { color rgbt <1,0,0,0> }
	no_shadow
}

// nucleotide -1

// particle -1
sphere {
	<26.949883, 34.044601, 36.350155> 0.250000
	pigment { color rgbt <1,0,0,0> }
	no_shadow
}
cylinder {
	<26.974211, 34.442390, 36.315929>,  <26.988808, 34.681065, 36.295395>, 0.100000
	pigment { color rgbt <1,0,0,0> }
	no_shadow
}
cylinder {
	<26.974211, 34.442390, 36.315929>,  <26.949883, 34.044601, 36.350155>, 0.100000
	pigment { color rgbt <1,0,0,0> }
	no_shadow
}

// particle -1
sphere {
	<26.974211, 34.442390, 36.315929> 0.100000
	pigment { color rgbt <1,0,0,0> }
	no_shadow
}
sphere {
	0, 1
	scale<0.080000,0.200000,0.300000>
	matrix <0.957784, -0.082278, -0.275463,
		-0.280980, -0.065194, -0.957497,
		0.060823, 0.994475, -0.085560,
		26.992458, 34.740734, 36.290260>
	pigment { color rgbt <0,1,1,0> }
	no_shadow
}
cylinder {
	<27.340252, 34.187996, 35.844086>,  <26.949883, 34.044601, 36.350155>, 0.130000
	pigment { color rgbt <1,0,0,0> }
	no_shadow
}

// nucleotide -1

// particle -1
sphere {
	<27.340252, 34.187996, 35.844086> 0.250000
	pigment { color rgbt <1,0,0,0> }
	no_shadow
}
cylinder {
	<27.384876, 34.473339, 36.120831>,  <27.411650, 34.644547, 36.286877>, 0.100000
	pigment { color rgbt <1,0,0,0> }
	no_shadow
}
cylinder {
	<27.384876, 34.473339, 36.120831>,  <27.340252, 34.187996, 35.844086>, 0.100000
	pigment { color rgbt <1,0,0,0> }
	no_shadow
}

// particle -1
sphere {
	<27.384876, 34.473339, 36.120831> 0.100000
	pigment { color rgbt <1,0,0,0> }
	no_shadow
}
sphere {
	0, 1
	scale<0.080000,0.200000,0.300000>
	matrix <0.989850, -0.141446, -0.013767,
		0.088041, 0.686376, -0.721898,
		0.111559, 0.713359, 0.691862,
		27.418344, 34.687347, 36.328388>
	pigment { color rgbt <0,1,1,0> }
	no_shadow
}
cylinder {
	<27.922848, 34.773087, 35.659134>,  <27.340252, 34.187996, 35.844086>, 0.130000
	pigment { color rgbt <1,0,0,0> }
	no_shadow
}

// nucleotide -1

// particle -1
sphere {
	<27.922848, 34.773087, 35.659134> 0.250000
	pigment { color rgbt <1,0,0,0> }
	no_shadow
}
cylinder {
	<27.880821, 34.720341, 36.053406>,  <27.855606, 34.688694, 36.289970>, 0.100000
	pigment { color rgbt <1,0,0,0> }
	no_shadow
}
cylinder {
	<27.880821, 34.720341, 36.053406>,  <27.922848, 34.773087, 35.659134>, 0.100000
	pigment { color rgbt <1,0,0,0> }
	no_shadow
}

// particle -1
sphere {
	<27.880821, 34.720341, 36.053406> 0.100000
	pigment { color rgbt <1,0,0,0> }
	no_shadow
}
sphere {
	0, 1
	scale<0.080000,0.200000,0.300000>
	matrix <0.992675, -0.073350, 0.095997,
		0.059641, 0.988550, 0.138610,
		-0.105065, -0.131869, 0.985683,
		27.849302, 34.680779, 36.349110>
	pigment { color rgbt <0,1,1,0> }
	no_shadow
}
cylinder {
	<28.278175, 35.203457, 35.951984>,  <27.922848, 34.773087, 35.659134>, 0.130000
	pigment { color rgbt <1,0,0,0> }
	no_shadow
}

// nucleotide -1

// particle -1
sphere {
	<28.278175, 35.203457, 35.951984> 0.250000
	pigment { color rgbt <1,0,0,0> }
	no_shadow
}
cylinder {
	<28.286976, 34.912094, 36.225903>,  <28.292257, 34.737278, 36.390255>, 0.100000
	pigment { color rgbt <1,0,0,0> }
	no_shadow
}
cylinder {
	<28.286976, 34.912094, 36.225903>,  <28.278175, 35.203457, 35.951984>, 0.100000
	pigment { color rgbt <1,0,0,0> }
	no_shadow
}

// particle -1
sphere {
	<28.286976, 34.912094, 36.225903> 0.100000
	pigment { color rgbt <1,0,0,0> }
	no_shadow
}
sphere {
	0, 1
	scale<0.080000,0.200000,0.300000>
	matrix <0.995190, 0.081363, 0.054568,
		-0.095465, 0.680300, 0.726690,
		0.022003, -0.728404, 0.684795,
		28.293577, 34.693573, 36.431339>
	pigment { color rgbt <0,1,1,0> }
	no_shadow
}
cylinder {
	<28.716307, 35.451336, 36.590199>,  <28.278175, 35.203457, 35.951984>, 0.130000
	pigment { color rgbt <1,0,0,0> }
	no_shadow
}

// nucleotide -1

// particle -1
sphere {
	<28.716307, 35.451336, 36.590199> 0.250000
	pigment { color rgbt <1,0,0,0> }
	no_shadow
}
cylinder {
	<28.727619, 35.051537, 36.595917>,  <28.734406, 34.811657, 36.599346>, 0.100000
	pigment { color rgbt <1,0,0,0> }
	no_shadow
}
cylinder {
	<28.727619, 35.051537, 36.595917>,  <28.716307, 35.451336, 36.590199>, 0.100000
	pigment { color rgbt <1,0,0,0> }
	no_shadow
}

// particle -1
sphere {
	<28.727619, 35.051537, 36.595917> 0.100000
	pigment { color rgbt <1,0,0,0> }
	no_shadow
}
sphere {
	0, 1
	scale<0.080000,0.200000,0.300000>
	matrix <0.918476, 0.031625, 0.394210,
		-0.394464, 0.001982, 0.918909,
		0.028279, -0.999498, 0.014296,
		28.736103, 34.751686, 36.600204>
	pigment { color rgbt <0,1,1,0> }
	no_shadow
}
cylinder {
	<28.924234, 35.280239, 37.278149>,  <28.716307, 35.451336, 36.590199>, 0.130000
	pigment { color rgbt <1,0,0,0> }
	no_shadow
}

// nucleotide -1

// particle -1
sphere {
	<28.924234, 35.280239, 37.278149> 0.250000
	pigment { color rgbt <1,0,0,0> }
	no_shadow
}
cylinder {
	<29.017740, 35.000950, 37.007492>,  <29.073843, 34.833378, 36.845097>, 0.100000
	pigment { color rgbt <1,0,0,0> }
	no_shadow
}
cylinder {
	<29.017740, 35.000950, 37.007492>,  <28.924234, 35.280239, 37.278149>, 0.100000
	pigment { color rgbt <1,0,0,0> }
	no_shadow
}

// particle -1
sphere {
	<29.017740, 35.000950, 37.007492> 0.100000
	pigment { color rgbt <1,0,0,0> }
	no_shadow
}
sphere {
	0, 1
	scale<0.080000,0.200000,0.300000>
	matrix <0.895718, -0.116058, 0.429208,
		-0.378210, -0.706415, 0.598277,
		0.233764, -0.698219, -0.676643,
		29.087870, 34.791485, 36.804501>
	pigment { color rgbt <0,1,1,0> }
	no_shadow
}
cylinder {
	<29.312519, 34.765217, 37.587166>,  <28.924234, 35.280239, 37.278149>, 0.130000
	pigment { color rgbt <1,0,0,0> }
	no_shadow
}

// nucleotide -1

// particle -1
sphere {
	<29.312519, 34.765217, 37.587166> 0.250000
	pigment { color rgbt <1,0,0,0> }
	no_shadow
}
cylinder {
	<29.402905, 34.739899, 37.198334>,  <29.457136, 34.724709, 36.965034>, 0.100000
	pigment { color rgbt <1,0,0,0> }
	no_shadow
}
cylinder {
	<29.402905, 34.739899, 37.198334>,  <29.312519, 34.765217, 37.587166>, 0.100000
	pigment { color rgbt <1,0,0,0> }
	no_shadow
}

// particle -1
sphere {
	<29.402905, 34.739899, 37.198334> 0.100000
	pigment { color rgbt <1,0,0,0> }
	no_shadow
}
sphere {
	0, 1
	scale<0.080000,0.200000,0.300000>
	matrix <0.935795, -0.263100, 0.234662,
		-0.270607, -0.962690, -0.000220,
		0.225965, -0.063296, -0.972077,
		29.470694, 34.720909, 36.906712>
	pigment { color rgbt <0,1,1,0> }
	no_shadow
}
cylinder {
	<29.446882, 34.009521, 37.418919>,  <29.312519, 34.765217, 37.587166>, 0.130000
	pigment { color rgbt <1,0,0,0> }
	no_shadow
}

// nucleotide -1

// particle -1
sphere {
	<29.446882, 34.009521, 37.418919> 0.250000
	pigment { color rgbt <1,0,0,0> }
	no_shadow
}
cylinder {
	<29.631756, 34.233234, 37.143646>,  <29.742680, 34.367462, 36.978481>, 0.100000
	pigment { color rgbt <1,0,0,0> }
	no_shadow
}
cylinder {
	<29.631756, 34.233234, 37.143646>,  <29.446882, 34.009521, 37.418919>, 0.100000
	pigment { color rgbt <1,0,0,0> }
	no_shadow
}

// particle -1
sphere {
	<29.631756, 34.233234, 37.143646> 0.100000
	pigment { color rgbt <1,0,0,0> }
	no_shadow
}
sphere {
	0, 1
	scale<0.080000,0.200000,0.300000>
	matrix <0.838868, -0.527385, 0.134780,
		-0.287556, -0.639585, -0.712911,
		0.462182, 0.559281, -0.688180,
		29.770411, 34.401020, 36.937191>
	pigment { color rgbt <0,1,1,0> }
	no_shadow
}
cylinder {
	<29.580675, 33.681915, 36.779984>,  <29.446882, 34.009521, 37.418919>, 0.130000
	pigment { color rgbt <1,0,0,0> }
	no_shadow
}

// nucleotide -1

// particle -1
sphere {
	<29.580675, 33.681915, 36.779984> 0.250000
	pigment { color rgbt <1,0,0,0> }
	no_shadow
}
cylinder {
	<29.856649, 33.961899, 36.853794>,  <30.022234, 34.129890, 36.898079>, 0.100000
	pigment { color rgbt <1,0,0,0> }
	no_shadow
}
cylinder {
	<29.856649, 33.961899, 36.853794>,  <29.580675, 33.681915, 36.779984>, 0.100000
	pigment { color rgbt <1,0,0,0> }
	no_shadow
}

// particle -1
sphere {
	<29.856649, 33.961899, 36.853794> 0.100000
	pigment { color rgbt <1,0,0,0> }
	no_shadow
}
sphere {
	0, 1
	scale<0.080000,0.200000,0.300000>
	matrix <0.715858, -0.697582, -0.030436,
		0.107415, 0.153091, -0.982357,
		0.689934, 0.699959, 0.184522,
		30.063629, 34.171886, 36.909149>
	pigment { color rgbt <0,1,1,0> }
	no_shadow
}
cylinder {
	<30.024876, 33.639191, 36.286045>,  <29.580675, 33.681915, 36.779984>, 0.130000
	pigment { color rgbt <1,0,0,0> }
	no_shadow
}

// nucleotide -1

// particle -1
sphere {
	<30.024876, 33.639191, 36.286045> 0.250000
	pigment { color rgbt <1,0,0,0> }
	no_shadow
}
cylinder {
	<30.232992, 33.809139, 36.582363>,  <30.357862, 33.911110, 36.760155>, 0.100000
	pigment { color rgbt <1,0,0,0> }
	no_shadow
}
cylinder {
	<30.232992, 33.809139, 36.582363>,  <30.024876, 33.639191, 36.286045>, 0.100000
	pigment { color rgbt <1,0,0,0> }
	no_shadow
}

// particle -1
sphere {
	<30.232992, 33.809139, 36.582363> 0.100000
	pigment { color rgbt <1,0,0,0> }
	no_shadow
}
sphere {
	0, 1
	scale<0.080000,0.200000,0.300000>
	matrix <0.773428, -0.602230, -0.197809,
		0.362089, 0.675873, -0.641940,
		0.520290, 0.424870, 0.740800,
		30.389078, 33.936600, 36.804604>
	pigment { color rgbt <0,1,1,0> }
	no_shadow
}
cylinder {
	<30.623365, 33.690029, 36.042103>,  <30.024876, 33.639191, 36.286045>, 0.130000
	pigment { color rgbt <1,0,0,0> }
	no_shadow
}

// nucleotide -1

// particle -1
sphere {
	<30.623365, 33.690029, 36.042103> 0.250000
	pigment { color rgbt <1,0,0,0> }
	no_shadow
}
cylinder {
	<30.689960, 33.725483, 36.434925>,  <30.729918, 33.746754, 36.670616>, 0.100000
	pigment { color rgbt <1,0,0,0> }
	no_shadow
}
cylinder {
	<30.689960, 33.725483, 36.434925>,  <30.623365, 33.690029, 36.042103>, 0.100000
	pigment { color rgbt <1,0,0,0> }
	no_shadow
}

// particle -1
sphere {
	<30.689960, 33.725483, 36.434925> 0.100000
	pigment { color rgbt <1,0,0,0> }
	no_shadow
}
sphere {
	0, 1
	scale<0.080000,0.200000,0.300000>
	matrix <0.831931, -0.547259, -0.091644,
		0.529314, 0.832257, -0.164850,
		0.166487, 0.088636, 0.982052,
		30.739906, 33.752075, 36.729542>
	pigment { color rgbt <0,1,1,0> }
	no_shadow
}
cylinder {
	<31.207146, 34.162613, 36.147835>,  <30.623365, 33.690029, 36.042103>, 0.130000
	pigment { color rgbt <1,0,0,0> }
	no_shadow
}

// nucleotide -1

// particle -1
sphere {
	<31.207146, 34.162613, 36.147835> 0.250000
	pigment { color rgbt <1,0,0,0> }
	no_shadow
}
cylinder {
	<31.163393, 33.937759, 36.475746>,  <31.137140, 33.802845, 36.672493>, 0.100000
	pigment { color rgbt <1,0,0,0> }
	no_shadow
}
cylinder {
	<31.163393, 33.937759, 36.475746>,  <31.207146, 34.162613, 36.147835>, 0.100000
	pigment { color rgbt <1,0,0,0> }
	no_shadow
}

// particle -1
sphere {
	<31.163393, 33.937759, 36.475746> 0.100000
	pigment { color rgbt <1,0,0,0> }
	no_shadow
}
sphere {
	0, 1
	scale<0.080000,0.200000,0.300000>
	matrix <0.869461, -0.453811, -0.195173,
		0.481739, 0.691418, 0.538394,
		-0.109383, -0.562136, 0.819780,
		31.130579, 33.769119, 36.721680>
	pigment { color rgbt <0,1,1,0> }
	no_shadow
}
cylinder {
	<31.596107, 34.317459, 36.645065>,  <31.207146, 34.162613, 36.147835>, 0.130000
	pigment { color rgbt <1,0,0,0> }
	no_shadow
}

// nucleotide -1

// particle -1
sphere {
	<31.596107, 34.317459, 36.645065> 0.250000
	pigment { color rgbt <1,0,0,0> }
	no_shadow
}
cylinder {
	<31.525703, 33.923935, 36.631561>,  <31.483461, 33.687820, 36.623459>, 0.100000
	pigment { color rgbt <1,0,0,0> }
	no_shadow
}
cylinder {
	<31.525703, 33.923935, 36.631561>,  <31.596107, 34.317459, 36.645065>, 0.100000
	pigment { color rgbt <1,0,0,0> }
	no_shadow
}

// particle -1
sphere {
	<31.525703, 33.923935, 36.631561> 0.100000
	pigment { color rgbt <1,0,0,0> }
	no_shadow
}
sphere {
	0, 1
	scale<0.080000,0.200000,0.300000>
	matrix <0.909503, -0.149403, -0.387922,
		0.376597, -0.098984, 0.921074,
		-0.176009, -0.983809, -0.033762,
		31.472900, 33.628792, 36.621433>
	pigment { color rgbt <0,1,1,0> }
	no_shadow
}
cylinder {
	<32.073112, 34.146378, 37.199749>,  <31.596107, 34.317459, 36.645065>, 0.130000
	pigment { color rgbt <1,0,0,0> }
	no_shadow
}

// nucleotide -1

// particle -1
sphere {
	<32.073112, 34.146378, 37.199749> 0.250000
	pigment { color rgbt <1,0,0,0> }
	no_shadow
}
cylinder {
	<31.804607, 33.873806, 37.316406>,  <31.643505, 33.710262, 37.386402>, 0.100000
	pigment { color rgbt <1,0,0,0> }
	no_shadow
}
cylinder {
	<31.804607, 33.873806, 37.316406>,  <32.073112, 34.146378, 37.199749>, 0.100000
	pigment { color rgbt <1,0,0,0> }
	no_shadow
}

// particle -1
sphere {
	<31.804607, 33.873806, 37.316406> 0.100000
	pigment { color rgbt <1,0,0,0> }
	no_shadow
}
sphere {
	0, 1
	scale<0.080000,0.200000,0.300000>
	matrix <0.737164, -0.654848, 0.166625,
		0.077440, 0.326840, 0.941902,
		-0.671261, -0.681433, 0.291646,
		31.603230, 33.669376, 37.403900>
	pigment { color rgbt <0,1,1,0> }
	no_shadow
}
cylinder {
	<32.414730, 33.845314, 37.749645>,  <32.073112, 34.146378, 37.199749>, 0.130000
	pigment { color rgbt <1,0,0,0> }
	no_shadow
}

// nucleotide -1

// particle -1
sphere {
	<32.414730, 33.845314, 37.749645> 0.250000
	pigment { color rgbt <1,0,0,0> }
	no_shadow
}
cylinder {
	<32.142494, 33.584824, 37.615360>,  <31.979153, 33.428528, 37.534790>, 0.100000
	pigment { color rgbt <1,0,0,0> }
	no_shadow
}
cylinder {
	<32.142494, 33.584824, 37.615360>,  <32.414730, 33.845314, 37.749645>, 0.100000
	pigment { color rgbt <1,0,0,0> }
	no_shadow
}

// particle -1
sphere {
	<32.142494, 33.584824, 37.615360> 0.100000
	pigment { color rgbt <1,0,0,0> }
	no_shadow
}
sphere {
	0, 1
	scale<0.080000,0.200000,0.300000>
	matrix <0.718710, -0.682421, -0.133255,
		-0.142316, -0.331971, 0.932492,
		-0.680590, -0.651227, -0.335710,
		31.938318, 33.389454, 37.514648>
	pigment { color rgbt <0,1,1,0> }
	no_shadow
}
cylinder {
	<32.273678, 33.256012, 38.181580>,  <32.414730, 33.845314, 37.749645>, 0.130000
	pigment { color rgbt <1,0,0,0> }
	no_shadow
}

// nucleotide -1

// particle -1
sphere {
	<32.273678, 33.256012, 38.181580> 0.250000
	pigment { color rgbt <1,0,0,0> }
	no_shadow
}
cylinder {
	<32.217239, 33.154243, 37.798882>,  <32.183376, 33.093182, 37.569263>, 0.100000
	pigment { color rgbt <1,0,0,0> }
	no_shadow
}
cylinder {
	<32.217239, 33.154243, 37.798882>,  <32.273678, 33.256012, 38.181580>, 0.100000
	pigment { color rgbt <1,0,0,0> }
	no_shadow
}

// particle -1
sphere {
	<32.217239, 33.154243, 37.798882> 0.100000
	pigment { color rgbt <1,0,0,0> }
	no_shadow
}
sphere {
	0, 1
	scale<0.080000,0.200000,0.300000>
	matrix <0.762108, -0.644750, 0.059062,
		-0.631888, -0.720809, 0.284872,
		-0.141099, -0.254424, -0.956744,
		32.174911, 33.077915, 37.511860>
	pigment { color rgbt <0,1,1,0> }
	no_shadow
}
cylinder {
	<33.058239, 33.608364, 38.402328>,  <32.273678, 33.256012, 38.181580>, 0.130000
	pigment { color rgbt <1,0,0,0> }
	no_shadow
}

// nucleotide -1

// particle -1
sphere {
	<33.058239, 33.608364, 38.402328> 0.250000
	pigment { color rgbt <1,0,0,0> }
	no_shadow
}
cylinder {
	<33.351059, 33.880474, 38.416927>,  <33.526752, 34.043739, 38.425686>, 0.100000
	pigment { color rgbt <1,0,0,0> }
	no_shadow
}
cylinder {
	<33.351059, 33.880474, 38.416927>,  <33.058239, 33.608364, 38.402328>, 0.100000
	pigment { color rgbt <1,0,0,0> }
	no_shadow
}

// particle -1
sphere {
	<33.351059, 33.880474, 38.416927> 0.100000
	pigment { color rgbt <1,0,0,0> }
	no_shadow
}
sphere {
	0, 1
	scale<0.080000,0.200000,0.300000>
	matrix <0.579893, -0.594125, -0.557441,
		-0.357527, 0.429240, -0.829414,
		0.732051, 0.680271, 0.036497,
		33.570675, 34.084557, 38.427876>
	pigment { color rgbt <0,1,1,0> }
	no_shadow
}
cylinder {
	<33.493118, 33.466278, 37.746151>,  <33.058239, 33.608364, 38.402328>, 0.130000
	pigment { color rgbt <1,0,0,0> }
	no_shadow
}

// nucleotide -1

// particle -1
sphere {
	<33.493118, 33.466278, 37.746151> 0.250000
	pigment { color rgbt <1,0,0,0> }
	no_shadow
}
cylinder {
	<33.132416, 33.421898, 37.579044>,  <32.915997, 33.395267, 37.478779>, 0.100000
	pigment { color rgbt <1,0,0,0> }
	no_shadow
}
cylinder {
	<33.132416, 33.421898, 37.579044>,  <33.493118, 33.466278, 37.746151>, 0.100000
	pigment { color rgbt <1,0,0,0> }
	no_shadow
}

// particle -1
sphere {
	<33.132416, 33.421898, 37.579044> 0.100000
	pigment { color rgbt <1,0,0,0> }
	no_shadow
}
sphere {
	0, 1
	scale<0.080000,0.200000,0.300000>
	matrix <0.148119, 0.828660, -0.539799,
		0.406081, -0.548645, -0.730813,
		-0.901753, -0.110955, -0.417768,
		32.861889, 33.388611, 37.453712>
	pigment { color rgbt <0,1,1,0> }
	no_shadow
}
cylinder {
	<33.405029, 33.470352, 36.939533>,  <33.493118, 33.466278, 37.746151>, 0.130000
	pigment { color rgbt <1,0,0,0> }
	no_shadow
}

// nucleotide -1

// particle -1
sphere {
	<33.405029, 33.470352, 36.939533> 0.250000
	pigment { color rgbt <1,0,0,0> }
	no_shadow
}
cylinder {
	<33.050304, 33.604652, 37.066555>,  <32.837471, 33.685234, 37.142769>, 0.100000
	pigment { color rgbt <1,0,0,0> }
	no_shadow
}
cylinder {
	<33.050304, 33.604652, 37.066555>,  <33.405029, 33.470352, 36.939533>, 0.100000
	pigment { color rgbt <1,0,0,0> }
	no_shadow
}

// particle -1
sphere {
	<33.050304, 33.604652, 37.066555> 0.100000
	pigment { color rgbt <1,0,0,0> }
	no_shadow
}
sphere {
	0, 1
	scale<0.080000,0.200000,0.300000>
	matrix <0.000418, 0.687722, -0.725973,
		-0.462134, -0.643668, -0.610020,
		-0.886810, 0.335752, 0.317551,
		32.784260, 33.705379, 37.161819>
	pigment { color rgbt <0,1,1,0> }
	no_shadow
}
cylinder {
	<33.178108, 33.022800, 36.529686>,  <33.405029, 33.470352, 36.939533>, 0.130000
	pigment { color rgbt <1,0,0,0> }
	no_shadow
}

// nucleotide -1

// particle -1
sphere {
	<33.178108, 33.022800, 36.529686> 0.250000
	pigment { color rgbt <1,0,0,0> }
	no_shadow
}
cylinder {
	<33.504505, 33.057358, 36.758312>,  <33.700344, 33.078091, 36.895489>, 0.100000
	pigment { color rgbt <1,0,0,0> }
	no_shadow
}
cylinder {
	<33.504505, 33.057358, 36.758312>,  <33.178108, 33.022800, 36.529686>, 0.100000
	pigment { color rgbt <1,0,0,0> }
	no_shadow
}

// particle -1
sphere {
	<33.504505, 33.057358, 36.758312> 0.100000
	pigment { color rgbt <1,0,0,0> }
	no_shadow
}
sphere {
	0, 1
	scale<0.080000,0.200000,0.300000>
	matrix <-0.577575, 0.162442, 0.800013,
		-0.023731, -0.982929, 0.182450,
		0.815993, 0.086393, 0.571570,
		33.749302, 33.083275, 36.929783>
	pigment { color rgbt <0,1,1,0> }
	no_shadow
}
cylinder {
	<32.516453, 33.226696, 36.470886>,  <33.178108, 33.022800, 36.529686>, 0.130000
	pigment { color rgbt <1,0,0,0> }
	no_shadow
}

// nucleotide -1

// particle -1
sphere {
	<32.516453, 33.226696, 36.470886> 0.250000
	pigment { color rgbt <1,0,0,0> }
	no_shadow
}
cylinder {
	<32.447170, 32.970772, 36.770390>,  <32.405602, 32.817215, 36.950092>, 0.100000
	pigment { color rgbt <1,0,0,0> }
	no_shadow
}
cylinder {
	<32.447170, 32.970772, 36.770390>,  <32.516453, 33.226696, 36.470886>, 0.100000
	pigment { color rgbt <1,0,0,0> }
	no_shadow
}

// particle -1
sphere {
	<32.447170, 32.970772, 36.770390> 0.100000
	pigment { color rgbt <1,0,0,0> }
	no_shadow
}
sphere {
	0, 1
	scale<0.080000,0.200000,0.300000>
	matrix <-0.836479, 0.496889, 0.231095,
