// switches for output
#declare DRAW_BASES = 1; // possible values are 0, 1; only relevant for DNA ribbons
#declare DRAW_BASES_TYPE = 3; // possible values are 1, 2, 3; only relevant for DNA ribbons
#declare DRAW_FOG = 0; // set to 1 to enable fog

#include "colors.inc"

#include "transforms.inc"
background { rgb <1, 1, 1>}

#default {
   normal{
       ripples 0.25
       frequency 0.20
       turbulence 0.2
       lambda 5
   }
	finish {
		phong 0.1
		phong_size 40.
	}
}

// original window dimensions: 1024x640


// camera settings

camera {
	sky <0, 0.179814, -0.983701>
	up <0, 0.179814, -0.983701>
	right 1.6 * <1, 0, 0>
	location <35, 94.9851, 44.8844>
	look_at <35, 29.7336, 32.9568>
	direction <0, -65.2515, -11.9276>
	angle 67.0682
}


# declare cpy_camera_pos = <35, 94.9851, 44.8844>;
# if (DRAW_FOG = 1)
fog {
	fog_type 2
	up vnormalize(cpy_camera_pos)
	color rgbt<1,1,1,0.3>
	distance 1e-5
	fog_alt 3e-3
	fog_offset 56
}
# end


// LIGHTS

# declare lum = 6;
global_settings {
	ambient_light rgb lum * <0.05, 0.05, 0.05>
	max_trace_level 15
}# declare cpy_direct_light_amount = 0.25;
light_source
{	1000 * <-1, -1.16352, -0.803886>,
	rgb lum * cpy_direct_light_amount
	parallel
}

light_source
{	1000 * <1, 1.16352, 0.803886>,
	rgb lum * cpy_direct_light_amount
	parallel
}

// strand 0

// nucleotide -1

// particle -1
sphere {
	<24.361782, 35.439026, 35.107666> 0.250000
	pigment { color rgbt <1,0,0,0> }
	no_shadow
}
cylinder {
	<24.503597, 35.083279, 34.992207>,  <24.588686, 34.869831, 34.922932>, 0.100000
	pigment { color rgbt <1,0,0,0> }
	no_shadow
}
cylinder {
	<24.503597, 35.083279, 34.992207>,  <24.361782, 35.439026, 35.107666>, 0.100000
	pigment { color rgbt <1,0,0,0> }
	no_shadow
}

// particle -1
sphere {
	<24.503597, 35.083279, 34.992207> 0.100000
	pigment { color rgbt <1,0,0,0> }
	no_shadow
}
sphere {
	0, 1
	scale<0.080000,0.200000,0.300000>
	matrix <0.838222, 0.165504, 0.519608,
		-0.414352, -0.426175, 0.804169,
		0.354537, -0.889372, -0.288652,
		24.609959, 34.816467, 34.905609>
	pigment { color rgbt <0,1,1,0> }
	no_shadow
}
cylinder {
	<24.603313, 35.059887, 35.751404>,  <24.361782, 35.439026, 35.107666>, 0.130000
	pigment { color rgbt <1,0,0,0> }
	no_shadow
}

// nucleotide -1

// particle -1
sphere {
	<24.603313, 35.059887, 35.751404> 0.250000
	pigment { color rgbt <1,0,0,0> }
	no_shadow
}
cylinder {
	<24.803099, 35.000999, 35.409908>,  <24.922970, 34.965668, 35.205013>, 0.100000
	pigment { color rgbt <1,0,0,0> }
	no_shadow
}
cylinder {
	<24.803099, 35.000999, 35.409908>,  <24.603313, 35.059887, 35.751404>, 0.100000
	pigment { color rgbt <1,0,0,0> }
	no_shadow
}

// particle -1
sphere {
	<24.803099, 35.000999, 35.409908> 0.100000
	pigment { color rgbt <1,0,0,0> }
	no_shadow
}
sphere {
	0, 1
	scale<0.080000,0.200000,0.300000>
	matrix <0.865732, 0.121571, 0.485520,
		0.032312, -0.981604, 0.188173,
		0.499464, -0.147219, -0.853734,
		24.952938, 34.956833, 35.153790>
	pigment { color rgbt <0,1,1,0> }
	no_shadow
}
cylinder {
	<25.059341, 34.391907, 35.604317>,  <24.603313, 35.059887, 35.751404>, 0.130000
	pigment { color rgbt <1,0,0,0> }
	no_shadow
}

// nucleotide -1

// particle -1
sphere {
	<25.059341, 34.391907, 35.604317> 0.250000
	pigment { color rgbt <1,0,0,0> }
	no_shadow
}
cylinder {
	<25.210085, 34.710350, 35.414921>,  <25.300531, 34.901417, 35.301285>, 0.100000
	pigment { color rgbt <1,0,0,0> }
	no_shadow
}
cylinder {
	<25.210085, 34.710350, 35.414921>,  <25.059341, 34.391907, 35.604317>, 0.100000
	pigment { color rgbt <1,0,0,0> }
	no_shadow
}

// particle -1
sphere {
	<25.210085, 34.710350, 35.414921> 0.100000
	pigment { color rgbt <1,0,0,0> }
	no_shadow
}
sphere {
	0, 1
	scale<0.080000,0.200000,0.300000>
	matrix <0.846937, -0.089175, 0.524161,
		0.375066, -0.598548, -0.707860,
		0.376859, 0.796108, -0.473486,
		25.323143, 34.949184, 35.272877>
	pigment { color rgbt <0,1,1,0> }
	no_shadow
}
cylinder {
	<24.513138, 33.932011, 35.920815>,  <25.059341, 34.391907, 35.604317>, 0.130000
	pigment { color rgbt <1,0,0,0> }
	no_shadow
}

// nucleotide -1

// particle -1
sphere {
	<24.513138, 33.932011, 35.920815> 0.250000
	pigment { color rgbt <1,0,0,0> }
	no_shadow
}
cylinder {
	<24.374784, 34.307308, 35.917515>,  <24.291773, 34.532486, 35.915535>, 0.100000
	pigment { color rgbt <1,0,0,0> }
	no_shadow
}
cylinder {
	<24.374784, 34.307308, 35.917515>,  <24.513138, 33.932011, 35.920815>, 0.100000
	pigment { color rgbt <1,0,0,0> }
	no_shadow
}

// particle -1
sphere {
	<24.374784, 34.307308, 35.917515> 0.100000
	pigment { color rgbt <1,0,0,0> }
	no_shadow
}
sphere {
	0, 1
	scale<0.080000,0.200000,0.300000>
	matrix <-0.653660, -0.234650, 0.719492,
		0.673122, 0.254250, 0.694452,
		-0.345884, 0.938241, -0.008245,
		24.271019, 34.588779, 35.915043>
	pigment { color rgbt <0,1,1,0> }
	no_shadow
}
cylinder {
	<24.631075, 34.277748, 36.637985>,  <24.513138, 33.932011, 35.920815>, 0.130000
	pigment { color rgbt <1,0,0,0> }
	no_shadow
}

// nucleotide -1

// particle -1
sphere {
	<24.631075, 34.277748, 36.637985> 0.250000
	pigment { color rgbt <1,0,0,0> }
	no_shadow
}
cylinder {
	<24.296297, 34.363186, 36.436428>,  <24.095430, 34.414448, 36.315495>, 0.100000
	pigment { color rgbt <1,0,0,0> }
	no_shadow
}
cylinder {
	<24.296297, 34.363186, 36.436428>,  <24.631075, 34.277748, 36.637985>, 0.100000
	pigment { color rgbt <1,0,0,0> }
	no_shadow
}

// particle -1
sphere {
	<24.296297, 34.363186, 36.436428> 0.100000
	pigment { color rgbt <1,0,0,0> }
	no_shadow
}
sphere {
	0, 1
	scale<0.080000,0.200000,0.300000>
	matrix <-0.545544, -0.252119, 0.799261,
		0.043674, 0.943830, 0.327532,
		-0.836944, 0.213590, -0.503890,
		24.045214, 34.427261, 36.285259>
	pigment { color rgbt <0,1,1,0> }
	no_shadow
}
cylinder {
	<25.309441, 34.027901, 36.585583>,  <24.631075, 34.277748, 36.637985>, 0.130000
	pigment { color rgbt <1,0,0,0> }
	no_shadow
}

// nucleotide -1

// particle -1
sphere {
	<25.309441, 34.027901, 36.585583> 0.250000
	pigment { color rgbt <1,0,0,0> }
	no_shadow
}
cylinder {
	<25.323158, 33.694893, 36.806755>,  <25.331388, 33.495087, 36.939461>, 0.100000
	pigment { color rgbt <1,0,0,0> }
	no_shadow
}
cylinder {
	<25.323158, 33.694893, 36.806755>,  <25.309441, 34.027901, 36.585583>, 0.100000
	pigment { color rgbt <1,0,0,0> }
	no_shadow
}

// particle -1
sphere {
	<25.323158, 33.694893, 36.806755> 0.100000
	pigment { color rgbt <1,0,0,0> }
	no_shadow
}
sphere {
	0, 1
	scale<0.080000,0.200000,0.300000>
	matrix <0.273101, -0.524396, -0.806489,
		0.961374, 0.178665, 0.209378,
		0.034294, -0.832519, 0.552935,
		25.333447, 33.445137, 36.972637>
	pigment { color rgbt <0,1,1,0> }
	no_shadow
}
cylinder {
	<26.111942, 33.857670, 36.687740>,  <25.309441, 34.027901, 36.585583>, 0.130000
	pigment { color rgbt <1,0,0,0> }
	no_shadow
}

// nucleotide -1

// particle -1
sphere {
	<26.111942, 33.857670, 36.687740> 0.250000
	pigment { color rgbt <1,0,0,0> }
	no_shadow
}
cylinder {
	<25.858305, 33.548386, 36.684437>,  <25.706123, 33.362816, 36.682453>, 0.100000
	pigment { color rgbt <1,0,0,0> }
	no_shadow
}
cylinder {
	<25.858305, 33.548386, 36.684437>,  <26.111942, 33.857670, 36.687740>, 0.100000
	pigment { color rgbt <1,0,0,0> }
	no_shadow
}

// particle -1
sphere {
	<25.858305, 33.548386, 36.684437> 0.100000
	pigment { color rgbt <1,0,0,0> }
	no_shadow
}
sphere {
	0, 1
	scale<0.080000,0.200000,0.300000>
	matrix <0.493676, -0.396582, -0.773955,
		0.595155, -0.494838, 0.633187,
		-0.634093, -0.773213, -0.008262,
		25.668077, 33.316422, 36.681957>
	pigment { color rgbt <0,1,1,0> }
	no_shadow
}
cylinder {
	<26.457466, 33.219608, 36.668682>,  <26.111942, 33.857670, 36.687740>, 0.130000
	pigment { color rgbt <1,0,0,0> }
	no_shadow
}

// nucleotide -1

// particle -1
sphere {
	<26.457466, 33.219608, 36.668682> 0.250000
	pigment { color rgbt <1,0,0,0> }
	no_shadow
}
cylinder {
	<26.107498, 33.139053, 36.492519>,  <25.897518, 33.090721, 36.386822>, 0.100000
	pigment { color rgbt <1,0,0,0> }
	no_shadow
}
cylinder {
	<26.107498, 33.139053, 36.492519>,  <26.457466, 33.219608, 36.668682>, 0.100000
	pigment { color rgbt <1,0,0,0> }
	no_shadow
}

// particle -1
sphere {
	<26.107498, 33.139053, 36.492519> 0.100000
	pigment { color rgbt <1,0,0,0> }
	no_shadow
}
sphere {
	0, 1
	scale<0.080000,0.200000,0.300000>
	matrix <0.484042, -0.335679, -0.808098,
		0.014906, -0.920196, 0.391173,
		-0.874918, -0.201390, -0.440410,
		25.845022, 33.078636, 36.360397>
	pigment { color rgbt <0,1,1,0> }
	no_shadow
}
cylinder {
	<26.559265, 32.635971, 36.390995>,  <26.457466, 33.219608, 36.668682>, 0.130000
	pigment { color rgbt <1,0,0,0> }
	no_shadow
}

// nucleotide -1

// particle -1
sphere {
	<26.559265, 32.635971, 36.390995> 0.250000
	pigment { color rgbt <1,0,0,0> }
	no_shadow
}
cylinder {
	<26.244978, 32.755875, 36.174557>,  <26.056406, 32.827816, 36.044693>, 0.100000
	pigment { color rgbt <1,0,0,0> }
	no_shadow
}
cylinder {
	<26.244978, 32.755875, 36.174557>,  <26.559265, 32.635971, 36.390995>, 0.100000
	pigment { color rgbt <1,0,0,0> }
	no_shadow
}

// particle -1
sphere {
	<26.244978, 32.755875, 36.174557> 0.100000
	pigment { color rgbt <1,0,0,0> }
	no_shadow
}
sphere {
	0, 1
	scale<0.080000,0.200000,0.300000>
	matrix <0.318466, -0.553883, -0.769281,
		-0.530306, -0.776761, 0.339733,
		-0.785719, 0.299762, -0.541099,
		26.009262, 32.845802, 36.012226>
	pigment { color rgbt <0,1,1,0> }
	no_shadow
}
cylinder {
	<26.297400, 32.040348, 36.044750>,  <26.559265, 32.635971, 36.390995>, 0.130000
	pigment { color rgbt <1,0,0,0> }
	no_shadow
}

// nucleotide -1

// particle -1
sphere {
	<26.297400, 32.040348, 36.044750> 0.250000
	pigment { color rgbt <1,0,0,0> }
	no_shadow
}
cylinder {
	<26.063482, 32.294281, 35.842758>,  <25.923132, 32.446640, 35.721561>, 0.100000
	pigment { color rgbt <1,0,0,0> }
	no_shadow
}
cylinder {
	<26.063482, 32.294281, 35.842758>,  <26.297400, 32.040348, 36.044750>, 0.100000
	pigment { color rgbt <1,0,0,0> }
	no_shadow
}

// particle -1
sphere {
	<26.063482, 32.294281, 35.842758> 0.100000
	pigment { color rgbt <1,0,0,0> }
	no_shadow
}
sphere {
	0, 1
	scale<0.080000,0.200000,0.300000>
	matrix <0.085061, -0.571101, -0.816460,
		-0.806711, -0.520414, 0.279976,
		-0.584792, 0.634832, -0.504981,
		25.888044, 32.484730, 35.691265>
	pigment { color rgbt <0,1,1,0> }
	no_shadow
}
cylinder {
	<25.778231, 31.612616, 35.767574>,  <26.297400, 32.040348, 36.044750>, 0.130000
	pigment { color rgbt <1,0,0,0> }
	no_shadow
}

// nucleotide -1

// particle -1
sphere {
	<25.778231, 31.612616, 35.767574> 0.250000
	pigment { color rgbt <1,0,0,0> }
	no_shadow
}
cylinder {
	<25.826950, 31.942566, 35.546761>,  <25.856182, 32.140537, 35.414272>, 0.100000
	pigment { color rgbt <1,0,0,0> }
	no_shadow
}
cylinder {
	<25.826950, 31.942566, 35.546761>,  <25.778231, 31.612616, 35.767574>, 0.100000
	pigment { color rgbt <1,0,0,0> }
	no_shadow
}

// particle -1
sphere {
	<25.826950, 31.942566, 35.546761> 0.100000
	pigment { color rgbt <1,0,0,0> }
	no_shadow
}
sphere {
	0, 1
	scale<0.080000,0.200000,0.300000>
	matrix <-0.031836, -0.552646, -0.832808,
		-0.992044, 0.119008, -0.041050,
		0.121797, 0.824875, -0.552038,
		25.863489, 32.190029, 35.381149>
	pigment { color rgbt <0,1,1,0> }
	no_shadow
}
cylinder {
	<25.183765, 31.700836, 35.320309>,  <25.778231, 31.612616, 35.767574>, 0.130000
	pigment { color rgbt <1,0,0,0> }
	no_shadow
}

// nucleotide -1

// particle -1
sphere {
	<25.183765, 31.700836, 35.320309> 0.250000
	pigment { color rgbt <1,0,0,0> }
	no_shadow
}
cylinder {
	<25.515036, 31.871462, 35.174889>,  <25.713799, 31.973837, 35.087635>, 0.100000
	pigment { color rgbt <1,0,0,0> }
	no_shadow
}
cylinder {
	<25.515036, 31.871462, 35.174889>,  <25.183765, 31.700836, 35.320309>, 0.100000
	pigment { color rgbt <1,0,0,0> }
	no_shadow
}

// particle -1
sphere {
	<25.515036, 31.871462, 35.174889> 0.100000
	pigment { color rgbt <1,0,0,0> }
	no_shadow
}
sphere {
	0, 1
	scale<0.080000,0.200000,0.300000>
	matrix <-0.102553, -0.522371, -0.846529,
		-0.551005, 0.738358, -0.388870,
		0.828176, 0.426562, -0.363550,
		25.763489, 31.999430, 35.065823>
	pigment { color rgbt <0,1,1,0> }
	no_shadow
}
cylinder {
	<25.052061, 31.880230, 34.558662>,  <25.183765, 31.700836, 35.320309>, 0.130000
	pigment { color rgbt <1,0,0,0> }
	no_shadow
}

// nucleotide -1

// particle -1
sphere {
	<25.052061, 31.880230, 34.558662> 0.250000
	pigment { color rgbt <1,0,0,0> }
	no_shadow
}
cylinder {
	<25.449625, 31.894960, 34.600201>,  <25.688164, 31.903799, 34.625122>, 0.100000
	pigment { color rgbt <1,0,0,0> }
	no_shadow
}
cylinder {
	<25.449625, 31.894960, 34.600201>,  <25.052061, 31.880230, 34.558662>, 0.100000
	pigment { color rgbt <1,0,0,0> }
	no_shadow
}

// particle -1
sphere {
	<25.449625, 31.894960, 34.600201> 0.100000
	pigment { color rgbt <1,0,0,0> }
	no_shadow
}
sphere {
	0, 1
	scale<0.080000,0.200000,0.300000>
	matrix <0.108254, -0.150882, -0.982607,
		-0.020515, 0.987866, -0.153950,
		0.993912, 0.036824, 0.103845,
		25.747799, 31.906008, 34.631355>
	pigment { color rgbt <0,1,1,0> }
	no_shadow
}
cylinder {
	<25.157181, 32.317291, 34.088688>,  <25.052061, 31.880230, 34.558662>, 0.130000
	pigment { color rgbt <1,0,0,0> }
	no_shadow
}

// nucleotide -1

// particle -1
sphere {
	<25.157181, 32.317291, 34.088688> 0.250000
	pigment { color rgbt <1,0,0,0> }
	no_shadow
}
cylinder {
	<25.490465, 32.109314, 34.163963>,  <25.690435, 31.984526, 34.209129>, 0.100000
	pigment { color rgbt <1,0,0,0> }
	no_shadow
}
cylinder {
	<25.490465, 32.109314, 34.163963>,  <25.157181, 32.317291, 34.088688>, 0.100000
	pigment { color rgbt <1,0,0,0> }
	no_shadow
}

// particle -1
sphere {
	<25.490465, 32.109314, 34.163963> 0.100000
	pigment { color rgbt <1,0,0,0> }
	no_shadow
}
sphere {
	0, 1
	scale<0.080000,0.200000,0.300000>
	matrix <0.183132, -0.061645, -0.981154,
		0.521749, 0.851971, 0.043856,
		0.833211, -0.519947, 0.188186,
		25.740429, 31.953329, 34.220421>
	pigment { color rgbt <0,1,1,0> }
	no_shadow
}
cylinder {
	<25.884718, 32.744995, 34.128021>,  <25.157181, 32.317291, 34.088688>, 0.130000
	pigment { color rgbt <1,0,0,0> }
	no_shadow
}

// nucleotide -1

// particle -1
sphere {
	<25.884718, 32.744995, 34.128021> 0.250000
	pigment { color rgbt <1,0,0,0> }
	no_shadow
}
cylinder {
	<25.824760, 32.376160, 33.985310>,  <25.788786, 32.154858, 33.899681>, 0.100000
	pigment { color rgbt <1,0,0,0> }
	no_shadow
}
cylinder {
	<25.824760, 32.376160, 33.985310>,  <25.884718, 32.744995, 34.128021>, 0.100000
	pigment { color rgbt <1,0,0,0> }
	no_shadow
}

// particle -1
sphere {
	<25.824760, 32.376160, 33.985310> 0.100000
	pigment { color rgbt <1,0,0,0> }
	no_shadow
}
sphere {
	0, 1
	scale<0.080000,0.200000,0.300000>
	matrix <-0.469728, 0.383945, -0.794948,
		0.869993, 0.048433, -0.490679,
		-0.149892, -0.922085, -0.356780,
		25.779793, 32.099533, 33.878277>
	pigment { color rgbt <0,1,1,0> }
	no_shadow
}
cylinder {
	<26.428984, 32.688427, 34.469696>,  <25.884718, 32.744995, 34.128021>, 0.130000
	pigment { color rgbt <1,0,0,0> }
	no_shadow
}

// nucleotide -1

// particle -1
sphere {
	<26.428984, 32.688427, 34.469696> 0.250000
	pigment { color rgbt <1,0,0,0> }
	no_shadow
}
cylinder {
	<26.108833, 32.509411, 34.629246>,  <25.916742, 32.402000, 34.724976>, 0.100000
	pigment { color rgbt <1,0,0,0> }
	no_shadow
}
cylinder {
	<26.108833, 32.509411, 34.629246>,  <26.428984, 32.688427, 34.469696>, 0.100000
	pigment { color rgbt <1,0,0,0> }
	no_shadow
}

// particle -1
sphere {
	<26.108833, 32.509411, 34.629246> 0.100000
	pigment { color rgbt <1,0,0,0> }
	no_shadow
}
sphere {
	0, 1
	scale<0.080000,0.200000,0.300000>
	matrix <-0.069425, 0.730070, 0.679837,
		-0.595465, 0.516433, -0.615401,
		-0.800376, -0.447543, 0.398878,
		25.868721, 32.375149, 34.748909>
	pigment { color rgbt <0,1,1,0> }
	no_shadow
}
cylinder {
	<25.989656, 33.254826, 34.641136>,  <26.428984, 32.688427, 34.469696>, 0.130000
	pigment { color rgbt <1,0,0,0> }
	no_shadow
}

// nucleotide -1

// particle -1
sphere {
	<25.989656, 33.254826, 34.641136> 0.250000
	pigment { color rgbt <1,0,0,0> }
	no_shadow
}
cylinder {
	<25.941801, 32.931095, 34.871155>,  <25.913088, 32.736855, 35.009167>, 0.100000
	pigment { color rgbt <1,0,0,0> }
	no_shadow
}
cylinder {
	<25.941801, 32.931095, 34.871155>,  <25.989656, 33.254826, 34.641136>, 0.100000
	pigment { color rgbt <1,0,0,0> }
	no_shadow
}

// particle -1
sphere {
	<25.941801, 32.931095, 34.871155> 0.100000
	pigment { color rgbt <1,0,0,0> }
	no_shadow
}
sphere {
	0, 1
	scale<0.080000,0.200000,0.300000>
	matrix <-0.075411, 0.584937, 0.807566,
		-0.989950, 0.053250, -0.131013,
		-0.119637, -0.809329, 0.575042,
		25.905910, 32.688297, 35.043667>
	pigment { color rgbt <0,1,1,0> }
	no_shadow
}
cylinder {
	<25.432064, 33.489613, 35.022099>,  <25.989656, 33.254826, 34.641136>, 0.130000
	pigment { color rgbt <1,0,0,0> }
	no_shadow
}

// nucleotide -1

// particle -1
sphere {
	<25.432064, 33.489613, 35.022099> 0.250000
	pigment { color rgbt <1,0,0,0> }
	no_shadow
}
cylinder {
	<25.573414, 33.175056, 35.224766>,  <25.658224, 32.986320, 35.346367>, 0.100000
	pigment { color rgbt <1,0,0,0> }
	no_shadow
}
cylinder {
	<25.573414, 33.175056, 35.224766>,  <25.432064, 33.489613, 35.022099>, 0.100000
	pigment { color rgbt <1,0,0,0> }
	no_shadow
}

// particle -1
sphere {
	<25.573414, 33.175056, 35.224766> 0.100000
	pigment { color rgbt <1,0,0,0> }
	no_shadow
}
sphere {
	0, 1
	scale<0.080000,0.200000,0.300000>
	matrix <-0.336454, 0.398529, 0.853214,
		-0.872884, -0.471972, -0.123756,
		0.353372, -0.786395, 0.506667,
		25.679426, 32.939137, 35.376766>
	pigment { color rgbt <0,1,1,0> }
	no_shadow
}
cylinder {
	<24.920742, 33.230709, 35.432484>,  <25.432064, 33.489613, 35.022099>, 0.130000
	pigment { color rgbt <1,0,0,0> }
	no_shadow
}

// nucleotide -1

// particle -1
sphere {
	<24.920742, 33.230709, 35.432484> 0.250000
	pigment { color rgbt <1,0,0,0> }
	no_shadow
}
cylinder {
	<25.256456, 33.098904, 35.605469>,  <25.457884, 33.019821, 35.709259>, 0.100000
	pigment { color rgbt <1,0,0,0> }
	no_shadow
}
cylinder {
	<25.256456, 33.098904, 35.605469>,  <24.920742, 33.230709, 35.432484>, 0.100000
	pigment { color rgbt <1,0,0,0> }
	no_shadow
}

// particle -1
sphere {
	<25.256456, 33.098904, 35.605469> 0.100000
	pigment { color rgbt <1,0,0,0> }
	no_shadow
}
sphere {
	0, 1
	scale<0.080000,0.200000,0.300000>
	matrix <-0.331782, 0.319739, 0.887517,
		-0.430724, -0.888362, 0.159026,
		0.839284, -0.329513, 0.432462,
		25.508242, 33.000050, 35.735207>
	pigment { color rgbt <0,1,1,0> }
	no_shadow
}
cylinder {
	<24.688639, 32.821014, 36.017017>,  <24.920742, 33.230709, 35.432484>, 0.130000
	pigment { color rgbt <1,0,0,0> }
	no_shadow
}

// nucleotide -1

// particle -1
sphere {
	<24.688639, 32.821014, 36.017017> 0.250000
	pigment { color rgbt <1,0,0,0> }
	no_shadow
}
cylinder {
	<25.061909, 32.938286, 36.100182>,  <25.285872, 33.008648, 36.150082>, 0.100000
	pigment { color rgbt <1,0,0,0> }
	no_shadow
}
cylinder {
	<25.061909, 32.938286, 36.100182>,  <24.688639, 32.821014, 36.017017>, 0.100000
	pigment { color rgbt <1,0,0,0> }
	no_shadow
}

// particle -1
sphere {
	<25.061909, 32.938286, 36.100182> 0.100000
	pigment { color rgbt <1,0,0,0> }
	no_shadow
}
sphere {
	0, 1
	scale<0.080000,0.200000,0.300000>
	matrix <-0.309598, 0.361864, 0.879320,
		0.182564, -0.884930, 0.428451,
		0.933177, 0.293180, 0.207909,
		25.341862, 33.026241, 36.162556>
	pigment { color rgbt <0,1,1,0> }
	no_shadow
}
cylinder {
	<24.779057, 32.617958, 36.668262>,  <24.688639, 32.821014, 36.017017>, 0.130000
	pigment { color rgbt <1,0,0,0> }
	no_shadow
}

// nucleotide -1

// particle -1
sphere {
	<24.779057, 32.617958, 36.668262> 0.250000
	pigment { color rgbt <1,0,0,0> }
	no_shadow
}
cylinder {
	<25.016644, 32.932713, 36.601315>,  <25.159197, 33.121563, 36.561146>, 0.100000
	pigment { color rgbt <1,0,0,0> }
	no_shadow
}
cylinder {
	<25.016644, 32.932713, 36.601315>,  <24.779057, 32.617958, 36.668262>, 0.100000
	pigment { color rgbt <1,0,0,0> }
	no_shadow
}

// particle -1
sphere {
	<25.016644, 32.932713, 36.601315> 0.100000
	pigment { color rgbt <1,0,0,0> }
	no_shadow
}
sphere {
	0, 1
	scale<0.080000,0.200000,0.300000>
	matrix <-0.224356, 0.361818, 0.904849,
		0.772571, -0.499900, 0.391451,
		0.593968, 0.786885, -0.167374,
		25.194834, 33.168777, 36.551102>
	pigment { color rgbt <0,1,1,0> }
	no_shadow
}
cylinder {
	<25.336615, 32.717941, 37.260208>,  <24.779057, 32.617958, 36.668262>, 0.130000
	pigment { color rgbt <1,0,0,0> }
	no_shadow
}

// nucleotide -1

// particle -1
sphere {
	<25.336615, 32.717941, 37.260208> 0.250000
	pigment { color rgbt <1,0,0,0> }
	no_shadow
}
cylinder {
	<25.165232, 33.039074, 37.094372>,  <25.062403, 33.231754, 36.994869>, 0.100000
	pigment { color rgbt <1,0,0,0> }
	no_shadow
}
cylinder {
	<25.165232, 33.039074, 37.094372>,  <25.336615, 32.717941, 37.260208>, 0.100000
	pigment { color rgbt <1,0,0,0> }
	no_shadow
}

// particle -1
sphere {
	<25.165232, 33.039074, 37.094372> 0.100000
	pigment { color rgbt <1,0,0,0> }
	no_shadow
}
sphere {
	0, 1
	scale<0.080000,0.200000,0.300000>
	matrix <-0.354931, 0.272415, 0.894323,
		0.830933, 0.530329, 0.168232,
		-0.428456, 0.802833, -0.414589,
		25.036695, 33.279922, 36.969994>
	pigment { color rgbt <0,1,1,0> }
	no_shadow
}
cylinder {
	<24.949774, 33.160908, 37.740662>,  <25.336615, 32.717941, 37.260208>, 0.130000
	pigment { color rgbt <1,0,0,0> }
	no_shadow
}

// nucleotide -1

// particle -1
sphere {
	<24.949774, 33.160908, 37.740662> 0.250000
	pigment { color rgbt <1,0,0,0> }
	no_shadow
}
cylinder {
	<25.092331, 33.500919, 37.895805>,  <25.177866, 33.704926, 37.988892>, 0.100000
	pigment { color rgbt <1,0,0,0> }
	no_shadow
}
cylinder {
	<25.092331, 33.500919, 37.895805>,  <24.949774, 33.160908, 37.740662>, 0.100000
	pigment { color rgbt <1,0,0,0> }
	no_shadow
}

// particle -1
sphere {
	<25.092331, 33.500919, 37.895805> 0.100000
	pigment { color rgbt <1,0,0,0> }
	no_shadow
}
sphere {
	0, 1
	scale<0.080000,0.200000,0.300000>
	matrix <0.008363, -0.418002, 0.908407,
		0.934298, -0.320507, -0.156083,
		0.356394, 0.850029, 0.387858,
		25.199249, 33.755928, 38.012161>
	pigment { color rgbt <0,1,1,0> }
	no_shadow
}
cylinder {
	<25.658894, 33.040298, 38.147739>,  <24.949774, 33.160908, 37.740662>, 0.130000
	pigment { color rgbt <1,0,0,0> }
	no_shadow
}

// nucleotide -1

// particle -1
sphere {
	<25.658894, 33.040298, 38.147739> 0.250000
	pigment { color rgbt <1,0,0,0> }
	no_shadow
}
cylinder {
	<25.456999, 33.366539, 38.260895>,  <25.335861, 33.562283, 38.328789>, 0.100000
	pigment { color rgbt <1,0,0,0> }
	no_shadow
}
cylinder {
	<25.456999, 33.366539, 38.260895>,  <25.658894, 33.040298, 38.147739>, 0.100000
	pigment { color rgbt <1,0,0,0> }
	no_shadow
}

// particle -1
sphere {
	<25.456999, 33.366539, 38.260895> 0.100000
	pigment { color rgbt <1,0,0,0> }
	no_shadow
}
sphere {
	0, 1
	scale<0.080000,0.200000,0.300000>
	matrix <0.083990, -0.279748, 0.956392,
		0.859178, 0.506487, 0.072696,
		-0.504737, 0.815606, 0.282893,
		25.305578, 33.611221, 38.345764>
	pigment { color rgbt <0,1,1,0> }
	no_shadow
}
cylinder {
	<25.936394, 33.145412, 38.776981>,  <25.658894, 33.040298, 38.147739>, 0.130000
	pigment { color rgbt <1,0,0,0> }
	no_shadow
}

// nucleotide -1

// particle -1
sphere {
	<25.936394, 33.145412, 38.776981> 0.250000
	pigment { color rgbt <1,0,0,0> }
	no_shadow
}
cylinder {
	<25.589663, 33.341709, 38.741695>,  <25.381624, 33.459488, 38.720524>, 0.100000
	pigment { color rgbt <1,0,0,0> }
	no_shadow
}
cylinder {
	<25.589663, 33.341709, 38.741695>,  <25.936394, 33.145412, 38.776981>, 0.100000
	pigment { color rgbt <1,0,0,0> }
	no_shadow
}

// particle -1
sphere {
	<25.589663, 33.341709, 38.741695> 0.100000
	pigment { color rgbt <1,0,0,0> }
	no_shadow
}
sphere {
	0, 1
	scale<0.080000,0.200000,0.300000>
	matrix <-0.240002, -0.255577, 0.936525,
		0.437048, 0.832977, 0.339320,
		-0.866827, 0.490744, -0.088217,
		25.329615, 33.488934, 38.715229>
	pigment { color rgbt <0,1,1,0> }
	no_shadow
}
cylinder {
	<26.759823, 33.240192, 38.519032>,  <25.936394, 33.145412, 38.776981>, 0.130000
	pigment { color rgbt <1,0,0,0> }
	no_shadow
}

// nucleotide -1

// particle -1
sphere {
	<26.759823, 33.240192, 38.519032> 0.250000
	pigment { color rgbt <1,0,0,0> }
	no_shadow
}
cylinder {
	<26.543060, 33.112549, 38.208031>,  <26.413002, 33.035961, 38.021431>, 0.100000
	pigment { color rgbt <1,0,0,0> }
	no_shadow
}
cylinder {
	<26.543060, 33.112549, 38.208031>,  <26.759823, 33.240192, 38.519032>, 0.100000
	pigment { color rgbt <1,0,0,0> }
	no_shadow
}

// particle -1
sphere {
	<26.543060, 33.112549, 38.208031> 0.100000
	pigment { color rgbt <1,0,0,0> }
	no_shadow
}
sphere {
	0, 1
	scale<0.080000,0.200000,0.300000>
	matrix <0.666074, -0.727232, -0.165768,
		-0.512524, -0.607703, 0.606643,
		-0.541909, -0.319109, -0.777499,
		26.380487, 33.016815, 37.974781>
	pigment { color rgbt <0,1,1,0> }
	no_shadow
}
cylinder {
	<26.679657, 32.619061, 38.708263>,  <26.759823, 33.240192, 38.519032>, 0.130000
	pigment { color rgbt <1,0,0,0> }
	no_shadow
}

// nucleotide -1

// particle -1
sphere {
	<26.679657, 32.619061, 38.708263> 0.250000
	pigment { color rgbt <1,0,0,0> }
	no_shadow
}
cylinder {
	<26.630220, 32.659527, 38.313396>,  <26.600559, 32.683807, 38.076477>, 0.100000
	pigment { color rgbt <1,0,0,0> }
	no_shadow
}
cylinder {
	<26.630220, 32.659527, 38.313396>,  <26.679657, 32.619061, 38.708263>, 0.100000
	pigment { color rgbt <1,0,0,0> }
	no_shadow
}

// particle -1
sphere {
	<26.630220, 32.659527, 38.313396> 0.100000
	pigment { color rgbt <1,0,0,0> }
	no_shadow
}
sphere {
	0, 1
	scale<0.080000,0.200000,0.300000>
	matrix <0.705614, -0.690503, -0.159105,
		-0.697735, -0.716220, 0.013955,
		-0.123590, 0.101166, -0.987163,
		26.593143, 32.689877, 38.017246>
	pigment { color rgbt <0,1,1,0> }
	no_shadow
}
cylinder {
	<26.649479, 31.969429, 38.259624>,  <26.679657, 32.619061, 38.708263>, 0.130000
	pigment { color rgbt <1,0,0,0> }
	no_shadow
}

// nucleotide -1

// particle -1
sphere {
	<26.649479, 31.969429, 38.259624> 0.250000
	pigment { color rgbt <1,0,0,0> }
	no_shadow
}
cylinder {
	<26.795307, 32.302917, 38.093735>,  <26.882805, 32.503010, 37.994202>, 0.100000
	pigment { color rgbt <1,0,0,0> }
	no_shadow
}
cylinder {
	<26.795307, 32.302917, 38.093735>,  <26.649479, 31.969429, 38.259624>, 0.100000
	pigment { color rgbt <1,0,0,0> }
	no_shadow
}

// particle -1
sphere {
	<26.795307, 32.302917, 38.093735> 0.100000
	pigment { color rgbt <1,0,0,0> }
	no_shadow
}
sphere {
	0, 1
	scale<0.080000,0.200000,0.300000>
	matrix <0.862095, -0.470544, -0.188097,
		-0.351966, -0.288956, -0.890294,
		0.364571, 0.833722, -0.414723,
		26.904678, 32.553036, 37.969318>
	pigment { color rgbt <0,1,1,0> }
	no_shadow
}
cylinder {
	<26.545052, 31.169502, 38.317623>,  <26.649479, 31.969429, 38.259624>, 0.130000
	pigment { color rgbt <1,0,0,0> }
	no_shadow
}

// nucleotide -1

// particle -1
sphere {
	<26.545052, 31.169502, 38.317623> 0.250000
	pigment { color rgbt <1,0,0,0> }
	no_shadow
}
cylinder {
	<26.561823, 30.845587, 38.083534>,  <26.571886, 30.651237, 37.943081>, 0.100000
	pigment { color rgbt <1,0,0,0> }
	no_shadow
}
cylinder {
	<26.561823, 30.845587, 38.083534>,  <26.545052, 31.169502, 38.317623>, 0.100000
	pigment { color rgbt <1,0,0,0> }
	no_shadow
}

// particle -1
sphere {
	<26.561823, 30.845587, 38.083534> 0.100000
	pigment { color rgbt <1,0,0,0> }
	no_shadow
}
sphere {
	0, 1
	scale<0.080000,0.200000,0.300000>
	matrix <-0.078944, -0.586592, 0.806026,
		-0.995997, 0.012406, -0.088522,
		0.041927, -0.809788, -0.585223,
		26.574402, 30.602650, 37.907967>
	pigment { color rgbt <0,1,1,0> }
	no_shadow
}
cylinder {
	<25.924585, 30.750580, 38.420986>,  <26.545052, 31.169502, 38.317623>, 0.130000
	pigment { color rgbt <1,0,0,0> }
	no_shadow
}

// nucleotide -1

// particle -1
sphere {
	<25.924585, 30.750580, 38.420986> 0.250000
	pigment { color rgbt <1,0,0,0> }
	no_shadow
}
cylinder {
	<26.202204, 30.506336, 38.268429>,  <26.368774, 30.359791, 38.176895>, 0.100000
	pigment { color rgbt <1,0,0,0> }
	no_shadow
}
cylinder {
	<26.202204, 30.506336, 38.268429>,  <25.924585, 30.750580, 38.420986>, 0.100000
	pigment { color rgbt <1,0,0,0> }
	no_shadow
}

// particle -1
sphere {
	<26.202204, 30.506336, 38.268429> 0.100000
	pigment { color rgbt <1,0,0,0> }
	no_shadow
}
sphere {
	0, 1
	scale<0.080000,0.200000,0.300000>
	matrix <-0.110238, -0.613648, 0.781846,
		-0.711443, -0.500591, -0.493211,
		0.694043, -0.610610, -0.381392,
		26.410418, 30.323154, 38.154011>
	pigment { color rgbt <0,1,1,0> }
	no_shadow
}
cylinder {
	<25.631205, 30.054575, 38.536690>,  <25.924585, 30.750580, 38.420986>, 0.130000
	pigment { color rgbt <1,0,0,0> }
	no_shadow
}

// nucleotide -1

// particle -1
sphere {
	<25.631205, 30.054575, 38.536690> 0.250000
	pigment { color rgbt <1,0,0,0> }
	no_shadow
}
cylinder {
	<26.026890, 30.033077, 38.482189>,  <26.264301, 30.020178, 38.449490>, 0.100000
	pigment { color rgbt <1,0,0,0> }
	no_shadow
}
cylinder {
	<26.026890, 30.033077, 38.482189>,  <25.631205, 30.054575, 38.536690>, 0.100000
	pigment { color rgbt <1,0,0,0> }
	no_shadow
}

// particle -1
sphere {
	<26.026890, 30.033077, 38.482189> 0.100000
	pigment { color rgbt <1,0,0,0> }
	no_shadow
}
sphere {
	0, 1
	scale<0.080000,0.200000,0.300000>
	matrix <0.070083, -0.643159, 0.762518,
		-0.128614, -0.763844, -0.632456,
		0.989215, -0.053746, -0.136251,
		26.323654, 30.016953, 38.441315>
	pigment { color rgbt <0,1,1,0> }
	no_shadow
}
cylinder {
	<25.794920, 29.332243, 38.438225>,  <25.631205, 30.054575, 38.536690>, 0.130000
	pigment { color rgbt <1,0,0,0> }
	no_shadow
}

// nucleotide -1

// particle -1
sphere {
	<25.794920, 29.332243, 38.438225> 0.250000
	pigment { color rgbt <1,0,0,0> }
	no_shadow
}
cylinder {
	<26.068171, 29.557516, 38.624199>,  <26.232121, 29.692680, 38.735783>, 0.100000
	pigment { color rgbt <1,0,0,0> }
	no_shadow
}
cylinder {
	<26.068171, 29.557516, 38.624199>,  <25.794920, 29.332243, 38.438225>, 0.100000
	pigment { color rgbt <1,0,0,0> }
	no_shadow
}

// particle -1
sphere {
	<26.068171, 29.557516, 38.624199> 0.100000
	pigment { color rgbt <1,0,0,0> }
	no_shadow
}
sphere {
	0, 1
	scale<0.080000,0.200000,0.300000>
	matrix <-0.134141, -0.529039, 0.837928,
		0.717875, -0.634778, -0.285855,
		0.683127, 0.563183, 0.464934,
		26.273109, 29.726471, 38.763680>
	pigment { color rgbt <0,1,1,0> }
	no_shadow
}
cylinder {
	<26.197960, 28.870935, 38.875465>,  <25.794920, 29.332243, 38.438225>, 0.130000
	pigment { color rgbt <1,0,0,0> }
	no_shadow
}

// nucleotide -1

// particle -1
sphere {
	<26.197960, 28.870935, 38.875465> 0.250000
	pigment { color rgbt <1,0,0,0> }
	no_shadow
}
cylinder {
	<26.274958, 29.225416, 39.044033>,  <26.321156, 29.438105, 39.145172>, 0.100000
	pigment { color rgbt <1,0,0,0> }
	no_shadow
}
cylinder {
	<26.274958, 29.225416, 39.044033>,  <26.197960, 28.870935, 38.875465>, 0.100000
	pigment { color rgbt <1,0,0,0> }
	no_shadow
}

// particle -1
sphere {
	<26.274958, 29.225416, 39.044033> 0.100000
	pigment { color rgbt <1,0,0,0> }
	no_shadow
}
sphere {
	0, 1
	scale<0.080000,0.200000,0.300000>
	matrix <0.063729, -0.439830, 0.895817,
		0.979226, -0.145584, -0.141142,
		0.192495, 0.886203, 0.421415,
		26.332706, 29.491278, 39.170456>
	pigment { color rgbt <0,1,1,0> }
	no_shadow
}
cylinder {
	<26.849960, 28.823181, 39.298992>,  <26.197960, 28.870935, 38.875465>, 0.130000
	pigment { color rgbt <1,0,0,0> }
	no_shadow
}

// nucleotide -1

// particle -1
sphere {
	<26.849960, 28.823181, 39.298992> 0.250000
	pigment { color rgbt <1,0,0,0> }
	no_shadow
}
cylinder {
	<26.670555, 29.144567, 39.455597>,  <26.562912, 29.337399, 39.549561>, 0.100000
	pigment { color rgbt <1,0,0,0> }
	no_shadow
}
cylinder {
	<26.670555, 29.144567, 39.455597>,  <26.849960, 28.823181, 39.298992>, 0.100000
	pigment { color rgbt <1,0,0,0> }
	no_shadow
}

// particle -1
sphere {
	<26.670555, 29.144567, 39.455597> 0.100000
	pigment { color rgbt <1,0,0,0> }
	no_shadow
}
sphere {
	0, 1
	scale<0.080000,0.200000,0.300000>
	matrix <0.123276, -0.378243, 0.917461,
		0.885234, 0.459758, 0.070600,
		-0.448514, 0.803464, 0.391510,
		26.536001, 29.385607, 39.573051>
	pigment { color rgbt <0,1,1,0> }
	no_shadow
}
cylinder {
	<27.405483, 29.271774, 39.640537>,  <26.849960, 28.823181, 39.298992>, 0.130000
	pigment { color rgbt <1,0,0,0> }
	no_shadow
}

// nucleotide -1

// particle -1
sphere {
	<27.405483, 29.271774, 39.640537> 0.250000
	pigment { color rgbt <1,0,0,0> }
	no_shadow
}
cylinder {
	<27.031977, 29.242468, 39.780659>,  <26.807873, 29.224884, 39.864731>, 0.100000
	pigment { color rgbt <1,0,0,0> }
	no_shadow
}
cylinder {
	<27.031977, 29.242468, 39.780659>,  <27.405483, 29.271774, 39.640537>, 0.100000
	pigment { color rgbt <1,0,0,0> }
	no_shadow
}

// particle -1
sphere {
	<27.031977, 29.242468, 39.780659> 0.100000
	pigment { color rgbt <1,0,0,0> }
	no_shadow
}
sphere {
	0, 1
	scale<0.080000,0.200000,0.300000>
	matrix <0.342108, -0.470168, 0.813575,
		0.105095, 0.879531, 0.464091,
		-0.933765, -0.073266, 0.350307,
		26.751846, 29.220488, 39.885750>
	pigment { color rgbt <0,1,1,0> }
	no_shadow
}
cylinder {
	<27.358624, 29.445429, 40.472054>,  <27.405483, 29.271774, 39.640537>, 0.130000
	pigment { color rgbt <1,0,0,0> }
	no_shadow
}

// nucleotide -1

// particle -1
sphere {
	<27.358624, 29.445429, 40.472054> 0.250000
	pigment { color rgbt <1,0,0,0> }
	no_shadow
}
cylinder {
	<27.014774, 29.642263, 40.417068>,  <26.808464, 29.760365, 40.384075>, 0.100000
	pigment { color rgbt <1,0,0,0> }
	no_shadow
}
cylinder {
	<27.014774, 29.642263, 40.417068>,  <27.358624, 29.445429, 40.472054>, 0.100000
	pigment { color rgbt <1,0,0,0> }
	no_shadow
}

// particle -1
sphere {
	<27.014774, 29.642263, 40.417068> 0.100000
	pigment { color rgbt <1,0,0,0> }
	no_shadow
}
sphere {
	0, 1
	scale<0.080000,0.200000,0.300000>
	matrix <-0.457949, -0.622776, 0.634376,
		0.226556, 0.608278, 0.760704,
		-0.859625, 0.492085, -0.137466,
		26.756887, 29.789888, 40.375828>
	pigment { color rgbt <0,1,1,0> }
	no_shadow
}
cylinder {
	<27.104446, 29.799728, 41.052433>,  <27.358624, 29.445429, 40.472054>, 0.130000
	pigment { color rgbt <1,0,0,0> }
	no_shadow
}

// nucleotide -1

// particle -1
sphere {
	<27.104446, 29.799728, 41.052433> 0.250000
	pigment { color rgbt <1,0,0,0> }
	no_shadow
}
cylinder {
	<26.770487, 29.692705, 40.860035>,  <26.570112, 29.628492, 40.744595>, 0.100000
	pigment { color rgbt <1,0,0,0> }
	no_shadow
}
cylinder {
	<26.770487, 29.692705, 40.860035>,  <27.104446, 29.799728, 41.052433>, 0.100000
	pigment { color rgbt <1,0,0,0> }
	no_shadow
}

// particle -1
sphere {
	<26.770487, 29.692705, 40.860035> 0.100000
	pigment { color rgbt <1,0,0,0> }
	no_shadow
}
sphere {
	0, 1
	scale<0.080000,0.200000,0.300000>
	matrix <-0.275086, -0.554085, 0.785696,
		-0.476732, 0.788291, 0.389003,
		-0.834898, -0.267557, -0.480998,
		26.520018, 29.612438, 40.715736>
	pigment { color rgbt <0,1,1,0> }
	no_shadow
}
cylinder {
	<26.559664, 29.997690, 41.473705>,  <27.104446, 29.799728, 41.052433>, 0.130000
	pigment { color rgbt <1,0,0,0> }
	no_shadow
}

// nucleotide -1

// particle -1
sphere {
	<26.559664, 29.997690, 41.473705> 0.250000
	pigment { color rgbt <1,0,0,0> }
	no_shadow
}
cylinder {
	<26.392241, 29.715887, 41.244453>,  <26.291786, 29.546804, 41.106903>, 0.100000
	pigment { color rgbt <1,0,0,0> }
	no_shadow
}
cylinder {
	<26.392241, 29.715887, 41.244453>,  <26.559664, 29.997690, 41.473705>, 0.100000
	pigment { color rgbt <1,0,0,0> }
	no_shadow
}

// particle -1
sphere {
	<26.392241, 29.715887, 41.244453> 0.100000
	pigment { color rgbt <1,0,0,0> }
	no_shadow
}
sphere {
	0, 1
	scale<0.080000,0.200000,0.300000>
	matrix <-0.258479, -0.512561, 0.818823,
		-0.870631, 0.490867, 0.032436,
		-0.418558, -0.704508, -0.573130,
		26.266674, 29.504534, 41.072514>
	pigment { color rgbt <0,1,1,0> }
	no_shadow
}
cylinder {
	<25.816763, 29.837950, 41.666584>,  <26.559664, 29.997690, 41.473705>, 0.130000
	pigment { color rgbt <1,0,0,0> }
	no_shadow
}

// nucleotide -1

// particle -1
sphere {
	<25.816763, 29.837950, 41.666584> 0.250000
	pigment { color rgbt <1,0,0,0> }
	no_shadow
}
cylinder {
	<26.024622, 29.532372, 41.513557>,  <26.149338, 29.349026, 41.421741>, 0.100000
	pigment { color rgbt <1,0,0,0> }
	no_shadow
}
cylinder {
	<26.024622, 29.532372, 41.513557>,  <25.816763, 29.837950, 41.666584>, 0.100000
	pigment { color rgbt <1,0,0,0> }
	no_shadow
}

// particle -1
sphere {
	<26.024622, 29.532372, 41.513557> 0.100000
	pigment { color rgbt <1,0,0,0> }
	no_shadow
}
sphere {
	0, 1
	scale<0.080000,0.200000,0.300000>
	matrix <-0.014623, -0.455657, 0.890036,
		-0.854256, -0.456911, -0.247952,
		0.519647, -0.763943, -0.382566,
		26.180517, 29.303188, 41.398788>
	pigment { color rgbt <0,1,1,0> }
	no_shadow
}
cylinder {
	<25.342886, 29.299953, 41.613441>,  <25.816763, 29.837950, 41.666584>, 0.130000
	pigment { color rgbt <1,0,0,0> }
	no_shadow
}

// nucleotide -1

// particle -1
sphere {
	<25.342886, 29.299953, 41.613441> 0.250000
	pigment { color rgbt <1,0,0,0> }
	no_shadow
}
cylinder {
	<25.727039, 29.213861, 41.684250>,  <25.957531, 29.162207, 41.726734>, 0.100000
	pigment { color rgbt <1,0,0,0> }
	no_shadow
}
cylinder {
	<25.727039, 29.213861, 41.684250>,  <25.342886, 29.299953, 41.613441>, 0.100000
	pigment { color rgbt <1,0,0,0> }
	no_shadow
}

// particle -1
sphere {
	<25.727039, 29.213861, 41.684250> 0.100000
	pigment { color rgbt <1,0,0,0> }
	no_shadow
}
sphere {
	0, 1
	scale<0.080000,0.200000,0.300000>
	matrix <-0.245719, -0.354377, 0.902241,
		-0.131460, -0.909996, -0.393225,
		0.960386, -0.215231, 0.177017,
		26.015156, 29.149292, 41.737354>
	pigment { color rgbt <0,1,1,0> }
	no_shadow
}
cylinder {
	<25.355320, 28.533957, 41.760960>,  <25.342886, 29.299953, 41.613441>, 0.130000
	pigment { color rgbt <1,0,0,0> }
	no_shadow
}

// nucleotide -1

// particle -1
sphere {
	<25.355320, 28.533957, 41.760960> 0.250000
	pigment { color rgbt <1,0,0,0> }
	no_shadow
}
cylinder {
	<25.615273, 28.770998, 41.951317>,  <25.771244, 28.913223, 42.065533>, 0.100000
	pigment { color rgbt <1,0,0,0> }
	no_shadow
}
cylinder {
	<25.615273, 28.770998, 41.951317>,  <25.355320, 28.533957, 41.760960>, 0.100000
	pigment { color rgbt <1,0,0,0> }
	no_shadow
}

// particle -1
sphere {
	<25.615273, 28.770998, 41.951317> 0.100000
	pigment { color rgbt <1,0,0,0> }
	no_shadow
}
sphere {
	0, 1
	scale<0.080000,0.200000,0.300000>
	matrix <-0.347248, -0.325462, 0.879485,
		0.676070, -0.736815, -0.005732,
		0.649884, 0.592602, 0.475893,
		25.810238, 28.948778, 42.094086>
	pigment { color rgbt <0,1,1,0> }
	no_shadow
}
cylinder {
	<25.999361, 28.332401, 41.511116>,  <25.355320, 28.533957, 41.760960>, 0.130000
	pigment { color rgbt <1,0,0,0> }
	no_shadow
}

// nucleotide -1

// particle -1
sphere {
	<25.999361, 28.332401, 41.511116> 0.250000
	pigment { color rgbt <1,0,0,0> }
	no_shadow
}
cylinder {
	<26.366417, 28.361126, 41.354771>,  <26.586651, 28.378361, 41.260963>, 0.100000
	pigment { color rgbt <1,0,0,0> }
	no_shadow
}
cylinder {
	<26.366417, 28.361126, 41.354771>,  <25.999361, 28.332401, 41.511116>, 0.100000
	pigment { color rgbt <1,0,0,0> }
	no_shadow
}

// particle -1
sphere {
	<26.366417, 28.361126, 41.354771> 0.100000
	pigment { color rgbt <1,0,0,0> }
	no_shadow
}
sphere {
	0, 1
	scale<0.080000,0.200000,0.300000>
	matrix <-0.291146, -0.547969, -0.784197,
		-0.270496, 0.833411, -0.481932,
		0.917642, 0.071809, -0.390867,
		26.641710, 28.382669, 41.237511>
	pigment { color rgbt <0,1,1,0> }
	no_shadow
}
cylinder {
	<26.118990, 28.410019, 40.745125>,  <25.999361, 28.332401, 41.511116>, 0.130000
	pigment { color rgbt <1,0,0,0> }
	no_shadow
}

// nucleotide -1

// particle -1
sphere {
	<26.118990, 28.410019, 40.745125> 0.250000
	pigment { color rgbt <1,0,0,0> }
	no_shadow
}
cylinder {
	<25.952194, 28.721315, 40.932938>,  <25.852118, 28.908092, 41.045628>, 0.100000
	pigment { color rgbt <1,0,0,0> }
	no_shadow
}
cylinder {
	<25.952194, 28.721315, 40.932938>,  <26.118990, 28.410019, 40.745125>, 0.100000
	pigment { color rgbt <1,0,0,0> }
	no_shadow
}

// particle -1
sphere {
	<25.952194, 28.721315, 40.932938> 0.100000
	pigment { color rgbt <1,0,0,0> }
	no_shadow
}
sphere {
	0, 1
	scale<0.080000,0.200000,0.300000>
