// switches for output
#declare DRAW_BASES = 1; // possible values are 0, 1; only relevant for DNA ribbons
#declare DRAW_BASES_TYPE = 3; // possible values are 1, 2, 3; only relevant for DNA ribbons
#declare DRAW_FOG = 0; // set to 1 to enable fog

#include "colors.inc"

#include "transforms.inc"
background { rgb <1, 1, 1>}

#default {
   normal{
       ripples 0.25
       frequency 0.20
       turbulence 0.2
       lambda 5
   }
	finish {
		phong 0.1
		phong_size 40.
	}
}

// original window dimensions: 1024x640


// camera settings

camera {
	sky <0, 0.179814, -0.983701>
	up <0, 0.179814, -0.983701>
	right 1.6 * <1, 0, 0>
	location <35, 94.9851, 44.8844>
	look_at <35, 29.7336, 32.9568>
	direction <0, -65.2515, -11.9276>
	angle 67.0682
}


# declare cpy_camera_pos = <35, 94.9851, 44.8844>;
# if (DRAW_FOG = 1)
fog {
	fog_type 2
	up vnormalize(cpy_camera_pos)
	color rgbt<1,1,1,0.3>
	distance 1e-5
	fog_alt 3e-3
	fog_offset 56
}
# end


// LIGHTS

# declare lum = 6;
global_settings {
	ambient_light rgb lum * <0.05, 0.05, 0.05>
	max_trace_level 15
}# declare cpy_direct_light_amount = 0.25;
light_source
{	1000 * <-1, -1.16352, -0.803886>,
	rgb lum * cpy_direct_light_amount
	parallel
}

light_source
{	1000 * <1, 1.16352, 0.803886>,
	rgb lum * cpy_direct_light_amount
	parallel
}

// strand 0

// nucleotide -1

// particle -1
sphere {
	<24.484072, 35.119503, 34.600105> 0.250000
	pigment { color rgbt <1,0,0,0> }
	no_shadow
}
cylinder {
	<24.389330, 35.211716, 34.977627>,  <24.332485, 35.267044, 35.204140>, 0.100000
	pigment { color rgbt <1,0,0,0> }
	no_shadow
}
cylinder {
	<24.389330, 35.211716, 34.977627>,  <24.484072, 35.119503, 34.600105>, 0.100000
	pigment { color rgbt <1,0,0,0> }
	no_shadow
}

// particle -1
sphere {
	<24.389330, 35.211716, 34.977627> 0.100000
	pigment { color rgbt <1,0,0,0> }
	no_shadow
}
sphere {
	0, 1
	scale<0.080000,0.200000,0.300000>
	matrix <0.186556, 0.964155, -0.188682,
		-0.953466, 0.131381, -0.271371,
		-0.236854, 0.230528, 0.943799,
		24.318274, 35.280872, 35.260765>
	pigment { color rgbt <0,1,1,0> }
	no_shadow
}
cylinder {
	<23.801994, 35.485752, 34.655628>,  <24.484072, 35.119503, 34.600105>, 0.130000
	pigment { color rgbt <1,0,0,0> }
	no_shadow
}

// nucleotide -1

// particle -1
sphere {
	<23.801994, 35.485752, 34.655628> 0.250000
	pigment { color rgbt <1,0,0,0> }
	no_shadow
}
cylinder {
	<24.107347, 35.575298, 34.897991>,  <24.290560, 35.629025, 35.043411>, 0.100000
	pigment { color rgbt <1,0,0,0> }
	no_shadow
}
cylinder {
	<24.107347, 35.575298, 34.897991>,  <23.801994, 35.485752, 34.655628>, 0.100000
	pigment { color rgbt <1,0,0,0> }
	no_shadow
}

// particle -1
sphere {
	<24.107347, 35.575298, 34.897991> 0.100000
	pigment { color rgbt <1,0,0,0> }
	no_shadow
}
sphere {
	0, 1
	scale<0.080000,0.200000,0.300000>
	matrix <0.150225, 0.850774, -0.503603,
		-0.628232, 0.475466, 0.615838,
		0.763385, 0.223865, 0.605911,
		24.336363, 35.642456, 35.079765>
	pigment { color rgbt <0,1,1,0> }
	no_shadow
}
cylinder {
	<23.810728, 36.184917, 35.020298>,  <23.801994, 35.485752, 34.655628>, 0.130000
	pigment { color rgbt <1,0,0,0> }
	no_shadow
}

// nucleotide -1

// particle -1
sphere {
	<23.810728, 36.184917, 35.020298> 0.250000
	pigment { color rgbt <1,0,0,0> }
	no_shadow
}
cylinder {
	<24.201227, 36.098351, 35.024429>,  <24.435526, 36.046410, 35.026909>, 0.100000
	pigment { color rgbt <1,0,0,0> }
	no_shadow
}
cylinder {
	<24.201227, 36.098351, 35.024429>,  <23.810728, 36.184917, 35.020298>, 0.100000
	pigment { color rgbt <1,0,0,0> }
	no_shadow
}

// particle -1
sphere {
	<24.201227, 36.098351, 35.024429> 0.100000
	pigment { color rgbt <1,0,0,0> }
	no_shadow
}
sphere {
	0, 1
	scale<0.080000,0.200000,0.300000>
	matrix <0.189844, 0.831467, -0.522131,
		0.104408, 0.511690, 0.852803,
		0.976247, -0.216415, 0.010329,
		24.494101, 36.033424, 35.027527>
	pigment { color rgbt <0,1,1,0> }
	no_shadow
}
cylinder {
	<24.251261, 36.786213, 35.355633>,  <23.810728, 36.184917, 35.020298>, 0.130000
	pigment { color rgbt <1,0,0,0> }
	no_shadow
}

// nucleotide -1

// particle -1
sphere {
	<24.251261, 36.786213, 35.355633> 0.250000
	pigment { color rgbt <1,0,0,0> }
	no_shadow
}
cylinder {
	<24.445410, 36.563065, 35.086357>,  <24.561899, 36.429176, 34.924789>, 0.100000
	pigment { color rgbt <1,0,0,0> }
	no_shadow
}
cylinder {
	<24.445410, 36.563065, 35.086357>,  <24.251261, 36.786213, 35.355633>, 0.100000
	pigment { color rgbt <1,0,0,0> }
	no_shadow
}

// particle -1
sphere {
	<24.445410, 36.563065, 35.086357> 0.100000
	pigment { color rgbt <1,0,0,0> }
	no_shadow
}
sphere {
	0, 1
	scale<0.080000,0.200000,0.300000>
	matrix <0.265399, 0.827654, -0.494523,
		0.833052, 0.061364, 0.549781,
		0.485374, -0.557874, -0.673193,
		24.591022, 36.395702, 34.884399>
	pigment { color rgbt <0,1,1,0> }
	no_shadow
}
cylinder {
	<24.986038, 37.028137, 35.336994>,  <24.251261, 36.786213, 35.355633>, 0.130000
	pigment { color rgbt <1,0,0,0> }
	no_shadow
}

// nucleotide -1

// particle -1
sphere {
	<24.986038, 37.028137, 35.336994> 0.250000
	pigment { color rgbt <1,0,0,0> }
	no_shadow
}
cylinder {
	<24.912783, 36.867001, 34.978291>,  <24.868830, 36.770321, 34.763069>, 0.100000
	pigment { color rgbt <1,0,0,0> }
	no_shadow
}
cylinder {
	<24.912783, 36.867001, 34.978291>,  <24.986038, 37.028137, 35.336994>, 0.100000
	pigment { color rgbt <1,0,0,0> }
	no_shadow
}

// particle -1
sphere {
	<24.912783, 36.867001, 34.978291> 0.100000
	pigment { color rgbt <1,0,0,0> }
	no_shadow
}
sphere {
	0, 1
	scale<0.080000,0.200000,0.300000>
	matrix <0.269873, 0.856545, -0.439887,
		0.945319, -0.322572, -0.048153,
		-0.183140, -0.402838, -0.896761,
		24.857841, 36.746151, 34.709263>
	pigment { color rgbt <0,1,1,0> }
	no_shadow
}
cylinder {
	<25.608969, 36.960812, 34.846004>,  <24.986038, 37.028137, 35.336994>, 0.130000
	pigment { color rgbt <1,0,0,0> }
	no_shadow
}

// nucleotide -1

// particle -1
sphere {
	<25.608969, 36.960812, 34.846004> 0.250000
	pigment { color rgbt <1,0,0,0> }
	no_shadow
}
cylinder {
	<25.281034, 36.980114, 34.617779>,  <25.084274, 36.991695, 34.480843>, 0.100000
	pigment { color rgbt <1,0,0,0> }
	no_shadow
}
cylinder {
	<25.281034, 36.980114, 34.617779>,  <25.608969, 36.960812, 34.846004>, 0.100000
	pigment { color rgbt <1,0,0,0> }
	no_shadow
}

// particle -1
sphere {
	<25.281034, 36.980114, 34.617779> 0.100000
	pigment { color rgbt <1,0,0,0> }
	no_shadow
}
sphere {
	0, 1
	scale<0.080000,0.200000,0.300000>
	matrix <0.461327, 0.645919, -0.608249,
		0.339185, -0.761879, -0.551809,
		-0.819836, 0.048256, -0.570561,
		25.035084, 36.994591, 34.446609>
	pigment { color rgbt <0,1,1,0> }
	no_shadow
}
cylinder {
	<25.910034, 37.080051, 34.134945>,  <25.608969, 36.960812, 34.846004>, 0.130000
	pigment { color rgbt <1,0,0,0> }
	no_shadow
}

// nucleotide -1

// particle -1
sphere {
	<25.910034, 37.080051, 34.134945> 0.250000
	pigment { color rgbt <1,0,0,0> }
	no_shadow
}
cylinder {
	<25.528818, 37.200546, 34.147373>,  <25.300089, 37.272842, 34.154831>, 0.100000
	pigment { color rgbt <1,0,0,0> }
	no_shadow
}
cylinder {
	<25.528818, 37.200546, 34.147373>,  <25.910034, 37.080051, 34.134945>, 0.100000
	pigment { color rgbt <1,0,0,0> }
	no_shadow
}

// particle -1
sphere {
	<25.528818, 37.200546, 34.147373> 0.100000
	pigment { color rgbt <1,0,0,0> }
	no_shadow
}
sphere {
	0, 1
	scale<0.080000,0.200000,0.300000>
	matrix <0.252250, 0.846411, -0.468997,
		-0.167576, -0.439137, -0.882653,
		-0.953042, 0.301242, 0.031066,
		25.242905, 37.290920, 34.156693>
	pigment { color rgbt <0,1,1,0> }
	no_shadow
}
cylinder {
	<25.761606, 37.272091, 33.361858>,  <25.910034, 37.080051, 34.134945>, 0.130000
	pigment { color rgbt <1,0,0,0> }
	no_shadow
}

// nucleotide -1

// particle -1
sphere {
	<25.761606, 37.272091, 33.361858> 0.250000
	pigment { color rgbt <1,0,0,0> }
	no_shadow
}
cylinder {
	<25.582226, 37.483490, 33.650185>,  <25.474598, 37.610329, 33.823181>, 0.100000
	pigment { color rgbt <1,0,0,0> }
	no_shadow
}
cylinder {
	<25.582226, 37.483490, 33.650185>,  <25.761606, 37.272091, 33.361858>, 0.100000
	pigment { color rgbt <1,0,0,0> }
	no_shadow
}

// particle -1
sphere {
	<25.582226, 37.483490, 33.650185> 0.100000
	pigment { color rgbt <1,0,0,0> }
	no_shadow
}
sphere {
	0, 1
	scale<0.080000,0.200000,0.300000>
	matrix <0.347250, 0.846126, -0.404338,
		-0.823596, 0.068978, -0.562967,
		-0.448451, 0.528501, 0.720818,
		25.447691, 37.642040, 33.866428>
	pigment { color rgbt <0,1,1,0> }
	no_shadow
}
cylinder {
	<25.443308, 37.793518, 33.006752>,  <25.761606, 37.272091, 33.361858>, 0.130000
	pigment { color rgbt <1,0,0,0> }
	no_shadow
}

// nucleotide -1

// particle -1
sphere {
	<25.443308, 37.793518, 33.006752> 0.250000
	pigment { color rgbt <1,0,0,0> }
	no_shadow
}
cylinder {
	<25.509802, 37.941799, 33.372253>,  <25.549698, 38.030769, 33.591553>, 0.100000
	pigment { color rgbt <1,0,0,0> }
	no_shadow
}
cylinder {
	<25.509802, 37.941799, 33.372253>,  <25.443308, 37.793518, 33.006752>, 0.100000
	pigment { color rgbt <1,0,0,0> }
	no_shadow
}

// particle -1
sphere {
	<25.509802, 37.941799, 33.372253> 0.100000
	pigment { color rgbt <1,0,0,0> }
	no_shadow
}
sphere {
	0, 1
	scale<0.080000,0.200000,0.300000>
	matrix <0.324133, 0.854613, -0.405679,
		-0.931291, 0.363616, 0.021912,
		0.166237, 0.370703, 0.913753,
		25.559673, 38.053009, 33.646378>
	pigment { color rgbt <0,1,1,0> }
	no_shadow
}
cylinder {
	<25.210566, 38.525337, 32.962387>,  <25.443308, 37.793518, 33.006752>, 0.130000
	pigment { color rgbt <1,0,0,0> }
	no_shadow
}

// nucleotide -1

// particle -1
sphere {
	<25.210566, 38.525337, 32.962387> 0.250000
	pigment { color rgbt <1,0,0,0> }
	no_shadow
}
cylinder {
	<25.445419, 38.496117, 33.284863>,  <25.586330, 38.478584, 33.478348>, 0.100000
	pigment { color rgbt <1,0,0,0> }
	no_shadow
}
cylinder {
	<25.445419, 38.496117, 33.284863>,  <25.210566, 38.525337, 32.962387>, 0.100000
	pigment { color rgbt <1,0,0,0> }
	no_shadow
}

// particle -1
sphere {
	<25.445419, 38.496117, 33.284863> 0.100000
	pigment { color rgbt <1,0,0,0> }
	no_shadow
}
sphere {
	0, 1
	scale<0.080000,0.200000,0.300000>
	matrix <0.358285, 0.916509, -0.177884,
		-0.725883, 0.393286, 0.564287,
		0.587133, -0.073053, 0.806187,
		25.621559, 38.474201, 33.526718>
	pigment { color rgbt <0,1,1,0> }
	no_shadow
}
cylinder {
	<25.233215, 39.250645, 33.185955>,  <25.210566, 38.525337, 32.962387>, 0.130000
	pigment { color rgbt <1,0,0,0> }
	no_shadow
}

// nucleotide -1

// particle -1
sphere {
	<25.233215, 39.250645, 33.185955> 0.250000
	pigment { color rgbt <1,0,0,0> }
	no_shadow
}
cylinder {
	<25.544653, 39.040947, 33.323917>,  <25.731516, 38.915127, 33.406696>, 0.100000
	pigment { color rgbt <1,0,0,0> }
	no_shadow
}
cylinder {
	<25.544653, 39.040947, 33.323917>,  <25.233215, 39.250645, 33.185955>, 0.100000
	pigment { color rgbt <1,0,0,0> }
	no_shadow
}

// particle -1
sphere {
	<25.544653, 39.040947, 33.323917> 0.100000
	pigment { color rgbt <1,0,0,0> }
	no_shadow
}
sphere {
	0, 1
	scale<0.080000,0.200000,0.300000>
	matrix <0.627384, 0.662093, -0.409906,
		-0.013469, 0.535539, 0.844403,
		0.778594, -0.524243, 0.344906,
		25.778231, 38.883675, 33.427391>
	pigment { color rgbt <0,1,1,0> }
	no_shadow
}
cylinder {
	<25.776541, 39.763496, 33.267174>,  <25.233215, 39.250645, 33.185955>, 0.130000
	pigment { color rgbt <1,0,0,0> }
	no_shadow
}

// nucleotide -1

// particle -1
sphere {
	<25.776541, 39.763496, 33.267174> 0.250000
	pigment { color rgbt <1,0,0,0> }
	no_shadow
}
cylinder {
	<25.961136, 39.409157, 33.247978>,  <26.071894, 39.196552, 33.236462>, 0.100000
	pigment { color rgbt <1,0,0,0> }
	no_shadow
}
cylinder {
	<25.961136, 39.409157, 33.247978>,  <25.776541, 39.763496, 33.267174>, 0.100000
	pigment { color rgbt <1,0,0,0> }
	no_shadow
}

// particle -1
sphere {
	<25.961136, 39.409157, 33.247978> 0.100000
	pigment { color rgbt <1,0,0,0> }
	no_shadow
}
sphere {
	0, 1
	scale<0.080000,0.200000,0.300000>
	matrix <0.804967, 0.440862, -0.397077,
		0.372905, 0.144619, 0.916530,
		0.461488, -0.885848, -0.047986,
		26.099583, 39.143402, 33.233582>
	pigment { color rgbt <0,1,1,0> }
	no_shadow
}
cylinder {
	<26.514605, 39.822472, 33.638691>,  <25.776541, 39.763496, 33.267174>, 0.130000
	pigment { color rgbt <1,0,0,0> }
	no_shadow
}

// nucleotide -1

// particle -1
sphere {
	<26.514605, 39.822472, 33.638691> 0.250000
	pigment { color rgbt <1,0,0,0> }
	no_shadow
}
cylinder {
	<26.437105, 39.568501, 33.339535>,  <26.390606, 39.416119, 33.160042>, 0.100000
	pigment { color rgbt <1,0,0,0> }
	no_shadow
}
cylinder {
	<26.437105, 39.568501, 33.339535>,  <26.514605, 39.822472, 33.638691>, 0.100000
	pigment { color rgbt <1,0,0,0> }
	no_shadow
}

// particle -1
sphere {
	<26.437105, 39.568501, 33.339535> 0.100000
	pigment { color rgbt <1,0,0,0> }
	no_shadow
}
sphere {
	0, 1
	scale<0.080000,0.200000,0.300000>
	matrix <0.717351, 0.428342, -0.549481,
		0.669230, -0.642957, 0.372473,
		-0.193747, -0.634924, -0.747886,
		26.378981, 39.378025, 33.115170>
	pigment { color rgbt <0,1,1,0> }
	no_shadow
}
cylinder {
	<27.172958, 39.550968, 33.289116>,  <26.514605, 39.822472, 33.638691>, 0.130000
	pigment { color rgbt <1,0,0,0> }
	no_shadow
}

// nucleotide -1

// particle -1
sphere {
	<27.172958, 39.550968, 33.289116> 0.250000
	pigment { color rgbt <1,0,0,0> }
	no_shadow
}
cylinder {
	<26.863350, 39.548744, 33.035862>,  <26.677586, 39.547409, 32.883911>, 0.100000
	pigment { color rgbt <1,0,0,0> }
	no_shadow
}
cylinder {
	<26.863350, 39.548744, 33.035862>,  <27.172958, 39.550968, 33.289116>, 0.100000
	pigment { color rgbt <1,0,0,0> }
	no_shadow
}

// particle -1
sphere {
	<26.863350, 39.548744, 33.035862> 0.100000
	pigment { color rgbt <1,0,0,0> }
	no_shadow
}
sphere {
	0, 1
	scale<0.080000,0.200000,0.300000>
	matrix <0.581061, 0.390989, -0.713790,
		0.251516, -0.920378, -0.299405,
		-0.774021, -0.005557, -0.633136,
		26.631144, 39.547077, 32.845921>
	pigment { color rgbt <0,1,1,0> }
	no_shadow
}
cylinder {
	<27.491976, 38.920372, 33.132736>,  <27.172958, 39.550968, 33.289116>, 0.130000
	pigment { color rgbt <1,0,0,0> }
	no_shadow
}

// nucleotide -1

// particle -1
sphere {
	<27.491976, 38.920372, 33.132736> 0.250000
	pigment { color rgbt <1,0,0,0> }
	no_shadow
}
cylinder {
	<27.820940, 39.147732, 33.123238>,  <28.018318, 39.284149, 33.117538>, 0.100000
	pigment { color rgbt <1,0,0,0> }
	no_shadow
}
cylinder {
	<27.820940, 39.147732, 33.123238>,  <27.491976, 38.920372, 33.132736>, 0.100000
	pigment { color rgbt <1,0,0,0> }
	no_shadow
}

// particle -1
sphere {
	<27.820940, 39.147732, 33.123238> 0.100000
	pigment { color rgbt <1,0,0,0> }
	no_shadow
}
sphere {
	0, 1
	scale<0.080000,0.200000,0.300000>
	matrix <-0.530231, 0.750726, -0.394039,
		-0.206147, 0.336651, 0.918787,
		0.822410, 0.568399, -0.023743,
		28.067663, 39.318253, 33.116116>
	pigment { color rgbt <0,1,1,0> }
	no_shadow
}
cylinder {
	<26.988394, 38.292763, 33.200535>,  <27.491976, 38.920372, 33.132736>, 0.130000
	pigment { color rgbt <1,0,0,0> }
	no_shadow
}

// nucleotide -1

// particle -1
sphere {
	<26.988394, 38.292763, 33.200535> 0.250000
	pigment { color rgbt <1,0,0,0> }
	no_shadow
}
cylinder {
	<26.702511, 38.556973, 33.292534>,  <26.530981, 38.715500, 33.347733>, 0.100000
	pigment { color rgbt <1,0,0,0> }
	no_shadow
}
cylinder {
	<26.702511, 38.556973, 33.292534>,  <26.988394, 38.292763, 33.200535>, 0.100000
	pigment { color rgbt <1,0,0,0> }
	no_shadow
}

// particle -1
sphere {
	<26.702511, 38.556973, 33.292534> 0.100000
	pigment { color rgbt <1,0,0,0> }
	no_shadow
}
sphere {
	0, 1
	scale<0.080000,0.200000,0.300000>
	matrix <-0.527250, -0.724874, 0.443356,
		0.459569, 0.195603, 0.866335,
		-0.714706, 0.660528, 0.229998,
		26.488100, 38.755131, 33.361534>
	pigment { color rgbt <0,1,1,0> }
	no_shadow
}
cylinder {
	<26.721375, 38.193657, 33.917351>,  <26.988394, 38.292763, 33.200535>, 0.130000
	pigment { color rgbt <1,0,0,0> }
	no_shadow
}

// nucleotide -1

// particle -1
sphere {
	<26.721375, 38.193657, 33.917351> 0.250000
	pigment { color rgbt <1,0,0,0> }
	no_shadow
}
cylinder {
	<26.423748, 38.400440, 33.748062>,  <26.245173, 38.524509, 33.646488>, 0.100000
	pigment { color rgbt <1,0,0,0> }
	no_shadow
}
cylinder {
	<26.423748, 38.400440, 33.748062>,  <26.721375, 38.193657, 33.917351>, 0.100000
	pigment { color rgbt <1,0,0,0> }
	no_shadow
}

// particle -1
sphere {
	<26.423748, 38.400440, 33.748062> 0.100000
	pigment { color rgbt <1,0,0,0> }
	no_shadow
}
sphere {
	0, 1
	scale<0.080000,0.200000,0.300000>
	matrix <-0.666233, -0.621493, 0.412165,
		-0.049960, 0.588645, 0.806846,
		-0.744068, 0.516956, -0.423224,
		26.200527, 38.555527, 33.621094>
	pigment { color rgbt <0,1,1,0> }
	no_shadow
}
cylinder {
	<26.416063, 38.417515, 34.544140>,  <26.721375, 38.193657, 33.917351>, 0.130000
	pigment { color rgbt <1,0,0,0> }
	no_shadow
}

// nucleotide -1

// particle -1
sphere {
	<26.416063, 38.417515, 34.544140> 0.250000
	pigment { color rgbt <1,0,0,0> }
	no_shadow
}
cylinder {
	<26.176825, 38.426537, 34.223698>,  <26.033281, 38.431950, 34.031433>, 0.100000
	pigment { color rgbt <1,0,0,0> }
	no_shadow
}
cylinder {
	<26.176825, 38.426537, 34.223698>,  <26.416063, 38.417515, 34.544140>, 0.100000
	pigment { color rgbt <1,0,0,0> }
	no_shadow
}

// particle -1
sphere {
	<26.176825, 38.426537, 34.223698> 0.100000
	pigment { color rgbt <1,0,0,0> }
	no_shadow
}
sphere {
	0, 1
	scale<0.080000,0.200000,0.300000>
	matrix <-0.621230, -0.644566, 0.445654,
		-0.506315, 0.764216, 0.399525,
		-0.598096, 0.022556, -0.801107,
		25.997396, 38.433304, 33.983364>
	pigment { color rgbt <0,1,1,0> }
	no_shadow
}
cylinder {
	<25.798840, 38.379360, 34.861042>,  <26.416063, 38.417515, 34.544140>, 0.130000
	pigment { color rgbt <1,0,0,0> }
	no_shadow
}

// nucleotide -1

// particle -1
sphere {
	<25.798840, 38.379360, 34.861042> 0.250000
	pigment { color rgbt <1,0,0,0> }
	no_shadow
}
cylinder {
	<25.713329, 38.284309, 34.482025>,  <25.662024, 38.227280, 34.254616>, 0.100000
	pigment { color rgbt <1,0,0,0> }
	no_shadow
}
cylinder {
	<25.713329, 38.284309, 34.482025>,  <25.798840, 38.379360, 34.861042>, 0.100000
	pigment { color rgbt <1,0,0,0> }
	no_shadow
}

// particle -1
sphere {
	<25.713329, 38.284309, 34.482025> 0.100000
	pigment { color rgbt <1,0,0,0> }
	no_shadow
}
sphere {
	0, 1
	scale<0.080000,0.200000,0.300000>
	matrix <-0.668306, -0.671885, 0.319276,
		-0.712508, 0.701500, -0.015179,
		-0.213774, -0.237631, -0.947540,
		25.649197, 38.213020, 34.197762>
	pigment { color rgbt <0,1,1,0> }
	no_shadow
}
cylinder {
	<25.140675, 38.420425, 34.867168>,  <25.798840, 38.379360, 34.861042>, 0.130000
	pigment { color rgbt <1,0,0,0> }
	no_shadow
}

// nucleotide -1

// particle -1
sphere {
	<25.140675, 38.420425, 34.867168> 0.250000
	pigment { color rgbt <1,0,0,0> }
	no_shadow
}
cylinder {
	<25.219816, 38.181519, 34.556267>,  <25.267302, 38.038174, 34.369724>, 0.100000
	pigment { color rgbt <1,0,0,0> }
	no_shadow
}
cylinder {
	<25.219816, 38.181519, 34.556267>,  <25.140675, 38.420425, 34.867168>, 0.100000
	pigment { color rgbt <1,0,0,0> }
	no_shadow
}

// particle -1
sphere {
	<25.219816, 38.181519, 34.556267> 0.100000
	pigment { color rgbt <1,0,0,0> }
	no_shadow
}
sphere {
	0, 1
	scale<0.080000,0.200000,0.300000>
	matrix <-0.414998, -0.769398, 0.485596,
		-0.888049, 0.226483, -0.400093,
		0.197851, -0.597270, -0.777253,
		25.279171, 38.002338, 34.323090>
	pigment { color rgbt <0,1,1,0> }
	no_shadow
}
cylinder {
	<24.489401, 38.020355, 34.595547>,  <25.140675, 38.420425, 34.867168>, 0.130000
	pigment { color rgbt <1,0,0,0> }
	no_shadow
}

// nucleotide -1

// particle -1
sphere {
	<24.489401, 38.020355, 34.595547> 0.250000
	pigment { color rgbt <1,0,0,0> }
	no_shadow
}
cylinder {
	<24.846745, 37.844086, 34.560421>,  <25.061152, 37.738323, 34.539345>, 0.100000
	pigment { color rgbt <1,0,0,0> }
	no_shadow
}
cylinder {
	<24.846745, 37.844086, 34.560421>,  <24.489401, 38.020355, 34.595547>, 0.100000
	pigment { color rgbt <1,0,0,0> }
	no_shadow
}

// particle -1
sphere {
	<24.846745, 37.844086, 34.560421> 0.100000
	pigment { color rgbt <1,0,0,0> }
	no_shadow
}
sphere {
	0, 1
	scale<0.080000,0.200000,0.300000>
	matrix <-0.315225, -0.753903, 0.576423,
		-0.320219, -0.487272, -0.812420,
		0.893361, -0.440677, -0.087813,
		25.114752, 37.711884, 34.534077>
	pigment { color rgbt <0,1,1,0> }
	no_shadow
}
cylinder {
	<24.033680, 37.769058, 34.111919>,  <24.489401, 38.020355, 34.595547>, 0.130000
	pigment { color rgbt <1,0,0,0> }
	no_shadow
}

// nucleotide -1

// particle -1
sphere {
	<24.033680, 37.769058, 34.111919> 0.250000
	pigment { color rgbt <1,0,0,0> }
	no_shadow
}
cylinder {
	<24.403339, 37.617813, 34.090088>,  <24.625135, 37.527065, 34.076988>, 0.100000
	pigment { color rgbt <1,0,0,0> }
	no_shadow
}
cylinder {
	<24.403339, 37.617813, 34.090088>,  <24.033680, 37.769058, 34.111919>, 0.100000
	pigment { color rgbt <1,0,0,0> }
	no_shadow
}

// particle -1
sphere {
	<24.403339, 37.617813, 34.090088> 0.100000
	pigment { color rgbt <1,0,0,0> }
	no_shadow
}
sphere {
	0, 1
	scale<0.080000,0.200000,0.300000>
	matrix <-0.306464, -0.819042, 0.485026,
		-0.228101, -0.431509, -0.872795,
		0.924148, -0.378115, -0.054582,
		24.680584, 37.504379, 34.073711>
	pigment { color rgbt <0,1,1,0> }
	no_shadow
}
cylinder {
	<23.907877, 37.163544, 33.869579>,  <24.033680, 37.769058, 34.111919>, 0.130000
	pigment { color rgbt <1,0,0,0> }
	no_shadow
}

// nucleotide -1

// particle -1
sphere {
	<23.907877, 37.163544, 33.869579> 0.250000
	pigment { color rgbt <1,0,0,0> }
	no_shadow
}
cylinder {
	<24.260113, 37.150269, 34.058666>,  <24.471455, 37.142303, 34.172119>, 0.100000
	pigment { color rgbt <1,0,0,0> }
	no_shadow
}
cylinder {
	<24.260113, 37.150269, 34.058666>,  <23.907877, 37.163544, 33.869579>, 0.100000
	pigment { color rgbt <1,0,0,0> }
	no_shadow
}

// particle -1
sphere {
	<24.260113, 37.150269, 34.058666> 0.100000
	pigment { color rgbt <1,0,0,0> }
	no_shadow
}
sphere {
	0, 1
	scale<0.080000,0.200000,0.300000>
	matrix <-0.334214, -0.750694, 0.569877,
		0.335956, -0.659816, -0.672143,
		0.880588, -0.033185, 0.472720,
		24.524290, 37.140312, 34.200481>
	pigment { color rgbt <0,1,1,0> }
	no_shadow
}
cylinder {
	<24.511654, 36.641193, 33.550785>,  <23.907877, 37.163544, 33.869579>, 0.130000
	pigment { color rgbt <1,0,0,0> }
	no_shadow
}

// nucleotide -1

// particle -1
sphere {
	<24.511654, 36.641193, 33.550785> 0.250000
	pigment { color rgbt <1,0,0,0> }
	no_shadow
}
cylinder {
	<24.816832, 36.686470, 33.805374>,  <24.999939, 36.713634, 33.958130>, 0.100000
	pigment { color rgbt <1,0,0,0> }
	no_shadow
}
cylinder {
	<24.816832, 36.686470, 33.805374>,  <24.511654, 36.641193, 33.550785>, 0.100000
	pigment { color rgbt <1,0,0,0> }
	no_shadow
}

// particle -1
sphere {
	<24.816832, 36.686470, 33.805374> 0.100000
	pigment { color rgbt <1,0,0,0> }
	no_shadow
}
sphere {
	0, 1
	scale<0.080000,0.200000,0.300000>
	matrix <-0.326416, -0.782380, 0.530409,
		0.558003, -0.612430, -0.559967,
		0.762945, 0.113188, 0.636477,
		25.045715, 36.720425, 33.996319>
	pigment { color rgbt <0,1,1,0> }
	no_shadow
}
cylinder {
	<24.875256, 36.009125, 33.677425>,  <24.511654, 36.641193, 33.550785>, 0.130000
	pigment { color rgbt <1,0,0,0> }
	no_shadow
}

// nucleotide -1

// particle -1
sphere {
	<24.875256, 36.009125, 33.677425> 0.250000
	pigment { color rgbt <1,0,0,0> }
	no_shadow
}
cylinder {
	<24.929111, 36.236988, 34.001736>,  <24.961424, 36.373707, 34.196323>, 0.100000
	pigment { color rgbt <1,0,0,0> }
	no_shadow
}
cylinder {
	<24.929111, 36.236988, 34.001736>,  <24.875256, 36.009125, 33.677425>, 0.100000
	pigment { color rgbt <1,0,0,0> }
	no_shadow
}

// particle -1
sphere {
	<24.929111, 36.236988, 34.001736> 0.100000
	pigment { color rgbt <1,0,0,0> }
	no_shadow
}
sphere {
	0, 1
	scale<0.080000,0.200000,0.300000>
	matrix <-0.304902, -0.754714, 0.580898,
		0.942819, -0.325419, 0.072076,
		0.134638, 0.569657, 0.810779,
		24.969503, 36.407887, 34.244968>
	pigment { color rgbt <0,1,1,0> }
	no_shadow
}
cylinder {
	<25.310907, 35.664318, 34.054180>,  <24.875256, 36.009125, 33.677425>, 0.130000
	pigment { color rgbt <1,0,0,0> }
	no_shadow
}

// nucleotide -1

// particle -1
sphere {
	<25.310907, 35.664318, 34.054180> 0.250000
	pigment { color rgbt <1,0,0,0> }
	no_shadow
}
cylinder {
	<25.079153, 35.870583, 34.306656>,  <24.940102, 35.994343, 34.458141>, 0.100000
	pigment { color rgbt <1,0,0,0> }
	no_shadow
}
cylinder {
	<25.079153, 35.870583, 34.306656>,  <25.310907, 35.664318, 34.054180>, 0.100000
	pigment { color rgbt <1,0,0,0> }
	no_shadow
}

// particle -1
sphere {
	<25.079153, 35.870583, 34.306656> 0.100000
	pigment { color rgbt <1,0,0,0> }
	no_shadow
}
sphere {
	0, 1
	scale<0.080000,0.200000,0.300000>
	matrix <-0.297289, -0.854767, 0.425432,
		0.758903, 0.058843, 0.648540,
		-0.579384, 0.515666, 0.631192,
		24.905338, 36.025284, 34.496014>
	pigment { color rgbt <0,1,1,0> }
	no_shadow
}
cylinder {
	<25.515905, 35.031673, 34.443302>,  <25.310907, 35.664318, 34.054180>, 0.130000
	pigment { color rgbt <1,0,0,0> }
	no_shadow
}

// nucleotide -1

// particle -1
sphere {
	<25.515905, 35.031673, 34.443302> 0.250000
	pigment { color rgbt <1,0,0,0> }
	no_shadow
}
cylinder {
	<25.706858, 34.709835, 34.302029>,  <25.821430, 34.516731, 34.217266>, 0.100000
	pigment { color rgbt <1,0,0,0> }
	no_shadow
}
cylinder {
	<25.706858, 34.709835, 34.302029>,  <25.515905, 35.031673, 34.443302>, 0.100000
	pigment { color rgbt <1,0,0,0> }
	no_shadow
}

// particle -1
sphere {
	<25.706858, 34.709835, 34.302029> 0.100000
	pigment { color rgbt <1,0,0,0> }
	no_shadow
}
sphere {
	0, 1
	scale<0.080000,0.200000,0.300000>
	matrix <0.071734, 0.436280, -0.896947,
		0.875762, 0.402852, 0.265989,
		0.477383, -0.804593, -0.353179,
		25.850073, 34.468456, 34.196075>
	pigment { color rgbt <0,1,1,0> }
	no_shadow
}
cylinder {
	<26.101788, 35.248016, 34.038368>,  <25.515905, 35.031673, 34.443302>, 0.130000
	pigment { color rgbt <1,0,0,0> }
	no_shadow
}

// nucleotide -1

// particle -1
sphere {
	<26.101788, 35.248016, 34.038368> 0.250000
	pigment { color rgbt <1,0,0,0> }
	no_shadow
}
cylinder {
	<26.013039, 34.879101, 33.911777>,  <25.959789, 34.657753, 33.835823>, 0.100000
	pigment { color rgbt <1,0,0,0> }
	no_shadow
}
cylinder {
	<26.013039, 34.879101, 33.911777>,  <26.101788, 35.248016, 34.038368>, 0.100000
	pigment { color rgbt <1,0,0,0> }
	no_shadow
}

// particle -1
sphere {
	<26.013039, 34.879101, 33.911777> 0.100000
	pigment { color rgbt <1,0,0,0> }
	no_shadow
}
sphere {
	0, 1
	scale<0.080000,0.200000,0.300000>
	matrix <0.097501, 0.301955, -0.948323,
		0.970189, -0.241263, 0.022929,
		-0.221871, -0.922288, -0.316477,
		25.946478, 34.602413, 33.816833>
	pigment { color rgbt <0,1,1,0> }
	no_shadow
}
cylinder {
	<26.603220, 35.164036, 33.528149>,  <26.101788, 35.248016, 34.038368>, 0.130000
	pigment { color rgbt <1,0,0,0> }
	no_shadow
}

// nucleotide -1

// particle -1
sphere {
	<26.603220, 35.164036, 33.528149> 0.250000
	pigment { color rgbt <1,0,0,0> }
	no_shadow
}
cylinder {
	<26.290359, 34.923752, 33.461960>,  <26.102644, 34.779579, 33.422245>, 0.100000
	pigment { color rgbt <1,0,0,0> }
	no_shadow
}
cylinder {
	<26.290359, 34.923752, 33.461960>,  <26.603220, 35.164036, 33.528149>, 0.100000
	pigment { color rgbt <1,0,0,0> }
	no_shadow
}

// particle -1
sphere {
	<26.290359, 34.923752, 33.461960> 0.100000
	pigment { color rgbt <1,0,0,0> }
	no_shadow
}
sphere {
	0, 1
	scale<0.080000,0.200000,0.300000>
	matrix <-0.052411, 0.328059, -0.943202,
		0.620881, -0.729054, -0.288076,
		-0.782151, -0.600715, -0.165475,
		26.055714, 34.743538, 33.412319>
	pigment { color rgbt <0,1,1,0> }
	no_shadow
}
cylinder {
	<26.701870, 34.682518, 32.996941>,  <26.603220, 35.164036, 33.528149>, 0.130000
	pigment { color rgbt <1,0,0,0> }
	no_shadow
}

// nucleotide -1

// particle -1
sphere {
	<26.701870, 34.682518, 32.996941> 0.250000
	pigment { color rgbt <1,0,0,0> }
	no_shadow
}
cylinder {
	<26.309170, 34.757301, 33.010876>,  <26.073549, 34.802170, 33.019238>, 0.100000
	pigment { color rgbt <1,0,0,0> }
	no_shadow
}
cylinder {
	<26.309170, 34.757301, 33.010876>,  <26.701870, 34.682518, 32.996941>, 0.100000
	pigment { color rgbt <1,0,0,0> }
	no_shadow
}

// particle -1
sphere {
	<26.309170, 34.757301, 33.010876> 0.100000
	pigment { color rgbt <1,0,0,0> }
	no_shadow
}
sphere {
	0, 1
	scale<0.080000,0.200000,0.300000>
	matrix <-0.008008, 0.142401, -0.989777,
		-0.190004, -0.971993, -0.138306,
		-0.981750, 0.186954, 0.034840,
		26.014645, 34.813389, 33.021328>
	pigment { color rgbt <0,1,1,0> }
	no_shadow
}
cylinder {
	<26.210316, 34.228889, 32.536324>,  <26.701870, 34.682518, 32.996941>, 0.130000
	pigment { color rgbt <1,0,0,0> }
	no_shadow
}

// nucleotide -1

// particle -1
sphere {
	<26.210316, 34.228889, 32.536324> 0.250000
	pigment { color rgbt <1,0,0,0> }
	no_shadow
}
cylinder {
	<26.019667, 34.578918, 32.569996>,  <25.905277, 34.788937, 32.590199>, 0.100000
	pigment { color rgbt <1,0,0,0> }
	no_shadow
}
cylinder {
	<26.019667, 34.578918, 32.569996>,  <26.210316, 34.228889, 32.536324>, 0.100000
	pigment { color rgbt <1,0,0,0> }
	no_shadow
}

// particle -1
sphere {
	<26.019667, 34.578918, 32.569996> 0.100000
	pigment { color rgbt <1,0,0,0> }
	no_shadow
}
sphere {
	0, 1
	scale<0.080000,0.200000,0.300000>
	matrix <-0.075217, 0.054812, -0.995660,
		-0.875884, -0.480886, 0.039696,
		-0.476623, 0.875068, 0.084180,
		25.876680, 34.841438, 32.595249>
	pigment { color rgbt <0,1,1,0> }
	no_shadow
}
cylinder {
	<25.457647, 34.235348, 32.226410>,  <26.210316, 34.228889, 32.536324>, 0.130000
	pigment { color rgbt <1,0,0,0> }
	no_shadow
}

// nucleotide -1

// particle -1
sphere {
	<25.457647, 34.235348, 32.226410> 0.250000
	pigment { color rgbt <1,0,0,0> }
	no_shadow
}
cylinder {
	<25.649302, 34.585854, 32.206089>,  <25.764294, 34.796158, 32.193897>, 0.100000
	pigment { color rgbt <1,0,0,0> }
	no_shadow
}
cylinder {
	<25.649302, 34.585854, 32.206089>,  <25.457647, 34.235348, 32.226410>, 0.100000
	pigment { color rgbt <1,0,0,0> }
	no_shadow
}

// particle -1
sphere {
	<25.649302, 34.585854, 32.206089> 0.100000
	pigment { color rgbt <1,0,0,0> }
	no_shadow
}
sphere {
	0, 1
	scale<0.080000,0.200000,0.300000>
	matrix <-0.231111, 0.070114, -0.970398,
		-0.846767, 0.476695, 0.236109,
		0.479138, 0.876268, -0.050799,
		25.793043, 34.848736, 32.190849>
	pigment { color rgbt <0,1,1,0> }
	no_shadow
}
cylinder {
	<25.026695, 34.710926, 31.761515>,  <25.457647, 34.235348, 32.226410>, 0.130000
	pigment { color rgbt <1,0,0,0> }
	no_shadow
}

// nucleotide -1

// particle -1
sphere {
	<25.026695, 34.710926, 31.761515> 0.250000
	pigment { color rgbt <1,0,0,0> }
	no_shadow
}
cylinder {
	<25.368414, 34.918839, 31.762224>,  <25.573444, 35.043587, 31.762650>, 0.100000
	pigment { color rgbt <1,0,0,0> }
	no_shadow
}
cylinder {
	<25.368414, 34.918839, 31.762224>,  <25.026695, 34.710926, 31.761515>, 0.100000
	pigment { color rgbt <1,0,0,0> }
	no_shadow
}

// particle -1
sphere {
	<25.368414, 34.918839, 31.762224> 0.100000
	pigment { color rgbt <1,0,0,0> }
	no_shadow
}
sphere {
	0, 1
	scale<0.080000,0.200000,0.300000>
	matrix <-0.158415, 0.263611, -0.951532,
		-0.495058, 0.812609, 0.307543,
		0.854296, 0.519783, 0.001773,
		25.624702, 35.074772, 31.762756>
	pigment { color rgbt <0,1,1,0> }
	no_shadow
}
cylinder {
	<24.898167, 35.296238, 31.417337>,  <25.026695, 34.710926, 31.761515>, 0.130000
	pigment { color rgbt <1,0,0,0> }
	no_shadow
}

// nucleotide -1

// particle -1
sphere {
	<24.898167, 35.296238, 31.417337> 0.250000
	pigment { color rgbt <1,0,0,0> }
	no_shadow
}
cylinder {
	<25.295521, 35.258457, 31.391230>,  <25.533934, 35.235790, 31.375565>, 0.100000
	pigment { color rgbt <1,0,0,0> }
	no_shadow
}
cylinder {
	<25.295521, 35.258457, 31.391230>,  <24.898167, 35.296238, 31.417337>, 0.100000
	pigment { color rgbt <1,0,0,0> }
	no_shadow
}

// particle -1
sphere {
	<25.295521, 35.258457, 31.391230> 0.100000
	pigment { color rgbt <1,0,0,0> }
	no_shadow
}
sphere {
	0, 1
	scale<0.080000,0.200000,0.300000>
	matrix <-0.025797, 0.370344, -0.928536,
		0.111875, 0.924080, 0.365459,
		0.993387, -0.094452, -0.065271,
		25.593536, 35.230122, 31.371649>
	pigment { color rgbt <0,1,1,0> }
	no_shadow
}
cylinder {
	<25.103617, 35.821289, 31.016226>,  <24.898167, 35.296238, 31.417337>, 0.130000
	pigment { color rgbt <1,0,0,0> }
	no_shadow
}

// nucleotide -1

// particle -1
sphere {
	<25.103617, 35.821289, 31.016226> 0.250000
	pigment { color rgbt <1,0,0,0> }
	no_shadow
}
cylinder {
	<25.395432, 35.551964, 30.968185>,  <25.570520, 35.390369, 30.939362>, 0.100000
	pigment { color rgbt <1,0,0,0> }
	no_shadow
}
cylinder {
	<25.395432, 35.551964, 30.968185>,  <25.103617, 35.821289, 31.016226>, 0.100000
	pigment { color rgbt <1,0,0,0> }
	no_shadow
}

// particle -1
sphere {
	<25.395432, 35.551964, 30.968185> 0.100000
	pigment { color rgbt <1,0,0,0> }
	no_shadow
}
sphere {
	0, 1
	scale<0.080000,0.200000,0.300000>
	matrix <-0.118464, 0.048547, -0.991771,
		0.673602, 0.737763, -0.044347,
		0.729539, -0.673312, -0.120100,
		25.614294, 35.349972, 30.932156>
	pigment { color rgbt <0,1,1,0> }
	no_shadow
}
cylinder {
	<25.630157, 36.103691, 30.511415>,  <25.103617, 35.821289, 31.016226>, 0.130000
	pigment { color rgbt <1,0,0,0> }
	no_shadow
}

// nucleotide -1

// particle -1
sphere {
	<25.630157, 36.103691, 30.511415> 0.250000
	pigment { color rgbt <1,0,0,0> }
	no_shadow
}
cylinder {
	<25.649580, 35.705692, 30.546329>,  <25.661234, 35.466892, 30.567278>, 0.100000
	pigment { color rgbt <1,0,0,0> }
	no_shadow
}
cylinder {
	<25.649580, 35.705692, 30.546329>,  <25.630157, 36.103691, 30.511415>, 0.100000
	pigment { color rgbt <1,0,0,0> }
	no_shadow
}

// particle -1
sphere {
	<25.649580, 35.705692, 30.546329> 0.100000
	pigment { color rgbt <1,0,0,0> }
	no_shadow
}
sphere {
	0, 1
	scale<0.080000,0.200000,0.300000>
	matrix <0.079946, -0.083236, -0.993318,
		0.995616, 0.055212, 0.075504,
		0.048559, -0.994999, 0.087285,
		25.664148, 35.407192, 30.572515>
	pigment { color rgbt <0,1,1,0> }
	no_shadow
}
cylinder {
	<26.206957, 36.528393, 30.631615>,  <25.630157, 36.103691, 30.511415>, 0.130000
	pigment { color rgbt <1,0,0,0> }
	no_shadow
}

// nucleotide -1

// particle -1
sphere {
	<26.206957, 36.528393, 30.631615> 0.250000
	pigment { color rgbt <1,0,0,0> }
	no_shadow
}
cylinder {
	<26.213028, 36.128689, 30.617447>,  <26.216671, 35.888866, 30.608946>, 0.100000
	pigment { color rgbt <1,0,0,0> }
	no_shadow
}
cylinder {
	<26.213028, 36.128689, 30.617447>,  <26.206957, 36.528393, 30.631615>, 0.100000
	pigment { color rgbt <1,0,0,0> }
	no_shadow
}

// particle -1
sphere {
	<26.213028, 36.128689, 30.617447> 0.100000
	pigment { color rgbt <1,0,0,0> }
	no_shadow
}
sphere {
	0, 1
	scale<0.080000,0.200000,0.300000>
	matrix <0.351582, 0.038496, -0.935365,
		0.936034, 0.001742, 0.351905,
		0.015177, -0.999257, -0.035421,
		26.217581, 35.828911, 30.606821>
	pigment { color rgbt <0,1,1,0> }
	no_shadow
}
cylinder {
	<26.916529, 36.288403, 30.418762>,  <26.206957, 36.528393, 30.631615>, 0.130000
	pigment { color rgbt <1,0,0,0> }
	no_shadow
}

// nucleotide -1

// particle -1
sphere {
	<26.916529, 36.288403, 30.418762> 0.250000
	pigment { color rgbt <1,0,0,0> }
	no_shadow
}
cylinder {
	<26.663719, 35.998726, 30.308424>,  <26.512033, 35.824921, 30.242222>, 0.100000
	pigment { color rgbt <1,0,0,0> }
	no_shadow
}
cylinder {
	<26.663719, 35.998726, 30.308424>,  <26.916529, 36.288403, 30.418762>, 0.100000
	pigment { color rgbt <1,0,0,0> }
	no_shadow
}

// particle -1
sphere {
	<26.663719, 35.998726, 30.308424> 0.100000
	pigment { color rgbt <1,0,0,0> }
	no_shadow
}
sphere {
	0, 1
	scale<0.080000,0.200000,0.300000>
	matrix <0.419662, -0.020606, -0.907446,
		0.651484, -0.689288, 0.316940,
		-0.632023, -0.724195, -0.275844,
		26.474112, 35.781467, 30.225670>
	pigment { color rgbt <0,1,1,0> }
	no_shadow
}
cylinder {
	<27.341288, 35.695095, 30.138313>,  <26.916529, 36.288403, 30.418762>, 0.130000
	pigment { color rgbt <1,0,0,0> }
	no_shadow
}

// nucleotide -1

// particle -1
sphere {
	<27.341288, 35.695095, 30.138313> 0.250000
	pigment { color rgbt <1,0,0,0> }
	no_shadow
}
cylinder {
	<26.986111, 35.789719, 29.980530>,  <26.773005, 35.846493, 29.885859>, 0.100000
	pigment { color rgbt <1,0,0,0> }
	no_shadow
}
cylinder {
	<26.986111, 35.789719, 29.980530>,  <27.341288, 35.695095, 30.138313>, 0.100000
	pigment { color rgbt <1,0,0,0> }
	no_shadow
}

// particle -1
sphere {
	<26.986111, 35.789719, 29.980530> 0.100000
	pigment { color rgbt <1,0,0,0> }
	no_shadow
}
sphere {
	0, 1
	scale<0.080000,0.200000,0.300000>
	matrix <0.400668, -0.023362, -0.915925,
		-0.225885, -0.971336, -0.074037,
		-0.887942, 0.236558, -0.394461,
		26.719728, 35.860687, 29.862192>
	pigment { color rgbt <0,1,1,0> }
	no_shadow
}
cylinder {
	<27.189583, 35.257473, 29.564487>,  <27.341288, 35.695095, 30.138313>, 0.130000
	pigment { color rgbt <1,0,0,0> }
	no_shadow
}

// nucleotide -1

// particle -1
sphere {
	<27.189583, 35.257473, 29.564487> 0.250000
	pigment { color rgbt <1,0,0,0> }
	no_shadow
}
cylinder {
	<26.985449, 35.594330, 29.494804>,  <26.862968, 35.796444, 29.452995>, 0.100000
	pigment { color rgbt <1,0,0,0> }
	no_shadow
}
cylinder {
	<26.985449, 35.594330, 29.494804>,  <27.189583, 35.257473, 29.564487>, 0.100000
	pigment { color rgbt <1,0,0,0> }
	no_shadow
}

// particle -1
sphere {
	<26.985449, 35.594330, 29.494804> 0.100000
	pigment { color rgbt <1,0,0,0> }
	no_shadow
}
sphere {
	0, 1
	scale<0.080000,0.200000,0.300000>
	matrix <0.442773, 0.083648, -0.892723,
		-0.737232, -0.532721, -0.415568,
		-0.510334, 0.842147, -0.174207,
		26.832348, 35.846973, 29.442543>
	pigment { color rgbt <0,1,1,0> }
	no_shadow
}
cylinder {
	<26.902584, 34.501530, 29.580942>,  <27.189583, 35.257473, 29.564487>, 0.130000
	pigment { color rgbt <1,0,0,0> }
	no_shadow
}

// nucleotide -1

// particle -1
sphere {
	<26.902584, 34.501530, 29.580942> 0.250000
	pigment { color rgbt <1,0,0,0> }
	no_shadow
}
cylinder {
	<26.790220, 34.120144, 29.624741>,  <26.722801, 33.891312, 29.651020>, 0.100000
	pigment { color rgbt <1,0,0,0> }
	no_shadow
}
cylinder {
	<26.790220, 34.120144, 29.624741>,  <26.902584, 34.501530, 29.580942>, 0.100000
	pigment { color rgbt <1,0,0,0> }
	no_shadow
}

// particle -1
sphere {
	<26.790220, 34.120144, 29.624741> 0.100000
	pigment { color rgbt <1,0,0,0> }
	no_shadow
}
sphere {
	0, 1
	scale<0.080000,0.200000,0.300000>
	matrix <-0.956063, 0.287978, 0.054883,
		-0.083862, -0.089269, -0.992471,
		-0.280910, -0.953467, 0.109497,
		26.705948, 33.834103, 29.657589>
	pigment { color rgbt <0,1,1,0> }
	no_shadow
}
cylinder {
	<26.368484, 34.276279, 29.096336>,  <26.902584, 34.501530, 29.580942>, 0.130000
	pigment { color rgbt <1,0,0,0> }
	no_shadow
}

// nucleotide -1

// particle -1
sphere {
	<26.368484, 34.276279, 29.096336> 0.250000
	pigment { color rgbt <1,0,0,0> }
	no_shadow
}
cylinder {
	<26.331123, 34.079525, 29.442591>,  <26.308706, 33.961472, 29.650343>, 0.100000
	pigment { color rgbt <1,0,0,0> }
	no_shadow
}
cylinder {
	<26.331123, 34.079525, 29.442591>,  <26.368484, 34.276279, 29.096336>, 0.100000
	pigment { color rgbt <1,0,0,0> }
	no_shadow
}

// particle -1
sphere {
	<26.331123, 34.079525, 29.442591> 0.100000
	pigment { color rgbt <1,0,0,0> }
	no_shadow
}
sphere {
	0, 1
	scale<0.080000,0.200000,0.300000>
	matrix <-0.966181, 0.254672, 0.040461,
		-0.240355, -0.832581, -0.499037,
		-0.093403, -0.491884, 0.865636,
		26.303102, 33.931961, 29.702282>
	pigment { color rgbt <0,1,1,0> }
	no_shadow
}
cylinder {
	<25.671206, 34.384979, 29.266497>,  <26.368484, 34.276279, 29.096336>, 0.130000
	pigment { color rgbt <1,0,0,0> }
	no_shadow
}

// nucleotide -1

// particle -1
sphere {
	<25.671206, 34.384979, 29.266497> 0.250000
	pigment { color rgbt <1,0,0,0> }
	no_shadow
}
cylinder {
	<25.775698, 34.173191, 29.589338>,  <25.838392, 34.046116, 29.783043>, 0.100000
	pigment { color rgbt <1,0,0,0> }
	no_shadow
}
cylinder {
	<25.775698, 34.173191, 29.589338>,  <25.671206, 34.384979, 29.266497>, 0.100000
	pigment { color rgbt <1,0,0,0> }
	no_shadow
}

// particle -1
sphere {
	<25.775698, 34.173191, 29.589338> 0.100000
	pigment { color rgbt <1,0,0,0> }
	no_shadow
}
sphere {
	0, 1
	scale<0.080000,0.200000,0.300000>
	matrix <-0.957308, -0.034891, 0.286957,
