// switches for output
#declare DRAW_BASES = 1; // possible values are 0, 1; only relevant for DNA ribbons
#declare DRAW_BASES_TYPE = 3; // possible values are 1, 2, 3; only relevant for DNA ribbons
#declare DRAW_FOG = 0; // set to 1 to enable fog

#include "colors.inc"

#include "transforms.inc"
background { rgb <1, 1, 1>}

#default {
   normal{
       ripples 0.25
       frequency 0.20
       turbulence 0.2
       lambda 5
   }
	finish {
		phong 0.1
		phong_size 40.
	}
}

// original window dimensions: 1024x640


// camera settings

camera {
	sky <0, 0.179814, -0.983701>
	up <0, 0.179814, -0.983701>
	right 1.6 * <1, 0, 0>
	location <35, 94.9851, 44.8844>
	look_at <35, 29.7336, 32.9568>
	direction <0, -65.2515, -11.9276>
	angle 67.0682
}


# declare cpy_camera_pos = <35, 94.9851, 44.8844>;
# if (DRAW_FOG = 1)
fog {
	fog_type 2
	up vnormalize(cpy_camera_pos)
	color rgbt<1,1,1,0.3>
	distance 1e-5
	fog_alt 3e-3
	fog_offset 56
}
# end


// LIGHTS

# declare lum = 6;
global_settings {
	ambient_light rgb lum * <0.05, 0.05, 0.05>
	max_trace_level 15
}# declare cpy_direct_light_amount = 0.25;
light_source
{	1000 * <-1, -1.16352, -0.803886>,
	rgb lum * cpy_direct_light_amount
	parallel
}

light_source
{	1000 * <1, 1.16352, 0.803886>,
	rgb lum * cpy_direct_light_amount
	parallel
}

// strand 0

// nucleotide -1

// particle -1
sphere {
	<23.775553, 34.998497, 35.081871> 0.250000
	pigment { color rgbt <1,0,0,0> }
	no_shadow
}
cylinder {
	<24.104052, 34.925774, 35.298206>,  <24.301151, 34.882137, 35.428005>, 0.100000
	pigment { color rgbt <1,0,0,0> }
	no_shadow
}
cylinder {
	<24.104052, 34.925774, 35.298206>,  <23.775553, 34.998497, 35.081871>, 0.100000
	pigment { color rgbt <1,0,0,0> }
	no_shadow
}

// particle -1
sphere {
	<24.104052, 34.925774, 35.298206> 0.100000
	pigment { color rgbt <1,0,0,0> }
	no_shadow
}
sphere {
	0, 1
	scale<0.080000,0.200000,0.300000>
	matrix <0.570524, 0.248870, -0.782666,
		0.007701, 0.951319, 0.308112,
		0.821245, -0.181812, 0.540834,
		24.350426, 34.871231, 35.460457>
	pigment { color rgbt <0,1,1,0> }
	no_shadow
}
cylinder {
	<24.220230, 35.657356, 35.209442>,  <23.775553, 34.998497, 35.081871>, 0.130000
	pigment { color rgbt <1,0,0,0> }
	no_shadow
}

// nucleotide -1

// particle -1
sphere {
	<24.220230, 35.657356, 35.209442> 0.250000
	pigment { color rgbt <1,0,0,0> }
	no_shadow
}
cylinder {
	<24.432203, 35.318405, 35.196033>,  <24.559387, 35.115036, 35.187988>, 0.100000
	pigment { color rgbt <1,0,0,0> }
	no_shadow
}
cylinder {
	<24.432203, 35.318405, 35.196033>,  <24.220230, 35.657356, 35.209442>, 0.100000
	pigment { color rgbt <1,0,0,0> }
	no_shadow
}

// particle -1
sphere {
	<24.432203, 35.318405, 35.196033> 0.100000
	pigment { color rgbt <1,0,0,0> }
	no_shadow
}
sphere {
	0, 1
	scale<0.080000,0.200000,0.300000>
	matrix <0.460346, 0.320644, -0.827810,
		0.712216, 0.423252, 0.560006,
		0.529935, -0.847376, -0.033526,
		24.591183, 35.064194, 35.185974>
	pigment { color rgbt <0,1,1,0> }
	no_shadow
}
cylinder {
	<25.002850, 35.787155, 35.263042>,  <24.220230, 35.657356, 35.209442>, 0.130000
	pigment { color rgbt <1,0,0,0> }
	no_shadow
}

// nucleotide -1

// particle -1
sphere {
	<25.002850, 35.787155, 35.263042> 0.250000
	pigment { color rgbt <1,0,0,0> }
	no_shadow
}
cylinder {
	<24.872744, 35.472363, 35.053333>,  <24.794680, 35.283485, 34.927505>, 0.100000
	pigment { color rgbt <1,0,0,0> }
	no_shadow
}
cylinder {
	<24.872744, 35.472363, 35.053333>,  <25.002850, 35.787155, 35.263042>, 0.100000
	pigment { color rgbt <1,0,0,0> }
	no_shadow
}

// particle -1
sphere {
	<24.872744, 35.472363, 35.053333> 0.100000
	pigment { color rgbt <1,0,0,0> }
	no_shadow
}
sphere {
	0, 1
	scale<0.080000,0.200000,0.300000>
	matrix <0.428589, 0.371518, -0.823581,
		0.842920, -0.492580, 0.216450,
		-0.325265, -0.786981, -0.524275,
		24.775164, 35.236267, 34.896049>
	pigment { color rgbt <0,1,1,0> }
	no_shadow
}
cylinder {
	<25.420420, 35.411343, 34.851437>,  <25.002850, 35.787155, 35.263042>, 0.130000
	pigment { color rgbt <1,0,0,0> }
	no_shadow
}

// nucleotide -1

// particle -1
sphere {
	<25.420420, 35.411343, 34.851437> 0.250000
	pigment { color rgbt <1,0,0,0> }
	no_shadow
}
cylinder {
	<25.080578, 35.324074, 34.659367>,  <24.876673, 35.271713, 34.544125>, 0.100000
	pigment { color rgbt <1,0,0,0> }
	no_shadow
}
cylinder {
	<25.080578, 35.324074, 34.659367>,  <25.420420, 35.411343, 34.851437>, 0.100000
	pigment { color rgbt <1,0,0,0> }
	no_shadow
}

// particle -1
sphere {
	<25.080578, 35.324074, 34.659367> 0.100000
	pigment { color rgbt <1,0,0,0> }
	no_shadow
}
sphere {
	0, 1
	scale<0.080000,0.200000,0.300000>
	matrix <0.405089, 0.313086, -0.858999,
		0.337751, -0.924325, -0.177618,
		-0.849604, -0.218176, -0.480179,
		24.825697, 35.258621, 34.515312>
	pigment { color rgbt <0,1,1,0> }
	no_shadow
}
cylinder {
	<25.559046, 34.981976, 34.287880>,  <25.420420, 35.411343, 34.851437>, 0.130000
	pigment { color rgbt <1,0,0,0> }
	no_shadow
}

// nucleotide -1

// particle -1
sphere {
	<25.559046, 34.981976, 34.287880> 0.250000
	pigment { color rgbt <1,0,0,0> }
	no_shadow
}
cylinder {
	<25.233862, 35.200638, 34.207615>,  <25.038752, 35.331837, 34.159454>, 0.100000
	pigment { color rgbt <1,0,0,0> }
	no_shadow
}
cylinder {
	<25.233862, 35.200638, 34.207615>,  <25.559046, 34.981976, 34.287880>, 0.100000
	pigment { color rgbt <1,0,0,0> }
	no_shadow
}

// particle -1
sphere {
	<25.233862, 35.200638, 34.207615> 0.100000
	pigment { color rgbt <1,0,0,0> }
	no_shadow
}
sphere {
	0, 1
	scale<0.080000,0.200000,0.300000>
	matrix <0.366062, 0.211754, -0.906178,
		-0.452876, -0.810140, -0.372257,
		-0.812959, 0.546656, -0.200663,
		24.989975, 35.364635, 34.147415>
	pigment { color rgbt <0,1,1,0> }
	no_shadow
}
cylinder {
	<25.134771, 34.854851, 33.746956>,  <25.559046, 34.981976, 34.287880>, 0.130000
	pigment { color rgbt <1,0,0,0> }
	no_shadow
}

// nucleotide -1

// particle -1
sphere {
	<25.134771, 34.854851, 33.746956> 0.250000
	pigment { color rgbt <1,0,0,0> }
	no_shadow
}
cylinder {
	<25.129602, 35.251663, 33.797100>,  <25.126501, 35.489750, 33.827187>, 0.100000
	pigment { color rgbt <1,0,0,0> }
	no_shadow
}
cylinder {
	<25.129602, 35.251663, 33.797100>,  <25.134771, 34.854851, 33.746956>, 0.100000
	pigment { color rgbt <1,0,0,0> }
	no_shadow
}

// particle -1
sphere {
	<25.129602, 35.251663, 33.797100> 0.100000
	pigment { color rgbt <1,0,0,0> }
	no_shadow
}
sphere {
	0, 1
	scale<0.080000,0.200000,0.300000>
	matrix <0.401944, 0.119950, -0.907773,
		-0.915573, 0.038657, -0.400290,
		-0.012923, 0.992027, 0.125361,
		25.125725, 35.549271, 33.834709>
	pigment { color rgbt <0,1,1,0> }
	no_shadow
}
cylinder {
	<25.480225, 35.152462, 33.210438>,  <25.134771, 34.854851, 33.746956>, 0.130000
	pigment { color rgbt <1,0,0,0> }
	no_shadow
}

// nucleotide -1

// particle -1
sphere {
	<25.480225, 35.152462, 33.210438> 0.250000
	pigment { color rgbt <1,0,0,0> }
	no_shadow
}
cylinder {
	<25.395266, 35.511688, 33.364513>,  <25.344290, 35.727222, 33.456959>, 0.100000
	pigment { color rgbt <1,0,0,0> }
	no_shadow
}
cylinder {
	<25.395266, 35.511688, 33.364513>,  <25.480225, 35.152462, 33.210438>, 0.100000
	pigment { color rgbt <1,0,0,0> }
	no_shadow
}

// particle -1
sphere {
	<25.395266, 35.511688, 33.364513> 0.100000
	pigment { color rgbt <1,0,0,0> }
	no_shadow
}
sphere {
	0, 1
	scale<0.080000,0.200000,0.300000>
	matrix <0.262155, 0.432101, -0.862881,
		-0.941361, -0.082295, -0.327209,
		-0.212398, 0.898063, 0.385189,
		25.331547, 35.781109, 33.480068>
	pigment { color rgbt <0,1,1,0> }
	no_shadow
}
cylinder {
	<24.913017, 35.503674, 32.821030>,  <25.480225, 35.152462, 33.210438>, 0.130000
	pigment { color rgbt <1,0,0,0> }
	no_shadow
}

// nucleotide -1

// particle -1
sphere {
	<24.913017, 35.503674, 32.821030> 0.250000
	pigment { color rgbt <1,0,0,0> }
	no_shadow
}
cylinder {
	<25.205490, 35.715897, 32.992554>,  <25.380974, 35.843231, 33.095467>, 0.100000
	pigment { color rgbt <1,0,0,0> }
	no_shadow
}
cylinder {
	<25.205490, 35.715897, 32.992554>,  <24.913017, 35.503674, 32.821030>, 0.100000
	pigment { color rgbt <1,0,0,0> }
	no_shadow
}

// particle -1
sphere {
	<25.205490, 35.715897, 32.992554> 0.100000
	pigment { color rgbt <1,0,0,0> }
	no_shadow
}
sphere {
	0, 1
	scale<0.080000,0.200000,0.300000>
	matrix <0.308638, 0.303290, -0.901531,
		-0.608369, 0.791531, 0.058010,
		0.731184, 0.530560, 0.428809,
		25.424845, 35.875065, 33.121197>
	pigment { color rgbt <0,1,1,0> }
	no_shadow
}
cylinder {
	<24.836155, 36.180141, 32.713295>,  <24.913017, 35.503674, 32.821030>, 0.130000
	pigment { color rgbt <1,0,0,0> }
	no_shadow
}

// nucleotide -1

// particle -1
sphere {
	<24.836155, 36.180141, 32.713295> 0.250000
	pigment { color rgbt <1,0,0,0> }
	no_shadow
}
cylinder {
	<25.220888, 36.071186, 32.702816>,  <25.451727, 36.005814, 32.696529>, 0.100000
	pigment { color rgbt <1,0,0,0> }
	no_shadow
}
cylinder {
	<25.220888, 36.071186, 32.702816>,  <24.836155, 36.180141, 32.713295>, 0.100000
	pigment { color rgbt <1,0,0,0> }
	no_shadow
}

// particle -1
sphere {
	<25.220888, 36.071186, 32.702816> 0.100000
	pigment { color rgbt <1,0,0,0> }
	no_shadow
}
sphere {
	0, 1
	scale<0.080000,0.200000,0.300000>
	matrix <0.055712, 0.288654, -0.955811,
		0.267910, 0.917870, 0.292811,
		0.961832, -0.272384, -0.026196,
		25.509438, 35.989471, 32.694958>
	pigment { color rgbt <0,1,1,0> }
	no_shadow
}
cylinder {
	<25.338377, 36.817741, 32.760117>,  <24.836155, 36.180141, 32.713295>, 0.130000
	pigment { color rgbt <1,0,0,0> }
	no_shadow
}

// nucleotide -1

// particle -1
sphere {
	<25.338377, 36.817741, 32.760117> 0.250000
	pigment { color rgbt <1,0,0,0> }
	no_shadow
}
cylinder {
	<25.452915, 36.493568, 32.555679>,  <25.521639, 36.299065, 32.433018>, 0.100000
	pigment { color rgbt <1,0,0,0> }
	no_shadow
}
cylinder {
	<25.452915, 36.493568, 32.555679>,  <25.338377, 36.817741, 32.760117>, 0.100000
	pigment { color rgbt <1,0,0,0> }
	no_shadow
}

// particle -1
sphere {
	<25.452915, 36.493568, 32.555679> 0.100000
	pigment { color rgbt <1,0,0,0> }
	no_shadow
}
sphere {
	0, 1
	scale<0.080000,0.200000,0.300000>
	matrix <0.087205, 0.553257, -0.828433,
		0.954150, 0.192648, 0.229096,
		0.286345, -0.810428, -0.511091,
		25.538818, 36.250439, 32.402351>
	pigment { color rgbt <0,1,1,0> }
	no_shadow
}
cylinder {
	<25.916075, 37.004612, 32.558121>,  <25.338377, 36.817741, 32.760117>, 0.130000
	pigment { color rgbt <1,0,0,0> }
	no_shadow
}

// nucleotide -1

// particle -1
sphere {
	<25.916075, 37.004612, 32.558121> 0.250000
	pigment { color rgbt <1,0,0,0> }
	no_shadow
}
cylinder {
	<25.788675, 36.725834, 32.301117>,  <25.712234, 36.558567, 32.146915>, 0.100000
	pigment { color rgbt <1,0,0,0> }
	no_shadow
}
cylinder {
	<25.788675, 36.725834, 32.301117>,  <25.916075, 37.004612, 32.558121>, 0.100000
	pigment { color rgbt <1,0,0,0> }
	no_shadow
}

// particle -1
sphere {
	<25.788675, 36.725834, 32.301117> 0.100000
	pigment { color rgbt <1,0,0,0> }
	no_shadow
}
sphere {
	0, 1
	scale<0.080000,0.200000,0.300000>
	matrix <0.191310, 0.616604, -0.763676,
		0.928417, -0.366150, -0.063056,
		-0.318500, -0.696946, -0.642513,
		25.693125, 36.516750, 32.108364>
	pigment { color rgbt <0,1,1,0> }
	no_shadow
}
cylinder {
	<26.396595, 36.999168, 31.856300>,  <25.916075, 37.004612, 32.558121>, 0.130000
	pigment { color rgbt <1,0,0,0> }
	no_shadow
}

// nucleotide -1

// particle -1
sphere {
	<26.396595, 36.999168, 31.856300> 0.250000
	pigment { color rgbt <1,0,0,0> }
	no_shadow
}
cylinder {
	<26.040266, 36.828751, 31.793158>,  <25.826468, 36.726501, 31.755272>, 0.100000
	pigment { color rgbt <1,0,0,0> }
	no_shadow
}
cylinder {
	<26.040266, 36.828751, 31.793158>,  <26.396595, 36.999168, 31.856300>, 0.100000
	pigment { color rgbt <1,0,0,0> }
	no_shadow
}

// particle -1
sphere {
	<26.040266, 36.828751, 31.793158> 0.100000
	pigment { color rgbt <1,0,0,0> }
	no_shadow
}
sphere {
	0, 1
	scale<0.080000,0.200000,0.300000>
	matrix <-0.096186, 0.516398, -0.850930,
		0.444047, -0.742847, -0.501000,
		-0.890826, -0.426042, -0.157854,
		25.773018, 36.700939, 31.745802>
	pigment { color rgbt <0,1,1,0> }
	no_shadow
}
cylinder {
	<25.757898, 37.217484, 31.501587>,  <26.396595, 36.999168, 31.856300>, 0.130000
	pigment { color rgbt <1,0,0,0> }
	no_shadow
}

// nucleotide -1

// particle -1
sphere {
	<25.757898, 37.217484, 31.501587> 0.250000
	pigment { color rgbt <1,0,0,0> }
	no_shadow
}
cylinder {
	<25.989960, 36.976151, 31.282711>,  <26.129196, 36.831352, 31.151386>, 0.100000
	pigment { color rgbt <1,0,0,0> }
	no_shadow
}
cylinder {
	<25.989960, 36.976151, 31.282711>,  <25.757898, 37.217484, 31.501587>, 0.100000
	pigment { color rgbt <1,0,0,0> }
	no_shadow
}

// particle -1
sphere {
	<25.989960, 36.976151, 31.282711> 0.100000
	pigment { color rgbt <1,0,0,0> }
	no_shadow
}
sphere {
	0, 1
	scale<0.080000,0.200000,0.300000>
	matrix <-0.375109, -0.794227, 0.478013,
		-0.722992, -0.072065, -0.687088,
		0.580152, -0.603332, -0.547187,
		26.164005, 36.795151, 31.118555>
	pigment { color rgbt <0,1,1,0> }
	no_shadow
}
cylinder {
	<25.345137, 36.860664, 30.938713>,  <25.757898, 37.217484, 31.501587>, 0.130000
	pigment { color rgbt <1,0,0,0> }
	no_shadow
}

// nucleotide -1

// particle -1
sphere {
	<25.345137, 36.860664, 30.938713> 0.250000
	pigment { color rgbt <1,0,0,0> }
	no_shadow
}
cylinder {
	<25.665035, 36.669724, 31.084335>,  <25.856976, 36.555157, 31.171709>, 0.100000
	pigment { color rgbt <1,0,0,0> }
	no_shadow
}
cylinder {
	<25.665035, 36.669724, 31.084335>,  <25.345137, 36.860664, 30.938713>, 0.100000
	pigment { color rgbt <1,0,0,0> }
	no_shadow
}

// particle -1
sphere {
	<25.665035, 36.669724, 31.084335> 0.100000
	pigment { color rgbt <1,0,0,0> }
	no_shadow
}
sphere {
	0, 1
	scale<0.080000,0.200000,0.300000>
	matrix <-0.598710, -0.678799, 0.425179,
		0.044159, -0.558000, -0.828665,
		0.799747, -0.477355, 0.364056,
		25.904959, 36.526516, 31.193552>
	pigment { color rgbt <0,1,1,0> }
	no_shadow
}
cylinder {
	<25.036673, 36.220806, 31.111294>,  <25.345137, 36.860664, 30.938713>, 0.130000
	pigment { color rgbt <1,0,0,0> }
	no_shadow
}

// nucleotide -1

// particle -1
sphere {
	<25.036673, 36.220806, 31.111294> 0.250000
	pigment { color rgbt <1,0,0,0> }
	no_shadow
}
cylinder {
	<25.394451, 36.272366, 31.282574>,  <25.609118, 36.303299, 31.385342>, 0.100000
	pigment { color rgbt <1,0,0,0> }
	no_shadow
}
cylinder {
	<25.394451, 36.272366, 31.282574>,  <25.036673, 36.220806, 31.111294>, 0.100000
	pigment { color rgbt <1,0,0,0> }
	no_shadow
}

// particle -1
sphere {
	<25.394451, 36.272366, 31.282574> 0.100000
	pigment { color rgbt <1,0,0,0> }
	no_shadow
}
sphere {
	0, 1
	scale<0.080000,0.200000,0.300000>
	matrix <-0.333845, -0.444604, 0.831189,
		0.297515, -0.886405, -0.354643,
		0.894445, 0.128895, 0.428198,
		25.662785, 36.311035, 31.411034>
	pigment { color rgbt <0,1,1,0> }
	no_shadow
}
cylinder {
	<25.463512, 35.513939, 31.289757>,  <25.036673, 36.220806, 31.111294>, 0.130000
	pigment { color rgbt <1,0,0,0> }
	no_shadow
}

// nucleotide -1

// particle -1
sphere {
	<25.463512, 35.513939, 31.289757> 0.250000
	pigment { color rgbt <1,0,0,0> }
	no_shadow
}
cylinder {
	<25.541655, 35.811371, 31.545544>,  <25.588539, 35.989830, 31.699017>, 0.100000
	pigment { color rgbt <1,0,0,0> }
	no_shadow
}
cylinder {
	<25.541655, 35.811371, 31.545544>,  <25.463512, 35.513939, 31.289757>, 0.100000
	pigment { color rgbt <1,0,0,0> }
	no_shadow
}

// particle -1
sphere {
	<25.541655, 35.811371, 31.545544> 0.100000
	pigment { color rgbt <1,0,0,0> }
	no_shadow
}
sphere {
	0, 1
	scale<0.080000,0.200000,0.300000>
	matrix <-0.012539, -0.650083, 0.759759,
		0.980652, -0.156442, -0.117674,
		0.195356, 0.743584, 0.639467,
		25.600262, 36.034447, 31.737385>
	pigment { color rgbt <0,1,1,0> }
	no_shadow
}
cylinder {
	<25.917437, 35.133083, 31.794846>,  <25.463512, 35.513939, 31.289757>, 0.130000
	pigment { color rgbt <1,0,0,0> }
	no_shadow
}

// nucleotide -1

// particle -1
sphere {
	<25.917437, 35.133083, 31.794846> 0.250000
	pigment { color rgbt <1,0,0,0> }
	no_shadow
}
cylinder {
	<25.775990, 35.466682, 31.964268>,  <25.691120, 35.666843, 32.065922>, 0.100000
	pigment { color rgbt <1,0,0,0> }
	no_shadow
}
cylinder {
	<25.775990, 35.466682, 31.964268>,  <25.917437, 35.133083, 31.794846>, 0.100000
	pigment { color rgbt <1,0,0,0> }
	no_shadow
}

// particle -1
sphere {
	<25.775990, 35.466682, 31.964268> 0.100000
	pigment { color rgbt <1,0,0,0> }
	no_shadow
}
sphere {
	0, 1
	scale<0.080000,0.200000,0.300000>
	matrix <0.041202, -0.438487, 0.897793,
		0.934482, 0.334928, 0.120695,
		-0.353619, 0.833998, 0.423557,
		25.669905, 35.716881, 32.091335>
	pigment { color rgbt <0,1,1,0> }
	no_shadow
}
cylinder {
	<26.417719, 35.300453, 32.365738>,  <25.917437, 35.133083, 31.794846>, 0.130000
	pigment { color rgbt <1,0,0,0> }
	no_shadow
}

// nucleotide -1

// particle -1
sphere {
	<26.417719, 35.300453, 32.365738> 0.250000
	pigment { color rgbt <1,0,0,0> }
	no_shadow
}
cylinder {
	<26.051718, 35.446609, 32.434155>,  <25.832117, 35.534306, 32.475204>, 0.100000
	pigment { color rgbt <1,0,0,0> }
	no_shadow
}
cylinder {
	<26.051718, 35.446609, 32.434155>,  <26.417719, 35.300453, 32.365738>, 0.100000
	pigment { color rgbt <1,0,0,0> }
	no_shadow
}

// particle -1
sphere {
	<26.051718, 35.446609, 32.434155> 0.100000
	pigment { color rgbt <1,0,0,0> }
	no_shadow
}
sphere {
	0, 1
	scale<0.080000,0.200000,0.300000>
	matrix <-0.095523, -0.608110, 0.788085,
		0.391975, 0.704762, 0.591326,
		-0.915003, 0.365395, 0.171043,
		25.777216, 35.556229, 32.485466>
	pigment { color rgbt <0,1,1,0> }
	no_shadow
}
cylinder {
	<26.915571, 35.452831, 31.806099>,  <26.417719, 35.300453, 32.365738>, 0.130000
	pigment { color rgbt <1,0,0,0> }
	no_shadow
}

// nucleotide -1

// particle -1
sphere {
	<26.915571, 35.452831, 31.806099> 0.250000
	pigment { color rgbt <1,0,0,0> }
	no_shadow
}
cylinder {
	<27.065371, 35.793232, 31.658836>,  <27.155251, 35.997475, 31.570478>, 0.100000
	pigment { color rgbt <1,0,0,0> }
	no_shadow
}
cylinder {
	<27.065371, 35.793232, 31.658836>,  <26.915571, 35.452831, 31.806099>, 0.100000
	pigment { color rgbt <1,0,0,0> }
	no_shadow
}

// particle -1
sphere {
	<27.065371, 35.793232, 31.658836> 0.100000
	pigment { color rgbt <1,0,0,0> }
	no_shadow
}
sphere {
	0, 1
	scale<0.080000,0.200000,0.300000>
	matrix <-0.676199, -0.021016, -0.736419,
		-0.634435, 0.524735, 0.567579,
		0.374497, 0.851006, -0.368158,
		27.177719, 36.048534, 31.548389>
	pigment { color rgbt <0,1,1,0> }
	no_shadow
}
cylinder {
	<27.282770, 34.801193, 31.680090>,  <26.915571, 35.452831, 31.806099>, 0.130000
	pigment { color rgbt <1,0,0,0> }
	no_shadow
}

// nucleotide -1

// particle -1
sphere {
	<27.282770, 34.801193, 31.680090> 0.250000
	pigment { color rgbt <1,0,0,0> }
	no_shadow
}
cylinder {
	<27.116434, 34.675823, 31.338600>,  <27.016632, 34.600601, 31.133707>, 0.100000
	pigment { color rgbt <1,0,0,0> }
	no_shadow
}
cylinder {
	<27.116434, 34.675823, 31.338600>,  <27.282770, 34.801193, 31.680090>, 0.100000
	pigment { color rgbt <1,0,0,0> }
	no_shadow
}

// particle -1
sphere {
	<27.116434, 34.675823, 31.338600> 0.100000
	pigment { color rgbt <1,0,0,0> }
	no_shadow
}
sphere {
	0, 1
	scale<0.080000,0.200000,0.300000>
	matrix <0.800120, 0.320143, -0.507264,
		0.432302, -0.894021, 0.117649,
		-0.415840, -0.313425, -0.853723,
		26.991682, 34.581795, 31.082483>
	pigment { color rgbt <0,1,1,0> }
	no_shadow
}
cylinder {
	<27.686987, 34.239510, 31.270502>,  <27.282770, 34.801193, 31.680090>, 0.130000
	pigment { color rgbt <1,0,0,0> }
	no_shadow
}

// nucleotide -1

// particle -1
sphere {
	<27.686987, 34.239510, 31.270502> 0.250000
	pigment { color rgbt <1,0,0,0> }
	no_shadow
}
cylinder {
	<27.460768, 34.497612, 31.065054>,  <27.325037, 34.652473, 30.941786>, 0.100000
	pigment { color rgbt <1,0,0,0> }
	no_shadow
}
cylinder {
	<27.460768, 34.497612, 31.065054>,  <27.686987, 34.239510, 31.270502>, 0.100000
	pigment { color rgbt <1,0,0,0> }
	no_shadow
}

// particle -1
sphere {
	<27.460768, 34.497612, 31.065054> 0.100000
	pigment { color rgbt <1,0,0,0> }
	no_shadow
}
sphere {
	0, 1
	scale<0.080000,0.200000,0.300000>
	matrix <0.814964, 0.341762, -0.468010,
		-0.126448, -0.683264, -0.719139,
		-0.565548, 0.645251, -0.513620,
		27.291103, 34.691189, 30.910969>
	pigment { color rgbt <0,1,1,0> }
	no_shadow
}
cylinder {
	<27.692064, 34.154022, 30.526581>,  <27.686987, 34.239510, 31.270502>, 0.130000
	pigment { color rgbt <1,0,0,0> }
	no_shadow
}

// nucleotide -1

// particle -1
sphere {
	<27.692064, 34.154022, 30.526581> 0.250000
	pigment { color rgbt <1,0,0,0> }
	no_shadow
}
cylinder {
	<27.624779, 34.547626, 30.549973>,  <27.584408, 34.783791, 30.564009>, 0.100000
	pigment { color rgbt <1,0,0,0> }
	no_shadow
}
cylinder {
	<27.624779, 34.547626, 30.549973>,  <27.692064, 34.154022, 30.526581>, 0.100000
	pigment { color rgbt <1,0,0,0> }
	no_shadow
}

// particle -1
sphere {
	<27.624779, 34.547626, 30.549973> 0.100000
	pigment { color rgbt <1,0,0,0> }
	no_shadow
}
sphere {
	0, 1
	scale<0.080000,0.200000,0.300000>
	matrix <0.822939, 0.172841, -0.541200,
		-0.542656, -0.042911, -0.838858,
		-0.168213, 0.984015, 0.058480,
		27.574314, 34.842831, 30.567516>
	pigment { color rgbt <0,1,1,0> }
	no_shadow
}
cylinder {
	<27.685764, 34.475491, 29.886095>,  <27.692064, 34.154022, 30.526581>, 0.130000
	pigment { color rgbt <1,0,0,0> }
	no_shadow
}

// nucleotide -1

// particle -1
sphere {
	<27.685764, 34.475491, 29.886095> 0.250000
	pigment { color rgbt <1,0,0,0> }
	no_shadow
}
cylinder {
	<27.829163, 34.706909, 30.179153>,  <27.915201, 34.845760, 30.354988>, 0.100000
	pigment { color rgbt <1,0,0,0> }
	no_shadow
}
cylinder {
	<27.829163, 34.706909, 30.179153>,  <27.685764, 34.475491, 29.886095>, 0.100000
	pigment { color rgbt <1,0,0,0> }
	no_shadow
}

// particle -1
sphere {
	<27.829163, 34.706909, 30.179153> 0.100000
	pigment { color rgbt <1,0,0,0> }
	no_shadow
}
sphere {
	0, 1
	scale<0.080000,0.200000,0.300000>
	matrix <0.611961, 0.447022, -0.652438,
		-0.704973, 0.682245, -0.193792,
		0.358493, 0.578544, 0.732646,
		27.936710, 34.880474, 30.398947>
	pigment { color rgbt <0,1,1,0> }
	no_shadow
}
cylinder {
	<27.804054, 35.248524, 29.610689>,  <27.685764, 34.475491, 29.886095>, 0.130000
	pigment { color rgbt <1,0,0,0> }
	no_shadow
}

// nucleotide -1

// particle -1
sphere {
	<27.804054, 35.248524, 29.610689> 0.250000
	pigment { color rgbt <1,0,0,0> }
	no_shadow
}
cylinder {
	<28.047096, 35.186199, 29.922211>,  <28.192921, 35.148804, 30.109123>, 0.100000
	pigment { color rgbt <1,0,0,0> }
	no_shadow
}
cylinder {
	<28.047096, 35.186199, 29.922211>,  <27.804054, 35.248524, 29.610689>, 0.100000
	pigment { color rgbt <1,0,0,0> }
	no_shadow
}

// particle -1
sphere {
	<28.047096, 35.186199, 29.922211> 0.100000
	pigment { color rgbt <1,0,0,0> }
	no_shadow
}
sphere {
	0, 1
	scale<0.080000,0.200000,0.300000>
	matrix <0.740159, 0.466729, -0.484075,
		-0.288065, 0.870566, 0.398915,
		0.607605, -0.155816, 0.778806,
		28.229378, 35.139454, 30.155853>
	pigment { color rgbt <0,1,1,0> }
	no_shadow
}
cylinder {
	<28.049408, 35.900913, 30.024055>,  <27.804054, 35.248524, 29.610689>, 0.130000
	pigment { color rgbt <1,0,0,0> }
	no_shadow
}

// nucleotide -1

// particle -1
sphere {
	<28.049408, 35.900913, 30.024055> 0.250000
	pigment { color rgbt <1,0,0,0> }
	no_shadow
}
cylinder {
	<28.304184, 35.592613, 30.017805>,  <28.457050, 35.407631, 30.014055>, 0.100000
	pigment { color rgbt <1,0,0,0> }
	no_shadow
}
cylinder {
	<28.304184, 35.592613, 30.017805>,  <28.049408, 35.900913, 30.024055>, 0.100000
	pigment { color rgbt <1,0,0,0> }
	no_shadow
}

// particle -1
sphere {
	<28.304184, 35.592613, 30.017805> 0.100000
	pigment { color rgbt <1,0,0,0> }
	no_shadow
}
sphere {
	0, 1
	scale<0.080000,0.200000,0.300000>
	matrix <0.674921, 0.567311, -0.471848,
		0.372543, 0.289994, 0.881541,
		0.636941, -0.770754, -0.015624,
		28.495266, 35.361385, 30.013119>
	pigment { color rgbt <0,1,1,0> }
	no_shadow
}
cylinder {
	<28.675888, 36.163536, 30.334734>,  <28.049408, 35.900913, 30.024055>, 0.130000
	pigment { color rgbt <1,0,0,0> }
	no_shadow
}

// nucleotide -1

// particle -1
sphere {
	<28.675888, 36.163536, 30.334734> 0.250000
	pigment { color rgbt <1,0,0,0> }
	no_shadow
}
cylinder {
	<28.750809, 35.849037, 30.099199>,  <28.795761, 35.660336, 29.957878>, 0.100000
	pigment { color rgbt <1,0,0,0> }
	no_shadow
}
cylinder {
	<28.750809, 35.849037, 30.099199>,  <28.675888, 36.163536, 30.334734>, 0.100000
	pigment { color rgbt <1,0,0,0> }
	no_shadow
}

// particle -1
sphere {
	<28.750809, 35.849037, 30.099199> 0.100000
	pigment { color rgbt <1,0,0,0> }
	no_shadow
}
sphere {
	0, 1
	scale<0.080000,0.200000,0.300000>
	matrix <0.790199, 0.476694, -0.385160,
		0.583527, -0.393158, 0.710580,
		0.187300, -0.786251, -0.588837,
		28.806999, 35.613163, 29.922548>
	pigment { color rgbt <0,1,1,0> }
	no_shadow
}
cylinder {
	<29.454634, 35.876705, 30.212166>,  <28.675888, 36.163536, 30.334734>, 0.130000
	pigment { color rgbt <1,0,0,0> }
	no_shadow
}

// nucleotide -1

// particle -1
sphere {
	<29.454634, 35.876705, 30.212166> 0.250000
	pigment { color rgbt <1,0,0,0> }
	no_shadow
}
cylinder {
	<29.310064, 35.782169, 29.851385>,  <29.223322, 35.725449, 29.634916>, 0.100000
	pigment { color rgbt <1,0,0,0> }
	no_shadow
}
cylinder {
	<29.310064, 35.782169, 29.851385>,  <29.454634, 35.876705, 30.212166>, 0.100000
	pigment { color rgbt <1,0,0,0> }
	no_shadow
}

// particle -1
sphere {
	<29.310064, 35.782169, 29.851385> 0.100000
	pigment { color rgbt <1,0,0,0> }
	no_shadow
}
sphere {
	0, 1
	scale<0.080000,0.200000,0.300000>
	matrix <0.744931, 0.508579, -0.431769,
		0.560759, -0.827943, -0.007754,
		-0.361424, -0.236342, -0.901951,
		29.201637, 35.711266, 29.580799>
	pigment { color rgbt <0,1,1,0> }
	no_shadow
}
cylinder {
	<29.879045, 35.476173, 29.774639>,  <29.454634, 35.876705, 30.212166>, 0.130000
	pigment { color rgbt <1,0,0,0> }
	no_shadow
}

// nucleotide -1

// particle -1
sphere {
	<29.879045, 35.476173, 29.774639> 0.250000
	pigment { color rgbt <1,0,0,0> }
	no_shadow
}
cylinder {
	<29.678921, 35.716881, 29.525620>,  <29.558846, 35.861305, 29.376207>, 0.100000
	pigment { color rgbt <1,0,0,0> }
	no_shadow
}
cylinder {
	<29.678921, 35.716881, 29.525620>,  <29.879045, 35.476173, 29.774639>, 0.100000
	pigment { color rgbt <1,0,0,0> }
	no_shadow
}

// particle -1
sphere {
	<29.678921, 35.716881, 29.525620> 0.100000
	pigment { color rgbt <1,0,0,0> }
	no_shadow
}
sphere {
	0, 1
	scale<0.080000,0.200000,0.300000>
	matrix <0.860070, 0.262482, -0.437474,
		-0.099849, -0.754309, -0.648883,
		-0.500311, 0.601766, -0.622549,
		29.528828, 35.897411, 29.338854>
	pigment { color rgbt <0,1,1,0> }
	no_shadow
}
cylinder {
	<29.814789, 35.301277, 29.079977>,  <29.879045, 35.476173, 29.774639>, 0.130000
	pigment { color rgbt <1,0,0,0> }
	no_shadow
}

// nucleotide -1

// particle -1
sphere {
	<29.814789, 35.301277, 29.079977> 0.250000
	pigment { color rgbt <1,0,0,0> }
	no_shadow
}
cylinder {
	<29.852026, 35.696762, 29.126945>,  <29.874369, 35.934052, 29.155127>, 0.100000
	pigment { color rgbt <1,0,0,0> }
	no_shadow
}
cylinder {
	<29.852026, 35.696762, 29.126945>,  <29.814789, 35.301277, 29.079977>, 0.100000
	pigment { color rgbt <1,0,0,0> }
	no_shadow
}

// particle -1
sphere {
	<29.852026, 35.696762, 29.126945> 0.100000
	pigment { color rgbt <1,0,0,0> }
	no_shadow
}
sphere {
	0, 1
	scale<0.080000,0.200000,0.300000>
	matrix <0.899190, -0.032845, -0.436324,
		-0.427541, 0.146204, -0.892095,
		0.093093, 0.988709, 0.117422,
		29.879953, 35.993374, 29.162172>
	pigment { color rgbt <0,1,1,0> }
	no_shadow
}
cylinder {
	<29.777321, 35.626633, 28.498737>,  <29.814789, 35.301277, 29.079977>, 0.130000
	pigment { color rgbt <1,0,0,0> }
	no_shadow
}

// nucleotide -1

// particle -1
sphere {
	<29.777321, 35.626633, 28.498737> 0.250000
	pigment { color rgbt <1,0,0,0> }
	no_shadow
}
cylinder {
	<29.991529, 35.847012, 28.754759>,  <30.120054, 35.979240, 28.908371>, 0.100000
	pigment { color rgbt <1,0,0,0> }
	no_shadow
}
cylinder {
	<29.991529, 35.847012, 28.754759>,  <29.777321, 35.626633, 28.498737>, 0.100000
	pigment { color rgbt <1,0,0,0> }
	no_shadow
}

// particle -1
sphere {
	<29.991529, 35.847012, 28.754759> 0.100000
	pigment { color rgbt <1,0,0,0> }
	no_shadow
}
sphere {
	0, 1
	scale<0.080000,0.200000,0.300000>
	matrix <0.809987, -0.120570, -0.573920,
		-0.239030, 0.825782, -0.510831,
		0.535524, 0.550951, 0.640053,
		30.152187, 36.012299, 28.946775>
	pigment { color rgbt <0,1,1,0> }
	no_shadow
}
cylinder {
	<30.200966, 36.111465, 28.198423>,  <29.777321, 35.626633, 28.498737>, 0.130000
	pigment { color rgbt <1,0,0,0> }
	no_shadow
}

// nucleotide -1

// particle -1
sphere {
	<30.200966, 36.111465, 28.198423> 0.250000
	pigment { color rgbt <1,0,0,0> }
	no_shadow
}
cylinder {
	<30.411730, 36.064308, 28.535105>,  <30.538189, 36.036015, 28.737114>, 0.100000
	pigment { color rgbt <1,0,0,0> }
	no_shadow
}
cylinder {
	<30.411730, 36.064308, 28.535105>,  <30.200966, 36.111465, 28.198423>, 0.100000
	pigment { color rgbt <1,0,0,0> }
	no_shadow
}

// particle -1
sphere {
	<30.411730, 36.064308, 28.535105> 0.100000
	pigment { color rgbt <1,0,0,0> }
	no_shadow
}
sphere {
	0, 1
	scale<0.080000,0.200000,0.300000>
	matrix <0.841155, -0.069525, -0.536307,
		0.121748, 0.990589, 0.062536,
		0.526912, -0.117896, 0.841703,
		30.569803, 36.028938, 28.787615>
	pigment { color rgbt <0,1,1,0> }
	no_shadow
}
cylinder {
	<30.905739, 36.143131, 27.971188>,  <30.200966, 36.111465, 28.198423>, 0.130000
	pigment { color rgbt <1,0,0,0> }
	no_shadow
}

// nucleotide -1

// particle -1
sphere {
	<30.905739, 36.143131, 27.971188> 0.250000
	pigment { color rgbt <1,0,0,0> }
	no_shadow
}
cylinder {
	<30.960117, 36.018658, 28.347418>,  <30.992744, 35.943974, 28.573156>, 0.100000
	pigment { color rgbt <1,0,0,0> }
	no_shadow
}
cylinder {
	<30.960117, 36.018658, 28.347418>,  <30.905739, 36.143131, 27.971188>, 0.100000
	pigment { color rgbt <1,0,0,0> }
	no_shadow
}

// particle -1
sphere {
	<30.960117, 36.018658, 28.347418> 0.100000
	pigment { color rgbt <1,0,0,0> }
	no_shadow
}
sphere {
	0, 1
	scale<0.080000,0.200000,0.300000>
	matrix <0.903922, -0.349641, -0.246326,
		0.405517, 0.883693, 0.233757,
		0.135945, -0.311188, 0.940575,
		31.000900, 35.925301, 28.629591>
	pigment { color rgbt <0,1,1,0> }
	no_shadow
}
cylinder {
	<31.612906, 36.405689, 28.219040>,  <30.905739, 36.143131, 27.971188>, 0.130000
	pigment { color rgbt <1,0,0,0> }
	no_shadow
}

// nucleotide -1

// particle -1
sphere {
	<31.612906, 36.405689, 28.219040> 0.250000
	pigment { color rgbt <1,0,0,0> }
	no_shadow
}
cylinder {
	<31.526783, 36.111515, 28.476032>,  <31.475109, 35.935013, 28.630228>, 0.100000
	pigment { color rgbt <1,0,0,0> }
	no_shadow
}
cylinder {
	<31.526783, 36.111515, 28.476032>,  <31.612906, 36.405689, 28.219040>, 0.100000
	pigment { color rgbt <1,0,0,0> }
	no_shadow
}

// particle -1
sphere {
	<31.526783, 36.111515, 28.476032> 0.100000
	pigment { color rgbt <1,0,0,0> }
	no_shadow
}
sphere {
	0, 1
	scale<0.080000,0.200000,0.300000>
	matrix <0.948176, -0.314867, -0.042669,
		0.233677, 0.600000, 0.765111,
		-0.215307, -0.735431, 0.642483,
		31.462191, 35.890884, 28.668777>
	pigment { color rgbt <0,1,1,0> }
	no_shadow
}
cylinder {
	<32.172421, 36.316162, 28.729456>,  <31.612906, 36.405689, 28.219040>, 0.130000
	pigment { color rgbt <1,0,0,0> }
	no_shadow
}

// nucleotide -1

// particle -1
sphere {
	<32.172421, 36.316162, 28.729456> 0.250000
	pigment { color rgbt <1,0,0,0> }
	no_shadow
}
cylinder {
	<31.981602, 35.965054, 28.747133>,  <31.867111, 35.754391, 28.757740>, 0.100000
	pigment { color rgbt <1,0,0,0> }
	no_shadow
}
cylinder {
	<31.981602, 35.965054, 28.747133>,  <32.172421, 36.316162, 28.729456>, 0.100000
	pigment { color rgbt <1,0,0,0> }
	no_shadow
}

// particle -1
sphere {
	<31.981602, 35.965054, 28.747133> 0.100000
	pigment { color rgbt <1,0,0,0> }
	no_shadow
}
sphere {
	0, 1
	scale<0.080000,0.200000,0.300000>
	matrix <0.874687, -0.479072, -0.073570,
		0.085749, 0.003559, 0.996310,
		-0.477042, -0.877768, 0.044193,
		31.838490, 35.701721, 28.760391>
	pigment { color rgbt <0,1,1,0> }
	no_shadow
}
cylinder {
	<32.651985, 35.941349, 29.110016>,  <32.172421, 36.316162, 28.729456>, 0.130000
	pigment { color rgbt <1,0,0,0> }
	no_shadow
}

// nucleotide -1

// particle -1
sphere {
	<32.651985, 35.941349, 29.110016> 0.250000
	pigment { color rgbt <1,0,0,0> }
	no_shadow
}
cylinder {
	<32.360722, 35.679913, 29.027458>,  <32.185963, 35.523052, 28.977924>, 0.100000
	pigment { color rgbt <1,0,0,0> }
	no_shadow
}
cylinder {
	<32.360722, 35.679913, 29.027458>,  <32.651985, 35.941349, 29.110016>, 0.100000
	pigment { color rgbt <1,0,0,0> }
	no_shadow
}

// particle -1
sphere {
	<32.360722, 35.679913, 29.027458> 0.100000
	pigment { color rgbt <1,0,0,0> }
	no_shadow
}
sphere {
	0, 1
	scale<0.080000,0.200000,0.300000>
	matrix <0.677945, -0.731114, -0.076571,
		-0.100850, -0.195679, 0.975469,
		-0.728162, -0.653592, -0.206392,
		32.142273, 35.483833, 28.965540>
	pigment { color rgbt <0,1,1,0> }
	no_shadow
}
cylinder {
	<32.833599, 35.364220, 29.444254>,  <32.651985, 35.941349, 29.110016>, 0.130000
	pigment { color rgbt <1,0,0,0> }
	no_shadow
}

// nucleotide -1

// particle -1
sphere {
	<32.833599, 35.364220, 29.444254> 0.250000
	pigment { color rgbt <1,0,0,0> }
	no_shadow
}
cylinder {
	<32.558735, 35.231380, 29.185791>,  <32.393818, 35.151676, 29.030712>, 0.100000
	pigment { color rgbt <1,0,0,0> }
	no_shadow
}
cylinder {
	<32.558735, 35.231380, 29.185791>,  <32.833599, 35.364220, 29.444254>, 0.100000
	pigment { color rgbt <1,0,0,0> }
	no_shadow
}

// particle -1
sphere {
	<32.558735, 35.231380, 29.185791> 0.100000
	pigment { color rgbt <1,0,0,0> }
	no_shadow
}
sphere {
	0, 1
	scale<0.080000,0.200000,0.300000>
	matrix <0.473448, -0.879311, -0.051563,
		-0.551051, -0.341355, 0.761458,
		-0.687161, -0.332097, -0.646160,
		32.352589, 35.131752, 28.991943>
	pigment { color rgbt <0,1,1,0> }
	no_shadow
}
cylinder {
	<32.783108, 34.668221, 29.494183>,  <32.833599, 35.364220, 29.444254>, 0.130000
	pigment { color rgbt <1,0,0,0> }
	no_shadow
}

// nucleotide -1

// particle -1
sphere {
	<32.783108, 34.668221, 29.494183> 0.250000
	pigment { color rgbt <1,0,0,0> }
	no_shadow
}
cylinder {
	<32.565815, 34.695885, 29.159491>,  <32.435440, 34.712482, 28.958675>, 0.100000
	pigment { color rgbt <1,0,0,0> }
	no_shadow
}
cylinder {
	<32.565815, 34.695885, 29.159491>,  <32.783108, 34.668221, 29.494183>, 0.100000
	pigment { color rgbt <1,0,0,0> }
	no_shadow
}

// particle -1
sphere {
	<32.565815, 34.695885, 29.159491> 0.100000
	pigment { color rgbt <1,0,0,0> }
	no_shadow
}
sphere {
	0, 1
	scale<0.080000,0.200000,0.300000>
	matrix <0.383771, -0.865940, -0.320731,
		-0.746741, -0.495343, 0.443860,
		-0.543228, 0.069163, -0.836732,
		32.402847, 34.716633, 28.908470>
	pigment { color rgbt <0,1,1,0> }
	no_shadow
}
cylinder {
	<32.337936, 34.092049, 29.484907>,  <32.783108, 34.668221, 29.494183>, 0.130000
	pigment { color rgbt <1,0,0,0> }
	no_shadow
}

// nucleotide -1

// particle -1
sphere {
	<32.337936, 34.092049, 29.484907> 0.250000
	pigment { color rgbt <1,0,0,0> }
	no_shadow
}
cylinder {
	<32.402187, 34.233494, 29.116308>,  <32.440739, 34.318359, 28.895149>, 0.100000
	pigment { color rgbt <1,0,0,0> }
	no_shadow
}
cylinder {
	<32.402187, 34.233494, 29.116308>,  <32.337936, 34.092049, 29.484907>, 0.100000
	pigment { color rgbt <1,0,0,0> }
	no_shadow
}

// particle -1
sphere {
	<32.402187, 34.233494, 29.116308> 0.100000
	pigment { color rgbt <1,0,0,0> }
	no_shadow
}
sphere {
	0, 1
	scale<0.080000,0.200000,0.300000>
	matrix <0.542534, -0.811561, -0.216854,
		-0.824533, -0.465110, -0.322207,
		0.160630, 0.353611, -0.921497,
		32.450375, 34.339577, 28.839859>
	pigment { color rgbt <0,1,1,0> }
	no_shadow
}
cylinder {
	<32.237301, 33.538559, 28.899460>,  <32.337936, 34.092049, 29.484907>, 0.130000
	pigment { color rgbt <1,0,0,0> }
	no_shadow
}

// nucleotide -1

// particle -1
sphere {
	<32.237301, 33.538559, 28.899460> 0.250000
	pigment { color rgbt <1,0,0,0> }
	no_shadow
}
cylinder {
	<32.507320, 33.823551, 28.822849>,  <32.669334, 33.994545, 28.776884>, 0.100000
	pigment { color rgbt <1,0,0,0> }
	no_shadow
}
cylinder {
	<32.507320, 33.823551, 28.822849>,  <32.237301, 33.538559, 28.899460>, 0.100000
	pigment { color rgbt <1,0,0,0> }
	no_shadow
}

// particle -1
sphere {
	<32.507320, 33.823551, 28.822849> 0.100000
	pigment { color rgbt <1,0,0,0> }
	no_shadow
}
sphere {
	0, 1
	scale<0.080000,0.200000,0.300000>
	matrix <0.699447, -0.700625, -0.141059,
		-0.234689, -0.038739, -0.971298,
		0.675052, 0.712477, -0.191525,
		32.709835, 34.037292, 28.765392>
	pigment { color rgbt <0,1,1,0> }
	no_shadow
}
cylinder {
	<32.482967, 32.980846, 28.438393>,  <32.237301, 33.538559, 28.899460>, 0.130000
	pigment { color rgbt <1,0,0,0> }
	no_shadow
}

// nucleotide -1

// particle -1
sphere {
	<32.482967, 32.980846, 28.438393> 0.250000
	pigment { color rgbt <1,0,0,0> }
	no_shadow
}
cylinder {
	<32.816677, 33.095070, 28.249737>,  <33.016903, 33.163605, 28.136543>, 0.100000
	pigment { color rgbt <1,0,0,0> }
	no_shadow
}
cylinder {
	<32.816677, 33.095070, 28.249737>,  <32.482967, 32.980846, 28.438393>, 0.100000
	pigment { color rgbt <1,0,0,0> }
	no_shadow
}

// particle -1
sphere {
	<32.816677, 33.095070, 28.249737> 0.100000
	pigment { color rgbt <1,0,0,0> }
	no_shadow
}
sphere {
	0, 1
	scale<0.080000,0.200000,0.300000>
	matrix <-0.411829, 0.891507, -0.188710,
		0.366582, 0.351671, 0.861363,
		0.834275, 0.285557, -0.471639,
		33.066959, 33.180737, 28.108246>
	pigment { color rgbt <0,1,1,0> }
	no_shadow
}
cylinder {
	<32.965515, 33.493778, 28.683069>,  <32.482967, 32.980846, 28.438393>, 0.130000
	pigment { color rgbt <1,0,0,0> }
	no_shadow
}

// nucleotide -1

// particle -1
sphere {
	<32.965515, 33.493778, 28.683069> 0.250000
	pigment { color rgbt <1,0,0,0> }
	no_shadow
}
cylinder {
	<32.948414, 33.511120, 28.283812>,  <32.938152, 33.521526, 28.044256>, 0.100000
	pigment { color rgbt <1,0,0,0> }
	no_shadow
}
cylinder {
	<32.948414, 33.511120, 28.283812>,  <32.965515, 33.493778, 28.683069>, 0.100000
	pigment { color rgbt <1,0,0,0> }
	no_shadow
}

// particle -1
sphere {
	<32.948414, 33.511120, 28.283812> 0.100000
	pigment { color rgbt <1,0,0,0> }
	no_shadow
}
sphere {
	0, 1
	scale<0.080000,0.200000,0.300000>
	matrix <-0.432971, 0.899564, 0.057623,
		0.900393, 0.434631, -0.019689,
		-0.042757, 0.043358, -0.998144,
		32.935585, 33.524128, 27.984367>
	pigment { color rgbt <0,1,1,0> }
	no_shadow
}
cylinder {
	<33.435776, 34.077282, 28.412058>,  <32.965515, 33.493778, 28.683069>, 0.130000
	pigment { color rgbt <1,0,0,0> }
	no_shadow
}

// nucleotide -1

// particle -1
sphere {
	<33.435776, 34.077282, 28.412058> 0.250000
	pigment { color rgbt <1,0,0,0> }
	no_shadow
}
cylinder {
	<33.115471, 33.989441, 28.189150>,  <32.923286, 33.936737, 28.055405>, 0.100000
	pigment { color rgbt <1,0,0,0> }
	no_shadow
}
cylinder {
	<33.115471, 33.989441, 28.189150>,  <33.435776, 34.077282, 28.412058>, 0.100000
	pigment { color rgbt <1,0,0,0> }
	no_shadow
}

// particle -1
sphere {
	<33.115471, 33.989441, 28.189150> 0.100000
	pigment { color rgbt <1,0,0,0> }
	no_shadow
}
sphere {
	0, 1
	scale<0.080000,0.200000,0.300000>
	matrix <-0.341697, 0.931611, 0.123874,
		0.491955, 0.289612, -0.821039,
		-0.800764, -0.219606, -0.557270,
		32.875240, 33.923557, 28.021969>
	pigment { color rgbt <0,1,1,0> }
	no_shadow
}
cylinder {
	<33.241409, 34.582985, 27.892389>,  <33.435776, 34.077282, 28.412058>, 0.130000
	pigment { color rgbt <1,0,0,0> }
	no_shadow
}

// nucleotide -1

// particle -1
sphere {
	<33.241409, 34.582985, 27.892389> 0.250000
	pigment { color rgbt <1,0,0,0> }
	no_shadow
}
cylinder {
	<32.921665, 34.379387, 28.020103>,  <32.729816, 34.257229, 28.096733>, 0.100000
	pigment { color rgbt <1,0,0,0> }
	no_shadow
}
cylinder {
	<32.921665, 34.379387, 28.020103>,  <33.241409, 34.582985, 27.892389>, 0.100000
	pigment { color rgbt <1,0,0,0> }
	no_shadow
}

// particle -1
sphere {
	<32.921665, 34.379387, 28.020103> 0.100000
	pigment { color rgbt <1,0,0,0> }
	no_shadow
}
sphere {
	0, 1
	scale<0.080000,0.200000,0.300000>
	matrix <-0.450111, 0.859288, 0.242951,
