// switches for output
#declare DRAW_BASES = 1; // possible values are 0, 1; only relevant for DNA ribbons
#declare DRAW_BASES_TYPE = 3; // possible values are 1, 2, 3; only relevant for DNA ribbons
#declare DRAW_FOG = 0; // set to 1 to enable fog

#include "colors.inc"

#include "transforms.inc"
background { rgb <1, 1, 1>}

#default {
   normal{
       ripples 0.25
       frequency 0.20
       turbulence 0.2
       lambda 5
   }
	finish {
		phong 0.1
		phong_size 40.
	}
}

// original window dimensions: 1024x640


// camera settings

camera {
	sky <0, 0.179814, -0.983701>
	up <0, 0.179814, -0.983701>
	right 1.6 * <1, 0, 0>
	location <35, 94.9851, 44.8844>
	look_at <35, 29.7336, 32.9568>
	direction <0, -65.2515, -11.9276>
	angle 67.0682
}


# declare cpy_camera_pos = <35, 94.9851, 44.8844>;
# if (DRAW_FOG = 1)
fog {
	fog_type 2
	up vnormalize(cpy_camera_pos)
	color rgbt<1,1,1,0.3>
	distance 1e-5
	fog_alt 3e-3
	fog_offset 56
}
# end


// LIGHTS

# declare lum = 6;
global_settings {
	ambient_light rgb lum * <0.05, 0.05, 0.05>
	max_trace_level 15
}# declare cpy_direct_light_amount = 0.25;
light_source
{	1000 * <-1, -1.16352, -0.803886>,
	rgb lum * cpy_direct_light_amount
	parallel
}

light_source
{	1000 * <1, 1.16352, 0.803886>,
	rgb lum * cpy_direct_light_amount
	parallel
}

// strand 0

// nucleotide -1

// particle -1
sphere {
	<24.141043, 35.154839, 34.985950> 0.250000
	pigment { color rgbt <1,0,0,0> }
	no_shadow
}
cylinder {
	<24.301174, 35.048801, 34.635075>,  <24.397253, 34.985180, 34.424549>, 0.100000
	pigment { color rgbt <1,0,0,0> }
	no_shadow
}
cylinder {
	<24.301174, 35.048801, 34.635075>,  <24.141043, 35.154839, 34.985950>, 0.100000
	pigment { color rgbt <1,0,0,0> }
	no_shadow
}

// particle -1
sphere {
	<24.301174, 35.048801, 34.635075> 0.100000
	pigment { color rgbt <1,0,0,0> }
	no_shadow
}
sphere {
	0, 1
	scale<0.080000,0.200000,0.300000>
	matrix <-0.017938, 0.954792, -0.296731,
		0.916197, 0.134524, 0.377474,
		0.400327, -0.265093, -0.877191,
		24.421272, 34.969273, 34.371918>
	pigment { color rgbt <0,1,1,0> }
	no_shadow
}
cylinder {
	<24.548466, 35.676117, 34.705700>,  <24.141043, 35.154839, 34.985950>, 0.130000
	pigment { color rgbt <1,0,0,0> }
	no_shadow
}

// nucleotide -1

// particle -1
sphere {
	<24.548466, 35.676117, 34.705700> 0.250000
	pigment { color rgbt <1,0,0,0> }
	no_shadow
}
cylinder {
	<24.500334, 35.472763, 34.364628>,  <24.471455, 35.350750, 34.159985>, 0.100000
	pigment { color rgbt <1,0,0,0> }
	no_shadow
}
cylinder {
	<24.500334, 35.472763, 34.364628>,  <24.548466, 35.676117, 34.705700>, 0.100000
	pigment { color rgbt <1,0,0,0> }
	no_shadow
}

// particle -1
sphere {
	<24.500334, 35.472763, 34.364628> 0.100000
	pigment { color rgbt <1,0,0,0> }
	no_shadow
}
sphere {
	0, 1
	scale<0.080000,0.200000,0.300000>
	matrix <-0.122639, 0.859954, -0.495418,
		0.985130, 0.044958, -0.165827,
		-0.120331, -0.508387, -0.852680,
		24.464235, 35.320248, 34.108826>
	pigment { color rgbt <0,1,1,0> }
	no_shadow
}
cylinder {
	<25.080070, 35.862957, 34.154247>,  <24.548466, 35.676117, 34.705700>, 0.130000
	pigment { color rgbt <1,0,0,0> }
	no_shadow
}

// nucleotide -1

// particle -1
sphere {
	<25.080070, 35.862957, 34.154247> 0.250000
	pigment { color rgbt <1,0,0,0> }
	no_shadow
}
cylinder {
	<24.762480, 35.727493, 33.952293>,  <24.571924, 35.646217, 33.831120>, 0.100000
	pigment { color rgbt <1,0,0,0> }
	no_shadow
}
cylinder {
	<24.762480, 35.727493, 33.952293>,  <25.080070, 35.862957, 34.154247>, 0.100000
	pigment { color rgbt <1,0,0,0> }
	no_shadow
}

// particle -1
sphere {
	<24.762480, 35.727493, 33.952293> 0.100000
	pigment { color rgbt <1,0,0,0> }
	no_shadow
}
sphere {
	0, 1
	scale<0.080000,0.200000,0.300000>
	matrix <0.132287, 0.714339, -0.687182,
		0.593377, -0.612399, -0.522371,
		-0.793980, -0.338655, -0.504885,
		24.524286, 35.625896, 33.800827>
	pigment { color rgbt <0,1,1,0> }
	no_shadow
}
cylinder {
	<25.249304, 35.732548, 33.344215>,  <25.080070, 35.862957, 34.154247>, 0.130000
	pigment { color rgbt <1,0,0,0> }
	no_shadow
}

// nucleotide -1

// particle -1
sphere {
	<25.249304, 35.732548, 33.344215> 0.250000
	pigment { color rgbt <1,0,0,0> }
	no_shadow
}
cylinder {
	<24.867949, 35.829239, 33.416458>,  <24.639135, 35.887253, 33.459805>, 0.100000
	pigment { color rgbt <1,0,0,0> }
	no_shadow
}
cylinder {
	<24.867949, 35.829239, 33.416458>,  <25.249304, 35.732548, 33.344215>, 0.100000
	pigment { color rgbt <1,0,0,0> }
	no_shadow
}

// particle -1
sphere {
	<24.867949, 35.829239, 33.416458> 0.100000
	pigment { color rgbt <1,0,0,0> }
	no_shadow
}
sphere {
	0, 1
	scale<0.080000,0.200000,0.300000>
	matrix <0.057718, 0.733568, -0.677161,
		-0.296176, -0.635173, -0.713327,
		-0.953388, 0.241730, 0.180605,
		24.581932, 35.901756, 33.470638>
	pigment { color rgbt <0,1,1,0> }
	no_shadow
}
cylinder {
	<24.913309, 35.851833, 32.669125>,  <25.249304, 35.732548, 33.344215>, 0.130000
	pigment { color rgbt <1,0,0,0> }
	no_shadow
}

// nucleotide -1

// particle -1
sphere {
	<24.913309, 35.851833, 32.669125> 0.250000
	pigment { color rgbt <1,0,0,0> }
	no_shadow
}
cylinder {
	<24.734127, 36.080914, 32.943745>,  <24.626617, 36.218361, 33.108517>, 0.100000
	pigment { color rgbt <1,0,0,0> }
	no_shadow
}
cylinder {
	<24.734127, 36.080914, 32.943745>,  <24.913309, 35.851833, 32.669125>, 0.100000
	pigment { color rgbt <1,0,0,0> }
	no_shadow
}

// particle -1
sphere {
	<24.734127, 36.080914, 32.943745> 0.100000
	pigment { color rgbt <1,0,0,0> }
	no_shadow
}
sphere {
	0, 1
	scale<0.080000,0.200000,0.300000>
	matrix <-0.028791, 0.758262, -0.651314,
		-0.893592, -0.311527, -0.323180,
		-0.447957, 0.572704, 0.686546,
		24.599741, 36.252724, 33.149708>
	pigment { color rgbt <0,1,1,0> }
	no_shadow
}
cylinder {
	<24.325127, 36.281319, 32.426094>,  <24.913309, 35.851833, 32.669125>, 0.130000
	pigment { color rgbt <1,0,0,0> }
	no_shadow
}

// nucleotide -1

// particle -1
sphere {
	<24.325127, 36.281319, 32.426094> 0.250000
	pigment { color rgbt <1,0,0,0> }
	no_shadow
}
cylinder {
	<24.519056, 36.452858, 32.730995>,  <24.635414, 36.555782, 32.913937>, 0.100000
	pigment { color rgbt <1,0,0,0> }
	no_shadow
}
cylinder {
	<24.519056, 36.452858, 32.730995>,  <24.325127, 36.281319, 32.426094>, 0.100000
	pigment { color rgbt <1,0,0,0> }
	no_shadow
}

// particle -1
sphere {
	<24.519056, 36.452858, 32.730995> 0.100000
	pigment { color rgbt <1,0,0,0> }
	no_shadow
}
sphere {
	0, 1
	scale<0.080000,0.200000,0.300000>
	matrix <0.153198, 0.816419, -0.556768,
		-0.861089, 0.386711, 0.330122,
		0.484826, 0.428852, 0.762253,
		24.664505, 36.581512, 32.959671>
	pigment { color rgbt <0,1,1,0> }
	no_shadow
}
cylinder {
	<24.943264, 36.653095, 32.401314>,  <24.325127, 36.281319, 32.426094>, 0.130000
	pigment { color rgbt <1,0,0,0> }
	no_shadow
}

// nucleotide -1

// particle -1
sphere {
	<24.943264, 36.653095, 32.401314> 0.250000
	pigment { color rgbt <1,0,0,0> }
	no_shadow
}
cylinder {
	<25.296812, 36.640697, 32.214630>,  <25.508942, 36.633259, 32.102619>, 0.100000
	pigment { color rgbt <1,0,0,0> }
	no_shadow
}
cylinder {
	<25.296812, 36.640697, 32.214630>,  <24.943264, 36.653095, 32.401314>, 0.100000
	pigment { color rgbt <1,0,0,0> }
	no_shadow
}

// particle -1
sphere {
	<25.296812, 36.640697, 32.214630> 0.100000
	pigment { color rgbt <1,0,0,0> }
	no_shadow
}
sphere {
	0, 1
	scale<0.080000,0.200000,0.300000>
	matrix <-0.462497, -0.206797, -0.862167,
		-0.069794, 0.977893, -0.197115,
		0.883870, -0.030991, -0.466705,
		25.561974, 36.631401, 32.074619>
	pigment { color rgbt <0,1,1,0> }
	no_shadow
}
cylinder {
	<24.801201, 37.004089, 31.708416>,  <24.943264, 36.653095, 32.401314>, 0.130000
	pigment { color rgbt <1,0,0,0> }
	no_shadow
}

// nucleotide -1

// particle -1
sphere {
	<24.801201, 37.004089, 31.708416> 0.250000
	pigment { color rgbt <1,0,0,0> }
	no_shadow
}
cylinder {
	<25.092348, 36.732262, 31.671766>,  <25.267036, 36.569164, 31.649776>, 0.100000
	pigment { color rgbt <1,0,0,0> }
	no_shadow
}
cylinder {
	<25.092348, 36.732262, 31.671766>,  <24.801201, 37.004089, 31.708416>, 0.100000
	pigment { color rgbt <1,0,0,0> }
	no_shadow
}

// particle -1
sphere {
	<25.092348, 36.732262, 31.671766> 0.100000
	pigment { color rgbt <1,0,0,0> }
	no_shadow
}
sphere {
	0, 1
	scale<0.080000,0.200000,0.300000>
	matrix <-0.523188, -0.463990, -0.714834,
		0.443267, 0.568240, -0.693266,
		0.727866, -0.679571, -0.091624,
		25.310707, 36.528389, 31.644279>
	pigment { color rgbt <0,1,1,0> }
	no_shadow
}
cylinder {
	<24.761715, 36.836864, 31.074486>,  <24.801201, 37.004089, 31.708416>, 0.130000
	pigment { color rgbt <1,0,0,0> }
	no_shadow
}

// nucleotide -1

// particle -1
sphere {
	<24.761715, 36.836864, 31.074486> 0.250000
	pigment { color rgbt <1,0,0,0> }
	no_shadow
}
cylinder {
	<24.999041, 36.541683, 31.203115>,  <25.141436, 36.364574, 31.280294>, 0.100000
	pigment { color rgbt <1,0,0,0> }
	no_shadow
}
cylinder {
	<24.999041, 36.541683, 31.203115>,  <24.761715, 36.836864, 31.074486>, 0.100000
	pigment { color rgbt <1,0,0,0> }
	no_shadow
}

// particle -1
sphere {
	<24.999041, 36.541683, 31.203115> 0.100000
	pigment { color rgbt <1,0,0,0> }
	no_shadow
}
sphere {
	0, 1
	scale<0.080000,0.200000,0.300000>
	matrix <-0.495836, -0.649737, -0.576185,
		0.634135, 0.182408, -0.751399,
		0.593313, -0.737949, 0.321576,
		25.177034, 36.320297, 31.299589>
	pigment { color rgbt <0,1,1,0> }
	no_shadow
}
cylinder {
	<25.103266, 36.657726, 30.482676>,  <24.761715, 36.836864, 31.074486>, 0.130000
	pigment { color rgbt <1,0,0,0> }
	no_shadow
}

// nucleotide -1

// particle -1
sphere {
	<25.103266, 36.657726, 30.482676> 0.250000
	pigment { color rgbt <1,0,0,0> }
	no_shadow
}
cylinder {
	<25.088789, 36.355022, 30.743753>,  <25.080103, 36.173401, 30.900400>, 0.100000
	pigment { color rgbt <1,0,0,0> }
	no_shadow
}
cylinder {
	<25.088789, 36.355022, 30.743753>,  <25.103266, 36.657726, 30.482676>, 0.100000
	pigment { color rgbt <1,0,0,0> }
	no_shadow
}

// particle -1
sphere {
	<25.088789, 36.355022, 30.743753> 0.100000
	pigment { color rgbt <1,0,0,0> }
	no_shadow
}
sphere {
	0, 1
	scale<0.080000,0.200000,0.300000>
	matrix <-0.379678, -0.593736, -0.709452,
		0.924411, -0.273488, -0.265837,
		-0.036190, -0.756758, 0.652693,
		25.077932, 36.127995, 30.939562>
	pigment { color rgbt <0,1,1,0> }
	no_shadow
}
cylinder {
	<25.524014, 36.150730, 30.319143>,  <25.103266, 36.657726, 30.482676>, 0.130000
	pigment { color rgbt <1,0,0,0> }
	no_shadow
}

// nucleotide -1

// particle -1
sphere {
	<25.524014, 36.150730, 30.319143> 0.250000
	pigment { color rgbt <1,0,0,0> }
	no_shadow
}
cylinder {
	<25.227175, 35.988449, 30.532572>,  <25.049070, 35.891083, 30.660629>, 0.100000
	pigment { color rgbt <1,0,0,0> }
	no_shadow
}
cylinder {
	<25.227175, 35.988449, 30.532572>,  <25.524014, 36.150730, 30.319143>, 0.100000
	pigment { color rgbt <1,0,0,0> }
	no_shadow
}

// particle -1
sphere {
	<25.227175, 35.988449, 30.532572> 0.100000
	pigment { color rgbt <1,0,0,0> }
	no_shadow
}
sphere {
	0, 1
	scale<0.080000,0.200000,0.300000>
	matrix <-0.294120, -0.518209, -0.803089,
		0.602314, -0.752905, 0.265238,
		-0.742099, -0.405700, 0.533569,
		25.004545, 35.866737, 30.692642>
	pigment { color rgbt <0,1,1,0> }
	no_shadow
}
cylinder {
	<25.426546, 35.387829, 30.073328>,  <25.524014, 36.150730, 30.319143>, 0.130000
	pigment { color rgbt <1,0,0,0> }
	no_shadow
}

// nucleotide -1

// particle -1
sphere {
	<25.426546, 35.387829, 30.073328> 0.250000
	pigment { color rgbt <1,0,0,0> }
	no_shadow
}
cylinder {
	<25.099207, 35.554516, 30.231646>,  <24.902803, 35.654530, 30.326635>, 0.100000
	pigment { color rgbt <1,0,0,0> }
	no_shadow
}
cylinder {
	<25.099207, 35.554516, 30.231646>,  <25.426546, 35.387829, 30.073328>, 0.100000
	pigment { color rgbt <1,0,0,0> }
	no_shadow
}

// particle -1
sphere {
	<25.099207, 35.554516, 30.231646> 0.100000
	pigment { color rgbt <1,0,0,0> }
	no_shadow
}
sphere {
	0, 1
	scale<0.080000,0.200000,0.300000>
	matrix <-0.557567, -0.408645, -0.722585,
		-0.139374, -0.812008, 0.566761,
		-0.818349, 0.416717, 0.395794,
		24.853703, 35.679531, 30.350384>
	pigment { color rgbt <0,1,1,0> }
	no_shadow
}
cylinder {
	<24.888607, 34.945484, 30.198868>,  <25.426546, 35.387829, 30.073328>, 0.130000
	pigment { color rgbt <1,0,0,0> }
	no_shadow
}

// nucleotide -1

// particle -1
sphere {
	<24.888607, 34.945484, 30.198868> 0.250000
	pigment { color rgbt <1,0,0,0> }
	no_shadow
}
cylinder {
	<24.745834, 35.315319, 30.145590>,  <24.660172, 35.537220, 30.113623>, 0.100000
	pigment { color rgbt <1,0,0,0> }
	no_shadow
}
cylinder {
	<24.745834, 35.315319, 30.145590>,  <24.888607, 34.945484, 30.198868>, 0.100000
	pigment { color rgbt <1,0,0,0> }
	no_shadow
}

// particle -1
sphere {
	<24.745834, 35.315319, 30.145590> 0.100000
	pigment { color rgbt <1,0,0,0> }
	no_shadow
}
sphere {
	0, 1
	scale<0.080000,0.200000,0.300000>
	matrix <-0.400106, -0.280162, -0.872597,
		-0.844106, -0.258166, 0.469931,
		-0.356931, 0.924586, -0.133193,
		24.638754, 35.592693, 30.105633>
	pigment { color rgbt <0,1,1,0> }
	no_shadow
}
cylinder {
	<24.212835, 34.877369, 30.012827>,  <24.888607, 34.945484, 30.198868>, 0.130000
	pigment { color rgbt <1,0,0,0> }
	no_shadow
}

// nucleotide -1

// particle -1
sphere {
	<24.212835, 34.877369, 30.012827> 0.250000
	pigment { color rgbt <1,0,0,0> }
	no_shadow
}
cylinder {
	<24.332727, 35.226734, 29.859306>,  <24.404663, 35.436356, 29.767195>, 0.100000
	pigment { color rgbt <1,0,0,0> }
	no_shadow
}
cylinder {
	<24.332727, 35.226734, 29.859306>,  <24.212835, 34.877369, 30.012827>, 0.100000
	pigment { color rgbt <1,0,0,0> }
	no_shadow
}

// particle -1
sphere {
	<24.332727, 35.226734, 29.859306> 0.100000
	pigment { color rgbt <1,0,0,0> }
	no_shadow
}
sphere {
	0, 1
	scale<0.080000,0.200000,0.300000>
	matrix <-0.262101, -0.311430, -0.913409,
		-0.917314, 0.374372, 0.135578,
		0.299731, 0.873417, -0.383802,
		24.422647, 35.488758, 29.744165>
	pigment { color rgbt <0,1,1,0> }
	no_shadow
}
cylinder {
	<23.976898, 35.605335, 30.182667>,  <24.212835, 34.877369, 30.012827>, 0.130000
	pigment { color rgbt <1,0,0,0> }
	no_shadow
}

// nucleotide -1

// particle -1
sphere {
	<23.976898, 35.605335, 30.182667> 0.250000
	pigment { color rgbt <1,0,0,0> }
	no_shadow
}
cylinder {
	<24.202703, 35.323406, 30.354506>,  <24.338186, 35.154251, 30.457609>, 0.100000
	pigment { color rgbt <1,0,0,0> }
	no_shadow
}
cylinder {
	<24.202703, 35.323406, 30.354506>,  <23.976898, 35.605335, 30.182667>, 0.100000
	pigment { color rgbt <1,0,0,0> }
	no_shadow
}

// particle -1
sphere {
	<24.202703, 35.323406, 30.354506> 0.100000
	pigment { color rgbt <1,0,0,0> }
	no_shadow
}
sphere {
	0, 1
	scale<0.080000,0.200000,0.300000>
	matrix <0.217829, 0.629215, 0.746082,
		-0.796162, -0.327595, 0.508731,
		0.564514, -0.704819, 0.429598,
		24.372057, 35.111961, 30.483385>
	pigment { color rgbt <0,1,1,0> }
	no_shadow
}
cylinder {
	<23.909517, 35.679947, 30.993965>,  <23.976898, 35.605335, 30.182667>, 0.130000
	pigment { color rgbt <1,0,0,0> }
	no_shadow
}

// nucleotide -1

// particle -1
sphere {
	<23.909517, 35.679947, 30.993965> 0.250000
	pigment { color rgbt <1,0,0,0> }
	no_shadow
}
cylinder {
	<24.242672, 35.494953, 30.872372>,  <24.442564, 35.383957, 30.799416>, 0.100000
	pigment { color rgbt <1,0,0,0> }
	no_shadow
}
cylinder {
	<24.242672, 35.494953, 30.872372>,  <23.909517, 35.679947, 30.993965>, 0.100000
	pigment { color rgbt <1,0,0,0> }
	no_shadow
}

// particle -1
sphere {
	<24.242672, 35.494953, 30.872372> 0.100000
	pigment { color rgbt <1,0,0,0> }
	no_shadow
}
sphere {
	0, 1
	scale<0.080000,0.200000,0.300000>
	matrix <0.538016, 0.547818, 0.640651,
		-0.129765, -0.697137, 0.705096,
		0.832886, -0.462488, -0.303983,
		24.492538, 35.356209, 30.781178>
	pigment { color rgbt <0,1,1,0> }
	no_shadow
}
cylinder {
	<24.307953, 35.125286, 31.487011>,  <23.909517, 35.679947, 30.993965>, 0.130000
	pigment { color rgbt <1,0,0,0> }
	no_shadow
}

// nucleotide -1

// particle -1
sphere {
	<24.307953, 35.125286, 31.487011> 0.250000
	pigment { color rgbt <1,0,0,0> }
	no_shadow
}
cylinder {
	<24.544777, 35.338947, 31.245632>,  <24.686871, 35.467144, 31.100805>, 0.100000
	pigment { color rgbt <1,0,0,0> }
	no_shadow
}
cylinder {
	<24.544777, 35.338947, 31.245632>,  <24.307953, 35.125286, 31.487011>, 0.100000
	pigment { color rgbt <1,0,0,0> }
	no_shadow
}

// particle -1
sphere {
	<24.544777, 35.338947, 31.245632> 0.100000
	pigment { color rgbt <1,0,0,0> }
	no_shadow
}
sphere {
	0, 1
	scale<0.080000,0.200000,0.300000>
	matrix <0.498843, 0.345193, 0.794983,
		0.632945, -0.771703, -0.062081,
		0.592061, 0.534149, -0.603447,
		24.722395, 35.499191, 31.064598>
	pigment { color rgbt <0,1,1,0> }
	no_shadow
}
cylinder {
	<25.041428, 35.165585, 31.819889>,  <24.307953, 35.125286, 31.487011>, 0.130000
	pigment { color rgbt <1,0,0,0> }
	no_shadow
}

// nucleotide -1

// particle -1
sphere {
	<25.041428, 35.165585, 31.819889> 0.250000
	pigment { color rgbt <1,0,0,0> }
	no_shadow
}
cylinder {
	<25.059864, 35.457897, 31.547466>,  <25.070925, 35.633286, 31.384012>, 0.100000
	pigment { color rgbt <1,0,0,0> }
	no_shadow
}
cylinder {
	<25.059864, 35.457897, 31.547466>,  <25.041428, 35.165585, 31.819889>, 0.100000
	pigment { color rgbt <1,0,0,0> }
	no_shadow
}

// particle -1
sphere {
	<25.059864, 35.457897, 31.547466> 0.100000
	pigment { color rgbt <1,0,0,0> }
	no_shadow
}
sphere {
	0, 1
	scale<0.080000,0.200000,0.300000>
	matrix <0.640760, 0.501415, 0.581386,
		0.766356, -0.463189, -0.445145,
		0.046090, 0.730780, -0.681056,
		25.073690, 35.677132, 31.343149>
	pigment { color rgbt <0,1,1,0> }
	no_shadow
}
cylinder {
	<25.819786, 35.282917, 31.651823>,  <25.041428, 35.165585, 31.819889>, 0.130000
	pigment { color rgbt <1,0,0,0> }
	no_shadow
}

// nucleotide -1

// particle -1
sphere {
	<25.819786, 35.282917, 31.651823> 0.250000
	pigment { color rgbt <1,0,0,0> }
	no_shadow
}
cylinder {
	<25.639574, 35.617245, 31.526331>,  <25.531446, 35.817841, 31.451036>, 0.100000
	pigment { color rgbt <1,0,0,0> }
	no_shadow
}
cylinder {
	<25.639574, 35.617245, 31.526331>,  <25.819786, 35.282917, 31.651823>, 0.100000
	pigment { color rgbt <1,0,0,0> }
	no_shadow
}

// particle -1
sphere {
	<25.639574, 35.617245, 31.526331> 0.100000
	pigment { color rgbt <1,0,0,0> }
	no_shadow
}
sphere {
	0, 1
	scale<0.080000,0.200000,0.300000>
	matrix <0.617767, 0.545566, 0.566323,
		0.644504, 0.061334, -0.762137,
		-0.450531, 0.835820, -0.313730,
		25.504416, 35.867992, 31.432213>
	pigment { color rgbt <0,1,1,0> }
	no_shadow
}
cylinder {
	<26.357580, 35.806137, 31.469032>,  <25.819786, 35.282917, 31.651823>, 0.130000
	pigment { color rgbt <1,0,0,0> }
	no_shadow
}

// nucleotide -1

// particle -1
sphere {
	<26.357580, 35.806137, 31.469032> 0.250000
	pigment { color rgbt <1,0,0,0> }
	no_shadow
}
cylinder {
	<26.020418, 36.005833, 31.549309>,  <25.818121, 36.125648, 31.597475>, 0.100000
	pigment { color rgbt <1,0,0,0> }
	no_shadow
}
cylinder {
	<26.020418, 36.005833, 31.549309>,  <26.357580, 35.806137, 31.469032>, 0.100000
	pigment { color rgbt <1,0,0,0> }
	no_shadow
}

// particle -1
sphere {
	<26.020418, 36.005833, 31.549309> 0.100000
	pigment { color rgbt <1,0,0,0> }
	no_shadow
}
sphere {
	0, 1
	scale<0.080000,0.200000,0.300000>
	matrix <0.500114, 0.589326, 0.634492,
		0.198489, 0.635184, -0.746420,
		-0.842905, 0.499235, 0.200689,
		25.767548, 36.155602, 31.609516>
	pigment { color rgbt <0,1,1,0> }
	no_shadow
}
cylinder {
	<26.853958, 35.234478, 31.289742>,  <26.357580, 35.806137, 31.469032>, 0.130000
	pigment { color rgbt <1,0,0,0> }
	no_shadow
}

// nucleotide -1

// particle -1
sphere {
	<26.853958, 35.234478, 31.289742> 0.250000
	pigment { color rgbt <1,0,0,0> }
	no_shadow
}
cylinder {
	<27.124651, 35.528477, 31.272669>,  <27.287066, 35.704876, 31.262424>, 0.100000
	pigment { color rgbt <1,0,0,0> }
	no_shadow
}
cylinder {
	<27.124651, 35.528477, 31.272669>,  <26.853958, 35.234478, 31.289742>, 0.100000
	pigment { color rgbt <1,0,0,0> }
	no_shadow
}

// particle -1
sphere {
	<27.124651, 35.528477, 31.272669> 0.100000
	pigment { color rgbt <1,0,0,0> }
	no_shadow
}
sphere {
	0, 1
	scale<0.080000,0.200000,0.300000>
	matrix <0.681507, -0.647308, -0.341380,
		-0.278541, 0.201934, -0.938956,
		0.676730, 0.734993, -0.042682,
		27.327669, 35.748974, 31.259865>
	pigment { color rgbt <0,1,1,0> }
	no_shadow
}
cylinder {
	<26.947590, 34.894947, 30.696630>,  <26.853958, 35.234478, 31.289742>, 0.130000
	pigment { color rgbt <1,0,0,0> }
	no_shadow
}

// nucleotide -1

// particle -1
sphere {
	<26.947590, 34.894947, 30.696630> 0.250000
	pigment { color rgbt <1,0,0,0> }
	no_shadow
}
cylinder {
	<26.978527, 34.685543, 30.357231>,  <26.997089, 34.559898, 30.153591>, 0.100000
	pigment { color rgbt <1,0,0,0> }
	no_shadow
}
cylinder {
	<26.978527, 34.685543, 30.357231>,  <26.947590, 34.894947, 30.696630>, 0.100000
	pigment { color rgbt <1,0,0,0> }
	no_shadow
}

// particle -1
sphere {
	<26.978527, 34.685543, 30.357231> 0.100000
	pigment { color rgbt <1,0,0,0> }
	no_shadow
}
sphere {
	0, 1
	scale<0.080000,0.200000,0.300000>
	matrix <0.619844, -0.641336, 0.452197,
		-0.780904, -0.560911, 0.274895,
		0.077343, -0.523515, -0.848499,
		27.001730, 34.528488, 30.102682>
	pigment { color rgbt <0,1,1,0> }
	no_shadow
}
cylinder {
	<26.824587, 34.190422, 30.842129>,  <26.947590, 34.894947, 30.696630>, 0.130000
	pigment { color rgbt <1,0,0,0> }
	no_shadow
}

// nucleotide -1

// particle -1
sphere {
	<26.824587, 34.190422, 30.842129> 0.250000
	pigment { color rgbt <1,0,0,0> }
	no_shadow
}
cylinder {
	<27.086880, 34.296154, 30.559246>,  <27.244255, 34.359592, 30.389517>, 0.100000
	pigment { color rgbt <1,0,0,0> }
	no_shadow
}
cylinder {
	<27.086880, 34.296154, 30.559246>,  <26.824587, 34.190422, 30.842129>, 0.100000
	pigment { color rgbt <1,0,0,0> }
	no_shadow
}

// particle -1
sphere {
	<27.086880, 34.296154, 30.559246> 0.100000
	pigment { color rgbt <1,0,0,0> }
	no_shadow
}
sphere {
	0, 1
	scale<0.080000,0.200000,0.300000>
	matrix <0.753639, -0.285211, 0.592184,
		-0.045173, -0.921295, -0.386231,
		0.655734, 0.264328, -0.707208,
		27.283600, 34.375454, 30.347084>
	pigment { color rgbt <0,1,1,0> }
	no_shadow
}
cylinder {
	<27.298929, 33.755608, 30.688139>,  <26.824587, 34.190422, 30.842129>, 0.130000
	pigment { color rgbt <1,0,0,0> }
	no_shadow
}

// nucleotide -1

// particle -1
sphere {
	<27.298929, 33.755608, 30.688139> 0.250000
	pigment { color rgbt <1,0,0,0> }
	no_shadow
}
cylinder {
	<27.494329, 34.097088, 30.615957>,  <27.611570, 34.301975, 30.572649>, 0.100000
	pigment { color rgbt <1,0,0,0> }
	no_shadow
}
cylinder {
	<27.494329, 34.097088, 30.615957>,  <27.298929, 33.755608, 30.688139>, 0.100000
	pigment { color rgbt <1,0,0,0> }
	no_shadow
}

// particle -1
sphere {
	<27.494329, 34.097088, 30.615957> 0.100000
	pigment { color rgbt <1,0,0,0> }
	no_shadow
}
sphere {
	0, 1
	scale<0.080000,0.200000,0.300000>
	matrix <0.814366, -0.371800, 0.445615,
		0.313329, -0.364638, -0.876849,
		0.488500, 0.853700, -0.180453,
		27.640879, 34.353199, 30.561821>
	pigment { color rgbt <0,1,1,0> }
	no_shadow
}
cylinder {
	<27.925915, 33.612644, 30.252893>,  <27.298929, 33.755608, 30.688139>, 0.130000
	pigment { color rgbt <1,0,0,0> }
	no_shadow
}

// nucleotide -1

// particle -1
sphere {
	<27.925915, 33.612644, 30.252893> 0.250000
	pigment { color rgbt <1,0,0,0> }
	no_shadow
}
cylinder {
	<27.910042, 33.889236, 30.541416>,  <27.900518, 34.055191, 30.714529>, 0.100000
	pigment { color rgbt <1,0,0,0> }
	no_shadow
}
cylinder {
	<27.910042, 33.889236, 30.541416>,  <27.925915, 33.612644, 30.252893>, 0.100000
	pigment { color rgbt <1,0,0,0> }
	no_shadow
}

// particle -1
sphere {
	<27.910042, 33.889236, 30.541416> 0.100000
	pigment { color rgbt <1,0,0,0> }
	no_shadow
}
sphere {
	0, 1
	scale<0.080000,0.200000,0.300000>
	matrix <0.732054, -0.471208, 0.491996,
		0.680090, 0.547559, -0.487500,
		-0.039683, 0.691478, 0.721307,
		27.898136, 34.096680, 30.757809>
	pigment { color rgbt <0,1,1,0> }
	no_shadow
}
cylinder {
	<28.553587, 33.798485, 30.305805>,  <27.925915, 33.612644, 30.252893>, 0.130000
	pigment { color rgbt <1,0,0,0> }
	no_shadow
}

// nucleotide -1

// particle -1
sphere {
	<28.553587, 33.798485, 30.305805> 0.250000
	pigment { color rgbt <1,0,0,0> }
	no_shadow
}
cylinder {
	<28.348055, 33.847076, 30.645504>,  <28.224735, 33.876232, 30.849323>, 0.100000
	pigment { color rgbt <1,0,0,0> }
	no_shadow
}
cylinder {
	<28.348055, 33.847076, 30.645504>,  <28.553587, 33.798485, 30.305805>, 0.100000
	pigment { color rgbt <1,0,0,0> }
	no_shadow
}

// particle -1
sphere {
	<28.348055, 33.847076, 30.645504> 0.100000
	pigment { color rgbt <1,0,0,0> }
	no_shadow
}
sphere {
	0, 1
	scale<0.080000,0.200000,0.300000>
	matrix <0.698483, -0.515518, 0.496349,
		0.498098, 0.848224, 0.180038,
		-0.513828, 0.121477, 0.849249,
		28.193907, 33.883518, 30.900278>
	pigment { color rgbt <0,1,1,0> }
	no_shadow
}
cylinder {
	<29.028425, 34.052422, 30.787542>,  <28.553587, 33.798485, 30.305805>, 0.130000
	pigment { color rgbt <1,0,0,0> }
	no_shadow
}

// nucleotide -1

// particle -1
sphere {
	<29.028425, 34.052422, 30.787542> 0.250000
	pigment { color rgbt <1,0,0,0> }
	no_shadow
}
cylinder {
	<28.796116, 33.794853, 30.986767>,  <28.656731, 33.640312, 31.106302>, 0.100000
	pigment { color rgbt <1,0,0,0> }
	no_shadow
}
cylinder {
	<28.796116, 33.794853, 30.986767>,  <29.028425, 34.052422, 30.787542>, 0.100000
	pigment { color rgbt <1,0,0,0> }
	no_shadow
}

// particle -1
sphere {
	<28.796116, 33.794853, 30.986767> 0.100000
	pigment { color rgbt <1,0,0,0> }
	no_shadow
}
sphere {
	0, 1
	scale<0.080000,0.200000,0.300000>
	matrix <0.806596, -0.537858, 0.245176,
		0.110013, 0.544128, 0.831758,
		-0.580775, -0.643920, 0.498063,
		28.621883, 33.601677, 31.136187>
	pigment { color rgbt <0,1,1,0> }
	no_shadow
}
cylinder {
	<29.426201, 33.878941, 31.361572>,  <29.028425, 34.052422, 30.787542>, 0.130000
	pigment { color rgbt <1,0,0,0> }
	no_shadow
}

// nucleotide -1

// particle -1
sphere {
	<29.426201, 33.878941, 31.361572> 0.250000
	pigment { color rgbt <1,0,0,0> }
	no_shadow
}
cylinder {
	<29.136404, 33.605015, 31.330225>,  <28.962526, 33.440659, 31.311417>, 0.100000
	pigment { color rgbt <1,0,0,0> }
	no_shadow
}
cylinder {
	<29.136404, 33.605015, 31.330225>,  <29.426201, 33.878941, 31.361572>, 0.100000
	pigment { color rgbt <1,0,0,0> }
	no_shadow
}

// particle -1
sphere {
	<29.136404, 33.605015, 31.330225> 0.100000
	pigment { color rgbt <1,0,0,0> }
	no_shadow
}
sphere {
	0, 1
	scale<0.080000,0.200000,0.300000>
	matrix <0.640132, -0.710634, 0.291942,
		-0.255617, 0.161344, 0.953220,
		-0.724494, -0.684812, -0.078369,
		28.919056, 33.399570, 31.306715>
	pigment { color rgbt <0,1,1,0> }
	no_shadow
}
cylinder {
	<29.625168, 33.327679, 31.884033>,  <29.426201, 33.878941, 31.361572>, 0.130000
	pigment { color rgbt <1,0,0,0> }
	no_shadow
}

// nucleotide -1

// particle -1
sphere {
	<29.625168, 33.327679, 31.884033> 0.250000
	pigment { color rgbt <1,0,0,0> }
	no_shadow
}
cylinder {
	<29.389454, 33.185265, 31.593935>,  <29.248026, 33.099815, 31.419876>, 0.100000
	pigment { color rgbt <1,0,0,0> }
	no_shadow
}
cylinder {
	<29.389454, 33.185265, 31.593935>,  <29.625168, 33.327679, 31.884033>, 0.100000
	pigment { color rgbt <1,0,0,0> }
	no_shadow
}

// particle -1
sphere {
	<29.389454, 33.185265, 31.593935> 0.100000
	pigment { color rgbt <1,0,0,0> }
	no_shadow
}
sphere {
	0, 1
	scale<0.080000,0.200000,0.300000>
	matrix <0.595099, -0.798418, -0.091580,
		-0.546443, -0.485559, 0.682373,
		-0.589286, -0.356036, -0.725245,
		29.212667, 33.078453, 31.376362>
	pigment { color rgbt <0,1,1,0> }
	no_shadow
}
cylinder {
	<30.033598, 33.430500, 31.170197>,  <29.625168, 33.327679, 31.884033>, 0.130000
	pigment { color rgbt <1,0,0,0> }
	no_shadow
}

// nucleotide -1

// particle -1
sphere {
	<30.033598, 33.430500, 31.170197> 0.250000
	pigment { color rgbt <1,0,0,0> }
	no_shadow
}
cylinder {
	<30.298569, 33.729919, 31.158438>,  <30.457552, 33.909573, 31.151382>, 0.100000
	pigment { color rgbt <1,0,0,0> }
	no_shadow
}
cylinder {
	<30.298569, 33.729919, 31.158438>,  <30.033598, 33.430500, 31.170197>, 0.100000
	pigment { color rgbt <1,0,0,0> }
	no_shadow
}

// particle -1
sphere {
	<30.298569, 33.729919, 31.158438> 0.100000
	pigment { color rgbt <1,0,0,0> }
	no_shadow
}
sphere {
	0, 1
	scale<0.080000,0.200000,0.300000>
	matrix <-0.305940, 0.306144, 0.901486,
		0.683806, -0.588175, 0.431810,
		0.662427, 0.748549, -0.029397,
		30.497297, 33.954483, 31.149618>
	pigment { color rgbt <0,1,1,0> }
	no_shadow
}
cylinder {
	<30.424231, 33.297131, 31.783619>,  <30.033598, 33.430500, 31.170197>, 0.130000
	pigment { color rgbt <1,0,0,0> }
	no_shadow
}

// nucleotide -1

// particle -1
sphere {
	<30.424231, 33.297131, 31.783619> 0.250000
	pigment { color rgbt <1,0,0,0> }
	no_shadow
}
cylinder {
	<30.378534, 33.673023, 31.654709>,  <30.351116, 33.898560, 31.577362>, 0.100000
	pigment { color rgbt <1,0,0,0> }
	no_shadow
}
cylinder {
	<30.378534, 33.673023, 31.654709>,  <30.424231, 33.297131, 31.783619>, 0.100000
	pigment { color rgbt <1,0,0,0> }
	no_shadow
}

// particle -1
sphere {
	<30.378534, 33.673023, 31.654709> 0.100000
	pigment { color rgbt <1,0,0,0> }
	no_shadow
}
sphere {
	0, 1
	scale<0.080000,0.200000,0.300000>
	matrix <-0.284987, 0.279766, 0.916796,
		0.951699, 0.196581, 0.235849,
		-0.114242, 0.939727, -0.322276,
		30.344261, 33.954941, 31.558025>
	pigment { color rgbt <0,1,1,0> }
	no_shadow
}
cylinder {
	<30.868584, 33.827812, 32.069107>,  <30.424231, 33.297131, 31.783619>, 0.130000
	pigment { color rgbt <1,0,0,0> }
	no_shadow
}

// nucleotide -1

// particle -1
sphere {
	<30.868584, 33.827812, 32.069107> 0.250000
	pigment { color rgbt <1,0,0,0> }
	no_shadow
}
cylinder {
	<30.517019, 33.975719, 31.948586>,  <30.306080, 34.064465, 31.876272>, 0.100000
	pigment { color rgbt <1,0,0,0> }
	no_shadow
}
cylinder {
	<30.517019, 33.975719, 31.948586>,  <30.868584, 33.827812, 32.069107>, 0.100000
	pigment { color rgbt <1,0,0,0> }
	no_shadow
}

// particle -1
sphere {
	<30.517019, 33.975719, 31.948586> 0.100000
	pigment { color rgbt <1,0,0,0> }
	no_shadow
}
sphere {
	0, 1
	scale<0.080000,0.200000,0.300000>
	matrix <-0.280299, 0.110722, 0.953506,
		0.385936, 0.922504, 0.006330,
		-0.878912, 0.369767, -0.301308,
		30.253345, 34.086651, 31.858192>
	pigment { color rgbt <0,1,1,0> }
	no_shadow
}
cylinder {
	<30.795879, 34.563293, 32.398842>,  <30.868584, 33.827812, 32.069107>, 0.130000
	pigment { color rgbt <1,0,0,0> }
	no_shadow
}

// nucleotide -1

// particle -1
sphere {
	<30.795879, 34.563293, 32.398842> 0.250000
	pigment { color rgbt <1,0,0,0> }
	no_shadow
}
cylinder {
	<30.424837, 34.431465, 32.328495>,  <30.202211, 34.352367, 32.286285>, 0.100000
	pigment { color rgbt <1,0,0,0> }
	no_shadow
}
cylinder {
	<30.424837, 34.431465, 32.328495>,  <30.795879, 34.563293, 32.398842>, 0.100000
	pigment { color rgbt <1,0,0,0> }
	no_shadow
}

// particle -1
sphere {
	<30.424837, 34.431465, 32.328495> 0.100000
	pigment { color rgbt <1,0,0,0> }
	no_shadow
}
sphere {
	0, 1
	scale<0.080000,0.200000,0.300000>
	matrix <-0.244509, 0.179721, 0.952846,
		-0.282424, 0.926867, -0.247294,
		-0.927605, -0.329573, -0.175870,
		30.146555, 34.332592, 32.275734>
	pigment { color rgbt <0,1,1,0> }
	no_shadow
}
cylinder {
	<30.322884, 34.994659, 32.639545>,  <30.795879, 34.563293, 32.398842>, 0.130000
	pigment { color rgbt <1,0,0,0> }
	no_shadow
}

// nucleotide -1

// particle -1
sphere {
	<30.322884, 34.994659, 32.639545> 0.250000
	pigment { color rgbt <1,0,0,0> }
	no_shadow
}
cylinder {
	<30.105907, 34.658691, 32.632717>,  <29.975721, 34.457111, 32.628620>, 0.100000
	pigment { color rgbt <1,0,0,0> }
	no_shadow
}
cylinder {
	<30.105907, 34.658691, 32.632717>,  <30.322884, 34.994659, 32.639545>, 0.100000
	pigment { color rgbt <1,0,0,0> }
	no_shadow
}

// particle -1
sphere {
	<30.105907, 34.658691, 32.632717> 0.100000
	pigment { color rgbt <1,0,0,0> }
	no_shadow
}
sphere {
	0, 1
	scale<0.080000,0.200000,0.300000>
	matrix <-0.279046, 0.160970, 0.946690,
		-0.792395, 0.518289, -0.321693,
		-0.542442, -0.839920, -0.017074,
		29.943174, 34.406715, 32.627594>
	pigment { color rgbt <0,1,1,0> }
	no_shadow
}
cylinder {
	<29.633728, 35.094967, 32.897171>,  <30.322884, 34.994659, 32.639545>, 0.130000
	pigment { color rgbt <1,0,0,0> }
	no_shadow
}

// nucleotide -1

// particle -1
sphere {
	<29.633728, 35.094967, 32.897171> 0.250000
	pigment { color rgbt <1,0,0,0> }
	no_shadow
}
cylinder {
	<29.743439, 34.712166, 32.934944>,  <29.809265, 34.482487, 32.957607>, 0.100000
	pigment { color rgbt <1,0,0,0> }
	no_shadow
}
cylinder {
	<29.743439, 34.712166, 32.934944>,  <29.633728, 35.094967, 32.897171>, 0.100000
	pigment { color rgbt <1,0,0,0> }
	no_shadow
}

// particle -1
sphere {
	<29.743439, 34.712166, 32.934944> 0.100000
	pigment { color rgbt <1,0,0,0> }
	no_shadow
}
sphere {
	0, 1
	scale<0.080000,0.200000,0.300000>
	matrix <-0.211856, 0.035657, 0.976650,
		-0.938025, -0.287877, -0.192967,
		0.274274, -0.957004, 0.094435,
		29.825722, 34.425064, 32.963276>
	pigment { color rgbt <0,1,1,0> }
	no_shadow
}
cylinder {
	<28.929478, 35.150776, 32.807137>,  <29.633728, 35.094967, 32.897171>, 0.130000
	pigment { color rgbt <1,0,0,0> }
	no_shadow
}

// nucleotide -1

// particle -1
sphere {
	<28.929478, 35.150776, 32.807137> 0.250000
	pigment { color rgbt <1,0,0,0> }
	no_shadow
}
cylinder {
	<29.047081, 34.769234, 32.782742>,  <29.117643, 34.540310, 32.768105>, 0.100000
	pigment { color rgbt <1,0,0,0> }
	no_shadow
}
cylinder {
	<29.047081, 34.769234, 32.782742>,  <28.929478, 35.150776, 32.807137>, 0.100000
	pigment { color rgbt <1,0,0,0> }
	no_shadow
}

// particle -1
sphere {
	<29.047081, 34.769234, 32.782742> 0.100000
	pigment { color rgbt <1,0,0,0> }
	no_shadow
}
sphere {
	0, 1
	scale<0.080000,0.200000,0.300000>
	matrix <-0.398364, -0.180290, 0.899334,
		-0.868829, -0.240118, -0.432988,
		0.294010, -0.953855, -0.060987,
		29.135284, 34.483078, 32.764446>
	pigment { color rgbt <0,1,1,0> }
	no_shadow
}
cylinder {
	<28.340815, 34.782104, 33.007244>,  <28.929478, 35.150776, 32.807137>, 0.130000
	pigment { color rgbt <1,0,0,0> }
	no_shadow
}

// nucleotide -1

// particle -1
sphere {
	<28.340815, 34.782104, 33.007244> 0.250000
	pigment { color rgbt <1,0,0,0> }
	no_shadow
}
cylinder {
	<28.671257, 34.568954, 33.080563>,  <28.869522, 34.441067, 33.124554>, 0.100000
	pigment { color rgbt <1,0,0,0> }
	no_shadow
}
cylinder {
	<28.671257, 34.568954, 33.080563>,  <28.340815, 34.782104, 33.007244>, 0.100000
	pigment { color rgbt <1,0,0,0> }
	no_shadow
}

// particle -1
sphere {
	<28.671257, 34.568954, 33.080563> 0.100000
	pigment { color rgbt <1,0,0,0> }
	no_shadow
}
sphere {
	0, 1
	scale<0.080000,0.200000,0.300000>
	matrix <-0.321493, -0.178536, 0.929929,
		-0.462809, -0.827146, -0.318805,
		0.826105, -0.532873, 0.183294,
		28.919088, 34.409092, 33.135551>
	pigment { color rgbt <0,1,1,0> }
	no_shadow
}
cylinder {
	<28.072409, 34.083054, 33.274525>,  <28.340815, 34.782104, 33.007244>, 0.130000
	pigment { color rgbt <1,0,0,0> }
	no_shadow
}

// nucleotide -1

// particle -1
sphere {
	<28.072409, 34.083054, 33.274525> 0.250000
	pigment { color rgbt <1,0,0,0> }
	no_shadow
}
cylinder {
	<28.442635, 34.140556, 33.414616>,  <28.664770, 34.175056, 33.498672>, 0.100000
	pigment { color rgbt <1,0,0,0> }
	no_shadow
}
cylinder {
	<28.442635, 34.140556, 33.414616>,  <28.072409, 34.083054, 33.274525>, 0.100000
	pigment { color rgbt <1,0,0,0> }
	no_shadow
}

// particle -1
sphere {
	<28.442635, 34.140556, 33.414616> 0.100000
	pigment { color rgbt <1,0,0,0> }
	no_shadow
}
sphere {
	0, 1
	scale<0.080000,0.200000,0.300000>
	matrix <-0.330891, -0.142326, 0.932874,
		0.183954, -0.979325, -0.084164,
		0.925566, 0.143757, 0.350232,
		28.720304, 34.183685, 33.519684>
	pigment { color rgbt <0,1,1,0> }
	no_shadow
}
cylinder {
	<28.281950, 33.635147, 33.845215>,  <28.072409, 34.083054, 33.274525>, 0.130000
	pigment { color rgbt <1,0,0,0> }
	no_shadow
}

// nucleotide -1

// particle -1
sphere {
	<28.281950, 33.635147, 33.845215> 0.250000
	pigment { color rgbt <1,0,0,0> }
	no_shadow
}
cylinder {
	<28.475843, 33.982685, 33.885517>,  <28.592178, 34.191208, 33.909698>, 0.100000
	pigment { color rgbt <1,0,0,0> }
	no_shadow
}
cylinder {
	<28.475843, 33.982685, 33.885517>,  <28.281950, 33.635147, 33.845215>, 0.100000
	pigment { color rgbt <1,0,0,0> }
	no_shadow
}

// particle -1
sphere {
	<28.475843, 33.982685, 33.885517> 0.100000
	pigment { color rgbt <1,0,0,0> }
	no_shadow
}
sphere {
	0, 1
	scale<0.080000,0.200000,0.300000>
	matrix <-0.235725, 0.018835, 0.971637,
		0.842300, -0.494734, 0.213937,
		0.484731, 0.868840, 0.100756,
		28.621264, 34.243336, 33.915745>
	pigment { color rgbt <0,1,1,0> }
	no_shadow
}
cylinder {
	<28.283787, 33.455826, 34.668922>,  <28.281950, 33.635147, 33.845215>, 0.130000
	pigment { color rgbt <1,0,0,0> }
	no_shadow
}

// nucleotide -1

// particle -1
sphere {
	<28.283787, 33.455826, 34.668922> 0.250000
	pigment { color rgbt <1,0,0,0> }
	no_shadow
}
cylinder {
	<28.533091, 33.706745, 34.855701>,  <28.682673, 33.857296, 34.967770>, 0.100000
	pigment { color rgbt <1,0,0,0> }
	no_shadow
}
cylinder {
	<28.533091, 33.706745, 34.855701>,  <28.283787, 33.455826, 34.668922>, 0.100000
	pigment { color rgbt <1,0,0,0> }
	no_shadow
}

// particle -1
sphere {
	<28.533091, 33.706745, 34.855701> 0.100000
	pigment { color rgbt <1,0,0,0> }
	no_shadow
}
sphere {
	0, 1
	scale<0.080000,0.200000,0.300000>
	matrix <0.217738, 0.434294, -0.874059,
		-0.751090, 0.646439, 0.134091,
		0.623260, 0.627301, 0.466948,
		28.720068, 33.894936, 34.995785>
	pigment { color rgbt <0,1,1,0> }
	no_shadow
}
cylinder {
	<28.217628, 34.267193, 34.540997>,  <28.283787, 33.455826, 34.668922>, 0.130000
	pigment { color rgbt <1,0,0,0> }
	no_shadow
}

// nucleotide -1

// particle -1
sphere {
	<28.217628, 34.267193, 34.540997> 0.250000
	pigment { color rgbt <1,0,0,0> }
	no_shadow
}
cylinder {
	<28.591333, 34.171394, 34.646675>,  <28.815556, 34.113914, 34.710083>, 0.100000
	pigment { color rgbt <1,0,0,0> }
	no_shadow
}
cylinder {
	<28.591333, 34.171394, 34.646675>,  <28.217628, 34.267193, 34.540997>, 0.100000
	pigment { color rgbt <1,0,0,0> }
	no_shadow
}

// particle -1
sphere {
	<28.591333, 34.171394, 34.646675> 0.100000
	pigment { color rgbt <1,0,0,0> }
	no_shadow
}
sphere {
	0, 1
	scale<0.080000,0.200000,0.300000>
	matrix <0.329760, 0.298294, -0.895700,
		0.135708, 0.923939, 0.357660,
		0.934260, -0.239496, 0.264197,
		28.871611, 34.099545, 34.725933>
	pigment { color rgbt <0,1,1,0> }
	no_shadow
}
cylinder {
	<28.678438, 34.842644, 34.553574>,  <28.217628, 34.267193, 34.540997>, 0.130000
	pigment { color rgbt <1,0,0,0> }
	no_shadow
}

// nucleotide -1

// particle -1
sphere {
	<28.678438, 34.842644, 34.553574> 0.250000
	pigment { color rgbt <1,0,0,0> }
	no_shadow
}
cylinder {
	<28.835255, 34.482124, 34.479847>,  <28.929344, 34.265812, 34.435612>, 0.100000
	pigment { color rgbt <1,0,0,0> }
	no_shadow
}
cylinder {
	<28.835255, 34.482124, 34.479847>,  <28.678438, 34.842644, 34.553574>, 0.100000
	pigment { color rgbt <1,0,0,0> }
	no_shadow
}

// particle -1
sphere {
	<28.835255, 34.482124, 34.479847> 0.100000
	pigment { color rgbt <1,0,0,0> }
	no_shadow
}
sphere {
	0, 1
	scale<0.080000,0.200000,0.300000>
	matrix <0.387644, 0.343543, -0.855401,
		0.834287, 0.263906, 0.484065,
		0.392042, -0.901295, -0.184312,
		28.952868, 34.211735, 34.424553>
	pigment { color rgbt <0,1,1,0> }
	no_shadow
}
cylinder {
	<29.318451, 34.963367, 34.325260>,  <28.678438, 34.842644, 34.553574>, 0.130000
	pigment { color rgbt <1,0,0,0> }
	no_shadow
}

// nucleotide -1

// particle -1
sphere {
	<29.318451, 34.963367, 34.325260> 0.250000
	pigment { color rgbt <1,0,0,0> }
	no_shadow
}
cylinder {
	<29.200926, 34.607204, 34.186207>,  <29.130411, 34.393505, 34.102776>, 0.100000
	pigment { color rgbt <1,0,0,0> }
	no_shadow
}
cylinder {
	<29.200926, 34.607204, 34.186207>,  <29.318451, 34.963367, 34.325260>, 0.100000
	pigment { color rgbt <1,0,0,0> }
	no_shadow
}

// particle -1
sphere {
	<29.200926, 34.607204, 34.186207> 0.100000
	pigment { color rgbt <1,0,0,0> }
	no_shadow
}
sphere {
	0, 1
	scale<0.080000,0.200000,0.300000>
	matrix <0.414638, 0.208961, -0.885669,
