// switches for output
#declare DRAW_BASES = 1; // possible values are 0, 1; only relevant for DNA ribbons
#declare DRAW_BASES_TYPE = 3; // possible values are 1, 2, 3; only relevant for DNA ribbons
#declare DRAW_FOG = 0; // set to 1 to enable fog

#include "colors.inc"

#include "transforms.inc"
background { rgb <1, 1, 1>}

#default {
   normal{
       ripples 0.25
       frequency 0.20
       turbulence 0.2
       lambda 5
   }
	finish {
		phong 0.1
		phong_size 40.
	}
}

// original window dimensions: 1024x640


// camera settings

camera {
	sky <0, 0.179814, -0.983701>
	up <0, 0.179814, -0.983701>
	right 1.6 * <1, 0, 0>
	location <35, 94.9851, 44.8844>
	look_at <35, 29.7336, 32.9568>
	direction <0, -65.2515, -11.9276>
	angle 67.0682
}


# declare cpy_camera_pos = <35, 94.9851, 44.8844>;
# if (DRAW_FOG = 1)
fog {
	fog_type 2
	up vnormalize(cpy_camera_pos)
	color rgbt<1,1,1,0.3>
	distance 1e-5
	fog_alt 3e-3
	fog_offset 56
}
# end


// LIGHTS

# declare lum = 6;
global_settings {
	ambient_light rgb lum * <0.05, 0.05, 0.05>
	max_trace_level 15
}# declare cpy_direct_light_amount = 0.25;
light_source
{	1000 * <-1, -1.16352, -0.803886>,
	rgb lum * cpy_direct_light_amount
	parallel
}

light_source
{	1000 * <1, 1.16352, 0.803886>,
	rgb lum * cpy_direct_light_amount
	parallel
}

// strand 0

// nucleotide -1

// particle -1
sphere {
	<24.538548, 35.077629, 35.282070> 0.250000
	pigment { color rgbt <1,0,0,0> }
	no_shadow
}
cylinder {
	<24.402018, 34.971165, 34.921482>,  <24.320099, 34.907288, 34.705128>, 0.100000
	pigment { color rgbt <1,0,0,0> }
	no_shadow
}
cylinder {
	<24.402018, 34.971165, 34.921482>,  <24.538548, 35.077629, 35.282070>, 0.100000
	pigment { color rgbt <1,0,0,0> }
	no_shadow
}

// particle -1
sphere {
	<24.402018, 34.971165, 34.921482> 0.100000
	pigment { color rgbt <1,0,0,0> }
	no_shadow
}
sphere {
	0, 1
	scale<0.080000,0.200000,0.300000>
	matrix <0.900397, 0.182688, -0.394856,
		0.269784, -0.946458, 0.177295,
		-0.341325, -0.266162, -0.901474,
		24.299620, 34.891315, 34.651039>
	pigment { color rgbt <0,1,1,0> }
	no_shadow
}
cylinder {
	<25.015377, 34.573147, 34.976974>,  <24.538548, 35.077629, 35.282070>, 0.130000
	pigment { color rgbt <1,0,0,0> }
	no_shadow
}

// nucleotide -1

// particle -1
sphere {
	<25.015377, 34.573147, 34.976974> 0.250000
	pigment { color rgbt <1,0,0,0> }
	no_shadow
}
cylinder {
	<24.810650, 34.762196, 34.690010>,  <24.687813, 34.875626, 34.517834>, 0.100000
	pigment { color rgbt <1,0,0,0> }
	no_shadow
}
cylinder {
	<24.810650, 34.762196, 34.690010>,  <25.015377, 34.573147, 34.976974>, 0.100000
	pigment { color rgbt <1,0,0,0> }
	no_shadow
}

// particle -1
sphere {
	<24.810650, 34.762196, 34.690010> 0.100000
	pigment { color rgbt <1,0,0,0> }
	no_shadow
}
sphere {
	0, 1
	scale<0.080000,0.200000,0.300000>
	matrix <0.839496, 0.452494, -0.300825,
		0.182447, -0.756229, -0.628356,
		-0.511820, 0.472618, -0.717407,
		24.657104, 34.903980, 34.474789>
	pigment { color rgbt <0,1,1,0> }
	no_shadow
}
cylinder {
	<25.440826, 34.605835, 34.302475>,  <25.015377, 34.573147, 34.976974>, 0.130000
	pigment { color rgbt <1,0,0,0> }
	no_shadow
}

// nucleotide -1

// particle -1
sphere {
	<25.440826, 34.605835, 34.302475> 0.250000
	pigment { color rgbt <1,0,0,0> }
	no_shadow
}
cylinder {
	<25.205669, 34.917263, 34.214653>,  <25.064575, 35.104122, 34.161961>, 0.100000
	pigment { color rgbt <1,0,0,0> }
	no_shadow
}
cylinder {
	<25.205669, 34.917263, 34.214653>,  <25.440826, 34.605835, 34.302475>, 0.100000
	pigment { color rgbt <1,0,0,0> }
	no_shadow
}

// particle -1
sphere {
	<25.205669, 34.917263, 34.214653> 0.100000
	pigment { color rgbt <1,0,0,0> }
	no_shadow
}
sphere {
	0, 1
	scale<0.080000,0.200000,0.300000>
	matrix <0.728209, 0.391170, -0.562759,
		-0.352266, -0.490724, -0.796931,
		-0.587894, 0.778574, -0.219554,
		25.029301, 35.150837, 34.148788>
	pigment { color rgbt <0,1,1,0> }
	no_shadow
}
cylinder {
	<25.366327, 34.827782, 33.613346>,  <25.440826, 34.605835, 34.302475>, 0.130000
	pigment { color rgbt <1,0,0,0> }
	no_shadow
}

// nucleotide -1

// particle -1
sphere {
	<25.366327, 34.827782, 33.613346> 0.250000
	pigment { color rgbt <1,0,0,0> }
	no_shadow
}
cylinder {
	<25.344757, 35.146996, 33.853424>,  <25.331814, 35.338524, 33.997471>, 0.100000
	pigment { color rgbt <1,0,0,0> }
	no_shadow
}
cylinder {
	<25.344757, 35.146996, 33.853424>,  <25.366327, 34.827782, 33.613346>, 0.100000
	pigment { color rgbt <1,0,0,0> }
	no_shadow
}

// particle -1
sphere {
	<25.344757, 35.146996, 33.853424> 0.100000
	pigment { color rgbt <1,0,0,0> }
	no_shadow
}
sphere {
	0, 1
	scale<0.080000,0.200000,0.300000>
	matrix <0.973712, 0.175242, -0.145517,
		-0.221307, 0.576573, -0.786503,
		-0.053927, 0.798031, 0.600198,
		25.328579, 35.386406, 34.033485>
	pigment { color rgbt <0,1,1,0> }
	no_shadow
}
cylinder {
	<25.551386, 35.483841, 33.311390>,  <25.366327, 34.827782, 33.613346>, 0.130000
	pigment { color rgbt <1,0,0,0> }
	no_shadow
}

// nucleotide -1

// particle -1
sphere {
	<25.551386, 35.483841, 33.311390> 0.250000
	pigment { color rgbt <1,0,0,0> }
	no_shadow
}
cylinder {
	<25.625990, 35.580997, 33.692173>,  <25.670753, 35.639294, 33.920643>, 0.100000
	pigment { color rgbt <1,0,0,0> }
	no_shadow
}
cylinder {
	<25.625990, 35.580997, 33.692173>,  <25.551386, 35.483841, 33.311390>, 0.100000
	pigment { color rgbt <1,0,0,0> }
	no_shadow
}

// particle -1
sphere {
	<25.625990, 35.580997, 33.692173> 0.100000
	pigment { color rgbt <1,0,0,0> }
	no_shadow
}
sphere {
	0, 1
	scale<0.080000,0.200000,0.300000>
	matrix <0.976850, 0.057484, -0.206057,
		-0.104772, 0.968348, -0.226551,
		0.186512, 0.242896, 0.951953,
		25.681944, 35.653866, 33.977760>
	pigment { color rgbt <0,1,1,0> }
	no_shadow
}
cylinder {
	<25.871983, 36.125843, 33.421700>,  <25.551386, 35.483841, 33.311390>, 0.130000
	pigment { color rgbt <1,0,0,0> }
	no_shadow
}

// nucleotide -1

// particle -1
sphere {
	<25.871983, 36.125843, 33.421700> 0.250000
	pigment { color rgbt <1,0,0,0> }
	no_shadow
}
cylinder {
	<25.981237, 35.862106, 33.701889>,  <26.046791, 35.703865, 33.870003>, 0.100000
	pigment { color rgbt <1,0,0,0> }
	no_shadow
}
cylinder {
	<25.981237, 35.862106, 33.701889>,  <25.871983, 36.125843, 33.421700>, 0.100000
	pigment { color rgbt <1,0,0,0> }
	no_shadow
}

// particle -1
sphere {
	<25.981237, 35.862106, 33.701889> 0.100000
	pigment { color rgbt <1,0,0,0> }
	no_shadow
}
sphere {
	0, 1
	scale<0.080000,0.200000,0.300000>
	matrix <0.927313, -0.013240, -0.374053,
		0.255902, 0.751729, 0.607797,
		0.273139, -0.659339, 0.700476,
		26.063179, 35.664303, 33.912033>
	pigment { color rgbt <0,1,1,0> }
	no_shadow
}
cylinder {
	<26.496952, 36.354042, 33.866081>,  <25.871983, 36.125843, 33.421700>, 0.130000
	pigment { color rgbt <1,0,0,0> }
	no_shadow
}

// nucleotide -1

// particle -1
sphere {
	<26.496952, 36.354042, 33.866081> 0.250000
	pigment { color rgbt <1,0,0,0> }
	no_shadow
}
cylinder {
	<26.466619, 35.956318, 33.836147>,  <26.448420, 35.717682, 33.818188>, 0.100000
	pigment { color rgbt <1,0,0,0> }
	no_shadow
}
cylinder {
	<26.466619, 35.956318, 33.836147>,  <26.496952, 36.354042, 33.866081>, 0.100000
	pigment { color rgbt <1,0,0,0> }
	no_shadow
}

// particle -1
sphere {
	<26.466619, 35.956318, 33.836147> 0.100000
	pigment { color rgbt <1,0,0,0> }
	no_shadow
}
sphere {
	0, 1
	scale<0.080000,0.200000,0.300000>
	matrix <0.989756, -0.065956, -0.126621,
		0.120965, -0.083666, 0.989125,
		-0.075832, -0.994309, -0.074830,
		26.443871, 35.658024, 33.813698>
	pigment { color rgbt <0,1,1,0> }
	no_shadow
}
cylinder {
	<27.041925, 36.038025, 34.339790>,  <26.496952, 36.354042, 33.866081>, 0.130000
	pigment { color rgbt <1,0,0,0> }
	no_shadow
}

// nucleotide -1

// particle -1
sphere {
	<27.041925, 36.038025, 34.339790> 0.250000
	pigment { color rgbt <1,0,0,0> }
	no_shadow
}
cylinder {
	<26.950346, 35.761803, 34.065357>,  <26.895399, 35.596069, 33.900696>, 0.100000
	pigment { color rgbt <1,0,0,0> }
	no_shadow
}
cylinder {
	<26.950346, 35.761803, 34.065357>,  <27.041925, 36.038025, 34.339790>, 0.100000
	pigment { color rgbt <1,0,0,0> }
	no_shadow
}

// particle -1
sphere {
	<26.950346, 35.761803, 34.065357> 0.100000
	pigment { color rgbt <1,0,0,0> }
	no_shadow
}
sphere {
	0, 1
	scale<0.080000,0.200000,0.300000>
	matrix <0.961130, -0.272087, -0.046871,
		-0.154308, -0.670149, 0.726009,
		-0.228948, -0.690556, -0.686086,
		26.881662, 35.554634, 33.859531>
	pigment { color rgbt <0,1,1,0> }
	no_shadow
}
cylinder {
	<27.110760, 35.406040, 34.524967>,  <27.041925, 36.038025, 34.339790>, 0.130000
	pigment { color rgbt <1,0,0,0> }
	no_shadow
}

// nucleotide -1

// particle -1
sphere {
	<27.110760, 35.406040, 34.524967> 0.250000
	pigment { color rgbt <1,0,0,0> }
	no_shadow
}
cylinder {
	<27.160179, 35.377178, 34.129082>,  <27.189831, 35.359859, 33.891552>, 0.100000
	pigment { color rgbt <1,0,0,0> }
	no_shadow
}
cylinder {
	<27.160179, 35.377178, 34.129082>,  <27.110760, 35.406040, 34.524967>, 0.100000
	pigment { color rgbt <1,0,0,0> }
	no_shadow
}

// particle -1
sphere {
	<27.160179, 35.377178, 34.129082> 0.100000
	pigment { color rgbt <1,0,0,0> }
	no_shadow
}
sphere {
	0, 1
	scale<0.080000,0.200000,0.300000>
	matrix <0.926478, -0.348901, 0.141091,
		-0.355492, -0.934378, 0.023744,
		0.123548, -0.072155, -0.989712,
		27.197243, 35.355534, 33.832169>
	pigment { color rgbt <0,1,1,0> }
	no_shadow
}
cylinder {
	<27.456217, 34.837746, 34.387177>,  <27.110760, 35.406040, 34.524967>, 0.130000
	pigment { color rgbt <1,0,0,0> }
	no_shadow
}

// nucleotide -1

// particle -1
sphere {
	<27.456217, 34.837746, 34.387177> 0.250000
	pigment { color rgbt <1,0,0,0> }
	no_shadow
}
cylinder {
	<27.529102, 35.050571, 34.056431>,  <27.572834, 35.178268, 33.857983>, 0.100000
	pigment { color rgbt <1,0,0,0> }
	no_shadow
}
cylinder {
	<27.529102, 35.050571, 34.056431>,  <27.456217, 34.837746, 34.387177>, 0.100000
	pigment { color rgbt <1,0,0,0> }
	no_shadow
}

// particle -1
sphere {
	<27.529102, 35.050571, 34.056431> 0.100000
	pigment { color rgbt <1,0,0,0> }
	no_shadow
}
sphere {
	0, 1
	scale<0.080000,0.200000,0.300000>
	matrix <0.961826, -0.271077, 0.037526,
		-0.204177, -0.802137, -0.561148,
		0.182216, 0.532065, -0.826864,
		27.583767, 35.210190, 33.808372>
	pigment { color rgbt <0,1,1,0> }
	no_shadow
}
cylinder {
	<27.838871, 34.392063, 33.998135>,  <27.456217, 34.837746, 34.387177>, 0.130000
	pigment { color rgbt <1,0,0,0> }
	no_shadow
}

// nucleotide -1

// particle -1
sphere {
	<27.838871, 34.392063, 33.998135> 0.250000
	pigment { color rgbt <1,0,0,0> }
	no_shadow
}
cylinder {
	<27.909077, 34.763485, 33.867306>,  <27.951200, 34.986340, 33.788811>, 0.100000
	pigment { color rgbt <1,0,0,0> }
	no_shadow
}
cylinder {
	<27.909077, 34.763485, 33.867306>,  <27.838871, 34.392063, 33.998135>, 0.100000
	pigment { color rgbt <1,0,0,0> }
	no_shadow
}

// particle -1
sphere {
	<27.909077, 34.763485, 33.867306> 0.100000
	pigment { color rgbt <1,0,0,0> }
	no_shadow
}
sphere {
	0, 1
	scale<0.080000,0.200000,0.300000>
	matrix <0.949491, -0.247443, -0.192973,
		-0.260117, -0.276678, -0.925088,
		0.175515, 0.928559, -0.327067,
		27.961731, 35.042053, 33.769184>
	pigment { color rgbt <0,1,1,0> }
	no_shadow
}
cylinder {
	<28.399897, 34.323017, 33.607491>,  <27.838871, 34.392063, 33.998135>, 0.130000
	pigment { color rgbt <1,0,0,0> }
	no_shadow
}

// nucleotide -1

// particle -1
sphere {
	<28.399897, 34.323017, 33.607491> 0.250000
	pigment { color rgbt <1,0,0,0> }
	no_shadow
}
cylinder {
	<28.389771, 34.716221, 33.680210>,  <28.383696, 34.952145, 33.723843>, 0.100000
	pigment { color rgbt <1,0,0,0> }
	no_shadow
}
cylinder {
	<28.389771, 34.716221, 33.680210>,  <28.399897, 34.323017, 33.607491>, 0.100000
	pigment { color rgbt <1,0,0,0> }
	no_shadow
}

// particle -1
sphere {
	<28.389771, 34.716221, 33.680210> 0.100000
	pigment { color rgbt <1,0,0,0> }
	no_shadow
}
sphere {
	0, 1
	scale<0.080000,0.200000,0.300000>
	matrix <0.993737, 0.044544, -0.102482,
		-0.108839, 0.178063, -0.977981,
		-0.025315, 0.983010, 0.181796,
		28.382175, 35.011124, 33.734749>
	pigment { color rgbt <0,1,1,0> }
	no_shadow
}
cylinder {
	<29.045614, 34.766987, 33.684612>,  <28.399897, 34.323017, 33.607491>, 0.130000
	pigment { color rgbt <1,0,0,0> }
	no_shadow
}

// nucleotide -1

// particle -1
sphere {
	<29.045614, 34.766987, 33.684612> 0.250000
	pigment { color rgbt <1,0,0,0> }
	no_shadow
}
cylinder {
	<29.022638, 35.058552, 33.411736>,  <29.008852, 35.233490, 33.248009>, 0.100000
	pigment { color rgbt <1,0,0,0> }
	no_shadow
}
cylinder {
	<29.022638, 35.058552, 33.411736>,  <29.045614, 34.766987, 33.684612>, 0.100000
	pigment { color rgbt <1,0,0,0> }
	no_shadow
}

// particle -1
sphere {
	<29.022638, 35.058552, 33.411736> 0.100000
	pigment { color rgbt <1,0,0,0> }
	no_shadow
}
sphere {
	0, 1
	scale<0.080000,0.200000,0.300000>
	matrix <-0.933703, 0.202669, 0.295169,
		0.353412, 0.653917, 0.668949,
		-0.057441, 0.728915, -0.682190,
		29.005405, 35.277225, 33.207077>
	pigment { color rgbt <0,1,1,0> }
	no_shadow
}
cylinder {
	<28.804884, 35.437561, 33.978237>,  <29.045614, 34.766987, 33.684612>, 0.130000
	pigment { color rgbt <1,0,0,0> }
	no_shadow
}

// nucleotide -1

// particle -1
sphere {
	<28.804884, 35.437561, 33.978237> 0.250000
	pigment { color rgbt <1,0,0,0> }
	no_shadow
}
cylinder {
	<28.715038, 35.457096, 33.588947>,  <28.661131, 35.468815, 33.355373>, 0.100000
	pigment { color rgbt <1,0,0,0> }
	no_shadow
}
cylinder {
	<28.715038, 35.457096, 33.588947>,  <28.804884, 35.437561, 33.978237>, 0.100000
	pigment { color rgbt <1,0,0,0> }
	no_shadow
}

// particle -1
sphere {
	<28.715038, 35.457096, 33.588947> 0.100000
	pigment { color rgbt <1,0,0,0> }
	no_shadow
}
sphere {
	0, 1
	scale<0.080000,0.200000,0.300000>
	matrix <-0.943048, 0.240599, 0.229722,
		0.245375, 0.969395, -0.007990,
		-0.224614, 0.048833, -0.973224,
		28.647654, 35.471745, 33.296982>
	pigment { color rgbt <0,1,1,0> }
	no_shadow
}
cylinder {
	<28.617588, 36.176022, 33.739021>,  <28.804884, 35.437561, 33.978237>, 0.130000
	pigment { color rgbt <1,0,0,0> }
	no_shadow
}

// nucleotide -1

// particle -1
sphere {
	<28.617588, 36.176022, 33.739021> 0.250000
	pigment { color rgbt <1,0,0,0> }
	no_shadow
}
cylinder {
	<28.492167, 35.824318, 33.595581>,  <28.416914, 35.613297, 33.509518>, 0.100000
	pigment { color rgbt <1,0,0,0> }
	no_shadow
}
cylinder {
	<28.492167, 35.824318, 33.595581>,  <28.617588, 36.176022, 33.739021>, 0.100000
	pigment { color rgbt <1,0,0,0> }
	no_shadow
}

// particle -1
sphere {
	<28.492167, 35.824318, 33.595581> 0.100000
	pigment { color rgbt <1,0,0,0> }
	no_shadow
}
sphere {
	0, 1
	scale<0.080000,0.200000,0.300000>
	matrix <-0.945933, 0.256197, 0.198932,
		-0.083041, 0.401583, -0.912050,
		-0.313552, -0.879258, -0.358596,
		28.398102, 35.560539, 33.488003>
	pigment { color rgbt <0,1,1,0> }
	no_shadow
}
cylinder {
	<28.073687, 36.208672, 33.197708>,  <28.617588, 36.176022, 33.739021>, 0.130000
	pigment { color rgbt <1,0,0,0> }
	no_shadow
}

// nucleotide -1

// particle -1
sphere {
	<28.073687, 36.208672, 33.197708> 0.250000
	pigment { color rgbt <1,0,0,0> }
	no_shadow
}
cylinder {
	<28.045298, 35.862167, 33.395519>,  <28.028265, 35.654266, 33.514206>, 0.100000
	pigment { color rgbt <1,0,0,0> }
	no_shadow
}
cylinder {
	<28.045298, 35.862167, 33.395519>,  <28.073687, 36.208672, 33.197708>, 0.100000
	pigment { color rgbt <1,0,0,0> }
	no_shadow
}

// particle -1
sphere {
	<28.045298, 35.862167, 33.395519> 0.100000
	pigment { color rgbt <1,0,0,0> }
	no_shadow
}
sphere {
	0, 1
	scale<0.080000,0.200000,0.300000>
	matrix <-0.993472, 0.105776, 0.042709,
		-0.089306, -0.488265, -0.868114,
		-0.070973, -0.866261, 0.494524,
		28.024006, 35.602287, 33.543877>
	pigment { color rgbt <0,1,1,0> }
	no_shadow
}
cylinder {
	<27.810780, 35.728382, 32.678497>,  <28.073687, 36.208672, 33.197708>, 0.130000
	pigment { color rgbt <1,0,0,0> }
	no_shadow
}

// nucleotide -1

// particle -1
sphere {
	<27.810780, 35.728382, 32.678497> 0.250000
	pigment { color rgbt <1,0,0,0> }
	no_shadow
}
cylinder {
	<27.724611, 35.560719, 33.031292>,  <27.672911, 35.460121, 33.242970>, 0.100000
	pigment { color rgbt <1,0,0,0> }
	no_shadow
}
cylinder {
	<27.724611, 35.560719, 33.031292>,  <27.810780, 35.728382, 32.678497>, 0.100000
	pigment { color rgbt <1,0,0,0> }
	no_shadow
}

// particle -1
sphere {
	<27.724611, 35.560719, 33.031292> 0.100000
	pigment { color rgbt <1,0,0,0> }
	no_shadow
}
sphere {
	0, 1
	scale<0.080000,0.200000,0.300000>
	matrix <-0.976499, 0.098526, -0.191682,
		-0.006554, -0.902553, -0.430529,
		-0.215421, -0.419155, 0.881988,
		27.659985, 35.434971, 33.295887>
	pigment { color rgbt <0,1,1,0> }
	no_shadow
}
cylinder {
	<27.237749, 35.235569, 32.540337>,  <27.810780, 35.728382, 32.678497>, 0.130000
	pigment { color rgbt <1,0,0,0> }
	no_shadow
}

// nucleotide -1

// particle -1
sphere {
	<27.237749, 35.235569, 32.540337> 0.250000
	pigment { color rgbt <1,0,0,0> }
	no_shadow
}
cylinder {
	<27.236359, 35.301464, 32.934868>,  <27.235523, 35.341000, 33.171589>, 0.100000
	pigment { color rgbt <1,0,0,0> }
	no_shadow
}
cylinder {
	<27.236359, 35.301464, 32.934868>,  <27.237749, 35.235569, 32.540337>, 0.100000
	pigment { color rgbt <1,0,0,0> }
	no_shadow
}

// particle -1
sphere {
	<27.236359, 35.301464, 32.934868> 0.100000
	pigment { color rgbt <1,0,0,0> }
	no_shadow
}
sphere {
	0, 1
	scale<0.080000,0.200000,0.300000>
	matrix <-0.999089, 0.041375, -0.010433,
		-0.042528, -0.985469, 0.164445,
		-0.003478, 0.164739, 0.986331,
		27.235315, 35.350887, 33.230766>
	pigment { color rgbt <0,1,1,0> }
	no_shadow
}
cylinder {
	<26.615396, 34.946568, 32.806526>,  <27.237749, 35.235569, 32.540337>, 0.130000
	pigment { color rgbt <1,0,0,0> }
	no_shadow
}

// nucleotide -1

// particle -1
sphere {
	<26.615396, 34.946568, 32.806526> 0.250000
	pigment { color rgbt <1,0,0,0> }
	no_shadow
}
cylinder {
	<26.734671, 35.238995, 33.052006>,  <26.806234, 35.414452, 33.199295>, 0.100000
	pigment { color rgbt <1,0,0,0> }
	no_shadow
}
cylinder {
	<26.734671, 35.238995, 33.052006>,  <26.615396, 34.946568, 32.806526>, 0.100000
	pigment { color rgbt <1,0,0,0> }
	no_shadow
}

// particle -1
sphere {
	<26.734671, 35.238995, 33.052006> 0.100000
	pigment { color rgbt <1,0,0,0> }
	no_shadow
}
sphere {
	0, 1
	scale<0.080000,0.200000,0.300000>
	matrix <-0.932840, 0.359417, 0.025095,
		-0.202229, -0.579969, 0.789139,
		0.298184, 0.731065, 0.613702,
		26.824125, 35.458313, 33.236115>
	pigment { color rgbt <0,1,1,0> }
	no_shadow
}
cylinder {
	<26.308022, 35.578468, 32.986053>,  <26.615396, 34.946568, 32.806526>, 0.130000
	pigment { color rgbt <1,0,0,0> }
	no_shadow
}

// nucleotide -1

// particle -1
sphere {
	<26.308022, 35.578468, 32.986053> 0.250000
	pigment { color rgbt <1,0,0,0> }
	no_shadow
}
cylinder {
	<26.493086, 35.931717, 33.017128>,  <26.604124, 36.143665, 33.035774>, 0.100000
	pigment { color rgbt <1,0,0,0> }
	no_shadow
}
cylinder {
	<26.493086, 35.931717, 33.017128>,  <26.308022, 35.578468, 32.986053>, 0.100000
	pigment { color rgbt <1,0,0,0> }
	no_shadow
}

// particle -1
sphere {
	<26.493086, 35.931717, 33.017128> 0.100000
	pigment { color rgbt <1,0,0,0> }
	no_shadow
}
sphere {
	0, 1
	scale<0.080000,0.200000,0.300000>
	matrix <0.673256, -0.292994, -0.678882,
		-0.576775, 0.366398, -0.730126,
		0.462663, 0.883124, 0.077688,
		26.631886, 36.196655, 33.040436>
	pigment { color rgbt <0,1,1,0> }
	no_shadow
}
cylinder {
	<26.384148, 35.994335, 32.456478>,  <26.308022, 35.578468, 32.986053>, 0.130000
	pigment { color rgbt <1,0,0,0> }
	no_shadow
}

// nucleotide -1

// particle -1
sphere {
	<26.384148, 35.994335, 32.456478> 0.250000
	pigment { color rgbt <1,0,0,0> }
	no_shadow
}
cylinder {
	<26.715620, 36.025452, 32.678196>,  <26.914503, 36.044121, 32.811226>, 0.100000
	pigment { color rgbt <1,0,0,0> }
	no_shadow
}
cylinder {
	<26.715620, 36.025452, 32.678196>,  <26.384148, 35.994335, 32.456478>, 0.100000
	pigment { color rgbt <1,0,0,0> }
	no_shadow
}

// particle -1
sphere {
	<26.715620, 36.025452, 32.678196> 0.100000
	pigment { color rgbt <1,0,0,0> }
	no_shadow
}
sphere {
	0, 1
	scale<0.080000,0.200000,0.300000>
	matrix <0.485050, -0.593988, -0.641798,
		0.279315, 0.800704, -0.529959,
		0.828679, 0.077793, 0.554291,
		26.964224, 36.048790, 32.844482>
	pigment { color rgbt <0,1,1,0> }
	no_shadow
}
cylinder {
	<26.124048, 36.675686, 32.685551>,  <26.384148, 35.994335, 32.456478>, 0.130000
	pigment { color rgbt <1,0,0,0> }
	no_shadow
}

// nucleotide -1

// particle -1
sphere {
	<26.124048, 36.675686, 32.685551> 0.250000
	pigment { color rgbt <1,0,0,0> }
	no_shadow
}
cylinder {
	<26.472502, 36.864479, 32.739738>,  <26.681574, 36.977757, 32.772251>, 0.100000
	pigment { color rgbt <1,0,0,0> }
	no_shadow
}
cylinder {
	<26.472502, 36.864479, 32.739738>,  <26.124048, 36.675686, 32.685551>, 0.100000
	pigment { color rgbt <1,0,0,0> }
	no_shadow
}

// particle -1
sphere {
	<26.472502, 36.864479, 32.739738> 0.100000
	pigment { color rgbt <1,0,0,0> }
	no_shadow
}
sphere {
	0, 1
	scale<0.080000,0.200000,0.300000>
	matrix <0.489486, -0.812726, -0.316039,
		-0.039064, 0.341625, -0.939024,
		0.871136, 0.471985, 0.135473,
		26.733843, 37.006073, 32.780380>
	pigment { color rgbt <0,1,1,0> }
	no_shadow
}
cylinder {
	<26.559118, 36.671326, 32.072178>,  <26.124048, 36.675686, 32.685551>, 0.130000
	pigment { color rgbt <1,0,0,0> }
	no_shadow
}

// nucleotide -1

// particle -1
sphere {
	<26.559118, 36.671326, 32.072178> 0.250000
	pigment { color rgbt <1,0,0,0> }
	no_shadow
}
cylinder {
	<26.776018, 36.693165, 32.407555>,  <26.906158, 36.706268, 32.608780>, 0.100000
	pigment { color rgbt <1,0,0,0> }
	no_shadow
}
cylinder {
	<26.776018, 36.693165, 32.407555>,  <26.559118, 36.671326, 32.072178>, 0.100000
	pigment { color rgbt <1,0,0,0> }
	no_shadow
}

// particle -1
sphere {
	<26.776018, 36.693165, 32.407555> 0.100000
	pigment { color rgbt <1,0,0,0> }
	no_shadow
}
sphere {
	0, 1
	scale<0.080000,0.200000,0.300000>
	matrix <0.673395, -0.625032, -0.394808,
		0.502499, 0.778687, -0.375687,
		0.542248, 0.054595, 0.838443,
		26.938692, 36.709545, 32.659088>
	pigment { color rgbt <0,1,1,0> }
	no_shadow
}
cylinder {
	<27.319170, 36.765617, 32.056122>,  <26.559118, 36.671326, 32.072178>, 0.130000
	pigment { color rgbt <1,0,0,0> }
	no_shadow
}

// nucleotide -1

// particle -1
sphere {
	<27.319170, 36.765617, 32.056122> 0.250000
	pigment { color rgbt <1,0,0,0> }
	no_shadow
}
cylinder {
	<27.448301, 36.633503, 31.701340>,  <27.525780, 36.554234, 31.488470>, 0.100000
	pigment { color rgbt <1,0,0,0> }
	no_shadow
}
cylinder {
	<27.448301, 36.633503, 31.701340>,  <27.319170, 36.765617, 32.056122>, 0.100000
	pigment { color rgbt <1,0,0,0> }
	no_shadow
}

// particle -1
sphere {
	<27.448301, 36.633503, 31.701340> 0.100000
	pigment { color rgbt <1,0,0,0> }
	no_shadow
}
sphere {
	0, 1
	scale<0.080000,0.200000,0.300000>
	matrix <0.791795, 0.607641, 0.061921,
		0.518500, -0.722278, 0.457682,
		0.322830, -0.330284, -0.886957,
		27.545151, 36.534416, 31.435253>
	pigment { color rgbt <0,1,1,0> }
	no_shadow
}
cylinder {
	<28.031633, 36.589886, 32.052212>,  <27.319170, 36.765617, 32.056122>, 0.130000
	pigment { color rgbt <1,0,0,0> }
	no_shadow
}

// nucleotide -1

// particle -1
sphere {
	<28.031633, 36.589886, 32.052212> 0.250000
	pigment { color rgbt <1,0,0,0> }
	no_shadow
}
cylinder {
	<27.930645, 36.679043, 31.675579>,  <27.870052, 36.732536, 31.449598>, 0.100000
	pigment { color rgbt <1,0,0,0> }
	no_shadow
}
cylinder {
	<27.930645, 36.679043, 31.675579>,  <28.031633, 36.589886, 32.052212>, 0.100000
	pigment { color rgbt <1,0,0,0> }
	no_shadow
}

// particle -1
sphere {
	<27.930645, 36.679043, 31.675579> 0.100000
	pigment { color rgbt <1,0,0,0> }
	no_shadow
}
sphere {
	0, 1
	scale<0.080000,0.200000,0.300000>
	matrix <0.691666, 0.722071, -0.014530,
		0.676651, -0.654929, -0.336468,
		-0.252470, 0.222892, -0.941583,
		27.854904, 36.745911, 31.393105>
	pigment { color rgbt <0,1,1,0> }
	no_shadow
}
cylinder {
	<28.671906, 36.560318, 31.544657>,  <28.031633, 36.589886, 32.052212>, 0.130000
	pigment { color rgbt <1,0,0,0> }
	no_shadow
}

// nucleotide -1

// particle -1
sphere {
	<28.671906, 36.560318, 31.544657> 0.250000
	pigment { color rgbt <1,0,0,0> }
	no_shadow
}
cylinder {
	<28.400682, 36.806725, 31.384274>,  <28.237949, 36.954567, 31.288044>, 0.100000
	pigment { color rgbt <1,0,0,0> }
	no_shadow
}
cylinder {
	<28.400682, 36.806725, 31.384274>,  <28.671906, 36.560318, 31.544657>, 0.100000
	pigment { color rgbt <1,0,0,0> }
	no_shadow
}

// particle -1
sphere {
	<28.400682, 36.806725, 31.384274> 0.100000
	pigment { color rgbt <1,0,0,0> }
	no_shadow
}
sphere {
	0, 1
	scale<0.080000,0.200000,0.300000>
	matrix <0.715230, 0.678687, -0.166820,
		0.169361, -0.399890, -0.900780,
		-0.678058, 0.616013, -0.400957,
		28.197266, 36.991528, 31.263987>
	pigment { color rgbt <0,1,1,0> }
	no_shadow
}
cylinder {
	<28.958675, 36.813332, 30.930813>,  <28.671906, 36.560318, 31.544657>, 0.130000
	pigment { color rgbt <1,0,0,0> }
	no_shadow
}

// nucleotide -1

// particle -1
sphere {
	<28.958675, 36.813332, 30.930813> 0.250000
	pigment { color rgbt <1,0,0,0> }
	no_shadow
}
cylinder {
	<28.680969, 37.060745, 31.078007>,  <28.514345, 37.209194, 31.166323>, 0.100000
	pigment { color rgbt <1,0,0,0> }
	no_shadow
}
cylinder {
	<28.680969, 37.060745, 31.078007>,  <28.958675, 36.813332, 30.930813>, 0.100000
	pigment { color rgbt <1,0,0,0> }
	no_shadow
}

// particle -1
sphere {
	<28.680969, 37.060745, 31.078007> 0.100000
	pigment { color rgbt <1,0,0,0> }
	no_shadow
}
sphere {
	0, 1
	scale<0.080000,0.200000,0.300000>
	matrix <0.628724, 0.770067, -0.108183,
		-0.350287, 0.156252, -0.923517,
		-0.694266, 0.618532, 0.367984,
		28.472689, 37.246304, 31.188402>
	pigment { color rgbt <0,1,1,0> }
	no_shadow
}
cylinder {
	<28.709349, 37.426975, 30.454222>,  <28.958675, 36.813332, 30.930813>, 0.130000
	pigment { color rgbt <1,0,0,0> }
	no_shadow
}

// nucleotide -1

// particle -1
sphere {
	<28.709349, 37.426975, 30.454222> 0.250000
	pigment { color rgbt <1,0,0,0> }
	no_shadow
}
cylinder {
	<28.709682, 37.501713, 30.847178>,  <28.709883, 37.546555, 31.082951>, 0.100000
	pigment { color rgbt <1,0,0,0> }
	no_shadow
}
cylinder {
	<28.709682, 37.501713, 30.847178>,  <28.709349, 37.426975, 30.454222>, 0.100000
	pigment { color rgbt <1,0,0,0> }
	no_shadow
}

// particle -1
sphere {
	<28.709682, 37.501713, 30.847178> 0.100000
	pigment { color rgbt <1,0,0,0> }
	no_shadow
}
sphere {
	0, 1
	scale<0.080000,0.200000,0.300000>
	matrix <0.591508, 0.792008, -0.151134,
		-0.806299, 0.581218, -0.109855,
		0.000836, 0.186839, 0.982390,
		28.709932, 37.557766, 31.141895>
	pigment { color rgbt <0,1,1,0> }
	no_shadow
}
cylinder {
	<28.610722, 38.140491, 30.730251>,  <28.709349, 37.426975, 30.454222>, 0.130000
	pigment { color rgbt <1,0,0,0> }
	no_shadow
}

// nucleotide -1

// particle -1
sphere {
	<28.610722, 38.140491, 30.730251> 0.250000
	pigment { color rgbt <1,0,0,0> }
	no_shadow
}
cylinder {
	<28.825878, 37.971390, 31.021992>,  <28.954971, 37.869930, 31.197037>, 0.100000
	pigment { color rgbt <1,0,0,0> }
	no_shadow
}
cylinder {
	<28.825878, 37.971390, 31.021992>,  <28.610722, 38.140491, 30.730251>, 0.100000
	pigment { color rgbt <1,0,0,0> }
	no_shadow
}

// particle -1
sphere {
	<28.825878, 37.971390, 31.021992> 0.100000
	pigment { color rgbt <1,0,0,0> }
	no_shadow
}
sphere {
	0, 1
	scale<0.080000,0.200000,0.300000>
	matrix <0.628669, 0.777565, -0.012943,
		-0.561648, 0.465483, 0.684015,
		0.537891, -0.422750, 0.729353,
		28.987246, 37.844566, 31.240797>
	pigment { color rgbt <0,1,1,0> }
	no_shadow
}
cylinder {
	<28.697763, 38.580204, 31.394817>,  <28.610722, 38.140491, 30.730251>, 0.130000
	pigment { color rgbt <1,0,0,0> }
	no_shadow
}

// nucleotide -1

// particle -1
sphere {
	<28.697763, 38.580204, 31.394817> 0.250000
	pigment { color rgbt <1,0,0,0> }
	no_shadow
}
cylinder {
	<29.007143, 38.336548, 31.324701>,  <29.192770, 38.190353, 31.282631>, 0.100000
	pigment { color rgbt <1,0,0,0> }
	no_shadow
}
cylinder {
	<29.007143, 38.336548, 31.324701>,  <28.697763, 38.580204, 31.394817>, 0.100000
	pigment { color rgbt <1,0,0,0> }
	no_shadow
}

// particle -1
sphere {
	<29.007143, 38.336548, 31.324701> 0.100000
	pigment { color rgbt <1,0,0,0> }
	no_shadow
}
sphere {
	0, 1
	scale<0.080000,0.200000,0.300000>
	matrix <0.609974, 0.790476, -0.055489,
		0.172363, -0.064004, 0.982952,
		0.773449, -0.609139, -0.175290,
		29.239178, 38.153805, 31.272114>
	pigment { color rgbt <0,1,1,0> }
	no_shadow
}
cylinder {
	<29.311890, 38.746262, 31.833176>,  <28.697763, 38.580204, 31.394817>, 0.130000
	pigment { color rgbt <1,0,0,0> }
	no_shadow
}

// nucleotide -1

// particle -1
sphere {
	<29.311890, 38.746262, 31.833176> 0.250000
	pigment { color rgbt <1,0,0,0> }
	no_shadow
}
cylinder {
	<29.446899, 38.624939, 31.476730>,  <29.527906, 38.552147, 31.262863>, 0.100000
	pigment { color rgbt <1,0,0,0> }
	no_shadow
}
cylinder {
	<29.446899, 38.624939, 31.476730>,  <29.311890, 38.746262, 31.833176>, 0.100000
	pigment { color rgbt <1,0,0,0> }
	no_shadow
}

// particle -1
sphere {
	<29.446899, 38.624939, 31.476730> 0.100000
	pigment { color rgbt <1,0,0,0> }
	no_shadow
}
sphere {
	0, 1
	scale<0.080000,0.200000,0.300000>
	matrix <0.721397, 0.691484, 0.037886,
		0.604700, -0.655635, 0.452196,
		0.337526, -0.303303, -0.891114,
		29.548157, 38.533947, 31.209396>
	pigment { color rgbt <0,1,1,0> }
	no_shadow
}
cylinder {
	<29.969776, 38.424385, 32.016335>,  <29.311890, 38.746262, 31.833176>, 0.130000
	pigment { color rgbt <1,0,0,0> }
	no_shadow
}

// nucleotide -1

// particle -1
sphere {
	<29.969776, 38.424385, 32.016335> 0.250000
	pigment { color rgbt <1,0,0,0> }
	no_shadow
}
cylinder {
	<29.929541, 38.605030, 31.661726>,  <29.905399, 38.713417, 31.448959>, 0.100000
	pigment { color rgbt <1,0,0,0> }
	no_shadow
}
cylinder {
	<29.929541, 38.605030, 31.661726>,  <29.969776, 38.424385, 32.016335>, 0.100000
	pigment { color rgbt <1,0,0,0> }
	no_shadow
}

// particle -1
sphere {
	<29.929541, 38.605030, 31.661726> 0.100000
	pigment { color rgbt <1,0,0,0> }
	no_shadow
}
sphere {
	0, 1
	scale<0.080000,0.200000,0.300000>
	matrix <0.682478, 0.679682, 0.268807,
		0.723952, -0.577994, -0.376585,
		-0.100589, 0.451614, -0.886525,
		29.899364, 38.740513, 31.395769>
	pigment { color rgbt <0,1,1,0> }
	no_shadow
}
cylinder {
	<30.468178, 38.815491, 32.076096>,  <29.969776, 38.424385, 32.016335>, 0.130000
	pigment { color rgbt <1,0,0,0> }
	no_shadow
}

// nucleotide -1

// particle -1
sphere {
	<30.468178, 38.815491, 32.076096> 0.250000
	pigment { color rgbt <1,0,0,0> }
	no_shadow
}
cylinder {
	<30.288843, 38.958370, 31.748337>,  <30.181242, 39.044098, 31.551682>, 0.100000
	pigment { color rgbt <1,0,0,0> }
	no_shadow
}
cylinder {
	<30.288843, 38.958370, 31.748337>,  <30.468178, 38.815491, 32.076096>, 0.100000
	pigment { color rgbt <1,0,0,0> }
	no_shadow
}

// particle -1
sphere {
	<30.288843, 38.958370, 31.748337> 0.100000
	pigment { color rgbt <1,0,0,0> }
	no_shadow
}
sphere {
	0, 1
	scale<0.080000,0.200000,0.300000>
	matrix <0.523298, 0.848062, 0.083366,
		0.724675, -0.391411, -0.567136,
		-0.448336, 0.357194, -0.819394,
		30.154343, 39.065529, 31.502518>
	pigment { color rgbt <0,1,1,0> }
	no_shadow
}
cylinder {
	<30.975338, 39.049351, 31.614395>,  <30.468178, 38.815491, 32.076096>, 0.130000
	pigment { color rgbt <1,0,0,0> }
	no_shadow
}

// nucleotide -1

// particle -1
sphere {
	<30.975338, 39.049351, 31.614395> 0.250000
	pigment { color rgbt <1,0,0,0> }
	no_shadow
}
cylinder {
	<30.645077, 39.252506, 31.516136>,  <30.446920, 39.374401, 31.457182>, 0.100000
	pigment { color rgbt <1,0,0,0> }
	no_shadow
}
cylinder {
	<30.645077, 39.252506, 31.516136>,  <30.975338, 39.049351, 31.614395>, 0.100000
	pigment { color rgbt <1,0,0,0> }
	no_shadow
}

// particle -1
sphere {
	<30.645077, 39.252506, 31.516136> 0.100000
	pigment { color rgbt <1,0,0,0> }
	no_shadow
}
sphere {
	0, 1
	scale<0.080000,0.200000,0.300000>
	matrix <0.535859, 0.842185, -0.059828,
		0.176493, -0.181028, -0.967512,
		-0.825655, 0.507890, -0.245645,
		30.397381, 39.404873, 31.442442>
	pigment { color rgbt <0,1,1,0> }
	no_shadow
}
cylinder {
	<31.152809, 39.490349, 31.067415>,  <30.975338, 39.049351, 31.614395>, 0.130000
	pigment { color rgbt <1,0,0,0> }
	no_shadow
}

// nucleotide -1

// particle -1
sphere {
	<31.152809, 39.490349, 31.067415> 0.250000
	pigment { color rgbt <1,0,0,0> }
	no_shadow
}
cylinder {
	<30.851082, 39.626774, 31.291800>,  <30.670046, 39.708630, 31.426430>, 0.100000
	pigment { color rgbt <1,0,0,0> }
	no_shadow
}
cylinder {
	<30.851082, 39.626774, 31.291800>,  <31.152809, 39.490349, 31.067415>, 0.100000
	pigment { color rgbt <1,0,0,0> }
	no_shadow
}

// particle -1
sphere {
	<30.851082, 39.626774, 31.291800> 0.100000
	pigment { color rgbt <1,0,0,0> }
	no_shadow
}
sphere {
	0, 1
	scale<0.080000,0.200000,0.300000>
	matrix <0.486381, 0.864233, 0.128585,
		-0.440947, 0.369836, -0.817794,
		-0.754320, 0.341061, 0.560962,
		30.624786, 39.729092, 31.460089>
	pigment { color rgbt <0,1,1,0> }
	no_shadow
}
cylinder {
	<30.799372, 39.816185, 30.488483>,  <31.152809, 39.490349, 31.067415>, 0.130000
	pigment { color rgbt <1,0,0,0> }
	no_shadow
}

// nucleotide -1

// particle -1
sphere {
	<30.799372, 39.816185, 30.488483> 0.250000
	pigment { color rgbt <1,0,0,0> }
	no_shadow
}
cylinder {
	<30.486122, 39.929638, 30.709850>,  <30.298172, 39.997707, 30.842670>, 0.100000
	pigment { color rgbt <1,0,0,0> }
	no_shadow
}
cylinder {
	<30.486122, 39.929638, 30.709850>,  <30.799372, 39.816185, 30.488483>, 0.100000
	pigment { color rgbt <1,0,0,0> }
	no_shadow
}

// particle -1
sphere {
	<30.486122, 39.929638, 30.709850> 0.100000
	pigment { color rgbt <1,0,0,0> }
	no_shadow
}
sphere {
	0, 1
	scale<0.080000,0.200000,0.300000>
	matrix <0.435708, 0.885229, 0.162873,
		-0.443708, 0.368679, -0.816823,
		-0.783123, 0.283629, 0.553419,
		30.251184, 40.014725, 30.875875>
	pigment { color rgbt <0,1,1,0> }
	no_shadow
}
cylinder {
	<30.427019, 40.446426, 30.185261>,  <30.799372, 39.816185, 30.488483>, 0.130000
	pigment { color rgbt <1,0,0,0> }
	no_shadow
}

// nucleotide -1

// particle -1
sphere {
	<30.427019, 40.446426, 30.185261> 0.250000
	pigment { color rgbt <1,0,0,0> }
	no_shadow
}
cylinder {
	<30.335939, 40.433502, 30.574539>,  <30.281292, 40.425747, 30.808105>, 0.100000
	pigment { color rgbt <1,0,0,0> }
	no_shadow
}
cylinder {
	<30.335939, 40.433502, 30.574539>,  <30.427019, 40.446426, 30.185261>, 0.100000
	pigment { color rgbt <1,0,0,0> }
	no_shadow
}

// particle -1
sphere {
	<30.335939, 40.433502, 30.574539> 0.100000
	pigment { color rgbt <1,0,0,0> }
	no_shadow
}
sphere {
	0, 1
	scale<0.080000,0.200000,0.300000>
	matrix <0.281330, 0.954643, 0.097521,
		-0.932205, 0.295994, -0.208283,
		-0.227702, -0.032313, 0.973195,
		30.267630, 40.423809, 30.866497>
	pigment { color rgbt <0,1,1,0> }
	no_shadow
}
cylinder {
	<29.909702, 41.033188, 30.367628>,  <30.427019, 40.446426, 30.185261>, 0.130000
	pigment { color rgbt <1,0,0,0> }
	no_shadow
}

// nucleotide -1

// particle -1
sphere {
	<29.909702, 41.033188, 30.367628> 0.250000
	pigment { color rgbt <1,0,0,0> }
	no_shadow
}
cylinder {
	<30.141302, 40.919590, 30.673336>,  <30.280262, 40.851433, 30.856760>, 0.100000
	pigment { color rgbt <1,0,0,0> }
	no_shadow
}
cylinder {
	<30.141302, 40.919590, 30.673336>,  <29.909702, 41.033188, 30.367628>, 0.100000
	pigment { color rgbt <1,0,0,0> }
	no_shadow
}

// particle -1
sphere {
	<30.141302, 40.919590, 30.673336> 0.100000
	pigment { color rgbt <1,0,0,0> }
	no_shadow
}
sphere {
	0, 1
	scale<0.080000,0.200000,0.300000>
	matrix <0.307702, 0.944171, 0.117728,
		-0.755035, 0.167002, 0.634061,
		0.579001, -0.283991, 0.764269,
		30.315002, 40.834393, 30.902617>
	pigment { color rgbt <0,1,1,0> }
	no_shadow
}
cylinder {
	<29.706951, 41.413452, 30.860893>,  <29.909702, 41.033188, 30.367628>, 0.130000
	pigment { color rgbt <1,0,0,0> }
	no_shadow
}

// nucleotide -1

// particle -1
sphere {
	<29.706951, 41.413452, 30.860893> 0.250000
	pigment { color rgbt <1,0,0,0> }
	no_shadow
}
cylinder {
	<30.089262, 41.299637, 30.890623>,  <30.318649, 41.231346, 30.908461>, 0.100000
	pigment { color rgbt <1,0,0,0> }
	no_shadow
}
cylinder {
	<30.089262, 41.299637, 30.890623>,  <29.706951, 41.413452, 30.860893>, 0.100000
	pigment { color rgbt <1,0,0,0> }
	no_shadow
}

// particle -1
sphere {
	<30.089262, 41.299637, 30.890623> 0.100000
	pigment { color rgbt <1,0,0,0> }
	no_shadow
}
sphere {
	0, 1
	scale<0.080000,0.200000,0.300000>
	matrix <0.281752, 0.958390, 0.045882,
		-0.084288, -0.022912, 0.996178,
		0.955778, -0.284542, 0.074325,
		30.375996, 41.214275, 30.912920>
	pigment { color rgbt <0,1,1,0> }
	no_shadow
}
cylinder {
	<30.108164, 42.105938, 31.231512>,  <29.706951, 41.413452, 30.860893>, 0.130000
	pigment { color rgbt <1,0,0,0> }
	no_shadow
}

// nucleotide -1

// particle -1
sphere {
	<30.108164, 42.105938, 31.231512> 0.250000
	pigment { color rgbt <1,0,0,0> }
	no_shadow
}
cylinder {
	<30.484406, 42.164673, 31.353956>,  <30.710150, 42.199913, 31.427423>, 0.100000
	pigment { color rgbt <1,0,0,0> }
	no_shadow
}
cylinder {
	<30.484406, 42.164673, 31.353956>,  <30.108164, 42.105938, 31.231512>, 0.100000
	pigment { color rgbt <1,0,0,0> }
	no_shadow
}

// particle -1
sphere {
	<30.484406, 42.164673, 31.353956> 0.100000
	pigment { color rgbt <1,0,0,0> }
	no_shadow
}
sphere {
	0, 1
	scale<0.080000,0.200000,0.300000>
	matrix <0.213039, -0.957304, -0.195405,
		0.264349, 0.249012, -0.931726,
		0.940603, 0.146839, 0.306111,
		30.766586, 42.208725, 31.445789>
	pigment { color rgbt <0,1,1,0> }
	no_shadow
}
cylinder {
	<30.758377, 41.859085, 30.738564>,  <30.108164, 42.105938, 31.231512>, 0.130000
	pigment { color rgbt <1,0,0,0> }
	no_shadow
}

// nucleotide -1

// particle -1
sphere {
	<30.758377, 41.859085, 30.738564> 0.250000
	pigment { color rgbt <1,0,0,0> }
	no_shadow
}
cylinder {
	<30.821325, 41.846897, 31.133392>,  <30.859095, 41.839584, 31.370289>, 0.100000
	pigment { color rgbt <1,0,0,0> }
	no_shadow
}
cylinder {
	<30.821325, 41.846897, 31.133392>,  <30.758377, 41.859085, 30.738564>, 0.100000
	pigment { color rgbt <1,0,0,0> }
	no_shadow
}

// particle -1
sphere {
	<30.821325, 41.846897, 31.133392> 0.100000
	pigment { color rgbt <1,0,0,0> }
	no_shadow
}
sphere {
	0, 1
	scale<0.080000,0.200000,0.300000>
	matrix <0.103431, -0.993518, -0.047162,
		0.982109, 0.109515, -0.153197,
		0.157369, -0.030473, 0.987070,
		30.868536, 41.837753, 31.429514>
	pigment { color rgbt <0,1,1,0> }
	no_shadow
}
cylinder {
	<31.335091, 41.442654, 30.963280>,  <30.758377, 41.859085, 30.738564>, 0.130000
	pigment { color rgbt <1,0,0,0> }
	no_shadow
}

// nucleotide -1

// particle -1
sphere {
	<31.335091, 41.442654, 30.963280> 0.250000
	pigment { color rgbt <1,0,0,0> }
	no_shadow
}
cylinder {
	<31.027391, 41.438274, 31.218821>,  <30.842772, 41.435646, 31.372147>, 0.100000
	pigment { color rgbt <1,0,0,0> }
	no_shadow
}
cylinder {
	<31.027391, 41.438274, 31.218821>,  <31.335091, 41.442654, 30.963280>, 0.100000
	pigment { color rgbt <1,0,0,0> }
	no_shadow
}

// particle -1
sphere {
	<31.027391, 41.438274, 31.218821> 0.100000
	pigment { color rgbt <1,0,0,0> }
	no_shadow
}
sphere {
	0, 1
	scale<0.080000,0.200000,0.300000>
	matrix <0.052369, -0.997570, 0.045965,
		0.636799, 0.068815, 0.767953,
		-0.769250, -0.010946, 0.638855,
		30.796616, 41.434990, 31.410477>
	pigment { color rgbt <0,1,1,0> }
	no_shadow
}
cylinder {
	<31.451399, 40.819145, 31.418688>,  <31.335091, 41.442654, 30.963280>, 0.130000
	pigment { color rgbt <1,0,0,0> }
	no_shadow
}

// nucleotide -1

// particle -1
sphere {
	<31.451399, 40.819145, 31.418688> 0.250000
	pigment { color rgbt <1,0,0,0> }
	no_shadow
}
cylinder {
	<31.067482, 40.929840, 31.399872>,  <30.837132, 40.996258, 31.388582>, 0.100000
	pigment { color rgbt <1,0,0,0> }
	no_shadow
}
cylinder {
	<31.067482, 40.929840, 31.399872>,  <31.451399, 40.819145, 31.418688>, 0.100000
	pigment { color rgbt <1,0,0,0> }
	no_shadow
}

// particle -1
sphere {
	<31.067482, 40.929840, 31.399872> 0.100000
	pigment { color rgbt <1,0,0,0> }
	no_shadow
}
sphere {
	0, 1
	scale<0.080000,0.200000,0.300000>
	matrix <-0.277351, -0.960743, 0.006999,
