// switches for output
#declare DRAW_BASES = 1; // possible values are 0, 1; only relevant for DNA ribbons
#declare DRAW_BASES_TYPE = 3; // possible values are 1, 2, 3; only relevant for DNA ribbons
#declare DRAW_FOG = 0; // set to 1 to enable fog

#include "colors.inc"

#include "transforms.inc"
background { rgb <1, 1, 1>}

#default {
   normal{
       ripples 0.25
       frequency 0.20
       turbulence 0.2
       lambda 5
   }
	finish {
		phong 0.1
		phong_size 40.
	}
}

// original window dimensions: 1024x640


// camera settings

camera {
	sky <0, 0.179814, -0.983701>
	up <0, 0.179814, -0.983701>
	right 1.6 * <1, 0, 0>
	location <35, 94.9851, 44.8844>
	look_at <35, 29.7336, 32.9568>
	direction <0, -65.2515, -11.9276>
	angle 67.0682
}


# declare cpy_camera_pos = <35, 94.9851, 44.8844>;
# if (DRAW_FOG = 1)
fog {
	fog_type 2
	up vnormalize(cpy_camera_pos)
	color rgbt<1,1,1,0.3>
	distance 1e-5
	fog_alt 3e-3
	fog_offset 56
}
# end


// LIGHTS

# declare lum = 6;
global_settings {
	ambient_light rgb lum * <0.05, 0.05, 0.05>
	max_trace_level 15
}# declare cpy_direct_light_amount = 0.25;
light_source
{	1000 * <-1, -1.16352, -0.803886>,
	rgb lum * cpy_direct_light_amount
	parallel
}

light_source
{	1000 * <1, 1.16352, 0.803886>,
	rgb lum * cpy_direct_light_amount
	parallel
}

// strand 0

// nucleotide -1

// particle -1
sphere {
	<24.499727, 34.654072, 34.887394> 0.250000
	pigment { color rgbt <1,0,0,0> }
	no_shadow
}
cylinder {
	<24.243885, 34.944069, 34.989605>,  <24.090380, 35.118065, 35.050930>, 0.100000
	pigment { color rgbt <1,0,0,0> }
	no_shadow
}
cylinder {
	<24.243885, 34.944069, 34.989605>,  <24.499727, 34.654072, 34.887394>, 0.100000
	pigment { color rgbt <1,0,0,0> }
	no_shadow
}

// particle -1
sphere {
	<24.243885, 34.944069, 34.989605> 0.100000
	pigment { color rgbt <1,0,0,0> }
	no_shadow
}
sphere {
	0, 1
	scale<0.080000,0.200000,0.300000>
	matrix <0.705956, 0.422456, 0.568470,
		0.304187, 0.543986, -0.782016,
		-0.639607, 0.724990, 0.255525,
		24.052004, 35.161568, 35.066261>
	pigment { color rgbt <0,1,1,0> }
	no_shadow
}
cylinder {
	<24.821590, 35.383057, 34.838936>,  <24.499727, 34.654072, 34.887394>, 0.130000
	pigment { color rgbt <1,0,0,0> }
	no_shadow
}

// nucleotide -1

// particle -1
sphere {
	<24.821590, 35.383057, 34.838936> 0.250000
	pigment { color rgbt <1,0,0,0> }
	no_shadow
}
cylinder {
	<24.534285, 35.352848, 35.115601>,  <24.361902, 35.334721, 35.281601>, 0.100000
	pigment { color rgbt <1,0,0,0> }
	no_shadow
}
cylinder {
	<24.534285, 35.352848, 35.115601>,  <24.821590, 35.383057, 34.838936>, 0.100000
	pigment { color rgbt <1,0,0,0> }
	no_shadow
}

// particle -1
sphere {
	<24.534285, 35.352848, 35.115601> 0.100000
	pigment { color rgbt <1,0,0,0> }
	no_shadow
}
sphere {
	0, 1
	scale<0.080000,0.200000,0.300000>
	matrix <0.578926, 0.486529, 0.654320,
		-0.385931, 0.870394, -0.305732,
		-0.718263, -0.075526, 0.691660,
		24.318806, 35.330189, 35.323097>
	pigment { color rgbt <0,1,1,0> }
	no_shadow
}
cylinder {
	<24.546436, 36.055321, 34.934052>,  <24.821590, 35.383057, 34.838936>, 0.130000
	pigment { color rgbt <1,0,0,0> }
	no_shadow
}

// nucleotide -1

// particle -1
sphere {
	<24.546436, 36.055321, 34.934052> 0.250000
	pigment { color rgbt <1,0,0,0> }
	no_shadow
}
cylinder {
	<24.520941, 35.843765, 35.272572>,  <24.505644, 35.716831, 35.475681>, 0.100000
	pigment { color rgbt <1,0,0,0> }
	no_shadow
}
cylinder {
	<24.520941, 35.843765, 35.272572>,  <24.546436, 36.055321, 34.934052>, 0.100000
	pigment { color rgbt <1,0,0,0> }
	no_shadow
}

// particle -1
sphere {
	<24.520941, 35.843765, 35.272572> 0.100000
	pigment { color rgbt <1,0,0,0> }
	no_shadow
}
sphere {
	0, 1
	scale<0.080000,0.200000,0.300000>
	matrix <0.623794, 0.640827, 0.447462,
		-0.778986, 0.556435, 0.289069,
		-0.063741, -0.528886, 0.846296,
		24.501818, 35.685101, 35.526459>
	pigment { color rgbt <0,1,1,0> }
	no_shadow
}
cylinder {
	<24.509069, 36.600159, 35.413689>,  <24.546436, 36.055321, 34.934052>, 0.130000
	pigment { color rgbt <1,0,0,0> }
	no_shadow
}

// nucleotide -1

// particle -1
sphere {
	<24.509069, 36.600159, 35.413689> 0.250000
	pigment { color rgbt <1,0,0,0> }
	no_shadow
}
cylinder {
	<24.615622, 36.256672, 35.588799>,  <24.679552, 36.050579, 35.693867>, 0.100000
	pigment { color rgbt <1,0,0,0> }
	no_shadow
}
cylinder {
	<24.615622, 36.256672, 35.588799>,  <24.509069, 36.600159, 35.413689>, 0.100000
	pigment { color rgbt <1,0,0,0> }
	no_shadow
}

// particle -1
sphere {
	<24.615622, 36.256672, 35.588799> 0.100000
	pigment { color rgbt <1,0,0,0> }
	no_shadow
}
sphere {
	0, 1
	scale<0.080000,0.200000,0.300000>
	matrix <0.788493, 0.455364, 0.413429,
		-0.554366, 0.235056, 0.798391,
		0.266380, -0.858716, 0.437778,
		24.695536, 35.999058, 35.720131>
	pigment { color rgbt <0,1,1,0> }
	no_shadow
}
cylinder {
	<24.776169, 36.767601, 36.087418>,  <24.509069, 36.600159, 35.413689>, 0.130000
	pigment { color rgbt <1,0,0,0> }
	no_shadow
}

// nucleotide -1

// particle -1
sphere {
	<24.776169, 36.767601, 36.087418> 0.250000
	pigment { color rgbt <1,0,0,0> }
	no_shadow
}
cylinder {
	<24.913668, 36.407192, 35.981586>,  <24.996168, 36.190948, 35.918087>, 0.100000
	pigment { color rgbt <1,0,0,0> }
	no_shadow
}
cylinder {
	<24.913668, 36.407192, 35.981586>,  <24.776169, 36.767601, 36.087418>, 0.100000
	pigment { color rgbt <1,0,0,0> }
	no_shadow
}

// particle -1
sphere {
	<24.913668, 36.407192, 35.981586> 0.100000
	pigment { color rgbt <1,0,0,0> }
	no_shadow
}
sphere {
	0, 1
	scale<0.080000,0.200000,0.300000>
	matrix <0.938920, 0.324881, 0.113499,
		-0.016308, -0.287433, 0.957662,
		0.343749, -0.901019, -0.264578,
		25.016792, 36.136887, 35.902214>
	pigment { color rgbt <0,1,1,0> }
	no_shadow
}
cylinder {
	<25.404108, 36.573048, 36.361916>,  <24.776169, 36.767601, 36.087418>, 0.130000
	pigment { color rgbt <1,0,0,0> }
	no_shadow
}

// nucleotide -1

// particle -1
sphere {
	<25.404108, 36.573048, 36.361916> 0.250000
	pigment { color rgbt <1,0,0,0> }
	no_shadow
}
cylinder {
	<25.420551, 36.308220, 36.062592>,  <25.430416, 36.149323, 35.882996>, 0.100000
	pigment { color rgbt <1,0,0,0> }
	no_shadow
}
cylinder {
	<25.420551, 36.308220, 36.062592>,  <25.404108, 36.573048, 36.361916>, 0.100000
	pigment { color rgbt <1,0,0,0> }
	no_shadow
}

// particle -1
sphere {
	<25.420551, 36.308220, 36.062592> 0.100000
	pigment { color rgbt <1,0,0,0> }
	no_shadow
}
sphere {
	0, 1
	scale<0.080000,0.200000,0.300000>
	matrix <0.995130, 0.094279, -0.028748,
		0.089584, -0.743486, 0.662724,
		0.041107, -0.662072, -0.748312,
		25.432884, 36.109600, 35.838097>
	pigment { color rgbt <0,1,1,0> }
	no_shadow
}
cylinder {
	<26.013979, 36.145901, 36.488266>,  <25.404108, 36.573048, 36.361916>, 0.130000
	pigment { color rgbt <1,0,0,0> }
	no_shadow
}

// nucleotide -1

// particle -1
sphere {
	<26.013979, 36.145901, 36.488266> 0.250000
	pigment { color rgbt <1,0,0,0> }
	no_shadow
}
cylinder {
	<25.975969, 36.191620, 36.092709>,  <25.953163, 36.219051, 35.855373>, 0.100000
	pigment { color rgbt <1,0,0,0> }
	no_shadow
}
cylinder {
	<25.975969, 36.191620, 36.092709>,  <26.013979, 36.145901, 36.488266>, 0.100000
	pigment { color rgbt <1,0,0,0> }
	no_shadow
}

// particle -1
sphere {
	<25.975969, 36.191620, 36.092709> 0.100000
	pigment { color rgbt <1,0,0,0> }
	no_shadow
}
sphere {
	0, 1
	scale<0.080000,0.200000,0.300000>
	matrix <0.960196, 0.272638, -0.060757,
		0.262666, -0.955304, -0.135652,
		-0.095025, 0.114294, -0.988892,
		25.947462, 36.225906, 35.796040>
	pigment { color rgbt <0,1,1,0> }
	no_shadow
}
cylinder {
	<26.590298, 35.836060, 36.042198>,  <26.013979, 36.145901, 36.488266>, 0.130000
	pigment { color rgbt <1,0,0,0> }
	no_shadow
}

// nucleotide -1

// particle -1
sphere {
	<26.590298, 35.836060, 36.042198> 0.250000
	pigment { color rgbt <1,0,0,0> }
	no_shadow
}
cylinder {
	<26.444412, 36.138016, 35.824162>,  <26.356882, 36.319191, 35.693340>, 0.100000
	pigment { color rgbt <1,0,0,0> }
	no_shadow
}
cylinder {
	<26.444412, 36.138016, 35.824162>,  <26.590298, 35.836060, 36.042198>, 0.100000
	pigment { color rgbt <1,0,0,0> }
	no_shadow
}

// particle -1
sphere {
	<26.444412, 36.138016, 35.824162> 0.100000
	pigment { color rgbt <1,0,0,0> }
	no_shadow
}
sphere {
	0, 1
	scale<0.080000,0.200000,0.300000>
	matrix <0.903853, 0.427660, -0.012491,
		0.223685, -0.497239, -0.838283,
		-0.364711, 0.754891, -0.545092,
		26.334999, 36.364483, 35.660633>
	pigment { color rgbt <0,1,1,0> }
	no_shadow
}
cylinder {
	<27.052561, 35.941055, 35.473621>,  <26.590298, 35.836060, 36.042198>, 0.130000
	pigment { color rgbt <1,0,0,0> }
	no_shadow
}

// nucleotide -1

// particle -1
sphere {
	<27.052561, 35.941055, 35.473621> 0.250000
	pigment { color rgbt <1,0,0,0> }
	no_shadow
}
cylinder {
	<26.859840, 36.278477, 35.568516>,  <26.744207, 36.480930, 35.625450>, 0.100000
	pigment { color rgbt <1,0,0,0> }
	no_shadow
}
cylinder {
	<26.859840, 36.278477, 35.568516>,  <27.052561, 35.941055, 35.473621>, 0.100000
	pigment { color rgbt <1,0,0,0> }
	no_shadow
}

// particle -1
sphere {
	<26.859840, 36.278477, 35.568516> 0.100000
	pigment { color rgbt <1,0,0,0> }
	no_shadow
}
sphere {
	0, 1
	scale<0.080000,0.200000,0.300000>
	matrix <0.875899, 0.471599, 0.101957,
		-0.025873, 0.256916, -0.966087,
		-0.481801, 0.843557, 0.237234,
		26.715300, 36.531544, 35.639687>
	pigment { color rgbt <0,1,1,0> }
	no_shadow
}
cylinder {
	<27.096300, 36.463860, 34.933624>,  <27.052561, 35.941055, 35.473621>, 0.130000
	pigment { color rgbt <1,0,0,0> }
	no_shadow
}

// nucleotide -1

// particle -1
sphere {
	<27.096300, 36.463860, 34.933624> 0.250000
	pigment { color rgbt <1,0,0,0> }
	no_shadow
}
cylinder {
	<27.022921, 36.636600, 35.286861>,  <26.978893, 36.740246, 35.498802>, 0.100000
	pigment { color rgbt <1,0,0,0> }
	no_shadow
}
cylinder {
	<27.022921, 36.636600, 35.286861>,  <27.096300, 36.463860, 34.933624>, 0.100000
	pigment { color rgbt <1,0,0,0> }
	no_shadow
}

// particle -1
sphere {
	<27.022921, 36.636600, 35.286861> 0.100000
	pigment { color rgbt <1,0,0,0> }
	no_shadow
}
sphere {
	0, 1
	scale<0.080000,0.200000,0.300000>
	matrix <0.870200, 0.489217, -0.058470,
		-0.457273, 0.757738, -0.465548,
		-0.183449, 0.431857, 0.883089,
		26.967886, 36.766159, 35.551788>
	pigment { color rgbt <0,1,1,0> }
	no_shadow
}
cylinder {
	<27.164442, 37.174133, 34.860909>,  <27.096300, 36.463860, 34.933624>, 0.130000
	pigment { color rgbt <1,0,0,0> }
	no_shadow
}

// nucleotide -1

// particle -1
sphere {
	<27.164442, 37.174133, 34.860909> 0.250000
	pigment { color rgbt <1,0,0,0> }
	no_shadow
}
cylinder {
	<27.248055, 37.084629, 35.241695>,  <27.298222, 37.030926, 35.470169>, 0.100000
	pigment { color rgbt <1,0,0,0> }
	no_shadow
}
cylinder {
	<27.248055, 37.084629, 35.241695>,  <27.164442, 37.174133, 34.860909>, 0.100000
	pigment { color rgbt <1,0,0,0> }
	no_shadow
}

// particle -1
sphere {
	<27.248055, 37.084629, 35.241695> 0.100000
	pigment { color rgbt <1,0,0,0> }
	no_shadow
}
sphere {
	0, 1
	scale<0.080000,0.200000,0.300000>
	matrix <0.877828, 0.471935, -0.081824,
		-0.430958, 0.852766, 0.295069,
		0.209030, -0.223758, 0.951966,
		27.310764, 37.017502, 35.527287>
	pigment { color rgbt <0,1,1,0> }
	no_shadow
}
cylinder {
	<27.164371, 37.825039, 35.139595>,  <27.164442, 37.174133, 34.860909>, 0.130000
	pigment { color rgbt <1,0,0,0> }
	no_shadow
}

// nucleotide -1

// particle -1
sphere {
	<27.164371, 37.825039, 35.139595> 0.250000
	pigment { color rgbt <1,0,0,0> }
	no_shadow
}
cylinder {
	<27.368528, 37.541290, 35.334034>,  <27.491022, 37.371040, 35.450699>, 0.100000
	pigment { color rgbt <1,0,0,0> }
	no_shadow
}
cylinder {
	<27.368528, 37.541290, 35.334034>,  <27.164371, 37.825039, 35.139595>, 0.100000
	pigment { color rgbt <1,0,0,0> }
	no_shadow
}

// particle -1
sphere {
	<27.368528, 37.541290, 35.334034> 0.100000
	pigment { color rgbt <1,0,0,0> }
	no_shadow
}
sphere {
	0, 1
	scale<0.080000,0.200000,0.300000>
	matrix <0.813413, 0.581663, -0.005238,
		-0.279031, 0.398073, 0.873888,
		0.510394, -0.709370, 0.486099,
		27.521646, 37.328480, 35.479862>
	pigment { color rgbt <0,1,1,0> }
	no_shadow
}
cylinder {
	<27.303253, 37.957687, 35.785629>,  <27.164371, 37.825039, 35.139595>, 0.130000
	pigment { color rgbt <1,0,0,0> }
	no_shadow
}

// nucleotide -1

// particle -1
sphere {
	<27.303253, 37.957687, 35.785629> 0.250000
	pigment { color rgbt <1,0,0,0> }
	no_shadow
}
cylinder {
	<27.588110, 37.744061, 35.603367>,  <27.759024, 37.615883, 35.494011>, 0.100000
	pigment { color rgbt <1,0,0,0> }
	no_shadow
}
cylinder {
	<27.588110, 37.744061, 35.603367>,  <27.303253, 37.957687, 35.785629>, 0.100000
	pigment { color rgbt <1,0,0,0> }
	no_shadow
}

// particle -1
sphere {
	<27.588110, 37.744061, 35.603367> 0.100000
	pigment { color rgbt <1,0,0,0> }
	no_shadow
}
sphere {
	0, 1
	scale<0.080000,0.200000,0.300000>
	matrix <0.528569, 0.835051, -0.152660,
		0.462027, -0.132131, 0.876968,
		0.712142, -0.534071, -0.455657,
		27.801752, 37.583839, 35.466671>
	pigment { color rgbt <0,1,1,0> }
	no_shadow
}
cylinder {
	<27.727497, 38.004662, 36.436375>,  <27.303253, 37.957687, 35.785629>, 0.130000
	pigment { color rgbt <1,0,0,0> }
	no_shadow
}

// nucleotide -1

// particle -1
sphere {
	<27.727497, 38.004662, 36.436375> 0.250000
	pigment { color rgbt <1,0,0,0> }
	no_shadow
}
cylinder {
	<28.092335, 37.845497, 36.396889>,  <28.311237, 37.749996, 36.373196>, 0.100000
	pigment { color rgbt <1,0,0,0> }
	no_shadow
}
cylinder {
	<28.092335, 37.845497, 36.396889>,  <27.727497, 38.004662, 36.436375>, 0.100000
	pigment { color rgbt <1,0,0,0> }
	no_shadow
}

// particle -1
sphere {
	<28.092335, 37.845497, 36.396889> 0.100000
	pigment { color rgbt <1,0,0,0> }
	no_shadow
}
sphere {
	0, 1
	scale<0.080000,0.200000,0.300000>
	matrix <0.075096, -0.074557, 0.994385,
		-0.403042, -0.914387, -0.038122,
		0.912095, -0.397916, -0.098717,
		28.365963, 37.726124, 36.367275>
	pigment { color rgbt <0,1,1,0> }
	no_shadow
}
cylinder {
	<27.890587, 37.429550, 36.878380>,  <27.727497, 38.004662, 36.436375>, 0.130000
	pigment { color rgbt <1,0,0,0> }
	no_shadow
}

// nucleotide -1

// particle -1
sphere {
	<27.890587, 37.429550, 36.878380> 0.250000
	pigment { color rgbt <1,0,0,0> }
	no_shadow
}
cylinder {
	<28.239843, 37.616985, 36.824635>,  <28.449396, 37.729446, 36.792385>, 0.100000
	pigment { color rgbt <1,0,0,0> }
	no_shadow
}
cylinder {
	<28.239843, 37.616985, 36.824635>,  <27.890587, 37.429550, 36.878380>, 0.100000
	pigment { color rgbt <1,0,0,0> }
	no_shadow
}

// particle -1
sphere {
	<28.239843, 37.616985, 36.824635> 0.100000
	pigment { color rgbt <1,0,0,0> }
	no_shadow
}
sphere {
	0, 1
	scale<0.080000,0.200000,0.300000>
	matrix <0.111071, 0.077150, 0.990813,
		0.474648, -0.880042, 0.015317,
		0.873140, 0.468587, -0.134366,
		28.501785, 37.757561, 36.784325>
	pigment { color rgbt <0,1,1,0> }
	no_shadow
}
cylinder {
	<27.234451, 37.116840, 36.742264>,  <27.890587, 37.429550, 36.878380>, 0.130000
	pigment { color rgbt <1,0,0,0> }
	no_shadow
}

// nucleotide -1

// particle -1
sphere {
	<27.234451, 37.116840, 36.742264> 0.250000
	pigment { color rgbt <1,0,0,0> }
	no_shadow
}
cylinder {
	<27.229372, 37.126881, 36.342422>,  <27.226324, 37.132904, 36.102516>, 0.100000
	pigment { color rgbt <1,0,0,0> }
	no_shadow
}
cylinder {
	<27.229372, 37.126881, 36.342422>,  <27.234451, 37.116840, 36.742264>, 0.100000
	pigment { color rgbt <1,0,0,0> }
	no_shadow
}

// particle -1
sphere {
	<27.229372, 37.126881, 36.342422> 0.100000
	pigment { color rgbt <1,0,0,0> }
	no_shadow
}
sphere {
	0, 1
	scale<0.080000,0.200000,0.300000>
	matrix <-0.853405, -0.521244, -0.002248,
		-0.521093, 0.853039, 0.028042,
		-0.012699, 0.025102, -0.999604,
		27.225563, 37.134411, 36.042542>
	pigment { color rgbt <0,1,1,0> }
	no_shadow
}
cylinder {
	<26.595274, 37.380875, 36.645378>,  <27.234451, 37.116840, 36.742264>, 0.130000
	pigment { color rgbt <1,0,0,0> }
	no_shadow
}

// nucleotide -1

// particle -1
sphere {
	<26.595274, 37.380875, 36.645378> 0.250000
	pigment { color rgbt <1,0,0,0> }
	no_shadow
}
cylinder {
	<26.718531, 37.212463, 36.304138>,  <26.792484, 37.111416, 36.099392>, 0.100000
	pigment { color rgbt <1,0,0,0> }
	no_shadow
}
cylinder {
	<26.718531, 37.212463, 36.304138>,  <26.595274, 37.380875, 36.645378>, 0.100000
	pigment { color rgbt <1,0,0,0> }
	no_shadow
}

// particle -1
sphere {
	<26.718531, 37.212463, 36.304138> 0.100000
	pigment { color rgbt <1,0,0,0> }
	no_shadow
}
sphere {
	0, 1
	scale<0.080000,0.200000,0.300000>
	matrix <-0.936410, -0.292479, -0.193887,
		-0.167884, 0.858600, -0.484377,
		0.308141, -0.421026, -0.853104,
		26.810972, 37.086155, 36.048206>
	pigment { color rgbt <0,1,1,0> }
	no_shadow
}
cylinder {
	<26.044777, 37.463291, 36.277596>,  <26.595274, 37.380875, 36.645378>, 0.130000
	pigment { color rgbt <1,0,0,0> }
	no_shadow
}

// nucleotide -1

// particle -1
sphere {
	<26.044777, 37.463291, 36.277596> 0.250000
	pigment { color rgbt <1,0,0,0> }
	no_shadow
}
cylinder {
	<26.238987, 37.200993, 36.046333>,  <26.355513, 37.043613, 35.907578>, 0.100000
	pigment { color rgbt <1,0,0,0> }
	no_shadow
}
cylinder {
	<26.238987, 37.200993, 36.046333>,  <26.044777, 37.463291, 36.277596>, 0.100000
	pigment { color rgbt <1,0,0,0> }
	no_shadow
}

// particle -1
sphere {
	<26.238987, 37.200993, 36.046333> 0.100000
	pigment { color rgbt <1,0,0,0> }
	no_shadow
}
sphere {
	0, 1
	scale<0.080000,0.200000,0.300000>
	matrix <-0.870136, -0.298601, -0.392047,
		0.084444, 0.693423, -0.715566,
		0.485523, -0.655745, -0.578157,
		26.384644, 37.004269, 35.872887>
	pigment { color rgbt <0,1,1,0> }
	no_shadow
}
cylinder {
	<25.921642, 37.577511, 35.504734>,  <26.044777, 37.463291, 36.277596>, 0.130000
	pigment { color rgbt <1,0,0,0> }
	no_shadow
}

// nucleotide -1

// particle -1
sphere {
	<25.921642, 37.577511, 35.504734> 0.250000
	pigment { color rgbt <1,0,0,0> }
	no_shadow
}
cylinder {
	<26.024248, 37.195797, 35.566116>,  <26.085812, 36.966770, 35.602947>, 0.100000
	pigment { color rgbt <1,0,0,0> }
	no_shadow
}
cylinder {
	<26.024248, 37.195797, 35.566116>,  <25.921642, 37.577511, 35.504734>, 0.100000
	pigment { color rgbt <1,0,0,0> }
	no_shadow
}

// particle -1
sphere {
	<26.024248, 37.195797, 35.566116> 0.100000
	pigment { color rgbt <1,0,0,0> }
	no_shadow
}
sphere {
	0, 1
	scale<0.080000,0.200000,0.300000>
	matrix <-0.846054, -0.298453, -0.441722,
		0.467326, -0.016524, -0.883930,
		0.256512, -0.954281, 0.153455,
		26.101202, 36.909512, 35.612152>
	pigment { color rgbt <0,1,1,0> }
	no_shadow
}
cylinder {
	<26.058069, 37.287971, 34.820686>,  <25.921642, 37.577511, 35.504734>, 0.130000
	pigment { color rgbt <1,0,0,0> }
	no_shadow
}

// nucleotide -1

// particle -1
sphere {
	<26.058069, 37.287971, 34.820686> 0.250000
	pigment { color rgbt <1,0,0,0> }
	no_shadow
}
cylinder {
	<25.933207, 37.012871, 35.082848>,  <25.858290, 36.847813, 35.240147>, 0.100000
	pigment { color rgbt <1,0,0,0> }
	no_shadow
}
cylinder {
	<25.933207, 37.012871, 35.082848>,  <26.058069, 37.287971, 34.820686>, 0.100000
	pigment { color rgbt <1,0,0,0> }
	no_shadow
}

// particle -1
sphere {
	<25.933207, 37.012871, 35.082848> 0.100000
	pigment { color rgbt <1,0,0,0> }
	no_shadow
}
sphere {
	0, 1
	scale<0.080000,0.200000,0.300000>
	matrix <-0.806389, -0.172937, -0.565535,
		0.502290, -0.705048, -0.500611,
		-0.312155, -0.687750, 0.655408,
		25.839560, 36.806545, 35.279469>
	pigment { color rgbt <0,1,1,0> }
	no_shadow
}
cylinder {
	<25.809484, 36.770596, 34.491421>,  <26.058069, 37.287971, 34.820686>, 0.130000
	pigment { color rgbt <1,0,0,0> }
	no_shadow
}

// nucleotide -1

// particle -1
sphere {
	<25.809484, 36.770596, 34.491421> 0.250000
	pigment { color rgbt <1,0,0,0> }
	no_shadow
}
cylinder {
	<25.613407, 36.795280, 34.839191>,  <25.495762, 36.810089, 35.047855>, 0.100000
	pigment { color rgbt <1,0,0,0> }
	no_shadow
}
cylinder {
	<25.613407, 36.795280, 34.839191>,  <25.809484, 36.770596, 34.491421>, 0.100000
	pigment { color rgbt <1,0,0,0> }
	no_shadow
}

// particle -1
sphere {
	<25.613407, 36.795280, 34.839191> 0.100000
	pigment { color rgbt <1,0,0,0> }
	no_shadow
}
sphere {
	0, 1
	scale<0.080000,0.200000,0.300000>
	matrix <-0.864734, 0.090655, -0.493980,
		-0.109301, -0.993969, 0.008924,
		-0.490191, 0.061710, 0.869427,
		25.466351, 36.813793, 35.100021>
	pigment { color rgbt <0,1,1,0> }
	no_shadow
}
cylinder {
	<26.174870, 36.233994, 34.128548>,  <25.809484, 36.770596, 34.491421>, 0.130000
	pigment { color rgbt <1,0,0,0> }
	no_shadow
}

// nucleotide -1

// particle -1
sphere {
	<26.174870, 36.233994, 34.128548> 0.250000
	pigment { color rgbt <1,0,0,0> }
	no_shadow
}
cylinder {
	<26.056887, 35.881958, 33.979717>,  <25.986097, 35.670734, 33.890419>, 0.100000
	pigment { color rgbt <1,0,0,0> }
	no_shadow
}
cylinder {
	<26.056887, 35.881958, 33.979717>,  <26.174870, 36.233994, 34.128548>, 0.100000
	pigment { color rgbt <1,0,0,0> }
	no_shadow
}

// particle -1
sphere {
	<26.056887, 35.881958, 33.979717> 0.100000
	pigment { color rgbt <1,0,0,0> }
	no_shadow
}
sphere {
	0, 1
	scale<0.080000,0.200000,0.300000>
	matrix <-0.019475, 0.394855, -0.918537,
		0.955311, -0.263685, -0.133606,
		-0.294959, -0.880091, -0.372074,
		25.968399, 35.617931, 33.868095>
	pigment { color rgbt <0,1,1,0> }
	no_shadow
}
cylinder {
	<26.695189, 35.982483, 33.714901>,  <26.174870, 36.233994, 34.128548>, 0.130000
	pigment { color rgbt <1,0,0,0> }
	no_shadow
}

// nucleotide -1

// particle -1
sphere {
	<26.695189, 35.982483, 33.714901> 0.250000
	pigment { color rgbt <1,0,0,0> }
	no_shadow
}
cylinder {
	<26.333385, 35.847614, 33.610451>,  <26.116304, 35.766693, 33.547783>, 0.100000
	pigment { color rgbt <1,0,0,0> }
	no_shadow
}
cylinder {
	<26.333385, 35.847614, 33.610451>,  <26.695189, 35.982483, 33.714901>, 0.100000
	pigment { color rgbt <1,0,0,0> }
	no_shadow
}

// particle -1
sphere {
	<26.333385, 35.847614, 33.610451> 0.100000
	pigment { color rgbt <1,0,0,0> }
	no_shadow
}
sphere {
	0, 1
	scale<0.080000,0.200000,0.300000>
	matrix <0.122584, 0.380907, -0.916451,
		0.408466, -0.860944, -0.303200,
		-0.904505, -0.337172, -0.261125,
		26.062033, 35.746464, 33.532112>
	pigment { color rgbt <0,1,1,0> }
	no_shadow
}
cylinder {
	<26.831850, 35.679985, 33.035320>,  <26.695189, 35.982483, 33.714901>, 0.130000
	pigment { color rgbt <1,0,0,0> }
	no_shadow
}

// nucleotide -1

// particle -1
sphere {
	<26.831850, 35.679985, 33.035320> 0.250000
	pigment { color rgbt <1,0,0,0> }
	no_shadow
}
cylinder {
	<26.451090, 35.783646, 33.100712>,  <26.222633, 35.845840, 33.139946>, 0.100000
	pigment { color rgbt <1,0,0,0> }
	no_shadow
}
cylinder {
	<26.451090, 35.783646, 33.100712>,  <26.831850, 35.679985, 33.035320>, 0.100000
	pigment { color rgbt <1,0,0,0> }
	no_shadow
}

// particle -1
sphere {
	<26.451090, 35.783646, 33.100712> 0.100000
	pigment { color rgbt <1,0,0,0> }
	no_shadow
}
sphere {
	0, 1
	scale<0.080000,0.200000,0.300000>
	matrix <0.052339, 0.663212, -0.746599,
		-0.301902, -0.702132, -0.644876,
		-0.951901, 0.259152, 0.163476,
		26.165520, 35.861393, 33.149754>
	pigment { color rgbt <0,1,1,0> }
	no_shadow
}
cylinder {
	<27.402111, 35.139400, 32.741043>,  <26.831850, 35.679985, 33.035320>, 0.130000
	pigment { color rgbt <1,0,0,0> }
	no_shadow
}

// nucleotide -1

// particle -1
sphere {
	<27.402111, 35.139400, 32.741043> 0.250000
	pigment { color rgbt <1,0,0,0> }
	no_shadow
}
cylinder {
	<27.344185, 34.795574, 32.545013>,  <27.309429, 34.589279, 32.427395>, 0.100000
	pigment { color rgbt <1,0,0,0> }
	no_shadow
}
cylinder {
	<27.344185, 34.795574, 32.545013>,  <27.402111, 35.139400, 32.741043>, 0.100000
	pigment { color rgbt <1,0,0,0> }
	no_shadow
}

// particle -1
sphere {
	<27.344185, 34.795574, 32.545013> 0.100000
	pigment { color rgbt <1,0,0,0> }
	no_shadow
}
sphere {
	0, 1
	scale<0.080000,0.200000,0.300000>
	matrix <0.881100, 0.113336, -0.459148,
		0.450212, -0.498297, 0.740952,
		-0.144815, -0.859567, -0.490074,
		27.300741, 34.537704, 32.397991>
	pigment { color rgbt <0,1,1,0> }
	no_shadow
}
cylinder {
	<27.774885, 34.517384, 32.980698>,  <27.402111, 35.139400, 32.741043>, 0.130000
	pigment { color rgbt <1,0,0,0> }
	no_shadow
}

// nucleotide -1

// particle -1
sphere {
	<27.774885, 34.517384, 32.980698> 0.250000
	pigment { color rgbt <1,0,0,0> }
	no_shadow
}
cylinder {
	<28.132004, 34.410892, 32.835346>,  <28.346275, 34.347000, 32.748135>, 0.100000
	pigment { color rgbt <1,0,0,0> }
	no_shadow
}
cylinder {
	<28.132004, 34.410892, 32.835346>,  <27.774885, 34.517384, 32.980698>, 0.100000
	pigment { color rgbt <1,0,0,0> }
	no_shadow
}

// particle -1
sphere {
	<28.132004, 34.410892, 32.835346> 0.100000
	pigment { color rgbt <1,0,0,0> }
	no_shadow
}
sphere {
	0, 1
	scale<0.080000,0.200000,0.300000>
	matrix <0.323021, 0.940602, 0.104520,
		0.313966, -0.210692, 0.925761,
		0.892795, -0.266225, -0.363375,
		28.399843, 34.331024, 32.726334>
	pigment { color rgbt <0,1,1,0> }
	no_shadow
}
cylinder {
	<28.239124, 34.843098, 33.469101>,  <27.774885, 34.517384, 32.980698>, 0.130000
	pigment { color rgbt <1,0,0,0> }
	no_shadow
}

// nucleotide -1

// particle -1
sphere {
	<28.239124, 34.843098, 33.469101> 0.250000
	pigment { color rgbt <1,0,0,0> }
	no_shadow
}
cylinder {
	<28.370142, 34.770237, 33.098255>,  <28.448753, 34.726521, 32.875748>, 0.100000
	pigment { color rgbt <1,0,0,0> }
	no_shadow
}
cylinder {
	<28.370142, 34.770237, 33.098255>,  <28.239124, 34.843098, 33.469101>, 0.100000
	pigment { color rgbt <1,0,0,0> }
	no_shadow
}

// particle -1
sphere {
	<28.370142, 34.770237, 33.098255> 0.100000
	pigment { color rgbt <1,0,0,0> }
	no_shadow
}
sphere {
	0, 1
	scale<0.080000,0.200000,0.300000>
	matrix <0.355038, 0.933058, -0.057886,
		0.875593, -0.310200, 0.370288,
		0.327544, -0.182151, -0.927112,
		28.468405, 34.715591, 32.820122>
	pigment { color rgbt <0,1,1,0> }
	no_shadow
}
cylinder {
	<28.826950, 35.027264, 33.293503>,  <28.239124, 34.843098, 33.469101>, 0.130000
	pigment { color rgbt <1,0,0,0> }
	no_shadow
}

// nucleotide -1

// particle -1
sphere {
	<28.826950, 35.027264, 33.293503> 0.250000
	pigment { color rgbt <1,0,0,0> }
	no_shadow
}
cylinder {
	<28.666590, 35.037647, 32.927200>,  <28.570374, 35.043877, 32.707420>, 0.100000
	pigment { color rgbt <1,0,0,0> }
	no_shadow
}
cylinder {
	<28.666590, 35.037647, 32.927200>,  <28.826950, 35.027264, 33.293503>, 0.100000
	pigment { color rgbt <1,0,0,0> }
	no_shadow
}

// particle -1
sphere {
	<28.666590, 35.037647, 32.927200> 0.100000
	pigment { color rgbt <1,0,0,0> }
	no_shadow
}
sphere {
	0, 1
	scale<0.080000,0.200000,0.300000>
	matrix <0.292741, 0.950821, -0.101203,
		0.868090, -0.308651, -0.388785,
		-0.400902, 0.025960, -0.915753,
		28.546320, 35.045437, 32.652473>
	pigment { color rgbt <0,1,1,0> }
	no_shadow
}
cylinder {
	<29.185513, 35.553967, 33.750877>,  <28.826950, 35.027264, 33.293503>, 0.130000
	pigment { color rgbt <1,0,0,0> }
	no_shadow
}

// nucleotide -1

// particle -1
sphere {
	<29.185513, 35.553967, 33.750877> 0.250000
	pigment { color rgbt <1,0,0,0> }
	no_shadow
}
cylinder {
	<29.545095, 35.461819, 33.899902>,  <29.760845, 35.406532, 33.989319>, 0.100000
	pigment { color rgbt <1,0,0,0> }
	no_shadow
}
cylinder {
	<29.545095, 35.461819, 33.899902>,  <29.185513, 35.553967, 33.750877>, 0.100000
	pigment { color rgbt <1,0,0,0> }
	no_shadow
}

// particle -1
sphere {
	<29.545095, 35.461819, 33.899902> 0.100000
	pigment { color rgbt <1,0,0,0> }
	no_shadow
}
sphere {
	0, 1
	scale<0.080000,0.200000,0.300000>
	matrix <-0.435452, -0.377728, 0.817131,
		-0.047511, -0.896802, -0.439875,
		0.898957, -0.230366, 0.372567,
		29.814783, 35.392708, 34.011673>
	pigment { color rgbt <0,1,1,0> }
	no_shadow
}
cylinder {
	<29.085089, 35.215904, 34.311440>,  <29.185513, 35.553967, 33.750877>, 0.130000
	pigment { color rgbt <1,0,0,0> }
	no_shadow
}

// nucleotide -1

// particle -1
sphere {
	<29.085089, 35.215904, 34.311440> 0.250000
	pigment { color rgbt <1,0,0,0> }
	no_shadow
}
cylinder {
	<29.478802, 35.146835, 34.326267>,  <29.715029, 35.105396, 34.335163>, 0.100000
	pigment { color rgbt <1,0,0,0> }
	no_shadow
}
cylinder {
	<29.478802, 35.146835, 34.326267>,  <29.085089, 35.215904, 34.311440>, 0.100000
	pigment { color rgbt <1,0,0,0> }
	no_shadow
}

// particle -1
sphere {
	<29.478802, 35.146835, 34.326267> 0.100000
	pigment { color rgbt <1,0,0,0> }
	no_shadow
}
sphere {
	0, 1
	scale<0.080000,0.200000,0.300000>
	matrix <-0.126461, -0.542588, 0.830425,
		-0.123273, -0.822060, -0.555896,
		0.984282, -0.172668, 0.037072,
		29.774086, 35.095036, 34.337387>
	pigment { color rgbt <0,1,1,0> }
	no_shadow
}
cylinder {
	<29.209078, 34.432838, 34.344147>,  <29.085089, 35.215904, 34.311440>, 0.130000
	pigment { color rgbt <1,0,0,0> }
	no_shadow
}

// nucleotide -1

// particle -1
sphere {
	<29.209078, 34.432838, 34.344147> 0.250000
	pigment { color rgbt <1,0,0,0> }
	no_shadow
}
cylinder {
	<29.483805, 34.640717, 34.547398>,  <29.648642, 34.765442, 34.669350>, 0.100000
	pigment { color rgbt <1,0,0,0> }
	no_shadow
}
cylinder {
	<29.483805, 34.640717, 34.547398>,  <29.209078, 34.432838, 34.344147>, 0.100000
	pigment { color rgbt <1,0,0,0> }
	no_shadow
}

// particle -1
sphere {
	<29.483805, 34.640717, 34.547398> 0.100000
	pigment { color rgbt <1,0,0,0> }
	no_shadow
}
sphere {
	0, 1
	scale<0.080000,0.200000,0.300000>
	matrix <0.033424, -0.720949, 0.692182,
		0.726061, -0.458419, -0.512531,
		0.686818, 0.519697, 0.508130,
		29.689850, 34.796627, 34.699837>
	pigment { color rgbt <0,1,1,0> }
	no_shadow
}
cylinder {
	<29.718859, 33.924747, 34.546219>,  <29.209078, 34.432838, 34.344147>, 0.130000
	pigment { color rgbt <1,0,0,0> }
	no_shadow
}

// nucleotide -1

// particle -1
sphere {
	<29.718859, 33.924747, 34.546219> 0.250000
	pigment { color rgbt <1,0,0,0> }
	no_shadow
}
cylinder {
	<29.754137, 34.199207, 34.835060>,  <29.775305, 34.363884, 35.008366>, 0.100000
	pigment { color rgbt <1,0,0,0> }
	no_shadow
}
cylinder {
	<29.754137, 34.199207, 34.835060>,  <29.718859, 33.924747, 34.546219>, 0.100000
	pigment { color rgbt <1,0,0,0> }
	no_shadow
}

// particle -1
sphere {
	<29.754137, 34.199207, 34.835060> 0.100000
	pigment { color rgbt <1,0,0,0> }
	no_shadow
}
sphere {
	0, 1
	scale<0.080000,0.200000,0.300000>
	matrix <-0.121638, -0.712079, 0.691482,
		0.988648, -0.148820, 0.020660,
		0.088195, 0.686145, 0.722098,
		29.780596, 34.405052, 35.051689>
	pigment { color rgbt <0,1,1,0> }
	no_shadow
}
cylinder {
	<30.193964, 33.719971, 34.990242>,  <29.718859, 33.924747, 34.546219>, 0.130000
	pigment { color rgbt <1,0,0,0> }
	no_shadow
}

// nucleotide -1

// particle -1
sphere {
	<30.193964, 33.719971, 34.990242> 0.250000
	pigment { color rgbt <1,0,0,0> }
	no_shadow
}
cylinder {
	<29.983797, 33.991249, 35.195763>,  <29.857697, 34.154015, 35.319073>, 0.100000
	pigment { color rgbt <1,0,0,0> }
	no_shadow
}
cylinder {
	<29.983797, 33.991249, 35.195763>,  <30.193964, 33.719971, 34.990242>, 0.100000
	pigment { color rgbt <1,0,0,0> }
	no_shadow
}

// particle -1
sphere {
	<29.983797, 33.991249, 35.195763> 0.100000
	pigment { color rgbt <1,0,0,0> }
	no_shadow
}
sphere {
	0, 1
	scale<0.080000,0.200000,0.300000>
	matrix <-0.072220, -0.637239, 0.767275,
		0.847773, 0.366034, 0.383797,
		-0.525419, 0.678192, 0.513799,
		29.826172, 34.194706, 35.349903>
	pigment { color rgbt <0,1,1,0> }
	no_shadow
}
cylinder {
	<30.543453, 33.754253, 35.745766>,  <30.193964, 33.719971, 34.990242>, 0.130000
	pigment { color rgbt <1,0,0,0> }
	no_shadow
}

// nucleotide -1

// particle -1
sphere {
	<30.543453, 33.754253, 35.745766> 0.250000
	pigment { color rgbt <1,0,0,0> }
	no_shadow
}
cylinder {
	<30.161928, 33.874176, 35.738255>,  <29.933012, 33.946129, 35.733749>, 0.100000
	pigment { color rgbt <1,0,0,0> }
	no_shadow
}
cylinder {
	<30.161928, 33.874176, 35.738255>,  <30.543453, 33.754253, 35.745766>, 0.100000
	pigment { color rgbt <1,0,0,0> }
	no_shadow
}

// particle -1
sphere {
	<30.161928, 33.874176, 35.738255> 0.100000
	pigment { color rgbt <1,0,0,0> }
	no_shadow
}
sphere {
	0, 1
	scale<0.080000,0.200000,0.300000>
	matrix <-0.226622, -0.677137, 0.700092,
		0.197179, 0.672013, 0.713806,
		-0.953815, 0.299807, -0.018776,
		29.875784, 33.964119, 35.732620>
	pigment { color rgbt <0,1,1,0> }
	no_shadow
}
cylinder {
	<30.340778, 33.904388, 36.529903>,  <30.543453, 33.754253, 35.745766>, 0.130000
	pigment { color rgbt <1,0,0,0> }
	no_shadow
}

// nucleotide -1

// particle -1
sphere {
	<30.340778, 33.904388, 36.529903> 0.250000
	pigment { color rgbt <1,0,0,0> }
	no_shadow
}
cylinder {
	<30.008120, 33.835503, 36.318733>,  <29.808523, 33.794170, 36.192032>, 0.100000
	pigment { color rgbt <1,0,0,0> }
	no_shadow
}
cylinder {
	<30.008120, 33.835503, 36.318733>,  <30.340778, 33.904388, 36.529903>, 0.100000
	pigment { color rgbt <1,0,0,0> }
	no_shadow
}

// particle -1
sphere {
	<30.008120, 33.835503, 36.318733> 0.100000
	pigment { color rgbt <1,0,0,0> }
	no_shadow
}
sphere {
	0, 1
	scale<0.080000,0.200000,0.300000>
	matrix <-0.322322, -0.624444, 0.711462,
		-0.452184, 0.761848, 0.463808,
		-0.831648, -0.172216, -0.527924,
		29.758625, 33.783836, 36.160355>
	pigment { color rgbt <0,1,1,0> }
	no_shadow
}
cylinder {
	<29.900629, 33.718037, 37.131622>,  <30.340778, 33.904388, 36.529903>, 0.130000
	pigment { color rgbt <1,0,0,0> }
	no_shadow
}

// nucleotide -1

// particle -1
sphere {
	<29.900629, 33.718037, 37.131622> 0.250000
	pigment { color rgbt <1,0,0,0> }
	no_shadow
}
cylinder {
	<29.704754, 33.641224, 36.791428>,  <29.587229, 33.595135, 36.587311>, 0.100000
	pigment { color rgbt <1,0,0,0> }
	no_shadow
}
cylinder {
	<29.704754, 33.641224, 36.791428>,  <29.900629, 33.718037, 37.131622>, 0.100000
	pigment { color rgbt <1,0,0,0> }
	no_shadow
}

// particle -1
sphere {
	<29.704754, 33.641224, 36.791428> 0.100000
	pigment { color rgbt <1,0,0,0> }
	no_shadow
}
sphere {
	0, 1
	scale<0.080000,0.200000,0.300000>
	matrix <-0.592353, -0.642492, 0.486129,
		-0.639786, 0.741840, 0.200867,
		-0.489686, -0.192034, -0.850488,
		29.557848, 33.583614, 36.536282>
	pigment { color rgbt <0,1,1,0> }
	no_shadow
}
cylinder {
	<29.227417, 33.752071, 37.370476>,  <29.900629, 33.718037, 37.131622>, 0.130000
	pigment { color rgbt <1,0,0,0> }
	no_shadow
}

// nucleotide -1

// particle -1
sphere {
	<29.227417, 33.752071, 37.370476> 0.250000
	pigment { color rgbt <1,0,0,0> }
	no_shadow
}
cylinder {
	<29.244963, 33.527714, 37.039783>,  <29.255489, 33.393101, 36.841370>, 0.100000
	pigment { color rgbt <1,0,0,0> }
	no_shadow
}
cylinder {
	<29.244963, 33.527714, 37.039783>,  <29.227417, 33.752071, 37.370476>, 0.100000
	pigment { color rgbt <1,0,0,0> }
	no_shadow
}

// particle -1
sphere {
	<29.244963, 33.527714, 37.039783> 0.100000
	pigment { color rgbt <1,0,0,0> }
	no_shadow
}
sphere {
	0, 1
	scale<0.080000,0.200000,0.300000>
	matrix <-0.461033, -0.745504, 0.481323,
		-0.886298, 0.360036, -0.291289,
		0.043864, -0.560890, -0.826728,
		29.258121, 33.359447, 36.791763>
	pigment { color rgbt <0,1,1,0> }
	no_shadow
}
cylinder {
	<28.510712, 33.506031, 37.129589>,  <29.227417, 33.752071, 37.370476>, 0.130000
	pigment { color rgbt <1,0,0,0> }
	no_shadow
}

// nucleotide -1

// particle -1
sphere {
	<28.510712, 33.506031, 37.129589> 0.250000
	pigment { color rgbt <1,0,0,0> }
	no_shadow
}
cylinder {
	<28.816250, 33.255569, 37.067013>,  <28.999573, 33.105293, 37.029469>, 0.100000
	pigment { color rgbt <1,0,0,0> }
	no_shadow
}
cylinder {
	<28.816250, 33.255569, 37.067013>,  <28.510712, 33.506031, 37.129589>, 0.100000
	pigment { color rgbt <1,0,0,0> }
	no_shadow
}

// particle -1
sphere {
	<28.816250, 33.255569, 37.067013> 0.100000
	pigment { color rgbt <1,0,0,0> }
	no_shadow
}
sphere {
	0, 1
	scale<0.080000,0.200000,0.300000>
	matrix <-0.390529, -0.641394, 0.660380,
		-0.513837, -0.443334, -0.734457,
		0.763845, -0.626154, -0.156437,
		29.045403, 33.067722, 37.020081>
	pigment { color rgbt <0,1,1,0> }
	no_shadow
}
cylinder {
	<28.151716, 32.804935, 36.918816>,  <28.510712, 33.506031, 37.129589>, 0.130000
	pigment { color rgbt <1,0,0,0> }
	no_shadow
}

// nucleotide -1

// particle -1
sphere {
	<28.151716, 32.804935, 36.918816> 0.250000
	pigment { color rgbt <1,0,0,0> }
	no_shadow
}
cylinder {
	<28.517565, 32.749619, 37.070786>,  <28.737074, 32.716431, 37.161968>, 0.100000
	pigment { color rgbt <1,0,0,0> }
	no_shadow
}
cylinder {
	<28.517565, 32.749619, 37.070786>,  <28.151716, 32.804935, 36.918816>, 0.100000
	pigment { color rgbt <1,0,0,0> }
	no_shadow
}

// particle -1
sphere {
	<28.517565, 32.749619, 37.070786> 0.100000
	pigment { color rgbt <1,0,0,0> }
	no_shadow
}
sphere {
	0, 1
	scale<0.080000,0.200000,0.300000>
	matrix <-0.361634, -0.700016, 0.615791,
		0.180795, -0.700609, -0.690261,
		0.914622, -0.138290, 0.379924,
		28.791952, 32.708130, 37.184761>
	pigment { color rgbt <0,1,1,0> }
	no_shadow
}
cylinder {
	<28.461443, 32.068111, 36.871288>,  <28.151716, 32.804935, 36.918816>, 0.130000
	pigment { color rgbt <1,0,0,0> }
	no_shadow
}

// nucleotide -1

// particle -1
sphere {
	<28.461443, 32.068111, 36.871288> 0.250000
	pigment { color rgbt <1,0,0,0> }
	no_shadow
}
cylinder {
	<28.622885, 32.260326, 37.182720>,  <28.719749, 32.375656, 37.369579>, 0.100000
	pigment { color rgbt <1,0,0,0> }
	no_shadow
}
cylinder {
	<28.622885, 32.260326, 37.182720>,  <28.461443, 32.068111, 36.871288>, 0.100000
	pigment { color rgbt <1,0,0,0> }
	no_shadow
}

// particle -1
sphere {
	<28.622885, 32.260326, 37.182720> 0.100000
	pigment { color rgbt <1,0,0,0> }
	no_shadow
}
sphere {
	0, 1
	scale<0.080000,0.200000,0.300000>
	matrix <-0.133427, -0.810955, 0.569693,
		0.905152, -0.333814, -0.263188,
		0.403605, 0.480542, 0.778577,
		28.743967, 32.404488, 37.416294>
	pigment { color rgbt <0,1,1,0> }
	no_shadow
}
cylinder {
	<29.121597, 31.775450, 37.032421>,  <28.461443, 32.068111, 36.871288>, 0.130000
	pigment { color rgbt <1,0,0,0> }
	no_shadow
}

// nucleotide -1

// particle -1
sphere {
	<29.121597, 31.775450, 37.032421> 0.250000
	pigment { color rgbt <1,0,0,0> }
	no_shadow
}
cylinder {
	<28.941963, 31.948883, 37.344913>,  <28.834183, 32.052944, 37.532410>, 0.100000
	pigment { color rgbt <1,0,0,0> }
	no_shadow
}
cylinder {
	<28.941963, 31.948883, 37.344913>,  <29.121597, 31.775450, 37.032421>, 0.100000
	pigment { color rgbt <1,0,0,0> }
	no_shadow
}

// particle -1
sphere {
	<28.941963, 31.948883, 37.344913> 0.100000
	pigment { color rgbt <1,0,0,0> }
	no_shadow
}
sphere {
	0, 1
	scale<0.080000,0.200000,0.300000>
	matrix <0.033395, -0.865610, 0.499605,
		0.892864, 0.250455, 0.374254,
		-0.449087, 0.433581, 0.781235,
		28.807238, 32.078957, 37.579285>
	pigment { color rgbt <0,1,1,0> }
	no_shadow
}
cylinder {
	<29.775383, 32.130074, 36.815750>,  <29.121597, 31.775450, 37.032421>, 0.130000
	pigment { color rgbt <1,0,0,0> }
	no_shadow
}

// nucleotide -1

// particle -1
sphere {
	<29.775383, 32.130074, 36.815750> 0.250000
	pigment { color rgbt <1,0,0,0> }
	no_shadow
}
cylinder {
	<29.414881, 32.301792, 36.792290>,  <29.198580, 32.404823, 36.778214>, 0.100000
	pigment { color rgbt <1,0,0,0> }
	no_shadow
}
cylinder {
	<29.414881, 32.301792, 36.792290>,  <29.775383, 32.130074, 36.815750>, 0.100000
	pigment { color rgbt <1,0,0,0> }
	no_shadow
}

// particle -1
sphere {
	<29.414881, 32.301792, 36.792290> 0.100000
	pigment { color rgbt <1,0,0,0> }
	no_shadow
}
sphere {
	0, 1
	scale<0.080000,0.200000,0.300000>
	matrix <0.395811, 0.760670, -0.514505,
		-0.176263, -0.486915, -0.855480,
		-0.901258, 0.429296, -0.058648,
		29.144503, 32.430580, 36.774696>
	pigment { color rgbt <0,1,1,0> }
	no_shadow
}
cylinder {
	<29.617651, 32.302715, 36.099945>,  <29.775383, 32.130074, 36.815750>, 0.130000
	pigment { color rgbt <1,0,0,0> }
	no_shadow
}

// nucleotide -1

// particle -1
sphere {
	<29.617651, 32.302715, 36.099945> 0.250000
	pigment { color rgbt <1,0,0,0> }
	no_shadow
}
cylinder {
	<29.362164, 32.526253, 36.311501>,  <29.208870, 32.660378, 36.438435>, 0.100000
	pigment { color rgbt <1,0,0,0> }
	no_shadow
}
cylinder {
	<29.362164, 32.526253, 36.311501>,  <29.617651, 32.302715, 36.099945>, 0.100000
	pigment { color rgbt <1,0,0,0> }
	no_shadow
}

// particle -1
sphere {
	<29.362164, 32.526253, 36.311501> 0.100000
	pigment { color rgbt <1,0,0,0> }
	no_shadow
}
sphere {
	0, 1
	scale<0.080000,0.200000,0.300000>
