// switches for output
#declare DRAW_BASES = 1; // possible values are 0, 1; only relevant for DNA ribbons
#declare DRAW_BASES_TYPE = 3; // possible values are 1, 2, 3; only relevant for DNA ribbons
#declare DRAW_FOG = 0; // set to 1 to enable fog

#include "colors.inc"

#include "transforms.inc"
background { rgb <1, 1, 1>}

#default {
   normal{
       ripples 0.25
       frequency 0.20
       turbulence 0.2
       lambda 5
   }
	finish {
		phong 0.1
		phong_size 40.
	}
}

// original window dimensions: 1024x640


// camera settings

camera {
	sky <0, 0.179814, -0.983701>
	up <0, 0.179814, -0.983701>
	right 1.6 * <1, 0, 0>
	location <35, 94.9851, 44.8844>
	look_at <35, 29.7336, 32.9568>
	direction <0, -65.2515, -11.9276>
	angle 67.0682
}


# declare cpy_camera_pos = <35, 94.9851, 44.8844>;
# if (DRAW_FOG = 1)
fog {
	fog_type 2
	up vnormalize(cpy_camera_pos)
	color rgbt<1,1,1,0.3>
	distance 1e-5
	fog_alt 3e-3
	fog_offset 56
}
# end


// LIGHTS

# declare lum = 6;
global_settings {
	ambient_light rgb lum * <0.05, 0.05, 0.05>
	max_trace_level 15
}# declare cpy_direct_light_amount = 0.25;
light_source
{	1000 * <-1, -1.16352, -0.803886>,
	rgb lum * cpy_direct_light_amount
	parallel
}

light_source
{	1000 * <1, 1.16352, 0.803886>,
	rgb lum * cpy_direct_light_amount
	parallel
}

// strand 0

// nucleotide -1

// particle -1
sphere {
	<24.406401, 34.821545, 34.678909> 0.250000
	pigment { color rgbt <1,0,0,0> }
	no_shadow
}
cylinder {
	<24.066845, 34.951733, 34.845501>,  <23.863111, 35.029846, 34.945457>, 0.100000
	pigment { color rgbt <1,0,0,0> }
	no_shadow
}
cylinder {
	<24.066845, 34.951733, 34.845501>,  <24.406401, 34.821545, 34.678909>, 0.100000
	pigment { color rgbt <1,0,0,0> }
	no_shadow
}

// particle -1
sphere {
	<24.066845, 34.951733, 34.845501> 0.100000
	pigment { color rgbt <1,0,0,0> }
	no_shadow
}
sphere {
	0, 1
	scale<0.080000,0.200000,0.300000>
	matrix <0.526458, 0.591011, 0.611187,
		-0.047218, 0.738088, -0.673050,
		-0.848889, 0.325473, 0.416478,
		23.812178, 35.049374, 34.970444>
	pigment { color rgbt <0,1,1,0> }
	no_shadow
}
cylinder {
	<24.743792, 34.143734, 34.612427>,  <24.406401, 34.821545, 34.678909>, 0.130000
	pigment { color rgbt <1,0,0,0> }
	no_shadow
}

// nucleotide -1

// particle -1
sphere {
	<24.743792, 34.143734, 34.612427> 0.250000
	pigment { color rgbt <1,0,0,0> }
	no_shadow
}
cylinder {
	<25.072556, 34.122845, 34.385540>,  <25.269814, 34.110313, 34.249409>, 0.100000
	pigment { color rgbt <1,0,0,0> }
	no_shadow
}
cylinder {
	<25.072556, 34.122845, 34.385540>,  <24.743792, 34.143734, 34.612427>, 0.100000
	pigment { color rgbt <1,0,0,0> }
	no_shadow
}

// particle -1
sphere {
	<25.072556, 34.122845, 34.385540> 0.100000
	pigment { color rgbt <1,0,0,0> }
	no_shadow
}
sphere {
	0, 1
	scale<0.080000,0.200000,0.300000>
	matrix <-0.554022, 0.158145, -0.817343,
		0.132386, 0.986034, 0.101049,
		0.821909, -0.052222, -0.567221,
		25.319128, 34.107178, 34.215374>
	pigment { color rgbt <0,1,1,0> }
	no_shadow
}
cylinder {
	<25.120420, 34.570152, 34.084652>,  <24.743792, 34.143734, 34.612427>, 0.130000
	pigment { color rgbt <1,0,0,0> }
	no_shadow
}

// nucleotide -1

// particle -1
sphere {
	<25.120420, 34.570152, 34.084652> 0.250000
	pigment { color rgbt <1,0,0,0> }
	no_shadow
}
cylinder {
	<25.191917, 34.649727, 33.699223>,  <25.234816, 34.697472, 33.467964>, 0.100000
	pigment { color rgbt <1,0,0,0> }
	no_shadow
}
cylinder {
	<25.191917, 34.649727, 33.699223>,  <25.120420, 34.570152, 34.084652>, 0.100000
	pigment { color rgbt <1,0,0,0> }
	no_shadow
}

// particle -1
sphere {
	<25.191917, 34.649727, 33.699223> 0.100000
	pigment { color rgbt <1,0,0,0> }
	no_shadow
}
sphere {
	0, 1
	scale<0.080000,0.200000,0.300000>
	matrix <0.059386, -0.979741, -0.191263,
		-0.982102, -0.023035, -0.186937,
		0.178744, 0.198941, -0.963573,
		25.245541, 34.709408, 33.410152>
	pigment { color rgbt <0,1,1,0> }
	no_shadow
}
cylinder {
	<24.835716, 33.975399, 33.686630>,  <25.120420, 34.570152, 34.084652>, 0.130000
	pigment { color rgbt <1,0,0,0> }
	no_shadow
}

// nucleotide -1

// particle -1
sphere {
	<24.835716, 33.975399, 33.686630> 0.250000
	pigment { color rgbt <1,0,0,0> }
	no_shadow
}
cylinder {
	<25.110949, 34.165966, 33.467701>,  <25.276089, 34.280308, 33.336342>, 0.100000
	pigment { color rgbt <1,0,0,0> }
	no_shadow
}
cylinder {
	<25.110949, 34.165966, 33.467701>,  <24.835716, 33.975399, 33.686630>, 0.100000
	pigment { color rgbt <1,0,0,0> }
	no_shadow
}

// particle -1
sphere {
	<25.110949, 34.165966, 33.467701> 0.100000
	pigment { color rgbt <1,0,0,0> }
	no_shadow
}
sphere {
	0, 1
	scale<0.080000,0.200000,0.300000>
	matrix <0.161024, -0.835720, -0.525018,
		-0.707541, 0.273123, -0.651759,
		0.688082, 0.476420, -0.547327,
		25.317373, 34.308891, 33.303501>
	pigment { color rgbt <0,1,1,0> }
	no_shadow
}
cylinder {
	<24.669647, 33.867615, 32.987858>,  <24.835716, 33.975399, 33.686630>, 0.130000
	pigment { color rgbt <1,0,0,0> }
	no_shadow
}

// nucleotide -1

// particle -1
sphere {
	<24.669647, 33.867615, 32.987858> 0.250000
	pigment { color rgbt <1,0,0,0> }
	no_shadow
}
cylinder {
	<25.059887, 33.915359, 33.061565>,  <25.294031, 33.944004, 33.105789>, 0.100000
	pigment { color rgbt <1,0,0,0> }
	no_shadow
}
cylinder {
	<25.059887, 33.915359, 33.061565>,  <24.669647, 33.867615, 32.987858>, 0.100000
	pigment { color rgbt <1,0,0,0> }
	no_shadow
}

// particle -1
sphere {
	<25.059887, 33.915359, 33.061565> 0.100000
	pigment { color rgbt <1,0,0,0> }
	no_shadow
}
sphere {
	0, 1
	scale<0.080000,0.200000,0.300000>
	matrix <0.183995, -0.902412, -0.389614,
		0.119786, 0.414013, -0.902355,
		0.975601, 0.119358, 0.184273,
		25.352568, 33.951168, 33.116848>
	pigment { color rgbt <0,1,1,0> }
	no_shadow
}
cylinder {
	<25.111086, 33.787395, 32.420895>,  <24.669647, 33.867615, 32.987858>, 0.130000
	pigment { color rgbt <1,0,0,0> }
	no_shadow
}

// nucleotide -1

// particle -1
sphere {
	<25.111086, 33.787395, 32.420895> 0.250000
	pigment { color rgbt <1,0,0,0> }
	no_shadow
}
cylinder {
	<25.310057, 33.667137, 32.746391>,  <25.429440, 33.594982, 32.941689>, 0.100000
	pigment { color rgbt <1,0,0,0> }
	no_shadow
}
cylinder {
	<25.310057, 33.667137, 32.746391>,  <25.111086, 33.787395, 32.420895>, 0.100000
	pigment { color rgbt <1,0,0,0> }
	no_shadow
}

// particle -1
sphere {
	<25.310057, 33.667137, 32.746391> 0.100000
	pigment { color rgbt <1,0,0,0> }
	no_shadow
}
sphere {
	0, 1
	scale<0.080000,0.200000,0.300000>
	matrix <0.371685, -0.773708, -0.513056,
		0.783849, 0.557663, -0.273117,
		0.497425, -0.300645, 0.813745,
		25.459284, 33.576942, 32.990517>
	pigment { color rgbt <0,1,1,0> }
	no_shadow
}
cylinder {
	<25.872528, 33.752632, 32.199123>,  <25.111086, 33.787395, 32.420895>, 0.130000
	pigment { color rgbt <1,0,0,0> }
	no_shadow
}

// nucleotide -1

// particle -1
sphere {
	<25.872528, 33.752632, 32.199123> 0.250000
	pigment { color rgbt <1,0,0,0> }
	no_shadow
}
cylinder {
	<25.758635, 33.515270, 32.500267>,  <25.690298, 33.372852, 32.680954>, 0.100000
	pigment { color rgbt <1,0,0,0> }
	no_shadow
}
cylinder {
	<25.758635, 33.515270, 32.500267>,  <25.872528, 33.752632, 32.199123>, 0.100000
	pigment { color rgbt <1,0,0,0> }
	no_shadow
}

// particle -1
sphere {
	<25.758635, 33.515270, 32.500267> 0.100000
	pigment { color rgbt <1,0,0,0> }
	no_shadow
}
sphere {
	0, 1
	scale<0.080000,0.200000,0.300000>
	matrix <0.216600, -0.804881, -0.552495,
		0.933815, 0.005755, 0.357709,
		-0.284733, -0.593408, 0.752857,
		25.673214, 33.337246, 32.726124>
	pigment { color rgbt <0,1,1,0> }
	no_shadow
}
cylinder {
	<26.518797, 33.321175, 32.402901>,  <25.872528, 33.752632, 32.199123>, 0.130000
	pigment { color rgbt <1,0,0,0> }
	no_shadow
}

// nucleotide -1

// particle -1
sphere {
	<26.518797, 33.321175, 32.402901> 0.250000
	pigment { color rgbt <1,0,0,0> }
	no_shadow
}
cylinder {
	<26.157749, 33.164333, 32.473934>,  <25.941120, 33.070229, 32.516556>, 0.100000
	pigment { color rgbt <1,0,0,0> }
	no_shadow
}
cylinder {
	<26.157749, 33.164333, 32.473934>,  <26.518797, 33.321175, 32.402901>, 0.100000
	pigment { color rgbt <1,0,0,0> }
	no_shadow
}

// particle -1
sphere {
	<26.157749, 33.164333, 32.473934> 0.100000
	pigment { color rgbt <1,0,0,0> }
	no_shadow
}
sphere {
	0, 1
	scale<0.080000,0.200000,0.300000>
	matrix <0.242424, -0.803982, -0.542995,
		0.355682, -0.447067, 0.820744,
		-0.902619, -0.392102, 0.177582,
		25.886963, 33.046703, 32.527210>
	pigment { color rgbt <0,1,1,0> }
	no_shadow
}
cylinder {
	<26.979263, 33.019009, 31.952139>,  <26.518797, 33.321175, 32.402901>, 0.130000
	pigment { color rgbt <1,0,0,0> }
	no_shadow
}

// nucleotide -1

// particle -1
sphere {
	<26.979263, 33.019009, 31.952139> 0.250000
	pigment { color rgbt <1,0,0,0> }
	no_shadow
}
cylinder {
	<27.023916, 32.989555, 31.555731>,  <27.050707, 32.971882, 31.317886>, 0.100000
	pigment { color rgbt <1,0,0,0> }
	no_shadow
}
cylinder {
	<27.023916, 32.989555, 31.555731>,  <26.979263, 33.019009, 31.952139>, 0.100000
	pigment { color rgbt <1,0,0,0> }
	no_shadow
}

// particle -1
sphere {
	<27.023916, 32.989555, 31.555731> 0.100000
	pigment { color rgbt <1,0,0,0> }
	no_shadow
}
sphere {
	0, 1
	scale<0.080000,0.200000,0.300000>
	matrix <-0.682156, -0.730859, -0.022537,
		-0.722635, 0.678545, -0.131816,
		0.111631, -0.073633, -0.991018,
		27.057405, 32.967464, 31.258425>
	pigment { color rgbt <0,1,1,0> }
	no_shadow
}
cylinder {
	<26.408293, 33.327232, 31.656694>,  <26.979263, 33.019009, 31.952139>, 0.130000
	pigment { color rgbt <1,0,0,0> }
	no_shadow
}

// nucleotide -1

// particle -1
sphere {
	<26.408293, 33.327232, 31.656694> 0.250000
	pigment { color rgbt <1,0,0,0> }
	no_shadow
}
cylinder {
	<26.567568, 33.039680, 31.428782>,  <26.663134, 32.867149, 31.292034>, 0.100000
	pigment { color rgbt <1,0,0,0> }
	no_shadow
}
cylinder {
	<26.567568, 33.039680, 31.428782>,  <26.408293, 33.327232, 31.656694>, 0.100000
	pigment { color rgbt <1,0,0,0> }
	no_shadow
}

// particle -1
sphere {
	<26.567568, 33.039680, 31.428782> 0.100000
	pigment { color rgbt <1,0,0,0> }
	no_shadow
}
sphere {
	0, 1
	scale<0.080000,0.200000,0.300000>
	matrix <-0.863182, -0.503847, 0.032467,
		-0.310424, 0.478899, -0.821153,
		0.398187, -0.718883, -0.569784,
		26.687023, 32.824017, 31.257847>
	pigment { color rgbt <0,1,1,0> }
	no_shadow
}
cylinder {
	<25.829628, 33.089302, 31.272274>,  <26.408293, 33.327232, 31.656694>, 0.130000
	pigment { color rgbt <1,0,0,0> }
	no_shadow
}

// nucleotide -1

// particle -1
sphere {
	<25.829628, 33.089302, 31.272274> 0.250000
	pigment { color rgbt <1,0,0,0> }
	no_shadow
}
cylinder {
	<26.101608, 32.799370, 31.227943>,  <26.264797, 32.625408, 31.201345>, 0.100000
	pigment { color rgbt <1,0,0,0> }
	no_shadow
}
cylinder {
	<26.101608, 32.799370, 31.227943>,  <25.829628, 33.089302, 31.272274>, 0.100000
	pigment { color rgbt <1,0,0,0> }
	no_shadow
}

// particle -1
sphere {
	<26.101608, 32.799370, 31.227943> 0.100000
	pigment { color rgbt <1,0,0,0> }
	no_shadow
}
sphere {
	0, 1
	scale<0.080000,0.200000,0.300000>
	matrix <-0.732002, -0.662145, -0.160426,
		0.042900, 0.190206, -0.980807,
		0.679950, -0.724835, -0.110825,
		26.305593, 32.581921, 31.194696>
	pigment { color rgbt <0,1,1,0> }
	no_shadow
}
cylinder {
	<25.386406, 32.508461, 30.946190>,  <25.829628, 33.089302, 31.272274>, 0.130000
	pigment { color rgbt <1,0,0,0> }
	no_shadow
}

// nucleotide -1

// particle -1
sphere {
	<25.386406, 32.508461, 30.946190> 0.250000
	pigment { color rgbt <1,0,0,0> }
	no_shadow
}
cylinder {
	<25.021669, 32.344540, 30.936354>,  <24.802828, 32.246185, 30.930452>, 0.100000
	pigment { color rgbt <1,0,0,0> }
	no_shadow
}
cylinder {
	<25.021669, 32.344540, 30.936354>,  <25.386406, 32.508461, 30.946190>, 0.100000
	pigment { color rgbt <1,0,0,0> }
	no_shadow
}

// particle -1
sphere {
	<25.021669, 32.344540, 30.936354> 0.100000
	pigment { color rgbt <1,0,0,0> }
	no_shadow
}
sphere {
	0, 1
	scale<0.080000,0.200000,0.300000>
	matrix <0.410075, -0.912024, -0.007119,
		-0.019509, -0.016575, 0.999672,
		-0.911843, -0.409802, -0.024590,
		24.748116, 32.221600, 30.928976>
	pigment { color rgbt <0,1,1,0> }
	no_shadow
}
cylinder {
	<24.910484, 32.281151, 31.487030>,  <25.386406, 32.508461, 30.946190>, 0.130000
	pigment { color rgbt <1,0,0,0> }
	no_shadow
}

// nucleotide -1

// particle -1
sphere {
	<24.910484, 32.281151, 31.487030> 0.250000
	pigment { color rgbt <1,0,0,0> }
	no_shadow
}
cylinder {
	<25.077284, 31.923334, 31.551403>,  <25.177364, 31.708643, 31.590027>, 0.100000
	pigment { color rgbt <1,0,0,0> }
	no_shadow
}
cylinder {
	<25.077284, 31.923334, 31.551403>,  <24.910484, 32.281151, 31.487030>, 0.100000
	pigment { color rgbt <1,0,0,0> }
	no_shadow
}

// particle -1
sphere {
	<25.077284, 31.923334, 31.551403> 0.100000
	pigment { color rgbt <1,0,0,0> }
	no_shadow
}
sphere {
	0, 1
	scale<0.080000,0.200000,0.300000>
	matrix <0.842233, 0.313740, -0.438417,
		0.341693, 0.318363, 0.884246,
		0.416999, -0.894546, 0.160933,
		25.202383, 31.654970, 31.599684>
	pigment { color rgbt <0,1,1,0> }
	no_shadow
}
cylinder {
	<25.544056, 32.544430, 31.742987>,  <24.910484, 32.281151, 31.487030>, 0.130000
	pigment { color rgbt <1,0,0,0> }
	no_shadow
}

// nucleotide -1

// particle -1
sphere {
	<25.544056, 32.544430, 31.742987> 0.250000
	pigment { color rgbt <1,0,0,0> }
	no_shadow
}
cylinder {
	<25.535507, 32.178574, 31.581503>,  <25.530378, 31.959061, 31.484612>, 0.100000
	pigment { color rgbt <1,0,0,0> }
	no_shadow
}
cylinder {
	<25.535507, 32.178574, 31.581503>,  <25.544056, 32.544430, 31.742987>, 0.100000
	pigment { color rgbt <1,0,0,0> }
	no_shadow
}

// particle -1
sphere {
	<25.535507, 32.178574, 31.581503> 0.100000
	pigment { color rgbt <1,0,0,0> }
	no_shadow
}
sphere {
	0, 1
	scale<0.080000,0.200000,0.300000>
	matrix <0.941144, 0.117840, -0.316798,
		0.337328, -0.386721, 0.858287,
		-0.021372, -0.914637, -0.403711,
		25.529095, 31.904182, 31.460390>
	pigment { color rgbt <0,1,1,0> }
	no_shadow
}
cylinder {
	<26.077360, 32.067322, 32.023701>,  <25.544056, 32.544430, 31.742987>, 0.130000
	pigment { color rgbt <1,0,0,0> }
	no_shadow
}

// nucleotide -1

// particle -1
sphere {
	<26.077360, 32.067322, 32.023701> 0.250000
	pigment { color rgbt <1,0,0,0> }
	no_shadow
}
cylinder {
	<25.955160, 31.982943, 31.652288>,  <25.881840, 31.932316, 31.429441>, 0.100000
	pigment { color rgbt <1,0,0,0> }
	no_shadow
}
cylinder {
	<25.955160, 31.982943, 31.652288>,  <26.077360, 32.067322, 32.023701>, 0.100000
	pigment { color rgbt <1,0,0,0> }
	no_shadow
}

// particle -1
sphere {
	<25.955160, 31.982943, 31.652288> 0.100000
	pigment { color rgbt <1,0,0,0> }
	no_shadow
}
sphere {
	0, 1
	scale<0.080000,0.200000,0.300000>
	matrix <0.917477, 0.195694, -0.346323,
		0.254764, -0.957708, 0.133754,
		-0.305502, -0.210947, -0.928531,
		25.863510, 31.919659, 31.373730>
	pigment { color rgbt <0,1,1,0> }
	no_shadow
}
cylinder {
	<26.628847, 31.637442, 31.702492>,  <26.077360, 32.067322, 32.023701>, 0.130000
	pigment { color rgbt <1,0,0,0> }
	no_shadow
}

// nucleotide -1

// particle -1
sphere {
	<26.628847, 31.637442, 31.702492> 0.250000
	pigment { color rgbt <1,0,0,0> }
	no_shadow
}
cylinder {
	<26.419443, 31.826559, 31.418970>,  <26.293800, 31.940029, 31.248857>, 0.100000
	pigment { color rgbt <1,0,0,0> }
	no_shadow
}
cylinder {
	<26.419443, 31.826559, 31.418970>,  <26.628847, 31.637442, 31.702492>, 0.100000
	pigment { color rgbt <1,0,0,0> }
	no_shadow
}

// particle -1
sphere {
	<26.419443, 31.826559, 31.418970> 0.100000
	pigment { color rgbt <1,0,0,0> }
	no_shadow
}
sphere {
	0, 1
	scale<0.080000,0.200000,0.300000>
	matrix <0.842020, 0.414166, -0.345643,
		0.130145, -0.777776, -0.614921,
		-0.523512, 0.472792, -0.708804,
		26.262390, 31.968397, 31.206329>
	pigment { color rgbt <0,1,1,0> }
	no_shadow
}
cylinder {
	<27.127407, 31.697420, 31.124537>,  <26.628847, 31.637442, 31.702492>, 0.130000
	pigment { color rgbt <1,0,0,0> }
	no_shadow
}

// nucleotide -1

// particle -1
sphere {
	<27.127407, 31.697420, 31.124537> 0.250000
	pigment { color rgbt <1,0,0,0> }
	no_shadow
}
cylinder {
	<26.855942, 31.982140, 31.052139>,  <26.693064, 32.152973, 31.008701>, 0.100000
	pigment { color rgbt <1,0,0,0> }
	no_shadow
}
cylinder {
	<26.855942, 31.982140, 31.052139>,  <27.127407, 31.697420, 31.124537>, 0.100000
	pigment { color rgbt <1,0,0,0> }
	no_shadow
}

// particle -1
sphere {
	<26.855942, 31.982140, 31.052139> 0.100000
	pigment { color rgbt <1,0,0,0> }
	no_shadow
}
sphere {
	0, 1
	scale<0.080000,0.200000,0.300000>
	matrix <0.720837, 0.598312, -0.349880,
		-0.140754, -0.367917, -0.919144,
		-0.678662, 0.711800, -0.180994,
		26.652344, 32.195679, 30.997841>
	pigment { color rgbt <0,1,1,0> }
	no_shadow
}
cylinder {
	<27.172113, 32.004536, 30.372358>,  <27.127407, 31.697420, 31.124537>, 0.130000
	pigment { color rgbt <1,0,0,0> }
	no_shadow
}

// nucleotide -1

// particle -1
sphere {
	<27.172113, 32.004536, 30.372358> 0.250000
	pigment { color rgbt <1,0,0,0> }
	no_shadow
}
cylinder {
	<27.026712, 32.237270, 30.663380>,  <26.939472, 32.376911, 30.837994>, 0.100000
	pigment { color rgbt <1,0,0,0> }
	no_shadow
}
cylinder {
	<27.026712, 32.237270, 30.663380>,  <27.172113, 32.004536, 30.372358>, 0.100000
	pigment { color rgbt <1,0,0,0> }
	no_shadow
}

// particle -1
sphere {
	<27.026712, 32.237270, 30.663380> 0.100000
	pigment { color rgbt <1,0,0,0> }
	no_shadow
}
sphere {
	0, 1
	scale<0.080000,0.200000,0.300000>
	matrix <0.813285, 0.579089, -0.056766,
		-0.454347, 0.571075, -0.683698,
		-0.363504, 0.581833, 0.727554,
		26.917662, 32.411819, 30.881645>
	pigment { color rgbt <0,1,1,0> }
	no_shadow
}
cylinder {
	<27.249748, 32.725143, 29.994062>,  <27.172113, 32.004536, 30.372358>, 0.130000
	pigment { color rgbt <1,0,0,0> }
	no_shadow
}

// nucleotide -1

// particle -1
sphere {
	<27.249748, 32.725143, 29.994062> 0.250000
	pigment { color rgbt <1,0,0,0> }
	no_shadow
}
cylinder {
	<27.225555, 32.776459, 30.390018>,  <27.211040, 32.807247, 30.627592>, 0.100000
	pigment { color rgbt <1,0,0,0> }
	no_shadow
}
cylinder {
	<27.225555, 32.776459, 30.390018>,  <27.249748, 32.725143, 29.994062>, 0.100000
	pigment { color rgbt <1,0,0,0> }
	no_shadow
}

// particle -1
sphere {
	<27.225555, 32.776459, 30.390018> 0.100000
	pigment { color rgbt <1,0,0,0> }
	no_shadow
}
sphere {
	0, 1
	scale<0.080000,0.200000,0.300000>
	matrix <0.667120, 0.742879, -0.055519,
		-0.742491, 0.657018, -0.130515,
		-0.060480, 0.128291, 0.989891,
		27.207411, 32.814945, 30.686985>
	pigment { color rgbt <0,1,1,0> }
	no_shadow
}
cylinder {
	<27.117292, 33.457954, 30.278097>,  <27.249748, 32.725143, 29.994062>, 0.130000
	pigment { color rgbt <1,0,0,0> }
	no_shadow
}

// nucleotide -1

// particle -1
sphere {
	<27.117292, 33.457954, 30.278097> 0.250000
	pigment { color rgbt <1,0,0,0> }
	no_shadow
}
cylinder {
	<27.331999, 33.254932, 30.547695>,  <27.460823, 33.133118, 30.709454>, 0.100000
	pigment { color rgbt <1,0,0,0> }
	no_shadow
}
cylinder {
	<27.331999, 33.254932, 30.547695>,  <27.117292, 33.457954, 30.278097>, 0.100000
	pigment { color rgbt <1,0,0,0> }
	no_shadow
}

// particle -1
sphere {
	<27.331999, 33.254932, 30.547695> 0.100000
	pigment { color rgbt <1,0,0,0> }
	no_shadow
}
sphere {
	0, 1
	scale<0.080000,0.200000,0.300000>
	matrix <0.659564, 0.750586, 0.039961,
		-0.526175, 0.423094, 0.737653,
		0.536764, -0.507556, 0.673997,
		27.493029, 33.102665, 30.749893>
	pigment { color rgbt <0,1,1,0> }
	no_shadow
}
cylinder {
	<27.221977, 33.872536, 30.892256>,  <27.117292, 33.457954, 30.278097>, 0.130000
	pigment { color rgbt <1,0,0,0> }
	no_shadow
}

// nucleotide -1

// particle -1
sphere {
	<27.221977, 33.872536, 30.892256> 0.250000
	pigment { color rgbt <1,0,0,0> }
	no_shadow
}
cylinder {
	<27.520849, 33.609058, 30.856840>,  <27.700172, 33.450970, 30.835590>, 0.100000
	pigment { color rgbt <1,0,0,0> }
	no_shadow
}
cylinder {
	<27.520849, 33.609058, 30.856840>,  <27.221977, 33.872536, 30.892256>, 0.100000
	pigment { color rgbt <1,0,0,0> }
	no_shadow
}

// particle -1
sphere {
	<27.520849, 33.609058, 30.856840> 0.100000
	pigment { color rgbt <1,0,0,0> }
	no_shadow
}
sphere {
	0, 1
	scale<0.080000,0.200000,0.300000>
	matrix <0.654406, 0.705871, 0.271106,
		-0.116079, -0.260506, 0.958469,
		0.747180, -0.658698, -0.088541,
		27.745003, 33.411449, 30.830278>
	pigment { color rgbt <0,1,1,0> }
	no_shadow
}
cylinder {
	<27.771990, 34.350922, 31.045181>,  <27.221977, 33.872536, 30.892256>, 0.130000
	pigment { color rgbt <1,0,0,0> }
	no_shadow
}

// nucleotide -1

// particle -1
sphere {
	<27.771990, 34.350922, 31.045181> 0.250000
	pigment { color rgbt <1,0,0,0> }
	no_shadow
}
cylinder {
	<27.929291, 33.985088, 31.007463>,  <28.023670, 33.765587, 30.984833>, 0.100000
	pigment { color rgbt <1,0,0,0> }
	no_shadow
}
cylinder {
	<27.929291, 33.985088, 31.007463>,  <27.771990, 34.350922, 31.045181>, 0.100000
	pigment { color rgbt <1,0,0,0> }
	no_shadow
}

// particle -1
sphere {
	<27.929291, 33.985088, 31.007463> 0.100000
	pigment { color rgbt <1,0,0,0> }
	no_shadow
}
sphere {
	0, 1
	scale<0.080000,0.200000,0.300000>
	matrix <0.911229, 0.374019, 0.172544,
		-0.122537, -0.153778, 0.980478,
		0.393251, -0.914583, -0.094296,
		28.047266, 33.710712, 30.979176>
	pigment { color rgbt <0,1,1,0> }
	no_shadow
}
cylinder {
	<28.115034, 34.180172, 31.670038>,  <27.771990, 34.350922, 31.045181>, 0.130000
	pigment { color rgbt <1,0,0,0> }
	no_shadow
}

// nucleotide -1

// particle -1
sphere {
	<28.115034, 34.180172, 31.670038> 0.250000
	pigment { color rgbt <1,0,0,0> }
	no_shadow
}
cylinder {
	<28.259842, 34.039463, 31.324739>,  <28.346727, 33.955036, 31.117559>, 0.100000
	pigment { color rgbt <1,0,0,0> }
	no_shadow
}
cylinder {
	<28.259842, 34.039463, 31.324739>,  <28.115034, 34.180172, 31.670038>, 0.100000
	pigment { color rgbt <1,0,0,0> }
	no_shadow
}

// particle -1
sphere {
	<28.259842, 34.039463, 31.324739> 0.100000
	pigment { color rgbt <1,0,0,0> }
	no_shadow
}
sphere {
	0, 1
	scale<0.080000,0.200000,0.300000>
	matrix <0.883515, 0.424765, 0.197427,
		0.297228, -0.834164, 0.464570,
		0.362019, -0.351774, -0.863248,
		28.368448, 33.933929, 31.065765>
	pigment { color rgbt <0,1,1,0> }
	no_shadow
}
cylinder {
	<28.626381, 33.642403, 31.794889>,  <28.115034, 34.180172, 31.670038>, 0.130000
	pigment { color rgbt <1,0,0,0> }
	no_shadow
}

// nucleotide -1

// particle -1
sphere {
	<28.626381, 33.642403, 31.794889> 0.250000
	pigment { color rgbt <1,0,0,0> }
	no_shadow
}
cylinder {
	<28.683146, 33.788288, 31.426792>,  <28.717205, 33.875820, 31.205935>, 0.100000
	pigment { color rgbt <1,0,0,0> }
	no_shadow
}
cylinder {
	<28.683146, 33.788288, 31.426792>,  <28.626381, 33.642403, 31.794889>, 0.100000
	pigment { color rgbt <1,0,0,0> }
	no_shadow
}

// particle -1
sphere {
	<28.683146, 33.788288, 31.426792> 0.100000
	pigment { color rgbt <1,0,0,0> }
	no_shadow
}
sphere {
	0, 1
	scale<0.080000,0.200000,0.300000>
	matrix <0.958807, 0.180453, 0.219375,
		0.246069, -0.913468, -0.324078,
		0.141911, 0.364710, -0.920244,
		28.725719, 33.897701, 31.150719>
	pigment { color rgbt <0,1,1,0> }
	no_shadow
}
cylinder {
	<29.214312, 33.279442, 31.531084>,  <28.626381, 33.642403, 31.794889>, 0.130000
	pigment { color rgbt <1,0,0,0> }
	no_shadow
}

// nucleotide -1

// particle -1
sphere {
	<29.214312, 33.279442, 31.531084> 0.250000
	pigment { color rgbt <1,0,0,0> }
	no_shadow
}
cylinder {
	<29.187426, 33.631298, 31.342735>,  <29.171295, 33.842411, 31.229725>, 0.100000
	pigment { color rgbt <1,0,0,0> }
	no_shadow
}
cylinder {
	<29.187426, 33.631298, 31.342735>,  <29.214312, 33.279442, 31.531084>, 0.100000
	pigment { color rgbt <1,0,0,0> }
	no_shadow
}

// particle -1
sphere {
	<29.187426, 33.631298, 31.342735> 0.100000
	pigment { color rgbt <1,0,0,0> }
	no_shadow
}
sphere {
	0, 1
	scale<0.080000,0.200000,0.300000>
	matrix <0.982702, 0.139989, 0.121242,
		0.172566, -0.454580, -0.873830,
		-0.067213, 0.879636, -0.470874,
		29.167261, 33.895187, 31.201473>
	pigment { color rgbt <0,1,1,0> }
	no_shadow
}
cylinder {
	<29.785780, 33.174809, 31.056309>,  <29.214312, 33.279442, 31.531084>, 0.130000
	pigment { color rgbt <1,0,0,0> }
	no_shadow
}

// nucleotide -1

// particle -1
sphere {
	<29.785780, 33.174809, 31.056309> 0.250000
	pigment { color rgbt <1,0,0,0> }
	no_shadow
}
cylinder {
	<29.689062, 33.555370, 31.132589>,  <29.631031, 33.783707, 31.178358>, 0.100000
	pigment { color rgbt <1,0,0,0> }
	no_shadow
}
cylinder {
	<29.689062, 33.555370, 31.132589>,  <29.785780, 33.174809, 31.056309>, 0.100000
	pigment { color rgbt <1,0,0,0> }
	no_shadow
}

// particle -1
sphere {
	<29.689062, 33.555370, 31.132589> 0.100000
	pigment { color rgbt <1,0,0,0> }
	no_shadow
}
sphere {
	0, 1
	scale<0.080000,0.200000,0.300000>
	matrix <0.964422, 0.213985, 0.155242,
		0.106891, 0.221452, -0.969295,
		-0.241794, 0.951404, 0.190700,
		29.616524, 33.840790, 31.189798>
	pigment { color rgbt <0,1,1,0> }
	no_shadow
}
cylinder {
	<30.207222, 33.739292, 30.629696>,  <29.785780, 33.174809, 31.056309>, 0.130000
	pigment { color rgbt <1,0,0,0> }
	no_shadow
}

// nucleotide -1

// particle -1
sphere {
	<30.207222, 33.739292, 30.629696> 0.250000
	pigment { color rgbt <1,0,0,0> }
	no_shadow
}
cylinder {
	<30.109501, 33.840378, 31.004171>,  <30.050867, 33.901028, 31.228857>, 0.100000
	pigment { color rgbt <1,0,0,0> }
	no_shadow
}
cylinder {
	<30.109501, 33.840378, 31.004171>,  <30.207222, 33.739292, 30.629696>, 0.100000
	pigment { color rgbt <1,0,0,0> }
	no_shadow
}

// particle -1
sphere {
	<30.109501, 33.840378, 31.004171> 0.100000
	pigment { color rgbt <1,0,0,0> }
	no_shadow
}
sphere {
	0, 1
	scale<0.080000,0.200000,0.300000>
	matrix <0.968086, 0.007902, 0.250494,
		0.055905, 0.967509, -0.246578,
		-0.244304, 0.252712, 0.936190,
		30.036209, 33.916191, 31.285028>
	pigment { color rgbt <0,1,1,0> }
	no_shadow
}
cylinder {
	<30.895313, 33.754211, 30.257504>,  <30.207222, 33.739292, 30.629696>, 0.130000
	pigment { color rgbt <1,0,0,0> }
	no_shadow
}

// nucleotide -1

// particle -1
sphere {
	<30.895313, 33.754211, 30.257504> 0.250000
	pigment { color rgbt <1,0,0,0> }
	no_shadow
}
cylinder {
	<30.548203, 33.806126, 30.065620>,  <30.339935, 33.837273, 29.950491>, 0.100000
	pigment { color rgbt <1,0,0,0> }
	no_shadow
}
cylinder {
	<30.548203, 33.806126, 30.065620>,  <30.895313, 33.754211, 30.257504>, 0.100000
	pigment { color rgbt <1,0,0,0> }
	no_shadow
}

// particle -1
sphere {
	<30.548203, 33.806126, 30.065620> 0.100000
	pigment { color rgbt <1,0,0,0> }
	no_shadow
}
sphere {
	0, 1
	scale<0.080000,0.200000,0.300000>
	matrix <-0.052747, 0.935788, 0.348596,
		0.494146, 0.327807, -0.805210,
		-0.867777, 0.129785, -0.479706,
		30.287868, 33.845062, 29.921709>
	pigment { color rgbt <0,1,1,0> }
	no_shadow
}
cylinder {
	<30.896645, 34.361313, 29.775015>,  <30.895313, 33.754211, 30.257504>, 0.130000
	pigment { color rgbt <1,0,0,0> }
	no_shadow
}

// nucleotide -1

// particle -1
sphere {
	<30.896645, 34.361313, 29.775015> 0.250000
	pigment { color rgbt <1,0,0,0> }
	no_shadow
}
cylinder {
	<30.534996, 34.291965, 29.931225>,  <30.318007, 34.250359, 30.024950>, 0.100000
	pigment { color rgbt <1,0,0,0> }
	no_shadow
}
cylinder {
	<30.534996, 34.291965, 29.931225>,  <30.896645, 34.361313, 29.775015>, 0.100000
	pigment { color rgbt <1,0,0,0> }
	no_shadow
}

// particle -1
sphere {
	<30.534996, 34.291965, 29.931225> 0.100000
	pigment { color rgbt <1,0,0,0> }
	no_shadow
}
sphere {
	0, 1
	scale<0.080000,0.200000,0.300000>
	matrix <-0.102920, 0.975437, 0.194756,
		-0.414694, 0.135890, -0.899757,
		-0.904122, -0.173367, 0.390523,
		30.263760, 34.239956, 30.048382>
	pigment { color rgbt <0,1,1,0> }
	no_shadow
}
cylinder {
	<31.592566, 34.267048, 29.909740>,  <30.896645, 34.361313, 29.775015>, 0.130000
	pigment { color rgbt <1,0,0,0> }
	no_shadow
}

// nucleotide -1

// particle -1
sphere {
	<31.592566, 34.267048, 29.909740> 0.250000
	pigment { color rgbt <1,0,0,0> }
	no_shadow
}
cylinder {
	<31.693455, 34.163208, 29.536861>,  <31.753988, 34.100903, 29.313133>, 0.100000
	pigment { color rgbt <1,0,0,0> }
	no_shadow
}
cylinder {
	<31.693455, 34.163208, 29.536861>,  <31.592566, 34.267048, 29.909740>, 0.100000
	pigment { color rgbt <1,0,0,0> }
	no_shadow
}

// particle -1
sphere {
	<31.693455, 34.163208, 29.536861> 0.100000
	pigment { color rgbt <1,0,0,0> }
	no_shadow
}
sphere {
	0, 1
	scale<0.080000,0.200000,0.300000>
	matrix <0.743930, -0.564044, 0.358360,
		-0.618831, -0.783876, 0.050860,
		0.252222, -0.259601, -0.932197,
		31.769121, 34.085327, 29.257202>
	pigment { color rgbt <0,1,1,0> }
	no_shadow
}
cylinder {
	<31.573469, 33.545155, 29.883739>,  <31.592566, 34.267048, 29.909740>, 0.130000
	pigment { color rgbt <1,0,0,0> }
	no_shadow
}

// nucleotide -1

// particle -1
sphere {
	<31.573469, 33.545155, 29.883739> 0.250000
	pigment { color rgbt <1,0,0,0> }
	no_shadow
}
cylinder {
	<31.851889, 33.666111, 29.623257>,  <32.018940, 33.738686, 29.466967>, 0.100000
	pigment { color rgbt <1,0,0,0> }
	no_shadow
}
cylinder {
	<31.851889, 33.666111, 29.623257>,  <31.573469, 33.545155, 29.883739>, 0.100000
	pigment { color rgbt <1,0,0,0> }
	no_shadow
}

// particle -1
sphere {
	<31.851889, 33.666111, 29.623257> 0.100000
	pigment { color rgbt <1,0,0,0> }
	no_shadow
}
sphere {
	0, 1
	scale<0.080000,0.200000,0.300000>
	matrix <0.652530, -0.644797, 0.398046,
		-0.299530, -0.701993, -0.646133,
		0.696050, 0.302395, -0.651208,
		32.060703, 33.756828, 29.427895>
	pigment { color rgbt <0,1,1,0> }
	no_shadow
}
cylinder {
	<31.831980, 33.016045, 29.516895>,  <31.573469, 33.545155, 29.883739>, 0.130000
	pigment { color rgbt <1,0,0,0> }
	no_shadow
}

// nucleotide -1

// particle -1
sphere {
	<31.831980, 33.016045, 29.516895> 0.250000
	pigment { color rgbt <1,0,0,0> }
	no_shadow
}
cylinder {
	<32.132233, 33.278606, 29.547060>,  <32.312386, 33.436142, 29.565159>, 0.100000
	pigment { color rgbt <1,0,0,0> }
	no_shadow
}
cylinder {
	<32.132233, 33.278606, 29.547060>,  <31.831980, 33.016045, 29.516895>, 0.100000
	pigment { color rgbt <1,0,0,0> }
	no_shadow
}

// particle -1
sphere {
	<32.132233, 33.278606, 29.547060> 0.100000
	pigment { color rgbt <1,0,0,0> }
	no_shadow
}
sphere {
	0, 1
	scale<0.080000,0.200000,0.300000>
	matrix <0.583157, -0.711838, 0.391427,
		0.310617, -0.249839, -0.917114,
		0.750630, 0.656405, 0.075413,
		32.357422, 33.475529, 29.569683>
	pigment { color rgbt <0,1,1,0> }
	no_shadow
}
cylinder {
	<32.456135, 32.642185, 29.343489>,  <31.831980, 33.016045, 29.516895>, 0.130000
	pigment { color rgbt <1,0,0,0> }
	no_shadow
}

// nucleotide -1

// particle -1
sphere {
	<32.456135, 32.642185, 29.343489> 0.250000
	pigment { color rgbt <1,0,0,0> }
	no_shadow
}
cylinder {
	<32.568050, 32.966526, 29.549107>,  <32.635201, 33.161129, 29.672478>, 0.100000
	pigment { color rgbt <1,0,0,0> }
	no_shadow
}
cylinder {
	<32.568050, 32.966526, 29.549107>,  <32.456135, 32.642185, 29.343489>, 0.100000
	pigment { color rgbt <1,0,0,0> }
	no_shadow
}

// particle -1
sphere {
	<32.568050, 32.966526, 29.549107> 0.100000
	pigment { color rgbt <1,0,0,0> }
	no_shadow
}
sphere {
	0, 1
	scale<0.080000,0.200000,0.300000>
	matrix <0.657049, -0.552115, 0.513279,
		0.700004, 0.194143, -0.687244,
		0.279788, 0.810850, 0.514044,
		32.651985, 33.209782, 29.703320>
	pigment { color rgbt <0,1,1,0> }
	no_shadow
}
cylinder {
	<33.066620, 32.719002, 29.247807>,  <32.456135, 32.642185, 29.343489>, 0.130000
	pigment { color rgbt <1,0,0,0> }
	no_shadow
}

// nucleotide -1

// particle -1
sphere {
	<33.066620, 32.719002, 29.247807> 0.250000
	pigment { color rgbt <1,0,0,0> }
	no_shadow
}
cylinder {
	<33.000195, 32.894211, 29.601204>,  <32.960339, 32.999336, 29.813242>, 0.100000
	pigment { color rgbt <1,0,0,0> }
	no_shadow
}
cylinder {
	<33.000195, 32.894211, 29.601204>,  <33.066620, 32.719002, 29.247807>, 0.100000
	pigment { color rgbt <1,0,0,0> }
	no_shadow
}

// particle -1
sphere {
	<33.000195, 32.894211, 29.601204> 0.100000
	pigment { color rgbt <1,0,0,0> }
	no_shadow
}
sphere {
	0, 1
	scale<0.080000,0.200000,0.300000>
	matrix <0.759496, -0.514626, 0.397902,
		0.628957, 0.737088, -0.247212,
		-0.166067, 0.438020, 0.883493,
		32.950375, 33.025616, 29.866251>
	pigment { color rgbt <0,1,1,0> }
	no_shadow
}
cylinder {
	<33.732857, 32.892109, 29.454161>,  <33.066620, 32.719002, 29.247807>, 0.130000
	pigment { color rgbt <1,0,0,0> }
	no_shadow
}

// nucleotide -1

// particle -1
sphere {
	<33.732857, 32.892109, 29.454161> 0.250000
	pigment { color rgbt <1,0,0,0> }
	no_shadow
}
cylinder {
	<33.494728, 32.865849, 29.774483>,  <33.351852, 32.850094, 29.966675>, 0.100000
	pigment { color rgbt <1,0,0,0> }
	no_shadow
}
cylinder {
	<33.494728, 32.865849, 29.774483>,  <33.732857, 32.892109, 29.454161>, 0.100000
	pigment { color rgbt <1,0,0,0> }
	no_shadow
}

// particle -1
sphere {
	<33.494728, 32.865849, 29.774483> 0.100000
	pigment { color rgbt <1,0,0,0> }
	no_shadow
}
sphere {
	0, 1
	scale<0.080000,0.200000,0.300000>
	matrix <0.740485, -0.431703, 0.515087,
		0.311896, 0.899624, 0.305611,
		-0.595318, -0.065646, 0.800804,
		33.316132, 32.846153, 30.014725>
	pigment { color rgbt <0,1,1,0> }
	no_shadow
}
cylinder {
	<34.137348, 33.413223, 29.880104>,  <33.732857, 32.892109, 29.454161>, 0.130000
	pigment { color rgbt <1,0,0,0> }
	no_shadow
}

// nucleotide -1

// particle -1
sphere {
	<34.137348, 33.413223, 29.880104> 0.250000
	pigment { color rgbt <1,0,0,0> }
	no_shadow
}
cylinder {
	<33.867985, 33.400089, 30.175522>,  <33.706367, 33.392208, 30.352772>, 0.100000
	pigment { color rgbt <1,0,0,0> }
	no_shadow
}
cylinder {
	<33.867985, 33.400089, 30.175522>,  <34.137348, 33.413223, 29.880104>, 0.100000
	pigment { color rgbt <1,0,0,0> }
	no_shadow
}

// particle -1
sphere {
	<33.867985, 33.400089, 30.175522> 0.100000
	pigment { color rgbt <1,0,0,0> }
	no_shadow
}
sphere {
	0, 1
	scale<0.080000,0.200000,0.300000>
	matrix <0.502739, -0.752787, 0.424930,
		0.542011, 0.657445, 0.523441,
		-0.673407, -0.032837, 0.738542,
		33.665962, 33.390240, 30.397085>
	pigment { color rgbt <0,1,1,0> }
	no_shadow
}
cylinder {
	<34.486687, 33.470852, 30.533489>,  <34.137348, 33.413223, 29.880104>, 0.130000
	pigment { color rgbt <1,0,0,0> }
	no_shadow
}

// nucleotide -1

// particle -1
sphere {
	<34.486687, 33.470852, 30.533489> 0.250000
	pigment { color rgbt <1,0,0,0> }
	no_shadow
}
cylinder {
	<34.153934, 33.249649, 30.552065>,  <33.954281, 33.116928, 30.563210>, 0.100000
	pigment { color rgbt <1,0,0,0> }
	no_shadow
}
cylinder {
	<34.153934, 33.249649, 30.552065>,  <34.486687, 33.470852, 30.533489>, 0.100000
	pigment { color rgbt <1,0,0,0> }
	no_shadow
}

// particle -1
sphere {
	<34.153934, 33.249649, 30.552065> 0.100000
	pigment { color rgbt <1,0,0,0> }
	no_shadow
}
sphere {
	0, 1
	scale<0.080000,0.200000,0.300000>
	matrix <0.499656, -0.709961, 0.496286,
		-0.241479, 0.436055, 0.866916,
		-0.831884, -0.553002, 0.046437,
		33.904369, 33.083748, 30.565996>
	pigment { color rgbt <0,1,1,0> }
	no_shadow
}
cylinder {
	<34.382069, 33.455215, 31.226782>,  <34.486687, 33.470852, 30.533489>, 0.130000
	pigment { color rgbt <1,0,0,0> }
	no_shadow
}

// nucleotide -1

// particle -1
sphere {
	<34.382069, 33.455215, 31.226782> 0.250000
	pigment { color rgbt <1,0,0,0> }
	no_shadow
}
cylinder {
	<34.158054, 33.147141, 31.104683>,  <34.023647, 32.962296, 31.031424>, 0.100000
	pigment { color rgbt <1,0,0,0> }
	no_shadow
}
cylinder {
	<34.158054, 33.147141, 31.104683>,  <34.382069, 33.455215, 31.226782>, 0.100000
	pigment { color rgbt <1,0,0,0> }
	no_shadow
}

// particle -1
sphere {
	<34.158054, 33.147141, 31.104683> 0.100000
	pigment { color rgbt <1,0,0,0> }
	no_shadow
}
sphere {
	0, 1
	scale<0.080000,0.200000,0.300000>
	matrix <0.438012, -0.588001, 0.680000,
		-0.703213, 0.247119, 0.666650,
		-0.560032, -0.770187, -0.305249,
		33.990044, 32.916084, 31.013109>
	pigment { color rgbt <0,1,1,0> }
	no_shadow
}
cylinder {
	<33.992085, 33.159706, 31.822514>,  <34.382069, 33.455215, 31.226782>, 0.130000
	pigment { color rgbt <1,0,0,0> }
	no_shadow
}

// nucleotide -1

// particle -1
sphere {
	<33.992085, 33.159706, 31.822514> 0.250000
	pigment { color rgbt <1,0,0,0> }
	no_shadow
}
cylinder {
	<34.071571, 32.877861, 31.550034>,  <34.119263, 32.708755, 31.386545>, 0.100000
	pigment { color rgbt <1,0,0,0> }
	no_shadow
}
cylinder {
	<34.071571, 32.877861, 31.550034>,  <33.992085, 33.159706, 31.822514>, 0.100000
	pigment { color rgbt <1,0,0,0> }
	no_shadow
}

// particle -1
sphere {
	<34.071571, 32.877861, 31.550034> 0.100000
	pigment { color rgbt <1,0,0,0> }
	no_shadow
}
sphere {
	0, 1
	scale<0.080000,0.200000,0.300000>
	matrix <0.239853, -0.638962, 0.730888,
		-0.950253, -0.308631, 0.042027,
		0.198721, -0.704609, -0.681202,
		34.131187, 32.666477, 31.345673>
	pigment { color rgbt <0,1,1,0> }
	no_shadow
}
cylinder {
	<34.401382, 32.711994, 32.330921>,  <33.992085, 33.159706, 31.822514>, 0.130000
	pigment { color rgbt <1,0,0,0> }
	no_shadow
}

// nucleotide -1

// particle -1
sphere {
	<34.401382, 32.711994, 32.330921> 0.250000
	pigment { color rgbt <1,0,0,0> }
	no_shadow
}
cylinder {
	<34.376045, 32.313507, 32.307117>,  <34.360844, 32.074413, 32.292835>, 0.100000
	pigment { color rgbt <1,0,0,0> }
	no_shadow
}
cylinder {
	<34.376045, 32.313507, 32.307117>,  <34.401382, 32.711994, 32.330921>, 0.100000
	pigment { color rgbt <1,0,0,0> }
	no_shadow
}

// particle -1
sphere {
	<34.376045, 32.313507, 32.307117> 0.100000
	pigment { color rgbt <1,0,0,0> }
	no_shadow
}
sphere {
	0, 1
	scale<0.080000,0.200000,0.300000>
	matrix <-0.664015, 0.086583, -0.742689,
		0.745032, -0.007527, -0.666987,
		-0.063340, -0.996216, -0.059509,
		34.357044, 32.014641, 32.289265>
	pigment { color rgbt <0,1,1,0> }
	no_shadow
}
cylinder {
	<34.750069, 32.444206, 31.687563>,  <34.401382, 32.711994, 32.330921>, 0.130000
	pigment { color rgbt <1,0,0,0> }
	no_shadow
}

// nucleotide -1

// particle -1
sphere {
	<34.750069, 32.444206, 31.687563> 0.250000
	pigment { color rgbt <1,0,0,0> }
	no_shadow
}
cylinder {
	<34.420609, 32.250053, 31.804869>,  <34.222931, 32.133560, 31.875252>, 0.100000
	pigment { color rgbt <1,0,0,0> }
	no_shadow
}
cylinder {
	<34.420609, 32.250053, 31.804869>,  <34.750069, 32.444206, 31.687563>, 0.100000
	pigment { color rgbt <1,0,0,0> }
	no_shadow
}

// particle -1
sphere {
	<34.420609, 32.250053, 31.804869> 0.100000
	pigment { color rgbt <1,0,0,0> }
	no_shadow
}
sphere {
	0, 1
	scale<0.080000,0.200000,0.300000>
	matrix <-0.486780, 0.339814, -0.804719,
		0.290931, -0.805568, -0.516159,
		-0.823654, -0.485373, 0.293272,
		34.173512, 32.104439, 31.892849>
	pigment { color rgbt <0,1,1,0> }
	no_shadow
}
cylinder {
	<34.542042, 31.826469, 31.201870>,  <34.750069, 32.444206, 31.687563>, 0.130000
	pigment { color rgbt <1,0,0,0> }
	no_shadow
}

// nucleotide -1

// particle -1
sphere {
	<34.542042, 31.826469, 31.201870> 0.250000
	pigment { color rgbt <1,0,0,0> }
	no_shadow
}
cylinder {
	<34.236805, 32.005394, 31.388464>,  <34.053665, 32.112747, 31.500420>, 0.100000
	pigment { color rgbt <1,0,0,0> }
	no_shadow
}
cylinder {
	<34.236805, 32.005394, 31.388464>,  <34.542042, 31.826469, 31.201870>, 0.100000
	pigment { color rgbt <1,0,0,0> }
	no_shadow
}

// particle -1
sphere {
	<34.236805, 32.005394, 31.388464> 0.100000
	pigment { color rgbt <1,0,0,0> }
	no_shadow
}
sphere {
	0, 1
	scale<0.080000,0.200000,0.300000>
	matrix <-0.262098, 0.445582, -0.856015,
		-0.590764, -0.775479, -0.222779,
		-0.763088, 0.447313, 0.466485,
		34.007877, 32.139587, 31.528410>
	pigment { color rgbt <0,1,1,0> }
	no_shadow
}
cylinder {
	<33.966522, 31.712200, 30.864637>,  <34.542042, 31.826469, 31.201870>, 0.130000
	pigment { color rgbt <1,0,0,0> }
	no_shadow
}

// nucleotide -1

// particle -1
sphere {
	<33.966522, 31.712200, 30.864637> 0.250000
	pigment { color rgbt <1,0,0,0> }
	no_shadow
}
cylinder {
	<33.867783, 32.030334, 31.086090>,  <33.808540, 32.221214, 31.218962>, 0.100000
	pigment { color rgbt <1,0,0,0> }
	no_shadow
}
cylinder {
	<33.867783, 32.030334, 31.086090>,  <33.966522, 31.712200, 30.864637>, 0.100000
	pigment { color rgbt <1,0,0,0> }
	no_shadow
}

// particle -1
sphere {
	<33.867783, 32.030334, 31.086090> 0.100000
	pigment { color rgbt <1,0,0,0> }
	no_shadow
}
sphere {
	0, 1
	scale<0.080000,0.200000,0.300000>
	matrix <-0.356936, 0.456521, -0.814976,
