// switches for output
#declare DRAW_BASES = 1; // possible values are 0, 1; only relevant for DNA ribbons
#declare DRAW_BASES_TYPE = 3; // possible values are 1, 2, 3; only relevant for DNA ribbons
#declare DRAW_FOG = 0; // set to 1 to enable fog

#include "colors.inc"

#include "transforms.inc"
background { rgb <1, 1, 1>}

#default {
   normal{
       ripples 0.25
       frequency 0.20
       turbulence 0.2
       lambda 5
   }
	finish {
		phong 0.1
		phong_size 40.
	}
}

// original window dimensions: 1024x640


// camera settings

camera {
	sky <0, 0.179814, -0.983701>
	up <0, 0.179814, -0.983701>
	right 1.6 * <1, 0, 0>
	location <35, 94.9851, 44.8844>
	look_at <35, 29.7336, 32.9568>
	direction <0, -65.2515, -11.9276>
	angle 67.0682
}


# declare cpy_camera_pos = <35, 94.9851, 44.8844>;
# if (DRAW_FOG = 1)
fog {
	fog_type 2
	up vnormalize(cpy_camera_pos)
	color rgbt<1,1,1,0.3>
	distance 1e-5
	fog_alt 3e-3
	fog_offset 56
}
# end


// LIGHTS

# declare lum = 6;
global_settings {
	ambient_light rgb lum * <0.05, 0.05, 0.05>
	max_trace_level 15
}# declare cpy_direct_light_amount = 0.25;
light_source
{	1000 * <-1, -1.16352, -0.803886>,
	rgb lum * cpy_direct_light_amount
	parallel
}

light_source
{	1000 * <1, 1.16352, 0.803886>,
	rgb lum * cpy_direct_light_amount
	parallel
}

// strand 0

// nucleotide -1

// particle -1
sphere {
	<24.187164, 34.951969, 34.610016> 0.250000
	pigment { color rgbt <1,0,0,0> }
	no_shadow
}
cylinder {
	<24.231642, 35.144516, 34.957790>,  <24.258327, 35.260044, 35.166454>, 0.100000
	pigment { color rgbt <1,0,0,0> }
	no_shadow
}
cylinder {
	<24.231642, 35.144516, 34.957790>,  <24.187164, 34.951969, 34.610016>, 0.100000
	pigment { color rgbt <1,0,0,0> }
	no_shadow
}

// particle -1
sphere {
	<24.231642, 35.144516, 34.957790> 0.100000
	pigment { color rgbt <1,0,0,0> }
	no_shadow
}
sphere {
	0, 1
	scale<0.080000,0.200000,0.300000>
	matrix <0.949088, 0.208024, -0.236555,
		-0.294733, 0.851476, -0.433730,
		0.111194, 0.481368, 0.869437,
		24.264999, 35.288925, 35.218620>
	pigment { color rgbt <0,1,1,0> }
	no_shadow
}
cylinder {
	<24.682299, 35.456959, 34.419250>,  <24.187164, 34.951969, 34.610016>, 0.130000
	pigment { color rgbt <1,0,0,0> }
	no_shadow
}

// nucleotide -1

// particle -1
sphere {
	<24.682299, 35.456959, 34.419250> 0.250000
	pigment { color rgbt <1,0,0,0> }
	no_shadow
}
cylinder {
	<24.673317, 35.432705, 34.818413>,  <24.667927, 35.418152, 35.057911>, 0.100000
	pigment { color rgbt <1,0,0,0> }
	no_shadow
}
cylinder {
	<24.673317, 35.432705, 34.818413>,  <24.682299, 35.456959, 34.419250>, 0.100000
	pigment { color rgbt <1,0,0,0> }
	no_shadow
}

// particle -1
sphere {
	<24.673317, 35.432705, 34.818413> 0.100000
	pigment { color rgbt <1,0,0,0> }
	no_shadow
}
sphere {
	0, 1
	scale<0.080000,0.200000,0.300000>
	matrix <0.999704, -0.010717, 0.021845,
		0.009370, 0.998102, 0.060860,
		-0.022456, -0.060638, 0.997907,
		24.666580, 35.414513, 35.117786>
	pigment { color rgbt <0,1,1,0> }
	no_shadow
}
cylinder {
	<25.345398, 35.465420, 34.512867>,  <24.682299, 35.456959, 34.419250>, 0.130000
	pigment { color rgbt <1,0,0,0> }
	no_shadow
}

// nucleotide -1

// particle -1
sphere {
	<25.345398, 35.465420, 34.512867> 0.250000
	pigment { color rgbt <1,0,0,0> }
	no_shadow
}
cylinder {
	<25.295906, 35.435368, 34.908653>,  <25.266211, 35.417336, 35.146126>, 0.100000
	pigment { color rgbt <1,0,0,0> }
	no_shadow
}
cylinder {
	<25.295906, 35.435368, 34.908653>,  <25.345398, 35.465420, 34.512867>, 0.100000
	pigment { color rgbt <1,0,0,0> }
	no_shadow
}

// particle -1
sphere {
	<25.295906, 35.435368, 34.908653> 0.100000
	pigment { color rgbt <1,0,0,0> }
	no_shadow
}
sphere {
	0, 1
	scale<0.080000,0.200000,0.300000>
	matrix <0.943899, -0.316575, 0.093996,
		0.306178, 0.945588, 0.110087,
		-0.123732, -0.075131, 0.989467,
		25.258787, 35.412827, 35.205494>
	pigment { color rgbt <0,1,1,0> }
	no_shadow
}
cylinder {
	<26.036070, 35.404789, 34.751923>,  <25.345398, 35.465420, 34.512867>, 0.130000
	pigment { color rgbt <1,0,0,0> }
	no_shadow
}

// nucleotide -1

// particle -1
sphere {
	<26.036070, 35.404789, 34.751923> 0.250000
	pigment { color rgbt <1,0,0,0> }
	no_shadow
}
cylinder {
	<25.831240, 35.332302, 35.087765>,  <25.708342, 35.288811, 35.289268>, 0.100000
	pigment { color rgbt <1,0,0,0> }
	no_shadow
}
cylinder {
	<25.831240, 35.332302, 35.087765>,  <26.036070, 35.404789, 34.751923>, 0.100000
	pigment { color rgbt <1,0,0,0> }
	no_shadow
}

// particle -1
sphere {
	<25.831240, 35.332302, 35.087765> 0.100000
	pigment { color rgbt <1,0,0,0> }
	no_shadow
}
sphere {
	0, 1
	scale<0.080000,0.200000,0.300000>
	matrix <0.806614, -0.437419, 0.397541,
		0.295218, 0.880809, 0.370164,
		-0.512075, -0.181218, 0.839607,
		25.677618, 35.277935, 35.339645>
	pigment { color rgbt <0,1,1,0> }
	no_shadow
}
cylinder {
	<26.304461, 35.731270, 35.463070>,  <26.036070, 35.404789, 34.751923>, 0.130000
	pigment { color rgbt <1,0,0,0> }
	no_shadow
}

// nucleotide -1

// particle -1
sphere {
	<26.304461, 35.731270, 35.463070> 0.250000
	pigment { color rgbt <1,0,0,0> }
	no_shadow
}
cylinder {
	<26.142334, 35.377804, 35.556763>,  <26.045059, 35.165726, 35.612976>, 0.100000
	pigment { color rgbt <1,0,0,0> }
	no_shadow
}
cylinder {
	<26.142334, 35.377804, 35.556763>,  <26.304461, 35.731270, 35.463070>, 0.100000
	pigment { color rgbt <1,0,0,0> }
	no_shadow
}

// particle -1
sphere {
	<26.142334, 35.377804, 35.556763> 0.100000
	pigment { color rgbt <1,0,0,0> }
	no_shadow
}
sphere {
	0, 1
	scale<0.080000,0.200000,0.300000>
	matrix <0.884855, -0.314846, 0.343370,
		-0.229677, 0.346433, 0.909524,
		-0.405315, -0.883661, 0.234230,
		26.020741, 35.112705, 35.627033>
	pigment { color rgbt <0,1,1,0> }
	no_shadow
}
cylinder {
	<26.511198, 35.484367, 36.143379>,  <26.304461, 35.731270, 35.463070>, 0.130000
	pigment { color rgbt <1,0,0,0> }
	no_shadow
}

// nucleotide -1

// particle -1
sphere {
	<26.511198, 35.484367, 36.143379> 0.250000
	pigment { color rgbt <1,0,0,0> }
	no_shadow
}
cylinder {
	<26.441875, 35.170803, 35.904903>,  <26.400282, 34.982662, 35.761818>, 0.100000
	pigment { color rgbt <1,0,0,0> }
	no_shadow
}
cylinder {
	<26.441875, 35.170803, 35.904903>,  <26.511198, 35.484367, 36.143379>, 0.100000
	pigment { color rgbt <1,0,0,0> }
	no_shadow
}

// particle -1
sphere {
	<26.441875, 35.170803, 35.904903> 0.100000
	pigment { color rgbt <1,0,0,0> }
	no_shadow
}
sphere {
	0, 1
	scale<0.080000,0.200000,0.300000>
	matrix <0.946423, -0.300044, 0.119405,
		-0.272486, -0.543553, 0.793915,
		-0.173307, -0.783915, -0.596189,
		26.389883, 34.935627, 35.726048>
	pigment { color rgbt <0,1,1,0> }
	no_shadow
}
cylinder {
	<27.274269, 35.755501, 36.356419>,  <26.511198, 35.484367, 36.143379>, 0.130000
	pigment { color rgbt <1,0,0,0> }
	no_shadow
}

// nucleotide -1

// particle -1
sphere {
	<27.274269, 35.755501, 36.356419> 0.250000
	pigment { color rgbt <1,0,0,0> }
	no_shadow
}
cylinder {
	<27.038803, 35.806011, 36.037037>,  <26.897524, 35.836319, 35.845409>, 0.100000
	pigment { color rgbt <1,0,0,0> }
	no_shadow
}
cylinder {
	<27.038803, 35.806011, 36.037037>,  <27.274269, 35.755501, 36.356419>, 0.100000
	pigment { color rgbt <1,0,0,0> }
	no_shadow
}

// particle -1
sphere {
	<27.038803, 35.806011, 36.037037> 0.100000
	pigment { color rgbt <1,0,0,0> }
	no_shadow
}
sphere {
	0, 1
	scale<0.080000,0.200000,0.300000>
	matrix <0.798272, 0.246499, -0.549545,
		0.127423, -0.960881, -0.245909,
		-0.588664, 0.126278, -0.798455,
		26.862204, 35.843895, 35.797501>
	pigment { color rgbt <0,1,1,0> }
	no_shadow
}
cylinder {
	<27.579435, 35.347610, 35.819023>,  <27.274269, 35.755501, 36.356419>, 0.130000
	pigment { color rgbt <1,0,0,0> }
	no_shadow
}

// nucleotide -1

// particle -1
sphere {
	<27.579435, 35.347610, 35.819023> 0.250000
	pigment { color rgbt <1,0,0,0> }
	no_shadow
}
cylinder {
	<27.358913, 35.644516, 35.666653>,  <27.226601, 35.822659, 35.575230>, 0.100000
	pigment { color rgbt <1,0,0,0> }
	no_shadow
}
cylinder {
	<27.358913, 35.644516, 35.666653>,  <27.579435, 35.347610, 35.819023>, 0.100000
	pigment { color rgbt <1,0,0,0> }
	no_shadow
}

// particle -1
sphere {
	<27.358913, 35.644516, 35.666653> 0.100000
	pigment { color rgbt <1,0,0,0> }
	no_shadow
}
sphere {
	0, 1
	scale<0.080000,0.200000,0.300000>
	matrix <0.753836, 0.247549, -0.608648,
		-0.357481, -0.622705, -0.696022,
		-0.551307, 0.742266, -0.380923,
		27.193521, 35.867195, 35.552376>
	pigment { color rgbt <0,1,1,0> }
	no_shadow
}
cylinder {
	<28.080713, 34.929874, 35.431576>,  <27.579435, 35.347610, 35.819023>, 0.130000
	pigment { color rgbt <1,0,0,0> }
	no_shadow
}

// nucleotide -1

// particle -1
sphere {
	<28.080713, 34.929874, 35.431576> 0.250000
	pigment { color rgbt <1,0,0,0> }
	no_shadow
}
cylinder {
	<28.291283, 34.808773, 35.113781>,  <28.417625, 34.736111, 34.923103>, 0.100000
	pigment { color rgbt <1,0,0,0> }
	no_shadow
}
cylinder {
	<28.291283, 34.808773, 35.113781>,  <28.080713, 34.929874, 35.431576>, 0.100000
	pigment { color rgbt <1,0,0,0> }
	no_shadow
}

// particle -1
sphere {
	<28.291283, 34.808773, 35.113781> 0.100000
	pigment { color rgbt <1,0,0,0> }
	no_shadow
}
sphere {
	0, 1
	scale<0.080000,0.200000,0.300000>
	matrix <-0.338027, -0.931952, 0.131160,
		-0.780137, 0.199514, -0.592942,
		0.526426, -0.302753, -0.794491,
		28.449211, 34.717949, 34.875435>
	pigment { color rgbt <0,1,1,0> }
	no_shadow
}
cylinder {
	<27.623507, 34.671928, 35.060001>,  <28.080713, 34.929874, 35.431576>, 0.130000
	pigment { color rgbt <1,0,0,0> }
	no_shadow
}

// nucleotide -1

// particle -1
sphere {
	<27.623507, 34.671928, 35.060001> 0.250000
	pigment { color rgbt <1,0,0,0> }
	no_shadow
}
cylinder {
	<27.968420, 34.510075, 34.938190>,  <28.175367, 34.412960, 34.865105>, 0.100000
	pigment { color rgbt <1,0,0,0> }
	no_shadow
}
cylinder {
	<27.968420, 34.510075, 34.938190>,  <27.623507, 34.671928, 35.060001>, 0.100000
	pigment { color rgbt <1,0,0,0> }
	no_shadow
}

// particle -1
sphere {
	<27.968420, 34.510075, 34.938190> 0.100000
	pigment { color rgbt <1,0,0,0> }
	no_shadow
}
sphere {
	0, 1
	scale<0.080000,0.200000,0.300000>
	matrix <-0.407139, -0.911502, 0.058323,
		-0.301177, 0.073694, -0.950716,
		0.862282, -0.404639, -0.304527,
		28.227104, 34.388683, 34.846832>
	pigment { color rgbt <0,1,1,0> }
	no_shadow
}
cylinder {
	<27.432455, 34.146164, 34.604015>,  <27.623507, 34.671928, 35.060001>, 0.130000
	pigment { color rgbt <1,0,0,0> }
	no_shadow
}

// nucleotide -1

// particle -1
sphere {
	<27.432455, 34.146164, 34.604015> 0.250000
	pigment { color rgbt <1,0,0,0> }
	no_shadow
}
cylinder {
	<27.807350, 34.022152, 34.667843>,  <28.032288, 33.947742, 34.706139>, 0.100000
	pigment { color rgbt <1,0,0,0> }
	no_shadow
}
cylinder {
	<27.807350, 34.022152, 34.667843>,  <27.432455, 34.146164, 34.604015>, 0.100000
	pigment { color rgbt <1,0,0,0> }
	no_shadow
}

// particle -1
sphere {
	<27.807350, 34.022152, 34.667843> 0.100000
	pigment { color rgbt <1,0,0,0> }
	no_shadow
}
sphere {
	0, 1
	scale<0.080000,0.200000,0.300000>
	matrix <-0.327283, -0.940052, 0.095853,
		0.120288, -0.142062, -0.982522,
		0.937239, -0.310032, 0.159572,
		28.088522, 33.929142, 34.715714>
	pigment { color rgbt <0,1,1,0> }
	no_shadow
}
cylinder {
	<27.574778, 33.643887, 34.099674>,  <27.432455, 34.146164, 34.604015>, 0.130000
	pigment { color rgbt <1,0,0,0> }
	no_shadow
}

// nucleotide -1

// particle -1
sphere {
	<27.574778, 33.643887, 34.099674> 0.250000
	pigment { color rgbt <1,0,0,0> }
	no_shadow
}
cylinder {
	<27.810751, 33.573196, 34.414825>,  <27.952335, 33.530785, 34.603916>, 0.100000
	pigment { color rgbt <1,0,0,0> }
	no_shadow
}
cylinder {
	<27.810751, 33.573196, 34.414825>,  <27.574778, 33.643887, 34.099674>, 0.100000
	pigment { color rgbt <1,0,0,0> }
	no_shadow
}

// particle -1
sphere {
	<27.810751, 33.573196, 34.414825> 0.100000
	pigment { color rgbt <1,0,0,0> }
	no_shadow
}
sphere {
	0, 1
	scale<0.080000,0.200000,0.300000>
	matrix <-0.227933, -0.972519, -0.047469,
		0.774613, -0.151579, -0.614002,
		0.589933, -0.176721, 0.787876,
		27.987730, 33.520180, 34.651188>
	pigment { color rgbt <0,1,1,0> }
	no_shadow
}
cylinder {
	<27.218395, 33.365246, 34.775318>,  <27.574778, 33.643887, 34.099674>, 0.130000
	pigment { color rgbt <1,0,0,0> }
	no_shadow
}

// nucleotide -1

// particle -1
sphere {
	<27.218395, 33.365246, 34.775318> 0.250000
	pigment { color rgbt <1,0,0,0> }
	no_shadow
}
cylinder {
	<26.948009, 33.421181, 35.064735>,  <26.785778, 33.454742, 35.238388>, 0.100000
	pigment { color rgbt <1,0,0,0> }
	no_shadow
}
cylinder {
	<26.948009, 33.421181, 35.064735>,  <27.218395, 33.365246, 34.775318>, 0.100000
	pigment { color rgbt <1,0,0,0> }
	no_shadow
}

// particle -1
sphere {
	<26.948009, 33.421181, 35.064735> 0.100000
	pigment { color rgbt <1,0,0,0> }
	no_shadow
}
sphere {
	0, 1
	scale<0.080000,0.200000,0.300000>
	matrix <0.658107, -0.327270, 0.678078,
		0.331614, 0.934527, 0.129196,
		-0.675964, 0.139835, 0.723546,
		26.745220, 33.463131, 35.281799>
	pigment { color rgbt <0,1,1,0> }
	no_shadow
}
cylinder {
	<27.555979, 32.795582, 35.082710>,  <27.218395, 33.365246, 34.775318>, 0.130000
	pigment { color rgbt <1,0,0,0> }
	no_shadow
}

// nucleotide -1

// particle -1
sphere {
	<27.555979, 32.795582, 35.082710> 0.250000
	pigment { color rgbt <1,0,0,0> }
	no_shadow
}
cylinder {
	<27.884663, 32.731621, 34.863907>,  <28.081873, 32.693245, 34.732624>, 0.100000
	pigment { color rgbt <1,0,0,0> }
	no_shadow
}
cylinder {
	<27.884663, 32.731621, 34.863907>,  <27.555979, 32.795582, 35.082710>, 0.100000
	pigment { color rgbt <1,0,0,0> }
	no_shadow
}

// particle -1
sphere {
	<27.884663, 32.731621, 34.863907> 0.100000
	pigment { color rgbt <1,0,0,0> }
	no_shadow
}
sphere {
	0, 1
	scale<0.080000,0.200000,0.300000>
	matrix <0.391908, 0.855405, 0.338658,
		0.413763, -0.492657, 0.765564,
		0.821710, -0.159907, -0.547012,
		28.131176, 32.683647, 34.699802>
	pigment { color rgbt <0,1,1,0> }
	no_shadow
}
cylinder {
	<28.171259, 32.911713, 35.578213>,  <27.555979, 32.795582, 35.082710>, 0.130000
	pigment { color rgbt <1,0,0,0> }
	no_shadow
}

// nucleotide -1

// particle -1
sphere {
	<28.171259, 32.911713, 35.578213> 0.250000
	pigment { color rgbt <1,0,0,0> }
	no_shadow
}
cylinder {
	<28.234596, 32.971134, 35.187756>,  <28.272598, 33.006786, 34.953480>, 0.100000
	pigment { color rgbt <1,0,0,0> }
	no_shadow
}
cylinder {
	<28.234596, 32.971134, 35.187756>,  <28.171259, 32.911713, 35.578213>, 0.100000
	pigment { color rgbt <1,0,0,0> }
	no_shadow
}

// particle -1
sphere {
	<28.234596, 32.971134, 35.187756> 0.100000
	pigment { color rgbt <1,0,0,0> }
	no_shadow
}
sphere {
	0, 1
	scale<0.080000,0.200000,0.300000>
	matrix <0.230376, 0.955773, 0.182826,
		0.960133, -0.253829, 0.117114,
		0.158341, 0.148557, -0.976145,
		28.282099, 33.015701, 34.894913>
	pigment { color rgbt <0,1,1,0> }
	no_shadow
}
cylinder {
	<28.688589, 33.465221, 35.525639>,  <28.171259, 32.911713, 35.578213>, 0.130000
	pigment { color rgbt <1,0,0,0> }
	no_shadow
}

// nucleotide -1

// particle -1
sphere {
	<28.688589, 33.465221, 35.525639> 0.250000
	pigment { color rgbt <1,0,0,0> }
	no_shadow
}
cylinder {
	<28.562269, 33.436291, 35.147213>,  <28.486477, 33.418934, 34.920158>, 0.100000
	pigment { color rgbt <1,0,0,0> }
	no_shadow
}
cylinder {
	<28.562269, 33.436291, 35.147213>,  <28.688589, 33.465221, 35.525639>, 0.100000
	pigment { color rgbt <1,0,0,0> }
	no_shadow
}

// particle -1
sphere {
	<28.562269, 33.436291, 35.147213> 0.100000
	pigment { color rgbt <1,0,0,0> }
	no_shadow
}
sphere {
	0, 1
	scale<0.080000,0.200000,0.300000>
	matrix <0.204388, 0.968497, -0.142264,
		0.926551, -0.238291, -0.291068,
		-0.315798, -0.072324, -0.946066,
		28.467529, 33.414593, 34.863392>
	pigment { color rgbt <0,1,1,0> }
	no_shadow
}
cylinder {
	<29.243998, 33.470417, 34.918518>,  <28.688589, 33.465221, 35.525639>, 0.130000
	pigment { color rgbt <1,0,0,0> }
	no_shadow
}

// nucleotide -1

// particle -1
sphere {
	<29.243998, 33.470417, 34.918518> 0.250000
	pigment { color rgbt <1,0,0,0> }
	no_shadow
}
cylinder {
	<28.880779, 33.618496, 34.840130>,  <28.662848, 33.707344, 34.793098>, 0.100000
	pigment { color rgbt <1,0,0,0> }
	no_shadow
}
cylinder {
	<28.880779, 33.618496, 34.840130>,  <29.243998, 33.470417, 34.918518>, 0.100000
	pigment { color rgbt <1,0,0,0> }
	no_shadow
}

// particle -1
sphere {
	<28.880779, 33.618496, 34.840130> 0.100000
	pigment { color rgbt <1,0,0,0> }
	no_shadow
}
sphere {
	0, 1
	scale<0.080000,0.200000,0.300000>
	matrix <0.404683, 0.896088, -0.182368,
		0.108095, -0.244905, -0.963502,
		-0.908046, 0.370200, -0.195972,
		28.608366, 33.729557, 34.781338>
	pigment { color rgbt <0,1,1,0> }
	no_shadow
}
cylinder {
	<29.292093, 33.841785, 34.262165>,  <29.243998, 33.470417, 34.918518>, 0.130000
	pigment { color rgbt <1,0,0,0> }
	no_shadow
}

// nucleotide -1

// particle -1
sphere {
	<29.292093, 33.841785, 34.262165> 0.250000
	pigment { color rgbt <1,0,0,0> }
	no_shadow
}
cylinder {
	<28.985214, 34.001778, 34.462734>,  <28.801086, 34.097771, 34.583076>, 0.100000
	pigment { color rgbt <1,0,0,0> }
	no_shadow
}
cylinder {
	<28.985214, 34.001778, 34.462734>,  <29.292093, 33.841785, 34.262165>, 0.100000
	pigment { color rgbt <1,0,0,0> }
	no_shadow
}

// particle -1
sphere {
	<28.985214, 34.001778, 34.462734> 0.100000
	pigment { color rgbt <1,0,0,0> }
	no_shadow
}
sphere {
	0, 1
	scale<0.080000,0.200000,0.300000>
	matrix <0.301312, 0.914867, -0.268754,
		-0.566233, -0.055102, -0.822401,
		-0.767197, 0.399977, 0.501425,
		28.755054, 34.121769, 34.613163>
	pigment { color rgbt <0,1,1,0> }
	no_shadow
}
cylinder {
	<29.218199, 34.321079, 33.848339>,  <29.292093, 33.841785, 34.262165>, 0.130000
	pigment { color rgbt <1,0,0,0> }
	no_shadow
}

// nucleotide -1

// particle -1
sphere {
	<29.218199, 34.321079, 33.848339> 0.250000
	pigment { color rgbt <1,0,0,0> }
	no_shadow
}
cylinder {
	<28.994144, 34.425610, 34.162781>,  <28.859713, 34.488327, 34.351444>, 0.100000
	pigment { color rgbt <1,0,0,0> }
	no_shadow
}
cylinder {
	<28.994144, 34.425610, 34.162781>,  <29.218199, 34.321079, 33.848339>, 0.100000
	pigment { color rgbt <1,0,0,0> }
	no_shadow
}

// particle -1
sphere {
	<28.994144, 34.425610, 34.162781> 0.100000
	pigment { color rgbt <1,0,0,0> }
	no_shadow
}
sphere {
	0, 1
	scale<0.080000,0.200000,0.300000>
	matrix <0.241653, 0.959212, -0.146683,
		-0.792372, 0.107802, -0.600437,
		-0.560134, 0.261325, 0.786104,
		28.826105, 34.504005, 34.398613>
	pigment { color rgbt <0,1,1,0> }
	no_shadow
}
cylinder {
	<29.855211, 34.393654, 33.370037>,  <29.218199, 34.321079, 33.848339>, 0.130000
	pigment { color rgbt <1,0,0,0> }
	no_shadow
}

// nucleotide -1

// particle -1
sphere {
	<29.855211, 34.393654, 33.370037> 0.250000
	pigment { color rgbt <1,0,0,0> }
	no_shadow
}
cylinder {
	<29.968203, 34.202019, 33.702465>,  <30.035997, 34.087036, 33.901920>, 0.100000
	pigment { color rgbt <1,0,0,0> }
	no_shadow
}
cylinder {
	<29.968203, 34.202019, 33.702465>,  <29.855211, 34.393654, 33.370037>, 0.100000
	pigment { color rgbt <1,0,0,0> }
	no_shadow
}

// particle -1
sphere {
	<29.968203, 34.202019, 33.702465> 0.100000
	pigment { color rgbt <1,0,0,0> }
	no_shadow
}
sphere {
	0, 1
	scale<0.080000,0.200000,0.300000>
	matrix <0.426722, -0.713158, -0.556160,
		0.859136, 0.511739, 0.002987,
		0.282479, -0.479091, 0.831070,
		30.052946, 34.058292, 33.951786>
	pigment { color rgbt <0,1,1,0> }
	no_shadow
}
cylinder {
	<30.588118, 34.404118, 33.431084>,  <29.855211, 34.393654, 33.370037>, 0.130000
	pigment { color rgbt <1,0,0,0> }
	no_shadow
}

// nucleotide -1

// particle -1
sphere {
	<30.588118, 34.404118, 33.431084> 0.250000
	pigment { color rgbt <1,0,0,0> }
	no_shadow
}
cylinder {
	<30.406622, 34.092064, 33.603367>,  <30.297726, 33.904831, 33.706738>, 0.100000
	pigment { color rgbt <1,0,0,0> }
	no_shadow
}
cylinder {
	<30.406622, 34.092064, 33.603367>,  <30.588118, 34.404118, 33.431084>, 0.100000
	pigment { color rgbt <1,0,0,0> }
	no_shadow
}

// particle -1
sphere {
	<30.406622, 34.092064, 33.603367> 0.100000
	pigment { color rgbt <1,0,0,0> }
	no_shadow
}
sphere {
	0, 1
	scale<0.080000,0.200000,0.300000>
	matrix <0.455715, -0.618482, -0.640159,
		0.765798, -0.094182, 0.636148,
		-0.453737, -0.780135, 0.430712,
		30.270500, 33.858025, 33.732582>
	pigment { color rgbt <0,1,1,0> }
	no_shadow
}
cylinder {
	<31.097073, 33.895988, 33.682816>,  <30.588118, 34.404118, 33.431084>, 0.130000
	pigment { color rgbt <1,0,0,0> }
	no_shadow
}

// nucleotide -1

// particle -1
sphere {
	<31.097073, 33.895988, 33.682816> 0.250000
	pigment { color rgbt <1,0,0,0> }
	no_shadow
}
cylinder {
	<30.743734, 33.730629, 33.594448>,  <30.531733, 33.631413, 33.541428>, 0.100000
	pigment { color rgbt <1,0,0,0> }
	no_shadow
}
cylinder {
	<30.743734, 33.730629, 33.594448>,  <31.097073, 33.895988, 33.682816>, 0.100000
	pigment { color rgbt <1,0,0,0> }
	no_shadow
}

// particle -1
sphere {
	<30.743734, 33.730629, 33.594448> 0.100000
	pigment { color rgbt <1,0,0,0> }
	no_shadow
}
sphere {
	0, 1
	scale<0.080000,0.200000,0.300000>
	matrix <0.466621, -0.730970, -0.497944,
		0.044364, -0.542941, 0.838598,
		-0.883344, -0.413399, -0.220918,
		30.478731, 33.606609, 33.528172>
	pigment { color rgbt <0,1,1,0> }
	no_shadow
}
cylinder {
	<31.103672, 33.128746, 33.850677>,  <31.097073, 33.895988, 33.682816>, 0.130000
	pigment { color rgbt <1,0,0,0> }
	no_shadow
}

// nucleotide -1

// particle -1
sphere {
	<31.103672, 33.128746, 33.850677> 0.250000
	pigment { color rgbt <1,0,0,0> }
	no_shadow
}
cylinder {
	<30.878698, 33.273464, 33.553284>,  <30.743713, 33.360294, 33.374847>, 0.100000
	pigment { color rgbt <1,0,0,0> }
	no_shadow
}
cylinder {
	<30.878698, 33.273464, 33.553284>,  <31.103672, 33.128746, 33.850677>, 0.100000
	pigment { color rgbt <1,0,0,0> }
	no_shadow
}

// particle -1
sphere {
	<30.878698, 33.273464, 33.553284> 0.100000
	pigment { color rgbt <1,0,0,0> }
	no_shadow
}
sphere {
	0, 1
	scale<0.080000,0.200000,0.300000>
	matrix <0.487300, -0.581395, -0.651551,
		-0.667986, -0.728756, 0.150696,
		-0.562435, 0.361793, -0.743487,
		30.709969, 33.382004, 33.330238>
	pigment { color rgbt <0,1,1,0> }
	no_shadow
}
cylinder {
	<31.181984, 32.676464, 33.320072>,  <31.103672, 33.128746, 33.850677>, 0.130000
	pigment { color rgbt <1,0,0,0> }
	no_shadow
}

// nucleotide -1

// particle -1
sphere {
	<31.181984, 32.676464, 33.320072> 0.250000
	pigment { color rgbt <1,0,0,0> }
	no_shadow
}
cylinder {
	<30.972902, 32.938370, 33.101692>,  <30.847452, 33.095512, 32.970665>, 0.100000
	pigment { color rgbt <1,0,0,0> }
	no_shadow
}
cylinder {
	<30.972902, 32.938370, 33.101692>,  <31.181984, 32.676464, 33.320072>, 0.100000
	pigment { color rgbt <1,0,0,0> }
	no_shadow
}

// particle -1
sphere {
	<30.972902, 32.938370, 33.101692> 0.100000
	pigment { color rgbt <1,0,0,0> }
	no_shadow
}
sphere {
	0, 1
	scale<0.080000,0.200000,0.300000>
	matrix <0.405350, -0.372493, -0.834830,
		-0.749979, -0.657672, -0.070705,
		-0.522707, 0.654765, -0.545949,
		30.816090, 33.134800, 32.937908>
	pigment { color rgbt <0,1,1,0> }
	no_shadow
}
cylinder {
	<30.962969, 32.266178, 32.748039>,  <31.181984, 32.676464, 33.320072>, 0.130000
	pigment { color rgbt <1,0,0,0> }
	no_shadow
}

// nucleotide -1

// particle -1
sphere {
	<30.962969, 32.266178, 32.748039> 0.250000
	pigment { color rgbt <1,0,0,0> }
	no_shadow
}
cylinder {
	<31.019543, 32.658737, 32.696098>,  <31.053486, 32.894272, 32.664932>, 0.100000
	pigment { color rgbt <1,0,0,0> }
	no_shadow
}
cylinder {
	<31.019543, 32.658737, 32.696098>,  <30.962969, 32.266178, 32.748039>, 0.100000
	pigment { color rgbt <1,0,0,0> }
	no_shadow
}

// particle -1
sphere {
	<31.019543, 32.658737, 32.696098> 0.100000
	pigment { color rgbt <1,0,0,0> }
	no_shadow
}
sphere {
	0, 1
	scale<0.080000,0.200000,0.300000>
	matrix <0.664299, -0.191342, -0.722561,
		-0.733964, 0.015931, -0.679002,
		0.141433, 0.981394, -0.129855,
		31.061972, 32.953156, 32.657143>
	pigment { color rgbt <0,1,1,0> }
	no_shadow
}
cylinder {
	<30.755674, 32.452461, 32.004219>,  <30.962969, 32.266178, 32.748039>, 0.130000
	pigment { color rgbt <1,0,0,0> }
	no_shadow
}

// nucleotide -1

// particle -1
sphere {
	<30.755674, 32.452461, 32.004219> 0.250000
	pigment { color rgbt <1,0,0,0> }
	no_shadow
}
cylinder {
	<31.016945, 32.734962, 32.113449>,  <31.173706, 32.904465, 32.178986>, 0.100000
	pigment { color rgbt <1,0,0,0> }
	no_shadow
}
cylinder {
	<31.016945, 32.734962, 32.113449>,  <30.755674, 32.452461, 32.004219>, 0.100000
	pigment { color rgbt <1,0,0,0> }
	no_shadow
}

// particle -1
sphere {
	<31.016945, 32.734962, 32.113449> 0.100000
	pigment { color rgbt <1,0,0,0> }
	no_shadow
}
sphere {
	0, 1
	scale<0.080000,0.200000,0.300000>
	matrix <0.565360, -0.214965, -0.796340,
		-0.503716, 0.674535, -0.539697,
		0.653176, 0.706253, 0.273073,
		31.212898, 32.946838, 32.195370>
	pigment { color rgbt <0,1,1,0> }
	no_shadow
}
cylinder {
	<30.862720, 33.129219, 31.590599>,  <30.755674, 32.452461, 32.004219>, 0.130000
	pigment { color rgbt <1,0,0,0> }
	no_shadow
}

// nucleotide -1

// particle -1
sphere {
	<30.862720, 33.129219, 31.590599> 0.250000
	pigment { color rgbt <1,0,0,0> }
	no_shadow
}
cylinder {
	<31.176247, 32.956738, 31.769350>,  <31.364363, 32.853249, 31.876600>, 0.100000
	pigment { color rgbt <1,0,0,0> }
	no_shadow
}
cylinder {
	<31.176247, 32.956738, 31.769350>,  <30.862720, 33.129219, 31.590599>, 0.100000
	pigment { color rgbt <1,0,0,0> }
	no_shadow
}

// particle -1
sphere {
	<31.176247, 32.956738, 31.769350> 0.100000
	pigment { color rgbt <1,0,0,0> }
	no_shadow
}
sphere {
	0, 1
	scale<0.080000,0.200000,0.300000>
	matrix <0.381064, -0.234223, -0.894388,
		0.490331, 0.871324, -0.019272,
		0.783815, -0.431202, 0.446877,
		31.411390, 32.827377, 31.903414>
	pigment { color rgbt <0,1,1,0> }
	no_shadow
}
cylinder {
	<31.531361, 33.318893, 31.387213>,  <30.862720, 33.129219, 31.590599>, 0.130000
	pigment { color rgbt <1,0,0,0> }
	no_shadow
}

// nucleotide -1

// particle -1
sphere {
	<31.531361, 33.318893, 31.387213> 0.250000
	pigment { color rgbt <1,0,0,0> }
	no_shadow
}
cylinder {
	<31.589638, 32.940163, 31.501959>,  <31.624605, 32.712925, 31.570807>, 0.100000
	pigment { color rgbt <1,0,0,0> }
	no_shadow
}
cylinder {
	<31.589638, 32.940163, 31.501959>,  <31.531361, 33.318893, 31.387213>, 0.100000
	pigment { color rgbt <1,0,0,0> }
	no_shadow
}

// particle -1
sphere {
	<31.589638, 32.940163, 31.501959> 0.100000
	pigment { color rgbt <1,0,0,0> }
	no_shadow
}
sphere {
	0, 1
	scale<0.080000,0.200000,0.300000>
	matrix <0.488811, -0.183204, -0.852936,
		0.860138, 0.264492, 0.436128,
		0.145694, -0.946826, 0.286867,
		31.633347, 32.656116, 31.588018>
	pigment { color rgbt <0,1,1,0> }
	no_shadow
}
cylinder {
	<32.373711, 33.100208, 31.318623>,  <31.531361, 33.318893, 31.387213>, 0.130000
	pigment { color rgbt <1,0,0,0> }
	no_shadow
}

// nucleotide -1

// particle -1
sphere {
	<32.373711, 33.100208, 31.318623> 0.250000
	pigment { color rgbt <1,0,0,0> }
	no_shadow
}
cylinder {
	<32.132767, 32.789524, 31.245003>,  <31.988199, 32.603111, 31.200830>, 0.100000
	pigment { color rgbt <1,0,0,0> }
	no_shadow
}
cylinder {
	<32.132767, 32.789524, 31.245003>,  <32.373711, 33.100208, 31.318623>, 0.100000
	pigment { color rgbt <1,0,0,0> }
	no_shadow
}

// particle -1
sphere {
	<32.132767, 32.789524, 31.245003> 0.100000
	pigment { color rgbt <1,0,0,0> }
	no_shadow
}
sphere {
	0, 1
	scale<0.080000,0.200000,0.300000>
	matrix <0.521798, -0.208666, -0.827155,
		0.604058, -0.594285, 0.530980,
		-0.602363, -0.776714, -0.184051,
		31.952057, 32.556511, 31.189787>
	pigment { color rgbt <0,1,1,0> }
	no_shadow
}
cylinder {
	<32.509266, 32.778362, 30.660870>,  <32.373711, 33.100208, 31.318623>, 0.130000
	pigment { color rgbt <1,0,0,0> }
	no_shadow
}

// nucleotide -1

// particle -1
sphere {
	<32.509266, 32.778362, 30.660870> 0.250000
	pigment { color rgbt <1,0,0,0> }
	no_shadow
}
cylinder {
	<32.896328, 32.751854, 30.563501>,  <33.128567, 32.735950, 30.505081>, 0.100000
	pigment { color rgbt <1,0,0,0> }
	no_shadow
}
cylinder {
	<32.896328, 32.751854, 30.563501>,  <32.509266, 32.778362, 30.660870>, 0.100000
	pigment { color rgbt <1,0,0,0> }
	no_shadow
}

// particle -1
sphere {
	<32.896328, 32.751854, 30.563501> 0.100000
	pigment { color rgbt <1,0,0,0> }
	no_shadow
}
sphere {
	0, 1
	scale<0.080000,0.200000,0.300000>
	matrix <-0.056741, -0.997331, 0.045954,
		-0.245814, -0.030656, -0.968832,
		0.967655, -0.066268, -0.243418,
		33.186623, 32.731972, 30.490477>
	pigment { color rgbt <0,1,1,0> }
	no_shadow
}
cylinder {
	<32.694260, 32.520042, 29.961485>,  <32.509266, 32.778362, 30.660870>, 0.130000
	pigment { color rgbt <1,0,0,0> }
	no_shadow
}

// nucleotide -1

// particle -1
sphere {
	<32.694260, 32.520042, 29.961485> 0.250000
	pigment { color rgbt <1,0,0,0> }
	no_shadow
}
cylinder {
	<32.988194, 32.441223, 30.221081>,  <33.164555, 32.393932, 30.376839>, 0.100000
	pigment { color rgbt <1,0,0,0> }
	no_shadow
}
cylinder {
	<32.988194, 32.441223, 30.221081>,  <32.694260, 32.520042, 29.961485>, 0.100000
	pigment { color rgbt <1,0,0,0> }
	no_shadow
}

// particle -1
sphere {
	<32.988194, 32.441223, 30.221081> 0.100000
	pigment { color rgbt <1,0,0,0> }
	no_shadow
}
sphere {
	0, 1
	scale<0.080000,0.200000,0.300000>
	matrix <-0.158669, -0.980259, -0.117965,
		0.659422, -0.016289, -0.751596,
		0.734838, -0.197044, 0.648989,
		33.208645, 32.382111, 30.415777>
	pigment { color rgbt <0,1,1,0> }
	no_shadow
}
cylinder {
	<32.935890, 31.885895, 29.762674>,  <32.694260, 32.520042, 29.961485>, 0.130000
	pigment { color rgbt <1,0,0,0> }
	no_shadow
}

// nucleotide -1

// particle -1
sphere {
	<32.935890, 31.885895, 29.762674> 0.250000
	pigment { color rgbt <1,0,0,0> }
	no_shadow
}
cylinder {
	<33.101006, 31.939396, 30.123055>,  <33.200077, 31.971497, 30.339283>, 0.100000
	pigment { color rgbt <1,0,0,0> }
	no_shadow
}
cylinder {
	<33.101006, 31.939396, 30.123055>,  <32.935890, 31.885895, 29.762674>, 0.100000
	pigment { color rgbt <1,0,0,0> }
	no_shadow
}

// particle -1
sphere {
	<33.101006, 31.939396, 30.123055> 0.100000
	pigment { color rgbt <1,0,0,0> }
	no_shadow
}
sphere {
	0, 1
	scale<0.080000,0.200000,0.300000>
	matrix <0.051033, -0.991001, 0.123742,
		0.909395, -0.005102, -0.415904,
		0.412792, 0.133755, 0.900951,
		33.224842, 31.979523, 30.393339>
	pigment { color rgbt <0,1,1,0> }
	no_shadow
}
cylinder {
	<33.600513, 31.449436, 29.835276>,  <32.935890, 31.885895, 29.762674>, 0.130000
	pigment { color rgbt <1,0,0,0> }
	no_shadow
}

// nucleotide -1

// particle -1
sphere {
	<33.600513, 31.449436, 29.835276> 0.250000
	pigment { color rgbt <1,0,0,0> }
	no_shadow
}
cylinder {
	<33.461792, 31.521278, 30.203508>,  <33.378559, 31.564383, 30.424448>, 0.100000
	pigment { color rgbt <1,0,0,0> }
	no_shadow
}
cylinder {
	<33.461792, 31.521278, 30.203508>,  <33.600513, 31.449436, 29.835276>, 0.100000
	pigment { color rgbt <1,0,0,0> }
	no_shadow
}

// particle -1
sphere {
	<33.461792, 31.521278, 30.203508> 0.100000
	pigment { color rgbt <1,0,0,0> }
	no_shadow
}
sphere {
	0, 1
	scale<0.080000,0.200000,0.300000>
	matrix <0.131381, -0.962516, 0.237281,
		0.928689, 0.203238, 0.310211,
		-0.346807, 0.179604, 0.920580,
		33.357750, 31.575159, 30.479683>
	pigment { color rgbt <0,1,1,0> }
	no_shadow
}
cylinder {
	<33.946411, 31.070391, 30.126049>,  <33.600513, 31.449436, 29.835276>, 0.130000
	pigment { color rgbt <1,0,0,0> }
	no_shadow
}

// nucleotide -1

// particle -1
sphere {
	<33.946411, 31.070391, 30.126049> 0.250000
	pigment { color rgbt <1,0,0,0> }
	no_shadow
}
cylinder {
	<33.651936, 31.141453, 30.387266>,  <33.475250, 31.184090, 30.543997>, 0.100000
	pigment { color rgbt <1,0,0,0> }
	no_shadow
}
cylinder {
	<33.651936, 31.141453, 30.387266>,  <33.946411, 31.070391, 30.126049>, 0.100000
	pigment { color rgbt <1,0,0,0> }
	no_shadow
}

// particle -1
sphere {
	<33.651936, 31.141453, 30.387266> 0.100000
	pigment { color rgbt <1,0,0,0> }
	no_shadow
}
sphere {
	0, 1
	scale<0.080000,0.200000,0.300000>
	matrix <-0.017177, -0.969525, 0.244390,
		0.676561, 0.168699, 0.716803,
		-0.736186, 0.177657, 0.653045,
		33.431080, 31.194750, 30.583179>
	pigment { color rgbt <0,1,1,0> }
	no_shadow
}
cylinder {
	<34.061813, 31.219080, 30.892397>,  <33.946411, 31.070391, 30.126049>, 0.130000
	pigment { color rgbt <1,0,0,0> }
	no_shadow
}

// nucleotide -1

// particle -1
sphere {
	<34.061813, 31.219080, 30.892397> 0.250000
	pigment { color rgbt <1,0,0,0> }
	no_shadow
}
cylinder {
	<33.688133, 31.228956, 31.034754>,  <33.463924, 31.234882, 31.120169>, 0.100000
	pigment { color rgbt <1,0,0,0> }
	no_shadow
}
cylinder {
	<33.688133, 31.228956, 31.034754>,  <34.061813, 31.219080, 30.892397>, 0.100000
	pigment { color rgbt <1,0,0,0> }
	no_shadow
}

// particle -1
sphere {
	<33.688133, 31.228956, 31.034754> 0.100000
	pigment { color rgbt <1,0,0,0> }
	no_shadow
}
sphere {
	0, 1
	scale<0.080000,0.200000,0.300000>
	matrix <-0.092328, -0.980347, -0.174341,
		0.344595, -0.195728, 0.918120,
		-0.934200, 0.024692, 0.355894,
		33.407875, 31.236364, 31.141521>
	pigment { color rgbt <0,1,1,0> }
	no_shadow
}
cylinder {
	<34.061314, 30.588392, 31.321138>,  <34.061813, 31.219080, 30.892397>, 0.130000
	pigment { color rgbt <1,0,0,0> }
	no_shadow
}

// nucleotide -1

// particle -1
sphere {
	<34.061314, 30.588392, 31.321138> 0.250000
	pigment { color rgbt <1,0,0,0> }
	no_shadow
}
cylinder {
	<33.686466, 30.695475, 31.231577>,  <33.461555, 30.759724, 31.177839>, 0.100000
	pigment { color rgbt <1,0,0,0> }
	no_shadow
}
cylinder {
	<33.686466, 30.695475, 31.231577>,  <34.061314, 30.588392, 31.321138>, 0.100000
	pigment { color rgbt <1,0,0,0> }
	no_shadow
}

// particle -1
sphere {
	<33.686466, 30.695475, 31.231577> 0.100000
	pigment { color rgbt <1,0,0,0> }
	no_shadow
}
sphere {
	0, 1
	scale<0.080000,0.200000,0.300000>
	matrix <-0.224100, -0.953405, -0.201984,
		-0.267544, -0.139107, 0.953451,
		-0.937123, 0.267708, -0.223904,
		33.405331, 30.775787, 31.164406>
	pigment { color rgbt <0,1,1,0> }
	no_shadow
}
cylinder {
	<33.501083, 30.247381, 31.760519>,  <34.061314, 30.588392, 31.321138>, 0.130000
	pigment { color rgbt <1,0,0,0> }
	no_shadow
}

// nucleotide -1

// particle -1
sphere {
	<33.501083, 30.247381, 31.760519> 0.250000
	pigment { color rgbt <1,0,0,0> }
	no_shadow
}
cylinder {
	<33.327065, 30.347994, 31.414696>,  <33.222652, 30.408361, 31.207201>, 0.100000
	pigment { color rgbt <1,0,0,0> }
	no_shadow
}
cylinder {
	<33.327065, 30.347994, 31.414696>,  <33.501083, 30.247381, 31.760519>, 0.100000
	pigment { color rgbt <1,0,0,0> }
	no_shadow
}

// particle -1
sphere {
	<33.327065, 30.347994, 31.414696> 0.100000
	pigment { color rgbt <1,0,0,0> }
	no_shadow
}
sphere {
	0, 1
	scale<0.080000,0.200000,0.300000>
	matrix <-0.346293, -0.933077, -0.097208,
		-0.831151, 0.257100, 0.493039,
		-0.435050, 0.251531, -0.864560,
		33.196548, 30.423452, 31.155327>
	pigment { color rgbt <0,1,1,0> }
	no_shadow
}
cylinder {
	<32.921696, 29.812033, 31.705647>,  <33.501083, 30.247381, 31.760519>, 0.130000
	pigment { color rgbt <1,0,0,0> }
	no_shadow
}

// nucleotide -1

// particle -1
sphere {
	<32.921696, 29.812033, 31.705647> 0.250000
	pigment { color rgbt <1,0,0,0> }
	no_shadow
}
cylinder {
	<32.959778, 29.945515, 31.330503>,  <32.982628, 30.025604, 31.105417>, 0.100000
	pigment { color rgbt <1,0,0,0> }
	no_shadow
}
cylinder {
	<32.959778, 29.945515, 31.330503>,  <32.921696, 29.812033, 31.705647>, 0.100000
	pigment { color rgbt <1,0,0,0> }
	no_shadow
}

// particle -1
sphere {
	<32.959778, 29.945515, 31.330503> 0.100000
	pigment { color rgbt <1,0,0,0> }
	no_shadow
}
sphere {
	0, 1
	scale<0.080000,0.200000,0.300000>
	matrix <-0.201628, -0.916145, -0.346446,
		-0.974824, 0.222080, -0.019934,
		0.095201, 0.333705, -0.937858,
		32.988338, 30.045626, 31.049147>
	pigment { color rgbt <0,1,1,0> }
	no_shadow
}
cylinder {
	<32.557823, 29.363081, 31.430738>,  <32.921696, 29.812033, 31.705647>, 0.130000
	pigment { color rgbt <1,0,0,0> }
	no_shadow
}

// nucleotide -1

// particle -1
sphere {
	<32.557823, 29.363081, 31.430738> 0.250000
	pigment { color rgbt <1,0,0,0> }
	no_shadow
}
cylinder {
	<32.708282, 29.537001, 31.103455>,  <32.798557, 29.641352, 30.907085>, 0.100000
	pigment { color rgbt <1,0,0,0> }
	no_shadow
}
cylinder {
	<32.708282, 29.537001, 31.103455>,  <32.557823, 29.363081, 31.430738>, 0.100000
	pigment { color rgbt <1,0,0,0> }
	no_shadow
}

// particle -1
sphere {
	<32.708282, 29.537001, 31.103455> 0.100000
	pigment { color rgbt <1,0,0,0> }
	no_shadow
}
sphere {
	0, 1
	scale<0.080000,0.200000,0.300000>
	matrix <-0.128303, -0.850111, -0.510734,
		-0.917634, 0.297090, -0.263981,
		0.376147, 0.434797, -0.818208,
		32.821125, 29.667440, 30.857992>
	pigment { color rgbt <0,1,1,0> }
	no_shadow
}
cylinder {
	<32.957966, 28.853601, 31.224279>,  <32.557823, 29.363081, 31.430738>, 0.130000
	pigment { color rgbt <1,0,0,0> }
	no_shadow
}

// nucleotide -1

// particle -1
sphere {
	<32.957966, 28.853601, 31.224279> 0.250000
	pigment { color rgbt <1,0,0,0> }
	no_shadow
}
cylinder {
	<32.948555, 28.706430, 30.852457>,  <32.942909, 28.618128, 30.629364>, 0.100000
	pigment { color rgbt <1,0,0,0> }
	no_shadow
}
cylinder {
	<32.948555, 28.706430, 30.852457>,  <32.957966, 28.853601, 31.224279>, 0.100000
	pigment { color rgbt <1,0,0,0> }
	no_shadow
}

// particle -1
sphere {
	<32.948555, 28.706430, 30.852457> 0.100000
	pigment { color rgbt <1,0,0,0> }
	no_shadow
}
sphere {
	0, 1
	scale<0.080000,0.200000,0.300000>
	matrix <0.184374, 0.912268, -0.365750,
		0.982574, -0.179992, 0.046372,
		-0.023528, -0.367926, -0.929557,
		32.941498, 28.596052, 30.573589>
	pigment { color rgbt <0,1,1,0> }
	no_shadow
}
cylinder {
	<33.555099, 28.912750, 30.782272>,  <32.957966, 28.853601, 31.224279>, 0.130000
	pigment { color rgbt <1,0,0,0> }
	no_shadow
}

// nucleotide -1

// particle -1
sphere {
	<33.555099, 28.912750, 30.782272> 0.250000
	pigment { color rgbt <1,0,0,0> }
	no_shadow
}
cylinder {
	<33.231194, 28.938643, 30.549002>,  <33.036850, 28.954178, 30.409039>, 0.100000
	pigment { color rgbt <1,0,0,0> }
	no_shadow
}
cylinder {
	<33.231194, 28.938643, 30.549002>,  <33.555099, 28.912750, 30.782272>, 0.100000
	pigment { color rgbt <1,0,0,0> }
	no_shadow
}

// particle -1
sphere {
	<33.231194, 28.938643, 30.549002> 0.100000
	pigment { color rgbt <1,0,0,0> }
	no_shadow
}
sphere {
	0, 1
	scale<0.080000,0.200000,0.300000>
	matrix <0.158857, 0.980963, -0.111693,
		0.564844, -0.183086, -0.804631,
		-0.809763, 0.064732, -0.583176,
		32.988266, 28.958061, 30.374048>
	pigment { color rgbt <0,1,1,0> }
	no_shadow
}
cylinder {
	<33.724957, 29.303940, 30.204580>,  <33.555099, 28.912750, 30.782272>, 0.130000
	pigment { color rgbt <1,0,0,0> }
	no_shadow
}

// nucleotide -1

// particle -1
sphere {
	<33.724957, 29.303940, 30.204580> 0.250000
	pigment { color rgbt <1,0,0,0> }
	no_shadow
}
cylinder {
	<33.335812, 29.373695, 30.265404>,  <33.102325, 29.415548, 30.301897>, 0.100000
	pigment { color rgbt <1,0,0,0> }
	no_shadow
}
cylinder {
	<33.335812, 29.373695, 30.265404>,  <33.724957, 29.303940, 30.204580>, 0.100000
	pigment { color rgbt <1,0,0,0> }
	no_shadow
}

// particle -1
sphere {
	<33.335812, 29.373695, 30.265404> 0.100000
	pigment { color rgbt <1,0,0,0> }
	no_shadow
}
sphere {
	0, 1
	scale<0.080000,0.200000,0.300000>
	matrix <0.178438, 0.983861, 0.013312,
		-0.147281, 0.040083, -0.988282,
		-0.972866, 0.174387, 0.152057,
		33.043953, 29.426012, 30.311020>
	pigment { color rgbt <0,1,1,0> }
	no_shadow
}
cylinder {
	<33.577873, 29.851274, 29.840279>,  <33.724957, 29.303940, 30.204580>, 0.130000
	pigment { color rgbt <1,0,0,0> }
	no_shadow
}

// nucleotide -1

// particle -1
sphere {
	<33.577873, 29.851274, 29.840279> 0.250000
	pigment { color rgbt <1,0,0,0> }
	no_shadow
}
cylinder {
	<33.277763, 29.852093, 30.104729>,  <33.097698, 29.852583, 30.263399>, 0.100000
	pigment { color rgbt <1,0,0,0> }
	no_shadow
}
cylinder {
	<33.277763, 29.852093, 30.104729>,  <33.577873, 29.851274, 29.840279>, 0.100000
	pigment { color rgbt <1,0,0,0> }
	no_shadow
}

// particle -1
sphere {
	<33.277763, 29.852093, 30.104729> 0.100000
	pigment { color rgbt <1,0,0,0> }
	no_shadow
}
sphere {
	0, 1
	scale<0.080000,0.200000,0.300000>
