// switches for output
#declare DRAW_BASES = 1; // possible values are 0, 1; only relevant for DNA ribbons
#declare DRAW_BASES_TYPE = 3; // possible values are 1, 2, 3; only relevant for DNA ribbons
#declare DRAW_FOG = 0; // set to 1 to enable fog

#include "colors.inc"

#include "transforms.inc"
background { rgb <1, 1, 1>}

#default {
   normal{
       ripples 0.25
       frequency 0.20
       turbulence 0.2
       lambda 5
   }
	finish {
		phong 0.1
		phong_size 40.
	}
}

// original window dimensions: 1024x640


// camera settings

camera {
	sky <0, 0.179814, -0.983701>
	up <0, 0.179814, -0.983701>
	right 1.6 * <1, 0, 0>
	location <35, 94.9851, 44.8844>
	look_at <35, 29.7336, 32.9568>
	direction <0, -65.2515, -11.9276>
	angle 67.0682
}


# declare cpy_camera_pos = <35, 94.9851, 44.8844>;
# if (DRAW_FOG = 1)
fog {
	fog_type 2
	up vnormalize(cpy_camera_pos)
	color rgbt<1,1,1,0.3>
	distance 1e-5
	fog_alt 3e-3
	fog_offset 56
}
# end


// LIGHTS

# declare lum = 6;
global_settings {
	ambient_light rgb lum * <0.05, 0.05, 0.05>
	max_trace_level 15
}# declare cpy_direct_light_amount = 0.25;
light_source
{	1000 * <-1, -1.16352, -0.803886>,
	rgb lum * cpy_direct_light_amount
	parallel
}

light_source
{	1000 * <1, 1.16352, 0.803886>,
	rgb lum * cpy_direct_light_amount
	parallel
}

// strand 0

// nucleotide -1

// particle -1
sphere {
	<24.293400, 34.478279, 34.899837> 0.250000
	pigment { color rgbt <1,0,0,0> }
	no_shadow
}
cylinder {
	<24.338179, 34.840160, 34.735409>,  <24.365046, 35.057289, 34.636753>, 0.100000
	pigment { color rgbt <1,0,0,0> }
	no_shadow
}
cylinder {
	<24.338179, 34.840160, 34.735409>,  <24.293400, 34.478279, 34.899837>, 0.100000
	pigment { color rgbt <1,0,0,0> }
	no_shadow
}

// particle -1
sphere {
	<24.338179, 34.840160, 34.735409> 0.100000
	pigment { color rgbt <1,0,0,0> }
	no_shadow
}
sphere {
	0, 1
	scale<0.080000,0.200000,0.300000>
	matrix <0.792629, 0.168200, 0.586044,
		0.599338, -0.391430, -0.698266,
		0.111947, 0.904705, -0.411068,
		24.371763, 35.111572, 34.612087>
	pigment { color rgbt <0,1,1,0> }
	no_shadow
}
cylinder {
	<24.908468, 34.621346, 34.424389>,  <24.293400, 34.478279, 34.899837>, 0.130000
	pigment { color rgbt <1,0,0,0> }
	no_shadow
}

// nucleotide -1

// particle -1
sphere {
	<24.908468, 34.621346, 34.424389> 0.250000
	pigment { color rgbt <1,0,0,0> }
	no_shadow
}
cylinder {
	<24.777969, 34.920219, 34.656002>,  <24.699671, 35.099545, 34.794968>, 0.100000
	pigment { color rgbt <1,0,0,0> }
	no_shadow
}
cylinder {
	<24.777969, 34.920219, 34.656002>,  <24.908468, 34.621346, 34.424389>, 0.100000
	pigment { color rgbt <1,0,0,0> }
	no_shadow
}

// particle -1
sphere {
	<24.777969, 34.920219, 34.656002> 0.100000
	pigment { color rgbt <1,0,0,0> }
	no_shadow
}
sphere {
	0, 1
	scale<0.080000,0.200000,0.300000>
	matrix <0.842450, -0.048019, 0.536631,
		0.428767, 0.662879, -0.613800,
		-0.326248, 0.747185, 0.579031,
		24.680096, 35.144375, 34.829712>
	pigment { color rgbt <0,1,1,0> }
	no_shadow
}
cylinder {
	<25.406128, 35.249313, 34.468063>,  <24.908468, 34.621346, 34.424389>, 0.130000
	pigment { color rgbt <1,0,0,0> }
	no_shadow
}

// nucleotide -1

// particle -1
sphere {
	<25.406128, 35.249313, 34.468063> 0.250000
	pigment { color rgbt <1,0,0,0> }
	no_shadow
}
cylinder {
	<25.193785, 35.199944, 34.803432>,  <25.066378, 35.170322, 35.004654>, 0.100000
	pigment { color rgbt <1,0,0,0> }
	no_shadow
}
cylinder {
	<25.193785, 35.199944, 34.803432>,  <25.406128, 35.249313, 34.468063>, 0.100000
	pigment { color rgbt <1,0,0,0> }
	no_shadow
}

// particle -1
sphere {
	<25.193785, 35.199944, 34.803432> 0.100000
	pigment { color rgbt <1,0,0,0> }
	no_shadow
}
sphere {
	0, 1
	scale<0.080000,0.200000,0.300000>
	matrix <0.845955, -0.136111, 0.515591,
		0.050479, 0.982975, 0.176671,
		-0.530859, -0.123429, 0.838423,
		25.034527, 35.162914, 35.054958>
	pigment { color rgbt <0,1,1,0> }
	no_shadow
}
cylinder {
	<25.841330, 35.462051, 34.864082>,  <25.406128, 35.249313, 34.468063>, 0.130000
	pigment { color rgbt <1,0,0,0> }
	no_shadow
}

// nucleotide -1

// particle -1
sphere {
	<25.841330, 35.462051, 34.864082> 0.250000
	pigment { color rgbt <1,0,0,0> }
	no_shadow
}
cylinder {
	<25.623003, 35.240677, 35.115730>,  <25.492006, 35.107853, 35.266720>, 0.100000
	pigment { color rgbt <1,0,0,0> }
	no_shadow
}
cylinder {
	<25.623003, 35.240677, 35.115730>,  <25.841330, 35.462051, 34.864082>, 0.100000
	pigment { color rgbt <1,0,0,0> }
	no_shadow
}

// particle -1
sphere {
	<25.623003, 35.240677, 35.115730> 0.100000
	pigment { color rgbt <1,0,0,0> }
	no_shadow
}
sphere {
	0, 1
	scale<0.080000,0.200000,0.300000>
	matrix <0.830024, -0.254396, 0.496329,
		-0.114643, 0.793088, 0.598221,
		-0.545817, -0.553439, 0.629118,
		25.459257, 35.074646, 35.304466>
	pigment { color rgbt <0,1,1,0> }
	no_shadow
}
cylinder {
	<25.860012, 35.623173, 35.689514>,  <25.841330, 35.462051, 34.864082>, 0.130000
	pigment { color rgbt <1,0,0,0> }
	no_shadow
}

// nucleotide -1

// particle -1
sphere {
	<25.860012, 35.623173, 35.689514> 0.250000
	pigment { color rgbt <1,0,0,0> }
	no_shadow
}
cylinder {
	<25.816198, 35.231014, 35.624004>,  <25.789911, 34.995720, 35.584698>, 0.100000
	pigment { color rgbt <1,0,0,0> }
	no_shadow
}
cylinder {
	<25.816198, 35.231014, 35.624004>,  <25.860012, 35.623173, 35.689514>, 0.100000
	pigment { color rgbt <1,0,0,0> }
	no_shadow
}

// particle -1
sphere {
	<25.816198, 35.231014, 35.624004> 0.100000
	pigment { color rgbt <1,0,0,0> }
	no_shadow
}
sphere {
	0, 1
	scale<0.080000,0.200000,0.300000>
	matrix <0.910218, -0.165133, 0.379781,
		-0.399381, -0.107472, 0.910464,
		-0.109532, -0.980398, -0.163774,
		25.783339, 34.936893, 35.574871>
	pigment { color rgbt <0,1,1,0> }
	no_shadow
}
cylinder {
	<26.194332, 35.328239, 36.342808>,  <25.860012, 35.623173, 35.689514>, 0.130000
	pigment { color rgbt <1,0,0,0> }
	no_shadow
}

// nucleotide -1

// particle -1
sphere {
	<26.194332, 35.328239, 36.342808> 0.250000
	pigment { color rgbt <1,0,0,0> }
	no_shadow
}
cylinder {
	<26.153946, 35.040394, 36.068008>,  <26.129715, 34.867687, 35.903130>, 0.100000
	pigment { color rgbt <1,0,0,0> }
	no_shadow
}
cylinder {
	<26.153946, 35.040394, 36.068008>,  <26.194332, 35.328239, 36.342808>, 0.100000
	pigment { color rgbt <1,0,0,0> }
	no_shadow
}

// particle -1
sphere {
	<26.153946, 35.040394, 36.068008> 0.100000
	pigment { color rgbt <1,0,0,0> }
	no_shadow
}
sphere {
	0, 1
	scale<0.080000,0.200000,0.300000>
	matrix <0.862515, -0.407471, 0.300058,
		-0.495856, -0.562250, 0.661817,
		-0.100963, -0.719613, -0.686996,
		26.123657, 34.824509, 35.861908>
	pigment { color rgbt <0,1,1,0> }
	no_shadow
}
cylinder {
	<26.340067, 34.515438, 36.586655>,  <26.194332, 35.328239, 36.342808>, 0.130000
	pigment { color rgbt <1,0,0,0> }
	no_shadow
}

// nucleotide -1

// particle -1
sphere {
	<26.340067, 34.515438, 36.586655> 0.250000
	pigment { color rgbt <1,0,0,0> }
	no_shadow
}
cylinder {
	<26.426237, 34.610161, 36.207706>,  <26.477940, 34.666992, 35.980335>, 0.100000
	pigment { color rgbt <1,0,0,0> }
	no_shadow
}
cylinder {
	<26.426237, 34.610161, 36.207706>,  <26.340067, 34.515438, 36.586655>, 0.100000
	pigment { color rgbt <1,0,0,0> }
	no_shadow
}

// particle -1
sphere {
	<26.426237, 34.610161, 36.207706> 0.100000
	pigment { color rgbt <1,0,0,0> }
	no_shadow
}
sphere {
	0, 1
	scale<0.080000,0.200000,0.300000>
	matrix <0.910555, -0.399230, 0.107263,
		-0.352819, -0.885742, -0.301627,
		0.215426, 0.236803, -0.947373,
		26.490866, 34.681202, 35.923496>
	pigment { color rgbt <0,1,1,0> }
	no_shadow
}
cylinder {
	<26.525009, 33.988758, 36.173332>,  <26.340067, 34.515438, 36.586655>, 0.130000
	pigment { color rgbt <1,0,0,0> }
	no_shadow
}

// nucleotide -1

// particle -1
sphere {
	<26.525009, 33.988758, 36.173332> 0.250000
	pigment { color rgbt <1,0,0,0> }
	no_shadow
}
cylinder {
	<26.700779, 34.304314, 36.001492>,  <26.806242, 34.493649, 35.898388>, 0.100000
	pigment { color rgbt <1,0,0,0> }
	no_shadow
}
cylinder {
	<26.700779, 34.304314, 36.001492>,  <26.525009, 33.988758, 36.173332>, 0.100000
	pigment { color rgbt <1,0,0,0> }
	no_shadow
}

// particle -1
sphere {
	<26.700779, 34.304314, 36.001492> 0.100000
	pigment { color rgbt <1,0,0,0> }
	no_shadow
}
sphere {
	0, 1
	scale<0.080000,0.200000,0.300000>
	matrix <0.868864, -0.494661, -0.019628,
		-0.227991, -0.364641, -0.902805,
		0.439425, 0.788890, -0.429601,
		26.832607, 34.540981, 35.872612>
	pigment { color rgbt <0,1,1,0> }
	no_shadow
}
cylinder {
	<27.002314, 33.724522, 35.749043>,  <26.525009, 33.988758, 36.173332>, 0.130000
	pigment { color rgbt <1,0,0,0> }
	no_shadow
}

// nucleotide -1

// particle -1
sphere {
	<27.002314, 33.724522, 35.749043> 0.250000
	pigment { color rgbt <1,0,0,0> }
	no_shadow
}
cylinder {
	<27.136681, 34.100018, 35.779823>,  <27.217300, 34.325317, 35.798290>, 0.100000
	pigment { color rgbt <1,0,0,0> }
	no_shadow
}
cylinder {
	<27.136681, 34.100018, 35.779823>,  <27.002314, 33.724522, 35.749043>, 0.100000
	pigment { color rgbt <1,0,0,0> }
	no_shadow
}

// particle -1
sphere {
	<27.136681, 34.100018, 35.779823> 0.100000
	pigment { color rgbt <1,0,0,0> }
	no_shadow
}
sphere {
	0, 1
	scale<0.080000,0.200000,0.300000>
	matrix <0.931531, -0.343195, 0.120279,
		0.139321, 0.031280, -0.989753,
		0.335916, 0.938743, 0.076952,
		27.237455, 34.381641, 35.802910>
	pigment { color rgbt <0,1,1,0> }
	no_shadow
}
cylinder {
	<27.518614, 33.818291, 35.283741>,  <27.002314, 33.724522, 35.749043>, 0.130000
	pigment { color rgbt <1,0,0,0> }
	no_shadow
}

// nucleotide -1

// particle -1
sphere {
	<27.518614, 33.818291, 35.283741> 0.250000
	pigment { color rgbt <1,0,0,0> }
	no_shadow
}
cylinder {
	<27.573544, 34.094051, 35.568237>,  <27.606501, 34.259506, 35.738937>, 0.100000
	pigment { color rgbt <1,0,0,0> }
	no_shadow
}
cylinder {
	<27.573544, 34.094051, 35.568237>,  <27.518614, 33.818291, 35.283741>, 0.100000
	pigment { color rgbt <1,0,0,0> }
	no_shadow
}

// particle -1
sphere {
	<27.573544, 34.094051, 35.568237> 0.100000
	pigment { color rgbt <1,0,0,0> }
	no_shadow
}
sphere {
	0, 1
	scale<0.080000,0.200000,0.300000>
	matrix <0.928348, -0.339974, 0.150291,
		0.345415, 0.639645, -0.686690,
		0.137324, 0.689400, 0.711245,
		27.614740, 34.300873, 35.781612>
	pigment { color rgbt <0,1,1,0> }
	no_shadow
}
cylinder {
	<28.082722, 34.161560, 35.056046>,  <27.518614, 33.818291, 35.283741>, 0.130000
	pigment { color rgbt <1,0,0,0> }
	no_shadow
}

// nucleotide -1

// particle -1
sphere {
	<28.082722, 34.161560, 35.056046> 0.250000
	pigment { color rgbt <1,0,0,0> }
	no_shadow
}
cylinder {
	<28.037291, 34.200275, 35.451569>,  <28.010031, 34.223503, 35.688881>, 0.100000
	pigment { color rgbt <1,0,0,0> }
	no_shadow
}
cylinder {
	<28.037291, 34.200275, 35.451569>,  <28.082722, 34.161560, 35.056046>, 0.100000
	pigment { color rgbt <1,0,0,0> }
	no_shadow
}

// particle -1
sphere {
	<28.037291, 34.200275, 35.451569> 0.100000
	pigment { color rgbt <1,0,0,0> }
	no_shadow
}
sphere {
	0, 1
	scale<0.080000,0.200000,0.300000>
	matrix <0.955123, -0.263404, 0.135495,
		0.273570, 0.959818, -0.062529,
		-0.113580, 0.096790, 0.988803,
		28.003216, 34.229313, 35.748211>
	pigment { color rgbt <0,1,1,0> }
	no_shadow
}
cylinder {
	<28.624670, 34.577076, 35.506573>,  <28.082722, 34.161560, 35.056046>, 0.130000
	pigment { color rgbt <1,0,0,0> }
	no_shadow
}

// nucleotide -1

// particle -1
sphere {
	<28.624670, 34.577076, 35.506573> 0.250000
	pigment { color rgbt <1,0,0,0> }
	no_shadow
}
cylinder {
	<28.500198, 34.270981, 35.731991>,  <28.425514, 34.087322, 35.867241>, 0.100000
	pigment { color rgbt <1,0,0,0> }
	no_shadow
}
cylinder {
	<28.500198, 34.270981, 35.731991>,  <28.624670, 34.577076, 35.506573>, 0.100000
	pigment { color rgbt <1,0,0,0> }
	no_shadow
}

// particle -1
sphere {
	<28.500198, 34.270981, 35.731991> 0.100000
	pigment { color rgbt <1,0,0,0> }
	no_shadow
}
sphere {
	0, 1
	scale<0.080000,0.200000,0.300000>
	matrix <0.920142, -0.390923, -0.022746,
		0.237707, 0.511460, 0.825775,
		-0.311181, -0.765237, 0.563541,
		28.406845, 34.041409, 35.901054>
	pigment { color rgbt <0,1,1,0> }
	no_shadow
}
cylinder {
	<29.061686, 34.437744, 36.176670>,  <28.624670, 34.577076, 35.506573>, 0.130000
	pigment { color rgbt <1,0,0,0> }
	no_shadow
}

// nucleotide -1

// particle -1
sphere {
	<29.061686, 34.437744, 36.176670> 0.250000
	pigment { color rgbt <1,0,0,0> }
	no_shadow
}
cylinder {
	<28.902054, 34.077511, 36.107758>,  <28.806274, 33.861370, 36.066410>, 0.100000
	pigment { color rgbt <1,0,0,0> }
	no_shadow
}
cylinder {
	<28.902054, 34.077511, 36.107758>,  <29.061686, 34.437744, 36.176670>, 0.100000
	pigment { color rgbt <1,0,0,0> }
	no_shadow
}

// particle -1
sphere {
	<28.902054, 34.077511, 36.107758> 0.100000
	pigment { color rgbt <1,0,0,0> }
	no_shadow
}
sphere {
	0, 1
	scale<0.080000,0.200000,0.300000>
	matrix <0.916035, -0.399828, -0.031879,
		-0.040173, -0.170539, 0.984531,
		-0.399080, -0.900585, -0.172282,
		28.782330, 33.807335, 36.056072>
	pigment { color rgbt <0,1,1,0> }
	no_shadow
}
cylinder {
	<29.001104, 34.572815, 36.878525>,  <29.061686, 34.437744, 36.176670>, 0.130000
	pigment { color rgbt <1,0,0,0> }
	no_shadow
}

// nucleotide -1

// particle -1
sphere {
	<29.001104, 34.572815, 36.878525> 0.250000
	pigment { color rgbt <1,0,0,0> }
	no_shadow
}
cylinder {
	<29.149107, 34.332672, 37.162121>,  <29.237909, 34.188587, 37.332279>, 0.100000
	pigment { color rgbt <1,0,0,0> }
	no_shadow
}
cylinder {
	<29.149107, 34.332672, 37.162121>,  <29.001104, 34.572815, 36.878525>, 0.100000
	pigment { color rgbt <1,0,0,0> }
	no_shadow
}

// particle -1
sphere {
	<29.149107, 34.332672, 37.162121> 0.100000
	pigment { color rgbt <1,0,0,0> }
	no_shadow
}
sphere {
	0, 1
	scale<0.080000,0.200000,0.300000>
	matrix <-0.874594, 0.032296, 0.483780,
		-0.313337, -0.799082, -0.513116,
		0.370008, -0.600354, 0.708991,
		29.260109, 34.152565, 37.374817>
	pigment { color rgbt <0,1,1,0> }
	no_shadow
}
cylinder {
	<28.494131, 33.986752, 37.030949>,  <29.001104, 34.572815, 36.878525>, 0.130000
	pigment { color rgbt <1,0,0,0> }
	no_shadow
}

// nucleotide -1

// particle -1
sphere {
	<28.494131, 33.986752, 37.030949> 0.250000
	pigment { color rgbt <1,0,0,0> }
	no_shadow
}
cylinder {
	<28.704660, 34.137989, 37.335587>,  <28.830978, 34.228733, 37.518368>, 0.100000
	pigment { color rgbt <1,0,0,0> }
	no_shadow
}
cylinder {
	<28.704660, 34.137989, 37.335587>,  <28.494131, 33.986752, 37.030949>, 0.100000
	pigment { color rgbt <1,0,0,0> }
	no_shadow
}

// particle -1
sphere {
	<28.704660, 34.137989, 37.335587> 0.100000
	pigment { color rgbt <1,0,0,0> }
	no_shadow
}
sphere {
	0, 1
	scale<0.080000,0.200000,0.300000>
	matrix <-0.848075, 0.168922, 0.502229,
		0.061239, -0.910226, 0.409559,
		0.526325, 0.378093, 0.761595,
		28.862558, 34.251419, 37.564064>
	pigment { color rgbt <0,1,1,0> }
	no_shadow
}
cylinder {
	<27.920052, 34.517830, 37.028435>,  <28.494131, 33.986752, 37.030949>, 0.130000
	pigment { color rgbt <1,0,0,0> }
	no_shadow
}

// nucleotide -1

// particle -1
sphere {
	<27.920052, 34.517830, 37.028435> 0.250000
	pigment { color rgbt <1,0,0,0> }
	no_shadow
}
cylinder {
	<27.944012, 34.428322, 36.639317>,  <27.958387, 34.374619, 36.405846>, 0.100000
	pigment { color rgbt <1,0,0,0> }
	no_shadow
}
cylinder {
	<27.944012, 34.428322, 36.639317>,  <27.920052, 34.517830, 37.028435>, 0.100000
	pigment { color rgbt <1,0,0,0> }
	no_shadow
}

// particle -1
sphere {
	<27.944012, 34.428322, 36.639317> 0.100000
	pigment { color rgbt <1,0,0,0> }
	no_shadow
}
sphere {
	0, 1
	scale<0.080000,0.200000,0.300000>
	matrix <-0.739038, 0.645154, -0.193907,
		0.670996, 0.730550, -0.126730,
		0.059898, -0.223769, -0.972800,
		27.961981, 34.361191, 36.347477>
	pigment { color rgbt <0,1,1,0> }
	no_shadow
}
cylinder {
	<27.714451, 35.082996, 36.849281>,  <27.920052, 34.517830, 37.028435>, 0.130000
	pigment { color rgbt <1,0,0,0> }
	no_shadow
}

// nucleotide -1

// particle -1
sphere {
	<27.714451, 35.082996, 36.849281> 0.250000
	pigment { color rgbt <1,0,0,0> }
	no_shadow
}
cylinder {
	<27.690331, 34.867260, 36.513309>,  <27.675859, 34.737820, 36.311726>, 0.100000
	pigment { color rgbt <1,0,0,0> }
	no_shadow
}
cylinder {
	<27.690331, 34.867260, 36.513309>,  <27.714451, 35.082996, 36.849281>, 0.100000
	pigment { color rgbt <1,0,0,0> }
	no_shadow
}

// particle -1
sphere {
	<27.690331, 34.867260, 36.513309> 0.100000
	pigment { color rgbt <1,0,0,0> }
	no_shadow
}
sphere {
	0, 1
	scale<0.080000,0.200000,0.300000>
	matrix <-0.832434, 0.491519, -0.255858,
		0.550834, 0.683755, -0.478603,
		-0.060299, -0.539340, -0.839926,
		27.672241, 34.705460, 36.261330>
	pigment { color rgbt <0,1,1,0> }
	no_shadow
}
cylinder {
	<27.686604, 35.510422, 36.265755>,  <27.714451, 35.082996, 36.849281>, 0.130000
	pigment { color rgbt <1,0,0,0> }
	no_shadow
}

// nucleotide -1

// particle -1
sphere {
	<27.686604, 35.510422, 36.265755> 0.250000
	pigment { color rgbt <1,0,0,0> }
	no_shadow
}
cylinder {
	<27.530685, 35.173050, 36.117870>,  <27.437134, 34.970627, 36.029140>, 0.100000
	pigment { color rgbt <1,0,0,0> }
	no_shadow
}
cylinder {
	<27.530685, 35.173050, 36.117870>,  <27.686604, 35.510422, 36.265755>, 0.100000
	pigment { color rgbt <1,0,0,0> }
	no_shadow
}

// particle -1
sphere {
	<27.530685, 35.173050, 36.117870> 0.100000
	pigment { color rgbt <1,0,0,0> }
	no_shadow
}
sphere {
	0, 1
	scale<0.080000,0.200000,0.300000>
	matrix <-0.879276, 0.460203, -0.122827,
		0.273739, 0.277202, -0.920992,
		-0.389795, -0.843429, -0.369712,
		27.413746, 34.920021, 36.006958>
	pigment { color rgbt <0,1,1,0> }
	no_shadow
}
cylinder {
	<27.279974, 35.700199, 35.614307>,  <27.686604, 35.510422, 36.265755>, 0.130000
	pigment { color rgbt <1,0,0,0> }
	no_shadow
}

// nucleotide -1

// particle -1
sphere {
	<27.279974, 35.700199, 35.614307> 0.250000
	pigment { color rgbt <1,0,0,0> }
	no_shadow
}
cylinder {
	<27.158342, 35.349068, 35.762333>,  <27.085363, 35.138390, 35.851151>, 0.100000
	pigment { color rgbt <1,0,0,0> }
	no_shadow
}
cylinder {
	<27.158342, 35.349068, 35.762333>,  <27.279974, 35.700199, 35.614307>, 0.100000
	pigment { color rgbt <1,0,0,0> }
	no_shadow
}

// particle -1
sphere {
	<27.158342, 35.349068, 35.762333> 0.100000
	pigment { color rgbt <1,0,0,0> }
	no_shadow
}
sphere {
	0, 1
	scale<0.080000,0.200000,0.300000>
	matrix <-0.933750, 0.351628, 0.066845,
		-0.188804, -0.325225, -0.926597,
		-0.304078, -0.877831, 0.370067,
		27.067120, 35.085720, 35.873352>
	pigment { color rgbt <0,1,1,0> }
	no_shadow
}
cylinder {
	<27.472427, 35.826935, 34.825481>,  <27.279974, 35.700199, 35.614307>, 0.130000
	pigment { color rgbt <1,0,0,0> }
	no_shadow
}

// nucleotide -1

// particle -1
sphere {
	<27.472427, 35.826935, 34.825481> 0.250000
	pigment { color rgbt <1,0,0,0> }
	no_shadow
}
cylinder {
	<27.678253, 35.613937, 35.094311>,  <27.801748, 35.486141, 35.255608>, 0.100000
	pigment { color rgbt <1,0,0,0> }
	no_shadow
}
cylinder {
	<27.678253, 35.613937, 35.094311>,  <27.472427, 35.826935, 34.825481>, 0.100000
	pigment { color rgbt <1,0,0,0> }
	no_shadow
}

// particle -1
sphere {
	<27.678253, 35.613937, 35.094311> 0.100000
	pigment { color rgbt <1,0,0,0> }
	no_shadow
}
sphere {
	0, 1
	scale<0.080000,0.200000,0.300000>
	matrix <-0.707897, -0.706100, -0.017459,
		0.483846, -0.466774, -0.740280,
		0.514562, -0.532489, 0.672072,
		27.832623, 35.454189, 35.295933>
	pigment { color rgbt <0,1,1,0> }
	no_shadow
}
cylinder {
	<27.554335, 35.133755, 34.649822>,  <27.472427, 35.826935, 34.825481>, 0.130000
	pigment { color rgbt <1,0,0,0> }
	no_shadow
}

// nucleotide -1

// particle -1
sphere {
	<27.554335, 35.133755, 34.649822> 0.250000
	pigment { color rgbt <1,0,0,0> }
	no_shadow
}
cylinder {
	<27.540869, 35.172031, 35.047760>,  <27.532789, 35.195000, 35.286522>, 0.100000
	pigment { color rgbt <1,0,0,0> }
	no_shadow
}
cylinder {
	<27.540869, 35.172031, 35.047760>,  <27.554335, 35.133755, 34.649822>, 0.100000
	pigment { color rgbt <1,0,0,0> }
	no_shadow
}

// particle -1
sphere {
	<27.540869, 35.172031, 35.047760> 0.100000
	pigment { color rgbt <1,0,0,0> }
	no_shadow
}
sphere {
	0, 1
	scale<0.080000,0.200000,0.300000>
	matrix <-0.884771, -0.465788, 0.014866,
		0.464808, -0.879707, 0.100347,
		-0.033663, 0.095694, 0.994841,
		27.530769, 35.200741, 35.346214>
	pigment { color rgbt <0,1,1,0> }
	no_shadow
}
cylinder {
	<27.917568, 34.663895, 34.171646>,  <27.554335, 35.133755, 34.649822>, 0.130000
	pigment { color rgbt <1,0,0,0> }
	no_shadow
}

// nucleotide -1

// particle -1
sphere {
	<27.917568, 34.663895, 34.171646> 0.250000
	pigment { color rgbt <1,0,0,0> }
	no_shadow
}
cylinder {
	<28.186192, 34.815197, 33.916794>,  <28.347364, 34.905979, 33.763882>, 0.100000
	pigment { color rgbt <1,0,0,0> }
	no_shadow
}
cylinder {
	<28.186192, 34.815197, 33.916794>,  <27.917568, 34.663895, 34.171646>, 0.100000
	pigment { color rgbt <1,0,0,0> }
	no_shadow
}

// particle -1
sphere {
	<28.186192, 34.815197, 33.916794> 0.100000
	pigment { color rgbt <1,0,0,0> }
	no_shadow
}
sphere {
	0, 1
	scale<0.080000,0.200000,0.300000>
	matrix <-0.612592, -0.200290, -0.764602,
		-0.416825, 0.903774, 0.097210,
		0.671557, 0.378255, -0.637130,
		28.387659, 34.928673, 33.725655>
	pigment { color rgbt <0,1,1,0> }
	no_shadow
}
cylinder {
	<28.538145, 34.813515, 34.440937>,  <27.917568, 34.663895, 34.171646>, 0.130000
	pigment { color rgbt <1,0,0,0> }
	no_shadow
}

// nucleotide -1

// particle -1
sphere {
	<28.538145, 34.813515, 34.440937> 0.250000
	pigment { color rgbt <1,0,0,0> }
	no_shadow
}
cylinder {
	<28.625889, 34.512081, 34.193069>,  <28.678535, 34.331223, 34.044350>, 0.100000
	pigment { color rgbt <1,0,0,0> }
	no_shadow
}
cylinder {
	<28.625889, 34.512081, 34.193069>,  <28.538145, 34.813515, 34.440937>, 0.100000
	pigment { color rgbt <1,0,0,0> }
	no_shadow
}

// particle -1
sphere {
	<28.625889, 34.512081, 34.193069> 0.100000
	pigment { color rgbt <1,0,0,0> }
	no_shadow
}
sphere {
	0, 1
	scale<0.080000,0.200000,0.300000>
	matrix <0.800127, -0.224488, 0.556239,
		-0.558281, -0.617832, 0.553720,
		0.219358, -0.753584, -0.619671,
		28.691696, 34.286007, 34.007168>
	pigment { color rgbt <0,1,1,0> }
	no_shadow
}
cylinder {
	<28.926109, 34.376076, 34.845951>,  <28.538145, 34.813515, 34.440937>, 0.130000
	pigment { color rgbt <1,0,0,0> }
	no_shadow
}

// nucleotide -1

// particle -1
sphere {
	<28.926109, 34.376076, 34.845951> 0.250000
	pigment { color rgbt <1,0,0,0> }
	no_shadow
}
cylinder {
	<29.045294, 34.226734, 34.494537>,  <29.116804, 34.137131, 34.283688>, 0.100000
	pigment { color rgbt <1,0,0,0> }
	no_shadow
}
cylinder {
	<29.045294, 34.226734, 34.494537>,  <28.926109, 34.376076, 34.845951>, 0.100000
	pigment { color rgbt <1,0,0,0> }
	no_shadow
}

// particle -1
sphere {
	<29.045294, 34.226734, 34.494537> 0.100000
	pigment { color rgbt <1,0,0,0> }
	no_shadow
}
sphere {
	0, 1
	scale<0.080000,0.200000,0.300000>
	matrix <0.884483, -0.238182, 0.401196,
		-0.359039, -0.896593, 0.259254,
		0.297960, -0.373351, -0.878538,
		29.134682, 34.114731, 34.230976>
	pigment { color rgbt <0,1,1,0> }
	no_shadow
}
cylinder {
	<29.145056, 33.699455, 34.930054>,  <28.926109, 34.376076, 34.845951>, 0.130000
	pigment { color rgbt <1,0,0,0> }
	no_shadow
}

// nucleotide -1

// particle -1
sphere {
	<29.145056, 33.699455, 34.930054> 0.250000
	pigment { color rgbt <1,0,0,0> }
	no_shadow
}
cylinder {
	<29.326675, 33.880322, 34.622967>,  <29.435648, 33.988842, 34.438717>, 0.100000
	pigment { color rgbt <1,0,0,0> }
	no_shadow
}
cylinder {
	<29.326675, 33.880322, 34.622967>,  <29.145056, 33.699455, 34.930054>, 0.100000
	pigment { color rgbt <1,0,0,0> }
	no_shadow
}

// particle -1
sphere {
	<29.326675, 33.880322, 34.622967> 0.100000
	pigment { color rgbt <1,0,0,0> }
	no_shadow
}
sphere {
	0, 1
	scale<0.080000,0.200000,0.300000>
	matrix <0.888079, -0.299101, 0.349075,
		-0.071785, -0.840290, -0.537363,
		0.454050, 0.452163, -0.767715,
		29.462891, 34.015972, 34.392651>
	pigment { color rgbt <0,1,1,0> }
	no_shadow
}
cylinder {
	<29.929993, 33.369541, 34.882130>,  <29.145056, 33.699455, 34.930054>, 0.130000
	pigment { color rgbt <1,0,0,0> }
	no_shadow
}

// nucleotide -1

// particle -1
sphere {
	<29.929993, 33.369541, 34.882130> 0.250000
	pigment { color rgbt <1,0,0,0> }
	no_shadow
}
cylinder {
	<29.642427, 33.093250, 34.913258>,  <29.469889, 32.927475, 34.931934>, 0.100000
	pigment { color rgbt <1,0,0,0> }
	no_shadow
}
cylinder {
	<29.642427, 33.093250, 34.913258>,  <29.929993, 33.369541, 34.882130>, 0.100000
	pigment { color rgbt <1,0,0,0> }
	no_shadow
}

// particle -1
sphere {
	<29.642427, 33.093250, 34.913258> 0.100000
	pigment { color rgbt <1,0,0,0> }
	no_shadow
}
sphere {
	0, 1
	scale<0.080000,0.200000,0.300000>
	matrix <0.602644, -0.675163, -0.425412,
		0.346388, -0.258935, 0.901647,
		-0.718913, -0.690730, 0.077823,
		29.426754, 32.886032, 34.936604>
	pigment { color rgbt <0,1,1,0> }
	no_shadow
}
cylinder {
	<30.215456, 32.779976, 35.216164>,  <29.929993, 33.369541, 34.882130>, 0.130000
	pigment { color rgbt <1,0,0,0> }
	no_shadow
}

// nucleotide -1

// particle -1
sphere {
	<30.215456, 32.779976, 35.216164> 0.250000
	pigment { color rgbt <1,0,0,0> }
	no_shadow
}
cylinder {
	<29.908131, 32.658405, 34.990837>,  <29.723736, 32.585461, 34.855640>, 0.100000
	pigment { color rgbt <1,0,0,0> }
	no_shadow
}
cylinder {
	<29.908131, 32.658405, 34.990837>,  <30.215456, 32.779976, 35.216164>, 0.100000
	pigment { color rgbt <1,0,0,0> }
	no_shadow
}

// particle -1
sphere {
	<29.908131, 32.658405, 34.990837> 0.100000
	pigment { color rgbt <1,0,0,0> }
	no_shadow
}
sphere {
	0, 1
	scale<0.080000,0.200000,0.300000>
	matrix <0.574732, -0.714963, -0.398134,
		-0.281745, -0.629646, 0.723993,
		-0.768311, -0.303930, -0.563315,
		29.677637, 32.567226, 34.821842>
	pigment { color rgbt <0,1,1,0> }
	no_shadow
}
cylinder {
	<30.981869, 33.015800, 35.218849>,  <30.215456, 32.779976, 35.216164>, 0.130000
	pigment { color rgbt <1,0,0,0> }
	no_shadow
}

// nucleotide -1

// particle -1
sphere {
	<30.981869, 33.015800, 35.218849> 0.250000
	pigment { color rgbt <1,0,0,0> }
	no_shadow
}
cylinder {
	<30.735764, 33.272293, 35.402271>,  <30.588100, 33.426189, 35.512325>, 0.100000
	pigment { color rgbt <1,0,0,0> }
	no_shadow
}
cylinder {
	<30.735764, 33.272293, 35.402271>,  <30.981869, 33.015800, 35.218849>, 0.100000
	pigment { color rgbt <1,0,0,0> }
	no_shadow
}

// particle -1
sphere {
	<30.735764, 33.272293, 35.402271> 0.100000
	pigment { color rgbt <1,0,0,0> }
	no_shadow
}
sphere {
	0, 1
	scale<0.080000,0.200000,0.300000>
	matrix <-0.782819, -0.428375, -0.451320,
		-0.092969, -0.636644, 0.765534,
		-0.615265, 0.641233, 0.458551,
		30.551184, 33.464664, 35.539837>
	pigment { color rgbt <0,1,1,0> }
	no_shadow
}
cylinder {
	<31.344278, 33.256859, 35.697334>,  <30.981869, 33.015800, 35.218849>, 0.130000
	pigment { color rgbt <1,0,0,0> }
	no_shadow
}

// nucleotide -1

// particle -1
sphere {
	<31.344278, 33.256859, 35.697334> 0.250000
	pigment { color rgbt <1,0,0,0> }
	no_shadow
}
cylinder {
	<31.676548, 33.439850, 35.570404>,  <31.875910, 33.549644, 35.494247>, 0.100000
	pigment { color rgbt <1,0,0,0> }
	no_shadow
}
cylinder {
	<31.676548, 33.439850, 35.570404>,  <31.344278, 33.256859, 35.697334>, 0.100000
	pigment { color rgbt <1,0,0,0> }
	no_shadow
}

// particle -1
sphere {
	<31.676548, 33.439850, 35.570404> 0.100000
	pigment { color rgbt <1,0,0,0> }
	no_shadow
}
sphere {
	0, 1
	scale<0.080000,0.200000,0.300000>
	matrix <-0.109347, 0.692900, 0.712695,
		0.545915, -0.557319, 0.625598,
		0.830675, 0.457478, -0.317323,
		31.925751, 33.577095, 35.475208>
	pigment { color rgbt <0,1,1,0> }
	no_shadow
}
cylinder {
	<31.636913, 33.472569, 36.294216>,  <31.344278, 33.256859, 35.697334>, 0.130000
	pigment { color rgbt <1,0,0,0> }
	no_shadow
}

// nucleotide -1

// particle -1
sphere {
	<31.636913, 33.472569, 36.294216> 0.250000
	pigment { color rgbt <1,0,0,0> }
	no_shadow
}
cylinder {
	<31.772665, 33.696110, 35.991558>,  <31.854116, 33.830235, 35.809963>, 0.100000
	pigment { color rgbt <1,0,0,0> }
	no_shadow
}
cylinder {
	<31.772665, 33.696110, 35.991558>,  <31.636913, 33.472569, 36.294216>, 0.100000
	pigment { color rgbt <1,0,0,0> }
	no_shadow
}

// particle -1
sphere {
	<31.772665, 33.696110, 35.991558> 0.100000
	pigment { color rgbt <1,0,0,0> }
	no_shadow
}
sphere {
	0, 1
	scale<0.080000,0.200000,0.300000>
	matrix <-0.154872, 0.826603, 0.541057,
		0.927813, -0.066441, 0.367082,
		0.339379, 0.558850, -0.756643,
		31.874479, 33.863766, 35.764565>
	pigment { color rgbt <0,1,1,0> }
	no_shadow
}
cylinder {
	<32.071896, 34.027706, 36.560688>,  <31.636913, 33.472569, 36.294216>, 0.130000
	pigment { color rgbt <1,0,0,0> }
	no_shadow
}

// nucleotide -1

// particle -1
sphere {
	<32.071896, 34.027706, 36.560688> 0.250000
	pigment { color rgbt <1,0,0,0> }
	no_shadow
}
cylinder {
	<31.902817, 34.139168, 36.215740>,  <31.801371, 34.206043, 36.008770>, 0.100000
	pigment { color rgbt <1,0,0,0> }
	no_shadow
}
cylinder {
	<31.902817, 34.139168, 36.215740>,  <32.071896, 34.027706, 36.560688>, 0.100000
	pigment { color rgbt <1,0,0,0> }
	no_shadow
}

// particle -1
sphere {
	<31.902817, 34.139168, 36.215740> 0.100000
	pigment { color rgbt <1,0,0,0> }
	no_shadow
}
sphere {
	0, 1
	scale<0.080000,0.200000,0.300000>
	matrix <-0.270005, 0.869626, 0.413338,
		0.865117, 0.407559, -0.292348,
		-0.422693, 0.278650, -0.862372,
		31.776009, 34.222763, 35.957027>
	pigment { color rgbt <0,1,1,0> }
	no_shadow
}
cylinder {
	<32.292889, 34.621677, 36.417328>,  <32.071896, 34.027706, 36.560688>, 0.130000
	pigment { color rgbt <1,0,0,0> }
	no_shadow
}

// nucleotide -1

// particle -1
sphere {
	<32.292889, 34.621677, 36.417328> 0.250000
	pigment { color rgbt <1,0,0,0> }
	no_shadow
}
cylinder {
	<31.948950, 34.617725, 36.213146>,  <31.742586, 34.615353, 36.090637>, 0.100000
	pigment { color rgbt <1,0,0,0> }
	no_shadow
}
cylinder {
	<31.948950, 34.617725, 36.213146>,  <32.292889, 34.621677, 36.417328>, 0.100000
	pigment { color rgbt <1,0,0,0> }
	no_shadow
}

// particle -1
sphere {
	<31.948950, 34.617725, 36.213146> 0.100000
	pigment { color rgbt <1,0,0,0> }
	no_shadow
}
sphere {
	0, 1
	scale<0.080000,0.200000,0.300000>
	matrix <-0.109537, 0.980101, 0.165541,
		0.498662, 0.198253, -0.843819,
		-0.859847, -0.009881, -0.510456,
		31.690996, 34.614761, 36.060009>
	pigment { color rgbt <0,1,1,0> }
	no_shadow
}
cylinder {
	<32.400276, 35.199928, 36.006363>,  <32.292889, 34.621677, 36.417328>, 0.130000
	pigment { color rgbt <1,0,0,0> }
	no_shadow
}

// nucleotide -1

// particle -1
sphere {
	<32.400276, 35.199928, 36.006363> 0.250000
	pigment { color rgbt <1,0,0,0> }
	no_shadow
}
cylinder {
	<32.015244, 35.098221, 36.043846>,  <31.784224, 35.037197, 36.066334>, 0.100000
	pigment { color rgbt <1,0,0,0> }
	no_shadow
}
cylinder {
	<32.015244, 35.098221, 36.043846>,  <32.400276, 35.199928, 36.006363>, 0.100000
	pigment { color rgbt <1,0,0,0> }
	no_shadow
}

// particle -1
sphere {
	<32.015244, 35.098221, 36.043846> 0.100000
	pigment { color rgbt <1,0,0,0> }
	no_shadow
}
sphere {
	0, 1
	scale<0.080000,0.200000,0.300000>
	matrix <-0.231618, 0.951477, 0.202592,
		-0.140671, 0.173308, -0.974770,
		-0.962582, -0.254273, 0.093703,
		31.726469, 35.021938, 36.071957>
	pigment { color rgbt <0,1,1,0> }
	no_shadow
}
cylinder {
	<32.013809, 35.603317, 35.576767>,  <32.400276, 35.199928, 36.006363>, 0.130000
	pigment { color rgbt <1,0,0,0> }
	no_shadow
}

// nucleotide -1

// particle -1
sphere {
	<32.013809, 35.603317, 35.576767> 0.250000
	pigment { color rgbt <1,0,0,0> }
	no_shadow
}
cylinder {
	<31.750954, 35.481003, 35.852352>,  <31.593241, 35.407616, 36.017704>, 0.100000
	pigment { color rgbt <1,0,0,0> }
	no_shadow
}
cylinder {
	<31.750954, 35.481003, 35.852352>,  <32.013809, 35.603317, 35.576767>, 0.100000
	pigment { color rgbt <1,0,0,0> }
	no_shadow
}

// particle -1
sphere {
	<31.750954, 35.481003, 35.852352> 0.100000
	pigment { color rgbt <1,0,0,0> }
	no_shadow
}
sphere {
	0, 1
	scale<0.080000,0.200000,0.300000>
	matrix <-0.158354, 0.949626, 0.270433,
		-0.736952, 0.068611, -0.672454,
		-0.657135, -0.305782, 0.688964,
		31.553814, 35.389267, 36.059040>
	pigment { color rgbt <0,1,1,0> }
	no_shadow
}
cylinder {
	<31.417318, 36.069347, 35.561756>,  <32.013809, 35.603317, 35.576767>, 0.130000
	pigment { color rgbt <1,0,0,0> }
	no_shadow
}

// nucleotide -1

// particle -1
sphere {
	<31.417318, 36.069347, 35.561756> 0.250000
	pigment { color rgbt <1,0,0,0> }
	no_shadow
}
cylinder {
	<31.438000, 35.900875, 35.923958>,  <31.450409, 35.799793, 36.141277>, 0.100000
	pigment { color rgbt <1,0,0,0> }
	no_shadow
}
cylinder {
	<31.438000, 35.900875, 35.923958>,  <31.417318, 36.069347, 35.561756>, 0.100000
	pigment { color rgbt <1,0,0,0> }
	no_shadow
}

// particle -1
sphere {
	<31.438000, 35.900875, 35.923958> 0.100000
	pigment { color rgbt <1,0,0,0> }
	no_shadow
}
sphere {
	0, 1
	scale<0.080000,0.200000,0.300000>
	matrix <-0.307341, 0.855999, 0.415702,
		-0.950194, -0.299791, -0.085188,
		0.051703, -0.421179, 0.905503,
		31.453510, 35.774521, 36.195610>
	pigment { color rgbt <0,1,1,0> }
	no_shadow
}
cylinder {
	<31.417671, 36.631729, 35.985855>,  <31.417318, 36.069347, 35.561756>, 0.130000
	pigment { color rgbt <1,0,0,0> }
	no_shadow
}

// nucleotide -1

// particle -1
sphere {
	<31.417671, 36.631729, 35.985855> 0.250000
	pigment { color rgbt <1,0,0,0> }
	no_shadow
}
cylinder {
	<31.345850, 36.311760, 36.214897>,  <31.302757, 36.119778, 36.352322>, 0.100000
	pigment { color rgbt <1,0,0,0> }
	no_shadow
}
cylinder {
	<31.345850, 36.311760, 36.214897>,  <31.417671, 36.631729, 35.985855>, 0.100000
	pigment { color rgbt <1,0,0,0> }
	no_shadow
}

// particle -1
sphere {
	<31.345850, 36.311760, 36.214897> 0.100000
	pigment { color rgbt <1,0,0,0> }
	no_shadow
}
sphere {
	0, 1
	scale<0.080000,0.200000,0.300000>
	matrix <-0.211488, 0.599846, 0.771659,
		-0.960746, 0.017455, -0.276880,
		-0.179555, -0.799925, 0.572608,
		31.291983, 36.071781, 36.386681>
	pigment { color rgbt <0,1,1,0> }
	no_shadow
}
cylinder {
	<30.889429, 36.861687, 36.445068>,  <31.417671, 36.631729, 35.985855>, 0.130000
	pigment { color rgbt <1,0,0,0> }
	no_shadow
}

// nucleotide -1

// particle -1
sphere {
	<30.889429, 36.861687, 36.445068> 0.250000
	pigment { color rgbt <1,0,0,0> }
	no_shadow
}
cylinder {
	<31.090836, 36.557793, 36.609642>,  <31.211679, 36.375458, 36.708385>, 0.100000
	pigment { color rgbt <1,0,0,0> }
	no_shadow
}
cylinder {
	<31.090836, 36.557793, 36.609642>,  <30.889429, 36.861687, 36.445068>, 0.100000
	pigment { color rgbt <1,0,0,0> }
	no_shadow
}

// particle -1
sphere {
	<31.090836, 36.557793, 36.609642> 0.100000
	pigment { color rgbt <1,0,0,0> }
	no_shadow
}
sphere {
	0, 1
	scale<0.080000,0.200000,0.300000>
	matrix <0.162762, 0.551085, 0.818421,
		-0.848517, -0.345122, 0.401135,
		0.503515, -0.759734, 0.411433,
		31.241890, 36.329872, 36.733070>
	pigment { color rgbt <0,1,1,0> }
	no_shadow
}
cylinder {
	<30.575766, 36.794693, 37.055897>,  <30.889429, 36.861687, 36.445068>, 0.130000
	pigment { color rgbt <1,0,0,0> }
	no_shadow
}

// nucleotide -1

// particle -1
sphere {
	<30.575766, 36.794693, 37.055897> 0.250000
	pigment { color rgbt <1,0,0,0> }
	no_shadow
}
cylinder {
	<30.947388, 36.648899, 37.081200>,  <31.170361, 36.561420, 37.096382>, 0.100000
	pigment { color rgbt <1,0,0,0> }
	no_shadow
}
cylinder {
	<30.947388, 36.648899, 37.081200>,  <30.575766, 36.794693, 37.055897>, 0.100000
	pigment { color rgbt <1,0,0,0> }
	no_shadow
}

// particle -1
sphere {
	<30.947388, 36.648899, 37.081200> 0.100000
	pigment { color rgbt <1,0,0,0> }
	no_shadow
}
sphere {
	0, 1
	scale<0.080000,0.200000,0.300000>
	matrix <0.188630, 0.613850, 0.766555,
		-0.318233, -0.700240, 0.639055,
		0.929057, -0.364488, 0.063261,
		31.226105, 36.539551, 37.100178>
	pigment { color rgbt <0,1,1,0> }
	no_shadow
}
cylinder {
	<30.681900, 36.650333, 37.813946>,  <30.575766, 36.794693, 37.055897>, 0.130000
	pigment { color rgbt <1,0,0,0> }
	no_shadow
}

// nucleotide -1

// particle -1
sphere {
	<30.681900, 36.650333, 37.813946> 0.250000
	pigment { color rgbt <1,0,0,0> }
	no_shadow
}
cylinder {
	<31.035877, 36.654133, 37.627705>,  <31.248264, 36.656414, 37.515961>, 0.100000
	pigment { color rgbt <1,0,0,0> }
	no_shadow
}
cylinder {
	<31.035877, 36.654133, 37.627705>,  <30.681900, 36.650333, 37.813946>, 0.100000
	pigment { color rgbt <1,0,0,0> }
	no_shadow
}

// particle -1
sphere {
	<31.035877, 36.654133, 37.627705> 0.100000
	pigment { color rgbt <1,0,0,0> }
	no_shadow
}
sphere {
	0, 1
	scale<0.080000,0.200000,0.300000>
	matrix <0.359889, 0.620574, 0.696684,
		0.295557, -0.784090, 0.545755,
		0.884944, 0.009499, -0.465600,
		31.301361, 36.656982, 37.488026>
	pigment { color rgbt <0,1,1,0> }
	no_shadow
}
cylinder {
	<31.255024, 36.277695, 38.238358>,  <30.681900, 36.650333, 37.813946>, 0.130000
	pigment { color rgbt <1,0,0,0> }
	no_shadow
}

// nucleotide -1

// particle -1
sphere {
	<31.255024, 36.277695, 38.238358> 0.250000
	pigment { color rgbt <1,0,0,0> }
	no_shadow
}
cylinder {
	<31.402588, 36.552055, 37.987453>,  <31.491125, 36.716671, 37.836910>, 0.100000
	pigment { color rgbt <1,0,0,0> }
	no_shadow
}
cylinder {
	<31.402588, 36.552055, 37.987453>,  <31.255024, 36.277695, 38.238358>, 0.100000
	pigment { color rgbt <1,0,0,0> }
	no_shadow
}

// particle -1
sphere {
	<31.402588, 36.552055, 37.987453> 0.100000
	pigment { color rgbt <1,0,0,0> }
	no_shadow
}
sphere {
	0, 1
	scale<0.080000,0.200000,0.300000>
	matrix <0.520373, 0.406763, 0.750837,
		0.770142, -0.603398, -0.206864,
		0.368909, 0.685897, -0.627257,
		31.513260, 36.757824, 37.799278>
	pigment { color rgbt <0,1,1,0> }
	no_shadow
}
cylinder {
	<31.991228, 36.403114, 38.147625>,  <31.255024, 36.277695, 38.238358>, 0.130000
	pigment { color rgbt <1,0,0,0> }
	no_shadow
}

// nucleotide -1

// particle -1
sphere {
	<31.991228, 36.403114, 38.147625> 0.250000
	pigment { color rgbt <1,0,0,0> }
	no_shadow
}
cylinder {
	<31.792044, 36.748688, 38.117554>,  <31.672533, 36.956032, 38.099510>, 0.100000
	pigment { color rgbt <1,0,0,0> }
	no_shadow
}
cylinder {
	<31.792044, 36.748688, 38.117554>,  <31.991228, 36.403114, 38.147625>, 0.100000
	pigment { color rgbt <1,0,0,0> }
	no_shadow
}

// particle -1
sphere {
	<31.792044, 36.748688, 38.117554> 0.100000
	pigment { color rgbt <1,0,0,0> }
	no_shadow
}
sphere {
	0, 1
	scale<0.080000,0.200000,0.300000>
	matrix <0.645201, 0.427015, 0.633541,
		0.579439, 0.266977, -0.770048,
		-0.497963, 0.863934, -0.075176,
		31.642654, 37.007870, 38.095001>
	pigment { color rgbt <0,1,1,0> }
	no_shadow
}
cylinder {
	<32.275467, 37.045753, 37.777790>,  <31.991228, 36.403114, 38.147625>, 0.130000
	pigment { color rgbt <1,0,0,0> }
	no_shadow
}

// nucleotide -1

// particle -1
sphere {
	<32.275467, 37.045753, 37.777790> 0.250000
	pigment { color rgbt <1,0,0,0> }
	no_shadow
}
cylinder {
	<32.023129, 37.110966, 38.081223>,  <31.871725, 37.150093, 38.263283>, 0.100000
	pigment { color rgbt <1,0,0,0> }
	no_shadow
}
cylinder {
	<32.023129, 37.110966, 38.081223>,  <32.275467, 37.045753, 37.777790>, 0.100000
	pigment { color rgbt <1,0,0,0> }
	no_shadow
}

// particle -1
sphere {
	<32.023129, 37.110966, 38.081223> 0.100000
	pigment { color rgbt <1,0,0,0> }
	no_shadow
}
sphere {
	0, 1
	scale<0.080000,0.200000,0.300000>
	matrix <0.754564, 0.356637, 0.550856,
		-0.180732, 0.919907, -0.348003,
		-0.630848, 0.163034, 0.758585,
		31.833874, 37.159878, 38.308800>
	pigment { color rgbt <0,1,1,0> }
	no_shadow
}
cylinder {
	<32.488354, 36.620972, 37.138577>,  <32.275467, 37.045753, 37.777790>, 0.130000
	pigment { color rgbt <1,0,0,0> }
	no_shadow
}

// nucleotide -1

// particle -1
sphere {
	<32.488354, 36.620972, 37.138577> 0.250000
	pigment { color rgbt <1,0,0,0> }
	no_shadow
}
cylinder {
	<32.133018, 36.586521, 37.318996>,  <31.919819, 36.565849, 37.427250>, 0.100000
	pigment { color rgbt <1,0,0,0> }
	no_shadow
}
cylinder {
	<32.133018, 36.586521, 37.318996>,  <32.488354, 36.620972, 37.138577>, 0.100000
	pigment { color rgbt <1,0,0,0> }
	no_shadow
}

// particle -1
sphere {
	<32.133018, 36.586521, 37.318996> 0.100000
	pigment { color rgbt <1,0,0,0> }
	no_shadow
}
sphere {
	0, 1
	scale<0.080000,0.200000,0.300000>
	matrix <-0.289564, -0.657283, -0.695795,
