// switches for output
#declare DRAW_BASES = 1; // possible values are 0, 1; only relevant for DNA ribbons
#declare DRAW_BASES_TYPE = 3; // possible values are 1, 2, 3; only relevant for DNA ribbons
#declare DRAW_FOG = 0; // set to 1 to enable fog

#include "colors.inc"

#include "transforms.inc"
background { rgb <1, 1, 1>}

#default {
   normal{
       ripples 0.25
       frequency 0.20
       turbulence 0.2
       lambda 5
   }
	finish {
		phong 0.1
		phong_size 40.
	}
}

// original window dimensions: 1024x640


// camera settings

camera {
	sky <0, 0.179814, -0.983701>
	up <0, 0.179814, -0.983701>
	right 1.6 * <1, 0, 0>
	location <35, 94.9851, 44.8844>
	look_at <35, 29.7336, 32.9568>
	direction <0, -65.2515, -11.9276>
	angle 67.0682
}


# declare cpy_camera_pos = <35, 94.9851, 44.8844>;
# if (DRAW_FOG = 1)
fog {
	fog_type 2
	up vnormalize(cpy_camera_pos)
	color rgbt<1,1,1,0.3>
	distance 1e-5
	fog_alt 3e-3
	fog_offset 56
}
# end


// LIGHTS

# declare lum = 6;
global_settings {
	ambient_light rgb lum * <0.05, 0.05, 0.05>
	max_trace_level 15
}# declare cpy_direct_light_amount = 0.25;
light_source
{	1000 * <-1, -1.16352, -0.803886>,
	rgb lum * cpy_direct_light_amount
	parallel
}

light_source
{	1000 * <1, 1.16352, 0.803886>,
	rgb lum * cpy_direct_light_amount
	parallel
}

// strand 0

// nucleotide -1

// particle -1
sphere {
	<24.243849, 34.915020, 35.169365> 0.250000
	pigment { color rgbt <1,0,0,0> }
	no_shadow
}
cylinder {
	<24.535780, 35.056553, 34.935390>,  <24.710939, 35.141472, 34.795006>, 0.100000
	pigment { color rgbt <1,0,0,0> }
	no_shadow
}
cylinder {
	<24.535780, 35.056553, 34.935390>,  <24.243849, 34.915020, 35.169365>, 0.100000
	pigment { color rgbt <1,0,0,0> }
	no_shadow
}

// particle -1
sphere {
	<24.535780, 35.056553, 34.935390> 0.100000
	pigment { color rgbt <1,0,0,0> }
	no_shadow
}
sphere {
	0, 1
	scale<0.080000,0.200000,0.300000>
	matrix <0.049871, 0.825801, 0.561752,
		0.681806, -0.439155, 0.585049,
		0.729831, 0.353830, -0.584938,
		24.754728, 35.162701, 34.759911>
	pigment { color rgbt <0,1,1,0> }
	no_shadow
}
cylinder {
	<25.046640, 34.977982, 35.503395>,  <24.243849, 34.915020, 35.169365>, 0.130000
	pigment { color rgbt <1,0,0,0> }
	no_shadow
}

// nucleotide -1

// particle -1
sphere {
	<25.046640, 34.977982, 35.503395> 0.250000
	pigment { color rgbt <1,0,0,0> }
	no_shadow
}
cylinder {
	<24.945116, 35.233131, 35.212551>,  <24.884201, 35.386223, 35.038044>, 0.100000
	pigment { color rgbt <1,0,0,0> }
	no_shadow
}
cylinder {
	<24.945116, 35.233131, 35.212551>,  <25.046640, 34.977982, 35.503395>, 0.100000
	pigment { color rgbt <1,0,0,0> }
	no_shadow
}

// particle -1
sphere {
	<24.945116, 35.233131, 35.212551> 0.100000
	pigment { color rgbt <1,0,0,0> }
	no_shadow
}
sphere {
	0, 1
	scale<0.080000,0.200000,0.300000>
	matrix <-0.174746, 0.709122, 0.683089,
		0.951339, 0.300434, -0.068515,
		-0.253809, 0.637876, -0.727115,
		24.868973, 35.424496, 34.994415>
	pigment { color rgbt <0,1,1,0> }
	no_shadow
}
cylinder {
	<25.507757, 35.545361, 35.333282>,  <25.046640, 34.977982, 35.503395>, 0.130000
	pigment { color rgbt <1,0,0,0> }
	no_shadow
}

// nucleotide -1

// particle -1
sphere {
	<25.507757, 35.545361, 35.333282> 0.250000
	pigment { color rgbt <1,0,0,0> }
	no_shadow
}
cylinder {
	<25.130091, 35.655567, 35.261021>,  <24.903490, 35.721691, 35.217663>, 0.100000
	pigment { color rgbt <1,0,0,0> }
	no_shadow
}
cylinder {
	<25.130091, 35.655567, 35.261021>,  <25.507757, 35.545361, 35.333282>, 0.100000
	pigment { color rgbt <1,0,0,0> }
	no_shadow
}

// particle -1
sphere {
	<25.130091, 35.655567, 35.261021> 0.100000
	pigment { color rgbt <1,0,0,0> }
	no_shadow
}
sphere {
	0, 1
	scale<0.080000,0.200000,0.300000>
	matrix <0.037171, 0.633913, 0.772511,
		0.327364, 0.722664, -0.608761,
		-0.944167, 0.275521, -0.180658,
		24.846840, 35.738224, 35.206821>
	pigment { color rgbt <0,1,1,0> }
	no_shadow
}
cylinder {
	<25.596413, 36.062065, 34.809746>,  <25.507757, 35.545361, 35.333282>, 0.130000
	pigment { color rgbt <1,0,0,0> }
	no_shadow
}

// nucleotide -1

// particle -1
sphere {
	<25.596413, 36.062065, 34.809746> 0.250000
	pigment { color rgbt <1,0,0,0> }
	no_shadow
}
cylinder {
	<25.627298, 36.165073, 35.195019>,  <25.645830, 36.226879, 35.426182>, 0.100000
	pigment { color rgbt <1,0,0,0> }
	no_shadow
}
cylinder {
	<25.627298, 36.165073, 35.195019>,  <25.596413, 36.062065, 34.809746>, 0.100000
	pigment { color rgbt <1,0,0,0> }
	no_shadow
}

// particle -1
sphere {
	<25.627298, 36.165073, 35.195019> 0.100000
	pigment { color rgbt <1,0,0,0> }
	no_shadow
}
sphere {
	0, 1
	scale<0.080000,0.200000,0.300000>
	matrix <0.858977, -0.507630, 0.066863,
		0.506159, 0.822190, -0.260399,
		0.077212, 0.257520, 0.963183,
		25.650461, 36.242329, 35.483974>
	pigment { color rgbt <0,1,1,0> }
	no_shadow
}
cylinder {
	<26.240520, 36.462528, 35.076927>,  <25.596413, 36.062065, 34.809746>, 0.130000
	pigment { color rgbt <1,0,0,0> }
	no_shadow
}

// nucleotide -1

// particle -1
sphere {
	<26.240520, 36.462528, 35.076927> 0.250000
	pigment { color rgbt <1,0,0,0> }
	no_shadow
}
cylinder {
	<26.061983, 36.200504, 35.320786>,  <25.954861, 36.043289, 35.467102>, 0.100000
	pigment { color rgbt <1,0,0,0> }
	no_shadow
}
cylinder {
	<26.061983, 36.200504, 35.320786>,  <26.240520, 36.462528, 35.076927>, 0.100000
	pigment { color rgbt <1,0,0,0> }
	no_shadow
}

// particle -1
sphere {
	<26.061983, 36.200504, 35.320786> 0.100000
	pigment { color rgbt <1,0,0,0> }
	no_shadow
}
sphere {
	0, 1
	scale<0.080000,0.200000,0.300000>
	matrix <0.849831, -0.523688, 0.059492,
		0.280295, 0.544653, 0.790435,
		-0.446343, -0.655060, 0.609650,
		25.928080, 36.003986, 35.503681>
	pigment { color rgbt <0,1,1,0> }
	no_shadow
}
cylinder {
	<26.884180, 36.268097, 35.476189>,  <26.240520, 36.462528, 35.076927>, 0.130000
	pigment { color rgbt <1,0,0,0> }
	no_shadow
}

// nucleotide -1

// particle -1
sphere {
	<26.884180, 36.268097, 35.476189> 0.250000
	pigment { color rgbt <1,0,0,0> }
	no_shadow
}
cylinder {
	<26.586941, 36.012856, 35.556816>,  <26.408598, 35.859711, 35.605194>, 0.100000
	pigment { color rgbt <1,0,0,0> }
	no_shadow
}
cylinder {
	<26.586941, 36.012856, 35.556816>,  <26.884180, 36.268097, 35.476189>, 0.100000
	pigment { color rgbt <1,0,0,0> }
	no_shadow
}

// particle -1
sphere {
	<26.586941, 36.012856, 35.556816> 0.100000
	pigment { color rgbt <1,0,0,0> }
	no_shadow
}
sphere {
	0, 1
	scale<0.080000,0.200000,0.300000>
	matrix <0.667042, -0.682241, 0.299336,
		-0.053488, 0.356892, 0.932613,
		-0.743097, -0.638103, 0.201570,
		26.364012, 35.821426, 35.617287>
	pigment { color rgbt <0,1,1,0> }
	no_shadow
}
cylinder {
	<27.117456, 35.857975, 36.061211>,  <26.884180, 36.268097, 35.476189>, 0.130000
	pigment { color rgbt <1,0,0,0> }
	no_shadow
}

// nucleotide -1

// particle -1
sphere {
	<27.117456, 35.857975, 36.061211> 0.250000
	pigment { color rgbt <1,0,0,0> }
	no_shadow
}
cylinder {
	<26.791248, 35.638279, 35.988258>,  <26.595524, 35.506462, 35.944489>, 0.100000
	pigment { color rgbt <1,0,0,0> }
	no_shadow
}
cylinder {
	<26.791248, 35.638279, 35.988258>,  <27.117456, 35.857975, 36.061211>, 0.100000
	pigment { color rgbt <1,0,0,0> }
	no_shadow
}

// particle -1
sphere {
	<26.791248, 35.638279, 35.988258> 0.100000
	pigment { color rgbt <1,0,0,0> }
	no_shadow
}
sphere {
	0, 1
	scale<0.080000,0.200000,0.300000>
	matrix <0.350888, -0.719866, 0.598892,
		-0.460224, 0.424414, 0.779787,
		-0.815519, -0.549242, -0.182378,
		26.546593, 35.473507, 35.933544>
	pigment { color rgbt <0,1,1,0> }
	no_shadow
}
cylinder {
	<26.751167, 35.775894, 36.775406>,  <27.117456, 35.857975, 36.061211>, 0.130000
	pigment { color rgbt <1,0,0,0> }
	no_shadow
}

// nucleotide -1

// particle -1
sphere {
	<26.751167, 35.775894, 36.775406> 0.250000
	pigment { color rgbt <1,0,0,0> }
	no_shadow
}
cylinder {
	<26.773155, 35.494408, 36.492065>,  <26.786348, 35.325516, 36.322060>, 0.100000
	pigment { color rgbt <1,0,0,0> }
	no_shadow
}
cylinder {
	<26.773155, 35.494408, 36.492065>,  <26.751167, 35.775894, 36.775406>, 0.100000
	pigment { color rgbt <1,0,0,0> }
	no_shadow
}

// particle -1
sphere {
	<26.773155, 35.494408, 36.492065> 0.100000
	pigment { color rgbt <1,0,0,0> }
	no_shadow
}
sphere {
	0, 1
	scale<0.080000,0.200000,0.300000>
	matrix <0.521983, -0.584509, 0.621194,
		-0.851183, -0.403894, 0.335198,
		0.054970, -0.703717, -0.708350,
		26.789646, 35.283291, 36.279560>
	pigment { color rgbt <0,1,1,0> }
	no_shadow
}
cylinder {
	<26.430378, 35.088066, 37.030849>,  <26.751167, 35.775894, 36.775406>, 0.130000
	pigment { color rgbt <1,0,0,0> }
	no_shadow
}

// nucleotide -1

// particle -1
sphere {
	<26.430378, 35.088066, 37.030849> 0.250000
	pigment { color rgbt <1,0,0,0> }
	no_shadow
}
cylinder {
	<26.708509, 35.073910, 36.743721>,  <26.875389, 35.065414, 36.571445>, 0.100000
	pigment { color rgbt <1,0,0,0> }
	no_shadow
}
cylinder {
	<26.708509, 35.073910, 36.743721>,  <26.430378, 35.088066, 37.030849>, 0.100000
	pigment { color rgbt <1,0,0,0> }
	no_shadow
}

// particle -1
sphere {
	<26.708509, 35.073910, 36.743721> 0.100000
	pigment { color rgbt <1,0,0,0> }
	no_shadow
}
sphere {
	0, 1
	scale<0.080000,0.200000,0.300000>
	matrix <0.515126, -0.671936, 0.532115,
		-0.501161, -0.739763, -0.448986,
		0.695329, -0.035391, -0.717820,
		26.917109, 35.063293, 36.528374>
	pigment { color rgbt <0,1,1,0> }
	no_shadow
}
cylinder {
	<26.642815, 34.380207, 37.008999>,  <26.430378, 35.088066, 37.030849>, 0.130000
	pigment { color rgbt <1,0,0,0> }
	no_shadow
}

// nucleotide -1

// particle -1
sphere {
	<26.642815, 34.380207, 37.008999> 0.250000
	pigment { color rgbt <1,0,0,0> }
	no_shadow
}
cylinder {
	<26.947170, 34.577305, 36.840122>,  <27.129784, 34.695564, 36.738796>, 0.100000
	pigment { color rgbt <1,0,0,0> }
	no_shadow
}
cylinder {
	<26.947170, 34.577305, 36.840122>,  <26.642815, 34.380207, 37.008999>, 0.100000
	pigment { color rgbt <1,0,0,0> }
	no_shadow
}

// particle -1
sphere {
	<26.947170, 34.577305, 36.840122> 0.100000
	pigment { color rgbt <1,0,0,0> }
	no_shadow
}
sphere {
	0, 1
	scale<0.080000,0.200000,0.300000>
	matrix <0.647328, -0.531458, 0.546369,
		0.044848, -0.689022, -0.723351,
		0.760891, 0.492749, -0.422188,
		27.175438, 34.725128, 36.713467>
	pigment { color rgbt <0,1,1,0> }
	no_shadow
}
cylinder {
	<27.175940, 33.903412, 37.007614>,  <26.642815, 34.380207, 37.008999>, 0.130000
	pigment { color rgbt <1,0,0,0> }
	no_shadow
}

// nucleotide -1

// particle -1
sphere {
	<27.175940, 33.903412, 37.007614> 0.250000
	pigment { color rgbt <1,0,0,0> }
	no_shadow
}
cylinder {
	<27.368675, 34.252472, 36.975838>,  <27.484316, 34.461910, 36.956772>, 0.100000
	pigment { color rgbt <1,0,0,0> }
	no_shadow
}
cylinder {
	<27.368675, 34.252472, 36.975838>,  <27.175940, 33.903412, 37.007614>, 0.100000
	pigment { color rgbt <1,0,0,0> }
	no_shadow
}

// particle -1
sphere {
	<27.368675, 34.252472, 36.975838> 0.100000
	pigment { color rgbt <1,0,0,0> }
	no_shadow
}
sphere {
	0, 1
	scale<0.080000,0.200000,0.300000>
	matrix <0.652809, -0.297013, 0.696868,
		0.584529, -0.387635, -0.712787,
		0.481837, 0.872653, -0.079439,
		27.513226, 34.514267, 36.952007>
	pigment { color rgbt <0,1,1,0> }
	no_shadow
}
cylinder {
	<27.702271, 33.531094, 37.573864>,  <27.175940, 33.903412, 37.007614>, 0.130000
	pigment { color rgbt <1,0,0,0> }
	no_shadow
}

// nucleotide -1

// particle -1
sphere {
	<27.702271, 33.531094, 37.573864> 0.250000
	pigment { color rgbt <1,0,0,0> }
	no_shadow
}
cylinder {
	<27.810558, 33.691772, 37.923801>,  <27.875530, 33.788181, 38.133762>, 0.100000
	pigment { color rgbt <1,0,0,0> }
	no_shadow
}
cylinder {
	<27.810558, 33.691772, 37.923801>,  <27.702271, 33.531094, 37.573864>, 0.100000
	pigment { color rgbt <1,0,0,0> }
	no_shadow
}

// particle -1
sphere {
	<27.810558, 33.691772, 37.923801> 0.100000
	pigment { color rgbt <1,0,0,0> }
	no_shadow
}
sphere {
	0, 1
	scale<0.080000,0.200000,0.300000>
	matrix <-0.178526, -0.872064, 0.455668,
		0.945960, -0.279540, -0.164369,
		0.270718, 0.401699, 0.874842,
		27.891773, 33.812283, 38.186253>
	pigment { color rgbt <0,1,1,0> }
	no_shadow
}
cylinder {
	<28.452385, 33.627037, 37.964848>,  <27.702271, 33.531094, 37.573864>, 0.130000
	pigment { color rgbt <1,0,0,0> }
	no_shadow
}

// nucleotide -1

// particle -1
sphere {
	<28.452385, 33.627037, 37.964848> 0.250000
	pigment { color rgbt <1,0,0,0> }
	no_shadow
}
cylinder {
	<28.695112, 33.930157, 37.868923>,  <28.840748, 34.112030, 37.811367>, 0.100000
	pigment { color rgbt <1,0,0,0> }
	no_shadow
}
cylinder {
	<28.695112, 33.930157, 37.868923>,  <28.452385, 33.627037, 37.964848>, 0.100000
	pigment { color rgbt <1,0,0,0> }
	no_shadow
}

// particle -1
sphere {
	<28.695112, 33.930157, 37.868923> 0.100000
	pigment { color rgbt <1,0,0,0> }
	no_shadow
}
sphere {
	0, 1
	scale<0.080000,0.200000,0.300000>
	matrix <-0.645753, 0.294111, -0.704629,
		-0.463437, 0.582440, 0.667825,
		0.606819, 0.757801, -0.239810,
		28.877157, 34.157497, 37.796982>
	pigment { color rgbt <0,1,1,0> }
	no_shadow
}
cylinder {
	<28.272301, 34.340656, 38.103733>,  <28.452385, 33.627037, 37.964848>, 0.130000
	pigment { color rgbt <1,0,0,0> }
	no_shadow
}

// nucleotide -1

// particle -1
sphere {
	<28.272301, 34.340656, 38.103733> 0.250000
	pigment { color rgbt <1,0,0,0> }
	no_shadow
}
cylinder {
	<28.526970, 34.383423, 37.798260>,  <28.679771, 34.409084, 37.614975>, 0.100000
	pigment { color rgbt <1,0,0,0> }
	no_shadow
}
cylinder {
	<28.526970, 34.383423, 37.798260>,  <28.272301, 34.340656, 38.103733>, 0.100000
	pigment { color rgbt <1,0,0,0> }
	no_shadow
}

// particle -1
sphere {
	<28.526970, 34.383423, 37.798260> 0.100000
	pigment { color rgbt <1,0,0,0> }
	no_shadow
}
sphere {
	0, 1
	scale<0.080000,0.200000,0.300000>
	matrix <-0.709187, 0.470085, -0.525427,
		0.302820, 0.876121, 0.375114,
		0.636673, 0.106917, -0.763686,
		28.717972, 34.415497, 37.569153>
	pigment { color rgbt <0,1,1,0> }
	no_shadow
}
cylinder {
	<28.427177, 35.083679, 37.884697>,  <28.272301, 34.340656, 38.103733>, 0.130000
	pigment { color rgbt <1,0,0,0> }
	no_shadow
}

// nucleotide -1

// particle -1
sphere {
	<28.427177, 35.083679, 37.884697> 0.250000
	pigment { color rgbt <1,0,0,0> }
	no_shadow
}
cylinder {
	<28.409283, 34.793034, 37.610462>,  <28.398546, 34.618645, 37.445919>, 0.100000
	pigment { color rgbt <1,0,0,0> }
	no_shadow
}
cylinder {
	<28.409283, 34.793034, 37.610462>,  <28.427177, 35.083679, 37.884697>, 0.100000
	pigment { color rgbt <1,0,0,0> }
	no_shadow
}

// particle -1
sphere {
	<28.409283, 34.793034, 37.610462> 0.100000
	pigment { color rgbt <1,0,0,0> }
	no_shadow
}
sphere {
	0, 1
	scale<0.080000,0.200000,0.300000>
	matrix <-0.686872, 0.520696, -0.507034,
		0.725400, 0.448229, -0.522384,
		-0.044736, -0.726613, -0.685589,
		28.395863, 34.575050, 37.404785>
	pigment { color rgbt <0,1,1,0> }
	no_shadow
}
cylinder {
	<27.894033, 35.420635, 37.510838>,  <28.427177, 35.083679, 37.884697>, 0.130000
	pigment { color rgbt <1,0,0,0> }
	no_shadow
}

// nucleotide -1

// particle -1
sphere {
	<27.894033, 35.420635, 37.510838> 0.250000
	pigment { color rgbt <1,0,0,0> }
	no_shadow
}
cylinder {
	<27.977283, 35.088879, 37.303455>,  <28.027233, 34.889824, 37.179024>, 0.100000
	pigment { color rgbt <1,0,0,0> }
	no_shadow
}
cylinder {
	<27.977283, 35.088879, 37.303455>,  <27.894033, 35.420635, 37.510838>, 0.100000
	pigment { color rgbt <1,0,0,0> }
	no_shadow
}

// particle -1
sphere {
	<27.977283, 35.088879, 37.303455> 0.100000
	pigment { color rgbt <1,0,0,0> }
	no_shadow
}
sphere {
	0, 1
	scale<0.080000,0.200000,0.300000>
	matrix <-0.601854, 0.309242, -0.736302,
		0.771010, 0.465278, -0.434811,
		0.208123, -0.829389, -0.518458,
		28.039721, 34.840061, 37.147919>
	pigment { color rgbt <0,1,1,0> }
	no_shadow
}
cylinder {
	<28.036339, 35.642036, 36.875278>,  <27.894033, 35.420635, 37.510838>, 0.130000
	pigment { color rgbt <1,0,0,0> }
	no_shadow
}

// nucleotide -1

// particle -1
sphere {
	<28.036339, 35.642036, 36.875278> 0.250000
	pigment { color rgbt <1,0,0,0> }
	no_shadow
}
cylinder {
	<27.903107, 35.264950, 36.882618>,  <27.823168, 35.038696, 36.887020>, 0.100000
	pigment { color rgbt <1,0,0,0> }
	no_shadow
}
cylinder {
	<27.903107, 35.264950, 36.882618>,  <28.036339, 35.642036, 36.875278>, 0.100000
	pigment { color rgbt <1,0,0,0> }
	no_shadow
}

// particle -1
sphere {
	<27.903107, 35.264950, 36.882618> 0.100000
	pigment { color rgbt <1,0,0,0> }
	no_shadow
}
sphere {
	0, 1
	scale<0.080000,0.200000,0.300000>
	matrix <-0.658897, 0.218791, -0.719712,
		0.674472, -0.251812, -0.694030,
		-0.333080, -0.942720, 0.018349,
		27.803183, 34.982132, 36.888123>
	pigment { color rgbt <0,1,1,0> }
	no_shadow
}
cylinder {
	<28.136539, 35.370281, 36.127701>,  <28.036339, 35.642036, 36.875278>, 0.130000
	pigment { color rgbt <1,0,0,0> }
	no_shadow
}

// nucleotide -1

// particle -1
sphere {
	<28.136539, 35.370281, 36.127701> 0.250000
	pigment { color rgbt <1,0,0,0> }
	no_shadow
}
cylinder {
	<27.844473, 35.165722, 36.308952>,  <27.669233, 35.042988, 36.417706>, 0.100000
	pigment { color rgbt <1,0,0,0> }
	no_shadow
}
cylinder {
	<27.844473, 35.165722, 36.308952>,  <28.136539, 35.370281, 36.127701>, 0.100000
	pigment { color rgbt <1,0,0,0> }
	no_shadow
}

// particle -1
sphere {
	<27.844473, 35.165722, 36.308952> 0.100000
	pigment { color rgbt <1,0,0,0> }
	no_shadow
}
sphere {
	0, 1
	scale<0.080000,0.200000,0.300000>
	matrix <-0.631425, 0.251634, -0.733473,
		0.261087, -0.821666, -0.506653,
		-0.730161, -0.511414, 0.453122,
		27.625423, 35.012302, 36.444893>
	pigment { color rgbt <0,1,1,0> }
	no_shadow
}
cylinder {
	<27.829197, 35.071632, 35.572117>,  <28.136539, 35.370281, 36.127701>, 0.130000
	pigment { color rgbt <1,0,0,0> }
	no_shadow
}

// nucleotide -1

// particle -1
sphere {
	<27.829197, 35.071632, 35.572117> 0.250000
	pigment { color rgbt <1,0,0,0> }
	no_shadow
}
cylinder {
	<27.550634, 35.089840, 35.858597>,  <27.383497, 35.100765, 36.030487>, 0.100000
	pigment { color rgbt <1,0,0,0> }
	no_shadow
}
cylinder {
	<27.550634, 35.089840, 35.858597>,  <27.829197, 35.071632, 35.572117>, 0.100000
	pigment { color rgbt <1,0,0,0> }
	no_shadow
}

// particle -1
sphere {
	<27.550634, 35.089840, 35.858597> 0.100000
	pigment { color rgbt <1,0,0,0> }
	no_shadow
}
sphere {
	0, 1
	scale<0.080000,0.200000,0.300000>
	matrix <-0.620114, 0.464159, -0.632468,
		-0.361220, -0.884582, -0.295018,
		-0.696405, 0.045515, 0.716205,
		27.341713, 35.103493, 36.073460>
	pigment { color rgbt <0,1,1,0> }
	no_shadow
}
cylinder {
	<27.433001, 34.546192, 35.344875>,  <27.829197, 35.071632, 35.572117>, 0.130000
	pigment { color rgbt <1,0,0,0> }
	no_shadow
}

// nucleotide -1

// particle -1
sphere {
	<27.433001, 34.546192, 35.344875> 0.250000
	pigment { color rgbt <1,0,0,0> }
	no_shadow
}
cylinder {
	<27.503468, 34.176125, 35.210396>,  <27.545748, 33.954086, 35.129707>, 0.100000
	pigment { color rgbt <1,0,0,0> }
	no_shadow
}
cylinder {
	<27.503468, 34.176125, 35.210396>,  <27.433001, 34.546192, 35.344875>, 0.100000
	pigment { color rgbt <1,0,0,0> }
	no_shadow
}

// particle -1
sphere {
	<27.503468, 34.176125, 35.210396> 0.100000
	pigment { color rgbt <1,0,0,0> }
	no_shadow
}
sphere {
	0, 1
	scale<0.080000,0.200000,0.300000>
	matrix <-0.938673, -0.260736, 0.225634,
		-0.296409, 0.275835, -0.914362,
		0.176169, -0.925166, -0.336203,
		27.556318, 33.898575, 35.109535>
	pigment { color rgbt <0,1,1,0> }
	no_shadow
}
cylinder {
	<27.673843, 34.222679, 34.697330>,  <27.433001, 34.546192, 35.344875>, 0.130000
	pigment { color rgbt <1,0,0,0> }
	no_shadow
}

// nucleotide -1

// particle -1
sphere {
	<27.673843, 34.222679, 34.697330> 0.250000
	pigment { color rgbt <1,0,0,0> }
	no_shadow
}
cylinder {
	<27.951729, 34.250488, 34.983696>,  <28.118460, 34.267174, 35.155518>, 0.100000
	pigment { color rgbt <1,0,0,0> }
	no_shadow
}
cylinder {
	<27.951729, 34.250488, 34.983696>,  <27.673843, 34.222679, 34.697330>, 0.100000
	pigment { color rgbt <1,0,0,0> }
	no_shadow
}

// particle -1
sphere {
	<27.951729, 34.250488, 34.983696> 0.100000
	pigment { color rgbt <1,0,0,0> }
	no_shadow
}
sphere {
	0, 1
	scale<0.080000,0.200000,0.300000>
	matrix <0.569988, 0.553885, -0.606898,
		-0.438731, 0.829685, 0.345162,
		0.694715, 0.069527, 0.715917,
		28.160143, 34.271347, 35.198471>
	pigment { color rgbt <0,1,1,0> }
	no_shadow
}
cylinder {
	<27.853134, 34.954044, 34.795712>,  <27.673843, 34.222679, 34.697330>, 0.130000
	pigment { color rgbt <1,0,0,0> }
	no_shadow
}

// nucleotide -1

// particle -1
sphere {
	<27.853134, 34.954044, 34.795712> 0.250000
	pigment { color rgbt <1,0,0,0> }
	no_shadow
}
cylinder {
	<28.151966, 34.715069, 34.912289>,  <28.331266, 34.571682, 34.982235>, 0.100000
	pigment { color rgbt <1,0,0,0> }
	no_shadow
}
cylinder {
	<28.151966, 34.715069, 34.912289>,  <27.853134, 34.954044, 34.795712>, 0.100000
	pigment { color rgbt <1,0,0,0> }
	no_shadow
}

// particle -1
sphere {
	<28.151966, 34.715069, 34.912289> 0.100000
	pigment { color rgbt <1,0,0,0> }
	no_shadow
}
sphere {
	0, 1
	scale<0.080000,0.200000,0.300000>
	matrix <0.650488, 0.566781, -0.505594,
		0.136878, 0.567298, 0.812058,
		0.747081, -0.597438, 0.291441,
		28.376091, 34.535839, 34.999722>
	pigment { color rgbt <0,1,1,0> }
	no_shadow
}
cylinder {
	<28.559454, 35.208660, 34.521698>,  <27.853134, 34.954044, 34.795712>, 0.130000
	pigment { color rgbt <1,0,0,0> }
	no_shadow
}

// nucleotide -1

// particle -1
sphere {
	<28.559454, 35.208660, 34.521698> 0.250000
	pigment { color rgbt <1,0,0,0> }
	no_shadow
}
cylinder {
	<28.718472, 34.900753, 34.721466>,  <28.813883, 34.716011, 34.841328>, 0.100000
	pigment { color rgbt <1,0,0,0> }
	no_shadow
}
cylinder {
	<28.718472, 34.900753, 34.721466>,  <28.559454, 35.208660, 34.521698>, 0.100000
	pigment { color rgbt <1,0,0,0> }
	no_shadow
}

// particle -1
sphere {
	<28.718472, 34.900753, 34.721466> 0.100000
	pigment { color rgbt <1,0,0,0> }
	no_shadow
}
sphere {
	0, 1
	scale<0.080000,0.200000,0.300000>
	matrix <0.898623, 0.216540, -0.381559,
		0.185566, 0.600479, 0.777811,
		0.397546, -0.769763, 0.499422,
		28.837734, 34.669823, 34.871292>
	pigment { color rgbt <0,1,1,0> }
	no_shadow
}
cylinder {
	<29.085463, 35.394798, 34.927376>,  <28.559454, 35.208660, 34.521698>, 0.130000
	pigment { color rgbt <1,0,0,0> }
	no_shadow
}

// nucleotide -1

// particle -1
sphere {
	<29.085463, 35.394798, 34.927376> 0.250000
	pigment { color rgbt <1,0,0,0> }
	no_shadow
}
cylinder {
	<29.177893, 35.026127, 34.802719>,  <29.233351, 34.804924, 34.727924>, 0.100000
	pigment { color rgbt <1,0,0,0> }
	no_shadow
}
cylinder {
	<29.177893, 35.026127, 34.802719>,  <29.085463, 35.394798, 34.927376>, 0.100000
	pigment { color rgbt <1,0,0,0> }
	no_shadow
}

// particle -1
sphere {
	<29.177893, 35.026127, 34.802719> 0.100000
	pigment { color rgbt <1,0,0,0> }
	no_shadow
}
sphere {
	0, 1
	scale<0.080000,0.200000,0.300000>
	matrix <0.858233, 0.343977, -0.380941,
		0.458301, -0.179435, 0.870496,
		0.231077, -0.921674, -0.311642,
		29.247215, 34.749626, 34.709225>
	pigment { color rgbt <0,1,1,0> }
	no_shadow
}
cylinder {
	<29.783863, 35.254570, 35.204094>,  <29.085463, 35.394798, 34.927376>, 0.130000
	pigment { color rgbt <1,0,0,0> }
	no_shadow
}

// nucleotide -1

// particle -1
sphere {
	<29.783863, 35.254570, 35.204094> 0.250000
	pigment { color rgbt <1,0,0,0> }
	no_shadow
}
cylinder {
	<29.686707, 35.063034, 34.866642>,  <29.628412, 34.948112, 34.664169>, 0.100000
	pigment { color rgbt <1,0,0,0> }
	no_shadow
}
cylinder {
	<29.686707, 35.063034, 34.866642>,  <29.783863, 35.254570, 35.204094>, 0.100000
	pigment { color rgbt <1,0,0,0> }
	no_shadow
}

// particle -1
sphere {
	<29.686707, 35.063034, 34.866642> 0.100000
	pigment { color rgbt <1,0,0,0> }
	no_shadow
}
sphere {
	0, 1
	scale<0.080000,0.200000,0.300000>
	matrix <0.730442, 0.481994, -0.483877,
		0.638324, -0.733756, 0.232690,
		-0.242892, -0.478837, -0.843634,
		29.613838, 34.919384, 34.613552>
	pigment { color rgbt <0,1,1,0> }
	no_shadow
}
cylinder {
	<30.377768, 34.787514, 34.801842>,  <29.783863, 35.254570, 35.204094>, 0.130000
	pigment { color rgbt <1,0,0,0> }
	no_shadow
}

// nucleotide -1

// particle -1
sphere {
	<30.377768, 34.787514, 34.801842> 0.250000
	pigment { color rgbt <1,0,0,0> }
	no_shadow
}
cylinder {
	<30.135246, 34.968704, 34.540398>,  <29.989733, 35.077419, 34.383530>, 0.100000
	pigment { color rgbt <1,0,0,0> }
	no_shadow
}
cylinder {
	<30.135246, 34.968704, 34.540398>,  <30.377768, 34.787514, 34.801842>, 0.100000
	pigment { color rgbt <1,0,0,0> }
	no_shadow
}

// particle -1
sphere {
	<30.135246, 34.968704, 34.540398> 0.100000
	pigment { color rgbt <1,0,0,0> }
	no_shadow
}
sphere {
	0, 1
	scale<0.080000,0.200000,0.300000>
	matrix <0.739360, 0.623736, -0.253573,
		0.292818, -0.636996, -0.713087,
		-0.606304, 0.452978, -0.653611,
		29.953356, 35.104599, 34.344315>
	pigment { color rgbt <0,1,1,0> }
	no_shadow
}
cylinder {
	<30.543222, 34.665203, 34.155907>,  <30.377768, 34.787514, 34.801842>, 0.130000
	pigment { color rgbt <1,0,0,0> }
	no_shadow
}

// nucleotide -1

// particle -1
sphere {
	<30.543222, 34.665203, 34.155907> 0.250000
	pigment { color rgbt <1,0,0,0> }
	no_shadow
}
cylinder {
	<30.366161, 35.023781, 34.164429>,  <30.259924, 35.238926, 34.169544>, 0.100000
	pigment { color rgbt <1,0,0,0> }
	no_shadow
}
cylinder {
	<30.366161, 35.023781, 34.164429>,  <30.543222, 34.665203, 34.155907>, 0.100000
	pigment { color rgbt <1,0,0,0> }
	no_shadow
}

// particle -1
sphere {
	<30.366161, 35.023781, 34.164429> 0.100000
	pigment { color rgbt <1,0,0,0> }
	no_shadow
}
sphere {
	0, 1
	scale<0.080000,0.200000,0.300000>
	matrix <0.841684, 0.423575, -0.334890,
		-0.309234, -0.130306, -0.942016,
		-0.442652, 0.896440, 0.021308,
		30.233366, 35.292713, 34.170822>
	pigment { color rgbt <0,1,1,0> }
	no_shadow
}
cylinder {
	<30.542669, 35.070721, 33.422318>,  <30.543222, 34.665203, 34.155907>, 0.130000
	pigment { color rgbt <1,0,0,0> }
	no_shadow
}

// nucleotide -1

// particle -1
sphere {
	<30.542669, 35.070721, 33.422318> 0.250000
	pigment { color rgbt <1,0,0,0> }
	no_shadow
}
cylinder {
	<30.581745, 35.291767, 33.753395>,  <30.605190, 35.424397, 33.952042>, 0.100000
	pigment { color rgbt <1,0,0,0> }
	no_shadow
}
cylinder {
	<30.581745, 35.291767, 33.753395>,  <30.542669, 35.070721, 33.422318>, 0.100000
	pigment { color rgbt <1,0,0,0> }
	no_shadow
}

// particle -1
sphere {
	<30.581745, 35.291767, 33.753395> 0.100000
	pigment { color rgbt <1,0,0,0> }
	no_shadow
}
sphere {
	0, 1
	scale<0.080000,0.200000,0.300000>
	matrix <0.871511, 0.354075, -0.339263,
		-0.480546, 0.754486, -0.447020,
		0.097690, 0.552615, 0.827692,
		30.611052, 35.457550, 34.001701>
	pigment { color rgbt <0,1,1,0> }
	no_shadow
}
cylinder {
	<30.692167, 35.890804, 33.311443>,  <30.542669, 35.070721, 33.422318>, 0.130000
	pigment { color rgbt <1,0,0,0> }
	no_shadow
}

// nucleotide -1

// particle -1
sphere {
	<30.692167, 35.890804, 33.311443> 0.250000
	pigment { color rgbt <1,0,0,0> }
	no_shadow
}
cylinder {
	<30.823664, 35.761791, 33.666500>,  <30.902561, 35.684383, 33.879532>, 0.100000
	pigment { color rgbt <1,0,0,0> }
	no_shadow
}
cylinder {
	<30.823664, 35.761791, 33.666500>,  <30.692167, 35.890804, 33.311443>, 0.100000
	pigment { color rgbt <1,0,0,0> }
	no_shadow
}

// particle -1
sphere {
	<30.823664, 35.761791, 33.666500> 0.100000
	pigment { color rgbt <1,0,0,0> }
	no_shadow
}
sphere {
	0, 1
	scale<0.080000,0.200000,0.300000>
	matrix <0.916568, 0.335533, -0.217534,
		-0.227669, 0.885092, 0.405929,
		0.328740, -0.322535, 0.887638,
		30.922285, 35.665031, 33.932793>
	pigment { color rgbt <0,1,1,0> }
	no_shadow
}
cylinder {
	<30.978586, 36.357285, 33.825344>,  <30.692167, 35.890804, 33.311443>, 0.130000
	pigment { color rgbt <1,0,0,0> }
	no_shadow
}

// nucleotide -1

// particle -1
sphere {
	<30.978586, 36.357285, 33.825344> 0.250000
	pigment { color rgbt <1,0,0,0> }
	no_shadow
}
cylinder {
	<31.172628, 36.007504, 33.825951>,  <31.289055, 35.797634, 33.826313>, 0.100000
	pigment { color rgbt <1,0,0,0> }
	no_shadow
}
cylinder {
	<31.172628, 36.007504, 33.825951>,  <30.978586, 36.357285, 33.825344>, 0.100000
	pigment { color rgbt <1,0,0,0> }
	no_shadow
}

// particle -1
sphere {
	<31.172628, 36.007504, 33.825951> 0.100000
	pigment { color rgbt <1,0,0,0> }
	no_shadow
}
sphere {
	0, 1
	scale<0.080000,0.200000,0.300000>
	matrix <0.846989, 0.469439, -0.249473,
		0.217443, 0.122301, 0.968381,
		0.485107, -0.874454, 0.001512,
		31.318161, 35.745167, 33.826405>
	pigment { color rgbt <0,1,1,0> }
	no_shadow
}
cylinder {
	<31.574701, 36.548878, 34.258278>,  <30.978586, 36.357285, 33.825344>, 0.130000
	pigment { color rgbt <1,0,0,0> }
	no_shadow
}

// nucleotide -1

// particle -1
sphere {
	<31.574701, 36.548878, 34.258278> 0.250000
	pigment { color rgbt <1,0,0,0> }
	no_shadow
}
cylinder {
	<31.644804, 36.238823, 34.015480>,  <31.686865, 36.052788, 33.869801>, 0.100000
	pigment { color rgbt <1,0,0,0> }
	no_shadow
}
cylinder {
	<31.644804, 36.238823, 34.015480>,  <31.574701, 36.548878, 34.258278>, 0.100000
	pigment { color rgbt <1,0,0,0> }
	no_shadow
}

// particle -1
sphere {
	<31.644804, 36.238823, 34.015480> 0.100000
	pigment { color rgbt <1,0,0,0> }
	no_shadow
}
sphere {
	0, 1
	scale<0.080000,0.200000,0.300000>
	matrix <0.812547, 0.462017, -0.355396,
		0.555924, -0.430927, 0.710809,
		0.175256, -0.775140, -0.606996,
		31.697380, 36.006283, 33.833382>
	pigment { color rgbt <0,1,1,0> }
	no_shadow
}
cylinder {
	<32.193794, 36.366699, 34.294319>,  <31.574701, 36.548878, 34.258278>, 0.130000
	pigment { color rgbt <1,0,0,0> }
	no_shadow
}

// nucleotide -1

// particle -1
sphere {
	<32.193794, 36.366699, 34.294319> 0.250000
	pigment { color rgbt <1,0,0,0> }
	no_shadow
}
cylinder {
	<32.114063, 36.196522, 33.941216>,  <32.066223, 36.094414, 33.729355>, 0.100000
	pigment { color rgbt <1,0,0,0> }
	no_shadow
}
cylinder {
	<32.114063, 36.196522, 33.941216>,  <32.193794, 36.366699, 34.294319>, 0.100000
	pigment { color rgbt <1,0,0,0> }
	no_shadow
}

// particle -1
sphere {
	<32.114063, 36.196522, 33.941216> 0.100000
	pigment { color rgbt <1,0,0,0> }
	no_shadow
}
sphere {
	0, 1
	scale<0.080000,0.200000,0.300000>
	matrix <0.835281, 0.397293, -0.380085,
		0.512420, -0.813113, 0.276177,
		-0.199329, -0.425448, -0.882758,
		32.054264, 36.068886, 33.676388>
	pigment { color rgbt <0,1,1,0> }
	no_shadow
}
cylinder {
	<32.868488, 36.146198, 33.985199>,  <32.193794, 36.366699, 34.294319>, 0.130000
	pigment { color rgbt <1,0,0,0> }
	no_shadow
}

// nucleotide -1

// particle -1
sphere {
	<32.868488, 36.146198, 33.985199> 0.250000
	pigment { color rgbt <1,0,0,0> }
	no_shadow
}
cylinder {
	<32.613071, 36.194099, 33.681114>,  <32.459824, 36.222839, 33.498661>, 0.100000
	pigment { color rgbt <1,0,0,0> }
	no_shadow
}
cylinder {
	<32.613071, 36.194099, 33.681114>,  <32.868488, 36.146198, 33.985199>, 0.100000
	pigment { color rgbt <1,0,0,0> }
	no_shadow
}

// particle -1
sphere {
	<32.613071, 36.194099, 33.681114> 0.100000
	pigment { color rgbt <1,0,0,0> }
	no_shadow
}
sphere {
	0, 1
	scale<0.080000,0.200000,0.300000>
	matrix <0.681375, 0.547189, -0.486120,
		0.357764, -0.828398, -0.431001,
		-0.638540, 0.119757, -0.760214,
		32.421509, 36.230026, 33.453049>
	pigment { color rgbt <0,1,1,0> }
	no_shadow
}
cylinder {
	<33.278709, 35.868511, 33.305710>,  <32.868488, 36.146198, 33.985199>, 0.130000
	pigment { color rgbt <1,0,0,0> }
	no_shadow
}

// nucleotide -1

// particle -1
sphere {
	<33.278709, 35.868511, 33.305710> 0.250000
	pigment { color rgbt <1,0,0,0> }
	no_shadow
}
cylinder {
	<32.989826, 36.125935, 33.204323>,  <32.816498, 36.280388, 33.143490>, 0.100000
	pigment { color rgbt <1,0,0,0> }
	no_shadow
}
cylinder {
	<32.989826, 36.125935, 33.204323>,  <33.278709, 35.868511, 33.305710>, 0.100000
	pigment { color rgbt <1,0,0,0> }
	no_shadow
}

// particle -1
sphere {
	<32.989826, 36.125935, 33.204323> 0.100000
	pigment { color rgbt <1,0,0,0> }
	no_shadow
}
sphere {
	0, 1
	scale<0.080000,0.200000,0.300000>
	matrix <0.652113, 0.511366, -0.559691,
		-0.230580, -0.569502, -0.788987,
		-0.722206, 0.643562, -0.253469,
		32.773163, 36.319004, 33.128281>
	pigment { color rgbt <0,1,1,0> }
	no_shadow
}
cylinder {
	<33.210049, 35.832985, 32.548367>,  <33.278709, 35.868511, 33.305710>, 0.130000
	pigment { color rgbt <1,0,0,0> }
	no_shadow
}

// nucleotide -1

// particle -1
sphere {
	<33.210049, 35.832985, 32.548367> 0.250000
	pigment { color rgbt <1,0,0,0> }
	no_shadow
}
cylinder {
	<33.083164, 36.193150, 32.667458>,  <33.007034, 36.409248, 32.738911>, 0.100000
	pigment { color rgbt <1,0,0,0> }
	no_shadow
}
cylinder {
	<33.083164, 36.193150, 32.667458>,  <33.210049, 35.832985, 32.548367>, 0.100000
	pigment { color rgbt <1,0,0,0> }
	no_shadow
}

// particle -1
sphere {
	<33.083164, 36.193150, 32.667458> 0.100000
	pigment { color rgbt <1,0,0,0> }
	no_shadow
}
sphere {
	0, 1
	scale<0.080000,0.200000,0.300000>
	matrix <0.642853, 0.434961, -0.630515,
		-0.697219, -0.008616, -0.716806,
		-0.317215, 0.900408, 0.297725,
		32.987999, 36.463272, 32.756775>
	pigment { color rgbt <0,1,1,0> }
	no_shadow
}
cylinder {
	<32.866467, 36.156101, 32.008389>,  <33.210049, 35.832985, 32.548367>, 0.130000
	pigment { color rgbt <1,0,0,0> }
	no_shadow
}

// nucleotide -1

// particle -1
sphere {
	<32.866467, 36.156101, 32.008389> 0.250000
	pigment { color rgbt <1,0,0,0> }
	no_shadow
}
cylinder {
	<33.027615, 36.412807, 32.269409>,  <33.124306, 36.566830, 32.426022>, 0.100000
	pigment { color rgbt <1,0,0,0> }
	no_shadow
}
cylinder {
	<33.027615, 36.412807, 32.269409>,  <32.866467, 36.156101, 32.008389>, 0.100000
	pigment { color rgbt <1,0,0,0> }
	no_shadow
}

// particle -1
sphere {
	<33.027615, 36.412807, 32.269409> 0.100000
	pigment { color rgbt <1,0,0,0> }
	no_shadow
}
sphere {
	0, 1
	scale<0.080000,0.200000,0.300000>
	matrix <0.495812, 0.446269, -0.744993,
		-0.769327, 0.623683, -0.138406,
		0.402873, 0.641766, 0.652556,
		33.148476, 36.605339, 32.465176>
	pigment { color rgbt <0,1,1,0> }
	no_shadow
}
cylinder {
	<32.581959, 36.758736, 31.903728>,  <32.866467, 36.156101, 32.008389>, 0.130000
	pigment { color rgbt <1,0,0,0> }
	no_shadow
}

// nucleotide -1

// particle -1
sphere {
	<32.581959, 36.758736, 31.903728> 0.250000
	pigment { color rgbt <1,0,0,0> }
	no_shadow
}
cylinder {
	<32.963451, 36.798492, 32.017231>,  <33.192348, 36.822346, 32.085331>, 0.100000
	pigment { color rgbt <1,0,0,0> }
	no_shadow
}
cylinder {
	<32.963451, 36.798492, 32.017231>,  <32.581959, 36.758736, 31.903728>, 0.100000
	pigment { color rgbt <1,0,0,0> }
	no_shadow
}

// particle -1
sphere {
	<32.963451, 36.798492, 32.017231> 0.100000
	pigment { color rgbt <1,0,0,0> }
	no_shadow
}
sphere {
	0, 1
	scale<0.080000,0.200000,0.300000>
	matrix <0.219824, 0.413345, -0.883642,
		-0.205117, 0.905133, 0.372371,
		0.953732, 0.099394, 0.283754,
		33.249573, 36.828312, 32.102356>
	pigment { color rgbt <0,1,1,0> }
	no_shadow
}
cylinder {
	<32.681839, 37.290119, 31.510962>,  <32.581959, 36.758736, 31.903728>, 0.130000
	pigment { color rgbt <1,0,0,0> }
	no_shadow
}

// nucleotide -1

// particle -1
sphere {
	<32.681839, 37.290119, 31.510962> 0.250000
	pigment { color rgbt <1,0,0,0> }
	no_shadow
}
cylinder {
	<33.025528, 37.126068, 31.633291>,  <33.231743, 37.027637, 31.706688>, 0.100000
	pigment { color rgbt <1,0,0,0> }
	no_shadow
}
cylinder {
	<33.025528, 37.126068, 31.633291>,  <32.681839, 37.290119, 31.510962>, 0.100000
	pigment { color rgbt <1,0,0,0> }
	no_shadow
}

// particle -1
sphere {
	<33.025528, 37.126068, 31.633291> 0.100000
	pigment { color rgbt <1,0,0,0> }
	no_shadow
}
sphere {
	0, 1
	scale<0.080000,0.200000,0.300000>
	matrix <0.434635, 0.269864, -0.859224,
		0.269864, 0.871186, 0.410131,
		0.859224, -0.410131, 0.305822,
		33.283295, 37.003029, 31.725039>
	pigment { color rgbt <0,1,1,0> }
	no_shadow
}
cylinder {
	<33.213440, 37.729027, 31.329525>,  <32.681839, 37.290119, 31.510962>, 0.130000
	pigment { color rgbt <1,0,0,0> }
	no_shadow
}

// nucleotide -1

// particle -1
sphere {
	<33.213440, 37.729027, 31.329525> 0.250000
	pigment { color rgbt <1,0,0,0> }
	no_shadow
}
cylinder {
	<33.383041, 37.366764, 31.328892>,  <33.484802, 37.149406, 31.328512>, 0.100000
	pigment { color rgbt <1,0,0,0> }
	no_shadow
}
cylinder {
	<33.383041, 37.366764, 31.328892>,  <33.213440, 37.729027, 31.329525>, 0.100000
	pigment { color rgbt <1,0,0,0> }
	no_shadow
}

// particle -1
sphere {
	<33.383041, 37.366764, 31.328892> 0.100000
	pigment { color rgbt <1,0,0,0> }
	no_shadow
}
sphere {
	0, 1
	scale<0.080000,0.200000,0.300000>
	matrix <0.597808, 0.281189, -0.750706,
		0.680327, 0.317358, 0.660635,
		0.424006, -0.905658, -0.001581,
		33.510242, 37.095066, 31.328417>
	pigment { color rgbt <0,1,1,0> }
	no_shadow
}
cylinder {
	<33.584442, 38.080200, 30.966152>,  <33.213440, 37.729027, 31.329525>, 0.130000
	pigment { color rgbt <1,0,0,0> }
	no_shadow
}

// nucleotide -1

// particle -1
sphere {
	<33.584442, 38.080200, 30.966152> 0.250000
	pigment { color rgbt <1,0,0,0> }
	no_shadow
}
cylinder {
	<33.785461, 38.221321, 31.281866>,  <33.906075, 38.305996, 31.471294>, 0.100000
	pigment { color rgbt <1,0,0,0> }
	no_shadow
}
cylinder {
	<33.785461, 38.221321, 31.281866>,  <33.584442, 38.080200, 30.966152>, 0.100000
	pigment { color rgbt <1,0,0,0> }
	no_shadow
}

// particle -1
sphere {
	<33.785461, 38.221321, 31.281866> 0.100000
	pigment { color rgbt <1,0,0,0> }
	no_shadow
}
sphere {
	0, 1
	scale<0.080000,0.200000,0.300000>
	matrix <-0.538621, -0.586353, 0.605044,
		0.676263, -0.729191, -0.104644,
		0.502550, 0.352805, 0.789286,
		33.936226, 38.327164, 31.518652>
	pigment { color rgbt <0,1,1,0> }
	no_shadow
}
cylinder {
	<33.968250, 37.541084, 31.322596>,  <33.584442, 38.080200, 30.966152>, 0.130000
	pigment { color rgbt <1,0,0,0> }
	no_shadow
}

// nucleotide -1

// particle -1
sphere {
	<33.968250, 37.541084, 31.322596> 0.250000
	pigment { color rgbt <1,0,0,0> }
	no_shadow
}
cylinder {
	<33.872189, 37.829048, 31.583073>,  <33.814552, 38.001827, 31.739359>, 0.100000
	pigment { color rgbt <1,0,0,0> }
	no_shadow
}
cylinder {
	<33.872189, 37.829048, 31.583073>,  <33.968250, 37.541084, 31.322596>, 0.100000
	pigment { color rgbt <1,0,0,0> }
	no_shadow
}

// particle -1
sphere {
	<33.872189, 37.829048, 31.583073> 0.100000
	pigment { color rgbt <1,0,0,0> }
	no_shadow
}
sphere {
	0, 1
	scale<0.080000,0.200000,0.300000>
	matrix <-0.225488, -0.693847, 0.683909,
		0.944182, 0.017408, 0.328963,
		-0.240155, 0.719912, 0.651193,
		33.800140, 38.045021, 31.778431>
	pigment { color rgbt <0,1,1,0> }
	no_shadow
}
cylinder {
	<34.371574, 37.322952, 31.908669>,  <33.968250, 37.541084, 31.322596>, 0.130000
	pigment { color rgbt <1,0,0,0> }
	no_shadow
}

// nucleotide -1

// particle -1
sphere {
	<34.371574, 37.322952, 31.908669> 0.250000
	pigment { color rgbt <1,0,0,0> }
	no_shadow
}
cylinder {
	<34.048779, 37.547169, 31.983027>,  <33.855099, 37.681698, 32.027641>, 0.100000
	pigment { color rgbt <1,0,0,0> }
	no_shadow
}
cylinder {
	<34.048779, 37.547169, 31.983027>,  <34.371574, 37.322952, 31.908669>, 0.100000
	pigment { color rgbt <1,0,0,0> }
	no_shadow
}

// particle -1
sphere {
	<34.048779, 37.547169, 31.983027> 0.100000
	pigment { color rgbt <1,0,0,0> }
	no_shadow
}
sphere {
	0, 1
	scale<0.080000,0.200000,0.300000>
	matrix <-0.279795, -0.640102, 0.715530,
		0.520076, 0.525415, 0.673394,
		-0.806992, 0.560543, 0.185893,
		33.806683, 37.715332, 32.038795>
	pigment { color rgbt <0,1,1,0> }
	no_shadow
}
cylinder {
	<34.222366, 37.083233, 32.544605>,  <34.371574, 37.322952, 31.908669>, 0.130000
	pigment { color rgbt <1,0,0,0> }
	no_shadow
}

// nucleotide -1

// particle -1
sphere {
	<34.222366, 37.083233, 32.544605> 0.250000
	pigment { color rgbt <1,0,0,0> }
	no_shadow
}
cylinder {
	<33.899452, 37.268394, 32.398170>,  <33.705704, 37.379490, 32.310310>, 0.100000
	pigment { color rgbt <1,0,0,0> }
	no_shadow
}
cylinder {
	<33.899452, 37.268394, 32.398170>,  <34.222366, 37.083233, 32.544605>, 0.100000
	pigment { color rgbt <1,0,0,0> }
	no_shadow
}

// particle -1
sphere {
	<33.899452, 37.268394, 32.398170> 0.100000
	pigment { color rgbt <1,0,0,0> }
	no_shadow
}
sphere {
	0, 1
	scale<0.080000,0.200000,0.300000>
	matrix <-0.589623, -0.605977, 0.533981,
