// switches for output
#declare DRAW_BASES = 1; // possible values are 0, 1; only relevant for DNA ribbons
#declare DRAW_BASES_TYPE = 3; // possible values are 1, 2, 3; only relevant for DNA ribbons
#declare DRAW_FOG = 0; // set to 1 to enable fog

#include "colors.inc"

#include "transforms.inc"
background { rgb <1, 1, 1>}

#default {
   normal{
       ripples 0.25
       frequency 0.20
       turbulence 0.2
       lambda 5
   }
	finish {
		phong 0.1
		phong_size 40.
	}
}

// original window dimensions: 1024x640


// camera settings

camera {
	sky <0, 0.179814, -0.983701>
	up <0, 0.179814, -0.983701>
	right 1.6 * <1, 0, 0>
	location <35, 94.9851, 44.8844>
	look_at <35, 29.7336, 32.9568>
	direction <0, -65.2515, -11.9276>
	angle 67.0682
}


# declare cpy_camera_pos = <35, 94.9851, 44.8844>;
# if (DRAW_FOG = 1)
fog {
	fog_type 2
	up vnormalize(cpy_camera_pos)
	color rgbt<1,1,1,0.3>
	distance 1e-5
	fog_alt 3e-3
	fog_offset 56
}
# end


// LIGHTS

# declare lum = 6;
global_settings {
	ambient_light rgb lum * <0.05, 0.05, 0.05>
	max_trace_level 15
}# declare cpy_direct_light_amount = 0.25;
light_source
{	1000 * <-1, -1.16352, -0.803886>,
	rgb lum * cpy_direct_light_amount
	parallel
}

light_source
{	1000 * <1, 1.16352, 0.803886>,
	rgb lum * cpy_direct_light_amount
	parallel
}

// strand 0

// nucleotide -1

// particle -1
sphere {
	<24.134302, 35.188175, 34.783974> 0.250000
	pigment { color rgbt <1,0,0,0> }
	no_shadow
}
cylinder {
	<24.222031, 34.979435, 35.113720>,  <24.274668, 34.854191, 35.311565>, 0.100000
	pigment { color rgbt <1,0,0,0> }
	no_shadow
}
cylinder {
	<24.222031, 34.979435, 35.113720>,  <24.134302, 35.188175, 34.783974>, 0.100000
	pigment { color rgbt <1,0,0,0> }
	no_shadow
}

// particle -1
sphere {
	<24.222031, 34.979435, 35.113720> 0.100000
	pigment { color rgbt <1,0,0,0> }
	no_shadow
}
sphere {
	0, 1
	scale<0.080000,0.200000,0.300000>
	matrix <-0.596368, -0.740417, -0.310045,
		0.772168, -0.423623, -0.473604,
		0.219322, -0.521849, 0.824361,
		24.287827, 34.822880, 35.361027>
	pigment { color rgbt <0,1,1,0> }
	no_shadow
}
cylinder {
	<24.344337, 34.527233, 34.656734>,  <24.134302, 35.188175, 34.783974>, 0.130000
	pigment { color rgbt <1,0,0,0> }
	no_shadow
}

// nucleotide -1

// particle -1
sphere {
	<24.344337, 34.527233, 34.656734> 0.250000
	pigment { color rgbt <1,0,0,0> }
	no_shadow
}
cylinder {
	<24.170963, 34.523651, 35.017189>,  <24.066938, 34.521503, 35.233463>, 0.100000
	pigment { color rgbt <1,0,0,0> }
	no_shadow
}
cylinder {
	<24.170963, 34.523651, 35.017189>,  <24.344337, 34.527233, 34.656734>, 0.100000
	pigment { color rgbt <1,0,0,0> }
	no_shadow
}

// particle -1
sphere {
	<24.170963, 34.523651, 35.017189> 0.100000
	pigment { color rgbt <1,0,0,0> }
	no_shadow
}
sphere {
	0, 1
	scale<0.080000,0.200000,0.300000>
	matrix <-0.636770, -0.704544, -0.313276,
		0.637697, -0.709604, 0.299674,
		-0.433436, -0.008952, 0.901140,
		24.040932, 34.520966, 35.287533>
	pigment { color rgbt <0,1,1,0> }
	no_shadow
}
cylinder {
	<24.535147, 33.868385, 35.029999>,  <24.344337, 34.527233, 34.656734>, 0.130000
	pigment { color rgbt <1,0,0,0> }
	no_shadow
}

// nucleotide -1

// particle -1
sphere {
	<24.535147, 33.868385, 35.029999> 0.250000
	pigment { color rgbt <1,0,0,0> }
	no_shadow
}
cylinder {
	<24.732418, 33.587692, 35.235657>,  <24.850780, 33.419277, 35.359051>, 0.100000
	pigment { color rgbt <1,0,0,0> }
	no_shadow
}
cylinder {
	<24.732418, 33.587692, 35.235657>,  <24.535147, 33.868385, 35.029999>, 0.100000
	pigment { color rgbt <1,0,0,0> }
	no_shadow
}

// particle -1
sphere {
	<24.732418, 33.587692, 35.235657> 0.100000
	pigment { color rgbt <1,0,0,0> }
	no_shadow
}
sphere {
	0, 1
	scale<0.080000,0.200000,0.300000>
	matrix <0.807934, 0.150363, -0.569766,
		0.322514, 0.696393, 0.641109,
		0.493180, -0.701732, 0.514146,
		24.880373, 33.377174, 35.389900>
	pigment { color rgbt <0,1,1,0> }
	no_shadow
}
cylinder {
	<25.004261, 34.170525, 35.441307>,  <24.535147, 33.868385, 35.029999>, 0.130000
	pigment { color rgbt <1,0,0,0> }
	no_shadow
}

// nucleotide -1

// particle -1
sphere {
	<25.004261, 34.170525, 35.441307> 0.250000
	pigment { color rgbt <1,0,0,0> }
	no_shadow
}
cylinder {
	<25.138700, 33.812328, 35.324596>,  <25.219364, 33.597412, 35.254570>, 0.100000
	pigment { color rgbt <1,0,0,0> }
	no_shadow
}
cylinder {
	<25.138700, 33.812328, 35.324596>,  <25.004261, 34.170525, 35.441307>, 0.100000
	pigment { color rgbt <1,0,0,0> }
	no_shadow
}

// particle -1
sphere {
	<25.138700, 33.812328, 35.324596> 0.100000
	pigment { color rgbt <1,0,0,0> }
	no_shadow
}
sphere {
	0, 1
	scale<0.080000,0.200000,0.300000>
	matrix <0.855002, 0.420025, -0.304222,
		0.394982, -0.147223, 0.906815,
		0.336097, -0.895491, -0.291779,
		25.239529, 33.543682, 35.237064>
	pigment { color rgbt <0,1,1,0> }
	no_shadow
}
cylinder {
	<25.646015, 33.934162, 35.647190>,  <25.004261, 34.170525, 35.441307>, 0.130000
	pigment { color rgbt <1,0,0,0> }
	no_shadow
}

// nucleotide -1

// particle -1
sphere {
	<25.646015, 33.934162, 35.647190> 0.250000
	pigment { color rgbt <1,0,0,0> }
	no_shadow
}
cylinder {
	<25.600027, 33.687965, 35.335304>,  <25.572433, 33.540245, 35.148174>, 0.100000
	pigment { color rgbt <1,0,0,0> }
	no_shadow
}
cylinder {
	<25.600027, 33.687965, 35.335304>,  <25.646015, 33.934162, 35.647190>, 0.100000
	pigment { color rgbt <1,0,0,0> }
	no_shadow
}

// particle -1
sphere {
	<25.600027, 33.687965, 35.335304> 0.100000
	pigment { color rgbt <1,0,0,0> }
	no_shadow
}
sphere {
	0, 1
	scale<0.080000,0.200000,0.300000>
	matrix <0.940404, 0.185439, -0.285050,
		0.320036, -0.766016, 0.557492,
		-0.114972, -0.615493, -0.779711,
		25.565535, 33.503319, 35.101391>
	pigment { color rgbt <0,1,1,0> }
	no_shadow
}
cylinder {
	<26.077738, 34.082485, 34.988605>,  <25.646015, 33.934162, 35.647190>, 0.130000
	pigment { color rgbt <1,0,0,0> }
	no_shadow
}

// nucleotide -1

// particle -1
sphere {
	<26.077738, 34.082485, 34.988605> 0.250000
	pigment { color rgbt <1,0,0,0> }
	no_shadow
}
cylinder {
	<26.167288, 34.218239, 34.623158>,  <26.221018, 34.299690, 34.403889>, 0.100000
	pigment { color rgbt <1,0,0,0> }
	no_shadow
}
cylinder {
	<26.167288, 34.218239, 34.623158>,  <26.077738, 34.082485, 34.988605>, 0.100000
	pigment { color rgbt <1,0,0,0> }
	no_shadow
}

// particle -1
sphere {
	<26.167288, 34.218239, 34.623158> 0.100000
	pigment { color rgbt <1,0,0,0> }
	no_shadow
}
sphere {
	0, 1
	scale<0.080000,0.200000,0.300000>
	matrix <-0.561757, -0.721096, -0.405524,
		-0.796435, 0.604017, 0.029217,
		0.223875, 0.339386, -0.913618,
		26.234451, 34.320053, 34.349072>
	pigment { color rgbt <0,1,1,0> }
	no_shadow
}
cylinder {
	<25.517885, 34.031475, 34.598705>,  <26.077738, 34.082485, 34.988605>, 0.130000
	pigment { color rgbt <1,0,0,0> }
	no_shadow
}

// nucleotide -1

// particle -1
sphere {
	<25.517885, 34.031475, 34.598705> 0.250000
	pigment { color rgbt <1,0,0,0> }
	no_shadow
}
cylinder {
	<25.843449, 34.008221, 34.367474>,  <26.038786, 33.994267, 34.228733>, 0.100000
	pigment { color rgbt <1,0,0,0> }
	no_shadow
}
cylinder {
	<25.843449, 34.008221, 34.367474>,  <25.517885, 34.031475, 34.598705>, 0.100000
	pigment { color rgbt <1,0,0,0> }
	no_shadow
}

// particle -1
sphere {
	<25.843449, 34.008221, 34.367474> 0.100000
	pigment { color rgbt <1,0,0,0> }
	no_shadow
}
sphere {
	0, 1
	scale<0.080000,0.200000,0.300000>
	matrix <-0.384495, -0.799826, -0.460915,
		-0.435568, 0.597410, -0.673336,
		0.813907, -0.058135, -0.578080,
		26.087620, 33.990780, 34.194050>
	pigment { color rgbt <0,1,1,0> }
	no_shadow
}
cylinder {
	<25.341257, 34.246468, 33.880566>,  <25.517885, 34.031475, 34.598705>, 0.130000
	pigment { color rgbt <1,0,0,0> }
	no_shadow
}

// nucleotide -1

// particle -1
sphere {
	<25.341257, 34.246468, 33.880566> 0.250000
	pigment { color rgbt <1,0,0,0> }
	no_shadow
}
cylinder {
	<25.615213, 33.972725, 33.980629>,  <25.779587, 33.808479, 34.040665>, 0.100000
	pigment { color rgbt <1,0,0,0> }
	no_shadow
}
cylinder {
	<25.615213, 33.972725, 33.980629>,  <25.341257, 34.246468, 33.880566>, 0.100000
	pigment { color rgbt <1,0,0,0> }
	no_shadow
}

// particle -1
sphere {
	<25.615213, 33.972725, 33.980629> 0.100000
	pigment { color rgbt <1,0,0,0> }
	no_shadow
}
sphere {
	0, 1
	scale<0.080000,0.200000,0.300000>
	matrix <-0.594914, -0.723429, -0.350325,
		0.420717, 0.091114, -0.902605,
		0.684890, -0.684360, 0.250154,
		25.820681, 33.767418, 34.055676>
	pigment { color rgbt <0,1,1,0> }
	no_shadow
}
cylinder {
	<25.606045, 33.786304, 33.379337>,  <25.341257, 34.246468, 33.880566>, 0.130000
	pigment { color rgbt <1,0,0,0> }
	no_shadow
}

// nucleotide -1

// particle -1
sphere {
	<25.606045, 33.786304, 33.379337> 0.250000
	pigment { color rgbt <1,0,0,0> }
	no_shadow
}
cylinder {
	<25.649614, 33.548649, 33.698116>,  <25.675756, 33.406055, 33.889385>, 0.100000
	pigment { color rgbt <1,0,0,0> }
	no_shadow
}
cylinder {
	<25.649614, 33.548649, 33.698116>,  <25.606045, 33.786304, 33.379337>, 0.100000
	pigment { color rgbt <1,0,0,0> }
	no_shadow
}

// particle -1
sphere {
	<25.649614, 33.548649, 33.698116> 0.100000
	pigment { color rgbt <1,0,0,0> }
	no_shadow
}
sphere {
	0, 1
	scale<0.080000,0.200000,0.300000>
	matrix <-0.426742, -0.752035, -0.502329,
		0.897790, -0.285377, -0.335459,
		0.108924, -0.594141, 0.796952,
		25.682291, 33.370407, 33.937202>
	pigment { color rgbt <0,1,1,0> }
	no_shadow
}
cylinder {
	<25.993086, 33.304749, 33.246284>,  <25.606045, 33.786304, 33.379337>, 0.130000
	pigment { color rgbt <1,0,0,0> }
	no_shadow
}

// nucleotide -1

// particle -1
sphere {
	<25.993086, 33.304749, 33.246284> 0.250000
	pigment { color rgbt <1,0,0,0> }
	no_shadow
}
cylinder {
	<25.834316, 33.114071, 33.560028>,  <25.739054, 32.999664, 33.748276>, 0.100000
	pigment { color rgbt <1,0,0,0> }
	no_shadow
}
cylinder {
	<25.834316, 33.114071, 33.560028>,  <25.993086, 33.304749, 33.246284>, 0.100000
	pigment { color rgbt <1,0,0,0> }
	no_shadow
}

// particle -1
sphere {
	<25.834316, 33.114071, 33.560028> 0.100000
	pigment { color rgbt <1,0,0,0> }
	no_shadow
}
sphere {
	0, 1
	scale<0.080000,0.200000,0.300000>
	matrix <-0.138566, -0.813643, -0.564610,
		0.907332, -0.332792, 0.256901,
		-0.396923, -0.476691, 0.784358,
		25.715239, 32.971066, 33.795334>
	pigment { color rgbt <0,1,1,0> }
	no_shadow
}
cylinder {
	<26.298134, 32.718956, 33.309780>,  <25.993086, 33.304749, 33.246284>, 0.130000
	pigment { color rgbt <1,0,0,0> }
	no_shadow
}

// nucleotide -1

// particle -1
sphere {
	<26.298134, 32.718956, 33.309780> 0.250000
	pigment { color rgbt <1,0,0,0> }
	no_shadow
}
cylinder {
	<25.959549, 32.626774, 33.501778>,  <25.756399, 32.571465, 33.616978>, 0.100000
	pigment { color rgbt <1,0,0,0> }
	no_shadow
}
cylinder {
	<25.959549, 32.626774, 33.501778>,  <26.298134, 32.718956, 33.309780>, 0.100000
	pigment { color rgbt <1,0,0,0> }
	no_shadow
}

// particle -1
sphere {
	<25.959549, 32.626774, 33.501778> 0.100000
	pigment { color rgbt <1,0,0,0> }
	no_shadow
}
sphere {
	0, 1
	scale<0.080000,0.200000,0.300000>
	matrix <-0.041904, -0.869855, -0.491525,
		0.530800, -0.436170, 0.726641,
		-0.846461, -0.230452, 0.479997,
		25.705610, 32.557640, 33.645775>
	pigment { color rgbt <0,1,1,0> }
	no_shadow
}
cylinder {
	<26.327377, 32.034870, 33.613304>,  <26.298134, 32.718956, 33.309780>, 0.130000
	pigment { color rgbt <1,0,0,0> }
	no_shadow
}

// nucleotide -1

// particle -1
sphere {
	<26.327377, 32.034870, 33.613304> 0.250000
	pigment { color rgbt <1,0,0,0> }
	no_shadow
}
cylinder {
	<25.940454, 32.117664, 33.554688>,  <25.708302, 32.167339, 33.519520>, 0.100000
	pigment { color rgbt <1,0,0,0> }
	no_shadow
}
cylinder {
	<25.940454, 32.117664, 33.554688>,  <26.327377, 32.034870, 33.613304>, 0.100000
	pigment { color rgbt <1,0,0,0> }
	no_shadow
}

// particle -1
sphere {
	<25.940454, 32.117664, 33.554688> 0.100000
	pigment { color rgbt <1,0,0,0> }
	no_shadow
}
sphere {
	0, 1
	scale<0.080000,0.200000,0.300000>
	matrix <-0.118178, -0.879141, -0.461677,
		-0.224387, -0.429266, 0.874861,
		-0.967308, 0.206984, -0.146538,
		25.650263, 32.179760, 33.510727>
	pigment { color rgbt <0,1,1,0> }
	no_shadow
}
cylinder {
	<25.802263, 31.666309, 33.104549>,  <26.327377, 32.034870, 33.613304>, 0.130000
	pigment { color rgbt <1,0,0,0> }
	no_shadow
}

// nucleotide -1

// particle -1
sphere {
	<25.802263, 31.666309, 33.104549> 0.250000
	pigment { color rgbt <1,0,0,0> }
	no_shadow
}
cylinder {
	<25.558187, 31.487164, 33.365955>,  <25.411741, 31.379677, 33.522800>, 0.100000
	pigment { color rgbt <1,0,0,0> }
	no_shadow
}
cylinder {
	<25.558187, 31.487164, 33.365955>,  <25.802263, 31.666309, 33.104549>, 0.100000
	pigment { color rgbt <1,0,0,0> }
	no_shadow
}

// particle -1
sphere {
	<25.558187, 31.487164, 33.365955> 0.100000
	pigment { color rgbt <1,0,0,0> }
	no_shadow
}
sphere {
	0, 1
	scale<0.080000,0.200000,0.300000>
	matrix <-0.092589, 0.859544, 0.502604,
		-0.786825, 0.246176, -0.565953,
		-0.610191, -0.447862, 0.653518,
		25.375130, 31.352804, 33.562012>
	pigment { color rgbt <0,1,1,0> }
	no_shadow
}
cylinder {
	<25.085186, 31.891644, 33.037357>,  <25.802263, 31.666309, 33.104549>, 0.130000
	pigment { color rgbt <1,0,0,0> }
	no_shadow
}

// nucleotide -1

// particle -1
sphere {
	<25.085186, 31.891644, 33.037357> 0.250000
	pigment { color rgbt <1,0,0,0> }
	no_shadow
}
cylinder {
	<25.247715, 31.791632, 33.388901>,  <25.345232, 31.731625, 33.599827>, 0.100000
	pigment { color rgbt <1,0,0,0> }
	no_shadow
}
cylinder {
	<25.247715, 31.791632, 33.388901>,  <25.085186, 31.891644, 33.037357>, 0.100000
	pigment { color rgbt <1,0,0,0> }
	no_shadow
}

// particle -1
sphere {
	<25.247715, 31.791632, 33.388901> 0.100000
	pigment { color rgbt <1,0,0,0> }
	no_shadow
}
sphere {
	0, 1
	scale<0.080000,0.200000,0.300000>
	matrix <-0.108099, 0.941925, 0.317949,
		-0.907312, -0.224194, 0.355700,
		0.406325, -0.250028, 0.878855,
		25.369612, 31.716623, 33.652557>
	pigment { color rgbt <0,1,1,0> }
	no_shadow
}
cylinder {
	<24.569609, 32.091305, 33.545670>,  <25.085186, 31.891644, 33.037357>, 0.130000
	pigment { color rgbt <1,0,0,0> }
	no_shadow
}

// nucleotide -1

// particle -1
sphere {
	<24.569609, 32.091305, 33.545670> 0.250000
	pigment { color rgbt <1,0,0,0> }
	no_shadow
}
cylinder {
	<24.955935, 32.085320, 33.649193>,  <25.187729, 32.081730, 33.711308>, 0.100000
	pigment { color rgbt <1,0,0,0> }
	no_shadow
}
cylinder {
	<24.955935, 32.085320, 33.649193>,  <24.569609, 32.091305, 33.545670>, 0.100000
	pigment { color rgbt <1,0,0,0> }
	no_shadow
}

// particle -1
sphere {
	<24.955935, 32.085320, 33.649193> 0.100000
	pigment { color rgbt <1,0,0,0> }
	no_shadow
}
sphere {
	0, 1
	scale<0.080000,0.200000,0.300000>
	matrix <-0.124034, 0.849988, 0.511992,
		-0.227644, -0.526590, 0.819074,
		0.965813, -0.014959, 0.258810,
		25.245678, 32.080833, 33.726837>
	pigment { color rgbt <0,1,1,0> }
	no_shadow
}
cylinder {
	<24.589262, 32.368568, 34.281639>,  <24.569609, 32.091305, 33.545670>, 0.130000
	pigment { color rgbt <1,0,0,0> }
	no_shadow
}

// nucleotide -1

// particle -1
sphere {
	<24.589262, 32.368568, 34.281639> 0.250000
	pigment { color rgbt <1,0,0,0> }
	no_shadow
}
cylinder {
	<24.941038, 32.412273, 34.096317>,  <25.152103, 32.438496, 33.985123>, 0.100000
	pigment { color rgbt <1,0,0,0> }
	no_shadow
}
cylinder {
	<24.941038, 32.412273, 34.096317>,  <24.589262, 32.368568, 34.281639>, 0.100000
	pigment { color rgbt <1,0,0,0> }
	no_shadow
}

// particle -1
sphere {
	<24.941038, 32.412273, 34.096317> 0.100000
	pigment { color rgbt <1,0,0,0> }
	no_shadow
}
sphere {
	0, 1
	scale<0.080000,0.200000,0.300000>
	matrix <0.179025, 0.825925, 0.534601,
		0.441065, -0.553092, 0.706790,
		0.879438, 0.109261, -0.463303,
		25.204870, 32.445053, 33.957325>
	pigment { color rgbt <0,1,1,0> }
	no_shadow
}
cylinder {
	<24.987751, 32.598225, 34.788765>,  <24.589262, 32.368568, 34.281639>, 0.130000
	pigment { color rgbt <1,0,0,0> }
	no_shadow
}

// nucleotide -1

// particle -1
sphere {
	<24.987751, 32.598225, 34.788765> 0.250000
	pigment { color rgbt <1,0,0,0> }
	no_shadow
}
cylinder {
	<25.215034, 32.720036, 34.482979>,  <25.351404, 32.793121, 34.299507>, 0.100000
	pigment { color rgbt <1,0,0,0> }
	no_shadow
}
cylinder {
	<25.215034, 32.720036, 34.482979>,  <24.987751, 32.598225, 34.788765>, 0.100000
	pigment { color rgbt <1,0,0,0> }
	no_shadow
}

// particle -1
sphere {
	<25.215034, 32.720036, 34.482979> 0.100000
	pigment { color rgbt <1,0,0,0> }
	no_shadow
}
sphere {
	0, 1
	scale<0.080000,0.200000,0.300000>
	matrix <0.317299, 0.776079, 0.544998,
		0.759252, -0.552235, 0.344346,
		0.568206, 0.304530, -0.764463,
		25.385496, 32.811394, 34.253639>
	pigment { color rgbt <0,1,1,0> }
	no_shadow
}
cylinder {
	<25.600552, 32.791599, 35.082008>,  <24.987751, 32.598225, 34.788765>, 0.130000
	pigment { color rgbt <1,0,0,0> }
	no_shadow
}

// nucleotide -1

// particle -1
sphere {
	<25.600552, 32.791599, 35.082008> 0.250000
	pigment { color rgbt <1,0,0,0> }
	no_shadow
}
cylinder {
	<25.594707, 32.970268, 34.724178>,  <25.591200, 33.077469, 34.509480>, 0.100000
	pigment { color rgbt <1,0,0,0> }
	no_shadow
}
cylinder {
	<25.594707, 32.970268, 34.724178>,  <25.600552, 32.791599, 35.082008>, 0.100000
	pigment { color rgbt <1,0,0,0> }
	no_shadow
}

// particle -1
sphere {
	<25.594707, 32.970268, 34.724178> 0.100000
	pigment { color rgbt <1,0,0,0> }
	no_shadow
}
sphere {
	0, 1
	scale<0.080000,0.200000,0.300000>
	matrix <0.386103, 0.827803, 0.407022,
		0.922340, -0.339452, -0.184556,
		-0.014611, 0.446670, -0.894580,
		25.590324, 33.104271, 34.455803>
	pigment { color rgbt <0,1,1,0> }
	no_shadow
}
cylinder {
	<26.377077, 32.980175, 34.918655>,  <25.600552, 32.791599, 35.082008>, 0.130000
	pigment { color rgbt <1,0,0,0> }
	no_shadow
}

// nucleotide -1

// particle -1
sphere {
	<26.377077, 32.980175, 34.918655> 0.250000
	pigment { color rgbt <1,0,0,0> }
	no_shadow
}
cylinder {
	<26.081526, 33.214481, 34.785427>,  <25.904194, 33.355064, 34.705490>, 0.100000
	pigment { color rgbt <1,0,0,0> }
	no_shadow
}
cylinder {
	<26.081526, 33.214481, 34.785427>,  <26.377077, 32.980175, 34.918655>, 0.100000
	pigment { color rgbt <1,0,0,0> }
	no_shadow
}

// particle -1
sphere {
	<26.081526, 33.214481, 34.785427> 0.100000
	pigment { color rgbt <1,0,0,0> }
	no_shadow
}
sphere {
	0, 1
	scale<0.080000,0.200000,0.300000>
	matrix <0.468689, 0.801890, 0.370544,
		0.484135, 0.117682, -0.867043,
		-0.738880, 0.585767, -0.333067,
		25.859861, 33.390213, 34.685509>
	pigment { color rgbt <0,1,1,0> }
	no_shadow
}
cylinder {
	<26.740831, 32.868008, 34.329708>,  <26.377077, 32.980175, 34.918655>, 0.130000
	pigment { color rgbt <1,0,0,0> }
	no_shadow
}

// nucleotide -1

// particle -1
sphere {
	<26.740831, 32.868008, 34.329708> 0.250000
	pigment { color rgbt <1,0,0,0> }
	no_shadow
}
cylinder {
	<26.451078, 33.140507, 34.287415>,  <26.277227, 33.304005, 34.262039>, 0.100000
	pigment { color rgbt <1,0,0,0> }
	no_shadow
}
cylinder {
	<26.451078, 33.140507, 34.287415>,  <26.740831, 32.868008, 34.329708>, 0.100000
	pigment { color rgbt <1,0,0,0> }
	no_shadow
}

// particle -1
sphere {
	<26.451078, 33.140507, 34.287415> 0.100000
	pigment { color rgbt <1,0,0,0> }
	no_shadow
}
sphere {
	0, 1
	scale<0.080000,0.200000,0.300000>
	matrix <0.571262, 0.679001, 0.461105,
		0.385916, 0.273615, -0.881024,
		-0.724382, 0.681243, -0.105732,
		26.233765, 33.344879, 34.255695>
	pigment { color rgbt <0,1,1,0> }
	no_shadow
}
cylinder {
	<26.932064, 33.482777, 33.964958>,  <26.740831, 32.868008, 34.329708>, 0.130000
	pigment { color rgbt <1,0,0,0> }
	no_shadow
}

// nucleotide -1

// particle -1
sphere {
	<26.932064, 33.482777, 33.964958> 0.250000
	pigment { color rgbt <1,0,0,0> }
	no_shadow
}
cylinder {
	<26.643185, 33.546230, 34.234257>,  <26.469856, 33.584305, 34.395836>, 0.100000
	pigment { color rgbt <1,0,0,0> }
	no_shadow
}
cylinder {
	<26.643185, 33.546230, 34.234257>,  <26.932064, 33.482777, 33.964958>, 0.100000
	pigment { color rgbt <1,0,0,0> }
	no_shadow
}

// particle -1
sphere {
	<26.643185, 33.546230, 34.234257> 0.100000
	pigment { color rgbt <1,0,0,0> }
	no_shadow
}
sphere {
	0, 1
	scale<0.080000,0.200000,0.300000>
	matrix <0.453788, 0.843257, 0.288088,
		-0.522019, 0.513569, -0.680987,
		-0.722200, 0.158636, 0.673247,
		26.426525, 33.593822, 34.436230>
	pigment { color rgbt <0,1,1,0> }
	no_shadow
}
cylinder {
	<27.195526, 33.256241, 33.174736>,  <26.932064, 33.482777, 33.964958>, 0.130000
	pigment { color rgbt <1,0,0,0> }
	no_shadow
}

// nucleotide -1

// particle -1
sphere {
	<27.195526, 33.256241, 33.174736> 0.250000
	pigment { color rgbt <1,0,0,0> }
	no_shadow
}
cylinder {
	<27.537714, 33.161430, 32.990566>,  <27.743027, 33.104546, 32.880066>, 0.100000
	pigment { color rgbt <1,0,0,0> }
	no_shadow
}
cylinder {
	<27.537714, 33.161430, 32.990566>,  <27.195526, 33.256241, 33.174736>, 0.100000
	pigment { color rgbt <1,0,0,0> }
	no_shadow
}

// particle -1
sphere {
	<27.537714, 33.161430, 32.990566> 0.100000
	pigment { color rgbt <1,0,0,0> }
	no_shadow
}
sphere {
	0, 1
	scale<0.080000,0.200000,0.300000>
	matrix <0.094553, -0.802662, 0.588892,
		-0.509148, -0.547314, -0.664241,
		0.855470, -0.237027, -0.460424,
		27.794355, 33.090321, 32.852440>
	pigment { color rgbt <0,1,1,0> }
	no_shadow
}
cylinder {
	<27.804937, 33.565140, 33.472649>,  <27.195526, 33.256241, 33.174736>, 0.130000
	pigment { color rgbt <1,0,0,0> }
	no_shadow
}

// nucleotide -1

// particle -1
sphere {
	<27.804937, 33.565140, 33.472649> 0.250000
	pigment { color rgbt <1,0,0,0> }
	no_shadow
}
cylinder {
	<27.871580, 33.170750, 33.476490>,  <27.911566, 32.934116, 33.478794>, 0.100000
	pigment { color rgbt <1,0,0,0> }
	no_shadow
}
cylinder {
	<27.871580, 33.170750, 33.476490>,  <27.804937, 33.565140, 33.472649>, 0.100000
	pigment { color rgbt <1,0,0,0> }
	no_shadow
}

// particle -1
sphere {
	<27.871580, 33.170750, 33.476490> 0.100000
	pigment { color rgbt <1,0,0,0> }
	no_shadow
}
sphere {
	0, 1
	scale<0.080000,0.200000,0.300000>
	matrix <0.985052, 0.166869, 0.042743,
		-0.043746, 0.002338, 0.999040,
		0.166609, -0.985976, 0.009603,
		27.921562, 32.874958, 33.479370>
	pigment { color rgbt <0,1,1,0> }
	no_shadow
}
cylinder {
	<28.083374, 33.350845, 34.185833>,  <27.804937, 33.565140, 33.472649>, 0.130000
	pigment { color rgbt <1,0,0,0> }
	no_shadow
}

// nucleotide -1

// particle -1
sphere {
	<28.083374, 33.350845, 34.185833> 0.250000
	pigment { color rgbt <1,0,0,0> }
	no_shadow
}
cylinder {
	<28.188532, 33.203564, 33.829113>,  <28.251627, 33.115196, 33.615082>, 0.100000
	pigment { color rgbt <1,0,0,0> }
	no_shadow
}
cylinder {
	<28.188532, 33.203564, 33.829113>,  <28.083374, 33.350845, 34.185833>, 0.100000
	pigment { color rgbt <1,0,0,0> }
	no_shadow
}

// particle -1
sphere {
	<28.188532, 33.203564, 33.829113> 0.100000
	pigment { color rgbt <1,0,0,0> }
	no_shadow
}
sphere {
	0, 1
	scale<0.080000,0.200000,0.300000>
	matrix <0.920666, 0.372169, 0.117743,
		0.288548, -0.852008, 0.436833,
		0.262894, -0.368203, -0.891804,
		28.267401, 33.093102, 33.561573>
	pigment { color rgbt <0,1,1,0> }
	no_shadow
}
cylinder {
	<28.724958, 32.961620, 34.148823>,  <28.083374, 33.350845, 34.185833>, 0.130000
	pigment { color rgbt <1,0,0,0> }
	no_shadow
}

// nucleotide -1

// particle -1
sphere {
	<28.724958, 32.961620, 34.148823> 0.250000
	pigment { color rgbt <1,0,0,0> }
	no_shadow
}
cylinder {
	<28.673674, 33.097775, 33.776222>,  <28.642902, 33.179466, 33.552662>, 0.100000
	pigment { color rgbt <1,0,0,0> }
	no_shadow
}
cylinder {
	<28.673674, 33.097775, 33.776222>,  <28.724958, 32.961620, 34.148823>, 0.100000
	pigment { color rgbt <1,0,0,0> }
	no_shadow
}

// particle -1
sphere {
	<28.673674, 33.097775, 33.776222> 0.100000
	pigment { color rgbt <1,0,0,0> }
	no_shadow
}
sphere {
	0, 1
	scale<0.080000,0.200000,0.300000>
	matrix <0.985026, 0.152867, -0.079720,
		0.115261, -0.927777, -0.354887,
		-0.128213, 0.340385, -0.931504,
		28.635210, 33.199890, 33.496773>
	pigment { color rgbt <0,1,1,0> }
	no_shadow
}
cylinder {
	<29.060070, 32.592049, 33.736462>,  <28.724958, 32.961620, 34.148823>, 0.130000
	pigment { color rgbt <1,0,0,0> }
	no_shadow
}

// nucleotide -1

// particle -1
sphere {
	<29.060070, 32.592049, 33.736462> 0.250000
	pigment { color rgbt <1,0,0,0> }
	no_shadow
}
cylinder {
	<29.035875, 32.961361, 33.584724>,  <29.021358, 33.182949, 33.493683>, 0.100000
	pigment { color rgbt <1,0,0,0> }
	no_shadow
}
cylinder {
	<29.035875, 32.961361, 33.584724>,  <29.060070, 32.592049, 33.736462>, 0.100000
	pigment { color rgbt <1,0,0,0> }
	no_shadow
}

// particle -1
sphere {
	<29.035875, 32.961361, 33.584724> 0.100000
	pigment { color rgbt <1,0,0,0> }
	no_shadow
}
sphere {
	0, 1
	scale<0.080000,0.200000,0.300000>
	matrix <0.983071, -0.010747, -0.182908,
		-0.172952, -0.383987, -0.906996,
		-0.060487, 0.923276, -0.379345,
		29.017729, 33.238342, 33.470921>
	pigment { color rgbt <0,1,1,0> }
	no_shadow
}
cylinder {
	<29.590633, 32.973705, 34.071766>,  <29.060070, 32.592049, 33.736462>, 0.130000
	pigment { color rgbt <1,0,0,0> }
	no_shadow
}

// nucleotide -1

// particle -1
sphere {
	<29.590633, 32.973705, 34.071766> 0.250000
	pigment { color rgbt <1,0,0,0> }
	no_shadow
}
cylinder {
	<29.980017, 33.065250, 34.072186>,  <30.213646, 33.120178, 34.072437>, 0.100000
	pigment { color rgbt <1,0,0,0> }
	no_shadow
}
cylinder {
	<29.980017, 33.065250, 34.072186>,  <29.590633, 32.973705, 34.071766>, 0.100000
	pigment { color rgbt <1,0,0,0> }
	no_shadow
}

// particle -1
sphere {
	<29.980017, 33.065250, 34.072186> 0.100000
	pigment { color rgbt <1,0,0,0> }
	no_shadow
}
sphere {
	0, 1
	scale<0.080000,0.200000,0.300000>
	matrix <0.157516, -0.673294, 0.722402,
		0.166035, -0.703064, -0.691473,
		0.973458, 0.228861, 0.001047,
		30.272055, 33.133907, 34.072498>
	pigment { color rgbt <0,1,1,0> }
	no_shadow
}
cylinder {
	<29.885881, 32.650959, 34.687393>,  <29.590633, 32.973705, 34.071766>, 0.130000
	pigment { color rgbt <1,0,0,0> }
	no_shadow
}

// nucleotide -1

// particle -1
sphere {
	<29.885881, 32.650959, 34.687393> 0.250000
	pigment { color rgbt <1,0,0,0> }
	no_shadow
}
cylinder {
	<30.239372, 32.789749, 34.561771>,  <30.451468, 32.873024, 34.486397>, 0.100000
	pigment { color rgbt <1,0,0,0> }
	no_shadow
}
cylinder {
	<30.239372, 32.789749, 34.561771>,  <29.885881, 32.650959, 34.687393>, 0.100000
	pigment { color rgbt <1,0,0,0> }
	no_shadow
}

// particle -1
sphere {
	<30.239372, 32.789749, 34.561771> 0.100000
	pigment { color rgbt <1,0,0,0> }
	no_shadow
}
sphere {
	0, 1
	scale<0.080000,0.200000,0.300000>
	matrix <0.464655, -0.570432, 0.677277,
		0.055852, -0.744456, -0.665331,
		0.883729, 0.346977, -0.314056,
		30.504490, 32.893841, 34.467556>
	pigment { color rgbt <0,1,1,0> }
	no_shadow
}
cylinder {
	<30.254307, 32.142914, 34.392471>,  <29.885881, 32.650959, 34.687393>, 0.130000
	pigment { color rgbt <1,0,0,0> }
	no_shadow
}

// nucleotide -1

// particle -1
sphere {
	<30.254307, 32.142914, 34.392471> 0.250000
	pigment { color rgbt <1,0,0,0> }
	no_shadow
}
cylinder {
	<30.451023, 32.418785, 34.605068>,  <30.569054, 32.584309, 34.732624>, 0.100000
	pigment { color rgbt <1,0,0,0> }
	no_shadow
}
cylinder {
	<30.451023, 32.418785, 34.605068>,  <30.254307, 32.142914, 34.392471>, 0.100000
	pigment { color rgbt <1,0,0,0> }
	no_shadow
}

// particle -1
sphere {
	<30.451023, 32.418785, 34.605068> 0.100000
	pigment { color rgbt <1,0,0,0> }
	no_shadow
}
sphere {
	0, 1
	scale<0.080000,0.200000,0.300000>
	matrix <0.405291, -0.721569, 0.561318,
		0.770637, -0.060643, -0.634383,
		0.491791, 0.689682, 0.531489,
		30.598560, 32.625690, 34.764515>
	pigment { color rgbt <0,1,1,0> }
	no_shadow
}
cylinder {
	<30.715054, 31.656542, 34.566647>,  <30.254307, 32.142914, 34.392471>, 0.130000
	pigment { color rgbt <1,0,0,0> }
	no_shadow
}

// nucleotide -1

// particle -1
sphere {
	<30.715054, 31.656542, 34.566647> 0.250000
	pigment { color rgbt <1,0,0,0> }
	no_shadow
}
cylinder {
	<30.733065, 31.997982, 34.774239>,  <30.743872, 32.202847, 34.898792>, 0.100000
	pigment { color rgbt <1,0,0,0> }
	no_shadow
}
cylinder {
	<30.733065, 31.997982, 34.774239>,  <30.715054, 31.656542, 34.566647>, 0.100000
	pigment { color rgbt <1,0,0,0> }
	no_shadow
}

// particle -1
sphere {
	<30.733065, 31.997982, 34.774239> 0.100000
	pigment { color rgbt <1,0,0,0> }
	no_shadow
}
sphere {
	0, 1
	scale<0.080000,0.200000,0.300000>
	matrix <0.421929, -0.487148, 0.764633,
		0.905510, 0.184542, -0.382094,
		0.045029, 0.853599, 0.518981,
		30.746574, 32.254063, 34.929932>
	pigment { color rgbt <0,1,1,0> }
	no_shadow
}
cylinder {
	<30.765526, 31.475658, 33.829212>,  <30.715054, 31.656542, 34.566647>, 0.130000
	pigment { color rgbt <1,0,0,0> }
	no_shadow
}

// nucleotide -1

// particle -1
sphere {
	<30.765526, 31.475658, 33.829212> 0.250000
	pigment { color rgbt <1,0,0,0> }
	no_shadow
}
cylinder {
	<30.696131, 31.486727, 33.435432>,  <30.654493, 31.493368, 33.199165>, 0.100000
	pigment { color rgbt <1,0,0,0> }
	no_shadow
}
cylinder {
	<30.696131, 31.486727, 33.435432>,  <30.765526, 31.475658, 33.829212>, 0.100000
	pigment { color rgbt <1,0,0,0> }
	no_shadow
}

// particle -1
sphere {
	<30.696131, 31.486727, 33.435432> 0.100000
	pigment { color rgbt <1,0,0,0> }
	no_shadow
}
sphere {
	0, 1
	scale<0.080000,0.200000,0.300000>
	matrix <-0.359324, -0.932475, 0.037112,
		-0.916946, 0.360173, 0.171714,
		-0.173485, 0.027672, -0.984448,
		30.644085, 31.495028, 33.140099>
	pigment { color rgbt <0,1,1,0> }
	no_shadow
}
cylinder {
	<31.297903, 31.138027, 33.365437>,  <30.765526, 31.475658, 33.829212>, 0.130000
	pigment { color rgbt <1,0,0,0> }
	no_shadow
}

// nucleotide -1

// particle -1
sphere {
	<31.297903, 31.138027, 33.365437> 0.250000
	pigment { color rgbt <1,0,0,0> }
	no_shadow
}
cylinder {
	<31.686583, 31.151005, 33.459034>,  <31.919790, 31.158792, 33.515194>, 0.100000
	pigment { color rgbt <1,0,0,0> }
	no_shadow
}
cylinder {
	<31.686583, 31.151005, 33.459034>,  <31.297903, 31.138027, 33.365437>, 0.100000
	pigment { color rgbt <1,0,0,0> }
	no_shadow
}

// particle -1
sphere {
	<31.686583, 31.151005, 33.459034> 0.100000
	pigment { color rgbt <1,0,0,0> }
	no_shadow
}
sphere {
	0, 1
	scale<0.080000,0.200000,0.300000>
	matrix <-0.220415, -0.231843, 0.947453,
		0.084992, -0.972212, -0.218129,
		0.971696, 0.032447, 0.233994,
		31.978092, 31.160738, 33.529232>
	pigment { color rgbt <0,1,1,0> }
	no_shadow
}
cylinder {
	<31.498413, 30.459089, 33.629585>,  <31.297903, 31.138027, 33.365437>, 0.130000
	pigment { color rgbt <1,0,0,0> }
	no_shadow
}

// nucleotide -1

// particle -1
sphere {
	<31.498413, 30.459089, 33.629585> 0.250000
	pigment { color rgbt <1,0,0,0> }
	no_shadow
}
cylinder {
	<31.753073, 30.732790, 33.771839>,  <31.905869, 30.897011, 33.857189>, 0.100000
	pigment { color rgbt <1,0,0,0> }
	no_shadow
}
cylinder {
	<31.753073, 30.732790, 33.771839>,  <31.498413, 30.459089, 33.629585>, 0.100000
	pigment { color rgbt <1,0,0,0> }
	no_shadow
}

// particle -1
sphere {
	<31.753073, 30.732790, 33.771839> 0.100000
	pigment { color rgbt <1,0,0,0> }
	no_shadow
}
sphere {
	0, 1
	scale<0.080000,0.200000,0.300000>
	matrix <-0.109687, -0.376128, 0.920052,
		0.763312, -0.624760, -0.164409,
		0.636651, 0.684253, 0.355632,
		31.944069, 30.938066, 33.878529>
	pigment { color rgbt <0,1,1,0> }
	no_shadow
}
cylinder {
	<32.090591, 30.196959, 33.930378>,  <31.498413, 30.459089, 33.629585>, 0.130000
	pigment { color rgbt <1,0,0,0> }
	no_shadow
}

// nucleotide -1

// particle -1
sphere {
	<32.090591, 30.196959, 33.930378> 0.250000
	pigment { color rgbt <1,0,0,0> }
	no_shadow
}
cylinder {
	<32.021374, 30.549658, 34.105915>,  <31.979843, 30.761276, 34.211235>, 0.100000
	pigment { color rgbt <1,0,0,0> }
	no_shadow
}
cylinder {
	<32.021374, 30.549658, 34.105915>,  <32.090591, 30.196959, 33.930378>, 0.100000
	pigment { color rgbt <1,0,0,0> }
	no_shadow
}

// particle -1
sphere {
	<32.021374, 30.549658, 34.105915> 0.100000
	pigment { color rgbt <1,0,0,0> }
	no_shadow
}
sphere {
	0, 1
	scale<0.080000,0.200000,0.300000>
	matrix <0.056901, -0.435868, 0.898210,
		0.983270, 0.180398, 0.025251,
		-0.173041, 0.881746, 0.438841,
		31.969461, 30.814182, 34.237568>
	pigment { color rgbt <0,1,1,0> }
	no_shadow
}
cylinder {
	<32.860382, 29.945932, 34.246727>,  <32.090591, 30.196959, 33.930378>, 0.130000
	pigment { color rgbt <1,0,0,0> }
	no_shadow
}

// nucleotide -1

// particle -1
sphere {
	<32.860382, 29.945932, 34.246727> 0.250000
	pigment { color rgbt <1,0,0,0> }
	no_shadow
}
cylinder {
	<32.876999, 30.344938, 34.223965>,  <32.886967, 30.584341, 34.210308>, 0.100000
	pigment { color rgbt <1,0,0,0> }
	no_shadow
}
cylinder {
	<32.876999, 30.344938, 34.223965>,  <32.860382, 29.945932, 34.246727>, 0.100000
	pigment { color rgbt <1,0,0,0> }
	no_shadow
}

// particle -1
sphere {
	<32.876999, 30.344938, 34.223965> 0.100000
	pigment { color rgbt <1,0,0,0> }
	no_shadow
}
sphere {
	0, 1
	scale<0.080000,0.200000,0.300000>
	matrix <0.077101, 0.053581, 0.995583,
		0.996158, -0.045743, -0.074683,
		0.041539, 0.997515, -0.056902,
		32.889462, 30.644194, 34.206894>
	pigment { color rgbt <0,1,1,0> }
	no_shadow
}
cylinder {
	<33.436497, 30.138546, 34.576527>,  <32.860382, 29.945932, 34.246727>, 0.130000
	pigment { color rgbt <1,0,0,0> }
	no_shadow
}

// nucleotide -1

// particle -1
sphere {
	<33.436497, 30.138546, 34.576527> 0.250000
	pigment { color rgbt <1,0,0,0> }
	no_shadow
}
cylinder {
	<33.168327, 30.435081, 34.588871>,  <33.007427, 30.613003, 34.596275>, 0.100000
	pigment { color rgbt <1,0,0,0> }
	no_shadow
}
cylinder {
	<33.168327, 30.435081, 34.588871>,  <33.436497, 30.138546, 34.576527>, 0.100000
	pigment { color rgbt <1,0,0,0> }
	no_shadow
}

// particle -1
sphere {
	<33.168327, 30.435081, 34.588871> 0.100000
	pigment { color rgbt <1,0,0,0> }
	no_shadow
}
sphere {
	0, 1
	scale<0.080000,0.200000,0.300000>
	matrix <0.139432, 0.085028, 0.986574,
		0.728762, 0.665723, -0.160371,
		-0.670421, 0.741339, 0.030858,
		32.967201, 30.657484, 34.598129>
	pigment { color rgbt <0,1,1,0> }
	no_shadow
}
cylinder {
	<33.858395, 30.793371, 34.882309>,  <33.436497, 30.138546, 34.576527>, 0.130000
	pigment { color rgbt <1,0,0,0> }
	no_shadow
}

// nucleotide -1

// particle -1
sphere {
	<33.858395, 30.793371, 34.882309> 0.250000
	pigment { color rgbt <1,0,0,0> }
	no_shadow
}
cylinder {
	<33.464554, 30.773535, 34.949360>,  <33.228249, 30.761633, 34.989590>, 0.100000
	pigment { color rgbt <1,0,0,0> }
	no_shadow
}
cylinder {
	<33.464554, 30.773535, 34.949360>,  <33.858395, 30.793371, 34.882309>, 0.100000
	pigment { color rgbt <1,0,0,0> }
	no_shadow
}

// particle -1
sphere {
	<33.464554, 30.773535, 34.949360> 0.100000
	pigment { color rgbt <1,0,0,0> }
	no_shadow
}
sphere {
	0, 1
	scale<0.080000,0.200000,0.300000>
	matrix <0.159242, 0.141063, 0.977110,
		-0.072101, 0.988758, -0.130994,
		-0.984603, -0.049591, 0.167623,
		33.169174, 30.758657, 34.999645>
	pigment { color rgbt <0,1,1,0> }
	no_shadow
}
cylinder {
	<33.657429, 31.384867, 35.198383>,  <33.858395, 30.793371, 34.882309>, 0.130000
	pigment { color rgbt <1,0,0,0> }
	no_shadow
}

// nucleotide -1

// particle -1
sphere {
	<33.657429, 31.384867, 35.198383> 0.250000
	pigment { color rgbt <1,0,0,0> }
	no_shadow
}
cylinder {
	<33.366631, 31.131693, 35.304867>,  <33.192150, 30.979788, 35.368759>, 0.100000
	pigment { color rgbt <1,0,0,0> }
	no_shadow
}
cylinder {
	<33.366631, 31.131693, 35.304867>,  <33.657429, 31.384867, 35.198383>, 0.100000
	pigment { color rgbt <1,0,0,0> }
	no_shadow
}

// particle -1
sphere {
	<33.366631, 31.131693, 35.304867> 0.100000
	pigment { color rgbt <1,0,0,0> }
	no_shadow
}
sphere {
	0, 1
	scale<0.080000,0.200000,0.300000>
	matrix <0.266065, 0.097743, 0.958987,
		-0.632995, 0.768011, 0.097343,
		-0.726998, -0.632934, 0.266211,
		33.148533, 30.941813, 35.384731>
	pigment { color rgbt <0,1,1,0> }
	no_shadow
}
cylinder {
	<33.173977, 31.607220, 35.724663>,  <33.657429, 31.384867, 35.198383>, 0.130000
	pigment { color rgbt <1,0,0,0> }
	no_shadow
}

// nucleotide -1

// particle -1
sphere {
	<33.173977, 31.607220, 35.724663> 0.250000
	pigment { color rgbt <1,0,0,0> }
	no_shadow
}
cylinder {
	<33.209682, 31.209976, 35.755032>,  <33.231106, 30.971630, 35.773251>, 0.100000
	pigment { color rgbt <1,0,0,0> }
	no_shadow
}
cylinder {
	<33.209682, 31.209976, 35.755032>,  <33.173977, 31.607220, 35.724663>, 0.100000
	pigment { color rgbt <1,0,0,0> }
	no_shadow
}

// particle -1
sphere {
	<33.209682, 31.209976, 35.755032> 0.100000
	pigment { color rgbt <1,0,0,0> }
	no_shadow
}
sphere {
	0, 1
	scale<0.080000,0.200000,0.300000>
	matrix <0.121522, 0.086512, 0.988811,
		-0.988567, -0.079043, 0.128408,
		0.089268, -0.993110, 0.075918,
		33.236462, 30.912043, 35.777805>
	pigment { color rgbt <0,1,1,0> }
	no_shadow
}
cylinder {
	<33.658817, 31.624643, 36.217533>,  <33.173977, 31.607220, 35.724663>, 0.130000
	pigment { color rgbt <1,0,0,0> }
	no_shadow
}

// nucleotide -1

// particle -1
sphere {
	<33.658817, 31.624643, 36.217533> 0.250000
	pigment { color rgbt <1,0,0,0> }
	no_shadow
}
cylinder {
	<33.669643, 31.320658, 36.477295>,  <33.676140, 31.138268, 36.633152>, 0.100000
	pigment { color rgbt <1,0,0,0> }
	no_shadow
}
cylinder {
	<33.669643, 31.320658, 36.477295>,  <33.658817, 31.624643, 36.217533>, 0.100000
	pigment { color rgbt <1,0,0,0> }
	no_shadow
}

// particle -1
sphere {
	<33.669643, 31.320658, 36.477295> 0.100000
	pigment { color rgbt <1,0,0,0> }
	no_shadow
}
sphere {
	0, 1
	scale<0.080000,0.200000,0.300000>
	matrix <-0.577393, -0.542199, -0.610440,
		0.816017, -0.358437, -0.453474,
		0.027068, -0.759963, 0.649403,
		33.677765, 31.092669, 36.672115>
	pigment { color rgbt <0,1,1,0> }
	no_shadow
}
cylinder {
	<34.067146, 30.948122, 36.024601>,  <33.658817, 31.624643, 36.217533>, 0.130000
	pigment { color rgbt <1,0,0,0> }
	no_shadow
}

// nucleotide -1

// particle -1
sphere {
	<34.067146, 30.948122, 36.024601> 0.250000
	pigment { color rgbt <1,0,0,0> }
	no_shadow
}
cylinder {
	<33.729111, 30.946898, 36.238449>,  <33.526291, 30.946163, 36.366756>, 0.100000
	pigment { color rgbt <1,0,0,0> }
	no_shadow
}
cylinder {
	<33.729111, 30.946898, 36.238449>,  <34.067146, 30.948122, 36.024601>, 0.100000
	pigment { color rgbt <1,0,0,0> }
	no_shadow
}

// particle -1
sphere {
	<33.729111, 30.946898, 36.238449> 0.100000
	pigment { color rgbt <1,0,0,0> }
	no_shadow
}
sphere {
	0, 1
	scale<0.080000,0.200000,0.300000>
	matrix <-0.493543, -0.379955, -0.782336,
		0.205526, -0.925000, 0.319585,
		-0.845089, -0.003062, 0.534618,
		33.475586, 30.945978, 36.398834>
	pigment { color rgbt <0,1,1,0> }
	no_shadow
}
cylinder {
	<33.628227, 30.362797, 35.968578>,  <34.067146, 30.948122, 36.024601>, 0.130000
	pigment { color rgbt <1,0,0,0> }
	no_shadow
}

// nucleotide -1

// particle -1
sphere {
	<33.628227, 30.362797, 35.968578> 0.250000
	pigment { color rgbt <1,0,0,0> }
	no_shadow
}
cylinder {
	<33.336750, 30.602551, 36.101089>,  <33.161865, 30.746403, 36.180595>, 0.100000
	pigment { color rgbt <1,0,0,0> }
	no_shadow
}
cylinder {
	<33.336750, 30.602551, 36.101089>,  <33.628227, 30.362797, 35.968578>, 0.100000
	pigment { color rgbt <1,0,0,0> }
	no_shadow
}

// particle -1
sphere {
	<33.336750, 30.602551, 36.101089> 0.100000
	pigment { color rgbt <1,0,0,0> }
	no_shadow
}
sphere {
	0, 1
	scale<0.080000,0.200000,0.300000>
	matrix <-0.545440, -0.215429, -0.809991,
		-0.414131, -0.770926, 0.483910,
		-0.728692, 0.599387, 0.331278,
		33.118141, 30.782366, 36.200474>
	pigment { color rgbt <0,1,1,0> }
	no_shadow
}
cylinder {
	<32.944012, 29.946636, 35.914398>,  <33.628227, 30.362797, 35.968578>, 0.130000
	pigment { color rgbt <1,0,0,0> }
	no_shadow
}

// nucleotide -1

// particle -1
sphere {
	<32.944012, 29.946636, 35.914398> 0.250000
	pigment { color rgbt <1,0,0,0> }
	no_shadow
}
cylinder {
	<32.904110, 30.343676, 35.886703>,  <32.880169, 30.581900, 35.870087>, 0.100000
	pigment { color rgbt <1,0,0,0> }
	no_shadow
}
cylinder {
	<32.904110, 30.343676, 35.886703>,  <32.944012, 29.946636, 35.914398>, 0.100000
	pigment { color rgbt <1,0,0,0> }
	no_shadow
}

// particle -1
sphere {
	<32.904110, 30.343676, 35.886703> 0.100000
	pigment { color rgbt <1,0,0,0> }
	no_shadow
}
sphere {
	0, 1
	scale<0.080000,0.200000,0.300000>
	matrix <-0.340208, -0.099419, -0.935080,
