// switches for output
#declare DRAW_BASES = 1; // possible values are 0, 1; only relevant for DNA ribbons
#declare DRAW_BASES_TYPE = 3; // possible values are 1, 2, 3; only relevant for DNA ribbons
#declare DRAW_FOG = 0; // set to 1 to enable fog

#include "colors.inc"

#include "transforms.inc"
background { rgb <1, 1, 1>}

#default {
   normal{
       ripples 0.25
       frequency 0.20
       turbulence 0.2
       lambda 5
   }
	finish {
		phong 0.1
		phong_size 40.
	}
}

// original window dimensions: 1024x640


// camera settings

camera {
	sky <0, 0.179814, -0.983701>
	up <0, 0.179814, -0.983701>
	right 1.6 * <1, 0, 0>
	location <35, 94.9851, 44.8844>
	look_at <35, 29.7336, 32.9568>
	direction <0, -65.2515, -11.9276>
	angle 67.0682
}


# declare cpy_camera_pos = <35, 94.9851, 44.8844>;
# if (DRAW_FOG = 1)
fog {
	fog_type 2
	up vnormalize(cpy_camera_pos)
	color rgbt<1,1,1,0.3>
	distance 1e-5
	fog_alt 3e-3
	fog_offset 56
}
# end


// LIGHTS

# declare lum = 6;
global_settings {
	ambient_light rgb lum * <0.05, 0.05, 0.05>
	max_trace_level 15
}# declare cpy_direct_light_amount = 0.25;
light_source
{	1000 * <-1, -1.16352, -0.803886>,
	rgb lum * cpy_direct_light_amount
	parallel
}

light_source
{	1000 * <1, 1.16352, 0.803886>,
	rgb lum * cpy_direct_light_amount
	parallel
}

// strand 0

// nucleotide -1

// particle -1
sphere {
	<23.938274, 35.068935, 34.836849> 0.250000
	pigment { color rgbt <1,0,0,0> }
	no_shadow
}
cylinder {
	<24.334797, 35.020252, 34.856834>,  <24.572710, 34.991043, 34.868824>, 0.100000
	pigment { color rgbt <1,0,0,0> }
	no_shadow
}
cylinder {
	<24.334797, 35.020252, 34.856834>,  <23.938274, 35.068935, 34.836849>, 0.100000
	pigment { color rgbt <1,0,0,0> }
	no_shadow
}

// particle -1
sphere {
	<24.334797, 35.020252, 34.856834> 0.100000
	pigment { color rgbt <1,0,0,0> }
	no_shadow
}
sphere {
	0, 1
	scale<0.080000,0.200000,0.300000>
	matrix <0.125411, 0.988937, -0.079223,
		-0.039767, 0.084800, 0.995604,
		0.991308, -0.121709, 0.049962,
		24.632189, 34.983738, 34.871822>
	pigment { color rgbt <0,1,1,0> }
	no_shadow
}
cylinder {
	<24.193369, 35.375919, 35.322445>,  <23.938274, 35.068935, 34.836849>, 0.130000
	pigment { color rgbt <1,0,0,0> }
	no_shadow
}

// nucleotide -1

// particle -1
sphere {
	<24.193369, 35.375919, 35.322445> 0.250000
	pigment { color rgbt <1,0,0,0> }
	no_shadow
}
cylinder {
	<24.504578, 35.355965, 35.071941>,  <24.691303, 35.343990, 34.921638>, 0.100000
	pigment { color rgbt <1,0,0,0> }
	no_shadow
}
cylinder {
	<24.504578, 35.355965, 35.071941>,  <24.193369, 35.375919, 35.322445>, 0.100000
	pigment { color rgbt <1,0,0,0> }
	no_shadow
}

// particle -1
sphere {
	<24.504578, 35.355965, 35.071941> 0.100000
	pigment { color rgbt <1,0,0,0> }
	no_shadow
}
sphere {
	0, 1
	scale<0.080000,0.200000,0.300000>
	matrix <0.084798, 0.996059, 0.025996,
		0.622491, -0.073330, 0.779184,
		0.778020, -0.049891, -0.626256,
		24.737984, 35.340996, 34.884064>
	pigment { color rgbt <0,1,1,0> }
	no_shadow
}
cylinder {
	<24.730715, 35.497841, 35.766129>,  <24.193369, 35.375919, 35.322445>, 0.130000
	pigment { color rgbt <1,0,0,0> }
	no_shadow
}

// nucleotide -1

// particle -1
sphere {
	<24.730715, 35.497841, 35.766129> 0.250000
	pigment { color rgbt <1,0,0,0> }
	no_shadow
}
cylinder {
	<24.736383, 35.614712, 35.383625>,  <24.739784, 35.684834, 35.154121>, 0.100000
	pigment { color rgbt <1,0,0,0> }
	no_shadow
}
cylinder {
	<24.736383, 35.614712, 35.383625>,  <24.730715, 35.497841, 35.766129>, 0.100000
	pigment { color rgbt <1,0,0,0> }
	no_shadow
}

// particle -1
sphere {
	<24.736383, 35.614712, 35.383625> 0.100000
	pigment { color rgbt <1,0,0,0> }
	no_shadow
}
sphere {
	0, 1
	scale<0.080000,0.200000,0.300000>
	matrix <0.250512, 0.924818, 0.286278,
		0.968010, -0.243612, -0.060088,
		0.014170, 0.292172, -0.956261,
		24.740635, 35.702362, 35.096748>
	pigment { color rgbt <0,1,1,0> }
	no_shadow
}
cylinder {
	<25.396250, 35.782654, 35.522232>,  <24.730715, 35.497841, 35.766129>, 0.130000
	pigment { color rgbt <1,0,0,0> }
	no_shadow
}

// nucleotide -1

// particle -1
sphere {
	<25.396250, 35.782654, 35.522232> 0.250000
	pigment { color rgbt <1,0,0,0> }
	no_shadow
}
cylinder {
	<25.081312, 35.930481, 35.324844>,  <24.892349, 36.019176, 35.206413>, 0.100000
	pigment { color rgbt <1,0,0,0> }
	no_shadow
}
cylinder {
	<25.081312, 35.930481, 35.324844>,  <25.396250, 35.782654, 35.522232>, 0.100000
	pigment { color rgbt <1,0,0,0> }
	no_shadow
}

// particle -1
sphere {
	<25.081312, 35.930481, 35.324844> 0.100000
	pigment { color rgbt <1,0,0,0> }
	no_shadow
}
sphere {
	0, 1
	scale<0.080000,0.200000,0.300000>
	matrix <0.210528, 0.913468, 0.348215,
		0.579454, 0.170277, -0.797019,
		-0.787344, 0.369569, -0.493465,
		24.845108, 36.041351, 35.176804>
	pigment { color rgbt <0,1,1,0> }
	no_shadow
}
cylinder {
	<25.558924, 36.380737, 35.159325>,  <25.396250, 35.782654, 35.522232>, 0.130000
	pigment { color rgbt <1,0,0,0> }
	no_shadow
}

// nucleotide -1

// particle -1
sphere {
	<25.558924, 36.380737, 35.159325> 0.250000
	pigment { color rgbt <1,0,0,0> }
	no_shadow
}
cylinder {
	<25.172758, 36.417801, 35.256805>,  <24.941059, 36.440041, 35.315292>, 0.100000
	pigment { color rgbt <1,0,0,0> }
	no_shadow
}
cylinder {
	<25.172758, 36.417801, 35.256805>,  <25.558924, 36.380737, 35.159325>, 0.100000
	pigment { color rgbt <1,0,0,0> }
	no_shadow
}

// particle -1
sphere {
	<25.172758, 36.417801, 35.256805> 0.100000
	pigment { color rgbt <1,0,0,0> }
	no_shadow
}
sphere {
	0, 1
	scale<0.080000,0.200000,0.300000>
	matrix <0.166941, 0.937668, 0.304810,
		-0.200263, 0.334952, -0.920708,
		-0.965415, 0.092662, 0.243697,
		24.883133, 36.445599, 35.329914>
	pigment { color rgbt <0,1,1,0> }
	no_shadow
}
cylinder {
	<26.186398, 36.118538, 35.535313>,  <25.558924, 36.380737, 35.159325>, 0.130000
	pigment { color rgbt <1,0,0,0> }
	no_shadow
}

// nucleotide -1

// particle -1
sphere {
	<26.186398, 36.118538, 35.535313> 0.250000
	pigment { color rgbt <1,0,0,0> }
	no_shadow
}
cylinder {
	<26.262983, 35.746536, 35.409817>,  <26.308935, 35.523335, 35.334518>, 0.100000
	pigment { color rgbt <1,0,0,0> }
	no_shadow
}
cylinder {
	<26.262983, 35.746536, 35.409817>,  <26.186398, 36.118538, 35.535313>, 0.100000
	pigment { color rgbt <1,0,0,0> }
	no_shadow
}

// particle -1
sphere {
	<26.262983, 35.746536, 35.409817> 0.100000
	pigment { color rgbt <1,0,0,0> }
	no_shadow
}
sphere {
	0, 1
	scale<0.080000,0.200000,0.300000>
	matrix <0.319269, 0.361283, -0.876095,
		0.928122, 0.067571, 0.366093,
		0.191462, -0.930005, -0.313742,
		26.320421, 35.467533, 35.315693>
	pigment { color rgbt <0,1,1,0> }
	no_shadow
}
cylinder {
	<26.928957, 35.883995, 35.552147>,  <26.186398, 36.118538, 35.535313>, 0.130000
	pigment { color rgbt <1,0,0,0> }
	no_shadow
}

// nucleotide -1

// particle -1
sphere {
	<26.928957, 35.883995, 35.552147> 0.250000
	pigment { color rgbt <1,0,0,0> }
	no_shadow
}
cylinder {
	<27.236155, 36.067589, 35.730820>,  <27.420473, 36.177746, 35.838024>, 0.100000
	pigment { color rgbt <1,0,0,0> }
	no_shadow
}
cylinder {
	<27.236155, 36.067589, 35.730820>,  <26.928957, 35.883995, 35.552147>, 0.100000
	pigment { color rgbt <1,0,0,0> }
	no_shadow
}

// particle -1
sphere {
	<27.236155, 36.067589, 35.730820> 0.100000
	pigment { color rgbt <1,0,0,0> }
	no_shadow
}
sphere {
	0, 1
	scale<0.080000,0.200000,0.300000>
	matrix <0.079496, 0.623729, -0.777588,
		-0.635506, 0.632691, 0.442532,
		0.767992, 0.458982, 0.446680,
		27.466553, 36.205284, 35.864822>
	pigment { color rgbt <0,1,1,0> }
	no_shadow
}
cylinder {
	<26.832153, 36.555298, 35.427479>,  <26.928957, 35.883995, 35.552147>, 0.130000
	pigment { color rgbt <1,0,0,0> }
	no_shadow
}

// nucleotide -1

// particle -1
sphere {
	<26.832153, 36.555298, 35.427479> 0.250000
	pigment { color rgbt <1,0,0,0> }
	no_shadow
}
cylinder {
	<27.228058, 36.552265, 35.484489>,  <27.465601, 36.550446, 35.518696>, 0.100000
	pigment { color rgbt <1,0,0,0> }
	no_shadow
}
cylinder {
	<27.228058, 36.552265, 35.484489>,  <26.832153, 36.555298, 35.427479>, 0.100000
	pigment { color rgbt <1,0,0,0> }
	no_shadow
}

// particle -1
sphere {
	<27.228058, 36.552265, 35.484489> 0.100000
	pigment { color rgbt <1,0,0,0> }
	no_shadow
}
sphere {
	0, 1
	scale<0.080000,0.200000,0.300000>
	matrix <0.116913, 0.615866, -0.779128,
		-0.081870, 0.787814, 0.610447,
		0.989762, -0.007581, 0.142527,
		27.524986, 36.549992, 35.527248>
	pigment { color rgbt <0,1,1,0> }
	no_shadow
}
cylinder {
	<27.060125, 37.233700, 35.417110>,  <26.832153, 36.555298, 35.427479>, 0.130000
	pigment { color rgbt <1,0,0,0> }
	no_shadow
}

// nucleotide -1

// particle -1
sphere {
	<27.060125, 37.233700, 35.417110> 0.250000
	pigment { color rgbt <1,0,0,0> }
	no_shadow
}
cylinder {
	<27.390917, 37.030338, 35.321083>,  <27.589392, 36.908321, 35.263466>, 0.100000
	pigment { color rgbt <1,0,0,0> }
	no_shadow
}
cylinder {
	<27.390917, 37.030338, 35.321083>,  <27.060125, 37.233700, 35.417110>, 0.100000
	pigment { color rgbt <1,0,0,0> }
	no_shadow
}

// particle -1
sphere {
	<27.390917, 37.030338, 35.321083> 0.100000
	pigment { color rgbt <1,0,0,0> }
	no_shadow
}
sphere {
	0, 1
	scale<0.080000,0.200000,0.300000>
	matrix <0.063851, 0.509154, -0.858304,
		0.558594, 0.694471, 0.453522,
		0.826980, -0.508401, -0.240068,
		27.639011, 36.877819, 35.249062>
	pigment { color rgbt <0,1,1,0> }
	no_shadow
}
cylinder {
	<27.559858, 37.734833, 35.155739>,  <27.060125, 37.233700, 35.417110>, 0.130000
	pigment { color rgbt <1,0,0,0> }
	no_shadow
}

// nucleotide -1

// particle -1
sphere {
	<27.559858, 37.734833, 35.155739> 0.250000
	pigment { color rgbt <1,0,0,0> }
	no_shadow
}
cylinder {
	<27.708168, 37.387924, 35.022850>,  <27.797153, 37.179779, 34.943115>, 0.100000
	pigment { color rgbt <1,0,0,0> }
	no_shadow
}
cylinder {
	<27.708168, 37.387924, 35.022850>,  <27.559858, 37.734833, 35.155739>, 0.100000
	pigment { color rgbt <1,0,0,0> }
	no_shadow
}

// particle -1
sphere {
	<27.708168, 37.387924, 35.022850> 0.100000
	pigment { color rgbt <1,0,0,0> }
	no_shadow
}
sphere {
	0, 1
	scale<0.080000,0.200000,0.300000>
	matrix <0.182432, 0.418765, -0.889581,
		0.910628, 0.269227, 0.313486,
		0.370776, -0.867267, -0.332224,
		27.819401, 37.127743, 34.923183>
	pigment { color rgbt <0,1,1,0> }
	no_shadow
}
cylinder {
	<28.276428, 37.822475, 34.971733>,  <27.559858, 37.734833, 35.155739>, 0.130000
	pigment { color rgbt <1,0,0,0> }
	no_shadow
}

// nucleotide -1

// particle -1
sphere {
	<28.276428, 37.822475, 34.971733> 0.250000
	pigment { color rgbt <1,0,0,0> }
	no_shadow
}
cylinder {
	<28.085415, 37.541107, 34.761147>,  <27.970806, 37.372288, 34.634796>, 0.100000
	pigment { color rgbt <1,0,0,0> }
	no_shadow
}
cylinder {
	<28.085415, 37.541107, 34.761147>,  <28.276428, 37.822475, 34.971733>, 0.100000
	pigment { color rgbt <1,0,0,0> }
	no_shadow
}

// particle -1
sphere {
	<28.085415, 37.541107, 34.761147> 0.100000
	pigment { color rgbt <1,0,0,0> }
	no_shadow
}
sphere {
	0, 1
	scale<0.080000,0.200000,0.300000>
	matrix <0.174596, 0.511273, -0.841496,
		0.861091, -0.493760, -0.121335,
		-0.477533, -0.703421, -0.526462,
		27.942156, 37.330082, 34.603207>
	pigment { color rgbt <0,1,1,0> }
	no_shadow
}
cylinder {
	<27.790718, 37.967041, 34.299847>,  <28.276428, 37.822475, 34.971733>, 0.130000
	pigment { color rgbt <1,0,0,0> }
	no_shadow
}

// nucleotide -1

// particle -1
sphere {
	<27.790718, 37.967041, 34.299847> 0.250000
	pigment { color rgbt <1,0,0,0> }
	no_shadow
}
cylinder {
	<27.750832, 37.786003, 33.945396>,  <27.726900, 37.677380, 33.732727>, 0.100000
	pigment { color rgbt <1,0,0,0> }
	no_shadow
}
cylinder {
	<27.750832, 37.786003, 33.945396>,  <27.790718, 37.967041, 34.299847>, 0.100000
	pigment { color rgbt <1,0,0,0> }
	no_shadow
}

// particle -1
sphere {
	<27.750832, 37.786003, 33.945396> 0.100000
	pigment { color rgbt <1,0,0,0> }
	no_shadow
}
sphere {
	0, 1
	scale<0.080000,0.200000,0.300000>
	matrix <-0.136758, -0.875874, 0.462754,
		-0.985573, 0.167329, 0.025444,
		-0.099718, -0.452598, -0.886122,
		27.720917, 37.650223, 33.679562>
	pigment { color rgbt <0,1,1,0> }
	no_shadow
}
cylinder {
	<27.000401, 37.896748, 34.009937>,  <27.790718, 37.967041, 34.299847>, 0.130000
	pigment { color rgbt <1,0,0,0> }
	no_shadow
}

// nucleotide -1

// particle -1
sphere {
	<27.000401, 37.896748, 34.009937> 0.250000
	pigment { color rgbt <1,0,0,0> }
	no_shadow
}
cylinder {
	<27.142012, 37.638870, 33.738930>,  <27.226978, 37.484146, 33.576324>, 0.100000
	pigment { color rgbt <1,0,0,0> }
	no_shadow
}
cylinder {
	<27.142012, 37.638870, 33.738930>,  <27.000401, 37.896748, 34.009937>, 0.100000
	pigment { color rgbt <1,0,0,0> }
	no_shadow
}

// particle -1
sphere {
	<27.142012, 37.638870, 33.738930> 0.100000
	pigment { color rgbt <1,0,0,0> }
	no_shadow
}
sphere {
	0, 1
	scale<0.080000,0.200000,0.300000>
	matrix <0.600764, -0.398442, 0.693056,
		-0.716760, -0.652394, 0.246246,
		0.354030, -0.644691, -0.677522,
		27.248220, 37.445461, 33.535671>
	pigment { color rgbt <0,1,1,0> }
	no_shadow
}
cylinder {
	<27.074608, 37.267654, 34.268482>,  <27.000401, 37.896748, 34.009937>, 0.130000
	pigment { color rgbt <1,0,0,0> }
	no_shadow
}

// nucleotide -1

// particle -1
sphere {
	<27.074608, 37.267654, 34.268482> 0.250000
	pigment { color rgbt <1,0,0,0> }
	no_shadow
}
cylinder {
	<27.330620, 37.238907, 33.962490>,  <27.484226, 37.221661, 33.778896>, 0.100000
	pigment { color rgbt <1,0,0,0> }
	no_shadow
}
cylinder {
	<27.330620, 37.238907, 33.962490>,  <27.074608, 37.267654, 34.268482>, 0.100000
	pigment { color rgbt <1,0,0,0> }
	no_shadow
}

// particle -1
sphere {
	<27.330620, 37.238907, 33.962490> 0.100000
	pigment { color rgbt <1,0,0,0> }
	no_shadow
}
sphere {
	0, 1
	scale<0.080000,0.200000,0.300000>
	matrix <0.643176, -0.494559, 0.584582,
		-0.420339, -0.866168, -0.270311,
		0.640031, -0.071865, -0.764981,
		27.522629, 37.217346, 33.732994>
	pigment { color rgbt <0,1,1,0> }
	no_shadow
}
cylinder {
	<27.143288, 36.663593, 33.908222>,  <27.074608, 37.267654, 34.268482>, 0.130000
	pigment { color rgbt <1,0,0,0> }
	no_shadow
}

// nucleotide -1

// particle -1
sphere {
	<27.143288, 36.663593, 33.908222> 0.250000
	pigment { color rgbt <1,0,0,0> }
	no_shadow
}
cylinder {
	<27.455885, 36.905273, 33.970455>,  <27.643444, 37.050282, 34.007793>, 0.100000
	pigment { color rgbt <1,0,0,0> }
	no_shadow
}
cylinder {
	<27.455885, 36.905273, 33.970455>,  <27.143288, 36.663593, 33.908222>, 0.100000
	pigment { color rgbt <1,0,0,0> }
	no_shadow
}

// particle -1
sphere {
	<27.455885, 36.905273, 33.970455> 0.100000
	pigment { color rgbt <1,0,0,0> }
	no_shadow
}
sphere {
	0, 1
	scale<0.080000,0.200000,0.300000>
	matrix <0.208077, -0.487487, 0.847975,
		0.588192, -0.630315, -0.506689,
		0.781495, 0.604202, 0.155581,
		27.690334, 37.086533, 34.017128>
	pigment { color rgbt <0,1,1,0> }
	no_shadow
}
cylinder {
	<27.644341, 36.252773, 33.948608>,  <27.143288, 36.663593, 33.908222>, 0.130000
	pigment { color rgbt <1,0,0,0> }
	no_shadow
}

// nucleotide -1

// particle -1
sphere {
	<27.644341, 36.252773, 33.948608> 0.250000
	pigment { color rgbt <1,0,0,0> }
	no_shadow
}
cylinder {
	<27.725790, 36.585022, 34.155918>,  <27.774660, 36.784370, 34.280304>, 0.100000
	pigment { color rgbt <1,0,0,0> }
	no_shadow
}
cylinder {
	<27.725790, 36.585022, 34.155918>,  <27.644341, 36.252773, 33.948608>, 0.100000
	pigment { color rgbt <1,0,0,0> }
	no_shadow
}

// particle -1
sphere {
	<27.725790, 36.585022, 34.155918> 0.100000
	pigment { color rgbt <1,0,0,0> }
	no_shadow
}
sphere {
	0, 1
	scale<0.080000,0.200000,0.300000>
	matrix <0.280911, -0.556673, 0.781796,
		0.937884, -0.013602, -0.346681,
		0.203622, 0.830620, 0.518274,
		27.786877, 36.834209, 34.311401>
	pigment { color rgbt <0,1,1,0> }
	no_shadow
}
cylinder {
	<28.178331, 36.038773, 34.361195>,  <27.644341, 36.252773, 33.948608>, 0.130000
	pigment { color rgbt <1,0,0,0> }
	no_shadow
}

// nucleotide -1

// particle -1
sphere {
	<28.178331, 36.038773, 34.361195> 0.250000
	pigment { color rgbt <1,0,0,0> }
	no_shadow
}
cylinder {
	<28.051262, 36.374969, 34.536762>,  <27.975019, 36.576687, 34.642101>, 0.100000
	pigment { color rgbt <1,0,0,0> }
	no_shadow
}
cylinder {
	<28.051262, 36.374969, 34.536762>,  <28.178331, 36.038773, 34.361195>, 0.100000
	pigment { color rgbt <1,0,0,0> }
	no_shadow
}

// particle -1
sphere {
	<28.051262, 36.374969, 34.536762> 0.100000
	pigment { color rgbt <1,0,0,0> }
	no_shadow
}
sphere {
	0, 1
	scale<0.080000,0.200000,0.300000>
	matrix <0.328690, -0.336580, 0.882426,
		0.889407, 0.424593, -0.169340,
		-0.317676, 0.840496, 0.438917,
		27.955959, 36.627117, 34.668438>
	pigment { color rgbt <0,1,1,0> }
	no_shadow
}
cylinder {
	<28.739777, 36.262627, 34.913345>,  <28.178331, 36.038773, 34.361195>, 0.130000
	pigment { color rgbt <1,0,0,0> }
	no_shadow
}

// nucleotide -1

// particle -1
sphere {
	<28.739777, 36.262627, 34.913345> 0.250000
	pigment { color rgbt <1,0,0,0> }
	no_shadow
}
cylinder {
	<28.401449, 36.441227, 35.030117>,  <28.198452, 36.548389, 35.100182>, 0.100000
	pigment { color rgbt <1,0,0,0> }
	no_shadow
}
cylinder {
	<28.401449, 36.441227, 35.030117>,  <28.739777, 36.262627, 34.913345>, 0.100000
	pigment { color rgbt <1,0,0,0> }
	no_shadow
}

// particle -1
sphere {
	<28.401449, 36.441227, 35.030117> 0.100000
	pigment { color rgbt <1,0,0,0> }
	no_shadow
}
sphere {
	0, 1
	scale<0.080000,0.200000,0.300000>
	matrix <0.294406, -0.065666, 0.953422,
		0.444876, 0.892369, -0.075911,
		-0.845820, 0.446503, 0.291932,
		28.147703, 36.575176, 35.117695>
	pigment { color rgbt <0,1,1,0> }
	no_shadow
}
cylinder {
	<28.855492, 36.965652, 35.270866>,  <28.739777, 36.262627, 34.913345>, 0.130000
	pigment { color rgbt <1,0,0,0> }
	no_shadow
}

// nucleotide -1

// particle -1
sphere {
	<28.855492, 36.965652, 35.270866> 0.250000
	pigment { color rgbt <1,0,0,0> }
	no_shadow
}
cylinder {
	<28.581495, 36.692471, 35.372345>,  <28.417097, 36.528561, 35.433231>, 0.100000
	pigment { color rgbt <1,0,0,0> }
	no_shadow
}
cylinder {
	<28.581495, 36.692471, 35.372345>,  <28.855492, 36.965652, 35.270866>, 0.100000
	pigment { color rgbt <1,0,0,0> }
	no_shadow
}

// particle -1
sphere {
	<28.581495, 36.692471, 35.372345> 0.100000
	pigment { color rgbt <1,0,0,0> }
	no_shadow
}
sphere {
	0, 1
	scale<0.080000,0.200000,0.300000>
	matrix <0.553955, -0.262057, 0.790228,
		-0.473206, 0.681835, 0.557832,
		-0.684989, -0.682955, 0.253699,
		28.375999, 36.487583, 35.448456>
	pigment { color rgbt <0,1,1,0> }
	no_shadow
}
cylinder {
	<28.682941, 37.323021, 35.835377>,  <28.855492, 36.965652, 35.270866>, 0.130000
	pigment { color rgbt <1,0,0,0> }
	no_shadow
}

// nucleotide -1

// particle -1
sphere {
	<28.682941, 37.323021, 35.835377> 0.250000
	pigment { color rgbt <1,0,0,0> }
	no_shadow
}
cylinder {
	<28.676596, 36.923088, 35.831860>,  <28.672789, 36.683128, 35.829750>, 0.100000
	pigment { color rgbt <1,0,0,0> }
	no_shadow
}
cylinder {
	<28.676596, 36.923088, 35.831860>,  <28.682941, 37.323021, 35.835377>, 0.100000
	pigment { color rgbt <1,0,0,0> }
	no_shadow
}

// particle -1
sphere {
	<28.676596, 36.923088, 35.831860> 0.100000
	pigment { color rgbt <1,0,0,0> }
	no_shadow
}
sphere {
	0, 1
	scale<0.080000,0.200000,0.300000>
	matrix <0.654242, -0.017032, 0.756093,
		-0.756118, 0.006242, 0.654405,
		-0.015865, -0.999835, -0.008795,
		28.671837, 36.623138, 35.829220>
	pigment { color rgbt <0,1,1,0> }
	no_shadow
}
cylinder {
	<28.585604, 36.995972, 36.486744>,  <28.682941, 37.323021, 35.835377>, 0.130000
	pigment { color rgbt <1,0,0,0> }
	no_shadow
}

// nucleotide -1

// particle -1
sphere {
	<28.585604, 36.995972, 36.486744> 0.250000
	pigment { color rgbt <1,0,0,0> }
	no_shadow
}
cylinder {
	<28.857483, 36.813419, 36.257053>,  <29.020611, 36.703888, 36.119240>, 0.100000
	pigment { color rgbt <1,0,0,0> }
	no_shadow
}
cylinder {
	<28.857483, 36.813419, 36.257053>,  <28.585604, 36.995972, 36.486744>, 0.100000
	pigment { color rgbt <1,0,0,0> }
	no_shadow
}

// particle -1
sphere {
	<28.857483, 36.813419, 36.257053> 0.100000
	pigment { color rgbt <1,0,0,0> }
	no_shadow
}
sphere {
	0, 1
	scale<0.080000,0.200000,0.300000>
	matrix <0.693611, 0.145281, 0.705547,
		-0.238572, -0.877846, 0.415295,
		0.679696, -0.456377, -0.574224,
		29.061392, 36.676506, 36.084785>
	pigment { color rgbt <0,1,1,0> }
	no_shadow
}
cylinder {
	<28.863400, 36.351456, 36.836250>,  <28.585604, 36.995972, 36.486744>, 0.130000
	pigment { color rgbt <1,0,0,0> }
	no_shadow
}

// nucleotide -1

// particle -1
sphere {
	<28.863400, 36.351456, 36.836250> 0.250000
	pigment { color rgbt <1,0,0,0> }
	no_shadow
}
cylinder {
	<29.104837, 36.530006, 36.572002>,  <29.249701, 36.637135, 36.413452>, 0.100000
	pigment { color rgbt <1,0,0,0> }
	no_shadow
}
cylinder {
	<29.104837, 36.530006, 36.572002>,  <28.863400, 36.351456, 36.836250>, 0.100000
	pigment { color rgbt <1,0,0,0> }
	no_shadow
}

// particle -1
sphere {
	<29.104837, 36.530006, 36.572002> 0.100000
	pigment { color rgbt <1,0,0,0> }
	no_shadow
}
sphere {
	0, 1
	scale<0.080000,0.200000,0.300000>
	matrix <0.730596, 0.022089, 0.682453,
		0.319222, -0.894574, -0.312786,
		0.603595, 0.446374, -0.660623,
		29.285915, 36.663918, 36.373814>
	pigment { color rgbt <0,1,1,0> }
	no_shadow
}
cylinder {
	<29.386442, 36.774334, 37.117668>,  <28.863400, 36.351456, 36.836250>, 0.130000
	pigment { color rgbt <1,0,0,0> }
	no_shadow
}

// nucleotide -1

// particle -1
sphere {
	<29.386442, 36.774334, 37.117668> 0.250000
	pigment { color rgbt <1,0,0,0> }
	no_shadow
}
cylinder {
	<29.079330, 36.684631, 37.357742>,  <28.895063, 36.630810, 37.501789>, 0.100000
	pigment { color rgbt <1,0,0,0> }
	no_shadow
}
cylinder {
	<29.079330, 36.684631, 37.357742>,  <29.386442, 36.774334, 37.117668>, 0.100000
	pigment { color rgbt <1,0,0,0> }
	no_shadow
}

// particle -1
sphere {
	<29.079330, 36.684631, 37.357742> 0.100000
	pigment { color rgbt <1,0,0,0> }
	no_shadow
}
sphere {
	0, 1
	scale<0.080000,0.200000,0.300000>
	matrix <0.612334, 0.018886, 0.790373,
		-0.188583, 0.974347, 0.122820,
		-0.767778, -0.224258, 0.600188,
		28.848997, 36.617355, 37.537800>
	pigment { color rgbt <0,1,1,0> }
	no_shadow
}
cylinder {
	<29.446741, 37.250343, 37.709957>,  <29.386442, 36.774334, 37.117668>, 0.130000
	pigment { color rgbt <1,0,0,0> }
	no_shadow
}

// nucleotide -1

// particle -1
sphere {
	<29.446741, 37.250343, 37.709957> 0.250000
	pigment { color rgbt <1,0,0,0> }
	no_shadow
}
cylinder {
	<29.227404, 36.945324, 37.847267>,  <29.095800, 36.762310, 37.929653>, 0.100000
	pigment { color rgbt <1,0,0,0> }
	no_shadow
}
cylinder {
	<29.227404, 36.945324, 37.847267>,  <29.446741, 37.250343, 37.709957>, 0.100000
	pigment { color rgbt <1,0,0,0> }
	no_shadow
}

// particle -1
sphere {
	<29.227404, 36.945324, 37.847267> 0.100000
	pigment { color rgbt <1,0,0,0> }
	no_shadow
}
sphere {
	0, 1
	scale<0.080000,0.200000,0.300000>
	matrix <0.410841, 0.111880, 0.904816,
		-0.728374, 0.637180, 0.251938,
		-0.548344, -0.762551, 0.343270,
		29.062901, 36.716560, 37.950249>
	pigment { color rgbt <0,1,1,0> }
	no_shadow
}
cylinder {
	<30.215530, 37.237122, 37.744869>,  <29.446741, 37.250343, 37.709957>, 0.130000
	pigment { color rgbt <1,0,0,0> }
	no_shadow
}

// nucleotide -1

// particle -1
sphere {
	<30.215530, 37.237122, 37.744869> 0.250000
	pigment { color rgbt <1,0,0,0> }
	no_shadow
}
cylinder {
	<30.527229, 37.403275, 37.932583>,  <30.714249, 37.502964, 38.045212>, 0.100000
	pigment { color rgbt <1,0,0,0> }
	no_shadow
}
cylinder {
	<30.527229, 37.403275, 37.932583>,  <30.215530, 37.237122, 37.744869>, 0.100000
	pigment { color rgbt <1,0,0,0> }
	no_shadow
}

// particle -1
sphere {
	<30.527229, 37.403275, 37.932583> 0.100000
	pigment { color rgbt <1,0,0,0> }
	no_shadow
}
sphere {
	0, 1
	scale<0.080000,0.200000,0.300000>
	matrix <0.532668, -0.833507, -0.146733,
		0.330205, 0.364316, -0.870769,
		0.779249, 0.415378, 0.469288,
		30.761003, 37.527889, 38.073368>
	pigment { color rgbt <0,1,1,0> }
	no_shadow
}
cylinder {
	<30.853491, 37.370735, 37.272327>,  <30.215530, 37.237122, 37.744869>, 0.130000
	pigment { color rgbt <1,0,0,0> }
	no_shadow
}

// nucleotide -1

// particle -1
sphere {
	<30.853491, 37.370735, 37.272327> 0.250000
	pigment { color rgbt <1,0,0,0> }
	no_shadow
}
cylinder {
	<30.979734, 37.288273, 37.642818>,  <31.055481, 37.238796, 37.865112>, 0.100000
	pigment { color rgbt <1,0,0,0> }
	no_shadow
}
cylinder {
	<30.979734, 37.288273, 37.642818>,  <30.853491, 37.370735, 37.272327>, 0.100000
	pigment { color rgbt <1,0,0,0> }
	no_shadow
}

// particle -1
sphere {
	<30.979734, 37.288273, 37.642818> 0.100000
	pigment { color rgbt <1,0,0,0> }
	no_shadow
}
sphere {
	0, 1
	scale<0.080000,0.200000,0.300000>
	matrix <0.589673, -0.722142, -0.361659,
		0.743422, 0.660312, -0.106351,
		0.315609, -0.206153, 0.926225,
		31.074417, 37.226425, 37.920685>
	pigment { color rgbt <0,1,1,0> }
	no_shadow
}
cylinder {
	<31.070875, 37.460632, 36.473816>,  <30.853491, 37.370735, 37.272327>, 0.130000
	pigment { color rgbt <1,0,0,0> }
	no_shadow
}

// nucleotide -1

// particle -1
sphere {
	<31.070875, 37.460632, 36.473816> 0.250000
	pigment { color rgbt <1,0,0,0> }
	no_shadow
}
cylinder {
	<30.675438, 37.450882, 36.533272>,  <30.438175, 37.445030, 36.568943>, 0.100000
	pigment { color rgbt <1,0,0,0> }
	no_shadow
}
cylinder {
	<30.675438, 37.450882, 36.533272>,  <31.070875, 37.460632, 36.473816>, 0.100000
	pigment { color rgbt <1,0,0,0> }
	no_shadow
}

// particle -1
sphere {
	<30.675438, 37.450882, 36.533272> 0.100000
	pigment { color rgbt <1,0,0,0> }
	no_shadow
}
sphere {
	0, 1
	scale<0.080000,0.200000,0.300000>
	matrix <-0.006071, 0.992465, 0.122375,
		-0.150499, 0.120076, -0.981291,
		-0.988592, -0.024375, 0.148636,
		30.378860, 37.443569, 36.577862>
	pigment { color rgbt <0,1,1,0> }
	no_shadow
}
cylinder {
	<31.639311, 36.987381, 36.250824>,  <31.070875, 37.460632, 36.473816>, 0.130000
	pigment { color rgbt <1,0,0,0> }
	no_shadow
}

// nucleotide -1

// particle -1
sphere {
	<31.639311, 36.987381, 36.250824> 0.250000
	pigment { color rgbt <1,0,0,0> }
	no_shadow
}
cylinder {
	<32.022469, 37.019642, 36.140602>,  <32.252365, 37.038998, 36.074467>, 0.100000
	pigment { color rgbt <1,0,0,0> }
	no_shadow
}
cylinder {
	<32.022469, 37.019642, 36.140602>,  <31.639311, 36.987381, 36.250824>, 0.100000
	pigment { color rgbt <1,0,0,0> }
	no_shadow
}

// particle -1
sphere {
	<32.022469, 37.019642, 36.140602> 0.100000
	pigment { color rgbt <1,0,0,0> }
	no_shadow
}
sphere {
	0, 1
	scale<0.080000,0.200000,0.300000>
	matrix <0.250304, 0.235608, 0.939062,
		0.140657, -0.968496, 0.205501,
		0.957895, 0.080648, -0.275558,
		32.309837, 37.043839, 36.057934>
	pigment { color rgbt <0,1,1,0> }
	no_shadow
}
cylinder {
	<32.075932, 36.480518, 36.553410>,  <31.639311, 36.987381, 36.250824>, 0.130000
	pigment { color rgbt <1,0,0,0> }
	no_shadow
}

// nucleotide -1

// particle -1
sphere {
	<32.075932, 36.480518, 36.553410> 0.250000
	pigment { color rgbt <1,0,0,0> }
	no_shadow
}
cylinder {
	<32.342007, 36.767315, 36.470028>,  <32.501652, 36.939392, 36.419998>, 0.100000
	pigment { color rgbt <1,0,0,0> }
	no_shadow
}
cylinder {
	<32.342007, 36.767315, 36.470028>,  <32.075932, 36.480518, 36.553410>, 0.100000
	pigment { color rgbt <1,0,0,0> }
	no_shadow
}

// particle -1
sphere {
	<32.342007, 36.767315, 36.470028> 0.100000
	pigment { color rgbt <1,0,0,0> }
	no_shadow
}
sphere {
	0, 1
	scale<0.080000,0.200000,0.300000>
	matrix <0.297902, 0.001151, 0.954596,
		0.684674, -0.697085, -0.212826,
		0.665189, 0.716988, -0.208451,
		32.541565, 36.982410, 36.407494>
	pigment { color rgbt <0,1,1,0> }
	no_shadow
}
cylinder {
	<32.783485, 36.289162, 36.607136>,  <32.075932, 36.480518, 36.553410>, 0.130000
	pigment { color rgbt <1,0,0,0> }
	no_shadow
}

// nucleotide -1

// particle -1
sphere {
	<32.783485, 36.289162, 36.607136> 0.250000
	pigment { color rgbt <1,0,0,0> }
	no_shadow
}
cylinder {
	<32.770985, 36.686718, 36.649479>,  <32.763485, 36.925251, 36.674885>, 0.100000
	pigment { color rgbt <1,0,0,0> }
	no_shadow
}
cylinder {
	<32.770985, 36.686718, 36.649479>,  <32.783485, 36.289162, 36.607136>, 0.100000
	pigment { color rgbt <1,0,0,0> }
	no_shadow
}

// particle -1
sphere {
	<32.770985, 36.686718, 36.649479> 0.100000
	pigment { color rgbt <1,0,0,0> }
	no_shadow
}
sphere {
	0, 1
	scale<0.080000,0.200000,0.300000>
	matrix <0.418227, -0.083191, 0.904525,
		0.907805, 0.072543, -0.413071,
		-0.031253, 0.993890, 0.105861,
		32.761608, 36.984886, 36.681236>
	pigment { color rgbt <0,1,1,0> }
	no_shadow
}
cylinder {
	<33.486877, 36.534866, 36.710213>,  <32.783485, 36.289162, 36.607136>, 0.130000
	pigment { color rgbt <1,0,0,0> }
	no_shadow
}

// nucleotide -1

// particle -1
sphere {
	<33.486877, 36.534866, 36.710213> 0.250000
	pigment { color rgbt <1,0,0,0> }
	no_shadow
}
cylinder {
	<33.201450, 36.770741, 36.861519>,  <33.030193, 36.912266, 36.952301>, 0.100000
	pigment { color rgbt <1,0,0,0> }
	no_shadow
}
cylinder {
	<33.201450, 36.770741, 36.861519>,  <33.486877, 36.534866, 36.710213>, 0.100000
	pigment { color rgbt <1,0,0,0> }
	no_shadow
}

// particle -1
sphere {
	<33.201450, 36.770741, 36.861519> 0.100000
	pigment { color rgbt <1,0,0,0> }
	no_shadow
}
sphere {
	0, 1
	scale<0.080000,0.200000,0.300000>
	matrix <0.577455, 0.189335, 0.794165,
		0.396691, 0.785124, -0.475622,
		-0.713570, 0.589689, 0.378266,
		32.987381, 36.947647, 36.974998>
	pigment { color rgbt <0,1,1,0> }
	no_shadow
}
cylinder {
	<33.373856, 36.726200, 37.445827>,  <33.486877, 36.534866, 36.710213>, 0.130000
	pigment { color rgbt <1,0,0,0> }
	no_shadow
}

// nucleotide -1

// particle -1
sphere {
	<33.373856, 36.726200, 37.445827> 0.250000
	pigment { color rgbt <1,0,0,0> }
	no_shadow
}
cylinder {
	<33.567181, 36.686794, 37.793781>,  <33.683174, 36.663151, 38.002556>, 0.100000
	pigment { color rgbt <1,0,0,0> }
	no_shadow
}
cylinder {
	<33.567181, 36.686794, 37.793781>,  <33.373856, 36.726200, 37.445827>, 0.100000
	pigment { color rgbt <1,0,0,0> }
	no_shadow
}

// particle -1
sphere {
	<33.567181, 36.686794, 37.793781> 0.100000
	pigment { color rgbt <1,0,0,0> }
	no_shadow
}
sphere {
	0, 1
	scale<0.080000,0.200000,0.300000>
	matrix <-0.738279, -0.579868, 0.344524,
		0.470481, -0.808733, -0.352985,
		0.483313, -0.098510, 0.869888,
		33.712173, 36.657242, 38.054749>
	pigment { color rgbt <0,1,1,0> }
	no_shadow
}
cylinder {
	<33.275455, 36.022869, 37.584583>,  <33.373856, 36.726200, 37.445827>, 0.130000
	pigment { color rgbt <1,0,0,0> }
	no_shadow
}

// nucleotide -1

// particle -1
sphere {
	<33.275455, 36.022869, 37.584583> 0.250000
	pigment { color rgbt <1,0,0,0> }
	no_shadow
}
cylinder {
	<33.394413, 36.165588, 37.938816>,  <33.465786, 36.251221, 38.151356>, 0.100000
	pigment { color rgbt <1,0,0,0> }
	no_shadow
}
cylinder {
	<33.394413, 36.165588, 37.938816>,  <33.275455, 36.022869, 37.584583>, 0.100000
	pigment { color rgbt <1,0,0,0> }
	no_shadow
}

// particle -1
sphere {
	<33.394413, 36.165588, 37.938816> 0.100000
	pigment { color rgbt <1,0,0,0> }
	no_shadow
}
sphere {
	0, 1
	scale<0.080000,0.200000,0.300000>
	matrix <-0.615165, -0.637743, 0.463525,
		0.730158, -0.682627, 0.029829,
		0.297392, 0.356797, 0.885581,
		33.483631, 36.272629, 38.204491>
	pigment { color rgbt <0,1,1,0> }
	no_shadow
}
cylinder {
	<33.482674, 35.465210, 37.990910>,  <33.275455, 36.022869, 37.584583>, 0.130000
	pigment { color rgbt <1,0,0,0> }
	no_shadow
}

// nucleotide -1

// particle -1
sphere {
	<33.482674, 35.465210, 37.990910> 0.250000
	pigment { color rgbt <1,0,0,0> }
	no_shadow
}
cylinder {
	<33.398018, 35.743645, 38.265331>,  <33.347225, 35.910706, 38.429985>, 0.100000
	pigment { color rgbt <1,0,0,0> }
	no_shadow
}
cylinder {
	<33.398018, 35.743645, 38.265331>,  <33.482674, 35.465210, 37.990910>, 0.100000
	pigment { color rgbt <1,0,0,0> }
	no_shadow
}

// particle -1
sphere {
	<33.398018, 35.743645, 38.265331> 0.100000
	pigment { color rgbt <1,0,0,0> }
	no_shadow
}
sphere {
	0, 1
	scale<0.080000,0.200000,0.300000>
	matrix <-0.604130, -0.644965, 0.468025,
		0.768268, -0.315415, 0.557026,
		-0.211640, 0.696085, 0.686057,
		33.334526, 35.952469, 38.471149>
	pigment { color rgbt <0,1,1,0> }
	no_shadow
}
cylinder {
	<33.625786, 35.201424, 38.742115>,  <33.482674, 35.465210, 37.990910>, 0.130000
	pigment { color rgbt <1,0,0,0> }
	no_shadow
}

// nucleotide -1

// particle -1
sphere {
	<33.625786, 35.201424, 38.742115> 0.250000
	pigment { color rgbt <1,0,0,0> }
	no_shadow
}
cylinder {
	<33.354645, 35.495461, 38.747192>,  <33.191959, 35.671883, 38.750240>, 0.100000
	pigment { color rgbt <1,0,0,0> }
	no_shadow
}
cylinder {
	<33.354645, 35.495461, 38.747192>,  <33.625786, 35.201424, 38.742115>, 0.100000
	pigment { color rgbt <1,0,0,0> }
	no_shadow
}

// particle -1
sphere {
	<33.354645, 35.495461, 38.747192> 0.100000
	pigment { color rgbt <1,0,0,0> }
	no_shadow
}
sphere {
	0, 1
	scale<0.080000,0.200000,0.300000>
	matrix <-0.618063, -0.579119, 0.531619,
		0.398139, 0.352512, 0.846889,
		-0.677852, 0.735089, 0.012695,
		33.151291, 35.715988, 38.750999>
	pigment { color rgbt <0,1,1,0> }
	no_shadow
}
cylinder {
	<32.973991, 34.946541, 38.982677>,  <33.625786, 35.201424, 38.742115>, 0.130000
	pigment { color rgbt <1,0,0,0> }
	no_shadow
}

// nucleotide -1

// particle -1
sphere {
	<32.973991, 34.946541, 38.982677> 0.250000
	pigment { color rgbt <1,0,0,0> }
	no_shadow
}
cylinder {
	<32.884602, 35.336151, 38.997257>,  <32.830967, 35.569916, 39.006004>, 0.100000
	pigment { color rgbt <1,0,0,0> }
	no_shadow
}
cylinder {
	<32.884602, 35.336151, 38.997257>,  <32.973991, 34.946541, 38.982677>, 0.100000
	pigment { color rgbt <1,0,0,0> }
	no_shadow
}

// particle -1
sphere {
	<32.884602, 35.336151, 38.997257> 0.100000
	pigment { color rgbt <1,0,0,0> }
	no_shadow
}
sphere {
	0, 1
	scale<0.080000,0.200000,0.300000>
	matrix <-0.861189, -0.214828, 0.460654,
		0.456520, 0.071556, 0.886831,
		-0.223479, 0.974027, 0.036450,
		32.817558, 35.628361, 39.008194>
	pigment { color rgbt <0,1,1,0> }
	no_shadow
}
cylinder {
	<32.695282, 35.031963, 39.642586>,  <32.973991, 34.946541, 38.982677>, 0.130000
	pigment { color rgbt <1,0,0,0> }
	no_shadow
}

// nucleotide -1

// particle -1
sphere {
	<32.695282, 35.031963, 39.642586> 0.250000
	pigment { color rgbt <1,0,0,0> }
	no_shadow
}
cylinder {
	<32.587677, 35.330948, 39.399628>,  <32.523113, 35.510338, 39.253853>, 0.100000
	pigment { color rgbt <1,0,0,0> }
	no_shadow
}
cylinder {
	<32.587677, 35.330948, 39.399628>,  <32.695282, 35.031963, 39.642586>, 0.100000
	pigment { color rgbt <1,0,0,0> }
	no_shadow
}

// particle -1
sphere {
	<32.587677, 35.330948, 39.399628> 0.100000
	pigment { color rgbt <1,0,0,0> }
	no_shadow
}
sphere {
	0, 1
	scale<0.080000,0.200000,0.300000>
	matrix <-0.959337, -0.151996, 0.237845,
		0.085459, 0.646679, 0.757960,
		-0.269016, 0.747464, -0.607393,
		32.506973, 35.555187, 39.217411>
	pigment { color rgbt <0,1,1,0> }
	no_shadow
}
cylinder {
	<32.241318, 35.507969, 40.048813>,  <32.695282, 35.031963, 39.642586>, 0.130000
	pigment { color rgbt <1,0,0,0> }
	no_shadow
}

// nucleotide -1

// particle -1
sphere {
	<32.241318, 35.507969, 40.048813> 0.250000
	pigment { color rgbt <1,0,0,0> }
	no_shadow
}
cylinder {
	<32.178970, 35.544453, 39.655392>,  <32.141560, 35.566345, 39.419338>, 0.100000
	pigment { color rgbt <1,0,0,0> }
	no_shadow
}
cylinder {
	<32.178970, 35.544453, 39.655392>,  <32.241318, 35.507969, 40.048813>, 0.100000
	pigment { color rgbt <1,0,0,0> }
	no_shadow
}

// particle -1
sphere {
	<32.178970, 35.544453, 39.655392> 0.100000
	pigment { color rgbt <1,0,0,0> }
	no_shadow
}
sphere {
	0, 1
	scale<0.080000,0.200000,0.300000>
	matrix <-0.985976, -0.074482, 0.149347,
		-0.059635, 0.993042, 0.101543,
		-0.155871, 0.091213, -0.983557,
		32.132210, 35.571815, 39.360325>
	pigment { color rgbt <0,1,1,0> }
	no_shadow
}
cylinder {
	<31.849001, 36.177155, 40.034367>,  <32.241318, 35.507969, 40.048813>, 0.130000
	pigment { color rgbt <1,0,0,0> }
	no_shadow
}

// nucleotide -1

// particle -1
sphere {
	<31.849001, 36.177155, 40.034367> 0.250000
	pigment { color rgbt <1,0,0,0> }
	no_shadow
}
cylinder {
	<31.783268, 35.936794, 39.721470>,  <31.743828, 35.792576, 39.533730>, 0.100000
	pigment { color rgbt <1,0,0,0> }
	no_shadow
}
cylinder {
	<31.783268, 35.936794, 39.721470>,  <31.849001, 36.177155, 40.034367>, 0.100000
	pigment { color rgbt <1,0,0,0> }
	no_shadow
}

// particle -1
sphere {
	<31.783268, 35.936794, 39.721470> 0.100000
	pigment { color rgbt <1,0,0,0> }
	no_shadow
}
sphere {
	0, 1
	scale<0.080000,0.200000,0.300000>
	matrix <-0.976847, -0.010991, 0.213657,
		-0.136985, 0.799245, -0.585186,
		-0.164332, -0.600905, -0.782245,
		31.733969, 35.756523, 39.486797>
	pigment { color rgbt <0,1,1,0> }
	no_shadow
}
cylinder {
	<31.263887, 35.638062, 40.119747>,  <31.849001, 36.177155, 40.034367>, 0.130000
	pigment { color rgbt <1,0,0,0> }
	no_shadow
}

// nucleotide -1

// particle -1
sphere {
	<31.263887, 35.638062, 40.119747> 0.250000
	pigment { color rgbt <1,0,0,0> }
	no_shadow
}
cylinder {
	<31.523077, 35.335991, 40.159428>,  <31.678591, 35.154751, 40.183235>, 0.100000
	pigment { color rgbt <1,0,0,0> }
	no_shadow
}
cylinder {
	<31.523077, 35.335991, 40.159428>,  <31.263887, 35.638062, 40.119747>, 0.100000
	pigment { color rgbt <1,0,0,0> }
	no_shadow
}

// particle -1
sphere {
	<31.523077, 35.335991, 40.159428> 0.100000
	pigment { color rgbt <1,0,0,0> }
	no_shadow
}
sphere {
	0, 1
	scale<0.080000,0.200000,0.300000>
	matrix <0.757055, 0.652873, 0.024988,
		-0.083639, 0.058912, 0.994753,
		0.647976, -0.755173, 0.099205,
		31.717470, 35.109440, 40.189190>
	pigment { color rgbt <0,1,1,0> }
	no_shadow
}
cylinder {
	<31.120863, 35.364594, 39.471142>,  <31.263887, 35.638062, 40.119747>, 0.130000
	pigment { color rgbt <1,0,0,0> }
	no_shadow
}

// nucleotide -1

// particle -1
sphere {
	<31.120863, 35.364594, 39.471142> 0.250000
	pigment { color rgbt <1,0,0,0> }
	no_shadow
}
cylinder {
	<30.876295, 35.595135, 39.254265>,  <30.729555, 35.733459, 39.124138>, 0.100000
	pigment { color rgbt <1,0,0,0> }
	no_shadow
}
cylinder {
	<30.876295, 35.595135, 39.254265>,  <31.120863, 35.364594, 39.471142>, 0.100000
	pigment { color rgbt <1,0,0,0> }
	no_shadow
}

// particle -1
sphere {
	<30.876295, 35.595135, 39.254265> 0.100000
	pigment { color rgbt <1,0,0,0> }
	no_shadow
}
sphere {
	0, 1
	scale<0.080000,0.200000,0.300000>
	matrix <0.720153, 0.121326, -0.683125,
		-0.327942, -0.808141, -0.489247,
		-0.611420, 0.576358, -0.542197,
		30.692869, 35.768044, 39.091606>
	pigment { color rgbt <0,1,1,0> }
	no_shadow
}
cylinder {
	<31.263651, 34.977146, 38.855675>,  <31.120863, 35.364594, 39.471142>, 0.130000
	pigment { color rgbt <1,0,0,0> }
	no_shadow
}

// nucleotide -1

// particle -1
sphere {
	<31.263651, 34.977146, 38.855675> 0.250000
	pigment { color rgbt <1,0,0,0> }
	no_shadow
}
cylinder {
	<31.221666, 35.372433, 38.900219>,  <31.196476, 35.609604, 38.926945>, 0.100000
	pigment { color rgbt <1,0,0,0> }
	no_shadow
}
cylinder {
	<31.221666, 35.372433, 38.900219>,  <31.263651, 34.977146, 38.855675>, 0.100000
	pigment { color rgbt <1,0,0,0> }
	no_shadow
}

// particle -1
sphere {
	<31.221666, 35.372433, 38.900219> 0.100000
	pigment { color rgbt <1,0,0,0> }
	no_shadow
}
sphere {
	0, 1
	scale<0.080000,0.200000,0.300000>
	matrix <0.921701, 0.138720, -0.362250,
		-0.373431, 0.064621, -0.925404,
		-0.104963, 0.988221, 0.111364,
		31.190178, 35.668900, 38.933628>
	pigment { color rgbt <0,1,1,0> }
	no_shadow
}
cylinder {
	<31.632298, 35.226925, 38.319042>,  <31.263651, 34.977146, 38.855675>, 0.130000
	pigment { color rgbt <1,0,0,0> }
	no_shadow
}

// nucleotide -1

// particle -1
sphere {
	<31.632298, 35.226925, 38.319042> 0.250000
	pigment { color rgbt <1,0,0,0> }
	no_shadow
}
cylinder {
	<31.600943, 35.514664, 38.595127>,  <31.582130, 35.687309, 38.760777>, 0.100000
	pigment { color rgbt <1,0,0,0> }
	no_shadow
}
cylinder {
	<31.600943, 35.514664, 38.595127>,  <31.632298, 35.226925, 38.319042>, 0.100000
	pigment { color rgbt <1,0,0,0> }
	no_shadow
}

// particle -1
sphere {
	<31.600943, 35.514664, 38.595127> 0.100000
	pigment { color rgbt <1,0,0,0> }
	no_shadow
}
sphere {
	0, 1
	scale<0.080000,0.200000,0.300000>
	matrix <0.974356, 0.201759, -0.099621,
		-0.210918, 0.664701, -0.716718,
