// switches for output
#declare DRAW_BASES = 1; // possible values are 0, 1; only relevant for DNA ribbons
#declare DRAW_BASES_TYPE = 3; // possible values are 1, 2, 3; only relevant for DNA ribbons
#declare DRAW_FOG = 0; // set to 1 to enable fog

#include "colors.inc"

#include "transforms.inc"
background { rgb <1, 1, 1>}

#default {
   normal{
       ripples 0.25
       frequency 0.20
       turbulence 0.2
       lambda 5
   }
	finish {
		phong 0.1
		phong_size 40.
	}
}

// original window dimensions: 1024x640


// camera settings

camera {
	sky <0, 0.179814, -0.983701>
	up <0, 0.179814, -0.983701>
	right 1.6 * <1, 0, 0>
	location <35, 94.9851, 44.8844>
	look_at <35, 29.7336, 32.9568>
	direction <0, -65.2515, -11.9276>
	angle 67.0682
}


# declare cpy_camera_pos = <35, 94.9851, 44.8844>;
# if (DRAW_FOG = 1)
fog {
	fog_type 2
	up vnormalize(cpy_camera_pos)
	color rgbt<1,1,1,0.3>
	distance 1e-5
	fog_alt 3e-3
	fog_offset 56
}
# end


// LIGHTS

# declare lum = 6;
global_settings {
	ambient_light rgb lum * <0.05, 0.05, 0.05>
	max_trace_level 15
}# declare cpy_direct_light_amount = 0.25;
light_source
{	1000 * <-1, -1.16352, -0.803886>,
	rgb lum * cpy_direct_light_amount
	parallel
}

light_source
{	1000 * <1, 1.16352, 0.803886>,
	rgb lum * cpy_direct_light_amount
	parallel
}

// strand 0

// nucleotide -1

// particle -1
sphere {
	<24.214466, 35.495731, 34.898125> 0.250000
	pigment { color rgbt <1,0,0,0> }
	no_shadow
}
cylinder {
	<24.374001, 35.151577, 35.025036>,  <24.469721, 34.945084, 35.101181>, 0.100000
	pigment { color rgbt <1,0,0,0> }
	no_shadow
}
cylinder {
	<24.374001, 35.151577, 35.025036>,  <24.214466, 35.495731, 34.898125>, 0.100000
	pigment { color rgbt <1,0,0,0> }
	no_shadow
}

// particle -1
sphere {
	<24.374001, 35.151577, 35.025036> 0.100000
	pigment { color rgbt <1,0,0,0> }
	no_shadow
}
sphere {
	0, 1
	scale<0.080000,0.200000,0.300000>
	matrix <0.396080, 0.473672, 0.786610,
		-0.827074, -0.188061, 0.529699,
		0.398834, -0.860388, 0.317275,
		24.493650, 34.893459, 35.120216>
	pigment { color rgbt <0,1,1,0> }
	no_shadow
}
cylinder {
	<25.009138, 35.699821, 34.659142>,  <24.214466, 35.495731, 34.898125>, 0.130000
	pigment { color rgbt <1,0,0,0> }
	no_shadow
}

// nucleotide -1

// particle -1
sphere {
	<25.009138, 35.699821, 34.659142> 0.250000
	pigment { color rgbt <1,0,0,0> }
	no_shadow
}
cylinder {
	<25.091660, 35.784363, 34.276985>,  <25.141172, 35.835087, 34.047691>, 0.100000
	pigment { color rgbt <1,0,0,0> }
	no_shadow
}
cylinder {
	<25.091660, 35.784363, 34.276985>,  <25.009138, 35.699821, 34.659142>, 0.100000
	pigment { color rgbt <1,0,0,0> }
	no_shadow
}

// particle -1
sphere {
	<25.091660, 35.784363, 34.276985> 0.100000
	pigment { color rgbt <1,0,0,0> }
	no_shadow
}
sphere {
	0, 1
	scale<0.080000,0.200000,0.300000>
	matrix <0.978400, -0.057614, 0.198529,
		-0.013084, -0.975710, -0.218674,
		0.206305, 0.211353, -0.955389,
		25.153551, 35.847767, 33.990368>
	pigment { color rgbt <0,1,1,0> }
	no_shadow
}
cylinder {
	<25.339390, 35.106197, 34.340740>,  <25.009138, 35.699821, 34.659142>, 0.130000
	pigment { color rgbt <1,0,0,0> }
	no_shadow
}

// nucleotide -1

// particle -1
sphere {
	<25.339390, 35.106197, 34.340740> 0.250000
	pigment { color rgbt <1,0,0,0> }
	no_shadow
}
cylinder {
	<25.408880, 35.478390, 34.211727>,  <25.450575, 35.701706, 34.134319>, 0.100000
	pigment { color rgbt <1,0,0,0> }
	no_shadow
}
cylinder {
	<25.408880, 35.478390, 34.211727>,  <25.339390, 35.106197, 34.340740>, 0.100000
	pigment { color rgbt <1,0,0,0> }
	no_shadow
}

// particle -1
sphere {
	<25.408880, 35.478390, 34.211727> 0.100000
	pigment { color rgbt <1,0,0,0> }
	no_shadow
}
sphere {
	0, 1
	scale<0.080000,0.200000,0.300000>
	matrix <0.833029, 0.035832, 0.552067,
		0.525244, -0.364587, -0.768892,
		0.173725, 0.930480, -0.322532,
		25.460999, 35.757534, 34.114967>
	pigment { color rgbt <0,1,1,0> }
	no_shadow
}
cylinder {
	<26.016346, 35.144981, 33.993019>,  <25.339390, 35.106197, 34.340740>, 0.130000
	pigment { color rgbt <1,0,0,0> }
	no_shadow
}

// nucleotide -1

// particle -1
sphere {
	<26.016346, 35.144981, 33.993019> 0.250000
	pigment { color rgbt <1,0,0,0> }
	no_shadow
}
cylinder {
	<25.926813, 35.485970, 34.181992>,  <25.873093, 35.690563, 34.295376>, 0.100000
	pigment { color rgbt <1,0,0,0> }
	no_shadow
}
cylinder {
	<25.926813, 35.485970, 34.181992>,  <26.016346, 35.144981, 33.993019>, 0.100000
	pigment { color rgbt <1,0,0,0> }
	no_shadow
}

// particle -1
sphere {
	<25.926813, 35.485970, 34.181992> 0.100000
	pigment { color rgbt <1,0,0,0> }
	no_shadow
}
sphere {
	0, 1
	scale<0.080000,0.200000,0.300000>
	matrix <0.814113, -0.102958, 0.571506,
		0.535834, 0.512533, -0.670964,
		-0.223834, 0.852473, 0.472428,
		25.859663, 35.741711, 34.323719>
	pigment { color rgbt <0,1,1,0> }
	no_shadow
}
cylinder {
	<26.681995, 35.395870, 34.008362>,  <26.016346, 35.144981, 33.993019>, 0.130000
	pigment { color rgbt <1,0,0,0> }
	no_shadow
}

// nucleotide -1

// particle -1
sphere {
	<26.681995, 35.395870, 34.008362> 0.250000
	pigment { color rgbt <1,0,0,0> }
	no_shadow
}
cylinder {
	<26.489815, 35.599331, 34.294140>,  <26.374506, 35.721409, 34.465607>, 0.100000
	pigment { color rgbt <1,0,0,0> }
	no_shadow
}
cylinder {
	<26.489815, 35.599331, 34.294140>,  <26.681995, 35.395870, 34.008362>, 0.100000
	pigment { color rgbt <1,0,0,0> }
	no_shadow
}

// particle -1
sphere {
	<26.489815, 35.599331, 34.294140> 0.100000
	pigment { color rgbt <1,0,0,0> }
	no_shadow
}
sphere {
	0, 1
	scale<0.080000,0.200000,0.300000>
	matrix <0.873890, 0.208874, 0.438963,
		0.074050, 0.835250, -0.544862,
		-0.480451, 0.508654, 0.714449,
		26.345680, 35.751926, 34.508476>
	pigment { color rgbt <0,1,1,0> }
	no_shadow
}
cylinder {
	<27.285879, 35.057316, 33.838600>,  <26.681995, 35.395870, 34.008362>, 0.130000
	pigment { color rgbt <1,0,0,0> }
	no_shadow
}

// nucleotide -1

// particle -1
sphere {
	<27.285879, 35.057316, 33.838600> 0.250000
	pigment { color rgbt <1,0,0,0> }
	no_shadow
}
cylinder {
	<27.670673, 34.949306, 33.854950>,  <27.901550, 34.884502, 33.864758>, 0.100000
	pigment { color rgbt <1,0,0,0> }
	no_shadow
}
cylinder {
	<27.670673, 34.949306, 33.854950>,  <27.285879, 35.057316, 33.838600>, 0.100000
	pigment { color rgbt <1,0,0,0> }
	no_shadow
}

// particle -1
sphere {
	<27.670673, 34.949306, 33.854950> 0.100000
	pigment { color rgbt <1,0,0,0> }
	no_shadow
}
sphere {
	0, 1
	scale<0.080000,0.200000,0.300000>
	matrix <-0.254710, -0.833117, 0.490957,
		-0.098519, -0.482705, -0.870224,
		0.961986, -0.270024, 0.040872,
		27.959269, 34.868298, 33.867210>
	pigment { color rgbt <0,1,1,0> }
	no_shadow
}
cylinder {
	<27.289902, 34.394535, 33.543545>,  <27.285879, 35.057316, 33.838600>, 0.130000
	pigment { color rgbt <1,0,0,0> }
	no_shadow
}

// nucleotide -1

// particle -1
sphere {
	<27.289902, 34.394535, 33.543545> 0.250000
	pigment { color rgbt <1,0,0,0> }
	no_shadow
}
cylinder {
	<27.589867, 34.466953, 33.798058>,  <27.769846, 34.510403, 33.950764>, 0.100000
	pigment { color rgbt <1,0,0,0> }
	no_shadow
}
cylinder {
	<27.589867, 34.466953, 33.798058>,  <27.289902, 34.394535, 33.543545>, 0.100000
	pigment { color rgbt <1,0,0,0> }
	no_shadow
}

// particle -1
sphere {
	<27.589867, 34.466953, 33.798058> 0.100000
	pigment { color rgbt <1,0,0,0> }
	no_shadow
}
sphere {
	0, 1
	scale<0.080000,0.200000,0.300000>
	matrix <-0.285183, -0.779385, 0.557880,
		0.596908, -0.599818, -0.532841,
		0.749914, 0.181045, 0.636279,
		27.814840, 34.521267, 33.988941>
	pigment { color rgbt <0,1,1,0> }
	no_shadow
}
cylinder {
	<27.633873, 33.741474, 33.757320>,  <27.289902, 34.394535, 33.543545>, 0.130000
	pigment { color rgbt <1,0,0,0> }
	no_shadow
}

// nucleotide -1

// particle -1
sphere {
	<27.633873, 33.741474, 33.757320> 0.250000
	pigment { color rgbt <1,0,0,0> }
	no_shadow
}
cylinder {
	<27.677784, 34.025452, 34.035580>,  <27.704130, 34.195839, 34.202538>, 0.100000
	pigment { color rgbt <1,0,0,0> }
	no_shadow
}
cylinder {
	<27.677784, 34.025452, 34.035580>,  <27.633873, 33.741474, 33.757320>, 0.100000
	pigment { color rgbt <1,0,0,0> }
	no_shadow
}

// particle -1
sphere {
	<27.677784, 34.025452, 34.035580> 0.100000
	pigment { color rgbt <1,0,0,0> }
	no_shadow
}
sphere {
	0, 1
	scale<0.080000,0.200000,0.300000>
	matrix <-0.180049, -0.674098, 0.716362,
		0.977512, -0.203893, 0.053822,
		0.109779, 0.709943, 0.695650,
		27.710718, 34.238434, 34.244274>
	pigment { color rgbt <0,1,1,0> }
	no_shadow
}
cylinder {
	<28.167856, 33.564987, 34.155495>,  <27.633873, 33.741474, 33.757320>, 0.130000
	pigment { color rgbt <1,0,0,0> }
	no_shadow
}

// nucleotide -1

// particle -1
sphere {
	<28.167856, 33.564987, 34.155495> 0.250000
	pigment { color rgbt <1,0,0,0> }
	no_shadow
}
cylinder {
	<27.976887, 33.830425, 34.385868>,  <27.862305, 33.989689, 34.524094>, 0.100000
	pigment { color rgbt <1,0,0,0> }
	no_shadow
}
cylinder {
	<27.976887, 33.830425, 34.385868>,  <28.167856, 33.564987, 34.155495>, 0.100000
	pigment { color rgbt <1,0,0,0> }
	no_shadow
}

// particle -1
sphere {
	<27.976887, 33.830425, 34.385868> 0.100000
	pigment { color rgbt <1,0,0,0> }
	no_shadow
}
sphere {
	0, 1
	scale<0.080000,0.200000,0.300000>
	matrix <0.025183, -0.644857, 0.763888,
		0.878312, 0.379202, 0.291159,
		-0.477424, 0.663600, 0.575935,
		27.833660, 34.029507, 34.558647>
	pigment { color rgbt <0,1,1,0> }
	no_shadow
}
cylinder {
	<28.564068, 33.661533, 34.786995>,  <28.167856, 33.564987, 34.155495>, 0.130000
	pigment { color rgbt <1,0,0,0> }
	no_shadow
}

// nucleotide -1

// particle -1
sphere {
	<28.564068, 33.661533, 34.786995> 0.250000
	pigment { color rgbt <1,0,0,0> }
	no_shadow
}
cylinder {
	<28.182430, 33.758286, 34.857643>,  <27.953447, 33.816338, 34.900032>, 0.100000
	pigment { color rgbt <1,0,0,0> }
	no_shadow
}
cylinder {
	<28.182430, 33.758286, 34.857643>,  <28.564068, 33.661533, 34.786995>, 0.100000
	pigment { color rgbt <1,0,0,0> }
	no_shadow
}

// particle -1
sphere {
	<28.182430, 33.758286, 34.857643> 0.100000
	pigment { color rgbt <1,0,0,0> }
	no_shadow
}
sphere {
	0, 1
	scale<0.080000,0.200000,0.300000>
	matrix <-0.117399, -0.844559, 0.522434,
		0.275539, 0.477716, 0.834186,
		-0.954094, 0.241884, 0.176625,
		27.896202, 33.830853, 34.910629>
	pigment { color rgbt <0,1,1,0> }
	no_shadow
}
cylinder {
	<28.462416, 33.564793, 35.519333>,  <28.564068, 33.661533, 34.786995>, 0.130000
	pigment { color rgbt <1,0,0,0> }
	no_shadow
}

// nucleotide -1

// particle -1
sphere {
	<28.462416, 33.564793, 35.519333> 0.250000
	pigment { color rgbt <1,0,0,0> }
	no_shadow
}
cylinder {
	<28.121489, 33.534386, 35.312344>,  <27.916933, 33.516140, 35.188148>, 0.100000
	pigment { color rgbt <1,0,0,0> }
	no_shadow
}
cylinder {
	<28.121489, 33.534386, 35.312344>,  <28.462416, 33.564793, 35.519333>, 0.100000
	pigment { color rgbt <1,0,0,0> }
	no_shadow
}

// particle -1
sphere {
	<28.121489, 33.534386, 35.312344> 0.100000
	pigment { color rgbt <1,0,0,0> }
	no_shadow
}
sphere {
	0, 1
	scale<0.080000,0.200000,0.300000>
	matrix <-0.186065, -0.880588, 0.435825,
		-0.488811, 0.467745, 0.736396,
		-0.852317, -0.076019, -0.517472,
		27.865793, 33.511581, 35.157101>
	pigment { color rgbt <0,1,1,0> }
	no_shadow
}
cylinder {
	<27.820715, 33.087784, 35.543209>,  <28.462416, 33.564793, 35.519333>, 0.130000
	pigment { color rgbt <1,0,0,0> }
	no_shadow
}

// nucleotide -1

// particle -1
sphere {
	<27.820715, 33.087784, 35.543209> 0.250000
	pigment { color rgbt <1,0,0,0> }
	no_shadow
}
cylinder {
	<28.141449, 33.105350, 35.304836>,  <28.333889, 33.115891, 35.161812>, 0.100000
	pigment { color rgbt <1,0,0,0> }
	no_shadow
}
cylinder {
	<28.141449, 33.105350, 35.304836>,  <27.820715, 33.087784, 35.543209>, 0.100000
	pigment { color rgbt <1,0,0,0> }
	no_shadow
}

// particle -1
sphere {
	<28.141449, 33.105350, 35.304836> 0.100000
	pigment { color rgbt <1,0,0,0> }
	no_shadow
}
sphere {
	0, 1
	scale<0.080000,0.200000,0.300000>
	matrix <-0.386079, 0.799256, -0.460579,
		0.456076, 0.599384, 0.657825,
		0.801834, 0.043913, -0.595931,
		28.382000, 33.118523, 35.126057>
	pigment { color rgbt <0,1,1,0> }
	no_shadow
}
cylinder {
	<27.882683, 32.367321, 35.624401>,  <27.820715, 33.087784, 35.543209>, 0.130000
	pigment { color rgbt <1,0,0,0> }
	no_shadow
}

// nucleotide -1

// particle -1
sphere {
	<27.882683, 32.367321, 35.624401> 0.250000
	pigment { color rgbt <1,0,0,0> }
	no_shadow
}
cylinder {
	<27.492697, 32.358620, 35.535889>,  <27.258705, 32.353397, 35.482780>, 0.100000
	pigment { color rgbt <1,0,0,0> }
	no_shadow
}
cylinder {
	<27.492697, 32.358620, 35.535889>,  <27.882683, 32.367321, 35.624401>, 0.100000
	pigment { color rgbt <1,0,0,0> }
	no_shadow
}

// particle -1
sphere {
	<27.492697, 32.358620, 35.535889> 0.100000
	pigment { color rgbt <1,0,0,0> }
	no_shadow
}
sphere {
	0, 1
	scale<0.080000,0.200000,0.300000>
	matrix <0.048560, 0.950348, -0.307379,
		0.216983, -0.310429, -0.925501,
		-0.974967, -0.021754, -0.221283,
		27.200207, 32.352093, 35.469505>
	pigment { color rgbt <0,1,1,0> }
	no_shadow
}
cylinder {
	<27.720814, 32.494743, 35.003643>,  <27.882683, 32.367321, 35.624401>, 0.130000
	pigment { color rgbt <1,0,0,0> }
	no_shadow
}

// nucleotide -1

// particle -1
sphere {
	<27.720814, 32.494743, 35.003643> 0.250000
	pigment { color rgbt <1,0,0,0> }
	no_shadow
}
cylinder {
	<27.396946, 32.636662, 35.190639>,  <27.202625, 32.721813, 35.302837>, 0.100000
	pigment { color rgbt <1,0,0,0> }
	no_shadow
}
cylinder {
	<27.396946, 32.636662, 35.190639>,  <27.720814, 32.494743, 35.003643>, 0.100000
	pigment { color rgbt <1,0,0,0> }
	no_shadow
}

// particle -1
sphere {
	<27.396946, 32.636662, 35.190639> 0.100000
	pigment { color rgbt <1,0,0,0> }
	no_shadow
}
sphere {
	0, 1
	scale<0.080000,0.200000,0.300000>
	matrix <0.194764, 0.913869, -0.356245,
		-0.553624, -0.197390, -0.809035,
		-0.809671, 0.354797, 0.467495,
		27.154045, 32.743099, 35.330887>
	pigment { color rgbt <0,1,1,0> }
	no_shadow
}
cylinder {
	<27.193865, 32.905342, 34.585880>,  <27.720814, 32.494743, 35.003643>, 0.130000
	pigment { color rgbt <1,0,0,0> }
	no_shadow
}

// nucleotide -1

// particle -1
sphere {
	<27.193865, 32.905342, 34.585880> 0.250000
	pigment { color rgbt <1,0,0,0> }
	no_shadow
}
cylinder {
	<27.213623, 33.032017, 34.964775>,  <27.225479, 33.108021, 35.192112>, 0.100000
	pigment { color rgbt <1,0,0,0> }
	no_shadow
}
cylinder {
	<27.213623, 33.032017, 34.964775>,  <27.193865, 32.905342, 34.585880>, 0.100000
	pigment { color rgbt <1,0,0,0> }
	no_shadow
}

// particle -1
sphere {
	<27.213623, 33.032017, 34.964775> 0.100000
	pigment { color rgbt <1,0,0,0> }
	no_shadow
}
sphere {
	0, 1
	scale<0.080000,0.200000,0.300000>
	matrix <0.067309, 0.945188, -0.319514,
		-0.996509, 0.079541, 0.025373,
		0.049397, 0.316691, 0.947242,
		27.228441, 33.127026, 35.248947>
	pigment { color rgbt <0,1,1,0> }
	no_shadow
}
cylinder {
	<26.677715, 33.485847, 34.721146>,  <27.193865, 32.905342, 34.585880>, 0.130000
	pigment { color rgbt <1,0,0,0> }
	no_shadow
}

// nucleotide -1

// particle -1
sphere {
	<26.677715, 33.485847, 34.721146> 0.250000
	pigment { color rgbt <1,0,0,0> }
	no_shadow
}
cylinder {
	<27.006372, 33.512051, 34.947636>,  <27.203566, 33.527775, 35.083530>, 0.100000
	pigment { color rgbt <1,0,0,0> }
	no_shadow
}
cylinder {
	<27.006372, 33.512051, 34.947636>,  <26.677715, 33.485847, 34.721146>, 0.100000
	pigment { color rgbt <1,0,0,0> }
	no_shadow
}

// particle -1
sphere {
	<27.006372, 33.512051, 34.947636> 0.100000
	pigment { color rgbt <1,0,0,0> }
	no_shadow
}
sphere {
	0, 1
	scale<0.080000,0.200000,0.300000>
	matrix <0.153847, 0.931018, -0.330963,
		-0.548851, 0.359045, 0.754884,
		0.821641, 0.065512, 0.566228,
		27.252865, 33.531704, 35.117504>
	pigment { color rgbt <0,1,1,0> }
	no_shadow
}
cylinder {
	<26.664963, 34.115952, 35.145042>,  <26.677715, 33.485847, 34.721146>, 0.130000
	pigment { color rgbt <1,0,0,0> }
	no_shadow
}

// nucleotide -1

// particle -1
sphere {
	<26.664963, 34.115952, 35.145042> 0.250000
	pigment { color rgbt <1,0,0,0> }
	no_shadow
}
cylinder {
	<27.048138, 34.025455, 35.074421>,  <27.278042, 33.971157, 35.032047>, 0.100000
	pigment { color rgbt <1,0,0,0> }
	no_shadow
}
cylinder {
	<27.048138, 34.025455, 35.074421>,  <26.664963, 34.115952, 35.145042>, 0.100000
	pigment { color rgbt <1,0,0,0> }
	no_shadow
}

// particle -1
sphere {
	<27.048138, 34.025455, 35.074421> 0.100000
	pigment { color rgbt <1,0,0,0> }
	no_shadow
}
sphere {
	0, 1
	scale<0.080000,0.200000,0.300000>
	matrix <0.089510, 0.820090, -0.565191,
		0.272659, 0.525614, 0.805846,
		0.957938, -0.226236, -0.176557,
		27.335520, 33.957584, 35.021454>
	pigment { color rgbt <0,1,1,0> }
	no_shadow
}
cylinder {
	<27.001741, 34.779530, 35.187626>,  <26.664963, 34.115952, 35.145042>, 0.130000
	pigment { color rgbt <1,0,0,0> }
	no_shadow
}

// nucleotide -1

// particle -1
sphere {
	<27.001741, 34.779530, 35.187626> 0.250000
	pigment { color rgbt <1,0,0,0> }
	no_shadow
}
cylinder {
	<27.253904, 34.539455, 34.990704>,  <27.405201, 34.395412, 34.872551>, 0.100000
	pigment { color rgbt <1,0,0,0> }
	no_shadow
}
cylinder {
	<27.253904, 34.539455, 34.990704>,  <27.001741, 34.779530, 35.187626>, 0.100000
	pigment { color rgbt <1,0,0,0> }
	no_shadow
}

// particle -1
sphere {
	<27.253904, 34.539455, 34.990704> 0.100000
	pigment { color rgbt <1,0,0,0> }
	no_shadow
}
sphere {
	0, 1
	scale<0.080000,0.200000,0.300000>
	matrix <0.161472, 0.721711, -0.673097,
		0.759286, 0.344831, 0.551884,
		0.630406, -0.600187, -0.492305,
		27.443026, 34.359398, 34.843014>
	pigment { color rgbt <0,1,1,0> }
	no_shadow
}
cylinder {
	<27.776217, 35.037086, 35.224533>,  <27.001741, 34.779530, 35.187626>, 0.130000
	pigment { color rgbt <1,0,0,0> }
	no_shadow
}

// nucleotide -1

// particle -1
sphere {
	<27.776217, 35.037086, 35.224533> 0.250000
	pigment { color rgbt <1,0,0,0> }
	no_shadow
}
cylinder {
	<27.688869, 34.850353, 34.881748>,  <27.636461, 34.738312, 34.676079>, 0.100000
	pigment { color rgbt <1,0,0,0> }
	no_shadow
}
cylinder {
	<27.688869, 34.850353, 34.881748>,  <27.776217, 35.037086, 35.224533>, 0.100000
	pigment { color rgbt <1,0,0,0> }
	no_shadow
}

// particle -1
sphere {
	<27.688869, 34.850353, 34.881748> 0.100000
	pigment { color rgbt <1,0,0,0> }
	no_shadow
}
sphere {
	0, 1
	scale<0.080000,0.200000,0.300000>
	matrix <0.302222, 0.802628, -0.514248,
		0.927889, -0.371287, -0.034180,
		-0.218368, -0.466835, -0.856960,
		27.623360, 34.710304, 34.624660>
	pigment { color rgbt <0,1,1,0> }
	no_shadow
}
cylinder {
	<28.219219, 35.252922, 34.664013>,  <27.776217, 35.037086, 35.224533>, 0.130000
	pigment { color rgbt <1,0,0,0> }
	no_shadow
}

// nucleotide -1

// particle -1
sphere {
	<28.219219, 35.252922, 34.664013> 0.250000
	pigment { color rgbt <1,0,0,0> }
	no_shadow
}
cylinder {
	<27.964640, 35.081230, 34.407673>,  <27.811892, 34.978214, 34.253868>, 0.100000
	pigment { color rgbt <1,0,0,0> }
	no_shadow
}
cylinder {
	<27.964640, 35.081230, 34.407673>,  <28.219219, 35.252922, 34.664013>, 0.100000
	pigment { color rgbt <1,0,0,0> }
	no_shadow
}

// particle -1
sphere {
	<27.964640, 35.081230, 34.407673> 0.100000
	pigment { color rgbt <1,0,0,0> }
	no_shadow
}
sphere {
	0, 1
	scale<0.080000,0.200000,0.300000>
	matrix <0.293305, 0.633758, -0.715768,
		0.713376, -0.643515, -0.277459,
		-0.636449, -0.429231, -0.640854,
		27.773705, 34.952461, 34.215416>
	pigment { color rgbt <0,1,1,0> }
	no_shadow
}
cylinder {
	<28.441742, 34.783443, 35.235359>,  <28.219219, 35.252922, 34.664013>, 0.130000
	pigment { color rgbt <1,0,0,0> }
	no_shadow
}

// nucleotide -1

// particle -1
sphere {
	<28.441742, 34.783443, 35.235359> 0.250000
	pigment { color rgbt <1,0,0,0> }
	no_shadow
}
cylinder {
	<28.244888, 34.592960, 34.943874>,  <28.126776, 34.478668, 34.768982>, 0.100000
	pigment { color rgbt <1,0,0,0> }
	no_shadow
}
cylinder {
	<28.244888, 34.592960, 34.943874>,  <28.441742, 34.783443, 35.235359>, 0.100000
	pigment { color rgbt <1,0,0,0> }
	no_shadow
}

// particle -1
sphere {
	<28.244888, 34.592960, 34.943874> 0.100000
	pigment { color rgbt <1,0,0,0> }
	no_shadow
}
sphere {
	0, 1
	scale<0.080000,0.200000,0.300000>
	matrix <0.290566, 0.699236, -0.653177,
		0.820595, -0.533191, -0.205748,
		-0.492134, -0.476210, -0.728716,
		28.097248, 34.450096, 34.725258>
	pigment { color rgbt <0,1,1,0> }
	no_shadow
}
cylinder {
	<28.834435, 34.860188, 34.709232>,  <28.441742, 34.783443, 35.235359>, 0.130000
	pigment { color rgbt <1,0,0,0> }
	no_shadow
}

// nucleotide -1

// particle -1
sphere {
	<28.834435, 34.860188, 34.709232> 0.250000
	pigment { color rgbt <1,0,0,0> }
	no_shadow
}
cylinder {
	<28.502695, 34.756088, 34.511463>,  <28.303652, 34.693630, 34.392799>, 0.100000
	pigment { color rgbt <1,0,0,0> }
	no_shadow
}
cylinder {
	<28.502695, 34.756088, 34.511463>,  <28.834435, 34.860188, 34.709232>, 0.100000
	pigment { color rgbt <1,0,0,0> }
	no_shadow
}

// particle -1
sphere {
	<28.502695, 34.756088, 34.511463> 0.100000
	pigment { color rgbt <1,0,0,0> }
	no_shadow
}
sphere {
	0, 1
	scale<0.080000,0.200000,0.300000>
	matrix <0.249090, 0.619889, -0.744105,
		0.500138, -0.740277, -0.449279,
		-0.829347, -0.260244, -0.494425,
		28.253891, 34.678013, 34.363136>
	pigment { color rgbt <0,1,1,0> }
	no_shadow
}
cylinder {
	<29.334530, 35.046486, 35.150135>,  <28.834435, 34.860188, 34.709232>, 0.130000
	pigment { color rgbt <1,0,0,0> }
	no_shadow
}

// nucleotide -1

// particle -1
sphere {
	<29.334530, 35.046486, 35.150135> 0.250000
	pigment { color rgbt <1,0,0,0> }
	no_shadow
}
cylinder {
	<29.434158, 35.140377, 35.525978>,  <29.493935, 35.196712, 35.751484>, 0.100000
	pigment { color rgbt <1,0,0,0> }
	no_shadow
}
cylinder {
	<29.434158, 35.140377, 35.525978>,  <29.334530, 35.046486, 35.150135>, 0.100000
	pigment { color rgbt <1,0,0,0> }
	no_shadow
}

// particle -1
sphere {
	<29.434158, 35.140377, 35.525978> 0.100000
	pigment { color rgbt <1,0,0,0> }
	no_shadow
}
sphere {
	0, 1
	scale<0.080000,0.200000,0.300000>
	matrix <0.250294, -0.952827, 0.171680,
		0.935583, 0.192419, -0.296072,
		0.249071, 0.234726, 0.939610,
		29.508881, 35.210796, 35.807861>
	pigment { color rgbt <0,1,1,0> }
	no_shadow
}
cylinder {
	<29.989710, 35.390545, 35.328793>,  <29.334530, 35.046486, 35.150135>, 0.130000
	pigment { color rgbt <1,0,0,0> }
	no_shadow
}

// nucleotide -1

// particle -1
sphere {
	<29.989710, 35.390545, 35.328793> 0.250000
	pigment { color rgbt <1,0,0,0> }
	no_shadow
}
cylinder {
	<30.051188, 35.178982, 35.662651>,  <30.088074, 35.052044, 35.862968>, 0.100000
	pigment { color rgbt <1,0,0,0> }
	no_shadow
}
cylinder {
	<30.051188, 35.178982, 35.662651>,  <29.989710, 35.390545, 35.328793>, 0.100000
	pigment { color rgbt <1,0,0,0> }
	no_shadow
}

// particle -1
sphere {
	<30.051188, 35.178982, 35.662651> 0.100000
	pigment { color rgbt <1,0,0,0> }
	no_shadow
}
sphere {
	0, 1
	scale<0.080000,0.200000,0.300000>
	matrix <0.194379, -0.811997, -0.550343,
		0.968811, 0.246823, -0.021990,
		0.153693, -0.528903, 0.834649,
		30.097296, 35.020309, 35.913048>
	pigment { color rgbt <0,1,1,0> }
	no_shadow
}
cylinder {
	<30.511944, 34.995087, 35.167381>,  <29.989710, 35.390545, 35.328793>, 0.130000
	pigment { color rgbt <1,0,0,0> }
	no_shadow
}

// nucleotide -1

// particle -1
sphere {
	<30.511944, 34.995087, 35.167381> 0.250000
	pigment { color rgbt <1,0,0,0> }
	no_shadow
}
cylinder {
	<30.344851, 34.805630, 35.477520>,  <30.244595, 34.691956, 35.663605>, 0.100000
	pigment { color rgbt <1,0,0,0> }
	no_shadow
}
cylinder {
	<30.344851, 34.805630, 35.477520>,  <30.511944, 34.995087, 35.167381>, 0.100000
	pigment { color rgbt <1,0,0,0> }
	no_shadow
}

// particle -1
sphere {
	<30.344851, 34.805630, 35.477520> 0.100000
	pigment { color rgbt <1,0,0,0> }
	no_shadow
}
sphere {
	0, 1
	scale<0.080000,0.200000,0.300000>
	matrix <0.026934, -0.859453, -0.510505,
		0.908170, -0.192372, 0.371779,
		-0.417733, -0.473639, 0.775348,
		30.219530, 34.663540, 35.710125>
	pigment { color rgbt <0,1,1,0> }
	no_shadow
}
cylinder {
	<30.512995, 34.288101, 34.937912>,  <30.511944, 34.995087, 35.167381>, 0.130000
	pigment { color rgbt <1,0,0,0> }
	no_shadow
}

// nucleotide -1

// particle -1
sphere {
	<30.512995, 34.288101, 34.937912> 0.250000
	pigment { color rgbt <1,0,0,0> }
	no_shadow
}
cylinder {
	<30.325560, 34.250996, 35.289326>,  <30.213099, 34.228733, 35.500172>, 0.100000
	pigment { color rgbt <1,0,0,0> }
	no_shadow
}
cylinder {
	<30.325560, 34.250996, 35.289326>,  <30.512995, 34.288101, 34.937912>, 0.100000
	pigment { color rgbt <1,0,0,0> }
	no_shadow
}

// particle -1
sphere {
	<30.325560, 34.250996, 35.289326> 0.100000
	pigment { color rgbt <1,0,0,0> }
	no_shadow
}
sphere {
	0, 1
	scale<0.080000,0.200000,0.300000>
	matrix <-0.137683, -0.974651, -0.176350,
		0.872621, -0.203595, 0.443939,
		-0.468590, -0.092764, 0.878532,
		30.184982, 34.223167, 35.552887>
	pigment { color rgbt <0,1,1,0> }
	no_shadow
}
cylinder {
	<30.811319, 33.731922, 35.283520>,  <30.512995, 34.288101, 34.937912>, 0.130000
	pigment { color rgbt <1,0,0,0> }
	no_shadow
}

// nucleotide -1

// particle -1
sphere {
	<30.811319, 33.731922, 35.283520> 0.250000
	pigment { color rgbt <1,0,0,0> }
	no_shadow
}
cylinder {
	<30.434223, 33.776497, 35.409264>,  <30.207966, 33.803242, 35.484711>, 0.100000
	pigment { color rgbt <1,0,0,0> }
	no_shadow
}
cylinder {
	<30.434223, 33.776497, 35.409264>,  <30.811319, 33.731922, 35.283520>, 0.100000
	pigment { color rgbt <1,0,0,0> }
	no_shadow
}

// particle -1
sphere {
	<30.434223, 33.776497, 35.409264> 0.100000
	pigment { color rgbt <1,0,0,0> }
	no_shadow
}
sphere {
	0, 1
	scale<0.080000,0.200000,0.300000>
	matrix <-0.171345, -0.970461, -0.169839,
		0.286145, -0.213978, 0.933988,
		-0.942742, 0.111436, 0.314357,
		30.151402, 33.809929, 35.503571>
	pigment { color rgbt <0,1,1,0> }
	no_shadow
}
cylinder {
	<31.246216, 33.213993, 35.456562>,  <30.811319, 33.731922, 35.283520>, 0.130000
	pigment { color rgbt <1,0,0,0> }
	no_shadow
}

// nucleotide -1

// particle -1
sphere {
	<31.246216, 33.213993, 35.456562> 0.250000
	pigment { color rgbt <1,0,0,0> }
	no_shadow
}
cylinder {
	<31.629517, 33.160328, 35.557560>,  <31.859497, 33.128128, 35.618160>, 0.100000
	pigment { color rgbt <1,0,0,0> }
	no_shadow
}
cylinder {
	<31.629517, 33.160328, 35.557560>,  <31.246216, 33.213993, 35.456562>, 0.100000
	pigment { color rgbt <1,0,0,0> }
	no_shadow
}

// particle -1
sphere {
	<31.629517, 33.160328, 35.557560> 0.100000
	pigment { color rgbt <1,0,0,0> }
	no_shadow
}
sphere {
	0, 1
	scale<0.080000,0.200000,0.300000>
	matrix <0.261734, 0.767092, -0.585717,
		-0.115103, 0.627351, 0.770183,
		0.958252, -0.134165, 0.252494,
		31.916992, 33.120079, 35.633308>
	pigment { color rgbt <0,1,1,0> }
	no_shadow
}
cylinder {
	<31.454693, 33.884567, 35.807724>,  <31.246216, 33.213993, 35.456562>, 0.130000
	pigment { color rgbt <1,0,0,0> }
	no_shadow
}

// nucleotide -1

// particle -1
sphere {
	<31.454693, 33.884567, 35.807724> 0.250000
	pigment { color rgbt <1,0,0,0> }
	no_shadow
}
cylinder {
	<31.739719, 33.669315, 35.627651>,  <31.910734, 33.540165, 35.519608>, 0.100000
	pigment { color rgbt <1,0,0,0> }
	no_shadow
}
cylinder {
	<31.739719, 33.669315, 35.627651>,  <31.454693, 33.884567, 35.807724>, 0.100000
	pigment { color rgbt <1,0,0,0> }
	no_shadow
}

// particle -1
sphere {
	<31.739719, 33.669315, 35.627651> 0.100000
	pigment { color rgbt <1,0,0,0> }
	no_shadow
}
sphere {
	0, 1
	scale<0.080000,0.200000,0.300000>
	matrix <0.484973, 0.841458, -0.238222,
		0.507003, -0.048576, 0.860575,
		0.712565, -0.538134, -0.450180,
		31.953489, 33.507874, 35.492596>
	pigment { color rgbt <0,1,1,0> }
	no_shadow
}
cylinder {
	<32.211376, 34.067383, 35.988655>,  <31.454693, 33.884567, 35.807724>, 0.130000
	pigment { color rgbt <1,0,0,0> }
	no_shadow
}

// nucleotide -1

// particle -1
sphere {
	<32.211376, 34.067383, 35.988655> 0.250000
	pigment { color rgbt <1,0,0,0> }
	no_shadow
}
cylinder {
	<32.240337, 33.926773, 35.615303>,  <32.257713, 33.842407, 35.391293>, 0.100000
	pigment { color rgbt <1,0,0,0> }
	no_shadow
}
cylinder {
	<32.240337, 33.926773, 35.615303>,  <32.211376, 34.067383, 35.988655>, 0.100000
	pigment { color rgbt <1,0,0,0> }
	no_shadow
}

// particle -1
sphere {
	<32.240337, 33.926773, 35.615303> 0.100000
	pigment { color rgbt <1,0,0,0> }
	no_shadow
}
sphere {
	0, 1
	scale<0.080000,0.200000,0.300000>
	matrix <0.655614, 0.722013, -0.221062,
		0.751617, -0.595928, 0.282740,
		0.072404, -0.351522, -0.933375,
		32.262058, 33.821316, 35.335289>
	pigment { color rgbt <0,1,1,0> }
	no_shadow
}
cylinder {
	<32.886684, 33.968491, 35.856750>,  <32.211376, 34.067383, 35.988655>, 0.130000
	pigment { color rgbt <1,0,0,0> }
	no_shadow
}

// nucleotide -1

// particle -1
sphere {
	<32.886684, 33.968491, 35.856750> 0.250000
	pigment { color rgbt <1,0,0,0> }
	no_shadow
}
cylinder {
	<32.729137, 34.009018, 35.491325>,  <32.634609, 34.033333, 35.272068>, 0.100000
	pigment { color rgbt <1,0,0,0> }
	no_shadow
}
cylinder {
	<32.729137, 34.009018, 35.491325>,  <32.886684, 33.968491, 35.856750>, 0.100000
	pigment { color rgbt <1,0,0,0> }
	no_shadow
}

// particle -1
sphere {
	<32.729137, 34.009018, 35.491325> 0.100000
	pigment { color rgbt <1,0,0,0> }
	no_shadow
}
sphere {
	0, 1
	scale<0.080000,0.200000,0.300000>
	matrix <0.648107, 0.735396, -0.197863,
		0.651785, -0.670021, -0.355315,
		-0.393870, 0.101318, -0.913565,
		32.610977, 34.039413, 35.217255>
	pigment { color rgbt <0,1,1,0> }
	no_shadow
}
cylinder {
	<33.418106, 33.808960, 35.350735>,  <32.886684, 33.968491, 35.856750>, 0.130000
	pigment { color rgbt <1,0,0,0> }
	no_shadow
}

// nucleotide -1

// particle -1
sphere {
	<33.418106, 33.808960, 35.350735> 0.250000
	pigment { color rgbt <1,0,0,0> }
	no_shadow
}
cylinder {
	<33.145496, 34.070309, 35.218903>,  <32.981930, 34.227119, 35.139805>, 0.100000
	pigment { color rgbt <1,0,0,0> }
	no_shadow
}
cylinder {
	<33.145496, 34.070309, 35.218903>,  <33.418106, 33.808960, 35.350735>, 0.100000
	pigment { color rgbt <1,0,0,0> }
	no_shadow
}

// particle -1
sphere {
	<33.145496, 34.070309, 35.218903> 0.100000
	pigment { color rgbt <1,0,0,0> }
	no_shadow
}
sphere {
	0, 1
	scale<0.080000,0.200000,0.300000>
	matrix <0.701697, 0.711301, -0.040895,
		0.207708, -0.259134, -0.943242,
		-0.681527, 0.653376, -0.329577,
		32.941040, 34.266323, 35.120029>
	pigment { color rgbt <0,1,1,0> }
	no_shadow
}
cylinder {
	<33.695580, 34.117516, 34.749458>,  <33.418106, 33.808960, 35.350735>, 0.130000
	pigment { color rgbt <1,0,0,0> }
	no_shadow
}

// nucleotide -1

// particle -1
sphere {
	<33.695580, 34.117516, 34.749458> 0.250000
	pigment { color rgbt <1,0,0,0> }
	no_shadow
}
cylinder {
	<33.430714, 34.380318, 34.893616>,  <33.271797, 34.537998, 34.980110>, 0.100000
	pigment { color rgbt <1,0,0,0> }
	no_shadow
}
cylinder {
	<33.430714, 34.380318, 34.893616>,  <33.695580, 34.117516, 34.749458>, 0.100000
	pigment { color rgbt <1,0,0,0> }
	no_shadow
}

// particle -1
sphere {
	<33.430714, 34.380318, 34.893616> 0.100000
	pigment { color rgbt <1,0,0,0> }
	no_shadow
}
sphere {
	0, 1
	scale<0.080000,0.200000,0.300000>
	matrix <0.663822, 0.737424, -0.124688,
		-0.347685, 0.156675, -0.924428,
		-0.662160, 0.657008, 0.360396,
		33.232067, 34.577419, 35.001736>
	pigment { color rgbt <0,1,1,0> }
	no_shadow
}
cylinder {
	<33.734749, 34.648670, 34.245895>,  <33.695580, 34.117516, 34.749458>, 0.130000
	pigment { color rgbt <1,0,0,0> }
	no_shadow
}

// nucleotide -1

// particle -1
sphere {
	<33.734749, 34.648670, 34.245895> 0.250000
	pigment { color rgbt <1,0,0,0> }
	no_shadow
}
cylinder {
	<33.582062, 34.809189, 34.578941>,  <33.490452, 34.905499, 34.778770>, 0.100000
	pigment { color rgbt <1,0,0,0> }
	no_shadow
}
cylinder {
	<33.582062, 34.809189, 34.578941>,  <33.734749, 34.648670, 34.245895>, 0.100000
	pigment { color rgbt <1,0,0,0> }
	no_shadow
}

// particle -1
sphere {
	<33.582062, 34.809189, 34.578941> 0.100000
	pigment { color rgbt <1,0,0,0> }
	no_shadow
}
sphere {
	0, 1
	scale<0.080000,0.200000,0.300000>
	matrix <0.679986, 0.732073, -0.041096,
		-0.626029, 0.550482, -0.552320,
		-0.381715, 0.401297, 0.832619,
		33.467548, 34.929577, 34.828728>
	pigment { color rgbt <0,1,1,0> }
	no_shadow
}
cylinder {
	<33.506924, 35.330273, 34.089146>,  <33.734749, 34.648670, 34.245895>, 0.130000
	pigment { color rgbt <1,0,0,0> }
	no_shadow
}

// nucleotide -1

// particle -1
sphere {
	<33.506924, 35.330273, 34.089146> 0.250000
	pigment { color rgbt <1,0,0,0> }
	no_shadow
}
cylinder {
	<33.290428, 35.325035, 34.425453>,  <33.160530, 35.321892, 34.627235>, 0.100000
	pigment { color rgbt <1,0,0,0> }
	no_shadow
}
cylinder {
	<33.290428, 35.325035, 34.425453>,  <33.506924, 35.330273, 34.089146>, 0.100000
	pigment { color rgbt <1,0,0,0> }
	no_shadow
}

// particle -1
sphere {
	<33.290428, 35.325035, 34.425453> 0.100000
	pigment { color rgbt <1,0,0,0> }
	no_shadow
}
sphere {
	0, 1
	scale<0.080000,0.200000,0.300000>
	matrix <0.174364, 0.976398, 0.127454,
		-0.822591, 0.215582, -0.526183,
		-0.541241, -0.013095, 0.840766,
		33.128056, 35.321106, 34.677685>
	pigment { color rgbt <0,1,1,0> }
	no_shadow
}
cylinder {
	<33.178177, 35.986610, 34.179626>,  <33.506924, 35.330273, 34.089146>, 0.130000
	pigment { color rgbt <1,0,0,0> }
	no_shadow
}

// nucleotide -1

// particle -1
sphere {
	<33.178177, 35.986610, 34.179626> 0.250000
	pigment { color rgbt <1,0,0,0> }
	no_shadow
}
cylinder {
	<33.192604, 35.834335, 34.549225>,  <33.201260, 35.742970, 34.770985>, 0.100000
	pigment { color rgbt <1,0,0,0> }
	no_shadow
}
cylinder {
	<33.192604, 35.834335, 34.549225>,  <33.178177, 35.986610, 34.179626>, 0.100000
	pigment { color rgbt <1,0,0,0> }
	no_shadow
}

// particle -1
sphere {
	<33.192604, 35.834335, 34.549225> 0.100000
	pigment { color rgbt <1,0,0,0> }
	no_shadow
}
sphere {
	0, 1
	scale<0.080000,0.200000,0.300000>
	matrix <0.040088, 0.924408, 0.379292,
		-0.998545, 0.023362, 0.048600,
		0.036066, -0.380688, 0.924000,
		33.203423, 35.720127, 34.826424>
	pigment { color rgbt <0,1,1,0> }
	no_shadow
}
cylinder {
	<32.481937, 36.199631, 34.554920>,  <33.178177, 35.986610, 34.179626>, 0.130000
	pigment { color rgbt <1,0,0,0> }
	no_shadow
}

// nucleotide -1

// particle -1
sphere {
	<32.481937, 36.199631, 34.554920> 0.250000
	pigment { color rgbt <1,0,0,0> }
	no_shadow
}
cylinder {
	<32.792568, 36.125675, 34.795834>,  <32.978947, 36.081303, 34.940384>, 0.100000
	pigment { color rgbt <1,0,0,0> }
	no_shadow
}
cylinder {
	<32.792568, 36.125675, 34.795834>,  <32.481937, 36.199631, 34.554920>, 0.100000
	pigment { color rgbt <1,0,0,0> }
	no_shadow
}

// particle -1
sphere {
	<32.792568, 36.125675, 34.795834> 0.100000
	pigment { color rgbt <1,0,0,0> }
	no_shadow
}
sphere {
	0, 1
	scale<0.080000,0.200000,0.300000>
	matrix <-0.055524, 0.932164, 0.357752,
		-0.627576, -0.311262, 0.713627,
		0.776573, -0.184893, 0.602287,
		33.025539, 36.070206, 34.976521>
	pigment { color rgbt <0,1,1,0> }
	no_shadow
}
cylinder {
	<32.294846, 36.280807, 35.268353>,  <32.481937, 36.199631, 34.554920>, 0.130000
	pigment { color rgbt <1,0,0,0> }
	no_shadow
}

// nucleotide -1

// particle -1
sphere {
	<32.294846, 36.280807, 35.268353> 0.250000
	pigment { color rgbt <1,0,0,0> }
	no_shadow
}
cylinder {
	<32.691620, 36.329582, 35.254471>,  <32.929684, 36.358845, 35.246140>, 0.100000
	pigment { color rgbt <1,0,0,0> }
	no_shadow
}
cylinder {
	<32.691620, 36.329582, 35.254471>,  <32.294846, 36.280807, 35.268353>, 0.100000
	pigment { color rgbt <1,0,0,0> }
	no_shadow
}

// particle -1
sphere {
	<32.691620, 36.329582, 35.254471> 0.100000
	pigment { color rgbt <1,0,0,0> }
	no_shadow
}
sphere {
	0, 1
	scale<0.080000,0.200000,0.300000>
	matrix <-0.100201, 0.921765, 0.374580,
		0.077666, -0.368079, 0.926545,
		0.991931, 0.121933, -0.034708,
		32.989201, 36.366161, 35.244057>
	pigment { color rgbt <0,1,1,0> }
	no_shadow
}
cylinder {
	<32.420334, 36.658096, 35.905293>,  <32.294846, 36.280807, 35.268353>, 0.130000
	pigment { color rgbt <1,0,0,0> }
	no_shadow
}

// nucleotide -1

// particle -1
sphere {
	<32.420334, 36.658096, 35.905293> 0.250000
	pigment { color rgbt <1,0,0,0> }
	no_shadow
}
cylinder {
	<32.742783, 36.699905, 35.672314>,  <32.936253, 36.724991, 35.532528>, 0.100000
	pigment { color rgbt <1,0,0,0> }
	no_shadow
}
cylinder {
	<32.742783, 36.699905, 35.672314>,  <32.420334, 36.658096, 35.905293>, 0.100000
	pigment { color rgbt <1,0,0,0> }
	no_shadow
}

// particle -1
sphere {
	<32.742783, 36.699905, 35.672314> 0.100000
	pigment { color rgbt <1,0,0,0> }
	no_shadow
}
sphere {
	0, 1
	scale<0.080000,0.200000,0.300000>
	matrix <0.134859, 0.925927, 0.352806,
		0.576180, -0.362952, 0.732313,
		0.806120, 0.104520, -0.582448,
		32.984619, 36.731262, 35.497578>
	pigment { color rgbt <0,1,1,0> }
	no_shadow
}
cylinder {
	<32.584816, 37.403000, 36.153408>,  <32.420334, 36.658096, 35.905293>, 0.130000
	pigment { color rgbt <1,0,0,0> }
	no_shadow
}

// nucleotide -1

// particle -1
sphere {
	<32.584816, 37.403000, 36.153408> 0.250000
	pigment { color rgbt <1,0,0,0> }
	no_shadow
}
cylinder {
	<32.965992, 37.423645, 36.272903>,  <33.194698, 37.436031, 36.344601>, 0.100000
	pigment { color rgbt <1,0,0,0> }
	no_shadow
}
cylinder {
	<32.965992, 37.423645, 36.272903>,  <32.584816, 37.403000, 36.153408>, 0.100000
	pigment { color rgbt <1,0,0,0> }
	no_shadow
}

// particle -1
sphere {
	<32.965992, 37.423645, 36.272903> 0.100000
	pigment { color rgbt <1,0,0,0> }
	no_shadow
}
sphere {
	0, 1
	scale<0.080000,0.200000,0.300000>
	matrix <0.282267, -0.510584, -0.812175,
		0.110617, 0.858277, -0.501123,
		0.952937, 0.051610, 0.298743,
		33.251873, 37.439129, 36.362526>
	pigment { color rgbt <0,1,1,0> }
	no_shadow
}
cylinder {
	<32.994354, 37.655586, 35.525387>,  <32.584816, 37.403000, 36.153408>, 0.130000
	pigment { color rgbt <1,0,0,0> }
	no_shadow
}

// nucleotide -1

// particle -1
sphere {
	<32.994354, 37.655586, 35.525387> 0.250000
	pigment { color rgbt <1,0,0,0> }
	no_shadow
}
cylinder {
	<33.199532, 37.458355, 35.806458>,  <33.322639, 37.340015, 35.975101>, 0.100000
	pigment { color rgbt <1,0,0,0> }
	no_shadow
}
cylinder {
	<33.199532, 37.458355, 35.806458>,  <32.994354, 37.655586, 35.525387>, 0.100000
	pigment { color rgbt <1,0,0,0> }
	no_shadow
}

// particle -1
sphere {
	<33.199532, 37.458355, 35.806458> 0.100000
	pigment { color rgbt <1,0,0,0> }
	no_shadow
}
sphere {
	0, 1
	scale<0.080000,0.200000,0.300000>
	matrix <0.336895, -0.637266, -0.693105,
		0.789550, 0.592254, -0.160766,
		0.512945, -0.493080, 0.702681,
		33.353416, 37.310432, 36.017262>
	pigment { color rgbt <0,1,1,0> }
	no_shadow
}
cylinder {
	<33.714710, 37.505760, 35.241024>,  <32.994354, 37.655586, 35.525387>, 0.130000
	pigment { color rgbt <1,0,0,0> }
	no_shadow
}

// nucleotide -1

// particle -1
sphere {
	<33.714710, 37.505760, 35.241024> 0.250000
	pigment { color rgbt <1,0,0,0> }
	no_shadow
}
cylinder {
	<33.568707, 37.247658, 35.509476>,  <33.481106, 37.092796, 35.670547>, 0.100000
	pigment { color rgbt <1,0,0,0> }
	no_shadow
}
cylinder {
	<33.568707, 37.247658, 35.509476>,  <33.714710, 37.505760, 35.241024>, 0.100000
	pigment { color rgbt <1,0,0,0> }
	no_shadow
}

// particle -1
sphere {
	<33.568707, 37.247658, 35.509476> 0.100000
	pigment { color rgbt <1,0,0,0> }
	no_shadow
}
sphere {
	0, 1
	scale<0.080000,0.200000,0.300000>
	matrix <0.296204, -0.763898, -0.573343,
		0.882627, -0.010484, 0.469957,
		-0.365010, -0.645252, 0.671132,
		33.459202, 37.054081, 35.710815>
	pigment { color rgbt <0,1,1,0> }
	no_shadow
}
cylinder {
	<33.996529, 36.850861, 35.052170>,  <33.714710, 37.505760, 35.241024>, 0.130000
	pigment { color rgbt <1,0,0,0> }
	no_shadow
}

// nucleotide -1

// particle -1
sphere {
	<33.996529, 36.850861, 35.052170> 0.250000
	pigment { color rgbt <1,0,0,0> }
	no_shadow
}
cylinder {
	<33.735859, 36.741405, 35.335136>,  <33.579456, 36.675732, 35.504917>, 0.100000
	pigment { color rgbt <1,0,0,0> }
	no_shadow
}
cylinder {
	<33.735859, 36.741405, 35.335136>,  <33.996529, 36.850861, 35.052170>, 0.100000
	pigment { color rgbt <1,0,0,0> }
	no_shadow
}

// particle -1
sphere {
	<33.735859, 36.741405, 35.335136> 0.100000
	pigment { color rgbt <1,0,0,0> }
	no_shadow
}
sphere {
	0, 1
	scale<0.080000,0.200000,0.300000>
	matrix <-0.001770, -0.932106, -0.362182,
