// switches for output
#declare DRAW_BASES = 1; // possible values are 0, 1; only relevant for DNA ribbons
#declare DRAW_BASES_TYPE = 3; // possible values are 1, 2, 3; only relevant for DNA ribbons
#declare DRAW_FOG = 0; // set to 1 to enable fog

#include "colors.inc"

#include "transforms.inc"
background { rgb <1, 1, 1>}

#default {
   normal{
       ripples 0.25
       frequency 0.20
       turbulence 0.2
       lambda 5
   }
	finish {
		phong 0.1
		phong_size 40.
	}
}

// original window dimensions: 1024x640


// camera settings

camera {
	sky <0, 0.179814, -0.983701>
	up <0, 0.179814, -0.983701>
	right 1.6 * <1, 0, 0>
	location <35, 94.9851, 44.8844>
	look_at <35, 29.7336, 32.9568>
	direction <0, -65.2515, -11.9276>
	angle 67.0682
}


# declare cpy_camera_pos = <35, 94.9851, 44.8844>;
# if (DRAW_FOG = 1)
fog {
	fog_type 2
	up vnormalize(cpy_camera_pos)
	color rgbt<1,1,1,0.3>
	distance 1e-5
	fog_alt 3e-3
	fog_offset 56
}
# end


// LIGHTS

# declare lum = 6;
global_settings {
	ambient_light rgb lum * <0.05, 0.05, 0.05>
	max_trace_level 15
}# declare cpy_direct_light_amount = 0.25;
light_source
{	1000 * <-1, -1.16352, -0.803886>,
	rgb lum * cpy_direct_light_amount
	parallel
}

light_source
{	1000 * <1, 1.16352, 0.803886>,
	rgb lum * cpy_direct_light_amount
	parallel
}

// strand 0

// nucleotide -1

// particle -1
sphere {
	<24.490744, 34.762787, 34.718472> 0.250000
	pigment { color rgbt <1,0,0,0> }
	no_shadow
}
cylinder {
	<24.262856, 35.082298, 34.795799>,  <24.126123, 35.274006, 34.842194>, 0.100000
	pigment { color rgbt <1,0,0,0> }
	no_shadow
}
cylinder {
	<24.262856, 35.082298, 34.795799>,  <24.490744, 34.762787, 34.718472>, 0.100000
	pigment { color rgbt <1,0,0,0> }
	no_shadow
}

// particle -1
sphere {
	<24.262856, 35.082298, 34.795799> 0.100000
	pigment { color rgbt <1,0,0,0> }
	no_shadow
}
sphere {
	0, 1
	scale<0.080000,0.200000,0.300000>
	matrix <0.086331, 0.292090, -0.952486,
		-0.817293, -0.525960, -0.235369,
		-0.569719, 0.798780, 0.193317,
		24.091940, 35.321934, 34.853794>
	pigment { color rgbt <0,1,1,0> }
	no_shadow
}
cylinder {
	<24.853752, 34.978443, 34.168941>,  <24.490744, 34.762787, 34.718472>, 0.130000
	pigment { color rgbt <1,0,0,0> }
	no_shadow
}

// nucleotide -1

// particle -1
sphere {
	<24.853752, 34.978443, 34.168941> 0.250000
	pigment { color rgbt <1,0,0,0> }
	no_shadow
}
cylinder {
	<24.933270, 34.914833, 34.555763>,  <24.980980, 34.876667, 34.787857>, 0.100000
	pigment { color rgbt <1,0,0,0> }
	no_shadow
}
cylinder {
	<24.933270, 34.914833, 34.555763>,  <24.853752, 34.978443, 34.168941>, 0.100000
	pigment { color rgbt <1,0,0,0> }
	no_shadow
}

// particle -1
sphere {
	<24.933270, 34.914833, 34.555763> 0.100000
	pigment { color rgbt <1,0,0,0> }
	no_shadow
}
sphere {
	0, 1
	scale<0.080000,0.200000,0.300000>
	matrix <0.502091, 0.863941, 0.038857,
		-0.841657, 0.477824, 0.251589,
		0.198791, -0.159025, 0.967054,
		24.992907, 34.867126, 34.845879>
	pigment { color rgbt <0,1,1,0> }
	no_shadow
}
cylinder {
	<24.532875, 35.526966, 34.533115>,  <24.853752, 34.978443, 34.168941>, 0.130000
	pigment { color rgbt <1,0,0,0> }
	no_shadow
}

// nucleotide -1

// particle -1
sphere {
	<24.532875, 35.526966, 34.533115> 0.250000
	pigment { color rgbt <1,0,0,0> }
	no_shadow
}
cylinder {
	<24.851131, 35.354015, 34.702824>,  <25.042086, 35.250244, 34.804649>, 0.100000
	pigment { color rgbt <1,0,0,0> }
	no_shadow
}
cylinder {
	<24.851131, 35.354015, 34.702824>,  <24.532875, 35.526966, 34.533115>, 0.100000
	pigment { color rgbt <1,0,0,0> }
	no_shadow
}

// particle -1
sphere {
	<24.851131, 35.354015, 34.702824> 0.100000
	pigment { color rgbt <1,0,0,0> }
	no_shadow
}
sphere {
	0, 1
	scale<0.080000,0.200000,0.300000>
	matrix <0.474450, 0.880252, 0.007337,
		-0.376636, 0.195457, 0.905507,
		0.795640, -0.432381, 0.424269,
		25.089823, 35.224300, 34.830105>
	pigment { color rgbt <0,1,1,0> }
	no_shadow
}
cylinder {
	<24.676355, 35.904510, 35.058609>,  <24.532875, 35.526966, 34.533115>, 0.130000
	pigment { color rgbt <1,0,0,0> }
	no_shadow
}

// nucleotide -1

// particle -1
sphere {
	<24.676355, 35.904510, 35.058609> 0.250000
	pigment { color rgbt <1,0,0,0> }
	no_shadow
}
cylinder {
	<25.018896, 35.737255, 34.937405>,  <25.224421, 35.636902, 34.864681>, 0.100000
	pigment { color rgbt <1,0,0,0> }
	no_shadow
}
cylinder {
	<25.018896, 35.737255, 34.937405>,  <24.676355, 35.904510, 35.058609>, 0.100000
	pigment { color rgbt <1,0,0,0> }
	no_shadow
}

// particle -1
sphere {
	<25.018896, 35.737255, 34.937405> 0.100000
	pigment { color rgbt <1,0,0,0> }
	no_shadow
}
sphere {
	0, 1
	scale<0.080000,0.200000,0.300000>
	matrix <0.342688, 0.899128, -0.272274,
		0.386296, 0.129324, 0.913264,
		0.856353, -0.418143, -0.303011,
		25.275803, 35.611813, 34.846500>
	pigment { color rgbt <0,1,1,0> }
	no_shadow
}
cylinder {
	<25.264566, 36.220844, 35.359459>,  <24.676355, 35.904510, 35.058609>, 0.130000
	pigment { color rgbt <1,0,0,0> }
	no_shadow
}

// nucleotide -1

// particle -1
sphere {
	<25.264566, 36.220844, 35.359459> 0.250000
	pigment { color rgbt <1,0,0,0> }
	no_shadow
}
cylinder {
	<25.365931, 36.104130, 34.990536>,  <25.426748, 36.034100, 34.769184>, 0.100000
	pigment { color rgbt <1,0,0,0> }
	no_shadow
}
cylinder {
	<25.365931, 36.104130, 34.990536>,  <25.264566, 36.220844, 35.359459>, 0.100000
	pigment { color rgbt <1,0,0,0> }
	no_shadow
}

// particle -1
sphere {
	<25.365931, 36.104130, 34.990536> 0.100000
	pigment { color rgbt <1,0,0,0> }
	no_shadow
}
sphere {
	0, 1
	scale<0.080000,0.200000,0.300000>
	matrix <0.425644, 0.889803, -0.164553,
		0.868683, -0.350874, 0.349682,
		0.253411, -0.291785, -0.922304,
		25.441954, 36.016594, 34.713844>
	pigment { color rgbt <0,1,1,0> }
	no_shadow
}
cylinder {
	<25.964041, 36.464157, 35.204678>,  <25.264566, 36.220844, 35.359459>, 0.130000
	pigment { color rgbt <1,0,0,0> }
	no_shadow
}

// nucleotide -1

// particle -1
sphere {
	<25.964041, 36.464157, 35.204678> 0.250000
	pigment { color rgbt <1,0,0,0> }
	no_shadow
}
cylinder {
	<25.721245, 36.454166, 34.886951>,  <25.575567, 36.448174, 34.696316>, 0.100000
	pigment { color rgbt <1,0,0,0> }
	no_shadow
}
cylinder {
	<25.721245, 36.454166, 34.886951>,  <25.964041, 36.464157, 35.204678>, 0.100000
	pigment { color rgbt <1,0,0,0> }
	no_shadow
}

// particle -1
sphere {
	<25.721245, 36.454166, 34.886951> 0.100000
	pigment { color rgbt <1,0,0,0> }
	no_shadow
}
sphere {
	0, 1
	scale<0.080000,0.200000,0.300000>
	matrix <0.327087, 0.903072, -0.278344,
		0.724277, -0.428762, -0.539987,
		-0.606990, -0.024976, -0.794317,
		25.539148, 36.446674, 34.648655>
	pigment { color rgbt <0,1,1,0> }
	no_shadow
}
cylinder {
	<26.412294, 36.942902, 34.697952>,  <25.964041, 36.464157, 35.204678>, 0.130000
	pigment { color rgbt <1,0,0,0> }
	no_shadow
}

// nucleotide -1

// particle -1
sphere {
	<26.412294, 36.942902, 34.697952> 0.250000
	pigment { color rgbt <1,0,0,0> }
	no_shadow
}
cylinder {
	<26.742706, 36.726501, 34.761189>,  <26.940954, 36.596661, 34.799129>, 0.100000
	pigment { color rgbt <1,0,0,0> }
	no_shadow
}
cylinder {
	<26.742706, 36.726501, 34.761189>,  <26.412294, 36.942902, 34.697952>, 0.100000
	pigment { color rgbt <1,0,0,0> }
	no_shadow
}

// particle -1
sphere {
	<26.742706, 36.726501, 34.761189> 0.100000
	pigment { color rgbt <1,0,0,0> }
	no_shadow
}
sphere {
	0, 1
	scale<0.080000,0.200000,0.300000>
	matrix <-0.422320, -0.779846, -0.462045,
		0.373252, 0.314899, -0.872652,
		0.826032, -0.540998, 0.158091,
		26.990517, 36.564201, 34.808617>
	pigment { color rgbt <0,1,1,0> }
	no_shadow
}
cylinder {
	<26.547913, 36.684025, 34.165577>,  <26.412294, 36.942902, 34.697952>, 0.130000
	pigment { color rgbt <1,0,0,0> }
	no_shadow
}

// nucleotide -1

// particle -1
sphere {
	<26.547913, 36.684025, 34.165577> 0.250000
	pigment { color rgbt <1,0,0,0> }
	no_shadow
}
cylinder {
	<26.701071, 36.400959, 34.403095>,  <26.792965, 36.231117, 34.545609>, 0.100000
	pigment { color rgbt <1,0,0,0> }
	no_shadow
}
cylinder {
	<26.701071, 36.400959, 34.403095>,  <26.547913, 36.684025, 34.165577>, 0.100000
	pigment { color rgbt <1,0,0,0> }
	no_shadow
}

// particle -1
sphere {
	<26.701071, 36.400959, 34.403095> 0.100000
	pigment { color rgbt <1,0,0,0> }
	no_shadow
}
sphere {
	0, 1
	scale<0.080000,0.200000,0.300000>
	matrix <-0.540706, -0.692857, -0.477060,
		0.749018, -0.138407, -0.647932,
		0.382896, -0.707667, 0.593800,
		26.815939, 36.188660, 34.581234>
	pigment { color rgbt <0,1,1,0> }
	no_shadow
}
cylinder {
	<26.999708, 36.143673, 33.829876>,  <26.547913, 36.684025, 34.165577>, 0.130000
	pigment { color rgbt <1,0,0,0> }
	no_shadow
}

// nucleotide -1

// particle -1
sphere {
	<26.999708, 36.143673, 33.829876> 0.250000
	pigment { color rgbt <1,0,0,0> }
	no_shadow
}
cylinder {
	<26.812584, 35.977596, 34.141972>,  <26.700310, 35.877953, 34.329227>, 0.100000
	pigment { color rgbt <1,0,0,0> }
	no_shadow
}
cylinder {
	<26.812584, 35.977596, 34.141972>,  <26.999708, 36.143673, 33.829876>, 0.100000
	pigment { color rgbt <1,0,0,0> }
	no_shadow
}

// particle -1
sphere {
	<26.812584, 35.977596, 34.141972> 0.100000
	pigment { color rgbt <1,0,0,0> }
	no_shadow
}
sphere {
	0, 1
	scale<0.080000,0.200000,0.300000>
	matrix <-0.394670, -0.691756, -0.604739,
		0.790816, -0.590839, 0.159748,
		-0.467810, -0.415190, 0.780238,
		26.672241, 35.853039, 34.376041>
	pigment { color rgbt <0,1,1,0> }
	no_shadow
}
cylinder {
	<27.036161, 36.748638, 33.482235>,  <26.999708, 36.143673, 33.829876>, 0.130000
	pigment { color rgbt <1,0,0,0> }
	no_shadow
}

// nucleotide -1

// particle -1
sphere {
	<27.036161, 36.748638, 33.482235> 0.250000
	pigment { color rgbt <1,0,0,0> }
	no_shadow
}
cylinder {
	<27.365534, 36.938992, 33.358624>,  <27.563156, 37.053204, 33.284458>, 0.100000
	pigment { color rgbt <1,0,0,0> }
	no_shadow
}
cylinder {
	<27.365534, 36.938992, 33.358624>,  <27.036161, 36.748638, 33.482235>, 0.100000
	pigment { color rgbt <1,0,0,0> }
	no_shadow
}

// particle -1
sphere {
	<27.365534, 36.938992, 33.358624> 0.100000
	pigment { color rgbt <1,0,0,0> }
	no_shadow
}
sphere {
	0, 1
	scale<0.080000,0.200000,0.300000>
	matrix <-0.549822, 0.534602, -0.641792,
		-0.140215, 0.698378, 0.701860,
		0.823429, 0.475887, -0.309024,
		27.612562, 37.081757, 33.265915>
	pigment { color rgbt <0,1,1,0> }
	no_shadow
}
cylinder {
	<27.000513, 37.494862, 33.601803>,  <27.036161, 36.748638, 33.482235>, 0.130000
	pigment { color rgbt <1,0,0,0> }
	no_shadow
}

// nucleotide -1

// particle -1
sphere {
	<27.000513, 37.494862, 33.601803> 0.250000
	pigment { color rgbt <1,0,0,0> }
	no_shadow
}
cylinder {
	<27.220030, 37.404350, 33.279903>,  <27.351740, 37.350044, 33.086761>, 0.100000
	pigment { color rgbt <1,0,0,0> }
	no_shadow
}
cylinder {
	<27.220030, 37.404350, 33.279903>,  <27.000513, 37.494862, 33.601803>, 0.100000
	pigment { color rgbt <1,0,0,0> }
	no_shadow
}

// particle -1
sphere {
	<27.220030, 37.404350, 33.279903> 0.100000
	pigment { color rgbt <1,0,0,0> }
	no_shadow
}
sphere {
	0, 1
	scale<0.080000,0.200000,0.300000>
	matrix <-0.590160, 0.576934, -0.564676,
		0.592062, 0.784822, 0.183077,
		0.548794, -0.226278, -0.804751,
		27.384668, 37.336468, 33.038479>
	pigment { color rgbt <0,1,1,0> }
	no_shadow
}
cylinder {
	<26.943020, 37.970119, 33.108864>,  <27.000513, 37.494862, 33.601803>, 0.130000
	pigment { color rgbt <1,0,0,0> }
	no_shadow
}

// nucleotide -1

// particle -1
sphere {
	<26.943020, 37.970119, 33.108864> 0.250000
	pigment { color rgbt <1,0,0,0> }
	no_shadow
}
cylinder {
	<27.093216, 37.675560, 32.883751>,  <27.183334, 37.498825, 32.748684>, 0.100000
	pigment { color rgbt <1,0,0,0> }
	no_shadow
}
cylinder {
	<27.093216, 37.675560, 32.883751>,  <26.943020, 37.970119, 33.108864>, 0.100000
	pigment { color rgbt <1,0,0,0> }
	no_shadow
}

// particle -1
sphere {
	<27.093216, 37.675560, 32.883751> 0.100000
	pigment { color rgbt <1,0,0,0> }
	no_shadow
}
sphere {
	0, 1
	scale<0.080000,0.200000,0.300000>
	matrix <-0.352737, 0.447976, -0.821519,
		0.857078, 0.506988, -0.091543,
		0.375492, -0.736397, -0.562784,
		27.205864, 37.454639, 32.714916>
	pigment { color rgbt <0,1,1,0> }
	no_shadow
}
cylinder {
	<27.358324, 38.233490, 32.683952>,  <26.943020, 37.970119, 33.108864>, 0.130000
	pigment { color rgbt <1,0,0,0> }
	no_shadow
}

// nucleotide -1

// particle -1
sphere {
	<27.358324, 38.233490, 32.683952> 0.250000
	pigment { color rgbt <1,0,0,0> }
	no_shadow
}
cylinder {
	<27.238554, 37.904476, 32.490547>,  <27.166693, 37.707069, 32.374504>, 0.100000
	pigment { color rgbt <1,0,0,0> }
	no_shadow
}
cylinder {
	<27.238554, 37.904476, 32.490547>,  <27.358324, 38.233490, 32.683952>, 0.100000
	pigment { color rgbt <1,0,0,0> }
	no_shadow
}

// particle -1
sphere {
	<27.238554, 37.904476, 32.490547> 0.100000
	pigment { color rgbt <1,0,0,0> }
	no_shadow
}
sphere {
	0, 1
	scale<0.080000,0.200000,0.300000>
	matrix <-0.202781, 0.550049, -0.810140,
		0.932322, -0.144528, -0.331492,
		-0.299425, -0.822531, -0.483516,
		27.148727, 37.657719, 32.345493>
	pigment { color rgbt <0,1,1,0> }
	no_shadow
}
cylinder {
	<27.761696, 38.196747, 32.090572>,  <27.358324, 38.233490, 32.683952>, 0.130000
	pigment { color rgbt <1,0,0,0> }
	no_shadow
}

// nucleotide -1

// particle -1
sphere {
	<27.761696, 38.196747, 32.090572> 0.250000
	pigment { color rgbt <1,0,0,0> }
	no_shadow
}
cylinder {
	<27.414728, 37.999023, 32.067802>,  <27.206547, 37.880390, 32.054142>, 0.100000
	pigment { color rgbt <1,0,0,0> }
	no_shadow
}
cylinder {
	<27.414728, 37.999023, 32.067802>,  <27.761696, 38.196747, 32.090572>, 0.100000
	pigment { color rgbt <1,0,0,0> }
	no_shadow
}

// particle -1
sphere {
	<27.414728, 37.999023, 32.067802> 0.100000
	pigment { color rgbt <1,0,0,0> }
	no_shadow
}
sphere {
	0, 1
	scale<0.080000,0.200000,0.300000>
	matrix <-0.181294, 0.420506, -0.888992,
		0.463379, -0.760807, -0.454371,
		-0.867417, -0.494315, -0.056924,
		27.154503, 37.850731, 32.050728>
	pigment { color rgbt <0,1,1,0> }
	no_shadow
}
cylinder {
	<27.729662, 37.690170, 31.528130>,  <27.761696, 38.196747, 32.090572>, 0.130000
	pigment { color rgbt <1,0,0,0> }
	no_shadow
}

// nucleotide -1

// particle -1
sphere {
	<27.729662, 37.690170, 31.528130> 0.250000
	pigment { color rgbt <1,0,0,0> }
	no_shadow
}
cylinder {
	<27.382086, 37.871174, 31.608301>,  <27.173540, 37.979778, 31.656404>, 0.100000
	pigment { color rgbt <1,0,0,0> }
	no_shadow
}
cylinder {
	<27.382086, 37.871174, 31.608301>,  <27.729662, 37.690170, 31.528130>, 0.100000
	pigment { color rgbt <1,0,0,0> }
	no_shadow
}

// particle -1
sphere {
	<27.382086, 37.871174, 31.608301> 0.100000
	pigment { color rgbt <1,0,0,0> }
	no_shadow
}
sphere {
	0, 1
	scale<0.080000,0.200000,0.300000>
	matrix <-0.049327, 0.323778, -0.944846,
		-0.492450, -0.830903, -0.259023,
		-0.868942, 0.452513, 0.200430,
		27.121403, 38.006927, 31.668430>
	pigment { color rgbt <0,1,1,0> }
	no_shadow
}
cylinder {
	<28.317156, 37.477100, 32.097275>,  <27.729662, 37.690170, 31.528130>, 0.130000
	pigment { color rgbt <1,0,0,0> }
	no_shadow
}

// nucleotide -1

// particle -1
sphere {
	<28.317156, 37.477100, 32.097275> 0.250000
	pigment { color rgbt <1,0,0,0> }
	no_shadow
}
cylinder {
	<28.046677, 37.472076, 32.391918>,  <27.884390, 37.469063, 32.568707>, 0.100000
	pigment { color rgbt <1,0,0,0> }
	no_shadow
}
cylinder {
	<28.046677, 37.472076, 32.391918>,  <28.317156, 37.477100, 32.097275>, 0.100000
	pigment { color rgbt <1,0,0,0> }
	no_shadow
}

// particle -1
sphere {
	<28.046677, 37.472076, 32.391918> 0.100000
	pigment { color rgbt <1,0,0,0> }
	no_shadow
}
sphere {
	0, 1
	scale<0.080000,0.200000,0.300000>
	matrix <0.548511, -0.676071, 0.491999,
		0.491825, 0.736729, 0.464046,
		-0.676198, -0.012557, 0.736613,
		27.843817, 37.468307, 32.612904>
	pigment { color rgbt <0,1,1,0> }
	no_shadow
}
cylinder {
	<28.635689, 37.629749, 32.753689>,  <28.317156, 37.477100, 32.097275>, 0.130000
	pigment { color rgbt <1,0,0,0> }
	no_shadow
}

// nucleotide -1

// particle -1
sphere {
	<28.635689, 37.629749, 32.753689> 0.250000
	pigment { color rgbt <1,0,0,0> }
	no_shadow
}
cylinder {
	<28.317080, 37.415077, 32.865059>,  <28.125914, 37.286274, 32.931881>, 0.100000
	pigment { color rgbt <1,0,0,0> }
	no_shadow
}
cylinder {
	<28.317080, 37.415077, 32.865059>,  <28.635689, 37.629749, 32.753689>, 0.100000
	pigment { color rgbt <1,0,0,0> }
	no_shadow
}

// particle -1
sphere {
	<28.317080, 37.415077, 32.865059> 0.100000
	pigment { color rgbt <1,0,0,0> }
	no_shadow
}
sphere {
	0, 1
	scale<0.080000,0.200000,0.300000>
	matrix <0.544997, -0.437942, 0.714972,
		-0.261776, 0.721235, 0.641321,
		-0.796525, -0.536681, 0.278428,
		28.078123, 37.254074, 32.948586>
	pigment { color rgbt <0,1,1,0> }
	no_shadow
}
cylinder {
	<28.654171, 37.567474, 33.486122>,  <28.635689, 37.629749, 32.753689>, 0.130000
	pigment { color rgbt <1,0,0,0> }
	no_shadow
}

// nucleotide -1

// particle -1
sphere {
	<28.654171, 37.567474, 33.486122> 0.250000
	pigment { color rgbt <1,0,0,0> }
	no_shadow
}
cylinder {
	<28.439093, 37.255627, 33.357700>,  <28.310045, 37.068520, 33.280647>, 0.100000
	pigment { color rgbt <1,0,0,0> }
	no_shadow
}
cylinder {
	<28.439093, 37.255627, 33.357700>,  <28.654171, 37.567474, 33.486122>, 0.100000
	pigment { color rgbt <1,0,0,0> }
	no_shadow
}

// particle -1
sphere {
	<28.439093, 37.255627, 33.357700> 0.100000
	pigment { color rgbt <1,0,0,0> }
	no_shadow
}
sphere {
	0, 1
	scale<0.080000,0.200000,0.300000>
	matrix <0.495485, -0.600276, 0.627824,
		-0.682186, 0.178500, 0.709056,
		-0.537696, -0.779619, -0.321056,
		28.277784, 37.021740, 33.261383>
	pigment { color rgbt <0,1,1,0> }
	no_shadow
}
cylinder {
	<29.080658, 37.636532, 34.078533>,  <28.654171, 37.567474, 33.486122>, 0.130000
	pigment { color rgbt <1,0,0,0> }
	no_shadow
}

// nucleotide -1

// particle -1
sphere {
	<29.080658, 37.636532, 34.078533> 0.250000
	pigment { color rgbt <1,0,0,0> }
	no_shadow
}
cylinder {
	<29.067417, 37.285942, 33.886410>,  <29.059473, 37.075588, 33.771137>, 0.100000
	pigment { color rgbt <1,0,0,0> }
	no_shadow
}
cylinder {
	<29.067417, 37.285942, 33.886410>,  <29.080658, 37.636532, 34.078533>, 0.100000
	pigment { color rgbt <1,0,0,0> }
	no_shadow
}

// particle -1
sphere {
	<29.067417, 37.285942, 33.886410> 0.100000
	pigment { color rgbt <1,0,0,0> }
	no_shadow
}
sphere {
	0, 1
	scale<0.080000,0.200000,0.300000>
	matrix <-0.092033, 0.481203, -0.871765,
		0.995206, 0.015348, -0.096592,
		-0.033100, -0.876475, -0.480308,
		29.057487, 37.022999, 33.742317>
	pigment { color rgbt <0,1,1,0> }
	no_shadow
}
cylinder {
	<29.740026, 37.521870, 33.723392>,  <29.080658, 37.636532, 34.078533>, 0.130000
	pigment { color rgbt <1,0,0,0> }
	no_shadow
}

// nucleotide -1

// particle -1
sphere {
	<29.740026, 37.521870, 33.723392> 0.250000
	pigment { color rgbt <1,0,0,0> }
	no_shadow
}
cylinder {
	<29.425869, 37.387695, 33.515301>,  <29.237373, 37.307190, 33.390446>, 0.100000
	pigment { color rgbt <1,0,0,0> }
	no_shadow
}
cylinder {
	<29.425869, 37.387695, 33.515301>,  <29.740026, 37.521870, 33.723392>, 0.100000
	pigment { color rgbt <1,0,0,0> }
	no_shadow
}

// particle -1
sphere {
	<29.425869, 37.387695, 33.515301> 0.100000
	pigment { color rgbt <1,0,0,0> }
	no_shadow
}
sphere {
	0, 1
	scale<0.080000,0.200000,0.300000>
	matrix <0.313398, 0.509276, -0.801511,
		0.533800, -0.792539, -0.294855,
		-0.785392, -0.335440, -0.520232,
		29.190250, 37.287064, 33.359230>
	pigment { color rgbt <0,1,1,0> }
	no_shadow
}
cylinder {
	<29.766214, 36.761852, 34.066502>,  <29.740026, 37.521870, 33.723392>, 0.130000
	pigment { color rgbt <1,0,0,0> }
	no_shadow
}

// nucleotide -1

// particle -1
sphere {
	<29.766214, 36.761852, 34.066502> 0.250000
	pigment { color rgbt <1,0,0,0> }
	no_shadow
}
cylinder {
	<29.552536, 36.435558, 34.155239>,  <29.424330, 36.239780, 34.208481>, 0.100000
	pigment { color rgbt <1,0,0,0> }
	no_shadow
}
cylinder {
	<29.552536, 36.435558, 34.155239>,  <29.766214, 36.761852, 34.066502>, 0.100000
	pigment { color rgbt <1,0,0,0> }
	no_shadow
}

// particle -1
sphere {
	<29.552536, 36.435558, 34.155239> 0.100000
	pigment { color rgbt <1,0,0,0> }
	no_shadow
}
sphere {
	0, 1
	scale<0.080000,0.200000,0.300000>
	matrix <0.844340, -0.501951, 0.187444,
		-0.041549, 0.287443, 0.956896,
		-0.534195, -0.815733, 0.221844,
		29.392277, 36.190838, 34.221794>
	pigment { color rgbt <0,1,1,0> }
	no_shadow
}
cylinder {
	<29.957338, 36.531101, 34.820831>,  <29.766214, 36.761852, 34.066502>, 0.130000
	pigment { color rgbt <1,0,0,0> }
	no_shadow
}

// nucleotide -1

// particle -1
sphere {
	<29.957338, 36.531101, 34.820831> 0.250000
	pigment { color rgbt <1,0,0,0> }
	no_shadow
}
cylinder {
	<29.830788, 36.261333, 34.553982>,  <29.754858, 36.099472, 34.393871>, 0.100000
	pigment { color rgbt <1,0,0,0> }
	no_shadow
}
cylinder {
	<29.830788, 36.261333, 34.553982>,  <29.957338, 36.531101, 34.820831>, 0.100000
	pigment { color rgbt <1,0,0,0> }
	no_shadow
}

// particle -1
sphere {
	<29.830788, 36.261333, 34.553982> 0.100000
	pigment { color rgbt <1,0,0,0> }
	no_shadow
}
sphere {
	0, 1
	scale<0.080000,0.200000,0.300000>
	matrix <0.864225, -0.494905, 0.090472,
		-0.391181, -0.547925, 0.739429,
		-0.316375, -0.674424, -0.667128,
		29.735876, 36.059006, 34.353844>
	pigment { color rgbt <0,1,1,0> }
	no_shadow
}
cylinder {
	<29.781374, 35.819878, 35.004627>,  <29.957338, 36.531101, 34.820831>, 0.130000
	pigment { color rgbt <1,0,0,0> }
	no_shadow
}

// nucleotide -1

// particle -1
sphere {
	<29.781374, 35.819878, 35.004627> 0.250000
	pigment { color rgbt <1,0,0,0> }
	no_shadow
}
cylinder {
	<29.898214, 35.807983, 34.622257>,  <29.968319, 35.800846, 34.392834>, 0.100000
	pigment { color rgbt <1,0,0,0> }
	no_shadow
}
cylinder {
	<29.898214, 35.807983, 34.622257>,  <29.781374, 35.819878, 35.004627>, 0.100000
	pigment { color rgbt <1,0,0,0> }
	no_shadow
}

// particle -1
sphere {
	<29.898214, 35.807983, 34.622257> 0.100000
	pigment { color rgbt <1,0,0,0> }
	no_shadow
}
sphere {
	0, 1
	scale<0.080000,0.200000,0.300000>
	matrix <0.856122, -0.437397, 0.275208,
		-0.426303, -0.898777, -0.102304,
		0.292098, -0.029738, -0.955926,
		29.985844, 35.799061, 34.335480>
	pigment { color rgbt <0,1,1,0> }
	no_shadow
}
cylinder {
	<30.094559, 35.170399, 34.740593>,  <29.781374, 35.819878, 35.004627>, 0.130000
	pigment { color rgbt <1,0,0,0> }
	no_shadow
}

// nucleotide -1

// particle -1
sphere {
	<30.094559, 35.170399, 34.740593> 0.250000
	pigment { color rgbt <1,0,0,0> }
	no_shadow
}
cylinder {
	<30.251144, 35.466728, 34.522259>,  <30.345097, 35.644524, 34.391258>, 0.100000
	pigment { color rgbt <1,0,0,0> }
	no_shadow
}
cylinder {
	<30.251144, 35.466728, 34.522259>,  <30.094559, 35.170399, 34.740593>, 0.100000
	pigment { color rgbt <1,0,0,0> }
	no_shadow
}

// particle -1
sphere {
	<30.251144, 35.466728, 34.522259> 0.100000
	pigment { color rgbt <1,0,0,0> }
	no_shadow
}
sphere {
	0, 1
	scale<0.080000,0.200000,0.300000>
	matrix <0.898421, -0.435971, 0.052625,
		-0.198984, -0.510993, -0.836237,
		0.391466, 0.740821, -0.545838,
		30.368584, 35.688976, 34.358509>
	pigment { color rgbt <0,1,1,0> }
	no_shadow
}
cylinder {
	<30.611118, 34.930813, 34.138042>,  <30.094559, 35.170399, 34.740593>, 0.130000
	pigment { color rgbt <1,0,0,0> }
	no_shadow
}

// nucleotide -1

// particle -1
sphere {
	<30.611118, 34.930813, 34.138042> 0.250000
	pigment { color rgbt <1,0,0,0> }
	no_shadow
}
cylinder {
	<30.664566, 35.287670, 34.310654>,  <30.696634, 35.501785, 34.414223>, 0.100000
	pigment { color rgbt <1,0,0,0> }
	no_shadow
}
cylinder {
	<30.664566, 35.287670, 34.310654>,  <30.611118, 34.930813, 34.138042>, 0.100000
	pigment { color rgbt <1,0,0,0> }
	no_shadow
}

// particle -1
sphere {
	<30.664566, 35.287670, 34.310654> 0.100000
	pigment { color rgbt <1,0,0,0> }
	no_shadow
}
sphere {
	0, 1
	scale<0.080000,0.200000,0.300000>
	matrix <0.955891, -0.230947, 0.181480,
		0.261567, 0.388247, -0.883655,
		0.133619, 0.892148, 0.431530,
		30.704651, 35.555313, 34.440113>
	pigment { color rgbt <0,1,1,0> }
	no_shadow
}
cylinder {
	<31.195139, 35.284096, 33.922264>,  <30.611118, 34.930813, 34.138042>, 0.130000
	pigment { color rgbt <1,0,0,0> }
	no_shadow
}

// nucleotide -1

// particle -1
sphere {
	<31.195139, 35.284096, 33.922264> 0.250000
	pigment { color rgbt <1,0,0,0> }
	no_shadow
}
cylinder {
	<31.132317, 35.429096, 34.289726>,  <31.094624, 35.516098, 34.510204>, 0.100000
	pigment { color rgbt <1,0,0,0> }
	no_shadow
}
cylinder {
	<31.132317, 35.429096, 34.289726>,  <31.195139, 35.284096, 33.922264>, 0.100000
	pigment { color rgbt <1,0,0,0> }
	no_shadow
}

// particle -1
sphere {
	<31.132317, 35.429096, 34.289726> 0.100000
	pigment { color rgbt <1,0,0,0> }
	no_shadow
}
sphere {
	0, 1
	scale<0.080000,0.200000,0.300000>
	matrix <0.962551, -0.151944, 0.224519,
		0.220973, 0.919514, -0.325062,
		-0.157057, 0.362501, 0.918655,
		31.085199, 35.537846, 34.565323>
	pigment { color rgbt <0,1,1,0> }
	no_shadow
}
cylinder {
	<31.591936, 35.828671, 33.994507>,  <31.195139, 35.284096, 33.922264>, 0.130000
	pigment { color rgbt <1,0,0,0> }
	no_shadow
}

// nucleotide -1

// particle -1
sphere {
	<31.591936, 35.828671, 33.994507> 0.250000
	pigment { color rgbt <1,0,0,0> }
	no_shadow
}
cylinder {
	<31.504717, 35.660828, 34.346958>,  <31.452385, 35.560123, 34.558430>, 0.100000
	pigment { color rgbt <1,0,0,0> }
	no_shadow
}
cylinder {
	<31.504717, 35.660828, 34.346958>,  <31.591936, 35.828671, 33.994507>, 0.100000
	pigment { color rgbt <1,0,0,0> }
	no_shadow
}

// particle -1
sphere {
	<31.504717, 35.660828, 34.346958> 0.100000
	pigment { color rgbt <1,0,0,0> }
	no_shadow
}
sphere {
	0, 1
	scale<0.080000,0.200000,0.300000>
	matrix <0.955310, -0.276415, 0.104770,
		0.199595, 0.864595, 0.461127,
		-0.218046, -0.419608, 0.881127,
		31.439302, 35.534946, 34.611298>
	pigment { color rgbt <0,1,1,0> }
	no_shadow
}
cylinder {
	<31.459429, 36.324379, 34.620049>,  <31.591936, 35.828671, 33.994507>, 0.130000
	pigment { color rgbt <1,0,0,0> }
	no_shadow
}

// nucleotide -1

// particle -1
sphere {
	<31.459429, 36.324379, 34.620049> 0.250000
	pigment { color rgbt <1,0,0,0> }
	no_shadow
}
cylinder {
	<31.463957, 36.095783, 34.948261>,  <31.466675, 35.958626, 35.145187>, 0.100000
	pigment { color rgbt <1,0,0,0> }
	no_shadow
}
cylinder {
	<31.463957, 36.095783, 34.948261>,  <31.459429, 36.324379, 34.620049>, 0.100000
	pigment { color rgbt <1,0,0,0> }
	no_shadow
}

// particle -1
sphere {
	<31.463957, 36.095783, 34.948261> 0.100000
	pigment { color rgbt <1,0,0,0> }
	no_shadow
}
sphere {
	0, 1
	scale<0.080000,0.200000,0.300000>
	matrix <0.384786, 0.759883, 0.523944,
		-0.922936, 0.309796, 0.228505,
		0.011322, -0.571493, 0.820529,
		31.467354, 35.924335, 35.194420>
	pigment { color rgbt <0,1,1,0> }
	no_shadow
}
cylinder {
	<31.379940, 36.747581, 35.226158>,  <31.459429, 36.324379, 34.620049>, 0.130000
	pigment { color rgbt <1,0,0,0> }
	no_shadow
}

// nucleotide -1

// particle -1
sphere {
	<31.379940, 36.747581, 35.226158> 0.250000
	pigment { color rgbt <1,0,0,0> }
	no_shadow
}
cylinder {
	<31.545612, 36.413460, 35.370781>,  <31.645016, 36.212986, 35.457554>, 0.100000
	pigment { color rgbt <1,0,0,0> }
	no_shadow
}
cylinder {
	<31.545612, 36.413460, 35.370781>,  <31.379940, 36.747581, 35.226158>, 0.100000
	pigment { color rgbt <1,0,0,0> }
	no_shadow
}

// particle -1
sphere {
	<31.545612, 36.413460, 35.370781> 0.100000
	pigment { color rgbt <1,0,0,0> }
	no_shadow
}
sphere {
	0, 1
	scale<0.080000,0.200000,0.300000>
	matrix <0.389384, 0.521652, 0.759118,
		-0.822700, -0.173627, 0.541311,
		0.414179, -0.835304, 0.361556,
		31.669867, 36.162868, 35.479248>
	pigment { color rgbt <0,1,1,0> }
	no_shadow
}
cylinder {
	<31.170736, 36.607555, 35.980923>,  <31.379940, 36.747581, 35.226158>, 0.130000
	pigment { color rgbt <1,0,0,0> }
	no_shadow
}

// nucleotide -1

// particle -1
sphere {
	<31.170736, 36.607555, 35.980923> 0.250000
	pigment { color rgbt <1,0,0,0> }
	no_shadow
}
cylinder {
	<31.527399, 36.452942, 35.886658>,  <31.741396, 36.360172, 35.830097>, 0.100000
	pigment { color rgbt <1,0,0,0> }
	no_shadow
}
cylinder {
	<31.527399, 36.452942, 35.886658>,  <31.170736, 36.607555, 35.980923>, 0.100000
	pigment { color rgbt <1,0,0,0> }
	no_shadow
}

// particle -1
sphere {
	<31.527399, 36.452942, 35.886658> 0.100000
	pigment { color rgbt <1,0,0,0> }
	no_shadow
}
sphere {
	0, 1
	scale<0.080000,0.200000,0.300000>
	matrix <0.437955, 0.604668, 0.665261,
		-0.114647, -0.696396, 0.708441,
		0.891657, -0.386536, -0.235666,
		31.794895, 36.336983, 35.815956>
	pigment { color rgbt <0,1,1,0> }
	no_shadow
}
cylinder {
	<31.604696, 36.441509, 36.574478>,  <31.170736, 36.607555, 35.980923>, 0.130000
	pigment { color rgbt <1,0,0,0> }
	no_shadow
}

// nucleotide -1

// particle -1
sphere {
	<31.604696, 36.441509, 36.574478> 0.250000
	pigment { color rgbt <1,0,0,0> }
	no_shadow
}
cylinder {
	<31.856419, 36.493229, 36.267948>,  <32.007454, 36.524261, 36.084030>, 0.100000
	pigment { color rgbt <1,0,0,0> }
	no_shadow
}
cylinder {
	<31.856419, 36.493229, 36.267948>,  <31.604696, 36.441509, 36.574478>, 0.100000
	pigment { color rgbt <1,0,0,0> }
	no_shadow
}

// particle -1
sphere {
	<31.856419, 36.493229, 36.267948> 0.100000
	pigment { color rgbt <1,0,0,0> }
	no_shadow
}
sphere {
	0, 1
	scale<0.080000,0.200000,0.300000>
	matrix <0.571955, 0.590536, 0.569328,
		0.526155, -0.796586, 0.297676,
		0.629307, 0.129298, -0.766325,
		32.045212, 36.532017, 36.038052>
	pigment { color rgbt <0,1,1,0> }
	no_shadow
}
cylinder {
	<32.190395, 36.537197, 36.970974>,  <31.604696, 36.441509, 36.574478>, 0.130000
	pigment { color rgbt <1,0,0,0> }
	no_shadow
}

// nucleotide -1

// particle -1
sphere {
	<32.190395, 36.537197, 36.970974> 0.250000
	pigment { color rgbt <1,0,0,0> }
	no_shadow
}
cylinder {
	<32.330811, 36.670925, 36.621117>,  <32.415062, 36.751160, 36.411201>, 0.100000
	pigment { color rgbt <1,0,0,0> }
	no_shadow
}
cylinder {
	<32.330811, 36.670925, 36.621117>,  <32.190395, 36.537197, 36.970974>, 0.100000
	pigment { color rgbt <1,0,0,0> }
	no_shadow
}

// particle -1
sphere {
	<32.330811, 36.670925, 36.621117> 0.100000
	pigment { color rgbt <1,0,0,0> }
	no_shadow
}
sphere {
	0, 1
	scale<0.080000,0.200000,0.300000>
	matrix <0.747403, 0.462646, 0.476810,
		0.564056, -0.821092, -0.087461,
		0.351042, 0.334316, -0.874644,
		32.436123, 36.771221, 36.358723>
	pigment { color rgbt <0,1,1,0> }
	no_shadow
}
cylinder {
	<32.856049, 36.257324, 36.692886>,  <32.190395, 36.537197, 36.970974>, 0.130000
	pigment { color rgbt <1,0,0,0> }
	no_shadow
}

// nucleotide -1

// particle -1
sphere {
	<32.856049, 36.257324, 36.692886> 0.250000
	pigment { color rgbt <1,0,0,0> }
	no_shadow
}
cylinder {
	<32.763355, 36.638454, 36.614471>,  <32.707737, 36.867130, 36.567425>, 0.100000
	pigment { color rgbt <1,0,0,0> }
	no_shadow
}
cylinder {
	<32.763355, 36.638454, 36.614471>,  <32.856049, 36.257324, 36.692886>, 0.100000
	pigment { color rgbt <1,0,0,0> }
	no_shadow
}

// particle -1
sphere {
	<32.763355, 36.638454, 36.614471> 0.100000
	pigment { color rgbt <1,0,0,0> }
	no_shadow
}
sphere {
	0, 1
	scale<0.080000,0.200000,0.300000>
	matrix <0.565539, 0.295926, 0.769802,
		0.791495, 0.067527, -0.607434,
		-0.231738, 0.952821, -0.196034,
		32.693832, 36.924301, 36.555660>
	pigment { color rgbt <0,1,1,0> }
	no_shadow
}
cylinder {
	<33.273113, 36.825485, 36.331131>,  <32.856049, 36.257324, 36.692886>, 0.130000
	pigment { color rgbt <1,0,0,0> }
	no_shadow
}

// nucleotide -1

// particle -1
sphere {
	<33.273113, 36.825485, 36.331131> 0.250000
	pigment { color rgbt <1,0,0,0> }
	no_shadow
}
cylinder {
	<33.171501, 36.981480, 35.977097>,  <33.110535, 37.075077, 35.764675>, 0.100000
	pigment { color rgbt <1,0,0,0> }
	no_shadow
}
cylinder {
	<33.171501, 36.981480, 35.977097>,  <33.273113, 36.825485, 36.331131>, 0.100000
	pigment { color rgbt <1,0,0,0> }
	no_shadow
}

// particle -1
sphere {
	<33.171501, 36.981480, 35.977097> 0.100000
	pigment { color rgbt <1,0,0,0> }
	no_shadow
}
sphere {
	0, 1
	scale<0.080000,0.200000,0.300000>
	matrix <-0.228916, 0.864862, 0.446779,
		0.939715, 0.316107, -0.130428,
		-0.254032, 0.389988, -0.885086,
		33.095291, 37.098476, 35.711571>
	pigment { color rgbt <0,1,1,0> }
	no_shadow
}
cylinder {
	<33.585289, 37.386986, 35.935253>,  <33.273113, 36.825485, 36.331131>, 0.130000
	pigment { color rgbt <1,0,0,0> }
	no_shadow
}

// nucleotide -1

// particle -1
sphere {
	<33.585289, 37.386986, 35.935253> 0.250000
	pigment { color rgbt <1,0,0,0> }
	no_shadow
}
cylinder {
	<33.207405, 37.466728, 35.831112>,  <32.980675, 37.514576, 35.768627>, 0.100000
	pigment { color rgbt <1,0,0,0> }
	no_shadow
}
cylinder {
	<33.207405, 37.466728, 35.831112>,  <33.585289, 37.386986, 35.935253>, 0.100000
	pigment { color rgbt <1,0,0,0> }
	no_shadow
}

// particle -1
sphere {
	<33.207405, 37.466728, 35.831112> 0.100000
	pigment { color rgbt <1,0,0,0> }
	no_shadow
}
sphere {
	0, 1
	scale<0.080000,0.200000,0.300000>
	matrix <0.034779, 0.850404, 0.524980,
		0.326062, 0.486899, -0.810317,
		-0.944709, 0.199358, -0.260350,
		32.923992, 37.526535, 35.753006>
	pigment { color rgbt <0,1,1,0> }
	no_shadow
}
cylinder {
	<33.646435, 38.106674, 35.851589>,  <33.585289, 37.386986, 35.935253>, 0.130000
	pigment { color rgbt <1,0,0,0> }
	no_shadow
}

// nucleotide -1

// particle -1
sphere {
	<33.646435, 38.106674, 35.851589> 0.250000
	pigment { color rgbt <1,0,0,0> }
	no_shadow
}
cylinder {
	<33.269005, 37.986252, 35.906765>,  <33.042545, 37.913998, 35.939869>, 0.100000
	pigment { color rgbt <1,0,0,0> }
	no_shadow
}
cylinder {
	<33.269005, 37.986252, 35.906765>,  <33.646435, 38.106674, 35.851589>, 0.100000
	pigment { color rgbt <1,0,0,0> }
	no_shadow
}

// particle -1
sphere {
	<33.269005, 37.986252, 35.906765> 0.100000
	pigment { color rgbt <1,0,0,0> }
	no_shadow
}
sphere {
	0, 1
	scale<0.080000,0.200000,0.300000>
	matrix <-0.215222, 0.874095, 0.435474,
		-0.251672, 0.381216, -0.889570,
		-0.943579, -0.301052, 0.137939,
		32.985931, 37.895935, 35.948147>
	pigment { color rgbt <0,1,1,0> }
	no_shadow
}
cylinder {
	<33.175091, 38.602684, 35.481789>,  <33.646435, 38.106674, 35.851589>, 0.130000
	pigment { color rgbt <1,0,0,0> }
	no_shadow
}

// nucleotide -1

// particle -1
sphere {
	<33.175091, 38.602684, 35.481789> 0.250000
	pigment { color rgbt <1,0,0,0> }
	no_shadow
}
cylinder {
	<32.995079, 38.420036, 35.788769>,  <32.887074, 38.310448, 35.972958>, 0.100000
	pigment { color rgbt <1,0,0,0> }
	no_shadow
}
cylinder {
	<32.995079, 38.420036, 35.788769>,  <33.175091, 38.602684, 35.481789>, 0.100000
	pigment { color rgbt <1,0,0,0> }
	no_shadow
}

// particle -1
sphere {
	<32.995079, 38.420036, 35.788769> 0.100000
	pigment { color rgbt <1,0,0,0> }
	no_shadow
}
sphere {
	0, 1
	scale<0.080000,0.200000,0.300000>
	matrix <-0.227943, 0.889659, 0.395662,
		-0.863435, 0.003123, -0.504451,
		-0.450025, -0.456615, 0.767451,
		32.860073, 38.283051, 36.019005>
	pigment { color rgbt <0,1,1,0> }
	no_shadow
}
cylinder {
	<32.553761, 38.967106, 35.629112>,  <33.175091, 38.602684, 35.481789>, 0.130000
	pigment { color rgbt <1,0,0,0> }
	no_shadow
}

// nucleotide -1

// particle -1
sphere {
	<32.553761, 38.967106, 35.629112> 0.250000
	pigment { color rgbt <1,0,0,0> }
	no_shadow
}
cylinder {
	<32.677711, 38.774971, 35.957321>,  <32.752083, 38.659691, 36.154247>, 0.100000
	pigment { color rgbt <1,0,0,0> }
	no_shadow
}
cylinder {
	<32.677711, 38.774971, 35.957321>,  <32.553761, 38.967106, 35.629112>, 0.100000
	pigment { color rgbt <1,0,0,0> }
	no_shadow
}

// particle -1
sphere {
	<32.677711, 38.774971, 35.957321> 0.100000
	pigment { color rgbt <1,0,0,0> }
	no_shadow
}
sphere {
	0, 1
	scale<0.080000,0.200000,0.300000>
	matrix <0.044937, 0.869437, 0.491997,
		-0.949715, -0.115585, 0.291001,
		0.309875, -0.480333, 0.820523,
		32.770676, 38.630871, 36.203480>
	pigment { color rgbt <0,1,1,0> }
	no_shadow
}
cylinder {
	<32.183186, 39.321075, 36.250111>,  <32.553761, 38.967106, 35.629112>, 0.130000
	pigment { color rgbt <1,0,0,0> }
	no_shadow
}

// nucleotide -1

// particle -1
sphere {
	<32.183186, 39.321075, 36.250111> 0.250000
	pigment { color rgbt <1,0,0,0> }
	no_shadow
}
cylinder {
	<32.510811, 39.121864, 36.364033>,  <32.707386, 39.002338, 36.432384>, 0.100000
	pigment { color rgbt <1,0,0,0> }
	no_shadow
}
cylinder {
	<32.510811, 39.121864, 36.364033>,  <32.183186, 39.321075, 36.250111>, 0.100000
	pigment { color rgbt <1,0,0,0> }
	no_shadow
}

// particle -1
sphere {
	<32.510811, 39.121864, 36.364033> 0.100000
	pigment { color rgbt <1,0,0,0> }
	no_shadow
}
sphere {
	0, 1
	scale<0.080000,0.200000,0.300000>
	matrix <0.237585, 0.746302, 0.621761,
		-0.522203, -0.441593, 0.729588,
		0.819059, -0.498025, 0.284805,
		32.756527, 38.972458, 36.449474>
	pigment { color rgbt <0,1,1,0> }
	no_shadow
}
cylinder {
	<32.280575, 39.492405, 37.017132>,  <32.183186, 39.321075, 36.250111>, 0.130000
	pigment { color rgbt <1,0,0,0> }
	no_shadow
}

// nucleotide -1

// particle -1
sphere {
	<32.280575, 39.492405, 37.017132> 0.250000
	pigment { color rgbt <1,0,0,0> }
	no_shadow
}
cylinder {
	<32.590984, 39.385246, 36.788742>,  <32.777229, 39.320950, 36.651707>, 0.100000
	pigment { color rgbt <1,0,0,0> }
	no_shadow
}
cylinder {
	<32.590984, 39.385246, 36.788742>,  <32.280575, 39.492405, 37.017132>, 0.100000
	pigment { color rgbt <1,0,0,0> }
	no_shadow
}

// particle -1
sphere {
	<32.590984, 39.385246, 36.788742> 0.100000
	pigment { color rgbt <1,0,0,0> }
	no_shadow
}
sphere {
	0, 1
	scale<0.080000,0.200000,0.300000>
	matrix <0.496174, 0.818191, 0.290473,
		0.389351, -0.508719, 0.767861,
		0.776026, -0.267897, -0.570977,
		32.823792, 39.304878, 36.617451>
	pigment { color rgbt <0,1,1,0> }
	no_shadow
}
cylinder {
	<32.939960, 39.715672, 37.208057>,  <32.280575, 39.492405, 37.017132>, 0.130000
	pigment { color rgbt <1,0,0,0> }
	no_shadow
}

// nucleotide -1

// particle -1
sphere {
	<32.939960, 39.715672, 37.208057> 0.250000
	pigment { color rgbt <1,0,0,0> }
	no_shadow
}
cylinder {
	<32.725410, 39.404461, 37.338890>,  <32.596680, 39.217735, 37.417389>, 0.100000
	pigment { color rgbt <1,0,0,0> }
	no_shadow
}
cylinder {
	<32.725410, 39.404461, 37.338890>,  <32.939960, 39.715672, 37.208057>, 0.100000
	pigment { color rgbt <1,0,0,0> }
	no_shadow
}

// particle -1
sphere {
	<32.725410, 39.404461, 37.338890> 0.100000
	pigment { color rgbt <1,0,0,0> }
	no_shadow
}
sphere {
	0, 1
	scale<0.080000,0.200000,0.300000>
	matrix <0.196962, -0.492237, -0.847885,
		0.820678, -0.390358, 0.417263,
		-0.536371, -0.778025, 0.327082,
		32.564499, 39.171055, 37.437016>
	pigment { color rgbt <0,1,1,0> }
	no_shadow
}
cylinder {
	<33.314926, 39.118401, 37.117325>,  <32.939960, 39.715672, 37.208057>, 0.130000
	pigment { color rgbt <1,0,0,0> }
	no_shadow
}

// nucleotide -1

// particle -1
sphere {
	<33.314926, 39.118401, 37.117325> 0.250000
	pigment { color rgbt <1,0,0,0> }
	no_shadow
}
cylinder {
	<32.932106, 39.002556, 37.112076>,  <32.702412, 38.933048, 37.108925>, 0.100000
	pigment { color rgbt <1,0,0,0> }
	no_shadow
}
cylinder {
	<32.932106, 39.002556, 37.112076>,  <33.314926, 39.118401, 37.117325>, 0.100000
	pigment { color rgbt <1,0,0,0> }
	no_shadow
}

// particle -1
sphere {
	<32.932106, 39.002556, 37.112076> 0.100000
	pigment { color rgbt <1,0,0,0> }
	no_shadow
}
sphere {
	0, 1
	scale<0.080000,0.200000,0.300000>
	matrix <0.205140, -0.644539, -0.736537,
		0.204849, -0.707598, 0.676270,
		-0.957055, -0.289609, -0.013123,
		32.644989, 38.915672, 37.108139>
	pigment { color rgbt <0,1,1,0> }
	no_shadow
}
cylinder {
	<33.270416, 38.486309, 37.361904>,  <33.314926, 39.118401, 37.117325>, 0.130000
	pigment { color rgbt <1,0,0,0> }
	no_shadow
}

// nucleotide -1

// particle -1
sphere {
	<33.270416, 38.486309, 37.361904> 0.250000
	pigment { color rgbt <1,0,0,0> }
	no_shadow
}
cylinder {
	<32.972164, 38.566837, 37.107815>,  <32.793213, 38.615154, 36.955360>, 0.100000
	pigment { color rgbt <1,0,0,0> }
	no_shadow
}
cylinder {
	<32.972164, 38.566837, 37.107815>,  <33.270416, 38.486309, 37.361904>, 0.100000
	pigment { color rgbt <1,0,0,0> }
	no_shadow
}

// particle -1
sphere {
	<32.972164, 38.566837, 37.107815> 0.100000
	pigment { color rgbt <1,0,0,0> }
	no_shadow
}
sphere {
	0, 1
	scale<0.080000,0.200000,0.300000>
	matrix <0.244443, -0.804176, -0.541800,
