// switches for output
#declare DRAW_BASES = 1; // possible values are 0, 1; only relevant for DNA ribbons
#declare DRAW_BASES_TYPE = 3; // possible values are 1, 2, 3; only relevant for DNA ribbons
#declare DRAW_FOG = 0; // set to 1 to enable fog

#include "colors.inc"

#include "transforms.inc"
background { rgb <1, 1, 1>}

#default {
   normal{
       ripples 0.25
       frequency 0.20
       turbulence 0.2
       lambda 5
   }
	finish {
		phong 0.1
		phong_size 40.
	}
}

// original window dimensions: 1024x640


// camera settings

camera {
	sky <0, 0.179814, -0.983701>
	up <0, 0.179814, -0.983701>
	right 1.6 * <1, 0, 0>
	location <35, 94.9851, 44.8844>
	look_at <35, 29.7336, 32.9568>
	direction <0, -65.2515, -11.9276>
	angle 67.0682
}


# declare cpy_camera_pos = <35, 94.9851, 44.8844>;
# if (DRAW_FOG = 1)
fog {
	fog_type 2
	up vnormalize(cpy_camera_pos)
	color rgbt<1,1,1,0.3>
	distance 1e-5
	fog_alt 3e-3
	fog_offset 56
}
# end


// LIGHTS

# declare lum = 6;
global_settings {
	ambient_light rgb lum * <0.05, 0.05, 0.05>
	max_trace_level 15
}# declare cpy_direct_light_amount = 0.25;
light_source
{	1000 * <-1, -1.16352, -0.803886>,
	rgb lum * cpy_direct_light_amount
	parallel
}

light_source
{	1000 * <1, 1.16352, 0.803886>,
	rgb lum * cpy_direct_light_amount
	parallel
}

// strand 0

// nucleotide -1

// particle -1
sphere {
	<24.502211, 34.874069, 34.689045> 0.250000
	pigment { color rgbt <1,0,0,0> }
	no_shadow
}
cylinder {
	<24.289616, 34.789494, 35.017147>,  <24.162060, 34.738750, 35.214008>, 0.100000
	pigment { color rgbt <1,0,0,0> }
	no_shadow
}
cylinder {
	<24.289616, 34.789494, 35.017147>,  <24.502211, 34.874069, 34.689045>, 0.100000
	pigment { color rgbt <1,0,0,0> }
	no_shadow
}

// particle -1
sphere {
	<24.289616, 34.789494, 35.017147> 0.100000
	pigment { color rgbt <1,0,0,0> }
	no_shadow
}
sphere {
	0, 1
	scale<0.080000,0.200000,0.300000>
	matrix <0.826448, 0.082918, 0.556874,
		-0.185757, 0.973868, 0.130671,
		-0.531487, -0.211437, 0.820254,
		24.130169, 34.726063, 35.263222>
	pigment { color rgbt <0,1,1,0> }
	no_shadow
}
cylinder {
	<24.811983, 34.645752, 34.094963>,  <24.502211, 34.874069, 34.689045>, 0.130000
	pigment { color rgbt <1,0,0,0> }
	no_shadow
}

// nucleotide -1

// particle -1
sphere {
	<24.811983, 34.645752, 34.094963> 0.250000
	pigment { color rgbt <1,0,0,0> }
	no_shadow
}
cylinder {
	<25.088736, 34.381813, 33.977730>,  <25.254787, 34.223450, 33.907391>, 0.100000
	pigment { color rgbt <1,0,0,0> }
	no_shadow
}
cylinder {
	<25.088736, 34.381813, 33.977730>,  <24.811983, 34.645752, 34.094963>, 0.100000
	pigment { color rgbt <1,0,0,0> }
	no_shadow
}

// particle -1
sphere {
	<25.088736, 34.381813, 33.977730> 0.100000
	pigment { color rgbt <1,0,0,0> }
	no_shadow
}
sphere {
	0, 1
	scale<0.080000,0.200000,0.300000>
	matrix <0.659316, 0.411952, 0.628966,
		-0.294286, -0.628406, 0.720071,
		0.691880, -0.659850, -0.293086,
		25.296299, 34.183857, 33.889805>
	pigment { color rgbt <0,1,1,0> }
	no_shadow
}
cylinder {
	<25.060308, 34.304527, 34.685730>,  <24.811983, 34.645752, 34.094963>, 0.130000
	pigment { color rgbt <1,0,0,0> }
	no_shadow
}

// nucleotide -1

// particle -1
sphere {
	<25.060308, 34.304527, 34.685730> 0.250000
	pigment { color rgbt <1,0,0,0> }
	no_shadow
}
cylinder {
	<25.319065, 34.296223, 34.380810>,  <25.474319, 34.291241, 34.197857>, 0.100000
	pigment { color rgbt <1,0,0,0> }
	no_shadow
}
cylinder {
	<25.319065, 34.296223, 34.380810>,  <25.060308, 34.304527, 34.685730>, 0.100000
	pigment { color rgbt <1,0,0,0> }
	no_shadow
}

// particle -1
sphere {
	<25.319065, 34.296223, 34.380810> 0.100000
	pigment { color rgbt <1,0,0,0> }
	no_shadow
}
sphere {
	0, 1
	scale<0.080000,0.200000,0.300000>
	matrix <0.707887, 0.388103, 0.590146,
		0.283595, -0.921382, 0.265761,
		0.646892, -0.020766, -0.762299,
		25.513132, 34.289993, 34.152119>
	pigment { color rgbt <0,1,1,0> }
	no_shadow
}
cylinder {
	<25.753563, 34.087311, 34.836071>,  <25.060308, 34.304527, 34.685730>, 0.130000
	pigment { color rgbt <1,0,0,0> }
	no_shadow
}

// nucleotide -1

// particle -1
sphere {
	<25.753563, 34.087311, 34.836071> 0.250000
	pigment { color rgbt <1,0,0,0> }
	no_shadow
}
cylinder {
	<25.855171, 34.255611, 34.487717>,  <25.916136, 34.356590, 34.278706>, 0.100000
	pigment { color rgbt <1,0,0,0> }
	no_shadow
}
cylinder {
	<25.855171, 34.255611, 34.487717>,  <25.753563, 34.087311, 34.836071>, 0.100000
	pigment { color rgbt <1,0,0,0> }
	no_shadow
}

// particle -1
sphere {
	<25.855171, 34.255611, 34.487717> 0.100000
	pigment { color rgbt <1,0,0,0> }
	no_shadow
}
sphere {
	0, 1
	scale<0.080000,0.200000,0.300000>
	matrix <0.931125, 0.137235, 0.337895,
		0.261686, -0.896735, -0.356913,
		0.254021, 0.420753, -0.870885,
		25.931377, 34.381836, 34.226452>
	pigment { color rgbt <0,1,1,0> }
	no_shadow
}
cylinder {
	<26.313597, 33.698574, 34.510323>,  <25.753563, 34.087311, 34.836071>, 0.130000
	pigment { color rgbt <1,0,0,0> }
	no_shadow
}

// nucleotide -1

// particle -1
sphere {
	<26.313597, 33.698574, 34.510323> 0.250000
	pigment { color rgbt <1,0,0,0> }
	no_shadow
}
cylinder {
	<26.274328, 34.091259, 34.445068>,  <26.250767, 34.326870, 34.405918>, 0.100000
	pigment { color rgbt <1,0,0,0> }
	no_shadow
}
cylinder {
	<26.274328, 34.091259, 34.445068>,  <26.313597, 33.698574, 34.510323>, 0.100000
	pigment { color rgbt <1,0,0,0> }
	no_shadow
}

// particle -1
sphere {
	<26.274328, 34.091259, 34.445068> 0.100000
	pigment { color rgbt <1,0,0,0> }
	no_shadow
}
sphere {
	0, 1
	scale<0.080000,0.200000,0.300000>
	matrix <0.869322, 0.164387, 0.466108,
		0.484398, -0.096056, -0.869558,
		-0.098172, 0.981708, -0.163133,
		26.244877, 34.385773, 34.396130>
	pigment { color rgbt <0,1,1,0> }
	no_shadow
}
cylinder {
	<26.842571, 33.856407, 34.050816>,  <26.313597, 33.698574, 34.510323>, 0.130000
	pigment { color rgbt <1,0,0,0> }
	no_shadow
}

// nucleotide -1

// particle -1
sphere {
	<26.842571, 33.856407, 34.050816> 0.250000
	pigment { color rgbt <1,0,0,0> }
	no_shadow
}
cylinder {
	<26.715620, 34.127472, 34.316162>,  <26.639450, 34.290112, 34.475368>, 0.100000
	pigment { color rgbt <1,0,0,0> }
	no_shadow
}
cylinder {
	<26.715620, 34.127472, 34.316162>,  <26.842571, 33.856407, 34.050816>, 0.100000
	pigment { color rgbt <1,0,0,0> }
	no_shadow
}

// particle -1
sphere {
	<26.715620, 34.127472, 34.316162> 0.100000
	pigment { color rgbt <1,0,0,0> }
	no_shadow
}
sphere {
	0, 1
	scale<0.080000,0.200000,0.300000>
	matrix <0.899508, -0.006364, 0.436859,
		0.300263, 0.735348, -0.607540,
		-0.317377, 0.677659, 0.663362,
		26.620407, 34.330769, 34.515171>
	pigment { color rgbt <0,1,1,0> }
	no_shadow
}
cylinder {
	<27.202389, 34.537148, 33.998348>,  <26.842571, 33.856407, 34.050816>, 0.130000
	pigment { color rgbt <1,0,0,0> }
	no_shadow
}

// nucleotide -1

// particle -1
sphere {
	<27.202389, 34.537148, 33.998348> 0.250000
	pigment { color rgbt <1,0,0,0> }
	no_shadow
}
cylinder {
	<27.061604, 34.419147, 34.353672>,  <26.977133, 34.348347, 34.566868>, 0.100000
	pigment { color rgbt <1,0,0,0> }
	no_shadow
}
cylinder {
	<27.061604, 34.419147, 34.353672>,  <27.202389, 34.537148, 33.998348>, 0.100000
	pigment { color rgbt <1,0,0,0> }
	no_shadow
}

// particle -1
sphere {
	<27.061604, 34.419147, 34.353672> 0.100000
	pigment { color rgbt <1,0,0,0> }
	no_shadow
}
sphere {
	0, 1
	scale<0.080000,0.200000,0.300000>
	matrix <0.933713, -0.044148, 0.355291,
		-0.065593, 0.954477, 0.290982,
		-0.351963, -0.294999, 0.888312,
		26.956015, 34.330647, 34.620167>
	pigment { color rgbt <0,1,1,0> }
	no_shadow
}
cylinder {
	<27.268242, 35.009666, 34.510742>,  <27.202389, 34.537148, 33.998348>, 0.130000
	pigment { color rgbt <1,0,0,0> }
	no_shadow
}

// nucleotide -1

// particle -1
sphere {
	<27.268242, 35.009666, 34.510742> 0.250000
	pigment { color rgbt <1,0,0,0> }
	no_shadow
}
cylinder {
	<27.296049, 34.631977, 34.639500>,  <27.312735, 34.405365, 34.716755>, 0.100000
	pigment { color rgbt <1,0,0,0> }
	no_shadow
}
cylinder {
	<27.296049, 34.631977, 34.639500>,  <27.268242, 35.009666, 34.510742>, 0.100000
	pigment { color rgbt <1,0,0,0> }
	no_shadow
}

// particle -1
sphere {
	<27.296049, 34.631977, 34.639500> 0.100000
	pigment { color rgbt <1,0,0,0> }
	no_shadow
}
sphere {
	0, 1
	scale<0.080000,0.200000,0.300000>
	matrix <0.973125, 0.135197, 0.186411,
		-0.219532, 0.300280, 0.928244,
		0.069520, -0.944221, 0.321891,
		27.316906, 34.348709, 34.736065>
	pigment { color rgbt <0,1,1,0> }
	no_shadow
}
cylinder {
	<27.676163, 35.023346, 35.243370>,  <27.268242, 35.009666, 34.510742>, 0.130000
	pigment { color rgbt <1,0,0,0> }
	no_shadow
}

// nucleotide -1

// particle -1
sphere {
	<27.676163, 35.023346, 35.243370> 0.250000
	pigment { color rgbt <1,0,0,0> }
	no_shadow
}
cylinder {
	<27.723577, 34.707932, 35.001987>,  <27.752028, 34.518684, 34.857159>, 0.100000
	pigment { color rgbt <1,0,0,0> }
	no_shadow
}
cylinder {
	<27.723577, 34.707932, 35.001987>,  <27.676163, 35.023346, 35.243370>, 0.100000
	pigment { color rgbt <1,0,0,0> }
	no_shadow
}

// particle -1
sphere {
	<27.723577, 34.707932, 35.001987> 0.100000
	pigment { color rgbt <1,0,0,0> }
	no_shadow
}
sphere {
	0, 1
	scale<0.080000,0.200000,0.300000>
	matrix <0.984373, 0.013616, 0.175570,
		-0.130226, -0.614841, 0.777825,
		0.118538, -0.788534, -0.603459,
		27.759138, 34.471371, 34.820950>
	pigment { color rgbt <0,1,1,0> }
	no_shadow
}
cylinder {
	<27.862566, 34.870140, 35.908432>,  <27.676163, 35.023346, 35.243370>, 0.130000
	pigment { color rgbt <1,0,0,0> }
	no_shadow
}

// nucleotide -1

// particle -1
sphere {
	<27.862566, 34.870140, 35.908432> 0.250000
	pigment { color rgbt <1,0,0,0> }
	no_shadow
}
cylinder {
	<28.007893, 35.159328, 36.143486>,  <28.095089, 35.332840, 36.284519>, 0.100000
	pigment { color rgbt <1,0,0,0> }
	no_shadow
}
cylinder {
	<28.007893, 35.159328, 36.143486>,  <27.862566, 34.870140, 35.908432>, 0.100000
	pigment { color rgbt <1,0,0,0> }
	no_shadow
}

// particle -1
sphere {
	<28.007893, 35.159328, 36.143486> 0.100000
	pigment { color rgbt <1,0,0,0> }
	no_shadow
}
sphere {
	0, 1
	scale<0.080000,0.200000,0.300000>
	matrix <-0.733825, -0.166546, 0.658607,
		0.574023, -0.670502, 0.470026,
		0.363316, 0.722972, 0.587633,
		28.116888, 35.376221, 36.319775>
	pigment { color rgbt <0,1,1,0> }
	no_shadow
}
cylinder {
	<28.112127, 34.507458, 36.537193>,  <27.862566, 34.870140, 35.908432>, 0.130000
	pigment { color rgbt <1,0,0,0> }
	no_shadow
}

// nucleotide -1

// particle -1
sphere {
	<28.112127, 34.507458, 36.537193> 0.250000
	pigment { color rgbt <1,0,0,0> }
	no_shadow
}
cylinder {
	<27.990589, 34.885605, 36.584454>,  <27.917665, 35.112492, 36.612808>, 0.100000
	pigment { color rgbt <1,0,0,0> }
	no_shadow
}
cylinder {
	<27.990589, 34.885605, 36.584454>,  <28.112127, 34.507458, 36.537193>, 0.100000
	pigment { color rgbt <1,0,0,0> }
	no_shadow
}

// particle -1
sphere {
	<27.990589, 34.885605, 36.584454> 0.100000
	pigment { color rgbt <1,0,0,0> }
	no_shadow
}
sphere {
	0, 1
	scale<0.080000,0.200000,0.300000>
	matrix <-0.725952, -0.310049, 0.613892,
		0.616986, 0.100756, 0.780497,
		-0.303846, 0.945367, 0.118152,
		27.899435, 35.169216, 36.619900>
	pigment { color rgbt <0,1,1,0> }
	no_shadow
}
cylinder {
	<27.902430, 34.612415, 37.257702>,  <28.112127, 34.507458, 36.537193>, 0.130000
	pigment { color rgbt <1,0,0,0> }
	no_shadow
}

// nucleotide -1

// particle -1
sphere {
	<27.902430, 34.612415, 37.257702> 0.250000
	pigment { color rgbt <1,0,0,0> }
	no_shadow
}
cylinder {
	<27.710546, 34.867752, 37.016903>,  <27.595417, 35.020954, 36.872421>, 0.100000
	pigment { color rgbt <1,0,0,0> }
	no_shadow
}
cylinder {
	<27.710546, 34.867752, 37.016903>,  <27.902430, 34.612415, 37.257702>, 0.100000
	pigment { color rgbt <1,0,0,0> }
	no_shadow
}

// particle -1
sphere {
	<27.710546, 34.867752, 37.016903> 0.100000
	pigment { color rgbt <1,0,0,0> }
	no_shadow
}
sphere {
	0, 1
	scale<0.080000,0.200000,0.300000>
	matrix <-0.855779, -0.188918, 0.481614,
		0.193703, 0.746214, 0.636902,
		-0.479709, 0.638337, -0.602000,
		27.566633, 35.059254, 36.836304>
	pigment { color rgbt <0,1,1,0> }
	no_shadow
}
cylinder {
	<27.612358, 35.031582, 37.622044>,  <27.902430, 34.612415, 37.257702>, 0.130000
	pigment { color rgbt <1,0,0,0> }
	no_shadow
}

// nucleotide -1

// particle -1
sphere {
	<27.612358, 35.031582, 37.622044> 0.250000
	pigment { color rgbt <1,0,0,0> }
	no_shadow
}
cylinder {
	<27.426573, 34.981430, 37.271374>,  <27.315102, 34.951340, 37.060974>, 0.100000
	pigment { color rgbt <1,0,0,0> }
	no_shadow
}
cylinder {
	<27.426573, 34.981430, 37.271374>,  <27.612358, 35.031582, 37.622044>, 0.100000
	pigment { color rgbt <1,0,0,0> }
	no_shadow
}

// particle -1
sphere {
	<27.426573, 34.981430, 37.271374> 0.100000
	pigment { color rgbt <1,0,0,0> }
	no_shadow
}
sphere {
	0, 1
	scale<0.080000,0.200000,0.300000>
	matrix <-0.827178, -0.292148, 0.480026,
		-0.316303, 0.948119, 0.031982,
		-0.464466, -0.125379, -0.876671,
		27.287233, 34.943817, 37.008373>
	pigment { color rgbt <0,1,1,0> }
	no_shadow
}
cylinder {
	<27.030716, 35.425793, 37.547874>,  <27.612358, 35.031582, 37.622044>, 0.130000
	pigment { color rgbt <1,0,0,0> }
	no_shadow
}

// nucleotide -1

// particle -1
sphere {
	<27.030716, 35.425793, 37.547874> 0.250000
	pigment { color rgbt <1,0,0,0> }
	no_shadow
}
cylinder {
	<26.991859, 35.088909, 37.335743>,  <26.968546, 34.886780, 37.208466>, 0.100000
	pigment { color rgbt <1,0,0,0> }
	no_shadow
}
cylinder {
	<26.991859, 35.088909, 37.335743>,  <27.030716, 35.425793, 37.547874>, 0.100000
	pigment { color rgbt <1,0,0,0> }
	no_shadow
}

// particle -1
sphere {
	<26.991859, 35.088909, 37.335743> 0.100000
	pigment { color rgbt <1,0,0,0> }
	no_shadow
}
sphere {
	0, 1
	scale<0.080000,0.200000,0.300000>
	matrix <-0.859105, -0.198070, 0.471919,
		-0.502497, 0.501448, -0.704306,
		-0.097140, -0.842210, -0.530325,
		26.962717, 34.836246, 37.176643>
	pigment { color rgbt <0,1,1,0> }
	no_shadow
}
cylinder {
	<27.111309, 35.990257, 36.845108>,  <27.030716, 35.425793, 37.547874>, 0.130000
	pigment { color rgbt <1,0,0,0> }
	no_shadow
}

// nucleotide -1

// particle -1
sphere {
	<27.111309, 35.990257, 36.845108> 0.250000
	pigment { color rgbt <1,0,0,0> }
	no_shadow
}
cylinder {
	<27.375277, 35.713905, 36.963219>,  <27.533657, 35.548096, 37.034084>, 0.100000
	pigment { color rgbt <1,0,0,0> }
	no_shadow
}
cylinder {
	<27.375277, 35.713905, 36.963219>,  <27.111309, 35.990257, 36.845108>, 0.100000
	pigment { color rgbt <1,0,0,0> }
	no_shadow
}

// particle -1
sphere {
	<27.375277, 35.713905, 36.963219> 0.100000
	pigment { color rgbt <1,0,0,0> }
	no_shadow
}
sphere {
	0, 1
	scale<0.080000,0.200000,0.300000>
	matrix <0.647255, 0.323190, -0.690369,
		0.381530, 0.646710, 0.660455,
		0.659921, -0.690879, 0.295280,
		27.573254, 35.506641, 37.051804>
	pigment { color rgbt <0,1,1,0> }
	no_shadow
}
cylinder {
	<27.716942, 36.396286, 36.981560>,  <27.111309, 35.990257, 36.845108>, 0.130000
	pigment { color rgbt <1,0,0,0> }
	no_shadow
}

// nucleotide -1

// particle -1
sphere {
	<27.716942, 36.396286, 36.981560> 0.250000
	pigment { color rgbt <1,0,0,0> }
	no_shadow
}
cylinder {
	<27.806557, 36.014858, 36.901047>,  <27.860327, 35.786003, 36.852741>, 0.100000
	pigment { color rgbt <1,0,0,0> }
	no_shadow
}
cylinder {
	<27.806557, 36.014858, 36.901047>,  <27.716942, 36.396286, 36.981560>, 0.100000
	pigment { color rgbt <1,0,0,0> }
	no_shadow
}

// particle -1
sphere {
	<27.806557, 36.014858, 36.901047> 0.100000
	pigment { color rgbt <1,0,0,0> }
	no_shadow
}
sphere {
	0, 1
	scale<0.080000,0.200000,0.300000>
	matrix <0.823301, 0.295700, -0.484496,
		0.521518, -0.057167, 0.851323,
		0.224039, -0.953569, -0.201278,
		27.873768, 35.728786, 36.840664>
	pigment { color rgbt <0,1,1,0> }
	no_shadow
}
cylinder {
	<28.407417, 36.365177, 37.091648>,  <27.716942, 36.396286, 36.981560>, 0.130000
	pigment { color rgbt <1,0,0,0> }
	no_shadow
}

// nucleotide -1

// particle -1
sphere {
	<28.407417, 36.365177, 37.091648> 0.250000
	pigment { color rgbt <1,0,0,0> }
	no_shadow
}
cylinder {
	<28.320915, 36.053761, 36.855984>,  <28.269014, 35.866913, 36.714584>, 0.100000
	pigment { color rgbt <1,0,0,0> }
	no_shadow
}
cylinder {
	<28.320915, 36.053761, 36.855984>,  <28.407417, 36.365177, 37.091648>, 0.100000
	pigment { color rgbt <1,0,0,0> }
	no_shadow
}

// particle -1
sphere {
	<28.320915, 36.053761, 36.855984> 0.100000
	pigment { color rgbt <1,0,0,0> }
	no_shadow
}
sphere {
	0, 1
	scale<0.080000,0.200000,0.300000>
	matrix <0.839545, 0.159760, -0.519269,
		0.498395, -0.606924, 0.619069,
		-0.216254, -0.778537, -0.589164,
		28.256039, 35.820198, 36.679234>
	pigment { color rgbt <0,1,1,0> }
	no_shadow
}
cylinder {
	<28.919996, 35.789551, 37.121902>,  <28.407417, 36.365177, 37.091648>, 0.130000
	pigment { color rgbt <1,0,0,0> }
	no_shadow
}

// nucleotide -1

// particle -1
sphere {
	<28.919996, 35.789551, 37.121902> 0.250000
	pigment { color rgbt <1,0,0,0> }
	no_shadow
}
cylinder {
	<28.746872, 35.779022, 36.761463>,  <28.642998, 35.772705, 36.545200>, 0.100000
	pigment { color rgbt <1,0,0,0> }
	no_shadow
}
cylinder {
	<28.746872, 35.779022, 36.761463>,  <28.919996, 35.789551, 37.121902>, 0.100000
	pigment { color rgbt <1,0,0,0> }
	no_shadow
}

// particle -1
sphere {
	<28.746872, 35.779022, 36.761463> 0.100000
	pigment { color rgbt <1,0,0,0> }
	no_shadow
}
sphere {
	0, 1
	scale<0.080000,0.200000,0.300000>
	matrix <0.847467, 0.328930, -0.416658,
		0.307366, -0.943988, -0.120059,
		-0.432811, -0.026320, -0.901101,
		28.617029, 35.771126, 36.491135>
	pigment { color rgbt <0,1,1,0> }
	no_shadow
}
cylinder {
	<29.486912, 35.574509, 36.612782>,  <28.919996, 35.789551, 37.121902>, 0.130000
	pigment { color rgbt <1,0,0,0> }
	no_shadow
}

// nucleotide -1

// particle -1
sphere {
	<29.486912, 35.574509, 36.612782> 0.250000
	pigment { color rgbt <1,0,0,0> }
	no_shadow
}
cylinder {
	<29.223066, 35.774609, 36.388405>,  <29.064758, 35.894669, 36.253780>, 0.100000
	pigment { color rgbt <1,0,0,0> }
	no_shadow
}
cylinder {
	<29.223066, 35.774609, 36.388405>,  <29.486912, 35.574509, 36.612782>, 0.100000
	pigment { color rgbt <1,0,0,0> }
	no_shadow
}

// particle -1
sphere {
	<29.223066, 35.774609, 36.388405> 0.100000
	pigment { color rgbt <1,0,0,0> }
	no_shadow
}
sphere {
	0, 1
	scale<0.080000,0.200000,0.300000>
	matrix <0.740515, 0.304827, -0.598931,
		-0.128627, -0.810449, -0.571514,
		-0.659616, 0.500253, -0.560941,
		29.025181, 35.924686, 36.220123>
	pigment { color rgbt <0,1,1,0> }
	no_shadow
}
cylinder {
	<30.263800, 35.709358, 36.605225>,  <29.486912, 35.574509, 36.612782>, 0.130000
	pigment { color rgbt <1,0,0,0> }
	no_shadow
}

// nucleotide -1

// particle -1
sphere {
	<30.263800, 35.709358, 36.605225> 0.250000
	pigment { color rgbt <1,0,0,0> }
	no_shadow
}
cylinder {
	<30.614525, 35.568520, 36.736206>,  <30.824961, 35.484016, 36.814796>, 0.100000
	pigment { color rgbt <1,0,0,0> }
	no_shadow
}
cylinder {
	<30.614525, 35.568520, 36.736206>,  <30.263800, 35.709358, 36.605225>, 0.100000
	pigment { color rgbt <1,0,0,0> }
	no_shadow
}

// particle -1
sphere {
	<30.614525, 35.568520, 36.736206> 0.100000
	pigment { color rgbt <1,0,0,0> }
	no_shadow
}
sphere {
	0, 1
	scale<0.080000,0.200000,0.300000>
	matrix <0.291531, 0.930855, 0.220268,
		-0.382369, -0.097671, 0.918833,
		0.876815, -0.352092, 0.327456,
		30.877569, 35.462891, 36.834442>
	pigment { color rgbt <0,1,1,0> }
	no_shadow
}
cylinder {
	<30.373405, 35.797005, 37.290600>,  <30.263800, 35.709358, 36.605225>, 0.130000
	pigment { color rgbt <1,0,0,0> }
	no_shadow
}

// nucleotide -1

// particle -1
sphere {
	<30.373405, 35.797005, 37.290600> 0.250000
	pigment { color rgbt <1,0,0,0> }
	no_shadow
}
cylinder {
	<30.733765, 35.790779, 37.117100>,  <30.949980, 35.787045, 37.013000>, 0.100000
	pigment { color rgbt <1,0,0,0> }
	no_shadow
}
cylinder {
	<30.733765, 35.790779, 37.117100>,  <30.373405, 35.797005, 37.290600>, 0.100000
	pigment { color rgbt <1,0,0,0> }
	no_shadow
}

// particle -1
sphere {
	<30.733765, 35.790779, 37.117100> 0.100000
	pigment { color rgbt <1,0,0,0> }
	no_shadow
}
sphere {
	0, 1
	scale<0.080000,0.200000,0.300000>
	matrix <0.196190, 0.906034, 0.374982,
		0.387155, -0.422918, 0.819300,
		0.900900, -0.015563, -0.433748,
		31.004034, 35.786110, 36.986977>
	pigment { color rgbt <0,1,1,0> }
	no_shadow
}
cylinder {
	<30.768202, 36.255936, 37.668400>,  <30.373405, 35.797005, 37.290600>, 0.130000
	pigment { color rgbt <1,0,0,0> }
	no_shadow
}

// nucleotide -1

// particle -1
sphere {
	<30.768202, 36.255936, 37.668400> 0.250000
	pigment { color rgbt <1,0,0,0> }
	no_shadow
}
cylinder {
	<31.023958, 36.198811, 37.366199>,  <31.177412, 36.164536, 37.184879>, 0.100000
	pigment { color rgbt <1,0,0,0> }
	no_shadow
}
cylinder {
	<31.023958, 36.198811, 37.366199>,  <30.768202, 36.255936, 37.668400>, 0.100000
	pigment { color rgbt <1,0,0,0> }
	no_shadow
}

// particle -1
sphere {
	<31.023958, 36.198811, 37.366199> 0.100000
	pigment { color rgbt <1,0,0,0> }
	no_shadow
}
sphere {
	0, 1
	scale<0.080000,0.200000,0.300000>
	matrix <0.630481, 0.659794, 0.408858,
		0.440084, -0.737750, 0.511909,
		0.639390, -0.142817, -0.755502,
		31.215775, 36.155964, 37.139549>
	pigment { color rgbt <0,1,1,0> }
	no_shadow
}
cylinder {
	<31.484236, 35.866264, 37.803436>,  <30.768202, 36.255936, 37.668400>, 0.130000
	pigment { color rgbt <1,0,0,0> }
	no_shadow
}

// nucleotide -1

// particle -1
sphere {
	<31.484236, 35.866264, 37.803436> 0.250000
	pigment { color rgbt <1,0,0,0> }
	no_shadow
}
cylinder {
	<31.514978, 36.123852, 37.498962>,  <31.533424, 36.278404, 37.316280>, 0.100000
	pigment { color rgbt <1,0,0,0> }
	no_shadow
}
cylinder {
	<31.514978, 36.123852, 37.498962>,  <31.484236, 35.866264, 37.803436>, 0.100000
	pigment { color rgbt <1,0,0,0> }
	no_shadow
}

// particle -1
sphere {
	<31.514978, 36.123852, 37.498962> 0.100000
	pigment { color rgbt <1,0,0,0> }
	no_shadow
}
sphere {
	0, 1
	scale<0.080000,0.200000,0.300000>
	matrix <0.736409, 0.478010, 0.478756,
		0.672156, -0.597338, -0.437485,
		0.076857, 0.643967, -0.761183,
		31.538036, 36.317043, 37.270607>
	pigment { color rgbt <0,1,1,0> }
	no_shadow
}
cylinder {
	<32.163254, 35.918327, 37.385361>,  <31.484236, 35.866264, 37.803436>, 0.130000
	pigment { color rgbt <1,0,0,0> }
	no_shadow
}

// nucleotide -1

// particle -1
sphere {
	<32.163254, 35.918327, 37.385361> 0.250000
	pigment { color rgbt <1,0,0,0> }
	no_shadow
}
cylinder {
	<31.965733, 36.263668, 37.426903>,  <31.847221, 36.470871, 37.451828>, 0.100000
	pigment { color rgbt <1,0,0,0> }
	no_shadow
}
cylinder {
	<31.965733, 36.263668, 37.426903>,  <32.163254, 35.918327, 37.385361>, 0.100000
	pigment { color rgbt <1,0,0,0> }
	no_shadow
}

// particle -1
sphere {
	<31.965733, 36.263668, 37.426903> 0.100000
	pigment { color rgbt <1,0,0,0> }
	no_shadow
}
sphere {
	0, 1
	scale<0.080000,0.200000,0.300000>
	matrix <0.779105, 0.386211, 0.493798,
		0.386211, 0.324752, -0.863352,
		-0.493798, 0.863352, 0.103857,
		31.817593, 36.522675, 37.458061>
	pigment { color rgbt <0,1,1,0> }
	no_shadow
}
cylinder {
	<32.211826, 35.538177, 38.099350>,  <32.163254, 35.918327, 37.385361>, 0.130000
	pigment { color rgbt <1,0,0,0> }
	no_shadow
}

// nucleotide -1

// particle -1
sphere {
	<32.211826, 35.538177, 38.099350> 0.250000
	pigment { color rgbt <1,0,0,0> }
	no_shadow
}
cylinder {
	<32.590839, 35.651516, 38.158539>,  <32.818249, 35.719517, 38.194054>, 0.100000
	pigment { color rgbt <1,0,0,0> }
	no_shadow
}
cylinder {
	<32.590839, 35.651516, 38.158539>,  <32.211826, 35.538177, 38.099350>, 0.100000
	pigment { color rgbt <1,0,0,0> }
	no_shadow
}

// particle -1
sphere {
	<32.590839, 35.651516, 38.158539> 0.100000
	pigment { color rgbt <1,0,0,0> }
	no_shadow
}
sphere {
	0, 1
	scale<0.080000,0.200000,0.300000>
	matrix <0.239939, -0.936306, 0.256436,
		0.211208, -0.207477, -0.955167,
		0.947534, 0.283343, 0.147973,
		32.875099, 35.736519, 38.202930>
	pigment { color rgbt <0,1,1,0> }
	no_shadow
}
cylinder {
	<32.486023, 35.033703, 37.728157>,  <32.211826, 35.538177, 38.099350>, 0.130000
	pigment { color rgbt <1,0,0,0> }
	no_shadow
}

// nucleotide -1

// particle -1
sphere {
	<32.486023, 35.033703, 37.728157> 0.250000
	pigment { color rgbt <1,0,0,0> }
	no_shadow
}
cylinder {
	<32.757572, 35.194443, 37.973969>,  <32.920502, 35.290886, 38.121456>, 0.100000
	pigment { color rgbt <1,0,0,0> }
	no_shadow
}
cylinder {
	<32.757572, 35.194443, 37.973969>,  <32.486023, 35.033703, 37.728157>, 0.100000
	pigment { color rgbt <1,0,0,0> }
	no_shadow
}

// particle -1
sphere {
	<32.757572, 35.194443, 37.973969> 0.100000
	pigment { color rgbt <1,0,0,0> }
	no_shadow
}
sphere {
	0, 1
	scale<0.080000,0.200000,0.300000>
	matrix <0.307167, -0.915617, 0.259409,
		0.666918, 0.012658, -0.745023,
		0.678873, 0.401851, 0.614530,
		32.961235, 35.314999, 38.158329>
	pigment { color rgbt <0,1,1,0> }
	no_shadow
}
cylinder {
	<33.339520, 34.792881, 37.653427>,  <32.486023, 35.033703, 37.728157>, 0.130000
	pigment { color rgbt <1,0,0,0> }
	no_shadow
}

// nucleotide -1

// particle -1
sphere {
	<33.339520, 34.792881, 37.653427> 0.250000
	pigment { color rgbt <1,0,0,0> }
	no_shadow
}
cylinder {
	<33.251534, 34.913654, 38.024467>,  <33.198742, 34.986118, 38.247093>, 0.100000
	pigment { color rgbt <1,0,0,0> }
	no_shadow
}
cylinder {
	<33.251534, 34.913654, 38.024467>,  <33.339520, 34.792881, 37.653427>, 0.100000
	pigment { color rgbt <1,0,0,0> }
	no_shadow
}

// particle -1
sphere {
	<33.251534, 34.913654, 38.024467> 0.100000
	pigment { color rgbt <1,0,0,0> }
	no_shadow
}
sphere {
	0, 1
	scale<0.080000,0.200000,0.300000>
	matrix <0.432533, -0.822125, 0.370170,
		0.874373, 0.482646, 0.050245,
		-0.219968, 0.301934, 0.927604,
		33.185543, 35.004234, 38.302750>
	pigment { color rgbt <0,1,1,0> }
	no_shadow
}
cylinder {
	<33.997593, 34.862682, 38.009613>,  <33.339520, 34.792881, 37.653427>, 0.130000
	pigment { color rgbt <1,0,0,0> }
	no_shadow
}

// nucleotide -1

// particle -1
sphere {
	<33.997593, 34.862682, 38.009613> 0.250000
	pigment { color rgbt <1,0,0,0> }
	no_shadow
}
cylinder {
	<33.680340, 34.760921, 38.230965>,  <33.489990, 34.699863, 38.363773>, 0.100000
	pigment { color rgbt <1,0,0,0> }
	no_shadow
}
cylinder {
	<33.680340, 34.760921, 38.230965>,  <33.997593, 34.862682, 38.009613>, 0.100000
	pigment { color rgbt <1,0,0,0> }
	no_shadow
}

// particle -1
sphere {
	<33.680340, 34.760921, 38.230965> 0.100000
	pigment { color rgbt <1,0,0,0> }
	no_shadow
}
sphere {
	0, 1
	scale<0.080000,0.200000,0.300000>
	matrix <0.458756, -0.847168, 0.268048,
		0.400609, 0.466461, 0.788623,
		-0.793130, -0.254403, 0.553375,
		33.442402, 34.684601, 38.396976>
	pigment { color rgbt <0,1,1,0> }
	no_shadow
}
cylinder {
	<34.308640, 34.707596, 38.591053>,  <33.997593, 34.862682, 38.009613>, 0.130000
	pigment { color rgbt <1,0,0,0> }
	no_shadow
}

// nucleotide -1

// particle -1
sphere {
	<34.308640, 34.707596, 38.591053> 0.250000
	pigment { color rgbt <1,0,0,0> }
	no_shadow
}
cylinder {
	<33.967869, 34.500576, 38.559143>,  <33.763405, 34.376366, 38.539997>, 0.100000
	pigment { color rgbt <1,0,0,0> }
	no_shadow
}
cylinder {
	<33.967869, 34.500576, 38.559143>,  <34.308640, 34.707596, 38.591053>, 0.100000
	pigment { color rgbt <1,0,0,0> }
	no_shadow
}

// particle -1
sphere {
	<33.967869, 34.500576, 38.559143> 0.100000
	pigment { color rgbt <1,0,0,0> }
	no_shadow
}
sphere {
	0, 1
	scale<0.080000,0.200000,0.300000>
	matrix <0.468231, -0.821076, 0.326488,
		-0.234472, 0.240792, 0.941829,
		-0.851929, -0.517546, -0.079773,
		33.712292, 34.345314, 38.535210>
	pigment { color rgbt <0,1,1,0> }
	no_shadow
}
cylinder {
	<34.020668, 34.408081, 39.204933>,  <34.308640, 34.707596, 38.591053>, 0.130000
	pigment { color rgbt <1,0,0,0> }
	no_shadow
}

// nucleotide -1

// particle -1
sphere {
	<34.020668, 34.408081, 39.204933> 0.250000
	pigment { color rgbt <1,0,0,0> }
	no_shadow
}
cylinder {
	<33.915386, 34.148701, 38.919212>,  <33.852215, 33.993073, 38.747780>, 0.100000
	pigment { color rgbt <1,0,0,0> }
	no_shadow
}
cylinder {
	<33.915386, 34.148701, 38.919212>,  <34.020668, 34.408081, 39.204933>, 0.100000
	pigment { color rgbt <1,0,0,0> }
	no_shadow
}

// particle -1
sphere {
	<33.915386, 34.148701, 38.919212> 0.100000
	pigment { color rgbt <1,0,0,0> }
	no_shadow
}
sphere {
	0, 1
	scale<0.080000,0.200000,0.300000>
	matrix <0.593216, -0.692678, 0.410234,
		-0.760800, -0.315759, 0.566992,
		-0.263208, -0.648455, -0.714302,
		33.836422, 33.954163, 38.704922>
	pigment { color rgbt <0,1,1,0> }
	no_shadow
}
cylinder {
	<33.796661, 33.848579, 39.524330>,  <34.020668, 34.408081, 39.204933>, 0.130000
	pigment { color rgbt <1,0,0,0> }
	no_shadow
}

// nucleotide -1

// particle -1
sphere {
	<33.796661, 33.848579, 39.524330> 0.250000
	pigment { color rgbt <1,0,0,0> }
	no_shadow
}
cylinder {
	<33.943916, 33.749359, 39.165901>,  <34.032269, 33.689827, 38.950844>, 0.100000
	pigment { color rgbt <1,0,0,0> }
	no_shadow
}
cylinder {
	<33.943916, 33.749359, 39.165901>,  <33.796661, 33.848579, 39.524330>, 0.100000
	pigment { color rgbt <1,0,0,0> }
	no_shadow
}

// particle -1
sphere {
	<33.943916, 33.749359, 39.165901> 0.100000
	pigment { color rgbt <1,0,0,0> }
	no_shadow
}
sphere {
	0, 1
	scale<0.080000,0.200000,0.300000>
	matrix <0.676015, -0.590258, 0.441133,
		-0.638338, -0.768156, -0.049609,
		0.368141, -0.248055, -0.896070,
		34.054359, 33.674942, 38.897079>
	pigment { color rgbt <0,1,1,0> }
	no_shadow
}
cylinder {
	<33.780888, 33.115108, 39.574512>,  <33.796661, 33.848579, 39.524330>, 0.130000
	pigment { color rgbt <1,0,0,0> }
	no_shadow
}

// nucleotide -1

// particle -1
sphere {
	<33.780888, 33.115108, 39.574512> 0.250000
	pigment { color rgbt <1,0,0,0> }
	no_shadow
}
cylinder {
	<34.052826, 33.233990, 39.306339>,  <34.215988, 33.305317, 39.145435>, 0.100000
	pigment { color rgbt <1,0,0,0> }
	no_shadow
}
cylinder {
	<34.052826, 33.233990, 39.306339>,  <33.780888, 33.115108, 39.574512>, 0.100000
	pigment { color rgbt <1,0,0,0> }
	no_shadow
}

// particle -1
sphere {
	<34.052826, 33.233990, 39.306339> 0.100000
	pigment { color rgbt <1,0,0,0> }
	no_shadow
}
sphere {
	0, 1
	scale<0.080000,0.200000,0.300000>
	matrix <0.685159, -0.583358, 0.436177,
		-0.261473, -0.755888, -0.600222,
		0.679845, 0.297199, -0.670436,
		34.256779, 33.323151, 39.105209>
	pigment { color rgbt <0,1,1,0> }
	no_shadow
}
cylinder {
	<33.962242, 32.595760, 39.276718>,  <33.780888, 33.115108, 39.574512>, 0.130000
	pigment { color rgbt <1,0,0,0> }
	no_shadow
}

// nucleotide -1

// particle -1
sphere {
	<33.962242, 32.595760, 39.276718> 0.250000
	pigment { color rgbt <1,0,0,0> }
	no_shadow
}
cylinder {
	<34.257656, 32.865448, 39.277386>,  <34.434902, 33.027260, 39.277786>, 0.100000
	pigment { color rgbt <1,0,0,0> }
	no_shadow
}
cylinder {
	<34.257656, 32.865448, 39.277386>,  <33.962242, 32.595760, 39.276718>, 0.100000
	pigment { color rgbt <1,0,0,0> }
	no_shadow
}

// particle -1
sphere {
	<34.257656, 32.865448, 39.277386> 0.100000
	pigment { color rgbt <1,0,0,0> }
	no_shadow
}
sphere {
	0, 1
	scale<0.080000,0.200000,0.300000>
	matrix <0.609461, -0.668650, 0.425986,
		0.288321, -0.313588, -0.904728,
		0.738531, 0.674218, 0.001666,
		34.479214, 33.067715, 39.277885>
	pigment { color rgbt <0,1,1,0> }
	no_shadow
}
cylinder {
	<34.671001, 32.411766, 38.998665>,  <33.962242, 32.595760, 39.276718>, 0.130000
	pigment { color rgbt <1,0,0,0> }
	no_shadow
}

// nucleotide -1

// particle -1
sphere {
	<34.671001, 32.411766, 38.998665> 0.250000
	pigment { color rgbt <1,0,0,0> }
	no_shadow
}
cylinder {
	<34.734379, 32.696068, 39.272808>,  <34.772404, 32.866650, 39.437294>, 0.100000
	pigment { color rgbt <1,0,0,0> }
	no_shadow
}
cylinder {
	<34.734379, 32.696068, 39.272808>,  <34.671001, 32.411766, 38.998665>, 0.100000
	pigment { color rgbt <1,0,0,0> }
	no_shadow
}

// particle -1
sphere {
	<34.734379, 32.696068, 39.272808> 0.100000
	pigment { color rgbt <1,0,0,0> }
	no_shadow
}
sphere {
	0, 1
	scale<0.080000,0.200000,0.300000>
	matrix <0.750707, -0.537594, 0.383968,
		0.641354, 0.453669, -0.618748,
		0.158440, 0.710759, 0.685361,
		34.781910, 32.909294, 39.478416>
	pigment { color rgbt <0,1,1,0> }
	no_shadow
}
cylinder {
	<35.287239, 32.753002, 38.972900>,  <34.671001, 32.411766, 38.998665>, 0.130000
	pigment { color rgbt <1,0,0,0> }
	no_shadow
}

// nucleotide -1

// particle -1
sphere {
	<35.287239, 32.753002, 38.972900> 0.250000
	pigment { color rgbt <1,0,0,0> }
	no_shadow
}
cylinder {
	<35.252785, 33.126068, 38.832775>,  <35.232113, 33.349907, 38.748699>, 0.100000
	pigment { color rgbt <1,0,0,0> }
	no_shadow
}
cylinder {
	<35.252785, 33.126068, 38.832775>,  <35.287239, 32.753002, 38.972900>, 0.100000
	pigment { color rgbt <1,0,0,0> }
	no_shadow
}

// particle -1
sphere {
	<35.252785, 33.126068, 38.832775> 0.100000
	pigment { color rgbt <1,0,0,0> }
	no_shadow
}
sphere {
	0, 1
	scale<0.080000,0.200000,0.300000>
	matrix <0.577317, 0.333295, 0.745399,
		0.811964, -0.138039, -0.567150,
		-0.086135, 0.932663, -0.350316,
		35.226944, 33.405869, 38.727680>
	pigment { color rgbt <0,1,1,0> }
	no_shadow
}
cylinder {
	<35.944363, 33.029022, 38.730946>,  <35.287239, 32.753002, 38.972900>, 0.130000
	pigment { color rgbt <1,0,0,0> }
	no_shadow
}

// nucleotide -1

// particle -1
sphere {
	<35.944363, 33.029022, 38.730946> 0.250000
	pigment { color rgbt <1,0,0,0> }
	no_shadow
}
cylinder {
	<35.705082, 33.321972, 38.861046>,  <35.561516, 33.497742, 38.939106>, 0.100000
	pigment { color rgbt <1,0,0,0> }
	no_shadow
}
cylinder {
	<35.705082, 33.321972, 38.861046>,  <35.944363, 33.029022, 38.730946>, 0.100000
	pigment { color rgbt <1,0,0,0> }
	no_shadow
}

// particle -1
sphere {
	<35.705082, 33.321972, 38.861046> 0.100000
	pigment { color rgbt <1,0,0,0> }
	no_shadow
}
sphere {
	0, 1
	scale<0.080000,0.200000,0.300000>
	matrix <0.607743, 0.150079, 0.779824,
		0.522310, 0.664156, -0.534872,
		-0.598198, 0.732375, 0.325248,
		35.525623, 33.541683, 38.958622>
	pigment { color rgbt <0,1,1,0> }
	no_shadow
}
cylinder {
	<36.233002, 33.767151, 38.814167>,  <35.944363, 33.029022, 38.730946>, 0.130000
	pigment { color rgbt <1,0,0,0> }
	no_shadow
}

// nucleotide -1

// particle -1
sphere {
	<36.233002, 33.767151, 38.814167> 0.250000
	pigment { color rgbt <1,0,0,0> }
	no_shadow
}
cylinder {
	<35.956188, 33.692280, 39.093037>,  <35.790100, 33.647358, 39.260361>, 0.100000
	pigment { color rgbt <1,0,0,0> }
	no_shadow
}
cylinder {
	<35.956188, 33.692280, 39.093037>,  <36.233002, 33.767151, 38.814167>, 0.100000
	pigment { color rgbt <1,0,0,0> }
	no_shadow
}

// particle -1
sphere {
	<35.956188, 33.692280, 39.093037> 0.100000
	pigment { color rgbt <1,0,0,0> }
	no_shadow
}
sphere {
	0, 1
	scale<0.080000,0.200000,0.300000>
	matrix <0.689735, 0.113488, 0.715113,
		-0.212974, 0.975748, 0.050565,
		-0.692032, -0.187177, 0.697178,
		35.748577, 33.636127, 39.302189>
	pigment { color rgbt <0,1,1,0> }
	no_shadow
}
cylinder {
	<36.371391, 34.267872, 39.232853>,  <36.233002, 33.767151, 38.814167>, 0.130000
	pigment { color rgbt <1,0,0,0> }
	no_shadow
}

// nucleotide -1

// particle -1
sphere {
	<36.371391, 34.267872, 39.232853> 0.250000
	pigment { color rgbt <1,0,0,0> }
	no_shadow
}
cylinder {
	<36.151905, 34.033005, 39.470894>,  <36.020214, 33.892086, 39.613716>, 0.100000
	pigment { color rgbt <1,0,0,0> }
	no_shadow
}
cylinder {
	<36.151905, 34.033005, 39.470894>,  <36.371391, 34.267872, 39.232853>, 0.100000
	pigment { color rgbt <1,0,0,0> }
	no_shadow
}

// particle -1
sphere {
	<36.151905, 34.033005, 39.470894> 0.100000
	pigment { color rgbt <1,0,0,0> }
	no_shadow
}
sphere {
	0, 1
	scale<0.080000,0.200000,0.300000>
	matrix <0.623614, 0.186612, 0.759132,
		-0.556790, 0.787662, 0.263768,
		-0.548717, -0.587167, 0.595101,
		35.987289, 33.856853, 39.649426>
	pigment { color rgbt <0,1,1,0> }
	no_shadow
}
cylinder {
	<36.996845, 34.414516, 39.373798>,  <36.371391, 34.267872, 39.232853>, 0.130000
	pigment { color rgbt <1,0,0,0> }
	no_shadow
}

// nucleotide -1

// particle -1
sphere {
	<36.996845, 34.414516, 39.373798> 0.250000
	pigment { color rgbt <1,0,0,0> }
	no_shadow
}
cylinder {
	<36.954212, 34.176308, 39.055305>,  <36.928631, 34.033382, 38.864208>, 0.100000
	pigment { color rgbt <1,0,0,0> }
	no_shadow
}
cylinder {
	<36.954212, 34.176308, 39.055305>,  <36.996845, 34.414516, 39.373798>, 0.100000
	pigment { color rgbt <1,0,0,0> }
	no_shadow
}

// particle -1
sphere {
	<36.954212, 34.176308, 39.055305> 0.100000
	pigment { color rgbt <1,0,0,0> }
	no_shadow
}
sphere {
	0, 1
	scale<0.080000,0.200000,0.300000>
	matrix <0.875727, -0.435475, 0.208481,
		-0.470896, -0.675063, 0.567932,
		-0.106582, -0.595526, -0.796234,
		36.922237, 33.997650, 38.816437>
	pigment { color rgbt <0,1,1,0> }
	no_shadow
}
cylinder {
	<37.426170, 33.963058, 39.640766>,  <36.996845, 34.414516, 39.373798>, 0.130000
	pigment { color rgbt <1,0,0,0> }
	no_shadow
}

// nucleotide -1

// particle -1
sphere {
	<37.426170, 33.963058, 39.640766> 0.250000
	pigment { color rgbt <1,0,0,0> }
	no_shadow
}
cylinder {
	<37.410019, 33.894730, 39.246975>,  <37.400326, 33.853733, 39.010700>, 0.100000
	pigment { color rgbt <1,0,0,0> }
	no_shadow
}
cylinder {
	<37.410019, 33.894730, 39.246975>,  <37.426170, 33.963058, 39.640766>, 0.100000
	pigment { color rgbt <1,0,0,0> }
	no_shadow
}

// particle -1
sphere {
	<37.410019, 33.894730, 39.246975> 0.100000
	pigment { color rgbt <1,0,0,0> }
	no_shadow
}
sphere {
	0, 1
	scale<0.080000,0.200000,0.300000>
	matrix <0.905005, -0.423838, 0.036422,
		-0.423479, -0.889484, 0.171710,
		-0.040380, -0.170823, -0.984474,
		37.397903, 33.843483, 38.951633>
	pigment { color rgbt <0,1,1,0> }
	no_shadow
}
cylinder {
	<37.151550, 33.626465, 40.369434>,  <37.426170, 33.963058, 39.640766>, 0.130000
	pigment { color rgbt <1,0,0,0> }
	no_shadow
}

// nucleotide -1

// particle -1
sphere {
	<37.151550, 33.626465, 40.369434> 0.250000
	pigment { color rgbt <1,0,0,0> }
	no_shadow
}
cylinder {
	<36.843929, 33.652027, 40.623829>,  <36.659359, 33.667366, 40.776466>, 0.100000
	pigment { color rgbt <1,0,0,0> }
	no_shadow
}
cylinder {
	<36.843929, 33.652027, 40.623829>,  <37.151550, 33.626465, 40.369434>, 0.100000
	pigment { color rgbt <1,0,0,0> }
	no_shadow
}

// particle -1
sphere {
	<36.843929, 33.652027, 40.623829> 0.100000
	pigment { color rgbt <1,0,0,0> }
	no_shadow
}
sphere {
	0, 1
	scale<0.080000,0.200000,0.300000>
	matrix <-0.633445, 0.056899, -0.771693,
		-0.085506, -0.996332, -0.003274,
		-0.769049, 0.063911, 0.635987,
		36.613216, 33.671200, 40.814625>
	pigment { color rgbt <0,1,1,0> }
	no_shadow
}
cylinder {
	<36.743790, 33.178535, 40.115742>,  <37.151550, 33.626465, 40.369434>, 0.130000
	pigment { color rgbt <1,0,0,0> }
	no_shadow
}

// nucleotide -1

// particle -1
sphere {
	<36.743790, 33.178535, 40.115742> 0.250000
	pigment { color rgbt <1,0,0,0> }
	no_shadow
}
cylinder {
	<36.538292, 33.450916, 40.324497>,  <36.414993, 33.614346, 40.449749>, 0.100000
	pigment { color rgbt <1,0,0,0> }
	no_shadow
}
cylinder {
	<36.538292, 33.450916, 40.324497>,  <36.743790, 33.178535, 40.115742>, 0.100000
	pigment { color rgbt <1,0,0,0> }
	no_shadow
}

// particle -1
sphere {
	<36.538292, 33.450916, 40.324497> 0.100000
	pigment { color rgbt <1,0,0,0> }
	no_shadow
}
sphere {
	0, 1
	scale<0.080000,0.200000,0.300000>
	matrix <-0.722147, -0.014791, -0.691582,
		-0.463217, -0.732176, 0.499348,
		-0.513745, 0.680955, 0.521887,
		36.384167, 33.655201, 40.481064>
	pigment { color rgbt <0,1,1,0> }
	no_shadow
}
cylinder {
	<36.071461, 32.887383, 40.275932>,  <36.743790, 33.178535, 40.115742>, 0.130000
	pigment { color rgbt <1,0,0,0> }
	no_shadow
}

// nucleotide -1

// particle -1
sphere {
	<36.071461, 32.887383, 40.275932> 0.250000
	pigment { color rgbt <1,0,0,0> }
	no_shadow
}
cylinder {
	<36.043922, 33.286083, 40.259212>,  <36.027401, 33.525303, 40.249180>, 0.100000
	pigment { color rgbt <1,0,0,0> }
	no_shadow
}
cylinder {
	<36.043922, 33.286083, 40.259212>,  <36.071461, 32.887383, 40.275932>, 0.100000
	pigment { color rgbt <1,0,0,0> }
	no_shadow
}

// particle -1
sphere {
	<36.043922, 33.286083, 40.259212> 0.100000
	pigment { color rgbt <1,0,0,0> }
	no_shadow
}
sphere {
	0, 1
	scale<0.080000,0.200000,0.300000>
	matrix <-0.721994, -0.078693, -0.687409,
