// switches for output
#declare DRAW_BASES = 1; // possible values are 0, 1; only relevant for DNA ribbons
#declare DRAW_BASES_TYPE = 3; // possible values are 1, 2, 3; only relevant for DNA ribbons
#declare DRAW_FOG = 0; // set to 1 to enable fog

#include "colors.inc"

#include "transforms.inc"
background { rgb <1, 1, 1>}

#default {
   normal{
       ripples 0.25
       frequency 0.20
       turbulence 0.2
       lambda 5
   }
	finish {
		phong 0.1
		phong_size 40.
	}
}

// original window dimensions: 1024x640


// camera settings

camera {
	sky <0, 0.179814, -0.983701>
	up <0, 0.179814, -0.983701>
	right 1.6 * <1, 0, 0>
	location <35, 94.9851, 44.8844>
	look_at <35, 29.7336, 32.9568>
	direction <0, -65.2515, -11.9276>
	angle 67.0682
}


# declare cpy_camera_pos = <35, 94.9851, 44.8844>;
# if (DRAW_FOG = 1)
fog {
	fog_type 2
	up vnormalize(cpy_camera_pos)
	color rgbt<1,1,1,0.3>
	distance 1e-5
	fog_alt 3e-3
	fog_offset 56
}
# end


// LIGHTS

# declare lum = 6;
global_settings {
	ambient_light rgb lum * <0.05, 0.05, 0.05>
	max_trace_level 15
}# declare cpy_direct_light_amount = 0.25;
light_source
{	1000 * <-1, -1.16352, -0.803886>,
	rgb lum * cpy_direct_light_amount
	parallel
}

light_source
{	1000 * <1, 1.16352, 0.803886>,
	rgb lum * cpy_direct_light_amount
	parallel
}

// strand 0

// nucleotide -1

// particle -1
sphere {
	<23.961105, 35.086933, 34.912437> 0.250000
	pigment { color rgbt <1,0,0,0> }
	no_shadow
}
cylinder {
	<24.311907, 34.919285, 34.818455>,  <24.522388, 34.818695, 34.762066>, 0.100000
	pigment { color rgbt <1,0,0,0> }
	no_shadow
}
cylinder {
	<24.311907, 34.919285, 34.818455>,  <23.961105, 35.086933, 34.912437>, 0.100000
	pigment { color rgbt <1,0,0,0> }
	no_shadow
}

// particle -1
sphere {
	<24.311907, 34.919285, 34.818455> 0.100000
	pigment { color rgbt <1,0,0,0> }
	no_shadow
}
sphere {
	0, 1
	scale<0.080000,0.200000,0.300000>
	matrix <0.401375, 0.370239, 0.837748,
		-0.264129, -0.829012, 0.492926,
		0.877003, -0.419122, -0.234953,
		24.575008, 34.793549, 34.747971>
	pigment { color rgbt <0,1,1,0> }
	no_shadow
}
cylinder {
	<24.165756, 34.714733, 35.525928>,  <23.961105, 35.086933, 34.912437>, 0.130000
	pigment { color rgbt <1,0,0,0> }
	no_shadow
}

// nucleotide -1

// particle -1
sphere {
	<24.165756, 34.714733, 35.525928> 0.250000
	pigment { color rgbt <1,0,0,0> }
	no_shadow
}
cylinder {
	<24.481361, 34.758217, 35.284058>,  <24.670725, 34.784306, 35.138935>, 0.100000
	pigment { color rgbt <1,0,0,0> }
	no_shadow
}
cylinder {
	<24.481361, 34.758217, 35.284058>,  <24.165756, 34.714733, 35.525928>, 0.100000
	pigment { color rgbt <1,0,0,0> }
	no_shadow
}

// particle -1
sphere {
	<24.481361, 34.758217, 35.284058> 0.100000
	pigment { color rgbt <1,0,0,0> }
	no_shadow
}
sphere {
	0, 1
	scale<0.080000,0.200000,0.300000>
	matrix <0.512801, 0.425531, 0.745626,
		0.338364, -0.898391, 0.280007,
		0.789015, 0.108705, -0.604680,
		24.718065, 34.790829, 35.102654>
	pigment { color rgbt <0,1,1,0> }
	no_shadow
}
cylinder {
	<24.552753, 34.996487, 35.904449>,  <24.165756, 34.714733, 35.525928>, 0.130000
	pigment { color rgbt <1,0,0,0> }
	no_shadow
}

// nucleotide -1

// particle -1
sphere {
	<24.552753, 34.996487, 35.904449> 0.250000
	pigment { color rgbt <1,0,0,0> }
	no_shadow
}
cylinder {
	<24.793642, 34.983982, 35.585361>,  <24.938175, 34.976479, 35.393909>, 0.100000
	pigment { color rgbt <1,0,0,0> }
	no_shadow
}
cylinder {
	<24.793642, 34.983982, 35.585361>,  <24.552753, 34.996487, 35.904449>, 0.100000
	pigment { color rgbt <1,0,0,0> }
	no_shadow
}

// particle -1
sphere {
	<24.793642, 34.983982, 35.585361> 0.100000
	pigment { color rgbt <1,0,0,0> }
	no_shadow
}
sphere {
	0, 1
	scale<0.080000,0.200000,0.300000>
	matrix <0.606790, 0.667257, 0.431941,
		0.518779, -0.744171, 0.420806,
		0.602224, -0.031259, -0.797715,
		24.974310, 34.974606, 35.346046>
	pigment { color rgbt <0,1,1,0> }
	no_shadow
}
cylinder {
	<25.180897, 34.815613, 36.207241>,  <24.552753, 34.996487, 35.904449>, 0.130000
	pigment { color rgbt <1,0,0,0> }
	no_shadow
}

// nucleotide -1

// particle -1
sphere {
	<25.180897, 34.815613, 36.207241> 0.250000
	pigment { color rgbt <1,0,0,0> }
	no_shadow
}
cylinder {
	<25.184580, 35.038879, 35.875370>,  <25.186789, 35.172840, 35.676247>, 0.100000
	pigment { color rgbt <1,0,0,0> }
	no_shadow
}
cylinder {
	<25.184580, 35.038879, 35.875370>,  <25.180897, 34.815613, 36.207241>, 0.100000
	pigment { color rgbt <1,0,0,0> }
	no_shadow
}

// particle -1
sphere {
	<25.184580, 35.038879, 35.875370> 0.100000
	pigment { color rgbt <1,0,0,0> }
	no_shadow
}
sphere {
	0, 1
	scale<0.080000,0.200000,0.300000>
	matrix <0.510264, 0.710937, 0.483942,
		0.859969, -0.427811, -0.278266,
		0.009207, 0.558164, -0.829680,
		25.187342, 35.206329, 35.626465>
	pigment { color rgbt <0,1,1,0> }
	no_shadow
}
cylinder {
	<25.883488, 35.164276, 35.924683>,  <25.180897, 34.815613, 36.207241>, 0.130000
	pigment { color rgbt <1,0,0,0> }
	no_shadow
}

// nucleotide -1

// particle -1
sphere {
	<25.883488, 35.164276, 35.924683> 0.250000
	pigment { color rgbt <1,0,0,0> }
	no_shadow
}
cylinder {
	<25.547310, 35.378693, 35.892895>,  <25.345604, 35.507343, 35.873821>, 0.100000
	pigment { color rgbt <1,0,0,0> }
	no_shadow
}
cylinder {
	<25.547310, 35.378693, 35.892895>,  <25.883488, 35.164276, 35.924683>, 0.100000
	pigment { color rgbt <1,0,0,0> }
	no_shadow
}

// particle -1
sphere {
	<25.547310, 35.378693, 35.892895> 0.100000
	pigment { color rgbt <1,0,0,0> }
	no_shadow
}
sphere {
	0, 1
	scale<0.080000,0.200000,0.300000>
	matrix <0.513588, 0.834705, 0.198734,
		0.172867, 0.126208, -0.976826,
		-0.840443, 0.536040, -0.079474,
		25.295177, 35.539505, 35.869053>
	pigment { color rgbt <0,1,1,0> }
	no_shadow
}
cylinder {
	<26.184776, 34.499332, 35.921402>,  <25.883488, 35.164276, 35.924683>, 0.130000
	pigment { color rgbt <1,0,0,0> }
	no_shadow
}

// nucleotide -1

// particle -1
sphere {
	<26.184776, 34.499332, 35.921402> 0.250000
	pigment { color rgbt <1,0,0,0> }
	no_shadow
}
cylinder {
	<26.065596, 34.622707, 35.560051>,  <25.994087, 34.696732, 35.343239>, 0.100000
	pigment { color rgbt <1,0,0,0> }
	no_shadow
}
cylinder {
	<26.065596, 34.622707, 35.560051>,  <26.184776, 34.499332, 35.921402>, 0.100000
	pigment { color rgbt <1,0,0,0> }
	no_shadow
}

// particle -1
sphere {
	<26.065596, 34.622707, 35.560051> 0.100000
	pigment { color rgbt <1,0,0,0> }
	no_shadow
}
sphere {
	0, 1
	scale<0.080000,0.200000,0.300000>
	matrix <0.649143, -0.628390, -0.428647,
		-0.699885, -0.714138, -0.012990,
		-0.297951, 0.308436, -0.903378,
		25.976210, 34.715237, 35.289036>
	pigment { color rgbt <0,1,1,0> }
	no_shadow
}
cylinder {
	<26.177757, 33.866383, 35.618820>,  <26.184776, 34.499332, 35.921402>, 0.130000
	pigment { color rgbt <1,0,0,0> }
	no_shadow
}

// nucleotide -1

// particle -1
sphere {
	<26.177757, 33.866383, 35.618820> 0.250000
	pigment { color rgbt <1,0,0,0> }
	no_shadow
}
cylinder {
	<26.215164, 34.139648, 35.329121>,  <26.237608, 34.303608, 35.155300>, 0.100000
	pigment { color rgbt <1,0,0,0> }
	no_shadow
}
cylinder {
	<26.215164, 34.139648, 35.329121>,  <26.177757, 33.866383, 35.618820>, 0.100000
	pigment { color rgbt <1,0,0,0> }
	no_shadow
}

// particle -1
sphere {
	<26.215164, 34.139648, 35.329121> 0.100000
	pigment { color rgbt <1,0,0,0> }
	no_shadow
}
sphere {
	0, 1
	scale<0.080000,0.200000,0.300000>
	matrix <0.672889, -0.579518, -0.459759,
		-0.733808, -0.444345, -0.513890,
		0.093517, 0.683166, -0.724250,
		26.243219, 34.344597, 35.111847>
	pigment { color rgbt <0,1,1,0> }
	no_shadow
}
cylinder {
	<26.020739, 33.520466, 34.946571>,  <26.177757, 33.866383, 35.618820>, 0.130000
	pigment { color rgbt <1,0,0,0> }
	no_shadow
}

// nucleotide -1

// particle -1
sphere {
	<26.020739, 33.520466, 34.946571> 0.250000
	pigment { color rgbt <1,0,0,0> }
	no_shadow
}
cylinder {
	<26.272093, 33.830505, 34.920197>,  <26.422905, 34.016529, 34.904369>, 0.100000
	pigment { color rgbt <1,0,0,0> }
	no_shadow
}
cylinder {
	<26.272093, 33.830505, 34.920197>,  <26.020739, 33.520466, 34.946571>, 0.100000
	pigment { color rgbt <1,0,0,0> }
	no_shadow
}

// particle -1
sphere {
	<26.272093, 33.830505, 34.920197> 0.100000
	pigment { color rgbt <1,0,0,0> }
	no_shadow
}
sphere {
	0, 1
	scale<0.080000,0.200000,0.300000>
	matrix <0.694230, -0.597023, -0.402005,
		-0.350963, 0.206836, -0.913260,
		0.628386, 0.775102, -0.065941,
		26.460609, 34.063034, 34.900414>
	pigment { color rgbt <0,1,1,0> }
	no_shadow
}
cylinder {
	<26.242289, 33.462433, 34.303650>,  <26.020739, 33.520466, 34.946571>, 0.130000
	pigment { color rgbt <1,0,0,0> }
	no_shadow
}

// nucleotide -1

// particle -1
sphere {
	<26.242289, 33.462433, 34.303650> 0.250000
	pigment { color rgbt <1,0,0,0> }
	no_shadow
}
cylinder {
	<26.500086, 33.726040, 34.458736>,  <26.654764, 33.884205, 34.551788>, 0.100000
	pigment { color rgbt <1,0,0,0> }
	no_shadow
}
cylinder {
	<26.500086, 33.726040, 34.458736>,  <26.242289, 33.462433, 34.303650>, 0.100000
	pigment { color rgbt <1,0,0,0> }
	no_shadow
}

// particle -1
sphere {
	<26.500086, 33.726040, 34.458736> 0.100000
	pigment { color rgbt <1,0,0,0> }
	no_shadow
}
sphere {
	0, 1
	scale<0.080000,0.200000,0.300000>
	matrix <0.652106, -0.208996, -0.728751,
		-0.399231, 0.722506, -0.564447,
		0.644494, 0.659019, 0.387713,
		26.693434, 33.923744, 34.575050>
	pigment { color rgbt <0,1,1,0> }
	no_shadow
}
cylinder {
	<26.529646, 33.814026, 33.727501>,  <26.242289, 33.462433, 34.303650>, 0.130000
	pigment { color rgbt <1,0,0,0> }
	no_shadow
}

// nucleotide -1

// particle -1
sphere {
	<26.529646, 33.814026, 33.727501> 0.250000
	pigment { color rgbt <1,0,0,0> }
	no_shadow
}
cylinder {
	<26.814201, 33.865261, 34.003914>,  <26.984934, 33.896000, 34.169762>, 0.100000
	pigment { color rgbt <1,0,0,0> }
	no_shadow
}
cylinder {
	<26.814201, 33.865261, 34.003914>,  <26.529646, 33.814026, 33.727501>, 0.100000
	pigment { color rgbt <1,0,0,0> }
	no_shadow
}

// particle -1
sphere {
	<26.814201, 33.865261, 34.003914> 0.100000
	pigment { color rgbt <1,0,0,0> }
	no_shadow
}
sphere {
	0, 1
	scale<0.080000,0.200000,0.300000>
	matrix <0.700731, -0.053883, -0.711388,
		-0.053883, 0.990298, -0.128085,
		0.711388, 0.128085, 0.691029,
		27.027618, 33.903687, 34.211224>
	pigment { color rgbt <0,1,1,0> }
	no_shadow
}
cylinder {
	<26.926289, 34.476517, 33.500130>,  <26.529646, 33.814026, 33.727501>, 0.130000
	pigment { color rgbt <1,0,0,0> }
	no_shadow
}

// nucleotide -1

// particle -1
sphere {
	<26.926289, 34.476517, 33.500130> 0.250000
	pigment { color rgbt <1,0,0,0> }
	no_shadow
}
cylinder {
	<27.160381, 34.240841, 33.722973>,  <27.300837, 34.099438, 33.856678>, 0.100000
	pigment { color rgbt <1,0,0,0> }
	no_shadow
}
cylinder {
	<27.160381, 34.240841, 33.722973>,  <26.926289, 34.476517, 33.500130>, 0.100000
	pigment { color rgbt <1,0,0,0> }
	no_shadow
}

// particle -1
sphere {
	<27.160381, 34.240841, 33.722973> 0.100000
	pigment { color rgbt <1,0,0,0> }
	no_shadow
}
sphere {
	0, 1
	scale<0.080000,0.200000,0.300000>
	matrix <0.746447, 0.123082, -0.653963,
		0.316736, 0.798568, 0.511827,
		0.585231, -0.589185, 0.557105,
		27.335951, 34.064087, 33.890102>
	pigment { color rgbt <0,1,1,0> }
	no_shadow
}
cylinder {
	<27.477577, 34.351986, 33.093449>,  <26.926289, 34.476517, 33.500130>, 0.130000
	pigment { color rgbt <1,0,0,0> }
	no_shadow
}

// nucleotide -1

// particle -1
sphere {
	<27.477577, 34.351986, 33.093449> 0.250000
	pigment { color rgbt <1,0,0,0> }
	no_shadow
}
cylinder {
	<27.552452, 34.099083, 33.394173>,  <27.597378, 33.947342, 33.574608>, 0.100000
	pigment { color rgbt <1,0,0,0> }
	no_shadow
}
cylinder {
	<27.552452, 34.099083, 33.394173>,  <27.477577, 34.351986, 33.093449>, 0.100000
	pigment { color rgbt <1,0,0,0> }
	no_shadow
}

// particle -1
sphere {
	<27.552452, 34.099083, 33.394173> 0.100000
	pigment { color rgbt <1,0,0,0> }
	no_shadow
}
sphere {
	0, 1
	scale<0.080000,0.200000,0.300000>
	matrix <0.820017, -0.320816, -0.473972,
		0.540863, 0.705217, 0.458406,
		0.187189, -0.632254, 0.751808,
		27.608608, 33.909405, 33.619717>
	pigment { color rgbt <0,1,1,0> }
	no_shadow
}
cylinder {
	<27.858715, 33.726170, 32.980988>,  <27.477577, 34.351986, 33.093449>, 0.130000
	pigment { color rgbt <1,0,0,0> }
	no_shadow
}

// nucleotide -1

// particle -1
sphere {
	<27.858715, 33.726170, 32.980988> 0.250000
	pigment { color rgbt <1,0,0,0> }
	no_shadow
}
cylinder {
	<28.168446, 33.645950, 33.221054>,  <28.354284, 33.597820, 33.365093>, 0.100000
	pigment { color rgbt <1,0,0,0> }
	no_shadow
}
cylinder {
	<28.168446, 33.645950, 33.221054>,  <27.858715, 33.726170, 32.980988>, 0.100000
	pigment { color rgbt <1,0,0,0> }
	no_shadow
}

// particle -1
sphere {
	<28.168446, 33.645950, 33.221054> 0.100000
	pigment { color rgbt <1,0,0,0> }
	no_shadow
}
sphere {
	0, 1
	scale<0.080000,0.200000,0.300000>
	matrix <-0.573191, 0.179536, 0.799512,
		-0.268091, -0.963093, 0.024068,
		0.774325, -0.200546, 0.600168,
		28.400743, 33.585785, 33.401104>
	pigment { color rgbt <0,1,1,0> }
	no_shadow
}
cylinder {
	<27.745041, 33.229389, 33.432156>,  <27.858715, 33.726170, 32.980988>, 0.130000
	pigment { color rgbt <1,0,0,0> }
	no_shadow
}

// nucleotide -1

// particle -1
sphere {
	<27.745041, 33.229389, 33.432156> 0.250000
	pigment { color rgbt <1,0,0,0> }
	no_shadow
}
cylinder {
	<27.999550, 33.512035, 33.555992>,  <28.152256, 33.681622, 33.630295>, 0.100000
	pigment { color rgbt <1,0,0,0> }
	no_shadow
}
cylinder {
	<27.999550, 33.512035, 33.555992>,  <27.745041, 33.229389, 33.432156>, 0.100000
	pigment { color rgbt <1,0,0,0> }
	no_shadow
}

// particle -1
sphere {
	<27.999550, 33.512035, 33.555992> 0.100000
	pigment { color rgbt <1,0,0,0> }
	no_shadow
}
sphere {
	0, 1
	scale<0.080000,0.200000,0.300000>
	matrix <-0.621176, 0.231275, 0.748767,
		0.457490, -0.668733, 0.586087,
		0.636273, 0.706617, 0.309595,
		28.190432, 33.724022, 33.648872>
	pigment { color rgbt <0,1,1,0> }
	no_shadow
}
cylinder {
	<27.952936, 33.136501, 34.113911>,  <27.745041, 33.229389, 33.432156>, 0.130000
	pigment { color rgbt <1,0,0,0> }
	no_shadow
}

// nucleotide -1

// particle -1
sphere {
	<27.952936, 33.136501, 34.113911> 0.250000
	pigment { color rgbt <1,0,0,0> }
	no_shadow
}
cylinder {
	<27.950705, 33.527172, 34.028046>,  <27.949366, 33.761574, 33.976528>, 0.100000
	pigment { color rgbt <1,0,0,0> }
	no_shadow
}
cylinder {
	<27.950705, 33.527172, 34.028046>,  <27.952936, 33.136501, 34.113911>, 0.100000
	pigment { color rgbt <1,0,0,0> }
	no_shadow
}

// particle -1
sphere {
	<27.950705, 33.527172, 34.028046> 0.100000
	pigment { color rgbt <1,0,0,0> }
	no_shadow
}
sphere {
	0, 1
	scale<0.080000,0.200000,0.300000>
	matrix <-0.596626, 0.169022, 0.784519,
		0.802500, 0.132450, 0.581765,
		-0.005578, 0.976672, -0.214663,
		27.949032, 33.820175, 33.963646>
	pigment { color rgbt <0,1,1,0> }
	no_shadow
}
cylinder {
	<28.069981, 33.502728, 34.845234>,  <27.952936, 33.136501, 34.113911>, 0.130000
	pigment { color rgbt <1,0,0,0> }
	no_shadow
}

// nucleotide -1

// particle -1
sphere {
	<28.069981, 33.502728, 34.845234> 0.250000
	pigment { color rgbt <1,0,0,0> }
	no_shadow
}
cylinder {
	<27.865917, 33.704651, 34.566692>,  <27.743479, 33.825806, 34.399567>, 0.100000
	pigment { color rgbt <1,0,0,0> }
	no_shadow
}
cylinder {
	<27.865917, 33.704651, 34.566692>,  <28.069981, 33.502728, 34.845234>, 0.100000
	pigment { color rgbt <1,0,0,0> }
	no_shadow
}

// particle -1
sphere {
	<27.865917, 33.704651, 34.566692> 0.100000
	pigment { color rgbt <1,0,0,0> }
	no_shadow
}
sphere {
	0, 1
	scale<0.080000,0.200000,0.300000>
	matrix <-0.650502, 0.303195, 0.696362,
		0.562661, 0.808233, 0.173703,
		-0.510157, 0.504809, -0.696353,
		27.712870, 33.856094, 34.357788>
	pigment { color rgbt <0,1,1,0> }
	no_shadow
}
cylinder {
	<27.802603, 34.043224, 35.190475>,  <28.069981, 33.502728, 34.845234>, 0.130000
	pigment { color rgbt <1,0,0,0> }
	no_shadow
}

// nucleotide -1

// particle -1
sphere {
	<27.802603, 34.043224, 35.190475> 0.250000
	pigment { color rgbt <1,0,0,0> }
	no_shadow
}
cylinder {
	<27.553440, 34.038612, 34.877590>,  <27.403942, 34.035843, 34.689861>, 0.100000
	pigment { color rgbt <1,0,0,0> }
	no_shadow
}
cylinder {
	<27.553440, 34.038612, 34.877590>,  <27.802603, 34.043224, 35.190475>, 0.100000
	pigment { color rgbt <1,0,0,0> }
	no_shadow
}

// particle -1
sphere {
	<27.553440, 34.038612, 34.877590> 0.100000
	pigment { color rgbt <1,0,0,0> }
	no_shadow
}
sphere {
	0, 1
	scale<0.080000,0.200000,0.300000>
	matrix <-0.743122, 0.321171, 0.587043,
		0.244454, 0.946951, -0.208629,
		-0.622906, -0.011532, -0.782211,
		27.366568, 34.035152, 34.642925>
	pigment { color rgbt <0,1,1,0> }
	no_shadow
}
cylinder {
	<27.482571, 34.784897, 35.075291>,  <27.802603, 34.043224, 35.190475>, 0.130000
	pigment { color rgbt <1,0,0,0> }
	no_shadow
}

// nucleotide -1

// particle -1
sphere {
	<27.482571, 34.784897, 35.075291> 0.250000
	pigment { color rgbt <1,0,0,0> }
	no_shadow
}
cylinder {
	<27.238180, 34.511742, 34.915108>,  <27.091545, 34.347847, 34.818996>, 0.100000
	pigment { color rgbt <1,0,0,0> }
	no_shadow
}
cylinder {
	<27.238180, 34.511742, 34.915108>,  <27.482571, 34.784897, 35.075291>, 0.100000
	pigment { color rgbt <1,0,0,0> }
	no_shadow
}

// particle -1
sphere {
	<27.238180, 34.511742, 34.915108> 0.100000
	pigment { color rgbt <1,0,0,0> }
	no_shadow
}
sphere {
	0, 1
	scale<0.080000,0.200000,0.300000>
	matrix <-0.722639, 0.274535, 0.634369,
		-0.323267, 0.676970, -0.661219,
		-0.610976, -0.682893, -0.400457,
		27.054888, 34.306873, 34.794971>
	pigment { color rgbt <0,1,1,0> }
	no_shadow
}
cylinder {
	<27.670156, 34.777290, 34.345848>,  <27.482571, 34.784897, 35.075291>, 0.130000
	pigment { color rgbt <1,0,0,0> }
	no_shadow
}

// nucleotide -1

// particle -1
sphere {
	<27.670156, 34.777290, 34.345848> 0.250000
	pigment { color rgbt <1,0,0,0> }
	no_shadow
}
cylinder {
	<27.864296, 34.444118, 34.452175>,  <27.980780, 34.244213, 34.515972>, 0.100000
	pigment { color rgbt <1,0,0,0> }
	no_shadow
}
cylinder {
	<27.864296, 34.444118, 34.452175>,  <27.670156, 34.777290, 34.345848>, 0.100000
	pigment { color rgbt <1,0,0,0> }
	no_shadow
}

// particle -1
sphere {
	<27.864296, 34.444118, 34.452175> 0.100000
	pigment { color rgbt <1,0,0,0> }
	no_shadow
}
sphere {
	0, 1
	scale<0.080000,0.200000,0.300000>
	matrix <0.522297, 0.032387, -0.852148,
		0.701172, 0.552428, 0.450757,
		0.485349, -0.832931, 0.265822,
		28.009901, 34.194241, 34.531921>
	pigment { color rgbt <0,1,1,0> }
	no_shadow
}
cylinder {
	<28.385700, 34.795860, 34.424870>,  <27.670156, 34.777290, 34.345848>, 0.130000
	pigment { color rgbt <1,0,0,0> }
	no_shadow
}

// nucleotide -1

// particle -1
sphere {
	<28.385700, 34.795860, 34.424870> 0.250000
	pigment { color rgbt <1,0,0,0> }
	no_shadow
}
cylinder {
	<28.320482, 34.421093, 34.301193>,  <28.281351, 34.196232, 34.226986>, 0.100000
	pigment { color rgbt <1,0,0,0> }
	no_shadow
}
cylinder {
	<28.320482, 34.421093, 34.301193>,  <28.385700, 34.795860, 34.424870>, 0.100000
	pigment { color rgbt <1,0,0,0> }
	no_shadow
}

// particle -1
sphere {
	<28.320482, 34.421093, 34.301193> 0.100000
	pigment { color rgbt <1,0,0,0> }
	no_shadow
}
sphere {
	0, 1
	scale<0.080000,0.200000,0.300000>
	matrix <0.643039, 0.136768, -0.753522,
		0.748276, -0.321683, 0.580176,
		-0.163046, -0.936918, -0.309194,
		28.271568, 34.140018, 34.208435>
	pigment { color rgbt <0,1,1,0> }
	no_shadow
}
cylinder {
	<28.909647, 34.663864, 34.039684>,  <28.385700, 34.795860, 34.424870>, 0.130000
	pigment { color rgbt <1,0,0,0> }
	no_shadow
}

// nucleotide -1

// particle -1
sphere {
	<28.909647, 34.663864, 34.039684> 0.250000
	pigment { color rgbt <1,0,0,0> }
	no_shadow
}
cylinder {
	<28.703213, 34.342659, 33.920471>,  <28.579353, 34.149937, 33.848942>, 0.100000
	pigment { color rgbt <1,0,0,0> }
	no_shadow
}
cylinder {
	<28.703213, 34.342659, 33.920471>,  <28.909647, 34.663864, 34.039684>, 0.100000
	pigment { color rgbt <1,0,0,0> }
	no_shadow
}

// particle -1
sphere {
	<28.703213, 34.342659, 33.920471> 0.100000
	pigment { color rgbt <1,0,0,0> }
	no_shadow
}
sphere {
	0, 1
	scale<0.080000,0.200000,0.300000>
	matrix <0.510923, -0.009337, -0.859576,
		0.687470, -0.595885, 0.415098,
		-0.516084, -0.803016, -0.298032,
		28.548388, 34.101753, 33.831062>
	pigment { color rgbt <0,1,1,0> }
	no_shadow
}
cylinder {
	<29.358004, 34.162189, 34.073399>,  <28.909647, 34.663864, 34.039684>, 0.130000
	pigment { color rgbt <1,0,0,0> }
	no_shadow
}

// nucleotide -1

// particle -1
sphere {
	<29.358004, 34.162189, 34.073399> 0.250000
	pigment { color rgbt <1,0,0,0> }
	no_shadow
}
cylinder {
	<29.073389, 34.077728, 33.805328>,  <28.902620, 34.027050, 33.644485>, 0.100000
	pigment { color rgbt <1,0,0,0> }
	no_shadow
}
cylinder {
	<29.073389, 34.077728, 33.805328>,  <29.358004, 34.162189, 34.073399>, 0.100000
	pigment { color rgbt <1,0,0,0> }
	no_shadow
}

// particle -1
sphere {
	<29.073389, 34.077728, 33.805328> 0.100000
	pigment { color rgbt <1,0,0,0> }
	no_shadow
}
sphere {
	0, 1
	scale<0.080000,0.200000,0.300000>
	matrix <0.702450, -0.190992, -0.685628,
		0.016776, -0.958611, 0.284223,
		-0.711535, -0.211155, -0.670173,
		28.859928, 34.014381, 33.604275>
	pigment { color rgbt <0,1,1,0> }
	no_shadow
}
cylinder {
	<29.716761, 33.539871, 33.808498>,  <29.358004, 34.162189, 34.073399>, 0.130000
	pigment { color rgbt <1,0,0,0> }
	no_shadow
}

// nucleotide -1

// particle -1
sphere {
	<29.716761, 33.539871, 33.808498> 0.250000
	pigment { color rgbt <1,0,0,0> }
	no_shadow
}
cylinder {
	<29.773460, 33.409405, 34.182346>,  <29.807480, 33.331123, 34.406654>, 0.100000
	pigment { color rgbt <1,0,0,0> }
	no_shadow
}
cylinder {
	<29.773460, 33.409405, 34.182346>,  <29.716761, 33.539871, 33.808498>, 0.100000
	pigment { color rgbt <1,0,0,0> }
	no_shadow
}

// particle -1
sphere {
	<29.773460, 33.409405, 34.182346> 0.100000
	pigment { color rgbt <1,0,0,0> }
	no_shadow
}
sphere {
	0, 1
	scale<0.080000,0.200000,0.300000>
	matrix <0.957926, -0.192840, -0.212581,
		0.249571, 0.925433, 0.285113,
		0.141748, -0.326171, 0.934623,
		29.815985, 33.311554, 34.462734>
	pigment { color rgbt <0,1,1,0> }
	no_shadow
}
cylinder {
	<30.182482, 33.958229, 34.076252>,  <29.716761, 33.539871, 33.808498>, 0.130000
	pigment { color rgbt <1,0,0,0> }
	no_shadow
}

// nucleotide -1

// particle -1
sphere {
	<30.182482, 33.958229, 34.076252> 0.250000
	pigment { color rgbt <1,0,0,0> }
	no_shadow
}
cylinder {
	<30.232826, 33.601578, 34.250217>,  <30.263033, 33.387585, 34.354599>, 0.100000
	pigment { color rgbt <1,0,0,0> }
	no_shadow
}
cylinder {
	<30.232826, 33.601578, 34.250217>,  <30.182482, 33.958229, 34.076252>, 0.100000
	pigment { color rgbt <1,0,0,0> }
	no_shadow
}

// particle -1
sphere {
	<30.232826, 33.601578, 34.250217> 0.100000
	pigment { color rgbt <1,0,0,0> }
	no_shadow
}
sphere {
	0, 1
	scale<0.080000,0.200000,0.300000>
	matrix <0.976949, 0.035204, -0.210552,
		0.172423, 0.451393, 0.875508,
		0.125863, -0.891631, 0.434918,
		30.270586, 33.334087, 34.380692>
	pigment { color rgbt <0,1,1,0> }
	no_shadow
}
cylinder {
	<30.400511, 34.558075, 34.455502>,  <30.182482, 33.958229, 34.076252>, 0.130000
	pigment { color rgbt <1,0,0,0> }
	no_shadow
}

// nucleotide -1

// particle -1
sphere {
	<30.400511, 34.558075, 34.455502> 0.250000
	pigment { color rgbt <1,0,0,0> }
	no_shadow
}
cylinder {
	<30.717428, 34.802113, 34.452457>,  <30.907579, 34.948536, 34.450630>, 0.100000
	pigment { color rgbt <1,0,0,0> }
	no_shadow
}
cylinder {
	<30.717428, 34.802113, 34.452457>,  <30.400511, 34.558075, 34.455502>, 0.100000
	pigment { color rgbt <1,0,0,0> }
	no_shadow
}

// particle -1
sphere {
	<30.717428, 34.802113, 34.452457> 0.100000
	pigment { color rgbt <1,0,0,0> }
	no_shadow
}
sphere {
	0, 1
	scale<0.080000,0.200000,0.300000>
	matrix <0.275060, -0.368282, -0.888094,
		-0.544619, 0.701540, -0.459599,
		0.792296, 0.610090, -0.007608,
		30.955116, 34.985138, 34.450176>
	pigment { color rgbt <0,1,1,0> }
	no_shadow
}
cylinder {
	<30.415634, 34.989380, 33.747978>,  <30.400511, 34.558075, 34.455502>, 0.130000
	pigment { color rgbt <1,0,0,0> }
	no_shadow
}

// nucleotide -1

// particle -1
sphere {
	<30.415634, 34.989380, 33.747978> 0.250000
	pigment { color rgbt <1,0,0,0> }
	no_shadow
}
cylinder {
	<30.774843, 34.905720, 33.902798>,  <30.990368, 34.855522, 33.995689>, 0.100000
	pigment { color rgbt <1,0,0,0> }
	no_shadow
}
cylinder {
	<30.774843, 34.905720, 33.902798>,  <30.415634, 34.989380, 33.747978>, 0.100000
	pigment { color rgbt <1,0,0,0> }
	no_shadow
}

// particle -1
sphere {
	<30.774843, 34.905720, 33.902798> 0.100000
	pigment { color rgbt <1,0,0,0> }
	no_shadow
}
sphere {
	0, 1
	scale<0.080000,0.200000,0.300000>
	matrix <0.355820, -0.172123, -0.918567,
		0.258742, 0.962615, -0.080150,
		0.898023, -0.209153, 0.387053,
		31.044250, 34.842976, 34.018913>
	pigment { color rgbt <0,1,1,0> }
	no_shadow
}
cylinder {
	<30.885466, 35.266586, 33.428268>,  <30.415634, 34.989380, 33.747978>, 0.130000
	pigment { color rgbt <1,0,0,0> }
	no_shadow
}

// nucleotide -1

// particle -1
sphere {
	<30.885466, 35.266586, 33.428268> 0.250000
	pigment { color rgbt <1,0,0,0> }
	no_shadow
}
cylinder {
	<31.073053, 34.943626, 33.571472>,  <31.185606, 34.749851, 33.657394>, 0.100000
	pigment { color rgbt <1,0,0,0> }
	no_shadow
}
cylinder {
	<31.073053, 34.943626, 33.571472>,  <30.885466, 35.266586, 33.428268>, 0.100000
	pigment { color rgbt <1,0,0,0> }
	no_shadow
}

// particle -1
sphere {
	<31.073053, 34.943626, 33.571472> 0.100000
	pigment { color rgbt <1,0,0,0> }
	no_shadow
}
sphere {
	0, 1
	scale<0.080000,0.200000,0.300000>
	matrix <0.227329, -0.281343, -0.932292,
		0.853458, 0.518601, 0.051605,
		0.468969, -0.807402, 0.358008,
		31.213743, 34.701405, 33.678875>
	pigment { color rgbt <0,1,1,0> }
	no_shadow
}
cylinder {
	<31.508614, 35.068504, 33.024185>,  <30.885466, 35.266586, 33.428268>, 0.130000
	pigment { color rgbt <1,0,0,0> }
	no_shadow
}

// nucleotide -1

// particle -1
sphere {
	<31.508614, 35.068504, 33.024185> 0.250000
	pigment { color rgbt <1,0,0,0> }
	no_shadow
}
cylinder {
	<31.377960, 34.736038, 33.204178>,  <31.299568, 34.536560, 33.312172>, 0.100000
	pigment { color rgbt <1,0,0,0> }
	no_shadow
}
cylinder {
	<31.377960, 34.736038, 33.204178>,  <31.508614, 35.068504, 33.024185>, 0.100000
	pigment { color rgbt <1,0,0,0> }
	no_shadow
}

// particle -1
sphere {
	<31.377960, 34.736038, 33.204178> 0.100000
	pigment { color rgbt <1,0,0,0> }
	no_shadow
}
sphere {
	0, 1
	scale<0.080000,0.200000,0.300000>
	matrix <0.174252, -0.520887, -0.835651,
		0.928949, -0.194544, 0.314972,
		-0.326636, -0.831161, 0.449978,
		31.279970, 34.486691, 33.339172>
	pigment { color rgbt <0,1,1,0> }
	no_shadow
}
cylinder {
	<31.937496, 34.668354, 32.790546>,  <31.508614, 35.068504, 33.024185>, 0.130000
	pigment { color rgbt <1,0,0,0> }
	no_shadow
}

// nucleotide -1

// particle -1
sphere {
	<31.937496, 34.668354, 32.790546> 0.250000
	pigment { color rgbt <1,0,0,0> }
	no_shadow
}
cylinder {
	<31.672079, 34.849735, 32.552525>,  <31.512829, 34.958565, 32.409710>, 0.100000
	pigment { color rgbt <1,0,0,0> }
	no_shadow
}
cylinder {
	<31.672079, 34.849735, 32.552525>,  <31.937496, 34.668354, 32.790546>, 0.100000
	pigment { color rgbt <1,0,0,0> }
	no_shadow
}

// particle -1
sphere {
	<31.672079, 34.849735, 32.552525> 0.100000
	pigment { color rgbt <1,0,0,0> }
	no_shadow
}
sphere {
	0, 1
	scale<0.080000,0.200000,0.300000>
	matrix <0.692601, 0.071585, -0.717760,
		-0.282874, -0.888400, -0.361562,
		-0.663541, 0.453454, -0.595057,
		31.473017, 34.985771, 32.374008>
	pigment { color rgbt <0,1,1,0> }
	no_shadow
}
cylinder {
	<32.094864, 34.326313, 32.180950>,  <31.937496, 34.668354, 32.790546>, 0.130000
	pigment { color rgbt <1,0,0,0> }
	no_shadow
}

// nucleotide -1

// particle -1
sphere {
	<32.094864, 34.326313, 32.180950> 0.250000
	pigment { color rgbt <1,0,0,0> }
	no_shadow
}
cylinder {
	<31.915272, 34.683052, 32.158943>,  <31.807516, 34.897095, 32.145741>, 0.100000
	pigment { color rgbt <1,0,0,0> }
	no_shadow
}
cylinder {
	<31.915272, 34.683052, 32.158943>,  <32.094864, 34.326313, 32.180950>, 0.100000
	pigment { color rgbt <1,0,0,0> }
	no_shadow
}

// particle -1
sphere {
	<31.915272, 34.683052, 32.158943> 0.100000
	pigment { color rgbt <1,0,0,0> }
	no_shadow
}
sphere {
	0, 1
	scale<0.080000,0.200000,0.300000>
	matrix <0.758328, 0.347752, -0.551368,
		-0.472604, -0.289273, -0.832446,
		-0.448980, 0.891846, -0.055014,
		31.780577, 34.950607, 32.142437>
	pigment { color rgbt <0,1,1,0> }
	no_shadow
}
cylinder {
	<32.026299, 34.600029, 31.409140>,  <32.094864, 34.326313, 32.180950>, 0.130000
	pigment { color rgbt <1,0,0,0> }
	no_shadow
}

// nucleotide -1

// particle -1
sphere {
	<32.026299, 34.600029, 31.409140> 0.250000
	pigment { color rgbt <1,0,0,0> }
	no_shadow
}
cylinder {
	<32.078224, 34.834850, 31.728769>,  <32.109379, 34.975742, 31.920547>, 0.100000
	pigment { color rgbt <1,0,0,0> }
	no_shadow
}
cylinder {
	<32.078224, 34.834850, 31.728769>,  <32.026299, 34.600029, 31.409140>, 0.100000
	pigment { color rgbt <1,0,0,0> }
	no_shadow
}

// particle -1
sphere {
	<32.078224, 34.834850, 31.728769> 0.100000
	pigment { color rgbt <1,0,0,0> }
	no_shadow
}
sphere {
	0, 1
	scale<0.080000,0.200000,0.300000>
	matrix <0.748446, 0.470586, -0.467309,
		-0.650367, 0.658728, -0.378285,
		0.129814, 0.587049, 0.799076,
		32.117168, 35.010963, 31.968493>
	pigment { color rgbt <0,1,1,0> }
	no_shadow
}
cylinder {
	<31.436563, 34.320415, 31.128052>,  <32.026299, 34.600029, 31.409140>, 0.130000
	pigment { color rgbt <1,0,0,0> }
	no_shadow
}

// nucleotide -1

// particle -1
sphere {
	<31.436563, 34.320415, 31.128052> 0.250000
	pigment { color rgbt <1,0,0,0> }
	no_shadow
}
cylinder {
	<31.273882, 34.117077, 30.824429>,  <31.176273, 33.995071, 30.642254>, 0.100000
	pigment { color rgbt <1,0,0,0> }
	no_shadow
}
cylinder {
	<31.273882, 34.117077, 30.824429>,  <31.436563, 34.320415, 31.128052>, 0.100000
	pigment { color rgbt <1,0,0,0> }
	no_shadow
}

// particle -1
sphere {
	<31.273882, 34.117077, 30.824429> 0.100000
	pigment { color rgbt <1,0,0,0> }
	no_shadow
}
sphere {
	0, 1
	scale<0.080000,0.200000,0.300000>
	matrix <-0.550104, -0.527085, 0.647741,
		-0.729367, 0.681001, -0.065278,
		-0.406705, -0.508350, -0.759059,
		31.151871, 33.964573, 30.596710>
	pigment { color rgbt <0,1,1,0> }
	no_shadow
}
cylinder {
	<30.718910, 34.259693, 31.260202>,  <31.436563, 34.320415, 31.128052>, 0.130000
	pigment { color rgbt <1,0,0,0> }
	no_shadow
}

// nucleotide -1

// particle -1
sphere {
	<30.718910, 34.259693, 31.260202> 0.250000
	pigment { color rgbt <1,0,0,0> }
	no_shadow
}
cylinder {
	<30.810911, 33.969868, 31.000322>,  <30.866112, 33.795975, 30.844395>, 0.100000
	pigment { color rgbt <1,0,0,0> }
	no_shadow
}
cylinder {
	<30.810911, 33.969868, 31.000322>,  <30.718910, 34.259693, 31.260202>, 0.100000
	pigment { color rgbt <1,0,0,0> }
	no_shadow
}

// particle -1
sphere {
	<30.810911, 33.969868, 31.000322> 0.100000
	pigment { color rgbt <1,0,0,0> }
	no_shadow
}
sphere {
	0, 1
	scale<0.080000,0.200000,0.300000>
	matrix <-0.498817, -0.661007, 0.560581,
		-0.835631, 0.195146, -0.513457,
		0.230004, -0.724560, -0.649701,
		30.879911, 33.752499, 30.805412>
	pigment { color rgbt <0,1,1,0> }
	no_shadow
}
cylinder {
	<30.078323, 34.026535, 31.001221>,  <30.718910, 34.259693, 31.260202>, 0.130000
	pigment { color rgbt <1,0,0,0> }
	no_shadow
}

// nucleotide -1

// particle -1
sphere {
	<30.078323, 34.026535, 31.001221> 0.250000
	pigment { color rgbt <1,0,0,0> }
	no_shadow
}
cylinder {
	<30.334982, 33.729961, 30.922676>,  <30.488977, 33.552017, 30.875549>, 0.100000
	pigment { color rgbt <1,0,0,0> }
	no_shadow
}
cylinder {
	<30.334982, 33.729961, 30.922676>,  <30.078323, 34.026535, 31.001221>, 0.100000
	pigment { color rgbt <1,0,0,0> }
	no_shadow
}

// particle -1
sphere {
	<30.334982, 33.729961, 30.922676> 0.100000
	pigment { color rgbt <1,0,0,0> }
	no_shadow
}
sphere {
	0, 1
	scale<0.080000,0.200000,0.300000>
	matrix <-0.550559, -0.623478, 0.555121,
		-0.534015, -0.248085, -0.808259,
		0.641649, -0.741437, -0.196361,
		30.527475, 33.507530, 30.863768>
	pigment { color rgbt <0,1,1,0> }
	no_shadow
}
cylinder {
	<29.715155, 33.495102, 30.590332>,  <30.078323, 34.026535, 31.001221>, 0.130000
	pigment { color rgbt <1,0,0,0> }
	no_shadow
}

// nucleotide -1

// particle -1
sphere {
	<29.715155, 33.495102, 30.590332> 0.250000
	pigment { color rgbt <1,0,0,0> }
	no_shadow
}
cylinder {
	<30.028400, 33.391945, 30.816685>,  <30.216349, 33.330051, 30.952496>, 0.100000
	pigment { color rgbt <1,0,0,0> }
	no_shadow
}
cylinder {
	<30.028400, 33.391945, 30.816685>,  <29.715155, 33.495102, 30.590332>, 0.100000
	pigment { color rgbt <1,0,0,0> }
	no_shadow
}

// particle -1
sphere {
	<30.028400, 33.391945, 30.816685> 0.100000
	pigment { color rgbt <1,0,0,0> }
	no_shadow
}
sphere {
	0, 1
	scale<0.080000,0.200000,0.300000>
	matrix <-0.534821, -0.743629, 0.401227,
		0.317332, -0.616852, -0.720274,
		0.783114, -0.257895, 0.565882,
		30.263334, 33.314575, 30.986450>
	pigment { color rgbt <0,1,1,0> }
	no_shadow
}
cylinder {
	<29.897875, 32.792870, 30.353336>,  <29.715155, 33.495102, 30.590332>, 0.130000
	pigment { color rgbt <1,0,0,0> }
	no_shadow
}

// nucleotide -1

// particle -1
sphere {
	<29.897875, 32.792870, 30.353336> 0.250000
	pigment { color rgbt <1,0,0,0> }
	no_shadow
}
cylinder {
	<29.966673, 32.916763, 30.727392>,  <30.007952, 32.991100, 30.951826>, 0.100000
	pigment { color rgbt <1,0,0,0> }
	no_shadow
}
cylinder {
	<29.966673, 32.916763, 30.727392>,  <29.897875, 32.792870, 30.353336>, 0.100000
	pigment { color rgbt <1,0,0,0> }
	no_shadow
}

// particle -1
sphere {
	<29.966673, 32.916763, 30.727392> 0.100000
	pigment { color rgbt <1,0,0,0> }
	no_shadow
}
sphere {
	0, 1
	scale<0.080000,0.200000,0.300000>
	matrix <-0.544638, -0.761105, 0.352262,
		0.820846, -0.569899, 0.037787,
		0.171993, 0.309733, 0.935138,
		30.018270, 33.009682, 31.007935>
	pigment { color rgbt <0,1,1,0> }
	no_shadow
}
cylinder {
	<29.509090, 32.392647, 30.796535>,  <29.897875, 32.792870, 30.353336>, 0.130000
	pigment { color rgbt <1,0,0,0> }
	no_shadow
}

// nucleotide -1

// particle -1
sphere {
	<29.509090, 32.392647, 30.796535> 0.250000
	pigment { color rgbt <1,0,0,0> }
	no_shadow
}
cylinder {
	<29.826595, 32.509598, 31.009874>,  <30.017097, 32.579769, 31.137878>, 0.100000
	pigment { color rgbt <1,0,0,0> }
	no_shadow
}
cylinder {
	<29.826595, 32.509598, 31.009874>,  <29.509090, 32.392647, 30.796535>, 0.100000
	pigment { color rgbt <1,0,0,0> }
	no_shadow
}

// particle -1
sphere {
	<29.826595, 32.509598, 31.009874> 0.100000
	pigment { color rgbt <1,0,0,0> }
	no_shadow
}
sphere {
	0, 1
	scale<0.080000,0.200000,0.300000>
	matrix <-0.362742, -0.476309, 0.800967,
		0.488224, -0.829243, -0.272017,
		0.793760, 0.292379, 0.533347,
		30.064724, 32.597313, 31.169878>
	pigment { color rgbt <0,1,1,0> }
	no_shadow
}
cylinder {
	<29.773073, 31.830593, 31.214052>,  <29.509090, 32.392647, 30.796535>, 0.130000
	pigment { color rgbt <1,0,0,0> }
	no_shadow
}

// nucleotide -1

// particle -1
sphere {
	<29.773073, 31.830593, 31.214052> 0.250000
	pigment { color rgbt <1,0,0,0> }
	no_shadow
}
cylinder {
	<29.905880, 32.153587, 31.409082>,  <29.985565, 32.347385, 31.526100>, 0.100000
	pigment { color rgbt <1,0,0,0> }
	no_shadow
}
cylinder {
	<29.905880, 32.153587, 31.409082>,  <29.773073, 31.830593, 31.214052>, 0.100000
	pigment { color rgbt <1,0,0,0> }
	no_shadow
}

// particle -1
sphere {
	<29.905880, 32.153587, 31.409082> 0.100000
	pigment { color rgbt <1,0,0,0> }
	no_shadow
}
sphere {
	0, 1
	scale<0.080000,0.200000,0.300000>
	matrix <-0.469786, -0.306676, 0.827799,
		0.817964, -0.503900, 0.277524,
		0.332018, 0.807487, 0.487575,
		30.005486, 32.395832, 31.555355>
	pigment { color rgbt <0,1,1,0> }
	no_shadow
}
cylinder {
	<29.926029, 31.571041, 31.814108>,  <29.773073, 31.830593, 31.214052>, 0.130000
	pigment { color rgbt <1,0,0,0> }
	no_shadow
}

// nucleotide -1

// particle -1
sphere {
	<29.926029, 31.571041, 31.814108> 0.250000
	pigment { color rgbt <1,0,0,0> }
	no_shadow
}
cylinder {
	<29.862549, 31.962044, 31.869675>,  <29.824461, 32.196644, 31.903015>, 0.100000
	pigment { color rgbt <1,0,0,0> }
	no_shadow
}
cylinder {
	<29.862549, 31.962044, 31.869675>,  <29.926029, 31.571041, 31.814108>, 0.100000
	pigment { color rgbt <1,0,0,0> }
	no_shadow
}

// particle -1
sphere {
	<29.862549, 31.962044, 31.869675> 0.100000
	pigment { color rgbt <1,0,0,0> }
	no_shadow
}
sphere {
	0, 1
	scale<0.080000,0.200000,0.300000>
	matrix <-0.620123, -0.208172, 0.756381,
		0.768285, 0.033893, 0.639210,
		-0.158702, 0.977505, 0.138918,
		29.814938, 32.255295, 31.911350>
	pigment { color rgbt <0,1,1,0> }
	no_shadow
}
cylinder {
	<29.827290, 31.757168, 32.504196>,  <29.926029, 31.571041, 31.814108>, 0.130000
	pigment { color rgbt <1,0,0,0> }
	no_shadow
}

// nucleotide -1

// particle -1
sphere {
	<29.827290, 31.757168, 32.504196> 0.250000
	pigment { color rgbt <1,0,0,0> }
	no_shadow
}
cylinder {
	<29.628202, 32.041466, 32.305351>,  <29.508751, 32.212044, 32.186043>, 0.100000
	pigment { color rgbt <1,0,0,0> }
	no_shadow
}
cylinder {
	<29.628202, 32.041466, 32.305351>,  <29.827290, 31.757168, 32.504196>, 0.100000
	pigment { color rgbt <1,0,0,0> }
	no_shadow
}

// particle -1
sphere {
	<29.628202, 32.041466, 32.305351> 0.100000
	pigment { color rgbt <1,0,0,0> }
	no_shadow
}
sphere {
	0, 1
	scale<0.080000,0.200000,0.300000>
	matrix <-0.798898, -0.152517, 0.581807,
		0.337699, 0.686716, 0.643723,
		-0.497716, 0.710746, -0.497112,
		29.478888, 32.254688, 32.156219>
	pigment { color rgbt <0,1,1,0> }
	no_shadow
}
cylinder {
	<29.480581, 32.162155, 33.035336>,  <29.827290, 31.757168, 32.504196>, 0.130000
	pigment { color rgbt <1,0,0,0> }
	no_shadow
}

// nucleotide -1

// particle -1
sphere {
	<29.480581, 32.162155, 33.035336> 0.250000
	pigment { color rgbt <1,0,0,0> }
	no_shadow
}
cylinder {
	<29.296356, 32.161430, 32.680286>,  <29.185822, 32.160995, 32.467255>, 0.100000
	pigment { color rgbt <1,0,0,0> }
	no_shadow
}
cylinder {
	<29.296356, 32.161430, 32.680286>,  <29.480581, 32.162155, 33.035336>, 0.100000
	pigment { color rgbt <1,0,0,0> }
	no_shadow
}

// particle -1
sphere {
	<29.296356, 32.161430, 32.680286> 0.100000
	pigment { color rgbt <1,0,0,0> }
	no_shadow
}
sphere {
	0, 1
	scale<0.080000,0.200000,0.300000>
	matrix <-0.852251, -0.278599, 0.442776,
		-0.248094, 0.960406, 0.126768,
		-0.460562, -0.001812, -0.887626,
		29.158188, 32.160885, 32.413998>
	pigment { color rgbt <0,1,1,0> }
	no_shadow
}
cylinder {
	<29.468332, 32.872604, 32.833916>,  <29.480581, 32.162155, 33.035336>, 0.130000
	pigment { color rgbt <1,0,0,0> }
	no_shadow
}

// nucleotide -1

// particle -1
sphere {
	<29.468332, 32.872604, 32.833916> 0.250000
	pigment { color rgbt <1,0,0,0> }
	no_shadow
}
cylinder {
	<29.679504, 32.628948, 32.597195>,  <29.806208, 32.482754, 32.455162>, 0.100000
	pigment { color rgbt <1,0,0,0> }
	no_shadow
}
cylinder {
	<29.679504, 32.628948, 32.597195>,  <29.468332, 32.872604, 32.833916>, 0.100000
	pigment { color rgbt <1,0,0,0> }
	no_shadow
}

// particle -1
sphere {
	<29.679504, 32.628948, 32.597195> 0.100000
	pigment { color rgbt <1,0,0,0> }
	no_shadow
}
sphere {
	0, 1
	scale<0.080000,0.200000,0.300000>
	matrix <0.325762, 0.788766, -0.521275,
		0.784327, 0.082409, 0.614850,
		0.527930, -0.609145, -0.591805,
		29.837883, 32.446205, 32.419655>
	pigment { color rgbt <0,1,1,0> }
	no_shadow
}
cylinder {
	<29.789452, 33.275524, 32.396568>,  <29.468332, 32.872604, 32.833916>, 0.130000
	pigment { color rgbt <1,0,0,0> }
	no_shadow
}

// nucleotide -1

// particle -1
sphere {
	<29.789452, 33.275524, 32.396568> 0.250000
	pigment { color rgbt <1,0,0,0> }
	no_shadow
}
cylinder {
	<29.940802, 32.930344, 32.262619>,  <30.031612, 32.723236, 32.182247>, 0.100000
	pigment { color rgbt <1,0,0,0> }
	no_shadow
}
cylinder {
	<29.940802, 32.930344, 32.262619>,  <29.789452, 33.275524, 32.396568>, 0.100000
	pigment { color rgbt <1,0,0,0> }
	no_shadow
}

// particle -1
sphere {
	<29.940802, 32.930344, 32.262619> 0.100000
	pigment { color rgbt <1,0,0,0> }
	no_shadow
}
sphere {
	0, 1
	scale<0.080000,0.200000,0.300000>
	matrix <0.371759, 0.472983, -0.798800,
