// switches for output
#declare DRAW_BASES = 1; // possible values are 0, 1; only relevant for DNA ribbons
#declare DRAW_BASES_TYPE = 3; // possible values are 1, 2, 3; only relevant for DNA ribbons
#declare DRAW_FOG = 0; // set to 1 to enable fog

#include "colors.inc"

#include "transforms.inc"
background { rgb <1, 1, 1>}

#default {
   normal{
       ripples 0.25
       frequency 0.20
       turbulence 0.2
       lambda 5
   }
	finish {
		phong 0.1
		phong_size 40.
	}
}

// original window dimensions: 1024x640


// camera settings

camera {
	sky <0, 0.179814, -0.983701>
	up <0, 0.179814, -0.983701>
	right 1.6 * <1, 0, 0>
	location <35, 94.9851, 44.8844>
	look_at <35, 29.7336, 32.9568>
	direction <0, -65.2515, -11.9276>
	angle 67.0682
}


# declare cpy_camera_pos = <35, 94.9851, 44.8844>;
# if (DRAW_FOG = 1)
fog {
	fog_type 2
	up vnormalize(cpy_camera_pos)
	color rgbt<1,1,1,0.3>
	distance 1e-5
	fog_alt 3e-3
	fog_offset 56
}
# end


// LIGHTS

# declare lum = 6;
global_settings {
	ambient_light rgb lum * <0.05, 0.05, 0.05>
	max_trace_level 15
}# declare cpy_direct_light_amount = 0.25;
light_source
{	1000 * <-1, -1.16352, -0.803886>,
	rgb lum * cpy_direct_light_amount
	parallel
}

light_source
{	1000 * <1, 1.16352, 0.803886>,
	rgb lum * cpy_direct_light_amount
	parallel
}

// strand 0

// nucleotide -1

// particle -1
sphere {
	<24.436123, 34.890465, 34.698101> 0.250000
	pigment { color rgbt <1,0,0,0> }
	no_shadow
}
cylinder {
	<24.462107, 35.204388, 34.944633>,  <24.477697, 35.392742, 35.092552>, 0.100000
	pigment { color rgbt <1,0,0,0> }
	no_shadow
}
cylinder {
	<24.462107, 35.204388, 34.944633>,  <24.436123, 34.890465, 34.698101>, 0.100000
	pigment { color rgbt <1,0,0,0> }
	no_shadow
}

// particle -1
sphere {
	<24.462107, 35.204388, 34.944633> 0.100000
	pigment { color rgbt <1,0,0,0> }
	no_shadow
}
sphere {
	0, 1
	scale<0.080000,0.200000,0.300000>
	matrix <0.992238, -0.116430, 0.043675,
		0.106035, 0.608707, -0.786277,
		0.064961, 0.784805, 0.616328,
		24.481594, 35.439831, 35.129532>
	pigment { color rgbt <0,1,1,0> }
	no_shadow
}
cylinder {
	<24.789537, 35.402714, 34.280880>,  <24.436123, 34.890465, 34.698101>, 0.130000
	pigment { color rgbt <1,0,0,0> }
	no_shadow
}

// nucleotide -1

// particle -1
sphere {
	<24.789537, 35.402714, 34.280880> 0.250000
	pigment { color rgbt <1,0,0,0> }
	no_shadow
}
cylinder {
	<24.897549, 35.408432, 34.665977>,  <24.962355, 35.411861, 34.897038>, 0.100000
	pigment { color rgbt <1,0,0,0> }
	no_shadow
}
cylinder {
	<24.897549, 35.408432, 34.665977>,  <24.789537, 35.402714, 34.280880>, 0.100000
	pigment { color rgbt <1,0,0,0> }
	no_shadow
}

// particle -1
sphere {
	<24.897549, 35.408432, 34.665977> 0.100000
	pigment { color rgbt <1,0,0,0> }
	no_shadow
}
sphere {
	0, 1
	scale<0.080000,0.200000,0.300000>
	matrix <0.959416, -0.088400, -0.267780,
		0.081279, 0.995983, -0.037584,
		0.270027, 0.014294, 0.962747,
		24.978558, 35.412720, 34.954800>
	pigment { color rgbt <0,1,1,0> }
	no_shadow
}
cylinder {
	<25.318254, 35.941563, 34.358173>,  <24.789537, 35.402714, 34.280880>, 0.130000
	pigment { color rgbt <1,0,0,0> }
	no_shadow
}

// nucleotide -1

// particle -1
sphere {
	<25.318254, 35.941563, 34.358173> 0.250000
	pigment { color rgbt <1,0,0,0> }
	no_shadow
}
cylinder {
	<25.378227, 35.647964, 34.623135>,  <25.414211, 35.471806, 34.782112>, 0.100000
	pigment { color rgbt <1,0,0,0> }
	no_shadow
}
cylinder {
	<25.378227, 35.647964, 34.623135>,  <25.318254, 35.941563, 34.358173>, 0.100000
	pigment { color rgbt <1,0,0,0> }
	no_shadow
}

// particle -1
sphere {
	<25.378227, 35.647964, 34.623135> 0.100000
	pigment { color rgbt <1,0,0,0> }
	no_shadow
}
sphere {
	0, 1
	scale<0.080000,0.200000,0.300000>
	matrix <0.969771, -0.021283, -0.243088,
		0.192523, 0.678823, 0.708614,
		0.149932, -0.733993, 0.662401,
		25.423206, 35.427765, 34.821854>
	pigment { color rgbt <0,1,1,0> }
	no_shadow
}
cylinder {
	<25.907907, 36.173286, 34.689587>,  <25.318254, 35.941563, 34.358173>, 0.130000
	pigment { color rgbt <1,0,0,0> }
	no_shadow
}

// nucleotide -1

// particle -1
sphere {
	<25.907907, 36.173286, 34.689587> 0.250000
	pigment { color rgbt <1,0,0,0> }
	no_shadow
}
cylinder {
	<25.875854, 35.783596, 34.773933>,  <25.856623, 35.549782, 34.824543>, 0.100000
	pigment { color rgbt <1,0,0,0> }
	no_shadow
}
cylinder {
	<25.875854, 35.783596, 34.773933>,  <25.907907, 36.173286, 34.689587>, 0.100000
	pigment { color rgbt <1,0,0,0> }
	no_shadow
}

// particle -1
sphere {
	<25.875854, 35.783596, 34.773933> 0.100000
	pigment { color rgbt <1,0,0,0> }
	no_shadow
}
sphere {
	0, 1
	scale<0.080000,0.200000,0.300000>
	matrix <0.987591, -0.106260, -0.115637,
		0.135064, 0.198986, 0.970651,
		-0.080131, -0.974225, 0.210869,
		25.851814, 35.491329, 34.837193>
	pigment { color rgbt <0,1,1,0> }
	no_shadow
}
cylinder {
	<26.376328, 35.896297, 35.309349>,  <25.907907, 36.173286, 34.689587>, 0.130000
	pigment { color rgbt <1,0,0,0> }
	no_shadow
}

// nucleotide -1

// particle -1
sphere {
	<26.376328, 35.896297, 35.309349> 0.250000
	pigment { color rgbt <1,0,0,0> }
	no_shadow
}
cylinder {
	<26.319504, 35.579327, 35.072071>,  <26.285410, 35.389145, 34.929703>, 0.100000
	pigment { color rgbt <1,0,0,0> }
	no_shadow
}
cylinder {
	<26.319504, 35.579327, 35.072071>,  <26.376328, 35.896297, 35.309349>, 0.100000
	pigment { color rgbt <1,0,0,0> }
	no_shadow
}

// particle -1
sphere {
	<26.319504, 35.579327, 35.072071> 0.100000
	pigment { color rgbt <1,0,0,0> }
	no_shadow
}
sphere {
	0, 1
	scale<0.080000,0.200000,0.300000>
	matrix <0.970628, -0.229066, 0.073552,
		-0.194166, -0.565326, 0.801690,
		-0.142059, -0.792424, -0.593198,
		26.276886, 35.341599, 34.894112>
	pigment { color rgbt <0,1,1,0> }
	no_shadow
}
cylinder {
	<26.601395, 35.204144, 35.546543>,  <26.376328, 35.896297, 35.309349>, 0.130000
	pigment { color rgbt <1,0,0,0> }
	no_shadow
}

// nucleotide -1

// particle -1
sphere {
	<26.601395, 35.204144, 35.546543> 0.250000
	pigment { color rgbt <1,0,0,0> }
	no_shadow
}
cylinder {
	<26.669422, 35.165848, 35.154236>,  <26.710239, 35.142872, 34.918850>, 0.100000
	pigment { color rgbt <1,0,0,0> }
	no_shadow
}
cylinder {
	<26.669422, 35.165848, 35.154236>,  <26.601395, 35.204144, 35.546543>, 0.100000
	pigment { color rgbt <1,0,0,0> }
	no_shadow
}

// particle -1
sphere {
	<26.669422, 35.165848, 35.154236> 0.100000
	pigment { color rgbt <1,0,0,0> }
	no_shadow
}
sphere {
	0, 1
	scale<0.080000,0.200000,0.300000>
	matrix <0.917989, -0.346476, 0.193004,
		-0.358291, -0.933161, 0.028960,
		0.170070, -0.095736, -0.980771,
		26.720444, 35.137127, 34.860004>
	pigment { color rgbt <0,1,1,0> }
	no_shadow
}
cylinder {
	<26.620825, 34.456856, 35.217213>,  <26.601395, 35.204144, 35.546543>, 0.130000
	pigment { color rgbt <1,0,0,0> }
	no_shadow
}

// nucleotide -1

// particle -1
sphere {
	<26.620825, 34.456856, 35.217213> 0.250000
	pigment { color rgbt <1,0,0,0> }
	no_shadow
}
cylinder {
	<26.852533, 34.733898, 35.045284>,  <26.991558, 34.900124, 34.942127>, 0.100000
	pigment { color rgbt <1,0,0,0> }
	no_shadow
}
cylinder {
	<26.852533, 34.733898, 35.045284>,  <26.620825, 34.456856, 35.217213>, 0.100000
	pigment { color rgbt <1,0,0,0> }
	no_shadow
}

// particle -1
sphere {
	<26.852533, 34.733898, 35.045284> 0.100000
	pigment { color rgbt <1,0,0,0> }
	no_shadow
}
sphere {
	0, 1
	scale<0.080000,0.200000,0.300000>
	matrix <0.811516, -0.440391, 0.384054,
		0.076709, -0.571276, -0.817165,
		0.579273, 0.692603, -0.429818,
		27.026316, 34.941681, 34.916340>
	pigment { color rgbt <0,1,1,0> }
	no_shadow
}
cylinder {
	<27.210119, 34.155003, 34.864372>,  <26.620825, 34.456856, 35.217213>, 0.130000
	pigment { color rgbt <1,0,0,0> }
	no_shadow
}

// nucleotide -1

// particle -1
sphere {
	<27.210119, 34.155003, 34.864372> 0.250000
	pigment { color rgbt <1,0,0,0> }
	no_shadow
}
cylinder {
	<27.303200, 34.522743, 34.991268>,  <27.359049, 34.743389, 35.067406>, 0.100000
	pigment { color rgbt <1,0,0,0> }
	no_shadow
}
cylinder {
	<27.303200, 34.522743, 34.991268>,  <27.210119, 34.155003, 34.864372>, 0.100000
	pigment { color rgbt <1,0,0,0> }
	no_shadow
}

// particle -1
sphere {
	<27.303200, 34.522743, 34.991268> 0.100000
	pigment { color rgbt <1,0,0,0> }
	no_shadow
}
sphere {
	0, 1
	scale<0.080000,0.200000,0.300000>
	matrix <0.889203, -0.333241, 0.313479,
		0.393914, 0.209142, -0.895037,
		0.232701, 0.919353, 0.317238,
		27.373011, 34.798550, 35.086441>
	pigment { color rgbt <0,1,1,0> }
	no_shadow
}
cylinder {
	<27.772722, 34.511024, 34.489685>,  <27.210119, 34.155003, 34.864372>, 0.130000
	pigment { color rgbt <1,0,0,0> }
	no_shadow
}

// nucleotide -1

// particle -1
sphere {
	<27.772722, 34.511024, 34.489685> 0.250000
	pigment { color rgbt <1,0,0,0> }
	no_shadow
}
cylinder {
	<27.785681, 34.589241, 34.881748>,  <27.793455, 34.636169, 35.116985>, 0.100000
	pigment { color rgbt <1,0,0,0> }
	no_shadow
}
cylinder {
	<27.785681, 34.589241, 34.881748>,  <27.772722, 34.511024, 34.489685>, 0.100000
	pigment { color rgbt <1,0,0,0> }
	no_shadow
}

// particle -1
sphere {
	<27.785681, 34.589241, 34.881748> 0.100000
	pigment { color rgbt <1,0,0,0> }
	no_shadow
}
sphere {
	0, 1
	scale<0.080000,0.200000,0.300000>
	matrix <0.986122, -0.166024, 0.000528,
		0.162833, 0.966541, -0.198204,
		0.032396, 0.195539, 0.980161,
		27.795401, 34.647903, 35.175797>
	pigment { color rgbt <0,1,1,0> }
	no_shadow
}
cylinder {
	<28.346218, 34.199501, 34.797634>,  <27.772722, 34.511024, 34.489685>, 0.130000
	pigment { color rgbt <1,0,0,0> }
	no_shadow
}

// nucleotide -1

// particle -1
sphere {
	<28.346218, 34.199501, 34.797634> 0.250000
	pigment { color rgbt <1,0,0,0> }
	no_shadow
}
cylinder {
	<28.610144, 33.921223, 34.911232>,  <28.768499, 33.754257, 34.979389>, 0.100000
	pigment { color rgbt <1,0,0,0> }
	no_shadow
}
cylinder {
	<28.610144, 33.921223, 34.911232>,  <28.346218, 34.199501, 34.797634>, 0.100000
	pigment { color rgbt <1,0,0,0> }
	no_shadow
}

// particle -1
sphere {
	<28.610144, 33.921223, 34.911232> 0.100000
	pigment { color rgbt <1,0,0,0> }
	no_shadow
}
sphere {
	0, 1
	scale<0.080000,0.200000,0.300000>
	matrix <-0.656810, -0.717550, -0.231781,
		0.365027, -0.033596, -0.930391,
		0.659815, -0.695696, 0.283991,
		28.808088, 33.712513, 34.996429>
	pigment { color rgbt <0,1,1,0> }
	no_shadow
}
cylinder {
	<28.390713, 33.696770, 34.316162>,  <28.346218, 34.199501, 34.797634>, 0.130000
	pigment { color rgbt <1,0,0,0> }
	no_shadow
}

// nucleotide -1

// particle -1
sphere {
	<28.390713, 33.696770, 34.316162> 0.250000
	pigment { color rgbt <1,0,0,0> }
	no_shadow
}
cylinder {
	<28.470060, 33.525032, 34.668598>,  <28.517668, 33.421989, 34.880058>, 0.100000
	pigment { color rgbt <1,0,0,0> }
	no_shadow
}
cylinder {
	<28.470060, 33.525032, 34.668598>,  <28.390713, 33.696770, 34.316162>, 0.100000
	pigment { color rgbt <1,0,0,0> }
	no_shadow
}

// particle -1
sphere {
	<28.470060, 33.525032, 34.668598> 0.100000
	pigment { color rgbt <1,0,0,0> }
	no_shadow
}
sphere {
	0, 1
	scale<0.080000,0.200000,0.300000>
	matrix <-0.665470, -0.718984, -0.200529,
		0.719584, -0.546558, -0.428338,
		0.198367, -0.429343, 0.881087,
		28.529570, 33.396229, 34.932926>
	pigment { color rgbt <0,1,1,0> }
	no_shadow
}
cylinder {
	<28.699057, 32.927788, 34.203220>,  <28.390713, 33.696770, 34.316162>, 0.130000
	pigment { color rgbt <1,0,0,0> }
	no_shadow
}

// nucleotide -1

// particle -1
sphere {
	<28.699057, 32.927788, 34.203220> 0.250000
	pigment { color rgbt <1,0,0,0> }
	no_shadow
}
cylinder {
	<28.469566, 33.017441, 34.518333>,  <28.331873, 33.071232, 34.707401>, 0.100000
	pigment { color rgbt <1,0,0,0> }
	no_shadow
}
cylinder {
	<28.469566, 33.017441, 34.518333>,  <28.699057, 32.927788, 34.203220>, 0.100000
	pigment { color rgbt <1,0,0,0> }
	no_shadow
}

// particle -1
sphere {
	<28.469566, 33.017441, 34.518333> 0.100000
	pigment { color rgbt <1,0,0,0> }
	no_shadow
}
sphere {
	0, 1
	scale<0.080000,0.200000,0.300000>
	matrix <-0.554794, -0.813913, -0.172479,
		0.602531, -0.536014, 0.591309,
		-0.573725, 0.224130, 0.787785,
		28.297449, 33.084679, 34.754669>
	pigment { color rgbt <0,1,1,0> }
	no_shadow
}
cylinder {
	<27.914619, 32.753796, 34.406830>,  <28.699057, 32.927788, 34.203220>, 0.130000
	pigment { color rgbt <1,0,0,0> }
	no_shadow
}

// nucleotide -1

// particle -1
sphere {
	<27.914619, 32.753796, 34.406830> 0.250000
	pigment { color rgbt <1,0,0,0> }
	no_shadow
}
cylinder {
	<27.606556, 33.008915, 34.410187>,  <27.421717, 33.161987, 34.412201>, 0.100000
	pigment { color rgbt <1,0,0,0> }
	no_shadow
}
cylinder {
	<27.606556, 33.008915, 34.410187>,  <27.914619, 32.753796, 34.406830>, 0.100000
	pigment { color rgbt <1,0,0,0> }
	no_shadow
}

// particle -1
sphere {
	<27.606556, 33.008915, 34.410187> 0.100000
	pigment { color rgbt <1,0,0,0> }
	no_shadow
}
sphere {
	0, 1
	scale<0.080000,0.200000,0.300000>
	matrix <0.628626, 0.761186, -0.159454,
		-0.108089, -0.117527, -0.987170,
		-0.770160, 0.637796, 0.008395,
		27.375507, 33.200253, 34.412704>
	pigment { color rgbt <0,1,1,0> }
	no_shadow
}
cylinder {
	<27.890049, 32.556786, 35.076607>,  <27.914619, 32.753796, 34.406830>, 0.130000
	pigment { color rgbt <1,0,0,0> }
	no_shadow
}

// nucleotide -1

// particle -1
sphere {
	<27.890049, 32.556786, 35.076607> 0.250000
	pigment { color rgbt <1,0,0,0> }
	no_shadow
}
cylinder {
	<28.201529, 32.503620, 34.831345>,  <28.388416, 32.471722, 34.684185>, 0.100000
	pigment { color rgbt <1,0,0,0> }
	no_shadow
}
cylinder {
	<28.201529, 32.503620, 34.831345>,  <27.890049, 32.556786, 35.076607>, 0.100000
	pigment { color rgbt <1,0,0,0> }
	no_shadow
}

// particle -1
sphere {
	<28.201529, 32.503620, 34.831345> 0.100000
	pigment { color rgbt <1,0,0,0> }
	no_shadow
}
sphere {
	0, 1
	scale<0.080000,0.200000,0.300000>
	matrix <0.555333, 0.600786, 0.575032,
		0.291950, -0.788283, 0.541640,
		0.778698, -0.132910, -0.613159,
		28.435139, 32.463749, 34.647396>
	pigment { color rgbt <0,1,1,0> }
	no_shadow
}
cylinder {
	<28.498486, 32.667347, 35.450565>,  <27.890049, 32.556786, 35.076607>, 0.130000
	pigment { color rgbt <1,0,0,0> }
	no_shadow
}

// nucleotide -1

// particle -1
sphere {
	<28.498486, 32.667347, 35.450565> 0.250000
	pigment { color rgbt <1,0,0,0> }
	no_shadow
}
cylinder {
	<28.681986, 32.673439, 35.095192>,  <28.792086, 32.677094, 34.881969>, 0.100000
	pigment { color rgbt <1,0,0,0> }
	no_shadow
}
cylinder {
	<28.681986, 32.673439, 35.095192>,  <28.498486, 32.667347, 35.450565>, 0.100000
	pigment { color rgbt <1,0,0,0> }
	no_shadow
}

// particle -1
sphere {
	<28.681986, 32.673439, 35.095192> 0.100000
	pigment { color rgbt <1,0,0,0> }
	no_shadow
}
sphere {
	0, 1
	scale<0.080000,0.200000,0.300000>
	matrix <0.666331, 0.655565, 0.355300,
		0.587836, -0.754986, 0.290596,
		0.458751, 0.015225, -0.888434,
		28.819611, 32.678005, 34.828663>
	pigment { color rgbt <0,1,1,0> }
	no_shadow
}
cylinder {
	<29.181349, 32.694004, 35.486385>,  <28.498486, 32.667347, 35.450565>, 0.130000
	pigment { color rgbt <1,0,0,0> }
	no_shadow
}

// nucleotide -1

// particle -1
sphere {
	<29.181349, 32.694004, 35.486385> 0.250000
	pigment { color rgbt <1,0,0,0> }
	no_shadow
}
cylinder {
	<29.076376, 32.904213, 35.162670>,  <29.013393, 33.030338, 34.968441>, 0.100000
	pigment { color rgbt <1,0,0,0> }
	no_shadow
}
cylinder {
	<29.076376, 32.904213, 35.162670>,  <29.181349, 32.694004, 35.486385>, 0.100000
	pigment { color rgbt <1,0,0,0> }
	no_shadow
}

// particle -1
sphere {
	<29.076376, 32.904213, 35.162670> 0.100000
	pigment { color rgbt <1,0,0,0> }
	no_shadow
}
sphere {
	0, 1
	scale<0.080000,0.200000,0.300000>
	matrix <0.459847, 0.805439, 0.373909,
		0.848334, -0.274025, -0.453034,
		-0.262431, 0.525526, -0.809291,
		28.997646, 33.061871, 34.919884>
	pigment { color rgbt <0,1,1,0> }
	no_shadow
}
cylinder {
	<29.736406, 32.835171, 35.149410>,  <29.181349, 32.694004, 35.486385>, 0.130000
	pigment { color rgbt <1,0,0,0> }
	no_shadow
}

// nucleotide -1

// particle -1
sphere {
	<29.736406, 32.835171, 35.149410> 0.250000
	pigment { color rgbt <1,0,0,0> }
	no_shadow
}
cylinder {
	<29.433027, 33.094551, 35.123291>,  <29.250999, 33.250179, 35.107620>, 0.100000
	pigment { color rgbt <1,0,0,0> }
	no_shadow
}
cylinder {
	<29.433027, 33.094551, 35.123291>,  <29.736406, 32.835171, 35.149410>, 0.100000
	pigment { color rgbt <1,0,0,0> }
	no_shadow
}

// particle -1
sphere {
	<29.433027, 33.094551, 35.123291> 0.100000
	pigment { color rgbt <1,0,0,0> }
	no_shadow
}
sphere {
	0, 1
	scale<0.080000,0.200000,0.300000>
	matrix <0.542355, 0.683545, 0.488484,
		0.361394, 0.335075, -0.870126,
		-0.758449, 0.648453, -0.065299,
		29.205492, 33.289085, 35.103703>
	pigment { color rgbt <0,1,1,0> }
	no_shadow
}
cylinder {
	<29.918701, 33.519146, 34.855808>,  <29.736406, 32.835171, 35.149410>, 0.130000
	pigment { color rgbt <1,0,0,0> }
	no_shadow
}

// nucleotide -1

// particle -1
sphere {
	<29.918701, 33.519146, 34.855808> 0.250000
	pigment { color rgbt <1,0,0,0> }
	no_shadow
}
cylinder {
	<29.626020, 33.545918, 35.127140>,  <29.450411, 33.561981, 35.289940>, 0.100000
	pigment { color rgbt <1,0,0,0> }
	no_shadow
}
cylinder {
	<29.626020, 33.545918, 35.127140>,  <29.918701, 33.519146, 34.855808>, 0.100000
	pigment { color rgbt <1,0,0,0> }
	no_shadow
}

// particle -1
sphere {
	<29.626020, 33.545918, 35.127140> 0.100000
	pigment { color rgbt <1,0,0,0> }
	no_shadow
}
sphere {
	0, 1
	scale<0.080000,0.200000,0.300000>
	matrix <0.614107, 0.496557, 0.613436,
		-0.295773, 0.865420, -0.404433,
		-0.731704, 0.066927, 0.678329,
		29.406509, 33.565994, 35.330639>
	pigment { color rgbt <0,1,1,0> }
	no_shadow
}
cylinder {
	<29.938055, 33.548515, 34.117268>,  <29.918701, 33.519146, 34.855808>, 0.130000
	pigment { color rgbt <1,0,0,0> }
	no_shadow
}

// nucleotide -1

// particle -1
sphere {
	<29.938055, 33.548515, 34.117268> 0.250000
	pigment { color rgbt <1,0,0,0> }
	no_shadow
}
cylinder {
	<30.198999, 33.669952, 33.839489>,  <30.355566, 33.742813, 33.672821>, 0.100000
	pigment { color rgbt <1,0,0,0> }
	no_shadow
}
cylinder {
	<30.198999, 33.669952, 33.839489>,  <29.938055, 33.548515, 34.117268>, 0.100000
	pigment { color rgbt <1,0,0,0> }
	no_shadow
}

// particle -1
sphere {
	<30.198999, 33.669952, 33.839489> 0.100000
	pigment { color rgbt <1,0,0,0> }
	no_shadow
}
sphere {
	0, 1
	scale<0.080000,0.200000,0.300000>
	matrix <0.737424, -0.042649, 0.674083,
		0.175028, -0.951848, -0.251697,
		0.652359, 0.303590, -0.694450,
		30.394707, 33.761028, 33.631153>
	pigment { color rgbt <0,1,1,0> }
	no_shadow
}
cylinder {
	<30.585373, 33.131554, 34.250835>,  <29.938055, 33.548515, 34.117268>, 0.130000
	pigment { color rgbt <1,0,0,0> }
	no_shadow
}

// nucleotide -1

// particle -1
sphere {
	<30.585373, 33.131554, 34.250835> 0.250000
	pigment { color rgbt <1,0,0,0> }
	no_shadow
}
cylinder {
	<30.690001, 33.469646, 34.064430>,  <30.752777, 33.672501, 33.952587>, 0.100000
	pigment { color rgbt <1,0,0,0> }
	no_shadow
}
cylinder {
	<30.690001, 33.469646, 34.064430>,  <30.585373, 33.131554, 34.250835>, 0.100000
	pigment { color rgbt <1,0,0,0> }
	no_shadow
}

// particle -1
sphere {
	<30.690001, 33.469646, 34.064430> 0.100000
	pigment { color rgbt <1,0,0,0> }
	no_shadow
}
sphere {
	0, 1
	scale<0.080000,0.200000,0.300000>
	matrix <0.786795, 0.092933, 0.610178,
		0.559049, -0.526259, -0.640715,
		0.261568, 0.845231, -0.466012,
		30.768471, 33.723217, 33.924625>
	pigment { color rgbt <0,1,1,0> }
	no_shadow
}
cylinder {
	<31.221727, 32.949303, 33.854668>,  <30.585373, 33.131554, 34.250835>, 0.130000
	pigment { color rgbt <1,0,0,0> }
	no_shadow
}

// nucleotide -1

// particle -1
sphere {
	<31.221727, 32.949303, 33.854668> 0.250000
	pigment { color rgbt <1,0,0,0> }
	no_shadow
}
cylinder {
	<31.140234, 33.303532, 34.021641>,  <31.091339, 33.516071, 34.121826>, 0.100000
	pigment { color rgbt <1,0,0,0> }
	no_shadow
}
cylinder {
	<31.140234, 33.303532, 34.021641>,  <31.221727, 32.949303, 33.854668>, 0.100000
	pigment { color rgbt <1,0,0,0> }
	no_shadow
}

// particle -1
sphere {
	<31.140234, 33.303532, 34.021641> 0.100000
	pigment { color rgbt <1,0,0,0> }
	no_shadow
}
sphere {
	0, 1
	scale<0.080000,0.200000,0.300000>
	matrix <0.846718, -0.054668, 0.529226,
		0.491489, 0.461268, -0.738695,
		-0.203732, 0.885575, 0.417432,
		31.079115, 33.569202, 34.146870>
	pigment { color rgbt <0,1,1,0> }
	no_shadow
}
cylinder {
	<31.777388, 33.438396, 33.887119>,  <31.221727, 32.949303, 33.854668>, 0.130000
	pigment { color rgbt <1,0,0,0> }
	no_shadow
}

// nucleotide -1

// particle -1
sphere {
	<31.777388, 33.438396, 33.887119> 0.250000
	pigment { color rgbt <1,0,0,0> }
	no_shadow
}
cylinder {
	<31.584217, 33.562569, 34.214634>,  <31.468315, 33.637070, 34.411144>, 0.100000
	pigment { color rgbt <1,0,0,0> }
	no_shadow
}
cylinder {
	<31.584217, 33.562569, 34.214634>,  <31.777388, 33.438396, 33.887119>, 0.100000
	pigment { color rgbt <1,0,0,0> }
	no_shadow
}

// particle -1
sphere {
	<31.584217, 33.562569, 34.214634> 0.100000
	pigment { color rgbt <1,0,0,0> }
	no_shadow
}
sphere {
	0, 1
	scale<0.080000,0.200000,0.300000>
	matrix <0.807472, -0.203887, 0.553551,
		0.338778, 0.928475, -0.152199,
		-0.482927, 0.310427, 0.818790,
		31.439339, 33.655697, 34.460270>
	pigment { color rgbt <0,1,1,0> }
	no_shadow
}
cylinder {
	<32.271111, 33.976295, 34.175529>,  <31.777388, 33.438396, 33.887119>, 0.130000
	pigment { color rgbt <1,0,0,0> }
	no_shadow
}

// nucleotide -1

// particle -1
sphere {
	<32.271111, 33.976295, 34.175529> 0.250000
	pigment { color rgbt <1,0,0,0> }
	no_shadow
}
cylinder {
	<32.025509, 33.760483, 34.405975>,  <31.878149, 33.630993, 34.544243>, 0.100000
	pigment { color rgbt <1,0,0,0> }
	no_shadow
}
cylinder {
	<32.025509, 33.760483, 34.405975>,  <32.271111, 33.976295, 34.175529>, 0.100000
	pigment { color rgbt <1,0,0,0> }
	no_shadow
}

// particle -1
sphere {
	<32.025509, 33.760483, 34.405975> 0.100000
	pigment { color rgbt <1,0,0,0> }
	no_shadow
}
sphere {
	0, 1
	scale<0.080000,0.200000,0.300000>
	matrix <0.778567, -0.294014, 0.554426,
		-0.129748, 0.788959, 0.600590,
		-0.614002, -0.539536, 0.576110,
		31.841309, 33.598621, 34.578808>
	pigment { color rgbt <0,1,1,0> }
	no_shadow
}
cylinder {
	<32.327343, 34.182987, 34.815826>,  <32.271111, 33.976295, 34.175529>, 0.130000
	pigment { color rgbt <1,0,0,0> }
	no_shadow
}

// nucleotide -1

// particle -1
sphere {
	<32.327343, 34.182987, 34.815826> 0.250000
	pigment { color rgbt <1,0,0,0> }
	no_shadow
}
cylinder {
	<32.261127, 33.789734, 34.784702>,  <32.221397, 33.553783, 34.766029>, 0.100000
	pigment { color rgbt <1,0,0,0> }
	no_shadow
}
cylinder {
	<32.261127, 33.789734, 34.784702>,  <32.327343, 34.182987, 34.815826>, 0.100000
	pigment { color rgbt <1,0,0,0> }
	no_shadow
}

// particle -1
sphere {
	<32.261127, 33.789734, 34.784702> 0.100000
	pigment { color rgbt <1,0,0,0> }
	no_shadow
}
sphere {
	0, 1
	scale<0.080000,0.200000,0.300000>
	matrix <0.847896, -0.182171, 0.497882,
		-0.503657, 0.016446, 0.863747,
		-0.165538, -0.983129, -0.077808,
		32.211468, 33.494797, 34.761360>
	pigment { color rgbt <0,1,1,0> }
	no_shadow
}
cylinder {
	<32.486355, 33.911621, 35.466583>,  <32.327343, 34.182987, 34.815826>, 0.130000
	pigment { color rgbt <1,0,0,0> }
	no_shadow
}

// nucleotide -1

// particle -1
sphere {
	<32.486355, 33.911621, 35.466583> 0.250000
	pigment { color rgbt <1,0,0,0> }
	no_shadow
}
cylinder {
	<32.555775, 33.621544, 35.200058>,  <32.597427, 33.447498, 35.040142>, 0.100000
	pigment { color rgbt <1,0,0,0> }
	no_shadow
}
cylinder {
	<32.555775, 33.621544, 35.200058>,  <32.486355, 33.911621, 35.466583>, 0.100000
	pigment { color rgbt <1,0,0,0> }
	no_shadow
}

// particle -1
sphere {
	<32.555775, 33.621544, 35.200058> 0.100000
	pigment { color rgbt <1,0,0,0> }
	no_shadow
}
sphere {
	0, 1
	scale<0.080000,0.200000,0.300000>
	matrix <0.937155, -0.086342, 0.338062,
		-0.302693, -0.683106, 0.664638,
		0.173546, -0.725197, -0.666311,
		32.607838, 33.403984, 35.000164>
	pigment { color rgbt <0,1,1,0> }
	no_shadow
}
cylinder {
	<32.987316, 33.650166, 35.853745>,  <32.486355, 33.911621, 35.466583>, 0.130000
	pigment { color rgbt <1,0,0,0> }
	no_shadow
}

// nucleotide -1

// particle -1
sphere {
	<32.987316, 33.650166, 35.853745> 0.250000
	pigment { color rgbt <1,0,0,0> }
	no_shadow
}
cylinder {
	<33.009785, 33.483063, 35.491016>,  <33.023266, 33.382801, 35.273380>, 0.100000
	pigment { color rgbt <1,0,0,0> }
	no_shadow
}
cylinder {
	<33.009785, 33.483063, 35.491016>,  <32.987316, 33.650166, 35.853745>, 0.100000
	pigment { color rgbt <1,0,0,0> }
	no_shadow
}

// particle -1
sphere {
	<33.009785, 33.483063, 35.491016> 0.100000
	pigment { color rgbt <1,0,0,0> }
	no_shadow
}
sphere {
	0, 1
	scale<0.080000,0.200000,0.300000>
	matrix <0.984562, -0.127635, 0.119781,
		-0.165781, -0.899551, 0.404135,
		0.056168, -0.417753, -0.906823,
		33.026634, 33.357738, 35.218971>
	pigment { color rgbt <0,1,1,0> }
	no_shadow
}
cylinder {
	<33.474308, 33.149315, 35.915634>,  <32.987316, 33.650166, 35.853745>, 0.130000
	pigment { color rgbt <1,0,0,0> }
	no_shadow
}

// nucleotide -1

// particle -1
sphere {
	<33.474308, 33.149315, 35.915634> 0.250000
	pigment { color rgbt <1,0,0,0> }
	no_shadow
}
cylinder {
	<33.475525, 33.219196, 35.521786>,  <33.476254, 33.261124, 35.285477>, 0.100000
	pigment { color rgbt <1,0,0,0> }
	no_shadow
}
cylinder {
	<33.475525, 33.219196, 35.521786>,  <33.474308, 33.149315, 35.915634>, 0.100000
	pigment { color rgbt <1,0,0,0> }
	no_shadow
}

// particle -1
sphere {
	<33.475525, 33.219196, 35.521786> 0.100000
	pigment { color rgbt <1,0,0,0> }
	no_shadow
}
sphere {
	0, 1
	scale<0.080000,0.200000,0.300000>
	matrix <0.981521, -0.188909, -0.030485,
		-0.191328, -0.966329, -0.172049,
		0.003043, 0.174703, -0.984617,
		33.476437, 33.271606, 35.226402>
	pigment { color rgbt <0,1,1,0> }
	no_shadow
}
cylinder {
	<33.940823, 32.659893, 35.552513>,  <33.474308, 33.149315, 35.915634>, 0.130000
	pigment { color rgbt <1,0,0,0> }
	no_shadow
}

// nucleotide -1

// particle -1
sphere {
	<33.940823, 32.659893, 35.552513> 0.250000
	pigment { color rgbt <1,0,0,0> }
	no_shadow
}
cylinder {
	<33.899414, 32.995998, 35.339630>,  <33.874569, 33.197662, 35.211903>, 0.100000
	pigment { color rgbt <1,0,0,0> }
	no_shadow
}
cylinder {
	<33.899414, 32.995998, 35.339630>,  <33.940823, 32.659893, 35.552513>, 0.100000
	pigment { color rgbt <1,0,0,0> }
	no_shadow
}

// particle -1
sphere {
	<33.899414, 32.995998, 35.339630> 0.100000
	pigment { color rgbt <1,0,0,0> }
	no_shadow
}
sphere {
	0, 1
	scale<0.080000,0.200000,0.300000>
	matrix <0.994618, 0.089761, -0.051755,
		0.004283, -0.534697, -0.845033,
		-0.103525, 0.840263, -0.532203,
		33.868355, 33.248077, 35.179970>
	pigment { color rgbt <0,1,1,0> }
	no_shadow
}
cylinder {
	<34.520271, 32.676666, 36.075382>,  <33.940823, 32.659893, 35.552513>, 0.130000
	pigment { color rgbt <1,0,0,0> }
	no_shadow
}

// nucleotide -1

// particle -1
sphere {
	<34.520271, 32.676666, 36.075382> 0.250000
	pigment { color rgbt <1,0,0,0> }
	no_shadow
}
cylinder {
	<34.693508, 32.588867, 35.725697>,  <34.797451, 32.536186, 35.515884>, 0.100000
	pigment { color rgbt <1,0,0,0> }
	no_shadow
}
cylinder {
	<34.693508, 32.588867, 35.725697>,  <34.520271, 32.676666, 36.075382>, 0.100000
	pigment { color rgbt <1,0,0,0> }
	no_shadow
}

// particle -1
sphere {
	<34.693508, 32.588867, 35.725697> 0.100000
	pigment { color rgbt <1,0,0,0> }
	no_shadow
}
sphere {
	0, 1
	scale<0.080000,0.200000,0.300000>
	matrix <0.864074, 0.377145, 0.333373,
		0.256530, -0.899767, 0.353003,
		0.433092, -0.219500, -0.874214,
		34.823437, 32.523018, 35.463432>
	pigment { color rgbt <0,1,1,0> }
	no_shadow
}
cylinder {
	<35.181770, 32.235077, 36.066174>,  <34.520271, 32.676666, 36.075382>, 0.130000
	pigment { color rgbt <1,0,0,0> }
	no_shadow
}

// nucleotide -1

// particle -1
sphere {
	<35.181770, 32.235077, 36.066174> 0.250000
	pigment { color rgbt <1,0,0,0> }
	no_shadow
}
cylinder {
	<35.158672, 32.508774, 35.775387>,  <35.144814, 32.672993, 35.600914>, 0.100000
	pigment { color rgbt <1,0,0,0> }
	no_shadow
}
cylinder {
	<35.158672, 32.508774, 35.775387>,  <35.181770, 32.235077, 36.066174>, 0.100000
	pigment { color rgbt <1,0,0,0> }
	no_shadow
}

// particle -1
sphere {
	<35.158672, 32.508774, 35.775387> 0.100000
	pigment { color rgbt <1,0,0,0> }
	no_shadow
}
sphere {
	0, 1
	scale<0.080000,0.200000,0.300000>
	matrix <0.906552, 0.340919, 0.248873,
		0.418126, -0.644660, -0.639988,
		-0.057745, 0.684242, -0.726965,
		35.141350, 32.714046, 35.557297>
	pigment { color rgbt <0,1,1,0> }
	no_shadow
}
cylinder {
	<35.872257, 32.205570, 35.660229>,  <35.181770, 32.235077, 36.066174>, 0.130000
	pigment { color rgbt <1,0,0,0> }
	no_shadow
}

// nucleotide -1

// particle -1
sphere {
	<35.872257, 32.205570, 35.660229> 0.250000
	pigment { color rgbt <1,0,0,0> }
	no_shadow
}
cylinder {
	<35.678440, 32.548981, 35.593128>,  <35.562149, 32.755028, 35.552868>, 0.100000
	pigment { color rgbt <1,0,0,0> }
	no_shadow
}
cylinder {
	<35.678440, 32.548981, 35.593128>,  <35.872257, 32.205570, 35.660229>, 0.100000
	pigment { color rgbt <1,0,0,0> }
	no_shadow
}

// particle -1
sphere {
	<35.678440, 32.548981, 35.593128> 0.100000
	pigment { color rgbt <1,0,0,0> }
	no_shadow
}
sphere {
	0, 1
	scale<0.080000,0.200000,0.300000>
	matrix <0.790715, 0.511880, 0.335782,
		0.374146, 0.030061, -0.926883,
		-0.484547, 0.858531, -0.167748,
		35.533077, 32.806541, 35.542805>
	pigment { color rgbt <0,1,1,0> }
	no_shadow
}
cylinder {
	<36.388714, 32.606388, 35.392693>,  <35.872257, 32.205570, 35.660229>, 0.130000
	pigment { color rgbt <1,0,0,0> }
	no_shadow
}

// nucleotide -1

// particle -1
sphere {
	<36.388714, 32.606388, 35.392693> 0.250000
	pigment { color rgbt <1,0,0,0> }
	no_shadow
}
cylinder {
	<36.093029, 32.843441, 35.520664>,  <35.915619, 32.985672, 35.597446>, 0.100000
	pigment { color rgbt <1,0,0,0> }
	no_shadow
}
cylinder {
	<36.093029, 32.843441, 35.520664>,  <36.388714, 32.606388, 35.392693>, 0.100000
	pigment { color rgbt <1,0,0,0> }
	no_shadow
}

// particle -1
sphere {
	<36.093029, 32.843441, 35.520664> 0.100000
	pigment { color rgbt <1,0,0,0> }
	no_shadow
}
sphere {
	0, 1
	scale<0.080000,0.200000,0.300000>
	matrix <0.667581, 0.707488, 0.231940,
		-0.088888, 0.385028, -0.918614,
		-0.739212, 0.592633, 0.319925,
		35.871265, 33.021233, 35.616642>
	pigment { color rgbt <0,1,1,0> }
	no_shadow
}
cylinder {
	<36.637081, 33.186668, 35.126949>,  <36.388714, 32.606388, 35.392693>, 0.130000
	pigment { color rgbt <1,0,0,0> }
	no_shadow
}

// nucleotide -1

// particle -1
sphere {
	<36.637081, 33.186668, 35.126949> 0.250000
	pigment { color rgbt <1,0,0,0> }
	no_shadow
}
cylinder {
	<36.377090, 33.280922, 35.415947>,  <36.221096, 33.337475, 35.589348>, 0.100000
	pigment { color rgbt <1,0,0,0> }
	no_shadow
}
cylinder {
	<36.377090, 33.280922, 35.415947>,  <36.637081, 33.186668, 35.126949>, 0.100000
	pigment { color rgbt <1,0,0,0> }
	no_shadow
}

// particle -1
sphere {
	<36.377090, 33.280922, 35.415947> 0.100000
	pigment { color rgbt <1,0,0,0> }
	no_shadow
}
sphere {
	0, 1
	scale<0.080000,0.200000,0.300000>
	matrix <0.691413, 0.577924, 0.433534,
		-0.315392, 0.781332, -0.538561,
		-0.649981, 0.235636, 0.722496,
		36.182095, 33.351612, 35.632694>
	pigment { color rgbt <0,1,1,0> }
	no_shadow
}
cylinder {
	<36.700302, 33.954544, 35.268185>,  <36.637081, 33.186668, 35.126949>, 0.130000
	pigment { color rgbt <1,0,0,0> }
	no_shadow
}

// nucleotide -1

// particle -1
sphere {
	<36.700302, 33.954544, 35.268185> 0.250000
	pigment { color rgbt <1,0,0,0> }
	no_shadow
}
cylinder {
	<36.556828, 33.764755, 35.589737>,  <36.470745, 33.650883, 35.782669>, 0.100000
	pigment { color rgbt <1,0,0,0> }
	no_shadow
}
cylinder {
	<36.556828, 33.764755, 35.589737>,  <36.700302, 33.954544, 35.268185>, 0.100000
	pigment { color rgbt <1,0,0,0> }
	no_shadow
}

// particle -1
sphere {
	<36.556828, 33.764755, 35.589737> 0.100000
	pigment { color rgbt <1,0,0,0> }
	no_shadow
}
sphere {
	0, 1
	scale<0.080000,0.200000,0.300000>
	matrix <0.679740, 0.457471, 0.573302,
		-0.639766, 0.752064, 0.158428,
		-0.358683, -0.474469, 0.803882,
		36.449223, 33.622414, 35.830902>
	pigment { color rgbt <0,1,1,0> }
	no_shadow
}
cylinder {
	<36.482487, 34.465458, 35.829227>,  <36.700302, 33.954544, 35.268185>, 0.130000
	pigment { color rgbt <1,0,0,0> }
	no_shadow
}

// nucleotide -1

// particle -1
sphere {
	<36.482487, 34.465458, 35.829227> 0.250000
	pigment { color rgbt <1,0,0,0> }
	no_shadow
}
cylinder {
	<36.598812, 34.112457, 35.977077>,  <36.668610, 33.900658, 36.065788>, 0.100000
	pigment { color rgbt <1,0,0,0> }
	no_shadow
}
cylinder {
	<36.598812, 34.112457, 35.977077>,  <36.482487, 34.465458, 35.829227>, 0.100000
	pigment { color rgbt <1,0,0,0> }
	no_shadow
}

// particle -1
sphere {
	<36.598812, 34.112457, 35.977077> 0.100000
	pigment { color rgbt <1,0,0,0> }
	no_shadow
}
sphere {
	0, 1
	scale<0.080000,0.200000,0.300000>
	matrix <0.621010, 0.467994, 0.628751,
		-0.727854, 0.046690, 0.684140,
		0.290817, -0.882497, 0.369627,
		36.686058, 33.847710, 36.087967>
	pigment { color rgbt <0,1,1,0> }
	no_shadow
}
cylinder {
	<37.024757, 34.556728, 36.379604>,  <36.482487, 34.465458, 35.829227>, 0.130000
	pigment { color rgbt <1,0,0,0> }
	no_shadow
}

// nucleotide -1

// particle -1
sphere {
	<37.024757, 34.556728, 36.379604> 0.250000
	pigment { color rgbt <1,0,0,0> }
	no_shadow
}
cylinder {
	<36.847256, 34.200573, 36.420181>,  <36.740753, 33.986881, 36.444527>, 0.100000
	pigment { color rgbt <1,0,0,0> }
	no_shadow
}
cylinder {
	<36.847256, 34.200573, 36.420181>,  <37.024757, 34.556728, 36.379604>, 0.100000
	pigment { color rgbt <1,0,0,0> }
	no_shadow
}

// particle -1
sphere {
	<36.847256, 34.200573, 36.420181> 0.100000
	pigment { color rgbt <1,0,0,0> }
	no_shadow
}
sphere {
	0, 1
	scale<0.080000,0.200000,0.300000>
	matrix <0.541080, -0.175973, 0.822354,
		-0.714362, 0.419813, 0.559860,
		-0.443756, -0.890388, 0.101444,
		36.714130, 33.933456, 36.450615>
	pigment { color rgbt <0,1,1,0> }
	no_shadow
}
cylinder {
	<36.836761, 34.405060, 37.104279>,  <37.024757, 34.556728, 36.379604>, 0.130000
	pigment { color rgbt <1,0,0,0> }
	no_shadow
}

// nucleotide -1

// particle -1
sphere {
	<36.836761, 34.405060, 37.104279> 0.250000
	pigment { color rgbt <1,0,0,0> }
	no_shadow
}
cylinder {
	<36.866699, 34.056564, 36.910229>,  <36.884663, 33.847466, 36.793800>, 0.100000
	pigment { color rgbt <1,0,0,0> }
	no_shadow
}
cylinder {
	<36.866699, 34.056564, 36.910229>,  <36.836761, 34.405060, 37.104279>, 0.100000
	pigment { color rgbt <1,0,0,0> }
	no_shadow
}

// particle -1
sphere {
	<36.866699, 34.056564, 36.910229> 0.100000
	pigment { color rgbt <1,0,0,0> }
	no_shadow
}
sphere {
	0, 1
	scale<0.080000,0.200000,0.300000>
	matrix <0.588123, -0.354303, 0.727036,
		-0.805301, -0.339728, 0.485876,
		0.074847, -0.871237, -0.485122,
		36.889153, 33.795193, 36.764690>
	pigment { color rgbt <0,1,1,0> }
	no_shadow
}
cylinder {
	<36.838585, 33.721066, 37.568497>,  <36.836761, 34.405060, 37.104279>, 0.130000
	pigment { color rgbt <1,0,0,0> }
	no_shadow
}

// nucleotide -1

// particle -1
sphere {
	<36.838585, 33.721066, 37.568497> 0.250000
	pigment { color rgbt <1,0,0,0> }
	no_shadow
}
cylinder {
	<37.001488, 33.560261, 37.240467>,  <37.099228, 33.463779, 37.043648>, 0.100000
	pigment { color rgbt <1,0,0,0> }
	no_shadow
}
cylinder {
	<37.001488, 33.560261, 37.240467>,  <36.838585, 33.721066, 37.568497>, 0.100000
	pigment { color rgbt <1,0,0,0> }
	no_shadow
}

// particle -1
sphere {
	<37.001488, 33.560261, 37.240467> 0.100000
	pigment { color rgbt <1,0,0,0> }
	no_shadow
}
sphere {
	0, 1
	scale<0.080000,0.200000,0.300000>
	matrix <0.695891, -0.444946, 0.563701,
		-0.591506, -0.800255, 0.098551,
		0.407255, -0.402013, -0.820079,
		37.123665, 33.439655, 36.994442>
	pigment { color rgbt <0,1,1,0> }
	no_shadow
}
cylinder {
	<37.084759, 32.919804, 37.635620>,  <36.838585, 33.721066, 37.568497>, 0.130000
	pigment { color rgbt <1,0,0,0> }
	no_shadow
}

// nucleotide -1

// particle -1
sphere {
	<37.084759, 32.919804, 37.635620> 0.250000
	pigment { color rgbt <1,0,0,0> }
	no_shadow
}
cylinder {
	<37.331306, 33.135475, 37.406059>,  <37.479237, 33.264877, 37.268322>, 0.100000
	pigment { color rgbt <1,0,0,0> }
	no_shadow
}
cylinder {
	<37.331306, 33.135475, 37.406059>,  <37.084759, 32.919804, 37.635620>, 0.100000
	pigment { color rgbt <1,0,0,0> }
	no_shadow
}

// particle -1
sphere {
	<37.331306, 33.135475, 37.406059> 0.100000
	pigment { color rgbt <1,0,0,0> }
	no_shadow
}
sphere {
	0, 1
	scale<0.080000,0.200000,0.300000>
	matrix <0.764983, -0.237127, 0.598809,
		0.186777, -0.808118, -0.558623,
		0.616373, 0.539181, -0.573907,
		37.516220, 33.297230, 37.233887>
	pigment { color rgbt <0,1,1,0> }
	no_shadow
}
cylinder {
	<37.773495, 32.591358, 37.669853>,  <37.084759, 32.919804, 37.635620>, 0.130000
	pigment { color rgbt <1,0,0,0> }
	no_shadow
}

// nucleotide -1

// particle -1
sphere {
	<37.773495, 32.591358, 37.669853> 0.250000
	pigment { color rgbt <1,0,0,0> }
	no_shadow
}
cylinder {
	<37.818497, 32.983192, 37.603203>,  <37.845497, 33.218292, 37.563213>, 0.100000
	pigment { color rgbt <1,0,0,0> }
	no_shadow
}
cylinder {
	<37.818497, 32.983192, 37.603203>,  <37.773495, 32.591358, 37.669853>, 0.100000
	pigment { color rgbt <1,0,0,0> }
	no_shadow
}

// particle -1
sphere {
	<37.818497, 32.983192, 37.603203> 0.100000
	pigment { color rgbt <1,0,0,0> }
	no_shadow
}
sphere {
	0, 1
	scale<0.080000,0.200000,0.300000>
	matrix <0.795522, 0.011680, 0.605812,
		0.595388, -0.200709, -0.777965,
		0.112505, 0.979581, -0.166622,
		37.852249, 33.277065, 37.553215>
	pigment { color rgbt <0,1,1,0> }
	no_shadow
}
cylinder {
	<38.435108, 32.984337, 37.611069>,  <37.773495, 32.591358, 37.669853>, 0.130000
	pigment { color rgbt <1,0,0,0> }
	no_shadow
}

// nucleotide -1

// particle -1
sphere {
	<38.435108, 32.984337, 37.611069> 0.250000
	pigment { color rgbt <1,0,0,0> }
	no_shadow
}
cylinder {
	<38.280376, 32.759628, 37.318554>,  <38.187538, 32.624805, 37.143044>, 0.100000
	pigment { color rgbt <1,0,0,0> }
	no_shadow
}
cylinder {
	<38.280376, 32.759628, 37.318554>,  <38.435108, 32.984337, 37.611069>, 0.100000
	pigment { color rgbt <1,0,0,0> }
	no_shadow
}

// particle -1
sphere {
	<38.280376, 32.759628, 37.318554> 0.100000
	pigment { color rgbt <1,0,0,0> }
	no_shadow
}
sphere {
	0, 1
	scale<0.080000,0.200000,0.300000>
	matrix <-0.818230, 0.574825, -0.008757,
		0.425281, 0.594973, -0.682014,
		-0.386828, -0.561768, -0.731287,
		38.164330, 32.591099, 37.099167>
	pigment { color rgbt <0,1,1,0> }
	no_shadow
}
cylinder {
	<38.304085, 33.407990, 37.090637>,  <38.435108, 32.984337, 37.611069>, 0.130000
	pigment { color rgbt <1,0,0,0> }
	no_shadow
}

// nucleotide -1

// particle -1
sphere {
	<38.304085, 33.407990, 37.090637> 0.250000
	pigment { color rgbt <1,0,0,0> }
	no_shadow
}
cylinder {
	<38.068905, 33.085724, 37.061726>,  <37.927795, 32.892365, 37.044380>, 0.100000
	pigment { color rgbt <1,0,0,0> }
	no_shadow
}
cylinder {
	<38.068905, 33.085724, 37.061726>,  <38.304085, 33.407990, 37.090637>, 0.100000
	pigment { color rgbt <1,0,0,0> }
	no_shadow
}

// particle -1
sphere {
	<38.068905, 33.085724, 37.061726> 0.100000
	pigment { color rgbt <1,0,0,0> }
	no_shadow
}
sphere {
	0, 1
	scale<0.080000,0.200000,0.300000>
	matrix <-0.757209, 0.579605, -0.301154,
		0.284519, -0.122336, -0.950833,
		-0.587949, -0.805663, -0.072274,
		37.892521, 32.844025, 37.040043>
	pigment { color rgbt <0,1,1,0> }
	no_shadow
}
cylinder {
	<38.056564, 33.186832, 36.347485>,  <38.304085, 33.407990, 37.090637>, 0.130000
	pigment { color rgbt <1,0,0,0> }
	no_shadow
}

// nucleotide -1

// particle -1
sphere {
	<38.056564, 33.186832, 36.347485> 0.250000
	pigment { color rgbt <1,0,0,0> }
	no_shadow
}
cylinder {
	<37.774246, 33.086990, 36.612679>,  <37.604855, 33.027084, 36.771793>, 0.100000
	pigment { color rgbt <1,0,0,0> }
	no_shadow
}
cylinder {
	<37.774246, 33.086990, 36.612679>,  <38.056564, 33.186832, 36.347485>, 0.100000
	pigment { color rgbt <1,0,0,0> }
	no_shadow
}

// particle -1
sphere {
	<37.774246, 33.086990, 36.612679> 0.100000
	pigment { color rgbt <1,0,0,0> }
	no_shadow
}
sphere {
	0, 1
	scale<0.080000,0.200000,0.300000>
	matrix <-0.674377, 0.523335, -0.520900,
