// switches for output
#declare DRAW_BASES = 1; // possible values are 0, 1; only relevant for DNA ribbons
#declare DRAW_BASES_TYPE = 3; // possible values are 1, 2, 3; only relevant for DNA ribbons
#declare DRAW_FOG = 0; // set to 1 to enable fog

#include "colors.inc"

#include "transforms.inc"
background { rgb <1, 1, 1>}

#default {
   normal{
       ripples 0.25
       frequency 0.20
       turbulence 0.2
       lambda 5
   }
	finish {
		phong 0.1
		phong_size 40.
	}
}

// original window dimensions: 1024x640


// camera settings

camera {
	sky <0, 0.179814, -0.983701>
	up <0, 0.179814, -0.983701>
	right 1.6 * <1, 0, 0>
	location <35, 94.9851, 44.8844>
	look_at <35, 29.7336, 32.9568>
	direction <0, -65.2515, -11.9276>
	angle 67.0682
}


# declare cpy_camera_pos = <35, 94.9851, 44.8844>;
# if (DRAW_FOG = 1)
fog {
	fog_type 2
	up vnormalize(cpy_camera_pos)
	color rgbt<1,1,1,0.3>
	distance 1e-5
	fog_alt 3e-3
	fog_offset 56
}
# end


// LIGHTS

# declare lum = 6;
global_settings {
	ambient_light rgb lum * <0.05, 0.05, 0.05>
	max_trace_level 15
}# declare cpy_direct_light_amount = 0.25;
light_source
{	1000 * <-1, -1.16352, -0.803886>,
	rgb lum * cpy_direct_light_amount
	parallel
}

light_source
{	1000 * <1, 1.16352, 0.803886>,
	rgb lum * cpy_direct_light_amount
	parallel
}

// strand 0

// nucleotide -1

// particle -1
sphere {
	<24.213284, 35.064556, 34.653015> 0.250000
	pigment { color rgbt <1,0,0,0> }
	no_shadow
}
cylinder {
	<24.309006, 34.964092, 35.028175>,  <24.366440, 34.903816, 35.253269>, 0.100000
	pigment { color rgbt <1,0,0,0> }
	no_shadow
}
cylinder {
	<24.309006, 34.964092, 35.028175>,  <24.213284, 35.064556, 34.653015>, 0.100000
	pigment { color rgbt <1,0,0,0> }
	no_shadow
}

// particle -1
sphere {
	<24.309006, 34.964092, 35.028175> 0.100000
	pigment { color rgbt <1,0,0,0> }
	no_shadow
}
sphere {
	0, 1
	scale<0.080000,0.200000,0.300000>
	matrix <0.807423, 0.587971, -0.048566,
		-0.539259, 0.768902, 0.343495,
		0.239307, -0.251156, 0.937898,
		24.380798, 34.888744, 35.309544>
	pigment { color rgbt <0,1,1,0> }
	no_shadow
}
cylinder {
	<24.245476, 35.679417, 35.128181>,  <24.213284, 35.064556, 34.653015>, 0.130000
	pigment { color rgbt <1,0,0,0> }
	no_shadow
}

// nucleotide -1

// particle -1
sphere {
	<24.245476, 35.679417, 35.128181> 0.250000
	pigment { color rgbt <1,0,0,0> }
	no_shadow
}
cylinder {
	<24.486303, 35.384357, 35.250423>,  <24.630798, 35.207321, 35.323769>, 0.100000
	pigment { color rgbt <1,0,0,0> }
	no_shadow
}
cylinder {
	<24.486303, 35.384357, 35.250423>,  <24.245476, 35.679417, 35.128181>, 0.100000
	pigment { color rgbt <1,0,0,0> }
	no_shadow
}

// particle -1
sphere {
	<24.486303, 35.384357, 35.250423> 0.100000
	pigment { color rgbt <1,0,0,0> }
	no_shadow
}
sphere {
	0, 1
	scale<0.080000,0.200000,0.300000>
	matrix <0.784637, 0.617476, -0.055386,
		-0.147851, 0.273138, 0.950545,
		0.602066, -0.737644, 0.305609,
		24.666924, 35.163063, 35.342106>
	pigment { color rgbt <0,1,1,0> }
	no_shadow
}
cylinder {
	<24.916197, 36.033886, 35.217346>,  <24.245476, 35.679417, 35.128181>, 0.130000
	pigment { color rgbt <1,0,0,0> }
	no_shadow
}

// nucleotide -1

// particle -1
sphere {
	<24.916197, 36.033886, 35.217346> 0.250000
	pigment { color rgbt <1,0,0,0> }
	no_shadow
}
cylinder {
	<24.973499, 35.645588, 35.294422>,  <25.007881, 35.412609, 35.340668>, 0.100000
	pigment { color rgbt <1,0,0,0> }
	no_shadow
}
cylinder {
	<24.973499, 35.645588, 35.294422>,  <24.916197, 36.033886, 35.217346>, 0.100000
	pigment { color rgbt <1,0,0,0> }
	no_shadow
}

// particle -1
sphere {
	<24.973499, 35.645588, 35.294422> 0.100000
	pigment { color rgbt <1,0,0,0> }
	no_shadow
}
sphere {
	0, 1
	scale<0.080000,0.200000,0.300000>
	matrix <0.966345, 0.179238, 0.184528,
		-0.213667, 0.159772, 0.963753,
		0.143258, -0.970746, 0.192692,
		25.016478, 35.354362, 35.352230>
	pigment { color rgbt <0,1,1,0> }
	no_shadow
}
cylinder {
	<25.342165, 36.036987, 35.780937>,  <24.916197, 36.033886, 35.217346>, 0.130000
	pigment { color rgbt <1,0,0,0> }
	no_shadow
}

// nucleotide -1

// particle -1
sphere {
	<25.342165, 36.036987, 35.780937> 0.250000
	pigment { color rgbt <1,0,0,0> }
	no_shadow
}
cylinder {
	<25.385651, 35.663223, 35.645260>,  <25.411741, 35.438965, 35.563854>, 0.100000
	pigment { color rgbt <1,0,0,0> }
	no_shadow
}
cylinder {
	<25.385651, 35.663223, 35.645260>,  <25.342165, 36.036987, 35.780937>, 0.100000
	pigment { color rgbt <1,0,0,0> }
	no_shadow
}

// particle -1
sphere {
	<25.385651, 35.663223, 35.645260> 0.100000
	pigment { color rgbt <1,0,0,0> }
	no_shadow
}
sphere {
	0, 1
	scale<0.080000,0.200000,0.300000>
	matrix <0.992778, 0.119470, -0.010926,
		0.050733, -0.335557, 0.940653,
		0.108713, -0.934413, -0.339195,
		25.418264, 35.382900, 35.543503>
	pigment { color rgbt <0,1,1,0> }
	no_shadow
}
cylinder {
	<25.928432, 35.671989, 36.106926>,  <25.342165, 36.036987, 35.780937>, 0.130000
	pigment { color rgbt <1,0,0,0> }
	no_shadow
}

// nucleotide -1

// particle -1
sphere {
	<25.928432, 35.671989, 36.106926> 0.250000
	pigment { color rgbt <1,0,0,0> }
	no_shadow
}
cylinder {
	<25.882746, 35.467754, 35.766045>,  <25.855333, 35.345215, 35.561516>, 0.100000
	pigment { color rgbt <1,0,0,0> }
	no_shadow
}
cylinder {
	<25.882746, 35.467754, 35.766045>,  <25.928432, 35.671989, 36.106926>, 0.100000
	pigment { color rgbt <1,0,0,0> }
	no_shadow
}

// particle -1
sphere {
	<25.882746, 35.467754, 35.766045> 0.100000
	pigment { color rgbt <1,0,0,0> }
	no_shadow
}
sphere {
	0, 1
	scale<0.080000,0.200000,0.300000>
	matrix <0.993455, -0.059967, -0.097219,
		-0.001465, -0.857734, 0.514091,
		-0.114217, -0.510584, -0.852208,
		25.848480, 35.314579, 35.510384>
	pigment { color rgbt <0,1,1,0> }
	no_shadow
}
cylinder {
	<26.209702, 34.999237, 36.194939>,  <25.928432, 35.671989, 36.106926>, 0.130000
	pigment { color rgbt <1,0,0,0> }
	no_shadow
}

// nucleotide -1

// particle -1
sphere {
	<26.209702, 34.999237, 36.194939> 0.250000
	pigment { color rgbt <1,0,0,0> }
	no_shadow
}
cylinder {
	<26.237204, 35.119415, 35.814411>,  <26.253704, 35.191525, 35.586094>, 0.100000
	pigment { color rgbt <1,0,0,0> }
	no_shadow
}
cylinder {
	<26.237204, 35.119415, 35.814411>,  <26.209702, 34.999237, 36.194939>, 0.100000
	pigment { color rgbt <1,0,0,0> }
	no_shadow
}

// particle -1
sphere {
	<26.237204, 35.119415, 35.814411> 0.100000
	pigment { color rgbt <1,0,0,0> }
	no_shadow
}
sphere {
	0, 1
	scale<0.080000,0.200000,0.300000>
	matrix <0.996754, -0.060718, 0.052861,
		-0.041880, -0.951864, -0.303647,
		0.068754, 0.300447, -0.951317,
		26.257830, 35.209549, 35.529015>
	pigment { color rgbt <0,1,1,0> }
	no_shadow
}
cylinder {
	<26.439663, 34.475750, 35.732716>,  <26.209702, 34.999237, 36.194939>, 0.130000
	pigment { color rgbt <1,0,0,0> }
	no_shadow
}

// nucleotide -1

// particle -1
sphere {
	<26.439663, 34.475750, 35.732716> 0.250000
	pigment { color rgbt <1,0,0,0> }
	no_shadow
}
cylinder {
	<26.549074, 34.832821, 35.589432>,  <26.614721, 35.047062, 35.503460>, 0.100000
	pigment { color rgbt <1,0,0,0> }
	no_shadow
}
cylinder {
	<26.549074, 34.832821, 35.589432>,  <26.439663, 34.475750, 35.732716>, 0.100000
	pigment { color rgbt <1,0,0,0> }
	no_shadow
}

// particle -1
sphere {
	<26.549074, 34.832821, 35.589432> 0.100000
	pigment { color rgbt <1,0,0,0> }
	no_shadow
}
sphere {
	0, 1
	scale<0.080000,0.200000,0.300000>
	matrix <0.940829, -0.325758, -0.093395,
		-0.200061, -0.311467, -0.928958,
		0.273526, 0.892676, -0.358209,
		26.631132, 35.100624, 35.481968>
	pigment { color rgbt <0,1,1,0> }
	no_shadow
}
cylinder {
	<26.791527, 34.495335, 35.017136>,  <26.439663, 34.475750, 35.732716>, 0.130000
	pigment { color rgbt <1,0,0,0> }
	no_shadow
}

// nucleotide -1

// particle -1
sphere {
	<26.791527, 34.495335, 35.017136> 0.250000
	pigment { color rgbt <1,0,0,0> }
	no_shadow
}
cylinder {
	<26.890371, 34.827217, 35.217342>,  <26.949678, 35.026348, 35.337467>, 0.100000
	pigment { color rgbt <1,0,0,0> }
	no_shadow
}
cylinder {
	<26.890371, 34.827217, 35.217342>,  <26.791527, 34.495335, 35.017136>, 0.100000
	pigment { color rgbt <1,0,0,0> }
	no_shadow
}

// particle -1
sphere {
	<26.890371, 34.827217, 35.217342> 0.100000
	pigment { color rgbt <1,0,0,0> }
	no_shadow
}
sphere {
	0, 1
	scale<0.080000,0.200000,0.300000>
	matrix <0.944229, -0.090171, -0.316703,
		-0.217640, 0.550863, -0.805719,
		0.247113, 0.829710, 0.500516,
		26.964504, 35.076130, 35.367496>
	pigment { color rgbt <0,1,1,0> }
	no_shadow
}
cylinder {
	<27.049681, 34.955875, 34.547447>,  <26.791527, 34.495335, 35.017136>, 0.130000
	pigment { color rgbt <1,0,0,0> }
	no_shadow
}

// nucleotide -1

// particle -1
sphere {
	<27.049681, 34.955875, 34.547447> 0.250000
	pigment { color rgbt <1,0,0,0> }
	no_shadow
}
cylinder {
	<27.174911, 35.112862, 34.893383>,  <27.250050, 35.207054, 35.100945>, 0.100000
	pigment { color rgbt <1,0,0,0> }
	no_shadow
}
cylinder {
	<27.174911, 35.112862, 34.893383>,  <27.049681, 34.955875, 34.547447>, 0.100000
	pigment { color rgbt <1,0,0,0> }
	no_shadow
}

// particle -1
sphere {
	<27.174911, 35.112862, 34.893383> 0.100000
	pigment { color rgbt <1,0,0,0> }
	no_shadow
}
sphere {
	0, 1
	scale<0.080000,0.200000,0.300000>
	matrix <0.913025, 0.126332, -0.387847,
		-0.261475, 0.911048, -0.318783,
		0.313075, 0.392469, 0.864842,
		27.268833, 35.230602, 35.152836>
	pigment { color rgbt <0,1,1,0> }
	no_shadow
}
cylinder {
	<27.478136, 35.585346, 34.397911>,  <27.049681, 34.955875, 34.547447>, 0.130000
	pigment { color rgbt <1,0,0,0> }
	no_shadow
}

// nucleotide -1

// particle -1
sphere {
	<27.478136, 35.585346, 34.397911> 0.250000
	pigment { color rgbt <1,0,0,0> }
	no_shadow
}
cylinder {
	<27.573986, 35.460735, 34.765720>,  <27.631496, 35.385967, 34.986408>, 0.100000
	pigment { color rgbt <1,0,0,0> }
	no_shadow
}
cylinder {
	<27.573986, 35.460735, 34.765720>,  <27.478136, 35.585346, 34.397911>, 0.100000
	pigment { color rgbt <1,0,0,0> }
	no_shadow
}

// particle -1
sphere {
	<27.573986, 35.460735, 34.765720> 0.100000
	pigment { color rgbt <1,0,0,0> }
	no_shadow
}
sphere {
	0, 1
	scale<0.080000,0.200000,0.300000>
	matrix <0.960764, 0.212359, -0.178427,
		-0.139685, 0.926204, 0.350192,
		0.239626, -0.311529, 0.919527,
		27.645874, 35.367275, 35.041580>
	pigment { color rgbt <0,1,1,0> }
	no_shadow
}
cylinder {
	<27.907114, 36.108654, 34.632320>,  <27.478136, 35.585346, 34.397911>, 0.130000
	pigment { color rgbt <1,0,0,0> }
	no_shadow
}

// nucleotide -1

// particle -1
sphere {
	<27.907114, 36.108654, 34.632320> 0.250000
	pigment { color rgbt <1,0,0,0> }
	no_shadow
}
cylinder {
	<27.998117, 35.771748, 34.827805>,  <28.052719, 35.569603, 34.945095>, 0.100000
	pigment { color rgbt <1,0,0,0> }
	no_shadow
}
cylinder {
	<27.998117, 35.771748, 34.827805>,  <27.907114, 36.108654, 34.632320>, 0.100000
	pigment { color rgbt <1,0,0,0> }
	no_shadow
}

// particle -1
sphere {
	<27.998117, 35.771748, 34.827805> 0.100000
	pigment { color rgbt <1,0,0,0> }
	no_shadow
}
sphere {
	0, 1
	scale<0.080000,0.200000,0.300000>
	matrix <0.925252, 0.030529, -0.378121,
		0.303557, 0.538204, 0.786250,
		0.227510, -0.842262, 0.488707,
		28.066370, 35.519070, 34.974415>
	pigment { color rgbt <0,1,1,0> }
	no_shadow
}
cylinder {
	<28.466091, 35.553238, 34.427303>,  <27.907114, 36.108654, 34.632320>, 0.130000
	pigment { color rgbt <1,0,0,0> }
	no_shadow
}

// nucleotide -1

// particle -1
sphere {
	<28.466091, 35.553238, 34.427303> 0.250000
	pigment { color rgbt <1,0,0,0> }
	no_shadow
}
cylinder {
	<28.510265, 35.928600, 34.558273>,  <28.536770, 36.153816, 34.636856>, 0.100000
	pigment { color rgbt <1,0,0,0> }
	no_shadow
}
cylinder {
	<28.510265, 35.928600, 34.558273>,  <28.466091, 35.553238, 34.427303>, 0.100000
	pigment { color rgbt <1,0,0,0> }
	no_shadow
}

// particle -1
sphere {
	<28.510265, 35.928600, 34.558273> 0.100000
	pigment { color rgbt <1,0,0,0> }
	no_shadow
}
sphere {
	0, 1
	scale<0.080000,0.200000,0.300000>
	matrix <0.269318, -0.345367, 0.898993,
		0.956698, -0.011102, -0.290870,
		0.110437, 0.938402, 0.327423,
		28.543396, 36.210121, 34.656502>
	pigment { color rgbt <0,1,1,0> }
	no_shadow
}
cylinder {
	<29.169195, 35.529640, 34.171337>,  <28.466091, 35.553238, 34.427303>, 0.130000
	pigment { color rgbt <1,0,0,0> }
	no_shadow
}

// nucleotide -1

// particle -1
sphere {
	<29.169195, 35.529640, 34.171337> 0.250000
	pigment { color rgbt <1,0,0,0> }
	no_shadow
}
cylinder {
	<29.241875, 35.518425, 34.564518>,  <29.285482, 35.511696, 34.800426>, 0.100000
	pigment { color rgbt <1,0,0,0> }
	no_shadow
}
cylinder {
	<29.241875, 35.518425, 34.564518>,  <29.169195, 35.529640, 34.171337>, 0.100000
	pigment { color rgbt <1,0,0,0> }
	no_shadow
}

// particle -1
sphere {
	<29.241875, 35.518425, 34.564518> 0.100000
	pigment { color rgbt <1,0,0,0> }
	no_shadow
}
sphere {
	0, 1
	scale<0.080000,0.200000,0.300000>
	matrix <-0.825093, -0.548165, 0.136882,
		0.534983, -0.835900, -0.122735,
		0.181698, -0.028039, 0.982955,
		29.296385, 35.510014, 34.859406>
	pigment { color rgbt <0,1,1,0> }
	no_shadow
}
cylinder {
	<28.896265, 34.846985, 34.530907>,  <29.169195, 35.529640, 34.171337>, 0.130000
	pigment { color rgbt <1,0,0,0> }
	no_shadow
}

// nucleotide -1

// particle -1
sphere {
	<28.896265, 34.846985, 34.530907> 0.250000
	pigment { color rgbt <1,0,0,0> }
	no_shadow
}
cylinder {
	<28.917606, 35.138020, 34.804482>,  <28.930412, 35.312641, 34.968628>, 0.100000
	pigment { color rgbt <1,0,0,0> }
	no_shadow
}
cylinder {
	<28.917606, 35.138020, 34.804482>,  <28.896265, 34.846985, 34.530907>, 0.100000
	pigment { color rgbt <1,0,0,0> }
	no_shadow
}

// particle -1
sphere {
	<28.917606, 35.138020, 34.804482> 0.100000
	pigment { color rgbt <1,0,0,0> }
	no_shadow
}
sphere {
	0, 1
	scale<0.080000,0.200000,0.300000>
	matrix <-0.852597, -0.323359, 0.410508,
		0.519837, -0.605027, 0.603085,
		0.053355, 0.727586, 0.683938,
		28.933613, 35.356297, 35.009663>
	pigment { color rgbt <0,1,1,0> }
	no_shadow
}
cylinder {
	<28.800959, 34.533352, 35.222736>,  <28.896265, 34.846985, 34.530907>, 0.130000
	pigment { color rgbt <1,0,0,0> }
	no_shadow
}

// nucleotide -1

// particle -1
sphere {
	<28.800959, 34.533352, 35.222736> 0.250000
	pigment { color rgbt <1,0,0,0> }
	no_shadow
}
cylinder {
	<28.685120, 34.916206, 35.224922>,  <28.615616, 35.145920, 35.226234>, 0.100000
	pigment { color rgbt <1,0,0,0> }
	no_shadow
}
cylinder {
	<28.685120, 34.916206, 35.224922>,  <28.800959, 34.533352, 35.222736>, 0.100000
	pigment { color rgbt <1,0,0,0> }
	no_shadow
}

// particle -1
sphere {
	<28.685120, 34.916206, 35.224922> 0.100000
	pigment { color rgbt <1,0,0,0> }
	no_shadow
}
sphere {
	0, 1
	scale<0.080000,0.200000,0.300000>
	matrix <-0.932800, -0.283507, 0.222503,
		0.214515, 0.059336, 0.974917,
		-0.289598, 0.957133, 0.005468,
		28.598240, 35.203346, 35.226562>
	pigment { color rgbt <0,1,1,0> }
	no_shadow
}
cylinder {
	<28.402168, 34.679611, 35.827126>,  <28.800959, 34.533352, 35.222736>, 0.130000
	pigment { color rgbt <1,0,0,0> }
	no_shadow
}

// nucleotide -1

// particle -1
sphere {
	<28.402168, 34.679611, 35.827126> 0.250000
	pigment { color rgbt <1,0,0,0> }
	no_shadow
}
cylinder {
	<28.270971, 34.942738, 35.555920>,  <28.192253, 35.100613, 35.393196>, 0.100000
	pigment { color rgbt <1,0,0,0> }
	no_shadow
}
cylinder {
	<28.270971, 34.942738, 35.555920>,  <28.402168, 34.679611, 35.827126>, 0.100000
	pigment { color rgbt <1,0,0,0> }
	no_shadow
}

// particle -1
sphere {
	<28.270971, 34.942738, 35.555920> 0.100000
	pigment { color rgbt <1,0,0,0> }
	no_shadow
}
sphere {
	0, 1
	scale<0.080000,0.200000,0.300000>
	matrix <-0.938404, -0.144276, 0.313978,
		0.108718, 0.739233, 0.664616,
		-0.327991, 0.657814, -0.678014,
		28.172573, 35.140083, 35.352516>
	pigment { color rgbt <0,1,1,0> }
	no_shadow
}
cylinder {
	<27.962389, 35.028435, 36.237354>,  <28.402168, 34.679611, 35.827126>, 0.130000
	pigment { color rgbt <1,0,0,0> }
	no_shadow
}

// nucleotide -1

// particle -1
sphere {
	<27.962389, 35.028435, 36.237354> 0.250000
	pigment { color rgbt <1,0,0,0> }
	no_shadow
}
cylinder {
	<27.872845, 35.143661, 35.864922>,  <27.819118, 35.212795, 35.641464>, 0.100000
	pigment { color rgbt <1,0,0,0> }
	no_shadow
}
cylinder {
	<27.872845, 35.143661, 35.864922>,  <27.962389, 35.028435, 36.237354>, 0.100000
	pigment { color rgbt <1,0,0,0> }
	no_shadow
}

// particle -1
sphere {
	<27.872845, 35.143661, 35.864922> 0.100000
	pigment { color rgbt <1,0,0,0> }
	no_shadow
}
sphere {
	0, 1
	scale<0.080000,0.200000,0.300000>
	matrix <-0.919342, 0.254751, 0.299854,
		0.323570, 0.923105, 0.207799,
		-0.223859, 0.288062, -0.931079,
		27.805687, 35.230080, 35.585598>
	pigment { color rgbt <0,1,1,0> }
	no_shadow
}
cylinder {
	<27.610958, 35.646317, 36.272655>,  <27.962389, 35.028435, 36.237354>, 0.130000
	pigment { color rgbt <1,0,0,0> }
	no_shadow
}

// nucleotide -1

// particle -1
sphere {
	<27.610958, 35.646317, 36.272655> 0.250000
	pigment { color rgbt <1,0,0,0> }
	no_shadow
}
cylinder {
	<27.487831, 35.462444, 35.939442>,  <27.413954, 35.352119, 35.739513>, 0.100000
	pigment { color rgbt <1,0,0,0> }
	no_shadow
}
cylinder {
	<27.487831, 35.462444, 35.939442>,  <27.610958, 35.646317, 36.272655>, 0.100000
	pigment { color rgbt <1,0,0,0> }
	no_shadow
}

// particle -1
sphere {
	<27.487831, 35.462444, 35.939442> 0.100000
	pigment { color rgbt <1,0,0,0> }
	no_shadow
}
sphere {
	0, 1
	scale<0.080000,0.200000,0.300000>
	matrix <-0.951427, 0.154086, 0.266541,
		0.005834, 0.874615, -0.484784,
		-0.307819, -0.459681, -0.833031,
		27.395485, 35.324539, 35.689533>
	pigment { color rgbt <0,1,1,0> }
	no_shadow
}
cylinder {
	<27.729792, 36.325275, 35.815559>,  <27.610958, 35.646317, 36.272655>, 0.130000
	pigment { color rgbt <1,0,0,0> }
	no_shadow
}

// nucleotide -1

// particle -1
sphere {
	<27.729792, 36.325275, 35.815559> 0.250000
	pigment { color rgbt <1,0,0,0> }
	no_shadow
}
cylinder {
	<28.035463, 36.085365, 35.910477>,  <28.218866, 35.941422, 35.967426>, 0.100000
	pigment { color rgbt <1,0,0,0> }
	no_shadow
}
cylinder {
	<28.035463, 36.085365, 35.910477>,  <27.729792, 36.325275, 35.815559>, 0.100000
	pigment { color rgbt <1,0,0,0> }
	no_shadow
}

// particle -1
sphere {
	<28.035463, 36.085365, 35.910477> 0.100000
	pigment { color rgbt <1,0,0,0> }
	no_shadow
}
sphere {
	0, 1
	scale<0.080000,0.200000,0.300000>
	matrix <0.567308, 0.800040, 0.195186,
		-0.306911, -0.014539, 0.951627,
		0.764177, -0.599771, 0.237294,
		28.264717, 35.905434, 35.981667>
	pigment { color rgbt <0,1,1,0> }
	no_shadow
}
cylinder {
	<28.484129, 36.427666, 35.451023>,  <27.729792, 36.325275, 35.815559>, 0.130000
	pigment { color rgbt <1,0,0,0> }
	no_shadow
}

// nucleotide -1

// particle -1
sphere {
	<28.484129, 36.427666, 35.451023> 0.250000
	pigment { color rgbt <1,0,0,0> }
	no_shadow
}
cylinder {
	<28.505360, 36.034664, 35.522438>,  <28.518097, 35.798862, 35.565289>, 0.100000
	pigment { color rgbt <1,0,0,0> }
	no_shadow
}
cylinder {
	<28.505360, 36.034664, 35.522438>,  <28.484129, 36.427666, 35.451023>, 0.100000
	pigment { color rgbt <1,0,0,0> }
	no_shadow
}

// particle -1
sphere {
	<28.505360, 36.034664, 35.522438> 0.100000
	pigment { color rgbt <1,0,0,0> }
	no_shadow
}
sphere {
	0, 1
	scale<0.080000,0.200000,0.300000>
	matrix <0.979673, 0.016596, -0.199911,
		0.193450, 0.185517, 0.963411,
		0.053076, -0.982501, 0.178536,
		28.521282, 35.739914, 35.576000>
	pigment { color rgbt <0,1,1,0> }
	no_shadow
}
cylinder {
	<28.973579, 36.211754, 35.978565>,  <28.484129, 36.427666, 35.451023>, 0.130000
	pigment { color rgbt <1,0,0,0> }
	no_shadow
}

// nucleotide -1

// particle -1
sphere {
	<28.973579, 36.211754, 35.978565> 0.250000
	pigment { color rgbt <1,0,0,0> }
	no_shadow
}
cylinder {
	<28.956251, 35.948952, 35.677509>,  <28.945854, 35.791271, 35.496876>, 0.100000
	pigment { color rgbt <1,0,0,0> }
	no_shadow
}
cylinder {
	<28.956251, 35.948952, 35.677509>,  <28.973579, 36.211754, 35.978565>, 0.100000
	pigment { color rgbt <1,0,0,0> }
	no_shadow
}

// particle -1
sphere {
	<28.956251, 35.948952, 35.677509> 0.100000
	pigment { color rgbt <1,0,0,0> }
	no_shadow
}
sphere {
	0, 1
	scale<0.080000,0.200000,0.300000>
	matrix <0.982491, 0.108620, -0.151370,
		0.181203, -0.746016, 0.640800,
		-0.043321, -0.657009, -0.752637,
		28.943254, 35.751850, 35.451717>
	pigment { color rgbt <0,1,1,0> }
	no_shadow
}
cylinder {
	<29.577204, 35.708733, 36.096371>,  <28.973579, 36.211754, 35.978565>, 0.130000
	pigment { color rgbt <1,0,0,0> }
	no_shadow
}

// nucleotide -1

// particle -1
sphere {
	<29.577204, 35.708733, 36.096371> 0.250000
	pigment { color rgbt <1,0,0,0> }
	no_shadow
}
cylinder {
	<29.458096, 35.760330, 35.718018>,  <29.386631, 35.791290, 35.491005>, 0.100000
	pigment { color rgbt <1,0,0,0> }
	no_shadow
}
cylinder {
	<29.458096, 35.760330, 35.718018>,  <29.577204, 35.708733, 36.096371>, 0.100000
	pigment { color rgbt <1,0,0,0> }
	no_shadow
}

// particle -1
sphere {
	<29.458096, 35.760330, 35.718018> 0.100000
	pigment { color rgbt <1,0,0,0> }
	no_shadow
}
sphere {
	0, 1
	scale<0.080000,0.200000,0.300000>
	matrix <0.939201, 0.217054, -0.266064,
		0.170985, -0.967598, -0.185787,
		-0.297769, 0.128999, -0.945882,
		29.368765, 35.799030, 35.434254>
	pigment { color rgbt <0,1,1,0> }
	no_shadow
}
cylinder {
	<29.909094, 35.308704, 35.665348>,  <29.577204, 35.708733, 36.096371>, 0.130000
	pigment { color rgbt <1,0,0,0> }
	no_shadow
}

// nucleotide -1

// particle -1
sphere {
	<29.909094, 35.308704, 35.665348> 0.250000
	pigment { color rgbt <1,0,0,0> }
	no_shadow
}
cylinder {
	<29.790575, 35.625202, 35.451378>,  <29.719463, 35.815102, 35.322994>, 0.100000
	pigment { color rgbt <1,0,0,0> }
	no_shadow
}
cylinder {
	<29.790575, 35.625202, 35.451378>,  <29.909094, 35.308704, 35.665348>, 0.100000
	pigment { color rgbt <1,0,0,0> }
	no_shadow
}

// particle -1
sphere {
	<29.790575, 35.625202, 35.451378> 0.100000
	pigment { color rgbt <1,0,0,0> }
	no_shadow
}
sphere {
	0, 1
	scale<0.080000,0.200000,0.300000>
	matrix <0.955077, 0.248949, -0.160784,
		0.005950, -0.558535, -0.829459,
		-0.296297, 0.791241, -0.534926,
		29.701685, 35.862576, 35.290901>
	pigment { color rgbt <0,1,1,0> }
	no_shadow
}
cylinder {
	<30.374487, 35.581146, 35.091045>,  <29.909094, 35.308704, 35.665348>, 0.130000
	pigment { color rgbt <1,0,0,0> }
	no_shadow
}

// nucleotide -1

// particle -1
sphere {
	<30.374487, 35.581146, 35.091045> 0.250000
	pigment { color rgbt <1,0,0,0> }
	no_shadow
}
cylinder {
	<30.138254, 35.895515, 35.164295>,  <29.996513, 36.084137, 35.208244>, 0.100000
	pigment { color rgbt <1,0,0,0> }
	no_shadow
}
cylinder {
	<30.138254, 35.895515, 35.164295>,  <30.374487, 35.581146, 35.091045>, 0.100000
	pigment { color rgbt <1,0,0,0> }
	no_shadow
}

// particle -1
sphere {
	<30.138254, 35.895515, 35.164295> 0.100000
	pigment { color rgbt <1,0,0,0> }
	no_shadow
}
sphere {
	0, 1
	scale<0.080000,0.200000,0.300000>
	matrix <0.710306, 0.613972, -0.344244,
		-0.382983, -0.073230, -0.920848,
		-0.590584, 0.785924, 0.183125,
		29.961079, 36.131294, 35.219234>
	pigment { color rgbt <0,1,1,0> }
	no_shadow
}
cylinder {
	<30.053694, 35.887466, 34.429409>,  <30.374487, 35.581146, 35.091045>, 0.130000
	pigment { color rgbt <1,0,0,0> }
	no_shadow
}

// nucleotide -1

// particle -1
sphere {
	<30.053694, 35.887466, 34.429409> 0.250000
	pigment { color rgbt <1,0,0,0> }
	no_shadow
}
cylinder {
	<30.143097, 36.152367, 34.715477>,  <30.196739, 36.311306, 34.887119>, 0.100000
	pigment { color rgbt <1,0,0,0> }
	no_shadow
}
cylinder {
	<30.143097, 36.152367, 34.715477>,  <30.053694, 35.887466, 34.429409>, 0.100000
	pigment { color rgbt <1,0,0,0> }
	no_shadow
}

// particle -1
sphere {
	<30.143097, 36.152367, 34.715477> 0.100000
	pigment { color rgbt <1,0,0,0> }
	no_shadow
}
sphere {
	0, 1
	scale<0.080000,0.200000,0.300000>
	matrix <0.626094, 0.464797, -0.626075,
		-0.747028, 0.587696, -0.310745,
		0.223509, 0.662251, 0.715169,
		30.210150, 36.351044, 34.930027>
	pigment { color rgbt <0,1,1,0> }
	no_shadow
}
cylinder {
	<30.231220, 36.490852, 34.213799>,  <30.053694, 35.887466, 34.429409>, 0.130000
	pigment { color rgbt <1,0,0,0> }
	no_shadow
}

// nucleotide -1

// particle -1
sphere {
	<30.231220, 36.490852, 34.213799> 0.250000
	pigment { color rgbt <1,0,0,0> }
	no_shadow
}
cylinder {
	<30.387609, 36.606808, 34.563221>,  <30.481443, 36.676380, 34.772877>, 0.100000
	pigment { color rgbt <1,0,0,0> }
	no_shadow
}
cylinder {
	<30.387609, 36.606808, 34.563221>,  <30.231220, 36.490852, 34.213799>, 0.100000
	pigment { color rgbt <1,0,0,0> }
	no_shadow
}

// particle -1
sphere {
	<30.387609, 36.606808, 34.563221> 0.100000
	pigment { color rgbt <1,0,0,0> }
	no_shadow
}
sphere {
	0, 1
	scale<0.080000,0.200000,0.300000>
	matrix <0.718448, 0.497125, -0.486518,
		-0.575302, 0.817823, -0.013904,
		0.390974, 0.289884, 0.873560,
		30.504902, 36.693771, 34.825291>
	pigment { color rgbt <0,1,1,0> }
	no_shadow
}
cylinder {
	<30.244892, 37.250782, 34.514709>,  <30.231220, 36.490852, 34.213799>, 0.130000
	pigment { color rgbt <1,0,0,0> }
	no_shadow
}

// nucleotide -1

// particle -1
sphere {
	<30.244892, 37.250782, 34.514709> 0.250000
	pigment { color rgbt <1,0,0,0> }
	no_shadow
}
cylinder {
	<30.568499, 37.070465, 34.665588>,  <30.762663, 36.962276, 34.756115>, 0.100000
	pigment { color rgbt <1,0,0,0> }
	no_shadow
}
cylinder {
	<30.568499, 37.070465, 34.665588>,  <30.244892, 37.250782, 34.514709>, 0.100000
	pigment { color rgbt <1,0,0,0> }
	no_shadow
}

// particle -1
sphere {
	<30.568499, 37.070465, 34.665588> 0.100000
	pigment { color rgbt <1,0,0,0> }
	no_shadow
}
sphere {
	0, 1
	scale<0.080000,0.200000,0.300000>
	matrix <0.565384, 0.772295, -0.289656,
		-0.160736, 0.447600, 0.879669,
		0.809014, -0.450793, 0.377202,
		30.811203, 36.935226, 34.778748>
	pigment { color rgbt <0,1,1,0> }
	no_shadow
}
cylinder {
	<30.932873, 37.413998, 34.310020>,  <30.244892, 37.250782, 34.514709>, 0.130000
	pigment { color rgbt <1,0,0,0> }
	no_shadow
}

// nucleotide -1

// particle -1
sphere {
	<30.932873, 37.413998, 34.310020> 0.250000
	pigment { color rgbt <1,0,0,0> }
	no_shadow
}
cylinder {
	<31.213310, 37.417534, 34.595226>,  <31.381573, 37.419655, 34.766350>, 0.100000
	pigment { color rgbt <1,0,0,0> }
	no_shadow
}
cylinder {
	<31.213310, 37.417534, 34.595226>,  <30.932873, 37.413998, 34.310020>, 0.100000
	pigment { color rgbt <1,0,0,0> }
	no_shadow
}

// particle -1
sphere {
	<31.213310, 37.417534, 34.595226> 0.100000
	pigment { color rgbt <1,0,0,0> }
	no_shadow
}
sphere {
	0, 1
	scale<0.080000,0.200000,0.300000>
	matrix <0.107646, -0.989776, -0.093576,
		0.704896, 0.142359, -0.694879,
		0.701095, 0.008839, 0.713013,
		31.423639, 37.420185, 34.809132>
	pigment { color rgbt <0,1,1,0> }
	no_shadow
}
cylinder {
	<31.568027, 36.927235, 34.182838>,  <30.932873, 37.413998, 34.310020>, 0.130000
	pigment { color rgbt <1,0,0,0> }
	no_shadow
}

// nucleotide -1

// particle -1
sphere {
	<31.568027, 36.927235, 34.182838> 0.250000
	pigment { color rgbt <1,0,0,0> }
	no_shadow
}
cylinder {
	<31.589432, 36.954674, 34.581322>,  <31.602274, 36.971138, 34.820412>, 0.100000
	pigment { color rgbt <1,0,0,0> }
	no_shadow
}
cylinder {
	<31.589432, 36.954674, 34.581322>,  <31.568027, 36.927235, 34.182838>, 0.100000
	pigment { color rgbt <1,0,0,0> }
	no_shadow
}

// particle -1
sphere {
	<31.589432, 36.954674, 34.581322> 0.100000
	pigment { color rgbt <1,0,0,0> }
	no_shadow
}
sphere {
	0, 1
	scale<0.080000,0.200000,0.300000>
	matrix <0.398013, -0.916430, 0.041722,
		0.915818, 0.394272, -0.076340,
		0.053510, 0.068594, 0.996209,
		31.605486, 36.975254, 34.880184>
	pigment { color rgbt <0,1,1,0> }
	no_shadow
}
cylinder {
	<31.842110, 36.248173, 34.649994>,  <31.568027, 36.927235, 34.182838>, 0.130000
	pigment { color rgbt <1,0,0,0> }
	no_shadow
}

// nucleotide -1

// particle -1
sphere {
	<31.842110, 36.248173, 34.649994> 0.250000
	pigment { color rgbt <1,0,0,0> }
	no_shadow
}
cylinder {
	<31.488573, 36.335194, 34.815639>,  <31.276451, 36.387405, 34.915028>, 0.100000
	pigment { color rgbt <1,0,0,0> }
	no_shadow
}
cylinder {
	<31.488573, 36.335194, 34.815639>,  <31.842110, 36.248173, 34.649994>, 0.100000
	pigment { color rgbt <1,0,0,0> }
	no_shadow
}

// particle -1
sphere {
	<31.488573, 36.335194, 34.815639> 0.100000
	pigment { color rgbt <1,0,0,0> }
	no_shadow
}
sphere {
	0, 1
	scale<0.080000,0.200000,0.300000>
	matrix <-0.459703, -0.567787, -0.682855,
		0.086570, -0.793906, 0.601846,
		-0.883843, 0.217556, 0.414115,
		31.223419, 36.400459, 34.939873>
	pigment { color rgbt <0,1,1,0> }
	no_shadow
}
cylinder {
	<32.170742, 35.635960, 34.445721>,  <31.842110, 36.248173, 34.649994>, 0.130000
	pigment { color rgbt <1,0,0,0> }
	no_shadow
}

// nucleotide -1

// particle -1
sphere {
	<32.170742, 35.635960, 34.445721> 0.250000
	pigment { color rgbt <1,0,0,0> }
	no_shadow
}
cylinder {
	<32.569824, 35.622051, 34.468971>,  <32.809273, 35.613705, 34.482922>, 0.100000
	pigment { color rgbt <1,0,0,0> }
	no_shadow
}
cylinder {
	<32.569824, 35.622051, 34.468971>,  <32.170742, 35.635960, 34.445721>, 0.100000
	pigment { color rgbt <1,0,0,0> }
	no_shadow
}

// particle -1
sphere {
	<32.569824, 35.622051, 34.468971> 0.100000
	pigment { color rgbt <1,0,0,0> }
	no_shadow
}
sphere {
	0, 1
	scale<0.080000,0.200000,0.300000>
	matrix <-0.066237, -0.321433, 0.944613,
		-0.014165, -0.946294, -0.322998,
		0.997703, -0.034775, 0.058127,
		32.869137, 35.611618, 34.486408>
	pigment { color rgbt <0,1,1,0> }
	no_shadow
}
cylinder {
	<32.323246, 35.031666, 34.761711>,  <32.170742, 35.635960, 34.445721>, 0.130000
	pigment { color rgbt <1,0,0,0> }
	no_shadow
}

// nucleotide -1

// particle -1
sphere {
	<32.323246, 35.031666, 34.761711> 0.250000
	pigment { color rgbt <1,0,0,0> }
	no_shadow
}
cylinder {
	<32.689682, 35.186905, 34.802021>,  <32.909546, 35.280048, 34.826206>, 0.100000
	pigment { color rgbt <1,0,0,0> }
	no_shadow
}
cylinder {
	<32.689682, 35.186905, 34.802021>,  <32.323246, 35.031666, 34.761711>, 0.100000
	pigment { color rgbt <1,0,0,0> }
	no_shadow
}

// particle -1
sphere {
	<32.689682, 35.186905, 34.802021> 0.100000
	pigment { color rgbt <1,0,0,0> }
	no_shadow
}
sphere {
	0, 1
	scale<0.080000,0.200000,0.300000>
	matrix <0.036427, -0.330838, 0.942984,
		0.399310, -0.860189, -0.317215,
		0.916092, 0.388098, 0.100773,
		32.964508, 35.303333, 34.832253>
	pigment { color rgbt <0,1,1,0> }
	no_shadow
}
cylinder {
	<32.641750, 34.473885, 35.061176>,  <32.323246, 35.031666, 34.761711>, 0.130000
	pigment { color rgbt <1,0,0,0> }
	no_shadow
}

// nucleotide -1

// particle -1
sphere {
	<32.641750, 34.473885, 35.061176> 0.250000
	pigment { color rgbt <1,0,0,0> }
	no_shadow
}
cylinder {
	<32.873573, 34.790630, 35.138184>,  <33.012669, 34.980679, 35.184387>, 0.100000
	pigment { color rgbt <1,0,0,0> }
	no_shadow
}
cylinder {
	<32.873573, 34.790630, 35.138184>,  <32.641750, 34.473885, 35.061176>, 0.100000
	pigment { color rgbt <1,0,0,0> }
	no_shadow
}

// particle -1
sphere {
	<32.873573, 34.790630, 35.138184> 0.100000
	pigment { color rgbt <1,0,0,0> }
	no_shadow
}
sphere {
	0, 1
	scale<0.080000,0.200000,0.300000>
	matrix <0.046432, -0.267947, 0.962314,
		0.813607, -0.548778, -0.192059,
		0.579558, 0.791863, 0.192523,
		33.047440, 35.028191, 35.195942>
	pigment { color rgbt <0,1,1,0> }
	no_shadow
}
cylinder {
	<33.344727, 34.189632, 35.421085>,  <32.641750, 34.473885, 35.061176>, 0.130000
	pigment { color rgbt <1,0,0,0> }
	no_shadow
}

// nucleotide -1

// particle -1
sphere {
	<33.344727, 34.189632, 35.421085> 0.250000
	pigment { color rgbt <1,0,0,0> }
	no_shadow
}
cylinder {
	<33.265491, 34.569359, 35.518703>,  <33.217953, 34.797195, 35.577274>, 0.100000
	pigment { color rgbt <1,0,0,0> }
	no_shadow
}
cylinder {
	<33.265491, 34.569359, 35.518703>,  <33.344727, 34.189632, 35.421085>, 0.100000
	pigment { color rgbt <1,0,0,0> }
	no_shadow
}

// particle -1
sphere {
	<33.265491, 34.569359, 35.518703> 0.100000
	pigment { color rgbt <1,0,0,0> }
	no_shadow
}
sphere {
	0, 1
	scale<0.080000,0.200000,0.300000>
	matrix <0.269210, -0.186714, 0.944809,
		0.942490, 0.252852, -0.218581,
		-0.198085, 0.949318, 0.244047,
		33.206066, 34.854153, 35.591919>
	pigment { color rgbt <0,1,1,0> }
	no_shadow
}
cylinder {
	<33.569241, 34.288250, 36.092491>,  <33.344727, 34.189632, 35.421085>, 0.130000
	pigment { color rgbt <1,0,0,0> }
	no_shadow
}

// nucleotide -1

// particle -1
sphere {
	<33.569241, 34.288250, 36.092491> 0.250000
	pigment { color rgbt <1,0,0,0> }
	no_shadow
}
cylinder {
	<33.634335, 33.895374, 36.054901>,  <33.673389, 33.659649, 36.032349>, 0.100000
	pigment { color rgbt <1,0,0,0> }
	no_shadow
}
cylinder {
	<33.634335, 33.895374, 36.054901>,  <33.569241, 34.288250, 36.092491>, 0.100000
	pigment { color rgbt <1,0,0,0> }
	no_shadow
}

// particle -1
sphere {
	<33.634335, 33.895374, 36.054901> 0.100000
	pigment { color rgbt <1,0,0,0> }
	no_shadow
}
sphere {
	0, 1
	scale<0.080000,0.200000,0.300000>
	matrix <-0.541862, -0.168557, 0.823392,
		-0.824563, -0.083072, -0.559638,
		0.162732, -0.982185, -0.093972,
		33.683155, 33.600719, 36.026711>
	pigment { color rgbt <0,1,1,0> }
	no_shadow
}
cylinder {
	<33.626263, 34.688496, 36.761269>,  <33.569241, 34.288250, 36.092491>, 0.130000
	pigment { color rgbt <1,0,0,0> }
	no_shadow
}

// nucleotide -1

// particle -1
sphere {
	<33.626263, 34.688496, 36.761269> 0.250000
	pigment { color rgbt <1,0,0,0> }
	no_shadow
}
cylinder {
	<33.475266, 35.000107, 36.561028>,  <33.384666, 35.187073, 36.440884>, 0.100000
	pigment { color rgbt <1,0,0,0> }
	no_shadow
}
cylinder {
	<33.475266, 35.000107, 36.561028>,  <33.626263, 34.688496, 36.761269>, 0.100000
	pigment { color rgbt <1,0,0,0> }
	no_shadow
}

// particle -1
sphere {
	<33.475266, 35.000107, 36.561028> 0.100000
	pigment { color rgbt <1,0,0,0> }
	no_shadow
}
sphere {
	0, 1
	scale<0.080000,0.200000,0.300000>
	matrix <-0.310570, 0.402783, 0.860995,
		0.872379, 0.480494, 0.089896,
		-0.377494, 0.779032, -0.500606,
		33.362019, 35.233818, 36.410847>
	pigment { color rgbt <0,1,1,0> }
	no_shadow
}
cylinder {
	<33.951775, 35.231743, 37.104137>,  <33.626263, 34.688496, 36.761269>, 0.130000
	pigment { color rgbt <1,0,0,0> }
	no_shadow
}

// nucleotide -1

// particle -1
sphere {
	<33.951775, 35.231743, 37.104137> 0.250000
	pigment { color rgbt <1,0,0,0> }
	no_shadow
}
cylinder {
	<33.587914, 35.303284, 36.954182>,  <33.369598, 35.346210, 36.864208>, 0.100000
	pigment { color rgbt <1,0,0,0> }
	no_shadow
}
cylinder {
	<33.587914, 35.303284, 36.954182>,  <33.951775, 35.231743, 37.104137>, 0.100000
	pigment { color rgbt <1,0,0,0> }
	no_shadow
}

// particle -1
sphere {
	<33.587914, 35.303284, 36.954182> 0.100000
	pigment { color rgbt <1,0,0,0> }
	no_shadow
}
sphere {
	0, 1
	scale<0.080000,0.200000,0.300000>
	matrix <-0.317560, 0.282332, 0.905232,
		0.267750, 0.942496, -0.200026,
		-0.909651, 0.178856, -0.374893,
		33.315018, 35.356941, 36.841713>
	pigment { color rgbt <0,1,1,0> }
	no_shadow
}
cylinder {
	<33.748711, 35.964802, 37.237289>,  <33.951775, 35.231743, 37.104137>, 0.130000
	pigment { color rgbt <1,0,0,0> }
	no_shadow
}

// nucleotide -1

// particle -1
sphere {
	<33.748711, 35.964802, 37.237289> 0.250000
	pigment { color rgbt <1,0,0,0> }
	no_shadow
}
cylinder {
	<33.408798, 35.766037, 37.166927>,  <33.204849, 35.646778, 37.124710>, 0.100000
	pigment { color rgbt <1,0,0,0> }
	no_shadow
}
cylinder {
	<33.408798, 35.766037, 37.166927>,  <33.748711, 35.964802, 37.237289>, 0.100000
	pigment { color rgbt <1,0,0,0> }
	no_shadow
}

// particle -1
sphere {
	<33.408798, 35.766037, 37.166927> 0.100000
	pigment { color rgbt <1,0,0,0> }
	no_shadow
}
sphere {
	0, 1
	scale<0.080000,0.200000,0.300000>
	matrix <-0.386360, 0.360139, 0.849133,
		-0.358599, 0.789541, -0.498029,
		-0.849784, -0.496916, -0.175902,
		33.153862, 35.616962, 37.114159>
	pigment { color rgbt <0,1,1,0> }
	no_shadow
}
cylinder {
	<33.126575, 36.375954, 37.282974>,  <33.748711, 35.964802, 37.237289>, 0.130000
	pigment { color rgbt <1,0,0,0> }
	no_shadow
}

// nucleotide -1

// particle -1
sphere {
	<33.126575, 36.375954, 37.282974> 0.250000
	pigment { color rgbt <1,0,0,0> }
	no_shadow
}
cylinder {
	<33.070305, 35.988853, 37.366570>,  <33.036545, 35.756596, 37.416725>, 0.100000
	pigment { color rgbt <1,0,0,0> }
	no_shadow
}
cylinder {
	<33.070305, 35.988853, 37.366570>,  <33.126575, 36.375954, 37.282974>, 0.100000
	pigment { color rgbt <1,0,0,0> }
	no_shadow
}

// particle -1
sphere {
	<33.070305, 35.988853, 37.366570> 0.100000
	pigment { color rgbt <1,0,0,0> }
	no_shadow
}
sphere {
	0, 1
	scale<0.080000,0.200000,0.300000>
	matrix <-0.443800, 0.250327, 0.860452,
		-0.885016, 0.028294, -0.464701,
		-0.140672, -0.967748, 0.208986,
		33.028103, 35.698528, 37.429264>
	pigment { color rgbt <0,1,1,0> }
	no_shadow
}
cylinder {
	<32.503609, 36.228397, 37.594994>,  <33.126575, 36.375954, 37.282974>, 0.130000
	pigment { color rgbt <1,0,0,0> }
	no_shadow
}

// nucleotide -1

// particle -1
sphere {
	<32.503609, 36.228397, 37.594994> 0.250000
	pigment { color rgbt <1,0,0,0> }
	no_shadow
}
cylinder {
	<32.745472, 35.936996, 37.723789>,  <32.890591, 35.762154, 37.801067>, 0.100000
	pigment { color rgbt <1,0,0,0> }
	no_shadow
}
cylinder {
	<32.745472, 35.936996, 37.723789>,  <32.503609, 36.228397, 37.594994>, 0.100000
	pigment { color rgbt <1,0,0,0> }
	no_shadow
}

// particle -1
sphere {
	<32.745472, 35.936996, 37.723789> 0.100000
	pigment { color rgbt <1,0,0,0> }
	no_shadow
}
sphere {
	0, 1
	scale<0.080000,0.200000,0.300000>
	matrix <-0.435336, 0.036253, 0.899538,
		-0.666991, -0.684080, -0.295224,
		0.604653, -0.728505, 0.321985,
		32.926868, 35.718445, 37.820385>
	pigment { color rgbt <0,1,1,0> }
	no_shadow
}
cylinder {
	<32.012096, 35.790222, 37.796974>,  <32.503609, 36.228397, 37.594994>, 0.130000
	pigment { color rgbt <1,0,0,0> }
	no_shadow
}

// nucleotide -1

// particle -1
sphere {
	<32.012096, 35.790222, 37.796974> 0.250000
	pigment { color rgbt <1,0,0,0> }
	no_shadow
}
cylinder {
	<32.331940, 35.738239, 38.031494>,  <32.523846, 35.707050, 38.172207>, 0.100000
	pigment { color rgbt <1,0,0,0> }
	no_shadow
}
cylinder {
	<32.331940, 35.738239, 38.031494>,  <32.012096, 35.790222, 37.796974>, 0.100000
	pigment { color rgbt <1,0,0,0> }
	no_shadow
}

// particle -1
sphere {
	<32.331940, 35.738239, 38.031494> 0.100000
	pigment { color rgbt <1,0,0,0> }
	no_shadow
}
sphere {
	0, 1
	scale<0.080000,0.200000,0.300000>
	matrix <-0.600313, -0.146922, 0.786154,
		-0.016022, -0.980575, -0.195492,
		0.799605, -0.129952, 0.586298,
		32.571819, 35.699253, 38.207382>
	pigment { color rgbt <0,1,1,0> }
	no_shadow
}
cylinder {
	<31.961311, 35.101921, 38.112591>,  <32.012096, 35.790222, 37.796974>, 0.130000
	pigment { color rgbt <1,0,0,0> }
	no_shadow
}

// nucleotide -1

// particle -1
sphere {
	<31.961311, 35.101921, 38.112591> 0.250000
	pigment { color rgbt <1,0,0,0> }
	no_shadow
}
cylinder {
	<32.156193, 35.348980, 38.359539>,  <32.273121, 35.497215, 38.507710>, 0.100000
	pigment { color rgbt <1,0,0,0> }
	no_shadow
}
cylinder {
	<32.156193, 35.348980, 38.359539>,  <31.961311, 35.101921, 38.112591>, 0.100000
	pigment { color rgbt <1,0,0,0> }
	no_shadow
}

// particle -1
sphere {
	<32.156193, 35.348980, 38.359539> 0.100000
	pigment { color rgbt <1,0,0,0> }
	no_shadow
}
sphere {
	0, 1
	scale<0.080000,0.200000,0.300000>
	matrix <-0.707996, -0.134507, 0.693289,
		0.511246, -0.774870, 0.371757,
		0.487205, 0.617644, 0.617371,
		32.302353, 35.534271, 38.544750>
	pigment { color rgbt <0,1,1,0> }
	no_shadow
}
cylinder {
	<32.151535, 34.855442, 37.436184>,  <31.961311, 35.101921, 38.112591>, 0.130000
	pigment { color rgbt <1,0,0,0> }
	no_shadow
}

// nucleotide -1

// particle -1
sphere {
	<32.151535, 34.855442, 37.436184> 0.250000
	pigment { color rgbt <1,0,0,0> }
	no_shadow
}
cylinder {
	<32.273270, 35.224506, 37.341465>,  <32.346310, 35.445946, 37.284634>, 0.100000
	pigment { color rgbt <1,0,0,0> }
	no_shadow
}
cylinder {
	<32.273270, 35.224506, 37.341465>,  <32.151535, 34.855442, 37.436184>, 0.100000
	pigment { color rgbt <1,0,0,0> }
	no_shadow
}

// particle -1
sphere {
	<32.273270, 35.224506, 37.341465> 0.100000
	pigment { color rgbt <1,0,0,0> }
	no_shadow
}
sphere {
	0, 1
	scale<0.080000,0.200000,0.300000>
	matrix <0.510919, -0.367920, -0.776915,
