// switches for output
#declare DRAW_BASES = 1; // possible values are 0, 1; only relevant for DNA ribbons
#declare DRAW_BASES_TYPE = 3; // possible values are 1, 2, 3; only relevant for DNA ribbons
#declare DRAW_FOG = 0; // set to 1 to enable fog

#include "colors.inc"

#include "transforms.inc"
background { rgb <1, 1, 1>}

#default {
   normal{
       ripples 0.25
       frequency 0.20
       turbulence 0.2
       lambda 5
   }
	finish {
		phong 0.1
		phong_size 40.
	}
}

// original window dimensions: 1024x640


// camera settings

camera {
	sky <0, 0.179814, -0.983701>
	up <0, 0.179814, -0.983701>
	right 1.6 * <1, 0, 0>
	location <35, 94.9851, 44.8844>
	look_at <35, 29.7336, 32.9568>
	direction <0, -65.2515, -11.9276>
	angle 67.0682
}


# declare cpy_camera_pos = <35, 94.9851, 44.8844>;
# if (DRAW_FOG = 1)
fog {
	fog_type 2
	up vnormalize(cpy_camera_pos)
	color rgbt<1,1,1,0.3>
	distance 1e-5
	fog_alt 3e-3
	fog_offset 56
}
# end


// LIGHTS

# declare lum = 6;
global_settings {
	ambient_light rgb lum * <0.05, 0.05, 0.05>
	max_trace_level 15
}# declare cpy_direct_light_amount = 0.25;
light_source
{	1000 * <-1, -1.16352, -0.803886>,
	rgb lum * cpy_direct_light_amount
	parallel
}

light_source
{	1000 * <1, 1.16352, 0.803886>,
	rgb lum * cpy_direct_light_amount
	parallel
}

// strand 0

// nucleotide -1

// particle -1
sphere {
	<23.966347, 35.387230, 35.067257> 0.250000
	pigment { color rgbt <1,0,0,0> }
	no_shadow
}
cylinder {
	<24.293890, 35.157646, 35.069771>,  <24.490416, 35.019897, 35.071278>, 0.100000
	pigment { color rgbt <1,0,0,0> }
	no_shadow
}
cylinder {
	<24.293890, 35.157646, 35.069771>,  <23.966347, 35.387230, 35.067257>, 0.100000
	pigment { color rgbt <1,0,0,0> }
	no_shadow
}

// particle -1
sphere {
	<24.293890, 35.157646, 35.069771> 0.100000
	pigment { color rgbt <1,0,0,0> }
	no_shadow
}
sphere {
	0, 1
	scale<0.080000,0.200000,0.300000>
	matrix <0.363786, 0.510477, -0.779149,
		0.443994, 0.640299, 0.626807,
		0.818859, -0.573961, 0.006284,
		24.539547, 34.985458, 35.071655>
	pigment { color rgbt <0,1,1,0> }
	no_shadow
}
cylinder {
	<24.571117, 35.888107, 34.895790>,  <23.966347, 35.387230, 35.067257>, 0.130000
	pigment { color rgbt <1,0,0,0> }
	no_shadow
}

// nucleotide -1

// particle -1
sphere {
	<24.571117, 35.888107, 34.895790> 0.250000
	pigment { color rgbt <1,0,0,0> }
	no_shadow
}
cylinder {
	<24.599487, 35.502583, 34.792999>,  <24.616508, 35.271267, 34.731327>, 0.100000
	pigment { color rgbt <1,0,0,0> }
	no_shadow
}
cylinder {
	<24.599487, 35.502583, 34.792999>,  <24.571117, 35.888107, 34.895790>, 0.100000
	pigment { color rgbt <1,0,0,0> }
	no_shadow
}

// particle -1
sphere {
	<24.599487, 35.502583, 34.792999> 0.100000
	pigment { color rgbt <1,0,0,0> }
	no_shadow
}
sphere {
	0, 1
	scale<0.080000,0.200000,0.300000>
	matrix <0.127572, 0.264271, -0.955974,
		0.989290, 0.035019, 0.141699,
		0.070924, -0.963812, -0.256974,
		24.620764, 35.213440, 34.715908>
	pigment { color rgbt <0,1,1,0> }
	no_shadow
}
cylinder {
	<25.292450, 35.585136, 34.713760>,  <24.571117, 35.888107, 34.895790>, 0.130000
	pigment { color rgbt <1,0,0,0> }
	no_shadow
}

// nucleotide -1

// particle -1
sphere {
	<25.292450, 35.585136, 34.713760> 0.250000
	pigment { color rgbt <1,0,0,0> }
	no_shadow
}
cylinder {
	<24.951687, 35.472382, 34.537220>,  <24.747229, 35.404728, 34.431297>, 0.100000
	pigment { color rgbt <1,0,0,0> }
	no_shadow
}
cylinder {
	<24.951687, 35.472382, 34.537220>,  <25.292450, 35.585136, 34.713760>, 0.100000
	pigment { color rgbt <1,0,0,0> }
	no_shadow
}

// particle -1
sphere {
	<24.951687, 35.472382, 34.537220> 0.100000
	pigment { color rgbt <1,0,0,0> }
	no_shadow
}
sphere {
	0, 1
	scale<0.080000,0.200000,0.300000>
	matrix <0.283142, 0.461046, -0.840991,
		0.440536, -0.841417, -0.312961,
		-0.851914, -0.281875, -0.441348,
		24.696114, 35.387817, 34.404816>
	pigment { color rgbt <0,1,1,0> }
	no_shadow
}
cylinder {
	<25.361563, 35.040352, 34.226040>,  <25.292450, 35.585136, 34.713760>, 0.130000
	pigment { color rgbt <1,0,0,0> }
	no_shadow
}

// nucleotide -1

// particle -1
sphere {
	<25.361563, 35.040352, 34.226040> 0.250000
	pigment { color rgbt <1,0,0,0> }
	no_shadow
}
cylinder {
	<25.059917, 35.290653, 34.146294>,  <24.878929, 35.440834, 34.098446>, 0.100000
	pigment { color rgbt <1,0,0,0> }
	no_shadow
}
cylinder {
	<25.059917, 35.290653, 34.146294>,  <25.361563, 35.040352, 34.226040>, 0.100000
	pigment { color rgbt <1,0,0,0> }
	no_shadow
}

// particle -1
sphere {
	<25.059917, 35.290653, 34.146294> 0.100000
	pigment { color rgbt <1,0,0,0> }
	no_shadow
}
sphere {
	0, 1
	scale<0.080000,0.200000,0.300000>
	matrix <0.587726, 0.507553, -0.630054,
		-0.293068, -0.592305, -0.750524,
		-0.754115, 0.625751, -0.199366,
		24.833683, 35.478378, 34.086483>
	pigment { color rgbt <0,1,1,0> }
	no_shadow
}
cylinder {
	<25.241661, 35.094913, 33.498013>,  <25.361563, 35.040352, 34.226040>, 0.130000
	pigment { color rgbt <1,0,0,0> }
	no_shadow
}

// nucleotide -1

// particle -1
sphere {
	<25.241661, 35.094913, 33.498013> 0.250000
	pigment { color rgbt <1,0,0,0> }
	no_shadow
}
cylinder {
	<25.163891, 35.435806, 33.692291>,  <25.117229, 35.640343, 33.808861>, 0.100000
	pigment { color rgbt <1,0,0,0> }
	no_shadow
}
cylinder {
	<25.163891, 35.435806, 33.692291>,  <25.241661, 35.094913, 33.498013>, 0.100000
	pigment { color rgbt <1,0,0,0> }
	no_shadow
}

// particle -1
sphere {
	<25.163891, 35.435806, 33.692291> 0.100000
	pigment { color rgbt <1,0,0,0> }
	no_shadow
}
sphere {
	0, 1
	scale<0.080000,0.200000,0.300000>
	matrix <0.662778, 0.479156, -0.575443,
		-0.723135, 0.210031, -0.657999,
		-0.194423, 0.852230, 0.485699,
		25.105564, 35.691475, 33.838001>
	pigment { color rgbt <0,1,1,0> }
	no_shadow
}
cylinder {
	<24.974110, 35.609711, 33.091511>,  <25.241661, 35.094913, 33.498013>, 0.130000
	pigment { color rgbt <1,0,0,0> }
	no_shadow
}

// nucleotide -1

// particle -1
sphere {
	<24.974110, 35.609711, 33.091511> 0.250000
	pigment { color rgbt <1,0,0,0> }
	no_shadow
}
cylinder {
	<25.109715, 35.820518, 33.403233>,  <25.191078, 35.947002, 33.590267>, 0.100000
	pigment { color rgbt <1,0,0,0> }
	no_shadow
}
cylinder {
	<25.109715, 35.820518, 33.403233>,  <24.974110, 35.609711, 33.091511>, 0.100000
	pigment { color rgbt <1,0,0,0> }
	no_shadow
}

// particle -1
sphere {
	<25.109715, 35.820518, 33.403233> 0.100000
	pigment { color rgbt <1,0,0,0> }
	no_shadow
}
sphere {
	0, 1
	scale<0.080000,0.200000,0.300000>
	matrix <0.537974, 0.570959, -0.620153,
		-0.771786, 0.629486, -0.089963,
		0.339012, 0.527023, 0.779306,
		25.211418, 35.978626, 33.637024>
	pigment { color rgbt <0,1,1,0> }
	no_shadow
}
cylinder {
	<24.837698, 36.250511, 32.867004>,  <24.974110, 35.609711, 33.091511>, 0.130000
	pigment { color rgbt <1,0,0,0> }
	no_shadow
}

// nucleotide -1

// particle -1
sphere {
	<24.837698, 36.250511, 32.867004> 0.250000
	pigment { color rgbt <1,0,0,0> }
	no_shadow
}
cylinder {
	<25.121216, 36.237713, 33.148880>,  <25.291327, 36.230034, 33.318005>, 0.100000
	pigment { color rgbt <1,0,0,0> }
	no_shadow
}
cylinder {
	<25.121216, 36.237713, 33.148880>,  <24.837698, 36.250511, 32.867004>, 0.100000
	pigment { color rgbt <1,0,0,0> }
	no_shadow
}

// particle -1
sphere {
	<25.121216, 36.237713, 33.148880> 0.100000
	pigment { color rgbt <1,0,0,0> }
	no_shadow
}
sphere {
	0, 1
	scale<0.080000,0.200000,0.300000>
	matrix <0.575449, 0.604018, -0.551381,
		-0.408003, 0.796329, 0.446536,
		0.708796, -0.031993, 0.704688,
		25.333855, 36.228115, 33.360287>
	pigment { color rgbt <0,1,1,0> }
	no_shadow
}
cylinder {
	<24.940912, 36.915764, 33.139809>,  <24.837698, 36.250511, 32.867004>, 0.130000
	pigment { color rgbt <1,0,0,0> }
	no_shadow
}

// nucleotide -1

// particle -1
sphere {
	<24.940912, 36.915764, 33.139809> 0.250000
	pigment { color rgbt <1,0,0,0> }
	no_shadow
}
cylinder {
	<25.262980, 36.679424, 33.160225>,  <25.456219, 36.537621, 33.172474>, 0.100000
	pigment { color rgbt <1,0,0,0> }
	no_shadow
}
cylinder {
	<25.262980, 36.679424, 33.160225>,  <24.940912, 36.915764, 33.139809>, 0.100000
	pigment { color rgbt <1,0,0,0> }
	no_shadow
}

// particle -1
sphere {
	<25.262980, 36.679424, 33.160225> 0.100000
	pigment { color rgbt <1,0,0,0> }
	no_shadow
}
sphere {
	0, 1
	scale<0.080000,0.200000,0.300000>
	matrix <0.452208, 0.555996, -0.697407,
		0.383685, 0.584608, 0.714856,
		0.805167, -0.590848, 0.051037,
		25.504530, 36.502171, 33.175537>
	pigment { color rgbt <0,1,1,0> }
	no_shadow
}
cylinder {
	<25.493265, 37.341408, 33.136143>,  <24.940912, 36.915764, 33.139809>, 0.130000
	pigment { color rgbt <1,0,0,0> }
	no_shadow
}

// nucleotide -1

// particle -1
sphere {
	<25.493265, 37.341408, 33.136143> 0.250000
	pigment { color rgbt <1,0,0,0> }
	no_shadow
}
cylinder {
	<25.655012, 36.988850, 33.038467>,  <25.752060, 36.777313, 32.979862>, 0.100000
	pigment { color rgbt <1,0,0,0> }
	no_shadow
}
cylinder {
	<25.655012, 36.988850, 33.038467>,  <25.493265, 37.341408, 33.136143>, 0.100000
	pigment { color rgbt <1,0,0,0> }
	no_shadow
}

// particle -1
sphere {
	<25.655012, 36.988850, 33.038467> 0.100000
	pigment { color rgbt <1,0,0,0> }
	no_shadow
}
sphere {
	0, 1
	scale<0.080000,0.200000,0.300000>
	matrix <0.686692, 0.468934, -0.555477,
		0.604105, 0.056931, 0.794868,
		0.404365, -0.881396, -0.244191,
		25.776321, 36.724430, 32.965210>
	pigment { color rgbt <0,1,1,0> }
	no_shadow
}
cylinder {
	<25.871687, 37.268448, 33.827862>,  <25.493265, 37.341408, 33.136143>, 0.130000
	pigment { color rgbt <1,0,0,0> }
	no_shadow
}

// nucleotide -1

// particle -1
sphere {
	<25.871687, 37.268448, 33.827862> 0.250000
	pigment { color rgbt <1,0,0,0> }
	no_shadow
}
cylinder {
	<26.269321, 37.276852, 33.785252>,  <26.507902, 37.281895, 33.759686>, 0.100000
	pigment { color rgbt <1,0,0,0> }
	no_shadow
}
cylinder {
	<26.269321, 37.276852, 33.785252>,  <25.871687, 37.268448, 33.827862>, 0.100000
	pigment { color rgbt <1,0,0,0> }
	no_shadow
}

// particle -1
sphere {
	<26.269321, 37.276852, 33.785252> 0.100000
	pigment { color rgbt <1,0,0,0> }
	no_shadow
}
sphere {
	0, 1
	scale<0.080000,0.200000,0.300000>
	matrix <0.027268, 0.901332, 0.432269,
		0.105095, -0.432618, 0.895431,
		0.994088, 0.021013, -0.106522,
		26.567549, 37.283157, 33.753296>
	pigment { color rgbt <0,1,1,0> }
	no_shadow
}
cylinder {
	<26.116661, 37.967930, 34.103939>,  <25.871687, 37.268448, 33.827862>, 0.130000
	pigment { color rgbt <1,0,0,0> }
	no_shadow
}

// nucleotide -1

// particle -1
sphere {
	<26.116661, 37.967930, 34.103939> 0.250000
	pigment { color rgbt <1,0,0,0> }
	no_shadow
}
cylinder {
	<25.872381, 37.795174, 34.369423>,  <25.725813, 37.691521, 34.528713>, 0.100000
	pigment { color rgbt <1,0,0,0> }
	no_shadow
}
cylinder {
	<25.872381, 37.795174, 34.369423>,  <26.116661, 37.967930, 34.103939>, 0.100000
	pigment { color rgbt <1,0,0,0> }
	no_shadow
}

// particle -1
sphere {
	<25.872381, 37.795174, 34.369423> 0.100000
	pigment { color rgbt <1,0,0,0> }
	no_shadow
}
sphere {
	0, 1
	scale<0.080000,0.200000,0.300000>
	matrix <0.784357, -0.214808, 0.581929,
		-0.108757, 0.875974, 0.469938,
		-0.610701, -0.431888, 0.663714,
		25.689171, 37.665607, 34.568539>
	pigment { color rgbt <0,1,1,0> }
	no_shadow
}
cylinder {
	<26.285604, 38.052490, 34.835220>,  <26.116661, 37.967930, 34.103939>, 0.130000
	pigment { color rgbt <1,0,0,0> }
	no_shadow
}

// nucleotide -1

// particle -1
sphere {
	<26.285604, 38.052490, 34.835220> 0.250000
	pigment { color rgbt <1,0,0,0> }
	no_shadow
}
cylinder {
	<26.066490, 37.717964, 34.844261>,  <25.935022, 37.517250, 34.849686>, 0.100000
	pigment { color rgbt <1,0,0,0> }
	no_shadow
}
cylinder {
	<26.066490, 37.717964, 34.844261>,  <26.285604, 38.052490, 34.835220>, 0.100000
	pigment { color rgbt <1,0,0,0> }
	no_shadow
}

// particle -1
sphere {
	<26.066490, 37.717964, 34.844261> 0.100000
	pigment { color rgbt <1,0,0,0> }
	no_shadow
}
sphere {
	0, 1
	scale<0.080000,0.200000,0.300000>
	matrix <0.581432, -0.361136, 0.729053,
		-0.601555, 0.412506, 0.684084,
		-0.547786, -0.836313, 0.022601,
		25.902155, 37.467072, 34.851040>
	pigment { color rgbt <0,1,1,0> }
	no_shadow
}
cylinder {
	<26.586733, 38.709099, 34.930679>,  <26.285604, 38.052490, 34.835220>, 0.130000
	pigment { color rgbt <1,0,0,0> }
	no_shadow
}

// nucleotide -1

// particle -1
sphere {
	<26.586733, 38.709099, 34.930679> 0.250000
	pigment { color rgbt <1,0,0,0> }
	no_shadow
}
cylinder {
	<26.720413, 39.021976, 35.141003>,  <26.800621, 39.209705, 35.267197>, 0.100000
	pigment { color rgbt <1,0,0,0> }
	no_shadow
}
cylinder {
	<26.720413, 39.021976, 35.141003>,  <26.586733, 38.709099, 34.930679>, 0.100000
	pigment { color rgbt <1,0,0,0> }
	no_shadow
}

// particle -1
sphere {
	<26.720413, 39.021976, 35.141003> 0.100000
	pigment { color rgbt <1,0,0,0> }
	no_shadow
}
sphere {
	0, 1
	scale<0.080000,0.200000,0.300000>
	matrix <-0.022757, -0.551029, 0.834176,
		0.942227, -0.290748, -0.166353,
		0.334200, 0.782197, 0.525811,
		26.820673, 39.256638, 35.298744>
	pigment { color rgbt <0,1,1,0> }
	no_shadow
}
cylinder {
	<27.247711, 38.588993, 35.271111>,  <26.586733, 38.709099, 34.930679>, 0.130000
	pigment { color rgbt <1,0,0,0> }
	no_shadow
}

// nucleotide -1

// particle -1
sphere {
	<27.247711, 38.588993, 35.271111> 0.250000
	pigment { color rgbt <1,0,0,0> }
	no_shadow
}
cylinder {
	<26.975399, 38.824032, 35.446045>,  <26.812012, 38.965057, 35.551006>, 0.100000
	pigment { color rgbt <1,0,0,0> }
	no_shadow
}
cylinder {
	<26.975399, 38.824032, 35.446045>,  <27.247711, 38.588993, 35.271111>, 0.100000
	pigment { color rgbt <1,0,0,0> }
	no_shadow
}

// particle -1
sphere {
	<26.975399, 38.824032, 35.446045> 0.100000
	pigment { color rgbt <1,0,0,0> }
	no_shadow
}
sphere {
	0, 1
	scale<0.080000,0.200000,0.300000>
	matrix <-0.100999, -0.666657, 0.738491,
		0.725491, 0.458580, 0.513194,
		-0.680781, 0.587600, 0.437337,
		26.771164, 39.000313, 35.577248>
	pigment { color rgbt <0,1,1,0> }
	no_shadow
}
cylinder {
	<27.777874, 38.035545, 35.205940>,  <27.247711, 38.588993, 35.271111>, 0.130000
	pigment { color rgbt <1,0,0,0> }
	no_shadow
}

// nucleotide -1

// particle -1
sphere {
	<27.777874, 38.035545, 35.205940> 0.250000
	pigment { color rgbt <1,0,0,0> }
	no_shadow
}
cylinder {
	<27.487438, 38.211636, 34.994663>,  <27.313177, 38.317291, 34.867897>, 0.100000
	pigment { color rgbt <1,0,0,0> }
	no_shadow
}
cylinder {
	<27.487438, 38.211636, 34.994663>,  <27.777874, 38.035545, 35.205940>, 0.100000
	pigment { color rgbt <1,0,0,0> }
	no_shadow
}

// particle -1
sphere {
	<27.487438, 38.211636, 34.994663> 0.100000
	pigment { color rgbt <1,0,0,0> }
	no_shadow
}
sphere {
	0, 1
	scale<0.080000,0.200000,0.300000>
	matrix <-0.184032, -0.864572, -0.467598,
		-0.662513, -0.242314, 0.708774,
		-0.726092, 0.440226, -0.528197,
		27.269611, 38.343704, 34.836205>
	pigment { color rgbt <0,1,1,0> }
	no_shadow
}
cylinder {
	<28.176016, 37.771954, 34.680634>,  <27.777874, 38.035545, 35.205940>, 0.130000
	pigment { color rgbt <1,0,0,0> }
	no_shadow
}

// nucleotide -1

// particle -1
sphere {
	<28.176016, 37.771954, 34.680634> 0.250000
	pigment { color rgbt <1,0,0,0> }
	no_shadow
}
cylinder {
	<28.398773, 37.441051, 34.710350>,  <28.532427, 37.242512, 34.728180>, 0.100000
	pigment { color rgbt <1,0,0,0> }
	no_shadow
}
cylinder {
	<28.398773, 37.441051, 34.710350>,  <28.176016, 37.771954, 34.680634>, 0.100000
	pigment { color rgbt <1,0,0,0> }
	no_shadow
}

// particle -1
sphere {
	<28.398773, 37.441051, 34.710350> 0.100000
	pigment { color rgbt <1,0,0,0> }
	no_shadow
}
sphere {
	0, 1
	scale<0.080000,0.200000,0.300000>
	matrix <0.664973, 0.390473, -0.636664,
		0.497675, 0.403956, 0.767554,
		0.556894, -0.827255, 0.074291,
		28.565842, 37.192875, 34.732635>
	pigment { color rgbt <0,1,1,0> }
	no_shadow
}
cylinder {
	<28.943857, 37.828060, 34.729645>,  <28.176016, 37.771954, 34.680634>, 0.130000
	pigment { color rgbt <1,0,0,0> }
	no_shadow
}

// nucleotide -1

// particle -1
sphere {
	<28.943857, 37.828060, 34.729645> 0.250000
	pigment { color rgbt <1,0,0,0> }
	no_shadow
}
cylinder {
	<28.863989, 37.492737, 34.526718>,  <28.816069, 37.291542, 34.404961>, 0.100000
	pigment { color rgbt <1,0,0,0> }
	no_shadow
}
cylinder {
	<28.863989, 37.492737, 34.526718>,  <28.943857, 37.828060, 34.729645>, 0.100000
	pigment { color rgbt <1,0,0,0> }
	no_shadow
}

// particle -1
sphere {
	<28.863989, 37.492737, 34.526718> 0.100000
	pigment { color rgbt <1,0,0,0> }
	no_shadow
}
sphere {
	0, 1
	scale<0.080000,0.200000,0.300000>
	matrix <0.440489, 0.385687, -0.810688,
		0.875272, -0.385338, 0.292255,
		-0.199670, -0.838308, -0.507318,
		28.804089, 37.241245, 34.374523>
	pigment { color rgbt <0,1,1,0> }
	no_shadow
}
cylinder {
	<29.479259, 37.753834, 34.330235>,  <28.943857, 37.828060, 34.729645>, 0.130000
	pigment { color rgbt <1,0,0,0> }
	no_shadow
}

// nucleotide -1

// particle -1
sphere {
	<29.479259, 37.753834, 34.330235> 0.250000
	pigment { color rgbt <1,0,0,0> }
	no_shadow
}
cylinder {
	<29.207891, 37.515163, 34.158783>,  <29.045071, 37.371960, 34.055912>, 0.100000
	pigment { color rgbt <1,0,0,0> }
	no_shadow
}
cylinder {
	<29.207891, 37.515163, 34.158783>,  <29.479259, 37.753834, 34.330235>, 0.100000
	pigment { color rgbt <1,0,0,0> }
	no_shadow
}

// particle -1
sphere {
	<29.207891, 37.515163, 34.158783> 0.100000
	pigment { color rgbt <1,0,0,0> }
	no_shadow
}
sphere {
	0, 1
	scale<0.080000,0.200000,0.300000>
	matrix <0.209589, 0.401993, -0.891333,
		0.704143, -0.694534, -0.147663,
		-0.678421, -0.596677, -0.428627,
		29.004366, 37.336159, 34.030193>
	pigment { color rgbt <0,1,1,0> }
	no_shadow
}
cylinder {
	<29.786097, 37.386127, 33.789150>,  <29.479259, 37.753834, 34.330235>, 0.130000
	pigment { color rgbt <1,0,0,0> }
	no_shadow
}

// nucleotide -1

// particle -1
sphere {
	<29.786097, 37.386127, 33.789150> 0.250000
	pigment { color rgbt <1,0,0,0> }
	no_shadow
}
cylinder {
	<29.397125, 37.437897, 33.711552>,  <29.163742, 37.468960, 33.664993>, 0.100000
	pigment { color rgbt <1,0,0,0> }
	no_shadow
}
cylinder {
	<29.397125, 37.437897, 33.711552>,  <29.786097, 37.386127, 33.789150>, 0.100000
	pigment { color rgbt <1,0,0,0> }
	no_shadow
}

// particle -1
sphere {
	<29.397125, 37.437897, 33.711552> 0.100000
	pigment { color rgbt <1,0,0,0> }
	no_shadow
}
sphere {
	0, 1
	scale<0.080000,0.200000,0.300000>
	matrix <0.230697, 0.412118, -0.881441,
		-0.034134, -0.901891, -0.430613,
		-0.972427, 0.129428, -0.193997,
		29.105396, 37.476727, 33.653351>
	pigment { color rgbt <0,1,1,0> }
	no_shadow
}
cylinder {
	<29.601759, 37.120541, 33.130291>,  <29.786097, 37.386127, 33.789150>, 0.130000
	pigment { color rgbt <1,0,0,0> }
	no_shadow
}

// nucleotide -1

// particle -1
sphere {
	<29.601759, 37.120541, 33.130291> 0.250000
	pigment { color rgbt <1,0,0,0> }
	no_shadow
}
cylinder {
	<29.323563, 37.400295, 33.196194>,  <29.156645, 37.568150, 33.235737>, 0.100000
	pigment { color rgbt <1,0,0,0> }
	no_shadow
}
cylinder {
	<29.323563, 37.400295, 33.196194>,  <29.601759, 37.120541, 33.130291>, 0.100000
	pigment { color rgbt <1,0,0,0> }
	no_shadow
}

// particle -1
sphere {
	<29.323563, 37.400295, 33.196194> 0.100000
	pigment { color rgbt <1,0,0,0> }
	no_shadow
}
sphere {
	0, 1
	scale<0.080000,0.200000,0.300000>
	matrix <0.039695, 0.266345, -0.963060,
		-0.717439, -0.663258, -0.213003,
		-0.695490, 0.699392, 0.164759,
		29.114916, 37.610111, 33.245621>
	pigment { color rgbt <0,1,1,0> }
	no_shadow
}
cylinder {
	<28.991568, 36.958801, 32.666832>,  <29.601759, 37.120541, 33.130291>, 0.130000
	pigment { color rgbt <1,0,0,0> }
	no_shadow
}

// nucleotide -1

// particle -1
sphere {
	<28.991568, 36.958801, 32.666832> 0.250000
	pigment { color rgbt <1,0,0,0> }
	no_shadow
}
cylinder {
	<29.078753, 37.338528, 32.757420>,  <29.131063, 37.566364, 32.811771>, 0.100000
	pigment { color rgbt <1,0,0,0> }
	no_shadow
}
cylinder {
	<29.078753, 37.338528, 32.757420>,  <28.991568, 36.958801, 32.666832>, 0.100000
	pigment { color rgbt <1,0,0,0> }
	no_shadow
}

// particle -1
sphere {
	<29.078753, 37.338528, 32.757420> 0.100000
	pigment { color rgbt <1,0,0,0> }
	no_shadow
}
sphere {
	0, 1
	scale<0.080000,0.200000,0.300000>
	matrix <0.041408, 0.222842, -0.973975,
		-0.975079, 0.221667, 0.009261,
		0.217962, 0.949318, 0.226468,
		29.144140, 37.623322, 32.825359>
	pigment { color rgbt <0,1,1,0> }
	no_shadow
}
cylinder {
	<28.562160, 37.398895, 32.284794>,  <28.991568, 36.958801, 32.666832>, 0.130000
	pigment { color rgbt <1,0,0,0> }
	no_shadow
}

// nucleotide -1

// particle -1
sphere {
	<28.562160, 37.398895, 32.284794> 0.250000
	pigment { color rgbt <1,0,0,0> }
	no_shadow
}
cylinder {
	<28.910776, 37.585201, 32.346096>,  <29.119946, 37.696983, 32.382877>, 0.100000
	pigment { color rgbt <1,0,0,0> }
	no_shadow
}
cylinder {
	<28.910776, 37.585201, 32.346096>,  <28.562160, 37.398895, 32.284794>, 0.100000
	pigment { color rgbt <1,0,0,0> }
	no_shadow
}

// particle -1
sphere {
	<28.910776, 37.585201, 32.346096> 0.100000
	pigment { color rgbt <1,0,0,0> }
	no_shadow
}
sphere {
	0, 1
	scale<0.080000,0.200000,0.300000>
	matrix <0.065880, 0.198487, -0.977887,
		-0.485884, 0.862361, 0.142304,
		0.871537, 0.465765, 0.153254,
		29.172237, 37.724930, 32.392071>
	pigment { color rgbt <0,1,1,0> }
	no_shadow
}
cylinder {
	<28.617764, 38.043629, 32.026974>,  <28.562160, 37.398895, 32.284794>, 0.130000
	pigment { color rgbt <1,0,0,0> }
	no_shadow
}

// nucleotide -1

// particle -1
sphere {
	<28.617764, 38.043629, 32.026974> 0.250000
	pigment { color rgbt <1,0,0,0> }
	no_shadow
}
cylinder {
	<28.987816, 37.891937, 32.019817>,  <29.209846, 37.800922, 32.015526>, 0.100000
	pigment { color rgbt <1,0,0,0> }
	no_shadow
}
cylinder {
	<28.987816, 37.891937, 32.019817>,  <28.617764, 38.043629, 32.026974>, 0.100000
	pigment { color rgbt <1,0,0,0> }
	no_shadow
}

// particle -1
sphere {
	<28.987816, 37.891937, 32.019817> 0.100000
	pigment { color rgbt <1,0,0,0> }
	no_shadow
}
sphere {
	0, 1
	scale<0.080000,0.200000,0.300000>
	matrix <0.037763, 0.138796, -0.989601,
		0.377769, 0.914833, 0.142725,
		0.925129, -0.379230, -0.017886,
		29.265354, 37.778168, 32.014450>
	pigment { color rgbt <0,1,1,0> }
	no_shadow
}
cylinder {
	<29.112593, 38.436947, 31.625031>,  <28.617764, 38.043629, 32.026974>, 0.130000
	pigment { color rgbt <1,0,0,0> }
	no_shadow
}

// nucleotide -1

// particle -1
sphere {
	<29.112593, 38.436947, 31.625031> 0.250000
	pigment { color rgbt <1,0,0,0> }
	no_shadow
}
cylinder {
	<29.230156, 38.054943, 31.609156>,  <29.300694, 37.825741, 31.599630>, 0.100000
	pigment { color rgbt <1,0,0,0> }
	no_shadow
}
cylinder {
	<29.230156, 38.054943, 31.609156>,  <29.112593, 38.436947, 31.625031>, 0.100000
	pigment { color rgbt <1,0,0,0> }
	no_shadow
}

// particle -1
sphere {
	<29.230156, 38.054943, 31.609156> 0.100000
	pigment { color rgbt <1,0,0,0> }
	no_shadow
}
sphere {
	0, 1
	scale<0.080000,0.200000,0.300000>
	matrix <0.170300, 0.093176, -0.980977,
		0.940541, 0.281556, 0.190023,
		0.293906, -0.955010, -0.039687,
		29.318327, 37.768440, 31.597250>
	pigment { color rgbt <0,1,1,0> }
	no_shadow
}
cylinder {
	<29.893778, 38.338642, 31.436678>,  <29.112593, 38.436947, 31.625031>, 0.130000
	pigment { color rgbt <1,0,0,0> }
	no_shadow
}

// nucleotide -1

// particle -1
sphere {
	<29.893778, 38.338642, 31.436678> 0.250000
	pigment { color rgbt <1,0,0,0> }
	no_shadow
}
cylinder {
	<29.598221, 38.083122, 31.350912>,  <29.420887, 37.929810, 31.299452>, 0.100000
	pigment { color rgbt <1,0,0,0> }
	no_shadow
}
cylinder {
	<29.598221, 38.083122, 31.350912>,  <29.893778, 38.338642, 31.436678>, 0.100000
	pigment { color rgbt <1,0,0,0> }
	no_shadow
}

// particle -1
sphere {
	<29.598221, 38.083122, 31.350912> 0.100000
	pigment { color rgbt <1,0,0,0> }
	no_shadow
}
sphere {
	0, 1
	scale<0.080000,0.200000,0.300000>
	matrix <0.162059, 0.140395, -0.976742,
		0.654046, -0.756455, -0.000214,
		-0.738891, -0.638800, -0.214416,
		29.376553, 37.891483, 31.286587>
	pigment { color rgbt <0,1,1,0> }
	no_shadow
}
cylinder {
	<30.108152, 38.196880, 32.167252>,  <29.893778, 38.338642, 31.436678>, 0.130000
	pigment { color rgbt <1,0,0,0> }
	no_shadow
}

// nucleotide -1

// particle -1
sphere {
	<30.108152, 38.196880, 32.167252> 0.250000
	pigment { color rgbt <1,0,0,0> }
	no_shadow
}
cylinder {
	<30.231482, 38.493935, 32.405048>,  <30.305479, 38.672169, 32.547726>, 0.100000
	pigment { color rgbt <1,0,0,0> }
	no_shadow
}
cylinder {
	<30.231482, 38.493935, 32.405048>,  <30.108152, 38.196880, 32.167252>, 0.100000
	pigment { color rgbt <1,0,0,0> }
	no_shadow
}

// particle -1
sphere {
	<30.231482, 38.493935, 32.405048> 0.100000
	pigment { color rgbt <1,0,0,0> }
	no_shadow
}
sphere {
	0, 1
	scale<0.080000,0.200000,0.300000>
	matrix <0.951277, -0.238905, -0.194924,
		-0.002730, 0.625631, -0.780114,
		0.308324, 0.742637, 0.594496,
		30.323978, 38.716724, 32.583397>
	pigment { color rgbt <0,1,1,0> }
	no_shadow
}
cylinder {
	<30.606623, 38.593857, 31.766190>,  <30.108152, 38.196880, 32.167252>, 0.130000
	pigment { color rgbt <1,0,0,0> }
	no_shadow
}

// nucleotide -1

// particle -1
sphere {
	<30.606623, 38.593857, 31.766190> 0.250000
	pigment { color rgbt <1,0,0,0> }
	no_shadow
}
cylinder {
	<30.664185, 38.647694, 32.158348>,  <30.698721, 38.679996, 32.393642>, 0.100000
	pigment { color rgbt <1,0,0,0> }
	no_shadow
}
cylinder {
	<30.664185, 38.647694, 32.158348>,  <30.606623, 38.593857, 31.766190>, 0.100000
	pigment { color rgbt <1,0,0,0> }
	no_shadow
}

// particle -1
sphere {
	<30.664185, 38.647694, 32.158348> 0.100000
	pigment { color rgbt <1,0,0,0> }
	no_shadow
}
sphere {
	0, 1
	scale<0.080000,0.200000,0.300000>
	matrix <0.955414, -0.277016, -0.102206,
		0.257829, 0.951392, -0.168456,
		0.143903, 0.134594, 0.980396,
		30.707355, 38.688072, 32.452465>
	pigment { color rgbt <0,1,1,0> }
	no_shadow
}
cylinder {
	<31.085415, 39.244431, 31.893997>,  <30.606623, 38.593857, 31.766190>, 0.130000
	pigment { color rgbt <1,0,0,0> }
	no_shadow
}

// nucleotide -1

// particle -1
sphere {
	<31.085415, 39.244431, 31.893997> 0.250000
	pigment { color rgbt <1,0,0,0> }
	no_shadow
}
cylinder {
	<31.096315, 38.969063, 32.183918>,  <31.102856, 38.803841, 32.357872>, 0.100000
	pigment { color rgbt <1,0,0,0> }
	no_shadow
}
cylinder {
	<31.096315, 38.969063, 32.183918>,  <31.085415, 39.244431, 31.893997>, 0.100000
	pigment { color rgbt <1,0,0,0> }
	no_shadow
}

// particle -1
sphere {
	<31.096315, 38.969063, 32.183918> 0.100000
	pigment { color rgbt <1,0,0,0> }
	no_shadow
}
sphere {
	0, 1
	scale<0.080000,0.200000,0.300000>
	matrix <0.990724, 0.115166, 0.072133,
		-0.133130, 0.716113, 0.685170,
		0.027253, -0.688418, 0.724802,
		31.104492, 38.762539, 32.401360>
	pigment { color rgbt <0,1,1,0> }
	no_shadow
}
cylinder {
	<31.538639, 39.024693, 32.543358>,  <31.085415, 39.244431, 31.893997>, 0.130000
	pigment { color rgbt <1,0,0,0> }
	no_shadow
}

// nucleotide -1

// particle -1
sphere {
	<31.538639, 39.024693, 32.543358> 0.250000
	pigment { color rgbt <1,0,0,0> }
	no_shadow
}
cylinder {
	<31.890913, 38.895397, 32.404846>,  <32.102276, 38.817822, 32.321739>, 0.100000
	pigment { color rgbt <1,0,0,0> }
	no_shadow
}
cylinder {
	<31.890913, 38.895397, 32.404846>,  <31.538639, 39.024693, 32.543358>, 0.100000
	pigment { color rgbt <1,0,0,0> }
	no_shadow
}

// particle -1
sphere {
	<31.890913, 38.895397, 32.404846> 0.100000
	pigment { color rgbt <1,0,0,0> }
	no_shadow
}
sphere {
	0, 1
	scale<0.080000,0.200000,0.300000>
	matrix <0.313635, 0.945719, -0.085133,
		0.355004, -0.033631, 0.934260,
		0.880684, -0.323239, -0.346282,
		32.155117, 38.798424, 32.300961>
	pigment { color rgbt <0,1,1,0> }
	no_shadow
}
cylinder {
	<31.983772, 39.520985, 32.828747>,  <31.538639, 39.024693, 32.543358>, 0.130000
	pigment { color rgbt <1,0,0,0> }
	no_shadow
}

// nucleotide -1

// particle -1
sphere {
	<31.983772, 39.520985, 32.828747> 0.250000
	pigment { color rgbt <1,0,0,0> }
	no_shadow
}
cylinder {
	<32.222511, 39.317841, 32.580280>,  <32.365753, 39.195953, 32.431198>, 0.100000
	pigment { color rgbt <1,0,0,0> }
	no_shadow
}
cylinder {
	<32.222511, 39.317841, 32.580280>,  <31.983772, 39.520985, 32.828747>, 0.100000
	pigment { color rgbt <1,0,0,0> }
	no_shadow
}

// particle -1
sphere {
	<32.222511, 39.317841, 32.580280> 0.100000
	pigment { color rgbt <1,0,0,0> }
	no_shadow
}
sphere {
	0, 1
	scale<0.080000,0.200000,0.300000>
	matrix <0.506784, 0.838821, -0.198870,
		0.622047, -0.196103, 0.758024,
		0.596848, -0.507861, -0.621168,
		32.401566, 39.165482, 32.393929>
	pigment { color rgbt <0,1,1,0> }
	no_shadow
}
cylinder {
	<32.655003, 39.296162, 33.134628>,  <31.983772, 39.520985, 32.828747>, 0.130000
	pigment { color rgbt <1,0,0,0> }
	no_shadow
}

// nucleotide -1

// particle -1
sphere {
	<32.655003, 39.296162, 33.134628> 0.250000
	pigment { color rgbt <1,0,0,0> }
	no_shadow
}
cylinder {
	<32.676682, 39.349091, 32.738739>,  <32.689690, 39.380848, 32.501205>, 0.100000
	pigment { color rgbt <1,0,0,0> }
	no_shadow
}
cylinder {
	<32.676682, 39.349091, 32.738739>,  <32.655003, 39.296162, 33.134628>, 0.100000
	pigment { color rgbt <1,0,0,0> }
	no_shadow
}

// particle -1
sphere {
	<32.676682, 39.349091, 32.738739> 0.100000
	pigment { color rgbt <1,0,0,0> }
	no_shadow
}
sphere {
	0, 1
	scale<0.080000,0.200000,0.300000>
	matrix <0.684358, 0.716855, 0.133312,
		0.727129, -0.684551, -0.051704,
		0.054195, 0.132319, -0.989725,
		32.692940, 39.388786, 32.441822>
	pigment { color rgbt <0,1,1,0> }
	no_shadow
}
cylinder {
	<33.367386, 39.267830, 32.935551>,  <32.655003, 39.296162, 33.134628>, 0.130000
	pigment { color rgbt <1,0,0,0> }
	no_shadow
}

// nucleotide -1

// particle -1
sphere {
	<33.367386, 39.267830, 32.935551> 0.250000
	pigment { color rgbt <1,0,0,0> }
	no_shadow
}
cylinder {
	<33.151245, 39.483372, 32.677044>,  <33.021561, 39.612698, 32.521942>, 0.100000
	pigment { color rgbt <1,0,0,0> }
	no_shadow
}
cylinder {
	<33.151245, 39.483372, 32.677044>,  <33.367386, 39.267830, 32.935551>, 0.100000
	pigment { color rgbt <1,0,0,0> }
	no_shadow
}

// particle -1
sphere {
	<33.151245, 39.483372, 32.677044> 0.100000
	pigment { color rgbt <1,0,0,0> }
	no_shadow
}
sphere {
	0, 1
	scale<0.080000,0.200000,0.300000>
	matrix <0.699853, 0.714212, 0.010357,
		0.467151, -0.446693, -0.763043,
		-0.540348, 0.538856, -0.646265,
		32.989140, 39.645027, 32.483166>
	pigment { color rgbt <0,1,1,0> }
	no_shadow
}
cylinder {
	<33.828224, 39.554592, 32.563061>,  <33.367386, 39.267830, 32.935551>, 0.130000
	pigment { color rgbt <1,0,0,0> }
	no_shadow
}

// nucleotide -1

// particle -1
sphere {
	<33.828224, 39.554592, 32.563061> 0.250000
	pigment { color rgbt <1,0,0,0> }
	no_shadow
}
cylinder {
	<33.504456, 39.780689, 32.499382>,  <33.310196, 39.916348, 32.461174>, 0.100000
	pigment { color rgbt <1,0,0,0> }
	no_shadow
}
cylinder {
	<33.504456, 39.780689, 32.499382>,  <33.828224, 39.554592, 32.563061>, 0.100000
	pigment { color rgbt <1,0,0,0> }
	no_shadow
}

// particle -1
sphere {
	<33.504456, 39.780689, 32.499382> 0.100000
	pigment { color rgbt <1,0,0,0> }
	no_shadow
}
sphere {
	0, 1
	scale<0.080000,0.200000,0.300000>
	matrix <0.553721, 0.824919, 0.113590,
		0.195528, 0.003793, -0.980691,
		-0.809421, 0.565239, -0.159195,
		33.261631, 39.950260, 32.451622>
	pigment { color rgbt <0,1,1,0> }
	no_shadow
}
cylinder {
	<34.022938, 40.077225, 32.118885>,  <33.828224, 39.554592, 32.563061>, 0.130000
	pigment { color rgbt <1,0,0,0> }
	no_shadow
}

// nucleotide -1

// particle -1
sphere {
	<34.022938, 40.077225, 32.118885> 0.250000
	pigment { color rgbt <1,0,0,0> }
	no_shadow
}
cylinder {
	<33.721539, 40.216824, 32.341755>,  <33.540699, 40.300583, 32.475475>, 0.100000
	pigment { color rgbt <1,0,0,0> }
	no_shadow
}
cylinder {
	<33.721539, 40.216824, 32.341755>,  <34.022938, 40.077225, 32.118885>, 0.100000
	pigment { color rgbt <1,0,0,0> }
	no_shadow
}

// particle -1
sphere {
	<33.721539, 40.216824, 32.341755> 0.100000
	pigment { color rgbt <1,0,0,0> }
	no_shadow
}
sphere {
	0, 1
	scale<0.080000,0.200000,0.300000>
	matrix <0.516087, 0.839004, 0.172413,
		-0.407299, 0.417463, -0.812300,
		-0.753499, 0.348994, 0.557173,
		33.495487, 40.321522, 32.508907>
	pigment { color rgbt <0,1,1,0> }
	no_shadow
}
cylinder {
	<33.722504, 39.841866, 31.492556>,  <34.022938, 40.077225, 32.118885>, 0.130000
	pigment { color rgbt <1,0,0,0> }
	no_shadow
}

// nucleotide -1

// particle -1
sphere {
	<33.722504, 39.841866, 31.492556> 0.250000
	pigment { color rgbt <1,0,0,0> }
	no_shadow
}
cylinder {
	<33.411400, 40.093029, 31.481146>,  <33.224739, 40.243729, 31.474300>, 0.100000
	pigment { color rgbt <1,0,0,0> }
	no_shadow
}
cylinder {
	<33.411400, 40.093029, 31.481146>,  <33.722504, 39.841866, 31.492556>, 0.100000
	pigment { color rgbt <1,0,0,0> }
	no_shadow
}

// particle -1
sphere {
	<33.411400, 40.093029, 31.481146> 0.100000
	pigment { color rgbt <1,0,0,0> }
	no_shadow
}
sphere {
	0, 1
	scale<0.080000,0.200000,0.300000>
	matrix <0.481812, 0.624710, 0.614487,
		0.403666, 0.464180, -0.788411,
		-0.777760, 0.627913, -0.028526,
		33.178070, 40.281403, 31.472588>
	pigment { color rgbt <0,1,1,0> }
	no_shadow
}
cylinder {
	<33.941570, 40.492592, 31.349916>,  <33.722504, 39.841866, 31.492556>, 0.130000
	pigment { color rgbt <1,0,0,0> }
	no_shadow
}

// nucleotide -1

// particle -1
sphere {
	<33.941570, 40.492592, 31.349916> 0.250000
	pigment { color rgbt <1,0,0,0> }
	no_shadow
}
cylinder {
	<33.614330, 40.590332, 31.558146>,  <33.417984, 40.648975, 31.683083>, 0.100000
	pigment { color rgbt <1,0,0,0> }
	no_shadow
}
cylinder {
	<33.614330, 40.590332, 31.558146>,  <33.941570, 40.492592, 31.349916>, 0.100000
	pigment { color rgbt <1,0,0,0> }
	no_shadow
}

// particle -1
sphere {
	<33.614330, 40.590332, 31.558146> 0.100000
	pigment { color rgbt <1,0,0,0> }
	no_shadow
}
sphere {
	0, 1
	scale<0.080000,0.200000,0.300000>
	matrix <0.468241, 0.808566, 0.356330,
		-0.333849, 0.535270, -0.775907,
		-0.818105, 0.244351, 0.520574,
		33.368900, 40.663639, 31.714317>
	pigment { color rgbt <0,1,1,0> }
	no_shadow
}
cylinder {
	<33.657810, 41.093937, 31.187410>,  <33.941570, 40.492592, 31.349916>, 0.130000
	pigment { color rgbt <1,0,0,0> }
	no_shadow
}

// nucleotide -1

// particle -1
sphere {
	<33.657810, 41.093937, 31.187410> 0.250000
	pigment { color rgbt <1,0,0,0> }
	no_shadow
}
cylinder {
	<33.569595, 41.038639, 31.573622>,  <33.516666, 41.005459, 31.805349>, 0.100000
	pigment { color rgbt <1,0,0,0> }
	no_shadow
}
cylinder {
	<33.569595, 41.038639, 31.573622>,  <33.657810, 41.093937, 31.187410>, 0.100000
	pigment { color rgbt <1,0,0,0> }
	no_shadow
}

// particle -1
sphere {
	<33.569595, 41.038639, 31.573622> 0.100000
	pigment { color rgbt <1,0,0,0> }
	no_shadow
}
sphere {
	0, 1
	scale<0.080000,0.200000,0.300000>
	matrix <0.576799, 0.779782, 0.243399,
		-0.786553, 0.610597, -0.092233,
		-0.220541, -0.138246, 0.965531,
		33.503433, 40.997166, 31.863281>
	pigment { color rgbt <0,1,1,0> }
	no_shadow
}
cylinder {
	<33.470535, 41.813419, 31.456898>,  <33.657810, 41.093937, 31.187410>, 0.130000
	pigment { color rgbt <1,0,0,0> }
	no_shadow
}

// nucleotide -1

// particle -1
sphere {
	<33.470535, 41.813419, 31.456898> 0.250000
	pigment { color rgbt <1,0,0,0> }
	no_shadow
}
cylinder {
	<33.558285, 41.576813, 31.767248>,  <33.610935, 41.434849, 31.953459>, 0.100000
	pigment { color rgbt <1,0,0,0> }
	no_shadow
}
cylinder {
	<33.558285, 41.576813, 31.767248>,  <33.470535, 41.813419, 31.456898>, 0.100000
	pigment { color rgbt <1,0,0,0> }
	no_shadow
}

// particle -1
sphere {
	<33.558285, 41.576813, 31.767248> 0.100000
	pigment { color rgbt <1,0,0,0> }
	no_shadow
}
sphere {
	0, 1
	scale<0.080000,0.200000,0.300000>
	matrix <0.546678, 0.733204, 0.404419,
		-0.808096, 0.335437, 0.484213,
		0.219370, -0.591518, 0.775876,
		33.624096, 41.399357, 32.000011>
	pigment { color rgbt <0,1,1,0> }
	no_shadow
}
cylinder {
	<33.312489, 42.153603, 32.122375>,  <33.470535, 41.813419, 31.456898>, 0.130000
	pigment { color rgbt <1,0,0,0> }
	no_shadow
}

// nucleotide -1

// particle -1
sphere {
	<33.312489, 42.153603, 32.122375> 0.250000
	pigment { color rgbt <1,0,0,0> }
	no_shadow
}
cylinder {
	<33.614601, 41.892078, 32.140621>,  <33.795868, 41.735165, 32.151569>, 0.100000
	pigment { color rgbt <1,0,0,0> }
	no_shadow
}
cylinder {
	<33.614601, 41.892078, 32.140621>,  <33.312489, 42.153603, 32.122375>, 0.100000
	pigment { color rgbt <1,0,0,0> }
	no_shadow
}

// particle -1
sphere {
	<33.614601, 41.892078, 32.140621> 0.100000
	pigment { color rgbt <1,0,0,0> }
	no_shadow
}
sphere {
	0, 1
	scale<0.080000,0.200000,0.300000>
	matrix <0.565109, 0.684901, 0.459960,
		-0.331970, -0.321621, 0.886767,
		0.755280, -0.653813, 0.045615,
		33.841187, 41.695934, 32.154305>
	pigment { color rgbt <0,1,1,0> }
	no_shadow
}
cylinder {
	<33.980450, 42.592712, 31.891521>,  <33.312489, 42.153603, 32.122375>, 0.130000
	pigment { color rgbt <1,0,0,0> }
	no_shadow
}

// nucleotide -1

// particle -1
sphere {
	<33.980450, 42.592712, 31.891521> 0.250000
	pigment { color rgbt <1,0,0,0> }
	no_shadow
}
cylinder {
	<33.976799, 42.842422, 31.579062>,  <33.974609, 42.992249, 31.391584>, 0.100000
	pigment { color rgbt <1,0,0,0> }
	no_shadow
}
cylinder {
	<33.976799, 42.842422, 31.579062>,  <33.980450, 42.592712, 31.891521>, 0.100000
	pigment { color rgbt <1,0,0,0> }
	no_shadow
}

// particle -1
sphere {
	<33.976799, 42.842422, 31.579062> 0.100000
	pigment { color rgbt <1,0,0,0> }
	no_shadow
}
sphere {
	0, 1
	scale<0.080000,0.200000,0.300000>
	matrix <0.370782, -0.723385, -0.582439,
		-0.928675, -0.294952, -0.224869,
		-0.009125, 0.624274, -0.781152,
		33.974060, 43.029705, 31.344715>
	pigment { color rgbt <0,1,1,0> }
	no_shadow
}
cylinder {
	<34.016178, 42.529694, 32.663925>,  <33.980450, 42.592712, 31.891521>, 0.130000
	pigment { color rgbt <1,0,0,0> }
	no_shadow
}

// nucleotide -1

// particle -1
sphere {
	<34.016178, 42.529694, 32.663925> 0.250000
	pigment { color rgbt <1,0,0,0> }
	no_shadow
}
cylinder {
	<33.902046, 42.280544, 32.955296>,  <33.833565, 42.131054, 33.130119>, 0.100000
	pigment { color rgbt <1,0,0,0> }
	no_shadow
}
cylinder {
	<33.902046, 42.280544, 32.955296>,  <34.016178, 42.529694, 32.663925>, 0.100000
	pigment { color rgbt <1,0,0,0> }
	no_shadow
}

// particle -1
sphere {
	<33.902046, 42.280544, 32.955296> 0.100000
	pigment { color rgbt <1,0,0,0> }
	no_shadow
}
sphere {
	0, 1
	scale<0.080000,0.200000,0.300000>
	matrix <-0.140271, -0.724702, -0.674634,
		0.948108, -0.294673, 0.119410,
		-0.285333, -0.622876, 0.728430,
		33.816444, 42.093681, 33.173824>
	pigment { color rgbt <0,1,1,0> }
	no_shadow
}
cylinder {
	<34.368977, 41.847805, 32.585594>,  <34.016178, 42.529694, 32.663925>, 0.130000
	pigment { color rgbt <1,0,0,0> }
	no_shadow
}

// nucleotide -1

// particle -1
sphere {
	<34.368977, 41.847805, 32.585594> 0.250000
	pigment { color rgbt <1,0,0,0> }
	no_shadow
}
cylinder {
	<34.038658, 41.783672, 32.801872>,  <33.840466, 41.745193, 32.931637>, 0.100000
	pigment { color rgbt <1,0,0,0> }
	no_shadow
}
cylinder {
	<34.038658, 41.783672, 32.801872>,  <34.368977, 41.847805, 32.585594>, 0.100000
	pigment { color rgbt <1,0,0,0> }
	no_shadow
}

// particle -1
sphere {
	<34.038658, 41.783672, 32.801872> 0.100000
	pigment { color rgbt <1,0,0,0> }
	no_shadow
}
sphere {
	0, 1
	scale<0.080000,0.200000,0.300000>
	matrix <-0.179797, -0.833861, -0.521870,
		0.534536, -0.528175, 0.659774,
		-0.825799, -0.160333, 0.540693,
		33.790916, 41.735573, 32.964081>
	pigment { color rgbt <0,1,1,0> }
	no_shadow
}
cylinder {
	<34.430244, 41.184044, 32.677502>,  <34.368977, 41.847805, 32.585594>, 0.130000
	pigment { color rgbt <1,0,0,0> }
	no_shadow
}

// nucleotide -1

// particle -1
sphere {
	<34.430244, 41.184044, 32.677502> 0.250000
	pigment { color rgbt <1,0,0,0> }
	no_shadow
}
cylinder {
	<34.063946, 41.344608, 32.670769>,  <33.844166, 41.440945, 32.666729>, 0.100000
	pigment { color rgbt <1,0,0,0> }
	no_shadow
}
cylinder {
	<34.063946, 41.344608, 32.670769>,  <34.430244, 41.184044, 32.677502>, 0.100000
	pigment { color rgbt <1,0,0,0> }
	no_shadow
}

// particle -1
sphere {
	<34.063946, 41.344608, 32.670769> 0.100000
	pigment { color rgbt <1,0,0,0> }
	no_shadow
}
sphere {
	0, 1
	scale<0.080000,0.200000,0.300000>
	matrix <-0.338875, -0.794241, -0.504327,
