// switches for output
#declare DRAW_BASES = 1; // possible values are 0, 1; only relevant for DNA ribbons
#declare DRAW_BASES_TYPE = 3; // possible values are 1, 2, 3; only relevant for DNA ribbons
#declare DRAW_FOG = 0; // set to 1 to enable fog

#include "colors.inc"

#include "transforms.inc"
background { rgb <1, 1, 1>}

#default {
   normal{
       ripples 0.25
       frequency 0.20
       turbulence 0.2
       lambda 5
   }
	finish {
		phong 0.1
		phong_size 40.
	}
}

// original window dimensions: 1024x640


// camera settings

camera {
	sky <0, 0.179814, -0.983701>
	up <0, 0.179814, -0.983701>
	right 1.6 * <1, 0, 0>
	location <35, 94.9851, 44.8844>
	look_at <35, 29.7336, 32.9568>
	direction <0, -65.2515, -11.9276>
	angle 67.0682
}


# declare cpy_camera_pos = <35, 94.9851, 44.8844>;
# if (DRAW_FOG = 1)
fog {
	fog_type 2
	up vnormalize(cpy_camera_pos)
	color rgbt<1,1,1,0.3>
	distance 1e-5
	fog_alt 3e-3
	fog_offset 56
}
# end


// LIGHTS

# declare lum = 6;
global_settings {
	ambient_light rgb lum * <0.05, 0.05, 0.05>
	max_trace_level 15
}# declare cpy_direct_light_amount = 0.25;
light_source
{	1000 * <-1, -1.16352, -0.803886>,
	rgb lum * cpy_direct_light_amount
	parallel
}

light_source
{	1000 * <1, 1.16352, 0.803886>,
	rgb lum * cpy_direct_light_amount
	parallel
}

// strand 0

// nucleotide -1

// particle -1
sphere {
	<24.674368, 35.266624, 35.269829> 0.250000
	pigment { color rgbt <1,0,0,0> }
	no_shadow
}
cylinder {
	<24.480822, 35.214081, 34.923737>,  <24.364695, 35.182556, 34.716084>, 0.100000
	pigment { color rgbt <1,0,0,0> }
	no_shadow
}
cylinder {
	<24.480822, 35.214081, 34.923737>,  <24.674368, 35.266624, 35.269829>, 0.100000
	pigment { color rgbt <1,0,0,0> }
	no_shadow
}

// particle -1
sphere {
	<24.480822, 35.214081, 34.923737> 0.100000
	pigment { color rgbt <1,0,0,0> }
	no_shadow
}
sphere {
	0, 1
	scale<0.080000,0.200000,0.300000>
	matrix <0.853099, -0.291301, -0.432857,
		-0.195183, -0.947570, 0.253010,
		-0.483865, -0.131356, -0.865228,
		24.335663, 35.174675, 34.664169>
	pigment { color rgbt <0,1,1,0> }
	no_shadow
}
cylinder {
	<25.129892, 35.087261, 34.660172>,  <24.674368, 35.266624, 35.269829>, 0.130000
	pigment { color rgbt <1,0,0,0> }
	no_shadow
}

// nucleotide -1

// particle -1
sphere {
	<25.129892, 35.087261, 34.660172> 0.250000
	pigment { color rgbt <1,0,0,0> }
	no_shadow
}
cylinder {
	<25.455856, 35.138008, 34.886387>,  <25.651434, 35.168457, 35.022114>, 0.100000
	pigment { color rgbt <1,0,0,0> }
	no_shadow
}
cylinder {
	<25.455856, 35.138008, 34.886387>,  <25.129892, 35.087261, 34.660172>, 0.100000
	pigment { color rgbt <1,0,0,0> }
	no_shadow
}

// particle -1
sphere {
	<25.455856, 35.138008, 34.886387> 0.100000
	pigment { color rgbt <1,0,0,0> }
	no_shadow
}
sphere {
	0, 1
	scale<0.080000,0.200000,0.300000>
	matrix <0.475607, -0.704025, -0.527396,
		0.331245, 0.698752, -0.634052,
		0.814908, 0.126863, 0.565536,
		25.700329, 35.176067, 35.056049>
	pigment { color rgbt <0,1,1,0> }
	no_shadow
}
cylinder {
	<25.834625, 35.193096, 34.236481>,  <25.129892, 35.087261, 34.660172>, 0.130000
	pigment { color rgbt <1,0,0,0> }
	no_shadow
}

// nucleotide -1

// particle -1
sphere {
	<25.834625, 35.193096, 34.236481> 0.250000
	pigment { color rgbt <1,0,0,0> }
	no_shadow
}
cylinder {
	<25.984295, 35.049076, 34.578323>,  <26.074097, 34.962662, 34.783428>, 0.100000
	pigment { color rgbt <1,0,0,0> }
	no_shadow
}
cylinder {
	<25.984295, 35.049076, 34.578323>,  <25.834625, 35.193096, 34.236481>, 0.100000
	pigment { color rgbt <1,0,0,0> }
	no_shadow
}

// particle -1
sphere {
	<25.984295, 35.049076, 34.578323> 0.100000
	pigment { color rgbt <1,0,0,0> }
	no_shadow
}
sphere {
	0, 1
	scale<0.080000,0.200000,0.300000>
	matrix <0.440642, -0.741844, -0.505473,
		0.815983, 0.565711, -0.118924,
		0.374175, -0.360054, 0.854608,
		26.096548, 34.941059, 34.834705>
	pigment { color rgbt <0,1,1,0> }
	no_shadow
}
cylinder {
	<26.537172, 35.148655, 34.274300>,  <25.834625, 35.193096, 34.236481>, 0.130000
	pigment { color rgbt <1,0,0,0> }
	no_shadow
}

// nucleotide -1

// particle -1
sphere {
	<26.537172, 35.148655, 34.274300> 0.250000
	pigment { color rgbt <1,0,0,0> }
	no_shadow
}
cylinder {
	<26.429462, 34.851349, 34.519268>,  <26.364836, 34.672966, 34.666248>, 0.100000
	pigment { color rgbt <1,0,0,0> }
	no_shadow
}
cylinder {
	<26.429462, 34.851349, 34.519268>,  <26.537172, 35.148655, 34.274300>, 0.100000
	pigment { color rgbt <1,0,0,0> }
	no_shadow
}

// particle -1
sphere {
	<26.429462, 34.851349, 34.519268> 0.100000
	pigment { color rgbt <1,0,0,0> }
	no_shadow
}
sphere {
	0, 1
	scale<0.080000,0.200000,0.300000>
	matrix <0.493326, -0.652593, -0.575110,
		0.827116, 0.147258, 0.542397,
		-0.269275, -0.743261, 0.612416,
		26.348680, 34.628372, 34.702991>
	pigment { color rgbt <0,1,1,0> }
	no_shadow
}
cylinder {
	<27.141916, 34.909321, 34.654179>,  <26.537172, 35.148655, 34.274300>, 0.130000
	pigment { color rgbt <1,0,0,0> }
	no_shadow
}

// nucleotide -1

// particle -1
sphere {
	<27.141916, 34.909321, 34.654179> 0.250000
	pigment { color rgbt <1,0,0,0> }
	no_shadow
}
cylinder {
	<26.834698, 34.676449, 34.547470>,  <26.650368, 34.536724, 34.483444>, 0.100000
	pigment { color rgbt <1,0,0,0> }
	no_shadow
}
cylinder {
	<26.834698, 34.676449, 34.547470>,  <27.141916, 34.909321, 34.654179>, 0.100000
	pigment { color rgbt <1,0,0,0> }
	no_shadow
}

// particle -1
sphere {
	<26.834698, 34.676449, 34.547470> 0.100000
	pigment { color rgbt <1,0,0,0> }
	no_shadow
}
sphere {
	0, 1
	scale<0.080000,0.200000,0.300000>
	matrix <0.621694, -0.577897, -0.528708,
		0.153637, -0.571923, 0.805791,
		-0.768044, -0.582185, -0.266775,
		26.604284, 34.501793, 34.467438>
	pigment { color rgbt <0,1,1,0> }
	no_shadow
}
cylinder {
	<27.088696, 34.200932, 34.970387>,  <27.141916, 34.909321, 34.654179>, 0.130000
	pigment { color rgbt <1,0,0,0> }
	no_shadow
}

// nucleotide -1

// particle -1
sphere {
	<27.088696, 34.200932, 34.970387> 0.250000
	pigment { color rgbt <1,0,0,0> }
	no_shadow
}
cylinder {
	<26.966244, 34.240379, 34.591640>,  <26.892773, 34.264046, 34.364391>, 0.100000
	pigment { color rgbt <1,0,0,0> }
	no_shadow
}
cylinder {
	<26.966244, 34.240379, 34.591640>,  <27.088696, 34.200932, 34.970387>, 0.100000
	pigment { color rgbt <1,0,0,0> }
	no_shadow
}

// particle -1
sphere {
	<26.966244, 34.240379, 34.591640> 0.100000
	pigment { color rgbt <1,0,0,0> }
	no_shadow
}
sphere {
	0, 1
	scale<0.080000,0.200000,0.300000>
	matrix <0.750882, -0.586395, -0.303837,
		-0.585198, -0.804001, 0.105475,
		-0.306136, 0.098605, -0.946867,
		26.874405, 34.269962, 34.307579>
	pigment { color rgbt <0,1,1,0> }
	no_shadow
}
cylinder {
	<26.974781, 33.574223, 34.689301>,  <27.088696, 34.200932, 34.970387>, 0.130000
	pigment { color rgbt <1,0,0,0> }
	no_shadow
}

// nucleotide -1

// particle -1
sphere {
	<26.974781, 33.574223, 34.689301> 0.250000
	pigment { color rgbt <1,0,0,0> }
	no_shadow
}
cylinder {
	<27.048485, 33.824337, 34.385971>,  <27.092707, 33.974407, 34.203972>, 0.100000
	pigment { color rgbt <1,0,0,0> }
	no_shadow
}
cylinder {
	<27.048485, 33.824337, 34.385971>,  <26.974781, 33.574223, 34.689301>, 0.100000
	pigment { color rgbt <1,0,0,0> }
	no_shadow
}

// particle -1
sphere {
	<27.048485, 33.824337, 34.385971> 0.100000
	pigment { color rgbt <1,0,0,0> }
	no_shadow
}
sphere {
	0, 1
	scale<0.080000,0.200000,0.300000>
	matrix <0.750075, -0.588050, -0.302630,
		-0.635166, -0.513039, -0.577370,
		0.184261, 0.625291, -0.758327,
		27.103764, 34.011925, 34.158474>
	pigment { color rgbt <0,1,1,0> }
	no_shadow
}
cylinder {
	<26.801395, 33.286400, 34.068573>,  <26.974781, 33.574223, 34.689301>, 0.130000
	pigment { color rgbt <1,0,0,0> }
	no_shadow
}

// nucleotide -1

// particle -1
sphere {
	<26.801395, 33.286400, 34.068573> 0.250000
	pigment { color rgbt <1,0,0,0> }
	no_shadow
}
cylinder {
	<27.113766, 33.535622, 34.050854>,  <27.301188, 33.685154, 34.040222>, 0.100000
	pigment { color rgbt <1,0,0,0> }
	no_shadow
}
cylinder {
	<27.113766, 33.535622, 34.050854>,  <26.801395, 33.286400, 34.068573>, 0.100000
	pigment { color rgbt <1,0,0,0> }
	no_shadow
}

// particle -1
sphere {
	<27.113766, 33.535622, 34.050854> 0.100000
	pigment { color rgbt <1,0,0,0> }
	no_shadow
}
sphere {
	0, 1
	scale<0.080000,0.200000,0.300000>
	matrix <0.603338, -0.770768, -0.204693,
		-0.161677, 0.133124, -0.977823,
		0.780925, 0.623052, -0.044296,
		27.348043, 33.722538, 34.037563>
	pigment { color rgbt <0,1,1,0> }
	no_shadow
}
cylinder {
	<27.183315, 32.921982, 33.565109>,  <26.801395, 33.286400, 34.068573>, 0.130000
	pigment { color rgbt <1,0,0,0> }
	no_shadow
}

// nucleotide -1

// particle -1
sphere {
	<27.183315, 32.921982, 33.565109> 0.250000
	pigment { color rgbt <1,0,0,0> }
	no_shadow
}
cylinder {
	<27.427675, 33.186302, 33.739529>,  <27.574291, 33.344894, 33.844181>, 0.100000
	pigment { color rgbt <1,0,0,0> }
	no_shadow
}
cylinder {
	<27.427675, 33.186302, 33.739529>,  <27.183315, 32.921982, 33.565109>, 0.100000
	pigment { color rgbt <1,0,0,0> }
	no_shadow
}

// particle -1
sphere {
	<27.427675, 33.186302, 33.739529> 0.100000
	pigment { color rgbt <1,0,0,0> }
	no_shadow
}
sphere {
	0, 1
	scale<0.080000,0.200000,0.300000>
	matrix <0.776783, -0.606715, -0.168831,
		0.152994, 0.441856, -0.883944,
		0.610901, 0.660803, 0.436050,
		27.610945, 33.384544, 33.870342>
	pigment { color rgbt <0,1,1,0> }
	no_shadow
}
cylinder {
	<27.756411, 33.038364, 33.069992>,  <27.183315, 32.921982, 33.565109>, 0.130000
	pigment { color rgbt <1,0,0,0> }
	no_shadow
}

// nucleotide -1

// particle -1
sphere {
	<27.756411, 33.038364, 33.069992> 0.250000
	pigment { color rgbt <1,0,0,0> }
	no_shadow
}
cylinder {
	<27.846315, 33.149212, 33.443665>,  <27.900259, 33.215721, 33.667866>, 0.100000
	pigment { color rgbt <1,0,0,0> }
	no_shadow
}
cylinder {
	<27.846315, 33.149212, 33.443665>,  <27.756411, 33.038364, 33.069992>, 0.100000
	pigment { color rgbt <1,0,0,0> }
	no_shadow
}

// particle -1
sphere {
	<27.846315, 33.149212, 33.443665> 0.100000
	pigment { color rgbt <1,0,0,0> }
	no_shadow
}
sphere {
	0, 1
	scale<0.080000,0.200000,0.300000>
	matrix <0.935196, -0.330599, -0.126937,
		0.273662, 0.902170, -0.333465,
		0.224762, 0.277117, 0.934178,
		27.913744, 33.232346, 33.723919>
	pigment { color rgbt <0,1,1,0> }
	no_shadow
}
cylinder {
	<28.389675, 33.416302, 33.021942>,  <27.756411, 33.038364, 33.069992>, 0.130000
	pigment { color rgbt <1,0,0,0> }
	no_shadow
}

// nucleotide -1

// particle -1
sphere {
	<28.389675, 33.416302, 33.021942> 0.250000
	pigment { color rgbt <1,0,0,0> }
	no_shadow
}
cylinder {
	<28.375984, 33.294945, 33.402843>,  <28.367769, 33.222130, 33.631382>, 0.100000
	pigment { color rgbt <1,0,0,0> }
	no_shadow
}
cylinder {
	<28.375984, 33.294945, 33.402843>,  <28.389675, 33.416302, 33.021942>, 0.100000
	pigment { color rgbt <1,0,0,0> }
	no_shadow
}

// particle -1
sphere {
	<28.375984, 33.294945, 33.402843> 0.100000
	pigment { color rgbt <1,0,0,0> }
	no_shadow
}
sphere {
	0, 1
	scale<0.080000,0.200000,0.300000>
	matrix <0.976123, -0.214651, -0.033305,
		0.214506, 0.928374, 0.303496,
		-0.034226, -0.303393, 0.952251,
		28.365717, 33.203926, 33.688519>
	pigment { color rgbt <0,1,1,0> }
	no_shadow
}
cylinder {
	<28.824688, 33.912548, 33.498680>,  <28.389675, 33.416302, 33.021942>, 0.130000
	pigment { color rgbt <1,0,0,0> }
	no_shadow
}

// nucleotide -1

// particle -1
sphere {
	<28.824688, 33.912548, 33.498680> 0.250000
	pigment { color rgbt <1,0,0,0> }
	no_shadow
}
cylinder {
	<28.808014, 33.536739, 33.634663>,  <28.798010, 33.311256, 33.716251>, 0.100000
	pigment { color rgbt <1,0,0,0> }
	no_shadow
}
cylinder {
	<28.808014, 33.536739, 33.634663>,  <28.824688, 33.912548, 33.498680>, 0.100000
	pigment { color rgbt <1,0,0,0> }
	no_shadow
}

// particle -1
sphere {
	<28.808014, 33.536739, 33.634663> 0.100000
	pigment { color rgbt <1,0,0,0> }
	no_shadow
}
sphere {
	0, 1
	scale<0.080000,0.200000,0.300000>
	matrix <0.997093, -0.060837, -0.045867,
		0.063775, 0.337054, 0.939323,
		-0.041686, -0.939518, 0.339954,
		28.795507, 33.254883, 33.736649>
	pigment { color rgbt <0,1,1,0> }
	no_shadow
}
cylinder {
	<29.318796, 34.410492, 33.370983>,  <28.824688, 33.912548, 33.498680>, 0.130000
	pigment { color rgbt <1,0,0,0> }
	no_shadow
}

// nucleotide -1

// particle -1
sphere {
	<29.318796, 34.410492, 33.370983> 0.250000
	pigment { color rgbt <1,0,0,0> }
	no_shadow
}
cylinder {
	<29.231808, 34.394817, 33.761097>,  <29.179615, 34.385414, 33.995163>, 0.100000
	pigment { color rgbt <1,0,0,0> }
	no_shadow
}
cylinder {
	<29.231808, 34.394817, 33.761097>,  <29.318796, 34.410492, 33.370983>, 0.100000
	pigment { color rgbt <1,0,0,0> }
	no_shadow
}

// particle -1
sphere {
	<29.231808, 34.394817, 33.761097> 0.100000
	pigment { color rgbt <1,0,0,0> }
	no_shadow
}
sphere {
	0, 1
	scale<0.080000,0.200000,0.300000>
	matrix <0.460991, 0.876607, 0.138012,
		-0.860345, 0.479609, -0.172571,
		-0.217469, -0.039184, 0.975280,
		29.166567, 34.383060, 34.053680>
	pigment { color rgbt <0,1,1,0> }
	no_shadow
}
cylinder {
	<28.992849, 34.974220, 33.636417>,  <29.318796, 34.410492, 33.370983>, 0.130000
	pigment { color rgbt <1,0,0,0> }
	no_shadow
}

// nucleotide -1

// particle -1
sphere {
	<28.992849, 34.974220, 33.636417> 0.250000
	pigment { color rgbt <1,0,0,0> }
	no_shadow
}
cylinder {
	<29.184887, 34.833965, 33.958054>,  <29.300110, 34.749813, 34.151035>, 0.100000
	pigment { color rgbt <1,0,0,0> }
	no_shadow
}
cylinder {
	<29.184887, 34.833965, 33.958054>,  <28.992849, 34.974220, 33.636417>, 0.100000
	pigment { color rgbt <1,0,0,0> }
	no_shadow
}

// particle -1
sphere {
	<29.184887, 34.833965, 33.958054> 0.100000
	pigment { color rgbt <1,0,0,0> }
	no_shadow
}
sphere {
	0, 1
	scale<0.080000,0.200000,0.300000>
	matrix <0.302591, 0.926573, 0.223385,
		-0.823377, 0.136065, 0.550942,
		0.480094, -0.350640, 0.804091,
		29.328915, 34.728775, 34.199280>
	pigment { color rgbt <0,1,1,0> }
	no_shadow
}
cylinder {
	<29.170448, 35.483047, 34.100956>,  <28.992849, 34.974220, 33.636417>, 0.130000
	pigment { color rgbt <1,0,0,0> }
	no_shadow
}

// nucleotide -1

// particle -1
sphere {
	<29.170448, 35.483047, 34.100956> 0.250000
	pigment { color rgbt <1,0,0,0> }
	no_shadow
}
cylinder {
	<29.444706, 35.221241, 34.228394>,  <29.609261, 35.064156, 34.304855>, 0.100000
	pigment { color rgbt <1,0,0,0> }
	no_shadow
}
cylinder {
	<29.444706, 35.221241, 34.228394>,  <29.170448, 35.483047, 34.100956>, 0.100000
	pigment { color rgbt <1,0,0,0> }
	no_shadow
}

// particle -1
sphere {
	<29.444706, 35.221241, 34.228394> 0.100000
	pigment { color rgbt <1,0,0,0> }
	no_shadow
}
sphere {
	0, 1
	scale<0.080000,0.200000,0.300000>
	matrix <0.564313, 0.754384, 0.335344,
		-0.459829, -0.050140, 0.886591,
		0.685644, -0.654516, 0.318593,
		29.650398, 35.024887, 34.323971>
	pigment { color rgbt <0,1,1,0> }
	no_shadow
}
cylinder {
	<29.238600, 35.762341, 34.813015>,  <29.170448, 35.483047, 34.100956>, 0.130000
	pigment { color rgbt <1,0,0,0> }
	no_shadow
}

// nucleotide -1

// particle -1
sphere {
	<29.238600, 35.762341, 34.813015> 0.250000
	pigment { color rgbt <1,0,0,0> }
	no_shadow
}
cylinder {
	<29.557955, 35.547798, 34.703548>,  <29.749569, 35.419071, 34.637867>, 0.100000
	pigment { color rgbt <1,0,0,0> }
	no_shadow
}
cylinder {
	<29.557955, 35.547798, 34.703548>,  <29.238600, 35.762341, 34.813015>, 0.100000
	pigment { color rgbt <1,0,0,0> }
	no_shadow
}

// particle -1
sphere {
	<29.557955, 35.547798, 34.703548> 0.100000
	pigment { color rgbt <1,0,0,0> }
	no_shadow
}
sphere {
	0, 1
	scale<0.080000,0.200000,0.300000>
	matrix <0.594175, 0.628075, 0.502471,
		-0.097622, -0.563773, 0.820140,
		0.798389, -0.536360, -0.273666,
		29.797472, 35.386890, 34.621449>
	pigment { color rgbt <0,1,1,0> }
	no_shadow
}
cylinder {
	<29.766211, 35.548306, 35.343273>,  <29.238600, 35.762341, 34.813015>, 0.130000
	pigment { color rgbt <1,0,0,0> }
	no_shadow
}

// nucleotide -1

// particle -1
sphere {
	<29.766211, 35.548306, 35.343273> 0.250000
	pigment { color rgbt <1,0,0,0> }
	no_shadow
}
cylinder {
	<29.974781, 35.596184, 35.005329>,  <30.099924, 35.624912, 34.802563>, 0.100000
	pigment { color rgbt <1,0,0,0> }
	no_shadow
}
cylinder {
	<29.974781, 35.596184, 35.005329>,  <29.766211, 35.548306, 35.343273>, 0.100000
	pigment { color rgbt <1,0,0,0> }
	no_shadow
}

// particle -1
sphere {
	<29.974781, 35.596184, 35.005329> 0.100000
	pigment { color rgbt <1,0,0,0> }
	no_shadow
}
sphere {
	0, 1
	scale<0.080000,0.200000,0.300000>
	matrix <0.722336, 0.465170, 0.511710,
		0.454248, -0.877093, 0.156098,
		0.521430, 0.119688, -0.844859,
		30.131208, 35.632092, 34.751873>
	pigment { color rgbt <0,1,1,0> }
	no_shadow
}
cylinder {
	<30.423586, 35.178478, 35.312061>,  <29.766211, 35.548306, 35.343273>, 0.130000
	pigment { color rgbt <1,0,0,0> }
	no_shadow
}

// nucleotide -1

// particle -1
sphere {
	<30.423586, 35.178478, 35.312061> 0.250000
	pigment { color rgbt <1,0,0,0> }
	no_shadow
}
cylinder {
	<30.402485, 35.522541, 35.109142>,  <30.389824, 35.728977, 34.987389>, 0.100000
	pigment { color rgbt <1,0,0,0> }
	no_shadow
}
cylinder {
	<30.402485, 35.522541, 35.109142>,  <30.423586, 35.178478, 35.312061>, 0.100000
	pigment { color rgbt <1,0,0,0> }
	no_shadow
}

// particle -1
sphere {
	<30.402485, 35.522541, 35.109142> 0.100000
	pigment { color rgbt <1,0,0,0> }
	no_shadow
}
sphere {
	0, 1
	scale<0.080000,0.200000,0.300000>
	matrix <0.778529, 0.353571, 0.518537,
		0.625388, -0.367593, -0.688306,
		-0.052755, 0.860153, -0.507301,
		30.386658, 35.780586, 34.956951>
	pigment { color rgbt <0,1,1,0> }
	no_shadow
}
cylinder {
	<30.894156, 35.297535, 34.673412>,  <30.423586, 35.178478, 35.312061>, 0.130000
	pigment { color rgbt <1,0,0,0> }
	no_shadow
}

// nucleotide -1

// particle -1
sphere {
	<30.894156, 35.297535, 34.673412> 0.250000
	pigment { color rgbt <1,0,0,0> }
	no_shadow
}
cylinder {
	<30.792830, 35.588192, 34.928856>,  <30.732035, 35.762589, 35.082123>, 0.100000
	pigment { color rgbt <1,0,0,0> }
	no_shadow
}
cylinder {
	<30.792830, 35.588192, 34.928856>,  <30.894156, 35.297535, 34.673412>, 0.100000
	pigment { color rgbt <1,0,0,0> }
	no_shadow
}

// particle -1
sphere {
	<30.792830, 35.588192, 34.928856> 0.100000
	pigment { color rgbt <1,0,0,0> }
	no_shadow
}
sphere {
	0, 1
	scale<0.080000,0.200000,0.300000>
	matrix <0.959518, 0.104715, 0.261458,
		0.123117, 0.678984, -0.723756,
		-0.253314, 0.726647, 0.638605,
		30.716835, 35.806187, 35.120438>
	pigment { color rgbt <0,1,1,0> }
	no_shadow
}
cylinder {
	<31.157209, 35.951633, 34.480362>,  <30.894156, 35.297535, 34.673412>, 0.130000
	pigment { color rgbt <1,0,0,0> }
	no_shadow
}

// nucleotide -1

// particle -1
sphere {
	<31.157209, 35.951633, 34.480362> 0.250000
	pigment { color rgbt <1,0,0,0> }
	no_shadow
}
cylinder {
	<31.140877, 35.883923, 34.874252>,  <31.131077, 35.843296, 35.110584>, 0.100000
	pigment { color rgbt <1,0,0,0> }
	no_shadow
}
cylinder {
	<31.140877, 35.883923, 34.874252>,  <31.157209, 35.951633, 34.480362>, 0.100000
	pigment { color rgbt <1,0,0,0> }
	no_shadow
}

// particle -1
sphere {
	<31.140877, 35.883923, 34.874252> 0.100000
	pigment { color rgbt <1,0,0,0> }
	no_shadow
}
sphere {
	0, 1
	scale<0.080000,0.200000,0.300000>
	matrix <0.964469, 0.250788, 0.083101,
		-0.261024, 0.953127, 0.153024,
		-0.040829, -0.169279, 0.984722,
		31.128628, 35.833138, 35.169670>
	pigment { color rgbt <0,1,1,0> }
	no_shadow
}
cylinder {
	<31.783291, 36.140167, 33.994747>,  <31.157209, 35.951633, 34.480362>, 0.130000
	pigment { color rgbt <1,0,0,0> }
	no_shadow
}

// nucleotide -1

// particle -1
sphere {
	<31.783291, 36.140167, 33.994747> 0.250000
	pigment { color rgbt <1,0,0,0> }
	no_shadow
}
cylinder {
	<31.770889, 36.463787, 34.229519>,  <31.763449, 36.657959, 34.370380>, 0.100000
	pigment { color rgbt <1,0,0,0> }
	no_shadow
}
cylinder {
	<31.770889, 36.463787, 34.229519>,  <31.783291, 36.140167, 33.994747>, 0.100000
	pigment { color rgbt <1,0,0,0> }
	no_shadow
}

// particle -1
sphere {
	<31.770889, 36.463787, 34.229519> 0.100000
	pigment { color rgbt <1,0,0,0> }
	no_shadow
}
sphere {
	0, 1
	scale<0.080000,0.200000,0.300000>
	matrix <0.259321, -0.560593, 0.786440,
		0.965293, 0.176586, -0.192422,
		-0.031004, 0.809045, 0.586929,
		31.761589, 36.706501, 34.405598>
	pigment { color rgbt <0,1,1,0> }
	no_shadow
}
cylinder {
	<32.460335, 36.153244, 34.380417>,  <31.783291, 36.140167, 33.994747>, 0.130000
	pigment { color rgbt <1,0,0,0> }
	no_shadow
}

// nucleotide -1

// particle -1
sphere {
	<32.460335, 36.153244, 34.380417> 0.250000
	pigment { color rgbt <1,0,0,0> }
	no_shadow
}
cylinder {
	<32.140667, 36.312405, 34.560642>,  <31.948868, 36.407902, 34.668777>, 0.100000
	pigment { color rgbt <1,0,0,0> }
	no_shadow
}
cylinder {
	<32.140667, 36.312405, 34.560642>,  <32.460335, 36.153244, 34.380417>, 0.100000
	pigment { color rgbt <1,0,0,0> }
	no_shadow
}

// particle -1
sphere {
	<32.140667, 36.312405, 34.560642> 0.100000
	pigment { color rgbt <1,0,0,0> }
	no_shadow
}
sphere {
	0, 1
	scale<0.080000,0.200000,0.300000>
	matrix <0.198095, -0.533340, 0.822379,
		0.567531, 0.746471, 0.347404,
		-0.799166, 0.397906, 0.450559,
		31.900917, 36.431778, 34.695808>
	pigment { color rgbt <0,1,1,0> }
	no_shadow
}
cylinder {
	<32.673946, 36.389065, 35.070164>,  <32.460335, 36.153244, 34.380417>, 0.130000
	pigment { color rgbt <1,0,0,0> }
	no_shadow
}

// nucleotide -1

// particle -1
sphere {
	<32.673946, 36.389065, 35.070164> 0.250000
	pigment { color rgbt <1,0,0,0> }
	no_shadow
}
cylinder {
	<32.285927, 36.294403, 35.048294>,  <32.053116, 36.237606, 35.035172>, 0.100000
	pigment { color rgbt <1,0,0,0> }
	no_shadow
}
cylinder {
	<32.285927, 36.294403, 35.048294>,  <32.673946, 36.389065, 35.070164>, 0.100000
	pigment { color rgbt <1,0,0,0> }
	no_shadow
}

// particle -1
sphere {
	<32.285927, 36.294403, 35.048294> 0.100000
	pigment { color rgbt <1,0,0,0> }
	no_shadow
}
sphere {
	0, 1
	scale<0.080000,0.200000,0.300000>
	matrix <0.120943, -0.665840, 0.736227,
		-0.210640, 0.707567, 0.674523,
		-0.970053, -0.236657, -0.054677,
		31.994911, 36.223404, 35.031891>
	pigment { color rgbt <0,1,1,0> }
	no_shadow
}
cylinder {
	<32.237576, 36.550835, 35.683567>,  <32.673946, 36.389065, 35.070164>, 0.130000
	pigment { color rgbt <1,0,0,0> }
	no_shadow
}

// nucleotide -1

// particle -1
sphere {
	<32.237576, 36.550835, 35.683567> 0.250000
	pigment { color rgbt <1,0,0,0> }
	no_shadow
}
cylinder {
	<32.118446, 36.226837, 35.481495>,  <32.046970, 36.032436, 35.360252>, 0.100000
	pigment { color rgbt <1,0,0,0> }
	no_shadow
}
cylinder {
	<32.118446, 36.226837, 35.481495>,  <32.237576, 36.550835, 35.683567>, 0.100000
	pigment { color rgbt <1,0,0,0> }
	no_shadow
}

// particle -1
sphere {
	<32.118446, 36.226837, 35.481495> 0.100000
	pigment { color rgbt <1,0,0,0> }
	no_shadow
}
sphere {
	0, 1
	scale<0.080000,0.200000,0.300000>
	matrix <0.074964, -0.547404, 0.833504,
		-0.951675, 0.210363, 0.223747,
		-0.297819, -0.809998, -0.505181,
		32.029102, 35.983837, 35.329941>
	pigment { color rgbt <0,1,1,0> }
	no_shadow
}
cylinder {
	<31.585054, 36.208256, 36.104790>,  <32.237576, 36.550835, 35.683567>, 0.130000
	pigment { color rgbt <1,0,0,0> }
	no_shadow
}

// nucleotide -1

// particle -1
sphere {
	<31.585054, 36.208256, 36.104790> 0.250000
	pigment { color rgbt <1,0,0,0> }
	no_shadow
}
cylinder {
	<31.775911, 35.964024, 35.851955>,  <31.890427, 35.817486, 35.700256>, 0.100000
	pigment { color rgbt <1,0,0,0> }
	no_shadow
}
cylinder {
	<31.775911, 35.964024, 35.851955>,  <31.585054, 36.208256, 36.104790>, 0.100000
	pigment { color rgbt <1,0,0,0> }
	no_shadow
}

// particle -1
sphere {
	<31.775911, 35.964024, 35.851955> 0.100000
	pigment { color rgbt <1,0,0,0> }
	no_shadow
}
sphere {
	0, 1
	scale<0.080000,0.200000,0.300000>
	matrix <-0.043864, -0.734887, 0.676770,
		-0.877730, -0.295191, -0.377429,
		0.477144, -0.610577, -0.632084,
		31.919054, 35.780849, 35.662331>
	pigment { color rgbt <0,1,1,0> }
	no_shadow
}
cylinder {
	<31.321392, 35.534889, 36.194756>,  <31.585054, 36.208256, 36.104790>, 0.130000
	pigment { color rgbt <1,0,0,0> }
	no_shadow
}

// nucleotide -1

// particle -1
sphere {
	<31.321392, 35.534889, 36.194756> 0.250000
	pigment { color rgbt <1,0,0,0> }
	no_shadow
}
cylinder {
	<31.680607, 35.447376, 36.042091>,  <31.896135, 35.394871, 35.950493>, 0.100000
	pigment { color rgbt <1,0,0,0> }
	no_shadow
}
cylinder {
	<31.680607, 35.447376, 36.042091>,  <31.321392, 35.534889, 36.194756>, 0.100000
	pigment { color rgbt <1,0,0,0> }
	no_shadow
}

// particle -1
sphere {
	<31.680607, 35.447376, 36.042091> 0.100000
	pigment { color rgbt <1,0,0,0> }
	no_shadow
}
sphere {
	0, 1
	scale<0.080000,0.200000,0.300000>
	matrix <0.064792, -0.792334, 0.606637,
		-0.435124, -0.569511, -0.697370,
		0.898036, -0.218778, -0.381663,
		31.950018, 35.381744, 35.927593>
	pigment { color rgbt <0,1,1,0> }
	no_shadow
}
cylinder {
	<31.375055, 34.762363, 36.051029>,  <31.321392, 35.534889, 36.194756>, 0.130000
	pigment { color rgbt <1,0,0,0> }
	no_shadow
}

// nucleotide -1

// particle -1
sphere {
	<31.375055, 34.762363, 36.051029> 0.250000
	pigment { color rgbt <1,0,0,0> }
	no_shadow
}
cylinder {
	<31.735249, 34.926487, 36.108677>,  <31.951365, 35.024963, 36.143265>, 0.100000
	pigment { color rgbt <1,0,0,0> }
	no_shadow
}
cylinder {
	<31.735249, 34.926487, 36.108677>,  <31.375055, 34.762363, 36.051029>, 0.100000
	pigment { color rgbt <1,0,0,0> }
	no_shadow
}

// particle -1
sphere {
	<31.735249, 34.926487, 36.108677> 0.100000
	pigment { color rgbt <1,0,0,0> }
	no_shadow
}
sphere {
	0, 1
	scale<0.080000,0.200000,0.300000>
	matrix <0.266846, -0.782992, 0.561887,
		0.343397, -0.467512, -0.814562,
		0.900484, 0.410313, 0.144124,
		32.005394, 35.049580, 36.151913>
	pigment { color rgbt <0,1,1,0> }
	no_shadow
}
cylinder {
	<32.025555, 34.290710, 35.873863>,  <31.375055, 34.762363, 36.051029>, 0.130000
	pigment { color rgbt <1,0,0,0> }
	no_shadow
}

// nucleotide -1

// particle -1
sphere {
	<32.025555, 34.290710, 35.873863> 0.250000
	pigment { color rgbt <1,0,0,0> }
	no_shadow
}
cylinder {
	<32.124908, 34.533020, 36.176212>,  <32.184521, 34.678406, 36.357620>, 0.100000
	pigment { color rgbt <1,0,0,0> }
	no_shadow
}
cylinder {
	<32.124908, 34.533020, 36.176212>,  <32.025555, 34.290710, 35.873863>, 0.100000
	pigment { color rgbt <1,0,0,0> }
	no_shadow
}

// particle -1
sphere {
	<32.124908, 34.533020, 36.176212> 0.100000
	pigment { color rgbt <1,0,0,0> }
	no_shadow
}
sphere {
	0, 1
	scale<0.080000,0.200000,0.300000>
	matrix <0.294070, -0.790653, 0.537020,
		0.922946, 0.088893, -0.374525,
		0.248382, 0.605777, 0.755871,
		32.199425, 34.714752, 36.402973>
	pigment { color rgbt <0,1,1,0> }
	no_shadow
}
cylinder {
	<32.740639, 34.185070, 36.086849>,  <32.025555, 34.290710, 35.873863>, 0.130000
	pigment { color rgbt <1,0,0,0> }
	no_shadow
}

// nucleotide -1

// particle -1
sphere {
	<32.740639, 34.185070, 36.086849> 0.250000
	pigment { color rgbt <1,0,0,0> }
	no_shadow
}
cylinder {
	<32.487766, 34.203892, 36.396206>,  <32.336040, 34.215183, 36.581818>, 0.100000
	pigment { color rgbt <1,0,0,0> }
	no_shadow
}
cylinder {
	<32.487766, 34.203892, 36.396206>,  <32.740639, 34.185070, 36.086849>, 0.100000
	pigment { color rgbt <1,0,0,0> }
	no_shadow
}

// particle -1
sphere {
	<32.487766, 34.203892, 36.396206> 0.100000
	pigment { color rgbt <1,0,0,0> }
	no_shadow
}
sphere {
	0, 1
	scale<0.080000,0.200000,0.300000>
	matrix <0.197533, -0.955385, 0.219592,
		0.749214, 0.291592, 0.594687,
		-0.632186, 0.047051, 0.773387,
		32.298111, 34.218006, 36.628223>
	pigment { color rgbt <0,1,1,0> }
	no_shadow
}
cylinder {
	<33.060333, 33.763145, 36.618122>,  <32.740639, 34.185070, 36.086849>, 0.130000
	pigment { color rgbt <1,0,0,0> }
	no_shadow
}

// nucleotide -1

// particle -1
sphere {
	<33.060333, 33.763145, 36.618122> 0.250000
	pigment { color rgbt <1,0,0,0> }
	no_shadow
}
cylinder {
	<32.663792, 33.776794, 36.668793>,  <32.425865, 33.784985, 36.699196>, 0.100000
	pigment { color rgbt <1,0,0,0> }
	no_shadow
}
cylinder {
	<32.663792, 33.776794, 36.668793>,  <33.060333, 33.763145, 36.618122>, 0.100000
	pigment { color rgbt <1,0,0,0> }
	no_shadow
}

// particle -1
sphere {
	<32.663792, 33.776794, 36.668793> 0.100000
	pigment { color rgbt <1,0,0,0> }
	no_shadow
}
sphere {
	0, 1
	scale<0.080000,0.200000,0.300000>
	matrix <-0.000466, -0.966494, 0.256688,
		0.131187, 0.254411, 0.958157,
		-0.991357, 0.034120, 0.126673,
		32.366383, 33.787029, 36.706795>
	pigment { color rgbt <0,1,1,0> }
	no_shadow
}
cylinder {
	<32.816288, 33.474819, 37.302750>,  <33.060333, 33.763145, 36.618122>, 0.130000
	pigment { color rgbt <1,0,0,0> }
	no_shadow
}

// nucleotide -1

// particle -1
sphere {
	<32.816288, 33.474819, 37.302750> 0.250000
	pigment { color rgbt <1,0,0,0> }
	no_shadow
}
cylinder {
	<32.555920, 33.459644, 36.999470>,  <32.399700, 33.450539, 36.817501>, 0.100000
	pigment { color rgbt <1,0,0,0> }
	no_shadow
}
cylinder {
	<32.555920, 33.459644, 36.999470>,  <32.816288, 33.474819, 37.302750>, 0.100000
	pigment { color rgbt <1,0,0,0> }
	no_shadow
}

// particle -1
sphere {
	<32.555920, 33.459644, 36.999470> 0.100000
	pigment { color rgbt <1,0,0,0> }
	no_shadow
}
sphere {
	0, 1
	scale<0.080000,0.200000,0.300000>
	matrix <-0.321696, -0.890857, 0.320757,
		-0.687615, 0.452696, 0.567672,
		-0.650920, -0.037939, -0.758198,
		32.360645, 33.448261, 36.772011>
	pigment { color rgbt <0,1,1,0> }
	no_shadow
}
cylinder {
	<32.454090, 33.811169, 37.870003>,  <32.816288, 33.474819, 37.302750>, 0.130000
	pigment { color rgbt <1,0,0,0> }
	no_shadow
}

// nucleotide -1

// particle -1
sphere {
	<32.454090, 33.811169, 37.870003> 0.250000
	pigment { color rgbt <1,0,0,0> }
	no_shadow
}
cylinder {
	<32.110039, 33.631104, 37.965954>,  <31.903608, 33.523064, 38.023525>, 0.100000
	pigment { color rgbt <1,0,0,0> }
	no_shadow
}
cylinder {
	<32.110039, 33.631104, 37.965954>,  <32.454090, 33.811169, 37.870003>, 0.100000
	pigment { color rgbt <1,0,0,0> }
	no_shadow
}

// particle -1
sphere {
	<32.110039, 33.631104, 37.965954> 0.100000
	pigment { color rgbt <1,0,0,0> }
	no_shadow
}
sphere {
	0, 1
	scale<0.080000,0.200000,0.300000>
	matrix <0.160703, 0.207180, 0.965013,
		-0.484109, 0.868580, -0.105859,
		-0.860124, -0.450160, 0.239881,
		31.852001, 33.496056, 38.037918>
	pigment { color rgbt <0,1,1,0> }
	no_shadow
}
cylinder {
	<32.088161, 34.228367, 38.278427>,  <32.454090, 33.811169, 37.870003>, 0.130000
	pigment { color rgbt <1,0,0,0> }
	no_shadow
}

// nucleotide -1

// particle -1
sphere {
	<32.088161, 34.228367, 38.278427> 0.250000
	pigment { color rgbt <1,0,0,0> }
	no_shadow
}
cylinder {
	<31.911510, 33.879879, 38.364162>,  <31.805521, 33.670784, 38.415604>, 0.100000
	pigment { color rgbt <1,0,0,0> }
	no_shadow
}
cylinder {
	<31.911510, 33.879879, 38.364162>,  <32.088161, 34.228367, 38.278427>, 0.100000
	pigment { color rgbt <1,0,0,0> }
	no_shadow
}

// particle -1
sphere {
	<31.911510, 33.879879, 38.364162> 0.100000
	pigment { color rgbt <1,0,0,0> }
	no_shadow
}
sphere {
	0, 1
	scale<0.080000,0.200000,0.300000>
	matrix <-0.107943, 0.288754, 0.951299,
		-0.890684, 0.396980, -0.221563,
		-0.441623, -0.871222, 0.214337,
		31.779024, 33.618511, 38.428463>
	pigment { color rgbt <0,1,1,0> }
	no_shadow
}
cylinder {
	<31.390287, 34.325150, 38.543709>,  <32.088161, 34.228367, 38.278427>, 0.130000
	pigment { color rgbt <1,0,0,0> }
	no_shadow
}

// nucleotide -1

// particle -1
sphere {
	<31.390287, 34.325150, 38.543709> 0.250000
	pigment { color rgbt <1,0,0,0> }
	no_shadow
}
cylinder {
	<31.552530, 33.984898, 38.677525>,  <31.649876, 33.780746, 38.757816>, 0.100000
	pigment { color rgbt <1,0,0,0> }
	no_shadow
}
cylinder {
	<31.552530, 33.984898, 38.677525>,  <31.390287, 34.325150, 38.543709>, 0.100000
	pigment { color rgbt <1,0,0,0> }
	no_shadow
}

// particle -1
sphere {
	<31.552530, 33.984898, 38.677525> 0.100000
	pigment { color rgbt <1,0,0,0> }
	no_shadow
}
sphere {
	0, 1
	scale<0.080000,0.200000,0.300000>
	matrix <-0.202176, 0.273445, 0.940400,
		-0.891407, -0.449070, -0.061064,
		0.405608, -0.850625, 0.334542,
		31.674213, 33.729710, 38.777885>
	pigment { color rgbt <0,1,1,0> }
	no_shadow
}
cylinder {
	<31.049524, 33.710571, 38.545582>,  <31.390287, 34.325150, 38.543709>, 0.130000
	pigment { color rgbt <1,0,0,0> }
	no_shadow
}

// nucleotide -1

// particle -1
sphere {
	<31.049524, 33.710571, 38.545582> 0.250000
	pigment { color rgbt <1,0,0,0> }
	no_shadow
}
cylinder {
	<30.937574, 33.379902, 38.350323>,  <30.870403, 33.181499, 38.233166>, 0.100000
	pigment { color rgbt <1,0,0,0> }
	no_shadow
}
cylinder {
	<30.937574, 33.379902, 38.350323>,  <31.049524, 33.710571, 38.545582>, 0.100000
	pigment { color rgbt <1,0,0,0> }
	no_shadow
}

// particle -1
sphere {
	<30.937574, 33.379902, 38.350323> 0.100000
	pigment { color rgbt <1,0,0,0> }
	no_shadow
}
sphere {
	0, 1
	scale<0.080000,0.200000,0.300000>
	matrix <0.068122, 0.490085, -0.869009,
		0.957617, -0.276468, -0.080849,
		-0.279875, -0.826670, -0.488147,
		30.853611, 33.131901, 38.203880>
	pigment { color rgbt <0,1,1,0> }
	no_shadow
}
cylinder {
	<30.384459, 33.596085, 38.161526>,  <31.049524, 33.710571, 38.545582>, 0.130000
	pigment { color rgbt <1,0,0,0> }
	no_shadow
}

// nucleotide -1

// particle -1
sphere {
	<30.384459, 33.596085, 38.161526> 0.250000
	pigment { color rgbt <1,0,0,0> }
	no_shadow
}
cylinder {
	<30.508112, 33.381775, 37.847233>,  <30.582304, 33.253189, 37.658657>, 0.100000
	pigment { color rgbt <1,0,0,0> }
	no_shadow
}
cylinder {
	<30.508112, 33.381775, 37.847233>,  <30.384459, 33.596085, 38.161526>, 0.100000
	pigment { color rgbt <1,0,0,0> }
	no_shadow
}

// particle -1
sphere {
	<30.508112, 33.381775, 37.847233> 0.100000
	pigment { color rgbt <1,0,0,0> }
	no_shadow
}
sphere {
	0, 1
	scale<0.080000,0.200000,0.300000>
	matrix <-0.320497, 0.719182, -0.616489,
		0.895387, 0.442404, 0.050610,
		0.309135, -0.535776, -0.785735,
		30.600853, 33.221043, 37.611511>
	pigment { color rgbt <0,1,1,0> }
	no_shadow
}
cylinder {
	<29.985495, 32.935604, 38.039986>,  <30.384459, 33.596085, 38.161526>, 0.130000
	pigment { color rgbt <1,0,0,0> }
	no_shadow
}

// nucleotide -1

// particle -1
sphere {
	<29.985495, 32.935604, 38.039986> 0.250000
	pigment { color rgbt <1,0,0,0> }
	no_shadow
}
cylinder {
	<29.735245, 32.995243, 38.346283>,  <29.585094, 33.031025, 38.530060>, 0.100000
	pigment { color rgbt <1,0,0,0> }
	no_shadow
}
cylinder {
	<29.735245, 32.995243, 38.346283>,  <29.985495, 32.935604, 38.039986>, 0.100000
	pigment { color rgbt <1,0,0,0> }
	no_shadow
}

// particle -1
sphere {
	<29.735245, 32.995243, 38.346283> 0.100000
	pigment { color rgbt <1,0,0,0> }
	no_shadow
}
sphere {
	0, 1
	scale<0.080000,0.200000,0.300000>
	matrix <0.241548, 0.970352, 0.008410,
		-0.741788, 0.190226, -0.643090,
		-0.625624, 0.149099, 0.765744,
		29.547558, 33.039974, 38.576008>
	pigment { color rgbt <0,1,1,0> }
	no_shadow
}
cylinder {
	<30.421490, 32.372921, 38.433647>,  <29.985495, 32.935604, 38.039986>, 0.130000
	pigment { color rgbt <1,0,0,0> }
	no_shadow
}

// nucleotide -1

// particle -1
sphere {
	<30.421490, 32.372921, 38.433647> 0.250000
	pigment { color rgbt <1,0,0,0> }
	no_shadow
}
cylinder {
	<30.471218, 32.038982, 38.648151>,  <30.501055, 31.838619, 38.776855>, 0.100000
	pigment { color rgbt <1,0,0,0> }
	no_shadow
}
cylinder {
	<30.471218, 32.038982, 38.648151>,  <30.421490, 32.372921, 38.433647>, 0.100000
	pigment { color rgbt <1,0,0,0> }
	no_shadow
}

// particle -1
sphere {
	<30.471218, 32.038982, 38.648151> 0.100000
	pigment { color rgbt <1,0,0,0> }
	no_shadow
}
sphere {
	0, 1
	scale<0.080000,0.200000,0.300000>
	matrix <0.990449, 0.071937, -0.117626,
		0.059622, 0.545764, 0.835815,
		0.124322, -0.834845, 0.536263,
		30.508514, 31.788528, 38.809029>
	pigment { color rgbt <0,1,1,0> }
	no_shadow
}
cylinder {
	<30.936823, 32.518341, 38.992046>,  <30.421490, 32.372921, 38.433647>, 0.130000
	pigment { color rgbt <1,0,0,0> }
	no_shadow
}

// nucleotide -1

// particle -1
sphere {
	<30.936823, 32.518341, 38.992046> 0.250000
	pigment { color rgbt <1,0,0,0> }
	no_shadow
}
cylinder {
	<30.941599, 32.132420, 38.886971>,  <30.944464, 31.900866, 38.823925>, 0.100000
	pigment { color rgbt <1,0,0,0> }
	no_shadow
}
cylinder {
	<30.941599, 32.132420, 38.886971>,  <30.936823, 32.518341, 38.992046>, 0.100000
	pigment { color rgbt <1,0,0,0> }
	no_shadow
}

// particle -1
sphere {
	<30.941599, 32.132420, 38.886971> 0.100000
	pigment { color rgbt <1,0,0,0> }
	no_shadow
}
sphere {
	0, 1
	scale<0.080000,0.200000,0.300000>
	matrix <0.969633, 0.075348, -0.232666,
		0.244271, -0.251937, 0.936408,
		0.011939, -0.964806, -0.262692,
		30.945181, 31.842978, 38.808163>
	pigment { color rgbt <0,1,1,0> }
	no_shadow
}
cylinder {
	<31.404318, 32.002285, 39.418304>,  <30.936823, 32.518341, 38.992046>, 0.130000
	pigment { color rgbt <1,0,0,0> }
	no_shadow
}

// nucleotide -1

// particle -1
sphere {
	<31.404318, 32.002285, 39.418304> 0.250000
	pigment { color rgbt <1,0,0,0> }
	no_shadow
}
cylinder {
	<31.375195, 31.903322, 39.031837>,  <31.357721, 31.843945, 38.799957>, 0.100000
	pigment { color rgbt <1,0,0,0> }
	no_shadow
}
cylinder {
	<31.375195, 31.903322, 39.031837>,  <31.404318, 32.002285, 39.418304>, 0.100000
	pigment { color rgbt <1,0,0,0> }
	no_shadow
}

// particle -1
sphere {
	<31.375195, 31.903322, 39.031837> 0.100000
	pigment { color rgbt <1,0,0,0> }
	no_shadow
}
sphere {
	0, 1
	scale<0.080000,0.200000,0.300000>
	matrix <0.971575, 0.201202, -0.124737,
		0.225257, -0.947790, 0.225728,
		-0.072807, -0.247410, -0.966171,
		31.353352, 31.829100, 38.741985>
	pigment { color rgbt <0,1,1,0> }
	no_shadow
}
cylinder {
	<31.936165, 31.549595, 39.371696>,  <31.404318, 32.002285, 39.418304>, 0.130000
	pigment { color rgbt <1,0,0,0> }
	no_shadow
}

// nucleotide -1

// particle -1
sphere {
	<31.936165, 31.549595, 39.371696> 0.250000
	pigment { color rgbt <1,0,0,0> }
	no_shadow
}
cylinder {
	<31.851131, 31.684547, 39.004875>,  <31.800112, 31.765518, 38.784782>, 0.100000
	pigment { color rgbt <1,0,0,0> }
	no_shadow
}
cylinder {
	<31.851131, 31.684547, 39.004875>,  <31.936165, 31.549595, 39.371696>, 0.100000
	pigment { color rgbt <1,0,0,0> }
	no_shadow
}

// particle -1
sphere {
	<31.851131, 31.684547, 39.004875> 0.100000
	pigment { color rgbt <1,0,0,0> }
	no_shadow
}
sphere {
	0, 1
	scale<0.080000,0.200000,0.300000>
	matrix <0.963643, 0.227852, -0.139559,
		0.161867, -0.913377, -0.373554,
		-0.212585, 0.337382, -0.917050,
		31.787355, 31.785763, 38.729759>
	pigment { color rgbt <0,1,1,0> }
	no_shadow
}
cylinder {
	<32.119804, 31.186310, 38.891590>,  <31.936165, 31.549595, 39.371696>, 0.130000
	pigment { color rgbt <1,0,0,0> }
	no_shadow
}

// nucleotide -1

// particle -1
sphere {
	<32.119804, 31.186310, 38.891590> 0.250000
	pigment { color rgbt <1,0,0,0> }
	no_shadow
}
cylinder {
	<32.161335, 31.571297, 38.791290>,  <32.186253, 31.802288, 38.731110>, 0.100000
	pigment { color rgbt <1,0,0,0> }
	no_shadow
}
cylinder {
	<32.161335, 31.571297, 38.791290>,  <32.119804, 31.186310, 38.891590>, 0.100000
	pigment { color rgbt <1,0,0,0> }
	no_shadow
}

// particle -1
sphere {
	<32.161335, 31.571297, 38.791290> 0.100000
	pigment { color rgbt <1,0,0,0> }
	no_shadow
}
sphere {
	0, 1
	scale<0.080000,0.200000,0.300000>
	matrix <0.931975, -0.182192, -0.313413,
		-0.347335, -0.201154, -0.915912,
		0.103828, 0.962467, -0.250752,
		32.192482, 31.860037, 38.716064>
	pigment { color rgbt <0,1,1,0> }
	no_shadow
}
cylinder {
	<32.585052, 31.129227, 38.257324>,  <32.119804, 31.186310, 38.891590>, 0.130000
	pigment { color rgbt <1,0,0,0> }
	no_shadow
}

// nucleotide -1

// particle -1
sphere {
	<32.585052, 31.129227, 38.257324> 0.250000
	pigment { color rgbt <1,0,0,0> }
	no_shadow
}
cylinder {
	<32.577930, 31.501173, 38.404308>,  <32.573658, 31.724340, 38.492500>, 0.100000
	pigment { color rgbt <1,0,0,0> }
	no_shadow
}
cylinder {
	<32.577930, 31.501173, 38.404308>,  <32.585052, 31.129227, 38.257324>, 0.100000
	pigment { color rgbt <1,0,0,0> }
	no_shadow
}

// particle -1
sphere {
	<32.577930, 31.501173, 38.404308> 0.100000
	pigment { color rgbt <1,0,0,0> }
	no_shadow
}
sphere {
	0, 1
	scale<0.080000,0.200000,0.300000>
	matrix <0.988210, 0.072265, -0.134973,
