// switches for output
#declare DRAW_BASES = 1; // possible values are 0, 1; only relevant for DNA ribbons
#declare DRAW_BASES_TYPE = 3; // possible values are 1, 2, 3; only relevant for DNA ribbons
#declare DRAW_FOG = 0; // set to 1 to enable fog

#include "colors.inc"

#include "transforms.inc"
background { rgb <1, 1, 1>}

#default {
   normal{
       ripples 0.25
       frequency 0.20
       turbulence 0.2
       lambda 5
   }
	finish {
		phong 0.1
		phong_size 40.
	}
}

// original window dimensions: 1024x640


// camera settings

camera {
	sky <0, 0.179814, -0.983701>
	up <0, 0.179814, -0.983701>
	right 1.6 * <1, 0, 0>
	location <35, 94.9851, 44.8844>
	look_at <35, 29.7336, 32.9568>
	direction <0, -65.2515, -11.9276>
	angle 67.0682
}


# declare cpy_camera_pos = <35, 94.9851, 44.8844>;
# if (DRAW_FOG = 1)
fog {
	fog_type 2
	up vnormalize(cpy_camera_pos)
	color rgbt<1,1,1,0.3>
	distance 1e-5
	fog_alt 3e-3
	fog_offset 56
}
# end


// LIGHTS

# declare lum = 6;
global_settings {
	ambient_light rgb lum * <0.05, 0.05, 0.05>
	max_trace_level 15
}# declare cpy_direct_light_amount = 0.25;
light_source
{	1000 * <-1, -1.16352, -0.803886>,
	rgb lum * cpy_direct_light_amount
	parallel
}

light_source
{	1000 * <1, 1.16352, 0.803886>,
	rgb lum * cpy_direct_light_amount
	parallel
}

// strand 0

// nucleotide -1

// particle -1
sphere {
	<24.313898, 35.248631, 34.597702> 0.250000
	pigment { color rgbt <1,0,0,0> }
	no_shadow
}
cylinder {
	<24.188765, 35.025257, 34.905022>,  <24.113686, 34.891232, 35.089413>, 0.100000
	pigment { color rgbt <1,0,0,0> }
	no_shadow
}
cylinder {
	<24.188765, 35.025257, 34.905022>,  <24.313898, 35.248631, 34.597702>, 0.100000
	pigment { color rgbt <1,0,0,0> }
	no_shadow
}

// particle -1
sphere {
	<24.188765, 35.025257, 34.905022> 0.100000
	pigment { color rgbt <1,0,0,0> }
	no_shadow
}
sphere {
	0, 1
	scale<0.080000,0.200000,0.300000>
	matrix <0.817343, -0.570325, -0.081736,
		0.483825, 0.602395, 0.634850,
		-0.312833, -0.558436, 0.768300,
		24.094915, 34.857727, 35.135513>
	pigment { color rgbt <0,1,1,0> }
	no_shadow
}
cylinder {
	<24.848503, 35.103214, 35.100105>,  <24.313898, 35.248631, 34.597702>, 0.130000
	pigment { color rgbt <1,0,0,0> }
	no_shadow
}

// nucleotide -1

// particle -1
sphere {
	<24.848503, 35.103214, 35.100105> 0.250000
	pigment { color rgbt <1,0,0,0> }
	no_shadow
}
cylinder {
	<24.615938, 34.781593, 35.149845>,  <24.476398, 34.588623, 35.179688>, 0.100000
	pigment { color rgbt <1,0,0,0> }
	no_shadow
}
cylinder {
	<24.615938, 34.781593, 35.149845>,  <24.848503, 35.103214, 35.100105>, 0.100000
	pigment { color rgbt <1,0,0,0> }
	no_shadow
}

// particle -1
sphere {
	<24.615938, 34.781593, 35.149845> 0.100000
	pigment { color rgbt <1,0,0,0> }
	no_shadow
}
sphere {
	0, 1
	scale<0.080000,0.200000,0.300000>
	matrix <0.813333, -0.578359, 0.063169,
		0.021127, 0.137864, 0.990226,
		-0.581414, -0.804049, 0.124349,
		24.441513, 34.540379, 35.187149>
	pigment { color rgbt <0,1,1,0> }
	no_shadow
}
cylinder {
	<25.026749, 34.603569, 35.771088>,  <24.848503, 35.103214, 35.100105>, 0.130000
	pigment { color rgbt <1,0,0,0> }
	no_shadow
}

// nucleotide -1

// particle -1
sphere {
	<25.026749, 34.603569, 35.771088> 0.250000
	pigment { color rgbt <1,0,0,0> }
	no_shadow
}
cylinder {
	<24.897232, 34.445194, 35.427368>,  <24.819523, 34.350170, 35.221138>, 0.100000
	pigment { color rgbt <1,0,0,0> }
	no_shadow
}
cylinder {
	<24.897232, 34.445194, 35.427368>,  <25.026749, 34.603569, 35.771088>, 0.100000
	pigment { color rgbt <1,0,0,0> }
	no_shadow
}

// particle -1
sphere {
	<24.897232, 34.445194, 35.427368> 0.100000
	pigment { color rgbt <1,0,0,0> }
	no_shadow
}
sphere {
	0, 1
	scale<0.080000,0.200000,0.300000>
	matrix <0.754116, -0.656484, 0.018332,
		-0.571372, -0.642074, 0.511150,
		-0.323792, -0.395941, -0.859296,
		24.800095, 34.326412, 35.169579>
	pigment { color rgbt <0,1,1,0> }
	no_shadow
}
cylinder {
	<24.887865, 33.862202, 35.922440>,  <25.026749, 34.603569, 35.771088>, 0.130000
	pigment { color rgbt <1,0,0,0> }
	no_shadow
}

// nucleotide -1

// particle -1
sphere {
	<24.887865, 33.862202, 35.922440> 0.250000
	pigment { color rgbt <1,0,0,0> }
	no_shadow
}
cylinder {
	<25.082190, 34.023262, 35.612122>,  <25.198784, 34.119896, 35.425930>, 0.100000
	pigment { color rgbt <1,0,0,0> }
	no_shadow
}
cylinder {
	<25.082190, 34.023262, 35.612122>,  <24.887865, 33.862202, 35.922440>, 0.100000
	pigment { color rgbt <1,0,0,0> }
	no_shadow
}

// particle -1
sphere {
	<25.082190, 34.023262, 35.612122> 0.100000
	pigment { color rgbt <1,0,0,0> }
	no_shadow
}
sphere {
	0, 1
	scale<0.080000,0.200000,0.300000>
	matrix <0.543723, -0.834157, -0.092454,
		-0.684365, -0.376905, -0.624169,
		0.485809, 0.402647, -0.775800,
		25.227932, 34.144054, 35.379383>
	pigment { color rgbt <0,1,1,0> }
	no_shadow
}
cylinder {
	<24.764975, 33.629700, 35.232040>,  <24.887865, 33.862202, 35.922440>, 0.130000
	pigment { color rgbt <1,0,0,0> }
	no_shadow
}

// nucleotide -1

// particle -1
sphere {
	<24.764975, 33.629700, 35.232040> 0.250000
	pigment { color rgbt <1,0,0,0> }
	no_shadow
}
cylinder {
	<25.143986, 33.740967, 35.169033>,  <25.371393, 33.807728, 35.131229>, 0.100000
	pigment { color rgbt <1,0,0,0> }
	no_shadow
}
cylinder {
	<25.143986, 33.740967, 35.169033>,  <24.764975, 33.629700, 35.232040>, 0.100000
	pigment { color rgbt <1,0,0,0> }
	no_shadow
}

// particle -1
sphere {
	<25.143986, 33.740967, 35.169033> 0.100000
	pigment { color rgbt <1,0,0,0> }
	no_shadow
}
sphere {
	0, 1
	scale<0.080000,0.200000,0.300000>
	matrix <0.249842, -0.951799, -0.177925,
		-0.199419, 0.129234, -0.971355,
		0.947529, 0.278167, -0.157519,
		25.428244, 33.824417, 35.121777>
	pigment { color rgbt <0,1,1,0> }
	no_shadow
}
cylinder {
	<25.031733, 33.374950, 34.572330>,  <24.764975, 33.629700, 35.232040>, 0.130000
	pigment { color rgbt <1,0,0,0> }
	no_shadow
}

// nucleotide -1

// particle -1
sphere {
	<25.031733, 33.374950, 34.572330> 0.250000
	pigment { color rgbt <1,0,0,0> }
	no_shadow
}
cylinder {
	<25.337530, 33.440277, 34.821770>,  <25.521009, 33.479473, 34.971436>, 0.100000
	pigment { color rgbt <1,0,0,0> }
	no_shadow
}
cylinder {
	<25.337530, 33.440277, 34.821770>,  <25.031733, 33.374950, 34.572330>, 0.100000
	pigment { color rgbt <1,0,0,0> }
	no_shadow
}

// particle -1
sphere {
	<25.337530, 33.440277, 34.821770> 0.100000
	pigment { color rgbt <1,0,0,0> }
	no_shadow
}
sphere {
	0, 1
	scale<0.080000,0.200000,0.300000>
	matrix <0.330405, -0.929916, -0.161518,
		0.553518, 0.329520, -0.764875,
		0.764493, 0.163316, 0.623600,
		25.566877, 33.489273, 35.008850>
	pigment { color rgbt <0,1,1,0> }
	no_shadow
}
cylinder {
	<25.672930, 33.090023, 34.235882>,  <25.031733, 33.374950, 34.572330>, 0.130000
	pigment { color rgbt <1,0,0,0> }
	no_shadow
}

// nucleotide -1

// particle -1
sphere {
	<25.672930, 33.090023, 34.235882> 0.250000
	pigment { color rgbt <1,0,0,0> }
	no_shadow
}
cylinder {
	<25.739511, 33.109005, 34.629845>,  <25.779461, 33.120396, 34.866222>, 0.100000
	pigment { color rgbt <1,0,0,0> }
	no_shadow
}
cylinder {
	<25.739511, 33.109005, 34.629845>,  <25.672930, 33.090023, 34.235882>, 0.100000
	pigment { color rgbt <1,0,0,0> }
	no_shadow
}

// particle -1
sphere {
	<25.739511, 33.109005, 34.629845> 0.100000
	pigment { color rgbt <1,0,0,0> }
	no_shadow
}
sphere {
	0, 1
	scale<0.080000,0.200000,0.300000>
	matrix <0.399842, -0.916285, -0.023426,
		0.901343, 0.397706, -0.171496,
		0.166456, 0.047456, 0.984906,
		25.789448, 33.123241, 34.925316>
	pigment { color rgbt <0,1,1,0> }
	no_shadow
}
cylinder {
	<26.436022, 33.189655, 34.343887>,  <25.672930, 33.090023, 34.235882>, 0.130000
	pigment { color rgbt <1,0,0,0> }
	no_shadow
}

// nucleotide -1

// particle -1
sphere {
	<26.436022, 33.189655, 34.343887> 0.250000
	pigment { color rgbt <1,0,0,0> }
	no_shadow
}
cylinder {
	<26.205856, 33.003597, 34.612968>,  <26.067757, 32.891960, 34.774418>, 0.100000
	pigment { color rgbt <1,0,0,0> }
	no_shadow
}
cylinder {
	<26.205856, 33.003597, 34.612968>,  <26.436022, 33.189655, 34.343887>, 0.100000
	pigment { color rgbt <1,0,0,0> }
	no_shadow
}

// particle -1
sphere {
	<26.205856, 33.003597, 34.612968> 0.100000
	pigment { color rgbt <1,0,0,0> }
	no_shadow
}
sphere {
	0, 1
	scale<0.080000,0.200000,0.300000>
	matrix <0.526693, -0.840008, -0.130314,
		0.625694, 0.279325, 0.728344,
		-0.575414, -0.465150, 0.672706,
		26.033232, 32.864052, 34.814781>
	pigment { color rgbt <0,1,1,0> }
	no_shadow
}
cylinder {
	<26.856878, 32.937447, 34.920666>,  <26.436022, 33.189655, 34.343887>, 0.130000
	pigment { color rgbt <1,0,0,0> }
	no_shadow
}

// nucleotide -1

// particle -1
sphere {
	<26.856878, 32.937447, 34.920666> 0.250000
	pigment { color rgbt <1,0,0,0> }
	no_shadow
}
cylinder {
	<26.522860, 32.718266, 34.900917>,  <26.322449, 32.586758, 34.889069>, 0.100000
	pigment { color rgbt <1,0,0,0> }
	no_shadow
}
cylinder {
	<26.522860, 32.718266, 34.900917>,  <26.856878, 32.937447, 34.920666>, 0.100000
	pigment { color rgbt <1,0,0,0> }
	no_shadow
}

// particle -1
sphere {
	<26.522860, 32.718266, 34.900917> 0.100000
	pigment { color rgbt <1,0,0,0> }
	no_shadow
}
sphere {
	0, 1
	scale<0.080000,0.200000,0.300000>
	matrix <0.549926, -0.834007, -0.044868,
		-0.016590, -0.064617, 0.997772,
		-0.835048, -0.547957, -0.049371,
		26.272345, 32.553879, 34.886105>
	pigment { color rgbt <0,1,1,0> }
	no_shadow
}
cylinder {
	<27.043934, 32.331322, 35.290112>,  <26.856878, 32.937447, 34.920666>, 0.130000
	pigment { color rgbt <1,0,0,0> }
	no_shadow
}

// nucleotide -1

// particle -1
sphere {
	<27.043934, 32.331322, 35.290112> 0.250000
	pigment { color rgbt <1,0,0,0> }
	no_shadow
}
cylinder {
	<26.727951, 32.253242, 35.057606>,  <26.538361, 32.206394, 34.918102>, 0.100000
	pigment { color rgbt <1,0,0,0> }
	no_shadow
}
cylinder {
	<26.727951, 32.253242, 35.057606>,  <27.043934, 32.331322, 35.290112>, 0.100000
	pigment { color rgbt <1,0,0,0> }
	no_shadow
}

// particle -1
sphere {
	<26.727951, 32.253242, 35.057606> 0.100000
	pigment { color rgbt <1,0,0,0> }
	no_shadow
}
sphere {
	0, 1
	scale<0.080000,0.200000,0.300000>
	matrix <0.302939, -0.948442, -0.093195,
		-0.533100, -0.249707, 0.808363,
		-0.789957, -0.195202, -0.581261,
		26.490965, 32.194683, 34.883228>
	pigment { color rgbt <0,1,1,0> }
	no_shadow
}
cylinder {
	<26.538820, 31.945028, 35.586082>,  <27.043934, 32.331322, 35.290112>, 0.130000
	pigment { color rgbt <1,0,0,0> }
	no_shadow
}

// nucleotide -1

// particle -1
sphere {
	<26.538820, 31.945028, 35.586082> 0.250000
	pigment { color rgbt <1,0,0,0> }
	no_shadow
}
cylinder {
	<26.544926, 31.868362, 35.193546>,  <26.548590, 31.822363, 34.958023>, 0.100000
	pigment { color rgbt <1,0,0,0> }
	no_shadow
}
cylinder {
	<26.544926, 31.868362, 35.193546>,  <26.538820, 31.945028, 35.586082>, 0.100000
	pigment { color rgbt <1,0,0,0> }
	no_shadow
}

// particle -1
sphere {
	<26.544926, 31.868362, 35.193546> 0.100000
	pigment { color rgbt <1,0,0,0> }
	no_shadow
}
sphere {
	0, 1
	scale<0.080000,0.200000,0.300000>
	matrix <0.288436, -0.938890, 0.187859,
		-0.957378, -0.285922, 0.040952,
		0.015264, -0.191663, -0.981342,
		26.549505, 31.810863, 34.899143>
	pigment { color rgbt <0,1,1,0> }
	no_shadow
}
cylinder {
	<26.350878, 31.863274, 36.327385>,  <26.538820, 31.945028, 35.586082>, 0.130000
	pigment { color rgbt <1,0,0,0> }
	no_shadow
}

// nucleotide -1

// particle -1
sphere {
	<26.350878, 31.863274, 36.327385> 0.250000
	pigment { color rgbt <1,0,0,0> }
	no_shadow
}
cylinder {
	<26.107285, 32.122803, 36.144882>,  <25.961128, 32.278519, 36.035381>, 0.100000
	pigment { color rgbt <1,0,0,0> }
	no_shadow
}
cylinder {
	<26.107285, 32.122803, 36.144882>,  <26.350878, 31.863274, 36.327385>, 0.100000
	pigment { color rgbt <1,0,0,0> }
	no_shadow
}

// particle -1
sphere {
	<26.107285, 32.122803, 36.144882> 0.100000
	pigment { color rgbt <1,0,0,0> }
	no_shadow
}
sphere {
	0, 1
	scale<0.080000,0.200000,0.300000>
	matrix <-0.757566, -0.305349, 0.576936,
		0.235012, 0.696988, 0.677479,
		-0.608985, 0.648822, -0.456254,
		25.924589, 32.317448, 36.008007>
	pigment { color rgbt <0,1,1,0> }
	no_shadow
}
cylinder {
	<26.106800, 32.370083, 36.858940>,  <26.350878, 31.863274, 36.327385>, 0.130000
	pigment { color rgbt <1,0,0,0> }
	no_shadow
}

// nucleotide -1

// particle -1
sphere {
	<26.106800, 32.370083, 36.858940> 0.250000
	pigment { color rgbt <1,0,0,0> }
	no_shadow
}
cylinder {
	<25.858997, 32.316288, 36.549587>,  <25.710316, 32.284012, 36.363976>, 0.100000
	pigment { color rgbt <1,0,0,0> }
	no_shadow
}
cylinder {
	<25.858997, 32.316288, 36.549587>,  <26.106800, 32.370083, 36.858940>, 0.100000
	pigment { color rgbt <1,0,0,0> }
	no_shadow
}

// particle -1
sphere {
	<25.858997, 32.316288, 36.549587> 0.100000
	pigment { color rgbt <1,0,0,0> }
	no_shadow
}
sphere {
	0, 1
	scale<0.080000,0.200000,0.300000>
	matrix <-0.754729, -0.168871, 0.633930,
		-0.215858, 0.976420, 0.003115,
		-0.619507, -0.134488, -0.773385,
		25.673145, 32.275940, 36.317574>
	pigment { color rgbt <0,1,1,0> }
	no_shadow
}
cylinder {
	<25.411558, 32.064983, 37.083904>,  <26.106800, 32.370083, 36.858940>, 0.130000
	pigment { color rgbt <1,0,0,0> }
	no_shadow
}

// nucleotide -1

// particle -1
sphere {
	<25.411558, 32.064983, 37.083904> 0.250000
	pigment { color rgbt <1,0,0,0> }
	no_shadow
}
cylinder {
	<25.247725, 31.908985, 36.754021>,  <25.149424, 31.815388, 36.556091>, 0.100000
	pigment { color rgbt <1,0,0,0> }
	no_shadow
}
cylinder {
	<25.247725, 31.908985, 36.754021>,  <25.411558, 32.064983, 37.083904>, 0.100000
	pigment { color rgbt <1,0,0,0> }
	no_shadow
}

// particle -1
sphere {
	<25.247725, 31.908985, 36.754021> 0.100000
	pigment { color rgbt <1,0,0,0> }
	no_shadow
}
sphere {
	0, 1
	scale<0.080000,0.200000,0.300000>
	matrix <-0.082144, -0.884579, 0.459100,
		-0.908566, 0.255786, 0.330275,
		-0.409585, -0.389993, -0.824709,
		25.124849, 31.791986, 36.506607>
	pigment { color rgbt <0,1,1,0> }
	no_shadow
}
cylinder {
	<24.649288, 31.757856, 37.162502>,  <25.411558, 32.064983, 37.083904>, 0.130000
	pigment { color rgbt <1,0,0,0> }
	no_shadow
}

// nucleotide -1

// particle -1
sphere {
	<24.649288, 31.757856, 37.162502> 0.250000
	pigment { color rgbt <1,0,0,0> }
	no_shadow
}
cylinder {
	<24.843758, 31.564213, 36.871498>,  <24.960440, 31.448027, 36.696896>, 0.100000
	pigment { color rgbt <1,0,0,0> }
	no_shadow
}
cylinder {
	<24.843758, 31.564213, 36.871498>,  <24.649288, 31.757856, 37.162502>, 0.100000
	pigment { color rgbt <1,0,0,0> }
	no_shadow
}

// particle -1
sphere {
	<24.843758, 31.564213, 36.871498> 0.100000
	pigment { color rgbt <1,0,0,0> }
	no_shadow
}
sphere {
	0, 1
	scale<0.080000,0.200000,0.300000>
	matrix <-0.142454, -0.865296, 0.480594,
		-0.862172, -0.130016, -0.489648,
		0.486176, -0.484107, -0.727512,
		24.989611, 31.418982, 36.653244>
	pigment { color rgbt <0,1,1,0> }
	no_shadow
}
cylinder {
	<24.222883, 31.207968, 36.827641>,  <24.649288, 31.757856, 37.162502>, 0.130000
	pigment { color rgbt <1,0,0,0> }
	no_shadow
}

// nucleotide -1

// particle -1
sphere {
	<24.222883, 31.207968, 36.827641> 0.250000
	pigment { color rgbt <1,0,0,0> }
	no_shadow
}
cylinder {
	<24.604164, 31.114679, 36.750687>,  <24.832933, 31.058706, 36.704514>, 0.100000
	pigment { color rgbt <1,0,0,0> }
	no_shadow
}
cylinder {
	<24.604164, 31.114679, 36.750687>,  <24.222883, 31.207968, 36.827641>, 0.100000
	pigment { color rgbt <1,0,0,0> }
	no_shadow
}

// particle -1
sphere {
	<24.604164, 31.114679, 36.750687> 0.100000
	pigment { color rgbt <1,0,0,0> }
	no_shadow
}
sphere {
	0, 1
	scale<0.080000,0.200000,0.300000>
	matrix <-0.069997, -0.789285, 0.610025,
		-0.294114, -0.568012, -0.768674,
		0.953204, -0.233222, -0.192380,
		24.890125, 31.044712, 36.692974>
	pigment { color rgbt <0,1,1,0> }
	no_shadow
}
cylinder {
	<24.366827, 30.480928, 36.485371>,  <24.222883, 31.207968, 36.827641>, 0.130000
	pigment { color rgbt <1,0,0,0> }
	no_shadow
}

// nucleotide -1

// particle -1
sphere {
	<24.366827, 30.480928, 36.485371> 0.250000
	pigment { color rgbt <1,0,0,0> }
	no_shadow
}
cylinder {
	<24.664461, 30.604284, 36.722431>,  <24.843042, 30.678299, 36.864666>, 0.100000
	pigment { color rgbt <1,0,0,0> }
	no_shadow
}
cylinder {
	<24.664461, 30.604284, 36.722431>,  <24.366827, 30.480928, 36.485371>, 0.100000
	pigment { color rgbt <1,0,0,0> }
	no_shadow
}

// particle -1
sphere {
	<24.664461, 30.604284, 36.722431> 0.100000
	pigment { color rgbt <1,0,0,0> }
	no_shadow
}
sphere {
	0, 1
	scale<0.080000,0.200000,0.300000>
	matrix <-0.080762, -0.839059, 0.538012,
		0.663185, -0.448190, -0.599425,
		0.744085, 0.308391, 0.592648,
		24.887686, 30.696802, 36.900227>
	pigment { color rgbt <0,1,1,0> }
	no_shadow
}
cylinder {
	<24.941801, 30.013531, 36.560837>,  <24.366827, 30.480928, 36.485371>, 0.130000
	pigment { color rgbt <1,0,0,0> }
	no_shadow
}

// nucleotide -1

// particle -1
sphere {
	<24.941801, 30.013531, 36.560837> 0.250000
	pigment { color rgbt <1,0,0,0> }
	no_shadow
}
cylinder {
	<24.968071, 30.222391, 36.900967>,  <24.983833, 30.347708, 37.105045>, 0.100000
	pigment { color rgbt <1,0,0,0> }
	no_shadow
}
cylinder {
	<24.968071, 30.222391, 36.900967>,  <24.941801, 30.013531, 36.560837>, 0.100000
	pigment { color rgbt <1,0,0,0> }
	no_shadow
}

// particle -1
sphere {
	<24.968071, 30.222391, 36.900967> 0.100000
	pigment { color rgbt <1,0,0,0> }
	no_shadow
}
sphere {
	0, 1
	scale<0.080000,0.200000,0.300000>
	matrix <0.076527, -0.852286, 0.517448,
		0.994902, 0.031090, -0.095932,
		0.065674, 0.522151, 0.850321,
		24.987774, 30.379036, 37.156063>
	pigment { color rgbt <0,1,1,0> }
	no_shadow
}
cylinder {
	<25.199322, 29.547333, 37.058266>,  <24.941801, 30.013531, 36.560837>, 0.130000
	pigment { color rgbt <1,0,0,0> }
	no_shadow
}

// nucleotide -1

// particle -1
sphere {
	<25.199322, 29.547333, 37.058266> 0.250000
	pigment { color rgbt <1,0,0,0> }
	no_shadow
}
cylinder {
	<25.067591, 29.815006, 37.324718>,  <24.988552, 29.975611, 37.484592>, 0.100000
	pigment { color rgbt <1,0,0,0> }
	no_shadow
}
cylinder {
	<25.067591, 29.815006, 37.324718>,  <25.199322, 29.547333, 37.058266>, 0.100000
	pigment { color rgbt <1,0,0,0> }
	no_shadow
}

// particle -1
sphere {
	<25.067591, 29.815006, 37.324718> 0.100000
	pigment { color rgbt <1,0,0,0> }
	no_shadow
}
sphere {
	0, 1
	scale<0.080000,0.200000,0.300000>
	matrix <-0.255225, -0.742318, 0.619536,
		0.909067, 0.034016, 0.415258,
		-0.329328, 0.669184, 0.666135,
		24.968792, 30.015762, 37.524559>
	pigment { color rgbt <0,1,1,0> }
	no_shadow
}
cylinder {
	<25.429321, 29.434921, 37.734909>,  <25.199322, 29.547333, 37.058266>, 0.130000
	pigment { color rgbt <1,0,0,0> }
	no_shadow
}

// nucleotide -1

// particle -1
sphere {
	<25.429321, 29.434921, 37.734909> 0.250000
	pigment { color rgbt <1,0,0,0> }
	no_shadow
}
cylinder {
	<25.093132, 29.644382, 37.790611>,  <24.891418, 29.770060, 37.824032>, 0.100000
	pigment { color rgbt <1,0,0,0> }
	no_shadow
}
cylinder {
	<25.093132, 29.644382, 37.790611>,  <25.429321, 29.434921, 37.734909>, 0.100000
	pigment { color rgbt <1,0,0,0> }
	no_shadow
}

// particle -1
sphere {
	<25.093132, 29.644382, 37.790611> 0.100000
	pigment { color rgbt <1,0,0,0> }
	no_shadow
}
sphere {
	0, 1
	scale<0.080000,0.200000,0.300000>
	matrix <-0.343411, -0.713566, 0.610649,
		0.419136, 0.465412, 0.779562,
		-0.840472, 0.523655, 0.139253,
		24.840990, 29.801479, 37.832386>
	pigment { color rgbt <0,1,1,0> }
	no_shadow
}
cylinder {
	<24.854916, 29.179794, 38.263390>,  <25.429321, 29.434921, 37.734909>, 0.130000
	pigment { color rgbt <1,0,0,0> }
	no_shadow
}

// nucleotide -1

// particle -1
sphere {
	<24.854916, 29.179794, 38.263390> 0.250000
	pigment { color rgbt <1,0,0,0> }
	no_shadow
}
cylinder {
	<24.581671, 29.463598, 38.194157>,  <24.417725, 29.633881, 38.152618>, 0.100000
	pigment { color rgbt <1,0,0,0> }
	no_shadow
}
cylinder {
	<24.581671, 29.463598, 38.194157>,  <24.854916, 29.179794, 38.263390>, 0.100000
	pigment { color rgbt <1,0,0,0> }
	no_shadow
}

// particle -1
sphere {
	<24.581671, 29.463598, 38.194157> 0.100000
	pigment { color rgbt <1,0,0,0> }
	no_shadow
}
sphere {
	0, 1
	scale<0.080000,0.200000,0.300000>
	matrix <0.234643, 0.437651, 0.867989,
		0.691593, 0.552322, -0.465446,
		-0.683112, 0.709508, -0.173078,
		24.376738, 29.676451, 38.142235>
	pigment { color rgbt <0,1,1,0> }
	no_shadow
}
cylinder {
	<25.255068, 29.928293, 38.284863>,  <24.854916, 29.179794, 38.263390>, 0.130000
	pigment { color rgbt <1,0,0,0> }
	no_shadow
}

// nucleotide -1

// particle -1
sphere {
	<25.255068, 29.928293, 38.284863> 0.250000
	pigment { color rgbt <1,0,0,0> }
	no_shadow
}
cylinder {
	<24.865486, 29.890944, 38.367516>,  <24.631737, 29.868534, 38.417107>, 0.100000
	pigment { color rgbt <1,0,0,0> }
	no_shadow
}
cylinder {
	<24.865486, 29.890944, 38.367516>,  <25.255068, 29.928293, 38.284863>, 0.100000
	pigment { color rgbt <1,0,0,0> }
	no_shadow
}

// particle -1
sphere {
	<24.865486, 29.890944, 38.367516> 0.100000
	pigment { color rgbt <1,0,0,0> }
	no_shadow
}
sphere {
	0, 1
	scale<0.080000,0.200000,0.300000>
	matrix <0.160046, 0.362456, 0.918156,
		-0.160630, 0.927311, -0.338070,
		-0.973952, -0.093377, 0.206634,
		24.573301, 29.862930, 38.429504>
	pigment { color rgbt <0,1,1,0> }
	no_shadow
}
cylinder {
	<24.962507, 29.603937, 38.904293>,  <25.255068, 29.928293, 38.284863>, 0.130000
	pigment { color rgbt <1,0,0,0> }
	no_shadow
}

// nucleotide -1

// particle -1
sphere {
	<24.962507, 29.603937, 38.904293> 0.250000
	pigment { color rgbt <1,0,0,0> }
	no_shadow
}
cylinder {
	<25.160061, 29.542400, 39.246616>,  <25.278593, 29.505478, 39.452011>, 0.100000
	pigment { color rgbt <1,0,0,0> }
	no_shadow
}
cylinder {
	<25.160061, 29.542400, 39.246616>,  <24.962507, 29.603937, 38.904293>, 0.100000
	pigment { color rgbt <1,0,0,0> }
	no_shadow
}

// particle -1
sphere {
	<25.160061, 29.542400, 39.246616> 0.100000
	pigment { color rgbt <1,0,0,0> }
	no_shadow
}
sphere {
	0, 1
	scale<0.080000,0.200000,0.300000>
	matrix <0.367946, 0.928739, -0.045389,
		-0.787842, 0.337309, 0.515294,
		0.493883, -0.153841, 0.855811,
		25.308226, 29.496248, 39.503361>
	pigment { color rgbt <0,1,1,0> }
	no_shadow
}
cylinder {
	<24.660845, 30.034491, 39.539143>,  <24.962507, 29.603937, 38.904293>, 0.130000
	pigment { color rgbt <1,0,0,0> }
	no_shadow
}

// nucleotide -1

// particle -1
sphere {
	<24.660845, 30.034491, 39.539143> 0.250000
	pigment { color rgbt <1,0,0,0> }
	no_shadow
}
cylinder {
	<25.056894, 29.979010, 39.547268>,  <25.294525, 29.945721, 39.552143>, 0.100000
	pigment { color rgbt <1,0,0,0> }
	no_shadow
}
cylinder {
	<25.056894, 29.979010, 39.547268>,  <24.660845, 30.034491, 39.539143>, 0.100000
	pigment { color rgbt <1,0,0,0> }
	no_shadow
}

// particle -1
sphere {
	<25.056894, 29.979010, 39.547268> 0.100000
	pigment { color rgbt <1,0,0,0> }
	no_shadow
}
sphere {
	0, 1
	scale<0.080000,0.200000,0.300000>
	matrix <0.140167, 0.977508, -0.157580,
		0.002002, 0.158871, 0.987297,
		0.990126, -0.138702, 0.020312,
		25.353931, 29.937399, 39.553360>
	pigment { color rgbt <0,1,1,0> }
	no_shadow
}
cylinder {
	<25.027466, 30.066998, 40.149765>,  <24.660845, 30.034491, 39.539143>, 0.130000
	pigment { color rgbt <1,0,0,0> }
	no_shadow
}

// nucleotide -1

// particle -1
sphere {
	<25.027466, 30.066998, 40.149765> 0.250000
	pigment { color rgbt <1,0,0,0> }
	no_shadow
}
cylinder {
	<24.913883, 29.700806, 40.035736>,  <24.845734, 29.481091, 39.967319>, 0.100000
	pigment { color rgbt <1,0,0,0> }
	no_shadow
}
cylinder {
	<24.913883, 29.700806, 40.035736>,  <25.027466, 30.066998, 40.149765>, 0.100000
	pigment { color rgbt <1,0,0,0> }
	no_shadow
}

// particle -1
sphere {
	<24.913883, 29.700806, 40.035736> 0.100000
	pigment { color rgbt <1,0,0,0> }
	no_shadow
}
sphere {
	0, 1
	scale<0.080000,0.200000,0.300000>
	matrix <0.727720, -0.399359, 0.557616,
		-0.624332, -0.049115, 0.779613,
		-0.283958, -0.915478, -0.285075,
		24.828695, 29.426163, 39.950214>
	pigment { color rgbt <0,1,1,0> }
	no_shadow
}
cylinder {
	<24.896454, 29.703949, 40.699020>,  <25.027466, 30.066998, 40.149765>, 0.130000
	pigment { color rgbt <1,0,0,0> }
	no_shadow
}

// nucleotide -1

// particle -1
sphere {
	<24.896454, 29.703949, 40.699020> 0.250000
	pigment { color rgbt <1,0,0,0> }
	no_shadow
}
cylinder {
	<24.930580, 29.417427, 40.422001>,  <24.951056, 29.245514, 40.255787>, 0.100000
	pigment { color rgbt <1,0,0,0> }
	no_shadow
}
cylinder {
	<24.930580, 29.417427, 40.422001>,  <24.896454, 29.703949, 40.699020>, 0.100000
	pigment { color rgbt <1,0,0,0> }
	no_shadow
}

// particle -1
sphere {
	<24.930580, 29.417427, 40.422001> 0.100000
	pigment { color rgbt <1,0,0,0> }
	no_shadow
}
sphere {
	0, 1
	scale<0.080000,0.200000,0.300000>
	matrix <0.660627, -0.479660, 0.577494,
		-0.745851, -0.506786, 0.432289,
		0.085314, -0.716306, -0.692551,
		24.956175, 29.202536, 40.214237>
	pigment { color rgbt <0,1,1,0> }
	no_shadow
}
cylinder {
	<25.005085, 29.058659, 41.047421>,  <24.896454, 29.703949, 40.699020>, 0.130000
	pigment { color rgbt <1,0,0,0> }
	no_shadow
}

// nucleotide -1

// particle -1
sphere {
	<25.005085, 29.058659, 41.047421> 0.250000
	pigment { color rgbt <1,0,0,0> }
	no_shadow
}
cylinder {
	<25.146038, 28.999043, 40.677856>,  <25.230610, 28.963274, 40.456116>, 0.100000
	pigment { color rgbt <1,0,0,0> }
	no_shadow
}
cylinder {
	<25.146038, 28.999043, 40.677856>,  <25.005085, 29.058659, 41.047421>, 0.100000
	pigment { color rgbt <1,0,0,0> }
	no_shadow
}

// particle -1
sphere {
	<25.146038, 28.999043, 40.677856> 0.100000
	pigment { color rgbt <1,0,0,0> }
	no_shadow
}
sphere {
	0, 1
	scale<0.080000,0.200000,0.300000>
	matrix <0.790751, -0.480601, 0.379123,
		-0.500537, -0.864181, -0.051503,
		0.352384, -0.149040, -0.923912,
		25.251753, 28.954330, 40.400684>
	pigment { color rgbt <0,1,1,0> }
	no_shadow
}
cylinder {
	<25.190462, 28.330275, 40.937054>,  <25.005085, 29.058659, 41.047421>, 0.130000
	pigment { color rgbt <1,0,0,0> }
	no_shadow
}

// nucleotide -1

// particle -1
sphere {
	<25.190462, 28.330275, 40.937054> 0.250000
	pigment { color rgbt <1,0,0,0> }
	no_shadow
}
cylinder {
	<25.390507, 28.613413, 40.737518>,  <25.510534, 28.783297, 40.617798>, 0.100000
	pigment { color rgbt <1,0,0,0> }
	no_shadow
}
cylinder {
	<25.390507, 28.613413, 40.737518>,  <25.190462, 28.330275, 40.937054>, 0.100000
	pigment { color rgbt <1,0,0,0> }
	no_shadow
}

// particle -1
sphere {
	<25.390507, 28.613413, 40.737518> 0.100000
	pigment { color rgbt <1,0,0,0> }
	no_shadow
}
sphere {
	0, 1
	scale<0.080000,0.200000,0.300000>
	matrix <0.864418, -0.373695, 0.336354,
		0.051672, -0.599422, -0.798764,
		0.500112, 0.707846, -0.498841,
		25.540541, 28.825766, 40.587868>
	pigment { color rgbt <0,1,1,0> }
	no_shadow
}
cylinder {
	<25.812235, 28.000271, 40.891853>,  <25.190462, 28.330275, 40.937054>, 0.130000
	pigment { color rgbt <1,0,0,0> }
	no_shadow
}

// nucleotide -1

// particle -1
sphere {
	<25.812235, 28.000271, 40.891853> 0.250000
	pigment { color rgbt <1,0,0,0> }
	no_shadow
}
cylinder {
	<25.874966, 28.384289, 40.799145>,  <25.912603, 28.614700, 40.743519>, 0.100000
	pigment { color rgbt <1,0,0,0> }
	no_shadow
}
cylinder {
	<25.874966, 28.384289, 40.799145>,  <25.812235, 28.000271, 40.891853>, 0.100000
	pigment { color rgbt <1,0,0,0> }
	no_shadow
}

// particle -1
sphere {
	<25.874966, 28.384289, 40.799145> 0.100000
	pigment { color rgbt <1,0,0,0> }
	no_shadow
}
sphere {
	0, 1
	scale<0.080000,0.200000,0.300000>
	matrix <0.884059, -0.031844, 0.466289,
		0.440278, -0.278023, -0.853732,
		0.156825, 0.960046, -0.231768,
		25.922014, 28.672302, 40.729614>
	pigment { color rgbt <0,1,1,0> }
	no_shadow
}
cylinder {
	<26.597908, 28.157251, 40.616741>,  <25.812235, 28.000271, 40.891853>, 0.130000
	pigment { color rgbt <1,0,0,0> }
	no_shadow
}

// nucleotide -1

// particle -1
sphere {
	<26.597908, 28.157251, 40.616741> 0.250000
	pigment { color rgbt <1,0,0,0> }
	no_shadow
}
cylinder {
	<26.419407, 28.460966, 40.806202>,  <26.312305, 28.643194, 40.919876>, 0.100000
	pigment { color rgbt <1,0,0,0> }
	no_shadow
}
cylinder {
	<26.419407, 28.460966, 40.806202>,  <26.597908, 28.157251, 40.616741>, 0.100000
	pigment { color rgbt <1,0,0,0> }
	no_shadow
}

// particle -1
sphere {
	<26.419407, 28.460966, 40.806202> 0.100000
	pigment { color rgbt <1,0,0,0> }
	no_shadow
}
sphere {
	0, 1
	scale<0.080000,0.200000,0.300000>
	matrix <0.724659, -0.003962, 0.689096,
		0.525098, 0.650744, -0.548456,
		-0.446252, 0.759287, 0.473648,
		26.285532, 28.688751, 40.948296>
	pigment { color rgbt <0,1,1,0> }
	no_shadow
}
cylinder {
	<27.103546, 28.126770, 41.334557>,  <26.597908, 28.157251, 40.616741>, 0.130000
	pigment { color rgbt <1,0,0,0> }
	no_shadow
}

// nucleotide -1

// particle -1
sphere {
	<27.103546, 28.126770, 41.334557> 0.250000
	pigment { color rgbt <1,0,0,0> }
	no_shadow
}
cylinder {
	<27.117678, 28.515903, 41.243038>,  <27.126158, 28.749384, 41.188126>, 0.100000
	pigment { color rgbt <1,0,0,0> }
	no_shadow
}
cylinder {
	<27.117678, 28.515903, 41.243038>,  <27.103546, 28.126770, 41.334557>, 0.100000
	pigment { color rgbt <1,0,0,0> }
	no_shadow
}

// particle -1
sphere {
	<27.117678, 28.515903, 41.243038> 0.100000
	pigment { color rgbt <1,0,0,0> }
	no_shadow
}
sphere {
	0, 1
	scale<0.080000,0.200000,0.300000>
	matrix <0.980368, -0.078178, -0.181016,
		-0.193985, -0.217911, -0.956496,
		0.035331, 0.972833, -0.228798,
		27.128277, 28.807753, 41.174400>
	pigment { color rgbt <0,1,1,0> }
	no_shadow
}
cylinder {
	<27.380793, 28.117050, 40.746376>,  <27.103546, 28.126770, 41.334557>, 0.130000
	pigment { color rgbt <1,0,0,0> }
	no_shadow
}

// nucleotide -1

// particle -1
sphere {
	<27.380793, 28.117050, 40.746376> 0.250000
	pigment { color rgbt <1,0,0,0> }
	no_shadow
}
cylinder {
	<27.482861, 28.465849, 40.913471>,  <27.544102, 28.675129, 41.013729>, 0.100000
	pigment { color rgbt <1,0,0,0> }
	no_shadow
}
cylinder {
	<27.482861, 28.465849, 40.913471>,  <27.380793, 28.117050, 40.746376>, 0.100000
	pigment { color rgbt <1,0,0,0> }
	no_shadow
}

// particle -1
sphere {
	<27.482861, 28.465849, 40.913471> 0.100000
	pigment { color rgbt <1,0,0,0> }
	no_shadow
}
sphere {
	0, 1
	scale<0.080000,0.200000,0.300000>
	matrix <0.962379, -0.187335, -0.196804,
		-0.093355, 0.452244, -0.886995,
		0.255169, 0.871998, 0.417741,
		27.559412, 28.727448, 41.038795>
	pigment { color rgbt <0,1,1,0> }
	no_shadow
}
cylinder {
	<27.773058, 28.356361, 40.201210>,  <27.380793, 28.117050, 40.746376>, 0.130000
	pigment { color rgbt <1,0,0,0> }
	no_shadow
}

// nucleotide -1

// particle -1
sphere {
	<27.773058, 28.356361, 40.201210> 0.250000
	pigment { color rgbt <1,0,0,0> }
	no_shadow
}
cylinder {
	<27.844627, 28.485119, 40.573097>,  <27.887569, 28.562374, 40.796230>, 0.100000
	pigment { color rgbt <1,0,0,0> }
	no_shadow
}
cylinder {
	<27.844627, 28.485119, 40.573097>,  <27.773058, 28.356361, 40.201210>, 0.100000
	pigment { color rgbt <1,0,0,0> }
	no_shadow
}

// particle -1
sphere {
	<27.844627, 28.485119, 40.573097> 0.100000
	pigment { color rgbt <1,0,0,0> }
	no_shadow
}
sphere {
	0, 1
	scale<0.080000,0.200000,0.300000>
	matrix <0.973155, -0.196939, -0.119098,
		0.144760, 0.926066, -0.348491,
		0.178924, 0.321895, 0.929715,
		27.898304, 28.581688, 40.852013>
	pigment { color rgbt <0,1,1,0> }
	no_shadow
}
cylinder {
	<28.437637, 28.759232, 40.293617>,  <27.773058, 28.356361, 40.201210>, 0.130000
	pigment { color rgbt <1,0,0,0> }
	no_shadow
}

// nucleotide -1

// particle -1
sphere {
	<28.437637, 28.759232, 40.293617> 0.250000
	pigment { color rgbt <1,0,0,0> }
	no_shadow
}
cylinder {
	<28.405172, 28.566961, 40.642872>,  <28.385695, 28.451599, 40.852425>, 0.100000
	pigment { color rgbt <1,0,0,0> }
	no_shadow
}
cylinder {
	<28.405172, 28.566961, 40.642872>,  <28.437637, 28.759232, 40.293617>, 0.100000
	pigment { color rgbt <1,0,0,0> }
	no_shadow
}

// particle -1
sphere {
	<28.405172, 28.566961, 40.642872> 0.100000
	pigment { color rgbt <1,0,0,0> }
	no_shadow
}
sphere {
	0, 1
	scale<0.080000,0.200000,0.300000>
	matrix <0.940161, -0.327777, -0.093055,
		0.330923, 0.813335, 0.478515,
		-0.081161, -0.480675, 0.873135,
		28.380823, 28.422758, 40.904812>
	pigment { color rgbt <0,1,1,0> }
	no_shadow
}
cylinder {
	<29.161133, 28.578489, 40.361328>,  <28.437637, 28.759232, 40.293617>, 0.130000
	pigment { color rgbt <1,0,0,0> }
	no_shadow
}

// nucleotide -1

// particle -1
sphere {
	<29.161133, 28.578489, 40.361328> 0.250000
	pigment { color rgbt <1,0,0,0> }
	no_shadow
}
cylinder {
	<29.356438, 28.668533, 40.024063>,  <29.473619, 28.722561, 39.821705>, 0.100000
	pigment { color rgbt <1,0,0,0> }
	no_shadow
}
cylinder {
	<29.356438, 28.668533, 40.024063>,  <29.161133, 28.578489, 40.361328>, 0.100000
	pigment { color rgbt <1,0,0,0> }
	no_shadow
}

// particle -1
sphere {
	<29.356438, 28.668533, 40.024063> 0.100000
	pigment { color rgbt <1,0,0,0> }
	no_shadow
}
sphere {
	0, 1
	scale<0.080000,0.200000,0.300000>
	matrix <0.869964, -0.201971, 0.449857,
		-0.069026, -0.953169, -0.294454,
		0.488261, 0.225113, -0.843164,
		29.502916, 28.736067, 39.771114>
	pigment { color rgbt <0,1,1,0> }
	no_shadow
}
cylinder {
	<29.789804, 28.197784, 40.203972>,  <29.161133, 28.578489, 40.361328>, 0.130000
	pigment { color rgbt <1,0,0,0> }
	no_shadow
}

// nucleotide -1

// particle -1
sphere {
	<29.789804, 28.197784, 40.203972> 0.250000
	pigment { color rgbt <1,0,0,0> }
	no_shadow
}
cylinder {
	<29.883738, 28.519745, 39.985985>,  <29.940098, 28.712921, 39.855194>, 0.100000
	pigment { color rgbt <1,0,0,0> }
	no_shadow
}
cylinder {
	<29.883738, 28.519745, 39.985985>,  <29.789804, 28.197784, 40.203972>, 0.100000
	pigment { color rgbt <1,0,0,0> }
	no_shadow
}

// particle -1
sphere {
	<29.883738, 28.519745, 39.985985> 0.100000
	pigment { color rgbt <1,0,0,0> }
	no_shadow
}
sphere {
	0, 1
	scale<0.080000,0.200000,0.300000>
	matrix <0.956121, -0.090235, 0.278731,
		0.175176, -0.586507, -0.790773,
		0.234834, 0.804902, -0.544965,
		29.954187, 28.761215, 39.822495>
	pigment { color rgbt <0,1,1,0> }
	no_shadow
}
cylinder {
	<29.719267, 28.415676, 40.875240>,  <29.789804, 28.197784, 40.203972>, 0.130000
	pigment { color rgbt <1,0,0,0> }
	no_shadow
}

// nucleotide -1

// particle -1
sphere {
	<29.719267, 28.415676, 40.875240> 0.250000
	pigment { color rgbt <1,0,0,0> }
	no_shadow
}
cylinder {
	<29.328094, 28.342701, 40.915977>,  <29.093391, 28.298916, 40.940418>, 0.100000
	pigment { color rgbt <1,0,0,0> }
	no_shadow
}
cylinder {
	<29.328094, 28.342701, 40.915977>,  <29.719267, 28.415676, 40.875240>, 0.100000
	pigment { color rgbt <1,0,0,0> }
	no_shadow
}

// particle -1
sphere {
	<29.328094, 28.342701, 40.915977> 0.100000
	pigment { color rgbt <1,0,0,0> }
	no_shadow
}
sphere {
	0, 1
	scale<0.080000,0.200000,0.300000>
	matrix <0.011976, 0.437671, 0.899055,
		-0.208595, 0.880432, -0.425826,
		-0.977929, -0.182439, 0.101840,
		29.034716, 28.287970, 40.946529>
	pigment { color rgbt <0,1,1,0> }
	no_shadow
}
cylinder {
	<30.183556, 28.581387, 41.492447>,  <29.719267, 28.415676, 40.875240>, 0.130000
	pigment { color rgbt <1,0,0,0> }
	no_shadow
}

// nucleotide -1

// particle -1
sphere {
	<30.183556, 28.581387, 41.492447> 0.250000
	pigment { color rgbt <1,0,0,0> }
	no_shadow
}
cylinder {
	<30.457813, 28.871744, 41.514267>,  <30.622368, 29.045958, 41.527359>, 0.100000
	pigment { color rgbt <1,0,0,0> }
	no_shadow
}
cylinder {
	<30.457813, 28.871744, 41.514267>,  <30.183556, 28.581387, 41.492447>, 0.100000
	pigment { color rgbt <1,0,0,0> }
	no_shadow
}

// particle -1
sphere {
	<30.457813, 28.871744, 41.514267> 0.100000
	pigment { color rgbt <1,0,0,0> }
	no_shadow
}
sphere {
	0, 1
	scale<0.080000,0.200000,0.300000>
	matrix <0.699675, -0.636487, -0.324560,
		-0.200873, 0.260702, -0.944291,
		0.685642, 0.725892, 0.054553,
		30.663506, 29.089512, 41.530632>
	pigment { color rgbt <0,1,1,0> }
	no_shadow
}
cylinder {
	<30.574085, 28.800941, 40.811893>,  <30.183556, 28.581387, 41.492447>, 0.130000
	pigment { color rgbt <1,0,0,0> }
	no_shadow
}

// nucleotide -1

// particle -1
sphere {
	<30.574085, 28.800941, 40.811893> 0.250000
	pigment { color rgbt <1,0,0,0> }
	no_shadow
}
cylinder {
	<30.810686, 28.837944, 41.132286>,  <30.952646, 28.860146, 41.324520>, 0.100000
	pigment { color rgbt <1,0,0,0> }
	no_shadow
}
cylinder {
	<30.810686, 28.837944, 41.132286>,  <30.574085, 28.800941, 40.811893>, 0.100000
	pigment { color rgbt <1,0,0,0> }
	no_shadow
}

// particle -1
sphere {
	<30.810686, 28.837944, 41.132286> 0.100000
	pigment { color rgbt <1,0,0,0> }
	no_shadow
}
sphere {
	0, 1
	scale<0.080000,0.200000,0.300000>
	matrix <0.697793, -0.556463, -0.451036,
		0.403991, 0.825706, -0.393701,
		0.591504, 0.092508, 0.800978,
		30.988138, 28.865696, 41.372578>
	pigment { color rgbt <0,1,1,0> }
	no_shadow
}
cylinder {
	<31.190905, 28.906109, 40.381004>,  <30.574085, 28.800941, 40.811893>, 0.130000
	pigment { color rgbt <1,0,0,0> }
	no_shadow
}

// nucleotide -1

// particle -1
sphere {
	<31.190905, 28.906109, 40.381004> 0.250000
	pigment { color rgbt <1,0,0,0> }
	no_shadow
}
cylinder {
	<31.254759, 28.753899, 40.745358>,  <31.293072, 28.662573, 40.963970>, 0.100000
	pigment { color rgbt <1,0,0,0> }
	no_shadow
}
cylinder {
	<31.254759, 28.753899, 40.745358>,  <31.190905, 28.906109, 40.381004>, 0.100000
	pigment { color rgbt <1,0,0,0> }
	no_shadow
}

// particle -1
sphere {
	<31.254759, 28.753899, 40.745358> 0.100000
	pigment { color rgbt <1,0,0,0> }
	no_shadow
}
sphere {
	0, 1
	scale<0.080000,0.200000,0.300000>
	matrix <0.557745, -0.726567, -0.401275,
		0.814516, 0.572101, 0.096251,
		0.159637, -0.380528, 0.910887,
		31.302650, 28.639740, 41.018623>
	pigment { color rgbt <0,1,1,0> }
	no_shadow
}
cylinder {
	<31.946154, 28.786592, 40.556881>,  <31.190905, 28.906109, 40.381004>, 0.130000
	pigment { color rgbt <1,0,0,0> }
	no_shadow
}

// nucleotide -1

// particle -1
sphere {
	<31.946154, 28.786592, 40.556881> 0.250000
	pigment { color rgbt <1,0,0,0> }
	no_shadow
}
cylinder {
	<31.703302, 28.514202, 40.720673>,  <31.557592, 28.350769, 40.818947>, 0.100000
	pigment { color rgbt <1,0,0,0> }
	no_shadow
}
cylinder {
	<31.703302, 28.514202, 40.720673>,  <31.946154, 28.786592, 40.556881>, 0.100000
	pigment { color rgbt <1,0,0,0> }
	no_shadow
}

// particle -1
sphere {
	<31.703302, 28.514202, 40.720673> 0.100000
	pigment { color rgbt <1,0,0,0> }
	no_shadow
}
sphere {
	0, 1
	scale<0.080000,0.200000,0.300000>
	matrix <0.476439, -0.724385, -0.498269,
		0.635927, -0.107421, 0.764237,
		-0.607126, -0.680975, 0.409476,
		31.521164, 28.309910, 40.843517>
	pigment { color rgbt <0,1,1,0> }
	no_shadow
}
cylinder {
	<32.034710, 28.070229, 40.895248>,  <31.946154, 28.786592, 40.556881>, 0.130000
	pigment { color rgbt <1,0,0,0> }
	no_shadow
}

// nucleotide -1

// particle -1
sphere {
	<32.034710, 28.070229, 40.895248> 0.250000
	pigment { color rgbt <1,0,0,0> }
	no_shadow
}
cylinder {
	<31.891542, 27.817455, 40.620277>,  <31.805643, 27.665791, 40.455296>, 0.100000
	pigment { color rgbt <1,0,0,0> }
	no_shadow
}
cylinder {
	<31.891542, 27.817455, 40.620277>,  <32.034710, 28.070229, 40.895248>, 0.100000
	pigment { color rgbt <1,0,0,0> }
	no_shadow
}

// particle -1
sphere {
	<31.891542, 27.817455, 40.620277> 0.100000
	pigment { color rgbt <1,0,0,0> }
	no_shadow
}
sphere {
	0, 1
	scale<0.080000,0.200000,0.300000>
	matrix <-0.086723, 0.755512, -0.649369,
		0.929717, -0.172805, -0.325215,
		-0.357918, -0.631933, -0.687426,
		31.784166, 27.627876, 40.414051>
	pigment { color rgbt <0,1,1,0> }
	no_shadow
}
cylinder {
	<32.500214, 28.024551, 40.344387>,  <32.034710, 28.070229, 40.895248>, 0.130000
	pigment { color rgbt <1,0,0,0> }
	no_shadow
}

// nucleotide -1

// particle -1
sphere {
	<32.500214, 28.024551, 40.344387> 0.250000
	pigment { color rgbt <1,0,0,0> }
	no_shadow
}
cylinder {
	<32.128201, 27.939384, 40.224586>,  <31.904991, 27.888285, 40.152706>, 0.100000
	pigment { color rgbt <1,0,0,0> }
	no_shadow
}
cylinder {
	<32.128201, 27.939384, 40.224586>,  <32.500214, 28.024551, 40.344387>, 0.100000
	pigment { color rgbt <1,0,0,0> }
	no_shadow
}

// particle -1
sphere {
	<32.128201, 27.939384, 40.224586> 0.100000
	pigment { color rgbt <1,0,0,0> }
	no_shadow
}
sphere {
	0, 1
	scale<0.080000,0.200000,0.300000>
	matrix <0.046572, 0.740169, -0.670806,
