// switches for output
#declare DRAW_BASES = 1; // possible values are 0, 1; only relevant for DNA ribbons
#declare DRAW_BASES_TYPE = 3; // possible values are 1, 2, 3; only relevant for DNA ribbons
#declare DRAW_FOG = 0; // set to 1 to enable fog

#include "colors.inc"

#include "transforms.inc"
background { rgb <1, 1, 1>}

#default {
   normal{
       ripples 0.25
       frequency 0.20
       turbulence 0.2
       lambda 5
   }
	finish {
		phong 0.1
		phong_size 40.
	}
}

// original window dimensions: 1024x640


// camera settings

camera {
	sky <0, 0.179814, -0.983701>
	up <0, 0.179814, -0.983701>
	right 1.6 * <1, 0, 0>
	location <35, 94.9851, 44.8844>
	look_at <35, 29.7336, 32.9568>
	direction <0, -65.2515, -11.9276>
	angle 67.0682
}


# declare cpy_camera_pos = <35, 94.9851, 44.8844>;
# if (DRAW_FOG = 1)
fog {
	fog_type 2
	up vnormalize(cpy_camera_pos)
	color rgbt<1,1,1,0.3>
	distance 1e-5
	fog_alt 3e-3
	fog_offset 56
}
# end


// LIGHTS

# declare lum = 6;
global_settings {
	ambient_light rgb lum * <0.05, 0.05, 0.05>
	max_trace_level 15
}# declare cpy_direct_light_amount = 0.25;
light_source
{	1000 * <-1, -1.16352, -0.803886>,
	rgb lum * cpy_direct_light_amount
	parallel
}

light_source
{	1000 * <1, 1.16352, 0.803886>,
	rgb lum * cpy_direct_light_amount
	parallel
}

// strand 0

// nucleotide -1

// particle -1
sphere {
	<24.179777, 34.485321, 35.161976> 0.250000
	pigment { color rgbt <1,0,0,0> }
	no_shadow
}
cylinder {
	<24.145496, 34.880142, 35.107742>,  <24.124928, 35.117035, 35.075203>, 0.100000
	pigment { color rgbt <1,0,0,0> }
	no_shadow
}
cylinder {
	<24.145496, 34.880142, 35.107742>,  <24.179777, 34.485321, 35.161976>, 0.100000
	pigment { color rgbt <1,0,0,0> }
	no_shadow
}

// particle -1
sphere {
	<24.145496, 34.880142, 35.107742> 0.100000
	pigment { color rgbt <1,0,0,0> }
	no_shadow
}
sphere {
	0, 1
	scale<0.080000,0.200000,0.300000>
	matrix <0.579557, 0.160080, 0.799055,
		0.810413, -0.010097, -0.585772,
		-0.085703, 0.987052, -0.135583,
		24.119785, 35.176258, 35.067066>
	pigment { color rgbt <0,1,1,0> }
	no_shadow
}
cylinder {
	<24.747360, 34.897152, 35.208160>,  <24.179777, 34.485321, 35.161976>, 0.130000
	pigment { color rgbt <1,0,0,0> }
	no_shadow
}

// nucleotide -1

// particle -1
sphere {
	<24.747360, 34.897152, 35.208160> 0.250000
	pigment { color rgbt <1,0,0,0> }
	no_shadow
}
cylinder {
	<24.489378, 35.166756, 35.352242>,  <24.334589, 35.328518, 35.438690>, 0.100000
	pigment { color rgbt <1,0,0,0> }
	no_shadow
}
cylinder {
	<24.489378, 35.166756, 35.352242>,  <24.747360, 34.897152, 35.208160>, 0.100000
	pigment { color rgbt <1,0,0,0> }
	no_shadow
}

// particle -1
sphere {
	<24.489378, 35.166756, 35.352242> 0.100000
	pigment { color rgbt <1,0,0,0> }
	no_shadow
}
sphere {
	0, 1
	scale<0.080000,0.200000,0.300000>
	matrix <0.617981, 0.182692, 0.764672,
		0.449589, 0.715778, -0.534352,
		-0.644957, 0.674007, 0.360201,
		24.295891, 35.368958, 35.460300>
	pigment { color rgbt <0,1,1,0> }
	no_shadow
}
cylinder {
	<25.137899, 35.427311, 35.330418>,  <24.747360, 34.897152, 35.208160>, 0.130000
	pigment { color rgbt <1,0,0,0> }
	no_shadow
}

// nucleotide -1

// particle -1
sphere {
	<25.137899, 35.427311, 35.330418> 0.250000
	pigment { color rgbt <1,0,0,0> }
	no_shadow
}
cylinder {
	<24.806997, 35.437771, 35.554905>,  <24.608456, 35.444046, 35.689598>, 0.100000
	pigment { color rgbt <1,0,0,0> }
	no_shadow
}
cylinder {
	<24.806997, 35.437771, 35.554905>,  <25.137899, 35.427311, 35.330418>, 0.100000
	pigment { color rgbt <1,0,0,0> }
	no_shadow
}

// particle -1
sphere {
	<24.806997, 35.437771, 35.554905> 0.100000
	pigment { color rgbt <1,0,0,0> }
	no_shadow
}
sphere {
	0, 1
	scale<0.080000,0.200000,0.300000>
	matrix <0.558388, 0.148629, 0.816157,
		-0.062070, 0.988547, -0.137556,
		-0.827255, 0.026151, 0.561218,
		24.558821, 35.445618, 35.723270>
	pigment { color rgbt <0,1,1,0> }
	no_shadow
}
cylinder {
	<25.733707, 35.521961, 35.056278>,  <25.137899, 35.427311, 35.330418>, 0.130000
	pigment { color rgbt <1,0,0,0> }
	no_shadow
}

// nucleotide -1

// particle -1
sphere {
	<25.733707, 35.521961, 35.056278> 0.250000
	pigment { color rgbt <1,0,0,0> }
	no_shadow
}
cylinder {
	<25.571033, 35.885315, 35.095169>,  <25.473429, 36.103325, 35.118504>, 0.100000
	pigment { color rgbt <1,0,0,0> }
	no_shadow
}
cylinder {
	<25.571033, 35.885315, 35.095169>,  <25.733707, 35.521961, 35.056278>, 0.100000
	pigment { color rgbt <1,0,0,0> }
	no_shadow
}

// particle -1
sphere {
	<25.571033, 35.885315, 35.095169> 0.100000
	pigment { color rgbt <1,0,0,0> }
	no_shadow
}
sphere {
	0, 1
	scale<0.080000,0.200000,0.300000>
	matrix <0.881512, 0.418132, -0.219322,
		-0.239881, -0.003491, -0.970796,
		-0.406686, 0.908380, 0.097225,
		25.449028, 36.157829, 35.124336>
	pigment { color rgbt <0,1,1,0> }
	no_shadow
}
cylinder {
	<25.761288, 35.868172, 34.439995>,  <25.733707, 35.521961, 35.056278>, 0.130000
	pigment { color rgbt <1,0,0,0> }
	no_shadow
}

// nucleotide -1

// particle -1
sphere {
	<25.761288, 35.868172, 34.439995> 0.250000
	pigment { color rgbt <1,0,0,0> }
	no_shadow
}
cylinder {
	<25.796856, 36.103230, 34.761681>,  <25.818197, 36.244263, 34.954693>, 0.100000
	pigment { color rgbt <1,0,0,0> }
	no_shadow
}
cylinder {
	<25.796856, 36.103230, 34.761681>,  <25.761288, 35.868172, 34.439995>, 0.100000
	pigment { color rgbt <1,0,0,0> }
	no_shadow
}

// particle -1
sphere {
	<25.796856, 36.103230, 34.761681> 0.100000
	pigment { color rgbt <1,0,0,0> }
	no_shadow
}
sphere {
	0, 1
	scale<0.080000,0.200000,0.300000>
	matrix <0.922824, 0.255233, -0.288534,
		-0.374818, 0.767810, -0.519596,
		0.088921, 0.587643, 0.804219,
		25.823532, 36.279522, 35.002945>
	pigment { color rgbt <0,1,1,0> }
	no_shadow
}
cylinder {
	<26.065207, 36.578583, 34.264961>,  <25.761288, 35.868172, 34.439995>, 0.130000
	pigment { color rgbt <1,0,0,0> }
	no_shadow
}

// nucleotide -1

// particle -1
sphere {
	<26.065207, 36.578583, 34.264961> 0.250000
	pigment { color rgbt <1,0,0,0> }
	no_shadow
}
cylinder {
	<26.147608, 36.457169, 34.637074>,  <26.197048, 36.384319, 34.860340>, 0.100000
	pigment { color rgbt <1,0,0,0> }
	no_shadow
}
cylinder {
	<26.147608, 36.457169, 34.637074>,  <26.065207, 36.578583, 34.264961>, 0.100000
	pigment { color rgbt <1,0,0,0> }
	no_shadow
}

// particle -1
sphere {
	<26.147608, 36.457169, 34.637074> 0.100000
	pigment { color rgbt <1,0,0,0> }
	no_shadow
}
sphere {
	0, 1
	scale<0.080000,0.200000,0.300000>
	matrix <0.967129, 0.207985, -0.146300,
		-0.149078, 0.929843, 0.336403,
		0.206003, -0.303535, 0.930285,
		26.209408, 36.366108, 34.916161>
	pigment { color rgbt <0,1,1,0> }
	no_shadow
}
cylinder {
	<26.407946, 37.099457, 34.573341>,  <26.065207, 36.578583, 34.264961>, 0.130000
	pigment { color rgbt <1,0,0,0> }
	no_shadow
}

// nucleotide -1

// particle -1
sphere {
	<26.407946, 37.099457, 34.573341> 0.250000
	pigment { color rgbt <1,0,0,0> }
	no_shadow
}
cylinder {
	<26.510305, 36.774223, 34.782497>,  <26.571722, 36.579082, 34.907990>, 0.100000
	pigment { color rgbt <1,0,0,0> }
	no_shadow
}
cylinder {
	<26.510305, 36.774223, 34.782497>,  <26.407946, 37.099457, 34.573341>, 0.100000
	pigment { color rgbt <1,0,0,0> }
	no_shadow
}

// particle -1
sphere {
	<26.510305, 36.774223, 34.782497> 0.100000
	pigment { color rgbt <1,0,0,0> }
	no_shadow
}
sphere {
	0, 1
	scale<0.080000,0.200000,0.300000>
	matrix <0.953205, 0.122156, -0.276546,
		0.160981, 0.569187, 0.806295,
		0.255900, -0.813083, 0.522887,
		26.587076, 36.530300, 34.939365>
	pigment { color rgbt <0,1,1,0> }
	no_shadow
}
cylinder {
	<27.114655, 37.148712, 34.943272>,  <26.407946, 37.099457, 34.573341>, 0.130000
	pigment { color rgbt <1,0,0,0> }
	no_shadow
}

// nucleotide -1

// particle -1
sphere {
	<27.114655, 37.148712, 34.943272> 0.250000
	pigment { color rgbt <1,0,0,0> }
	no_shadow
}
cylinder {
	<27.228359, 37.467178, 34.729614>,  <27.296581, 37.658260, 34.601421>, 0.100000
	pigment { color rgbt <1,0,0,0> }
	no_shadow
}
cylinder {
	<27.228359, 37.467178, 34.729614>,  <27.114655, 37.148712, 34.943272>, 0.100000
	pigment { color rgbt <1,0,0,0> }
	no_shadow
}

// particle -1
sphere {
	<27.228359, 37.467178, 34.729614> 0.100000
	pigment { color rgbt <1,0,0,0> }
	no_shadow
}
sphere {
	0, 1
	scale<0.080000,0.200000,0.300000>
	matrix <0.879656, -0.438167, -0.184974,
		-0.381315, -0.417281, -0.824910,
		0.284261, 0.796170, -0.534143,
		27.313637, 37.706028, 34.569370>
	pigment { color rgbt <0,1,1,0> }
	no_shadow
}
cylinder {
	<27.226616, 36.876450, 34.227650>,  <27.114655, 37.148712, 34.943272>, 0.130000
	pigment { color rgbt <1,0,0,0> }
	no_shadow
}

// nucleotide -1

// particle -1
sphere {
	<27.226616, 36.876450, 34.227650> 0.250000
	pigment { color rgbt <1,0,0,0> }
	no_shadow
}
cylinder {
	<27.416590, 37.186745, 34.393864>,  <27.530575, 37.372921, 34.493591>, 0.100000
	pigment { color rgbt <1,0,0,0> }
	no_shadow
}
cylinder {
	<27.416590, 37.186745, 34.393864>,  <27.226616, 36.876450, 34.227650>, 0.100000
	pigment { color rgbt <1,0,0,0> }
	no_shadow
}

// particle -1
sphere {
	<27.416590, 37.186745, 34.393864> 0.100000
	pigment { color rgbt <1,0,0,0> }
	no_shadow
}
sphere {
	0, 1
	scale<0.080000,0.200000,0.300000>
	matrix <0.877998, -0.449691, -0.164007,
		0.059636, 0.442730, -0.894670,
		0.474936, 0.775737, 0.415534,
		27.559071, 37.419464, 34.518524>
	pigment { color rgbt <0,1,1,0> }
	no_shadow
}
cylinder {
	<27.962612, 36.588760, 34.239143>,  <27.226616, 36.876450, 34.227650>, 0.130000
	pigment { color rgbt <1,0,0,0> }
	no_shadow
}

// nucleotide -1

// particle -1
sphere {
	<27.962612, 36.588760, 34.239143> 0.250000
	pigment { color rgbt <1,0,0,0> }
	no_shadow
}
cylinder {
	<27.784729, 36.251858, 34.361019>,  <27.677999, 36.049717, 34.434143>, 0.100000
	pigment { color rgbt <1,0,0,0> }
	no_shadow
}
cylinder {
	<27.784729, 36.251858, 34.361019>,  <27.962612, 36.588760, 34.239143>, 0.100000
	pigment { color rgbt <1,0,0,0> }
	no_shadow
}

// particle -1
sphere {
	<27.784729, 36.251858, 34.361019> 0.100000
	pigment { color rgbt <1,0,0,0> }
	no_shadow
}
sphere {
	0, 1
	scale<0.080000,0.200000,0.300000>
	matrix <0.889252, -0.455857, 0.037760,
		0.107089, 0.287735, 0.951704,
		-0.444706, -0.842261, 0.304686,
		27.651318, 35.999180, 34.452423>
	pigment { color rgbt <0,1,1,0> }
	no_shadow
}
cylinder {
	<28.405403, 36.324093, 34.736523>,  <27.962612, 36.588760, 34.239143>, 0.130000
	pigment { color rgbt <1,0,0,0> }
	no_shadow
}

// nucleotide -1

// particle -1
sphere {
	<28.405403, 36.324093, 34.736523> 0.250000
	pigment { color rgbt <1,0,0,0> }
	no_shadow
}
cylinder {
	<28.194326, 36.032028, 34.562897>,  <28.067680, 35.856789, 34.458721>, 0.100000
	pigment { color rgbt <1,0,0,0> }
	no_shadow
}
cylinder {
	<28.194326, 36.032028, 34.562897>,  <28.405403, 36.324093, 34.736523>, 0.100000
	pigment { color rgbt <1,0,0,0> }
	no_shadow
}

// particle -1
sphere {
	<28.194326, 36.032028, 34.562897> 0.100000
	pigment { color rgbt <1,0,0,0> }
	no_shadow
}
sphere {
	0, 1
	scale<0.080000,0.200000,0.300000>
	matrix <0.818498, -0.573728, -0.029955,
		-0.227161, -0.371084, 0.900386,
		-0.527692, -0.730159, -0.434060,
		28.036018, 35.812981, 34.432678>
	pigment { color rgbt <0,1,1,0> }
	no_shadow
}
cylinder {
	<28.337046, 35.690804, 35.093040>,  <28.405403, 36.324093, 34.736523>, 0.130000
	pigment { color rgbt <1,0,0,0> }
	no_shadow
}

// nucleotide -1

// particle -1
sphere {
	<28.337046, 35.690804, 35.093040> 0.250000
	pigment { color rgbt <1,0,0,0> }
	no_shadow
}
cylinder {
	<28.337999, 35.620304, 34.699303>,  <28.338572, 35.578003, 34.463058>, 0.100000
	pigment { color rgbt <1,0,0,0> }
	no_shadow
}
cylinder {
	<28.337999, 35.620304, 34.699303>,  <28.337046, 35.690804, 35.093040>, 0.100000
	pigment { color rgbt <1,0,0,0> }
	no_shadow
}

// particle -1
sphere {
	<28.337999, 35.620304, 34.699303> 0.100000
	pigment { color rgbt <1,0,0,0> }
	no_shadow
}
sphere {
	0, 1
	scale<0.080000,0.200000,0.300000>
	matrix <0.904814, -0.418755, 0.077170,
		-0.425800, -0.890831, 0.158473,
		0.002384, -0.176248, -0.984343,
		28.338715, 35.567429, 34.403999>
	pigment { color rgbt <0,1,1,0> }
	no_shadow
}
cylinder {
	<28.487772, 34.964909, 35.150936>,  <28.337046, 35.690804, 35.093040>, 0.130000
	pigment { color rgbt <1,0,0,0> }
	no_shadow
}

// nucleotide -1

// particle -1
sphere {
	<28.487772, 34.964909, 35.150936> 0.250000
	pigment { color rgbt <1,0,0,0> }
	no_shadow
}
cylinder {
	<28.588015, 35.131828, 34.801521>,  <28.648161, 35.231979, 34.591873>, 0.100000
	pigment { color rgbt <1,0,0,0> }
	no_shadow
}
cylinder {
	<28.588015, 35.131828, 34.801521>,  <28.487772, 34.964909, 35.150936>, 0.100000
	pigment { color rgbt <1,0,0,0> }
	no_shadow
}

// particle -1
sphere {
	<28.588015, 35.131828, 34.801521> 0.100000
	pigment { color rgbt <1,0,0,0> }
	no_shadow
}
sphere {
	0, 1
	scale<0.080000,0.200000,0.300000>
	matrix <0.886842, -0.460798, 0.034297,
		-0.388210, -0.783280, -0.485556,
		0.250607, 0.417297, -0.873532,
		28.663197, 35.257019, 34.539463>
	pigment { color rgbt <0,1,1,0> }
	no_shadow
}
cylinder {
	<28.912016, 34.476509, 34.813419>,  <28.487772, 34.964909, 35.150936>, 0.130000
	pigment { color rgbt <1,0,0,0> }
	no_shadow
}

// nucleotide -1

// particle -1
sphere {
	<28.912016, 34.476509, 34.813419> 0.250000
	pigment { color rgbt <1,0,0,0> }
	no_shadow
}
cylinder {
	<29.011387, 34.825211, 34.644501>,  <29.071009, 35.034431, 34.543148>, 0.100000
	pigment { color rgbt <1,0,0,0> }
	no_shadow
}
cylinder {
	<29.011387, 34.825211, 34.644501>,  <28.912016, 34.476509, 34.813419>, 0.100000
	pigment { color rgbt <1,0,0,0> }
	no_shadow
}

// particle -1
sphere {
	<29.011387, 34.825211, 34.644501> 0.100000
	pigment { color rgbt <1,0,0,0> }
	no_shadow
}
sphere {
	0, 1
	scale<0.080000,0.200000,0.300000>
	matrix <0.943196, -0.118414, 0.310418,
		0.220602, -0.475425, -0.851649,
		0.248427, 0.871751, -0.422296,
		29.085915, 35.086735, 34.517811>
	pigment { color rgbt <0,1,1,0> }
	no_shadow
}
cylinder {
	<29.598297, 34.394165, 34.321659>,  <28.912016, 34.476509, 34.813419>, 0.130000
	pigment { color rgbt <1,0,0,0> }
	no_shadow
}

// nucleotide -1

// particle -1
sphere {
	<29.598297, 34.394165, 34.321659> 0.250000
	pigment { color rgbt <1,0,0,0> }
	no_shadow
}
cylinder {
	<29.568064, 34.766644, 34.464294>,  <29.549923, 34.990131, 34.549877>, 0.100000
	pigment { color rgbt <1,0,0,0> }
	no_shadow
}
cylinder {
	<29.568064, 34.766644, 34.464294>,  <29.598297, 34.394165, 34.321659>, 0.100000
	pigment { color rgbt <1,0,0,0> }
	no_shadow
}

// particle -1
sphere {
	<29.568064, 34.766644, 34.464294> 0.100000
	pigment { color rgbt <1,0,0,0> }
	no_shadow
}
sphere {
	0, 1
	scale<0.080000,0.200000,0.300000>
	matrix <0.943598, -0.048813, 0.327476,
		0.322351, 0.361232, -0.874986,
		-0.075584, 0.931197, 0.356593,
		29.545389, 35.046001, 34.571274>
	pigment { color rgbt <0,1,1,0> }
	no_shadow
}
cylinder {
	<30.167601, 34.811043, 34.012684>,  <29.598297, 34.394165, 34.321659>, 0.130000
	pigment { color rgbt <1,0,0,0> }
	no_shadow
}

// nucleotide -1

// particle -1
sphere {
	<30.167601, 34.811043, 34.012684> 0.250000
	pigment { color rgbt <1,0,0,0> }
	no_shadow
}
cylinder {
	<30.052683, 34.967228, 34.362541>,  <29.983732, 35.060940, 34.572456>, 0.100000
	pigment { color rgbt <1,0,0,0> }
	no_shadow
}
cylinder {
	<30.052683, 34.967228, 34.362541>,  <30.167601, 34.811043, 34.012684>, 0.100000
	pigment { color rgbt <1,0,0,0> }
	no_shadow
}

// particle -1
sphere {
	<30.052683, 34.967228, 34.362541> 0.100000
	pigment { color rgbt <1,0,0,0> }
	no_shadow
}
sphere {
	0, 1
	scale<0.080000,0.200000,0.300000>
	matrix <0.944262, -0.037763, 0.327021,
		0.160718, 0.919844, -0.357849,
		-0.287295, 0.390462, 0.874644,
		29.966494, 35.084366, 34.624935>
	pigment { color rgbt <0,1,1,0> }
	no_shadow
}
cylinder {
	<30.674942, 35.265808, 34.184799>,  <30.167601, 34.811043, 34.012684>, 0.130000
	pigment { color rgbt <1,0,0,0> }
	no_shadow
}

// nucleotide -1

// particle -1
sphere {
	<30.674942, 35.265808, 34.184799> 0.250000
	pigment { color rgbt <1,0,0,0> }
	no_shadow
}
cylinder {
	<30.521242, 35.169189, 34.541229>,  <30.429022, 35.111217, 34.755085>, 0.100000
	pigment { color rgbt <1,0,0,0> }
	no_shadow
}
cylinder {
	<30.521242, 35.169189, 34.541229>,  <30.674942, 35.265808, 34.184799>, 0.100000
	pigment { color rgbt <1,0,0,0> }
	no_shadow
}

// particle -1
sphere {
	<30.521242, 35.169189, 34.541229> 0.100000
	pigment { color rgbt <1,0,0,0> }
	no_shadow
}
sphere {
	0, 1
	scale<0.080000,0.200000,0.300000>
	matrix <0.919252, -0.189599, 0.345005,
		0.085611, 0.951687, 0.294894,
		-0.384248, -0.241546, 0.891072,
		30.405968, 35.096725, 34.808552>
	pigment { color rgbt <0,1,1,0> }
	no_shadow
}
cylinder {
	<31.098072, 35.485741, 34.638412>,  <30.674942, 35.265808, 34.184799>, 0.130000
	pigment { color rgbt <1,0,0,0> }
	no_shadow
}

// nucleotide -1

// particle -1
sphere {
	<31.098072, 35.485741, 34.638412> 0.250000
	pigment { color rgbt <1,0,0,0> }
	no_shadow
}
cylinder {
	<30.915241, 35.212055, 34.865719>,  <30.805544, 35.047844, 35.002102>, 0.100000
	pigment { color rgbt <1,0,0,0> }
	no_shadow
}
cylinder {
	<30.915241, 35.212055, 34.865719>,  <31.098072, 35.485741, 34.638412>, 0.100000
	pigment { color rgbt <1,0,0,0> }
	no_shadow
}

// particle -1
sphere {
	<30.915241, 35.212055, 34.865719> 0.100000
	pigment { color rgbt <1,0,0,0> }
	no_shadow
}
sphere {
	0, 1
	scale<0.080000,0.200000,0.300000>
	matrix <0.884665, -0.283706, 0.369971,
		-0.091919, 0.671832, 0.734978,
		-0.457076, -0.684216, 0.568268,
		30.778118, 35.006790, 35.036198>
	pigment { color rgbt <0,1,1,0> }
	no_shadow
}
cylinder {
	<31.409025, 35.485603, 35.453304>,  <31.098072, 35.485741, 34.638412>, 0.130000
	pigment { color rgbt <1,0,0,0> }
	no_shadow
}

// nucleotide -1

// particle -1
sphere {
	<31.409025, 35.485603, 35.453304> 0.250000
	pigment { color rgbt <1,0,0,0> }
	no_shadow
}
cylinder {
	<31.307709, 35.155655, 35.251144>,  <31.246920, 34.957684, 35.129848>, 0.100000
	pigment { color rgbt <1,0,0,0> }
	no_shadow
}
cylinder {
	<31.307709, 35.155655, 35.251144>,  <31.409025, 35.485603, 35.453304>, 0.100000
	pigment { color rgbt <1,0,0,0> }
	no_shadow
}

// particle -1
sphere {
	<31.307709, 35.155655, 35.251144> 0.100000
	pigment { color rgbt <1,0,0,0> }
	no_shadow
}
sphere {
	0, 1
	scale<0.080000,0.200000,0.300000>
	matrix <0.821166, -0.459510, 0.338433,
		-0.511400, -0.329293, 0.793748,
		-0.253292, -0.824873, -0.505398,
		31.231722, 34.908192, 35.099525>
	pigment { color rgbt <0,1,1,0> }
	no_shadow
}
cylinder {
	<31.324585, 34.841202, 35.865707>,  <31.409025, 35.485603, 35.453304>, 0.130000
	pigment { color rgbt <1,0,0,0> }
	no_shadow
}

// nucleotide -1

// particle -1
sphere {
	<31.324585, 34.841202, 35.865707> 0.250000
	pigment { color rgbt <1,0,0,0> }
	no_shadow
}
cylinder {
	<31.418550, 34.757946, 35.485920>,  <31.474930, 34.707993, 35.258045>, 0.100000
	pigment { color rgbt <1,0,0,0> }
	no_shadow
}
cylinder {
	<31.418550, 34.757946, 35.485920>,  <31.324585, 34.841202, 35.865707>, 0.100000
	pigment { color rgbt <1,0,0,0> }
	no_shadow
}

// particle -1
sphere {
	<31.418550, 34.757946, 35.485920> 0.100000
	pigment { color rgbt <1,0,0,0> }
	no_shadow
}
sphere {
	0, 1
	scale<0.080000,0.200000,0.300000>
	matrix <0.835591, -0.455797, 0.306655,
		-0.496592, -0.865407, 0.066844,
		0.234914, -0.208136, -0.949471,
		31.489025, 34.695507, 35.201080>
	pigment { color rgbt <0,1,1,0> }
	no_shadow
}
cylinder {
	<31.471109, 34.107239, 35.830200>,  <31.324585, 34.841202, 35.865707>, 0.130000
	pigment { color rgbt <1,0,0,0> }
	no_shadow
}

// nucleotide -1

// particle -1
sphere {
	<31.471109, 34.107239, 35.830200> 0.250000
	pigment { color rgbt <1,0,0,0> }
	no_shadow
}
cylinder {
	<31.679968, 34.265419, 35.527946>,  <31.805283, 34.360329, 35.346596>, 0.100000
	pigment { color rgbt <1,0,0,0> }
	no_shadow
}
cylinder {
	<31.679968, 34.265419, 35.527946>,  <31.471109, 34.107239, 35.830200>, 0.100000
	pigment { color rgbt <1,0,0,0> }
	no_shadow
}

// particle -1
sphere {
	<31.679968, 34.265419, 35.527946> 0.100000
	pigment { color rgbt <1,0,0,0> }
	no_shadow
}
sphere {
	0, 1
	scale<0.080000,0.200000,0.300000>
	matrix <0.836539, -0.409965, 0.363499,
		-0.166037, -0.821915, -0.544873,
		0.522144, 0.395454, -0.755633,
		31.836611, 34.384056, 35.301258>
	pigment { color rgbt <0,1,1,0> }
	no_shadow
}
cylinder {
	<31.709204, 33.546425, 35.512913>,  <31.471109, 34.107239, 35.830200>, 0.130000
	pigment { color rgbt <1,0,0,0> }
	no_shadow
}

// nucleotide -1

// particle -1
sphere {
	<31.709204, 33.546425, 35.512913> 0.250000
	pigment { color rgbt <1,0,0,0> }
	no_shadow
}
cylinder {
	<31.929012, 33.875885, 35.456871>,  <32.060898, 34.073563, 35.423248>, 0.100000
	pigment { color rgbt <1,0,0,0> }
	no_shadow
}
cylinder {
	<31.929012, 33.875885, 35.456871>,  <31.709204, 33.546425, 35.512913>, 0.100000
	pigment { color rgbt <1,0,0,0> }
	no_shadow
}

// particle -1
sphere {
	<31.929012, 33.875885, 35.456871> 0.100000
	pigment { color rgbt <1,0,0,0> }
	no_shadow
}
sphere {
	0, 1
	scale<0.080000,0.200000,0.300000>
	matrix <0.809190, -0.482959, 0.334608,
		0.207936, -0.297242, -0.931885,
		0.549522, 0.823649, -0.140100,
		32.093868, 34.122978, 35.414841>
	pigment { color rgbt <0,1,1,0> }
	no_shadow
}
cylinder {
	<32.289501, 33.371384, 35.087532>,  <31.709204, 33.546425, 35.512913>, 0.130000
	pigment { color rgbt <1,0,0,0> }
	no_shadow
}

// nucleotide -1

// particle -1
sphere {
	<32.289501, 33.371384, 35.087532> 0.250000
	pigment { color rgbt <1,0,0,0> }
	no_shadow
}
cylinder {
	<32.353779, 33.695374, 35.313137>,  <32.392345, 33.889767, 35.448502>, 0.100000
	pigment { color rgbt <1,0,0,0> }
	no_shadow
}
cylinder {
	<32.353779, 33.695374, 35.313137>,  <32.289501, 33.371384, 35.087532>, 0.100000
	pigment { color rgbt <1,0,0,0> }
	no_shadow
}

// particle -1
sphere {
	<32.353779, 33.695374, 35.313137> 0.100000
	pigment { color rgbt <1,0,0,0> }
	no_shadow
}
sphere {
	0, 1
	scale<0.080000,0.200000,0.300000>
	matrix <0.956462, -0.268849, 0.113583,
		0.243634, 0.521206, -0.817916,
		0.160696, 0.809978, 0.564015,
		32.401989, 33.938366, 35.482342>
	pigment { color rgbt <0,1,1,0> }
	no_shadow
}
cylinder {
	<33.086575, 33.213249, 35.284298>,  <32.289501, 33.371384, 35.087532>, 0.130000
	pigment { color rgbt <1,0,0,0> }
	no_shadow
}

// nucleotide -1

// particle -1
sphere {
	<33.086575, 33.213249, 35.284298> 0.250000
	pigment { color rgbt <1,0,0,0> }
	no_shadow
}
cylinder {
	<33.022961, 33.430229, 35.614258>,  <32.984795, 33.560417, 35.812233>, 0.100000
	pigment { color rgbt <1,0,0,0> }
	no_shadow
}
cylinder {
	<33.022961, 33.430229, 35.614258>,  <33.086575, 33.213249, 35.284298>, 0.100000
	pigment { color rgbt <1,0,0,0> }
	no_shadow
}

// particle -1
sphere {
	<33.022961, 33.430229, 35.614258> 0.100000
	pigment { color rgbt <1,0,0,0> }
	no_shadow
}
sphere {
	0, 1
	scale<0.080000,0.200000,0.300000>
	matrix <0.967839, -0.079308, 0.238742,
		0.194926, 0.836336, -0.512392,
		-0.159032, 0.542450, 0.824898,
		32.975250, 33.592964, 35.861729>
	pigment { color rgbt <0,1,1,0> }
	no_shadow
}
cylinder {
	<33.546684, 33.794510, 35.340790>,  <33.086575, 33.213249, 35.284298>, 0.130000
	pigment { color rgbt <1,0,0,0> }
	no_shadow
}

// nucleotide -1

// particle -1
sphere {
	<33.546684, 33.794510, 35.340790> 0.250000
	pigment { color rgbt <1,0,0,0> }
	no_shadow
}
cylinder {
	<33.437279, 33.679211, 35.707855>,  <33.371635, 33.610031, 35.928093>, 0.100000
	pigment { color rgbt <1,0,0,0> }
	no_shadow
}
cylinder {
	<33.437279, 33.679211, 35.707855>,  <33.546684, 33.794510, 35.340790>, 0.100000
	pigment { color rgbt <1,0,0,0> }
	no_shadow
}

// particle -1
sphere {
	<33.437279, 33.679211, 35.707855> 0.100000
	pigment { color rgbt <1,0,0,0> }
	no_shadow
}
sphere {
	0, 1
	scale<0.080000,0.200000,0.300000>
	matrix <0.961346, -0.113349, 0.250931,
		0.031687, 0.950824, 0.308105,
		-0.273515, -0.288245, 0.917663,
		33.355225, 33.592739, 35.983154>
	pigment { color rgbt <0,1,1,0> }
	no_shadow
}
cylinder {
	<33.934010, 34.126484, 35.845177>,  <33.546684, 33.794510, 35.340790>, 0.130000
	pigment { color rgbt <1,0,0,0> }
	no_shadow
}

// nucleotide -1

// particle -1
sphere {
	<33.934010, 34.126484, 35.845177> 0.250000
	pigment { color rgbt <1,0,0,0> }
	no_shadow
}
cylinder {
	<33.852760, 33.771088, 36.009777>,  <33.804012, 33.557850, 36.108536>, 0.100000
	pigment { color rgbt <1,0,0,0> }
	no_shadow
}
cylinder {
	<33.852760, 33.771088, 36.009777>,  <33.934010, 34.126484, 35.845177>, 0.100000
	pigment { color rgbt <1,0,0,0> }
	no_shadow
}

// particle -1
sphere {
	<33.852760, 33.771088, 36.009777> 0.100000
	pigment { color rgbt <1,0,0,0> }
	no_shadow
}
sphere {
	0, 1
	scale<0.080000,0.200000,0.300000>
	matrix <0.962814, -0.104785, 0.249016,
		-0.178129, 0.446776, 0.876733,
		-0.203123, -0.888488, 0.411497,
		33.791824, 33.504539, 36.133224>
	pigment { color rgbt <0,1,1,0> }
	no_shadow
}
cylinder {
	<34.002361, 34.350780, 36.593128>,  <33.934010, 34.126484, 35.845177>, 0.130000
	pigment { color rgbt <1,0,0,0> }
	no_shadow
}

// nucleotide -1

// particle -1
sphere {
	<34.002361, 34.350780, 36.593128> 0.250000
	pigment { color rgbt <1,0,0,0> }
	no_shadow
}
cylinder {
	<34.074890, 33.987431, 36.442406>,  <34.118408, 33.769421, 36.351974>, 0.100000
	pigment { color rgbt <1,0,0,0> }
	no_shadow
}
cylinder {
	<34.074890, 33.987431, 36.442406>,  <34.002361, 34.350780, 36.593128>, 0.100000
	pigment { color rgbt <1,0,0,0> }
	no_shadow
}

// particle -1
sphere {
	<34.074890, 33.987431, 36.442406> 0.100000
	pigment { color rgbt <1,0,0,0> }
	no_shadow
}
sphere {
	0, 1
	scale<0.080000,0.200000,0.300000>
	matrix <0.835398, -0.059882, 0.546374,
		-0.518875, -0.413851, 0.747994,
		0.181326, -0.908373, -0.376802,
		34.129288, 33.714920, 36.329365>
	pigment { color rgbt <0,1,1,0> }
	no_shadow
}
cylinder {
	<34.266121, 34.009129, 37.138485>,  <34.002361, 34.350780, 36.593128>, 0.130000
	pigment { color rgbt <1,0,0,0> }
	no_shadow
}

// nucleotide -1

// particle -1
sphere {
	<34.266121, 34.009129, 37.138485> 0.250000
	pigment { color rgbt <1,0,0,0> }
	no_shadow
}
cylinder {
	<34.394630, 33.801430, 36.821709>,  <34.471737, 33.676811, 36.631645>, 0.100000
	pigment { color rgbt <1,0,0,0> }
	no_shadow
}
cylinder {
	<34.394630, 33.801430, 36.821709>,  <34.266121, 34.009129, 37.138485>, 0.100000
	pigment { color rgbt <1,0,0,0> }
	no_shadow
}

// particle -1
sphere {
	<34.394630, 33.801430, 36.821709> 0.100000
	pigment { color rgbt <1,0,0,0> }
	no_shadow
}
sphere {
	0, 1
	scale<0.080000,0.200000,0.300000>
	matrix <0.882839, -0.138324, 0.448845,
		-0.342606, -0.843355, 0.413972,
		0.321274, -0.519248, -0.791937,
		34.491013, 33.645657, 36.584126>
	pigment { color rgbt <0,1,1,0> }
	no_shadow
}
cylinder {
	<34.417034, 33.339367, 37.173519>,  <34.266121, 34.009129, 37.138485>, 0.130000
	pigment { color rgbt <1,0,0,0> }
	no_shadow
}

// nucleotide -1

// particle -1
sphere {
	<34.417034, 33.339367, 37.173519> 0.250000
	pigment { color rgbt <1,0,0,0> }
	no_shadow
}
cylinder {
	<34.679535, 33.432545, 36.886448>,  <34.837036, 33.488449, 36.714203>, 0.100000
	pigment { color rgbt <1,0,0,0> }
	no_shadow
}
cylinder {
	<34.679535, 33.432545, 36.886448>,  <34.417034, 33.339367, 37.173519>, 0.100000
	pigment { color rgbt <1,0,0,0> }
	no_shadow
}

// particle -1
sphere {
	<34.679535, 33.432545, 36.886448> 0.100000
	pigment { color rgbt <1,0,0,0> }
	no_shadow
}
sphere {
	0, 1
	scale<0.080000,0.200000,0.300000>
	matrix <0.720154, -0.477226, 0.503621,
		-0.225181, -0.847345, -0.480937,
		0.656256, 0.232943, -0.717681,
		34.876411, 33.502426, 36.671143>
	pigment { color rgbt <0,1,1,0> }
	no_shadow
}
cylinder {
	<34.752960, 32.714859, 37.004215>,  <34.417034, 33.339367, 37.173519>, 0.130000
	pigment { color rgbt <1,0,0,0> }
	no_shadow
}

// nucleotide -1

// particle -1
sphere {
	<34.752960, 32.714859, 37.004215> 0.250000
	pigment { color rgbt <1,0,0,0> }
	no_shadow
}
cylinder {
	<34.989265, 33.033932, 36.955711>,  <35.131046, 33.225376, 36.926609>, 0.100000
	pigment { color rgbt <1,0,0,0> }
	no_shadow
}
cylinder {
	<34.989265, 33.033932, 36.955711>,  <34.752960, 32.714859, 37.004215>, 0.100000
	pigment { color rgbt <1,0,0,0> }
	no_shadow
}

// particle -1
sphere {
	<34.989265, 33.033932, 36.955711> 0.100000
	pigment { color rgbt <1,0,0,0> }
	no_shadow
}
sphere {
	0, 1
	scale<0.080000,0.200000,0.300000>
	matrix <0.742192, -0.478303, 0.469443,
		0.316470, -0.367324, -0.874597,
		0.590761, 0.797683, -0.121257,
		35.166492, 33.273235, 36.919334>
	pigment { color rgbt <0,1,1,0> }
	no_shadow
}
cylinder {
	<34.994801, 32.859135, 37.816299>,  <34.752960, 32.714859, 37.004215>, 0.130000
	pigment { color rgbt <1,0,0,0> }
	no_shadow
}

// nucleotide -1

// particle -1
sphere {
	<34.994801, 32.859135, 37.816299> 0.250000
	pigment { color rgbt <1,0,0,0> }
	no_shadow
}
cylinder {
	<35.089569, 33.229195, 37.934940>,  <35.146431, 33.451229, 38.006123>, 0.100000
	pigment { color rgbt <1,0,0,0> }
	no_shadow
}
cylinder {
	<35.089569, 33.229195, 37.934940>,  <34.994801, 32.859135, 37.816299>, 0.100000
	pigment { color rgbt <1,0,0,0> }
	no_shadow
}

// particle -1
sphere {
	<35.089569, 33.229195, 37.934940> 0.100000
	pigment { color rgbt <1,0,0,0> }
	no_shadow
}
sphere {
	0, 1
	scale<0.080000,0.200000,0.300000>
	matrix <0.821261, -0.353818, 0.447597,
		0.519035, 0.137539, -0.843614,
		0.236924, 0.925146, 0.296599,
		35.160645, 33.506737, 38.023922>
	pigment { color rgbt <0,1,1,0> }
	no_shadow
}
cylinder {
	<35.778107, 32.857338, 37.683659>,  <34.994801, 32.859135, 37.816299>, 0.130000
	pigment { color rgbt <1,0,0,0> }
	no_shadow
}

// nucleotide -1

// particle -1
sphere {
	<35.778107, 32.857338, 37.683659> 0.250000
	pigment { color rgbt <1,0,0,0> }
	no_shadow
}
cylinder {
	<35.660267, 33.106998, 37.973110>,  <35.589561, 33.256794, 38.146782>, 0.100000
	pigment { color rgbt <1,0,0,0> }
	no_shadow
}
cylinder {
	<35.660267, 33.106998, 37.973110>,  <35.778107, 32.857338, 37.683659>, 0.100000
	pigment { color rgbt <1,0,0,0> }
	no_shadow
}

// particle -1
sphere {
	<35.660267, 33.106998, 37.973110> 0.100000
	pigment { color rgbt <1,0,0,0> }
	no_shadow
}
sphere {
	0, 1
	scale<0.080000,0.200000,0.300000>
	matrix <0.840351, -0.191333, 0.507151,
		0.454993, 0.757514, -0.468138,
		-0.294604, 0.624151, 0.723633,
		35.571884, 33.294243, 38.190201>
	pigment { color rgbt <0,1,1,0> }
	no_shadow
}
cylinder {
	<36.357101, 33.272343, 37.940796>,  <35.778107, 32.857338, 37.683659>, 0.130000
	pigment { color rgbt <1,0,0,0> }
	no_shadow
}

// nucleotide -1

// particle -1
sphere {
	<36.357101, 33.272343, 37.940796> 0.250000
	pigment { color rgbt <1,0,0,0> }
	no_shadow
}
cylinder {
	<36.110275, 33.221600, 38.251442>,  <35.962177, 33.191154, 38.437828>, 0.100000
	pigment { color rgbt <1,0,0,0> }
	no_shadow
}
cylinder {
	<36.110275, 33.221600, 38.251442>,  <36.357101, 33.272343, 37.940796>, 0.100000
	pigment { color rgbt <1,0,0,0> }
	no_shadow
}

// particle -1
sphere {
	<36.110275, 33.221600, 38.251442> 0.100000
	pigment { color rgbt <1,0,0,0> }
	no_shadow
}
sphere {
	0, 1
	scale<0.080000,0.200000,0.300000>
	matrix <0.785982, -0.147269, 0.600453,
		0.038198, 0.980927, 0.190585,
		-0.617068, -0.126861, 0.776617,
		35.925156, 33.183540, 38.484428>
	pigment { color rgbt <0,1,1,0> }
	no_shadow
}
cylinder {
	<36.519787, 33.767387, 38.450859>,  <36.357101, 33.272343, 37.940796>, 0.130000
	pigment { color rgbt <1,0,0,0> }
	no_shadow
}

// nucleotide -1

// particle -1
sphere {
	<36.519787, 33.767387, 38.450859> 0.250000
	pigment { color rgbt <1,0,0,0> }
	no_shadow
}
cylinder {
	<36.326653, 33.464073, 38.626076>,  <36.210773, 33.282085, 38.731205>, 0.100000
	pigment { color rgbt <1,0,0,0> }
	no_shadow
}
cylinder {
	<36.326653, 33.464073, 38.626076>,  <36.519787, 33.767387, 38.450859>, 0.100000
	pigment { color rgbt <1,0,0,0> }
	no_shadow
}

// particle -1
sphere {
	<36.326653, 33.464073, 38.626076> 0.100000
	pigment { color rgbt <1,0,0,0> }
	no_shadow
}
sphere {
	0, 1
	scale<0.080000,0.200000,0.300000>
	matrix <0.797420, -0.173968, 0.577804,
		-0.361933, 0.628286, 0.688666,
		-0.482832, -0.758282, 0.438043,
		36.181805, 33.236588, 38.757488>
	pigment { color rgbt <0,1,1,0> }
	no_shadow
}
cylinder {
	<36.610611, 34.582161, 38.698051>,  <36.519787, 33.767387, 38.450859>, 0.130000
	pigment { color rgbt <1,0,0,0> }
	no_shadow
}

// nucleotide -1

// particle -1
sphere {
	<36.610611, 34.582161, 38.698051> 0.250000
	pigment { color rgbt <1,0,0,0> }
	no_shadow
}
cylinder {
	<36.817772, 34.910496, 38.601715>,  <36.942070, 35.107494, 38.543911>, 0.100000
	pigment { color rgbt <1,0,0,0> }
	no_shadow
}
cylinder {
	<36.817772, 34.910496, 38.601715>,  <36.610611, 34.582161, 38.698051>, 0.100000
	pigment { color rgbt <1,0,0,0> }
	no_shadow
}

// particle -1
sphere {
	<36.817772, 34.910496, 38.601715> 0.100000
	pigment { color rgbt <1,0,0,0> }
	no_shadow
}
sphere {
	0, 1
	scale<0.080000,0.200000,0.300000>
	matrix <0.227515, 0.139232, 0.963769,
		0.824628, -0.553936, -0.114644,
		0.517905, 0.820835, -0.240843,
		36.973145, 35.156746, 38.529461>
	pigment { color rgbt <0,1,1,0> }
	no_shadow
}
cylinder {
	<37.328289, 34.534718, 38.888611>,  <36.610611, 34.582161, 38.698051>, 0.130000
	pigment { color rgbt <1,0,0,0> }
	no_shadow
}

// nucleotide -1

// particle -1
sphere {
	<37.328289, 34.534718, 38.888611> 0.250000
	pigment { color rgbt <1,0,0,0> }
	no_shadow
}
cylinder {
	<37.197350, 34.911541, 38.917934>,  <37.118786, 35.137634, 38.935528>, 0.100000
	pigment { color rgbt <1,0,0,0> }
	no_shadow
}
cylinder {
	<37.197350, 34.911541, 38.917934>,  <37.328289, 34.534718, 38.888611>, 0.100000
	pigment { color rgbt <1,0,0,0> }
	no_shadow
}

// particle -1
sphere {
	<37.197350, 34.911541, 38.917934> 0.100000
	pigment { color rgbt <1,0,0,0> }
	no_shadow
}
sphere {
	0, 1
	scale<0.080000,0.200000,0.300000>
	matrix <0.372936, 0.057524, 0.926072,
		0.868194, 0.330488, -0.370157,
		-0.327349, 0.942055, 0.073310,
		37.099144, 35.194157, 38.939926>
	pigment { color rgbt <0,1,1,0> }
	no_shadow
}
cylinder {
	<37.835693, 34.996300, 38.939087>,  <37.328289, 34.534718, 38.888611>, 0.130000
	pigment { color rgbt <1,0,0,0> }
	no_shadow
}

// nucleotide -1

// particle -1
sphere {
	<37.835693, 34.996300, 38.939087> 0.250000
	pigment { color rgbt <1,0,0,0> }
	no_shadow
}
cylinder {
	<37.512081, 35.132435, 39.130768>,  <37.317913, 35.214115, 39.245777>, 0.100000
	pigment { color rgbt <1,0,0,0> }
	no_shadow
}
cylinder {
	<37.512081, 35.132435, 39.130768>,  <37.835693, 34.996300, 38.939087>, 0.100000
	pigment { color rgbt <1,0,0,0> }
	no_shadow
}

// particle -1
sphere {
	<37.512081, 35.132435, 39.130768> 0.100000
	pigment { color rgbt <1,0,0,0> }
	no_shadow
}
sphere {
	0, 1
	scale<0.080000,0.200000,0.300000>
	matrix <0.484578, -0.075201, 0.871509,
		0.332646, 0.937290, -0.104082,
		-0.809030, 0.340340, 0.479206,
		37.269371, 35.234535, 39.274529>
	pigment { color rgbt <0,1,1,0> }
	no_shadow
}
cylinder {
	<38.013607, 35.547073, 39.327641>,  <37.835693, 34.996300, 38.939087>, 0.130000
	pigment { color rgbt <1,0,0,0> }
	no_shadow
}

// nucleotide -1

// particle -1
sphere {
	<38.013607, 35.547073, 39.327641> 0.250000
	pigment { color rgbt <1,0,0,0> }
	no_shadow
}
cylinder {
	<37.687370, 35.399090, 39.505604>,  <37.491631, 35.310299, 39.612381>, 0.100000
	pigment { color rgbt <1,0,0,0> }
	no_shadow
}
cylinder {
	<37.687370, 35.399090, 39.505604>,  <38.013607, 35.547073, 39.327641>, 0.100000
	pigment { color rgbt <1,0,0,0> }
	no_shadow
}

// particle -1
sphere {
	<37.687370, 35.399090, 39.505604> 0.100000
	pigment { color rgbt <1,0,0,0> }
	no_shadow
}
sphere {
	0, 1
	scale<0.080000,0.200000,0.300000>
	matrix <0.502483, -0.071561, 0.861621,
		-0.286930, 0.926286, 0.244265,
		-0.815587, -0.369963, 0.444910,
		37.442696, 35.288101, 39.639076>
	pigment { color rgbt <0,1,1,0> }
	no_shadow
}
cylinder {
	<38.237904, 35.385796, 39.967972>,  <38.013607, 35.547073, 39.327641>, 0.130000
	pigment { color rgbt <1,0,0,0> }
	no_shadow
}

// nucleotide -1

// particle -1
sphere {
	<38.237904, 35.385796, 39.967972> 0.250000
	pigment { color rgbt <1,0,0,0> }
	no_shadow
}
cylinder {
	<37.897911, 35.175385, 39.979424>,  <37.693916, 35.049137, 39.986294>, 0.100000
	pigment { color rgbt <1,0,0,0> }
	no_shadow
}
cylinder {
	<37.897911, 35.175385, 39.979424>,  <38.237904, 35.385796, 39.967972>, 0.100000
	pigment { color rgbt <1,0,0,0> }
	no_shadow
}

// particle -1
sphere {
	<37.897911, 35.175385, 39.979424> 0.100000
	pigment { color rgbt <1,0,0,0> }
	no_shadow
}
sphere {
	0, 1
	scale<0.080000,0.200000,0.300000>
	matrix <0.222599, -0.309366, 0.924522,
		-0.477466, 0.792204, 0.380050,
		-0.849985, -0.526027, 0.028632,
		37.642914, 35.017578, 39.988014>
	pigment { color rgbt <0,1,1,0> }
	no_shadow
}
cylinder {
	<37.973351, 35.485546, 40.605892>,  <38.237904, 35.385796, 39.967972>, 0.130000
	pigment { color rgbt <1,0,0,0> }
	no_shadow
}

// nucleotide -1

// particle -1
sphere {
	<37.973351, 35.485546, 40.605892> 0.250000
	pigment { color rgbt <1,0,0,0> }
	no_shadow
}
cylinder {
	<37.822762, 35.140415, 40.470959>,  <37.732407, 34.933334, 40.389999>, 0.100000
	pigment { color rgbt <1,0,0,0> }
	no_shadow
}
cylinder {
	<37.822762, 35.140415, 40.470959>,  <37.973351, 35.485546, 40.605892>, 0.100000
	pigment { color rgbt <1,0,0,0> }
	no_shadow
}

// particle -1
sphere {
	<37.822762, 35.140415, 40.470959> 0.100000
	pigment { color rgbt <1,0,0,0> }
	no_shadow
}
sphere {
	0, 1
	scale<0.080000,0.200000,0.300000>
	matrix <-0.048254, -0.345367, 0.937227,
		-0.925171, 0.369117, 0.088386,
		-0.376472, -0.862829, -0.337334,
		37.709820, 34.881565, 40.369759>
	pigment { color rgbt <0,1,1,0> }
	no_shadow
}
cylinder {
	<37.249001, 35.360672, 40.814632>,  <37.973351, 35.485546, 40.605892>, 0.130000
	pigment { color rgbt <1,0,0,0> }
	no_shadow
}

// nucleotide -1

// particle -1
sphere {
	<37.249001, 35.360672, 40.814632> 0.250000
	pigment { color rgbt <1,0,0,0> }
	no_shadow
}
cylinder {
	<37.486473, 35.039719, 40.790260>,  <37.628956, 34.847145, 40.775635>, 0.100000
	pigment { color rgbt <1,0,0,0> }
	no_shadow
}
cylinder {
	<37.486473, 35.039719, 40.790260>,  <37.249001, 35.360672, 40.814632>, 0.100000
	pigment { color rgbt <1,0,0,0> }
	no_shadow
}

// particle -1
sphere {
	<37.486473, 35.039719, 40.790260> 0.100000
	pigment { color rgbt <1,0,0,0> }
	no_shadow
}
sphere {
	0, 1
	scale<0.080000,0.200000,0.300000>
	matrix <-0.337522, -0.317039, 0.886321,
		-0.730491, -0.505630, -0.459045,
		0.593685, -0.802387, -0.060933,
		37.664577, 34.799004, 40.771980>
	pigment { color rgbt <0,1,1,0> }
	no_shadow
}
cylinder {
	<36.807232, 34.664345, 40.825874>,  <37.249001, 35.360672, 40.814632>, 0.130000
	pigment { color rgbt <1,0,0,0> }
	no_shadow
}

// nucleotide -1

// particle -1
sphere {
	<36.807232, 34.664345, 40.825874> 0.250000
	pigment { color rgbt <1,0,0,0> }
	no_shadow
}
cylinder {
	<37.183815, 34.621330, 40.953678>,  <37.409767, 34.595520, 41.030361>, 0.100000
	pigment { color rgbt <1,0,0,0> }
	no_shadow
}
cylinder {
	<37.183815, 34.621330, 40.953678>,  <36.807232, 34.664345, 40.825874>, 0.100000
	pigment { color rgbt <1,0,0,0> }
	no_shadow
}

// particle -1
sphere {
	<37.183815, 34.621330, 40.953678> 0.100000
	pigment { color rgbt <1,0,0,0> }
	no_shadow
}
sphere {
	0, 1
	scale<0.080000,0.200000,0.300000>
	matrix <-0.336472, -0.240906, 0.910357,
		-0.020925, -0.964572, -0.262987,
		0.941461, -0.107537, 0.319511,
		37.466251, 34.589069, 41.049530>
	pigment { color rgbt <0,1,1,0> }
	no_shadow
}
cylinder {
	<36.882629, 34.393726, 40.163380>,  <36.807232, 34.664345, 40.825874>, 0.130000
	pigment { color rgbt <1,0,0,0> }
	no_shadow
}

// nucleotide -1

// particle -1
sphere {
	<36.882629, 34.393726, 40.163380> 0.250000
	pigment { color rgbt <1,0,0,0> }
	no_shadow
}
cylinder {
	<37.049210, 34.751495, 40.228603>,  <37.149158, 34.966156, 40.267738>, 0.100000
	pigment { color rgbt <1,0,0,0> }
	no_shadow
}
cylinder {
	<37.049210, 34.751495, 40.228603>,  <36.882629, 34.393726, 40.163380>, 0.100000
	pigment { color rgbt <1,0,0,0> }
	no_shadow
}

// particle -1
sphere {
	<37.049210, 34.751495, 40.228603> 0.100000
	pigment { color rgbt <1,0,0,0> }
	no_shadow
}
sphere {
	0, 1
	scale<0.080000,0.200000,0.300000>
	matrix <-0.464238, 0.363406, -0.807724,
