// switches for output
#declare DRAW_BASES = 1; // possible values are 0, 1; only relevant for DNA ribbons
#declare DRAW_BASES_TYPE = 3; // possible values are 1, 2, 3; only relevant for DNA ribbons
#declare DRAW_FOG = 0; // set to 1 to enable fog

#include "colors.inc"

#include "transforms.inc"
background { rgb <1, 1, 1>}

#default {
   normal{
       ripples 0.25
       frequency 0.20
       turbulence 0.2
       lambda 5
   }
	finish {
		phong 0.1
		phong_size 40.
	}
}

// original window dimensions: 1024x640


// camera settings

camera {
	sky <0, 0.179814, -0.983701>
	up <0, 0.179814, -0.983701>
	right 1.6 * <1, 0, 0>
	location <35, 94.9851, 44.8844>
	look_at <35, 29.7336, 32.9568>
	direction <0, -65.2515, -11.9276>
	angle 67.0682
}


# declare cpy_camera_pos = <35, 94.9851, 44.8844>;
# if (DRAW_FOG = 1)
fog {
	fog_type 2
	up vnormalize(cpy_camera_pos)
	color rgbt<1,1,1,0.3>
	distance 1e-5
	fog_alt 3e-3
	fog_offset 56
}
# end


// LIGHTS

# declare lum = 6;
global_settings {
	ambient_light rgb lum * <0.05, 0.05, 0.05>
	max_trace_level 15
}# declare cpy_direct_light_amount = 0.25;
light_source
{	1000 * <-1, -1.16352, -0.803886>,
	rgb lum * cpy_direct_light_amount
	parallel
}

light_source
{	1000 * <1, 1.16352, 0.803886>,
	rgb lum * cpy_direct_light_amount
	parallel
}

// strand 0

// nucleotide -1

// particle -1
sphere {
	<24.090637, 34.968643, 34.983303> 0.250000
	pigment { color rgbt <1,0,0,0> }
	no_shadow
}
cylinder {
	<24.329536, 35.288685, 34.960960>,  <24.472876, 35.480713, 34.947556>, 0.100000
	pigment { color rgbt <1,0,0,0> }
	no_shadow
}
cylinder {
	<24.329536, 35.288685, 34.960960>,  <24.090637, 34.968643, 34.983303>, 0.100000
	pigment { color rgbt <1,0,0,0> }
	no_shadow
}

// particle -1
sphere {
	<24.329536, 35.288685, 34.960960> 0.100000
	pigment { color rgbt <1,0,0,0> }
	no_shadow
}
sphere {
	0, 1
	scale<0.080000,0.200000,0.300000>
	matrix <0.579960, -0.478919, -0.659001,
		-0.554021, 0.361195, -0.750066,
		0.597249, 0.800109, -0.055853,
		24.508711, 35.528717, 34.944206>
	pigment { color rgbt <0,1,1,0> }
	no_shadow
}
cylinder {
	<24.477934, 34.979721, 34.242840>,  <24.090637, 34.968643, 34.983303>, 0.130000
	pigment { color rgbt <1,0,0,0> }
	no_shadow
}

// nucleotide -1

// particle -1
sphere {
	<24.477934, 34.979721, 34.242840> 0.250000
	pigment { color rgbt <1,0,0,0> }
	no_shadow
}
cylinder {
	<24.702192, 35.173943, 34.511143>,  <24.836748, 35.290474, 34.672123>, 0.100000
	pigment { color rgbt <1,0,0,0> }
	no_shadow
}
cylinder {
	<24.702192, 35.173943, 34.511143>,  <24.477934, 34.979721, 34.242840>, 0.100000
	pigment { color rgbt <1,0,0,0> }
	no_shadow
}

// particle -1
sphere {
	<24.702192, 35.173943, 34.511143> 0.100000
	pigment { color rgbt <1,0,0,0> }
	no_shadow
}
sphere {
	0, 1
	scale<0.080000,0.200000,0.300000>
	matrix <0.806690, -0.137449, -0.574769,
		-0.186885, 0.863335, -0.468750,
		0.560647, 0.485551, 0.670757,
		24.870386, 35.319607, 34.712368>
	pigment { color rgbt <0,1,1,0> }
	no_shadow
}
cylinder {
	<24.861120, 35.593246, 33.952034>,  <24.477934, 34.979721, 34.242840>, 0.130000
	pigment { color rgbt <1,0,0,0> }
	no_shadow
}

// nucleotide -1

// particle -1
sphere {
	<24.861120, 35.593246, 33.952034> 0.250000
	pigment { color rgbt <1,0,0,0> }
	no_shadow
}
cylinder {
	<25.050663, 35.432297, 34.265354>,  <25.164389, 35.335728, 34.453346>, 0.100000
	pigment { color rgbt <1,0,0,0> }
	no_shadow
}
cylinder {
	<25.050663, 35.432297, 34.265354>,  <24.861120, 35.593246, 33.952034>, 0.100000
	pigment { color rgbt <1,0,0,0> }
	no_shadow
}

// particle -1
sphere {
	<25.050663, 35.432297, 34.265354> 0.100000
	pigment { color rgbt <1,0,0,0> }
	no_shadow
}
sphere {
	0, 1
	scale<0.080000,0.200000,0.300000>
	matrix <0.846532, -0.036889, -0.531058,
		0.242581, 0.914731, 0.323145,
		0.473855, -0.402377, 0.783297,
		25.192820, 35.311584, 34.500343>
	pigment { color rgbt <0,1,1,0> }
	no_shadow
}
cylinder {
	<25.513792, 35.993156, 34.155956>,  <24.861120, 35.593246, 33.952034>, 0.130000
	pigment { color rgbt <1,0,0,0> }
	no_shadow
}

// nucleotide -1

// particle -1
sphere {
	<25.513792, 35.993156, 34.155956> 0.250000
	pigment { color rgbt <1,0,0,0> }
	no_shadow
}
cylinder {
	<25.533878, 35.602722, 34.240562>,  <25.545931, 35.368462, 34.291325>, 0.100000
	pigment { color rgbt <1,0,0,0> }
	no_shadow
}
cylinder {
	<25.533878, 35.602722, 34.240562>,  <25.513792, 35.993156, 34.155956>, 0.100000
	pigment { color rgbt <1,0,0,0> }
	no_shadow
}

// particle -1
sphere {
	<25.533878, 35.602722, 34.240562> 0.100000
	pigment { color rgbt <1,0,0,0> }
	no_shadow
}
sphere {
	0, 1
	scale<0.080000,0.200000,0.300000>
	matrix <0.834490, -0.075349, -0.545846,
		0.548729, 0.203915, 0.810749,
		0.050217, -0.976084, 0.211512,
		25.548943, 35.309898, 34.304016>
	pigment { color rgbt <0,1,1,0> }
	no_shadow
}
cylinder {
	<26.074560, 35.825493, 33.842331>,  <25.513792, 35.993156, 34.155956>, 0.130000
	pigment { color rgbt <1,0,0,0> }
	no_shadow
}

// nucleotide -1

// particle -1
sphere {
	<26.074560, 35.825493, 33.842331> 0.250000
	pigment { color rgbt <1,0,0,0> }
	no_shadow
}
cylinder {
	<25.989927, 35.461987, 33.986202>,  <25.939148, 35.243881, 34.072525>, 0.100000
	pigment { color rgbt <1,0,0,0> }
	no_shadow
}
cylinder {
	<25.989927, 35.461987, 33.986202>,  <26.074560, 35.825493, 33.842331>, 0.100000
	pigment { color rgbt <1,0,0,0> }
	no_shadow
}

// particle -1
sphere {
	<25.989927, 35.461987, 33.986202> 0.100000
	pigment { color rgbt <1,0,0,0> }
	no_shadow
}
sphere {
	0, 1
	scale<0.080000,0.200000,0.300000>
	matrix <0.822200, -0.364468, -0.437208,
		0.528413, 0.203224, 0.824306,
		-0.211582, -0.908770, 0.359680,
		25.926453, 35.189354, 34.094105>
	pigment { color rgbt <0,1,1,0> }
	no_shadow
}
cylinder {
	<26.667181, 35.688633, 34.284527>,  <26.074560, 35.825493, 33.842331>, 0.130000
	pigment { color rgbt <1,0,0,0> }
	no_shadow
}

// nucleotide -1

// particle -1
sphere {
	<26.667181, 35.688633, 34.284527> 0.250000
	pigment { color rgbt <1,0,0,0> }
	no_shadow
}
cylinder {
	<26.477840, 35.373432, 34.127048>,  <26.364237, 35.184311, 34.032562>, 0.100000
	pigment { color rgbt <1,0,0,0> }
	no_shadow
}
cylinder {
	<26.477840, 35.373432, 34.127048>,  <26.667181, 35.688633, 34.284527>, 0.100000
	pigment { color rgbt <1,0,0,0> }
	no_shadow
}

// particle -1
sphere {
	<26.477840, 35.373432, 34.127048> 0.100000
	pigment { color rgbt <1,0,0,0> }
	no_shadow
}
sphere {
	0, 1
	scale<0.080000,0.200000,0.300000>
	matrix <0.873546, -0.362391, -0.324946,
		0.113384, -0.497727, 0.859890,
		-0.473351, -0.787997, -0.393698,
		26.335835, 35.137032, 34.008938>
	pigment { color rgbt <0,1,1,0> }
	no_shadow
}
cylinder {
	<27.139797, 35.127846, 34.192028>,  <26.667181, 35.688633, 34.284527>, 0.130000
	pigment { color rgbt <1,0,0,0> }
	no_shadow
}

// nucleotide -1

// particle -1
sphere {
	<27.139797, 35.127846, 34.192028> 0.250000
	pigment { color rgbt <1,0,0,0> }
	no_shadow
}
cylinder {
	<26.855078, 34.935398, 33.987335>,  <26.684246, 34.819931, 33.864521>, 0.100000
	pigment { color rgbt <1,0,0,0> }
	no_shadow
}
cylinder {
	<26.855078, 34.935398, 33.987335>,  <27.139797, 35.127846, 34.192028>, 0.100000
	pigment { color rgbt <1,0,0,0> }
	no_shadow
}

// particle -1
sphere {
	<26.855078, 34.935398, 33.987335> 0.100000
	pigment { color rgbt <1,0,0,0> }
	no_shadow
}
sphere {
	0, 1
	scale<0.080000,0.200000,0.300000>
	matrix <0.696292, -0.579077, -0.424083,
		-0.092300, -0.658178, 0.747184,
		-0.711799, -0.481115, -0.511732,
		26.641539, 34.791065, 33.833817>
	pigment { color rgbt <0,1,1,0> }
	no_shadow
}
cylinder {
	<27.157228, 34.340160, 34.279030>,  <27.139797, 35.127846, 34.192028>, 0.130000
	pigment { color rgbt <1,0,0,0> }
	no_shadow
}

// nucleotide -1

// particle -1
sphere {
	<27.157228, 34.340160, 34.279030> 0.250000
	pigment { color rgbt <1,0,0,0> }
	no_shadow
}
cylinder {
	<26.999775, 34.448872, 33.927761>,  <26.905302, 34.514099, 33.716999>, 0.100000
	pigment { color rgbt <1,0,0,0> }
	no_shadow
}
cylinder {
	<26.999775, 34.448872, 33.927761>,  <27.157228, 34.340160, 34.279030>, 0.100000
	pigment { color rgbt <1,0,0,0> }
	no_shadow
}

// particle -1
sphere {
	<26.999775, 34.448872, 33.927761> 0.100000
	pigment { color rgbt <1,0,0,0> }
	no_shadow
}
sphere {
	0, 1
	scale<0.080000,0.200000,0.300000>
	matrix <0.614992, -0.632176, -0.471315,
		-0.683255, -0.725595, 0.081701,
		-0.393633, 0.271783, -0.878172,
		26.881685, 34.530407, 33.664310>
	pigment { color rgbt <0,1,1,0> }
	no_shadow
}
cylinder {
	<26.666496, 33.897190, 33.962559>,  <27.157228, 34.340160, 34.279030>, 0.130000
	pigment { color rgbt <1,0,0,0> }
	no_shadow
}

// nucleotide -1

// particle -1
sphere {
	<26.666496, 33.897190, 33.962559> 0.250000
	pigment { color rgbt <1,0,0,0> }
	no_shadow
}
cylinder {
	<26.887871, 34.092693, 33.692795>,  <27.020695, 34.209995, 33.530937>, 0.100000
	pigment { color rgbt <1,0,0,0> }
	no_shadow
}
cylinder {
	<26.887871, 34.092693, 33.692795>,  <26.666496, 33.897190, 33.962559>, 0.100000
	pigment { color rgbt <1,0,0,0> }
	no_shadow
}

// particle -1
sphere {
	<26.887871, 34.092693, 33.692795> 0.100000
	pigment { color rgbt <1,0,0,0> }
	no_shadow
}
sphere {
	0, 1
	scale<0.080000,0.200000,0.300000>
	matrix <0.433290, -0.860473, -0.268039,
		-0.711315, -0.143871, -0.687991,
		0.553435, 0.488760, -0.674405,
		27.053902, 34.239323, 33.490475>
	pigment { color rgbt <0,1,1,0> }
	no_shadow
}
cylinder {
	<26.666706, 33.638264, 33.235104>,  <26.666496, 33.897190, 33.962559>, 0.130000
	pigment { color rgbt <1,0,0,0> }
	no_shadow
}

// nucleotide -1

// particle -1
sphere {
	<26.666706, 33.638264, 33.235104> 0.250000
	pigment { color rgbt <1,0,0,0> }
	no_shadow
}
cylinder {
	<27.010941, 33.824421, 33.317856>,  <27.217482, 33.936115, 33.367508>, 0.100000
	pigment { color rgbt <1,0,0,0> }
	no_shadow
}
cylinder {
	<27.010941, 33.824421, 33.317856>,  <26.666706, 33.638264, 33.235104>, 0.100000
	pigment { color rgbt <1,0,0,0> }
	no_shadow
}

// particle -1
sphere {
	<27.010941, 33.824421, 33.317856> 0.100000
	pigment { color rgbt <1,0,0,0> }
	no_shadow
}
sphere {
	0, 1
	scale<0.080000,0.200000,0.300000>
	matrix <0.509302, -0.787054, -0.348077,
		0.000832, 0.404914, -0.914355,
		0.860588, 0.465393, 0.206878,
		27.269117, 33.964039, 33.379921>
	pigment { color rgbt <0,1,1,0> }
	no_shadow
}
cylinder {
	<26.939093, 33.746109, 32.583122>,  <26.666706, 33.638264, 33.235104>, 0.130000
	pigment { color rgbt <1,0,0,0> }
	no_shadow
}

// nucleotide -1

// particle -1
sphere {
	<26.939093, 33.746109, 32.583122> 0.250000
	pigment { color rgbt <1,0,0,0> }
	no_shadow
}
cylinder {
	<27.220976, 33.677158, 32.858418>,  <27.390106, 33.635788, 33.023594>, 0.100000
	pigment { color rgbt <1,0,0,0> }
	no_shadow
}
cylinder {
	<27.220976, 33.677158, 32.858418>,  <26.939093, 33.746109, 32.583122>, 0.100000
	pigment { color rgbt <1,0,0,0> }
	no_shadow
}

// particle -1
sphere {
	<27.220976, 33.677158, 32.858418> 0.100000
	pigment { color rgbt <1,0,0,0> }
	no_shadow
}
sphere {
	0, 1
	scale<0.080000,0.200000,0.300000>
	matrix <0.202395, -0.880886, -0.427873,
		0.680015, 0.440822, -0.585881,
		0.704710, -0.172380, 0.688236,
		27.432388, 33.625443, 33.064888>
	pigment { color rgbt <0,1,1,0> }
	no_shadow
}
cylinder {
	<27.542221, 33.623016, 32.185043>,  <26.939093, 33.746109, 32.583122>, 0.130000
	pigment { color rgbt <1,0,0,0> }
	no_shadow
}

// nucleotide -1

// particle -1
sphere {
	<27.542221, 33.623016, 32.185043> 0.250000
	pigment { color rgbt <1,0,0,0> }
	no_shadow
}
cylinder {
	<27.598286, 33.459335, 32.545689>,  <27.631926, 33.361126, 32.762077>, 0.100000
	pigment { color rgbt <1,0,0,0> }
	no_shadow
}
cylinder {
	<27.598286, 33.459335, 32.545689>,  <27.542221, 33.623016, 32.185043>, 0.100000
	pigment { color rgbt <1,0,0,0> }
	no_shadow
}

// particle -1
sphere {
	<27.598286, 33.459335, 32.545689> 0.100000
	pigment { color rgbt <1,0,0,0> }
	no_shadow
}
sphere {
	0, 1
	scale<0.080000,0.200000,0.300000>
	matrix <0.396794, -0.811067, -0.429795,
		0.907143, 0.417996, 0.048689,
		0.140162, -0.409206, 0.901613,
		27.640335, 33.336575, 32.816174>
	pigment { color rgbt <0,1,1,0> }
	no_shadow
}
cylinder {
	<28.197437, 33.289501, 32.288197>,  <27.542221, 33.623016, 32.185043>, 0.130000
	pigment { color rgbt <1,0,0,0> }
	no_shadow
}

// nucleotide -1

// particle -1
sphere {
	<28.197437, 33.289501, 32.288197> 0.250000
	pigment { color rgbt <1,0,0,0> }
	no_shadow
}
cylinder {
	<27.951536, 33.107029, 32.545559>,  <27.803995, 32.997547, 32.699978>, 0.100000
	pigment { color rgbt <1,0,0,0> }
	no_shadow
}
cylinder {
	<27.951536, 33.107029, 32.545559>,  <28.197437, 33.289501, 32.288197>, 0.100000
	pigment { color rgbt <1,0,0,0> }
	no_shadow
}

// particle -1
sphere {
	<27.951536, 33.107029, 32.545559> 0.100000
	pigment { color rgbt <1,0,0,0> }
	no_shadow
}
sphere {
	0, 1
	scale<0.080000,0.200000,0.300000>
	matrix <0.441796, -0.874944, -0.198218,
		0.653370, 0.162401, 0.739414,
		-0.614755, -0.456179, 0.643410,
		27.767109, 32.970177, 32.738583>
	pigment { color rgbt <0,1,1,0> }
	no_shadow
}
cylinder {
	<28.586742, 32.967907, 32.801144>,  <28.197437, 33.289501, 32.288197>, 0.130000
	pigment { color rgbt <1,0,0,0> }
	no_shadow
}

// nucleotide -1

// particle -1
sphere {
	<28.586742, 32.967907, 32.801144> 0.250000
	pigment { color rgbt <1,0,0,0> }
	no_shadow
}
cylinder {
	<28.250631, 32.753361, 32.769535>,  <28.048965, 32.624634, 32.750568>, 0.100000
	pigment { color rgbt <1,0,0,0> }
	no_shadow
}
cylinder {
	<28.250631, 32.753361, 32.769535>,  <28.586742, 32.967907, 32.801144>, 0.100000
	pigment { color rgbt <1,0,0,0> }
	no_shadow
}

// particle -1
sphere {
	<28.250631, 32.753361, 32.769535> 0.100000
	pigment { color rgbt <1,0,0,0> }
	no_shadow
}
sphere {
	0, 1
	scale<0.080000,0.200000,0.300000>
	matrix <0.537536, -0.843207, 0.007498,
		-0.070655, -0.036177, 0.996844,
		-0.840275, -0.536370, -0.079024,
		27.998549, 32.592449, 32.745827>
	pigment { color rgbt <0,1,1,0> }
	no_shadow
}
cylinder {
	<29.135521, 33.307270, 33.055199>,  <28.586742, 32.967907, 32.801144>, 0.130000
	pigment { color rgbt <1,0,0,0> }
	no_shadow
}

// nucleotide -1

// particle -1
sphere {
	<29.135521, 33.307270, 33.055199> 0.250000
	pigment { color rgbt <1,0,0,0> }
	no_shadow
}
cylinder {
	<29.455097, 33.192429, 32.843815>,  <29.646843, 33.123524, 32.716984>, 0.100000
	pigment { color rgbt <1,0,0,0> }
	no_shadow
}
cylinder {
	<29.455097, 33.192429, 32.843815>,  <29.135521, 33.307270, 33.055199>, 0.100000
	pigment { color rgbt <1,0,0,0> }
	no_shadow
}

// particle -1
sphere {
	<29.455097, 33.192429, 32.843815> 0.100000
	pigment { color rgbt <1,0,0,0> }
	no_shadow
}
sphere {
	0, 1
	scale<0.080000,0.200000,0.300000>
	matrix <-0.035510, 0.854644, -0.517999,
		0.600358, 0.432617, 0.672616,
		0.798942, -0.287100, -0.528455,
		29.694780, 33.106297, 32.685280>
	pigment { color rgbt <0,1,1,0> }
	no_shadow
}
cylinder {
	<29.645718, 33.876064, 33.078209>,  <29.135521, 33.307270, 33.055199>, 0.130000
	pigment { color rgbt <1,0,0,0> }
	no_shadow
}

// nucleotide -1

// particle -1
sphere {
	<29.645718, 33.876064, 33.078209> 0.250000
	pigment { color rgbt <1,0,0,0> }
	no_shadow
}
cylinder {
	<29.674809, 33.660381, 32.742599>,  <29.692263, 33.530972, 32.541233>, 0.100000
	pigment { color rgbt <1,0,0,0> }
	no_shadow
}
cylinder {
	<29.674809, 33.660381, 32.742599>,  <29.645718, 33.876064, 33.078209>, 0.100000
	pigment { color rgbt <1,0,0,0> }
	no_shadow
}

// particle -1
sphere {
	<29.674809, 33.660381, 32.742599> 0.100000
	pigment { color rgbt <1,0,0,0> }
	no_shadow
}
sphere {
	0, 1
	scale<0.080000,0.200000,0.300000>
	matrix <-0.270953, 0.798931, -0.536931,
		0.959842, 0.266385, -0.087998,
		0.072725, -0.539212, -0.839024,
		29.696627, 33.498619, 32.490891>
	pigment { color rgbt <0,1,1,0> }
	no_shadow
}
cylinder {
	<30.139627, 34.106640, 32.490337>,  <29.645718, 33.876064, 33.078209>, 0.130000
	pigment { color rgbt <1,0,0,0> }
	no_shadow
}

// nucleotide -1

// particle -1
sphere {
	<30.139627, 34.106640, 32.490337> 0.250000
	pigment { color rgbt <1,0,0,0> }
	no_shadow
}
cylinder {
	<29.807924, 33.944561, 32.336380>,  <29.608902, 33.847313, 32.244007>, 0.100000
	pigment { color rgbt <1,0,0,0> }
	no_shadow
}
cylinder {
	<29.807924, 33.944561, 32.336380>,  <30.139627, 34.106640, 32.490337>, 0.100000
	pigment { color rgbt <1,0,0,0> }
	no_shadow
}

// particle -1
sphere {
	<29.807924, 33.944561, 32.336380> 0.100000
	pigment { color rgbt <1,0,0,0> }
	no_shadow
}
sphere {
	0, 1
	scale<0.080000,0.200000,0.300000>
	matrix <-0.242123, 0.881198, -0.406038,
		0.503691, -0.243520, -0.828851,
		-0.829260, -0.405201, -0.384890,
		29.559147, 33.823002, 32.220913>
	pigment { color rgbt <0,1,1,0> }
	no_shadow
}
cylinder {
	<30.078091, 34.286003, 31.726742>,  <30.139627, 34.106640, 32.490337>, 0.130000
	pigment { color rgbt <1,0,0,0> }
	no_shadow
}

// nucleotide -1

// particle -1
sphere {
	<30.078091, 34.286003, 31.726742> 0.250000
	pigment { color rgbt <1,0,0,0> }
	no_shadow
}
cylinder {
	<29.723036, 34.227657, 31.901476>,  <29.510004, 34.192650, 32.006317>, 0.100000
	pigment { color rgbt <1,0,0,0> }
	no_shadow
}
cylinder {
	<29.723036, 34.227657, 31.901476>,  <30.078091, 34.286003, 31.726742>, 0.100000
	pigment { color rgbt <1,0,0,0> }
	no_shadow
}

// particle -1
sphere {
	<29.723036, 34.227657, 31.901476> 0.100000
	pigment { color rgbt <1,0,0,0> }
	no_shadow
}
sphere {
	0, 1
	scale<0.080000,0.200000,0.300000>
	matrix <-0.303020, 0.899257, -0.315460,
		-0.346816, -0.412384, -0.842412,
		-0.887636, -0.145861, 0.436837,
		29.456745, 34.183899, 32.032528>
	pigment { color rgbt <0,1,1,0> }
	no_shadow
}
cylinder {
	<29.531662, 34.330345, 31.185322>,  <30.078091, 34.286003, 31.726742>, 0.130000
	pigment { color rgbt <1,0,0,0> }
	no_shadow
}

// nucleotide -1

// particle -1
sphere {
	<29.531662, 34.330345, 31.185322> 0.250000
	pigment { color rgbt <1,0,0,0> }
	no_shadow
}
cylinder {
	<29.414089, 34.437260, 31.552399>,  <29.343546, 34.501408, 31.772644>, 0.100000
	pigment { color rgbt <1,0,0,0> }
	no_shadow
}
cylinder {
	<29.414089, 34.437260, 31.552399>,  <29.531662, 34.330345, 31.185322>, 0.100000
	pigment { color rgbt <1,0,0,0> }
	no_shadow
}

// particle -1
sphere {
	<29.414089, 34.437260, 31.552399> 0.100000
	pigment { color rgbt <1,0,0,0> }
	no_shadow
}
sphere {
	0, 1
	scale<0.080000,0.200000,0.300000>
	matrix <-0.268157, 0.898486, -0.347585,
		-0.917441, -0.348251, -0.192416,
		-0.293930, 0.267291, 0.917693,
		29.325911, 34.517448, 31.827707>
	pigment { color rgbt <0,1,1,0> }
	no_shadow
}
cylinder {
	<28.780870, 34.575989, 31.296179>,  <29.531662, 34.330345, 31.185322>, 0.130000
	pigment { color rgbt <1,0,0,0> }
	no_shadow
}

// nucleotide -1

// particle -1
sphere {
	<28.780870, 34.575989, 31.296179> 0.250000
	pigment { color rgbt <1,0,0,0> }
	no_shadow
}
cylinder {
	<29.017614, 34.783886, 31.542616>,  <29.159660, 34.908623, 31.690479>, 0.100000
	pigment { color rgbt <1,0,0,0> }
	no_shadow
}
cylinder {
	<29.017614, 34.783886, 31.542616>,  <28.780870, 34.575989, 31.296179>, 0.100000
	pigment { color rgbt <1,0,0,0> }
	no_shadow
}

// particle -1
sphere {
	<29.017614, 34.783886, 31.542616> 0.100000
	pigment { color rgbt <1,0,0,0> }
	no_shadow
}
sphere {
	0, 1
	scale<0.080000,0.200000,0.300000>
	matrix <-0.163912, 0.825982, -0.539338,
		-0.789198, 0.218228, 0.574058,
		0.591861, 0.519740, 0.616094,
		29.195173, 34.939808, 31.727444>
	pigment { color rgbt <0,1,1,0> }
	no_shadow
}
cylinder {
	<28.378828, 34.005760, 31.634031>,  <28.780870, 34.575989, 31.296179>, 0.130000
	pigment { color rgbt <1,0,0,0> }
	no_shadow
}

// nucleotide -1

// particle -1
sphere {
	<28.378828, 34.005760, 31.634031> 0.250000
	pigment { color rgbt <1,0,0,0> }
	no_shadow
}
cylinder {
	<28.448917, 34.384808, 31.740856>,  <28.490971, 34.612236, 31.804951>, 0.100000
	pigment { color rgbt <1,0,0,0> }
	no_shadow
}
cylinder {
	<28.448917, 34.384808, 31.740856>,  <28.378828, 34.005760, 31.634031>, 0.100000
	pigment { color rgbt <1,0,0,0> }
	no_shadow
}

// particle -1
sphere {
	<28.448917, 34.384808, 31.740856> 0.100000
	pigment { color rgbt <1,0,0,0> }
	no_shadow
}
sphere {
	0, 1
	scale<0.080000,0.200000,0.300000>
	matrix <0.954324, -0.096804, -0.282658,
		-0.241998, 0.304392, -0.921294,
		0.175223, 0.947615, 0.267062,
		28.501484, 34.669090, 31.820974>
	pigment { color rgbt <0,1,1,0> }
	no_shadow
}
cylinder {
	<29.005451, 33.639072, 31.436789>,  <28.378828, 34.005760, 31.634031>, 0.130000
	pigment { color rgbt <1,0,0,0> }
	no_shadow
}

// nucleotide -1

// particle -1
sphere {
	<29.005451, 33.639072, 31.436789> 0.250000
	pigment { color rgbt <1,0,0,0> }
	no_shadow
}
cylinder {
	<28.880947, 33.561981, 31.064558>,  <28.806246, 33.515724, 30.841219>, 0.100000
	pigment { color rgbt <1,0,0,0> }
	no_shadow
}
cylinder {
	<28.880947, 33.561981, 31.064558>,  <29.005451, 33.639072, 31.436789>, 0.100000
	pigment { color rgbt <1,0,0,0> }
	no_shadow
}

// particle -1
sphere {
	<28.880947, 33.561981, 31.064558> 0.100000
	pigment { color rgbt <1,0,0,0> }
	no_shadow
}
sphere {
	0, 1
	scale<0.080000,0.200000,0.300000>
	matrix <0.262016, 0.923861, -0.278979,
		0.913490, -0.330661, -0.237063,
		-0.311261, -0.192731, -0.930576,
		28.787569, 33.504162, 30.785385>
	pigment { color rgbt <0,1,1,0> }
	no_shadow
}
cylinder {
	<29.203661, 32.955326, 31.481571>,  <29.005451, 33.639072, 31.436789>, 0.130000
	pigment { color rgbt <1,0,0,0> }
	no_shadow
}

// nucleotide -1

// particle -1
sphere {
	<29.203661, 32.955326, 31.481571> 0.250000
	pigment { color rgbt <1,0,0,0> }
	no_shadow
}
cylinder {
	<29.435366, 33.239311, 31.641771>,  <29.574389, 33.409702, 31.737892>, 0.100000
	pigment { color rgbt <1,0,0,0> }
	no_shadow
}
cylinder {
	<29.435366, 33.239311, 31.641771>,  <29.203661, 32.955326, 31.481571>, 0.100000
	pigment { color rgbt <1,0,0,0> }
	no_shadow
}

// particle -1
sphere {
	<29.435366, 33.239311, 31.641771> 0.100000
	pigment { color rgbt <1,0,0,0> }
	no_shadow
}
sphere {
	0, 1
	scale<0.080000,0.200000,0.300000>
	matrix <0.426186, -0.682607, 0.593644,
		0.694853, -0.173187, -0.697987,
		0.579262, 0.709967, 0.400502,
		29.609144, 33.452301, 31.761921>
	pigment { color rgbt <0,1,1,0> }
	no_shadow
}
cylinder {
	<29.993801, 32.827389, 31.420307>,  <29.203661, 32.955326, 31.481571>, 0.130000
	pigment { color rgbt <1,0,0,0> }
	no_shadow
}

// nucleotide -1

// particle -1
sphere {
	<29.993801, 32.827389, 31.420307> 0.250000
	pigment { color rgbt <1,0,0,0> }
	no_shadow
}
cylinder {
	<29.893360, 33.035069, 31.747080>,  <29.833096, 33.159676, 31.943144>, 0.100000
	pigment { color rgbt <1,0,0,0> }
	no_shadow
}
cylinder {
	<29.893360, 33.035069, 31.747080>,  <29.993801, 32.827389, 31.420307>, 0.100000
	pigment { color rgbt <1,0,0,0> }
	no_shadow
}

// particle -1
sphere {
	<29.893360, 33.035069, 31.747080> 0.100000
	pigment { color rgbt <1,0,0,0> }
	no_shadow
}
sphere {
	0, 1
	scale<0.080000,0.200000,0.300000>
	matrix <0.432130, -0.695073, 0.574576,
		0.866148, 0.497298, -0.049828,
		-0.251101, 0.519199, 0.816933,
		29.818029, 33.190826, 31.992161>
	pigment { color rgbt <0,1,1,0> }
	no_shadow
}
cylinder {
	<30.586140, 32.852097, 31.851053>,  <29.993801, 32.827389, 31.420307>, 0.130000
	pigment { color rgbt <1,0,0,0> }
	no_shadow
}

// nucleotide -1

// particle -1
sphere {
	<30.586140, 32.852097, 31.851053> 0.250000
	pigment { color rgbt <1,0,0,0> }
	no_shadow
}
cylinder {
	<30.285149, 32.915066, 32.106865>,  <30.104553, 32.952847, 32.260353>, 0.100000
	pigment { color rgbt <1,0,0,0> }
	no_shadow
}
cylinder {
	<30.285149, 32.915066, 32.106865>,  <30.586140, 32.852097, 31.851053>, 0.100000
	pigment { color rgbt <1,0,0,0> }
	no_shadow
}

// particle -1
sphere {
	<30.285149, 32.915066, 32.106865> 0.100000
	pigment { color rgbt <1,0,0,0> }
	no_shadow
}
sphere {
	0, 1
	scale<0.080000,0.200000,0.300000>
	matrix <0.343578, -0.734595, 0.585085,
		0.561901, 0.659991, 0.498678,
		-0.752477, 0.157425, 0.639527,
		30.059406, 32.962292, 32.298721>
	pigment { color rgbt <0,1,1,0> }
	no_shadow
}
cylinder {
	<30.867281, 33.019005, 32.523144>,  <30.586140, 32.852097, 31.851053>, 0.130000
	pigment { color rgbt <1,0,0,0> }
	no_shadow
}

// nucleotide -1

// particle -1
sphere {
	<30.867281, 33.019005, 32.523144> 0.250000
	pigment { color rgbt <1,0,0,0> }
	no_shadow
}
cylinder {
	<30.504585, 32.864307, 32.590382>,  <30.286968, 32.771488, 32.630726>, 0.100000
	pigment { color rgbt <1,0,0,0> }
	no_shadow
}
cylinder {
	<30.504585, 32.864307, 32.590382>,  <30.867281, 33.019005, 32.523144>, 0.100000
	pigment { color rgbt <1,0,0,0> }
	no_shadow
}

// particle -1
sphere {
	<30.504585, 32.864307, 32.590382> 0.100000
	pigment { color rgbt <1,0,0,0> }
	no_shadow
}
sphere {
	0, 1
	scale<0.080000,0.200000,0.300000>
	matrix <0.413155, -0.734919, 0.537770,
		-0.084444, 0.557065, 0.826164,
		-0.906737, -0.386745, 0.168095,
		30.232565, 32.748283, 32.640808>
	pigment { color rgbt <0,1,1,0> }
	no_shadow
}
cylinder {
	<30.846153, 32.837265, 33.246651>,  <30.867281, 33.019005, 32.523144>, 0.130000
	pigment { color rgbt <1,0,0,0> }
	no_shadow
}

// nucleotide -1

// particle -1
sphere {
	<30.846153, 32.837265, 33.246651> 0.250000
	pigment { color rgbt <1,0,0,0> }
	no_shadow
}
cylinder {
	<30.606680, 32.606441, 33.024452>,  <30.462996, 32.467945, 32.891132>, 0.100000
	pigment { color rgbt <1,0,0,0> }
	no_shadow
}
cylinder {
	<30.606680, 32.606441, 33.024452>,  <30.846153, 32.837265, 33.246651>, 0.100000
	pigment { color rgbt <1,0,0,0> }
	no_shadow
}

// particle -1
sphere {
	<30.606680, 32.606441, 33.024452> 0.100000
	pigment { color rgbt <1,0,0,0> }
	no_shadow
}
sphere {
	0, 1
	scale<0.080000,0.200000,0.300000>
	matrix <0.229794, -0.788104, 0.571040,
		-0.767317, 0.214221, 0.604429,
		-0.598682, -0.577062, -0.555499,
		30.427074, 32.433323, 32.857803>
	pigment { color rgbt <0,1,1,0> }
	no_shadow
}
cylinder {
	<30.398083, 32.354656, 33.739925>,  <30.846153, 32.837265, 33.246651>, 0.130000
	pigment { color rgbt <1,0,0,0> }
	no_shadow
}

// nucleotide -1

// particle -1
sphere {
	<30.398083, 32.354656, 33.739925> 0.250000
	pigment { color rgbt <1,0,0,0> }
	no_shadow
}
cylinder {
	<30.487919, 32.227345, 33.371521>,  <30.541821, 32.150959, 33.150478>, 0.100000
	pigment { color rgbt <1,0,0,0> }
	no_shadow
}
cylinder {
	<30.487919, 32.227345, 33.371521>,  <30.398083, 32.354656, 33.739925>, 0.100000
	pigment { color rgbt <1,0,0,0> }
	no_shadow
}

// particle -1
sphere {
	<30.487919, 32.227345, 33.371521> 0.100000
	pigment { color rgbt <1,0,0,0> }
	no_shadow
}
sphere {
	0, 1
	scale<0.080000,0.200000,0.300000>
	matrix <0.325220, -0.866480, 0.378741,
		-0.918581, -0.384592, -0.091093,
		0.224591, -0.318279, -0.921009,
		30.555296, 32.131863, 33.095219>
	pigment { color rgbt <0,1,1,0> }
	no_shadow
}
cylinder {
	<30.359373, 31.750416, 33.340698>,  <30.398083, 32.354656, 33.739925>, 0.130000
	pigment { color rgbt <1,0,0,0> }
	no_shadow
}

// nucleotide -1

// particle -1
sphere {
	<30.359373, 31.750416, 33.340698> 0.250000
	pigment { color rgbt <1,0,0,0> }
	no_shadow
}
cylinder {
	<30.736502, 31.634550, 33.274746>,  <30.962778, 31.565031, 33.235176>, 0.100000
	pigment { color rgbt <1,0,0,0> }
	no_shadow
}
cylinder {
	<30.736502, 31.634550, 33.274746>,  <30.359373, 31.750416, 33.340698>, 0.100000
	pigment { color rgbt <1,0,0,0> }
	no_shadow
}

// particle -1
sphere {
	<30.736502, 31.634550, 33.274746> 0.100000
	pigment { color rgbt <1,0,0,0> }
	no_shadow
}
sphere {
	0, 1
	scale<0.080000,0.200000,0.300000>
	matrix <0.216725, 0.908613, -0.357005,
		0.253221, 0.300859, 0.919436,
		0.942820, -0.289666, -0.164876,
		31.019348, 31.547649, 33.225285>
	pigment { color rgbt <0,1,1,0> }
	no_shadow
}
cylinder {
	<30.568432, 31.040375, 33.637302>,  <30.359373, 31.750416, 33.340698>, 0.130000
	pigment { color rgbt <1,0,0,0> }
	no_shadow
}

// nucleotide -1

// particle -1
sphere {
	<30.568432, 31.040375, 33.637302> 0.250000
	pigment { color rgbt <1,0,0,0> }
	no_shadow
}
cylinder {
	<30.744638, 31.209536, 33.954060>,  <30.850363, 31.311031, 34.144115>, 0.100000
	pigment { color rgbt <1,0,0,0> }
	no_shadow
}
cylinder {
	<30.744638, 31.209536, 33.954060>,  <30.568432, 31.040375, 33.637302>, 0.100000
	pigment { color rgbt <1,0,0,0> }
	no_shadow
}

// particle -1
sphere {
	<30.744638, 31.209536, 33.954060> 0.100000
	pigment { color rgbt <1,0,0,0> }
	no_shadow
}
sphere {
	0, 1
	scale<0.080000,0.200000,0.300000>
	matrix <-0.695632, -0.396796, 0.598873,
		0.567485, -0.814682, 0.119387,
		0.440519, 0.422901, 0.791895,
		30.876795, 31.336407, 34.191628>
	pigment { color rgbt <0,1,1,0> }
	no_shadow
}
cylinder {
	<30.538637, 30.741795, 34.235573>,  <30.568432, 31.040375, 33.637302>, 0.130000
	pigment { color rgbt <1,0,0,0> }
	no_shadow
}

// nucleotide -1

// particle -1
sphere {
	<30.538637, 30.741795, 34.235573> 0.250000
	pigment { color rgbt <1,0,0,0> }
	no_shadow
}
cylinder {
	<30.688162, 31.047907, 34.445187>,  <30.777876, 31.231573, 34.570953>, 0.100000
	pigment { color rgbt <1,0,0,0> }
	no_shadow
}
cylinder {
	<30.688162, 31.047907, 34.445187>,  <30.538637, 30.741795, 34.235573>, 0.100000
	pigment { color rgbt <1,0,0,0> }
	no_shadow
}

// particle -1
sphere {
	<30.688162, 31.047907, 34.445187> 0.100000
	pigment { color rgbt <1,0,0,0> }
	no_shadow
}
sphere {
	0, 1
	scale<0.080000,0.200000,0.300000>
	matrix <-0.745044, -0.088759, 0.661084,
		0.552427, -0.637549, 0.536987,
		0.373811, 0.765280, 0.524035,
		30.800304, 31.277491, 34.602398>
	pigment { color rgbt <0,1,1,0> }
	no_shadow
}
cylinder {
	<30.640802, 30.580711, 34.993416>,  <30.538637, 30.741795, 34.235573>, 0.130000
	pigment { color rgbt <1,0,0,0> }
	no_shadow
}

// nucleotide -1

// particle -1
sphere {
	<30.640802, 30.580711, 34.993416> 0.250000
	pigment { color rgbt <1,0,0,0> }
	no_shadow
}
cylinder {
	<30.573368, 30.972164, 34.946323>,  <30.532907, 31.207035, 34.918068>, 0.100000
	pigment { color rgbt <1,0,0,0> }
	no_shadow
}
cylinder {
	<30.573368, 30.972164, 34.946323>,  <30.640802, 30.580711, 34.993416>, 0.100000
	pigment { color rgbt <1,0,0,0> }
	no_shadow
}

// particle -1
sphere {
	<30.573368, 30.972164, 34.946323> 0.100000
	pigment { color rgbt <1,0,0,0> }
	no_shadow
}
sphere {
	0, 1
	scale<0.080000,0.200000,0.300000>
	matrix <-0.696705, -0.033817, 0.716560,
		0.697267, 0.202826, 0.687518,
		-0.168587, 0.978631, -0.117730,
		30.522793, 31.265753, 34.911003>
	pigment { color rgbt <0,1,1,0> }
	no_shadow
}
cylinder {
	<30.584873, 30.962667, 35.651821>,  <30.640802, 30.580711, 34.993416>, 0.130000
	pigment { color rgbt <1,0,0,0> }
	no_shadow
}

// nucleotide -1

// particle -1
sphere {
	<30.584873, 30.962667, 35.651821> 0.250000
	pigment { color rgbt <1,0,0,0> }
	no_shadow
}
cylinder {
	<30.369194, 31.129211, 35.358997>,  <30.239786, 31.229137, 35.183304>, 0.100000
	pigment { color rgbt <1,0,0,0> }
	no_shadow
}
cylinder {
	<30.369194, 31.129211, 35.358997>,  <30.584873, 30.962667, 35.651821>, 0.100000
	pigment { color rgbt <1,0,0,0> }
	no_shadow
}

// particle -1
sphere {
	<30.369194, 31.129211, 35.358997> 0.100000
	pigment { color rgbt <1,0,0,0> }
	no_shadow
}
sphere {
	0, 1
	scale<0.080000,0.200000,0.300000>
	matrix <-0.811238, -0.023334, 0.584250,
		0.226177, 0.908900, 0.350350,
		-0.539200, 0.416361, -0.732057,
		30.207434, 31.254120, 35.139381>
	pigment { color rgbt <0,1,1,0> }
	no_shadow
}
cylinder {
	<30.519373, 31.679951, 36.022507>,  <30.584873, 30.962667, 35.651821>, 0.130000
	pigment { color rgbt <1,0,0,0> }
	no_shadow
}

// nucleotide -1

// particle -1
sphere {
	<30.519373, 31.679951, 36.022507> 0.250000
	pigment { color rgbt <1,0,0,0> }
	no_shadow
}
cylinder {
	<30.700554, 31.334784, 36.112137>,  <30.809263, 31.127684, 36.165916>, 0.100000
	pigment { color rgbt <1,0,0,0> }
	no_shadow
}
cylinder {
	<30.700554, 31.334784, 36.112137>,  <30.519373, 31.679951, 36.022507>, 0.100000
	pigment { color rgbt <1,0,0,0> }
	no_shadow
}

// particle -1
sphere {
	<30.700554, 31.334784, 36.112137> 0.100000
	pigment { color rgbt <1,0,0,0> }
	no_shadow
}
sphere {
	0, 1
	scale<0.080000,0.200000,0.300000>
	matrix <0.413865, -0.019096, -0.910138,
		0.789651, 0.504987, 0.348481,
		0.452953, -0.862916, 0.224076,
		30.836439, 31.075909, 36.179359>
	pigment { color rgbt <0,1,1,0> }
	no_shadow
}
cylinder {
	<30.953783, 31.457018, 36.539345>,  <30.519373, 31.679951, 36.022507>, 0.130000
	pigment { color rgbt <1,0,0,0> }
	no_shadow
}

// nucleotide -1

// particle -1
sphere {
	<30.953783, 31.457018, 36.539345> 0.250000
	pigment { color rgbt <1,0,0,0> }
	no_shadow
}
cylinder {
	<30.802660, 31.802792, 36.406670>,  <30.711987, 32.010254, 36.327065>, 0.100000
	pigment { color rgbt <1,0,0,0> }
	no_shadow
}
cylinder {
	<30.802660, 31.802792, 36.406670>,  <30.953783, 31.457018, 36.539345>, 0.100000
	pigment { color rgbt <1,0,0,0> }
	no_shadow
}

// particle -1
sphere {
	<30.802660, 31.802792, 36.406670> 0.100000
	pigment { color rgbt <1,0,0,0> }
	no_shadow
}
sphere {
	0, 1
	scale<0.080000,0.200000,0.300000>
	matrix <0.289633, 0.450601, 0.844436,
		0.879417, 0.222966, -0.420609,
		-0.377807, 0.864433, -0.331687,
		30.689318, 32.062122, 36.307163>
	pigment { color rgbt <0,1,1,0> }
	no_shadow
}
cylinder {
	<31.635357, 31.742332, 36.643551>,  <30.953783, 31.457018, 36.539345>, 0.130000
	pigment { color rgbt <1,0,0,0> }
	no_shadow
}

// nucleotide -1

// particle -1
sphere {
	<31.635357, 31.742332, 36.643551> 0.250000
	pigment { color rgbt <1,0,0,0> }
	no_shadow
}
cylinder {
	<31.515369, 31.361340, 36.664700>,  <31.443377, 31.132744, 36.677387>, 0.100000
	pigment { color rgbt <1,0,0,0> }
	no_shadow
}
cylinder {
	<31.515369, 31.361340, 36.664700>,  <31.635357, 31.742332, 36.643551>, 0.100000
	pigment { color rgbt <1,0,0,0> }
	no_shadow
}

// particle -1
sphere {
	<31.515369, 31.361340, 36.664700> 0.100000
	pigment { color rgbt <1,0,0,0> }
	no_shadow
}
sphere {
	0, 1
	scale<0.080000,0.200000,0.300000>
	matrix <-0.851684, 0.292366, 0.434921,
		-0.429712, 0.085437, -0.898915,
		-0.299971, -0.952482, 0.052868,
		31.425379, 31.075596, 36.680561>
	pigment { color rgbt <0,1,1,0> }
	no_shadow
}
cylinder {
	<31.965036, 31.826666, 35.889507>,  <31.635357, 31.742332, 36.643551>, 0.130000
	pigment { color rgbt <1,0,0,0> }
	no_shadow
}

// nucleotide -1

// particle -1
sphere {
	<31.965036, 31.826666, 35.889507> 0.250000
	pigment { color rgbt <1,0,0,0> }
	no_shadow
}
cylinder {
	<31.999094, 31.793240, 35.492363>,  <32.019527, 31.773184, 35.254078>, 0.100000
	pigment { color rgbt <1,0,0,0> }
	no_shadow
}
cylinder {
	<31.999094, 31.793240, 35.492363>,  <31.965036, 31.826666, 35.889507>, 0.100000
	pigment { color rgbt <1,0,0,0> }
	no_shadow
}

// particle -1
sphere {
	<31.999094, 31.793240, 35.492363> 0.100000
	pigment { color rgbt <1,0,0,0> }
	no_shadow
}
sphere {
	0, 1
	scale<0.080000,0.200000,0.300000>
	matrix <0.274550, 0.959867, -0.057244,
		0.957796, -0.267716, 0.104669,
		0.085143, -0.083565, -0.992858,
		32.024635, 31.768169, 35.194504>
	pigment { color rgbt <0,1,1,0> }
	no_shadow
}
cylinder {
	<32.694000, 31.903761, 35.604362>,  <31.965036, 31.826666, 35.889507>, 0.130000
	pigment { color rgbt <1,0,0,0> }
	no_shadow
}

// nucleotide -1

// particle -1
sphere {
	<32.694000, 31.903761, 35.604362> 0.250000
	pigment { color rgbt <1,0,0,0> }
	no_shadow
}
cylinder {
	<32.405800, 32.038498, 35.361904>,  <32.232880, 32.119339, 35.216431>, 0.100000
	pigment { color rgbt <1,0,0,0> }
	no_shadow
}
cylinder {
	<32.405800, 32.038498, 35.361904>,  <32.694000, 31.903761, 35.604362>, 0.100000
	pigment { color rgbt <1,0,0,0> }
	no_shadow
}

// particle -1
sphere {
	<32.405800, 32.038498, 35.361904> 0.100000
	pigment { color rgbt <1,0,0,0> }
	no_shadow
}
sphere {
	0, 1
	scale<0.080000,0.200000,0.300000>
	matrix <0.364720, 0.927508, 0.081897,
		0.589790, -0.162066, -0.791127,
		-0.720505, 0.336842, -0.606144,
		32.189648, 32.139549, 35.180061>
	pigment { color rgbt <0,1,1,0> }
	no_shadow
}
cylinder {
	<33.138943, 32.198608, 35.017841>,  <32.694000, 31.903761, 35.604362>, 0.130000
	pigment { color rgbt <1,0,0,0> }
	no_shadow
}

// nucleotide -1

// particle -1
sphere {
	<33.138943, 32.198608, 35.017841> 0.250000
	pigment { color rgbt <1,0,0,0> }
	no_shadow
}
cylinder {
	<32.791794, 32.357185, 35.137589>,  <32.583504, 32.452332, 35.209438>, 0.100000
	pigment { color rgbt <1,0,0,0> }
	no_shadow
}
cylinder {
	<32.791794, 32.357185, 35.137589>,  <33.138943, 32.198608, 35.017841>, 0.100000
	pigment { color rgbt <1,0,0,0> }
	no_shadow
}

// particle -1
sphere {
	<32.791794, 32.357185, 35.137589> 0.100000
	pigment { color rgbt <1,0,0,0> }
	no_shadow
}
sphere {
	0, 1
	scale<0.080000,0.200000,0.300000>
	matrix <0.405077, 0.913593, -0.035513,
		-0.287584, 0.090448, -0.953475,
		-0.867876, 0.396444, 0.299373,
		32.531429, 32.476120, 35.227402>
	pigment { color rgbt <0,1,1,0> }
	no_shadow
}
cylinder {
	<32.918289, 32.628803, 35.654594>,  <33.138943, 32.198608, 35.017841>, 0.130000
	pigment { color rgbt <1,0,0,0> }
	no_shadow
}

// nucleotide -1

// particle -1
sphere {
	<32.918289, 32.628803, 35.654594> 0.250000
	pigment { color rgbt <1,0,0,0> }
	no_shadow
}
cylinder {
	<32.858204, 32.845337, 35.323681>,  <32.822155, 32.975258, 35.125134>, 0.100000
	pigment { color rgbt <1,0,0,0> }
	no_shadow
}
cylinder {
	<32.858204, 32.845337, 35.323681>,  <32.918289, 32.628803, 35.654594>, 0.100000
	pigment { color rgbt <1,0,0,0> }
	no_shadow
}

// particle -1
sphere {
	<32.858204, 32.845337, 35.323681> 0.100000
	pigment { color rgbt <1,0,0,0> }
	no_shadow
}
sphere {
	0, 1
	scale<0.080000,0.200000,0.300000>
	matrix <-0.068342, 0.829087, 0.554927,
		0.986289, 0.139894, -0.087542,
		-0.150211, 0.541335, -0.827280,
		32.813141, 33.007736, 35.075497>
	pigment { color rgbt <0,1,1,0> }
	no_shadow
}
cylinder {
	<33.269985, 33.288292, 35.584286>,  <32.918289, 32.628803, 35.654594>, 0.130000
	pigment { color rgbt <1,0,0,0> }
	no_shadow
}

// nucleotide -1

// particle -1
sphere {
	<33.269985, 33.288292, 35.584286> 0.250000
	pigment { color rgbt <1,0,0,0> }
	no_shadow
}
cylinder {
	<32.952324, 33.389713, 35.363365>,  <32.761726, 33.450565, 35.230812>, 0.100000
	pigment { color rgbt <1,0,0,0> }
	no_shadow
}
cylinder {
	<32.952324, 33.389713, 35.363365>,  <33.269985, 33.288292, 35.584286>, 0.100000
	pigment { color rgbt <1,0,0,0> }
	no_shadow
}

// particle -1
sphere {
	<32.952324, 33.389713, 35.363365> 0.100000
	pigment { color rgbt <1,0,0,0> }
	no_shadow
}
sphere {
	0, 1
	scale<0.080000,0.200000,0.300000>
	matrix <-0.052403, 0.876851, 0.477898,
		0.605460, 0.408465, -0.683063,
		-0.794149, 0.253553, -0.552303,
		32.714081, 33.465778, 35.197674>
	pigment { color rgbt <0,1,1,0> }
	no_shadow
}
cylinder {
	<33.329868, 33.936665, 35.248173>,  <33.269985, 33.288292, 35.584286>, 0.130000
	pigment { color rgbt <1,0,0,0> }
	no_shadow
}

// nucleotide -1

// particle -1
sphere {
	<33.329868, 33.936665, 35.248173> 0.250000
	pigment { color rgbt <1,0,0,0> }
	no_shadow
}
cylinder {
	<32.940002, 33.876854, 35.314713>,  <32.706081, 33.840969, 35.354637>, 0.100000
	pigment { color rgbt <1,0,0,0> }
	no_shadow
}
cylinder {
	<32.940002, 33.876854, 35.314713>,  <33.329868, 33.936665, 35.248173>, 0.100000
	pigment { color rgbt <1,0,0,0> }
	no_shadow
}

// particle -1
sphere {
	<32.940002, 33.876854, 35.314713> 0.100000
	pigment { color rgbt <1,0,0,0> }
	no_shadow
}
sphere {
	0, 1
	scale<0.080000,0.200000,0.300000>
	matrix <-0.059733, 0.890702, 0.450646,
		-0.215551, 0.429292, -0.877067,
		-0.974664, -0.149527, 0.166349,
		32.647602, 33.831997, 35.364616>
	pigment { color rgbt <0,1,1,0> }
	no_shadow
}
cylinder {
	<33.907284, 34.043159, 34.920639>,  <33.329868, 33.936665, 35.248173>, 0.130000
	pigment { color rgbt <1,0,0,0> }
	no_shadow
}

// nucleotide -1

// particle -1
sphere {
	<33.907284, 34.043159, 34.920639> 0.250000
	pigment { color rgbt <1,0,0,0> }
	no_shadow
}
cylinder {
	<34.083942, 33.868835, 34.606945>,  <34.189938, 33.764240, 34.418728>, 0.100000
	pigment { color rgbt <1,0,0,0> }
	no_shadow
}
cylinder {
	<34.083942, 33.868835, 34.606945>,  <33.907284, 34.043159, 34.920639>, 0.100000
	pigment { color rgbt <1,0,0,0> }
	no_shadow
}

// particle -1
sphere {
	<34.083942, 33.868835, 34.606945> 0.100000
	pigment { color rgbt <1,0,0,0> }
	no_shadow
}
sphere {
	0, 1
	scale<0.080000,0.200000,0.300000>
	matrix <0.765166, -0.273462, 0.582872,
