// switches for output
#declare DRAW_BASES = 1; // possible values are 0, 1; only relevant for DNA ribbons
#declare DRAW_BASES_TYPE = 3; // possible values are 1, 2, 3; only relevant for DNA ribbons
#declare DRAW_FOG = 0; // set to 1 to enable fog

#include "colors.inc"

#include "transforms.inc"
background { rgb <1, 1, 1>}

#default {
   normal{
       ripples 0.25
       frequency 0.20
       turbulence 0.2
       lambda 5
   }
	finish {
		phong 0.1
		phong_size 40.
	}
}

// original window dimensions: 1024x640


// camera settings

camera {
	sky <0, 0.179814, -0.983701>
	up <0, 0.179814, -0.983701>
	right 1.6 * <1, 0, 0>
	location <35, 94.9851, 44.8844>
	look_at <35, 29.7336, 32.9568>
	direction <0, -65.2515, -11.9276>
	angle 67.0682
}


# declare cpy_camera_pos = <35, 94.9851, 44.8844>;
# if (DRAW_FOG = 1)
fog {
	fog_type 2
	up vnormalize(cpy_camera_pos)
	color rgbt<1,1,1,0.3>
	distance 1e-5
	fog_alt 3e-3
	fog_offset 56
}
# end


// LIGHTS

# declare lum = 6;
global_settings {
	ambient_light rgb lum * <0.05, 0.05, 0.05>
	max_trace_level 15
}# declare cpy_direct_light_amount = 0.25;
light_source
{	1000 * <-1, -1.16352, -0.803886>,
	rgb lum * cpy_direct_light_amount
	parallel
}

light_source
{	1000 * <1, 1.16352, 0.803886>,
	rgb lum * cpy_direct_light_amount
	parallel
}

// strand 0

// nucleotide -1

// particle -1
sphere {
	<24.313404, 35.222218, 34.862877> 0.250000
	pigment { color rgbt <1,0,0,0> }
	no_shadow
}
cylinder {
	<24.317078, 34.900993, 35.101212>,  <24.319281, 34.708260, 35.244213>, 0.100000
	pigment { color rgbt <1,0,0,0> }
	no_shadow
}
cylinder {
	<24.317078, 34.900993, 35.101212>,  <24.313404, 35.222218, 34.862877>, 0.100000
	pigment { color rgbt <1,0,0,0> }
	no_shadow
}

// particle -1
sphere {
	<24.317078, 34.900993, 35.101212> 0.100000
	pigment { color rgbt <1,0,0,0> }
	no_shadow
}
sphere {
	0, 1
	scale<0.080000,0.200000,0.300000>
	matrix <0.598467, -0.472945, -0.646653,
		0.801095, 0.362524, 0.476260,
		0.009182, -0.803057, 0.595832,
		24.319832, 34.660076, 35.279961>
	pigment { color rgbt <0,1,1,0> }
	no_shadow
}
cylinder {
	<25.040115, 35.020157, 35.138203>,  <24.313404, 35.222218, 34.862877>, 0.130000
	pigment { color rgbt <1,0,0,0> }
	no_shadow
}

// nucleotide -1

// particle -1
sphere {
	<25.040115, 35.020157, 35.138203> 0.250000
	pigment { color rgbt <1,0,0,0> }
	no_shadow
}
cylinder {
	<24.796413, 34.704647, 35.105591>,  <24.650192, 34.515343, 35.086021>, 0.100000
	pigment { color rgbt <1,0,0,0> }
	no_shadow
}
cylinder {
	<24.796413, 34.704647, 35.105591>,  <25.040115, 35.020157, 35.138203>, 0.100000
	pigment { color rgbt <1,0,0,0> }
	no_shadow
}

// particle -1
sphere {
	<24.796413, 34.704647, 35.105591> 0.100000
	pigment { color rgbt <1,0,0,0> }
	no_shadow
}
sphere {
	0, 1
	scale<0.080000,0.200000,0.300000>
	matrix <0.480412, -0.285353, -0.829324,
		0.630881, -0.544440, 0.552788,
		-0.609256, -0.788771, -0.081532,
		24.613636, 34.468018, 35.081131>
	pigment { color rgbt <0,1,1,0> }
	no_shadow
}
cylinder {
	<25.586308, 34.579037, 34.902454>,  <25.040115, 35.020157, 35.138203>, 0.130000
	pigment { color rgbt <1,0,0,0> }
	no_shadow
}

// nucleotide -1

// particle -1
sphere {
	<25.586308, 34.579037, 34.902454> 0.250000
	pigment { color rgbt <1,0,0,0> }
	no_shadow
}
cylinder {
	<25.725821, 34.713497, 35.252392>,  <25.809528, 34.794174, 35.462353>, 0.100000
	pigment { color rgbt <1,0,0,0> }
	no_shadow
}
cylinder {
	<25.725821, 34.713497, 35.252392>,  <25.586308, 34.579037, 34.902454>, 0.100000
	pigment { color rgbt <1,0,0,0> }
	no_shadow
}

// particle -1
sphere {
	<25.725821, 34.713497, 35.252392> 0.100000
	pigment { color rgbt <1,0,0,0> }
	no_shadow
}
sphere {
	0, 1
	scale<0.080000,0.200000,0.300000>
	matrix <0.880728, 0.201576, -0.428585,
		-0.320417, 0.919983, -0.225752,
		0.348785, 0.336152, 0.874843,
		25.830456, 34.814342, 35.514843>
	pigment { color rgbt <0,1,1,0> }
	no_shadow
}
cylinder {
	<26.170670, 34.716534, 34.354630>,  <25.586308, 34.579037, 34.902454>, 0.130000
	pigment { color rgbt <1,0,0,0> }
	no_shadow
}

// nucleotide -1

// particle -1
sphere {
	<26.170670, 34.716534, 34.354630> 0.250000
	pigment { color rgbt <1,0,0,0> }
	no_shadow
}
cylinder {
	<26.125713, 34.848469, 33.979698>,  <26.098740, 34.927628, 33.754742>, 0.100000
	pigment { color rgbt <1,0,0,0> }
	no_shadow
}
cylinder {
	<26.125713, 34.848469, 33.979698>,  <26.170670, 34.716534, 34.354630>, 0.100000
	pigment { color rgbt <1,0,0,0> }
	no_shadow
}

// particle -1
sphere {
	<26.125713, 34.848469, 33.979698> 0.100000
	pigment { color rgbt <1,0,0,0> }
	no_shadow
}
sphere {
	0, 1
	scale<0.080000,0.200000,0.300000>
	matrix <0.901367, 0.430862, 0.043536,
		0.418218, -0.839980, -0.345729,
		-0.112392, 0.329836, -0.937324,
		26.091995, 34.947418, 33.698502>
	pigment { color rgbt <0,1,1,0> }
	no_shadow
}
cylinder {
	<26.756313, 34.427696, 34.090744>,  <26.170670, 34.716534, 34.354630>, 0.130000
	pigment { color rgbt <1,0,0,0> }
	no_shadow
}

// nucleotide -1

// particle -1
sphere {
	<26.756313, 34.427696, 34.090744> 0.250000
	pigment { color rgbt <1,0,0,0> }
	no_shadow
}
cylinder {
	<26.592949, 34.741215, 33.903614>,  <26.494930, 34.929325, 33.791336>, 0.100000
	pigment { color rgbt <1,0,0,0> }
	no_shadow
}
cylinder {
	<26.592949, 34.741215, 33.903614>,  <26.756313, 34.427696, 34.090744>, 0.100000
	pigment { color rgbt <1,0,0,0> }
	no_shadow
}

// particle -1
sphere {
	<26.592949, 34.741215, 33.903614> 0.100000
	pigment { color rgbt <1,0,0,0> }
	no_shadow
}
sphere {
	0, 1
	scale<0.080000,0.200000,0.300000>
	matrix <0.899079, 0.433946, -0.057865,
		0.157656, -0.444245, -0.881925,
		-0.408413, 0.783797, -0.467826,
		26.470425, 34.976353, 33.763268>
	pigment { color rgbt <0,1,1,0> }
	no_shadow
}
cylinder {
	<27.163847, 34.505234, 33.461304>,  <26.756313, 34.427696, 34.090744>, 0.130000
	pigment { color rgbt <1,0,0,0> }
	no_shadow
}

// nucleotide -1

// particle -1
sphere {
	<27.163847, 34.505234, 33.461304> 0.250000
	pigment { color rgbt <1,0,0,0> }
	no_shadow
}
cylinder {
	<27.005083, 34.857243, 33.565628>,  <26.909824, 35.068447, 33.628223>, 0.100000
	pigment { color rgbt <1,0,0,0> }
	no_shadow
}
cylinder {
	<27.005083, 34.857243, 33.565628>,  <27.163847, 34.505234, 33.461304>, 0.100000
	pigment { color rgbt <1,0,0,0> }
	no_shadow
}

// particle -1
sphere {
	<27.005083, 34.857243, 33.565628> 0.100000
	pigment { color rgbt <1,0,0,0> }
	no_shadow
}
sphere {
	0, 1
	scale<0.080000,0.200000,0.300000>
	matrix <0.913155, 0.407327, 0.015264,
		-0.092801, 0.244215, -0.965270,
		-0.396908, 0.880025, 0.260807,
		26.886011, 35.121250, 33.643871>
	pigment { color rgbt <0,1,1,0> }
	no_shadow
}
cylinder {
	<27.275574, 34.982582, 32.986080>,  <27.163847, 34.505234, 33.461304>, 0.130000
	pigment { color rgbt <1,0,0,0> }
	no_shadow
}

// nucleotide -1

// particle -1
sphere {
	<27.275574, 34.982582, 32.986080> 0.250000
	pigment { color rgbt <1,0,0,0> }
	no_shadow
}
cylinder {
	<27.248884, 35.147034, 33.349731>,  <27.232870, 35.245705, 33.567924>, 0.100000
	pigment { color rgbt <1,0,0,0> }
	no_shadow
}
cylinder {
	<27.248884, 35.147034, 33.349731>,  <27.275574, 34.982582, 32.986080>, 0.100000
	pigment { color rgbt <1,0,0,0> }
	no_shadow
}

// particle -1
sphere {
	<27.248884, 35.147034, 33.349731> 0.100000
	pigment { color rgbt <1,0,0,0> }
	no_shadow
}
sphere {
	0, 1
	scale<0.080000,0.200000,0.300000>
	matrix <0.932461, 0.349931, -0.089808,
		-0.355056, 0.841738, -0.406709,
		-0.066725, 0.411127, 0.909133,
		27.228867, 35.270370, 33.622471>
	pigment { color rgbt <0,1,1,0> }
	no_shadow
}
cylinder {
	<27.267288, 35.714008, 33.061504>,  <27.275574, 34.982582, 32.986080>, 0.130000
	pigment { color rgbt <1,0,0,0> }
	no_shadow
}

// nucleotide -1

// particle -1
sphere {
	<27.267288, 35.714008, 33.061504> 0.250000
	pigment { color rgbt <1,0,0,0> }
	no_shadow
}
cylinder {
	<27.451731, 35.580650, 33.390438>,  <27.562395, 35.500637, 33.587799>, 0.100000
	pigment { color rgbt <1,0,0,0> }
	no_shadow
}
cylinder {
	<27.451731, 35.580650, 33.390438>,  <27.267288, 35.714008, 33.061504>, 0.100000
	pigment { color rgbt <1,0,0,0> }
	no_shadow
}

// particle -1
sphere {
	<27.451731, 35.580650, 33.390438> 0.100000
	pigment { color rgbt <1,0,0,0> }
	no_shadow
}
sphere {
	0, 1
	scale<0.080000,0.200000,0.300000>
	matrix <0.809779, 0.537030, -0.236340,
		-0.362823, 0.774885, 0.517603,
		0.461105, -0.333394, 0.822333,
		27.590061, 35.480633, 33.637138>
	pigment { color rgbt <0,1,1,0> }
	no_shadow
}
cylinder {
	<27.516573, 36.174232, 33.559166>,  <27.267288, 35.714008, 33.061504>, 0.130000
	pigment { color rgbt <1,0,0,0> }
	no_shadow
}

// nucleotide -1

// particle -1
sphere {
	<27.516573, 36.174232, 33.559166> 0.250000
	pigment { color rgbt <1,0,0,0> }
	no_shadow
}
cylinder {
	<27.762836, 35.862190, 33.514618>,  <27.910595, 35.674965, 33.487888>, 0.100000
	pigment { color rgbt <1,0,0,0> }
	no_shadow
}
cylinder {
	<27.762836, 35.862190, 33.514618>,  <27.516573, 36.174232, 33.559166>, 0.100000
	pigment { color rgbt <1,0,0,0> }
	no_shadow
}

// particle -1
sphere {
	<27.762836, 35.862190, 33.514618> 0.100000
	pigment { color rgbt <1,0,0,0> }
	no_shadow
}
sphere {
	0, 1
	scale<0.080000,0.200000,0.300000>
	matrix <0.707793, 0.609562, -0.357019,
		0.346398, 0.140976, 0.927434,
		0.615660, -0.780102, -0.111369,
		27.947535, 35.628159, 33.481209>
	pigment { color rgbt <0,1,1,0> }
	no_shadow
}
cylinder {
	<27.995464, 36.273815, 34.080444>,  <27.516573, 36.174232, 33.559166>, 0.130000
	pigment { color rgbt <1,0,0,0> }
	no_shadow
}

// nucleotide -1

// particle -1
sphere {
	<27.995464, 36.273815, 34.080444> 0.250000
	pigment { color rgbt <1,0,0,0> }
	no_shadow
}
cylinder {
	<28.129400, 36.080383, 33.756954>,  <28.209763, 35.964325, 33.562862>, 0.100000
	pigment { color rgbt <1,0,0,0> }
	no_shadow
}
cylinder {
	<28.129400, 36.080383, 33.756954>,  <27.995464, 36.273815, 34.080444>, 0.100000
	pigment { color rgbt <1,0,0,0> }
	no_shadow
}

// particle -1
sphere {
	<28.129400, 36.080383, 33.756954> 0.100000
	pigment { color rgbt <1,0,0,0> }
	no_shadow
}
sphere {
	0, 1
	scale<0.080000,0.200000,0.300000>
	matrix <0.698909, 0.703101, -0.131051,
		0.631987, -0.521341, 0.573407,
		0.334841, -0.483582, -0.808721,
		28.229853, 35.935310, 33.514339>
	pigment { color rgbt <0,1,1,0> }
	no_shadow
}
cylinder {
	<28.668364, 36.609249, 34.213779>,  <27.995464, 36.273815, 34.080444>, 0.130000
	pigment { color rgbt <1,0,0,0> }
	no_shadow
}

// nucleotide -1

// particle -1
sphere {
	<28.668364, 36.609249, 34.213779> 0.250000
	pigment { color rgbt <1,0,0,0> }
	no_shadow
}
cylinder {
	<28.720329, 36.423439, 33.863388>,  <28.751509, 36.311951, 33.653152>, 0.100000
	pigment { color rgbt <1,0,0,0> }
	no_shadow
}
cylinder {
	<28.720329, 36.423439, 33.863388>,  <28.668364, 36.609249, 34.213779>, 0.100000
	pigment { color rgbt <1,0,0,0> }
	no_shadow
}

// particle -1
sphere {
	<28.720329, 36.423439, 33.863388> 0.100000
	pigment { color rgbt <1,0,0,0> }
	no_shadow
}
sphere {
	0, 1
	scale<0.080000,0.200000,0.300000>
	matrix <0.890424, 0.443316, -0.103034,
		0.436197, -0.766607, 0.471218,
		0.129912, -0.464527, -0.875978,
		28.759302, 36.284081, 33.600594>
	pigment { color rgbt <0,1,1,0> }
	no_shadow
}
cylinder {
	<29.396601, 36.652058, 33.914333>,  <28.668364, 36.609249, 34.213779>, 0.130000
	pigment { color rgbt <1,0,0,0> }
	no_shadow
}

// nucleotide -1

// particle -1
sphere {
	<29.396601, 36.652058, 33.914333> 0.250000
	pigment { color rgbt <1,0,0,0> }
	no_shadow
}
cylinder {
	<29.240261, 36.463188, 33.598286>,  <29.146458, 36.349865, 33.408657>, 0.100000
	pigment { color rgbt <1,0,0,0> }
	no_shadow
}
cylinder {
	<29.240261, 36.463188, 33.598286>,  <29.396601, 36.652058, 33.914333>, 0.100000
	pigment { color rgbt <1,0,0,0> }
	no_shadow
}

// particle -1
sphere {
	<29.240261, 36.463188, 33.598286> 0.100000
	pigment { color rgbt <1,0,0,0> }
	no_shadow
}
sphere {
	0, 1
	scale<0.080000,0.200000,0.300000>
	matrix <0.889620, 0.026544, -0.455930,
		0.236252, -0.881105, 0.409682,
		-0.390847, -0.472176, -0.790119,
		29.123007, 36.321537, 33.361248>
	pigment { color rgbt <0,1,1,0> }
	no_shadow
}
cylinder {
	<29.928307, 36.192455, 33.709457>,  <29.396601, 36.652058, 33.914333>, 0.130000
	pigment { color rgbt <1,0,0,0> }
	no_shadow
}

// nucleotide -1

// particle -1
sphere {
	<29.928307, 36.192455, 33.709457> 0.250000
	pigment { color rgbt <1,0,0,0> }
	no_shadow
}
cylinder {
	<29.690004, 36.324345, 33.416512>,  <29.547024, 36.403477, 33.240746>, 0.100000
	pigment { color rgbt <1,0,0,0> }
	no_shadow
}
cylinder {
	<29.690004, 36.324345, 33.416512>,  <29.928307, 36.192455, 33.709457>, 0.100000
	pigment { color rgbt <1,0,0,0> }
	no_shadow
}

// particle -1
sphere {
	<29.690004, 36.324345, 33.416512> 0.100000
	pigment { color rgbt <1,0,0,0> }
	no_shadow
}
sphere {
	0, 1
	scale<0.080000,0.200000,0.300000>
	matrix <0.802471, 0.206422, -0.559848,
		-0.033419, -0.921234, -0.387571,
		-0.595755, 0.329724, -0.732365,
		29.511278, 36.423264, 33.196800>
	pigment { color rgbt <0,1,1,0> }
	no_shadow
}
cylinder {
	<30.307064, 35.930511, 33.101860>,  <29.928307, 36.192455, 33.709457>, 0.130000
	pigment { color rgbt <1,0,0,0> }
	no_shadow
}

// nucleotide -1

// particle -1
sphere {
	<30.307064, 35.930511, 33.101860> 0.250000
	pigment { color rgbt <1,0,0,0> }
	no_shadow
}
cylinder {
	<30.063591, 36.216549, 32.964371>,  <29.917507, 36.388172, 32.881878>, 0.100000
	pigment { color rgbt <1,0,0,0> }
	no_shadow
}
cylinder {
	<30.063591, 36.216549, 32.964371>,  <30.307064, 35.930511, 33.101860>, 0.100000
	pigment { color rgbt <1,0,0,0> }
	no_shadow
}

// particle -1
sphere {
	<30.063591, 36.216549, 32.964371> 0.100000
	pigment { color rgbt <1,0,0,0> }
	no_shadow
}
sphere {
	0, 1
	scale<0.080000,0.200000,0.300000>
	matrix <0.682796, 0.251470, -0.685969,
		-0.404096, -0.652230, -0.641329,
		-0.608684, 0.715094, -0.343722,
		29.880985, 36.431076, 32.861256>
	pigment { color rgbt <0,1,1,0> }
	no_shadow
}
cylinder {
	<30.980333, 36.120964, 32.738838>,  <30.307064, 35.930511, 33.101860>, 0.130000
	pigment { color rgbt <1,0,0,0> }
	no_shadow
}

// nucleotide -1

// particle -1
sphere {
	<30.980333, 36.120964, 32.738838> 0.250000
	pigment { color rgbt <1,0,0,0> }
	no_shadow
}
cylinder {
	<31.054472, 36.477604, 32.573574>,  <31.098955, 36.691586, 32.474415>, 0.100000
	pigment { color rgbt <1,0,0,0> }
	no_shadow
}
cylinder {
	<31.054472, 36.477604, 32.573574>,  <30.980333, 36.120964, 32.738838>, 0.100000
	pigment { color rgbt <1,0,0,0> }
	no_shadow
}

// particle -1
sphere {
	<31.054472, 36.477604, 32.573574> 0.100000
	pigment { color rgbt <1,0,0,0> }
	no_shadow
}
sphere {
	0, 1
	scale<0.080000,0.200000,0.300000>
	matrix <-0.909823, 0.314569, 0.270681,
		0.371307, 0.325735, 0.869499,
		0.185347, 0.891596, -0.413163,
		31.110077, 36.745083, 32.449627>
	pigment { color rgbt <0,1,1,0> }
	no_shadow
}
cylinder {
	<30.659937, 36.620117, 33.154522>,  <30.980333, 36.120964, 32.738838>, 0.130000
	pigment { color rgbt <1,0,0,0> }
	no_shadow
}

// nucleotide -1

// particle -1
sphere {
	<30.659937, 36.620117, 33.154522> 0.250000
	pigment { color rgbt <1,0,0,0> }
	no_shadow
}
cylinder {
	<30.682831, 36.798542, 32.797253>,  <30.696568, 36.905598, 32.582893>, 0.100000
	pigment { color rgbt <1,0,0,0> }
	no_shadow
}
cylinder {
	<30.682831, 36.798542, 32.797253>,  <30.659937, 36.620117, 33.154522>, 0.100000
	pigment { color rgbt <1,0,0,0> }
	no_shadow
}

// particle -1
sphere {
	<30.682831, 36.798542, 32.797253> 0.100000
	pigment { color rgbt <1,0,0,0> }
	no_shadow
}
sphere {
	0, 1
	scale<0.080000,0.200000,0.300000>
	matrix <-0.986516, 0.162671, 0.018025,
		0.153333, 0.880095, 0.449356,
		0.057234, 0.446061, -0.893171,
		30.700001, 36.932362, 32.529301>
	pigment { color rgbt <0,1,1,0> }
	no_shadow
}
cylinder {
	<30.255589, 37.298416, 33.178085>,  <30.659937, 36.620117, 33.154522>, 0.130000
	pigment { color rgbt <1,0,0,0> }
	no_shadow
}

// nucleotide -1

// particle -1
sphere {
	<30.255589, 37.298416, 33.178085> 0.250000
	pigment { color rgbt <1,0,0,0> }
	no_shadow
}
cylinder {
	<30.250473, 37.153748, 32.805199>,  <30.247404, 37.066948, 32.581467>, 0.100000
	pigment { color rgbt <1,0,0,0> }
	no_shadow
}
cylinder {
	<30.250473, 37.153748, 32.805199>,  <30.255589, 37.298416, 33.178085>, 0.100000
	pigment { color rgbt <1,0,0,0> }
	no_shadow
}

// particle -1
sphere {
	<30.250473, 37.153748, 32.805199> 0.100000
	pigment { color rgbt <1,0,0,0> }
	no_shadow
}
sphere {
	0, 1
	scale<0.080000,0.200000,0.300000>
	matrix <-0.980735, -0.177206, 0.082205,
		-0.194925, 0.915309, -0.352439,
		-0.012788, -0.361673, -0.932218,
		30.246637, 37.045246, 32.525532>
	pigment { color rgbt <0,1,1,0> }
	no_shadow
}
cylinder {
	<29.701263, 37.609787, 32.881439>,  <30.255589, 37.298416, 33.178085>, 0.130000
	pigment { color rgbt <1,0,0,0> }
	no_shadow
}

// nucleotide -1

// particle -1
sphere {
	<29.701263, 37.609787, 32.881439> 0.250000
	pigment { color rgbt <1,0,0,0> }
	no_shadow
}
cylinder {
	<29.792789, 37.270851, 32.689751>,  <29.847706, 37.067490, 32.574738>, 0.100000
	pigment { color rgbt <1,0,0,0> }
	no_shadow
}
cylinder {
	<29.792789, 37.270851, 32.689751>,  <29.701263, 37.609787, 32.881439>, 0.100000
	pigment { color rgbt <1,0,0,0> }
	no_shadow
}

// particle -1
sphere {
	<29.792789, 37.270851, 32.689751> 0.100000
	pigment { color rgbt <1,0,0,0> }
	no_shadow
}
sphere {
	0, 1
	scale<0.080000,0.200000,0.300000>
	matrix <-0.865566, -0.402363, 0.298161,
		-0.445466, 0.346575, -0.825497,
		0.228814, -0.847343, -0.479222,
		29.861433, 37.016647, 32.545986>
	pigment { color rgbt <0,1,1,0> }
	no_shadow
}
cylinder {
	<29.076263, 37.366604, 32.456520>,  <29.701263, 37.609787, 32.881439>, 0.130000
	pigment { color rgbt <1,0,0,0> }
	no_shadow
}

// nucleotide -1

// particle -1
sphere {
	<29.076263, 37.366604, 32.456520> 0.250000
	pigment { color rgbt <1,0,0,0> }
	no_shadow
}
cylinder {
	<29.311077, 37.055157, 32.545193>,  <29.451965, 36.868290, 32.598396>, 0.100000
	pigment { color rgbt <1,0,0,0> }
	no_shadow
}
cylinder {
	<29.311077, 37.055157, 32.545193>,  <29.076263, 37.366604, 32.456520>, 0.100000
	pigment { color rgbt <1,0,0,0> }
	no_shadow
}

// particle -1
sphere {
	<29.311077, 37.055157, 32.545193> 0.100000
	pigment { color rgbt <1,0,0,0> }
	no_shadow
}
sphere {
	0, 1
	scale<0.080000,0.200000,0.300000>
	matrix <-0.790922, -0.493175, 0.362245,
		-0.172721, -0.387985, -0.905337,
		0.587035, -0.778618, 0.221684,
		29.487188, 36.821571, 32.611698>
	pigment { color rgbt <0,1,1,0> }
	no_shadow
}
cylinder {
	<28.704590, 36.776340, 32.185173>,  <29.076263, 37.366604, 32.456520>, 0.130000
	pigment { color rgbt <1,0,0,0> }
	no_shadow
}

// nucleotide -1

// particle -1
sphere {
	<28.704590, 36.776340, 32.185173> 0.250000
	pigment { color rgbt <1,0,0,0> }
	no_shadow
}
cylinder {
	<28.958706, 36.654610, 32.469086>,  <29.111176, 36.581570, 32.639435>, 0.100000
	pigment { color rgbt <1,0,0,0> }
	no_shadow
}
cylinder {
	<28.958706, 36.654610, 32.469086>,  <28.704590, 36.776340, 32.185173>, 0.100000
	pigment { color rgbt <1,0,0,0> }
	no_shadow
}

// particle -1
sphere {
	<28.958706, 36.654610, 32.469086> 0.100000
	pigment { color rgbt <1,0,0,0> }
	no_shadow
}
sphere {
	0, 1
	scale<0.080000,0.200000,0.300000>
	matrix <-0.750598, -0.459543, 0.474787,
		0.181682, -0.834388, -0.520374,
		0.635290, -0.304331, 0.709781,
		29.149294, 36.563309, 32.682018>
	pigment { color rgbt <0,1,1,0> }
	no_shadow
}
cylinder {
	<29.417706, 36.426517, 32.041508>,  <28.704590, 36.776340, 32.185173>, 0.130000
	pigment { color rgbt <1,0,0,0> }
	no_shadow
}

// nucleotide -1

// particle -1
sphere {
	<29.417706, 36.426517, 32.041508> 0.250000
	pigment { color rgbt <1,0,0,0> }
	no_shadow
}
cylinder {
	<29.548954, 36.767109, 31.877890>,  <29.627703, 36.971462, 31.779718>, 0.100000
	pigment { color rgbt <1,0,0,0> }
	no_shadow
}
cylinder {
	<29.548954, 36.767109, 31.877890>,  <29.417706, 36.426517, 32.041508>, 0.100000
	pigment { color rgbt <1,0,0,0> }
	no_shadow
}

// particle -1
sphere {
	<29.548954, 36.767109, 31.877890> 0.100000
	pigment { color rgbt <1,0,0,0> }
	no_shadow
}
sphere {
	0, 1
	scale<0.080000,0.200000,0.300000>
	matrix <0.934924, -0.230791, 0.269543,
		0.135106, -0.470870, -0.871796,
		0.328122, 0.851479, -0.409046,
		29.647390, 37.022552, 31.755177>
	pigment { color rgbt <0,1,1,0> }
	no_shadow
}
cylinder {
	<29.922045, 36.373272, 31.511532>,  <29.417706, 36.426517, 32.041508>, 0.130000
	pigment { color rgbt <1,0,0,0> }
	no_shadow
}

// nucleotide -1

// particle -1
sphere {
	<29.922045, 36.373272, 31.511532> 0.250000
	pigment { color rgbt <1,0,0,0> }
	no_shadow
}
cylinder {
	<29.948265, 36.705788, 31.732319>,  <29.963997, 36.905296, 31.864792>, 0.100000
	pigment { color rgbt <1,0,0,0> }
	no_shadow
}
cylinder {
	<29.948265, 36.705788, 31.732319>,  <29.922045, 36.373272, 31.511532>, 0.100000
	pigment { color rgbt <1,0,0,0> }
	no_shadow
}

// particle -1
sphere {
	<29.948265, 36.705788, 31.732319> 0.100000
	pigment { color rgbt <1,0,0,0> }
	no_shadow
}
sphere {
	0, 1
	scale<0.080000,0.200000,0.300000>
	matrix <0.996528, -0.082989, 0.006637,
		0.051325, 0.549616, -0.833839,
		0.065552, 0.831285, 0.551967,
		29.967930, 36.955173, 31.897909>
	pigment { color rgbt <0,1,1,0> }
	no_shadow
}
cylinder {
	<30.541151, 36.798065, 31.266733>,  <29.922045, 36.373272, 31.511532>, 0.130000
	pigment { color rgbt <1,0,0,0> }
	no_shadow
}

// nucleotide -1

// particle -1
sphere {
	<30.541151, 36.798065, 31.266733> 0.250000
	pigment { color rgbt <1,0,0,0> }
	no_shadow
}
cylinder {
	<30.440983, 36.937538, 31.628000>,  <30.380882, 37.021221, 31.844761>, 0.100000
	pigment { color rgbt <1,0,0,0> }
	no_shadow
}
cylinder {
	<30.440983, 36.937538, 31.628000>,  <30.541151, 36.798065, 31.266733>, 0.100000
	pigment { color rgbt <1,0,0,0> }
	no_shadow
}

// particle -1
sphere {
	<30.440983, 36.937538, 31.628000> 0.100000
	pigment { color rgbt <1,0,0,0> }
	no_shadow
}
sphere {
	0, 1
	scale<0.080000,0.200000,0.300000>
	matrix <0.964693, 0.168492, 0.202432,
		-0.081592, 0.921972, -0.378564,
		-0.250421, 0.348681, 0.903167,
		30.365856, 37.042141, 31.898951>
	pigment { color rgbt <0,1,1,0> }
	no_shadow
}
cylinder {
	<30.787281, 37.486046, 31.373379>,  <30.541151, 36.798065, 31.266733>, 0.130000
	pigment { color rgbt <1,0,0,0> }
	no_shadow
}

// nucleotide -1

// particle -1
sphere {
	<30.787281, 37.486046, 31.373379> 0.250000
	pigment { color rgbt <1,0,0,0> }
	no_shadow
}
cylinder {
	<30.749783, 37.313251, 31.732176>,  <30.727283, 37.209576, 31.947454>, 0.100000
	pigment { color rgbt <1,0,0,0> }
	no_shadow
}
cylinder {
	<30.749783, 37.313251, 31.732176>,  <30.787281, 37.486046, 31.373379>, 0.100000
	pigment { color rgbt <1,0,0,0> }
	no_shadow
}

// particle -1
sphere {
	<30.749783, 37.313251, 31.732176> 0.100000
	pigment { color rgbt <1,0,0,0> }
	no_shadow
}
sphere {
	0, 1
	scale<0.080000,0.200000,0.300000>
	matrix <0.963054, 0.189120, 0.191730,
		-0.252464, 0.881827, 0.398299,
		-0.093747, -0.431989, 0.896994,
		30.721659, 37.183655, 32.001274>
	pigment { color rgbt <0,1,1,0> }
	no_shadow
}
cylinder {
	<31.274826, 37.847420, 31.857977>,  <30.787281, 37.486046, 31.373379>, 0.130000
	pigment { color rgbt <1,0,0,0> }
	no_shadow
}

// nucleotide -1

// particle -1
sphere {
	<31.274826, 37.847420, 31.857977> 0.250000
	pigment { color rgbt <1,0,0,0> }
	no_shadow
}
cylinder {
	<31.235003, 37.506653, 32.063625>,  <31.211107, 37.302193, 32.187016>, 0.100000
	pigment { color rgbt <1,0,0,0> }
	no_shadow
}
cylinder {
	<31.235003, 37.506653, 32.063625>,  <31.274826, 37.847420, 31.857977>, 0.100000
	pigment { color rgbt <1,0,0,0> }
	no_shadow
}

// particle -1
sphere {
	<31.235003, 37.506653, 32.063625> 0.100000
	pigment { color rgbt <1,0,0,0> }
	no_shadow
}
sphere {
	0, 1
	scale<0.080000,0.200000,0.300000>
	matrix <0.994439, -0.103019, 0.021869,
		0.034334, 0.513440, 0.857438,
		-0.099561, -0.851919, 0.514122,
		31.205133, 37.251076, 32.217861>
	pigment { color rgbt <0,1,1,0> }
	no_shadow
}
cylinder {
	<31.932953, 37.757439, 32.070702>,  <31.274826, 37.847420, 31.857977>, 0.130000
	pigment { color rgbt <1,0,0,0> }
	no_shadow
}

// nucleotide -1

// particle -1
sphere {
	<31.932953, 37.757439, 32.070702> 0.250000
	pigment { color rgbt <1,0,0,0> }
	no_shadow
}
cylinder {
	<31.787399, 37.396576, 32.163395>,  <31.700068, 37.180058, 32.219013>, 0.100000
	pigment { color rgbt <1,0,0,0> }
	no_shadow
}
cylinder {
	<31.787399, 37.396576, 32.163395>,  <31.932953, 37.757439, 32.070702>, 0.100000
	pigment { color rgbt <1,0,0,0> }
	no_shadow
}

// particle -1
sphere {
	<31.787399, 37.396576, 32.163395> 0.100000
	pigment { color rgbt <1,0,0,0> }
	no_shadow
}
sphere {
	0, 1
	scale<0.080000,0.200000,0.300000>
	matrix <0.917669, -0.389860, -0.076766,
		0.159599, 0.184723, 0.969745,
		-0.363884, -0.902157, 0.231736,
		31.678234, 37.125931, 32.232914>
	pigment { color rgbt <0,1,1,0> }
	no_shadow
}
cylinder {
	<32.334343, 37.523743, 32.795063>,  <31.932953, 37.757439, 32.070702>, 0.130000
	pigment { color rgbt <1,0,0,0> }
	no_shadow
}

// nucleotide -1

// particle -1
sphere {
	<32.334343, 37.523743, 32.795063> 0.250000
	pigment { color rgbt <1,0,0,0> }
	no_shadow
}
cylinder {
	<32.195736, 37.254101, 32.534138>,  <32.112572, 37.092316, 32.377583>, 0.100000
	pigment { color rgbt <1,0,0,0> }
	no_shadow
}
cylinder {
	<32.195736, 37.254101, 32.534138>,  <32.334343, 37.523743, 32.795063>, 0.100000
	pigment { color rgbt <1,0,0,0> }
	no_shadow
}

// particle -1
sphere {
	<32.195736, 37.254101, 32.534138> 0.100000
	pigment { color rgbt <1,0,0,0> }
	no_shadow
}
sphere {
	0, 1
	scale<0.080000,0.200000,0.300000>
	matrix <0.924346, -0.363786, -0.115087,
		-0.159721, -0.642839, 0.749164,
		-0.346518, -0.674105, -0.652310,
		32.091782, 37.051868, 32.338444>
	pigment { color rgbt <0,1,1,0> }
	no_shadow
}
cylinder {
	<32.501499, 36.825882, 33.028889>,  <32.334343, 37.523743, 32.795063>, 0.130000
	pigment { color rgbt <1,0,0,0> }
	no_shadow
}

// nucleotide -1

// particle -1
sphere {
	<32.501499, 36.825882, 33.028889> 0.250000
	pigment { color rgbt <1,0,0,0> }
	no_shadow
}
cylinder {
	<32.477016, 36.864910, 32.631550>,  <32.462326, 36.888329, 32.393147>, 0.100000
	pigment { color rgbt <1,0,0,0> }
	no_shadow
}
cylinder {
	<32.477016, 36.864910, 32.631550>,  <32.501499, 36.825882, 33.028889>, 0.100000
	pigment { color rgbt <1,0,0,0> }
	no_shadow
}

// particle -1
sphere {
	<32.477016, 36.864910, 32.631550> 0.100000
	pigment { color rgbt <1,0,0,0> }
	no_shadow
}
sphere {
	0, 1
	scale<0.080000,0.200000,0.300000>
	matrix <0.838997, -0.534075, -0.104155,
		-0.540683, -0.839788, -0.049177,
		-0.061204, 0.097574, -0.993344,
		32.458656, 36.894180, 32.333546>
	pigment { color rgbt <0,1,1,0> }
	no_shadow
}
cylinder {
	<33.111374, 36.534927, 32.896225>,  <32.501499, 36.825882, 33.028889>, 0.130000
	pigment { color rgbt <1,0,0,0> }
	no_shadow
}

// nucleotide -1

// particle -1
sphere {
	<33.111374, 36.534927, 32.896225> 0.250000
	pigment { color rgbt <1,0,0,0> }
	no_shadow
}
cylinder {
	<32.965805, 36.614040, 32.532150>,  <32.878464, 36.661507, 32.313705>, 0.100000
	pigment { color rgbt <1,0,0,0> }
	no_shadow
}
cylinder {
	<32.965805, 36.614040, 32.532150>,  <33.111374, 36.534927, 32.896225>, 0.100000
	pigment { color rgbt <1,0,0,0> }
	no_shadow
}

// particle -1
sphere {
	<32.965805, 36.614040, 32.532150> 0.100000
	pigment { color rgbt <1,0,0,0> }
	no_shadow
}
sphere {
	0, 1
	scale<0.080000,0.200000,0.300000>
	matrix <0.801212, -0.431862, -0.414191,
		-0.474995, -0.879988, -0.001299,
		-0.363922, 0.197779, -0.910189,
		32.856628, 36.673374, 32.259094>
	pigment { color rgbt <0,1,1,0> }
	no_shadow
}
cylinder {
	<33.181885, 35.897583, 32.447704>,  <33.111374, 36.534927, 32.896225>, 0.130000
	pigment { color rgbt <1,0,0,0> }
	no_shadow
}

// nucleotide -1

// particle -1
sphere {
	<33.181885, 35.897583, 32.447704> 0.250000
	pigment { color rgbt <1,0,0,0> }
	no_shadow
}
cylinder {
	<33.177914, 36.235783, 32.234154>,  <33.175529, 36.438702, 32.106022>, 0.100000
	pigment { color rgbt <1,0,0,0> }
	no_shadow
}
cylinder {
	<33.177914, 36.235783, 32.234154>,  <33.181885, 35.897583, 32.447704>, 0.100000
	pigment { color rgbt <1,0,0,0> }
	no_shadow
}

// particle -1
sphere {
	<33.177914, 36.235783, 32.234154> 0.100000
	pigment { color rgbt <1,0,0,0> }
	no_shadow
}
sphere {
	0, 1
	scale<0.080000,0.200000,0.300000>
	matrix <0.828206, -0.292228, -0.478203,
		-0.560336, -0.446911, -0.697348,
		-0.009929, 0.845502, -0.533881,
		33.174934, 36.489433, 32.073990>
	pigment { color rgbt <0,1,1,0> }
	no_shadow
}
cylinder {
	<33.378696, 35.855358, 31.728914>,  <33.181885, 35.897583, 32.447704>, 0.130000
	pigment { color rgbt <1,0,0,0> }
	no_shadow
}

// nucleotide -1

// particle -1
sphere {
	<33.378696, 35.855358, 31.728914> 0.250000
	pigment { color rgbt <1,0,0,0> }
	no_shadow
}
cylinder {
	<33.463226, 36.223141, 31.861547>,  <33.513943, 36.443810, 31.941128>, 0.100000
	pigment { color rgbt <1,0,0,0> }
	no_shadow
}
cylinder {
	<33.463226, 36.223141, 31.861547>,  <33.378696, 35.855358, 31.728914>, 0.100000
	pigment { color rgbt <1,0,0,0> }
	no_shadow
}

// particle -1
sphere {
	<33.463226, 36.223141, 31.861547> 0.100000
	pigment { color rgbt <1,0,0,0> }
	no_shadow
}
sphere {
	0, 1
	scale<0.080000,0.200000,0.300000>
	matrix <0.843352, -0.000040, -0.537361,
		-0.494065, 0.393198, -0.775432,
		0.211320, 0.919454, 0.331585,
		33.526623, 36.498978, 31.961023>
	pigment { color rgbt <0,1,1,0> }
	no_shadow
}
cylinder {
	<33.742538, 36.265129, 31.285955>,  <33.378696, 35.855358, 31.728914>, 0.130000
	pigment { color rgbt <1,0,0,0> }
	no_shadow
}

// nucleotide -1

// particle -1
sphere {
	<33.742538, 36.265129, 31.285955> 0.250000
	pigment { color rgbt <1,0,0,0> }
	no_shadow
}
cylinder {
	<33.837387, 36.471870, 31.614986>,  <33.894299, 36.595917, 31.812405>, 0.100000
	pigment { color rgbt <1,0,0,0> }
	no_shadow
}
cylinder {
	<33.837387, 36.471870, 31.614986>,  <33.742538, 36.265129, 31.285955>, 0.100000
	pigment { color rgbt <1,0,0,0> }
	no_shadow
}

// particle -1
sphere {
	<33.837387, 36.471870, 31.614986> 0.100000
	pigment { color rgbt <1,0,0,0> }
	no_shadow
}
sphere {
	0, 1
	scale<0.080000,0.200000,0.300000>
	matrix <0.940126, 0.091294, -0.328374,
		-0.244819, 0.851189, -0.464263,
		0.237124, 0.516858, 0.822575,
		33.908524, 36.626926, 31.861759>
	pigment { color rgbt <0,1,1,0> }
	no_shadow
}
cylinder {
	<34.284603, 36.751389, 31.005030>,  <33.742538, 36.265129, 31.285955>, 0.130000
	pigment { color rgbt <1,0,0,0> }
	no_shadow
}

// nucleotide -1

// particle -1
sphere {
	<34.284603, 36.751389, 31.005030> 0.250000
	pigment { color rgbt <1,0,0,0> }
	no_shadow
}
cylinder {
	<34.302868, 36.704281, 31.401825>,  <34.313828, 36.676014, 31.639902>, 0.100000
	pigment { color rgbt <1,0,0,0> }
	no_shadow
}
cylinder {
	<34.302868, 36.704281, 31.401825>,  <34.284603, 36.751389, 31.005030>, 0.100000
	pigment { color rgbt <1,0,0,0> }
	no_shadow
}

// particle -1
sphere {
	<34.302868, 36.704281, 31.401825> 0.100000
	pigment { color rgbt <1,0,0,0> }
	no_shadow
}
sphere {
	0, 1
	scale<0.080000,0.200000,0.300000>
	matrix <0.992279, 0.119975, -0.031429,
		-0.115313, 0.985766, 0.122342,
		0.045659, -0.117773, 0.991990,
		34.316566, 36.668949, 31.699423>
	pigment { color rgbt <0,1,1,0> }
	no_shadow
}
cylinder {
	<34.993855, 36.921638, 30.994766>,  <34.284603, 36.751389, 31.005030>, 0.130000
	pigment { color rgbt <1,0,0,0> }
	no_shadow
}

// nucleotide -1

// particle -1
sphere {
	<34.993855, 36.921638, 30.994766> 0.250000
	pigment { color rgbt <1,0,0,0> }
	no_shadow
}
cylinder {
	<35.241692, 37.068371, 31.272339>,  <35.390392, 37.156410, 31.438883>, 0.100000
	pigment { color rgbt <1,0,0,0> }
	no_shadow
}
cylinder {
	<35.241692, 37.068371, 31.272339>,  <34.993855, 36.921638, 30.994766>, 0.100000
	pigment { color rgbt <1,0,0,0> }
	no_shadow
}

// particle -1
sphere {
	<35.241692, 37.068371, 31.272339> 0.100000
	pigment { color rgbt <1,0,0,0> }
	no_shadow
}
sphere {
	0, 1
	scale<0.080000,0.200000,0.300000>
	matrix <0.694588, 0.155534, -0.702393,
		-0.365591, 0.917193, -0.158430,
		0.619589, 0.366832, 0.693933,
		35.427567, 37.178421, 31.480518>
	pigment { color rgbt <0,1,1,0> }
	no_shadow
}
cylinder {
	<35.194294, 37.630493, 30.924572>,  <34.993855, 36.921638, 30.994766>, 0.130000
	pigment { color rgbt <1,0,0,0> }
	no_shadow
}

// nucleotide -1

// particle -1
sphere {
	<35.194294, 37.630493, 30.924572> 0.250000
	pigment { color rgbt <1,0,0,0> }
	no_shadow
}
cylinder {
	<35.488686, 37.446011, 31.122814>,  <35.665321, 37.335320, 31.241760>, 0.100000
	pigment { color rgbt <1,0,0,0> }
	no_shadow
}
cylinder {
	<35.488686, 37.446011, 31.122814>,  <35.194294, 37.630493, 30.924572>, 0.100000
	pigment { color rgbt <1,0,0,0> }
	no_shadow
}

// particle -1
sphere {
	<35.488686, 37.446011, 31.122814> 0.100000
	pigment { color rgbt <1,0,0,0> }
	no_shadow
}
sphere {
	0, 1
	scale<0.080000,0.200000,0.300000>
	matrix <0.635788, 0.219317, -0.740049,
		0.232623, 0.859759, 0.454644,
		0.735975, -0.461210, 0.495607,
		35.709476, 37.307648, 31.271496>
	pigment { color rgbt <0,1,1,0> }
	no_shadow
}
cylinder {
	<35.770184, 38.124294, 30.951612>,  <35.194294, 37.630493, 30.924572>, 0.130000
	pigment { color rgbt <1,0,0,0> }
	no_shadow
}

// nucleotide -1

// particle -1
sphere {
	<35.770184, 38.124294, 30.951612> 0.250000
	pigment { color rgbt <1,0,0,0> }
	no_shadow
}
cylinder {
	<35.902470, 37.747021, 30.938818>,  <35.981842, 37.520657, 30.931141>, 0.100000
	pigment { color rgbt <1,0,0,0> }
	no_shadow
}
cylinder {
	<35.902470, 37.747021, 30.938818>,  <35.770184, 38.124294, 30.951612>, 0.100000
	pigment { color rgbt <1,0,0,0> }
	no_shadow
}

// particle -1
sphere {
	<35.902470, 37.747021, 30.938818> 0.100000
	pigment { color rgbt <1,0,0,0> }
	no_shadow
}
sphere {
	0, 1
	scale<0.080000,0.200000,0.300000>
	matrix <0.589500, 0.232930, -0.773455,
		0.736963, 0.236941, 0.633044,
		0.330718, -0.943187, -0.031984,
		36.001686, 37.464066, 30.929222>
	pigment { color rgbt <0,1,1,0> }
	no_shadow
}
cylinder {
	<36.436722, 38.295650, 30.829159>,  <35.770184, 38.124294, 30.951612>, 0.130000
	pigment { color rgbt <1,0,0,0> }
	no_shadow
}

// nucleotide -1

// particle -1
sphere {
	<36.436722, 38.295650, 30.829159> 0.250000
	pigment { color rgbt <1,0,0,0> }
	no_shadow
}
cylinder {
	<36.310642, 37.941578, 30.692280>,  <36.234997, 37.729134, 30.610153>, 0.100000
	pigment { color rgbt <1,0,0,0> }
	no_shadow
}
cylinder {
	<36.310642, 37.941578, 30.692280>,  <36.436722, 38.295650, 30.829159>, 0.100000
	pigment { color rgbt <1,0,0,0> }
	no_shadow
}

// particle -1
sphere {
	<36.310642, 37.941578, 30.692280> 0.100000
	pigment { color rgbt <1,0,0,0> }
	no_shadow
}
sphere {
	0, 1
	scale<0.080000,0.200000,0.300000>
	matrix <0.427242, 0.189617, -0.884030,
		0.847418, -0.424842, 0.318422,
		-0.315195, -0.885186, -0.342195,
		36.216084, 37.676022, 30.589621>
	pigment { color rgbt <0,1,1,0> }
	no_shadow
}
cylinder {
	<37.042953, 37.842094, 30.552622>,  <36.436722, 38.295650, 30.829159>, 0.130000
	pigment { color rgbt <1,0,0,0> }
	no_shadow
}

// nucleotide -1

// particle -1
sphere {
	<37.042953, 37.842094, 30.552622> 0.250000
	pigment { color rgbt <1,0,0,0> }
	no_shadow
}
cylinder {
	<36.711700, 37.717060, 30.366512>,  <36.512947, 37.642040, 30.254847>, 0.100000
	pigment { color rgbt <1,0,0,0> }
	no_shadow
}
cylinder {
	<36.711700, 37.717060, 30.366512>,  <37.042953, 37.842094, 30.552622>, 0.100000
	pigment { color rgbt <1,0,0,0> }
	no_shadow
}

// particle -1
sphere {
	<36.711700, 37.717060, 30.366512> 0.100000
	pigment { color rgbt <1,0,0,0> }
	no_shadow
}
sphere {
	0, 1
	scale<0.080000,0.200000,0.300000>
	matrix <0.414261, 0.217851, -0.883702,
		0.377595, -0.924570, -0.050917,
		-0.828136, -0.312589, -0.465272,
		36.463261, 37.623283, 30.226931>
	pigment { color rgbt <0,1,1,0> }
	no_shadow
}
cylinder {
	<37.436317, 37.331024, 31.121767>,  <37.042953, 37.842094, 30.552622>, 0.130000
	pigment { color rgbt <1,0,0,0> }
	no_shadow
}

// nucleotide -1

// particle -1
sphere {
	<37.436317, 37.331024, 31.121767> 0.250000
	pigment { color rgbt <1,0,0,0> }
	no_shadow
}
cylinder {
	<37.611732, 37.445717, 30.781069>,  <37.716980, 37.514534, 30.576651>, 0.100000
	pigment { color rgbt <1,0,0,0> }
	no_shadow
}
cylinder {
	<37.611732, 37.445717, 30.781069>,  <37.436317, 37.331024, 31.121767>, 0.100000
	pigment { color rgbt <1,0,0,0> }
	no_shadow
}

// particle -1
sphere {
	<37.611732, 37.445717, 30.781069> 0.100000
	pigment { color rgbt <1,0,0,0> }
	no_shadow
}
sphere {
	0, 1
	scale<0.080000,0.200000,0.300000>
	matrix <0.213581, -0.953837, -0.211134,
		-0.872966, -0.089327, -0.479532,
		0.438535, 0.286732, -0.851746,
		37.743294, 37.531734, 30.525545>
	pigment { color rgbt <0,1,1,0> }
	no_shadow
}
cylinder {
	<37.132359, 36.896927, 30.523151>,  <37.436317, 37.331024, 31.121767>, 0.130000
	pigment { color rgbt <1,0,0,0> }
	no_shadow
}

// nucleotide -1

// particle -1
sphere {
	<37.132359, 36.896927, 30.523151> 0.250000
	pigment { color rgbt <1,0,0,0> }
	no_shadow
}
cylinder {
	<37.512371, 37.015144, 30.482958>,  <37.740379, 37.086075, 30.458841>, 0.100000
	pigment { color rgbt <1,0,0,0> }
	no_shadow
}
cylinder {
	<37.512371, 37.015144, 30.482958>,  <37.132359, 36.896927, 30.523151>, 0.100000
	pigment { color rgbt <1,0,0,0> }
	no_shadow
}

// particle -1
sphere {
	<37.512371, 37.015144, 30.482958> 0.100000
	pigment { color rgbt <1,0,0,0> }
	no_shadow
}
sphere {
	0, 1
	scale<0.080000,0.200000,0.300000>
	matrix <0.266840, -0.935923, -0.229879,
		-0.161984, 0.191579, -0.968018,
		0.950031, 0.295542, -0.100484,
		37.797379, 37.103806, 30.452812>
	pigment { color rgbt <0,1,1,0> }
	no_shadow
}
cylinder {
	<37.276508, 36.504566, 31.152576>,  <37.132359, 36.896927, 30.523151>, 0.130000
	pigment { color rgbt <1,0,0,0> }
	no_shadow
}

// nucleotide -1

// particle -1
sphere {
	<37.276508, 36.504566, 31.152576> 0.250000
	pigment { color rgbt <1,0,0,0> }
	no_shadow
}
cylinder {
	<37.065166, 36.166275, 31.182489>,  <36.938362, 35.963299, 31.200438>, 0.100000
	pigment { color rgbt <1,0,0,0> }
	no_shadow
}
cylinder {
	<37.065166, 36.166275, 31.182489>,  <37.276508, 36.504566, 31.152576>, 0.100000
	pigment { color rgbt <1,0,0,0> }
	no_shadow
}

// particle -1
sphere {
	<37.065166, 36.166275, 31.182489> 0.100000
	pigment { color rgbt <1,0,0,0> }
	no_shadow
}
sphere {
	0, 1
	scale<0.080000,0.200000,0.300000>
	matrix <0.826893, -0.492597, 0.271286,
		-0.192597, 0.205170, 0.959589,
		-0.528350, -0.845727, 0.074781,
		36.906662, 35.912556, 31.204924>
	pigment { color rgbt <0,1,1,0> }
	no_shadow
}
cylinder {
	<37.479782, 36.282921, 31.789263>,  <37.276508, 36.504566, 31.152576>, 0.130000
	pigment { color rgbt <1,0,0,0> }
	no_shadow
}

// nucleotide -1

// particle -1
sphere {
	<37.479782, 36.282921, 31.789263> 0.250000
	pigment { color rgbt <1,0,0,0> }
	no_shadow
}
cylinder {
	<37.398056, 35.966972, 31.557968>,  <37.349022, 35.777405, 31.419191>, 0.100000
	pigment { color rgbt <1,0,0,0> }
	no_shadow
}
cylinder {
	<37.398056, 35.966972, 31.557968>,  <37.479782, 36.282921, 31.789263>, 0.100000
	pigment { color rgbt <1,0,0,0> }
	no_shadow
}

// particle -1
sphere {
	<37.398056, 35.966972, 31.557968> 0.100000
	pigment { color rgbt <1,0,0,0> }
	no_shadow
}
sphere {
	0, 1
	scale<0.080000,0.200000,0.300000>
	matrix <0.919132, -0.358043, 0.164323,
		-0.336828, -0.497904, 0.799149,
		-0.204313, -0.789871, -0.578238,
		37.336761, 35.730011, 31.384497>
	pigment { color rgbt <0,1,1,0> }
	no_shadow
}
cylinder {
	<37.484707, 35.695835, 32.252445>,  <37.479782, 36.282921, 31.789263>, 0.130000
	pigment { color rgbt <1,0,0,0> }
	no_shadow
}

// nucleotide -1

// particle -1
sphere {
	<37.484707, 35.695835, 32.252445> 0.250000
	pigment { color rgbt <1,0,0,0> }
	no_shadow
}
cylinder {
	<37.579861, 35.649330, 31.866722>,  <37.636951, 35.621426, 31.635288>, 0.100000
	pigment { color rgbt <1,0,0,0> }
	no_shadow
}
cylinder {
	<37.579861, 35.649330, 31.866722>,  <37.484707, 35.695835, 32.252445>, 0.100000
	pigment { color rgbt <1,0,0,0> }
	no_shadow
}

// particle -1
sphere {
	<37.579861, 35.649330, 31.866722> 0.100000
	pigment { color rgbt <1,0,0,0> }
	no_shadow
}
sphere {
	0, 1
	scale<0.080000,0.200000,0.300000>
	matrix <0.828772, -0.493431, 0.263937,
