// switches for output
#declare DRAW_BASES = 1; // possible values are 0, 1; only relevant for DNA ribbons
#declare DRAW_BASES_TYPE = 3; // possible values are 1, 2, 3; only relevant for DNA ribbons
#declare DRAW_FOG = 0; // set to 1 to enable fog

#include "colors.inc"

#include "transforms.inc"
background { rgb <1, 1, 1>}

#default {
   normal{
       ripples 0.25
       frequency 0.20
       turbulence 0.2
       lambda 5
   }
	finish {
		phong 0.1
		phong_size 40.
	}
}

// original window dimensions: 1024x640


// camera settings

camera {
	sky <0, 0.179814, -0.983701>
	up <0, 0.179814, -0.983701>
	right 1.6 * <1, 0, 0>
	location <35, 94.9851, 44.8844>
	look_at <35, 29.7336, 32.9568>
	direction <0, -65.2515, -11.9276>
	angle 67.0682
}


# declare cpy_camera_pos = <35, 94.9851, 44.8844>;
# if (DRAW_FOG = 1)
fog {
	fog_type 2
	up vnormalize(cpy_camera_pos)
	color rgbt<1,1,1,0.3>
	distance 1e-5
	fog_alt 3e-3
	fog_offset 56
}
# end


// LIGHTS

# declare lum = 6;
global_settings {
	ambient_light rgb lum * <0.05, 0.05, 0.05>
	max_trace_level 15
}# declare cpy_direct_light_amount = 0.25;
light_source
{	1000 * <-1, -1.16352, -0.803886>,
	rgb lum * cpy_direct_light_amount
	parallel
}

light_source
{	1000 * <1, 1.16352, 0.803886>,
	rgb lum * cpy_direct_light_amount
	parallel
}

// strand 0

// nucleotide -1

// particle -1
sphere {
	<24.515783, 34.913593, 34.771263> 0.250000
	pigment { color rgbt <1,0,0,0> }
	no_shadow
}
cylinder {
	<24.326159, 34.964851, 35.119709>,  <24.212383, 34.995605, 35.328777>, 0.100000
	pigment { color rgbt <1,0,0,0> }
	no_shadow
}
cylinder {
	<24.326159, 34.964851, 35.119709>,  <24.515783, 34.913593, 34.771263>, 0.100000
	pigment { color rgbt <1,0,0,0> }
	no_shadow
}

// particle -1
sphere {
	<24.326159, 34.964851, 35.119709> 0.100000
	pigment { color rgbt <1,0,0,0> }
	no_shadow
}
sphere {
	0, 1
	scale<0.080000,0.200000,0.300000>
	matrix <0.864100, 0.257725, 0.432329,
		-0.169106, 0.957683, -0.232910,
		-0.474061, 0.128148, 0.871117,
		24.183941, 35.003296, 35.381042>
	pigment { color rgbt <0,1,1,0> }
	no_shadow
}
cylinder {
	<24.464556, 35.679047, 35.046715>,  <24.515783, 34.913593, 34.771263>, 0.130000
	pigment { color rgbt <1,0,0,0> }
	no_shadow
}

// nucleotide -1

// particle -1
sphere {
	<24.464556, 35.679047, 35.046715> 0.250000
	pigment { color rgbt <1,0,0,0> }
	no_shadow
}
cylinder {
	<24.467030, 36.056030, 34.913010>,  <24.468513, 36.282219, 34.832787>, 0.100000
	pigment { color rgbt <1,0,0,0> }
	no_shadow
}
cylinder {
	<24.467030, 36.056030, 34.913010>,  <24.464556, 35.679047, 35.046715>, 0.100000
	pigment { color rgbt <1,0,0,0> }
	no_shadow
}

// particle -1
sphere {
	<24.467030, 36.056030, 34.913010> 0.100000
	pigment { color rgbt <1,0,0,0> }
	no_shadow
}
sphere {
	0, 1
	scale<0.080000,0.200000,0.300000>
	matrix <0.954153, 0.094473, 0.284018,
		0.299254, -0.320696, -0.898666,
		0.006184, 0.942459, -0.334265,
		24.468885, 36.338768, 34.812729>
	pigment { color rgbt <0,1,1,0> }
	no_shadow
}
cylinder {
	<25.105345, 35.787647, 34.736961>,  <24.464556, 35.679047, 35.046715>, 0.130000
	pigment { color rgbt <1,0,0,0> }
	no_shadow
}

// nucleotide -1

// particle -1
sphere {
	<25.105345, 35.787647, 34.736961> 0.250000
	pigment { color rgbt <1,0,0,0> }
	no_shadow
}
cylinder {
	<25.013691, 36.172783, 34.794147>,  <24.958698, 36.403866, 34.828461>, 0.100000
	pigment { color rgbt <1,0,0,0> }
	no_shadow
}
cylinder {
	<25.013691, 36.172783, 34.794147>,  <25.105345, 35.787647, 34.736961>, 0.100000
	pigment { color rgbt <1,0,0,0> }
	no_shadow
}

// particle -1
sphere {
	<25.013691, 36.172783, 34.794147> 0.100000
	pigment { color rgbt <1,0,0,0> }
	no_shadow
}
sphere {
	0, 1
	scale<0.080000,0.200000,0.300000>
	matrix <0.954064, 0.193024, 0.229135,
		0.193024, 0.188900, -0.962839,
		-0.229135, 0.962839, 0.142964,
		24.944950, 36.461636, 34.837036>
	pigment { color rgbt <0,1,1,0> }
	no_shadow
}
cylinder {
	<25.584229, 36.203712, 34.407436>,  <25.105345, 35.787647, 34.736961>, 0.130000
	pigment { color rgbt <1,0,0,0> }
	no_shadow
}

// nucleotide -1

// particle -1
sphere {
	<25.584229, 36.203712, 34.407436> 0.250000
	pigment { color rgbt <1,0,0,0> }
	no_shadow
}
cylinder {
	<25.422478, 36.418095, 34.703876>,  <25.325428, 36.546726, 34.881741>, 0.100000
	pigment { color rgbt <1,0,0,0> }
	no_shadow
}
cylinder {
	<25.422478, 36.418095, 34.703876>,  <25.584229, 36.203712, 34.407436>, 0.100000
	pigment { color rgbt <1,0,0,0> }
	no_shadow
}

// particle -1
sphere {
	<25.422478, 36.418095, 34.703876> 0.100000
	pigment { color rgbt <1,0,0,0> }
	no_shadow
}
sphere {
	0, 1
	scale<0.080000,0.200000,0.300000>
	matrix <0.914459, 0.223081, 0.337640,
		0.015635, 0.814238, -0.580320,
		-0.404377, 0.535958, 0.741099,
		25.301165, 36.578880, 34.926205>
	pigment { color rgbt <0,1,1,0> }
	no_shadow
}
cylinder {
	<26.347614, 36.475155, 34.517925>,  <25.584229, 36.203712, 34.407436>, 0.130000
	pigment { color rgbt <1,0,0,0> }
	no_shadow
}

// nucleotide -1

// particle -1
sphere {
	<26.347614, 36.475155, 34.517925> 0.250000
	pigment { color rgbt <1,0,0,0> }
	no_shadow
}
cylinder {
	<26.098951, 36.218838, 34.698112>,  <25.949753, 36.065048, 34.806225>, 0.100000
	pigment { color rgbt <1,0,0,0> }
	no_shadow
}
cylinder {
	<26.098951, 36.218838, 34.698112>,  <26.347614, 36.475155, 34.517925>, 0.100000
	pigment { color rgbt <1,0,0,0> }
	no_shadow
}

// particle -1
sphere {
	<26.098951, 36.218838, 34.698112> 0.100000
	pigment { color rgbt <1,0,0,0> }
	no_shadow
}
sphere {
	0, 1
	scale<0.080000,0.200000,0.300000>
	matrix <0.543429, 0.061351, 0.837210,
		-0.564117, 0.765257, 0.310087,
		-0.621657, -0.640794, 0.450472,
		25.912455, 36.026600, 34.833256>
	pigment { color rgbt <0,1,1,0> }
	no_shadow
}
cylinder {
	<26.575867, 36.102005, 33.863098>,  <26.347614, 36.475155, 34.517925>, 0.130000
	pigment { color rgbt <1,0,0,0> }
	no_shadow
}

// nucleotide -1

// particle -1
sphere {
	<26.575867, 36.102005, 33.863098> 0.250000
	pigment { color rgbt <1,0,0,0> }
	no_shadow
}
cylinder {
	<26.841249, 35.867954, 34.049625>,  <27.000479, 35.727524, 34.161541>, 0.100000
	pigment { color rgbt <1,0,0,0> }
	no_shadow
}
cylinder {
	<26.841249, 35.867954, 34.049625>,  <26.575867, 36.102005, 33.863098>, 0.100000
	pigment { color rgbt <1,0,0,0> }
	no_shadow
}

// particle -1
sphere {
	<26.841249, 35.867954, 34.049625> 0.100000
	pigment { color rgbt <1,0,0,0> }
	no_shadow
}
sphere {
	0, 1
	scale<0.080000,0.200000,0.300000>
	matrix <0.235603, 0.754915, 0.612042,
		-0.710151, -0.296198, 0.638711,
		0.663458, -0.585124, 0.466318,
		27.040287, 35.692417, 34.189522>
	pigment { color rgbt <0,1,1,0> }
	no_shadow
}
cylinder {
	<26.641598, 35.526104, 33.403473>,  <26.575867, 36.102005, 33.863098>, 0.130000
	pigment { color rgbt <1,0,0,0> }
	no_shadow
}

// nucleotide -1

// particle -1
sphere {
	<26.641598, 35.526104, 33.403473> 0.250000
	pigment { color rgbt <1,0,0,0> }
	no_shadow
}
cylinder {
	<26.365110, 35.342484, 33.626717>,  <26.199219, 35.232311, 33.760662>, 0.100000
	pigment { color rgbt <1,0,0,0> }
	no_shadow
}
cylinder {
	<26.365110, 35.342484, 33.626717>,  <26.641598, 35.526104, 33.403473>, 0.100000
	pigment { color rgbt <1,0,0,0> }
	no_shadow
}

// particle -1
sphere {
	<26.365110, 35.342484, 33.626717> 0.100000
	pigment { color rgbt <1,0,0,0> }
	no_shadow
}
sphere {
	0, 1
	scale<0.080000,0.200000,0.300000>
	matrix <0.467267, -0.873058, -0.139394,
		0.551252, 0.164434, 0.817975,
		-0.691218, -0.459054, 0.558110,
		26.157745, 35.204769, 33.794151>
	pigment { color rgbt <0,1,1,0> }
	no_shadow
}
cylinder {
	<27.219955, 35.007179, 33.168964>,  <26.641598, 35.526104, 33.403473>, 0.130000
	pigment { color rgbt <1,0,0,0> }
	no_shadow
}

// nucleotide -1

// particle -1
sphere {
	<27.219955, 35.007179, 33.168964> 0.250000
	pigment { color rgbt <1,0,0,0> }
	no_shadow
}
cylinder {
	<27.466326, 35.119781, 32.874645>,  <27.614147, 35.187344, 32.698055>, 0.100000
	pigment { color rgbt <1,0,0,0> }
	no_shadow
}
cylinder {
	<27.466326, 35.119781, 32.874645>,  <27.219955, 35.007179, 33.168964>, 0.100000
	pigment { color rgbt <1,0,0,0> }
	no_shadow
}

// particle -1
sphere {
	<27.466326, 35.119781, 32.874645> 0.100000
	pigment { color rgbt <1,0,0,0> }
	no_shadow
}
sphere {
	0, 1
	scale<0.080000,0.200000,0.300000>
	matrix <-0.287692, -0.789103, -0.542725,
		-0.733397, 0.545959, -0.405040,
		0.615924, 0.281506, -0.735793,
		27.651102, 35.204235, 32.653908>
	pigment { color rgbt <0,1,1,0> }
	no_shadow
}
cylinder {
	<27.540464, 34.329765, 33.241444>,  <27.219955, 35.007179, 33.168964>, 0.130000
	pigment { color rgbt <1,0,0,0> }
	no_shadow
}

// nucleotide -1

// particle -1
sphere {
	<27.540464, 34.329765, 33.241444> 0.250000
	pigment { color rgbt <1,0,0,0> }
	no_shadow
}
cylinder {
	<27.895506, 34.153343, 33.188335>,  <28.108530, 34.047489, 33.156471>, 0.100000
	pigment { color rgbt <1,0,0,0> }
	no_shadow
}
cylinder {
	<27.895506, 34.153343, 33.188335>,  <27.540464, 34.329765, 33.241444>, 0.100000
	pigment { color rgbt <1,0,0,0> }
	no_shadow
}

// particle -1
sphere {
	<27.895506, 34.153343, 33.188335> 0.100000
	pigment { color rgbt <1,0,0,0> }
	no_shadow
}
sphere {
	0, 1
	scale<0.080000,0.200000,0.300000>
	matrix <0.342253, 0.438624, 0.830947,
		-0.308261, -0.782991, 0.540278,
		0.887603, -0.441060, -0.132770,
		28.161787, 34.021027, 33.148506>
	pigment { color rgbt <0,1,1,0> }
	no_shadow
}
cylinder {
	<27.748526, 33.975700, 33.927284>,  <27.540464, 34.329765, 33.241444>, 0.130000
	pigment { color rgbt <1,0,0,0> }
	no_shadow
}

// nucleotide -1

// particle -1
sphere {
	<27.748526, 33.975700, 33.927284> 0.250000
	pigment { color rgbt <1,0,0,0> }
	no_shadow
}
cylinder {
	<28.078550, 34.000050, 33.702583>,  <28.276566, 34.014660, 33.567764>, 0.100000
	pigment { color rgbt <1,0,0,0> }
	no_shadow
}
cylinder {
	<28.078550, 34.000050, 33.702583>,  <27.748526, 33.975700, 33.927284>, 0.100000
	pigment { color rgbt <1,0,0,0> }
	no_shadow
}

// particle -1
sphere {
	<28.078550, 34.000050, 33.702583> 0.100000
	pigment { color rgbt <1,0,0,0> }
	no_shadow
}
sphere {
	0, 1
	scale<0.080000,0.200000,0.300000>
	matrix <0.431743, 0.573441, 0.696249,
		0.364513, -0.816982, 0.446845,
		0.825063, 0.060870, -0.561753,
		28.326069, 34.018311, 33.534058>
	pigment { color rgbt <0,1,1,0> }
	no_shadow
}
cylinder {
	<28.408331, 33.681625, 34.090599>,  <27.748526, 33.975700, 33.927284>, 0.130000
	pigment { color rgbt <1,0,0,0> }
	no_shadow
}

// nucleotide -1

// particle -1
sphere {
	<28.408331, 33.681625, 34.090599> 0.250000
	pigment { color rgbt <1,0,0,0> }
	no_shadow
}
cylinder {
	<28.512880, 33.991493, 33.860271>,  <28.575609, 34.177414, 33.722076>, 0.100000
	pigment { color rgbt <1,0,0,0> }
	no_shadow
}
cylinder {
	<28.512880, 33.991493, 33.860271>,  <28.408331, 33.681625, 34.090599>, 0.100000
	pigment { color rgbt <1,0,0,0> }
	no_shadow
}

// particle -1
sphere {
	<28.512880, 33.991493, 33.860271> 0.100000
	pigment { color rgbt <1,0,0,0> }
	no_shadow
}
sphere {
	0, 1
	scale<0.080000,0.200000,0.300000>
	matrix <0.598917, 0.337667, 0.726140,
		0.756956, -0.534659, -0.375709,
		0.261373, 0.774674, -0.575816,
		28.591291, 34.223896, 33.687527>
	pigment { color rgbt <0,1,1,0> }
	no_shadow
}
cylinder {
	<29.198479, 33.676075, 34.093716>,  <28.408331, 33.681625, 34.090599>, 0.130000
	pigment { color rgbt <1,0,0,0> }
	no_shadow
}

// nucleotide -1

// particle -1
sphere {
	<29.198479, 33.676075, 34.093716> 0.250000
	pigment { color rgbt <1,0,0,0> }
	no_shadow
}
cylinder {
	<29.072857, 34.043232, 33.996689>,  <28.997484, 34.263527, 33.938473>, 0.100000
	pigment { color rgbt <1,0,0,0> }
	no_shadow
}
cylinder {
	<29.072857, 34.043232, 33.996689>,  <29.198479, 33.676075, 34.093716>, 0.100000
	pigment { color rgbt <1,0,0,0> }
	no_shadow
}

// particle -1
sphere {
	<29.072857, 34.043232, 33.996689> 0.100000
	pigment { color rgbt <1,0,0,0> }
	no_shadow
}
sphere {
	0, 1
	scale<0.080000,0.200000,0.300000>
	matrix <0.648698, 0.394018, 0.651108,
		0.693225, 0.047128, -0.719179,
		-0.314055, 0.917894, -0.242571,
		28.978642, 34.318600, 33.923916>
	pigment { color rgbt <0,1,1,0> }
	no_shadow
}
cylinder {
	<29.741747, 34.026257, 33.848011>,  <29.198479, 33.676075, 34.093716>, 0.130000
	pigment { color rgbt <1,0,0,0> }
	no_shadow
}

// nucleotide -1

// particle -1
sphere {
	<29.741747, 34.026257, 33.848011> 0.250000
	pigment { color rgbt <1,0,0,0> }
	no_shadow
}
cylinder {
	<29.456079, 34.254448, 34.010254>,  <29.284679, 34.391365, 34.107601>, 0.100000
	pigment { color rgbt <1,0,0,0> }
	no_shadow
}
cylinder {
	<29.456079, 34.254448, 34.010254>,  <29.741747, 34.026257, 33.848011>, 0.100000
	pigment { color rgbt <1,0,0,0> }
	no_shadow
}

// particle -1
sphere {
	<29.456079, 34.254448, 34.010254> 0.100000
	pigment { color rgbt <1,0,0,0> }
	no_shadow
}
sphere {
	0, 1
	scale<0.080000,0.200000,0.300000>
	matrix <0.587900, 0.174348, 0.789922,
		0.379919, 0.802593, -0.459899,
		-0.714168, 0.570481, 0.405606,
		29.241829, 34.425591, 34.131935>
	pigment { color rgbt <0,1,1,0> }
	no_shadow
}
cylinder {
	<30.095045, 34.548969, 34.061817>,  <29.741747, 34.026257, 33.848011>, 0.130000
	pigment { color rgbt <1,0,0,0> }
	no_shadow
}

// nucleotide -1

// particle -1
sphere {
	<30.095045, 34.548969, 34.061817> 0.250000
	pigment { color rgbt <1,0,0,0> }
	no_shadow
}
cylinder {
	<29.757744, 34.571629, 34.275623>,  <29.555363, 34.585224, 34.403908>, 0.100000
	pigment { color rgbt <1,0,0,0> }
	no_shadow
}
cylinder {
	<29.757744, 34.571629, 34.275623>,  <30.095045, 34.548969, 34.061817>, 0.100000
	pigment { color rgbt <1,0,0,0> }
	no_shadow
}

// particle -1
sphere {
	<29.757744, 34.571629, 34.275623> 0.100000
	pigment { color rgbt <1,0,0,0> }
	no_shadow
}
sphere {
	0, 1
	scale<0.080000,0.200000,0.300000>
	matrix <0.537002, 0.132155, 0.833165,
		-0.023440, 0.989609, -0.141862,
		-0.843255, 0.056651, 0.534519,
		29.504766, 34.588623, 34.435978>
	pigment { color rgbt <0,1,1,0> }
	no_shadow
}
cylinder {
	<30.148108, 35.108215, 34.562206>,  <30.095045, 34.548969, 34.061817>, 0.130000
	pigment { color rgbt <1,0,0,0> }
	no_shadow
}

// nucleotide -1

// particle -1
sphere {
	<30.148108, 35.108215, 34.562206> 0.250000
	pigment { color rgbt <1,0,0,0> }
	no_shadow
}
cylinder {
	<29.930103, 34.799706, 34.693718>,  <29.799301, 34.614601, 34.772625>, 0.100000
	pigment { color rgbt <1,0,0,0> }
	no_shadow
}
cylinder {
	<29.930103, 34.799706, 34.693718>,  <30.148108, 35.108215, 34.562206>, 0.100000
	pigment { color rgbt <1,0,0,0> }
	no_shadow
}

// particle -1
sphere {
	<29.930103, 34.799706, 34.693718> 0.100000
	pigment { color rgbt <1,0,0,0> }
	no_shadow
}
sphere {
	0, 1
	scale<0.080000,0.200000,0.300000>
	matrix <0.460022, 0.052766, 0.886338,
		-0.700959, 0.634311, 0.326046,
		-0.545010, -0.771275, 0.328784,
		29.766600, 34.568321, 34.792355>
	pigment { color rgbt <0,1,1,0> }
	no_shadow
}
cylinder {
	<29.777958, 35.235344, 35.205482>,  <30.148108, 35.108215, 34.562206>, 0.130000
	pigment { color rgbt <1,0,0,0> }
	no_shadow
}

// nucleotide -1

// particle -1
sphere {
	<29.777958, 35.235344, 35.205482> 0.250000
	pigment { color rgbt <1,0,0,0> }
	no_shadow
}
cylinder {
	<29.865381, 34.845947, 35.178535>,  <29.917835, 34.612309, 35.162369>, 0.100000
	pigment { color rgbt <1,0,0,0> }
	no_shadow
}
cylinder {
	<29.865381, 34.845947, 35.178535>,  <29.777958, 35.235344, 35.205482>, 0.100000
	pigment { color rgbt <1,0,0,0> }
	no_shadow
}

// particle -1
sphere {
	<29.865381, 34.845947, 35.178535> 0.100000
	pigment { color rgbt <1,0,0,0> }
	no_shadow
}
sphere {
	0, 1
	scale<0.080000,0.200000,0.300000>
	matrix <0.429697, 0.034031, 0.902332,
		-0.876124, -0.226157, 0.425746,
		0.218557, -0.973496, -0.067363,
		29.930948, 34.553898, 35.158325>
	pigment { color rgbt <0,1,1,0> }
	no_shadow
}
cylinder {
	<29.381624, 34.732353, 35.536442>,  <29.777958, 35.235344, 35.205482>, 0.130000
	pigment { color rgbt <1,0,0,0> }
	no_shadow
}

// nucleotide -1

// particle -1
sphere {
	<29.381624, 34.732353, 35.536442> 0.250000
	pigment { color rgbt <1,0,0,0> }
	no_shadow
}
cylinder {
	<29.775908, 34.665672, 35.526749>,  <30.012478, 34.625664, 35.520931>, 0.100000
	pigment { color rgbt <1,0,0,0> }
	no_shadow
}
cylinder {
	<29.775908, 34.665672, 35.526749>,  <29.381624, 34.732353, 35.536442>, 0.100000
	pigment { color rgbt <1,0,0,0> }
	no_shadow
}

// particle -1
sphere {
	<29.775908, 34.665672, 35.526749> 0.100000
	pigment { color rgbt <1,0,0,0> }
	no_shadow
}
sphere {
	0, 1
	scale<0.080000,0.200000,0.300000>
	matrix <0.075289, 0.307250, 0.948646,
		-0.150697, -0.936913, 0.315410,
		0.985709, -0.166705, -0.024237,
		30.071621, 34.615662, 35.519478>
	pigment { color rgbt <0,1,1,0> }
	no_shadow
}
cylinder {
	<29.479183, 34.380894, 36.112812>,  <29.381624, 34.732353, 35.536442>, 0.130000
	pigment { color rgbt <1,0,0,0> }
	no_shadow
}

// nucleotide -1

// particle -1
sphere {
	<29.479183, 34.380894, 36.112812> 0.250000
	pigment { color rgbt <1,0,0,0> }
	no_shadow
}
cylinder {
	<29.826441, 34.543163, 35.998440>,  <30.034796, 34.640526, 35.929817>, 0.100000
	pigment { color rgbt <1,0,0,0> }
	no_shadow
}
cylinder {
	<29.826441, 34.543163, 35.998440>,  <29.479183, 34.380894, 36.112812>, 0.100000
	pigment { color rgbt <1,0,0,0> }
	no_shadow
}

// particle -1
sphere {
	<29.826441, 34.543163, 35.998440> 0.100000
	pigment { color rgbt <1,0,0,0> }
	no_shadow
}
sphere {
	0, 1
	scale<0.080000,0.200000,0.300000>
	matrix <0.234277, 0.172943, 0.956663,
		0.437542, -0.897508, 0.055100,
		0.868143, 0.405672, -0.285935,
		30.086884, 34.664864, 35.912659>
	pigment { color rgbt <0,1,1,0> }
	no_shadow
}
cylinder {
	<30.032232, 34.318489, 36.698158>,  <29.479183, 34.380894, 36.112812>, 0.130000
	pigment { color rgbt <1,0,0,0> }
	no_shadow
}

// nucleotide -1

// particle -1
sphere {
	<30.032232, 34.318489, 36.698158> 0.250000
	pigment { color rgbt <1,0,0,0> }
	no_shadow
}
cylinder {
	<30.092815, 34.625927, 36.449539>,  <30.129166, 34.810390, 36.300365>, 0.100000
	pigment { color rgbt <1,0,0,0> }
	no_shadow
}
cylinder {
	<30.092815, 34.625927, 36.449539>,  <30.032232, 34.318489, 36.698158>, 0.100000
	pigment { color rgbt <1,0,0,0> }
	no_shadow
}

// particle -1
sphere {
	<30.092815, 34.625927, 36.449539> 0.100000
	pigment { color rgbt <1,0,0,0> }
	no_shadow
}
sphere {
	0, 1
	scale<0.080000,0.200000,0.300000>
	matrix <0.454079, 0.504430, 0.734413,
		0.877993, -0.393468, -0.272601,
		0.151460, 0.768592, -0.621552,
		30.138254, 34.856506, 36.263073>
	pigment { color rgbt <0,1,1,0> }
	no_shadow
}
cylinder {
	<30.743685, 34.425304, 36.598873>,  <30.032232, 34.318489, 36.698158>, 0.130000
	pigment { color rgbt <1,0,0,0> }
	no_shadow
}

// nucleotide -1

// particle -1
sphere {
	<30.743685, 34.425304, 36.598873> 0.250000
	pigment { color rgbt <1,0,0,0> }
	no_shadow
}
cylinder {
	<30.516851, 34.754074, 36.577522>,  <30.380751, 34.951336, 36.564713>, 0.100000
	pigment { color rgbt <1,0,0,0> }
	no_shadow
}
cylinder {
	<30.516851, 34.754074, 36.577522>,  <30.743685, 34.425304, 36.598873>, 0.100000
	pigment { color rgbt <1,0,0,0> }
	no_shadow
}

// particle -1
sphere {
	<30.516851, 34.754074, 36.577522> 0.100000
	pigment { color rgbt <1,0,0,0> }
	no_shadow
}
sphere {
	0, 1
	scale<0.080000,0.200000,0.300000>
	matrix <0.609480, 0.462332, 0.644036,
		0.554030, 0.332690, -0.763131,
		-0.567084, 0.821928, -0.053378,
		30.346725, 35.000652, 36.561508>
	pigment { color rgbt <0,1,1,0> }
	no_shadow
}
cylinder {
	<31.136169, 35.028618, 36.413311>,  <30.743685, 34.425304, 36.598873>, 0.130000
	pigment { color rgbt <1,0,0,0> }
	no_shadow
}

// nucleotide -1

// particle -1
sphere {
	<31.136169, 35.028618, 36.413311> 0.250000
	pigment { color rgbt <1,0,0,0> }
	no_shadow
}
cylinder {
	<30.806368, 35.192383, 36.569553>,  <30.608486, 35.290642, 36.663300>, 0.100000
	pigment { color rgbt <1,0,0,0> }
	no_shadow
}
cylinder {
	<30.806368, 35.192383, 36.569553>,  <31.136169, 35.028618, 36.413311>, 0.100000
	pigment { color rgbt <1,0,0,0> }
	no_shadow
}

// particle -1
sphere {
	<30.806368, 35.192383, 36.569553> 0.100000
	pigment { color rgbt <1,0,0,0> }
	no_shadow
}
sphere {
	0, 1
	scale<0.080000,0.200000,0.300000>
	matrix <0.565691, 0.612959, 0.551611,
		-0.013592, 0.675770, -0.736987,
		-0.824505, 0.409410, 0.390609,
		30.559017, 35.315205, 36.686737>
	pigment { color rgbt <0,1,1,0> }
	no_shadow
}
cylinder {
	<31.709101, 35.442795, 36.375301>,  <31.136169, 35.028618, 36.413311>, 0.130000
	pigment { color rgbt <1,0,0,0> }
	no_shadow
}

// nucleotide -1

// particle -1
sphere {
	<31.709101, 35.442795, 36.375301> 0.250000
	pigment { color rgbt <1,0,0,0> }
	no_shadow
}
cylinder {
	<31.377981, 35.632965, 36.494442>,  <31.179310, 35.747066, 36.565926>, 0.100000
	pigment { color rgbt <1,0,0,0> }
	no_shadow
}
cylinder {
	<31.377981, 35.632965, 36.494442>,  <31.709101, 35.442795, 36.375301>, 0.100000
	pigment { color rgbt <1,0,0,0> }
	no_shadow
}

// particle -1
sphere {
	<31.377981, 35.632965, 36.494442> 0.100000
	pigment { color rgbt <1,0,0,0> }
	no_shadow
}
sphere {
	0, 1
	scale<0.080000,0.200000,0.300000>
	matrix <0.532503, 0.832965, 0.150369,
		-0.176613, 0.283083, -0.942694,
		-0.827798, 0.475430, 0.297855,
		31.129642, 35.775593, 36.583797>
	pigment { color rgbt <0,1,1,0> }
	no_shadow
}
cylinder {
	<31.499044, 36.094650, 36.002659>,  <31.709101, 35.442795, 36.375301>, 0.130000
	pigment { color rgbt <1,0,0,0> }
	no_shadow
}

// nucleotide -1

// particle -1
sphere {
	<31.499044, 36.094650, 36.002659> 0.250000
	pigment { color rgbt <1,0,0,0> }
	no_shadow
}
cylinder {
	<31.357986, 36.099918, 36.376926>,  <31.273352, 36.103077, 36.601486>, 0.100000
	pigment { color rgbt <1,0,0,0> }
	no_shadow
}
cylinder {
	<31.357986, 36.099918, 36.376926>,  <31.499044, 36.094650, 36.002659>, 0.100000
	pigment { color rgbt <1,0,0,0> }
	no_shadow
}

// particle -1
sphere {
	<31.357986, 36.099918, 36.376926> 0.100000
	pigment { color rgbt <1,0,0,0> }
	no_shadow
}
sphere {
	0, 1
	scale<0.080000,0.200000,0.300000>
	matrix <0.537260, 0.821522, 0.190928,
		-0.766155, 0.570025, -0.296781,
		-0.352646, 0.013167, 0.935664,
		31.252193, 36.103870, 36.657627>
	pigment { color rgbt <0,1,1,0> }
	no_shadow
}
cylinder {
	<31.292561, 36.721992, 36.149067>,  <31.499044, 36.094650, 36.002659>, 0.130000
	pigment { color rgbt <1,0,0,0> }
	no_shadow
}

// nucleotide -1

// particle -1
sphere {
	<31.292561, 36.721992, 36.149067> 0.250000
	pigment { color rgbt <1,0,0,0> }
	no_shadow
}
cylinder {
	<31.364227, 36.571930, 36.512859>,  <31.407227, 36.481892, 36.731136>, 0.100000
	pigment { color rgbt <1,0,0,0> }
	no_shadow
}
cylinder {
	<31.364227, 36.571930, 36.512859>,  <31.292561, 36.721992, 36.149067>, 0.100000
	pigment { color rgbt <1,0,0,0> }
	no_shadow
}

// particle -1
sphere {
	<31.364227, 36.571930, 36.512859> 0.100000
	pigment { color rgbt <1,0,0,0> }
	no_shadow
}
sphere {
	0, 1
	scale<0.080000,0.200000,0.300000>
	matrix <0.542473, 0.808882, 0.226789,
		-0.820745, 0.452737, 0.348435,
		0.179167, -0.375153, 0.909483,
		31.417978, 36.459385, 36.785706>
	pigment { color rgbt <0,1,1,0> }
	no_shadow
}
cylinder {
	<31.029814, 37.222042, 36.567898>,  <31.292561, 36.721992, 36.149067>, 0.130000
	pigment { color rgbt <1,0,0,0> }
	no_shadow
}

// nucleotide -1

// particle -1
sphere {
	<31.029814, 37.222042, 36.567898> 0.250000
	pigment { color rgbt <1,0,0,0> }
	no_shadow
}
cylinder {
	<31.346796, 37.034801, 36.724304>,  <31.536985, 36.922459, 36.818150>, 0.100000
	pigment { color rgbt <1,0,0,0> }
	no_shadow
}
cylinder {
	<31.346796, 37.034801, 36.724304>,  <31.029814, 37.222042, 36.567898>, 0.100000
	pigment { color rgbt <1,0,0,0> }
	no_shadow
}

// particle -1
sphere {
	<31.346796, 37.034801, 36.724304> 0.100000
	pigment { color rgbt <1,0,0,0> }
	no_shadow
}
sphere {
	0, 1
	scale<0.080000,0.200000,0.300000>
	matrix <0.430782, 0.883395, 0.184500,
		-0.431790, 0.022237, 0.901700,
		0.792454, -0.468102, 0.391020,
		31.584532, 36.894371, 36.841610>
	pigment { color rgbt <0,1,1,0> }
	no_shadow
}
cylinder {
	<31.152866, 37.521900, 37.185421>,  <31.029814, 37.222042, 36.567898>, 0.130000
	pigment { color rgbt <1,0,0,0> }
	no_shadow
}

// nucleotide -1

// particle -1
sphere {
	<31.152866, 37.521900, 37.185421> 0.250000
	pigment { color rgbt <1,0,0,0> }
	no_shadow
}
cylinder {
	<31.479748, 37.388329, 36.997520>,  <31.675877, 37.308186, 36.884781>, 0.100000
	pigment { color rgbt <1,0,0,0> }
	no_shadow
}
cylinder {
	<31.479748, 37.388329, 36.997520>,  <31.152866, 37.521900, 37.185421>, 0.100000
	pigment { color rgbt <1,0,0,0> }
	no_shadow
}

// particle -1
sphere {
	<31.479748, 37.388329, 36.997520> 0.100000
	pigment { color rgbt <1,0,0,0> }
	no_shadow
}
sphere {
	0, 1
	scale<0.080000,0.200000,0.300000>
	matrix <0.396362, 0.917331, 0.037436,
		0.418417, -0.216785, 0.882005,
		0.817206, -0.333929, -0.469752,
		31.724909, 37.288151, 36.856594>
	pigment { color rgbt <0,1,1,0> }
	no_shadow
}
cylinder {
	<31.592869, 37.973541, 37.456131>,  <31.152866, 37.521900, 37.185421>, 0.130000
	pigment { color rgbt <1,0,0,0> }
	no_shadow
}

// nucleotide -1

// particle -1
sphere {
	<31.592869, 37.973541, 37.456131> 0.250000
	pigment { color rgbt <1,0,0,0> }
	no_shadow
}
cylinder {
	<31.800081, 37.795361, 37.164043>,  <31.924410, 37.688454, 36.988792>, 0.100000
	pigment { color rgbt <1,0,0,0> }
	no_shadow
}
cylinder {
	<31.800081, 37.795361, 37.164043>,  <31.592869, 37.973541, 37.456131>, 0.100000
	pigment { color rgbt <1,0,0,0> }
	no_shadow
}

// particle -1
sphere {
	<31.800081, 37.795361, 37.164043> 0.100000
	pigment { color rgbt <1,0,0,0> }
	no_shadow
}
sphere {
	0, 1
	scale<0.080000,0.200000,0.300000>
	matrix <0.556771, 0.823683, -0.107481,
		0.649345, -0.350885, 0.674708,
		0.518032, -0.445450, -0.730217,
		31.955490, 37.661724, 36.944977>
	pigment { color rgbt <0,1,1,0> }
	no_shadow
}
cylinder {
	<32.216507, 38.248566, 37.596283>,  <31.592869, 37.973541, 37.456131>, 0.130000
	pigment { color rgbt <1,0,0,0> }
	no_shadow
}

// nucleotide -1

// particle -1
sphere {
	<32.216507, 38.248566, 37.596283> 0.250000
	pigment { color rgbt <1,0,0,0> }
	no_shadow
}
cylinder {
	<32.211906, 38.099983, 37.224930>,  <32.209148, 38.010834, 37.002117>, 0.100000
	pigment { color rgbt <1,0,0,0> }
	no_shadow
}
cylinder {
	<32.211906, 38.099983, 37.224930>,  <32.216507, 38.248566, 37.596283>, 0.100000
	pigment { color rgbt <1,0,0,0> }
	no_shadow
}

// particle -1
sphere {
	<32.211906, 38.099983, 37.224930> 0.100000
	pigment { color rgbt <1,0,0,0> }
	no_shadow
}
sphere {
	0, 1
	scale<0.080000,0.200000,0.300000>
	matrix <0.734816, 0.626544, -0.259786,
		0.678170, -0.685176, 0.265744,
		-0.011499, -0.371452, -0.928381,
		32.208458, 37.988548, 36.946415>
	pigment { color rgbt <0,1,1,0> }
	no_shadow
}
cylinder {
	<32.875156, 38.436649, 37.393715>,  <32.216507, 38.248566, 37.596283>, 0.130000
	pigment { color rgbt <1,0,0,0> }
	no_shadow
}

// nucleotide -1

// particle -1
sphere {
	<32.875156, 38.436649, 37.393715> 0.250000
	pigment { color rgbt <1,0,0,0> }
	no_shadow
}
cylinder {
	<32.717754, 38.277287, 37.062313>,  <32.623314, 38.181667, 36.863472>, 0.100000
	pigment { color rgbt <1,0,0,0> }
	no_shadow
}
cylinder {
	<32.717754, 38.277287, 37.062313>,  <32.875156, 38.436649, 37.393715>, 0.100000
	pigment { color rgbt <1,0,0,0> }
	no_shadow
}

// particle -1
sphere {
	<32.717754, 38.277287, 37.062313> 0.100000
	pigment { color rgbt <1,0,0,0> }
	no_shadow
}
sphere {
	0, 1
	scale<0.080000,0.200000,0.300000>
	matrix <0.645185, 0.522313, -0.557607,
		0.654895, -0.753962, 0.051515,
		-0.393508, -0.398411, -0.828505,
		32.599701, 38.157764, 36.813763>
	pigment { color rgbt <0,1,1,0> }
	no_shadow
}
cylinder {
	<33.379311, 38.005604, 37.038250>,  <32.875156, 38.436649, 37.393715>, 0.130000
	pigment { color rgbt <1,0,0,0> }
	no_shadow
}

// nucleotide -1

// particle -1
sphere {
	<33.379311, 38.005604, 37.038250> 0.250000
	pigment { color rgbt <1,0,0,0> }
	no_shadow
}
cylinder {
	<33.128723, 38.180363, 36.780052>,  <32.978371, 38.285217, 36.625134>, 0.100000
	pigment { color rgbt <1,0,0,0> }
	no_shadow
}
cylinder {
	<33.128723, 38.180363, 36.780052>,  <33.379311, 38.005604, 37.038250>, 0.100000
	pigment { color rgbt <1,0,0,0> }
	no_shadow
}

// particle -1
sphere {
	<33.128723, 38.180363, 36.780052> 0.100000
	pigment { color rgbt <1,0,0,0> }
	no_shadow
}
sphere {
	0, 1
	scale<0.080000,0.200000,0.300000>
	matrix <0.778646, 0.313251, -0.543676,
		-0.035330, -0.843205, -0.536430,
		-0.626467, 0.436898, -0.645491,
		32.940784, 38.311432, 36.586403>
	pigment { color rgbt <0,1,1,0> }
	no_shadow
}
cylinder {
	<33.453865, 37.736839, 36.325264>,  <33.379311, 38.005604, 37.038250>, 0.130000
	pigment { color rgbt <1,0,0,0> }
	no_shadow
}

// nucleotide -1

// particle -1
sphere {
	<33.453865, 37.736839, 36.325264> 0.250000
	pigment { color rgbt <1,0,0,0> }
	no_shadow
}
cylinder {
	<33.360065, 38.125519, 36.336613>,  <33.303787, 38.358727, 36.343422>, 0.100000
	pigment { color rgbt <1,0,0,0> }
	no_shadow
}
cylinder {
	<33.360065, 38.125519, 36.336613>,  <33.453865, 37.736839, 36.325264>, 0.100000
	pigment { color rgbt <1,0,0,0> }
	no_shadow
}

// particle -1
sphere {
	<33.360065, 38.125519, 36.336613> 0.100000
	pigment { color rgbt <1,0,0,0> }
	no_shadow
}
sphere {
	0, 1
	scale<0.080000,0.200000,0.300000>
	matrix <0.881474, 0.224846, -0.415269,
		-0.409897, -0.072374, -0.909256,
		-0.234498, 0.971703, 0.028368,
		33.289715, 38.417030, 36.345123>
	pigment { color rgbt <0,1,1,0> }
	no_shadow
}
cylinder {
	<33.508324, 38.008488, 35.666027>,  <33.453865, 37.736839, 36.325264>, 0.130000
	pigment { color rgbt <1,0,0,0> }
	no_shadow
}

// nucleotide -1

// particle -1
sphere {
	<33.508324, 38.008488, 35.666027> 0.250000
	pigment { color rgbt <1,0,0,0> }
	no_shadow
}
cylinder {
	<33.594719, 38.287880, 35.938927>,  <33.646557, 38.455517, 36.102669>, 0.100000
	pigment { color rgbt <1,0,0,0> }
	no_shadow
}
cylinder {
	<33.594719, 38.287880, 35.938927>,  <33.508324, 38.008488, 35.666027>, 0.100000
	pigment { color rgbt <1,0,0,0> }
	no_shadow
}

// particle -1
sphere {
	<33.594719, 38.287880, 35.938927> 0.100000
	pigment { color rgbt <1,0,0,0> }
	no_shadow
}
sphere {
	0, 1
	scale<0.080000,0.200000,0.300000>
	matrix <0.951601, 0.005878, -0.307279,
		-0.218640, 0.715602, -0.663409,
		0.215990, 0.698484, 0.682253,
		33.659515, 38.497425, 36.143604>
	pigment { color rgbt <0,1,1,0> }
	no_shadow
}
cylinder {
	<33.912792, 38.667847, 35.564659>,  <33.508324, 38.008488, 35.666027>, 0.130000
	pigment { color rgbt <1,0,0,0> }
	no_shadow
}

// nucleotide -1

// particle -1
sphere {
	<33.912792, 38.667847, 35.564659> 0.250000
	pigment { color rgbt <1,0,0,0> }
	no_shadow
}
cylinder {
	<33.696827, 38.764900, 35.242264>,  <33.567249, 38.823132, 35.048824>, 0.100000
	pigment { color rgbt <1,0,0,0> }
	no_shadow
}
cylinder {
	<33.696827, 38.764900, 35.242264>,  <33.912792, 38.667847, 35.564659>, 0.100000
	pigment { color rgbt <1,0,0,0> }
	no_shadow
}

// particle -1
sphere {
	<33.696827, 38.764900, 35.242264> 0.100000
	pigment { color rgbt <1,0,0,0> }
	no_shadow
}
sphere {
	0, 1
	scale<0.080000,0.200000,0.300000>
	matrix <-0.752184, 0.290680, 0.591375,
		0.377771, 0.925546, 0.025562,
		-0.539914, 0.242632, -0.805991,
		33.534851, 38.837688, 35.000465>
	pigment { color rgbt <0,1,1,0> }
	no_shadow
}
cylinder {
	<34.497723, 39.016380, 35.486378>,  <33.912792, 38.667847, 35.564659>, 0.130000
	pigment { color rgbt <1,0,0,0> }
	no_shadow
}

// nucleotide -1

// particle -1
sphere {
	<34.497723, 39.016380, 35.486378> 0.250000
	pigment { color rgbt <1,0,0,0> }
	no_shadow
}
cylinder {
	<34.482075, 39.319645, 35.746735>,  <34.472687, 39.501606, 35.902946>, 0.100000
	pigment { color rgbt <1,0,0,0> }
	no_shadow
}
cylinder {
	<34.482075, 39.319645, 35.746735>,  <34.497723, 39.016380, 35.486378>, 0.100000
	pigment { color rgbt <1,0,0,0> }
	no_shadow
}

// particle -1
sphere {
	<34.482075, 39.319645, 35.746735> 0.100000
	pigment { color rgbt <1,0,0,0> }
	no_shadow
}
sphere {
	0, 1
	scale<0.080000,0.200000,0.300000>
	matrix <0.281338, -0.616680, 0.735224,
		0.958811, 0.211878, -0.189179,
		-0.039115, 0.758164, 0.650890,
		34.470341, 39.547092, 35.942001>
	pigment { color rgbt <0,1,1,0> }
	no_shadow
}
cylinder {
	<35.110561, 39.137699, 35.851070>,  <34.497723, 39.016380, 35.486378>, 0.130000
	pigment { color rgbt <1,0,0,0> }
	no_shadow
}

// nucleotide -1

// particle -1
sphere {
	<35.110561, 39.137699, 35.851070> 0.250000
	pigment { color rgbt <1,0,0,0> }
	no_shadow
}
cylinder {
	<34.834549, 39.279308, 36.103584>,  <34.668941, 39.364273, 36.255093>, 0.100000
	pigment { color rgbt <1,0,0,0> }
	no_shadow
}
cylinder {
	<34.834549, 39.279308, 36.103584>,  <35.110561, 39.137699, 35.851070>, 0.100000
	pigment { color rgbt <1,0,0,0> }
	no_shadow
}

// particle -1
sphere {
	<34.834549, 39.279308, 36.103584> 0.100000
	pigment { color rgbt <1,0,0,0> }
	no_shadow
}
sphere {
	0, 1
	scale<0.080000,0.200000,0.300000>
	matrix <0.240125, -0.710834, 0.661101,
		0.682786, 0.607768, 0.405488,
		-0.690031, 0.354023, 0.631288,
		34.627541, 39.385517, 36.292973>
	pigment { color rgbt <0,1,1,0> }
	no_shadow
}
cylinder {
	<35.347507, 39.033356, 36.535706>,  <35.110561, 39.137699, 35.851070>, 0.130000
	pigment { color rgbt <1,0,0,0> }
	no_shadow
}

// nucleotide -1

// particle -1
sphere {
	<35.347507, 39.033356, 36.535706> 0.250000
	pigment { color rgbt <1,0,0,0> }
	no_shadow
}
cylinder {
	<34.947525, 39.037090, 36.535503>,  <34.707535, 39.039330, 36.535381>, 0.100000
	pigment { color rgbt <1,0,0,0> }
	no_shadow
}
cylinder {
	<34.947525, 39.037090, 36.535503>,  <35.347507, 39.033356, 36.535706>, 0.100000
	pigment { color rgbt <1,0,0,0> }
	no_shadow
}

// particle -1
sphere {
	<34.947525, 39.037090, 36.535503> 0.100000
	pigment { color rgbt <1,0,0,0> }
	no_shadow
}
sphere {
	0, 1
	scale<0.080000,0.200000,0.300000>
	matrix <-0.007009, -0.713085, 0.701043,
		0.006184, 0.701016, 0.713119,
		-0.999956, 0.009334, -0.000504,
		34.647537, 39.039890, 36.535351>
	pigment { color rgbt <0,1,1,0> }
	no_shadow
}
cylinder {
	<34.976784, 39.276409, 37.269062>,  <35.347507, 39.033356, 36.535706>, 0.130000
	pigment { color rgbt <1,0,0,0> }
	no_shadow
}

// nucleotide -1

// particle -1
sphere {
	<34.976784, 39.276409, 37.269062> 0.250000
	pigment { color rgbt <1,0,0,0> }
	no_shadow
}
cylinder {
	<34.781296, 39.012444, 37.040794>,  <34.664001, 38.854065, 36.903831>, 0.100000
	pigment { color rgbt <1,0,0,0> }
	no_shadow
}
cylinder {
	<34.781296, 39.012444, 37.040794>,  <34.976784, 39.276409, 37.269062>, 0.100000
	pigment { color rgbt <1,0,0,0> }
	no_shadow
}

// particle -1
sphere {
	<34.781296, 39.012444, 37.040794> 0.100000
	pigment { color rgbt <1,0,0,0> }
	no_shadow
}
sphere {
	0, 1
	scale<0.080000,0.200000,0.300000>
	matrix <0.052639, -0.675222, 0.735734,
		-0.870851, 0.329529, 0.364732,
		-0.488720, -0.659914, -0.570671,
		34.634678, 38.814468, 36.869595>
	pigment { color rgbt <0,1,1,0> }
	no_shadow
}
cylinder {
	<34.390911, 39.007866, 37.573441>,  <34.976784, 39.276409, 37.269062>, 0.130000
	pigment { color rgbt <1,0,0,0> }
	no_shadow
}

// nucleotide -1

// particle -1
sphere {
	<34.390911, 39.007866, 37.573441> 0.250000
	pigment { color rgbt <1,0,0,0> }
	no_shadow
}
cylinder {
	<34.562538, 38.731968, 37.340149>,  <34.665516, 38.566429, 37.200172>, 0.100000
	pigment { color rgbt <1,0,0,0> }
	no_shadow
}
cylinder {
	<34.562538, 38.731968, 37.340149>,  <34.390911, 39.007866, 37.573441>, 0.100000
	pigment { color rgbt <1,0,0,0> }
	no_shadow
}

// particle -1
sphere {
	<34.562538, 38.731968, 37.340149> 0.100000
	pigment { color rgbt <1,0,0,0> }
	no_shadow
}
sphere {
	0, 1
	scale<0.080000,0.200000,0.300000>
	matrix <0.040680, -0.630273, 0.775307,
		-0.902355, -0.356386, -0.242372,
		0.429069, -0.689743, -0.583228,
		34.691257, 38.525043, 37.165180>
	pigment { color rgbt <0,1,1,0> }
	no_shadow
}
cylinder {
	<34.003819, 38.416000, 37.567196>,  <34.390911, 39.007866, 37.573441>, 0.130000
	pigment { color rgbt <1,0,0,0> }
	no_shadow
}

// nucleotide -1

// particle -1
sphere {
	<34.003819, 38.416000, 37.567196> 0.250000
	pigment { color rgbt <1,0,0,0> }
	no_shadow
}
cylinder {
	<34.369556, 38.279636, 37.479782>,  <34.589001, 38.197819, 37.427334>, 0.100000
	pigment { color rgbt <1,0,0,0> }
	no_shadow
}
cylinder {
	<34.369556, 38.279636, 37.479782>,  <34.003819, 38.416000, 37.567196>, 0.100000
	pigment { color rgbt <1,0,0,0> }
	no_shadow
}

// particle -1
sphere {
	<34.369556, 38.279636, 37.479782> 0.100000
	pigment { color rgbt <1,0,0,0> }
	no_shadow
}
sphere {
	0, 1
	scale<0.080000,0.200000,0.300000>
	matrix <-0.050586, -0.631606, 0.773638,
		-0.401765, -0.696317, -0.594750,
		0.914345, -0.340906, -0.218533,
		34.643860, 38.177364, 37.414223>
	pigment { color rgbt <0,1,1,0> }
	no_shadow
}
cylinder {
	<34.006519, 37.755020, 37.871689>,  <34.003819, 38.416000, 37.567196>, 0.130000
	pigment { color rgbt <1,0,0,0> }
	no_shadow
}

// nucleotide -1

// particle -1
sphere {
	<34.006519, 37.755020, 37.871689> 0.250000
	pigment { color rgbt <1,0,0,0> }
	no_shadow
}
cylinder {
	<34.379890, 37.890236, 37.823631>,  <34.603912, 37.971367, 37.794796>, 0.100000
	pigment { color rgbt <1,0,0,0> }
	no_shadow
}
cylinder {
	<34.379890, 37.890236, 37.823631>,  <34.006519, 37.755020, 37.871689>, 0.100000
	pigment { color rgbt <1,0,0,0> }
	no_shadow
}

// particle -1
sphere {
	<34.379890, 37.890236, 37.823631> 0.100000
	pigment { color rgbt <1,0,0,0> }
	no_shadow
}
sphere {
	0, 1
	scale<0.080000,0.200000,0.300000>
	matrix <0.248807, -0.368709, 0.895627,
		0.258463, -0.865898, -0.428272,
		0.933430, 0.338044, -0.120144,
		34.659920, 37.991650, 37.787586>
	pigment { color rgbt <0,1,1,0> }
	no_shadow
}
cylinder {
	<34.395508, 37.150166, 37.875710>,  <34.006519, 37.755020, 37.871689>, 0.130000
	pigment { color rgbt <1,0,0,0> }
	no_shadow
}

// nucleotide -1

// particle -1
sphere {
	<34.395508, 37.150166, 37.875710> 0.250000
	pigment { color rgbt <1,0,0,0> }
	no_shadow
}
cylinder {
	<34.602600, 37.473583, 37.987579>,  <34.726856, 37.667633, 38.054703>, 0.100000
	pigment { color rgbt <1,0,0,0> }
	no_shadow
}
cylinder {
	<34.602600, 37.473583, 37.987579>,  <34.395508, 37.150166, 37.875710>, 0.100000
	pigment { color rgbt <1,0,0,0> }
	no_shadow
}

// particle -1
sphere {
	<34.602600, 37.473583, 37.987579> 0.100000
	pigment { color rgbt <1,0,0,0> }
	no_shadow
}
sphere {
	0, 1
	scale<0.080000,0.200000,0.300000>
	matrix <0.236373, -0.449353, 0.861516,
		0.822245, -0.379922, -0.423760,
		0.517727, 0.808543, 0.279676,
		34.757919, 37.716145, 38.071484>
	pigment { color rgbt <0,1,1,0> }
	no_shadow
}
cylinder {
	<34.964188, 36.986851, 38.346298>,  <34.395508, 37.150166, 37.875710>, 0.130000
	pigment { color rgbt <1,0,0,0> }
	no_shadow
}

// nucleotide -1

// particle -1
sphere {
	<34.964188, 36.986851, 38.346298> 0.250000
	pigment { color rgbt <1,0,0,0> }
	no_shadow
}
cylinder {
	<34.958168, 37.371178, 38.457016>,  <34.954556, 37.601772, 38.523445>, 0.100000
	pigment { color rgbt <1,0,0,0> }
	no_shadow
}
cylinder {
	<34.958168, 37.371178, 38.457016>,  <34.964188, 36.986851, 38.346298>, 0.100000
	pigment { color rgbt <1,0,0,0> }
	no_shadow
}

// particle -1
sphere {
	<34.958168, 37.371178, 38.457016> 0.100000
	pigment { color rgbt <1,0,0,0> }
	no_shadow
}
sphere {
	0, 1
	scale<0.080000,0.200000,0.300000>
	matrix <0.054830, -0.275612, 0.959704,
		0.998382, 0.029619, -0.048534,
		-0.015049, 0.960812, 0.276790,
		34.953655, 37.659420, 38.540054>
	pigment { color rgbt <0,1,1,0> }
	no_shadow
}
cylinder {
	<34.599155, 36.331444, 38.558475>,  <34.964188, 36.986851, 38.346298>, 0.130000
	pigment { color rgbt <1,0,0,0> }
	no_shadow
}

// nucleotide -1

// particle -1
sphere {
	<34.599155, 36.331444, 38.558475> 0.250000
	pigment { color rgbt <1,0,0,0> }
	no_shadow
}
cylinder {
	<34.925343, 36.280727, 38.332577>,  <35.121056, 36.250298, 38.197037>, 0.100000
	pigment { color rgbt <1,0,0,0> }
	no_shadow
}
cylinder {
	<34.925343, 36.280727, 38.332577>,  <34.599155, 36.331444, 38.558475>, 0.100000
	pigment { color rgbt <1,0,0,0> }
	no_shadow
}

// particle -1
sphere {
	<34.925343, 36.280727, 38.332577> 0.100000
	pigment { color rgbt <1,0,0,0> }
	no_shadow
}
sphere {
	0, 1
	scale<0.080000,0.200000,0.300000>
	matrix <0.141328, -0.902563, 0.406701,
		-0.561282, -0.411466, -0.718093,
