// switches for output
#declare DRAW_BASES = 1; // possible values are 0, 1; only relevant for DNA ribbons
#declare DRAW_BASES_TYPE = 3; // possible values are 1, 2, 3; only relevant for DNA ribbons
#declare DRAW_FOG = 0; // set to 1 to enable fog

#include "colors.inc"

#include "transforms.inc"
background { rgb <1, 1, 1>}

#default {
   normal{
       ripples 0.25
       frequency 0.20
       turbulence 0.2
       lambda 5
   }
	finish {
		phong 0.1
		phong_size 40.
	}
}

// original window dimensions: 1024x640


// camera settings

camera {
	sky <0, 0.179814, -0.983701>
	up <0, 0.179814, -0.983701>
	right 1.6 * <1, 0, 0>
	location <35, 94.9851, 44.8844>
	look_at <35, 29.7336, 32.9568>
	direction <0, -65.2515, -11.9276>
	angle 67.0682
}


# declare cpy_camera_pos = <35, 94.9851, 44.8844>;
# if (DRAW_FOG = 1)
fog {
	fog_type 2
	up vnormalize(cpy_camera_pos)
	color rgbt<1,1,1,0.3>
	distance 1e-5
	fog_alt 3e-3
	fog_offset 56
}
# end


// LIGHTS

# declare lum = 6;
global_settings {
	ambient_light rgb lum * <0.05, 0.05, 0.05>
	max_trace_level 15
}# declare cpy_direct_light_amount = 0.25;
light_source
{	1000 * <-1, -1.16352, -0.803886>,
	rgb lum * cpy_direct_light_amount
	parallel
}

light_source
{	1000 * <1, 1.16352, 0.803886>,
	rgb lum * cpy_direct_light_amount
	parallel
}

// strand 0

// nucleotide -1

// particle -1
sphere {
	<24.041462, 34.730968, 35.026535> 0.250000
	pigment { color rgbt <1,0,0,0> }
	no_shadow
}
cylinder {
	<24.311930, 34.999012, 34.904060>,  <24.474211, 35.159840, 34.830578>, 0.100000
	pigment { color rgbt <1,0,0,0> }
	no_shadow
}
cylinder {
	<24.311930, 34.999012, 34.904060>,  <24.041462, 34.730968, 35.026535>, 0.100000
	pigment { color rgbt <1,0,0,0> }
	no_shadow
}

// particle -1
sphere {
	<24.311930, 34.999012, 34.904060> 0.100000
	pigment { color rgbt <1,0,0,0> }
	no_shadow
}
sphere {
	0, 1
	scale<0.080000,0.200000,0.300000>
	matrix <0.380993, 0.037664, 0.923810,
		0.630587, -0.741306, -0.229839,
		0.676169, 0.670110, -0.306182,
		24.514780, 35.200047, 34.812206>
	pigment { color rgbt <0,1,1,0> }
	no_shadow
}
cylinder {
	<24.748739, 34.432465, 35.192192>,  <24.041462, 34.730968, 35.026535>, 0.130000
	pigment { color rgbt <1,0,0,0> }
	no_shadow
}

// nucleotide -1

// particle -1
sphere {
	<24.748739, 34.432465, 35.192192> 0.250000
	pigment { color rgbt <1,0,0,0> }
	no_shadow
}
cylinder {
	<24.745430, 34.830891, 35.156876>,  <24.743444, 35.069946, 35.135685>, 0.100000
	pigment { color rgbt <1,0,0,0> }
	no_shadow
}
cylinder {
	<24.745430, 34.830891, 35.156876>,  <24.748739, 34.432465, 35.192192>, 0.100000
	pigment { color rgbt <1,0,0,0> }
	no_shadow
}

// particle -1
sphere {
	<24.745430, 34.830891, 35.156876> 0.100000
	pigment { color rgbt <1,0,0,0> }
	no_shadow
}
sphere {
	0, 1
	scale<0.080000,0.200000,0.300000>
	matrix <0.576543, 0.076889, 0.813441,
		0.817025, -0.044171, -0.574908,
		-0.008274, 0.996061, -0.088287,
		24.742949, 35.129707, 35.130390>
	pigment { color rgbt <0,1,1,0> }
	no_shadow
}
cylinder {
	<25.396292, 34.654591, 35.319553>,  <24.748739, 34.432465, 35.192192>, 0.130000
	pigment { color rgbt <1,0,0,0> }
	no_shadow
}

// nucleotide -1

// particle -1
sphere {
	<25.396292, 34.654591, 35.319553> 0.250000
	pigment { color rgbt <1,0,0,0> }
	no_shadow
}
cylinder {
	<25.179235, 34.989479, 35.346664>,  <25.049002, 35.190414, 35.362930>, 0.100000
	pigment { color rgbt <1,0,0,0> }
	no_shadow
}
cylinder {
	<25.179235, 34.989479, 35.346664>,  <25.396292, 34.654591, 35.319553>, 0.100000
	pigment { color rgbt <1,0,0,0> }
	no_shadow
}

// particle -1
sphere {
	<25.179235, 34.989479, 35.346664> 0.100000
	pigment { color rgbt <1,0,0,0> }
	no_shadow
}
sphere {
	0, 1
	scale<0.080000,0.200000,0.300000>
	matrix <0.526168, 0.275918, 0.804373,
		0.654742, 0.472147, -0.590246,
		-0.542642, 0.837226, 0.067773,
		25.016443, 35.240646, 35.366997>
	pigment { color rgbt <0,1,1,0> }
	no_shadow
}
cylinder {
	<25.876890, 35.189716, 35.232933>,  <25.396292, 34.654591, 35.319553>, 0.130000
	pigment { color rgbt <1,0,0,0> }
	no_shadow
}

// nucleotide -1

// particle -1
sphere {
	<25.876890, 35.189716, 35.232933> 0.250000
	pigment { color rgbt <1,0,0,0> }
	no_shadow
}
cylinder {
	<25.567654, 35.261078, 35.476410>,  <25.382113, 35.303894, 35.622494>, 0.100000
	pigment { color rgbt <1,0,0,0> }
	no_shadow
}
cylinder {
	<25.567654, 35.261078, 35.476410>,  <25.876890, 35.189716, 35.232933>, 0.100000
	pigment { color rgbt <1,0,0,0> }
	no_shadow
}

// particle -1
sphere {
	<25.567654, 35.261078, 35.476410> 0.100000
	pigment { color rgbt <1,0,0,0> }
	no_shadow
}
sphere {
	0, 1
	scale<0.080000,0.200000,0.300000>
	matrix <0.633179, 0.273948, 0.723904,
		-0.037605, 0.945053, -0.324746,
		-0.773091, 0.178400, 0.608690,
		25.335726, 35.314598, 35.659016>
	pigment { color rgbt <0,1,1,0> }
	no_shadow
}
cylinder {
	<25.933151, 35.899731, 35.484898>,  <25.876890, 35.189716, 35.232933>, 0.130000
	pigment { color rgbt <1,0,0,0> }
	no_shadow
}

// nucleotide -1

// particle -1
sphere {
	<25.933151, 35.899731, 35.484898> 0.250000
	pigment { color rgbt <1,0,0,0> }
	no_shadow
}
cylinder {
	<25.729652, 35.675079, 35.745895>,  <25.607553, 35.540287, 35.902496>, 0.100000
	pigment { color rgbt <1,0,0,0> }
	no_shadow
}
cylinder {
	<25.729652, 35.675079, 35.745895>,  <25.933151, 35.899731, 35.484898>, 0.100000
	pigment { color rgbt <1,0,0,0> }
	no_shadow
}

// particle -1
sphere {
	<25.729652, 35.675079, 35.745895> 0.100000
	pigment { color rgbt <1,0,0,0> }
	no_shadow
}
sphere {
	0, 1
	scale<0.080000,0.200000,0.300000>
	matrix <0.470304, 0.453523, 0.757054,
		-0.721105, 0.692020, 0.033408,
		-0.508745, -0.561627, 0.652498,
		25.577028, 35.506592, 35.941643>
	pigment { color rgbt <0,1,1,0> }
	no_shadow
}
cylinder {
	<26.240194, 36.186714, 36.030838>,  <25.933151, 35.899731, 35.484898>, 0.130000
	pigment { color rgbt <1,0,0,0> }
	no_shadow
}

// nucleotide -1

// particle -1
sphere {
	<26.240194, 36.186714, 36.030838> 0.250000
	pigment { color rgbt <1,0,0,0> }
	no_shadow
}
cylinder {
	<25.974813, 35.938904, 36.198658>,  <25.815584, 35.790218, 36.299351>, 0.100000
	pigment { color rgbt <1,0,0,0> }
	no_shadow
}
cylinder {
	<25.974813, 35.938904, 36.198658>,  <26.240194, 36.186714, 36.030838>, 0.100000
	pigment { color rgbt <1,0,0,0> }
	no_shadow
}

// particle -1
sphere {
	<25.974813, 35.938904, 36.198658> 0.100000
	pigment { color rgbt <1,0,0,0> }
	no_shadow
}
sphere {
	0, 1
	scale<0.080000,0.200000,0.300000>
	matrix <0.220208, 0.374220, 0.900815,
		-0.715081, 0.690035, -0.111853,
		-0.663451, -0.619524, 0.419549,
		25.775778, 35.753048, 36.324524>
	pigment { color rgbt <0,1,1,0> }
	no_shadow
}
cylinder {
	<25.861460, 36.627579, 36.511131>,  <26.240194, 36.186714, 36.030838>, 0.130000
	pigment { color rgbt <1,0,0,0> }
	no_shadow
}

// nucleotide -1

// particle -1
sphere {
	<25.861460, 36.627579, 36.511131> 0.250000
	pigment { color rgbt <1,0,0,0> }
	no_shadow
}
cylinder {
	<25.862238, 36.238934, 36.605759>,  <25.862705, 36.005745, 36.662533>, 0.100000
	pigment { color rgbt <1,0,0,0> }
	no_shadow
}
cylinder {
	<25.862238, 36.238934, 36.605759>,  <25.861460, 36.627579, 36.511131>, 0.100000
	pigment { color rgbt <1,0,0,0> }
	no_shadow
}

// particle -1
sphere {
	<25.862238, 36.238934, 36.605759> 0.100000
	pigment { color rgbt <1,0,0,0> }
	no_shadow
}
sphere {
	0, 1
	scale<0.080000,0.200000,0.300000>
	matrix <0.169143, 0.233477, 0.957538,
		-0.985590, 0.038152, 0.164795,
		0.001944, -0.971613, 0.236565,
		25.862822, 35.947449, 36.676727>
	pigment { color rgbt <0,1,1,0> }
	no_shadow
}
cylinder {
	<25.561590, 36.545132, 37.177551>,  <25.861460, 36.627579, 36.511131>, 0.130000
	pigment { color rgbt <1,0,0,0> }
	no_shadow
}

// nucleotide -1

// particle -1
sphere {
	<25.561590, 36.545132, 37.177551> 0.250000
	pigment { color rgbt <1,0,0,0> }
	no_shadow
}
cylinder {
	<25.763153, 36.206032, 37.111340>,  <25.884090, 36.002571, 37.071613>, 0.100000
	pigment { color rgbt <1,0,0,0> }
	no_shadow
}
cylinder {
	<25.763153, 36.206032, 37.111340>,  <25.561590, 36.545132, 37.177551>, 0.100000
	pigment { color rgbt <1,0,0,0> }
	no_shadow
}

// particle -1
sphere {
	<25.763153, 36.206032, 37.111340> 0.100000
	pigment { color rgbt <1,0,0,0> }
	no_shadow
}
sphere {
	0, 1
	scale<0.080000,0.200000,0.300000>
	matrix <0.298077, -0.009192, 0.954498,
		-0.810696, -0.530318, 0.248062,
		0.503907, -0.847749, -0.165528,
		25.914326, 35.951706, 37.061680>
	pigment { color rgbt <0,1,1,0> }
	no_shadow
}
cylinder {
	<25.865507, 36.503399, 37.819492>,  <25.561590, 36.545132, 37.177551>, 0.130000
	pigment { color rgbt <1,0,0,0> }
	no_shadow
}

// nucleotide -1

// particle -1
sphere {
	<25.865507, 36.503399, 37.819492> 0.250000
	pigment { color rgbt <1,0,0,0> }
	no_shadow
}
cylinder {
	<26.056000, 36.203426, 37.635834>,  <26.170296, 36.023445, 37.525639>, 0.100000
	pigment { color rgbt <1,0,0,0> }
	no_shadow
}
cylinder {
	<26.056000, 36.203426, 37.635834>,  <25.865507, 36.503399, 37.819492>, 0.100000
	pigment { color rgbt <1,0,0,0> }
	no_shadow
}

// particle -1
sphere {
	<26.056000, 36.203426, 37.635834> 0.100000
	pigment { color rgbt <1,0,0,0> }
	no_shadow
}
sphere {
	0, 1
	scale<0.080000,0.200000,0.300000>
	matrix <0.559410, -0.144474, 0.816203,
		-0.678428, -0.645550, 0.350714,
		0.476231, -0.749928, -0.459142,
		26.198870, 35.978447, 37.498093>
	pigment { color rgbt <0,1,1,0> }
	no_shadow
}
cylinder {
	<25.951412, 36.026119, 38.391907>,  <25.865507, 36.503399, 37.819492>, 0.130000
	pigment { color rgbt <1,0,0,0> }
	no_shadow
}

// nucleotide -1

// particle -1
sphere {
	<25.951412, 36.026119, 38.391907> 0.250000
	pigment { color rgbt <1,0,0,0> }
	no_shadow
}
cylinder {
	<26.215401, 35.959003, 38.098980>,  <26.373795, 35.918736, 37.923225>, 0.100000
	pigment { color rgbt <1,0,0,0> }
	no_shadow
}
cylinder {
	<26.215401, 35.959003, 38.098980>,  <25.951412, 36.026119, 38.391907>, 0.100000
	pigment { color rgbt <1,0,0,0> }
	no_shadow
}

// particle -1
sphere {
	<26.215401, 35.959003, 38.098980> 0.100000
	pigment { color rgbt <1,0,0,0> }
	no_shadow
}
sphere {
	0, 1
	scale<0.080000,0.200000,0.300000>
	matrix <0.672093, -0.303752, 0.675296,
		-0.335748, -0.937860, -0.087699,
		0.659972, -0.167788, -0.732314,
		26.413393, 35.908669, 37.879284>
	pigment { color rgbt <0,1,1,0> }
	no_shadow
}
cylinder {
	<26.051775, 35.224785, 38.247730>,  <25.951412, 36.026119, 38.391907>, 0.130000
	pigment { color rgbt <1,0,0,0> }
	no_shadow
}

// nucleotide -1

// particle -1
sphere {
	<26.051775, 35.224785, 38.247730> 0.250000
	pigment { color rgbt <1,0,0,0> }
	no_shadow
}
cylinder {
	<26.353548, 35.487213, 38.255787>,  <26.534613, 35.644669, 38.260620>, 0.100000
	pigment { color rgbt <1,0,0,0> }
	no_shadow
}
cylinder {
	<26.353548, 35.487213, 38.255787>,  <26.051775, 35.224785, 38.247730>, 0.100000
	pigment { color rgbt <1,0,0,0> }
	no_shadow
}

// particle -1
sphere {
	<26.353548, 35.487213, 38.255787> 0.100000
	pigment { color rgbt <1,0,0,0> }
	no_shadow
}
sphere {
	0, 1
	scale<0.080000,0.200000,0.300000>
	matrix <0.368992, -0.449298, 0.813619,
		0.542841, -0.606387, -0.581048,
		0.754432, 0.656068, 0.020146,
		26.579878, 35.684032, 38.261829>
	pigment { color rgbt <0,1,1,0> }
	no_shadow
}
cylinder {
	<26.822905, 35.034866, 38.209614>,  <26.051775, 35.224785, 38.247730>, 0.130000
	pigment { color rgbt <1,0,0,0> }
	no_shadow
}

// nucleotide -1

// particle -1
sphere {
	<26.822905, 35.034866, 38.209614> 0.250000
	pigment { color rgbt <1,0,0,0> }
	no_shadow
}
cylinder {
	<26.828945, 35.356773, 38.446972>,  <26.832569, 35.549919, 38.589386>, 0.100000
	pigment { color rgbt <1,0,0,0> }
	no_shadow
}
cylinder {
	<26.828945, 35.356773, 38.446972>,  <26.822905, 35.034866, 38.209614>, 0.100000
	pigment { color rgbt <1,0,0,0> }
	no_shadow
}

// particle -1
sphere {
	<26.828945, 35.356773, 38.446972> 0.100000
	pigment { color rgbt <1,0,0,0> }
	no_shadow
}
sphere {
	0, 1
	scale<0.080000,0.200000,0.300000>
	matrix <0.513386, -0.515505, 0.686069,
		0.858025, 0.294281, -0.420941,
		0.015100, 0.804769, 0.593396,
		26.833475, 35.598206, 38.624992>
	pigment { color rgbt <0,1,1,0> }
	no_shadow
}
cylinder {
	<27.483925, 35.339325, 38.274673>,  <26.822905, 35.034866, 38.209614>, 0.130000
	pigment { color rgbt <1,0,0,0> }
	no_shadow
}

// nucleotide -1

// particle -1
sphere {
	<27.483925, 35.339325, 38.274673> 0.250000
	pigment { color rgbt <1,0,0,0> }
	no_shadow
}
cylinder {
	<27.315340, 35.358040, 38.636929>,  <27.214190, 35.369270, 38.854282>, 0.100000
	pigment { color rgbt <1,0,0,0> }
	no_shadow
}
cylinder {
	<27.315340, 35.358040, 38.636929>,  <27.483925, 35.339325, 38.274673>, 0.100000
	pigment { color rgbt <1,0,0,0> }
	no_shadow
}

// particle -1
sphere {
	<27.315340, 35.358040, 38.636929> 0.100000
	pigment { color rgbt <1,0,0,0> }
	no_shadow
}
sphere {
	0, 1
	scale<0.080000,0.200000,0.300000>
	matrix <0.764222, -0.519300, 0.382481,
		0.488194, 0.853310, 0.183108,
		-0.421463, 0.046790, 0.905638,
		27.188902, 35.372078, 38.908619>
	pigment { color rgbt <0,1,1,0> }
	no_shadow
}
cylinder {
	<27.977678, 35.744408, 38.068310>,  <27.483925, 35.339325, 38.274673>, 0.130000
	pigment { color rgbt <1,0,0,0> }
	no_shadow
}

// nucleotide -1

// particle -1
sphere {
	<27.977678, 35.744408, 38.068310> 0.250000
	pigment { color rgbt <1,0,0,0> }
	no_shadow
}
cylinder {
	<28.361237, 35.815331, 38.156929>,  <28.591372, 35.857883, 38.210102>, 0.100000
	pigment { color rgbt <1,0,0,0> }
	no_shadow
}
cylinder {
	<28.361237, 35.815331, 38.156929>,  <27.977678, 35.744408, 38.068310>, 0.100000
	pigment { color rgbt <1,0,0,0> }
	no_shadow
}

// particle -1
sphere {
	<28.361237, 35.815331, 38.156929> 0.100000
	pigment { color rgbt <1,0,0,0> }
	no_shadow
}
sphere {
	0, 1
	scale<0.080000,0.200000,0.300000>
	matrix <-0.011110, 0.803620, -0.595039,
		-0.283546, 0.568118, 0.772557,
		0.958894, 0.177304, 0.221552,
		28.648905, 35.868523, 38.223396>
	pigment { color rgbt <0,1,1,0> }
	no_shadow
}
cylinder {
	<28.049126, 36.424637, 38.060715>,  <27.977678, 35.744408, 38.068310>, 0.130000
	pigment { color rgbt <1,0,0,0> }
	no_shadow
}

// nucleotide -1

// particle -1
sphere {
	<28.049126, 36.424637, 38.060715> 0.250000
	pigment { color rgbt <1,0,0,0> }
	no_shadow
}
cylinder {
	<28.427303, 36.298210, 38.029133>,  <28.654209, 36.222355, 38.010185>, 0.100000
	pigment { color rgbt <1,0,0,0> }
	no_shadow
}
cylinder {
	<28.427303, 36.298210, 38.029133>,  <28.049126, 36.424637, 38.060715>, 0.100000
	pigment { color rgbt <1,0,0,0> }
	no_shadow
}

// particle -1
sphere {
	<28.427303, 36.298210, 38.029133> 0.100000
	pigment { color rgbt <1,0,0,0> }
	no_shadow
}
sphere {
	0, 1
	scale<0.080000,0.200000,0.300000>
	matrix <0.288081, 0.924277, -0.250441,
		0.152130, 0.214034, 0.964907,
		0.945445, -0.316071, -0.078951,
		28.710938, 36.203388, 38.005447>
	pigment { color rgbt <0,1,1,0> }
	no_shadow
}
cylinder {
	<28.592285, 36.933502, 38.465790>,  <28.049126, 36.424637, 38.060715>, 0.130000
	pigment { color rgbt <1,0,0,0> }
	no_shadow
}

// nucleotide -1

// particle -1
sphere {
	<28.592285, 36.933502, 38.465790> 0.250000
	pigment { color rgbt <1,0,0,0> }
	no_shadow
}
cylinder {
	<28.779142, 36.721794, 38.182480>,  <28.891256, 36.594769, 38.012493>, 0.100000
	pigment { color rgbt <1,0,0,0> }
	no_shadow
}
cylinder {
	<28.779142, 36.721794, 38.182480>,  <28.592285, 36.933502, 38.465790>, 0.100000
	pigment { color rgbt <1,0,0,0> }
	no_shadow
}

// particle -1
sphere {
	<28.779142, 36.721794, 38.182480> 0.100000
	pigment { color rgbt <1,0,0,0> }
	no_shadow
}
sphere {
	0, 1
	scale<0.080000,0.200000,0.300000>
	matrix <0.295648, 0.848445, -0.439015,
		0.833288, -0.004316, 0.552823,
		0.467145, -0.529267, -0.708274,
		28.919287, 36.563015, 37.969997>
	pigment { color rgbt <0,1,1,0> }
	no_shadow
}
cylinder {
	<28.687042, 37.678028, 38.237282>,  <28.592285, 36.933502, 38.465790>, 0.130000
	pigment { color rgbt <1,0,0,0> }
	no_shadow
}

// nucleotide -1

// particle -1
sphere {
	<28.687042, 37.678028, 38.237282> 0.250000
	pigment { color rgbt <1,0,0,0> }
	no_shadow
}
cylinder {
	<28.649712, 37.373600, 37.980511>,  <28.627314, 37.190945, 37.826450>, 0.100000
	pigment { color rgbt <1,0,0,0> }
	no_shadow
}
cylinder {
	<28.649712, 37.373600, 37.980511>,  <28.687042, 37.678028, 38.237282>, 0.100000
	pigment { color rgbt <1,0,0,0> }
	no_shadow
}

// particle -1
sphere {
	<28.649712, 37.373600, 37.980511> 0.100000
	pigment { color rgbt <1,0,0,0> }
	no_shadow
}
sphere {
	0, 1
	scale<0.080000,0.200000,0.300000>
	matrix <0.135215, 0.629077, -0.765492,
		0.986411, -0.158238, 0.044199,
		-0.093325, -0.761067, -0.641925,
		28.621714, 37.145279, 37.787933>
	pigment { color rgbt <0,1,1,0> }
	no_shadow
}
cylinder {
	<29.307983, 37.796181, 37.868717>,  <28.687042, 37.678028, 38.237282>, 0.130000
	pigment { color rgbt <1,0,0,0> }
	no_shadow
}

// nucleotide -1

// particle -1
sphere {
	<29.307983, 37.796181, 37.868717> 0.250000
	pigment { color rgbt <1,0,0,0> }
	no_shadow
}
cylinder {
	<29.015463, 37.590790, 37.689144>,  <28.839951, 37.467556, 37.581398>, 0.100000
	pigment { color rgbt <1,0,0,0> }
	no_shadow
}
cylinder {
	<29.015463, 37.590790, 37.689144>,  <29.307983, 37.796181, 37.868717>, 0.100000
	pigment { color rgbt <1,0,0,0> }
	no_shadow
}

// particle -1
sphere {
	<29.015463, 37.590790, 37.689144> 0.100000
	pigment { color rgbt <1,0,0,0> }
	no_shadow
}
sphere {
	0, 1
	scale<0.080000,0.200000,0.300000>
	matrix <0.159221, 0.511501, -0.844403,
		0.663211, -0.688992, -0.292304,
		-0.731300, -0.513476, -0.448935,
		28.796072, 37.436749, 37.554462>
	pigment { color rgbt <0,1,1,0> }
	no_shadow
}
cylinder {
	<29.545671, 37.566463, 37.236065>,  <29.307983, 37.796181, 37.868717>, 0.130000
	pigment { color rgbt <1,0,0,0> }
	no_shadow
}

// nucleotide -1

// particle -1
sphere {
	<29.545671, 37.566463, 37.236065> 0.250000
	pigment { color rgbt <1,0,0,0> }
	no_shadow
}
cylinder {
	<29.147676, 37.545654, 37.201897>,  <28.908880, 37.533169, 37.181396>, 0.100000
	pigment { color rgbt <1,0,0,0> }
	no_shadow
}
cylinder {
	<29.147676, 37.545654, 37.201897>,  <29.545671, 37.566463, 37.236065>, 0.100000
	pigment { color rgbt <1,0,0,0> }
	no_shadow
}

// particle -1
sphere {
	<29.147676, 37.545654, 37.201897> 0.100000
	pigment { color rgbt <1,0,0,0> }
	no_shadow
}
sphere {
	0, 1
	scale<0.080000,0.200000,0.300000>
	matrix <0.045517, 0.525002, -0.849883,
		0.089057, -0.849510, -0.520001,
		-0.994986, -0.052019, -0.085422,
		28.849180, 37.530048, 37.176270>
	pigment { color rgbt <0,1,1,0> }
	no_shadow
}
cylinder {
	<29.508404, 38.213898, 36.905804>,  <29.545671, 37.566463, 37.236065>, 0.130000
	pigment { color rgbt <1,0,0,0> }
	no_shadow
}

// nucleotide -1

// particle -1
sphere {
	<29.508404, 38.213898, 36.905804> 0.250000
	pigment { color rgbt <1,0,0,0> }
	no_shadow
}
cylinder {
	<29.770988, 37.914543, 36.867893>,  <29.928539, 37.734932, 36.845146>, 0.100000
	pigment { color rgbt <1,0,0,0> }
	no_shadow
}
cylinder {
	<29.770988, 37.914543, 36.867893>,  <29.508404, 38.213898, 36.905804>, 0.100000
	pigment { color rgbt <1,0,0,0> }
	no_shadow
}

// particle -1
sphere {
	<29.770988, 37.914543, 36.867893> 0.100000
	pigment { color rgbt <1,0,0,0> }
	no_shadow
}
sphere {
	0, 1
	scale<0.080000,0.200000,0.300000>
	matrix <0.750328, 0.634805, 0.184471,
		-0.077892, -0.192210, 0.978258,
		0.656460, -0.748383, -0.094774,
		29.967926, 37.690029, 36.839462>
	pigment { color rgbt <0,1,1,0> }
	no_shadow
}
cylinder {
	<29.930130, 38.145050, 37.559353>,  <29.508404, 38.213898, 36.905804>, 0.130000
	pigment { color rgbt <1,0,0,0> }
	no_shadow
}

// nucleotide -1

// particle -1
sphere {
	<29.930130, 38.145050, 37.559353> 0.250000
	pigment { color rgbt <1,0,0,0> }
	no_shadow
}
cylinder {
	<30.118143, 38.013973, 37.231525>,  <30.230951, 37.935329, 37.034828>, 0.100000
	pigment { color rgbt <1,0,0,0> }
	no_shadow
}
cylinder {
	<30.118143, 38.013973, 37.231525>,  <29.930130, 38.145050, 37.559353>, 0.100000
	pigment { color rgbt <1,0,0,0> }
	no_shadow
}

// particle -1
sphere {
	<30.118143, 38.013973, 37.231525> 0.100000
	pigment { color rgbt <1,0,0,0> }
	no_shadow
}
sphere {
	0, 1
	scale<0.080000,0.200000,0.300000>
	matrix <0.798214, 0.554120, 0.236233,
		0.376728, -0.765226, 0.522020,
		0.470033, -0.327688, -0.819566,
		30.259153, 37.915668, 36.985657>
	pigment { color rgbt <0,1,1,0> }
	no_shadow
}
cylinder {
	<30.415533, 38.719021, 37.566422>,  <29.930130, 38.145050, 37.559353>, 0.130000
	pigment { color rgbt <1,0,0,0> }
	no_shadow
}

// nucleotide -1

// particle -1
sphere {
	<30.415533, 38.719021, 37.566422> 0.250000
	pigment { color rgbt <1,0,0,0> }
	no_shadow
}
cylinder {
	<30.668264, 39.024811, 37.617603>,  <30.819902, 39.208286, 37.648312>, 0.100000
	pigment { color rgbt <1,0,0,0> }
	no_shadow
}
cylinder {
	<30.668264, 39.024811, 37.617603>,  <30.415533, 38.719021, 37.566422>, 0.100000
	pigment { color rgbt <1,0,0,0> }
	no_shadow
}

// particle -1
sphere {
	<30.668264, 39.024811, 37.617603> 0.100000
	pigment { color rgbt <1,0,0,0> }
	no_shadow
}
sphere {
	0, 1
	scale<0.080000,0.200000,0.300000>
	matrix <0.772099, -0.635273, -0.017078,
		0.068230, 0.109584, -0.991633,
		0.631829, 0.764473, 0.127954,
		30.857813, 39.254154, 37.655991>
	pigment { color rgbt <0,1,1,0> }
	no_shadow
}
cylinder {
	<30.841509, 38.868721, 36.974895>,  <30.415533, 38.719021, 37.566422>, 0.130000
	pigment { color rgbt <1,0,0,0> }
	no_shadow
}

// nucleotide -1

// particle -1
sphere {
	<30.841509, 38.868721, 36.974895> 0.250000
	pigment { color rgbt <1,0,0,0> }
	no_shadow
}
cylinder {
	<31.079210, 38.979607, 37.276894>,  <31.221830, 39.046139, 37.458092>, 0.100000
	pigment { color rgbt <1,0,0,0> }
	no_shadow
}
cylinder {
	<31.079210, 38.979607, 37.276894>,  <30.841509, 38.868721, 36.974895>, 0.100000
	pigment { color rgbt <1,0,0,0> }
	no_shadow
}

// particle -1
sphere {
	<31.079210, 38.979607, 37.276894> 0.100000
	pigment { color rgbt <1,0,0,0> }
	no_shadow
}
sphere {
	0, 1
	scale<0.080000,0.200000,0.300000>
	matrix <0.697520, -0.644978, -0.312201,
		0.400410, 0.712150, -0.576640,
		0.594254, 0.277209, 0.754995,
		31.257486, 39.062771, 37.503391>
	pigment { color rgbt <0,1,1,0> }
	no_shadow
}
cylinder {
	<31.485912, 39.051472, 36.792488>,  <30.841509, 38.868721, 36.974895>, 0.130000
	pigment { color rgbt <1,0,0,0> }
	no_shadow
}

// nucleotide -1

// particle -1
sphere {
	<31.485912, 39.051472, 36.792488> 0.250000
	pigment { color rgbt <1,0,0,0> }
	no_shadow
}
cylinder {
	<31.542187, 38.924919, 37.167744>,  <31.575951, 38.848988, 37.392899>, 0.100000
	pigment { color rgbt <1,0,0,0> }
	no_shadow
}
cylinder {
	<31.542187, 38.924919, 37.167744>,  <31.485912, 39.051472, 36.792488>, 0.100000
	pigment { color rgbt <1,0,0,0> }
	no_shadow
}

// particle -1
sphere {
	<31.542187, 38.924919, 37.167744> 0.100000
	pigment { color rgbt <1,0,0,0> }
	no_shadow
}
sphere {
	0, 1
	scale<0.080000,0.200000,0.300000>
	matrix <0.731568, -0.605248, -0.313821,
		0.667095, 0.730465, 0.146304,
		0.140685, -0.316379, 0.938143,
		31.584393, 38.830006, 37.449188>
	pigment { color rgbt <0,1,1,0> }
	no_shadow
}
cylinder {
	<32.152184, 38.848583, 36.797596>,  <31.485912, 39.051472, 36.792488>, 0.130000
	pigment { color rgbt <1,0,0,0> }
	no_shadow
}

// nucleotide -1

// particle -1
sphere {
	<32.152184, 38.848583, 36.797596> 0.250000
	pigment { color rgbt <1,0,0,0> }
	no_shadow
}
cylinder {
	<32.006859, 38.625805, 37.096344>,  <31.919664, 38.492138, 37.275593>, 0.100000
	pigment { color rgbt <1,0,0,0> }
	no_shadow
}
cylinder {
	<32.006859, 38.625805, 37.096344>,  <32.152184, 38.848583, 36.797596>, 0.100000
	pigment { color rgbt <1,0,0,0> }
	no_shadow
}

// particle -1
sphere {
	<32.006859, 38.625805, 37.096344> 0.100000
	pigment { color rgbt <1,0,0,0> }
	no_shadow
}
sphere {
	0, 1
	scale<0.080000,0.200000,0.300000>
	matrix <0.773100, -0.627588, -0.091926,
		0.519926, 0.544011, 0.658581,
		-0.363309, -0.556943, 0.746874,
		31.897865, 38.458721, 37.320408>
	pigment { color rgbt <0,1,1,0> }
	no_shadow
}
cylinder {
	<32.733620, 38.624718, 37.213566>,  <32.152184, 38.848583, 36.797596>, 0.130000
	pigment { color rgbt <1,0,0,0> }
	no_shadow
}

// nucleotide -1

// particle -1
sphere {
	<32.733620, 38.624718, 37.213566> 0.250000
	pigment { color rgbt <1,0,0,0> }
	no_shadow
}
cylinder {
	<32.431061, 38.366978, 37.258602>,  <32.249523, 38.212334, 37.285625>, 0.100000
	pigment { color rgbt <1,0,0,0> }
	no_shadow
}
cylinder {
	<32.431061, 38.366978, 37.258602>,  <32.733620, 38.624718, 37.213566>, 0.100000
	pigment { color rgbt <1,0,0,0> }
	no_shadow
}

// particle -1
sphere {
	<32.431061, 38.366978, 37.258602> 0.100000
	pigment { color rgbt <1,0,0,0> }
	no_shadow
}
sphere {
	0, 1
	scale<0.080000,0.200000,0.300000>
	matrix <0.602665, -0.753422, -0.262963,
		0.254269, -0.131049, 0.958214,
		-0.756401, -0.644345, 0.112593,
		32.204140, 38.173676, 37.292381>
	pigment { color rgbt <0,1,1,0> }
	no_shadow
}
cylinder {
	<32.899487, 38.154423, 37.671520>,  <32.733620, 38.624718, 37.213566>, 0.130000
	pigment { color rgbt <1,0,0,0> }
	no_shadow
}

// nucleotide -1

// particle -1
sphere {
	<32.899487, 38.154423, 37.671520> 0.250000
	pigment { color rgbt <1,0,0,0> }
	no_shadow
}
cylinder {
	<32.645988, 37.947113, 37.441818>,  <32.493889, 37.822727, 37.303997>, 0.100000
	pigment { color rgbt <1,0,0,0> }
	no_shadow
}
cylinder {
	<32.645988, 37.947113, 37.441818>,  <32.899487, 38.154423, 37.671520>, 0.100000
	pigment { color rgbt <1,0,0,0> }
	no_shadow
}

// particle -1
sphere {
	<32.645988, 37.947113, 37.441818> 0.100000
	pigment { color rgbt <1,0,0,0> }
	no_shadow
}
sphere {
	0, 1
	scale<0.080000,0.200000,0.300000>
	matrix <0.713254, -0.678842, -0.174480,
		-0.299397, -0.520161, 0.799871,
		-0.633743, -0.518272, -0.574250,
		32.455864, 37.791630, 37.269543>
	pigment { color rgbt <0,1,1,0> }
	no_shadow
}
cylinder {
	<32.673370, 37.381645, 37.929874>,  <32.899487, 38.154423, 37.671520>, 0.130000
	pigment { color rgbt <1,0,0,0> }
	no_shadow
}

// nucleotide -1

// particle -1
sphere {
	<32.673370, 37.381645, 37.929874> 0.250000
	pigment { color rgbt <1,0,0,0> }
	no_shadow
}
cylinder {
	<32.681694, 37.442078, 37.534554>,  <32.686687, 37.478336, 37.297359>, 0.100000
	pigment { color rgbt <1,0,0,0> }
	no_shadow
}
cylinder {
	<32.681694, 37.442078, 37.534554>,  <32.673370, 37.381645, 37.929874>, 0.100000
	pigment { color rgbt <1,0,0,0> }
	no_shadow
}

// particle -1
sphere {
	<32.681694, 37.442078, 37.534554> 0.100000
	pigment { color rgbt <1,0,0,0> }
	no_shadow
}
sphere {
	0, 1
	scale<0.080000,0.200000,0.300000>
	matrix <0.882334, -0.467639, -0.052910,
		-0.470163, -0.870912, -0.143035,
		0.020809, 0.151081, -0.988302,
		32.687939, 37.487404, 37.238064>
	pigment { color rgbt <0,1,1,0> }
	no_shadow
}
cylinder {
	<32.564999, 36.745506, 37.547909>,  <32.673370, 37.381645, 37.929874>, 0.130000
	pigment { color rgbt <1,0,0,0> }
	no_shadow
}

// nucleotide -1

// particle -1
sphere {
	<32.564999, 36.745506, 37.547909> 0.250000
	pigment { color rgbt <1,0,0,0> }
	no_shadow
}
cylinder {
	<32.768360, 36.994602, 37.310009>,  <32.890377, 37.144058, 37.167271>, 0.100000
	pigment { color rgbt <1,0,0,0> }
	no_shadow
}
cylinder {
	<32.768360, 36.994602, 37.310009>,  <32.564999, 36.745506, 37.547909>, 0.100000
	pigment { color rgbt <1,0,0,0> }
	no_shadow
}

// particle -1
sphere {
	<32.768360, 36.994602, 37.310009> 0.100000
	pigment { color rgbt <1,0,0,0> }
	no_shadow
}
sphere {
	0, 1
	scale<0.080000,0.200000,0.300000>
	matrix <0.723928, -0.683105, -0.096420,
		-0.466318, -0.381532, -0.798111,
		0.508407, 0.622737, -0.594745,
		32.920883, 37.181423, 37.131584>
	pigment { color rgbt <0,1,1,0> }
	no_shadow
}
cylinder {
	<32.851692, 36.409058, 37.080563>,  <32.564999, 36.745506, 37.547909>, 0.130000
	pigment { color rgbt <1,0,0,0> }
	no_shadow
}

// nucleotide -1

// particle -1
sphere {
	<32.851692, 36.409058, 37.080563> 0.250000
	pigment { color rgbt <1,0,0,0> }
	no_shadow
}
cylinder {
	<33.094646, 36.722031, 37.025604>,  <33.240417, 36.909817, 36.992630>, 0.100000
	pigment { color rgbt <1,0,0,0> }
	no_shadow
}
cylinder {
	<33.094646, 36.722031, 37.025604>,  <32.851692, 36.409058, 37.080563>, 0.100000
	pigment { color rgbt <1,0,0,0> }
	no_shadow
}

// particle -1
sphere {
	<33.094646, 36.722031, 37.025604> 0.100000
	pigment { color rgbt <1,0,0,0> }
	no_shadow
}
sphere {
	0, 1
	scale<0.080000,0.200000,0.300000>
	matrix <0.783322, -0.561091, 0.267551,
		0.132250, -0.270132, -0.953697,
		0.607385, 0.782436, -0.137396,
		33.276863, 36.956760, 36.984386>
	pigment { color rgbt <0,1,1,0> }
	no_shadow
}
cylinder {
	<33.432724, 36.210987, 36.621758>,  <32.851692, 36.409058, 37.080563>, 0.130000
	pigment { color rgbt <1,0,0,0> }
	no_shadow
}

// nucleotide -1

// particle -1
sphere {
	<33.432724, 36.210987, 36.621758> 0.250000
	pigment { color rgbt <1,0,0,0> }
	no_shadow
}
cylinder {
	<33.544628, 36.493153, 36.882259>,  <33.611771, 36.662453, 37.038559>, 0.100000
	pigment { color rgbt <1,0,0,0> }
	no_shadow
}
cylinder {
	<33.544628, 36.493153, 36.882259>,  <33.432724, 36.210987, 36.621758>, 0.100000
	pigment { color rgbt <1,0,0,0> }
	no_shadow
}

// particle -1
sphere {
	<33.544628, 36.493153, 36.882259> 0.100000
	pigment { color rgbt <1,0,0,0> }
	no_shadow
}
sphere {
	0, 1
	scale<0.080000,0.200000,0.300000>
	matrix <0.523472, -0.680713, 0.512452,
		0.804806, 0.197551, -0.559697,
		0.279758, 0.705410, 0.651254,
		33.628555, 36.704777, 37.077637>
	pigment { color rgbt <0,1,1,0> }
	no_shadow
}
cylinder {
	<34.158398, 36.266098, 36.518673>,  <33.432724, 36.210987, 36.621758>, 0.130000
	pigment { color rgbt <1,0,0,0> }
	no_shadow
}

// nucleotide -1

// particle -1
sphere {
	<34.158398, 36.266098, 36.518673> 0.250000
	pigment { color rgbt <1,0,0,0> }
	no_shadow
}
cylinder {
	<34.031406, 36.378399, 36.880974>,  <33.955212, 36.445782, 37.098354>, 0.100000
	pigment { color rgbt <1,0,0,0> }
	no_shadow
}
cylinder {
	<34.031406, 36.378399, 36.880974>,  <34.158398, 36.266098, 36.518673>, 0.100000
	pigment { color rgbt <1,0,0,0> }
	no_shadow
}

// particle -1
sphere {
	<34.031406, 36.378399, 36.880974> 0.100000
	pigment { color rgbt <1,0,0,0> }
	no_shadow
}
sphere {
	0, 1
	scale<0.080000,0.200000,0.300000>
	matrix <0.751713, -0.507740, 0.420866,
		0.578047, 0.814479, -0.049853,
		-0.317474, 0.280755, 0.905752,
		33.936165, 36.462624, 37.152699>
	pigment { color rgbt <0,1,1,0> }
	no_shadow
}
cylinder {
	<34.651081, 36.753857, 36.715878>,  <34.158398, 36.266098, 36.518673>, 0.130000
	pigment { color rgbt <1,0,0,0> }
	no_shadow
}

// nucleotide -1

// particle -1
sphere {
	<34.651081, 36.753857, 36.715878> 0.250000
	pigment { color rgbt <1,0,0,0> }
	no_shadow
}
cylinder {
	<34.456234, 36.487453, 36.941853>,  <34.339325, 36.327610, 37.077438>, 0.100000
	pigment { color rgbt <1,0,0,0> }
	no_shadow
}
cylinder {
	<34.456234, 36.487453, 36.941853>,  <34.651081, 36.753857, 36.715878>, 0.100000
	pigment { color rgbt <1,0,0,0> }
	no_shadow
}

// particle -1
sphere {
	<34.456234, 36.487453, 36.941853> 0.100000
	pigment { color rgbt <1,0,0,0> }
	no_shadow
}
sphere {
	0, 1
	scale<0.080000,0.200000,0.300000>
	matrix <0.762004, -0.640166, -0.097659,
		0.426695, 0.382914, 0.819334,
		-0.487115, -0.666007, 0.564938,
		34.310101, 36.287651, 37.111336>
	pigment { color rgbt <0,1,1,0> }
	no_shadow
}
cylinder {
	<35.074448, 36.504341, 37.353970>,  <34.651081, 36.753857, 36.715878>, 0.130000
	pigment { color rgbt <1,0,0,0> }
	no_shadow
}

// nucleotide -1

// particle -1
sphere {
	<35.074448, 36.504341, 37.353970> 0.250000
	pigment { color rgbt <1,0,0,0> }
	no_shadow
}
cylinder {
	<34.812397, 36.227501, 37.232780>,  <34.655167, 36.061398, 37.160065>, 0.100000
	pigment { color rgbt <1,0,0,0> }
	no_shadow
}
cylinder {
	<34.812397, 36.227501, 37.232780>,  <35.074448, 36.504341, 37.353970>, 0.100000
	pigment { color rgbt <1,0,0,0> }
	no_shadow
}

// particle -1
sphere {
	<34.812397, 36.227501, 37.232780> 0.100000
	pigment { color rgbt <1,0,0,0> }
	no_shadow
}
sphere {
	0, 1
	scale<0.080000,0.200000,0.300000>
	matrix <0.734489, -0.677394, -0.040792,
		-0.177001, -0.249255, 0.952125,
		-0.655131, -0.692105, -0.302974,
		34.615856, 36.019871, 37.141888>
	pigment { color rgbt <0,1,1,0> }
	no_shadow
}
cylinder {
	<35.158340, 36.095051, 37.925640>,  <35.074448, 36.504341, 37.353970>, 0.130000
	pigment { color rgbt <1,0,0,0> }
	no_shadow
}

// nucleotide -1

// particle -1
sphere {
	<35.158340, 36.095051, 37.925640> 0.250000
	pigment { color rgbt <1,0,0,0> }
	no_shadow
}
cylinder {
	<35.031696, 35.945839, 37.576790>,  <34.955708, 35.856312, 37.367481>, 0.100000
	pigment { color rgbt <1,0,0,0> }
	no_shadow
}
cylinder {
	<35.031696, 35.945839, 37.576790>,  <35.158340, 36.095051, 37.925640>, 0.100000
	pigment { color rgbt <1,0,0,0> }
	no_shadow
}

// particle -1
sphere {
	<35.031696, 35.945839, 37.576790> 0.100000
	pigment { color rgbt <1,0,0,0> }
	no_shadow
}
sphere {
	0, 1
	scale<0.080000,0.200000,0.300000>
	matrix <0.757110, -0.653271, 0.004562,
		-0.571436, -0.658850, 0.489261,
		-0.316614, -0.373032, -0.872125,
		34.936710, 35.833931, 37.315151>
	pigment { color rgbt <0,1,1,0> }
	no_shadow
}
cylinder {
	<35.003990, 35.437061, 38.055702>,  <35.158340, 36.095051, 37.925640>, 0.130000
	pigment { color rgbt <1,0,0,0> }
	no_shadow
}

// nucleotide -1

// particle -1
sphere {
	<35.003990, 35.437061, 38.055702> 0.250000
	pigment { color rgbt <1,0,0,0> }
	no_shadow
}
cylinder {
	<35.047588, 35.438053, 37.658085>,  <35.073746, 35.438648, 37.419514>, 0.100000
	pigment { color rgbt <1,0,0,0> }
	no_shadow
}
cylinder {
	<35.047588, 35.438053, 37.658085>,  <35.003990, 35.437061, 38.055702>, 0.100000
	pigment { color rgbt <1,0,0,0> }
	no_shadow
}

// particle -1
sphere {
	<35.047588, 35.438053, 37.658085> 0.100000
	pigment { color rgbt <1,0,0,0> }
	no_shadow
}
sphere {
	0, 1
	scale<0.080000,0.200000,0.300000>
	matrix <0.765970, -0.637575, 0.082394,
		-0.633570, -0.770384, -0.071391,
		0.108992, 0.002481, -0.994040,
		35.080284, 35.438797, 37.359875>
	pigment { color rgbt <0,1,1,0> }
	no_shadow
}
cylinder {
	<35.110809, 34.847279, 37.771896>,  <35.003990, 35.437061, 38.055702>, 0.130000
	pigment { color rgbt <1,0,0,0> }
	no_shadow
}

// nucleotide -1

// particle -1
sphere {
	<35.110809, 34.847279, 37.771896> 0.250000
	pigment { color rgbt <1,0,0,0> }
	no_shadow
}
cylinder {
	<35.319611, 35.063629, 37.508091>,  <35.444893, 35.193439, 37.349808>, 0.100000
	pigment { color rgbt <1,0,0,0> }
	no_shadow
}
cylinder {
	<35.319611, 35.063629, 37.508091>,  <35.110809, 34.847279, 37.771896>, 0.100000
	pigment { color rgbt <1,0,0,0> }
	no_shadow
}

// particle -1
sphere {
	<35.319611, 35.063629, 37.508091> 0.100000
	pigment { color rgbt <1,0,0,0> }
	no_shadow
}
sphere {
	0, 1
	scale<0.080000,0.200000,0.300000>
	matrix <0.695542, -0.717485, -0.037901,
		-0.493690, -0.438934, -0.750737,
		0.522007, 0.540881, -0.659513,
		35.476212, 35.225895, 37.310238>
	pigment { color rgbt <0,1,1,0> }
	no_shadow
}
cylinder {
	<35.315300, 34.601303, 37.016666>,  <35.110809, 34.847279, 37.771896>, 0.130000
	pigment { color rgbt <1,0,0,0> }
	no_shadow
}

// nucleotide -1

// particle -1
sphere {
	<35.315300, 34.601303, 37.016666> 0.250000
	pigment { color rgbt <1,0,0,0> }
	no_shadow
}
cylinder {
	<35.594494, 34.865734, 37.126793>,  <35.762009, 35.024391, 37.192867>, 0.100000
	pigment { color rgbt <1,0,0,0> }
	no_shadow
}
cylinder {
	<35.594494, 34.865734, 37.126793>,  <35.315300, 34.601303, 37.016666>, 0.100000
	pigment { color rgbt <1,0,0,0> }
	no_shadow
}

// particle -1
sphere {
	<35.594494, 34.865734, 37.126793> 0.100000
	pigment { color rgbt <1,0,0,0> }
	no_shadow
}
sphere {
	0, 1
	scale<0.080000,0.200000,0.300000>
	matrix <0.716111, -0.645653, -0.265173,
		0.002457, 0.382241, -0.924059,
		0.697982, 0.661077, 0.275314,
		35.803890, 35.064056, 37.209389>
	pigment { color rgbt <0,1,1,0> }
	no_shadow
}
cylinder {
	<35.732857, 34.850464, 36.398064>,  <35.315300, 34.601303, 37.016666>, 0.130000
	pigment { color rgbt <1,0,0,0> }
	no_shadow
}

// nucleotide -1

// particle -1
sphere {
	<35.732857, 34.850464, 36.398064> 0.250000
	pigment { color rgbt <1,0,0,0> }
	no_shadow
}
cylinder {
	<35.928188, 34.829502, 36.746498>,  <36.045387, 34.816925, 36.955559>, 0.100000
	pigment { color rgbt <1,0,0,0> }
	no_shadow
}
cylinder {
	<35.928188, 34.829502, 36.746498>,  <35.732857, 34.850464, 36.398064>, 0.100000
	pigment { color rgbt <1,0,0,0> }
	no_shadow
}

// particle -1
sphere {
	<35.928188, 34.829502, 36.746498> 0.100000
	pigment { color rgbt <1,0,0,0> }
	no_shadow
}
sphere {
	0, 1
	scale<0.080000,0.200000,0.300000>
	matrix <0.698357, -0.575100, -0.426095,
		0.523292, 0.816403, -0.244237,
		0.488326, -0.052408, 0.871086,
		36.074688, 34.813782, 37.007824>
	pigment { color rgbt <0,1,1,0> }
	no_shadow
}
cylinder {
	<36.316116, 35.218502, 36.453819>,  <35.732857, 34.850464, 36.398064>, 0.130000
	pigment { color rgbt <1,0,0,0> }
	no_shadow
}

// nucleotide -1

// particle -1
sphere {
	<36.316116, 35.218502, 36.453819> 0.250000
	pigment { color rgbt <1,0,0,0> }
	no_shadow
}
cylinder {
	<36.366592, 34.903145, 36.694653>,  <36.396877, 34.713928, 36.839153>, 0.100000
	pigment { color rgbt <1,0,0,0> }
	no_shadow
}
cylinder {
	<36.366592, 34.903145, 36.694653>,  <36.316116, 35.218502, 36.453819>, 0.100000
	pigment { color rgbt <1,0,0,0> }
	no_shadow
}

// particle -1
sphere {
	<36.366592, 34.903145, 36.694653> 0.100000
	pigment { color rgbt <1,0,0,0> }
	no_shadow
}
sphere {
	0, 1
	scale<0.080000,0.200000,0.300000>
	matrix <0.768326, -0.306244, -0.562041,
		0.627496, 0.533521, 0.567101,
		0.126189, -0.788397, 0.602085,
		36.404449, 34.666626, 36.875278>
	pigment { color rgbt <0,1,1,0> }
	no_shadow
}
cylinder {
	<36.956623, 35.183784, 36.782894>,  <36.316116, 35.218502, 36.453819>, 0.130000
	pigment { color rgbt <1,0,0,0> }
	no_shadow
}

// nucleotide -1

// particle -1
sphere {
	<36.956623, 35.183784, 36.782894> 0.250000
	pigment { color rgbt <1,0,0,0> }
	no_shadow
}
cylinder {
	<36.816795, 34.809429, 36.765362>,  <36.732899, 34.584816, 36.754841>, 0.100000
	pigment { color rgbt <1,0,0,0> }
	no_shadow
}
cylinder {
	<36.816795, 34.809429, 36.765362>,  <36.956623, 35.183784, 36.782894>, 0.100000
	pigment { color rgbt <1,0,0,0> }
	no_shadow
}

// particle -1
sphere {
	<36.816795, 34.809429, 36.765362> 0.100000
	pigment { color rgbt <1,0,0,0> }
	no_shadow
}
sphere {
	0, 1
	scale<0.080000,0.200000,0.300000>
	matrix <0.805637, -0.276379, -0.523989,
		0.478278, -0.218487, 0.850596,
		-0.349572, -0.935884, -0.043835,
		36.711926, 34.528664, 36.752213>
	pigment { color rgbt <0,1,1,0> }
	no_shadow
}
cylinder {
	<37.577660, 34.664062, 36.947994>,  <36.956623, 35.183784, 36.782894>, 0.130000
	pigment { color rgbt <1,0,0,0> }
	no_shadow
}

// nucleotide -1

// particle -1
sphere {
	<37.577660, 34.664062, 36.947994> 0.250000
	pigment { color rgbt <1,0,0,0> }
	no_shadow
}
cylinder {
	<37.278786, 34.502934, 36.736542>,  <37.099461, 34.406258, 36.609673>, 0.100000
	pigment { color rgbt <1,0,0,0> }
	no_shadow
}
cylinder {
	<37.278786, 34.502934, 36.736542>,  <37.577660, 34.664062, 36.947994>, 0.100000
	pigment { color rgbt <1,0,0,0> }
	no_shadow
}

// particle -1
sphere {
	<37.278786, 34.502934, 36.736542> 0.100000
	pigment { color rgbt <1,0,0,0> }
	no_shadow
}
sphere {
	0, 1
	scale<0.080000,0.200000,0.300000>
	matrix <0.664132, -0.422213, -0.616981,
		0.025340, -0.812078, 0.582998,
		-0.747186, -0.402822, -0.528628,
		37.054630, 34.382088, 36.577953>
	pigment { color rgbt <0,1,1,0> }
	no_shadow
}
cylinder {
	<37.579655, 35.364746, 37.326096>,  <37.577660, 34.664062, 36.947994>, 0.130000
	pigment { color rgbt <1,0,0,0> }
	no_shadow
}

// nucleotide -1

// particle -1
sphere {
	<37.579655, 35.364746, 37.326096> 0.250000
	pigment { color rgbt <1,0,0,0> }
	no_shadow
}
cylinder {
	<37.484470, 35.403934, 36.939568>,  <37.427361, 35.427448, 36.707649>, 0.100000
	pigment { color rgbt <1,0,0,0> }
	no_shadow
}
cylinder {
	<37.484470, 35.403934, 36.939568>,  <37.579655, 35.364746, 37.326096>, 0.100000
	pigment { color rgbt <1,0,0,0> }
	no_shadow
}

// particle -1
sphere {
	<37.484470, 35.403934, 36.939568> 0.100000
	pigment { color rgbt <1,0,0,0> }
	no_shadow
}
sphere {
	0, 1
	scale<0.080000,0.200000,0.300000>
	matrix <0.752992, 0.647026, -0.119831,
