// switches for output
#declare DRAW_BASES = 1; // possible values are 0, 1; only relevant for DNA ribbons
#declare DRAW_BASES_TYPE = 3; // possible values are 1, 2, 3; only relevant for DNA ribbons
#declare DRAW_FOG = 0; // set to 1 to enable fog

#include "colors.inc"

#include "transforms.inc"
background { rgb <1, 1, 1>}

#default {
   normal{
       ripples 0.25
       frequency 0.20
       turbulence 0.2
       lambda 5
   }
	finish {
		phong 0.1
		phong_size 40.
	}
}

// original window dimensions: 1024x640


// camera settings

camera {
	sky <0, 0.179814, -0.983701>
	up <0, 0.179814, -0.983701>
	right 1.6 * <1, 0, 0>
	location <35, 94.9851, 44.8844>
	look_at <35, 29.7336, 32.9568>
	direction <0, -65.2515, -11.9276>
	angle 67.0682
}


# declare cpy_camera_pos = <35, 94.9851, 44.8844>;
# if (DRAW_FOG = 1)
fog {
	fog_type 2
	up vnormalize(cpy_camera_pos)
	color rgbt<1,1,1,0.3>
	distance 1e-5
	fog_alt 3e-3
	fog_offset 56
}
# end


// LIGHTS

# declare lum = 6;
global_settings {
	ambient_light rgb lum * <0.05, 0.05, 0.05>
	max_trace_level 15
}# declare cpy_direct_light_amount = 0.25;
light_source
{	1000 * <-1, -1.16352, -0.803886>,
	rgb lum * cpy_direct_light_amount
	parallel
}

light_source
{	1000 * <1, 1.16352, 0.803886>,
	rgb lum * cpy_direct_light_amount
	parallel
}

// strand 0

// nucleotide -1

// particle -1
sphere {
	<24.097776, 35.531815, 35.156746> 0.250000
	pigment { color rgbt <1,0,0,0> }
	no_shadow
}
cylinder {
	<24.303913, 35.216320, 35.022694>,  <24.427595, 35.027023, 34.942261>, 0.100000
	pigment { color rgbt <1,0,0,0> }
	no_shadow
}
cylinder {
	<24.303913, 35.216320, 35.022694>,  <24.097776, 35.531815, 35.156746>, 0.100000
	pigment { color rgbt <1,0,0,0> }
	no_shadow
}

// particle -1
sphere {
	<24.303913, 35.216320, 35.022694> 0.100000
	pigment { color rgbt <1,0,0,0> }
	no_shadow
}
sphere {
	0, 1
	scale<0.080000,0.200000,0.300000>
	matrix <0.584342, 0.609461, -0.535818,
		0.626870, 0.080299, 0.774975,
		0.515343, -0.788739, -0.335130,
		24.458515, 34.979698, 34.922153>
	pigment { color rgbt <0,1,1,0> }
	no_shadow
}
cylinder {
	<24.829355, 35.517025, 35.380497>,  <24.097776, 35.531815, 35.156746>, 0.130000
	pigment { color rgbt <1,0,0,0> }
	no_shadow
}

// nucleotide -1

// particle -1
sphere {
	<24.829355, 35.517025, 35.380497> 0.250000
	pigment { color rgbt <1,0,0,0> }
	no_shadow
}
cylinder {
	<24.760149, 35.354774, 35.021492>,  <24.718626, 35.257423, 34.806087>, 0.100000
	pigment { color rgbt <1,0,0,0> }
	no_shadow
}
cylinder {
	<24.760149, 35.354774, 35.021492>,  <24.829355, 35.517025, 35.380497>, 0.100000
	pigment { color rgbt <1,0,0,0> }
	no_shadow
}

// particle -1
sphere {
	<24.760149, 35.354774, 35.021492> 0.100000
	pigment { color rgbt <1,0,0,0> }
	no_shadow
}
sphere {
	0, 1
	scale<0.080000,0.200000,0.300000>
	matrix <0.622074, 0.661492, -0.418871,
		0.763603, -0.630793, 0.137880,
		-0.173014, -0.405623, -0.897517,
		24.708244, 35.233089, 34.752235>
	pigment { color rgbt <0,1,1,0> }
	no_shadow
}
cylinder {
	<25.479561, 35.364571, 35.026028>,  <24.829355, 35.517025, 35.380497>, 0.130000
	pigment { color rgbt <1,0,0,0> }
	no_shadow
}

// nucleotide -1

// particle -1
sphere {
	<25.479561, 35.364571, 35.026028> 0.250000
	pigment { color rgbt <1,0,0,0> }
	no_shadow
}
cylinder {
	<25.161545, 35.457188, 34.801777>,  <24.970736, 35.512756, 34.667225>, 0.100000
	pigment { color rgbt <1,0,0,0> }
	no_shadow
}
cylinder {
	<25.161545, 35.457188, 34.801777>,  <25.479561, 35.364571, 35.026028>, 0.100000
	pigment { color rgbt <1,0,0,0> }
	no_shadow
}

// particle -1
sphere {
	<25.161545, 35.457188, 34.801777> 0.100000
	pigment { color rgbt <1,0,0,0> }
	no_shadow
}
sphere {
	0, 1
	scale<0.080000,0.200000,0.300000>
	matrix <0.541191, 0.688166, -0.483259,
		0.273908, -0.687615, -0.672428,
		-0.795039, 0.231544, -0.560626,
		24.923033, 35.526649, 34.633591>
	pigment { color rgbt <0,1,1,0> }
	no_shadow
}
cylinder {
	<25.871832, 34.854481, 35.413532>,  <25.479561, 35.364571, 35.026028>, 0.130000
	pigment { color rgbt <1,0,0,0> }
	no_shadow
}

// nucleotide -1

// particle -1
sphere {
	<25.871832, 34.854481, 35.413532> 0.250000
	pigment { color rgbt <1,0,0,0> }
	no_shadow
}
cylinder {
	<25.733154, 35.148460, 35.646652>,  <25.649948, 35.324848, 35.786522>, 0.100000
	pigment { color rgbt <1,0,0,0> }
	no_shadow
}
cylinder {
	<25.733154, 35.148460, 35.646652>,  <25.871832, 34.854481, 35.413532>, 0.100000
	pigment { color rgbt <1,0,0,0> }
	no_shadow
}

// particle -1
sphere {
	<25.733154, 35.148460, 35.646652> 0.100000
	pigment { color rgbt <1,0,0,0> }
	no_shadow
}
sphere {
	0, 1
	scale<0.080000,0.200000,0.300000>
	matrix <0.921568, 0.151183, 0.357570,
		0.174688, 0.661053, -0.729721,
		-0.346694, 0.734951, 0.582795,
		25.629147, 35.368946, 35.821491>
	pigment { color rgbt <0,1,1,0> }
	no_shadow
}
cylinder {
	<26.560421, 34.854485, 35.021122>,  <25.871832, 34.854481, 35.413532>, 0.130000
	pigment { color rgbt <1,0,0,0> }
	no_shadow
}

// nucleotide -1

// particle -1
sphere {
	<26.560421, 34.854485, 35.021122> 0.250000
	pigment { color rgbt <1,0,0,0> }
	no_shadow
}
cylinder {
	<26.223370, 34.808079, 34.810783>,  <26.021139, 34.780235, 34.684578>, 0.100000
	pigment { color rgbt <1,0,0,0> }
	no_shadow
}
cylinder {
	<26.223370, 34.808079, 34.810783>,  <26.560421, 34.854485, 35.021122>, 0.100000
	pigment { color rgbt <1,0,0,0> }
	no_shadow
}

// particle -1
sphere {
	<26.223370, 34.808079, 34.810783> 0.100000
	pigment { color rgbt <1,0,0,0> }
	no_shadow
}
sphere {
	0, 1
	scale<0.080000,0.200000,0.300000>
	matrix <0.427368, -0.738180, -0.521965,
		-0.327618, -0.664554, 0.671591,
		-0.842629, -0.116011, -0.525850,
		25.970581, 34.773277, 34.653027>
	pigment { color rgbt <0,1,1,0> }
	no_shadow
}
cylinder {
	<26.365822, 34.123817, 34.998714>,  <26.560421, 34.854485, 35.021122>, 0.130000
	pigment { color rgbt <1,0,0,0> }
	no_shadow
}

// nucleotide -1

// particle -1
sphere {
	<26.365822, 34.123817, 34.998714> 0.250000
	pigment { color rgbt <1,0,0,0> }
	no_shadow
}
cylinder {
	<26.201307, 34.328869, 34.697235>,  <26.102598, 34.451900, 34.516346>, 0.100000
	pigment { color rgbt <1,0,0,0> }
	no_shadow
}
cylinder {
	<26.201307, 34.328869, 34.697235>,  <26.365822, 34.123817, 34.998714>, 0.100000
	pigment { color rgbt <1,0,0,0> }
	no_shadow
}

// particle -1
sphere {
	<26.201307, 34.328869, 34.697235> 0.100000
	pigment { color rgbt <1,0,0,0> }
	no_shadow
}
sphere {
	0, 1
	scale<0.080000,0.200000,0.300000>
	matrix <0.414536, -0.631221, -0.655530,
		-0.811791, -0.582045, 0.047110,
		-0.411285, 0.512624, -0.753698,
		26.077921, 34.482655, 34.471127>
	pigment { color rgbt <0,1,1,0> }
	no_shadow
}
cylinder {
	<26.074539, 33.620358, 34.496292>,  <26.365822, 34.123817, 34.998714>, 0.130000
	pigment { color rgbt <1,0,0,0> }
	no_shadow
}

// nucleotide -1

// particle -1
sphere {
	<26.074539, 33.620358, 34.496292> 0.250000
	pigment { color rgbt <1,0,0,0> }
	no_shadow
}
cylinder {
	<26.212181, 33.965797, 34.348896>,  <26.294765, 34.173061, 34.260460>, 0.100000
	pigment { color rgbt <1,0,0,0> }
	no_shadow
}
cylinder {
	<26.212181, 33.965797, 34.348896>,  <26.074539, 33.620358, 34.496292>, 0.100000
	pigment { color rgbt <1,0,0,0> }
	no_shadow
}

// particle -1
sphere {
	<26.212181, 33.965797, 34.348896> 0.100000
	pigment { color rgbt <1,0,0,0> }
	no_shadow
}
sphere {
	0, 1
	scale<0.080000,0.200000,0.300000>
	matrix <0.386324, -0.487918, -0.782745,
		-0.855772, 0.126990, -0.501525,
		0.344104, 0.863603, -0.368487,
		26.315413, 34.224876, 34.238350>
	pigment { color rgbt <0,1,1,0> }
	no_shadow
}
cylinder {
	<25.764029, 33.729706, 33.822491>,  <26.074539, 33.620358, 34.496292>, 0.130000
	pigment { color rgbt <1,0,0,0> }
	no_shadow
}

// nucleotide -1

// particle -1
sphere {
	<25.764029, 33.729706, 33.822491> 0.250000
	pigment { color rgbt <1,0,0,0> }
	no_shadow
}
cylinder {
	<26.081593, 33.972633, 33.834251>,  <26.272131, 34.118389, 33.841309>, 0.100000
	pigment { color rgbt <1,0,0,0> }
	no_shadow
}
cylinder {
	<26.081593, 33.972633, 33.834251>,  <25.764029, 33.729706, 33.822491>, 0.100000
	pigment { color rgbt <1,0,0,0> }
	no_shadow
}

// particle -1
sphere {
	<26.081593, 33.972633, 33.834251> 0.100000
	pigment { color rgbt <1,0,0,0> }
	no_shadow
}
sphere {
	0, 1
	scale<0.080000,0.200000,0.300000>
	matrix <0.301288, -0.350929, -0.886609,
		-0.528137, 0.712749, -0.461585,
		0.793912, 0.607321, 0.029404,
		26.319767, 34.154831, 33.843071>
	pigment { color rgbt <0,1,1,0> }
	no_shadow
}
cylinder {
	<25.900518, 34.052364, 33.104340>,  <25.764029, 33.729706, 33.822491>, 0.130000
	pigment { color rgbt <1,0,0,0> }
	no_shadow
}

// nucleotide -1

// particle -1
sphere {
	<25.900518, 34.052364, 33.104340> 0.250000
	pigment { color rgbt <1,0,0,0> }
	no_shadow
}
cylinder {
	<26.228111, 34.012943, 33.330456>,  <26.424667, 33.989288, 33.466125>, 0.100000
	pigment { color rgbt <1,0,0,0> }
	no_shadow
}
cylinder {
	<26.228111, 34.012943, 33.330456>,  <25.900518, 34.052364, 33.104340>, 0.100000
	pigment { color rgbt <1,0,0,0> }
	no_shadow
}

// particle -1
sphere {
	<26.228111, 34.012943, 33.330456> 0.100000
	pigment { color rgbt <1,0,0,0> }
	no_shadow
}
sphere {
	0, 1
	scale<0.080000,0.200000,0.300000>
	matrix <0.470792, -0.447811, -0.760145,
		0.328059, 0.888680, -0.320350,
		0.818983, -0.098554, 0.565292,
		26.473806, 33.983376, 33.500042>
	pigment { color rgbt <0,1,1,0> }
	no_shadow
}
cylinder {
	<26.594357, 34.393532, 32.892143>,  <25.900518, 34.052364, 33.104340>, 0.130000
	pigment { color rgbt <1,0,0,0> }
	no_shadow
}

// nucleotide -1

// particle -1
sphere {
	<26.594357, 34.393532, 32.892143> 0.250000
	pigment { color rgbt <1,0,0,0> }
	no_shadow
}
cylinder {
	<26.675154, 34.056519, 33.091877>,  <26.723633, 33.854309, 33.211716>, 0.100000
	pigment { color rgbt <1,0,0,0> }
	no_shadow
}
cylinder {
	<26.675154, 34.056519, 33.091877>,  <26.594357, 34.393532, 32.892143>, 0.100000
	pigment { color rgbt <1,0,0,0> }
	no_shadow
}

// particle -1
sphere {
	<26.675154, 34.056519, 33.091877> 0.100000
	pigment { color rgbt <1,0,0,0> }
	no_shadow
}
sphere {
	0, 1
	scale<0.080000,0.200000,0.300000>
	matrix <0.608319, -0.291641, -0.738169,
		0.767559, 0.452860, 0.453620,
		0.201993, -0.842534, 0.499335,
		26.735752, 33.803757, 33.241676>
	pigment { color rgbt <0,1,1,0> }
	no_shadow
}
cylinder {
	<26.641413, 35.136734, 32.640202>,  <26.594357, 34.393532, 32.892143>, 0.130000
	pigment { color rgbt <1,0,0,0> }
	no_shadow
}

// nucleotide -1

// particle -1
sphere {
	<26.641413, 35.136734, 32.640202> 0.250000
	pigment { color rgbt <1,0,0,0> }
	no_shadow
}
cylinder {
	<26.963108, 35.096340, 32.874466>,  <27.156126, 35.072102, 33.015026>, 0.100000
	pigment { color rgbt <1,0,0,0> }
	no_shadow
}
cylinder {
	<26.963108, 35.096340, 32.874466>,  <26.641413, 35.136734, 32.640202>, 0.100000
	pigment { color rgbt <1,0,0,0> }
	no_shadow
}

// particle -1
sphere {
	<26.963108, 35.096340, 32.874466> 0.100000
	pigment { color rgbt <1,0,0,0> }
	no_shadow
}
sphere {
	0, 1
	scale<0.080000,0.200000,0.300000>
	matrix <0.585370, -0.035640, -0.809982,
		0.102672, 0.994249, 0.030453,
		0.804239, -0.100989, 0.585663,
		27.204380, 35.066044, 33.050163>
	pigment { color rgbt <0,1,1,0> }
	no_shadow
}
cylinder {
	<27.182943, 35.327244, 32.233021>,  <26.641413, 35.136734, 32.640202>, 0.130000
	pigment { color rgbt <1,0,0,0> }
	no_shadow
}

// nucleotide -1

// particle -1
sphere {
	<27.182943, 35.327244, 32.233021> 0.250000
	pigment { color rgbt <1,0,0,0> }
	no_shadow
}
cylinder {
	<27.414124, 35.178505, 32.523594>,  <27.552832, 35.089260, 32.697937>, 0.100000
	pigment { color rgbt <1,0,0,0> }
	no_shadow
}
cylinder {
	<27.414124, 35.178505, 32.523594>,  <27.182943, 35.327244, 32.233021>, 0.100000
	pigment { color rgbt <1,0,0,0> }
	no_shadow
}

// particle -1
sphere {
	<27.414124, 35.178505, 32.523594> 0.100000
	pigment { color rgbt <1,0,0,0> }
	no_shadow
}
sphere {
	0, 1
	scale<0.080000,0.200000,0.300000>
	matrix <0.762915, -0.069822, -0.642717,
		0.289713, 0.925665, 0.243333,
		0.577951, -0.371846, 0.726432,
		27.587509, 35.066952, 32.741524>
	pigment { color rgbt <0,1,1,0> }
	no_shadow
}
cylinder {
	<27.260174, 35.957764, 31.722767>,  <27.182943, 35.327244, 32.233021>, 0.130000
	pigment { color rgbt <1,0,0,0> }
	no_shadow
}

// nucleotide -1

// particle -1
sphere {
	<27.260174, 35.957764, 31.722767> 0.250000
	pigment { color rgbt <1,0,0,0> }
	no_shadow
}
cylinder {
	<27.397156, 36.184105, 32.022778>,  <27.479345, 36.319908, 32.202785>, 0.100000
	pigment { color rgbt <1,0,0,0> }
	no_shadow
}
cylinder {
	<27.397156, 36.184105, 32.022778>,  <27.260174, 35.957764, 31.722767>, 0.100000
	pigment { color rgbt <1,0,0,0> }
	no_shadow
}

// particle -1
sphere {
	<27.397156, 36.184105, 32.022778> 0.100000
	pigment { color rgbt <1,0,0,0> }
	no_shadow
}
sphere {
	0, 1
	scale<0.080000,0.200000,0.300000>
	matrix <0.568979, -0.760164, 0.313709,
		0.747655, 0.319319, -0.582278,
		0.342453, 0.565850, 0.750026,
		27.499891, 36.353859, 32.247784>
	pigment { color rgbt <0,1,1,0> }
	no_shadow
}
cylinder {
	<27.920523, 35.788620, 31.793455>,  <27.260174, 35.957764, 31.722767>, 0.130000
	pigment { color rgbt <1,0,0,0> }
	no_shadow
}

// nucleotide -1

// particle -1
sphere {
	<27.920523, 35.788620, 31.793455> 0.250000
	pigment { color rgbt <1,0,0,0> }
	no_shadow
}
cylinder {
	<27.773491, 35.916012, 32.142960>,  <27.685272, 35.992447, 32.352661>, 0.100000
	pigment { color rgbt <1,0,0,0> }
	no_shadow
}
cylinder {
	<27.773491, 35.916012, 32.142960>,  <27.920523, 35.788620, 31.793455>, 0.100000
	pigment { color rgbt <1,0,0,0> }
	no_shadow
}

// particle -1
sphere {
	<27.773491, 35.916012, 32.142960> 0.100000
	pigment { color rgbt <1,0,0,0> }
	no_shadow
}
sphere {
	0, 1
	scale<0.080000,0.200000,0.300000>
	matrix <0.548375, -0.684593, 0.480226,
		0.751113, 0.655668, 0.076993,
		-0.367578, 0.318483, 0.873759,
		27.663218, 36.011559, 32.405087>
	pigment { color rgbt <0,1,1,0> }
	no_shadow
}
cylinder {
	<28.530933, 35.665054, 31.489183>,  <27.920523, 35.788620, 31.793455>, 0.130000
	pigment { color rgbt <1,0,0,0> }
	no_shadow
}

// nucleotide -1

// particle -1
sphere {
	<28.530933, 35.665054, 31.489183> 0.250000
	pigment { color rgbt <1,0,0,0> }
	no_shadow
}
cylinder {
	<28.447186, 35.761845, 31.868153>,  <28.396936, 35.819920, 32.095535>, 0.100000
	pigment { color rgbt <1,0,0,0> }
	no_shadow
}
cylinder {
	<28.447186, 35.761845, 31.868153>,  <28.530933, 35.665054, 31.489183>, 0.100000
	pigment { color rgbt <1,0,0,0> }
	no_shadow
}

// particle -1
sphere {
	<28.447186, 35.761845, 31.868153> 0.100000
	pigment { color rgbt <1,0,0,0> }
	no_shadow
}
sphere {
	0, 1
	scale<0.080000,0.200000,0.300000>
	matrix <0.913838, -0.296341, 0.277635,
		0.347942, 0.923920, -0.159086,
		-0.209369, 0.241980, 0.947423,
		28.384375, 35.834438, 32.152378>
	pigment { color rgbt <0,1,1,0> }
	no_shadow
}
cylinder {
	<28.897938, 35.283138, 32.119652>,  <28.530933, 35.665054, 31.489183>, 0.130000
	pigment { color rgbt <1,0,0,0> }
	no_shadow
}

// nucleotide -1

// particle -1
sphere {
	<28.897938, 35.283138, 32.119652> 0.250000
	pigment { color rgbt <1,0,0,0> }
	no_shadow
}
cylinder {
	<28.776905, 35.575294, 32.364594>,  <28.704287, 35.750587, 32.511559>, 0.100000
	pigment { color rgbt <1,0,0,0> }
	no_shadow
}
cylinder {
	<28.776905, 35.575294, 32.364594>,  <28.897938, 35.283138, 32.119652>, 0.100000
	pigment { color rgbt <1,0,0,0> }
	no_shadow
}

// particle -1
sphere {
	<28.776905, 35.575294, 32.364594> 0.100000
	pigment { color rgbt <1,0,0,0> }
	no_shadow
}
sphere {
	0, 1
	scale<0.080000,0.200000,0.300000>
	matrix <0.802461, -0.151455, 0.577164,
		0.514297, 0.666030, -0.540280,
		-0.302580, 0.730387, 0.612356,
		28.686131, 35.794411, 32.548302>
	pigment { color rgbt <0,1,1,0> }
	no_shadow
}
cylinder {
	<29.465189, 35.834412, 32.121384>,  <28.897938, 35.283138, 32.119652>, 0.130000
	pigment { color rgbt <1,0,0,0> }
	no_shadow
}

// nucleotide -1

// particle -1
sphere {
	<29.465189, 35.834412, 32.121384> 0.250000
	pigment { color rgbt <1,0,0,0> }
	no_shadow
}
cylinder {
	<29.231970, 35.782768, 32.442230>,  <29.092037, 35.751781, 32.634739>, 0.100000
	pigment { color rgbt <1,0,0,0> }
	no_shadow
}
cylinder {
	<29.231970, 35.782768, 32.442230>,  <29.465189, 35.834412, 32.121384>, 0.100000
	pigment { color rgbt <1,0,0,0> }
	no_shadow
}

// particle -1
sphere {
	<29.231970, 35.782768, 32.442230> 0.100000
	pigment { color rgbt <1,0,0,0> }
	no_shadow
}
sphere {
	0, 1
	scale<0.080000,0.200000,0.300000>
	matrix <0.717250, -0.545511, 0.433556,
		0.381584, 0.828099, 0.410665,
		-0.583050, -0.129111, 0.802112,
		29.057055, 35.744034, 32.682865>
	pigment { color rgbt <0,1,1,0> }
	no_shadow
}
cylinder {
	<29.823385, 35.984062, 32.649044>,  <29.465189, 35.834412, 32.121384>, 0.130000
	pigment { color rgbt <1,0,0,0> }
	no_shadow
}

// nucleotide -1

// particle -1
sphere {
	<29.823385, 35.984062, 32.649044> 0.250000
	pigment { color rgbt <1,0,0,0> }
	no_shadow
}
cylinder {
	<29.542187, 35.735832, 32.788002>,  <29.373468, 35.586895, 32.871376>, 0.100000
	pigment { color rgbt <1,0,0,0> }
	no_shadow
}
cylinder {
	<29.542187, 35.735832, 32.788002>,  <29.823385, 35.984062, 32.649044>, 0.100000
	pigment { color rgbt <1,0,0,0> }
	no_shadow
}

// particle -1
sphere {
	<29.542187, 35.735832, 32.788002> 0.100000
	pigment { color rgbt <1,0,0,0> }
	no_shadow
}
sphere {
	0, 1
	scale<0.080000,0.200000,0.300000>
	matrix <0.677355, -0.435352, 0.593008,
		-0.216765, 0.652193, 0.726400,
		-0.702996, -0.620574, 0.347397,
		29.331287, 35.549660, 32.892220>
	pigment { color rgbt <0,1,1,0> }
	no_shadow
}
cylinder {
	<30.191725, 35.752228, 33.273914>,  <29.823385, 35.984062, 32.649044>, 0.130000
	pigment { color rgbt <1,0,0,0> }
	no_shadow
}

// nucleotide -1

// particle -1
sphere {
	<30.191725, 35.752228, 33.273914> 0.250000
	pigment { color rgbt <1,0,0,0> }
	no_shadow
}
cylinder {
	<29.879797, 35.517330, 33.187176>,  <29.692640, 35.376392, 33.135132>, 0.100000
	pigment { color rgbt <1,0,0,0> }
	no_shadow
}
cylinder {
	<29.879797, 35.517330, 33.187176>,  <30.191725, 35.752228, 33.273914>, 0.100000
	pigment { color rgbt <1,0,0,0> }
	no_shadow
}

// particle -1
sphere {
	<29.879797, 35.517330, 33.187176> 0.100000
	pigment { color rgbt <1,0,0,0> }
	no_shadow
}
sphere {
	0, 1
	scale<0.080000,0.200000,0.300000>
	matrix <0.423642, -0.750089, 0.507832,
		-0.460876, 0.304154, 0.833717,
		-0.779821, -0.587245, -0.216846,
		29.645851, 35.341156, 33.122124>
	pigment { color rgbt <0,1,1,0> }
	no_shadow
}
cylinder {
	<30.129204, 36.495129, 33.294094>,  <30.191725, 35.752228, 33.273914>, 0.130000
	pigment { color rgbt <1,0,0,0> }
	no_shadow
}

// nucleotide -1

// particle -1
sphere {
	<30.129204, 36.495129, 33.294094> 0.250000
	pigment { color rgbt <1,0,0,0> }
	no_shadow
}
cylinder {
	<30.390343, 36.769760, 33.166096>,  <30.547026, 36.934540, 33.089294>, 0.100000
	pigment { color rgbt <1,0,0,0> }
	no_shadow
}
cylinder {
	<30.390343, 36.769760, 33.166096>,  <30.129204, 36.495129, 33.294094>, 0.100000
	pigment { color rgbt <1,0,0,0> }
	no_shadow
}

// particle -1
sphere {
	<30.390343, 36.769760, 33.166096> 0.100000
	pigment { color rgbt <1,0,0,0> }
	no_shadow
}
sphere {
	0, 1
	scale<0.080000,0.200000,0.300000>
	matrix <0.628065, -0.254467, 0.735378,
		0.423464, -0.681072, -0.597343,
		0.652849, 0.686577, -0.320000,
		30.586197, 36.975735, 33.070095>
	pigment { color rgbt <0,1,1,0> }
	no_shadow
}
cylinder {
	<30.761608, 36.109074, 33.071144>,  <30.129204, 36.495129, 33.294094>, 0.130000
	pigment { color rgbt <1,0,0,0> }
	no_shadow
}

// nucleotide -1

// particle -1
sphere {
	<30.761608, 36.109074, 33.071144> 0.250000
	pigment { color rgbt <1,0,0,0> }
	no_shadow
}
cylinder {
	<30.803288, 36.490829, 33.183060>,  <30.828295, 36.719883, 33.250210>, 0.100000
	pigment { color rgbt <1,0,0,0> }
	no_shadow
}
cylinder {
	<30.803288, 36.490829, 33.183060>,  <30.761608, 36.109074, 33.071144>, 0.100000
	pigment { color rgbt <1,0,0,0> }
	no_shadow
}

// particle -1
sphere {
	<30.803288, 36.490829, 33.183060> 0.100000
	pigment { color rgbt <1,0,0,0> }
	no_shadow
}
sphere {
	0, 1
	scale<0.080000,0.200000,0.300000>
	matrix <0.647606, -0.278614, 0.709211,
		0.754817, 0.107292, -0.647101,
		0.104199, 0.954391, 0.279785,
		30.834547, 36.777145, 33.266994>
	pigment { color rgbt <0,1,1,0> }
	no_shadow
}
cylinder {
	<31.479906, 36.177578, 33.390438>,  <30.761608, 36.109074, 33.071144>, 0.130000
	pigment { color rgbt <1,0,0,0> }
	no_shadow
}

// nucleotide -1

// particle -1
sphere {
	<31.479906, 36.177578, 33.390438> 0.250000
	pigment { color rgbt <1,0,0,0> }
	no_shadow
}
cylinder {
	<31.230247, 36.466152, 33.510418>,  <31.080452, 36.639297, 33.582405>, 0.100000
	pigment { color rgbt <1,0,0,0> }
	no_shadow
}
cylinder {
	<31.230247, 36.466152, 33.510418>,  <31.479906, 36.177578, 33.390438>, 0.100000
	pigment { color rgbt <1,0,0,0> }
	no_shadow
}

// particle -1
sphere {
	<31.230247, 36.466152, 33.510418> 0.100000
	pigment { color rgbt <1,0,0,0> }
	no_shadow
}
sphere {
	0, 1
	scale<0.080000,0.200000,0.300000>
	matrix <0.364052, -0.071147, 0.928657,
		0.691308, 0.688815, -0.218235,
		-0.624147, 0.721437, 0.299949,
		31.043003, 36.682583, 33.600403>
	pigment { color rgbt <0,1,1,0> }
	no_shadow
}
cylinder {
	<31.830477, 36.599606, 33.704567>,  <31.479906, 36.177578, 33.390438>, 0.130000
	pigment { color rgbt <1,0,0,0> }
	no_shadow
}

// nucleotide -1

// particle -1
sphere {
	<31.830477, 36.599606, 33.704567> 0.250000
	pigment { color rgbt <1,0,0,0> }
	no_shadow
}
cylinder {
	<31.461908, 36.676918, 33.839401>,  <31.240767, 36.723305, 33.920303>, 0.100000
	pigment { color rgbt <1,0,0,0> }
	no_shadow
}
cylinder {
	<31.461908, 36.676918, 33.839401>,  <31.830477, 36.599606, 33.704567>, 0.100000
	pigment { color rgbt <1,0,0,0> }
	no_shadow
}

// particle -1
sphere {
	<31.461908, 36.676918, 33.839401> 0.100000
	pigment { color rgbt <1,0,0,0> }
	no_shadow
}
sphere {
	0, 1
	scale<0.080000,0.200000,0.300000>
	matrix <0.314013, -0.140575, 0.938954,
		0.228868, 0.971021, 0.068836,
		-0.921420, 0.193281, 0.337086,
		31.185482, 36.734901, 33.940529>
	pigment { color rgbt <0,1,1,0> }
	no_shadow
}
cylinder {
	<31.739044, 37.395344, 33.903404>,  <31.830477, 36.599606, 33.704567>, 0.130000
	pigment { color rgbt <1,0,0,0> }
	no_shadow
}

// nucleotide -1

// particle -1
sphere {
	<31.739044, 37.395344, 33.903404> 0.250000
	pigment { color rgbt <1,0,0,0> }
	no_shadow
}
cylinder {
	<31.586756, 37.057716, 34.054455>,  <31.495382, 36.855141, 34.145084>, 0.100000
	pigment { color rgbt <1,0,0,0> }
	no_shadow
}
cylinder {
	<31.586756, 37.057716, 34.054455>,  <31.739044, 37.395344, 33.903404>, 0.100000
	pigment { color rgbt <1,0,0,0> }
	no_shadow
}

// particle -1
sphere {
	<31.586756, 37.057716, 34.054455> 0.100000
	pigment { color rgbt <1,0,0,0> }
	no_shadow
}
sphere {
	0, 1
	scale<0.080000,0.200000,0.300000>
	matrix <0.432699, 0.198294, 0.879461,
		-0.817204, 0.498231, 0.289731,
		-0.380723, -0.844065, 0.377630,
		31.472538, 36.804497, 34.167744>
	pigment { color rgbt <0,1,1,0> }
	no_shadow
}
cylinder {
	<31.523802, 37.565430, 34.606731>,  <31.739044, 37.395344, 33.903404>, 0.130000
	pigment { color rgbt <1,0,0,0> }
	no_shadow
}

// nucleotide -1

// particle -1
sphere {
	<31.523802, 37.565430, 34.606731> 0.250000
	pigment { color rgbt <1,0,0,0> }
	no_shadow
}
cylinder {
	<31.571655, 37.169525, 34.575611>,  <31.600367, 36.931980, 34.556938>, 0.100000
	pigment { color rgbt <1,0,0,0> }
	no_shadow
}
cylinder {
	<31.571655, 37.169525, 34.575611>,  <31.523802, 37.565430, 34.606731>, 0.100000
	pigment { color rgbt <1,0,0,0> }
	no_shadow
}

// particle -1
sphere {
	<31.571655, 37.169525, 34.575611> 0.100000
	pigment { color rgbt <1,0,0,0> }
	no_shadow
}
sphere {
	0, 1
	scale<0.080000,0.200000,0.300000>
	matrix <0.416268, -0.021138, 0.908996,
		-0.901337, -0.141131, 0.409479,
		0.119632, -0.989765, -0.077801,
		31.607544, 36.872597, 34.552273>
	pigment { color rgbt <0,1,1,0> }
	no_shadow
}
cylinder {
	<31.436781, 37.080013, 35.191250>,  <31.523802, 37.565430, 34.606731>, 0.130000
	pigment { color rgbt <1,0,0,0> }
	no_shadow
}

// nucleotide -1

// particle -1
sphere {
	<31.436781, 37.080013, 35.191250> 0.250000
	pigment { color rgbt <1,0,0,0> }
	no_shadow
}
cylinder {
	<31.707050, 36.869156, 34.985111>,  <31.869213, 36.742641, 34.861427>, 0.100000
	pigment { color rgbt <1,0,0,0> }
	no_shadow
}
cylinder {
	<31.707050, 36.869156, 34.985111>,  <31.436781, 37.080013, 35.191250>, 0.100000
	pigment { color rgbt <1,0,0,0> }
	no_shadow
}

// particle -1
sphere {
	<31.707050, 36.869156, 34.985111> 0.100000
	pigment { color rgbt <1,0,0,0> }
	no_shadow
}
sphere {
	0, 1
	scale<0.080000,0.200000,0.300000>
	matrix <0.520447, -0.153996, 0.839893,
		-0.522109, -0.835703, 0.170302,
		0.675675, -0.527149, -0.515342,
		31.909754, 36.711010, 34.830509>
	pigment { color rgbt <0,1,1,0> }
	no_shadow
}
cylinder {
	<31.506804, 36.444733, 35.410423>,  <31.436781, 37.080013, 35.191250>, 0.130000
	pigment { color rgbt <1,0,0,0> }
	no_shadow
}

// nucleotide -1

// particle -1
sphere {
	<31.506804, 36.444733, 35.410423> 0.250000
	pigment { color rgbt <1,0,0,0> }
	no_shadow
}
cylinder {
	<31.866617, 36.518501, 35.252018>,  <32.082504, 36.562763, 35.156975>, 0.100000
	pigment { color rgbt <1,0,0,0> }
	no_shadow
}
cylinder {
	<31.866617, 36.518501, 35.252018>,  <31.506804, 36.444733, 35.410423>, 0.100000
	pigment { color rgbt <1,0,0,0> }
	no_shadow
}

// particle -1
sphere {
	<31.866617, 36.518501, 35.252018> 0.100000
	pigment { color rgbt <1,0,0,0> }
	no_shadow
}
sphere {
	0, 1
	scale<0.080000,0.200000,0.300000>
	matrix <0.435327, -0.302686, 0.847863,
		0.036498, -0.935077, -0.352561,
		0.899532, 0.184425, -0.396016,
		32.136478, 36.573830, 35.133213>
	pigment { color rgbt <0,1,1,0> }
	no_shadow
}
cylinder {
	<31.791552, 35.855843, 35.325851>,  <31.506804, 36.444733, 35.410423>, 0.130000
	pigment { color rgbt <1,0,0,0> }
	no_shadow
}

// nucleotide -1

// particle -1
sphere {
	<31.791552, 35.855843, 35.325851> 0.250000
	pigment { color rgbt <1,0,0,0> }
	no_shadow
}
cylinder {
	<32.066761, 36.144104, 35.359997>,  <32.231888, 36.317059, 35.380486>, 0.100000
	pigment { color rgbt <1,0,0,0> }
	no_shadow
}
cylinder {
	<32.066761, 36.144104, 35.359997>,  <31.791552, 35.855843, 35.325851>, 0.100000
	pigment { color rgbt <1,0,0,0> }
	no_shadow
}

// particle -1
sphere {
	<32.066761, 36.144104, 35.359997> 0.100000
	pigment { color rgbt <1,0,0,0> }
	no_shadow
}
sphere {
	0, 1
	scale<0.080000,0.200000,0.300000>
	matrix <0.364772, -0.445130, 0.817802,
		0.627346, -0.531530, -0.569133,
		0.688025, 0.720649, 0.085363,
		32.273170, 36.360298, 35.385605>
	pigment { color rgbt <0,1,1,0> }
	no_shadow
}
cylinder {
	<32.528896, 35.608448, 35.315807>,  <31.791552, 35.855843, 35.325851>, 0.130000
	pigment { color rgbt <1,0,0,0> }
	no_shadow
}

// nucleotide -1

// particle -1
sphere {
	<32.528896, 35.608448, 35.315807> 0.250000
	pigment { color rgbt <1,0,0,0> }
	no_shadow
}
cylinder {
	<32.478588, 35.938202, 35.536556>,  <32.448402, 36.136055, 35.669006>, 0.100000
	pigment { color rgbt <1,0,0,0> }
	no_shadow
}
cylinder {
	<32.478588, 35.938202, 35.536556>,  <32.528896, 35.608448, 35.315807>, 0.100000
	pigment { color rgbt <1,0,0,0> }
	no_shadow
}

// particle -1
sphere {
	<32.478588, 35.938202, 35.536556> 0.100000
	pigment { color rgbt <1,0,0,0> }
	no_shadow
}
sphere {
	0, 1
	scale<0.080000,0.200000,0.300000>
	matrix <0.318596, -0.493262, 0.809437,
		0.939510, 0.277626, -0.200611,
		-0.125767, 0.824388, 0.551875,
		32.440857, 36.185520, 35.702118>
	pigment { color rgbt <0,1,1,0> }
	no_shadow
}
cylinder {
	<33.154919, 35.820911, 35.634193>,  <32.528896, 35.608448, 35.315807>, 0.130000
	pigment { color rgbt <1,0,0,0> }
	no_shadow
}

// nucleotide -1

// particle -1
sphere {
	<33.154919, 35.820911, 35.634193> 0.250000
	pigment { color rgbt <1,0,0,0> }
	no_shadow
}
cylinder {
	<32.825874, 35.911461, 35.842834>,  <32.628448, 35.965790, 35.968018>, 0.100000
	pigment { color rgbt <1,0,0,0> }
	no_shadow
}
cylinder {
	<32.825874, 35.911461, 35.842834>,  <33.154919, 35.820911, 35.634193>, 0.100000
	pigment { color rgbt <1,0,0,0> }
	no_shadow
}

// particle -1
sphere {
	<32.825874, 35.911461, 35.842834> 0.100000
	pigment { color rgbt <1,0,0,0> }
	no_shadow
}
sphere {
	0, 1
	scale<0.080000,0.200000,0.300000>
	matrix <0.363871, -0.495326, 0.788828,
		0.436928, 0.838695, 0.325092,
		-0.822613, 0.226370, 0.521599,
		32.579090, 35.979370, 35.999313>
	pigment { color rgbt <0,1,1,0> }
	no_shadow
}
cylinder {
	<33.239998, 36.303429, 36.170464>,  <33.154919, 35.820911, 35.634193>, 0.130000
	pigment { color rgbt <1,0,0,0> }
	no_shadow
}

// nucleotide -1

// particle -1
sphere {
	<33.239998, 36.303429, 36.170464> 0.250000
	pigment { color rgbt <1,0,0,0> }
	no_shadow
}
cylinder {
	<32.971222, 36.012554, 36.226589>,  <32.809956, 35.838028, 36.260265>, 0.100000
	pigment { color rgbt <1,0,0,0> }
	no_shadow
}
cylinder {
	<32.971222, 36.012554, 36.226589>,  <33.239998, 36.303429, 36.170464>, 0.100000
	pigment { color rgbt <1,0,0,0> }
	no_shadow
}

// particle -1
sphere {
	<32.971222, 36.012554, 36.226589> 0.100000
	pigment { color rgbt <1,0,0,0> }
	no_shadow
}
sphere {
	0, 1
	scale<0.080000,0.200000,0.300000>
	matrix <0.637768, -0.471848, 0.608779,
		-0.376492, 0.498551, 0.780833,
		-0.671942, -0.727191, 0.140313,
		32.769638, 35.794395, 36.268684>
	pigment { color rgbt <0,1,1,0> }
	no_shadow
}
cylinder {
	<33.344650, 36.267479, 36.936161>,  <33.239998, 36.303429, 36.170464>, 0.130000
	pigment { color rgbt <1,0,0,0> }
	no_shadow
}

// nucleotide -1

// particle -1
sphere {
	<33.344650, 36.267479, 36.936161> 0.250000
	pigment { color rgbt <1,0,0,0> }
	no_shadow
}
cylinder {
	<33.198910, 35.940262, 36.758148>,  <33.111465, 35.743931, 36.651340>, 0.100000
	pigment { color rgbt <1,0,0,0> }
	no_shadow
}
cylinder {
	<33.198910, 35.940262, 36.758148>,  <33.344650, 36.267479, 36.936161>, 0.100000
	pigment { color rgbt <1,0,0,0> }
	no_shadow
}

// particle -1
sphere {
	<33.198910, 35.940262, 36.758148> 0.100000
	pigment { color rgbt <1,0,0,0> }
	no_shadow
}
sphere {
	0, 1
	scale<0.080000,0.200000,0.300000>
	matrix <0.589263, -0.572567, 0.570032,
		-0.721120, -0.054546, 0.690660,
		-0.364356, -0.818042, -0.445031,
		33.089603, 35.694851, 36.624638>
	pigment { color rgbt <0,1,1,0> }
	no_shadow
}
cylinder {
	<33.165497, 35.777668, 37.501217>,  <33.344650, 36.267479, 36.936161>, 0.130000
	pigment { color rgbt <1,0,0,0> }
	no_shadow
}

// nucleotide -1

// particle -1
sphere {
	<33.165497, 35.777668, 37.501217> 0.250000
	pigment { color rgbt <1,0,0,0> }
	no_shadow
}
cylinder {
	<33.229290, 35.602283, 37.147423>,  <33.267567, 35.497051, 36.935146>, 0.100000
	pigment { color rgbt <1,0,0,0> }
	no_shadow
}
cylinder {
	<33.229290, 35.602283, 37.147423>,  <33.165497, 35.777668, 37.501217>, 0.100000
	pigment { color rgbt <1,0,0,0> }
	no_shadow
}

// particle -1
sphere {
	<33.229290, 35.602283, 37.147423> 0.100000
	pigment { color rgbt <1,0,0,0> }
	no_shadow
}
sphere {
	0, 1
	scale<0.080000,0.200000,0.300000>
	matrix <0.688864, -0.592340, 0.417852,
		-0.707129, -0.675931, 0.207572,
		0.159485, -0.438464, -0.884485,
		33.277134, 35.470745, 36.882076>
	pigment { color rgbt <0,1,1,0> }
	no_shadow
}
cylinder {
	<33.290192, 35.101681, 37.654171>,  <33.165497, 35.777668, 37.501217>, 0.130000
	pigment { color rgbt <1,0,0,0> }
	no_shadow
}

// nucleotide -1

// particle -1
sphere {
	<33.290192, 35.101681, 37.654171> 0.250000
	pigment { color rgbt <1,0,0,0> }
	no_shadow
}
cylinder {
	<33.439499, 35.148312, 37.286022>,  <33.529083, 35.176292, 37.065132>, 0.100000
	pigment { color rgbt <1,0,0,0> }
	no_shadow
}
cylinder {
	<33.439499, 35.148312, 37.286022>,  <33.290192, 35.101681, 37.654171>, 0.100000
	pigment { color rgbt <1,0,0,0> }
	no_shadow
}

// particle -1
sphere {
	<33.439499, 35.148312, 37.286022> 0.100000
	pigment { color rgbt <1,0,0,0> }
	no_shadow
}
sphere {
	0, 1
	scale<0.080000,0.200000,0.300000>
	matrix <0.759352, -0.608329, 0.230911,
		-0.532968, -0.785076, -0.315595,
		0.373268, 0.116580, -0.920370,
		33.551479, 35.183285, 37.009911>
	pigment { color rgbt <0,1,1,0> }
	no_shadow
}
cylinder {
	<34.012573, 34.976006, 37.601276>,  <33.290192, 35.101681, 37.654171>, 0.130000
	pigment { color rgbt <1,0,0,0> }
	no_shadow
}

// nucleotide -1

// particle -1
sphere {
	<34.012573, 34.976006, 37.601276> 0.250000
	pigment { color rgbt <1,0,0,0> }
	no_shadow
}
cylinder {
	<34.275230, 34.795834, 37.359306>,  <34.432823, 34.687729, 37.214123>, 0.100000
	pigment { color rgbt <1,0,0,0> }
	no_shadow
}
cylinder {
	<34.275230, 34.795834, 37.359306>,  <34.012573, 34.976006, 37.601276>, 0.100000
	pigment { color rgbt <1,0,0,0> }
	no_shadow
}

// particle -1
sphere {
	<34.275230, 34.795834, 37.359306> 0.100000
	pigment { color rgbt <1,0,0,0> }
	no_shadow
}
sphere {
	0, 1
	scale<0.080000,0.200000,0.300000>
	matrix <-0.537553, -0.842106, 0.043533,
		-0.529018, 0.296593, -0.795093,
		0.656641, -0.450434, -0.604924,
		34.472221, 34.660702, 37.177830>
	pigment { color rgbt <0,1,1,0> }
	no_shadow
}
cylinder {
	<33.675781, 34.632233, 36.877609>,  <34.012573, 34.976006, 37.601276>, 0.130000
	pigment { color rgbt <1,0,0,0> }
	no_shadow
}

// nucleotide -1

// particle -1
sphere {
	<33.675781, 34.632233, 36.877609> 0.250000
	pigment { color rgbt <1,0,0,0> }
	no_shadow
}
cylinder {
	<33.993282, 34.427876, 37.009632>,  <34.183784, 34.305260, 37.088848>, 0.100000
	pigment { color rgbt <1,0,0,0> }
	no_shadow
}
cylinder {
	<33.993282, 34.427876, 37.009632>,  <33.675781, 34.632233, 36.877609>, 0.100000
	pigment { color rgbt <1,0,0,0> }
	no_shadow
}

// particle -1
sphere {
	<33.993282, 34.427876, 37.009632> 0.100000
	pigment { color rgbt <1,0,0,0> }
	no_shadow
}
sphere {
	0, 1
	scale<0.080000,0.200000,0.300000>
	matrix <-0.571797, -0.811782, 0.118564,
		0.207363, -0.282839, -0.936484,
		0.793756, -0.510893, 0.330060,
		34.231407, 34.274609, 37.108650>
	pigment { color rgbt <0,1,1,0> }
	no_shadow
}
cylinder {
	<33.863163, 34.070080, 36.450874>,  <33.675781, 34.632233, 36.877609>, 0.130000
	pigment { color rgbt <1,0,0,0> }
	no_shadow
}

// nucleotide -1

// particle -1
sphere {
	<33.863163, 34.070080, 36.450874> 0.250000
	pigment { color rgbt <1,0,0,0> }
	no_shadow
}
cylinder {
	<34.002682, 33.976601, 36.813911>,  <34.086395, 33.920513, 37.031734>, 0.100000
	pigment { color rgbt <1,0,0,0> }
	no_shadow
}
cylinder {
	<34.002682, 33.976601, 36.813911>,  <33.863163, 34.070080, 36.450874>, 0.100000
	pigment { color rgbt <1,0,0,0> }
	no_shadow
}

// particle -1
sphere {
	<34.002682, 33.976601, 36.813911> 0.100000
	pigment { color rgbt <1,0,0,0> }
	no_shadow
}
sphere {
	0, 1
	scale<0.080000,0.200000,0.300000>
	matrix <-0.695327, -0.713836, 0.083416,
		0.628379, -0.660169, -0.411482,
		0.348799, -0.233697, 0.907593,
		34.107323, 33.906490, 37.086189>
	pigment { color rgbt <0,1,1,0> }
	no_shadow
}
cylinder {
	<33.552460, 33.667007, 35.955982>,  <33.863163, 34.070080, 36.450874>, 0.130000
	pigment { color rgbt <1,0,0,0> }
	no_shadow
}

// nucleotide -1

// particle -1
sphere {
	<33.552460, 33.667007, 35.955982> 0.250000
	pigment { color rgbt <1,0,0,0> }
	no_shadow
}
cylinder {
	<33.699421, 33.442398, 35.659412>,  <33.787598, 33.307632, 35.481472>, 0.100000
	pigment { color rgbt <1,0,0,0> }
	no_shadow
}
cylinder {
	<33.699421, 33.442398, 35.659412>,  <33.552460, 33.667007, 35.955982>, 0.100000
	pigment { color rgbt <1,0,0,0> }
	no_shadow
}

// particle -1
sphere {
	<33.699421, 33.442398, 35.659412> 0.100000
	pigment { color rgbt <1,0,0,0> }
	no_shadow
}
sphere {
	0, 1
	scale<0.080000,0.200000,0.300000>
	matrix <0.449998, -0.590329, 0.670084,
		-0.813952, -0.579828, 0.035797,
		0.367402, -0.561525, -0.741421,
		33.809643, 33.273941, 35.436985>
	pigment { color rgbt <0,1,1,0> }
	no_shadow
}
cylinder {
	<33.833382, 33.071236, 36.289749>,  <33.552460, 33.667007, 35.955982>, 0.130000
	pigment { color rgbt <1,0,0,0> }
	no_shadow
}

// nucleotide -1

// particle -1
sphere {
	<33.833382, 33.071236, 36.289749> 0.250000
	pigment { color rgbt <1,0,0,0> }
	no_shadow
}
cylinder {
	<33.867313, 32.967857, 35.904831>,  <33.887672, 32.905830, 35.673882>, 0.100000
	pigment { color rgbt <1,0,0,0> }
	no_shadow
}
cylinder {
	<33.867313, 32.967857, 35.904831>,  <33.833382, 33.071236, 36.289749>, 0.100000
	pigment { color rgbt <1,0,0,0> }
	no_shadow
}

// particle -1
sphere {
	<33.867313, 32.967857, 35.904831> 0.100000
	pigment { color rgbt <1,0,0,0> }
	no_shadow
}
sphere {
	0, 1
	scale<0.080000,0.200000,0.300000>
	matrix <0.660803, -0.708241, 0.248464,
		-0.745750, -0.656963, 0.110705,
		0.084826, -0.258446, -0.962294,
		33.892761, 32.890324, 35.616142>
	pigment { color rgbt <0,1,1,0> }
	no_shadow
}
cylinder {
	<34.011173, 32.377804, 36.371460>,  <33.833382, 33.071236, 36.289749>, 0.130000
	pigment { color rgbt <1,0,0,0> }
	no_shadow
}

// nucleotide -1

// particle -1
sphere {
	<34.011173, 32.377804, 36.371460> 0.250000
	pigment { color rgbt <1,0,0,0> }
	no_shadow
}
cylinder {
	<34.136890, 32.490726, 36.008907>,  <34.212322, 32.558479, 35.791378>, 0.100000
	pigment { color rgbt <1,0,0,0> }
	no_shadow
}
cylinder {
	<34.136890, 32.490726, 36.008907>,  <34.011173, 32.377804, 36.371460>, 0.100000
	pigment { color rgbt <1,0,0,0> }
	no_shadow
}

// particle -1
sphere {
	<34.136890, 32.490726, 36.008907> 0.100000
	pigment { color rgbt <1,0,0,0> }
	no_shadow
}
sphere {
	0, 1
	scale<0.080000,0.200000,0.300000>
	matrix <0.748065, -0.661475, 0.053375,
		-0.584479, -0.694806, -0.419081,
		0.314297, 0.282304, -0.906379,
		34.231178, 32.575417, 35.736992>
	pigment { color rgbt <0,1,1,0> }
	no_shadow
}
cylinder {
	<33.733345, 31.856428, 35.971771>,  <34.011173, 32.377804, 36.371460>, 0.130000
	pigment { color rgbt <1,0,0,0> }
	no_shadow
}

// nucleotide -1

// particle -1
sphere {
	<33.733345, 31.856428, 35.971771> 0.250000
	pigment { color rgbt <1,0,0,0> }
	no_shadow
}
cylinder {
	<34.071964, 32.061886, 35.915878>,  <34.275135, 32.185162, 35.882343>, 0.100000
	pigment { color rgbt <1,0,0,0> }
	no_shadow
}
cylinder {
	<34.071964, 32.061886, 35.915878>,  <33.733345, 31.856428, 35.971771>, 0.100000
	pigment { color rgbt <1,0,0,0> }
	no_shadow
}

// particle -1
sphere {
	<34.071964, 32.061886, 35.915878> 0.100000
	pigment { color rgbt <1,0,0,0> }
	no_shadow
}
sphere {
	0, 1
	scale<0.080000,0.200000,0.300000>
	matrix <0.529883, -0.788085, 0.313282,
		0.050795, -0.339249, -0.939324,
		0.846548, 0.513645, -0.139731,
		34.325928, 32.215981, 35.873959>
	pigment { color rgbt <0,1,1,0> }
	no_shadow
}
cylinder {
	<34.220238, 31.334396, 35.687866>,  <33.733345, 31.856428, 35.971771>, 0.130000
	pigment { color rgbt <1,0,0,0> }
	no_shadow
}

// nucleotide -1

// particle -1
sphere {
	<34.220238, 31.334396, 35.687866> 0.250000
	pigment { color rgbt <1,0,0,0> }
	no_shadow
}
cylinder {
	<34.415382, 31.639593, 35.857494>,  <34.532471, 31.822712, 35.959270>, 0.100000
	pigment { color rgbt <1,0,0,0> }
	no_shadow
}
cylinder {
	<34.415382, 31.639593, 35.857494>,  <34.220238, 31.334396, 35.687866>, 0.100000
	pigment { color rgbt <1,0,0,0> }
	no_shadow
}

// particle -1
sphere {
	<34.415382, 31.639593, 35.857494> 0.100000
	pigment { color rgbt <1,0,0,0> }
	no_shadow
}
sphere {
	0, 1
	scale<0.080000,0.200000,0.300000>
	matrix <0.673653, -0.638033, 0.372968,
		0.555141, 0.103717, -0.825264,
		0.487863, 0.762992, 0.424068,
		34.561741, 31.868490, 35.984715>
	pigment { color rgbt <0,1,1,0> }
	no_shadow
}
cylinder {
	<34.968914, 31.300924, 35.598640>,  <34.220238, 31.334396, 35.687866>, 0.130000
	pigment { color rgbt <1,0,0,0> }
	no_shadow
}

// nucleotide -1

// particle -1
sphere {
	<34.968914, 31.300924, 35.598640> 0.250000
	pigment { color rgbt <1,0,0,0> }
	no_shadow
}
cylinder {
	<34.921688, 31.531723, 35.921906>,  <34.893353, 31.670202, 36.115864>, 0.100000
	pigment { color rgbt <1,0,0,0> }
	no_shadow
}
cylinder {
	<34.921688, 31.531723, 35.921906>,  <34.968914, 31.300924, 35.598640>, 0.100000
	pigment { color rgbt <1,0,0,0> }
	no_shadow
}

// particle -1
sphere {
	<34.921688, 31.531723, 35.921906> 0.100000
	pigment { color rgbt <1,0,0,0> }
	no_shadow
}
sphere {
	0, 1
	scale<0.080000,0.200000,0.300000>
	matrix <0.710549, -0.519437, 0.474664,
