// switches for output
#declare DRAW_BASES = 1; // possible values are 0, 1; only relevant for DNA ribbons
#declare DRAW_BASES_TYPE = 3; // possible values are 1, 2, 3; only relevant for DNA ribbons
#declare DRAW_FOG = 0; // set to 1 to enable fog

#include "colors.inc"

#include "transforms.inc"
background { rgb <1, 1, 1>}

#default {
   normal{
       ripples 0.25
       frequency 0.20
       turbulence 0.2
       lambda 5
   }
	finish {
		phong 0.1
		phong_size 40.
	}
}

// original window dimensions: 1024x640


// camera settings

camera {
	sky <0, 0.179814, -0.983701>
	up <0, 0.179814, -0.983701>
	right 1.6 * <1, 0, 0>
	location <35, 94.9851, 44.8844>
	look_at <35, 29.7336, 32.9568>
	direction <0, -65.2515, -11.9276>
	angle 67.0682
}


# declare cpy_camera_pos = <35, 94.9851, 44.8844>;
# if (DRAW_FOG = 1)
fog {
	fog_type 2
	up vnormalize(cpy_camera_pos)
	color rgbt<1,1,1,0.3>
	distance 1e-5
	fog_alt 3e-3
	fog_offset 56
}
# end


// LIGHTS

# declare lum = 6;
global_settings {
	ambient_light rgb lum * <0.05, 0.05, 0.05>
	max_trace_level 15
}# declare cpy_direct_light_amount = 0.25;
light_source
{	1000 * <-1, -1.16352, -0.803886>,
	rgb lum * cpy_direct_light_amount
	parallel
}

light_source
{	1000 * <1, 1.16352, 0.803886>,
	rgb lum * cpy_direct_light_amount
	parallel
}

// strand 0

// nucleotide -1

// particle -1
sphere {
	<24.221447, 34.699966, 35.320744> 0.250000
	pigment { color rgbt <1,0,0,0> }
	no_shadow
}
cylinder {
	<24.341362, 34.728020, 34.940174>,  <24.413311, 34.744850, 34.711834>, 0.100000
	pigment { color rgbt <1,0,0,0> }
	no_shadow
}
cylinder {
	<24.341362, 34.728020, 34.940174>,  <24.221447, 34.699966, 35.320744>, 0.100000
	pigment { color rgbt <1,0,0,0> }
	no_shadow
}

// particle -1
sphere {
	<24.341362, 34.728020, 34.940174> 0.100000
	pigment { color rgbt <1,0,0,0> }
	no_shadow
}
sphere {
	0, 1
	scale<0.080000,0.200000,0.300000>
	matrix <0.938233, 0.158925, 0.307345,
		0.172759, -0.984797, -0.018154,
		0.299787, 0.070130, -0.951425,
		24.431297, 34.749058, 34.654747>
	pigment { color rgbt <0,1,1,0> }
	no_shadow
}
cylinder {
	<24.676384, 34.242870, 35.229721>,  <24.221447, 34.699966, 35.320744>, 0.130000
	pigment { color rgbt <1,0,0,0> }
	no_shadow
}

// nucleotide -1

// particle -1
sphere {
	<24.676384, 34.242870, 35.229721> 0.250000
	pigment { color rgbt <1,0,0,0> }
	no_shadow
}
cylinder {
	<24.748747, 34.515396, 34.946007>,  <24.792166, 34.678913, 34.775780>, 0.100000
	pigment { color rgbt <1,0,0,0> }
	no_shadow
}
cylinder {
	<24.748747, 34.515396, 34.946007>,  <24.676384, 34.242870, 35.229721>, 0.100000
	pigment { color rgbt <1,0,0,0> }
	no_shadow
}

// particle -1
sphere {
	<24.748747, 34.515396, 34.946007> 0.100000
	pigment { color rgbt <1,0,0,0> }
	no_shadow
}
sphere {
	0, 1
	scale<0.080000,0.200000,0.300000>
	matrix <0.943904, 0.082297, 0.319803,
		0.276258, -0.727349, -0.628207,
		0.180908, 0.681315, -0.709283,
		24.803019, 34.719791, 34.733223>
	pigment { color rgbt <0,1,1,0> }
	no_shadow
}
cylinder {
	<25.239380, 33.977726, 34.787876>,  <24.676384, 34.242870, 35.229721>, 0.130000
	pigment { color rgbt <1,0,0,0> }
	no_shadow
}

// nucleotide -1

// particle -1
sphere {
	<25.239380, 33.977726, 34.787876> 0.250000
	pigment { color rgbt <1,0,0,0> }
	no_shadow
}
cylinder {
	<25.242321, 34.377449, 34.802490>,  <25.244085, 34.617283, 34.811260>, 0.100000
	pigment { color rgbt <1,0,0,0> }
	no_shadow
}
cylinder {
	<25.242321, 34.377449, 34.802490>,  <25.239380, 33.977726, 34.787876>, 0.100000
	pigment { color rgbt <1,0,0,0> }
	no_shadow
}

// particle -1
sphere {
	<25.242321, 34.377449, 34.802490> 0.100000
	pigment { color rgbt <1,0,0,0> }
	no_shadow
}
sphere {
	0, 1
	scale<0.080000,0.200000,0.300000>
	matrix <0.890383, -0.023172, 0.454623,
		0.455154, 0.029190, -0.889934,
		0.007351, 0.999305, 0.036537,
		25.244526, 34.677242, 34.813450>
	pigment { color rgbt <0,1,1,0> }
	no_shadow
}
cylinder {
	<25.998930, 34.269314, 34.572014>,  <25.239380, 33.977726, 34.787876>, 0.130000
	pigment { color rgbt <1,0,0,0> }
	no_shadow
}

// nucleotide -1

// particle -1
sphere {
	<25.998930, 34.269314, 34.572014> 0.250000
	pigment { color rgbt <1,0,0,0> }
	no_shadow
}
cylinder {
	<25.791111, 34.469189, 34.849255>,  <25.666420, 34.589111, 35.015598>, 0.100000
	pigment { color rgbt <1,0,0,0> }
	no_shadow
}
cylinder {
	<25.791111, 34.469189, 34.849255>,  <25.998930, 34.269314, 34.572014>, 0.100000
	pigment { color rgbt <1,0,0,0> }
	no_shadow
}

// particle -1
sphere {
	<25.791111, 34.469189, 34.849255> 0.100000
	pigment { color rgbt <1,0,0,0> }
	no_shadow
}
sphere {
	0, 1
	scale<0.080000,0.200000,0.300000>
	matrix <0.779647, -0.054663, 0.623829,
		0.349604, 0.864482, -0.361176,
		-0.519545, 0.499683, 0.693101,
		25.635248, 34.619095, 35.057186>
	pigment { color rgbt <0,1,1,0> }
	no_shadow
}
cylinder {
	<26.266903, 34.946060, 34.647820>,  <25.998930, 34.269314, 34.572014>, 0.130000
	pigment { color rgbt <1,0,0,0> }
	no_shadow
}

// nucleotide -1

// particle -1
sphere {
	<26.266903, 34.946060, 34.647820> 0.250000
	pigment { color rgbt <1,0,0,0> }
	no_shadow
}
cylinder {
	<26.102297, 34.766895, 34.965317>,  <26.003532, 34.659397, 35.155815>, 0.100000
	pigment { color rgbt <1,0,0,0> }
	no_shadow
}
cylinder {
	<26.102297, 34.766895, 34.965317>,  <26.266903, 34.946060, 34.647820>, 0.100000
	pigment { color rgbt <1,0,0,0> }
	no_shadow
}

// particle -1
sphere {
	<26.102297, 34.766895, 34.965317> 0.100000
	pigment { color rgbt <1,0,0,0> }
	no_shadow
}
sphere {
	0, 1
	scale<0.080000,0.200000,0.300000>
	matrix <0.851140, 0.122557, 0.510432,
		-0.325909, 0.885636, 0.330805,
		-0.411515, -0.447916, 0.793743,
		25.978842, 34.632519, 35.203438>
	pigment { color rgbt <0,1,1,0> }
	no_shadow
}
cylinder {
	<26.141737, 35.409595, 35.250740>,  <26.266903, 34.946060, 34.647820>, 0.130000
	pigment { color rgbt <1,0,0,0> }
	no_shadow
}

// nucleotide -1

// particle -1
sphere {
	<26.141737, 35.409595, 35.250740> 0.250000
	pigment { color rgbt <1,0,0,0> }
	no_shadow
}
cylinder {
	<26.236441, 35.035973, 35.357685>,  <26.293262, 34.811798, 35.421852>, 0.100000
	pigment { color rgbt <1,0,0,0> }
	no_shadow
}
cylinder {
	<26.236441, 35.035973, 35.357685>,  <26.141737, 35.409595, 35.250740>, 0.100000
	pigment { color rgbt <1,0,0,0> }
	no_shadow
}

// particle -1
sphere {
	<26.236441, 35.035973, 35.357685> 0.100000
	pigment { color rgbt <1,0,0,0> }
	no_shadow
}
sphere {
	0, 1
	scale<0.080000,0.200000,0.300000>
	matrix <0.711893, 0.354053, 0.606510,
		-0.661177, 0.046739, 0.748773,
		0.236758, -0.934056, 0.267365,
		26.307468, 34.755756, 35.437893>
	pigment { color rgbt <0,1,1,0> }
	no_shadow
}
cylinder {
	<26.084478, 35.488369, 35.931286>,  <26.141737, 35.409595, 35.250740>, 0.130000
	pigment { color rgbt <1,0,0,0> }
	no_shadow
}

// nucleotide -1

// particle -1
sphere {
	<26.084478, 35.488369, 35.931286> 0.250000
	pigment { color rgbt <1,0,0,0> }
	no_shadow
}
cylinder {
	<26.340837, 35.201233, 35.822510>,  <26.494654, 35.028950, 35.757244>, 0.100000
	pigment { color rgbt <1,0,0,0> }
	no_shadow
}
cylinder {
	<26.340837, 35.201233, 35.822510>,  <26.084478, 35.488369, 35.931286>, 0.100000
	pigment { color rgbt <1,0,0,0> }
	no_shadow
}

// particle -1
sphere {
	<26.340837, 35.201233, 35.822510> 0.100000
	pigment { color rgbt <1,0,0,0> }
	no_shadow
}
sphere {
	0, 1
	scale<0.080000,0.200000,0.300000>
	matrix <0.618097, 0.272512, 0.737355,
		-0.455196, -0.640658, 0.618348,
		0.640900, -0.717840, -0.271943,
		26.533108, 34.985882, 35.740929>
	pigment { color rgbt <0,1,1,0> }
	no_shadow
}
cylinder {
	<26.478901, 35.489082, 36.462914>,  <26.084478, 35.488369, 35.931286>, 0.130000
	pigment { color rgbt <1,0,0,0> }
	no_shadow
}

// nucleotide -1

// particle -1
sphere {
	<26.478901, 35.489082, 36.462914> 0.250000
	pigment { color rgbt <1,0,0,0> }
	no_shadow
}
cylinder {
	<26.684175, 35.249493, 36.217030>,  <26.807341, 35.105740, 36.069500>, 0.100000
	pigment { color rgbt <1,0,0,0> }
	no_shadow
}
cylinder {
	<26.684175, 35.249493, 36.217030>,  <26.478901, 35.489082, 36.462914>, 0.100000
	pigment { color rgbt <1,0,0,0> }
	no_shadow
}

// particle -1
sphere {
	<26.684175, 35.249493, 36.217030> 0.100000
	pigment { color rgbt <1,0,0,0> }
	no_shadow
}
sphere {
	0, 1
	scale<0.080000,0.200000,0.300000>
	matrix <0.800959, 0.076876, 0.593763,
		-0.308392, -0.797069, 0.519206,
		0.513184, -0.598975, -0.614712,
		26.838131, 35.069801, 36.032616>
	pigment { color rgbt <0,1,1,0> }
	no_shadow
}
cylinder {
	<26.670132, 34.915318, 36.805416>,  <26.478901, 35.489082, 36.462914>, 0.130000
	pigment { color rgbt <1,0,0,0> }
	no_shadow
}

// nucleotide -1

// particle -1
sphere {
	<26.670132, 34.915318, 36.805416> 0.250000
	pigment { color rgbt <1,0,0,0> }
	no_shadow
}
cylinder {
	<26.938412, 34.975132, 36.514816>,  <27.099380, 35.011021, 36.340458>, 0.100000
	pigment { color rgbt <1,0,0,0> }
	no_shadow
}
cylinder {
	<26.938412, 34.975132, 36.514816>,  <26.670132, 34.915318, 36.805416>, 0.100000
	pigment { color rgbt <1,0,0,0> }
	no_shadow
}

// particle -1
sphere {
	<26.938412, 34.975132, 36.514816> 0.100000
	pigment { color rgbt <1,0,0,0> }
	no_shadow
}
sphere {
	0, 1
	scale<0.080000,0.200000,0.300000>
	matrix <0.709967, 0.154123, 0.687163,
		0.214723, -0.976671, -0.002792,
		0.670701, 0.149532, -0.726498,
		27.139622, 35.019993, 36.296867>
	pigment { color rgbt <0,1,1,0> }
	no_shadow
}
cylinder {
	<27.387659, 34.437233, 36.874729>,  <26.670132, 34.915318, 36.805416>, 0.130000
	pigment { color rgbt <1,0,0,0> }
	no_shadow
}

// nucleotide -1

// particle -1
sphere {
	<27.387659, 34.437233, 36.874729> 0.250000
	pigment { color rgbt <1,0,0,0> }
	no_shadow
}
cylinder {
	<27.427372, 34.794811, 36.699913>,  <27.451199, 35.009357, 36.595024>, 0.100000
	pigment { color rgbt <1,0,0,0> }
	no_shadow
}
cylinder {
	<27.427372, 34.794811, 36.699913>,  <27.387659, 34.437233, 36.874729>, 0.100000
	pigment { color rgbt <1,0,0,0> }
	no_shadow
}

// particle -1
sphere {
	<27.427372, 34.794811, 36.699913> 0.100000
	pigment { color rgbt <1,0,0,0> }
	no_shadow
}
sphere {
	0, 1
	scale<0.080000,0.200000,0.300000>
	matrix <0.693732, 0.252685, 0.674452,
		0.713357, -0.370147, -0.595073,
		0.099280, 0.893947, -0.437038,
		27.457155, 35.062996, 36.568802>
	pigment { color rgbt <0,1,1,0> }
	no_shadow
}
cylinder {
	<28.087826, 34.575451, 36.865097>,  <27.387659, 34.437233, 36.874729>, 0.130000
	pigment { color rgbt <1,0,0,0> }
	no_shadow
}

// nucleotide -1

// particle -1
sphere {
	<28.087826, 34.575451, 36.865097> 0.250000
	pigment { color rgbt <1,0,0,0> }
	no_shadow
}
cylinder {
	<27.888714, 34.922195, 36.854080>,  <27.769247, 35.130241, 36.847469>, 0.100000
	pigment { color rgbt <1,0,0,0> }
	no_shadow
}
cylinder {
	<27.888714, 34.922195, 36.854080>,  <28.087826, 34.575451, 36.865097>, 0.100000
	pigment { color rgbt <1,0,0,0> }
	no_shadow
}

// particle -1
sphere {
	<27.888714, 34.922195, 36.854080> 0.100000
	pigment { color rgbt <1,0,0,0> }
	no_shadow
}
sphere {
	0, 1
	scale<0.080000,0.200000,0.300000>
	matrix <0.586916, 0.360066, 0.725177,
		0.638548, 0.344815, -0.688011,
		-0.497782, 0.866865, -0.027542,
		27.739380, 35.182255, 36.845818>
	pigment { color rgbt <0,1,1,0> }
	no_shadow
}
cylinder {
	<28.534931, 35.154449, 36.984741>,  <28.087826, 34.575451, 36.865097>, 0.130000
	pigment { color rgbt <1,0,0,0> }
	no_shadow
}

// nucleotide -1

// particle -1
sphere {
	<28.534931, 35.154449, 36.984741> 0.250000
	pigment { color rgbt <1,0,0,0> }
	no_shadow
}
cylinder {
	<28.180571, 35.285030, 37.116562>,  <27.967955, 35.363380, 37.195656>, 0.100000
	pigment { color rgbt <1,0,0,0> }
	no_shadow
}
cylinder {
	<28.180571, 35.285030, 37.116562>,  <28.534931, 35.154449, 36.984741>, 0.100000
	pigment { color rgbt <1,0,0,0> }
	no_shadow
}

// particle -1
sphere {
	<28.180571, 35.285030, 37.116562> 0.100000
	pigment { color rgbt <1,0,0,0> }
	no_shadow
}
sphere {
	0, 1
	scale<0.080000,0.200000,0.300000>
	matrix <0.431866, 0.321114, 0.842839,
		0.169324, 0.888996, -0.425460,
		-0.885901, 0.326455, 0.329555,
		27.914801, 35.382965, 37.215427>
	pigment { color rgbt <0,1,1,0> }
	no_shadow
}
cylinder {
	<28.610857, 35.930706, 37.294067>,  <28.534931, 35.154449, 36.984741>, 0.130000
	pigment { color rgbt <1,0,0,0> }
	no_shadow
}

// nucleotide -1

// particle -1
sphere {
	<28.610857, 35.930706, 37.294067> 0.250000
	pigment { color rgbt <1,0,0,0> }
	no_shadow
}
cylinder {
	<28.331972, 35.700142, 37.464546>,  <28.164640, 35.561802, 37.566833>, 0.100000
	pigment { color rgbt <1,0,0,0> }
	no_shadow
}
cylinder {
	<28.331972, 35.700142, 37.464546>,  <28.610857, 35.930706, 37.294067>, 0.100000
	pigment { color rgbt <1,0,0,0> }
	no_shadow
}

// particle -1
sphere {
	<28.331972, 35.700142, 37.464546> 0.100000
	pigment { color rgbt <1,0,0,0> }
	no_shadow
}
sphere {
	0, 1
	scale<0.080000,0.200000,0.300000>
	matrix <0.490630, 0.049783, 0.869945,
		-0.522663, 0.815643, 0.248095,
		-0.697213, -0.576410, 0.426199,
		28.122808, 35.527218, 37.592407>
	pigment { color rgbt <0,1,1,0> }
	no_shadow
}
cylinder {
	<28.226315, 36.180214, 37.897167>,  <28.610857, 35.930706, 37.294067>, 0.130000
	pigment { color rgbt <1,0,0,0> }
	no_shadow
}

// nucleotide -1

// particle -1
sphere {
	<28.226315, 36.180214, 37.897167> 0.250000
	pigment { color rgbt <1,0,0,0> }
	no_shadow
}
cylinder {
	<28.195662, 35.785534, 37.954502>,  <28.177271, 35.548725, 37.988903>, 0.100000
	pigment { color rgbt <1,0,0,0> }
	no_shadow
}
cylinder {
	<28.195662, 35.785534, 37.954502>,  <28.226315, 36.180214, 37.897167>, 0.100000
	pigment { color rgbt <1,0,0,0> }
	no_shadow
}

// particle -1
sphere {
	<28.195662, 35.785534, 37.954502> 0.100000
	pigment { color rgbt <1,0,0,0> }
	no_shadow
}
sphere {
	0, 1
	scale<0.080000,0.200000,0.300000>
	matrix <0.483796, 0.088904, 0.870653,
		-0.871819, 0.136064, 0.470550,
		-0.076631, -0.986703, 0.143335,
		28.172672, 35.489525, 37.997501>
	pigment { color rgbt <0,1,1,0> }
	no_shadow
}
cylinder {
	<28.021416, 36.045918, 38.536594>,  <28.226315, 36.180214, 37.897167>, 0.130000
	pigment { color rgbt <1,0,0,0> }
	no_shadow
}

// nucleotide -1

// particle -1
sphere {
	<28.021416, 36.045918, 38.536594> 0.250000
	pigment { color rgbt <1,0,0,0> }
	no_shadow
}
cylinder {
	<28.229355, 35.725254, 38.418541>,  <28.354118, 35.532856, 38.347710>, 0.100000
	pigment { color rgbt <1,0,0,0> }
	no_shadow
}
cylinder {
	<28.229355, 35.725254, 38.418541>,  <28.021416, 36.045918, 38.536594>, 0.100000
	pigment { color rgbt <1,0,0,0> }
	no_shadow
}

// particle -1
sphere {
	<28.229355, 35.725254, 38.418541> 0.100000
	pigment { color rgbt <1,0,0,0> }
	no_shadow
}
sphere {
	0, 1
	scale<0.080000,0.200000,0.300000>
	matrix <0.535162, 0.036324, 0.843968,
		-0.665852, -0.596680, 0.447899,
		0.519849, -0.801657, -0.295134,
		28.385309, 35.484756, 38.330002>
	pigment { color rgbt <0,1,1,0> }
	no_shadow
}
cylinder {
	<28.158304, 35.616573, 39.077950>,  <28.021416, 36.045918, 38.536594>, 0.130000
	pigment { color rgbt <1,0,0,0> }
	no_shadow
}

// nucleotide -1

// particle -1
sphere {
	<28.158304, 35.616573, 39.077950> 0.250000
	pigment { color rgbt <1,0,0,0> }
	no_shadow
}
cylinder {
	<28.460175, 35.542583, 38.826157>,  <28.641296, 35.498188, 38.675079>, 0.100000
	pigment { color rgbt <1,0,0,0> }
	no_shadow
}
cylinder {
	<28.460175, 35.542583, 38.826157>,  <28.158304, 35.616573, 39.077950>, 0.100000
	pigment { color rgbt <1,0,0,0> }
	no_shadow
}

// particle -1
sphere {
	<28.460175, 35.542583, 38.826157> 0.100000
	pigment { color rgbt <1,0,0,0> }
	no_shadow
}
sphere {
	0, 1
	scale<0.080000,0.200000,0.300000>
	matrix <0.637747, -0.018496, 0.770024,
		-0.154078, -0.982569, 0.104008,
		0.754678, -0.184975, -0.629480,
		28.686579, 35.487091, 38.637314>
	pigment { color rgbt <0,1,1,0> }
	no_shadow
}
cylinder {
	<28.601410, 35.325993, 39.451633>,  <28.158304, 35.616573, 39.077950>, 0.130000
	pigment { color rgbt <1,0,0,0> }
	no_shadow
}

// nucleotide -1

// particle -1
sphere {
	<28.601410, 35.325993, 39.451633> 0.250000
	pigment { color rgbt <1,0,0,0> }
	no_shadow
}
cylinder {
	<28.859972, 35.357594, 39.148075>,  <29.015108, 35.376553, 38.965939>, 0.100000
	pigment { color rgbt <1,0,0,0> }
	no_shadow
}
cylinder {
	<28.859972, 35.357594, 39.148075>,  <28.601410, 35.325993, 39.451633>, 0.100000
	pigment { color rgbt <1,0,0,0> }
	no_shadow
}

// particle -1
sphere {
	<28.859972, 35.357594, 39.148075> 0.100000
	pigment { color rgbt <1,0,0,0> }
	no_shadow
}
sphere {
	0, 1
	scale<0.080000,0.200000,0.300000>
	matrix <0.759177, -0.165981, 0.629365,
		-0.076241, -0.982959, -0.167268,
		0.646403, 0.079003, -0.758895,
		29.053892, 35.381294, 38.920406>
	pigment { color rgbt <0,1,1,0> }
	no_shadow
}
cylinder {
	<29.054670, 34.757229, 39.344948>,  <28.601410, 35.325993, 39.451633>, 0.130000
	pigment { color rgbt <1,0,0,0> }
	no_shadow
}

// nucleotide -1

// particle -1
sphere {
	<29.054670, 34.757229, 39.344948> 0.250000
	pigment { color rgbt <1,0,0,0> }
	no_shadow
}
cylinder {
	<29.278852, 35.059940, 39.210384>,  <29.413363, 35.241566, 39.129646>, 0.100000
	pigment { color rgbt <1,0,0,0> }
	no_shadow
}
cylinder {
	<29.278852, 35.059940, 39.210384>,  <29.054670, 34.757229, 39.344948>, 0.100000
	pigment { color rgbt <1,0,0,0> }
	no_shadow
}

// particle -1
sphere {
	<29.278852, 35.059940, 39.210384> 0.100000
	pigment { color rgbt <1,0,0,0> }
	no_shadow
}
sphere {
	0, 1
	scale<0.080000,0.200000,0.300000>
	matrix <0.783861, -0.353623, 0.510404,
		0.267301, -0.549759, -0.791401,
		0.560457, 0.756780, -0.336411,
		29.446989, 35.286976, 39.109463>
	pigment { color rgbt <0,1,1,0> }
	no_shadow
}
cylinder {
	<29.785826, 34.485104, 39.199505>,  <29.054670, 34.757229, 39.344948>, 0.130000
	pigment { color rgbt <1,0,0,0> }
	no_shadow
}

// nucleotide -1

// particle -1
sphere {
	<29.785826, 34.485104, 39.199505> 0.250000
	pigment { color rgbt <1,0,0,0> }
	no_shadow
}
cylinder {
	<29.809973, 34.883739, 39.222019>,  <29.824461, 35.122921, 39.235527>, 0.100000
	pigment { color rgbt <1,0,0,0> }
	no_shadow
}
cylinder {
	<29.809973, 34.883739, 39.222019>,  <29.785826, 34.485104, 39.199505>, 0.100000
	pigment { color rgbt <1,0,0,0> }
	no_shadow
}

// particle -1
sphere {
	<29.809973, 34.883739, 39.222019> 0.100000
	pigment { color rgbt <1,0,0,0> }
	no_shadow
}
sphere {
	0, 1
	scale<0.080000,0.200000,0.300000>
	matrix <0.945341, -0.075183, 0.317300,
		0.320449, 0.034054, -0.946654,
		0.060367, 0.996588, 0.056285,
		29.828083, 35.182716, 39.238903>
	pigment { color rgbt <0,1,1,0> }
	no_shadow
}
cylinder {
	<30.373539, 34.138130, 39.617584>,  <29.785826, 34.485104, 39.199505>, 0.130000
	pigment { color rgbt <1,0,0,0> }
	no_shadow
}

// nucleotide -1

// particle -1
sphere {
	<30.373539, 34.138130, 39.617584> 0.250000
	pigment { color rgbt <1,0,0,0> }
	no_shadow
}
cylinder {
	<30.705265, 34.357559, 39.660118>,  <30.904301, 34.489216, 39.685638>, 0.100000
	pigment { color rgbt <1,0,0,0> }
	no_shadow
}
cylinder {
	<30.705265, 34.357559, 39.660118>,  <30.373539, 34.138130, 39.617584>, 0.100000
	pigment { color rgbt <1,0,0,0> }
	no_shadow
}

// particle -1
sphere {
	<30.705265, 34.357559, 39.660118> 0.100000
	pigment { color rgbt <1,0,0,0> }
	no_shadow
}
sphere {
	0, 1
	scale<0.080000,0.200000,0.300000>
	matrix <-0.227458, 0.157601, 0.960950,
		0.510393, -0.821116, 0.255478,
		0.829314, 0.548572, 0.106330,
		30.954060, 34.522129, 39.692017>
	pigment { color rgbt <0,1,1,0> }
	no_shadow
}
cylinder {
	<30.785877, 34.578770, 39.152477>,  <30.373539, 34.138130, 39.617584>, 0.130000
	pigment { color rgbt <1,0,0,0> }
	no_shadow
}

// nucleotide -1

// particle -1
sphere {
	<30.785877, 34.578770, 39.152477> 0.250000
	pigment { color rgbt <1,0,0,0> }
	no_shadow
}
cylinder {
	<31.042383, 34.885517, 39.141975>,  <31.196287, 35.069565, 39.135674>, 0.100000
	pigment { color rgbt <1,0,0,0> }
	no_shadow
}
cylinder {
	<31.042383, 34.885517, 39.141975>,  <30.785877, 34.578770, 39.152477>, 0.100000
	pigment { color rgbt <1,0,0,0> }
	no_shadow
}

// particle -1
sphere {
	<31.042383, 34.885517, 39.141975> 0.100000
	pigment { color rgbt <1,0,0,0> }
	no_shadow
}
sphere {
	0, 1
	scale<0.080000,0.200000,0.300000>
	matrix <0.368355, -0.337681, -0.866191,
		-0.673121, 0.545787, -0.499023,
		0.641267, 0.766869, -0.026257,
		31.234764, 35.115578, 39.134098>
	pigment { color rgbt <0,1,1,0> }
	no_shadow
}
cylinder {
	<30.595514, 35.045292, 38.597599>,  <30.785877, 34.578770, 39.152477>, 0.130000
	pigment { color rgbt <1,0,0,0> }
	no_shadow
}

// nucleotide -1

// particle -1
sphere {
	<30.595514, 35.045292, 38.597599> 0.250000
	pigment { color rgbt <1,0,0,0> }
	no_shadow
}
cylinder {
	<30.986151, 35.051220, 38.683437>,  <31.220533, 35.054775, 38.734940>, 0.100000
	pigment { color rgbt <1,0,0,0> }
	no_shadow
}
cylinder {
	<30.986151, 35.051220, 38.683437>,  <30.595514, 35.045292, 38.597599>, 0.100000
	pigment { color rgbt <1,0,0,0> }
	no_shadow
}

// particle -1
sphere {
	<30.986151, 35.051220, 38.683437> 0.100000
	pigment { color rgbt <1,0,0,0> }
	no_shadow
}
sphere {
	0, 1
	scale<0.080000,0.200000,0.300000>
	matrix <0.211177, -0.255814, -0.943379,
		0.040916, 0.966612, -0.252956,
		0.976591, 0.014819, 0.214593,
		31.279129, 35.055664, 38.747814>
	pigment { color rgbt <0,1,1,0> }
	no_shadow
}
cylinder {
	<30.953056, 35.444839, 38.090210>,  <30.595514, 35.045292, 38.597599>, 0.130000
	pigment { color rgbt <1,0,0,0> }
	no_shadow
}

// nucleotide -1

// particle -1
sphere {
	<30.953056, 35.444839, 38.090210> 0.250000
	pigment { color rgbt <1,0,0,0> }
	no_shadow
}
cylinder {
	<31.246943, 35.231403, 38.257771>,  <31.423273, 35.103344, 38.358307>, 0.100000
	pigment { color rgbt <1,0,0,0> }
	no_shadow
}
cylinder {
	<31.246943, 35.231403, 38.257771>,  <30.953056, 35.444839, 38.090210>, 0.100000
	pigment { color rgbt <1,0,0,0> }
	no_shadow
}

// particle -1
sphere {
	<31.246943, 35.231403, 38.257771> 0.100000
	pigment { color rgbt <1,0,0,0> }
	no_shadow
}
sphere {
	0, 1
	scale<0.080000,0.200000,0.300000>
	matrix <0.404242, -0.151527, -0.902013,
		0.544779, 0.832060, 0.104370,
		0.734714, -0.533588, 0.418902,
		31.467356, 35.071327, 38.383442>
	pigment { color rgbt <0,1,1,0> }
	no_shadow
}
cylinder {
	<31.584034, 35.502525, 37.779922>,  <30.953056, 35.444839, 38.090210>, 0.130000
	pigment { color rgbt <1,0,0,0> }
	no_shadow
}

// nucleotide -1

// particle -1
sphere {
	<31.584034, 35.502525, 37.779922> 0.250000
	pigment { color rgbt <1,0,0,0> }
	no_shadow
}
cylinder {
	<31.786161, 35.157890, 37.760654>,  <31.907438, 34.951111, 37.749092>, 0.100000
	pigment { color rgbt <1,0,0,0> }
	no_shadow
}
cylinder {
	<31.786161, 35.157890, 37.760654>,  <31.584034, 35.502525, 37.779922>, 0.100000
	pigment { color rgbt <1,0,0,0> }
	no_shadow
}

// particle -1
sphere {
	<31.786161, 35.157890, 37.760654> 0.100000
	pigment { color rgbt <1,0,0,0> }
	no_shadow
}
sphere {
	0, 1
	scale<0.080000,0.200000,0.300000>
	matrix <0.423737, 0.296372, -0.855927,
		0.751732, 0.412104, 0.514848,
		0.505317, -0.861588, -0.048169,
		31.937757, 34.899414, 37.746204>
	pigment { color rgbt <0,1,1,0> }
	no_shadow
}
cylinder {
	<32.398705, 35.433086, 37.901512>,  <31.584034, 35.502525, 37.779922>, 0.130000
	pigment { color rgbt <1,0,0,0> }
	no_shadow
}

// nucleotide -1

// particle -1
sphere {
	<32.398705, 35.433086, 37.901512> 0.250000
	pigment { color rgbt <1,0,0,0> }
	no_shadow
}
cylinder {
	<32.239841, 35.179733, 37.635853>,  <32.144524, 35.027721, 37.476456>, 0.100000
	pigment { color rgbt <1,0,0,0> }
	no_shadow
}
cylinder {
	<32.239841, 35.179733, 37.635853>,  <32.398705, 35.433086, 37.901512>, 0.100000
	pigment { color rgbt <1,0,0,0> }
	no_shadow
}

// particle -1
sphere {
	<32.239841, 35.179733, 37.635853> 0.100000
	pigment { color rgbt <1,0,0,0> }
	no_shadow
}
sphere {
	0, 1
	scale<0.080000,0.200000,0.300000>
	matrix <0.464780, 0.485195, -0.740652,
		0.791356, -0.602840, 0.101682,
		-0.397159, -0.633379, -0.664150,
		32.120693, 34.989719, 37.436607>
	pigment { color rgbt <0,1,1,0> }
	no_shadow
}
cylinder {
	<32.880672, 35.173851, 37.512226>,  <32.398705, 35.433086, 37.901512>, 0.130000
	pigment { color rgbt <1,0,0,0> }
	no_shadow
}

// nucleotide -1

// particle -1
sphere {
	<32.880672, 35.173851, 37.512226> 0.250000
	pigment { color rgbt <1,0,0,0> }
	no_shadow
}
cylinder {
	<32.555889, 35.135624, 37.281887>,  <32.361019, 35.112690, 37.143684>, 0.100000
	pigment { color rgbt <1,0,0,0> }
	no_shadow
}
cylinder {
	<32.555889, 35.135624, 37.281887>,  <32.880672, 35.173851, 37.512226>, 0.100000
	pigment { color rgbt <1,0,0,0> }
	no_shadow
}

// particle -1
sphere {
	<32.555889, 35.135624, 37.281887> 0.100000
	pigment { color rgbt <1,0,0,0> }
	no_shadow
}
sphere {
	0, 1
	scale<0.080000,0.200000,0.300000>
	matrix <0.520610, 0.327605, -0.788442,
		0.263996, -0.939969, -0.216249,
		-0.811955, -0.095564, -0.575844,
		32.312302, 35.106956, 37.109135>
	pigment { color rgbt <0,1,1,0> }
	no_shadow
}
cylinder {
	<33.151012, 34.772289, 36.983662>,  <32.880672, 35.173851, 37.512226>, 0.130000
	pigment { color rgbt <1,0,0,0> }
	no_shadow
}

// nucleotide -1

// particle -1
sphere {
	<33.151012, 34.772289, 36.983662> 0.250000
	pigment { color rgbt <1,0,0,0> }
	no_shadow
}
cylinder {
	<32.819798, 34.967789, 36.873764>,  <32.621067, 35.085087, 36.807827>, 0.100000
	pigment { color rgbt <1,0,0,0> }
	no_shadow
}
cylinder {
	<32.819798, 34.967789, 36.873764>,  <33.151012, 34.772289, 36.983662>, 0.100000
	pigment { color rgbt <1,0,0,0> }
	no_shadow
}

// particle -1
sphere {
	<32.819798, 34.967789, 36.873764> 0.100000
	pigment { color rgbt <1,0,0,0> }
	no_shadow
}
sphere {
	0, 1
	scale<0.080000,0.200000,0.300000>
	matrix <0.449627, 0.286102, -0.846157,
		-0.334949, -0.824181, -0.456656,
		-0.828037, 0.488744, -0.274744,
		32.571388, 35.114410, 36.791340>
	pigment { color rgbt <0,1,1,0> }
	no_shadow
}
cylinder {
	<33.689571, 34.597359, 36.424183>,  <33.151012, 34.772289, 36.983662>, 0.130000
	pigment { color rgbt <1,0,0,0> }
	no_shadow
}

// nucleotide -1

// particle -1
sphere {
	<33.689571, 34.597359, 36.424183> 0.250000
	pigment { color rgbt <1,0,0,0> }
	no_shadow
}
cylinder {
	<33.516937, 34.893883, 36.218586>,  <33.413357, 35.071796, 36.095226>, 0.100000
	pigment { color rgbt <1,0,0,0> }
	no_shadow
}
cylinder {
	<33.516937, 34.893883, 36.218586>,  <33.689571, 34.597359, 36.424183>, 0.100000
	pigment { color rgbt <1,0,0,0> }
	no_shadow
}

// particle -1
sphere {
	<33.516937, 34.893883, 36.218586> 0.100000
	pigment { color rgbt <1,0,0,0> }
	no_shadow
}
sphere {
	0, 1
	scale<0.080000,0.200000,0.300000>
	matrix <0.466277, 0.671098, 0.576379,
		0.772218, 0.009092, -0.635292,
		-0.431584, 0.741313, -0.513995,
		33.387463, 35.116276, 36.064388>
	pigment { color rgbt <0,1,1,0> }
	no_shadow
}
cylinder {
	<34.250923, 35.155525, 36.262077>,  <33.689571, 34.597359, 36.424183>, 0.130000
	pigment { color rgbt <1,0,0,0> }
	no_shadow
}

// nucleotide -1

// particle -1
sphere {
	<34.250923, 35.155525, 36.262077> 0.250000
	pigment { color rgbt <1,0,0,0> }
	no_shadow
}
cylinder {
	<33.893723, 35.331753, 36.225323>,  <33.679401, 35.437489, 36.203270>, 0.100000
	pigment { color rgbt <1,0,0,0> }
	no_shadow
}
cylinder {
	<33.893723, 35.331753, 36.225323>,  <34.250923, 35.155525, 36.262077>, 0.100000
	pigment { color rgbt <1,0,0,0> }
	no_shadow
}

// particle -1
sphere {
	<33.893723, 35.331753, 36.225323> 0.100000
	pigment { color rgbt <1,0,0,0> }
	no_shadow
}
sphere {
	0, 1
	scale<0.080000,0.200000,0.300000>
	matrix <0.364004, 0.827117, 0.428227,
		0.264661, 0.348963, -0.898988,
		-0.893004, 0.440570, -0.091882,
		33.625820, 35.463924, 36.197758>
	pigment { color rgbt <0,1,1,0> }
	no_shadow
}
cylinder {
	<34.785862, 35.583015, 35.997547>,  <34.250923, 35.155525, 36.262077>, 0.130000
	pigment { color rgbt <1,0,0,0> }
	no_shadow
}

// nucleotide -1

// particle -1
sphere {
	<34.785862, 35.583015, 35.997547> 0.250000
	pigment { color rgbt <1,0,0,0> }
	no_shadow
}
cylinder {
	<34.413288, 35.667374, 35.878918>,  <34.189743, 35.717987, 35.807739>, 0.100000
	pigment { color rgbt <1,0,0,0> }
	no_shadow
}
cylinder {
	<34.413288, 35.667374, 35.878918>,  <34.785862, 35.583015, 35.997547>, 0.100000
	pigment { color rgbt <1,0,0,0> }
	no_shadow
}

// particle -1
sphere {
	<34.413288, 35.667374, 35.878918> 0.100000
	pigment { color rgbt <1,0,0,0> }
	no_shadow
}
sphere {
	0, 1
	scale<0.080000,0.200000,0.300000>
	matrix <-0.349175, -0.747495, 0.565091,
		-0.102514, 0.629901, 0.769880,
		-0.931433, 0.210893, -0.296575,
		34.133858, 35.730640, 35.789944>
	pigment { color rgbt <0,1,1,0> }
	no_shadow
}
cylinder {
	<35.053146, 36.009014, 36.492779>,  <34.785862, 35.583015, 35.997547>, 0.130000
	pigment { color rgbt <1,0,0,0> }
	no_shadow
}

// nucleotide -1

// particle -1
sphere {
	<35.053146, 36.009014, 36.492779> 0.250000
	pigment { color rgbt <1,0,0,0> }
	no_shadow
}
cylinder {
	<35.077614, 36.314854, 36.749416>,  <35.092293, 36.498360, 36.903400>, 0.100000
	pigment { color rgbt <1,0,0,0> }
	no_shadow
}
cylinder {
	<35.077614, 36.314854, 36.749416>,  <35.053146, 36.009014, 36.492779>, 0.100000
	pigment { color rgbt <1,0,0,0> }
	no_shadow
}

// particle -1
sphere {
	<35.077614, 36.314854, 36.749416> 0.100000
	pigment { color rgbt <1,0,0,0> }
	no_shadow
}
sphere {
	0, 1
	scale<0.080000,0.200000,0.300000>
	matrix <0.728386, -0.473681, 0.495056,
		0.682431, 0.437049, -0.585898,
		0.061165, 0.764601, 0.641595,
		35.095963, 36.544235, 36.941895>
	pigment { color rgbt <0,1,1,0> }
	no_shadow
}
cylinder {
	<35.721336, 36.228382, 36.525269>,  <35.053146, 36.009014, 36.492779>, 0.130000
	pigment { color rgbt <1,0,0,0> }
	no_shadow
}

// nucleotide -1

// particle -1
sphere {
	<35.721336, 36.228382, 36.525269> 0.250000
	pigment { color rgbt <1,0,0,0> }
	no_shadow
}
cylinder {
	<35.515789, 36.276375, 36.865044>,  <35.392460, 36.305172, 37.068909>, 0.100000
	pigment { color rgbt <1,0,0,0> }
	no_shadow
}
cylinder {
	<35.515789, 36.276375, 36.865044>,  <35.721336, 36.228382, 36.525269>, 0.100000
	pigment { color rgbt <1,0,0,0> }
	no_shadow
}

// particle -1
sphere {
	<35.515789, 36.276375, 36.865044> 0.100000
	pigment { color rgbt <1,0,0,0> }
	no_shadow
}
sphere {
	0, 1
	scale<0.080000,0.200000,0.300000>
	matrix <0.612873, -0.641503, 0.461368,
		0.600274, 0.757679, 0.256113,
		-0.513866, 0.119983, 0.849438,
		35.361629, 36.312370, 37.119877>
	pigment { color rgbt <0,1,1,0> }
	no_shadow
}
cylinder {
	<36.079388, 35.938404, 37.115917>,  <35.721336, 36.228382, 36.525269>, 0.130000
	pigment { color rgbt <1,0,0,0> }
	no_shadow
}

// nucleotide -1

// particle -1
sphere {
	<36.079388, 35.938404, 37.115917> 0.250000
	pigment { color rgbt <1,0,0,0> }
	no_shadow
}
cylinder {
	<35.744301, 35.989510, 37.328297>,  <35.543247, 36.020172, 37.455723>, 0.100000
	pigment { color rgbt <1,0,0,0> }
	no_shadow
}
cylinder {
	<35.744301, 35.989510, 37.328297>,  <36.079388, 35.938404, 37.115917>, 0.100000
	pigment { color rgbt <1,0,0,0> }
	no_shadow
}

// particle -1
sphere {
	<35.744301, 35.989510, 37.328297> 0.100000
	pigment { color rgbt <1,0,0,0> }
	no_shadow
}
sphere {
	0, 1
	scale<0.080000,0.200000,0.300000>
	matrix <0.416811, -0.478591, 0.772800,
		0.352839, 0.868693, 0.347674,
		-0.837719, 0.127760, 0.530946,
		35.492985, 36.027836, 37.487579>
	pigment { color rgbt <0,1,1,0> }
	no_shadow
}
cylinder {
	<36.202217, 36.381897, 37.751945>,  <36.079388, 35.938404, 37.115917>, 0.130000
	pigment { color rgbt <1,0,0,0> }
	no_shadow
}

// nucleotide -1

// particle -1
sphere {
	<36.202217, 36.381897, 37.751945> 0.250000
	pigment { color rgbt <1,0,0,0> }
	no_shadow
}
cylinder {
	<35.923252, 36.100086, 37.804504>,  <35.755875, 35.931000, 37.836040>, 0.100000
	pigment { color rgbt <1,0,0,0> }
	no_shadow
}
cylinder {
	<35.923252, 36.100086, 37.804504>,  <36.202217, 36.381897, 37.751945>, 0.100000
	pigment { color rgbt <1,0,0,0> }
	no_shadow
}

// particle -1
sphere {
	<35.923252, 36.100086, 37.804504> 0.100000
	pigment { color rgbt <1,0,0,0> }
	no_shadow
}
sphere {
	0, 1
	scale<0.080000,0.200000,0.300000>
	matrix <0.595736, -0.467978, 0.652759,
		-0.398396, 0.533516, 0.746084,
		-0.697409, -0.704526, 0.131394,
		35.714031, 35.888729, 37.843922>
	pigment { color rgbt <0,1,1,0> }
	no_shadow
}
cylinder {
	<36.866928, 36.569195, 37.904030>,  <36.202217, 36.381897, 37.751945>, 0.130000
	pigment { color rgbt <1,0,0,0> }
	no_shadow
}

// nucleotide -1

// particle -1
sphere {
	<36.866928, 36.569195, 37.904030> 0.250000
	pigment { color rgbt <1,0,0,0> }
	no_shadow
}
cylinder {
	<36.733723, 36.192078, 37.897820>,  <36.653801, 35.965809, 37.894093>, 0.100000
	pigment { color rgbt <1,0,0,0> }
	no_shadow
}
cylinder {
	<36.733723, 36.192078, 37.897820>,  <36.866928, 36.569195, 37.904030>, 0.100000
	pigment { color rgbt <1,0,0,0> }
	no_shadow
}

// particle -1
sphere {
	<36.733723, 36.192078, 37.897820> 0.100000
	pigment { color rgbt <1,0,0,0> }
	no_shadow
}
sphere {
	0, 1
	scale<0.080000,0.200000,0.300000>
	matrix <0.769451, -0.281226, 0.573461,
		-0.545021, 0.179027, 0.819086,
		-0.333013, -0.942794, -0.015522,
		36.633820, 35.909241, 37.893162>
	pigment { color rgbt <0,1,1,0> }
	no_shadow
}
cylinder {
	<37.517139, 36.486393, 37.684856>,  <36.866928, 36.569195, 37.904030>, 0.130000
	pigment { color rgbt <1,0,0,0> }
	no_shadow
}

// nucleotide -1

// particle -1
sphere {
	<37.517139, 36.486393, 37.684856> 0.250000
	pigment { color rgbt <1,0,0,0> }
	no_shadow
}
cylinder {
	<37.873600, 36.525394, 37.507614>,  <38.087475, 36.548794, 37.401268>, 0.100000
	pigment { color rgbt <1,0,0,0> }
	no_shadow
}
cylinder {
	<37.873600, 36.525394, 37.507614>,  <37.517139, 36.486393, 37.684856>, 0.100000
	pigment { color rgbt <1,0,0,0> }
	no_shadow
}

// particle -1
sphere {
	<37.873600, 36.525394, 37.507614> 0.100000
	pigment { color rgbt <1,0,0,0> }
	no_shadow
}
sphere {
	0, 1
	scale<0.080000,0.200000,0.300000>
	matrix <0.384384, -0.681106, 0.623172,
		-0.241043, -0.725664, -0.644446,
		0.891149, 0.097503, -0.443109,
		38.140945, 36.554646, 37.374680>
	pigment { color rgbt <0,1,1,0> }
	no_shadow
}
cylinder {
	<37.699036, 35.841740, 37.357567>,  <37.517139, 36.486393, 37.684856>, 0.130000
	pigment { color rgbt <1,0,0,0> }
	no_shadow
}

// nucleotide -1

// particle -1
sphere {
	<37.699036, 35.841740, 37.357567> 0.250000
	pigment { color rgbt <1,0,0,0> }
	no_shadow
}
cylinder {
	<38.035431, 36.044041, 37.434464>,  <38.237267, 36.165421, 37.480602>, 0.100000
	pigment { color rgbt <1,0,0,0> }
	no_shadow
}
cylinder {
	<38.035431, 36.044041, 37.434464>,  <37.699036, 35.841740, 37.357567>, 0.100000
	pigment { color rgbt <1,0,0,0> }
	no_shadow
}

// particle -1
sphere {
	<38.035431, 36.044041, 37.434464> 0.100000
	pigment { color rgbt <1,0,0,0> }
	no_shadow
}
sphere {
	0, 1
	scale<0.080000,0.200000,0.300000>
	matrix <0.383302, -0.807674, 0.448042,
		0.381864, -0.303112, -0.873100,
		0.840987, 0.505752, 0.192238,
		38.287727, 36.195766, 37.492134>
	pigment { color rgbt <0,1,1,0> }
	no_shadow
}
cylinder {
	<38.178825, 35.272575, 37.268990>,  <37.699036, 35.841740, 37.357567>, 0.130000
	pigment { color rgbt <1,0,0,0> }
	no_shadow
}

// nucleotide -1

// particle -1
sphere {
	<38.178825, 35.272575, 37.268990> 0.250000
	pigment { color rgbt <1,0,0,0> }
	no_shadow
}
cylinder {
	<38.325859, 35.551369, 37.515274>,  <38.414078, 35.718643, 37.663044>, 0.100000
	pigment { color rgbt <1,0,0,0> }
	no_shadow
}
cylinder {
	<38.325859, 35.551369, 37.515274>,  <38.178825, 35.272575, 37.268990>, 0.100000
	pigment { color rgbt <1,0,0,0> }
	no_shadow
}

// particle -1
sphere {
	<38.325859, 35.551369, 37.515274> 0.100000
	pigment { color rgbt <1,0,0,0> }
	no_shadow
}
sphere {
	0, 1
	scale<0.080000,0.200000,0.300000>
	matrix <0.438729, -0.713722, 0.546001,
		0.820001, 0.069432, -0.568135,
		0.367580, 0.696979, 0.615715,
		38.436134, 35.760464, 37.699989>
	pigment { color rgbt <0,1,1,0> }
	no_shadow
}
cylinder {
	<38.945930, 35.347130, 37.238285>,  <38.178825, 35.272575, 37.268990>, 0.130000
	pigment { color rgbt <1,0,0,0> }
	no_shadow
}

// nucleotide -1

// particle -1
sphere {
	<38.945930, 35.347130, 37.238285> 0.250000
	pigment { color rgbt <1,0,0,0> }
	no_shadow
}
cylinder {
	<38.793770, 35.436356, 37.597294>,  <38.702473, 35.489891, 37.812698>, 0.100000
	pigment { color rgbt <1,0,0,0> }
	no_shadow
}
cylinder {
	<38.793770, 35.436356, 37.597294>,  <38.945930, 35.347130, 37.238285>, 0.100000
	pigment { color rgbt <1,0,0,0> }
	no_shadow
}

// particle -1
sphere {
	<38.793770, 35.436356, 37.597294> 0.100000
	pigment { color rgbt <1,0,0,0> }
	no_shadow
}
sphere {
	0, 1
	scale<0.080000,0.200000,0.300000>
	matrix <0.451129, -0.802426, 0.390634,
		0.807328, 0.553494, 0.204613,
		-0.380400, 0.223063, 0.897518,
		38.679649, 35.503273, 37.866550>
	pigment { color rgbt <0,1,1,0> }
	no_shadow
}
cylinder {
	<39.010818, 35.519218, 36.529140>,  <38.945930, 35.347130, 37.238285>, 0.130000
	pigment { color rgbt <1,0,0,0> }
	no_shadow
}

// nucleotide -1

// particle -1
sphere {
	<39.010818, 35.519218, 36.529140> 0.250000
	pigment { color rgbt <1,0,0,0> }
	no_shadow
}
cylinder {
	<38.720345, 35.617050, 36.272133>,  <38.546059, 35.675751, 36.117928>, 0.100000
	pigment { color rgbt <1,0,0,0> }
	no_shadow
}
cylinder {
	<38.720345, 35.617050, 36.272133>,  <39.010818, 35.519218, 36.529140>, 0.100000
	pigment { color rgbt <1,0,0,0> }
	no_shadow
}

// particle -1
sphere {
	<38.720345, 35.617050, 36.272133> 0.100000
	pigment { color rgbt <1,0,0,0> }
	no_shadow
}
sphere {
	0, 1
	scale<0.080000,0.200000,0.300000>
	matrix <0.582805, -0.276746, -0.764035,
		-0.364686, -0.929296, 0.058424,
		-0.726184, 0.244583, -0.642524,
		38.502491, 35.690426, 36.079376>
	pigment { color rgbt <0,1,1,0> }
	no_shadow
}
cylinder {
	<39.137882, 35.102158, 35.962471>,  <39.010818, 35.519218, 36.529140>, 0.130000
	pigment { color rgbt <1,0,0,0> }
	no_shadow
}

// nucleotide -1

// particle -1
sphere {
	<39.137882, 35.102158, 35.962471> 0.250000
	pigment { color rgbt <1,0,0,0> }
	no_shadow
}
cylinder {
	<38.932808, 35.410252, 35.810741>,  <38.809765, 35.595108, 35.719704>, 0.100000
	pigment { color rgbt <1,0,0,0> }
	no_shadow
}
cylinder {
	<38.932808, 35.410252, 35.810741>,  <39.137882, 35.102158, 35.962471>, 0.100000
	pigment { color rgbt <1,0,0,0> }
	no_shadow
}

// particle -1
sphere {
	<38.932808, 35.410252, 35.810741> 0.100000
	pigment { color rgbt <1,0,0,0> }
	no_shadow
}
sphere {
	0, 1
	scale<0.080000,0.200000,0.300000>
	matrix <0.671713, 0.084664, -0.735957,
		-0.534747, -0.632112, -0.560785,
		-0.512686, 0.770238, -0.379324,
		38.779003, 35.641323, 35.696945>
	pigment { color rgbt <0,1,1,0> }
	no_shadow
}
cylinder {
	<38.966923, 35.025913, 35.205429>,  <39.137882, 35.102158, 35.962471>, 0.130000
	pigment { color rgbt <1,0,0,0> }
	no_shadow
}

// nucleotide -1

// particle -1
sphere {
	<38.966923, 35.025913, 35.205429> 0.250000
	pigment { color rgbt <1,0,0,0> }
	no_shadow
}
cylinder {
	<38.988213, 35.420521, 35.267323>,  <39.000988, 35.657288, 35.304459>, 0.100000
	pigment { color rgbt <1,0,0,0> }
	no_shadow
}
cylinder {
	<38.988213, 35.420521, 35.267323>,  <38.966923, 35.025913, 35.205429>, 0.100000
	pigment { color rgbt <1,0,0,0> }
	no_shadow
}

// particle -1
sphere {
	<38.988213, 35.420521, 35.267323> 0.100000
	pigment { color rgbt <1,0,0,0> }
	no_shadow
}
sphere {
	0, 1
	scale<0.080000,0.200000,0.300000>
	matrix <0.706077, 0.072390, -0.704426,
		-0.706132, 0.146746, -0.692707,
		0.053227, 0.986522, 0.154731,
		39.004181, 35.716476, 35.313744>
	pigment { color rgbt <0,1,1,0> }
	no_shadow
}
cylinder {
	<38.753059, 35.239567, 34.648438>,  <38.966923, 35.025913, 35.205429>, 0.130000
	pigment { color rgbt <1,0,0,0> }
	no_shadow
}

// nucleotide -1

// particle -1
sphere {
	<38.753059, 35.239567, 34.648438> 0.250000
	pigment { color rgbt <1,0,0,0> }
	no_shadow
}
cylinder {
	<38.992519, 35.508564, 34.822506>,  <39.136196, 35.669964, 34.926949>, 0.100000
	pigment { color rgbt <1,0,0,0> }
	no_shadow
}
cylinder {
	<38.992519, 35.508564, 34.822506>,  <38.753059, 35.239567, 34.648438>, 0.100000
	pigment { color rgbt <1,0,0,0> }
	no_shadow
}

// particle -1
sphere {
	<38.992519, 35.508564, 34.822506> 0.100000
	pigment { color rgbt <1,0,0,0> }
	no_shadow
}
sphere {
	0, 1
	scale<0.080000,0.200000,0.300000>
	matrix <0.658352, -0.103615, -0.745544,
		-0.456284, 0.732813, -0.504767,
