// switches for output
#declare DRAW_BASES = 1; // possible values are 0, 1; only relevant for DNA ribbons
#declare DRAW_BASES_TYPE = 3; // possible values are 1, 2, 3; only relevant for DNA ribbons
#declare DRAW_FOG = 0; // set to 1 to enable fog

#include "colors.inc"

#include "transforms.inc"
background { rgb <1, 1, 1>}

#default {
   normal{
       ripples 0.25
       frequency 0.20
       turbulence 0.2
       lambda 5
   }
	finish {
		phong 0.1
		phong_size 40.
	}
}

// original window dimensions: 1024x640


// camera settings

camera {
	sky <0, 0.179814, -0.983701>
	up <0, 0.179814, -0.983701>
	right 1.6 * <1, 0, 0>
	location <35, 94.9851, 44.8844>
	look_at <35, 29.7336, 32.9568>
	direction <0, -65.2515, -11.9276>
	angle 67.0682
}


# declare cpy_camera_pos = <35, 94.9851, 44.8844>;
# if (DRAW_FOG = 1)
fog {
	fog_type 2
	up vnormalize(cpy_camera_pos)
	color rgbt<1,1,1,0.3>
	distance 1e-5
	fog_alt 3e-3
	fog_offset 56
}
# end


// LIGHTS

# declare lum = 6;
global_settings {
	ambient_light rgb lum * <0.05, 0.05, 0.05>
	max_trace_level 15
}# declare cpy_direct_light_amount = 0.25;
light_source
{	1000 * <-1, -1.16352, -0.803886>,
	rgb lum * cpy_direct_light_amount
	parallel
}

light_source
{	1000 * <1, 1.16352, 0.803886>,
	rgb lum * cpy_direct_light_amount
	parallel
}

// strand 0

// nucleotide -1

// particle -1
sphere {
	<24.342005, 34.552876, 34.833645> 0.250000
	pigment { color rgbt <1,0,0,0> }
	no_shadow
}
cylinder {
	<24.207502, 34.887970, 35.005749>,  <24.126801, 35.089027, 35.109013>, 0.100000
	pigment { color rgbt <1,0,0,0> }
	no_shadow
}
cylinder {
	<24.207502, 34.887970, 35.005749>,  <24.342005, 34.552876, 34.833645>, 0.100000
	pigment { color rgbt <1,0,0,0> }
	no_shadow
}

// particle -1
sphere {
	<24.207502, 34.887970, 35.005749> 0.100000
	pigment { color rgbt <1,0,0,0> }
	no_shadow
}
sphere {
	0, 1
	scale<0.080000,0.200000,0.300000>
	matrix <0.423815, 0.542594, -0.725240,
		-0.841019, -0.061514, -0.537497,
		-0.336254, 0.837740, 0.430261,
		24.106627, 35.139294, 35.134827>
	pigment { color rgbt <0,1,1,0> }
	no_shadow
}
cylinder {
	<23.904364, 35.091770, 34.491146>,  <24.342005, 34.552876, 34.833645>, 0.130000
	pigment { color rgbt <1,0,0,0> }
	no_shadow
}

// nucleotide -1

// particle -1
sphere {
	<23.904364, 35.091770, 34.491146> 0.250000
	pigment { color rgbt <1,0,0,0> }
	no_shadow
}
cylinder {
	<24.103230, 35.305828, 34.764336>,  <24.222549, 35.434261, 34.928249>, 0.100000
	pigment { color rgbt <1,0,0,0> }
	no_shadow
}
cylinder {
	<24.103230, 35.305828, 34.764336>,  <23.904364, 35.091770, 34.491146>, 0.100000
	pigment { color rgbt <1,0,0,0> }
	no_shadow
}

// particle -1
sphere {
	<24.103230, 35.305828, 34.764336> 0.100000
	pigment { color rgbt <1,0,0,0> }
	no_shadow
}
sphere {
	0, 1
	scale<0.080000,0.200000,0.300000>
	matrix <0.609229, 0.345164, -0.713934,
		-0.617793, 0.771029, -0.154420,
		0.497164, 0.535141, 0.682973,
		24.252378, 35.466370, 34.969227>
	pigment { color rgbt <0,1,1,0> }
	no_shadow
}
cylinder {
	<24.061689, 35.843555, 34.281197>,  <23.904364, 35.091770, 34.491146>, 0.130000
	pigment { color rgbt <1,0,0,0> }
	no_shadow
}

// nucleotide -1

// particle -1
sphere {
	<24.061689, 35.843555, 34.281197> 0.250000
	pigment { color rgbt <1,0,0,0> }
	no_shadow
}
cylinder {
	<24.330189, 35.706581, 34.544151>,  <24.491289, 35.624397, 34.701923>, 0.100000
	pigment { color rgbt <1,0,0,0> }
	no_shadow
}
cylinder {
	<24.330189, 35.706581, 34.544151>,  <24.061689, 35.843555, 34.281197>, 0.100000
	pigment { color rgbt <1,0,0,0> }
	no_shadow
}

// particle -1
sphere {
	<24.330189, 35.706581, 34.544151> 0.100000
	pigment { color rgbt <1,0,0,0> }
	no_shadow
}
sphere {
	0, 1
	scale<0.080000,0.200000,0.300000>
	matrix <0.740442, 0.268871, -0.615998,
		0.034189, 0.900246, 0.434036,
		0.671250, -0.342439, 0.657388,
		24.531565, 35.603848, 34.741367>
	pigment { color rgbt <0,1,1,0> }
	no_shadow
}
cylinder {
	<24.580532, 36.380978, 34.603226>,  <24.061689, 35.843555, 34.281197>, 0.130000
	pigment { color rgbt <1,0,0,0> }
	no_shadow
}

// nucleotide -1

// particle -1
sphere {
	<24.580532, 36.380978, 34.603226> 0.250000
	pigment { color rgbt <1,0,0,0> }
	no_shadow
}
cylinder {
	<24.738518, 36.018616, 34.542114>,  <24.833309, 35.801197, 34.505447>, 0.100000
	pigment { color rgbt <1,0,0,0> }
	no_shadow
}
cylinder {
	<24.738518, 36.018616, 34.542114>,  <24.580532, 36.380978, 34.603226>, 0.100000
	pigment { color rgbt <1,0,0,0> }
	no_shadow
}

// particle -1
sphere {
	<24.738518, 36.018616, 34.542114> 0.100000
	pigment { color rgbt <1,0,0,0> }
	no_shadow
}
sphere {
	0, 1
	scale<0.080000,0.200000,0.300000>
	matrix <0.601534, 0.380703, -0.702298,
		0.694377, 0.185482, 0.695296,
		0.394965, -0.905904, -0.152778,
		24.857008, 35.746845, 34.496281>
	pigment { color rgbt <0,1,1,0> }
	no_shadow
}
cylinder {
	<25.188986, 36.467285, 34.173592>,  <24.580532, 36.380978, 34.603226>, 0.130000
	pigment { color rgbt <1,0,0,0> }
	no_shadow
}

// nucleotide -1

// particle -1
sphere {
	<25.188986, 36.467285, 34.173592> 0.250000
	pigment { color rgbt <1,0,0,0> }
	no_shadow
}
cylinder {
	<25.161572, 36.070164, 34.134327>,  <25.145123, 35.831890, 34.110767>, 0.100000
	pigment { color rgbt <1,0,0,0> }
	no_shadow
}
cylinder {
	<25.161572, 36.070164, 34.134327>,  <25.188986, 36.467285, 34.173592>, 0.100000
	pigment { color rgbt <1,0,0,0> }
	no_shadow
}

// particle -1
sphere {
	<25.161572, 36.070164, 34.134327> 0.100000
	pigment { color rgbt <1,0,0,0> }
	no_shadow
}
sphere {
	0, 1
	scale<0.080000,0.200000,0.300000>
	matrix <0.599679, 0.037640, -0.799355,
		0.797300, -0.113650, 0.592786,
		-0.068535, -0.992808, -0.098164,
		25.141010, 35.772320, 34.104877>
	pigment { color rgbt <0,1,1,0> }
	no_shadow
}
cylinder {
	<25.835545, 36.292648, 33.903370>,  <25.188986, 36.467285, 34.173592>, 0.130000
	pigment { color rgbt <1,0,0,0> }
	no_shadow
}

// nucleotide -1

// particle -1
sphere {
	<25.835545, 36.292648, 33.903370> 0.250000
	pigment { color rgbt <1,0,0,0> }
	no_shadow
}
cylinder {
	<25.585037, 35.987095, 33.841057>,  <25.434732, 35.803764, 33.803669>, 0.100000
	pigment { color rgbt <1,0,0,0> }
	no_shadow
}
cylinder {
	<25.585037, 35.987095, 33.841057>,  <25.835545, 36.292648, 33.903370>, 0.100000
	pigment { color rgbt <1,0,0,0> }
	no_shadow
}

// particle -1
sphere {
	<25.585037, 35.987095, 33.841057> 0.100000
	pigment { color rgbt <1,0,0,0> }
	no_shadow
}
sphere {
	0, 1
	scale<0.080000,0.200000,0.300000>
	matrix <0.461804, -0.202504, -0.863556,
		0.628111, -0.612758, 0.479587,
		-0.626270, -0.763884, -0.155779,
		25.397156, 35.757931, 33.794323>
	pigment { color rgbt <0,1,1,0> }
	no_shadow
}
cylinder {
	<26.292229, 35.654686, 33.866482>,  <25.835545, 36.292648, 33.903370>, 0.130000
	pigment { color rgbt <1,0,0,0> }
	no_shadow
}

// nucleotide -1

// particle -1
sphere {
	<26.292229, 35.654686, 33.866482> 0.250000
	pigment { color rgbt <1,0,0,0> }
	no_shadow
}
cylinder {
	<25.950762, 35.546680, 33.688339>,  <25.745882, 35.481876, 33.581451>, 0.100000
	pigment { color rgbt <1,0,0,0> }
	no_shadow
}
cylinder {
	<25.950762, 35.546680, 33.688339>,  <26.292229, 35.654686, 33.866482>, 0.100000
	pigment { color rgbt <1,0,0,0> }
	no_shadow
}

// particle -1
sphere {
	<25.950762, 35.546680, 33.688339> 0.100000
	pigment { color rgbt <1,0,0,0> }
	no_shadow
}
sphere {
	0, 1
	scale<0.080000,0.200000,0.300000>
	matrix <0.515188, -0.312394, -0.798117,
		0.076377, -0.910770, 0.405789,
		-0.853667, -0.270015, -0.445358,
		25.694662, 35.465675, 33.554733>
	pigment { color rgbt <0,1,1,0> }
	no_shadow
}
cylinder {
	<26.277679, 34.902733, 33.649158>,  <26.292229, 35.654686, 33.866482>, 0.130000
	pigment { color rgbt <1,0,0,0> }
	no_shadow
}

// nucleotide -1

// particle -1
sphere {
	<26.277679, 34.902733, 33.649158> 0.250000
	pigment { color rgbt <1,0,0,0> }
	no_shadow
}
cylinder {
	<26.025463, 35.119896, 33.427284>,  <25.874134, 35.250195, 33.294159>, 0.100000
	pigment { color rgbt <1,0,0,0> }
	no_shadow
}
cylinder {
	<26.025463, 35.119896, 33.427284>,  <26.277679, 34.902733, 33.649158>, 0.100000
	pigment { color rgbt <1,0,0,0> }
	no_shadow
}

// particle -1
sphere {
	<26.025463, 35.119896, 33.427284> 0.100000
	pigment { color rgbt <1,0,0,0> }
	no_shadow
}
sphere {
	0, 1
	scale<0.080000,0.200000,0.300000>
	matrix <0.272138, -0.514646, -0.813069,
		-0.726885, -0.663622, 0.176760,
		-0.630539, 0.542904, -0.554685,
		25.836302, 35.282768, 33.260880>
	pigment { color rgbt <0,1,1,0> }
	no_shadow
}
cylinder {
	<25.648405, 34.581348, 33.263874>,  <26.277679, 34.902733, 33.649158>, 0.130000
	pigment { color rgbt <1,0,0,0> }
	no_shadow
}

// nucleotide -1

// particle -1
sphere {
	<25.648405, 34.581348, 33.263874> 0.250000
	pigment { color rgbt <1,0,0,0> }
	no_shadow
}
cylinder {
	<25.782883, 34.884933, 33.040825>,  <25.863569, 35.067085, 32.906994>, 0.100000
	pigment { color rgbt <1,0,0,0> }
	no_shadow
}
cylinder {
	<25.782883, 34.884933, 33.040825>,  <25.648405, 34.581348, 33.263874>, 0.100000
	pigment { color rgbt <1,0,0,0> }
	no_shadow
}

// particle -1
sphere {
	<25.782883, 34.884933, 33.040825> 0.100000
	pigment { color rgbt <1,0,0,0> }
	no_shadow
}
sphere {
	0, 1
	scale<0.080000,0.200000,0.300000>
	matrix <-0.137171, -0.546311, -0.826274,
		-0.931750, 0.354278, -0.079558,
		0.336194, 0.758967, -0.557622,
		25.883741, 35.112625, 32.873539>
	pigment { color rgbt <0,1,1,0> }
	no_shadow
}
cylinder {
	<25.162992, 34.852493, 32.625790>,  <25.648405, 34.581348, 33.263874>, 0.130000
	pigment { color rgbt <1,0,0,0> }
	no_shadow
}

// nucleotide -1

// particle -1
sphere {
	<25.162992, 34.852493, 32.625790> 0.250000
	pigment { color rgbt <1,0,0,0> }
	no_shadow
}
cylinder {
	<25.550142, 34.939342, 32.575069>,  <25.782433, 34.991451, 32.544636>, 0.100000
	pigment { color rgbt <1,0,0,0> }
	no_shadow
}
cylinder {
	<25.550142, 34.939342, 32.575069>,  <25.162992, 34.852493, 32.625790>, 0.100000
	pigment { color rgbt <1,0,0,0> }
	no_shadow
}

// particle -1
sphere {
	<25.550142, 34.939342, 32.575069> 0.100000
	pigment { color rgbt <1,0,0,0> }
	no_shadow
}
sphere {
	0, 1
	scale<0.080000,0.200000,0.300000>
	matrix <-0.020552, -0.434293, -0.900537,
		-0.250597, 0.874212, -0.415878,
		0.967873, 0.217124, -0.126799,
		25.840504, 35.004478, 32.537029>
	pigment { color rgbt <0,1,1,0> }
	no_shadow
}
cylinder {
	<25.246540, 35.153923, 31.921377>,  <25.162992, 34.852493, 32.625790>, 0.130000
	pigment { color rgbt <1,0,0,0> }
	no_shadow
}

// nucleotide -1

// particle -1
sphere {
	<25.246540, 35.153923, 31.921377> 0.250000
	pigment { color rgbt <1,0,0,0> }
	no_shadow
}
cylinder {
	<25.581810, 34.984241, 32.058498>,  <25.782972, 34.882431, 32.140770>, 0.100000
	pigment { color rgbt <1,0,0,0> }
	no_shadow
}
cylinder {
	<25.581810, 34.984241, 32.058498>,  <25.246540, 35.153923, 31.921377>, 0.100000
	pigment { color rgbt <1,0,0,0> }
	no_shadow
}

// particle -1
sphere {
	<25.581810, 34.984241, 32.058498> 0.100000
	pigment { color rgbt <1,0,0,0> }
	no_shadow
}
sphere {
	0, 1
	scale<0.080000,0.200000,0.300000>
	matrix <0.001474, -0.626765, -0.779207,
		0.545400, 0.653617, -0.524713,
		0.838174, -0.424206, 0.342801,
		25.833261, 34.856979, 32.161339>
	pigment { color rgbt <0,1,1,0> }
	no_shadow
}
cylinder {
	<25.784437, 35.171295, 31.385515>,  <25.246540, 35.153923, 31.921377>, 0.130000
	pigment { color rgbt <1,0,0,0> }
	no_shadow
}

// nucleotide -1

// particle -1
sphere {
	<25.784437, 35.171295, 31.385515> 0.250000
	pigment { color rgbt <1,0,0,0> }
	no_shadow
}
cylinder {
	<25.813044, 34.854252, 31.627726>,  <25.830208, 34.664028, 31.773052>, 0.100000
	pigment { color rgbt <1,0,0,0> }
	no_shadow
}
cylinder {
	<25.813044, 34.854252, 31.627726>,  <25.784437, 35.171295, 31.385515>, 0.100000
	pigment { color rgbt <1,0,0,0> }
	no_shadow
}

// particle -1
sphere {
	<25.813044, 34.854252, 31.627726> 0.100000
	pigment { color rgbt <1,0,0,0> }
	no_shadow
}
sphere {
	0, 1
	scale<0.080000,0.200000,0.300000>
	matrix <0.095846, -0.598812, -0.795134,
		0.992824, 0.114904, 0.033142,
		0.071518, -0.792604, 0.605528,
		25.834499, 34.616470, 31.809383>
	pigment { color rgbt <0,1,1,0> }
	no_shadow
}
cylinder {
	<26.319159, 34.733143, 31.232265>,  <25.784437, 35.171295, 31.385515>, 0.130000
	pigment { color rgbt <1,0,0,0> }
	no_shadow
}

// nucleotide -1

// particle -1
sphere {
	<26.319159, 34.733143, 31.232265> 0.250000
	pigment { color rgbt <1,0,0,0> }
	no_shadow
}
cylinder {
	<26.065840, 34.483200, 31.414909>,  <25.913849, 34.333237, 31.524496>, 0.100000
	pigment { color rgbt <1,0,0,0> }
	no_shadow
}
cylinder {
	<26.065840, 34.483200, 31.414909>,  <26.319159, 34.733143, 31.232265>, 0.100000
	pigment { color rgbt <1,0,0,0> }
	no_shadow
}

// particle -1
sphere {
	<26.065840, 34.483200, 31.414909> 0.100000
	pigment { color rgbt <1,0,0,0> }
	no_shadow
}
sphere {
	0, 1
	scale<0.080000,0.200000,0.300000>
	matrix <0.009968, -0.596541, -0.802521,
		0.773844, -0.503683, 0.384017,
		-0.633298, -0.624854, 0.456609,
		25.875851, 34.295742, 31.551891>
	pigment { color rgbt <0,1,1,0> }
	no_shadow
}
cylinder {
	<26.136908, 33.987926, 31.143061>,  <26.319159, 34.733143, 31.232265>, 0.130000
	pigment { color rgbt <1,0,0,0> }
	no_shadow
}

// nucleotide -1

// particle -1
sphere {
	<26.136908, 33.987926, 31.143061> 0.250000
	pigment { color rgbt <1,0,0,0> }
	no_shadow
}
cylinder {
	<26.343622, 33.647457, 31.179790>,  <26.467651, 33.443176, 31.201828>, 0.100000
	pigment { color rgbt <1,0,0,0> }
	no_shadow
}
cylinder {
	<26.343622, 33.647457, 31.179790>,  <26.136908, 33.987926, 31.143061>, 0.100000
	pigment { color rgbt <1,0,0,0> }
	no_shadow
}

// particle -1
sphere {
	<26.343622, 33.647457, 31.179790> 0.100000
	pigment { color rgbt <1,0,0,0> }
	no_shadow
}
sphere {
	0, 1
	scale<0.080000,0.200000,0.300000>
	matrix <-0.750279, -0.398633, 0.527421,
		-0.412326, -0.341455, -0.844628,
		0.516787, -0.851176, 0.091820,
		26.498659, 33.392105, 31.207338>
	pigment { color rgbt <0,1,1,0> }
	no_shadow
}
cylinder {
	<25.776333, 33.287445, 30.991465>,  <26.136908, 33.987926, 31.143061>, 0.130000
	pigment { color rgbt <1,0,0,0> }
	no_shadow
}

// nucleotide -1

// particle -1
sphere {
	<25.776333, 33.287445, 30.991465> 0.250000
	pigment { color rgbt <1,0,0,0> }
	no_shadow
}
cylinder {
	<26.064053, 33.238903, 31.265072>,  <26.236685, 33.209778, 31.429237>, 0.100000
	pigment { color rgbt <1,0,0,0> }
	no_shadow
}
cylinder {
	<26.064053, 33.238903, 31.265072>,  <25.776333, 33.287445, 30.991465>, 0.100000
	pigment { color rgbt <1,0,0,0> }
	no_shadow
}

// particle -1
sphere {
	<26.064053, 33.238903, 31.265072> 0.100000
	pigment { color rgbt <1,0,0,0> }
	no_shadow
}
sphere {
	0, 1
	scale<0.080000,0.200000,0.300000>
	matrix <-0.598246, -0.608736, 0.521098,
		0.353147, -0.784036, -0.510465,
		0.719298, -0.121359, 0.684020,
		26.279842, 33.202496, 31.470278>
	pigment { color rgbt <0,1,1,0> }
	no_shadow
}
cylinder {
	<25.717945, 32.670006, 31.331028>,  <25.776333, 33.287445, 30.991465>, 0.130000
	pigment { color rgbt <1,0,0,0> }
	no_shadow
}

// nucleotide -1

// particle -1
sphere {
	<25.717945, 32.670006, 31.331028> 0.250000
	pigment { color rgbt <1,0,0,0> }
	no_shadow
}
cylinder {
	<26.002523, 32.799580, 31.580479>,  <26.173271, 32.877323, 31.730148>, 0.100000
	pigment { color rgbt <1,0,0,0> }
	no_shadow
}
cylinder {
	<26.002523, 32.799580, 31.580479>,  <25.717945, 32.670006, 31.331028>, 0.100000
	pigment { color rgbt <1,0,0,0> }
	no_shadow
}

// particle -1
sphere {
	<26.002523, 32.799580, 31.580479> 0.100000
	pigment { color rgbt <1,0,0,0> }
	no_shadow
}
sphere {
	0, 1
	scale<0.080000,0.200000,0.300000>
	matrix <-0.424374, -0.509293, 0.748684,
		0.560135, -0.797298, -0.224864,
		0.711446, 0.323938, 0.623625,
		26.215958, 32.896763, 31.767567>
	pigment { color rgbt <0,1,1,0> }
	no_shadow
}
cylinder {
	<25.494743, 32.298340, 31.980476>,  <25.717945, 32.670006, 31.331028>, 0.130000
	pigment { color rgbt <1,0,0,0> }
	no_shadow
}

// nucleotide -1

// particle -1
sphere {
	<25.494743, 32.298340, 31.980476> 0.250000
	pigment { color rgbt <1,0,0,0> }
	no_shadow
}
cylinder {
	<25.838705, 32.491337, 32.047119>,  <26.045082, 32.607136, 32.087105>, 0.100000
	pigment { color rgbt <1,0,0,0> }
	no_shadow
}
cylinder {
	<25.838705, 32.491337, 32.047119>,  <25.494743, 32.298340, 31.980476>, 0.100000
	pigment { color rgbt <1,0,0,0> }
	no_shadow
}

// particle -1
sphere {
	<25.838705, 32.491337, 32.047119> 0.100000
	pigment { color rgbt <1,0,0,0> }
	no_shadow
}
sphere {
	0, 1
	scale<0.080000,0.200000,0.300000>
	matrix <-0.143062, -0.085508, 0.986013,
		0.489995, -0.871714, -0.004502,
		0.859906, 0.482497, 0.166607,
		26.096678, 32.636086, 32.097103>
	pigment { color rgbt <0,1,1,0> }
	no_shadow
}
cylinder {
	<25.877756, 31.889572, 32.527916>,  <25.494743, 32.298340, 31.980476>, 0.130000
	pigment { color rgbt <1,0,0,0> }
	no_shadow
}

// nucleotide -1

// particle -1
sphere {
	<25.877756, 31.889572, 32.527916> 0.250000
	pigment { color rgbt <1,0,0,0> }
	no_shadow
}
cylinder {
	<26.006973, 32.268078, 32.533947>,  <26.084503, 32.495182, 32.537567>, 0.100000
	pigment { color rgbt <1,0,0,0> }
	no_shadow
}
cylinder {
	<26.006973, 32.268078, 32.533947>,  <25.877756, 31.889572, 32.527916>, 0.100000
	pigment { color rgbt <1,0,0,0> }
	no_shadow
}

// particle -1
sphere {
	<26.006973, 32.268078, 32.533947> 0.100000
	pigment { color rgbt <1,0,0,0> }
	no_shadow
}
sphere {
	0, 1
	scale<0.080000,0.200000,0.300000>
	matrix <-0.107232, 0.020769, 0.994017,
		0.940290, -0.322727, 0.108179,
		0.323043, 0.946264, 0.015078,
		26.103886, 32.551956, 32.538471>
	pigment { color rgbt <0,1,1,0> }
	no_shadow
}
cylinder {
	<26.243593, 31.990641, 33.045879>,  <25.877756, 31.889572, 32.527916>, 0.130000
	pigment { color rgbt <1,0,0,0> }
	no_shadow
}

// nucleotide -1

// particle -1
sphere {
	<26.243593, 31.990641, 33.045879> 0.250000
	pigment { color rgbt <1,0,0,0> }
	no_shadow
}
cylinder {
	<26.131590, 32.371151, 32.994232>,  <26.064388, 32.599457, 32.963242>, 0.100000
	pigment { color rgbt <1,0,0,0> }
	no_shadow
}
cylinder {
	<26.131590, 32.371151, 32.994232>,  <26.243593, 31.990641, 33.045879>, 0.100000
	pigment { color rgbt <1,0,0,0> }
	no_shadow
}

// particle -1
sphere {
	<26.131590, 32.371151, 32.994232> 0.100000
	pigment { color rgbt <1,0,0,0> }
	no_shadow
}
sphere {
	0, 1
	scale<0.080000,0.200000,0.300000>
	matrix <-0.167048, 0.084169, 0.982350,
		0.945352, 0.296635, 0.135341,
		-0.280008, 0.951274, -0.129122,
		26.047588, 32.656532, 32.955494>
	pigment { color rgbt <0,1,1,0> }
	no_shadow
}
cylinder {
	<26.488680, 32.476372, 33.689304>,  <26.243593, 31.990641, 33.045879>, 0.130000
	pigment { color rgbt <1,0,0,0> }
	no_shadow
}

// nucleotide -1

// particle -1
sphere {
	<26.488680, 32.476372, 33.689304> 0.250000
	pigment { color rgbt <1,0,0,0> }
	no_shadow
}
cylinder {
	<26.172890, 32.634857, 33.501797>,  <25.983416, 32.729950, 33.389294>, 0.100000
	pigment { color rgbt <1,0,0,0> }
	no_shadow
}
cylinder {
	<26.172890, 32.634857, 33.501797>,  <26.488680, 32.476372, 33.689304>, 0.100000
	pigment { color rgbt <1,0,0,0> }
	no_shadow
}

// particle -1
sphere {
	<26.172890, 32.634857, 33.501797> 0.100000
	pigment { color rgbt <1,0,0,0> }
	no_shadow
}
sphere {
	0, 1
	scale<0.080000,0.200000,0.300000>
	matrix <-0.491096, 0.050367, 0.869648,
		0.368180, 0.916775, 0.154817,
		-0.789474, 0.396217, -0.468768,
		25.936049, 32.753723, 33.361168>
	pigment { color rgbt <0,1,1,0> }
	no_shadow
}
cylinder {
	<26.291998, 32.991314, 34.162331>,  <26.488680, 32.476372, 33.689304>, 0.130000
	pigment { color rgbt <1,0,0,0> }
	no_shadow
}

// nucleotide -1

// particle -1
sphere {
	<26.291998, 32.991314, 34.162331> 0.250000
	pigment { color rgbt <1,0,0,0> }
	no_shadow
}
cylinder {
	<25.960325, 32.905067, 33.956043>,  <25.761322, 32.853317, 33.832272>, 0.100000
	pigment { color rgbt <1,0,0,0> }
	no_shadow
}
cylinder {
	<25.960325, 32.905067, 33.956043>,  <26.291998, 32.991314, 34.162331>, 0.100000
	pigment { color rgbt <1,0,0,0> }
	no_shadow
}

// particle -1
sphere {
	<25.960325, 32.905067, 33.956043> 0.100000
	pigment { color rgbt <1,0,0,0> }
	no_shadow
}
sphere {
	0, 1
	scale<0.080000,0.200000,0.300000>
	matrix <-0.553560, 0.188580, 0.811178,
		-0.077651, 0.958095, -0.275725,
		-0.829182, -0.215618, -0.515719,
		25.711571, 32.840382, 33.801327>
	pigment { color rgbt <0,1,1,0> }
	no_shadow
}
cylinder {
	<26.676291, 33.674828, 34.379635>,  <26.291998, 32.991314, 34.162331>, 0.130000
	pigment { color rgbt <1,0,0,0> }
	no_shadow
}

// nucleotide -1

// particle -1
sphere {
	<26.676291, 33.674828, 34.379635> 0.250000
	pigment { color rgbt <1,0,0,0> }
	no_shadow
}
cylinder {
	<26.761448, 33.783833, 34.004314>,  <26.812542, 33.849236, 33.779121>, 0.100000
	pigment { color rgbt <1,0,0,0> }
	no_shadow
}
cylinder {
	<26.761448, 33.783833, 34.004314>,  <26.676291, 33.674828, 34.379635>, 0.100000
	pigment { color rgbt <1,0,0,0> }
	no_shadow
}

// particle -1
sphere {
	<26.761448, 33.783833, 34.004314> 0.100000
	pigment { color rgbt <1,0,0,0> }
	no_shadow
}
sphere {
	0, 1
	scale<0.080000,0.200000,0.300000>
	matrix <0.856779, 0.409564, 0.313348,
		0.469687, -0.870628, -0.146292,
		0.212893, 0.272516, -0.938302,
		26.825315, 33.865585, 33.722824>
	pigment { color rgbt <0,1,1,0> }
	no_shadow
}
cylinder {
	<27.417004, 33.467747, 34.156254>,  <26.676291, 33.674828, 34.379635>, 0.130000
	pigment { color rgbt <1,0,0,0> }
	no_shadow
}

// nucleotide -1

// particle -1
sphere {
	<27.417004, 33.467747, 34.156254> 0.250000
	pigment { color rgbt <1,0,0,0> }
	no_shadow
}
cylinder {
	<27.270184, 33.801842, 33.992470>,  <27.182091, 34.002300, 33.894199>, 0.100000
	pigment { color rgbt <1,0,0,0> }
	no_shadow
}
cylinder {
	<27.270184, 33.801842, 33.992470>,  <27.417004, 33.467747, 34.156254>, 0.100000
	pigment { color rgbt <1,0,0,0> }
	no_shadow
}

// particle -1
sphere {
	<27.270184, 33.801842, 33.992470> 0.100000
	pigment { color rgbt <1,0,0,0> }
	no_shadow
}
sphere {
	0, 1
	scale<0.080000,0.200000,0.300000>
	matrix <0.712034, 0.535527, 0.454113,
		0.598567, -0.124866, -0.791281,
		-0.367049, 0.835236, -0.409458,
		27.160069, 34.052414, 33.869633>
	pigment { color rgbt <0,1,1,0> }
	no_shadow
}
cylinder {
	<28.029085, 33.738976, 33.947651>,  <27.417004, 33.467747, 34.156254>, 0.130000
	pigment { color rgbt <1,0,0,0> }
	no_shadow
}

// nucleotide -1

// particle -1
sphere {
	<28.029085, 33.738976, 33.947651> 0.250000
	pigment { color rgbt <1,0,0,0> }
	no_shadow
}
cylinder {
	<27.732691, 33.994244, 34.031246>,  <27.554853, 34.147404, 34.081402>, 0.100000
	pigment { color rgbt <1,0,0,0> }
	no_shadow
}
cylinder {
	<27.732691, 33.994244, 34.031246>,  <28.029085, 33.738976, 33.947651>, 0.100000
	pigment { color rgbt <1,0,0,0> }
	no_shadow
}

// particle -1
sphere {
	<27.732691, 33.994244, 34.031246> 0.100000
	pigment { color rgbt <1,0,0,0> }
	no_shadow
}
sphere {
	0, 1
	scale<0.080000,0.200000,0.300000>
	matrix <0.588996, 0.468179, 0.658705,
		0.322526, 0.611182, -0.722796,
		-0.740986, 0.638174, 0.208983,
		27.510395, 34.185696, 34.093941>
	pigment { color rgbt <0,1,1,0> }
	no_shadow
}
cylinder {
	<28.190308, 34.459305, 33.843132>,  <28.029085, 33.738976, 33.947651>, 0.130000
	pigment { color rgbt <1,0,0,0> }
	no_shadow
}

// nucleotide -1

// particle -1
sphere {
	<28.190308, 34.459305, 33.843132> 0.250000
	pigment { color rgbt <1,0,0,0> }
	no_shadow
}
cylinder {
	<27.930622, 34.453613, 34.147320>,  <27.774811, 34.450199, 34.329834>, 0.100000
	pigment { color rgbt <1,0,0,0> }
	no_shadow
}
cylinder {
	<27.930622, 34.453613, 34.147320>,  <28.190308, 34.459305, 33.843132>, 0.100000
	pigment { color rgbt <1,0,0,0> }
	no_shadow
}

// particle -1
sphere {
	<27.930622, 34.453613, 34.147320> 0.100000
	pigment { color rgbt <1,0,0,0> }
	no_shadow
}
sphere {
	0, 1
	scale<0.080000,0.200000,0.300000>
	matrix <0.723073, 0.298654, 0.622873,
		-0.235983, 0.954255, -0.183599,
		-0.649213, -0.014232, 0.760474,
		27.735859, 34.449345, 34.375462>
	pigment { color rgbt <0,1,1,0> }
	no_shadow
}
cylinder {
	<28.437681, 35.079945, 34.093292>,  <28.190308, 34.459305, 33.843132>, 0.130000
	pigment { color rgbt <1,0,0,0> }
	no_shadow
}

// nucleotide -1

// particle -1
sphere {
	<28.437681, 35.079945, 34.093292> 0.250000
	pigment { color rgbt <1,0,0,0> }
	no_shadow
}
cylinder {
	<28.300474, 34.805687, 34.350117>,  <28.218151, 34.641132, 34.504211>, 0.100000
	pigment { color rgbt <1,0,0,0> }
	no_shadow
}
cylinder {
	<28.300474, 34.805687, 34.350117>,  <28.437681, 35.079945, 34.093292>, 0.100000
	pigment { color rgbt <1,0,0,0> }
	no_shadow
}

// particle -1
sphere {
	<28.300474, 34.805687, 34.350117> 0.100000
	pigment { color rgbt <1,0,0,0> }
	no_shadow
}
sphere {
	0, 1
	scale<0.080000,0.200000,0.300000>
	matrix <0.746274, 0.216186, 0.629554,
		-0.570451, 0.695099, 0.437520,
		-0.343016, -0.685639, 0.642058,
		28.197569, 34.599995, 34.542732>
	pigment { color rgbt <0,1,1,0> }
	no_shadow
}
cylinder {
	<28.517862, 35.381760, 34.726257>,  <28.437681, 35.079945, 34.093292>, 0.130000
	pigment { color rgbt <1,0,0,0> }
	no_shadow
}

// nucleotide -1

// particle -1
sphere {
	<28.517862, 35.381760, 34.726257> 0.250000
	pigment { color rgbt <1,0,0,0> }
	no_shadow
}
cylinder {
	<28.502434, 34.986557, 34.786057>,  <28.493177, 34.749435, 34.821934>, 0.100000
	pigment { color rgbt <1,0,0,0> }
	no_shadow
}
cylinder {
	<28.502434, 34.986557, 34.786057>,  <28.517862, 35.381760, 34.726257>, 0.100000
	pigment { color rgbt <1,0,0,0> }
	no_shadow
}

// particle -1
sphere {
	<28.502434, 34.986557, 34.786057> 0.100000
	pigment { color rgbt <1,0,0,0> }
	no_shadow
}
sphere {
	0, 1
	scale<0.080000,0.200000,0.300000>
	matrix <0.866800, 0.041352, 0.496939,
		-0.497162, 0.148751, 0.854812,
		-0.038572, -0.988010, 0.149496,
		28.490862, 34.690155, 34.830906>
	pigment { color rgbt <0,1,1,0> }
	no_shadow
}
cylinder {
	<28.513439, 35.202579, 35.515247>,  <28.517862, 35.381760, 34.726257>, 0.130000
	pigment { color rgbt <1,0,0,0> }
	no_shadow
}

// nucleotide -1

// particle -1
sphere {
	<28.513439, 35.202579, 35.515247> 0.250000
	pigment { color rgbt <1,0,0,0> }
	no_shadow
}
cylinder {
	<28.674662, 34.943165, 35.256962>,  <28.771395, 34.787518, 35.101990>, 0.100000
	pigment { color rgbt <1,0,0,0> }
	no_shadow
}
cylinder {
	<28.674662, 34.943165, 35.256962>,  <28.513439, 35.202579, 35.515247>, 0.100000
	pigment { color rgbt <1,0,0,0> }
	no_shadow
}

// particle -1
sphere {
	<28.674662, 34.943165, 35.256962> 0.100000
	pigment { color rgbt <1,0,0,0> }
	no_shadow
}
sphere {
	0, 1
	scale<0.080000,0.200000,0.300000>
	matrix <0.902715, 0.165704, 0.397048,
		-0.150503, -0.742928, 0.652232,
		0.403055, -0.648537, -0.645714,
		28.795578, 34.748604, 35.063248>
	pigment { color rgbt <0,1,1,0> }
	no_shadow
}
cylinder {
	<28.974619, 34.873363, 35.791645>,  <28.513439, 35.202579, 35.515247>, 0.130000
	pigment { color rgbt <1,0,0,0> }
	no_shadow
}

// nucleotide -1

// particle -1
sphere {
	<28.974619, 34.873363, 35.791645> 0.250000
	pigment { color rgbt <1,0,0,0> }
	no_shadow
}
cylinder {
	<29.108232, 34.834213, 35.416660>,  <29.188400, 34.810722, 35.191669>, 0.100000
	pigment { color rgbt <1,0,0,0> }
	no_shadow
}
cylinder {
	<29.108232, 34.834213, 35.416660>,  <28.974619, 34.873363, 35.791645>, 0.100000
	pigment { color rgbt <1,0,0,0> }
	no_shadow
}

// particle -1
sphere {
	<29.108232, 34.834213, 35.416660> 0.100000
	pigment { color rgbt <1,0,0,0> }
	no_shadow
}
sphere {
	0, 1
	scale<0.080000,0.200000,0.300000>
	matrix <0.931008, -0.120986, 0.344365,
		-0.147127, -0.987817, 0.050714,
		0.334034, -0.097881, -0.937465,
		29.208443, 34.804848, 35.135422>
	pigment { color rgbt <0,1,1,0> }
	no_shadow
}
cylinder {
	<29.385241, 34.241310, 35.652290>,  <28.974619, 34.873363, 35.791645>, 0.130000
	pigment { color rgbt <1,0,0,0> }
	no_shadow
}

// nucleotide -1

// particle -1
sphere {
	<29.385241, 34.241310, 35.652290> 0.250000
	pigment { color rgbt <1,0,0,0> }
	no_shadow
}
cylinder {
	<29.514297, 34.545143, 35.426392>,  <29.591732, 34.727444, 35.290852>, 0.100000
	pigment { color rgbt <1,0,0,0> }
	no_shadow
}
cylinder {
	<29.514297, 34.545143, 35.426392>,  <29.385241, 34.241310, 35.652290>, 0.100000
	pigment { color rgbt <1,0,0,0> }
	no_shadow
}

// particle -1
sphere {
	<29.514297, 34.545143, 35.426392> 0.100000
	pigment { color rgbt <1,0,0,0> }
	no_shadow
}
sphere {
	0, 1
	scale<0.080000,0.200000,0.300000>
	matrix <0.930987, -0.147018, 0.334138,
		0.170779, -0.633576, -0.754597,
		0.322641, 0.759584, -0.564743,
		29.611090, 34.773018, 35.256969>
	pigment { color rgbt <0,1,1,0> }
	no_shadow
}
cylinder {
	<29.844387, 34.185387, 35.066021>,  <29.385241, 34.241310, 35.652290>, 0.130000
	pigment { color rgbt <1,0,0,0> }
	no_shadow
}

// nucleotide -1

// particle -1
sphere {
	<29.844387, 34.185387, 35.066021> 0.250000
	pigment { color rgbt <1,0,0,0> }
	no_shadow
}
cylinder {
	<29.923595, 34.550991, 35.207657>,  <29.971121, 34.770351, 35.292637>, 0.100000
	pigment { color rgbt <1,0,0,0> }
	no_shadow
}
cylinder {
	<29.923595, 34.550991, 35.207657>,  <29.844387, 34.185387, 35.066021>, 0.100000
	pigment { color rgbt <1,0,0,0> }
	no_shadow
}

// particle -1
sphere {
	<29.923595, 34.550991, 35.207657> 0.100000
	pigment { color rgbt <1,0,0,0> }
	no_shadow
}
sphere {
	0, 1
	scale<0.080000,0.200000,0.300000>
	matrix <0.872137, -0.329176, 0.361967,
		0.447399, 0.237138, -0.862323,
		0.198020, 0.914007, 0.354090,
		29.983002, 34.825191, 35.313885>
	pigment { color rgbt <0,1,1,0> }
	no_shadow
}
cylinder {
	<30.500540, 34.444340, 34.817368>,  <29.844387, 34.185387, 35.066021>, 0.130000
	pigment { color rgbt <1,0,0,0> }
	no_shadow
}

// nucleotide -1

// particle -1
sphere {
	<30.500540, 34.444340, 34.817368> 0.250000
	pigment { color rgbt <1,0,0,0> }
	no_shadow
}
cylinder {
	<30.444311, 34.642487, 35.160263>,  <30.410574, 34.761375, 35.366001>, 0.100000
	pigment { color rgbt <1,0,0,0> }
	no_shadow
}
cylinder {
	<30.444311, 34.642487, 35.160263>,  <30.500540, 34.444340, 34.817368>, 0.100000
	pigment { color rgbt <1,0,0,0> }
	no_shadow
}

// particle -1
sphere {
	<30.444311, 34.642487, 35.160263> 0.100000
	pigment { color rgbt <1,0,0,0> }
	no_shadow
}
sphere {
	0, 1
	scale<0.080000,0.200000,0.300000>
	matrix <0.954950, -0.160726, 0.249474,
		0.261361, 0.853686, -0.450456,
		-0.140572, 0.495366, 0.857235,
		30.402140, 34.791096, 35.417435>
	pigment { color rgbt <0,1,1,0> }
	no_shadow
}
cylinder {
	<30.967369, 34.962254, 34.960506>,  <30.500540, 34.444340, 34.817368>, 0.130000
	pigment { color rgbt <1,0,0,0> }
	no_shadow
}

// nucleotide -1

// particle -1
sphere {
	<30.967369, 34.962254, 34.960506> 0.250000
	pigment { color rgbt <1,0,0,0> }
	no_shadow
}
cylinder {
	<30.856388, 34.830215, 35.321407>,  <30.789799, 34.750992, 35.537949>, 0.100000
	pigment { color rgbt <1,0,0,0> }
	no_shadow
}
cylinder {
	<30.856388, 34.830215, 35.321407>,  <30.967369, 34.962254, 34.960506>, 0.100000
	pigment { color rgbt <1,0,0,0> }
	no_shadow
}

// particle -1
sphere {
	<30.856388, 34.830215, 35.321407> 0.100000
	pigment { color rgbt <1,0,0,0> }
	no_shadow
}
sphere {
	0, 1
	scale<0.080000,0.200000,0.300000>
	matrix <0.942339, -0.276421, 0.188649,
		0.187129, 0.902568, 0.387755,
		-0.277453, -0.330095, 0.902251,
		30.773151, 34.731186, 35.592083>
	pigment { color rgbt <0,1,1,0> }
	no_shadow
}
cylinder {
	<31.405684, 35.289139, 35.495670>,  <30.967369, 34.962254, 34.960506>, 0.130000
	pigment { color rgbt <1,0,0,0> }
	no_shadow
}

// nucleotide -1

// particle -1
sphere {
	<31.405684, 35.289139, 35.495670> 0.250000
	pigment { color rgbt <1,0,0,0> }
	no_shadow
}
cylinder {
	<31.296898, 34.925510, 35.621922>,  <31.231627, 34.707333, 35.697674>, 0.100000
	pigment { color rgbt <1,0,0,0> }
	no_shadow
}
cylinder {
	<31.296898, 34.925510, 35.621922>,  <31.405684, 35.289139, 35.495670>, 0.100000
	pigment { color rgbt <1,0,0,0> }
	no_shadow
}

// particle -1
sphere {
	<31.296898, 34.925510, 35.621922> 0.100000
	pigment { color rgbt <1,0,0,0> }
	no_shadow
}
sphere {
	0, 1
	scale<0.080000,0.200000,0.300000>
	matrix <0.957026, -0.289825, -0.010121,
		0.100678, 0.299313, 0.948828,
		-0.271964, -0.909073, 0.315630,
		31.215309, 34.652790, 35.716610>
	pigment { color rgbt <0,1,1,0> }
	no_shadow
}
cylinder {
	<31.623280, 35.113064, 36.242252>,  <31.405684, 35.289139, 35.495670>, 0.130000
	pigment { color rgbt <1,0,0,0> }
	no_shadow
}

// nucleotide -1

// particle -1
sphere {
	<31.623280, 35.113064, 36.242252> 0.250000
	pigment { color rgbt <1,0,0,0> }
	no_shadow
}
cylinder {
	<31.598923, 34.855221, 35.937416>,  <31.584309, 34.700516, 35.754517>, 0.100000
	pigment { color rgbt <1,0,0,0> }
	no_shadow
}
cylinder {
	<31.598923, 34.855221, 35.937416>,  <31.623280, 35.113064, 36.242252>, 0.100000
	pigment { color rgbt <1,0,0,0> }
	no_shadow
}

// particle -1
sphere {
	<31.598923, 34.855221, 35.937416> 0.100000
	pigment { color rgbt <1,0,0,0> }
	no_shadow
}
sphere {
	0, 1
	scale<0.080000,0.200000,0.300000>
	matrix <0.979865, -0.184054, 0.077387,
		-0.190150, -0.742031, 0.642832,
		-0.060892, -0.644604, -0.762088,
		31.580654, 34.661839, 35.708790>
	pigment { color rgbt <0,1,1,0> }
	no_shadow
}
cylinder {
	<31.999762, 34.505474, 36.500813>,  <31.623280, 35.113064, 36.242252>, 0.130000
	pigment { color rgbt <1,0,0,0> }
	no_shadow
}

// nucleotide -1

// particle -1
sphere {
	<31.999762, 34.505474, 36.500813> 0.250000
	pigment { color rgbt <1,0,0,0> }
	no_shadow
}
cylinder {
	<31.987886, 34.563808, 36.105267>,  <31.980762, 34.598808, 35.867939>, 0.100000
	pigment { color rgbt <1,0,0,0> }
	no_shadow
}
cylinder {
	<31.987886, 34.563808, 36.105267>,  <31.999762, 34.505474, 36.500813>, 0.100000
	pigment { color rgbt <1,0,0,0> }
	no_shadow
}

// particle -1
sphere {
	<31.987886, 34.563808, 36.105267> 0.100000
	pigment { color rgbt <1,0,0,0> }
	no_shadow
}
sphere {
	0, 1
	scale<0.080000,0.200000,0.300000>
	matrix <0.999421, -0.012076, -0.031785,
		-0.016577, -0.989236, -0.145389,
		-0.029687, 0.145832, -0.988864,
		31.978981, 34.607559, 35.808609>
	pigment { color rgbt <0,1,1,0> }
	no_shadow
}
cylinder {
	<32.391815, 33.979465, 36.006077>,  <31.999762, 34.505474, 36.500813>, 0.130000
	pigment { color rgbt <1,0,0,0> }
	no_shadow
}

// nucleotide -1

// particle -1
sphere {
	<32.391815, 33.979465, 36.006077> 0.250000
	pigment { color rgbt <1,0,0,0> }
	no_shadow
}
cylinder {
	<32.372864, 34.339245, 35.832298>,  <32.361492, 34.555115, 35.728031>, 0.100000
	pigment { color rgbt <1,0,0,0> }
	no_shadow
}
cylinder {
	<32.372864, 34.339245, 35.832298>,  <32.391815, 33.979465, 36.006077>, 0.100000
	pigment { color rgbt <1,0,0,0> }
	no_shadow
}

// particle -1
sphere {
	<32.372864, 34.339245, 35.832298> 0.100000
	pigment { color rgbt <1,0,0,0> }
	no_shadow
}
sphere {
	0, 1
	scale<0.080000,0.200000,0.300000>
	matrix <0.998739, 0.049877, -0.005647,
		0.016590, -0.434168, -0.900679,
		-0.047375, 0.899450, -0.434448,
		32.358650, 34.609081, 35.701965>
	pigment { color rgbt <0,1,1,0> }
	no_shadow
}
cylinder {
	<32.729973, 33.922531, 35.430809>,  <32.391815, 33.979465, 36.006077>, 0.130000
	pigment { color rgbt <1,0,0,0> }
	no_shadow
}

// nucleotide -1

// particle -1
sphere {
	<32.729973, 33.922531, 35.430809> 0.250000
	pigment { color rgbt <1,0,0,0> }
	no_shadow
}
cylinder {
	<32.741905, 34.309925, 35.529728>,  <32.749065, 34.542362, 35.589081>, 0.100000
	pigment { color rgbt <1,0,0,0> }
	no_shadow
}
cylinder {
	<32.741905, 34.309925, 35.529728>,  <32.729973, 33.922531, 35.430809>, 0.100000
	pigment { color rgbt <1,0,0,0> }
	no_shadow
}

// particle -1
sphere {
	<32.741905, 34.309925, 35.529728> 0.100000
	pigment { color rgbt <1,0,0,0> }
	no_shadow
}
sphere {
	0, 1
	scale<0.080000,0.200000,0.300000>
	matrix <0.991248, 0.003169, -0.131973,
		-0.128597, 0.249069, -0.959910,
		0.029829, 0.968481, 0.247297,
		32.750854, 34.600468, 35.603916>
	pigment { color rgbt <0,1,1,0> }
	no_shadow
}
cylinder {
	<33.129890, 34.482410, 34.944111>,  <32.729973, 33.922531, 35.430809>, 0.130000
	pigment { color rgbt <1,0,0,0> }
	no_shadow
}

// nucleotide -1

// particle -1
sphere {
	<33.129890, 34.482410, 34.944111> 0.250000
	pigment { color rgbt <1,0,0,0> }
	no_shadow
}
cylinder {
	<33.120453, 34.603550, 35.325211>,  <33.114788, 34.676235, 35.553871>, 0.100000
	pigment { color rgbt <1,0,0,0> }
	no_shadow
}
cylinder {
	<33.120453, 34.603550, 35.325211>,  <33.129890, 34.482410, 34.944111>, 0.100000
	pigment { color rgbt <1,0,0,0> }
	no_shadow
}

// particle -1
sphere {
	<33.120453, 34.603550, 35.325211> 0.100000
	pigment { color rgbt <1,0,0,0> }
	no_shadow
}
sphere {
	0, 1
	scale<0.080000,0.200000,0.300000>
	matrix <0.980601, 0.192507, -0.036904,
		-0.194587, 0.933394, -0.301517,
		-0.023598, 0.302849, 0.952746,
		33.113373, 34.694405, 35.611034>
	pigment { color rgbt <0,1,1,0> }
	no_shadow
}
cylinder {
	<33.493050, 35.096607, 34.951710>,  <33.129890, 34.482410, 34.944111>, 0.130000
	pigment { color rgbt <1,0,0,0> }
	no_shadow
}

// nucleotide -1

// particle -1
sphere {
	<33.493050, 35.096607, 34.951710> 0.250000
	pigment { color rgbt <1,0,0,0> }
	no_shadow
}
cylinder {
	<33.486755, 34.923351, 35.312187>,  <33.482979, 34.819397, 35.528473>, 0.100000
	pigment { color rgbt <1,0,0,0> }
	no_shadow
}
cylinder {
	<33.486755, 34.923351, 35.312187>,  <33.493050, 35.096607, 34.951710>, 0.100000
	pigment { color rgbt <1,0,0,0> }
	no_shadow
}

// particle -1
sphere {
	<33.486755, 34.923351, 35.312187> 0.100000
	pigment { color rgbt <1,0,0,0> }
	no_shadow
}
sphere {
	0, 1
	scale<0.080000,0.200000,0.300000>
	matrix <0.989935, 0.120032, 0.074974,
		-0.140646, 0.893300, 0.426889,
		-0.015734, -0.433137, 0.901191,
		33.482037, 34.793411, 35.582546>
	pigment { color rgbt <0,1,1,0> }
	no_shadow
}
cylinder {
	<33.756516, 35.601974, 35.448315>,  <33.493050, 35.096607, 34.951710>, 0.130000
	pigment { color rgbt <1,0,0,0> }
	no_shadow
}

// nucleotide -1

// particle -1
sphere {
	<33.756516, 35.601974, 35.448315> 0.250000
	pigment { color rgbt <1,0,0,0> }
	no_shadow
}
cylinder {
	<33.812241, 35.223061, 35.563728>,  <33.845676, 34.995712, 35.632977>, 0.100000
	pigment { color rgbt <1,0,0,0> }
	no_shadow
}
cylinder {
	<33.812241, 35.223061, 35.563728>,  <33.756516, 35.601974, 35.448315>, 0.100000
	pigment { color rgbt <1,0,0,0> }
	no_shadow
}

// particle -1
sphere {
	<33.812241, 35.223061, 35.563728> 0.100000
	pigment { color rgbt <1,0,0,0> }
	no_shadow
}
sphere {
	0, 1
	scale<0.080000,0.200000,0.300000>
	matrix <0.976482, 0.179831, 0.118925,
		-0.164542, 0.265182, 0.950055,
		0.139313, -0.947280, 0.288535,
		33.854034, 34.938877, 35.650288>
	pigment { color rgbt <0,1,1,0> }
	no_shadow
}
cylinder {
	<34.418571, 35.616802, 35.700806>,  <33.756516, 35.601974, 35.448315>, 0.130000
	pigment { color rgbt <1,0,0,0> }
	no_shadow
}

// nucleotide -1

// particle -1
sphere {
	<34.418571, 35.616802, 35.700806> 0.250000
	pigment { color rgbt <1,0,0,0> }
	no_shadow
}
cylinder {
	<34.380985, 35.219570, 35.672638>,  <34.358433, 34.981232, 35.655739>, 0.100000
	pigment { color rgbt <1,0,0,0> }
	no_shadow
}
cylinder {
	<34.380985, 35.219570, 35.672638>,  <34.418571, 35.616802, 35.700806>, 0.100000
	pigment { color rgbt <1,0,0,0> }
	no_shadow
}

// particle -1
sphere {
	<34.380985, 35.219570, 35.672638> 0.100000
	pigment { color rgbt <1,0,0,0> }
	no_shadow
}
sphere {
	0, 1
	scale<0.080000,0.200000,0.300000>
	matrix <0.974344, -0.106261, 0.198397,
		-0.204507, -0.049970, 0.977589,
		-0.093966, -0.993082, -0.070419,
		34.352795, 34.921646, 35.651512>
	pigment { color rgbt <0,1,1,0> }
	no_shadow
}
cylinder {
	<34.853695, 35.502342, 36.317581>,  <34.418571, 35.616802, 35.700806>, 0.130000
	pigment { color rgbt <1,0,0,0> }
	no_shadow
}

// nucleotide -1

// particle -1
sphere {
	<34.853695, 35.502342, 36.317581> 0.250000
	pigment { color rgbt <1,0,0,0> }
	no_shadow
}
cylinder {
	<34.869015, 35.215092, 36.039639>,  <34.878208, 35.042740, 35.872871>, 0.100000
	pigment { color rgbt <1,0,0,0> }
	no_shadow
}
cylinder {
	<34.869015, 35.215092, 36.039639>,  <34.853695, 35.502342, 36.317581>, 0.100000
	pigment { color rgbt <1,0,0,0> }
	no_shadow
}

// particle -1
sphere {
	<34.869015, 35.215092, 36.039639> 0.100000
	pigment { color rgbt <1,0,0,0> }
	no_shadow
}
sphere {
	0, 1
	scale<0.080000,0.200000,0.300000>
	matrix <0.993120, 0.104362, -0.053118,
