// switches for output
#declare DRAW_BASES = 1; // possible values are 0, 1; only relevant for DNA ribbons
#declare DRAW_BASES_TYPE = 3; // possible values are 1, 2, 3; only relevant for DNA ribbons
#declare DRAW_FOG = 0; // set to 1 to enable fog

#include "colors.inc"

#include "transforms.inc"
background { rgb <1, 1, 1>}

#default {
   normal{
       ripples 0.25
       frequency 0.20
       turbulence 0.2
       lambda 5
   }
	finish {
		phong 0.1
		phong_size 40.
	}
}

// original window dimensions: 1024x640


// camera settings

camera {
	sky <0, 0.179814, -0.983701>
	up <0, 0.179814, -0.983701>
	right 1.6 * <1, 0, 0>
	location <35, 94.9851, 44.8844>
	look_at <35, 29.7336, 32.9568>
	direction <0, -65.2515, -11.9276>
	angle 67.0682
}


# declare cpy_camera_pos = <35, 94.9851, 44.8844>;
# if (DRAW_FOG = 1)
fog {
	fog_type 2
	up vnormalize(cpy_camera_pos)
	color rgbt<1,1,1,0.3>
	distance 1e-5
	fog_alt 3e-3
	fog_offset 56
}
# end


// LIGHTS

# declare lum = 6;
global_settings {
	ambient_light rgb lum * <0.05, 0.05, 0.05>
	max_trace_level 15
}# declare cpy_direct_light_amount = 0.25;
light_source
{	1000 * <-1, -1.16352, -0.803886>,
	rgb lum * cpy_direct_light_amount
	parallel
}

light_source
{	1000 * <1, 1.16352, 0.803886>,
	rgb lum * cpy_direct_light_amount
	parallel
}

// strand 0

// nucleotide -1

// particle -1
sphere {
	<24.392632, 35.259705, 34.758636> 0.250000
	pigment { color rgbt <1,0,0,0> }
	no_shadow
}
cylinder {
	<24.220657, 35.131393, 35.096218>,  <24.117472, 35.054405, 35.298767>, 0.100000
	pigment { color rgbt <1,0,0,0> }
	no_shadow
}
cylinder {
	<24.220657, 35.131393, 35.096218>,  <24.392632, 35.259705, 34.758636>, 0.100000
	pigment { color rgbt <1,0,0,0> }
	no_shadow
}

// particle -1
sphere {
	<24.220657, 35.131393, 35.096218> 0.100000
	pigment { color rgbt <1,0,0,0> }
	no_shadow
}
sphere {
	0, 1
	scale<0.080000,0.200000,0.300000>
	matrix <0.843008, 0.192046, 0.502450,
		-0.323253, 0.927480, 0.187851,
		-0.429936, -0.320778, 0.843953,
		24.091677, 35.035160, 35.349403>
	pigment { color rgbt <0,1,1,0> }
	no_shadow
}
cylinder {
	<24.822300, 35.570873, 35.333569>,  <24.392632, 35.259705, 34.758636>, 0.130000
	pigment { color rgbt <1,0,0,0> }
	no_shadow
}

// nucleotide -1

// particle -1
sphere {
	<24.822300, 35.570873, 35.333569> 0.250000
	pigment { color rgbt <1,0,0,0> }
	no_shadow
}
cylinder {
	<24.622831, 35.248123, 35.460232>,  <24.503151, 35.054474, 35.536232>, 0.100000
	pigment { color rgbt <1,0,0,0> }
	no_shadow
}
cylinder {
	<24.622831, 35.248123, 35.460232>,  <24.822300, 35.570873, 35.333569>, 0.100000
	pigment { color rgbt <1,0,0,0> }
	no_shadow
}

// particle -1
sphere {
	<24.622831, 35.248123, 35.460232> 0.100000
	pigment { color rgbt <1,0,0,0> }
	no_shadow
}
sphere {
	0, 1
	scale<0.080000,0.200000,0.300000>
	matrix <0.819729, -0.320257, 0.474848,
		-0.281732, 0.496368, 0.821124,
		-0.498670, -0.806879, 0.316661,
		24.473230, 35.006058, 35.555229>
	pigment { color rgbt <0,1,1,0> }
	no_shadow
}
cylinder {
	<25.143414, 35.533268, 35.998825>,  <24.822300, 35.570873, 35.333569>, 0.130000
	pigment { color rgbt <1,0,0,0> }
	no_shadow
}

// nucleotide -1

// particle -1
sphere {
	<25.143414, 35.533268, 35.998825> 0.250000
	pigment { color rgbt <1,0,0,0> }
	no_shadow
}
cylinder {
	<25.007298, 35.164310, 35.925724>,  <24.925629, 34.942936, 35.881863>, 0.100000
	pigment { color rgbt <1,0,0,0> }
	no_shadow
}
cylinder {
	<25.007298, 35.164310, 35.925724>,  <25.143414, 35.533268, 35.998825>, 0.100000
	pigment { color rgbt <1,0,0,0> }
	no_shadow
}

// particle -1
sphere {
	<25.007298, 35.164310, 35.925724> 0.100000
	pigment { color rgbt <1,0,0,0> }
	no_shadow
}
sphere {
	0, 1
	scale<0.080000,0.200000,0.300000>
	matrix <0.819957, -0.386210, 0.422508,
		-0.460299, -0.006077, 0.887743,
		-0.340288, -0.922391, -0.182754,
		24.905210, 34.887592, 35.870899>
	pigment { color rgbt <0,1,1,0> }
	no_shadow
}
cylinder {
	<25.587164, 35.240932, 36.531189>,  <25.143414, 35.533268, 35.998825>, 0.130000
	pigment { color rgbt <1,0,0,0> }
	no_shadow
}

// nucleotide -1

// particle -1
sphere {
	<25.587164, 35.240932, 36.531189> 0.250000
	pigment { color rgbt <1,0,0,0> }
	no_shadow
}
cylinder {
	<25.522053, 34.957294, 36.256763>,  <25.482986, 34.787109, 36.092110>, 0.100000
	pigment { color rgbt <1,0,0,0> }
	no_shadow
}
cylinder {
	<25.522053, 34.957294, 36.256763>,  <25.587164, 35.240932, 36.531189>, 0.100000
	pigment { color rgbt <1,0,0,0> }
	no_shadow
}

// particle -1
sphere {
	<25.522053, 34.957294, 36.256763> 0.100000
	pigment { color rgbt <1,0,0,0> }
	no_shadow
}
sphere {
	0, 1
	scale<0.080000,0.200000,0.300000>
	matrix <0.835029, -0.469400, 0.287037,
		-0.525575, -0.526158, 0.668527,
		-0.162780, -0.709099, -0.686062,
		25.473219, 34.744564, 36.050945>
	pigment { color rgbt <0,1,1,0> }
	no_shadow
}
cylinder {
	<25.555998, 34.594994, 36.810757>,  <25.587164, 35.240932, 36.531189>, 0.130000
	pigment { color rgbt <1,0,0,0> }
	no_shadow
}

// nucleotide -1

// particle -1
sphere {
	<25.555998, 34.594994, 36.810757> 0.250000
	pigment { color rgbt <1,0,0,0> }
	no_shadow
}
cylinder {
	<25.700914, 34.534546, 36.442863>,  <25.787865, 34.498280, 36.222126>, 0.100000
	pigment { color rgbt <1,0,0,0> }
	no_shadow
}
cylinder {
	<25.700914, 34.534546, 36.442863>,  <25.555998, 34.594994, 36.810757>, 0.100000
	pigment { color rgbt <1,0,0,0> }
	no_shadow
}

// particle -1
sphere {
	<25.700914, 34.534546, 36.442863> 0.100000
	pigment { color rgbt <1,0,0,0> }
	no_shadow
}
sphere {
	0, 1
	scale<0.080000,0.200000,0.300000>
	matrix <0.680612, -0.631280, 0.371823,
		-0.636800, -0.760689, -0.125850,
		0.362288, -0.151122, -0.919733,
		25.809603, 34.489212, 36.166943>
	pigment { color rgbt <0,1,1,0> }
	no_shadow
}
cylinder {
	<25.597477, 33.955322, 36.719830>,  <25.555998, 34.594994, 36.810757>, 0.130000
	pigment { color rgbt <1,0,0,0> }
	no_shadow
}

// nucleotide -1

// particle -1
sphere {
	<25.597477, 33.955322, 36.719830> 0.250000
	pigment { color rgbt <1,0,0,0> }
	no_shadow
}
cylinder {
	<25.846327, 34.114204, 36.449959>,  <25.995636, 34.209534, 36.288036>, 0.100000
	pigment { color rgbt <1,0,0,0> }
	no_shadow
}
cylinder {
	<25.846327, 34.114204, 36.449959>,  <25.597477, 33.955322, 36.719830>, 0.100000
	pigment { color rgbt <1,0,0,0> }
	no_shadow
}

// particle -1
sphere {
	<25.846327, 34.114204, 36.449959> 0.100000
	pigment { color rgbt <1,0,0,0> }
	no_shadow
}
sphere {
	0, 1
	scale<0.080000,0.200000,0.300000>
	matrix <0.718906, -0.631096, 0.291361,
		-0.310059, -0.666295, -0.678170,
		0.622123, 0.397202, -0.674681,
		26.032963, 34.233364, 36.247555>
	pigment { color rgbt <0,1,1,0> }
	no_shadow
}
cylinder {
	<25.838701, 33.357479, 36.141857>,  <25.597477, 33.955322, 36.719830>, 0.130000
	pigment { color rgbt <1,0,0,0> }
	no_shadow
}

// nucleotide -1

// particle -1
sphere {
	<25.838701, 33.357479, 36.141857> 0.250000
	pigment { color rgbt <1,0,0,0> }
	no_shadow
}
cylinder {
	<26.071779, 33.658543, 36.264473>,  <26.211626, 33.839180, 36.338043>, 0.100000
	pigment { color rgbt <1,0,0,0> }
	no_shadow
}
cylinder {
	<26.071779, 33.658543, 36.264473>,  <25.838701, 33.357479, 36.141857>, 0.100000
	pigment { color rgbt <1,0,0,0> }
	no_shadow
}

// particle -1
sphere {
	<26.071779, 33.658543, 36.264473> 0.100000
	pigment { color rgbt <1,0,0,0> }
	no_shadow
}
sphere {
	0, 1
	scale<0.080000,0.200000,0.300000>
	matrix <0.675190, -0.658278, 0.332849,
		0.452308, 0.013019, -0.891767,
		0.582697, 0.752663, 0.306535,
		26.246588, 33.884342, 36.356434>
	pigment { color rgbt <0,1,1,0> }
	no_shadow
}
cylinder {
	<26.570570, 33.371166, 35.869751>,  <25.838701, 33.357479, 36.141857>, 0.130000
	pigment { color rgbt <1,0,0,0> }
	no_shadow
}

// nucleotide -1

// particle -1
sphere {
	<26.570570, 33.371166, 35.869751> 0.250000
	pigment { color rgbt <1,0,0,0> }
	no_shadow
}
cylinder {
	<26.515038, 33.501720, 36.243744>,  <26.481718, 33.580055, 36.468140>, 0.100000
	pigment { color rgbt <1,0,0,0> }
	no_shadow
}
cylinder {
	<26.515038, 33.501720, 36.243744>,  <26.570570, 33.371166, 35.869751>, 0.100000
	pigment { color rgbt <1,0,0,0> }
	no_shadow
}

// particle -1
sphere {
	<26.515038, 33.501720, 36.243744> 0.100000
	pigment { color rgbt <1,0,0,0> }
	no_shadow
}
sphere {
	0, 1
	scale<0.080000,0.200000,0.300000>
	matrix <0.660284, -0.673142, 0.333024,
		0.738073, 0.663589, -0.122057,
		-0.138830, 0.326388, 0.934985,
		26.473389, 33.599636, 36.524239>
	pigment { color rgbt <0,1,1,0> }
	no_shadow
}
cylinder {
	<27.189066, 33.318886, 36.207542>,  <26.570570, 33.371166, 35.869751>, 0.130000
	pigment { color rgbt <1,0,0,0> }
	no_shadow
}

// nucleotide -1

// particle -1
sphere {
	<27.189066, 33.318886, 36.207542> 0.250000
	pigment { color rgbt <1,0,0,0> }
	no_shadow
}
cylinder {
	<26.948771, 33.391190, 36.519039>,  <26.804592, 33.434574, 36.705936>, 0.100000
	pigment { color rgbt <1,0,0,0> }
	no_shadow
}
cylinder {
	<26.948771, 33.391190, 36.519039>,  <27.189066, 33.318886, 36.207542>, 0.100000
	pigment { color rgbt <1,0,0,0> }
	no_shadow
}

// particle -1
sphere {
	<26.948771, 33.391190, 36.519039> 0.100000
	pigment { color rgbt <1,0,0,0> }
	no_shadow
}
sphere {
	0, 1
	scale<0.080000,0.200000,0.300000>
	matrix <0.511317, -0.661929, 0.548092,
		0.614545, 0.727444, 0.305220,
		-0.600741, 0.180763, 0.778740,
		26.768549, 33.445419, 36.752663>
	pigment { color rgbt <0,1,1,0> }
	no_shadow
}
cylinder {
	<27.492777, 33.432209, 36.822811>,  <27.189066, 33.318886, 36.207542>, 0.130000
	pigment { color rgbt <1,0,0,0> }
	no_shadow
}

// nucleotide -1

// particle -1
sphere {
	<27.492777, 33.432209, 36.822811> 0.250000
	pigment { color rgbt <1,0,0,0> }
	no_shadow
}
cylinder {
	<27.139214, 33.260136, 36.896183>,  <26.927074, 33.156891, 36.940205>, 0.100000
	pigment { color rgbt <1,0,0,0> }
	no_shadow
}
cylinder {
	<27.139214, 33.260136, 36.896183>,  <27.492777, 33.432209, 36.822811>, 0.100000
	pigment { color rgbt <1,0,0,0> }
	no_shadow
}

// particle -1
sphere {
	<27.139214, 33.260136, 36.896183> 0.100000
	pigment { color rgbt <1,0,0,0> }
	no_shadow
}
sphere {
	0, 1
	scale<0.080000,0.200000,0.300000>
	matrix <0.455319, -0.702123, 0.547455,
		-0.106715, 0.567421, 0.816484,
		-0.883910, -0.430183, 0.183430,
		26.874041, 33.131081, 36.951214>
	pigment { color rgbt <0,1,1,0> }
	no_shadow
}
cylinder {
	<28.109524, 33.850452, 36.538818>,  <27.492777, 33.432209, 36.822811>, 0.130000
	pigment { color rgbt <1,0,0,0> }
	no_shadow
}

// nucleotide -1

// particle -1
sphere {
	<28.109524, 33.850452, 36.538818> 0.250000
	pigment { color rgbt <1,0,0,0> }
	no_shadow
}
cylinder {
	<28.448929, 33.669094, 36.429668>,  <28.652573, 33.560280, 36.364178>, 0.100000
	pigment { color rgbt <1,0,0,0> }
	no_shadow
}
cylinder {
	<28.448929, 33.669094, 36.429668>,  <28.109524, 33.850452, 36.538818>, 0.100000
	pigment { color rgbt <1,0,0,0> }
	no_shadow
}

// particle -1
sphere {
	<28.448929, 33.669094, 36.429668> 0.100000
	pigment { color rgbt <1,0,0,0> }
	no_shadow
}
sphere {
	0, 1
	scale<0.080000,0.200000,0.300000>
	matrix <0.487686, 0.469863, 0.735793,
		-0.205390, -0.757407, 0.619798,
		0.848514, -0.453392, -0.272872,
		28.703484, 33.533077, 36.347805>
	pigment { color rgbt <0,1,1,0> }
	no_shadow
}
cylinder {
	<28.524801, 33.391369, 36.978718>,  <28.109524, 33.850452, 36.538818>, 0.130000
	pigment { color rgbt <1,0,0,0> }
	no_shadow
}

// nucleotide -1

// particle -1
sphere {
	<28.524801, 33.391369, 36.978718> 0.250000
	pigment { color rgbt <1,0,0,0> }
	no_shadow
}
cylinder {
	<28.308411, 33.344784, 37.311893>,  <28.178576, 33.316833, 37.511799>, 0.100000
	pigment { color rgbt <1,0,0,0> }
	no_shadow
}
cylinder {
	<28.308411, 33.344784, 37.311893>,  <28.524801, 33.391369, 36.978718>, 0.100000
	pigment { color rgbt <1,0,0,0> }
	no_shadow
}

// particle -1
sphere {
	<28.308411, 33.344784, 37.311893> 0.100000
	pigment { color rgbt <1,0,0,0> }
	no_shadow
}
sphere {
	0, 1
	scale<0.080000,0.200000,0.300000>
	matrix <0.087678, -0.992779, -0.081862,
		0.836455, 0.028745, 0.547280,
		-0.540976, -0.116459, 0.832936,
		28.146118, 33.309845, 37.561775>
	pigment { color rgbt <0,1,1,0> }
	no_shadow
}
cylinder {
	<28.729435, 32.714314, 37.215717>,  <28.524801, 33.391369, 36.978718>, 0.130000
	pigment { color rgbt <1,0,0,0> }
	no_shadow
}

// nucleotide -1

// particle -1
sphere {
	<28.729435, 32.714314, 37.215717> 0.250000
	pigment { color rgbt <1,0,0,0> }
	no_shadow
}
cylinder {
	<28.379625, 32.821922, 37.377129>,  <28.169739, 32.886486, 37.473976>, 0.100000
	pigment { color rgbt <1,0,0,0> }
	no_shadow
}
cylinder {
	<28.379625, 32.821922, 37.377129>,  <28.729435, 32.714314, 37.215717>, 0.100000
	pigment { color rgbt <1,0,0,0> }
	no_shadow
}

// particle -1
sphere {
	<28.379625, 32.821922, 37.377129> 0.100000
	pigment { color rgbt <1,0,0,0> }
	no_shadow
}
sphere {
	0, 1
	scale<0.080000,0.200000,0.300000>
	matrix <-0.355828, -0.921277, -0.156957,
		0.329538, -0.280850, 0.901403,
		-0.874524, 0.269021, 0.403530,
		28.117268, 32.902630, 37.498188>
	pigment { color rgbt <0,1,1,0> }
	no_shadow
}
cylinder {
	<28.468201, 32.122009, 37.638073>,  <28.729435, 32.714314, 37.215717>, 0.130000
	pigment { color rgbt <1,0,0,0> }
	no_shadow
}

// nucleotide -1

// particle -1
sphere {
	<28.468201, 32.122009, 37.638073> 0.250000
	pigment { color rgbt <1,0,0,0> }
	no_shadow
}
cylinder {
	<28.178801, 32.336872, 37.464634>,  <28.005161, 32.465790, 37.360573>, 0.100000
	pigment { color rgbt <1,0,0,0> }
	no_shadow
}
cylinder {
	<28.178801, 32.336872, 37.464634>,  <28.468201, 32.122009, 37.638073>, 0.100000
	pigment { color rgbt <1,0,0,0> }
	no_shadow
}

// particle -1
sphere {
	<28.178801, 32.336872, 37.464634> 0.100000
	pigment { color rgbt <1,0,0,0> }
	no_shadow
}
sphere {
	0, 1
	scale<0.080000,0.200000,0.300000>
	matrix <-0.448839, -0.843257, -0.295738,
		-0.524491, -0.019352, 0.851196,
		-0.723500, 0.537162, -0.433595,
		27.961750, 32.498020, 37.334557>
	pigment { color rgbt <0,1,1,0> }
	no_shadow
}
cylinder {
	<29.067381, 32.427322, 37.917191>,  <28.468201, 32.122009, 37.638073>, 0.130000
	pigment { color rgbt <1,0,0,0> }
	no_shadow
}

// nucleotide -1

// particle -1
sphere {
	<29.067381, 32.427322, 37.917191> 0.250000
	pigment { color rgbt <1,0,0,0> }
	no_shadow
}
cylinder {
	<29.100004, 32.337387, 37.528801>,  <29.119579, 32.283424, 37.295765>, 0.100000
	pigment { color rgbt <1,0,0,0> }
	no_shadow
}
cylinder {
	<29.100004, 32.337387, 37.528801>,  <29.067381, 32.427322, 37.917191>, 0.100000
	pigment { color rgbt <1,0,0,0> }
	no_shadow
}

// particle -1
sphere {
	<29.100004, 32.337387, 37.528801> 0.100000
	pigment { color rgbt <1,0,0,0> }
	no_shadow
}
sphere {
	0, 1
	scale<0.080000,0.200000,0.300000>
	matrix <0.540507, 0.828496, -0.146447,
		0.837377, -0.512874, 0.189100,
		0.081560, -0.224841, -0.970976,
		29.124472, 32.269936, 37.237507>
	pigment { color rgbt <0,1,1,0> }
	no_shadow
}
cylinder {
	<29.810728, 32.310368, 37.754238>,  <29.067381, 32.427322, 37.917191>, 0.130000
	pigment { color rgbt <1,0,0,0> }
	no_shadow
}

// nucleotide -1

// particle -1
sphere {
	<29.810728, 32.310368, 37.754238> 0.250000
	pigment { color rgbt <1,0,0,0> }
	no_shadow
}
cylinder {
	<29.602123, 32.424862, 37.432720>,  <29.476959, 32.493557, 37.239807>, 0.100000
	pigment { color rgbt <1,0,0,0> }
	no_shadow
}
cylinder {
	<29.602123, 32.424862, 37.432720>,  <29.810728, 32.310368, 37.754238>, 0.100000
	pigment { color rgbt <1,0,0,0> }
	no_shadow
}

// particle -1
sphere {
	<29.602123, 32.424862, 37.432720> 0.100000
	pigment { color rgbt <1,0,0,0> }
	no_shadow
}
sphere {
	0, 1
	scale<0.080000,0.200000,0.300000>
	matrix <0.670524, 0.720062, -0.178628,
		0.527656, -0.632124, -0.567449,
		-0.521514, 0.286234, -0.803799,
		29.445669, 32.510731, 37.191582>
	pigment { color rgbt <0,1,1,0> }
	no_shadow
}
cylinder {
	<30.199259, 32.403549, 37.060520>,  <29.810728, 32.310368, 37.754238>, 0.130000
	pigment { color rgbt <1,0,0,0> }
	no_shadow
}

// nucleotide -1

// particle -1
sphere {
	<30.199259, 32.403549, 37.060520> 0.250000
	pigment { color rgbt <1,0,0,0> }
	no_shadow
}
cylinder {
	<29.884981, 32.647758, 37.020622>,  <29.696415, 32.794285, 36.996681>, 0.100000
	pigment { color rgbt <1,0,0,0> }
	no_shadow
}
cylinder {
	<29.884981, 32.647758, 37.020622>,  <30.199259, 32.403549, 37.060520>, 0.100000
	pigment { color rgbt <1,0,0,0> }
	no_shadow
}

// particle -1
sphere {
	<29.884981, 32.647758, 37.020622> 0.100000
	pigment { color rgbt <1,0,0,0> }
	no_shadow
}
sphere {
	0, 1
	scale<0.080000,0.200000,0.300000>
	matrix <0.618608, 0.776134, -0.122229,
		0.002794, -0.157740, -0.987477,
		-0.785695, 0.610520, -0.099748,
		29.649273, 32.830914, 36.990696>
	pigment { color rgbt <0,1,1,0> }
	no_shadow
}
cylinder {
	<30.311743, 32.228504, 36.304379>,  <30.199259, 32.403549, 37.060520>, 0.130000
	pigment { color rgbt <1,0,0,0> }
	no_shadow
}

// nucleotide -1

// particle -1
sphere {
	<30.311743, 32.228504, 36.304379> 0.250000
	pigment { color rgbt <1,0,0,0> }
	no_shadow
}
cylinder {
	<30.449930, 31.965540, 36.036510>,  <30.532843, 31.807762, 35.875790>, 0.100000
	pigment { color rgbt <1,0,0,0> }
	no_shadow
}
cylinder {
	<30.449930, 31.965540, 36.036510>,  <30.311743, 32.228504, 36.304379>, 0.100000
	pigment { color rgbt <1,0,0,0> }
	no_shadow
}

// particle -1
sphere {
	<30.449930, 31.965540, 36.036510> 0.100000
	pigment { color rgbt <1,0,0,0> }
	no_shadow
}
sphere {
	0, 1
	scale<0.080000,0.200000,0.300000>
	matrix <0.639607, -0.357236, 0.680650,
		-0.686699, -0.663470, 0.297072,
		0.345466, -0.657411, -0.669674,
		30.553570, 31.768316, 35.835609>
	pigment { color rgbt <0,1,1,0> }
	no_shadow
}
cylinder {
	<30.252302, 31.512636, 36.537212>,  <30.311743, 32.228504, 36.304379>, 0.130000
	pigment { color rgbt <1,0,0,0> }
	no_shadow
}

// nucleotide -1

// particle -1
sphere {
	<30.252302, 31.512636, 36.537212> 0.250000
	pigment { color rgbt <1,0,0,0> }
	no_shadow
}
cylinder {
	<30.570326, 31.555372, 36.298393>,  <30.761141, 31.581013, 36.155102>, 0.100000
	pigment { color rgbt <1,0,0,0> }
	no_shadow
}
cylinder {
	<30.570326, 31.555372, 36.298393>,  <30.252302, 31.512636, 36.537212>, 0.100000
	pigment { color rgbt <1,0,0,0> }
	no_shadow
}

// particle -1
sphere {
	<30.570326, 31.555372, 36.298393> 0.100000
	pigment { color rgbt <1,0,0,0> }
	no_shadow
}
sphere {
	0, 1
	scale<0.080000,0.200000,0.300000>
	matrix <0.593246, -0.341882, 0.728818,
		-0.126253, -0.933650, -0.335199,
		0.795059, 0.106840, -0.597048,
		30.808844, 31.587423, 36.119278>
	pigment { color rgbt <0,1,1,0> }
	no_shadow
}
cylinder {
	<30.681816, 30.895660, 36.642216>,  <30.252302, 31.512636, 36.537212>, 0.130000
	pigment { color rgbt <1,0,0,0> }
	no_shadow
}

// nucleotide -1

// particle -1
sphere {
	<30.681816, 30.895660, 36.642216> 0.250000
	pigment { color rgbt <1,0,0,0> }
	no_shadow
}
cylinder {
	<30.921085, 31.203913, 36.554291>,  <31.064646, 31.388865, 36.501537>, 0.100000
	pigment { color rgbt <1,0,0,0> }
	no_shadow
}
cylinder {
	<30.921085, 31.203913, 36.554291>,  <30.681816, 30.895660, 36.642216>, 0.100000
	pigment { color rgbt <1,0,0,0> }
	no_shadow
}

// particle -1
sphere {
	<30.921085, 31.203913, 36.554291> 0.100000
	pigment { color rgbt <1,0,0,0> }
	no_shadow
}
sphere {
	0, 1
	scale<0.080000,0.200000,0.300000>
	matrix <0.682149, -0.345705, 0.644330,
		0.420551, -0.535364, -0.732477,
		0.598172, 0.770632, -0.219812,
		31.100536, 31.435102, 36.488346>
	pigment { color rgbt <0,1,1,0> }
	no_shadow
}
cylinder {
	<31.353573, 30.642632, 36.305882>,  <30.681816, 30.895660, 36.642216>, 0.130000
	pigment { color rgbt <1,0,0,0> }
	no_shadow
}

// nucleotide -1

// particle -1
sphere {
	<31.353573, 30.642632, 36.305882> 0.250000
	pigment { color rgbt <1,0,0,0> }
	no_shadow
}
cylinder {
	<31.358019, 30.985531, 36.511795>,  <31.360687, 31.191271, 36.635342>, 0.100000
	pigment { color rgbt <1,0,0,0> }
	no_shadow
}
cylinder {
	<31.358019, 30.985531, 36.511795>,  <31.353573, 30.642632, 36.305882>, 0.100000
	pigment { color rgbt <1,0,0,0> }
	no_shadow
}

// particle -1
sphere {
	<31.358019, 30.985531, 36.511795> 0.100000
	pigment { color rgbt <1,0,0,0> }
	no_shadow
}
sphere {
	0, 1
	scale<0.080000,0.200000,0.300000>
	matrix <0.782986, -0.327665, 0.528743,
		0.621940, 0.397188, -0.674857,
		0.011117, 0.857249, 0.514781,
		31.361355, 31.242706, 36.666229>
	pigment { color rgbt <0,1,1,0> }
	no_shadow
}
cylinder {
	<31.999594, 30.744389, 36.306839>,  <31.353573, 30.642632, 36.305882>, 0.130000
	pigment { color rgbt <1,0,0,0> }
	no_shadow
}

// nucleotide -1

// particle -1
sphere {
	<31.999594, 30.744389, 36.306839> 0.250000
	pigment { color rgbt <1,0,0,0> }
	no_shadow
}
cylinder {
	<31.854002, 30.925867, 36.632214>,  <31.766647, 31.034754, 36.827438>, 0.100000
	pigment { color rgbt <1,0,0,0> }
	no_shadow
}
cylinder {
	<31.854002, 30.925867, 36.632214>,  <31.999594, 30.744389, 36.306839>, 0.100000
	pigment { color rgbt <1,0,0,0> }
	no_shadow
}

// particle -1
sphere {
	<31.854002, 30.925867, 36.632214> 0.100000
	pigment { color rgbt <1,0,0,0> }
	no_shadow
}
sphere {
	0, 1
	scale<0.080000,0.200000,0.300000>
	matrix <0.685169, -0.461163, 0.563801,
		0.630922, 0.762553, -0.143006,
		-0.363979, 0.453698, 0.813436,
		31.744808, 31.061975, 36.876244>
	pigment { color rgbt <0,1,1,0> }
	no_shadow
}
cylinder {
	<32.516045, 31.082268, 36.733040>,  <31.999594, 30.744389, 36.306839>, 0.130000
	pigment { color rgbt <1,0,0,0> }
	no_shadow
}

// nucleotide -1

// particle -1
sphere {
	<32.516045, 31.082268, 36.733040> 0.250000
	pigment { color rgbt <1,0,0,0> }
	no_shadow
}
cylinder {
	<32.226788, 30.994320, 36.994949>,  <32.053234, 30.941551, 37.152096>, 0.100000
	pigment { color rgbt <1,0,0,0> }
	no_shadow
}
cylinder {
	<32.226788, 30.994320, 36.994949>,  <32.516045, 31.082268, 36.733040>, 0.100000
	pigment { color rgbt <1,0,0,0> }
	no_shadow
}

// particle -1
sphere {
	<32.226788, 30.994320, 36.994949> 0.100000
	pigment { color rgbt <1,0,0,0> }
	no_shadow
}
sphere {
	0, 1
	scale<0.080000,0.200000,0.300000>
	matrix <0.668263, -0.462380, 0.582777,
		0.174617, 0.858989, 0.481298,
		-0.723141, -0.219871, 0.654770,
		32.009846, 30.928358, 37.191380>
	pigment { color rgbt <0,1,1,0> }
	no_shadow
}
cylinder {
	<32.840992, 31.276033, 37.418941>,  <32.516045, 31.082268, 36.733040>, 0.130000
	pigment { color rgbt <1,0,0,0> }
	no_shadow
}

// nucleotide -1

// particle -1
sphere {
	<32.840992, 31.276033, 37.418941> 0.250000
	pigment { color rgbt <1,0,0,0> }
	no_shadow
}
cylinder {
	<32.586899, 30.967226, 37.427551>,  <32.434441, 30.781942, 37.432716>, 0.100000
	pigment { color rgbt <1,0,0,0> }
	no_shadow
}
cylinder {
	<32.586899, 30.967226, 37.427551>,  <32.840992, 31.276033, 37.418941>, 0.100000
	pigment { color rgbt <1,0,0,0> }
	no_shadow
}

// particle -1
sphere {
	<32.586899, 30.967226, 37.427551> 0.100000
	pigment { color rgbt <1,0,0,0> }
	no_shadow
}
sphere {
	0, 1
	scale<0.080000,0.200000,0.300000>
	matrix <0.665595, -0.533110, 0.522281,
		-0.391737, 0.346096, 0.852502,
		-0.635237, -0.772018, 0.021521,
		32.396328, 30.735620, 37.434006>
	pigment { color rgbt <0,1,1,0> }
	no_shadow
}
cylinder {
	<32.584465, 30.941208, 38.187847>,  <32.840992, 31.276033, 37.418941>, 0.130000
	pigment { color rgbt <1,0,0,0> }
	no_shadow
}

// nucleotide -1

// particle -1
sphere {
	<32.584465, 30.941208, 38.187847> 0.250000
	pigment { color rgbt <1,0,0,0> }
	no_shadow
}
cylinder {
	<32.594414, 30.655617, 37.907959>,  <32.600384, 30.484262, 37.740025>, 0.100000
	pigment { color rgbt <1,0,0,0> }
	no_shadow
}
cylinder {
	<32.594414, 30.655617, 37.907959>,  <32.584465, 30.941208, 38.187847>, 0.100000
	pigment { color rgbt <1,0,0,0> }
	no_shadow
}

// particle -1
sphere {
	<32.594414, 30.655617, 37.907959> 0.100000
	pigment { color rgbt <1,0,0,0> }
	no_shadow
}
sphere {
	0, 1
	scale<0.080000,0.200000,0.300000>
	matrix <0.674553, -0.504596, 0.538852,
		-0.737807, -0.485404, 0.469067,
		0.024872, -0.713979, -0.699725,
		32.601875, 30.441423, 37.698040>
	pigment { color rgbt <0,1,1,0> }
	no_shadow
}
cylinder {
	<32.442715, 30.219519, 38.509747>,  <32.584465, 30.941208, 38.187847>, 0.130000
	pigment { color rgbt <1,0,0,0> }
	no_shadow
}

// nucleotide -1

// particle -1
sphere {
	<32.442715, 30.219519, 38.509747> 0.250000
	pigment { color rgbt <1,0,0,0> }
	no_shadow
}
cylinder {
	<32.676487, 30.254772, 38.187092>,  <32.816750, 30.275925, 37.993500>, 0.100000
	pigment { color rgbt <1,0,0,0> }
	no_shadow
}
cylinder {
	<32.676487, 30.254772, 38.187092>,  <32.442715, 30.219519, 38.509747>, 0.100000
	pigment { color rgbt <1,0,0,0> }
	no_shadow
}

// particle -1
sphere {
	<32.676487, 30.254772, 38.187092> 0.100000
	pigment { color rgbt <1,0,0,0> }
	no_shadow
}
sphere {
	0, 1
	scale<0.080000,0.200000,0.300000>
	matrix <0.757435, -0.415854, 0.503347,
		-0.291083, -0.905151, -0.309794,
		0.584434, 0.088133, -0.806641,
		32.851818, 30.281212, 37.945099>
	pigment { color rgbt <0,1,1,0> }
	no_shadow
}
cylinder {
	<32.685276, 29.712608, 38.072521>,  <32.442715, 30.219519, 38.509747>, 0.130000
	pigment { color rgbt <1,0,0,0> }
	no_shadow
}

// nucleotide -1

// particle -1
sphere {
	<32.685276, 29.712608, 38.072521> 0.250000
	pigment { color rgbt <1,0,0,0> }
	no_shadow
}
cylinder {
	<32.778996, 30.081776, 38.194721>,  <32.835228, 30.303276, 38.268040>, 0.100000
	pigment { color rgbt <1,0,0,0> }
	no_shadow
}
cylinder {
	<32.778996, 30.081776, 38.194721>,  <32.685276, 29.712608, 38.072521>, 0.100000
	pigment { color rgbt <1,0,0,0> }
	no_shadow
}

// particle -1
sphere {
	<32.778996, 30.081776, 38.194721> 0.100000
	pigment { color rgbt <1,0,0,0> }
	no_shadow
}
sphere {
	0, 1
	scale<0.080000,0.200000,0.300000>
	matrix <-0.405979, 0.378418, -0.831854,
		-0.883337, 0.070877, 0.463348,
		0.234299, 0.922917, 0.305496,
		32.849285, 30.358650, 38.286369>
	pigment { color rgbt <0,1,1,0> }
	no_shadow
}
cylinder {
	<32.668262, 28.956352, 37.933281>,  <32.685276, 29.712608, 38.072521>, 0.130000
	pigment { color rgbt <1,0,0,0> }
	no_shadow
}

// nucleotide -1

// particle -1
sphere {
	<32.668262, 28.956352, 37.933281> 0.250000
	pigment { color rgbt <1,0,0,0> }
	no_shadow
}
cylinder {
	<32.272606, 28.897612, 37.931072>,  <32.035210, 28.862368, 37.929745>, 0.100000
	pigment { color rgbt <1,0,0,0> }
	no_shadow
}
cylinder {
	<32.272606, 28.897612, 37.931072>,  <32.668262, 28.956352, 37.933281>, 0.100000
	pigment { color rgbt <1,0,0,0> }
	no_shadow
}

// particle -1
sphere {
	<32.272606, 28.897612, 37.931072> 0.100000
	pigment { color rgbt <1,0,0,0> }
	no_shadow
}
sphere {
	0, 1
	scale<0.080000,0.200000,0.300000>
	matrix <-0.107542, 0.697726, 0.708247,
		-0.100150, 0.701152, -0.705944,
		-0.989144, -0.146849, -0.005526,
		31.975863, 28.853558, 37.929413>
	pigment { color rgbt <0,1,1,0> }
	no_shadow
}
cylinder {
	<31.977610, 29.247084, 38.241074>,  <32.668262, 28.956352, 37.933281>, 0.130000
	pigment { color rgbt <1,0,0,0> }
	no_shadow
}

// nucleotide -1

// particle -1
sphere {
	<31.977610, 29.247084, 38.241074> 0.250000
	pigment { color rgbt <1,0,0,0> }
	no_shadow
}
cylinder {
	<31.926102, 28.985159, 38.538971>,  <31.895197, 28.828005, 38.717709>, 0.100000
	pigment { color rgbt <1,0,0,0> }
	no_shadow
}
cylinder {
	<31.926102, 28.985159, 38.538971>,  <31.977610, 29.247084, 38.241074>, 0.100000
	pigment { color rgbt <1,0,0,0> }
	no_shadow
}

// particle -1
sphere {
	<31.926102, 28.985159, 38.538971> 0.100000
	pigment { color rgbt <1,0,0,0> }
	no_shadow
}
sphere {
	0, 1
	scale<0.080000,0.200000,0.300000>
	matrix <0.818043, -0.494651, -0.293472,
		0.560557, 0.571441, 0.599359,
		-0.128772, -0.654810, 0.744743,
		31.887470, 28.788715, 38.762394>
	pigment { color rgbt <0,1,1,0> }
	no_shadow
}
cylinder {
	<32.591919, 29.098106, 38.717381>,  <31.977610, 29.247084, 38.241074>, 0.130000
	pigment { color rgbt <1,0,0,0> }
	no_shadow
}

// nucleotide -1

// particle -1
sphere {
	<32.591919, 29.098106, 38.717381> 0.250000
	pigment { color rgbt <1,0,0,0> }
	no_shadow
}
cylinder {
	<32.399502, 28.757837, 38.802189>,  <32.284050, 28.553677, 38.853073>, 0.100000
	pigment { color rgbt <1,0,0,0> }
	no_shadow
}
cylinder {
	<32.399502, 28.757837, 38.802189>,  <32.591919, 29.098106, 38.717381>, 0.100000
	pigment { color rgbt <1,0,0,0> }
	no_shadow
}

// particle -1
sphere {
	<32.399502, 28.757837, 38.802189> 0.100000
	pigment { color rgbt <1,0,0,0> }
	no_shadow
}
sphere {
	0, 1
	scale<0.080000,0.200000,0.300000>
	matrix <0.815285, -0.522990, -0.248580,
		0.322347, 0.053284, 0.945121,
		-0.481043, -0.850672, 0.212026,
		32.255188, 28.502636, 38.865795>
	pigment { color rgbt <0,1,1,0> }
	no_shadow
}
cylinder {
	<32.694729, 28.446424, 38.454346>,  <32.591919, 29.098106, 38.717381>, 0.130000
	pigment { color rgbt <1,0,0,0> }
	no_shadow
}

// nucleotide -1

// particle -1
sphere {
	<32.694729, 28.446424, 38.454346> 0.250000
	pigment { color rgbt <1,0,0,0> }
	no_shadow
}
cylinder {
	<32.987152, 28.701044, 38.552620>,  <33.162605, 28.853815, 38.611584>, 0.100000
	pigment { color rgbt <1,0,0,0> }
	no_shadow
}
cylinder {
	<32.987152, 28.701044, 38.552620>,  <32.694729, 28.446424, 38.454346>, 0.100000
	pigment { color rgbt <1,0,0,0> }
	no_shadow
}

// particle -1
sphere {
	<32.987152, 28.701044, 38.552620> 0.100000
	pigment { color rgbt <1,0,0,0> }
	no_shadow
}
sphere {
	0, 1
	scale<0.080000,0.200000,0.300000>
	matrix <-0.610222, 0.448873, 0.652796,
		0.305253, -0.627155, 0.716587,
		0.731060, 0.636545, 0.245684,
		33.206470, 28.892008, 38.626324>
	pigment { color rgbt <0,1,1,0> }
	no_shadow
}
cylinder {
	<33.399227, 28.246941, 38.646671>,  <32.694729, 28.446424, 38.454346>, 0.130000
	pigment { color rgbt <1,0,0,0> }
	no_shadow
}

// nucleotide -1

// particle -1
sphere {
	<33.399227, 28.246941, 38.646671> 0.250000
	pigment { color rgbt <1,0,0,0> }
	no_shadow
}
cylinder {
	<33.615711, 27.915249, 38.590855>,  <33.745602, 27.716234, 38.557365>, 0.100000
	pigment { color rgbt <1,0,0,0> }
	no_shadow
}
cylinder {
	<33.615711, 27.915249, 38.590855>,  <33.399227, 28.246941, 38.646671>, 0.100000
	pigment { color rgbt <1,0,0,0> }
	no_shadow
}

// particle -1
sphere {
	<33.615711, 27.915249, 38.590855> 0.100000
	pigment { color rgbt <1,0,0,0> }
	no_shadow
}
sphere {
	0, 1
	scale<0.080000,0.200000,0.300000>
	matrix <0.837801, 0.545952, 0.005038,
		0.072008, -0.119638, 0.990203,
		0.541206, -0.829230, -0.139546,
		33.778072, 27.666479, 38.548992>
	pigment { color rgbt <0,1,1,0> }
	no_shadow
}
cylinder {
	<33.849575, 28.259970, 39.203770>,  <33.399227, 28.246941, 38.646671>, 0.130000
	pigment { color rgbt <1,0,0,0> }
	no_shadow
}

// nucleotide -1

// particle -1
sphere {
	<33.849575, 28.259970, 39.203770> 0.250000
	pigment { color rgbt <1,0,0,0> }
	no_shadow
}
cylinder {
	<33.973225, 28.066565, 38.876194>,  <34.047413, 27.950521, 38.679649>, 0.100000
	pigment { color rgbt <1,0,0,0> }
	no_shadow
}
cylinder {
	<33.973225, 28.066565, 38.876194>,  <33.849575, 28.259970, 39.203770>, 0.100000
	pigment { color rgbt <1,0,0,0> }
	no_shadow
}

// particle -1
sphere {
	<33.973225, 28.066565, 38.876194> 0.100000
	pigment { color rgbt <1,0,0,0> }
	no_shadow
}
sphere {
	0, 1
	scale<0.080000,0.200000,0.300000>
	matrix <0.829843, 0.557766, -0.016078,
		0.464549, -0.674619, 0.573657,
		0.309120, -0.483514, -0.818938,
		34.065960, 27.921511, 38.630512>
	pigment { color rgbt <0,1,1,0> }
	no_shadow
}
cylinder {
	<34.577602, 28.110596, 39.363831>,  <33.849575, 28.259970, 39.203770>, 0.130000
	pigment { color rgbt <1,0,0,0> }
	no_shadow
}

// nucleotide -1

// particle -1
sphere {
	<34.577602, 28.110596, 39.363831> 0.250000
	pigment { color rgbt <1,0,0,0> }
	no_shadow
}
cylinder {
	<34.506023, 28.069386, 38.972450>,  <34.463078, 28.044661, 38.737621>, 0.100000
	pigment { color rgbt <1,0,0,0> }
	no_shadow
}
cylinder {
	<34.506023, 28.069386, 38.972450>,  <34.577602, 28.110596, 39.363831>, 0.100000
	pigment { color rgbt <1,0,0,0> }
	no_shadow
}

// particle -1
sphere {
	<34.506023, 28.069386, 38.972450> 0.100000
	pigment { color rgbt <1,0,0,0> }
	no_shadow
}
sphere {
	0, 1
	scale<0.080000,0.200000,0.300000>
	matrix <0.961301, 0.193425, -0.196179,
		0.209468, -0.975691, 0.064425,
		-0.178949, -0.103025, -0.978449,
		34.452339, 28.038479, 38.678917>
	pigment { color rgbt <0,1,1,0> }
	no_shadow
}
cylinder {
	<35.035564, 27.590622, 39.058891>,  <34.577602, 28.110596, 39.363831>, 0.130000
	pigment { color rgbt <1,0,0,0> }
	no_shadow
}

// nucleotide -1

// particle -1
sphere {
	<35.035564, 27.590622, 39.058891> 0.250000
	pigment { color rgbt <1,0,0,0> }
	no_shadow
}
cylinder {
	<34.895039, 27.853182, 38.791843>,  <34.810722, 28.010717, 38.631615>, 0.100000
	pigment { color rgbt <1,0,0,0> }
	no_shadow
}
cylinder {
	<34.895039, 27.853182, 38.791843>,  <35.035564, 27.590622, 39.058891>, 0.100000
	pigment { color rgbt <1,0,0,0> }
	no_shadow
}

// particle -1
sphere {
	<34.895039, 27.853182, 38.791843> 0.100000
	pigment { color rgbt <1,0,0,0> }
	no_shadow
}
sphere {
	0, 1
	scale<0.080000,0.200000,0.300000>
	matrix <0.934669, 0.287402, -0.209270,
		0.054510, -0.697523, -0.714486,
		-0.351315, 0.656401, -0.667619,
		34.789642, 28.050102, 38.591557>
	pigment { color rgbt <0,1,1,0> }
	no_shadow
}
cylinder {
	<35.432598, 27.769367, 38.305077>,  <35.035564, 27.590622, 39.058891>, 0.130000
	pigment { color rgbt <1,0,0,0> }
	no_shadow
}

// nucleotide -1

// particle -1
sphere {
	<35.432598, 27.769367, 38.305077> 0.250000
	pigment { color rgbt <1,0,0,0> }
	no_shadow
}
cylinder {
	<35.249470, 28.102762, 38.428818>,  <35.139591, 28.302799, 38.503063>, 0.100000
	pigment { color rgbt <1,0,0,0> }
	no_shadow
}
cylinder {
	<35.249470, 28.102762, 38.428818>,  <35.432598, 27.769367, 38.305077>, 0.100000
	pigment { color rgbt <1,0,0,0> }
	no_shadow
}

// particle -1
sphere {
	<35.249470, 28.102762, 38.428818> 0.100000
	pigment { color rgbt <1,0,0,0> }
	no_shadow
}
sphere {
	0, 1
	scale<0.080000,0.200000,0.300000>
	matrix <0.824698, 0.528114, -0.202407,
		-0.332076, 0.162455, -0.929157,
		-0.457820, 0.833489, 0.309351,
		35.112125, 28.352808, 38.521622>
	pigment { color rgbt <0,1,1,0> }
	no_shadow
}
cylinder {
	<35.681137, 28.287340, 37.868458>,  <35.432598, 27.769367, 38.305077>, 0.130000
	pigment { color rgbt <1,0,0,0> }
	no_shadow
}

// nucleotide -1

// particle -1
sphere {
	<35.681137, 28.287340, 37.868458> 0.250000
	pigment { color rgbt <1,0,0,0> }
	no_shadow
}
cylinder {
	<35.569275, 28.421461, 38.228317>,  <35.502159, 28.501934, 38.444233>, 0.100000
	pigment { color rgbt <1,0,0,0> }
	no_shadow
}
cylinder {
	<35.569275, 28.421461, 38.228317>,  <35.681137, 28.287340, 37.868458>, 0.100000
	pigment { color rgbt <1,0,0,0> }
	no_shadow
}

// particle -1
sphere {
	<35.569275, 28.421461, 38.228317> 0.100000
	pigment { color rgbt <1,0,0,0> }
	no_shadow
}
sphere {
	0, 1
	scale<0.080000,0.200000,0.300000>
	matrix <0.850888, 0.520599, 0.070464,
		-0.444729, 0.785205, -0.430893,
		-0.279652, 0.335305, 0.899647,
		35.485378, 28.522053, 38.498211>
	pigment { color rgbt <0,1,1,0> }
	no_shadow
}
cylinder {
	<35.513977, 28.969311, 38.013458>,  <35.681137, 28.287340, 37.868458>, 0.130000
	pigment { color rgbt <1,0,0,0> }
	no_shadow
}

// nucleotide -1

// particle -1
sphere {
	<35.513977, 28.969311, 38.013458> 0.250000
	pigment { color rgbt <1,0,0,0> }
	no_shadow
}
cylinder {
	<35.697037, 28.801517, 38.327042>,  <35.806873, 28.700842, 38.515190>, 0.100000
	pigment { color rgbt <1,0,0,0> }
	no_shadow
}
cylinder {
	<35.697037, 28.801517, 38.327042>,  <35.513977, 28.969311, 38.013458>, 0.100000
	pigment { color rgbt <1,0,0,0> }
	no_shadow
}

// particle -1
sphere {
	<35.697037, 28.801517, 38.327042> 0.100000
	pigment { color rgbt <1,0,0,0> }
	no_shadow
}
sphere {
	0, 1
	scale<0.080000,0.200000,0.300000>
	matrix <0.852505, 0.457484, -0.252871,
		-0.252573, 0.784054, 0.566980,
		0.457649, -0.419485, 0.783957,
		35.834332, 28.675673, 38.562229>
	pigment { color rgbt <0,1,1,0> }
	no_shadow
}
cylinder {
	<35.895512, 29.574051, 38.429520>,  <35.513977, 28.969311, 38.013458>, 0.130000
	pigment { color rgbt <1,0,0,0> }
	no_shadow
}

// nucleotide -1

// particle -1
sphere {
	<35.895512, 29.574051, 38.429520> 0.250000
	pigment { color rgbt <1,0,0,0> }
	no_shadow
}
cylinder {
	<36.076656, 29.221277, 38.481834>,  <36.185345, 29.009613, 38.513226>, 0.100000
	pigment { color rgbt <1,0,0,0> }
	no_shadow
}
cylinder {
	<36.076656, 29.221277, 38.481834>,  <35.895512, 29.574051, 38.429520>, 0.100000
	pigment { color rgbt <1,0,0,0> }
	no_shadow
}

// particle -1
sphere {
	<36.076656, 29.221277, 38.481834> 0.100000
	pigment { color rgbt <1,0,0,0> }
	no_shadow
}
sphere {
	0, 1
	scale<0.080000,0.200000,0.300000>
	matrix <0.887418, 0.431715, -0.161591,
		0.086049, 0.189244, 0.978153,
		0.452863, -0.881935, 0.130790,
		36.212517, 28.956697, 38.521072>
	pigment { color rgbt <0,1,1,0> }
	no_shadow
}
cylinder {
	<36.439117, 29.682997, 38.861801>,  <35.895512, 29.574051, 38.429520>, 0.130000
	pigment { color rgbt <1,0,0,0> }
	no_shadow
}

// nucleotide -1

// particle -1
sphere {
	<36.439117, 29.682997, 38.861801> 0.250000
	pigment { color rgbt <1,0,0,0> }
	no_shadow
}
cylinder {
	<36.504189, 29.351715, 38.647282>,  <36.543232, 29.152946, 38.518570>, 0.100000
	pigment { color rgbt <1,0,0,0> }
	no_shadow
}
cylinder {
	<36.504189, 29.351715, 38.647282>,  <36.439117, 29.682997, 38.861801>, 0.100000
	pigment { color rgbt <1,0,0,0> }
	no_shadow
}

// particle -1
sphere {
	<36.504189, 29.351715, 38.647282> 0.100000
	pigment { color rgbt <1,0,0,0> }
	no_shadow
}
sphere {
	0, 1
	scale<0.080000,0.200000,0.300000>
	matrix <0.942928, 0.290555, -0.162679,
		0.290556, -0.479225, 0.828203,
		0.162679, -0.828203, -0.536298,
		36.552994, 29.103254, 38.486393>
	pigment { color rgbt <0,1,1,0> }
	no_shadow
}
cylinder {
	<37.039967, 29.300144, 39.012016>,  <36.439117, 29.682997, 38.861801>, 0.130000
	pigment { color rgbt <1,0,0,0> }
	no_shadow
}

// nucleotide -1

// particle -1
sphere {
	<37.039967, 29.300144, 39.012016> 0.250000
	pigment { color rgbt <1,0,0,0> }
	no_shadow
}
cylinder {
	<36.947937, 29.257717, 38.625065>,  <36.892719, 29.232262, 38.392895>, 0.100000
	pigment { color rgbt <1,0,0,0> }
	no_shadow
}
cylinder {
	<36.947937, 29.257717, 38.625065>,  <37.039967, 29.300144, 39.012016>, 0.100000
	pigment { color rgbt <1,0,0,0> }
	no_shadow
}

// particle -1
sphere {
	<36.947937, 29.257717, 38.625065> 0.100000
	pigment { color rgbt <1,0,0,0> }
	no_shadow
}
sphere {
	0, 1
	scale<0.080000,0.200000,0.300000>
	matrix <0.860146, 0.442806, -0.253123,
		0.455208, -0.890321, -0.010645,
		-0.230075, -0.106067, -0.967376,
		36.878914, 29.225897, 38.334854>
	pigment { color rgbt <0,1,1,0> }
	no_shadow
}
cylinder {
	<37.700771, 29.294420, 38.744736>,  <37.039967, 29.300144, 39.012016>, 0.130000
	pigment { color rgbt <1,0,0,0> }
	no_shadow
}

// nucleotide -1

// particle -1
sphere {
	<37.700771, 29.294420, 38.744736> 0.250000
	pigment { color rgbt <1,0,0,0> }
	no_shadow
}
cylinder {
	<37.467136, 29.383074, 38.432396>,  <37.326954, 29.436266, 38.244991>, 0.100000
	pigment { color rgbt <1,0,0,0> }
	no_shadow
}
cylinder {
	<37.467136, 29.383074, 38.432396>,  <37.700771, 29.294420, 38.744736>, 0.100000
	pigment { color rgbt <1,0,0,0> }
	no_shadow
}

// particle -1
sphere {
	<37.467136, 29.383074, 38.432396> 0.100000
	pigment { color rgbt <1,0,0,0> }
	no_shadow
}
sphere {
	0, 1
	scale<0.080000,0.200000,0.300000>
	matrix <0.764543, 0.473315, -0.437547,
		0.272611, -0.852556, -0.445906,
		-0.584087, 0.221634, -0.780846,
		37.291912, 29.449564, 38.198143>
	pigment { color rgbt <0,1,1,0> }
	no_shadow
}
cylinder {
	<37.952538, 28.987892, 38.136108>,  <37.700771, 29.294420, 38.744736>, 0.130000
	pigment { color rgbt <1,0,0,0> }
	no_shadow
}

// nucleotide -1

// particle -1
sphere {
	<37.952538, 28.987892, 38.136108> 0.250000
	pigment { color rgbt <1,0,0,0> }
	no_shadow
}
cylinder {
	<37.744003, 29.323664, 38.074703>,  <37.618881, 29.525127, 38.037861>, 0.100000
	pigment { color rgbt <1,0,0,0> }
	no_shadow
}
cylinder {
	<37.744003, 29.323664, 38.074703>,  <37.952538, 28.987892, 38.136108>, 0.100000
	pigment { color rgbt <1,0,0,0> }
	no_shadow
}

// particle -1
sphere {
	<37.744003, 29.323664, 38.074703> 0.100000
	pigment { color rgbt <1,0,0,0> }
	no_shadow
}
sphere {
	0, 1
	scale<0.080000,0.200000,0.300000>
	matrix <0.842525, 0.477764, -0.248783,
