// switches for output
#declare DRAW_BASES = 1; // possible values are 0, 1; only relevant for DNA ribbons
#declare DRAW_BASES_TYPE = 3; // possible values are 1, 2, 3; only relevant for DNA ribbons
#declare DRAW_FOG = 0; // set to 1 to enable fog

#include "colors.inc"

#include "transforms.inc"
background { rgb <1, 1, 1>}

#default {
   normal{
       ripples 0.25
       frequency 0.20
       turbulence 0.2
       lambda 5
   }
	finish {
		phong 0.1
		phong_size 40.
	}
}

// original window dimensions: 1024x640


// camera settings

camera {
	sky <0, 0.179814, -0.983701>
	up <0, 0.179814, -0.983701>
	right 1.6 * <1, 0, 0>
	location <35, 94.9851, 44.8844>
	look_at <35, 29.7336, 32.9568>
	direction <0, -65.2515, -11.9276>
	angle 67.0682
}


# declare cpy_camera_pos = <35, 94.9851, 44.8844>;
# if (DRAW_FOG = 1)
fog {
	fog_type 2
	up vnormalize(cpy_camera_pos)
	color rgbt<1,1,1,0.3>
	distance 1e-5
	fog_alt 3e-3
	fog_offset 56
}
# end


// LIGHTS

# declare lum = 6;
global_settings {
	ambient_light rgb lum * <0.05, 0.05, 0.05>
	max_trace_level 15
}# declare cpy_direct_light_amount = 0.25;
light_source
{	1000 * <-1, -1.16352, -0.803886>,
	rgb lum * cpy_direct_light_amount
	parallel
}

light_source
{	1000 * <1, 1.16352, 0.803886>,
	rgb lum * cpy_direct_light_amount
	parallel
}

// strand 0

// nucleotide -1

// particle -1
sphere {
	<24.297739, 35.435154, 34.894039> 0.250000
	pigment { color rgbt <1,0,0,0> }
	no_shadow
}
cylinder {
	<24.253448, 35.128704, 34.640804>,  <24.226875, 34.944836, 34.488865>, 0.100000
	pigment { color rgbt <1,0,0,0> }
	no_shadow
}
cylinder {
	<24.253448, 35.128704, 34.640804>,  <24.297739, 35.435154, 34.894039>, 0.100000
	pigment { color rgbt <1,0,0,0> }
	no_shadow
}

// particle -1
sphere {
	<24.253448, 35.128704, 34.640804> 0.100000
	pigment { color rgbt <1,0,0,0> }
	no_shadow
}
sphere {
	0, 1
	scale<0.080000,0.200000,0.300000>
	matrix <0.749097, 0.354295, -0.559758,
		0.653142, -0.536222, 0.534670,
		-0.110724, -0.766121, -0.633087,
		24.220232, 34.898869, 34.450878>
	pigment { color rgbt <0,1,1,0> }
	no_shadow
}
cylinder {
	<24.986507, 35.196529, 34.760674>,  <24.297739, 35.435154, 34.894039>, 0.130000
	pigment { color rgbt <1,0,0,0> }
	no_shadow
}

// nucleotide -1

// particle -1
sphere {
	<24.986507, 35.196529, 34.760674> 0.250000
	pigment { color rgbt <1,0,0,0> }
	no_shadow
}
cylinder {
	<24.745636, 35.091228, 34.459190>,  <24.601114, 35.028049, 34.278301>, 0.100000
	pigment { color rgbt <1,0,0,0> }
	no_shadow
}
cylinder {
	<24.745636, 35.091228, 34.459190>,  <24.986507, 35.196529, 34.760674>, 0.100000
	pigment { color rgbt <1,0,0,0> }
	no_shadow
}

// particle -1
sphere {
	<24.745636, 35.091228, 34.459190> 0.100000
	pigment { color rgbt <1,0,0,0> }
	no_shadow
}
sphere {
	0, 1
	scale<0.080000,0.200000,0.300000>
	matrix <0.632837, 0.418164, -0.651657,
		0.486725, -0.869389, -0.085213,
		-0.602177, -0.263252, -0.753712,
		24.564983, 35.012253, 34.233078>
	pigment { color rgbt <0,1,1,0> }
	no_shadow
}
cylinder {
	<25.324669, 35.182938, 34.193676>,  <24.986507, 35.196529, 34.760674>, 0.130000
	pigment { color rgbt <1,0,0,0> }
	no_shadow
}

// nucleotide -1

// particle -1
sphere {
	<25.324669, 35.182938, 34.193676> 0.250000
	pigment { color rgbt <1,0,0,0> }
	no_shadow
}
cylinder {
	<24.971907, 35.226757, 34.010265>,  <24.760250, 35.253048, 33.900219>, 0.100000
	pigment { color rgbt <1,0,0,0> }
	no_shadow
}
cylinder {
	<24.971907, 35.226757, 34.010265>,  <25.324669, 35.182938, 34.193676>, 0.100000
	pigment { color rgbt <1,0,0,0> }
	no_shadow
}

// particle -1
sphere {
	<24.971907, 35.226757, 34.010265> 0.100000
	pigment { color rgbt <1,0,0,0> }
	no_shadow
}
sphere {
	0, 1
	scale<0.080000,0.200000,0.300000>
	matrix <0.455136, 0.451347, -0.767553,
		0.122865, -0.885598, -0.447906,
		-0.881905, 0.109553, -0.458523,
		24.707335, 35.259624, 33.872707>
	pigment { color rgbt <0,1,1,0> }
	no_shadow
}
cylinder {
	<26.115316, 35.231815, 34.453957>,  <25.324669, 35.182938, 34.193676>, 0.130000
	pigment { color rgbt <1,0,0,0> }
	no_shadow
}

// nucleotide -1

// particle -1
sphere {
	<26.115316, 35.231815, 34.453957> 0.250000
	pigment { color rgbt <1,0,0,0> }
	no_shadow
}
cylinder {
	<26.277105, 35.540127, 34.650852>,  <26.374178, 35.725113, 34.768990>, 0.100000
	pigment { color rgbt <1,0,0,0> }
	no_shadow
}
cylinder {
	<26.277105, 35.540127, 34.650852>,  <26.115316, 35.231815, 34.453957>, 0.100000
	pigment { color rgbt <1,0,0,0> }
	no_shadow
}

// particle -1
sphere {
	<26.277105, 35.540127, 34.650852> 0.100000
	pigment { color rgbt <1,0,0,0> }
	no_shadow
}
sphere {
	0, 1
	scale<0.080000,0.200000,0.300000>
	matrix <0.912728, -0.374175, -0.164079,
		0.057713, 0.515643, -0.854858,
		0.404472, 0.770782, 0.492236,
		26.398447, 35.771362, 34.798523>
	pigment { color rgbt <0,1,1,0> }
	no_shadow
}
cylinder {
	<26.580215, 35.578148, 34.024670>,  <26.115316, 35.231815, 34.453957>, 0.130000
	pigment { color rgbt <1,0,0,0> }
	no_shadow
}

// nucleotide -1

// particle -1
sphere {
	<26.580215, 35.578148, 34.024670> 0.250000
	pigment { color rgbt <1,0,0,0> }
	no_shadow
}
cylinder {
	<26.698069, 35.604321, 34.406017>,  <26.768780, 35.620026, 34.634827>, 0.100000
	pigment { color rgbt <1,0,0,0> }
	no_shadow
}
cylinder {
	<26.698069, 35.604321, 34.406017>,  <26.580215, 35.578148, 34.024670>, 0.100000
	pigment { color rgbt <1,0,0,0> }
	no_shadow
}

// particle -1
sphere {
	<26.698069, 35.604321, 34.406017> 0.100000
	pigment { color rgbt <1,0,0,0> }
	no_shadow
}
sphere {
	0, 1
	scale<0.080000,0.200000,0.300000>
	matrix <0.877776, -0.412908, -0.242933,
		0.377758, 0.908419, -0.179090,
		0.294633, 0.065431, 0.953368,
		26.786459, 35.623951, 34.692028>
	pigment { color rgbt <0,1,1,0> }
	no_shadow
}
cylinder {
	<27.217493, 35.926868, 34.073044>,  <26.580215, 35.578148, 34.024670>, 0.130000
	pigment { color rgbt <1,0,0,0> }
	no_shadow
}

// nucleotide -1

// particle -1
sphere {
	<27.217493, 35.926868, 34.073044> 0.250000
	pigment { color rgbt <1,0,0,0> }
	no_shadow
}
cylinder {
	<27.162292, 35.630112, 34.335510>,  <27.129171, 35.452057, 34.492989>, 0.100000
	pigment { color rgbt <1,0,0,0> }
	no_shadow
}
cylinder {
	<27.162292, 35.630112, 34.335510>,  <27.217493, 35.926868, 34.073044>, 0.100000
	pigment { color rgbt <1,0,0,0> }
	no_shadow
}

// particle -1
sphere {
	<27.162292, 35.630112, 34.335510> 0.100000
	pigment { color rgbt <1,0,0,0> }
	no_shadow
}
sphere {
	0, 1
	scale<0.080000,0.200000,0.300000>
	matrix <0.742837, -0.515726, -0.426872,
		0.655095, 0.428515, 0.622275,
		-0.138002, -0.741890, 0.656166,
		27.120892, 35.407543, 34.532360>
	pigment { color rgbt <0,1,1,0> }
	no_shadow
}
cylinder {
	<27.807192, 35.736530, 34.568748>,  <27.217493, 35.926868, 34.073044>, 0.130000
	pigment { color rgbt <1,0,0,0> }
	no_shadow
}

// nucleotide -1

// particle -1
sphere {
	<27.807192, 35.736530, 34.568748> 0.250000
	pigment { color rgbt <1,0,0,0> }
	no_shadow
}
cylinder {
	<27.584578, 35.436047, 34.426788>,  <27.451008, 35.255756, 34.341614>, 0.100000
	pigment { color rgbt <1,0,0,0> }
	no_shadow
}
cylinder {
	<27.584578, 35.436047, 34.426788>,  <27.807192, 35.736530, 34.568748>, 0.100000
	pigment { color rgbt <1,0,0,0> }
	no_shadow
}

// particle -1
sphere {
	<27.584578, 35.436047, 34.426788> 0.100000
	pigment { color rgbt <1,0,0,0> }
	no_shadow
}
sphere {
	0, 1
	scale<0.080000,0.200000,0.300000>
	matrix <0.813804, -0.406878, -0.414937,
		0.167302, -0.519748, 0.837778,
		-0.556537, -0.751207, -0.354901,
		27.417616, 35.210686, 34.320316>
	pigment { color rgbt <0,1,1,0> }
	no_shadow
}
cylinder {
	<28.030842, 35.053154, 34.887428>,  <27.807192, 35.736530, 34.568748>, 0.130000
	pigment { color rgbt <1,0,0,0> }
	no_shadow
}

// nucleotide -1

// particle -1
sphere {
	<28.030842, 35.053154, 34.887428> 0.250000
	pigment { color rgbt <1,0,0,0> }
	no_shadow
}
cylinder {
	<27.845865, 34.975880, 34.541290>,  <27.734880, 34.929516, 34.333607>, 0.100000
	pigment { color rgbt <1,0,0,0> }
	no_shadow
}
cylinder {
	<27.845865, 34.975880, 34.541290>,  <28.030842, 35.053154, 34.887428>, 0.100000
	pigment { color rgbt <1,0,0,0> }
	no_shadow
}

// particle -1
sphere {
	<27.845865, 34.975880, 34.541290> 0.100000
	pigment { color rgbt <1,0,0,0> }
	no_shadow
}
sphere {
	0, 1
	scale<0.080000,0.200000,0.300000>
	matrix <0.753046, -0.600779, -0.268302,
		-0.468050, -0.775721, 0.423304,
		-0.462440, -0.193189, -0.865348,
		27.707134, 34.917923, 34.281685>
	pigment { color rgbt <0,1,1,0> }
	no_shadow
}
cylinder {
	<28.336985, 34.443531, 34.572250>,  <28.030842, 35.053154, 34.887428>, 0.130000
	pigment { color rgbt <1,0,0,0> }
	no_shadow
}

// nucleotide -1

// particle -1
sphere {
	<28.336985, 34.443531, 34.572250> 0.250000
	pigment { color rgbt <1,0,0,0> }
	no_shadow
}
cylinder {
	<28.158960, 34.577641, 34.240101>,  <28.052145, 34.658104, 34.040813>, 0.100000
	pigment { color rgbt <1,0,0,0> }
	no_shadow
}
cylinder {
	<28.158960, 34.577641, 34.240101>,  <28.336985, 34.443531, 34.572250>, 0.100000
	pigment { color rgbt <1,0,0,0> }
	no_shadow
}

// particle -1
sphere {
	<28.158960, 34.577641, 34.240101> 0.100000
	pigment { color rgbt <1,0,0,0> }
	no_shadow
}
sphere {
	0, 1
	scale<0.080000,0.200000,0.300000>
	matrix <0.582012, -0.596423, -0.552759,
		-0.680575, -0.729297, 0.070315,
		-0.445062, 0.335270, -0.830370,
		28.025442, 34.678223, 33.990990>
	pigment { color rgbt <0,1,1,0> }
	no_shadow
}
cylinder {
	<28.241488, 33.747684, 34.700100>,  <28.336985, 34.443531, 34.572250>, 0.130000
	pigment { color rgbt <1,0,0,0> }
	no_shadow
}

// nucleotide -1

// particle -1
sphere {
	<28.241488, 33.747684, 34.700100> 0.250000
	pigment { color rgbt <1,0,0,0> }
	no_shadow
}
cylinder {
	<28.318832, 33.932934, 34.354122>,  <28.365240, 34.044083, 34.146534>, 0.100000
	pigment { color rgbt <1,0,0,0> }
	no_shadow
}
cylinder {
	<28.318832, 33.932934, 34.354122>,  <28.241488, 33.747684, 34.700100>, 0.100000
	pigment { color rgbt <1,0,0,0> }
	no_shadow
}

// particle -1
sphere {
	<28.318832, 33.932934, 34.354122> 0.100000
	pigment { color rgbt <1,0,0,0> }
	no_shadow
}
sphere {
	0, 1
	scale<0.080000,0.200000,0.300000>
	matrix <0.804578, 0.429667, 0.409927,
		0.561484, -0.775180, -0.289537,
		0.193363, 0.463122, -0.864944,
		28.376841, 34.071869, 34.094639>
	pigment { color rgbt <0,1,1,0> }
	no_shadow
}
cylinder {
	<28.974216, 33.556431, 34.388214>,  <28.241488, 33.747684, 34.700100>, 0.130000
	pigment { color rgbt <1,0,0,0> }
	no_shadow
}

// nucleotide -1

// particle -1
sphere {
	<28.974216, 33.556431, 34.388214> 0.250000
	pigment { color rgbt <1,0,0,0> }
	no_shadow
}
cylinder {
	<28.856237, 33.931446, 34.314423>,  <28.785450, 34.156456, 34.270149>, 0.100000
	pigment { color rgbt <1,0,0,0> }
	no_shadow
}
cylinder {
	<28.856237, 33.931446, 34.314423>,  <28.974216, 33.556431, 34.388214>, 0.100000
	pigment { color rgbt <1,0,0,0> }
	no_shadow
}

// particle -1
sphere {
	<28.856237, 33.931446, 34.314423> 0.100000
	pigment { color rgbt <1,0,0,0> }
	no_shadow
}
sphere {
	0, 1
	scale<0.080000,0.200000,0.300000>
	matrix <0.878038, 0.342088, 0.334701,
		0.376901, -0.063256, -0.924091,
		-0.294948, 0.937536, -0.184475,
		28.767754, 34.212708, 34.259079>
	pigment { color rgbt <0,1,1,0> }
	no_shadow
}
cylinder {
	<29.533524, 33.911594, 34.026840>,  <28.974216, 33.556431, 34.388214>, 0.130000
	pigment { color rgbt <1,0,0,0> }
	no_shadow
}

// nucleotide -1

// particle -1
sphere {
	<29.533524, 33.911594, 34.026840> 0.250000
	pigment { color rgbt <1,0,0,0> }
	no_shadow
}
cylinder {
	<29.339788, 34.139000, 34.292835>,  <29.223547, 34.275444, 34.452431>, 0.100000
	pigment { color rgbt <1,0,0,0> }
	no_shadow
}
cylinder {
	<29.339788, 34.139000, 34.292835>,  <29.533524, 33.911594, 34.026840>, 0.100000
	pigment { color rgbt <1,0,0,0> }
	no_shadow
}

// particle -1
sphere {
	<29.339788, 34.139000, 34.292835> 0.100000
	pigment { color rgbt <1,0,0,0> }
	no_shadow
}
sphere {
	0, 1
	scale<0.080000,0.200000,0.300000>
	matrix <0.874798, 0.304324, 0.376982,
		0.011948, 0.764316, -0.644731,
		-0.484340, 0.568513, 0.664987,
		29.194487, 34.309555, 34.492332>
	pigment { color rgbt <0,1,1,0> }
	no_shadow
}
cylinder {
	<29.973118, 34.526180, 34.169838>,  <29.533524, 33.911594, 34.026840>, 0.130000
	pigment { color rgbt <1,0,0,0> }
	no_shadow
}

// nucleotide -1

// particle -1
sphere {
	<29.973118, 34.526180, 34.169838> 0.250000
	pigment { color rgbt <1,0,0,0> }
	no_shadow
}
cylinder {
	<29.741638, 34.436207, 34.483402>,  <29.602751, 34.382225, 34.671539>, 0.100000
	pigment { color rgbt <1,0,0,0> }
	no_shadow
}
cylinder {
	<29.741638, 34.436207, 34.483402>,  <29.973118, 34.526180, 34.169838>, 0.100000
	pigment { color rgbt <1,0,0,0> }
	no_shadow
}

// particle -1
sphere {
	<29.741638, 34.436207, 34.483402> 0.100000
	pigment { color rgbt <1,0,0,0> }
	no_shadow
}
sphere {
	0, 1
	scale<0.080000,0.200000,0.300000>
	matrix <0.810900, -0.056284, 0.582472,
		-0.086894, 0.972748, 0.214968,
		-0.578698, -0.224931, 0.783910,
		29.568029, 34.368729, 34.718575>
	pigment { color rgbt <0,1,1,0> }
	no_shadow
}
cylinder {
	<30.175756, 34.999619, 34.642765>,  <29.973118, 34.526180, 34.169838>, 0.130000
	pigment { color rgbt <1,0,0,0> }
	no_shadow
}

// nucleotide -1

// particle -1
sphere {
	<30.175756, 34.999619, 34.642765> 0.250000
	pigment { color rgbt <1,0,0,0> }
	no_shadow
}
cylinder {
	<30.045179, 34.664925, 34.818634>,  <29.966833, 34.464108, 34.924156>, 0.100000
	pigment { color rgbt <1,0,0,0> }
	no_shadow
}
cylinder {
	<30.045179, 34.664925, 34.818634>,  <30.175756, 34.999619, 34.642765>, 0.100000
	pigment { color rgbt <1,0,0,0> }
	no_shadow
}

// particle -1
sphere {
	<30.045179, 34.664925, 34.818634> 0.100000
	pigment { color rgbt <1,0,0,0> }
	no_shadow
}
sphere {
	0, 1
	scale<0.080000,0.200000,0.300000>
	matrix <0.821689, -0.021304, 0.569538,
		-0.467184, 0.547196, 0.694489,
		-0.326444, -0.836734, 0.439672,
		29.947247, 34.413906, 34.950535>
	pigment { color rgbt <0,1,1,0> }
	no_shadow
}
cylinder {
	<30.135935, 35.118790, 35.376957>,  <30.175756, 34.999619, 34.642765>, 0.130000
	pigment { color rgbt <1,0,0,0> }
	no_shadow
}

// nucleotide -1

// particle -1
sphere {
	<30.135935, 35.118790, 35.376957> 0.250000
	pigment { color rgbt <1,0,0,0> }
	no_shadow
}
cylinder {
	<30.168451, 34.721153, 35.348202>,  <30.187962, 34.482571, 35.330948>, 0.100000
	pigment { color rgbt <1,0,0,0> }
	no_shadow
}
cylinder {
	<30.168451, 34.721153, 35.348202>,  <30.135935, 35.118790, 35.376957>, 0.100000
	pigment { color rgbt <1,0,0,0> }
	no_shadow
}

// particle -1
sphere {
	<30.168451, 34.721153, 35.348202> 0.100000
	pigment { color rgbt <1,0,0,0> }
	no_shadow
}
sphere {
	0, 1
	scale<0.080000,0.200000,0.300000>
	matrix <0.612437, -0.007081, 0.790488,
		-0.786329, -0.108285, 0.608244,
		0.081291, -0.994095, -0.071886,
		30.192839, 34.422924, 35.326637>
	pigment { color rgbt <0,1,1,0> }
	no_shadow
}
cylinder {
	<29.976452, 34.805393, 36.010132>,  <30.135935, 35.118790, 35.376957>, 0.130000
	pigment { color rgbt <1,0,0,0> }
	no_shadow
}

// nucleotide -1

// particle -1
sphere {
	<29.976452, 34.805393, 36.010132> 0.250000
	pigment { color rgbt <1,0,0,0> }
	no_shadow
}
cylinder {
	<30.236719, 34.568520, 35.820000>,  <30.392879, 34.426395, 35.705921>, 0.100000
	pigment { color rgbt <1,0,0,0> }
	no_shadow
}
cylinder {
	<30.236719, 34.568520, 35.820000>,  <29.976452, 34.805393, 36.010132>, 0.100000
	pigment { color rgbt <1,0,0,0> }
	no_shadow
}

// particle -1
sphere {
	<30.236719, 34.568520, 35.820000> 0.100000
	pigment { color rgbt <1,0,0,0> }
	no_shadow
}
sphere {
	0, 1
	scale<0.080000,0.200000,0.300000>
	matrix <0.641896, 0.094495, 0.760947,
		-0.405707, -0.800240, 0.441608,
		0.650670, -0.592188, -0.475333,
		30.431921, 34.390862, 35.677399>
	pigment { color rgbt <0,1,1,0> }
	no_shadow
}
cylinder {
	<30.230938, 34.166122, 36.472446>,  <29.976452, 34.805393, 36.010132>, 0.130000
	pigment { color rgbt <1,0,0,0> }
	no_shadow
}

// nucleotide -1

// particle -1
sphere {
	<30.230938, 34.166122, 36.472446> 0.250000
	pigment { color rgbt <1,0,0,0> }
	no_shadow
}
cylinder {
	<30.481092, 34.332600, 36.208424>,  <30.631186, 34.432487, 36.050011>, 0.100000
	pigment { color rgbt <1,0,0,0> }
	no_shadow
}
cylinder {
	<30.481092, 34.332600, 36.208424>,  <30.230938, 34.166122, 36.472446>, 0.100000
	pigment { color rgbt <1,0,0,0> }
	no_shadow
}

// particle -1
sphere {
	<30.481092, 34.332600, 36.208424> 0.100000
	pigment { color rgbt <1,0,0,0> }
	no_shadow
}
sphere {
	0, 1
	scale<0.080000,0.200000,0.300000>
	matrix <0.621112, 0.246534, 0.743936,
		0.472347, -0.875217, -0.104323,
		0.625386, 0.416192, -0.660058,
		30.668709, 34.457458, 36.010406>
	pigment { color rgbt <0,1,1,0> }
	no_shadow
}
cylinder {
	<30.945641, 34.091778, 36.737209>,  <30.230938, 34.166122, 36.472446>, 0.130000
	pigment { color rgbt <1,0,0,0> }
	no_shadow
}

// nucleotide -1

// particle -1
sphere {
	<30.945641, 34.091778, 36.737209> 0.250000
	pigment { color rgbt <1,0,0,0> }
	no_shadow
}
cylinder {
	<30.911966, 34.391212, 36.474140>,  <30.891762, 34.570873, 36.316299>, 0.100000
	pigment { color rgbt <1,0,0,0> }
	no_shadow
}
cylinder {
	<30.911966, 34.391212, 36.474140>,  <30.945641, 34.091778, 36.737209>, 0.100000
	pigment { color rgbt <1,0,0,0> }
	no_shadow
}

// particle -1
sphere {
	<30.911966, 34.391212, 36.474140> 0.100000
	pigment { color rgbt <1,0,0,0> }
	no_shadow
}
sphere {
	0, 1
	scale<0.080000,0.200000,0.300000>
	matrix <0.618361, 0.556805, 0.554615,
		0.781372, -0.359989, -0.509770,
		-0.084187, 0.748583, -0.657675,
		30.886711, 34.615788, 36.276836>
	pigment { color rgbt <0,1,1,0> }
	no_shadow
}
cylinder {
	<31.585798, 34.245102, 36.599377>,  <30.945641, 34.091778, 36.737209>, 0.130000
	pigment { color rgbt <1,0,0,0> }
	no_shadow
}

// nucleotide -1

// particle -1
sphere {
	<31.585798, 34.245102, 36.599377> 0.250000
	pigment { color rgbt <1,0,0,0> }
	no_shadow
}
cylinder {
	<31.365946, 34.571953, 36.529846>,  <31.234034, 34.768063, 36.488129>, 0.100000
	pigment { color rgbt <1,0,0,0> }
	no_shadow
}
cylinder {
	<31.365946, 34.571953, 36.529846>,  <31.585798, 34.245102, 36.599377>, 0.100000
	pigment { color rgbt <1,0,0,0> }
	no_shadow
}

// particle -1
sphere {
	<31.365946, 34.571953, 36.529846> 0.100000
	pigment { color rgbt <1,0,0,0> }
	no_shadow
}
sphere {
	0, 1
	scale<0.080000,0.200000,0.300000>
	matrix <0.668683, 0.555034, 0.494773,
		0.500768, 0.155711, -0.851461,
		-0.549632, 0.817124, -0.173822,
		31.201056, 34.817089, 36.477699>
	pigment { color rgbt <0,1,1,0> }
	no_shadow
}
cylinder {
	<31.945532, 34.764111, 36.269142>,  <31.585798, 34.245102, 36.599377>, 0.130000
	pigment { color rgbt <1,0,0,0> }
	no_shadow
}

// nucleotide -1

// particle -1
sphere {
	<31.945532, 34.764111, 36.269142> 0.250000
	pigment { color rgbt <1,0,0,0> }
	no_shadow
}
cylinder {
	<31.661779, 34.926456, 36.499638>,  <31.491528, 35.023865, 36.637936>, 0.100000
	pigment { color rgbt <1,0,0,0> }
	no_shadow
}
cylinder {
	<31.661779, 34.926456, 36.499638>,  <31.945532, 34.764111, 36.269142>, 0.100000
	pigment { color rgbt <1,0,0,0> }
	no_shadow
}

// particle -1
sphere {
	<31.661779, 34.926456, 36.499638> 0.100000
	pigment { color rgbt <1,0,0,0> }
	no_shadow
}
sphere {
	0, 1
	scale<0.080000,0.200000,0.300000>
	matrix <0.704056, 0.446231, 0.552434,
		-0.032926, 0.797593, -0.602297,
		-0.709381, 0.405861, 0.576242,
		31.448965, 35.048214, 36.672512>
	pigment { color rgbt <0,1,1,0> }
	no_shadow
}
cylinder {
	<31.964615, 35.457905, 36.216286>,  <31.945532, 34.764111, 36.269142>, 0.130000
	pigment { color rgbt <1,0,0,0> }
	no_shadow
}

// nucleotide -1

// particle -1
sphere {
	<31.964615, 35.457905, 36.216286> 0.250000
	pigment { color rgbt <1,0,0,0> }
	no_shadow
}
cylinder {
	<31.795794, 35.386841, 36.571884>,  <31.694500, 35.344200, 36.785244>, 0.100000
	pigment { color rgbt <1,0,0,0> }
	no_shadow
}
cylinder {
	<31.795794, 35.386841, 36.571884>,  <31.964615, 35.457905, 36.216286>, 0.100000
	pigment { color rgbt <1,0,0,0> }
	no_shadow
}

// particle -1
sphere {
	<31.795794, 35.386841, 36.571884> 0.100000
	pigment { color rgbt <1,0,0,0> }
	no_shadow
}
sphere {
	0, 1
	scale<0.080000,0.200000,0.300000>
	matrix <0.662890, 0.608451, 0.436308,
		-0.618424, 0.773449, -0.139027,
		-0.422053, -0.177664, 0.888992,
		31.669178, 35.333542, 36.838581>
	pigment { color rgbt <0,1,1,0> }
	no_shadow
}
cylinder {
	<31.772499, 36.144238, 36.438423>,  <31.964615, 35.457905, 36.216286>, 0.130000
	pigment { color rgbt <1,0,0,0> }
	no_shadow
}

// nucleotide -1

// particle -1
sphere {
	<31.772499, 36.144238, 36.438423> 0.250000
	pigment { color rgbt <1,0,0,0> }
	no_shadow
}
cylinder {
	<31.796404, 35.874447, 36.732773>,  <31.810747, 35.712574, 36.909382>, 0.100000
	pigment { color rgbt <1,0,0,0> }
	no_shadow
}
cylinder {
	<31.796404, 35.874447, 36.732773>,  <31.772499, 36.144238, 36.438423>, 0.100000
	pigment { color rgbt <1,0,0,0> }
	no_shadow
}

// particle -1
sphere {
	<31.796404, 35.874447, 36.732773> 0.100000
	pigment { color rgbt <1,0,0,0> }
	no_shadow
}
sphere {
	0, 1
	scale<0.080000,0.200000,0.300000>
	matrix <0.589897, 0.618561, 0.519041,
		-0.805264, 0.403073, 0.434836,
		0.059761, -0.674473, 0.735876,
		31.814333, 35.672104, 36.953537>
	pigment { color rgbt <0,1,1,0> }
	no_shadow
}
cylinder {
	<31.521599, 36.381992, 37.027191>,  <31.772499, 36.144238, 36.438423>, 0.130000
	pigment { color rgbt <1,0,0,0> }
	no_shadow
}

// nucleotide -1

// particle -1
sphere {
	<31.521599, 36.381992, 37.027191> 0.250000
	pigment { color rgbt <1,0,0,0> }
	no_shadow
}
cylinder {
	<31.825172, 36.124401, 37.065792>,  <32.007317, 35.969845, 37.088955>, 0.100000
	pigment { color rgbt <1,0,0,0> }
	no_shadow
}
cylinder {
	<31.825172, 36.124401, 37.065792>,  <31.521599, 36.381992, 37.027191>, 0.100000
	pigment { color rgbt <1,0,0,0> }
	no_shadow
}

// particle -1
sphere {
	<31.825172, 36.124401, 37.065792> 0.100000
	pigment { color rgbt <1,0,0,0> }
	no_shadow
}
sphere {
	0, 1
	scale<0.080000,0.200000,0.300000>
	matrix <0.571447, 0.729719, 0.375444,
		-0.312200, -0.229789, 0.921807,
		0.758933, -0.643978, 0.096506,
		32.052853, 35.931210, 37.094746>
	pigment { color rgbt <0,1,1,0> }
	no_shadow
}
cylinder {
	<31.833693, 36.307999, 37.750404>,  <31.521599, 36.381992, 37.027191>, 0.130000
	pigment { color rgbt <1,0,0,0> }
	no_shadow
}

// nucleotide -1

// particle -1
sphere {
	<31.833693, 36.307999, 37.750404> 0.250000
	pigment { color rgbt <1,0,0,0> }
	no_shadow
}
cylinder {
	<32.121338, 36.148979, 37.522430>,  <32.293926, 36.053566, 37.385647>, 0.100000
	pigment { color rgbt <1,0,0,0> }
	no_shadow
}
cylinder {
	<32.121338, 36.148979, 37.522430>,  <31.833693, 36.307999, 37.750404>, 0.100000
	pigment { color rgbt <1,0,0,0> }
	no_shadow
}

// particle -1
sphere {
	<32.121338, 36.148979, 37.522430> 0.100000
	pigment { color rgbt <1,0,0,0> }
	no_shadow
}
sphere {
	0, 1
	scale<0.080000,0.200000,0.300000>
	matrix <0.665981, 0.628409, 0.401961,
		0.198353, -0.668622, 0.716660,
		0.719115, -0.397551, -0.569936,
		32.337070, 36.029713, 37.351448>
	pigment { color rgbt <0,1,1,0> }
	no_shadow
}
cylinder {
	<32.288708, 36.232635, 38.249866>,  <31.833693, 36.307999, 37.750404>, 0.130000
	pigment { color rgbt <1,0,0,0> }
	no_shadow
}

// nucleotide -1

// particle -1
sphere {
	<32.288708, 36.232635, 38.249866> 0.250000
	pigment { color rgbt <1,0,0,0> }
	no_shadow
}
cylinder {
	<32.483608, 36.252495, 37.901127>,  <32.600548, 36.264412, 37.691883>, 0.100000
	pigment { color rgbt <1,0,0,0> }
	no_shadow
}
cylinder {
	<32.483608, 36.252495, 37.901127>,  <32.288708, 36.232635, 38.249866>, 0.100000
	pigment { color rgbt <1,0,0,0> }
	no_shadow
}

// particle -1
sphere {
	<32.483608, 36.252495, 37.901127> 0.100000
	pigment { color rgbt <1,0,0,0> }
	no_shadow
}
sphere {
	0, 1
	scale<0.080000,0.200000,0.300000>
	matrix <0.625143, 0.677271, 0.387944,
		0.609737, -0.734057, 0.298967,
		0.487254, 0.049647, -0.871847,
		32.629784, 36.267387, 37.639572>
	pigment { color rgbt <0,1,1,0> }
	no_shadow
}
cylinder {
	<32.000645, 36.452854, 38.880104>,  <32.288708, 36.232635, 38.249866>, 0.130000
	pigment { color rgbt <1,0,0,0> }
	no_shadow
}

// nucleotide -1

// particle -1
sphere {
	<32.000645, 36.452854, 38.880104> 0.250000
	pigment { color rgbt <1,0,0,0> }
	no_shadow
}
cylinder {
	<32.194508, 36.779312, 39.005970>,  <32.310825, 36.975189, 39.081490>, 0.100000
	pigment { color rgbt <1,0,0,0> }
	no_shadow
}
cylinder {
	<32.194508, 36.779312, 39.005970>,  <32.000645, 36.452854, 38.880104>, 0.100000
	pigment { color rgbt <1,0,0,0> }
	no_shadow
}

// particle -1
sphere {
	<32.194508, 36.779312, 39.005970> 0.100000
	pigment { color rgbt <1,0,0,0> }
	no_shadow
}
sphere {
	0, 1
	scale<0.080000,0.200000,0.300000>
	matrix <-0.858846, 0.375822, 0.348052,
		0.165806, -0.438931, 0.883090,
		0.484656, 0.816148, 0.314661,
		32.339905, 37.024155, 39.100368>
	pigment { color rgbt <0,1,1,0> }
	no_shadow
}
cylinder {
	<31.813810, 36.696926, 39.560989>,  <32.000645, 36.452854, 38.880104>, 0.130000
	pigment { color rgbt <1,0,0,0> }
	no_shadow
}

// nucleotide -1

// particle -1
sphere {
	<31.813810, 36.696926, 39.560989> 0.250000
	pigment { color rgbt <1,0,0,0> }
	no_shadow
}
cylinder {
	<31.898283, 37.000538, 39.314648>,  <31.948967, 37.182705, 39.166843>, 0.100000
	pigment { color rgbt <1,0,0,0> }
	no_shadow
}
cylinder {
	<31.898283, 37.000538, 39.314648>,  <31.813810, 36.696926, 39.560989>, 0.100000
	pigment { color rgbt <1,0,0,0> }
	no_shadow
}

// particle -1
sphere {
	<31.898283, 37.000538, 39.314648> 0.100000
	pigment { color rgbt <1,0,0,0> }
	no_shadow
}
sphere {
	0, 1
	scale<0.080000,0.200000,0.300000>
	matrix <-0.967877, 0.250336, -0.023361,
		0.136440, 0.601006, 0.787512,
		0.211183, 0.759028, -0.615856,
		31.961637, 37.228245, 39.129890>
	pigment { color rgbt <0,1,1,0> }
	no_shadow
}
cylinder {
	<31.283442, 37.148052, 39.763870>,  <31.813810, 36.696926, 39.560989>, 0.130000
	pigment { color rgbt <1,0,0,0> }
	no_shadow
}

// nucleotide -1

// particle -1
sphere {
	<31.283442, 37.148052, 39.763870> 0.250000
	pigment { color rgbt <1,0,0,0> }
	no_shadow
}
cylinder {
	<31.345406, 37.227142, 39.376694>,  <31.382584, 37.274597, 39.144386>, 0.100000
	pigment { color rgbt <1,0,0,0> }
	no_shadow
}
cylinder {
	<31.345406, 37.227142, 39.376694>,  <31.283442, 37.148052, 39.763870>, 0.100000
	pigment { color rgbt <1,0,0,0> }
	no_shadow
}

// particle -1
sphere {
	<31.345406, 37.227142, 39.376694> 0.100000
	pigment { color rgbt <1,0,0,0> }
	no_shadow
}
sphere {
	0, 1
	scale<0.080000,0.200000,0.300000>
	matrix <-0.853632, 0.519990, -0.030396,
		0.497309, 0.830973, 0.249336,
		0.154910, 0.197725, -0.967940,
		31.391878, 37.286461, 39.086311>
	pigment { color rgbt <0,1,1,0> }
	no_shadow
}
cylinder {
	<31.392050, 37.823292, 39.820076>,  <31.283442, 37.148052, 39.763870>, 0.130000
	pigment { color rgbt <1,0,0,0> }
	no_shadow
}

// nucleotide -1

// particle -1
sphere {
	<31.392050, 37.823292, 39.820076> 0.250000
	pigment { color rgbt <1,0,0,0> }
	no_shadow
}
cylinder {
	<31.493059, 38.164028, 40.003643>,  <31.553665, 38.368469, 40.113781>, 0.100000
	pigment { color rgbt <1,0,0,0> }
	no_shadow
}
cylinder {
	<31.493059, 38.164028, 40.003643>,  <31.392050, 37.823292, 39.820076>, 0.100000
	pigment { color rgbt <1,0,0,0> }
	no_shadow
}

// particle -1
sphere {
	<31.493059, 38.164028, 40.003643> 0.100000
	pigment { color rgbt <1,0,0,0> }
	no_shadow
}
sphere {
	0, 1
	scale<0.080000,0.200000,0.300000>
	matrix <0.695400, 0.170009, -0.698224,
		-0.672793, 0.495448, -0.549436,
		0.252525, 0.851838, 0.458915,
		31.568817, 38.419579, 40.141319>
	pigment { color rgbt <0,1,1,0> }
	no_shadow
}
cylinder {
	<31.440771, 38.354790, 39.372604>,  <31.392050, 37.823292, 39.820076>, 0.130000
	pigment { color rgbt <1,0,0,0> }
	no_shadow
}

// nucleotide -1

// particle -1
sphere {
	<31.440771, 38.354790, 39.372604> 0.250000
	pigment { color rgbt <1,0,0,0> }
	no_shadow
}
cylinder {
	<31.699654, 38.389420, 39.675556>,  <31.854982, 38.410198, 39.857327>, 0.100000
	pigment { color rgbt <1,0,0,0> }
	no_shadow
}
cylinder {
	<31.699654, 38.389420, 39.675556>,  <31.440771, 38.354790, 39.372604>, 0.100000
	pigment { color rgbt <1,0,0,0> }
	no_shadow
}

// particle -1
sphere {
	<31.699654, 38.389420, 39.675556> 0.100000
	pigment { color rgbt <1,0,0,0> }
	no_shadow
}
sphere {
	0, 1
	scale<0.080000,0.200000,0.300000>
	matrix <0.762173, -0.092705, -0.640701,
		0.014743, 0.991923, -0.125985,
		0.647206, 0.086577, 0.757383,
		31.893816, 38.415394, 39.902771>
	pigment { color rgbt <0,1,1,0> }
	no_shadow
}
cylinder {
	<31.965719, 38.819138, 39.210285>,  <31.440771, 38.354790, 39.372604>, 0.130000
	pigment { color rgbt <1,0,0,0> }
	no_shadow
}

// nucleotide -1

// particle -1
sphere {
	<31.965719, 38.819138, 39.210285> 0.250000
	pigment { color rgbt <1,0,0,0> }
	no_shadow
}
cylinder {
	<32.118748, 38.572845, 39.485828>,  <32.210564, 38.425072, 39.651154>, 0.100000
	pigment { color rgbt <1,0,0,0> }
	no_shadow
}
cylinder {
	<32.118748, 38.572845, 39.485828>,  <31.965719, 38.819138, 39.210285>, 0.100000
	pigment { color rgbt <1,0,0,0> }
	no_shadow
}

// particle -1
sphere {
	<32.118748, 38.572845, 39.485828> 0.100000
	pigment { color rgbt <1,0,0,0> }
	no_shadow
}
sphere {
	0, 1
	scale<0.080000,0.200000,0.300000>
	matrix <0.825002, -0.107998, -0.554715,
		0.415948, 0.780523, 0.466659,
		0.382569, -0.615727, 0.688855,
		32.233517, 38.388126, 39.692486>
	pigment { color rgbt <0,1,1,0> }
	no_shadow
}
cylinder {
	<32.580410, 39.176220, 39.402527>,  <31.965719, 38.819138, 39.210285>, 0.130000
	pigment { color rgbt <1,0,0,0> }
	no_shadow
}

// nucleotide -1

// particle -1
sphere {
	<32.580410, 39.176220, 39.402527> 0.250000
	pigment { color rgbt <1,0,0,0> }
	no_shadow
}
cylinder {
	<32.509407, 38.783630, 39.431355>,  <32.466805, 38.548077, 39.448650>, 0.100000
	pigment { color rgbt <1,0,0,0> }
	no_shadow
}
cylinder {
	<32.509407, 38.783630, 39.431355>,  <32.580410, 39.176220, 39.402527>, 0.100000
	pigment { color rgbt <1,0,0,0> }
	no_shadow
}

// particle -1
sphere {
	<32.509407, 38.783630, 39.431355> 0.100000
	pigment { color rgbt <1,0,0,0> }
	no_shadow
}
sphere {
	0, 1
	scale<0.080000,0.200000,0.300000>
	matrix <0.442408, -0.144999, -0.885015,
		0.879072, -0.125209, 0.459951,
		-0.177504, -0.981478, 0.072071,
		32.456158, 38.489185, 39.452976>
	pigment { color rgbt <0,1,1,0> }
	no_shadow
}
cylinder {
	<33.218460, 38.826630, 39.471436>,  <32.580410, 39.176220, 39.402527>, 0.130000
	pigment { color rgbt <1,0,0,0> }
	no_shadow
}

// nucleotide -1

// particle -1
sphere {
	<33.218460, 38.826630, 39.471436> 0.250000
	pigment { color rgbt <1,0,0,0> }
	no_shadow
}
cylinder {
	<32.933453, 38.593693, 39.314877>,  <32.762447, 38.453930, 39.220943>, 0.100000
	pigment { color rgbt <1,0,0,0> }
	no_shadow
}
cylinder {
	<32.933453, 38.593693, 39.314877>,  <33.218460, 38.826630, 39.471436>, 0.100000
	pigment { color rgbt <1,0,0,0> }
	no_shadow
}

// particle -1
sphere {
	<32.933453, 38.593693, 39.314877> 0.100000
	pigment { color rgbt <1,0,0,0> }
	no_shadow
}
sphere {
	0, 1
	scale<0.080000,0.200000,0.300000>
	matrix <0.545798, -0.109471, -0.830735,
		0.440925, -0.805540, 0.395842,
		-0.712523, -0.582342, -0.391394,
		32.719696, 38.418991, 39.197460>
	pigment { color rgbt <0,1,1,0> }
	no_shadow
}
cylinder {
	<33.404648, 38.116585, 39.330662>,  <33.218460, 38.826630, 39.471436>, 0.130000
	pigment { color rgbt <1,0,0,0> }
	no_shadow
}

// nucleotide -1

// particle -1
sphere {
	<33.404648, 38.116585, 39.330662> 0.250000
	pigment { color rgbt <1,0,0,0> }
	no_shadow
}
cylinder {
	<33.127090, 38.234512, 39.067879>,  <32.960556, 38.305271, 38.910210>, 0.100000
	pigment { color rgbt <1,0,0,0> }
	no_shadow
}
cylinder {
	<33.127090, 38.234512, 39.067879>,  <33.404648, 38.116585, 39.330662>, 0.100000
	pigment { color rgbt <1,0,0,0> }
	no_shadow
}

// particle -1
sphere {
	<33.127090, 38.234512, 39.067879> 0.100000
	pigment { color rgbt <1,0,0,0> }
	no_shadow
}
sphere {
	0, 1
	scale<0.080000,0.200000,0.300000>
	matrix <0.644309, -0.153169, -0.749269,
		-0.321527, -0.943196, -0.083673,
		-0.693892, 0.294822, -0.656958,
		32.918922, 38.322960, 38.870792>
	pigment { color rgbt <0,1,1,0> }
	no_shadow
}
cylinder {
	<33.336658, 38.049236, 40.041733>,  <33.404648, 38.116585, 39.330662>, 0.130000
	pigment { color rgbt <1,0,0,0> }
	no_shadow
}

// nucleotide -1

// particle -1
sphere {
	<33.336658, 38.049236, 40.041733> 0.250000
	pigment { color rgbt <1,0,0,0> }
	no_shadow
}
cylinder {
	<33.686295, 38.163891, 39.884861>,  <33.896076, 38.232685, 39.790737>, 0.100000
	pigment { color rgbt <1,0,0,0> }
	no_shadow
}
cylinder {
	<33.686295, 38.163891, 39.884861>,  <33.336658, 38.049236, 40.041733>, 0.100000
	pigment { color rgbt <1,0,0,0> }
	no_shadow
}

// particle -1
sphere {
	<33.686295, 38.163891, 39.884861> 0.100000
	pigment { color rgbt <1,0,0,0> }
	no_shadow
}
sphere {
	0, 1
	scale<0.080000,0.200000,0.300000>
	matrix <0.462686, -0.245398, 0.851881,
		0.147939, -0.926078, -0.347123,
		0.874091, 0.286635, -0.392180,
		33.948521, 38.249882, 39.767208>
	pigment { color rgbt <0,1,1,0> }
	no_shadow
}
cylinder {
	<33.806042, 37.429081, 39.972900>,  <33.336658, 38.049236, 40.041733>, 0.130000
	pigment { color rgbt <1,0,0,0> }
	no_shadow
}

// nucleotide -1

// particle -1
sphere {
	<33.806042, 37.429081, 39.972900> 0.250000
	pigment { color rgbt <1,0,0,0> }
	no_shadow
}
cylinder {
	<33.989990, 37.780132, 40.026989>,  <34.100361, 37.990765, 40.059441>, 0.100000
	pigment { color rgbt <1,0,0,0> }
	no_shadow
}
cylinder {
	<33.989990, 37.780132, 40.026989>,  <33.806042, 37.429081, 39.972900>, 0.100000
	pigment { color rgbt <1,0,0,0> }
	no_shadow
}

// particle -1
sphere {
	<33.989990, 37.780132, 40.026989> 0.100000
	pigment { color rgbt <1,0,0,0> }
	no_shadow
}
sphere {
	0, 1
	scale<0.080000,0.200000,0.300000>
	matrix <0.578617, -0.411676, 0.704077,
		0.673586, -0.245545, -0.697130,
		0.459874, 0.877628, 0.135222,
		34.127953, 38.043419, 40.067554>
	pigment { color rgbt <0,1,1,0> }
	no_shadow
}
cylinder {
	<34.595268, 37.326744, 39.961857>,  <33.806042, 37.429081, 39.972900>, 0.130000
	pigment { color rgbt <1,0,0,0> }
	no_shadow
}

// nucleotide -1

// particle -1
sphere {
	<34.595268, 37.326744, 39.961857> 0.250000
	pigment { color rgbt <1,0,0,0> }
	no_shadow
}
cylinder {
	<34.537922, 37.661339, 40.173416>,  <34.503513, 37.862095, 40.300354>, 0.100000
	pigment { color rgbt <1,0,0,0> }
	no_shadow
}
cylinder {
	<34.537922, 37.661339, 40.173416>,  <34.595268, 37.326744, 39.961857>, 0.100000
	pigment { color rgbt <1,0,0,0> }
	no_shadow
}

// particle -1
sphere {
	<34.537922, 37.661339, 40.173416> 0.100000
	pigment { color rgbt <1,0,0,0> }
	no_shadow
}
sphere {
	0, 1
	scale<0.080000,0.200000,0.300000>
	matrix <0.545822, -0.378964, 0.747305,
		0.825545, 0.395823, -0.402242,
		-0.143365, 0.836487, 0.528901,
		34.494911, 37.912285, 40.332085>
	pigment { color rgbt <0,1,1,0> }
	no_shadow
}
cylinder {
	<35.114399, 37.619270, 39.527824>,  <34.595268, 37.326744, 39.961857>, 0.130000
	pigment { color rgbt <1,0,0,0> }
	no_shadow
}

// nucleotide -1

// particle -1
sphere {
	<35.114399, 37.619270, 39.527824> 0.250000
	pigment { color rgbt <1,0,0,0> }
	no_shadow
}
cylinder {
	<35.352867, 37.599155, 39.848335>,  <35.495949, 37.587086, 40.040642>, 0.100000
	pigment { color rgbt <1,0,0,0> }
	no_shadow
}
cylinder {
	<35.352867, 37.599155, 39.848335>,  <35.114399, 37.619270, 39.527824>, 0.100000
	pigment { color rgbt <1,0,0,0> }
	no_shadow
}

// particle -1
sphere {
	<35.352867, 37.599155, 39.848335> 0.100000
	pigment { color rgbt <1,0,0,0> }
	no_shadow
}
sphere {
	0, 1
	scale<0.080000,0.200000,0.300000>
	matrix <0.780177, -0.199260, -0.592975,
		0.189482, 0.978656, -0.079561,
		0.596172, -0.050287, 0.801281,
		35.531719, 37.584068, 40.088718>
	pigment { color rgbt <0,1,1,0> }
	no_shadow
}
cylinder {
	<35.815315, 37.881516, 39.418869>,  <35.114399, 37.619270, 39.527824>, 0.130000
	pigment { color rgbt <1,0,0,0> }
	no_shadow
}

// nucleotide -1

// particle -1
sphere {
	<35.815315, 37.881516, 39.418869> 0.250000
	pigment { color rgbt <1,0,0,0> }
	no_shadow
}
cylinder {
	<35.913651, 37.698524, 39.760693>,  <35.972652, 37.588730, 39.965786>, 0.100000
	pigment { color rgbt <1,0,0,0> }
	no_shadow
}
cylinder {
	<35.913651, 37.698524, 39.760693>,  <35.815315, 37.881516, 39.418869>, 0.100000
	pigment { color rgbt <1,0,0,0> }
	no_shadow
}

// particle -1
sphere {
	<35.913651, 37.698524, 39.760693> 0.100000
	pigment { color rgbt <1,0,0,0> }
	no_shadow
}
sphere {
	0, 1
	scale<0.080000,0.200000,0.300000>
	matrix <0.955023, -0.036498, -0.294277,
		0.165815, 0.888471, 0.427930,
		0.245838, -0.457478, 0.854563,
		35.987400, 37.561279, 40.017063>
	pigment { color rgbt <0,1,1,0> }
	no_shadow
}
cylinder {
	<36.481491, 38.012989, 39.472996>,  <35.815315, 37.881516, 39.418869>, 0.130000
	pigment { color rgbt <1,0,0,0> }
	no_shadow
}

// nucleotide -1

// particle -1
sphere {
	<36.481491, 38.012989, 39.472996> 0.250000
	pigment { color rgbt <1,0,0,0> }
	no_shadow
}
cylinder {
	<36.453644, 37.690674, 39.708237>,  <36.436935, 37.497284, 39.849380>, 0.100000
	pigment { color rgbt <1,0,0,0> }
	no_shadow
}
cylinder {
	<36.453644, 37.690674, 39.708237>,  <36.481491, 38.012989, 39.472996>, 0.100000
	pigment { color rgbt <1,0,0,0> }
	no_shadow
}

// particle -1
sphere {
	<36.453644, 37.690674, 39.708237> 0.100000
	pigment { color rgbt <1,0,0,0> }
	no_shadow
}
sphere {
	0, 1
	scale<0.080000,0.200000,0.300000>
	matrix <0.848190, -0.358125, -0.390282,
		0.525097, 0.471651, 0.708391,
		-0.069616, -0.805786, 0.588101,
		36.432758, 37.448936, 39.884666>
	pigment { color rgbt <0,1,1,0> }
	no_shadow
}
cylinder {
	<37.233730, 38.082695, 39.692745>,  <36.481491, 38.012989, 39.472996>, 0.130000
	pigment { color rgbt <1,0,0,0> }
	no_shadow
}

// nucleotide -1

// particle -1
sphere {
	<37.233730, 38.082695, 39.692745> 0.250000
	pigment { color rgbt <1,0,0,0> }
	no_shadow
}
cylinder {
	<37.026588, 37.740528, 39.696552>,  <36.902302, 37.535229, 39.698837>, 0.100000
	pigment { color rgbt <1,0,0,0> }
	no_shadow
}
cylinder {
	<37.026588, 37.740528, 39.696552>,  <37.233730, 38.082695, 39.692745>, 0.100000
	pigment { color rgbt <1,0,0,0> }
	no_shadow
}

// particle -1
sphere {
	<37.026588, 37.740528, 39.696552> 0.100000
	pigment { color rgbt <1,0,0,0> }
	no_shadow
}
sphere {
	0, 1
	scale<0.080000,0.200000,0.300000>
	matrix <0.616385, -0.380815, -0.689238,
		0.593209, -0.351059, 0.724472,
		-0.517854, -0.855416, 0.009515,
		36.871231, 37.483902, 39.699406>
	pigment { color rgbt <0,1,1,0> }
	no_shadow
}
cylinder {
	<37.099781, 38.421803, 39.049328>,  <37.233730, 38.082695, 39.692745>, 0.130000
	pigment { color rgbt <1,0,0,0> }
	no_shadow
}

// nucleotide -1

// particle -1
sphere {
	<37.099781, 38.421803, 39.049328> 0.250000
	pigment { color rgbt <1,0,0,0> }
	no_shadow
}
cylinder {
	<37.371521, 38.215523, 38.840508>,  <37.534565, 38.091755, 38.715214>, 0.100000
	pigment { color rgbt <1,0,0,0> }
	no_shadow
}
cylinder {
	<37.371521, 38.215523, 38.840508>,  <37.099781, 38.421803, 39.049328>, 0.100000
	pigment { color rgbt <1,0,0,0> }
	no_shadow
}

// particle -1
sphere {
	<37.371521, 38.215523, 38.840508> 0.100000
	pigment { color rgbt <1,0,0,0> }
	no_shadow
}
sphere {
	0, 1
	scale<0.080000,0.200000,0.300000>
	matrix <-0.145244, -0.791845, 0.593200,
		-0.719293, -0.327168, -0.612845,
		0.679354, -0.515696, -0.522049,
		37.575325, 38.060814, 38.683891>
	pigment { color rgbt <0,1,1,0> }
	no_shadow
}
cylinder {
	<36.796741, 37.854675, 38.739948>,  <37.099781, 38.421803, 39.049328>, 0.130000
	pigment { color rgbt <1,0,0,0> }
	no_shadow
}

// nucleotide -1

// particle -1
sphere {
	<36.796741, 37.854675, 38.739948> 0.250000
	pigment { color rgbt <1,0,0,0> }
	no_shadow
}
cylinder {
	<37.189400, 37.778900, 38.748753>,  <37.424995, 37.733433, 38.754036>, 0.100000
	pigment { color rgbt <1,0,0,0> }
	no_shadow
}
cylinder {
	<37.189400, 37.778900, 38.748753>,  <36.796741, 37.854675, 38.739948>, 0.100000
	pigment { color rgbt <1,0,0,0> }
	no_shadow
}

// particle -1
sphere {
	<37.189400, 37.778900, 38.748753> 0.100000
	pigment { color rgbt <1,0,0,0> }
	no_shadow
}
sphere {
	0, 1
	scale<0.080000,0.200000,0.300000>
	matrix <-0.171397, -0.825698, 0.537444,
