// switches for output
#declare DRAW_BASES = 1; // possible values are 0, 1; only relevant for DNA ribbons
#declare DRAW_BASES_TYPE = 3; // possible values are 1, 2, 3; only relevant for DNA ribbons
#declare DRAW_FOG = 0; // set to 1 to enable fog

#include "colors.inc"

#include "transforms.inc"
background { rgb <1, 1, 1>}

#default {
   normal{
       ripples 0.25
       frequency 0.20
       turbulence 0.2
       lambda 5
   }
	finish {
		phong 0.1
		phong_size 40.
	}
}

// original window dimensions: 1024x640


// camera settings

camera {
	sky <0, 0.179814, -0.983701>
	up <0, 0.179814, -0.983701>
	right 1.6 * <1, 0, 0>
	location <35, 94.9851, 44.8844>
	look_at <35, 29.7336, 32.9568>
	direction <0, -65.2515, -11.9276>
	angle 67.0682
}


# declare cpy_camera_pos = <35, 94.9851, 44.8844>;
# if (DRAW_FOG = 1)
fog {
	fog_type 2
	up vnormalize(cpy_camera_pos)
	color rgbt<1,1,1,0.3>
	distance 1e-5
	fog_alt 3e-3
	fog_offset 56
}
# end


// LIGHTS

# declare lum = 6;
global_settings {
	ambient_light rgb lum * <0.05, 0.05, 0.05>
	max_trace_level 15
}# declare cpy_direct_light_amount = 0.25;
light_source
{	1000 * <-1, -1.16352, -0.803886>,
	rgb lum * cpy_direct_light_amount
	parallel
}

light_source
{	1000 * <1, 1.16352, 0.803886>,
	rgb lum * cpy_direct_light_amount
	parallel
}

// strand 0

// nucleotide -1

// particle -1
sphere {
	<24.426037, 34.957664, 34.777405> 0.250000
	pigment { color rgbt <1,0,0,0> }
	no_shadow
}
cylinder {
	<24.296696, 34.982014, 35.155132>,  <24.219091, 34.996624, 35.381767>, 0.100000
	pigment { color rgbt <1,0,0,0> }
	no_shadow
}
cylinder {
	<24.296696, 34.982014, 35.155132>,  <24.426037, 34.957664, 34.777405>, 0.100000
	pigment { color rgbt <1,0,0,0> }
	no_shadow
}

// particle -1
sphere {
	<24.296696, 34.982014, 35.155132> 0.100000
	pigment { color rgbt <1,0,0,0> }
	no_shadow
}
sphere {
	0, 1
	scale<0.080000,0.200000,0.300000>
	matrix <0.731208, 0.649507, 0.208509,
		-0.600647, 0.757915, -0.254534,
		-0.323354, 0.060877, 0.944318,
		24.199690, 35.000278, 35.438427>
	pigment { color rgbt <0,1,1,0> }
	no_shadow
}
cylinder {
	<24.237822, 35.626217, 34.876869>,  <24.426037, 34.957664, 34.777405>, 0.130000
	pigment { color rgbt <1,0,0,0> }
	no_shadow
}

// nucleotide -1

// particle -1
sphere {
	<24.237822, 35.626217, 34.876869> 0.250000
	pigment { color rgbt <1,0,0,0> }
	no_shadow
}
cylinder {
	<24.444317, 35.884850, 35.101521>,  <24.568214, 36.040031, 35.236313>, 0.100000
	pigment { color rgbt <1,0,0,0> }
	no_shadow
}
cylinder {
	<24.444317, 35.884850, 35.101521>,  <24.237822, 35.626217, 34.876869>, 0.100000
	pigment { color rgbt <1,0,0,0> }
	no_shadow
}

// particle -1
sphere {
	<24.444317, 35.884850, 35.101521> 0.100000
	pigment { color rgbt <1,0,0,0> }
	no_shadow
}
sphere {
	0, 1
	scale<0.080000,0.200000,0.300000>
	matrix <0.027256, 0.643035, -0.765352,
		-0.856012, 0.410410, 0.314334,
		0.516236, 0.646583, 0.561632,
		24.599188, 36.078823, 35.270012>
	pigment { color rgbt <0,1,1,0> }
	no_shadow
}
cylinder {
	<23.862997, 36.268299, 34.916840>,  <24.237822, 35.626217, 34.876869>, 0.130000
	pigment { color rgbt <1,0,0,0> }
	no_shadow
}

// nucleotide -1

// particle -1
sphere {
	<23.862997, 36.268299, 34.916840> 0.250000
	pigment { color rgbt <1,0,0,0> }
	no_shadow
}
cylinder {
	<24.257563, 36.306263, 34.970474>,  <24.494303, 36.329041, 35.002655>, 0.100000
	pigment { color rgbt <1,0,0,0> }
	no_shadow
}
cylinder {
	<24.257563, 36.306263, 34.970474>,  <23.862997, 36.268299, 34.916840>, 0.100000
	pigment { color rgbt <1,0,0,0> }
	no_shadow
}

// particle -1
sphere {
	<24.257563, 36.306263, 34.970474> 0.100000
	pigment { color rgbt <1,0,0,0> }
	no_shadow
}
sphere {
	0, 1
	scale<0.080000,0.200000,0.300000>
	matrix <0.024748, 0.721074, -0.692416,
		-0.162403, 0.686328, 0.708929,
		0.986414, 0.094906, 0.134090,
		24.553488, 36.334736, 35.010700>
	pigment { color rgbt <0,1,1,0> }
	no_shadow
}
cylinder {
	<24.066530, 37.077816, 34.809608>,  <23.862997, 36.268299, 34.916840>, 0.130000
	pigment { color rgbt <1,0,0,0> }
	no_shadow
}

// nucleotide -1

// particle -1
sphere {
	<24.066530, 37.077816, 34.809608> 0.250000
	pigment { color rgbt <1,0,0,0> }
	no_shadow
}
cylinder {
	<24.378418, 36.838329, 34.736320>,  <24.565552, 36.694637, 34.692348>, 0.100000
	pigment { color rgbt <1,0,0,0> }
	no_shadow
}
cylinder {
	<24.378418, 36.838329, 34.736320>,  <24.066530, 37.077816, 34.809608>, 0.100000
	pigment { color rgbt <1,0,0,0> }
	no_shadow
}

// particle -1
sphere {
	<24.378418, 36.838329, 34.736320> 0.100000
	pigment { color rgbt <1,0,0,0> }
	no_shadow
}
sphere {
	0, 1
	scale<0.080000,0.200000,0.300000>
	matrix <0.333100, 0.644436, -0.688293,
		0.530169, 0.475645, 0.701913,
		0.779721, -0.598719, -0.183223,
		24.612335, 36.658714, 34.681355>
	pigment { color rgbt <0,1,1,0> }
	no_shadow
}
cylinder {
	<24.726709, 37.304550, 34.852058>,  <24.066530, 37.077816, 34.809608>, 0.130000
	pigment { color rgbt <1,0,0,0> }
	no_shadow
}

// nucleotide -1

// particle -1
sphere {
	<24.726709, 37.304550, 34.852058> 0.250000
	pigment { color rgbt <1,0,0,0> }
	no_shadow
}
cylinder {
	<24.704945, 37.063618, 34.533501>,  <24.691885, 36.919060, 34.342365>, 0.100000
	pigment { color rgbt <1,0,0,0> }
	no_shadow
}
cylinder {
	<24.704945, 37.063618, 34.533501>,  <24.726709, 37.304550, 34.852058>, 0.100000
	pigment { color rgbt <1,0,0,0> }
	no_shadow
}

// particle -1
sphere {
	<24.704945, 37.063618, 34.533501> 0.100000
	pigment { color rgbt <1,0,0,0> }
	no_shadow
}
sphere {
	0, 1
	scale<0.080000,0.200000,0.300000>
	matrix <0.536839, 0.654850, -0.531955,
		0.841929, -0.456479, 0.287721,
		-0.054412, -0.602328, -0.796392,
		24.688622, 36.882919, 34.294582>
	pigment { color rgbt <0,1,1,0> }
	no_shadow
}
cylinder {
	<25.457058, 37.393879, 34.565216>,  <24.726709, 37.304550, 34.852058>, 0.130000
	pigment { color rgbt <1,0,0,0> }
	no_shadow
}

// nucleotide -1

// particle -1
sphere {
	<25.457058, 37.393879, 34.565216> 0.250000
	pigment { color rgbt <1,0,0,0> }
	no_shadow
}
cylinder {
	<25.310560, 37.739723, 34.427631>,  <25.222662, 37.947231, 34.345081>, 0.100000
	pigment { color rgbt <1,0,0,0> }
	no_shadow
}
cylinder {
	<25.310560, 37.739723, 34.427631>,  <25.457058, 37.393879, 34.565216>, 0.100000
	pigment { color rgbt <1,0,0,0> }
	no_shadow
}

// particle -1
sphere {
	<25.310560, 37.739723, 34.427631> 0.100000
	pigment { color rgbt <1,0,0,0> }
	no_shadow
}
sphere {
	0, 1
	scale<0.080000,0.200000,0.300000>
	matrix <0.556318, 0.499763, 0.663888,
		0.745906, 0.051794, -0.664035,
		-0.366245, 0.864612, -0.343962,
		25.200687, 37.999107, 34.324444>
	pigment { color rgbt <0,1,1,0> }
	no_shadow
}
cylinder {
	<26.073780, 37.788918, 34.611450>,  <25.457058, 37.393879, 34.565216>, 0.130000
	pigment { color rgbt <1,0,0,0> }
	no_shadow
}

// nucleotide -1

// particle -1
sphere {
	<26.073780, 37.788918, 34.611450> 0.250000
	pigment { color rgbt <1,0,0,0> }
	no_shadow
}
cylinder {
	<25.764162, 38.037975, 34.565544>,  <25.578392, 38.187408, 34.537998>, 0.100000
	pigment { color rgbt <1,0,0,0> }
	no_shadow
}
cylinder {
	<25.764162, 38.037975, 34.565544>,  <26.073780, 37.788918, 34.611450>, 0.100000
	pigment { color rgbt <1,0,0,0> }
	no_shadow
}

// particle -1
sphere {
	<25.764162, 38.037975, 34.565544> 0.100000
	pigment { color rgbt <1,0,0,0> }
	no_shadow
}
sphere {
	0, 1
	scale<0.080000,0.200000,0.300000>
	matrix <0.437693, 0.657222, 0.613582,
		0.457471, 0.424706, -0.781246,
		-0.774045, 0.622642, -0.114769,
		25.531948, 38.224770, 34.531113>
	pigment { color rgbt <0,1,1,0> }
	no_shadow
}
cylinder {
	<26.357697, 38.339123, 34.387661>,  <26.073780, 37.788918, 34.611450>, 0.130000
	pigment { color rgbt <1,0,0,0> }
	no_shadow
}

// nucleotide -1

// particle -1
sphere {
	<26.357697, 38.339123, 34.387661> 0.250000
	pigment { color rgbt <1,0,0,0> }
	no_shadow
}
cylinder {
	<26.019445, 38.426537, 34.582455>,  <25.816494, 38.478985, 34.699329>, 0.100000
	pigment { color rgbt <1,0,0,0> }
	no_shadow
}
cylinder {
	<26.019445, 38.426537, 34.582455>,  <26.357697, 38.339123, 34.387661>, 0.100000
	pigment { color rgbt <1,0,0,0> }
	no_shadow
}

// particle -1
sphere {
	<26.019445, 38.426537, 34.582455> 0.100000
	pigment { color rgbt <1,0,0,0> }
	no_shadow
}
sphere {
	0, 1
	scale<0.080000,0.200000,0.300000>
	matrix <0.530905, 0.438775, 0.724994,
		-0.055239, 0.871618, -0.487063,
		-0.845629, 0.218536, 0.486984,
		25.765757, 38.492096, 34.728550>
	pigment { color rgbt <0,1,1,0> }
	no_shadow
}
cylinder {
	<26.349014, 39.115845, 34.460880>,  <26.357697, 38.339123, 34.387661>, 0.130000
	pigment { color rgbt <1,0,0,0> }
	no_shadow
}

// nucleotide -1

// particle -1
sphere {
	<26.349014, 39.115845, 34.460880> 0.250000
	pigment { color rgbt <1,0,0,0> }
	no_shadow
}
cylinder {
	<26.147923, 38.917900, 34.744392>,  <26.027267, 38.799133, 34.914501>, 0.100000
	pigment { color rgbt <1,0,0,0> }
	no_shadow
}
cylinder {
	<26.147923, 38.917900, 34.744392>,  <26.349014, 39.115845, 34.460880>, 0.100000
	pigment { color rgbt <1,0,0,0> }
	no_shadow
}

// particle -1
sphere {
	<26.147923, 38.917900, 34.744392> 0.100000
	pigment { color rgbt <1,0,0,0> }
	no_shadow
}
sphere {
	0, 1
	scale<0.080000,0.200000,0.300000>
	matrix <0.455450, 0.545265, 0.703740,
		-0.734730, 0.676607, -0.048736,
		-0.502730, -0.494862, 0.708784,
		25.997103, 38.769440, 34.957027>
	pigment { color rgbt <0,1,1,0> }
	no_shadow
}
cylinder {
	<26.888912, 38.723587, 34.797943>,  <26.349014, 39.115845, 34.460880>, 0.130000
	pigment { color rgbt <1,0,0,0> }
	no_shadow
}

// nucleotide -1

// particle -1
sphere {
	<26.888912, 38.723587, 34.797943> 0.250000
	pigment { color rgbt <1,0,0,0> }
	no_shadow
}
cylinder {
	<27.231653, 38.917778, 34.728531>,  <27.437298, 39.034294, 34.686882>, 0.100000
	pigment { color rgbt <1,0,0,0> }
	no_shadow
}
cylinder {
	<27.231653, 38.917778, 34.728531>,  <26.888912, 38.723587, 34.797943>, 0.100000
	pigment { color rgbt <1,0,0,0> }
	no_shadow
}

// particle -1
sphere {
	<27.231653, 38.917778, 34.728531> 0.100000
	pigment { color rgbt <1,0,0,0> }
	no_shadow
}
sphere {
	0, 1
	scale<0.080000,0.200000,0.300000>
	matrix <0.279421, -0.720166, -0.635048,
		-0.433272, 0.495655, -0.752729,
		0.856854, 0.485477, -0.173531,
		27.488710, 39.063419, 34.676472>
	pigment { color rgbt <0,1,1,0> }
	no_shadow
}
cylinder {
	<26.987440, 38.982525, 34.055176>,  <26.888912, 38.723587, 34.797943>, 0.130000
	pigment { color rgbt <1,0,0,0> }
	no_shadow
}

// nucleotide -1

// particle -1
sphere {
	<26.987440, 38.982525, 34.055176> 0.250000
	pigment { color rgbt <1,0,0,0> }
	no_shadow
}
cylinder {
	<27.358736, 38.878807, 34.161861>,  <27.581514, 38.816578, 34.225872>, 0.100000
	pigment { color rgbt <1,0,0,0> }
	no_shadow
}
cylinder {
	<27.358736, 38.878807, 34.161861>,  <26.987440, 38.982525, 34.055176>, 0.100000
	pigment { color rgbt <1,0,0,0> }
	no_shadow
}

// particle -1
sphere {
	<27.358736, 38.878807, 34.161861> 0.100000
	pigment { color rgbt <1,0,0,0> }
	no_shadow
}
sphere {
	0, 1
	scale<0.080000,0.200000,0.300000>
	matrix <0.059148, -0.605004, -0.794022,
		0.367245, 0.752820, -0.546254,
		0.928242, -0.259291, 0.266712,
		27.637209, 38.801022, 34.241875>
	pigment { color rgbt <0,1,1,0> }
	no_shadow
}
cylinder {
	<27.084229, 38.965076, 33.303280>,  <26.987440, 38.982525, 34.055176>, 0.130000
	pigment { color rgbt <1,0,0,0> }
	no_shadow
}

// nucleotide -1

// particle -1
sphere {
	<27.084229, 38.965076, 33.303280> 0.250000
	pigment { color rgbt <1,0,0,0> }
	no_shadow
}
cylinder {
	<27.154503, 39.174953, 32.970093>,  <27.196667, 39.300880, 32.770180>, 0.100000
	pigment { color rgbt <1,0,0,0> }
	no_shadow
}
cylinder {
	<27.154503, 39.174953, 32.970093>,  <27.084229, 38.965076, 33.303280>, 0.100000
	pigment { color rgbt <1,0,0,0> }
	no_shadow
}

// particle -1
sphere {
	<27.154503, 39.174953, 32.970093> 0.100000
	pigment { color rgbt <1,0,0,0> }
	no_shadow
}
sphere {
	0, 1
	scale<0.080000,0.200000,0.300000>
	matrix <0.883081, 0.289961, 0.368904,
		0.435088, -0.800389, -0.412402,
		0.175686, 0.524691, -0.832967,
		27.207209, 39.332359, 32.720203>
	pigment { color rgbt <0,1,1,0> }
	no_shadow
}
cylinder {
	<27.731874, 39.078529, 33.262012>,  <27.084229, 38.965076, 33.303280>, 0.130000
	pigment { color rgbt <1,0,0,0> }
	no_shadow
}

// nucleotide -1

// particle -1
sphere {
	<27.731874, 39.078529, 33.262012> 0.250000
	pigment { color rgbt <1,0,0,0> }
	no_shadow
}
cylinder {
	<27.641617, 39.336712, 32.970131>,  <27.587461, 39.491623, 32.795002>, 0.100000
	pigment { color rgbt <1,0,0,0> }
	no_shadow
}
cylinder {
	<27.641617, 39.336712, 32.970131>,  <27.731874, 39.078529, 33.262012>, 0.100000
	pigment { color rgbt <1,0,0,0> }
	no_shadow
}

// particle -1
sphere {
	<27.641617, 39.336712, 32.970131> 0.100000
	pigment { color rgbt <1,0,0,0> }
	no_shadow
}
sphere {
	0, 1
	scale<0.080000,0.200000,0.300000>
	matrix <0.891363, 0.439051, 0.112725,
		0.393137, -0.624995, -0.674407,
		-0.225646, 0.645458, -0.729704,
		27.573923, 39.530350, 32.751221>
	pigment { color rgbt <0,1,1,0> }
	no_shadow
}
cylinder {
	<28.200006, 38.974915, 32.752491>,  <27.731874, 39.078529, 33.262012>, 0.130000
	pigment { color rgbt <1,0,0,0> }
	no_shadow
}

// nucleotide -1

// particle -1
sphere {
	<28.200006, 38.974915, 32.752491> 0.250000
	pigment { color rgbt <1,0,0,0> }
	no_shadow
}
cylinder {
	<28.043049, 39.342773, 32.745937>,  <27.948874, 39.563488, 32.742004>, 0.100000
	pigment { color rgbt <1,0,0,0> }
	no_shadow
}
cylinder {
	<28.043049, 39.342773, 32.745937>,  <28.200006, 38.974915, 32.752491>, 0.100000
	pigment { color rgbt <1,0,0,0> }
	no_shadow
}

// particle -1
sphere {
	<28.043049, 39.342773, 32.745937> 0.100000
	pigment { color rgbt <1,0,0,0> }
	no_shadow
}
sphere {
	0, 1
	scale<0.080000,0.200000,0.300000>
	matrix <0.919335, 0.392701, 0.024674,
		0.029127, -0.005384, -0.999561,
		-0.392396, 0.919651, -0.016388,
		27.925331, 39.618668, 32.741020>
	pigment { color rgbt <0,1,1,0> }
	no_shadow
}
cylinder {
	<28.603714, 39.335808, 32.253174>,  <28.200006, 38.974915, 32.752491>, 0.130000
	pigment { color rgbt <1,0,0,0> }
	no_shadow
}

// nucleotide -1

// particle -1
sphere {
	<28.603714, 39.335808, 32.253174> 0.250000
	pigment { color rgbt <1,0,0,0> }
	no_shadow
}
cylinder {
	<28.454718, 39.573586, 32.538239>,  <28.365320, 39.716251, 32.709278>, 0.100000
	pigment { color rgbt <1,0,0,0> }
	no_shadow
}
cylinder {
	<28.454718, 39.573586, 32.538239>,  <28.603714, 39.335808, 32.253174>, 0.100000
	pigment { color rgbt <1,0,0,0> }
	no_shadow
}

// particle -1
sphere {
	<28.454718, 39.573586, 32.538239> 0.100000
	pigment { color rgbt <1,0,0,0> }
	no_shadow
}
sphere {
	0, 1
	scale<0.080000,0.200000,0.300000>
	matrix <0.906351, 0.398056, 0.141701,
		-0.199448, 0.698708, -0.687043,
		-0.372489, 0.594440, 0.712666,
		28.342972, 39.751919, 32.752037>
	pigment { color rgbt <0,1,1,0> }
	no_shadow
}
cylinder {
	<28.730850, 39.978546, 32.019951>,  <28.603714, 39.335808, 32.253174>, 0.130000
	pigment { color rgbt <1,0,0,0> }
	no_shadow
}

// nucleotide -1

// particle -1
sphere {
	<28.730850, 39.978546, 32.019951> 0.250000
	pigment { color rgbt <1,0,0,0> }
	no_shadow
}
cylinder {
	<28.711649, 40.034840, 32.415504>,  <28.700129, 40.068615, 32.652836>, 0.100000
	pigment { color rgbt <1,0,0,0> }
	no_shadow
}
cylinder {
	<28.711649, 40.034840, 32.415504>,  <28.730850, 39.978546, 32.019951>, 0.100000
	pigment { color rgbt <1,0,0,0> }
	no_shadow
}

// particle -1
sphere {
	<28.711649, 40.034840, 32.415504> 0.100000
	pigment { color rgbt <1,0,0,0> }
	no_shadow
}
sphere {
	0, 1
	scale<0.080000,0.200000,0.300000>
	matrix <0.802887, 0.594384, -0.045614,
		-0.594196, 0.791772, -0.141522,
		-0.048002, 0.140730, 0.988884,
		28.697248, 40.077057, 32.712170>
	pigment { color rgbt <0,1,1,0> }
	no_shadow
}
cylinder {
	<28.735825, 40.749664, 32.206470>,  <28.730850, 39.978546, 32.019951>, 0.130000
	pigment { color rgbt <1,0,0,0> }
	no_shadow
}

// nucleotide -1

// particle -1
sphere {
	<28.735825, 40.749664, 32.206470> 0.250000
	pigment { color rgbt <1,0,0,0> }
	no_shadow
}
cylinder {
	<28.876188, 40.505508, 32.490524>,  <28.960407, 40.359016, 32.660957>, 0.100000
	pigment { color rgbt <1,0,0,0> }
	no_shadow
}
cylinder {
	<28.876188, 40.505508, 32.490524>,  <28.735825, 40.749664, 32.206470>, 0.100000
	pigment { color rgbt <1,0,0,0> }
	no_shadow
}

// particle -1
sphere {
	<28.876188, 40.505508, 32.490524> 0.100000
	pigment { color rgbt <1,0,0,0> }
	no_shadow
}
sphere {
	0, 1
	scale<0.080000,0.200000,0.300000>
	matrix <0.771499, 0.618252, 0.150178,
		-0.530710, 0.495170, 0.687862,
		0.350908, -0.610385, 0.710136,
		28.981461, 40.322392, 32.703564>
	pigment { color rgbt <0,1,1,0> }
	no_shadow
}
cylinder {
	<28.760328, 40.955452, 32.902557>,  <28.735825, 40.749664, 32.206470>, 0.130000
	pigment { color rgbt <1,0,0,0> }
	no_shadow
}

// nucleotide -1

// particle -1
sphere {
	<28.760328, 40.955452, 32.902557> 0.250000
	pigment { color rgbt <1,0,0,0> }
	no_shadow
}
cylinder {
	<29.069048, 40.701969, 32.923512>,  <29.254280, 40.549881, 32.936085>, 0.100000
	pigment { color rgbt <1,0,0,0> }
	no_shadow
}
cylinder {
	<29.069048, 40.701969, 32.923512>,  <28.760328, 40.955452, 32.902557>, 0.100000
	pigment { color rgbt <1,0,0,0> }
	no_shadow
}

// particle -1
sphere {
	<29.069048, 40.701969, 32.923512> 0.100000
	pigment { color rgbt <1,0,0,0> }
	no_shadow
}
sphere {
	0, 1
	scale<0.080000,0.200000,0.300000>
	matrix <0.540147, 0.696857, 0.471838,
		-0.335509, -0.335870, 0.880128,
		0.771800, -0.633704, 0.052383,
		29.300589, 40.511856, 32.939228>
	pigment { color rgbt <0,1,1,0> }
	no_shadow
}
cylinder {
	<29.092613, 40.998775, 33.577194>,  <28.760328, 40.955452, 32.902557>, 0.130000
	pigment { color rgbt <1,0,0,0> }
	no_shadow
}

// nucleotide -1

// particle -1
sphere {
	<29.092613, 40.998775, 33.577194> 0.250000
	pigment { color rgbt <1,0,0,0> }
	no_shadow
}
cylinder {
	<29.389257, 40.849583, 33.354160>,  <29.567244, 40.760067, 33.220341>, 0.100000
	pigment { color rgbt <1,0,0,0> }
	no_shadow
}
cylinder {
	<29.389257, 40.849583, 33.354160>,  <29.092613, 40.998775, 33.577194>, 0.100000
	pigment { color rgbt <1,0,0,0> }
	no_shadow
}

// particle -1
sphere {
	<29.389257, 40.849583, 33.354160> 0.100000
	pigment { color rgbt <1,0,0,0> }
	no_shadow
}
sphere {
	0, 1
	scale<0.080000,0.200000,0.300000>
	matrix <0.657044, 0.571520, 0.491587,
		0.135317, -0.730922, 0.668911,
		0.741609, -0.372984, -0.557584,
		29.611740, 40.737686, 33.186886>
	pigment { color rgbt <0,1,1,0> }
	no_shadow
}
cylinder {
	<29.526758, 41.049305, 34.037338>,  <29.092613, 40.998775, 33.577194>, 0.130000
	pigment { color rgbt <1,0,0,0> }
	no_shadow
}

// nucleotide -1

// particle -1
sphere {
	<29.526758, 41.049305, 34.037338> 0.250000
	pigment { color rgbt <1,0,0,0> }
	no_shadow
}
cylinder {
	<29.760113, 40.989357, 33.718040>,  <29.900126, 40.953388, 33.526463>, 0.100000
	pigment { color rgbt <1,0,0,0> }
	no_shadow
}
cylinder {
	<29.760113, 40.989357, 33.718040>,  <29.526758, 41.049305, 34.037338>, 0.100000
	pigment { color rgbt <1,0,0,0> }
	no_shadow
}

// particle -1
sphere {
	<29.760113, 40.989357, 33.718040> 0.100000
	pigment { color rgbt <1,0,0,0> }
	no_shadow
}
sphere {
	0, 1
	scale<0.080000,0.200000,0.300000>
	matrix <0.799255, 0.280660, 0.531433,
		0.144392, -0.948034, 0.283516,
		0.583388, -0.149867, -0.798247,
		29.935129, 40.944397, 33.478565>
	pigment { color rgbt <0,1,1,0> }
	no_shadow
}
cylinder {
	<30.131731, 40.566795, 34.232925>,  <29.526758, 41.049305, 34.037338>, 0.130000
	pigment { color rgbt <1,0,0,0> }
	no_shadow
}

// nucleotide -1

// particle -1
sphere {
	<30.131731, 40.566795, 34.232925> 0.250000
	pigment { color rgbt <1,0,0,0> }
	no_shadow
}
cylinder {
	<30.192768, 40.821655, 33.930733>,  <30.229391, 40.974571, 33.749416>, 0.100000
	pigment { color rgbt <1,0,0,0> }
	no_shadow
}
cylinder {
	<30.192768, 40.821655, 33.930733>,  <30.131731, 40.566795, 34.232925>, 0.100000
	pigment { color rgbt <1,0,0,0> }
	no_shadow
}

// particle -1
sphere {
	<30.192768, 40.821655, 33.930733> 0.100000
	pigment { color rgbt <1,0,0,0> }
	no_shadow
}
sphere {
	0, 1
	scale<0.080000,0.200000,0.300000>
	matrix <0.811331, 0.355735, 0.463891,
		0.564320, -0.683733, -0.462658,
		0.152594, 0.637152, -0.755482,
		30.238546, 41.012802, 33.704086>
	pigment { color rgbt <0,1,1,0> }
	no_shadow
}
cylinder {
	<30.815254, 41.018764, 34.351944>,  <30.131731, 40.566795, 34.232925>, 0.130000
	pigment { color rgbt <1,0,0,0> }
	no_shadow
}

// nucleotide -1

// particle -1
sphere {
	<30.815254, 41.018764, 34.351944> 0.250000
	pigment { color rgbt <1,0,0,0> }
	no_shadow
}
cylinder {
	<30.951904, 40.743305, 34.096111>,  <31.033894, 40.578030, 33.942612>, 0.100000
	pigment { color rgbt <1,0,0,0> }
	no_shadow
}
cylinder {
	<30.951904, 40.743305, 34.096111>,  <30.815254, 41.018764, 34.351944>, 0.100000
	pigment { color rgbt <1,0,0,0> }
	no_shadow
}

// particle -1
sphere {
	<30.951904, 40.743305, 34.096111> 0.100000
	pigment { color rgbt <1,0,0,0> }
	no_shadow
}
sphere {
	0, 1
	scale<0.080000,0.200000,0.300000>
	matrix <0.814385, -0.122774, 0.567188,
		-0.469115, -0.714629, 0.518880,
		0.341624, -0.688645, -0.639579,
		31.054392, 40.536713, 33.904236>
	pigment { color rgbt <0,1,1,0> }
	no_shadow
}
cylinder {
	<30.920774, 40.438602, 34.594944>,  <30.815254, 41.018764, 34.351944>, 0.130000
	pigment { color rgbt <1,0,0,0> }
	no_shadow
}

// nucleotide -1

// particle -1
sphere {
	<30.920774, 40.438602, 34.594944> 0.250000
	pigment { color rgbt <1,0,0,0> }
	no_shadow
}
cylinder {
	<31.183569, 40.420918, 34.293903>,  <31.341246, 40.410309, 34.113277>, 0.100000
	pigment { color rgbt <1,0,0,0> }
	no_shadow
}
cylinder {
	<31.183569, 40.420918, 34.293903>,  <30.920774, 40.438602, 34.594944>, 0.100000
	pigment { color rgbt <1,0,0,0> }
	no_shadow
}

// particle -1
sphere {
	<31.183569, 40.420918, 34.293903> 0.100000
	pigment { color rgbt <1,0,0,0> }
	no_shadow
}
sphere {
	0, 1
	scale<0.080000,0.200000,0.300000>
	matrix <0.702244, -0.327283, 0.632250,
		-0.274265, -0.943892, -0.183975,
		0.656988, -0.044208, -0.752604,
		31.380665, 40.407654, 34.068123>
	pigment { color rgbt <0,1,1,0> }
	no_shadow
}
cylinder {
	<31.429472, 39.735786, 34.620110>,  <30.920774, 40.438602, 34.594944>, 0.130000
	pigment { color rgbt <1,0,0,0> }
	no_shadow
}

// nucleotide -1

// particle -1
sphere {
	<31.429472, 39.735786, 34.620110> 0.250000
	pigment { color rgbt <1,0,0,0> }
	no_shadow
}
cylinder {
	<31.596897, 40.053638, 34.444214>,  <31.697351, 40.244350, 34.338676>, 0.100000
	pigment { color rgbt <1,0,0,0> }
	no_shadow
}
cylinder {
	<31.596897, 40.053638, 34.444214>,  <31.429472, 39.735786, 34.620110>, 0.100000
	pigment { color rgbt <1,0,0,0> }
	no_shadow
}

// particle -1
sphere {
	<31.596897, 40.053638, 34.444214> 0.100000
	pigment { color rgbt <1,0,0,0> }
	no_shadow
}
sphere {
	0, 1
	scale<0.080000,0.200000,0.300000>
	matrix <0.858410, -0.188052, 0.477252,
		0.296545, -0.577234, -0.760830,
		0.418561, 0.794630, -0.439737,
		31.722466, 40.292027, 34.312294>
	pigment { color rgbt <0,1,1,0> }
	no_shadow
}
cylinder {
	<32.089798, 39.481464, 34.564262>,  <31.429472, 39.735786, 34.620110>, 0.130000
	pigment { color rgbt <1,0,0,0> }
	no_shadow
}

// nucleotide -1

// particle -1
sphere {
	<32.089798, 39.481464, 34.564262> 0.250000
	pigment { color rgbt <1,0,0,0> }
	no_shadow
}
cylinder {
	<32.116501, 39.874477, 34.494781>,  <32.132523, 40.110287, 34.453091>, 0.100000
	pigment { color rgbt <1,0,0,0> }
	no_shadow
}
cylinder {
	<32.116501, 39.874477, 34.494781>,  <32.089798, 39.481464, 34.564262>, 0.100000
	pigment { color rgbt <1,0,0,0> }
	no_shadow
}

// particle -1
sphere {
	<32.116501, 39.874477, 34.494781> 0.100000
	pigment { color rgbt <1,0,0,0> }
	no_shadow
}
sphere {
	0, 1
	scale<0.080000,0.200000,0.300000>
	matrix <0.865504, 0.029592, 0.500028,
		0.496434, -0.183724, -0.848410,
		0.066761, 0.982532, -0.173705,
		32.136528, 40.169235, 34.442669>
	pigment { color rgbt <0,1,1,0> }
	no_shadow
}
cylinder {
	<32.680508, 39.749516, 34.237640>,  <32.089798, 39.481464, 34.564262>, 0.130000
	pigment { color rgbt <1,0,0,0> }
	no_shadow
}

// nucleotide -1

// particle -1
sphere {
	<32.680508, 39.749516, 34.237640> 0.250000
	pigment { color rgbt <1,0,0,0> }
	no_shadow
}
cylinder {
	<32.545780, 40.034992, 34.483307>,  <32.464943, 40.206276, 34.630707>, 0.100000
	pigment { color rgbt <1,0,0,0> }
	no_shadow
}
cylinder {
	<32.545780, 40.034992, 34.483307>,  <32.680508, 39.749516, 34.237640>, 0.100000
	pigment { color rgbt <1,0,0,0> }
	no_shadow
}

// particle -1
sphere {
	<32.545780, 40.034992, 34.483307> 0.100000
	pigment { color rgbt <1,0,0,0> }
	no_shadow
}
sphere {
	0, 1
	scale<0.080000,0.200000,0.300000>
	matrix <0.862902, -0.027040, 0.504648,
		0.376768, 0.699943, -0.606734,
		-0.336818, 0.713687, 0.614170,
		32.444736, 40.249100, 34.667557>
	pigment { color rgbt <0,1,1,0> }
	no_shadow
}
cylinder {
	<33.305336, 39.286469, 33.984245>,  <32.680508, 39.749516, 34.237640>, 0.130000
	pigment { color rgbt <1,0,0,0> }
	no_shadow
}

// nucleotide -1

// particle -1
sphere {
	<33.305336, 39.286469, 33.984245> 0.250000
	pigment { color rgbt <1,0,0,0> }
	no_shadow
}
cylinder {
	<32.991146, 39.113445, 34.161301>,  <32.802631, 39.009632, 34.267536>, 0.100000
	pigment { color rgbt <1,0,0,0> }
	no_shadow
}
cylinder {
	<32.991146, 39.113445, 34.161301>,  <33.305336, 39.286469, 33.984245>, 0.100000
	pigment { color rgbt <1,0,0,0> }
	no_shadow
}

// particle -1
sphere {
	<32.991146, 39.113445, 34.161301> 0.100000
	pigment { color rgbt <1,0,0,0> }
	no_shadow
}
sphere {
	0, 1
	scale<0.080000,0.200000,0.300000>
	matrix <0.149882, -0.826865, -0.542061,
		0.600477, -0.359428, 0.714310,
		-0.785470, -0.432557, 0.442641,
		32.755505, 38.983677, 34.294094>
	pigment { color rgbt <0,1,1,0> }
	no_shadow
}
cylinder {
	<33.511246, 38.681797, 34.235119>,  <33.305336, 39.286469, 33.984245>, 0.130000
	pigment { color rgbt <1,0,0,0> }
	no_shadow
}

// nucleotide -1

// particle -1
sphere {
	<33.511246, 38.681797, 34.235119> 0.250000
	pigment { color rgbt <1,0,0,0> }
	no_shadow
}
cylinder {
	<33.119106, 38.668240, 34.157391>,  <32.883823, 38.660107, 34.110752>, 0.100000
	pigment { color rgbt <1,0,0,0> }
	no_shadow
}
cylinder {
	<33.119106, 38.668240, 34.157391>,  <33.511246, 38.681797, 34.235119>, 0.100000
	pigment { color rgbt <1,0,0,0> }
	no_shadow
}

// particle -1
sphere {
	<33.119106, 38.668240, 34.157391> 0.100000
	pigment { color rgbt <1,0,0,0> }
	no_shadow
}
sphere {
	0, 1
	scale<0.080000,0.200000,0.300000>
	matrix <0.139456, -0.815807, -0.561258,
		-0.139506, -0.577330, 0.804505,
		-0.980352, -0.033894, -0.194322,
		32.825001, 38.658070, 34.099094>
	pigment { color rgbt <0,1,1,0> }
	no_shadow
}
cylinder {
	<33.279606, 37.893852, 34.295303>,  <33.511246, 38.681797, 34.235119>, 0.130000
	pigment { color rgbt <1,0,0,0> }
	no_shadow
}

// nucleotide -1

// particle -1
sphere {
	<33.279606, 37.893852, 34.295303> 0.250000
	pigment { color rgbt <1,0,0,0> }
	no_shadow
}
cylinder {
	<33.037376, 38.111176, 34.062721>,  <32.892040, 38.241570, 33.923172>, 0.100000
	pigment { color rgbt <1,0,0,0> }
	no_shadow
}
cylinder {
	<33.037376, 38.111176, 34.062721>,  <33.279606, 37.893852, 34.295303>, 0.100000
	pigment { color rgbt <1,0,0,0> }
	no_shadow
}

// particle -1
sphere {
	<33.037376, 38.111176, 34.062721> 0.100000
	pigment { color rgbt <1,0,0,0> }
	no_shadow
}
sphere {
	0, 1
	scale<0.080000,0.200000,0.300000>
	matrix <0.030420, -0.714330, -0.699148,
		-0.795208, -0.441073, 0.416051,
		-0.605573, 0.543312, -0.581458,
		32.855705, 38.274170, 33.888283>
	pigment { color rgbt <0,1,1,0> }
	no_shadow
}
cylinder {
	<33.009178, 37.366402, 33.800446>,  <33.279606, 37.893852, 34.295303>, 0.130000
	pigment { color rgbt <1,0,0,0> }
	no_shadow
}

// nucleotide -1

// particle -1
sphere {
	<33.009178, 37.366402, 33.800446> 0.250000
	pigment { color rgbt <1,0,0,0> }
	no_shadow
}
cylinder {
	<32.918930, 37.711014, 33.618519>,  <32.864780, 37.917782, 33.509365>, 0.100000
	pigment { color rgbt <1,0,0,0> }
	no_shadow
}
cylinder {
	<32.918930, 37.711014, 33.618519>,  <33.009178, 37.366402, 33.800446>, 0.100000
	pigment { color rgbt <1,0,0,0> }
	no_shadow
}

// particle -1
sphere {
	<32.918930, 37.711014, 33.618519> 0.100000
	pigment { color rgbt <1,0,0,0> }
	no_shadow
}
sphere {
	0, 1
	scale<0.080000,0.200000,0.300000>
	matrix <-0.177914, -0.495438, -0.850228,
		-0.957832, -0.110913, 0.265060,
		-0.225622, 0.861533, -0.454813,
		32.851242, 37.969475, 33.482075>
	pigment { color rgbt <0,1,1,0> }
	no_shadow
}
cylinder {
	<32.522400, 36.954346, 33.461384>,  <33.009178, 37.366402, 33.800446>, 0.130000
	pigment { color rgbt <1,0,0,0> }
	no_shadow
}

// nucleotide -1

// particle -1
sphere {
	<32.522400, 36.954346, 33.461384> 0.250000
	pigment { color rgbt <1,0,0,0> }
	no_shadow
}
cylinder {
	<32.678364, 37.271423, 33.273937>,  <32.771942, 37.461670, 33.161469>, 0.100000
	pigment { color rgbt <1,0,0,0> }
	no_shadow
}
cylinder {
	<32.678364, 37.271423, 33.273937>,  <32.522400, 36.954346, 33.461384>, 0.100000
	pigment { color rgbt <1,0,0,0> }
	no_shadow
}

// particle -1
sphere {
	<32.678364, 37.271423, 33.273937> 0.100000
	pigment { color rgbt <1,0,0,0> }
	no_shadow
}
sphere {
	0, 1
	scale<0.080000,0.200000,0.300000>
	matrix <-0.050864, -0.489579, -0.870474,
		-0.919445, 0.363246, -0.150574,
		0.389914, 0.792695, -0.468617,
		32.795338, 37.509232, 33.133350>
	pigment { color rgbt <0,1,1,0> }
	no_shadow
}
cylinder {
	<32.253578, 37.010582, 32.866074>,  <32.522400, 36.954346, 33.461384>, 0.130000
	pigment { color rgbt <1,0,0,0> }
	no_shadow
}

// nucleotide -1

// particle -1
sphere {
	<32.253578, 37.010582, 32.866074> 0.250000
	pigment { color rgbt <1,0,0,0> }
	no_shadow
}
cylinder {
	<32.587341, 37.210541, 32.773239>,  <32.787601, 37.330517, 32.717541>, 0.100000
	pigment { color rgbt <1,0,0,0> }
	no_shadow
}
cylinder {
	<32.587341, 37.210541, 32.773239>,  <32.253578, 37.010582, 32.866074>, 0.100000
	pigment { color rgbt <1,0,0,0> }
	no_shadow
}

// particle -1
sphere {
	<32.587341, 37.210541, 32.773239> 0.100000
	pigment { color rgbt <1,0,0,0> }
	no_shadow
}
sphere {
	0, 1
	scale<0.080000,0.200000,0.300000>
	matrix <0.093340, -0.543183, -0.834410,
		-0.543183, 0.674577, -0.499898,
		0.834410, 0.499898, -0.232083,
		32.837666, 37.360512, 32.703613>
	pigment { color rgbt <0,1,1,0> }
	no_shadow
}
cylinder {
	<32.232346, 37.169407, 32.194157>,  <32.253578, 37.010582, 32.866074>, 0.130000
	pigment { color rgbt <1,0,0,0> }
	no_shadow
}

// nucleotide -1

// particle -1
sphere {
	<32.232346, 37.169407, 32.194157> 0.250000
	pigment { color rgbt <1,0,0,0> }
	no_shadow
}
cylinder {
	<32.620338, 37.188465, 32.289543>,  <32.853134, 37.199898, 32.346775>, 0.100000
	pigment { color rgbt <1,0,0,0> }
	no_shadow
}
cylinder {
	<32.620338, 37.188465, 32.289543>,  <32.232346, 37.169407, 32.194157>, 0.100000
	pigment { color rgbt <1,0,0,0> }
	no_shadow
}

// particle -1
sphere {
	<32.620338, 37.188465, 32.289543> 0.100000
	pigment { color rgbt <1,0,0,0> }
	no_shadow
}
sphere {
	0, 1
	scale<0.080000,0.200000,0.300000>
	matrix <0.222017, -0.573593, -0.788479,
		0.099218, 0.817754, -0.566952,
		0.969982, 0.047642, 0.238466,
		32.911331, 37.202759, 32.361084>
	pigment { color rgbt <0,1,1,0> }
	no_shadow
}
cylinder {
	<32.685349, 37.525288, 31.658144>,  <32.232346, 37.169407, 32.194157>, 0.130000
	pigment { color rgbt <1,0,0,0> }
	no_shadow
}

// nucleotide -1

// particle -1
sphere {
	<32.685349, 37.525288, 31.658144> 0.250000
	pigment { color rgbt <1,0,0,0> }
	no_shadow
}
cylinder {
	<32.857937, 37.235561, 31.873251>,  <32.961491, 37.061726, 32.002316>, 0.100000
	pigment { color rgbt <1,0,0,0> }
	no_shadow
}
cylinder {
	<32.857937, 37.235561, 31.873251>,  <32.685349, 37.525288, 31.658144>, 0.100000
	pigment { color rgbt <1,0,0,0> }
	no_shadow
}

// particle -1
sphere {
	<32.857937, 37.235561, 31.873251> 0.100000
	pigment { color rgbt <1,0,0,0> }
	no_shadow
}
sphere {
	0, 1
	scale<0.080000,0.200000,0.300000>
	matrix <0.212873, -0.497533, -0.840920,
		0.876650, 0.477312, -0.060486,
		0.431475, -0.724316, 0.537769,
		32.987381, 37.018265, 32.034580>
	pigment { color rgbt <0,1,1,0> }
	no_shadow
}
cylinder {
	<33.293358, 37.277626, 31.341814>,  <32.685349, 37.525288, 31.658144>, 0.130000
	pigment { color rgbt <1,0,0,0> }
	no_shadow
}

// nucleotide -1

// particle -1
sphere {
	<33.293358, 37.277626, 31.341814> 0.250000
	pigment { color rgbt <1,0,0,0> }
	no_shadow
}
cylinder {
	<33.146824, 36.963058, 31.540752>,  <33.058903, 36.774319, 31.660114>, 0.100000
	pigment { color rgbt <1,0,0,0> }
	no_shadow
}
cylinder {
	<33.146824, 36.963058, 31.540752>,  <33.293358, 37.277626, 31.341814>, 0.100000
	pigment { color rgbt <1,0,0,0> }
	no_shadow
}

// particle -1
sphere {
	<33.146824, 36.963058, 31.540752> 0.100000
	pigment { color rgbt <1,0,0,0> }
	no_shadow
}
sphere {
	0, 1
	scale<0.080000,0.200000,0.300000>
	matrix <0.429250, -0.617058, -0.659533,
		0.825558, -0.028122, 0.563617,
		-0.366332, -0.786415, 0.497345,
		33.036922, 36.727135, 31.689957>
	pigment { color rgbt <0,1,1,0> }
	no_shadow
}
cylinder {
	<33.527462, 37.518497, 32.015022>,  <33.293358, 37.277626, 31.341814>, 0.130000
	pigment { color rgbt <1,0,0,0> }
	no_shadow
}

// nucleotide -1

// particle -1
sphere {
	<33.527462, 37.518497, 32.015022> 0.250000
	pigment { color rgbt <1,0,0,0> }
	no_shadow
}
cylinder {
	<33.831741, 37.736809, 31.874472>,  <34.014309, 37.867794, 31.790142>, 0.100000
	pigment { color rgbt <1,0,0,0> }
	no_shadow
}
cylinder {
	<33.831741, 37.736809, 31.874472>,  <33.527462, 37.518497, 32.015022>, 0.100000
	pigment { color rgbt <1,0,0,0> }
	no_shadow
}

// particle -1
sphere {
	<33.831741, 37.736809, 31.874472> 0.100000
	pigment { color rgbt <1,0,0,0> }
	no_shadow
}
sphere {
	0, 1
	scale<0.080000,0.200000,0.300000>
	matrix <0.577688, -0.322400, 0.749890,
		0.295988, -0.773427, -0.560538,
		0.760702, 0.545774, -0.351372,
		34.059952, 37.900539, 31.769060>
	pigment { color rgbt <0,1,1,0> }
	no_shadow
}
cylinder {
	<34.253437, 37.108063, 31.932671>,  <33.527462, 37.518497, 32.015022>, 0.130000
	pigment { color rgbt <1,0,0,0> }
	no_shadow
}

// nucleotide -1

// particle -1
sphere {
	<34.253437, 37.108063, 31.932671> 0.250000
	pigment { color rgbt <1,0,0,0> }
	no_shadow
}
cylinder {
	<34.334930, 37.462490, 32.099224>,  <34.383827, 37.675148, 32.199158>, 0.100000
	pigment { color rgbt <1,0,0,0> }
	no_shadow
}
cylinder {
	<34.334930, 37.462490, 32.099224>,  <34.253437, 37.108063, 31.932671>, 0.100000
	pigment { color rgbt <1,0,0,0> }
	no_shadow
}

// particle -1
sphere {
	<34.334930, 37.462490, 32.099224> 0.100000
	pigment { color rgbt <1,0,0,0> }
	no_shadow
}
sphere {
	0, 1
	scale<0.080000,0.200000,0.300000>
	matrix <0.550768, -0.455353, 0.699506,
		0.809411, 0.086817, -0.580790,
		0.203735, 0.886068, 0.416384,
		34.396049, 37.728310, 32.224140>
	pigment { color rgbt <0,1,1,0> }
	no_shadow
}
cylinder {
	<34.183884, 37.197567, 32.702831>,  <34.253437, 37.108063, 31.932671>, 0.130000
	pigment { color rgbt <1,0,0,0> }
	no_shadow
}

// nucleotide -1

// particle -1
sphere {
	<34.183884, 37.197567, 32.702831> 0.250000
	pigment { color rgbt <1,0,0,0> }
	no_shadow
}
cylinder {
	<33.803665, 37.186481, 32.579090>,  <33.575535, 37.179832, 32.504845>, 0.100000
	pigment { color rgbt <1,0,0,0> }
	no_shadow
}
cylinder {
	<33.803665, 37.186481, 32.579090>,  <34.183884, 37.197567, 32.702831>, 0.100000
	pigment { color rgbt <1,0,0,0> }
	no_shadow
}

// particle -1
sphere {
	<33.803665, 37.186481, 32.579090> 0.100000
	pigment { color rgbt <1,0,0,0> }
	no_shadow
}
sphere {
	0, 1
	scale<0.080000,0.200000,0.300000>
	matrix <-0.259213, 0.619479, 0.740983,
		0.171104, 0.784524, -0.596024,
		-0.950543, -0.027712, -0.309354,
		33.518501, 37.178169, 32.486282>
	pigment { color rgbt <0,1,1,0> }
	no_shadow
}
cylinder {
	<33.882881, 38.008198, 32.576244>,  <34.183884, 37.197567, 32.702831>, 0.130000
	pigment { color rgbt <1,0,0,0> }
	no_shadow
}

// nucleotide -1

// particle -1
sphere {
	<33.882881, 38.008198, 32.576244> 0.250000
	pigment { color rgbt <1,0,0,0> }
	no_shadow
}
cylinder {
	<33.587723, 37.745686, 32.639248>,  <33.410629, 37.588177, 32.677052>, 0.100000
	pigment { color rgbt <1,0,0,0> }
	no_shadow
}
cylinder {
	<33.587723, 37.745686, 32.639248>,  <33.882881, 38.008198, 32.576244>, 0.100000
	pigment { color rgbt <1,0,0,0> }
	no_shadow
}

// particle -1
sphere {
	<33.587723, 37.745686, 32.639248> 0.100000
	pigment { color rgbt <1,0,0,0> }
	no_shadow
}
sphere {
	0, 1
	scale<0.080000,0.200000,0.300000>
	matrix <-0.368001, 0.586864, 0.721225,
		-0.565763, 0.474224, -0.674555,
		-0.737894, -0.656279, 0.157511,
		33.366356, 37.548801, 32.686501>
	pigment { color rgbt <0,1,1,0> }
	no_shadow
}
cylinder {
	<34.082905, 37.833748, 33.280598>,  <33.882881, 38.008198, 32.576244>, 0.130000
	pigment { color rgbt <1,0,0,0> }
	no_shadow
}

// nucleotide -1

// particle -1
sphere {
	<34.082905, 37.833748, 33.280598> 0.250000
	pigment { color rgbt <1,0,0,0> }
	no_shadow
}
cylinder {
	<33.982140, 37.530220, 33.520844>,  <33.921680, 37.348106, 33.664993>, 0.100000
	pigment { color rgbt <1,0,0,0> }
	no_shadow
}
cylinder {
	<33.982140, 37.530220, 33.520844>,  <34.082905, 37.833748, 33.280598>, 0.100000
	pigment { color rgbt <1,0,0,0> }
	no_shadow
}

// particle -1
sphere {
	<33.982140, 37.530220, 33.520844> 0.100000
	pigment { color rgbt <1,0,0,0> }
	no_shadow
}
sphere {
	0, 1
	scale<0.080000,0.200000,0.300000>
	matrix <0.445477, 0.460044, 0.768056,
		-0.859123, 0.461042, 0.222145,
		-0.251910, -0.758815, 0.600618,
		33.906567, 37.302574, 33.701027>
	pigment { color rgbt <0,1,1,0> }
	no_shadow
}
cylinder {
	<34.108170, 38.090973, 34.033916>,  <34.082905, 37.833748, 33.280598>, 0.130000
	pigment { color rgbt <1,0,0,0> }
	no_shadow
}

// nucleotide -1

// particle -1
sphere {
	<34.108170, 38.090973, 34.033916> 0.250000
	pigment { color rgbt <1,0,0,0> }
	no_shadow
}
cylinder {
	<34.351929, 38.389122, 34.142029>,  <34.498184, 38.568012, 34.206898>, 0.100000
	pigment { color rgbt <1,0,0,0> }
	no_shadow
}
cylinder {
	<34.351929, 38.389122, 34.142029>,  <34.108170, 38.090973, 34.033916>, 0.100000
	pigment { color rgbt <1,0,0,0> }
	no_shadow
}

// particle -1
sphere {
	<34.351929, 38.389122, 34.142029> 0.100000
	pigment { color rgbt <1,0,0,0> }
	no_shadow
}
sphere {
	0, 1
	scale<0.080000,0.200000,0.300000>
	matrix <0.333112, 0.068648, -0.940385,
		-0.719491, 0.663105, -0.206458,
		0.609401, 0.745372, 0.270280,
		34.534748, 38.612732, 34.223114>
	pigment { color rgbt <0,1,1,0> }
	no_shadow
}
cylinder {
	<34.036823, 38.788094, 33.743351>,  <34.108170, 38.090973, 34.033916>, 0.130000
	pigment { color rgbt <1,0,0,0> }
	no_shadow
}

// nucleotide -1

// particle -1
sphere {
	<34.036823, 38.788094, 33.743351> 0.250000
	pigment { color rgbt <1,0,0,0> }
	no_shadow
}
cylinder {
	<34.418980, 38.699486, 33.821491>,  <34.648273, 38.646320, 33.868374>, 0.100000
	pigment { color rgbt <1,0,0,0> }
	no_shadow
}
cylinder {
	<34.418980, 38.699486, 33.821491>,  <34.036823, 38.788094, 33.743351>, 0.100000
	pigment { color rgbt <1,0,0,0> }
	no_shadow
}

// particle -1
sphere {
	<34.418980, 38.699486, 33.821491> 0.100000
	pigment { color rgbt <1,0,0,0> }
	no_shadow
}
sphere {
	0, 1
	scale<0.080000,0.200000,0.300000>
	matrix <0.260716, 0.321747, -0.910223,
		0.138781, 0.920547, 0.365148,
		0.955388, -0.221522, 0.195349,
		34.705597, 38.633030, 33.880096>
	pigment { color rgbt <0,1,1,0> }
	no_shadow
}
cylinder {
	<34.510456, 39.420486, 33.748138>,  <34.036823, 38.788094, 33.743351>, 0.130000
	pigment { color rgbt <1,0,0,0> }
	no_shadow
}

// nucleotide -1

// particle -1
sphere {
	<34.510456, 39.420486, 33.748138> 0.250000
	pigment { color rgbt <1,0,0,0> }
	no_shadow
}
cylinder {
	<34.756329, 39.125767, 33.635498>,  <34.903851, 38.948936, 33.567913>, 0.100000
	pigment { color rgbt <1,0,0,0> }
	no_shadow
}
cylinder {
	<34.756329, 39.125767, 33.635498>,  <34.510456, 39.420486, 33.748138>, 0.100000
	pigment { color rgbt <1,0,0,0> }
	no_shadow
}

// particle -1
sphere {
	<34.756329, 39.125767, 33.635498> 0.100000
	pigment { color rgbt <1,0,0,0> }
	no_shadow
}
sphere {
	0, 1
	scale<0.080000,0.200000,0.300000>
	matrix <0.296360, 0.546580, -0.783211,
