// switches for output
#declare DRAW_BASES = 1; // possible values are 0, 1; only relevant for DNA ribbons
#declare DRAW_BASES_TYPE = 3; // possible values are 1, 2, 3; only relevant for DNA ribbons
#declare DRAW_FOG = 0; // set to 1 to enable fog

#include "colors.inc"

#include "transforms.inc"
background { rgb <1, 1, 1>}

#default {
   normal{
       ripples 0.25
       frequency 0.20
       turbulence 0.2
       lambda 5
   }
	finish {
		phong 0.1
		phong_size 40.
	}
}

// original window dimensions: 1024x640


// camera settings

camera {
	sky <0, 0.179814, -0.983701>
	up <0, 0.179814, -0.983701>
	right 1.6 * <1, 0, 0>
	location <35, 94.9851, 44.8844>
	look_at <35, 29.7336, 32.9568>
	direction <0, -65.2515, -11.9276>
	angle 67.0682
}


# declare cpy_camera_pos = <35, 94.9851, 44.8844>;
# if (DRAW_FOG = 1)
fog {
	fog_type 2
	up vnormalize(cpy_camera_pos)
	color rgbt<1,1,1,0.3>
	distance 1e-5
	fog_alt 3e-3
	fog_offset 56
}
# end


// LIGHTS

# declare lum = 6;
global_settings {
	ambient_light rgb lum * <0.05, 0.05, 0.05>
	max_trace_level 15
}# declare cpy_direct_light_amount = 0.25;
light_source
{	1000 * <-1, -1.16352, -0.803886>,
	rgb lum * cpy_direct_light_amount
	parallel
}

light_source
{	1000 * <1, 1.16352, 0.803886>,
	rgb lum * cpy_direct_light_amount
	parallel
}

// strand 0

// nucleotide -1

// particle -1
sphere {
	<24.016087, 35.434174, 34.789429> 0.250000
	pigment { color rgbt <1,0,0,0> }
	no_shadow
}
cylinder {
	<24.188883, 35.078281, 34.848446>,  <24.292561, 34.864746, 34.883858>, 0.100000
	pigment { color rgbt <1,0,0,0> }
	no_shadow
}
cylinder {
	<24.188883, 35.078281, 34.848446>,  <24.016087, 35.434174, 34.789429>, 0.100000
	pigment { color rgbt <1,0,0,0> }
	no_shadow
}

// particle -1
sphere {
	<24.188883, 35.078281, 34.848446> 0.100000
	pigment { color rgbt <1,0,0,0> }
	no_shadow
}
sphere {
	0, 1
	scale<0.080000,0.200000,0.300000>
	matrix <0.436363, 0.349374, 0.829171,
		-0.789284, -0.293812, 0.539171,
		0.431993, -0.889726, 0.147547,
		24.318481, 34.811363, 34.892712>
	pigment { color rgbt <0,1,1,0> }
	no_shadow
}
cylinder {
	<23.798538, 35.142033, 35.462677>,  <24.016087, 35.434174, 34.789429>, 0.130000
	pigment { color rgbt <1,0,0,0> }
	no_shadow
}

// nucleotide -1

// particle -1
sphere {
	<23.798538, 35.142033, 35.462677> 0.250000
	pigment { color rgbt <1,0,0,0> }
	no_shadow
}
cylinder {
	<24.146860, 34.985577, 35.343544>,  <24.355854, 34.891705, 35.272064>, 0.100000
	pigment { color rgbt <1,0,0,0> }
	no_shadow
}
cylinder {
	<24.146860, 34.985577, 35.343544>,  <23.798538, 35.142033, 35.462677>, 0.100000
	pigment { color rgbt <1,0,0,0> }
	no_shadow
}

// particle -1
sphere {
	<24.146860, 34.985577, 35.343544> 0.100000
	pigment { color rgbt <1,0,0,0> }
	no_shadow
}
sphere {
	0, 1
	scale<0.080000,0.200000,0.300000>
	matrix <0.409538, 0.241987, 0.879614,
		-0.271982, -0.887948, 0.370910,
		0.870807, -0.391141, -0.297832,
		24.408102, 34.868233, 35.254196>
	pigment { color rgbt <0,1,1,0> }
	no_shadow
}
cylinder {
	<24.072744, 34.956470, 36.032906>,  <23.798538, 35.142033, 35.462677>, 0.130000
	pigment { color rgbt <1,0,0,0> }
	no_shadow
}

// nucleotide -1

// particle -1
sphere {
	<24.072744, 34.956470, 36.032906> 0.250000
	pigment { color rgbt <1,0,0,0> }
	no_shadow
}
cylinder {
	<24.400375, 35.008217, 35.809345>,  <24.596954, 35.039265, 35.675209>, 0.100000
	pigment { color rgbt <1,0,0,0> }
	no_shadow
}
cylinder {
	<24.400375, 35.008217, 35.809345>,  <24.072744, 34.956470, 36.032906>, 0.100000
	pigment { color rgbt <1,0,0,0> }
	no_shadow
}

// particle -1
sphere {
	<24.400375, 35.008217, 35.809345> 0.100000
	pigment { color rgbt <1,0,0,0> }
	no_shadow
}
sphere {
	0, 1
	scale<0.080000,0.200000,0.300000>
	matrix <0.462517, 0.427453, 0.776764,
		0.339393, -0.894733, 0.290283,
		0.819079, 0.129368, -0.558904,
		24.646099, 35.047028, 35.641674>
	pigment { color rgbt <0,1,1,0> }
	no_shadow
}
cylinder {
	<24.766077, 34.484234, 36.233688>,  <24.072744, 34.956470, 36.032906>, 0.130000
	pigment { color rgbt <1,0,0,0> }
	no_shadow
}

// nucleotide -1

// particle -1
sphere {
	<24.766077, 34.484234, 36.233688> 0.250000
	pigment { color rgbt <1,0,0,0> }
	no_shadow
}
cylinder {
	<24.833588, 34.847668, 36.080856>,  <24.874094, 35.065727, 35.989155>, 0.100000
	pigment { color rgbt <1,0,0,0> }
	no_shadow
}
cylinder {
	<24.833588, 34.847668, 36.080856>,  <24.766077, 34.484234, 36.233688>, 0.100000
	pigment { color rgbt <1,0,0,0> }
	no_shadow
}

// particle -1
sphere {
	<24.833588, 34.847668, 36.080856> 0.100000
	pigment { color rgbt <1,0,0,0> }
	no_shadow
}
sphere {
	0, 1
	scale<0.080000,0.200000,0.300000>
	matrix <0.385126, 0.296038, 0.874093,
		0.907299, -0.294679, -0.299955,
		0.168779, 0.908584, -0.382084,
		24.884222, 35.120243, 35.966232>
	pigment { color rgbt <0,1,1,0> }
	no_shadow
}
cylinder {
	<25.066669, 34.195999, 36.896454>,  <24.766077, 34.484234, 36.233688>, 0.130000
	pigment { color rgbt <1,0,0,0> }
	no_shadow
}

// nucleotide -1

// particle -1
sphere {
	<25.066669, 34.195999, 36.896454> 0.250000
	pigment { color rgbt <1,0,0,0> }
	no_shadow
}
cylinder {
	<25.259512, 34.180817, 37.246571>,  <25.375217, 34.171707, 37.456642>, 0.100000
	pigment { color rgbt <1,0,0,0> }
	no_shadow
}
cylinder {
	<25.259512, 34.180817, 37.246571>,  <25.066669, 34.195999, 36.896454>, 0.100000
	pigment { color rgbt <1,0,0,0> }
	no_shadow
}

// particle -1
sphere {
	<25.259512, 34.180817, 37.246571> 0.100000
	pigment { color rgbt <1,0,0,0> }
	no_shadow
}
sphere {
	0, 1
	scale<0.080000,0.200000,0.300000>
	matrix <0.183950, 0.981177, -0.058767,
		-0.856584, 0.189342, 0.480014,
		0.482106, -0.037960, 0.875290,
		25.404144, 34.169430, 37.509159>
	pigment { color rgbt <0,1,1,0> }
	no_shadow
}
cylinder {
	<24.699638, 34.592922, 37.342148>,  <25.066669, 34.195999, 36.896454>, 0.130000
	pigment { color rgbt <1,0,0,0> }
	no_shadow
}

// nucleotide -1

// particle -1
sphere {
	<24.699638, 34.592922, 37.342148> 0.250000
	pigment { color rgbt <1,0,0,0> }
	no_shadow
}
cylinder {
	<25.095974, 34.574295, 37.392849>,  <25.333776, 34.563118, 37.423267>, 0.100000
	pigment { color rgbt <1,0,0,0> }
	no_shadow
}
cylinder {
	<25.095974, 34.574295, 37.392849>,  <24.699638, 34.592922, 37.342148>, 0.100000
	pigment { color rgbt <1,0,0,0> }
	no_shadow
}

// particle -1
sphere {
	<25.095974, 34.574295, 37.392849> 0.100000
	pigment { color rgbt <1,0,0,0> }
	no_shadow
}
sphere {
	0, 1
	scale<0.080000,0.200000,0.300000>
	matrix <0.072092, 0.976118, -0.204933,
		-0.114178, 0.212193, 0.970535,
		0.990841, -0.046569, 0.126749,
		25.393227, 34.560326, 37.430874>
	pigment { color rgbt <0,1,1,0> }
	no_shadow
}
cylinder {
	<24.860729, 33.936604, 37.596275>,  <24.699638, 34.592922, 37.342148>, 0.130000
	pigment { color rgbt <1,0,0,0> }
	no_shadow
}

// nucleotide -1

// particle -1
sphere {
	<24.860729, 33.936604, 37.596275> 0.250000
	pigment { color rgbt <1,0,0,0> }
	no_shadow
}
cylinder {
	<24.599241, 33.775414, 37.852486>,  <24.442348, 33.678699, 38.006210>, 0.100000
	pigment { color rgbt <1,0,0,0> }
	no_shadow
}
cylinder {
	<24.599241, 33.775414, 37.852486>,  <24.860729, 33.936604, 37.596275>, 0.100000
	pigment { color rgbt <1,0,0,0> }
	no_shadow
}

// particle -1
sphere {
	<24.599241, 33.775414, 37.852486> 0.100000
	pigment { color rgbt <1,0,0,0> }
	no_shadow
}
sphere {
	0, 1
	scale<0.080000,0.200000,0.300000>
	matrix <-0.729015, 0.108353, -0.675867,
		0.202953, -0.908776, -0.364604,
		-0.653718, -0.402971, 0.640521,
		24.403126, 33.654522, 38.044643>
	pigment { color rgbt <0,1,1,0> }
	no_shadow
}
cylinder {
	<24.518635, 33.284626, 37.293716>,  <24.860729, 33.936604, 37.596275>, 0.130000
	pigment { color rgbt <1,0,0,0> }
	no_shadow
}

// nucleotide -1

// particle -1
sphere {
	<24.518635, 33.284626, 37.293716> 0.250000
	pigment { color rgbt <1,0,0,0> }
	no_shadow
}
cylinder {
	<24.307915, 33.484352, 37.568863>,  <24.181482, 33.604187, 37.733952>, 0.100000
	pigment { color rgbt <1,0,0,0> }
	no_shadow
}
cylinder {
	<24.307915, 33.484352, 37.568863>,  <24.518635, 33.284626, 37.293716>, 0.100000
	pigment { color rgbt <1,0,0,0> }
	no_shadow
}

// particle -1
sphere {
	<24.307915, 33.484352, 37.568863> 0.100000
	pigment { color rgbt <1,0,0,0> }
	no_shadow
}
sphere {
	0, 1
	scale<0.080000,0.200000,0.300000>
	matrix <-0.739366, 0.130029, -0.660629,
		-0.419307, -0.856605, 0.300680,
		-0.526801, 0.499319, 0.687867,
		24.149874, 33.634148, 37.775223>
	pigment { color rgbt <0,1,1,0> }
	no_shadow
}
cylinder {
	<25.148853, 33.000362, 37.032436>,  <24.518635, 33.284626, 37.293716>, 0.130000
	pigment { color rgbt <1,0,0,0> }
	no_shadow
}

// nucleotide -1

// particle -1
sphere {
	<25.148853, 33.000362, 37.032436> 0.250000
	pigment { color rgbt <1,0,0,0> }
	no_shadow
}
cylinder {
	<25.123827, 33.106941, 36.647709>,  <25.108810, 33.170891, 36.416874>, 0.100000
	pigment { color rgbt <1,0,0,0> }
	no_shadow
}
cylinder {
	<25.123827, 33.106941, 36.647709>,  <25.148853, 33.000362, 37.032436>, 0.100000
	pigment { color rgbt <1,0,0,0> }
	no_shadow
}

// particle -1
sphere {
	<25.123827, 33.106941, 36.647709> 0.100000
	pigment { color rgbt <1,0,0,0> }
	no_shadow
}
sphere {
	0, 1
	scale<0.080000,0.200000,0.300000>
	matrix <-0.996058, -0.077376, 0.043360,
		-0.062868, 0.960738, 0.270240,
		-0.062568, 0.266449, -0.961816,
		25.105057, 33.186874, 36.359165>
	pigment { color rgbt <0,1,1,0> }
	no_shadow
}
cylinder {
	<25.740204, 32.592804, 36.691849>,  <25.148853, 33.000362, 37.032436>, 0.130000
	pigment { color rgbt <1,0,0,0> }
	no_shadow
}

// nucleotide -1

// particle -1
sphere {
	<25.740204, 32.592804, 36.691849> 0.250000
	pigment { color rgbt <1,0,0,0> }
	no_shadow
}
cylinder {
	<25.816919, 32.500023, 37.073303>,  <25.862947, 32.444355, 37.302174>, 0.100000
	pigment { color rgbt <1,0,0,0> }
	no_shadow
}
cylinder {
	<25.816919, 32.500023, 37.073303>,  <25.740204, 32.592804, 36.691849>, 0.100000
	pigment { color rgbt <1,0,0,0> }
	no_shadow
}

// particle -1
sphere {
	<25.816919, 32.500023, 37.073303> 0.100000
	pigment { color rgbt <1,0,0,0> }
	no_shadow
}
sphere {
	0, 1
	scale<0.080000,0.200000,0.300000>
	matrix <0.501429, -0.812121, -0.298377,
		0.843674, 0.535404, -0.039447,
		0.191788, -0.231953, 0.953633,
		25.874456, 32.430435, 37.359394>
	pigment { color rgbt <0,1,1,0> }
	no_shadow
}
cylinder {
	<26.433039, 32.423241, 36.685871>,  <25.740204, 32.592804, 36.691849>, 0.130000
	pigment { color rgbt <1,0,0,0> }
	no_shadow
}

// nucleotide -1

// particle -1
sphere {
	<26.433039, 32.423241, 36.685871> 0.250000
	pigment { color rgbt <1,0,0,0> }
	no_shadow
}
cylinder {
	<26.275562, 32.237072, 37.002956>,  <26.181076, 32.125370, 37.193207>, 0.100000
	pigment { color rgbt <1,0,0,0> }
	no_shadow
}
cylinder {
	<26.275562, 32.237072, 37.002956>,  <26.433039, 32.423241, 36.685871>, 0.100000
	pigment { color rgbt <1,0,0,0> }
	no_shadow
}

// particle -1
sphere {
	<26.275562, 32.237072, 37.002956> 0.100000
	pigment { color rgbt <1,0,0,0> }
	no_shadow
}
sphere {
	0, 1
	scale<0.080000,0.200000,0.300000>
	matrix <0.539890, -0.815018, -0.210390,
		0.743993, 0.345148, 0.572142,
		-0.393691, -0.465423, 0.792710,
		26.157455, 32.097446, 37.240768>
	pigment { color rgbt <0,1,1,0> }
	no_shadow
}
cylinder {
	<26.897009, 32.235542, 37.173161>,  <26.433039, 32.423241, 36.685871>, 0.130000
	pigment { color rgbt <1,0,0,0> }
	no_shadow
}

// nucleotide -1

// particle -1
sphere {
	<26.897009, 32.235542, 37.173161> 0.250000
	pigment { color rgbt <1,0,0,0> }
	no_shadow
}
cylinder {
	<26.598829, 31.969875, 37.195770>,  <26.419922, 31.810476, 37.209335>, 0.100000
	pigment { color rgbt <1,0,0,0> }
	no_shadow
}
cylinder {
	<26.598829, 31.969875, 37.195770>,  <26.897009, 32.235542, 37.173161>, 0.100000
	pigment { color rgbt <1,0,0,0> }
	no_shadow
}

// particle -1
sphere {
	<26.598829, 31.969875, 37.195770> 0.100000
	pigment { color rgbt <1,0,0,0> }
	no_shadow
}
sphere {
	0, 1
	scale<0.080000,0.200000,0.300000>
	matrix <0.639686, -0.736649, -0.219432,
		0.187374, -0.127420, 0.973989,
		-0.745448, -0.664163, 0.056521,
		26.375195, 31.770626, 37.212727>
	pigment { color rgbt <0,1,1,0> }
	no_shadow
}
cylinder {
	<26.949539, 31.733641, 37.628014>,  <26.897009, 32.235542, 37.173161>, 0.130000
	pigment { color rgbt <1,0,0,0> }
	no_shadow
}

// nucleotide -1

// particle -1
sphere {
	<26.949539, 31.733641, 37.628014> 0.250000
	pigment { color rgbt <1,0,0,0> }
	no_shadow
}
cylinder {
	<26.740900, 31.545885, 37.343025>,  <26.615717, 31.433231, 37.172031>, 0.100000
	pigment { color rgbt <1,0,0,0> }
	no_shadow
}
cylinder {
	<26.740900, 31.545885, 37.343025>,  <26.949539, 31.733641, 37.628014>, 0.100000
	pigment { color rgbt <1,0,0,0> }
	no_shadow
}

// particle -1
sphere {
	<26.740900, 31.545885, 37.343025> 0.100000
	pigment { color rgbt <1,0,0,0> }
	no_shadow
}
sphere {
	0, 1
	scale<0.080000,0.200000,0.300000>
	matrix <0.736437, -0.669345, -0.098166,
		-0.430809, -0.575891, 0.694804,
		-0.521597, -0.469389, -0.712468,
		26.584421, 31.405067, 37.129284>
	pigment { color rgbt <0,1,1,0> }
	no_shadow
}
cylinder {
	<27.685337, 31.613314, 37.712524>,  <26.949539, 31.733641, 37.628014>, 0.130000
	pigment { color rgbt <1,0,0,0> }
	no_shadow
}

// nucleotide -1

// particle -1
sphere {
	<27.685337, 31.613314, 37.712524> 0.250000
	pigment { color rgbt <1,0,0,0> }
	no_shadow
}
cylinder {
	<27.445196, 31.833437, 37.944641>,  <27.301111, 31.965511, 38.083912>, 0.100000
	pigment { color rgbt <1,0,0,0> }
	no_shadow
}
cylinder {
	<27.445196, 31.833437, 37.944641>,  <27.685337, 31.613314, 37.712524>, 0.100000
	pigment { color rgbt <1,0,0,0> }
	no_shadow
}

// particle -1
sphere {
	<27.445196, 31.833437, 37.944641> 0.100000
	pigment { color rgbt <1,0,0,0> }
	no_shadow
}
sphere {
	0, 1
	scale<0.080000,0.200000,0.300000>
	matrix <0.571406, -0.212502, 0.792678,
		0.559529, 0.807469, -0.186872,
		-0.600352, 0.550306, 0.580294,
		27.265091, 31.998529, 38.118729>
	pigment { color rgbt <0,1,1,0> }
	no_shadow
}
cylinder {
	<28.072515, 32.091515, 38.191841>,  <27.685337, 31.613314, 37.712524>, 0.130000
	pigment { color rgbt <1,0,0,0> }
	no_shadow
}

// nucleotide -1

// particle -1
sphere {
	<28.072515, 32.091515, 38.191841> 0.250000
	pigment { color rgbt <1,0,0,0> }
	no_shadow
}
cylinder {
	<27.706432, 32.032986, 38.342033>,  <27.486782, 31.997869, 38.432148>, 0.100000
	pigment { color rgbt <1,0,0,0> }
	no_shadow
}
cylinder {
	<27.706432, 32.032986, 38.342033>,  <28.072515, 32.091515, 38.191841>, 0.100000
	pigment { color rgbt <1,0,0,0> }
	no_shadow
}

// particle -1
sphere {
	<27.706432, 32.032986, 38.342033> 0.100000
	pigment { color rgbt <1,0,0,0> }
	no_shadow
}
sphere {
	0, 1
	scale<0.080000,0.200000,0.300000>
	matrix <0.398899, -0.196650, 0.895661,
		-0.057215, 0.969494, 0.238343,
		-0.915208, -0.146320, 0.375479,
		27.431870, 31.989090, 38.454678>
	pigment { color rgbt <0,1,1,0> }
	no_shadow
}
cylinder {
	<27.865496, 32.430302, 38.805820>,  <28.072515, 32.091515, 38.191841>, 0.130000
	pigment { color rgbt <1,0,0,0> }
	no_shadow
}

// nucleotide -1

// particle -1
sphere {
	<27.865496, 32.430302, 38.805820> 0.250000
	pigment { color rgbt <1,0,0,0> }
	no_shadow
}
cylinder {
	<27.708603, 32.062702, 38.789864>,  <27.614468, 31.842142, 38.780289>, 0.100000
	pigment { color rgbt <1,0,0,0> }
	no_shadow
}
cylinder {
	<27.708603, 32.062702, 38.789864>,  <27.865496, 32.430302, 38.805820>, 0.100000
	pigment { color rgbt <1,0,0,0> }
	no_shadow
}

// particle -1
sphere {
	<27.708603, 32.062702, 38.789864> 0.100000
	pigment { color rgbt <1,0,0,0> }
	no_shadow
}
sphere {
	0, 1
	scale<0.080000,0.200000,0.300000>
	matrix <0.616839, -0.294948, 0.729736,
		-0.682394, 0.261619, 0.682564,
		-0.392234, -0.919000, -0.039894,
		27.590933, 31.787003, 38.777897>
	pigment { color rgbt <0,1,1,0> }
	no_shadow
}
cylinder {
	<27.503681, 32.266869, 39.374931>,  <27.865496, 32.430302, 38.805820>, 0.130000
	pigment { color rgbt <1,0,0,0> }
	no_shadow
}

// nucleotide -1

// particle -1
sphere {
	<27.503681, 32.266869, 39.374931> 0.250000
	pigment { color rgbt <1,0,0,0> }
	no_shadow
}
cylinder {
	<27.654768, 31.930429, 39.220074>,  <27.745420, 31.728565, 39.127159>, 0.100000
	pigment { color rgbt <1,0,0,0> }
	no_shadow
}
cylinder {
	<27.654768, 31.930429, 39.220074>,  <27.503681, 32.266869, 39.374931>, 0.100000
	pigment { color rgbt <1,0,0,0> }
	no_shadow
}

// particle -1
sphere {
	<27.654768, 31.930429, 39.220074> 0.100000
	pigment { color rgbt <1,0,0,0> }
	no_shadow
}
sphere {
	0, 1
	scale<0.080000,0.200000,0.300000>
	matrix <0.546100, -0.135285, 0.826724,
		-0.747734, -0.523684, 0.408227,
		0.377715, -0.841102, -0.387141,
		27.768082, 31.678099, 39.103931>
	pigment { color rgbt <0,1,1,0> }
	no_shadow
}
cylinder {
	<27.806797, 32.284939, 40.106590>,  <27.503681, 32.266869, 39.374931>, 0.130000
	pigment { color rgbt <1,0,0,0> }
	no_shadow
}

// nucleotide -1

// particle -1
sphere {
	<27.806797, 32.284939, 40.106590> 0.250000
	pigment { color rgbt <1,0,0,0> }
	no_shadow
}
cylinder {
	<27.880159, 32.672665, 40.172070>,  <27.924177, 32.905300, 40.211357>, 0.100000
	pigment { color rgbt <1,0,0,0> }
	no_shadow
}
cylinder {
	<27.880159, 32.672665, 40.172070>,  <27.806797, 32.284939, 40.106590>, 0.100000
	pigment { color rgbt <1,0,0,0> }
	no_shadow
}

// particle -1
sphere {
	<27.880159, 32.672665, 40.172070> 0.100000
	pigment { color rgbt <1,0,0,0> }
	no_shadow
}
sphere {
	0, 1
	scale<0.080000,0.200000,0.300000>
	matrix <0.276480, -0.210663, 0.937646,
		0.943357, -0.126708, -0.306632,
		0.183404, 0.969312, 0.163698,
		27.935181, 32.963459, 40.221180>
	pigment { color rgbt <0,1,1,0> }
	no_shadow
}
cylinder {
	<28.528631, 32.062454, 40.141647>,  <27.806797, 32.284939, 40.106590>, 0.130000
	pigment { color rgbt <1,0,0,0> }
	no_shadow
}

// nucleotide -1

// particle -1
sphere {
	<28.528631, 32.062454, 40.141647> 0.250000
	pigment { color rgbt <1,0,0,0> }
	no_shadow
}
cylinder {
	<28.899441, 32.191204, 40.218613>,  <29.121927, 32.268456, 40.264790>, 0.100000
	pigment { color rgbt <1,0,0,0> }
	no_shadow
}
cylinder {
	<28.899441, 32.191204, 40.218613>,  <28.528631, 32.062454, 40.141647>, 0.100000
	pigment { color rgbt <1,0,0,0> }
	no_shadow
}

// particle -1
sphere {
	<28.899441, 32.191204, 40.218613> 0.100000
	pigment { color rgbt <1,0,0,0> }
	no_shadow
}
sphere {
	0, 1
	scale<0.080000,0.200000,0.300000>
	matrix <-0.373869, 0.753493, 0.540805,
		0.029092, -0.573276, 0.818846,
		0.927025, 0.321874, 0.192410,
		29.177547, 32.287766, 40.276337>
	pigment { color rgbt <0,1,1,0> }
	no_shadow
}
cylinder {
	<28.578625, 32.249985, 40.911549>,  <28.528631, 32.062454, 40.141647>, 0.130000
	pigment { color rgbt <1,0,0,0> }
	no_shadow
}

// nucleotide -1

// particle -1
sphere {
	<28.578625, 32.249985, 40.911549> 0.250000
	pigment { color rgbt <1,0,0,0> }
	no_shadow
}
cylinder {
	<28.809675, 32.449234, 40.652870>,  <28.948305, 32.568783, 40.497662>, 0.100000
	pigment { color rgbt <1,0,0,0> }
	no_shadow
}
cylinder {
	<28.809675, 32.449234, 40.652870>,  <28.578625, 32.249985, 40.911549>, 0.100000
	pigment { color rgbt <1,0,0,0> }
	no_shadow
}

// particle -1
sphere {
	<28.809675, 32.449234, 40.652870> 0.100000
	pigment { color rgbt <1,0,0,0> }
	no_shadow
}
sphere {
	0, 1
	scale<0.080000,0.200000,0.300000>
	matrix <-0.449629, 0.855368, 0.257251,
		0.681307, 0.142178, 0.718057,
		0.577628, 0.498127, -0.646696,
		28.982964, 32.598671, 40.458862>
	pigment { color rgbt <0,1,1,0> }
	no_shadow
}
cylinder {
	<29.062780, 32.669502, 41.218342>,  <28.578625, 32.249985, 40.911549>, 0.130000
	pigment { color rgbt <1,0,0,0> }
	no_shadow
}

// nucleotide -1

// particle -1
sphere {
	<29.062780, 32.669502, 41.218342> 0.250000
	pigment { color rgbt <1,0,0,0> }
	no_shadow
}
cylinder {
	<28.986296, 32.833530, 40.861629>,  <28.940405, 32.931946, 40.647602>, 0.100000
	pigment { color rgbt <1,0,0,0> }
	no_shadow
}
cylinder {
	<28.986296, 32.833530, 40.861629>,  <29.062780, 32.669502, 41.218342>, 0.100000
	pigment { color rgbt <1,0,0,0> }
	no_shadow
}

// particle -1
sphere {
	<28.986296, 32.833530, 40.861629> 0.100000
	pigment { color rgbt <1,0,0,0> }
	no_shadow
}
sphere {
	0, 1
	scale<0.080000,0.200000,0.300000>
	matrix <-0.464421, 0.762617, 0.450253,
		0.864726, 0.500258, 0.044623,
		-0.191212, 0.410070, -0.891785,
		28.928932, 32.956551, 40.594093>
	pigment { color rgbt <0,1,1,0> }
	no_shadow
}
cylinder {
	<29.236187, 33.408207, 41.252750>,  <29.062780, 32.669502, 41.218342>, 0.130000
	pigment { color rgbt <1,0,0,0> }
	no_shadow
}

// nucleotide -1

// particle -1
sphere {
	<29.236187, 33.408207, 41.252750> 0.250000
	pigment { color rgbt <1,0,0,0> }
	no_shadow
}
cylinder {
	<28.964815, 33.335960, 40.967903>,  <28.801992, 33.292610, 40.796997>, 0.100000
	pigment { color rgbt <1,0,0,0> }
	no_shadow
}
cylinder {
	<28.964815, 33.335960, 40.967903>,  <29.236187, 33.408207, 41.252750>, 0.100000
	pigment { color rgbt <1,0,0,0> }
	no_shadow
}

// particle -1
sphere {
	<28.964815, 33.335960, 40.967903> 0.100000
	pigment { color rgbt <1,0,0,0> }
	no_shadow
}
sphere {
	0, 1
	scale<0.080000,0.200000,0.300000>
	matrix <-0.619618, 0.661467, 0.422534,
		0.394724, 0.727899, -0.560674,
		-0.678430, -0.180620, -0.712116,
		28.761286, 33.281773, 40.754269>
	pigment { color rgbt <0,1,1,0> }
	no_shadow
}
cylinder {
	<29.442039, 33.114033, 40.586540>,  <29.236187, 33.408207, 41.252750>, 0.130000
	pigment { color rgbt <1,0,0,0> }
	no_shadow
}

// nucleotide -1

// particle -1
sphere {
	<29.442039, 33.114033, 40.586540> 0.250000
	pigment { color rgbt <1,0,0,0> }
	no_shadow
}
cylinder {
	<29.790678, 33.258747, 40.454216>,  <29.999861, 33.345573, 40.374821>, 0.100000
	pigment { color rgbt <1,0,0,0> }
	no_shadow
}
cylinder {
	<29.790678, 33.258747, 40.454216>,  <29.442039, 33.114033, 40.586540>, 0.100000
	pigment { color rgbt <1,0,0,0> }
	no_shadow
}

// particle -1
sphere {
	<29.790678, 33.258747, 40.454216> 0.100000
	pigment { color rgbt <1,0,0,0> }
	no_shadow
}
sphere {
	0, 1
	scale<0.080000,0.200000,0.300000>
	matrix <-0.065623, 0.754839, 0.652619,
		0.485812, -0.547112, 0.681656,
		0.871596, 0.361782, -0.330807,
		30.052156, 33.367283, 40.354973>
	pigment { color rgbt <0,1,1,0> }
	no_shadow
}
cylinder {
	<29.961519, 33.099545, 41.053001>,  <29.442039, 33.114033, 40.586540>, 0.130000
	pigment { color rgbt <1,0,0,0> }
	no_shadow
}

// nucleotide -1

// particle -1
sphere {
	<29.961519, 33.099545, 41.053001> 0.250000
	pigment { color rgbt <1,0,0,0> }
	no_shadow
}
cylinder {
	<30.006962, 33.410507, 40.805538>,  <30.034227, 33.597084, 40.657063>, 0.100000
	pigment { color rgbt <1,0,0,0> }
	no_shadow
}
cylinder {
	<30.006962, 33.410507, 40.805538>,  <29.961519, 33.099545, 41.053001>, 0.100000
	pigment { color rgbt <1,0,0,0> }
	no_shadow
}

// particle -1
sphere {
	<30.006962, 33.410507, 40.805538> 0.100000
	pigment { color rgbt <1,0,0,0> }
	no_shadow
}
sphere {
	0, 1
	scale<0.080000,0.200000,0.300000>
	matrix <-0.047333, 0.626214, 0.778214,
		0.992398, -0.059126, 0.107938,
		0.113605, 0.777406, -0.618654,
		30.041044, 33.643730, 40.619942>
	pigment { color rgbt <0,1,1,0> }
	no_shadow
}
cylinder {
	<30.548477, 33.591427, 41.166821>,  <29.961519, 33.099545, 41.053001>, 0.130000
	pigment { color rgbt <1,0,0,0> }
	no_shadow
}

// nucleotide -1

// particle -1
sphere {
	<30.548477, 33.591427, 41.166821> 0.250000
	pigment { color rgbt <1,0,0,0> }
	no_shadow
}
cylinder {
	<30.245886, 33.786816, 40.992863>,  <30.064331, 33.904049, 40.888489>, 0.100000
	pigment { color rgbt <1,0,0,0> }
	no_shadow
}
cylinder {
	<30.245886, 33.786816, 40.992863>,  <30.548477, 33.591427, 41.166821>, 0.100000
	pigment { color rgbt <1,0,0,0> }
	no_shadow
}

// particle -1
sphere {
	<30.245886, 33.786816, 40.992863> 0.100000
	pigment { color rgbt <1,0,0,0> }
	no_shadow
}
sphere {
	0, 1
	scale<0.080000,0.200000,0.300000>
	matrix <0.007301, 0.671231, 0.741212,
		0.653977, 0.557537, -0.511339,
		-0.756479, 0.488469, -0.434899,
		30.018942, 33.933357, 40.862392>
	pigment { color rgbt <0,1,1,0> }
	no_shadow
}
cylinder {
	<30.717545, 34.136677, 41.659447>,  <30.548477, 33.591427, 41.166821>, 0.130000
	pigment { color rgbt <1,0,0,0> }
	no_shadow
}

// nucleotide -1

// particle -1
sphere {
	<30.717545, 34.136677, 41.659447> 0.250000
	pigment { color rgbt <1,0,0,0> }
	no_shadow
}
cylinder {
	<31.117510, 34.131695, 41.657822>,  <31.357489, 34.128704, 41.656845>, 0.100000
	pigment { color rgbt <1,0,0,0> }
	no_shadow
}
cylinder {
	<31.117510, 34.131695, 41.657822>,  <30.717545, 34.136677, 41.659447>, 0.100000
	pigment { color rgbt <1,0,0,0> }
	no_shadow
}

// particle -1
sphere {
	<31.117510, 34.131695, 41.657822> 0.100000
	pigment { color rgbt <1,0,0,0> }
	no_shadow
}
sphere {
	0, 1
	scale<0.080000,0.200000,0.300000>
	matrix <-0.012995, -0.903804, -0.427749,
		0.001655, 0.427765, -0.903889,
		0.999914, -0.012454, -0.004063,
		31.417484, 34.127960, 41.656601>
	pigment { color rgbt <0,1,1,0> }
	no_shadow
}
cylinder {
	<30.690931, 34.844643, 42.027386>,  <30.717545, 34.136677, 41.659447>, 0.130000
	pigment { color rgbt <1,0,0,0> }
	no_shadow
}

// nucleotide -1

// particle -1
sphere {
	<30.690931, 34.844643, 42.027386> 0.250000
	pigment { color rgbt <1,0,0,0> }
	no_shadow
}
cylinder {
	<30.836044, 34.872646, 42.399082>,  <30.923113, 34.889446, 42.622101>, 0.100000
	pigment { color rgbt <1,0,0,0> }
	no_shadow
}
cylinder {
	<30.836044, 34.872646, 42.399082>,  <30.690931, 34.844643, 42.027386>, 0.100000
	pigment { color rgbt <1,0,0,0> }
	no_shadow
}

// particle -1
sphere {
	<30.836044, 34.872646, 42.399082> 0.100000
	pigment { color rgbt <1,0,0,0> }
	no_shadow
}
sphere {
	0, 1
	scale<0.080000,0.200000,0.300000>
	matrix <0.919277, -0.190285, -0.344559,
		0.152699, 0.979230, -0.133388,
		0.362784, 0.070006, 0.929240,
		30.944880, 34.893650, 42.677853>
	pigment { color rgbt <0,1,1,0> }
	no_shadow
}
cylinder {
	<31.267874, 35.426975, 42.169838>,  <30.690931, 34.844643, 42.027386>, 0.130000
	pigment { color rgbt <1,0,0,0> }
	no_shadow
}

// nucleotide -1

// particle -1
sphere {
	<31.267874, 35.426975, 42.169838> 0.250000
	pigment { color rgbt <1,0,0,0> }
	no_shadow
}
cylinder {
	<31.292253, 35.114223, 42.418015>,  <31.306881, 34.926571, 42.566921>, 0.100000
	pigment { color rgbt <1,0,0,0> }
	no_shadow
}
cylinder {
	<31.292253, 35.114223, 42.418015>,  <31.267874, 35.426975, 42.169838>, 0.100000
	pigment { color rgbt <1,0,0,0> }
	no_shadow
}

// particle -1
sphere {
	<31.292253, 35.114223, 42.418015> 0.100000
	pigment { color rgbt <1,0,0,0> }
	no_shadow
}
sphere {
	0, 1
	scale<0.080000,0.200000,0.300000>
	matrix <0.955364, -0.134325, -0.263128,
		0.289076, 0.608783, 0.738795,
		0.060949, -0.781882, 0.620439,
		31.310537, 34.879658, 42.604145>
	pigment { color rgbt <0,1,1,0> }
	no_shadow
}
cylinder {
	<31.844809, 35.528942, 42.663139>,  <31.267874, 35.426975, 42.169838>, 0.130000
	pigment { color rgbt <1,0,0,0> }
	no_shadow
}

// nucleotide -1

// particle -1
sphere {
	<31.844809, 35.528942, 42.663139> 0.250000
	pigment { color rgbt <1,0,0,0> }
	no_shadow
}
cylinder {
	<31.742765, 35.151615, 42.578224>,  <31.681540, 34.925217, 42.527275>, 0.100000
	pigment { color rgbt <1,0,0,0> }
	no_shadow
}
cylinder {
	<31.742765, 35.151615, 42.578224>,  <31.844809, 35.528942, 42.663139>, 0.100000
	pigment { color rgbt <1,0,0,0> }
	no_shadow
}

// particle -1
sphere {
	<31.742765, 35.151615, 42.578224> 0.100000
	pigment { color rgbt <1,0,0,0> }
	no_shadow
}
sphere {
	0, 1
	scale<0.080000,0.200000,0.300000>
	matrix <0.944506, -0.196122, -0.263524,
		0.206953, -0.267735, 0.941004,
		-0.255106, -0.943321, -0.212289,
		31.666233, 34.868618, 42.514538>
	pigment { color rgbt <0,1,1,0> }
	no_shadow
}
cylinder {
	<32.347839, 35.020687, 42.956619>,  <31.844809, 35.528942, 42.663139>, 0.130000
	pigment { color rgbt <1,0,0,0> }
	no_shadow
}

// nucleotide -1

// particle -1
sphere {
	<32.347839, 35.020687, 42.956619> 0.250000
	pigment { color rgbt <1,0,0,0> }
	no_shadow
}
cylinder {
	<32.166656, 34.827278, 42.657009>,  <32.057945, 34.711231, 42.477245>, 0.100000
	pigment { color rgbt <1,0,0,0> }
	no_shadow
}
cylinder {
	<32.166656, 34.827278, 42.657009>,  <32.347839, 35.020687, 42.956619>, 0.100000
	pigment { color rgbt <1,0,0,0> }
	no_shadow
}

// particle -1
sphere {
	<32.166656, 34.827278, 42.657009> 0.100000
	pigment { color rgbt <1,0,0,0> }
	no_shadow
}
sphere {
	0, 1
	scale<0.080000,0.200000,0.300000>
	matrix <0.891096, -0.271760, -0.363449,
		-0.027818, -0.832078, 0.553960,
		-0.452962, -0.483521, -0.749021,
		32.030769, 34.682220, 42.432304>
	pigment { color rgbt <0,1,1,0> }
	no_shadow
}
cylinder {
	<32.716137, 34.442776, 42.982998>,  <32.347839, 35.020687, 42.956619>, 0.130000
	pigment { color rgbt <1,0,0,0> }
	no_shadow
}

// nucleotide -1

// particle -1
sphere {
	<32.716137, 34.442776, 42.982998> 0.250000
	pigment { color rgbt <1,0,0,0> }
	no_shadow
}
cylinder {
	<32.616699, 34.470039, 42.596516>,  <32.557037, 34.486397, 42.364628>, 0.100000
	pigment { color rgbt <1,0,0,0> }
	no_shadow
}
cylinder {
	<32.616699, 34.470039, 42.596516>,  <32.716137, 34.442776, 42.982998>, 0.100000
	pigment { color rgbt <1,0,0,0> }
	no_shadow
}

// particle -1
sphere {
	<32.616699, 34.470039, 42.596516> 0.100000
	pigment { color rgbt <1,0,0,0> }
	no_shadow
}
sphere {
	0, 1
	scale<0.080000,0.200000,0.300000>
	matrix <0.963082, -0.089002, -0.254072,
		-0.103313, -0.993696, -0.043522,
		-0.248597, 0.068164, -0.966206,
		32.542122, 34.490490, 42.306652>
	pigment { color rgbt <0,1,1,0> }
	no_shadow
}
cylinder {
	<32.860283, 33.904564, 42.714039>,  <32.716137, 34.442776, 42.982998>, 0.130000
	pigment { color rgbt <1,0,0,0> }
	no_shadow
}

// nucleotide -1

// particle -1
sphere {
	<32.860283, 33.904564, 42.714039> 0.250000
	pigment { color rgbt <1,0,0,0> }
	no_shadow
}
cylinder {
	<32.913445, 34.199394, 42.448994>,  <32.945343, 34.376293, 42.289967>, 0.100000
	pigment { color rgbt <1,0,0,0> }
	no_shadow
}
cylinder {
	<32.913445, 34.199394, 42.448994>,  <32.860283, 33.904564, 42.714039>, 0.100000
	pigment { color rgbt <1,0,0,0> }
	no_shadow
}

// particle -1
sphere {
	<32.913445, 34.199394, 42.448994> 0.100000
	pigment { color rgbt <1,0,0,0> }
	no_shadow
}
sphere {
	0, 1
	scale<0.080000,0.200000,0.300000>
	matrix <0.982048, -0.188223, -0.012401,
		-0.133859, -0.649067, -0.748861,
		0.132903, 0.737078, -0.662610,
		32.953316, 34.420517, 42.250210>
	pigment { color rgbt <0,1,1,0> }
	no_shadow
}
cylinder {
	<33.273468, 33.522484, 42.280354>,  <32.860283, 33.904564, 42.714039>, 0.130000
	pigment { color rgbt <1,0,0,0> }
	no_shadow
}

// nucleotide -1

// particle -1
sphere {
	<33.273468, 33.522484, 42.280354> 0.250000
	pigment { color rgbt <1,0,0,0> }
	no_shadow
}
cylinder {
	<33.295944, 33.921436, 42.262112>,  <33.309429, 34.160809, 42.251167>, 0.100000
	pigment { color rgbt <1,0,0,0> }
	no_shadow
}
cylinder {
	<33.295944, 33.921436, 42.262112>,  <33.273468, 33.522484, 42.280354>, 0.100000
	pigment { color rgbt <1,0,0,0> }
	no_shadow
}

// particle -1
sphere {
	<33.295944, 33.921436, 42.262112> 0.100000
	pigment { color rgbt <1,0,0,0> }
	no_shadow
}
sphere {
	0, 1
	scale<0.080000,0.200000,0.300000>
	matrix <0.995566, -0.052522, 0.078044,
		0.075444, -0.049790, -0.995906,
		0.056193, 0.997378, -0.045606,
		33.312801, 34.220650, 42.248428>
	pigment { color rgbt <0,1,1,0> }
	no_shadow
}
cylinder {
	<33.817196, 33.726479, 41.809872>,  <33.273468, 33.522484, 42.280354>, 0.130000
	pigment { color rgbt <1,0,0,0> }
	no_shadow
}

// nucleotide -1

// particle -1
sphere {
	<33.817196, 33.726479, 41.809872> 0.250000
	pigment { color rgbt <1,0,0,0> }
	no_shadow
}
cylinder {
	<33.752350, 33.994682, 42.099461>,  <33.713444, 34.155605, 42.273212>, 0.100000
	pigment { color rgbt <1,0,0,0> }
	no_shadow
}
cylinder {
	<33.752350, 33.994682, 42.099461>,  <33.817196, 33.726479, 41.809872>, 0.100000
	pigment { color rgbt <1,0,0,0> }
	no_shadow
}

// particle -1
sphere {
	<33.752350, 33.994682, 42.099461> 0.100000
	pigment { color rgbt <1,0,0,0> }
	no_shadow
}
sphere {
	0, 1
	scale<0.080000,0.200000,0.300000>
	matrix <0.982854, 0.044405, 0.178956,
		0.087845, 0.740568, -0.666215,
		-0.162112, 0.670513, 0.723969,
		33.703716, 34.195835, 42.316650>
	pigment { color rgbt <0,1,1,0> }
	no_shadow
}
cylinder {
	<34.479164, 34.001930, 41.731258>,  <33.817196, 33.726479, 41.809872>, 0.130000
	pigment { color rgbt <1,0,0,0> }
	no_shadow
}

// nucleotide -1

// particle -1
sphere {
	<34.479164, 34.001930, 41.731258> 0.250000
	pigment { color rgbt <1,0,0,0> }
	no_shadow
}
cylinder {
	<34.326534, 34.120117, 42.081596>,  <34.234955, 34.191029, 42.291798>, 0.100000
	pigment { color rgbt <1,0,0,0> }
	no_shadow
}
cylinder {
	<34.326534, 34.120117, 42.081596>,  <34.479164, 34.001930, 41.731258>, 0.100000
	pigment { color rgbt <1,0,0,0> }
	no_shadow
}

// particle -1
sphere {
	<34.326534, 34.120117, 42.081596> 0.100000
	pigment { color rgbt <1,0,0,0> }
	no_shadow
}
sphere {
	0, 1
	scale<0.080000,0.200000,0.300000>
	matrix <0.924234, 0.107865, 0.366274,
		0.013749, 0.949245, -0.314237,
		-0.381579, 0.295465, 0.875841,
		34.212059, 34.208755, 42.344349>
	pigment { color rgbt <0,1,1,0> }
	no_shadow
}
cylinder {
	<34.481754, 34.689213, 42.040291>,  <34.479164, 34.001930, 41.731258>, 0.130000
	pigment { color rgbt <1,0,0,0> }
	no_shadow
}

// nucleotide -1

// particle -1
sphere {
	<34.481754, 34.689213, 42.040291> 0.250000
	pigment { color rgbt <1,0,0,0> }
	no_shadow
}
cylinder {
	<34.473835, 34.407661, 42.324306>,  <34.469082, 34.238731, 42.494717>, 0.100000
	pigment { color rgbt <1,0,0,0> }
	no_shadow
}
cylinder {
	<34.473835, 34.407661, 42.324306>,  <34.481754, 34.689213, 42.040291>, 0.100000
	pigment { color rgbt <1,0,0,0> }
	no_shadow
}

// particle -1
sphere {
	<34.473835, 34.407661, 42.324306> 0.100000
	pigment { color rgbt <1,0,0,0> }
	no_shadow
}
sphere {
	0, 1
	scale<0.080000,0.200000,0.300000>
	matrix <0.926141, 0.254634, 0.278251,
		-0.376657, 0.663109, 0.646852,
		-0.019801, -0.703881, 0.710042,
		34.467896, 34.196499, 42.537319>
	pigment { color rgbt <0,1,1,0> }
	no_shadow
}
cylinder {
	<34.640968, 34.949799, 42.652126>,  <34.481754, 34.689213, 42.040291>, 0.130000
	pigment { color rgbt <1,0,0,0> }
	no_shadow
}

// nucleotide -1

// particle -1
sphere {
	<34.640968, 34.949799, 42.652126> 0.250000
	pigment { color rgbt <1,0,0,0> }
	no_shadow
}
cylinder {
	<34.760059, 34.569153, 42.621704>,  <34.831516, 34.340767, 42.603451>, 0.100000
	pigment { color rgbt <1,0,0,0> }
	no_shadow
}
cylinder {
	<34.760059, 34.569153, 42.621704>,  <34.640968, 34.949799, 42.652126>, 0.100000
	pigment { color rgbt <1,0,0,0> }
	no_shadow
}

// particle -1
sphere {
	<34.760059, 34.569153, 42.621704> 0.100000
	pigment { color rgbt <1,0,0,0> }
	no_shadow
}
sphere {
	0, 1
	scale<0.080000,0.200000,0.300000>
	matrix <0.944669, 0.282192, 0.167239,
		-0.137686, -0.121636, 0.982979,
		0.297731, -0.951616, -0.076051,
		34.849380, 34.283669, 42.598888>
	pigment { color rgbt <0,1,1,0> }
	no_shadow
}
cylinder {
	<34.875954, 34.660622, 43.260387>,  <34.640968, 34.949799, 42.652126>, 0.130000
	pigment { color rgbt <1,0,0,0> }
	no_shadow
}

// nucleotide -1

// particle -1
sphere {
	<34.875954, 34.660622, 43.260387> 0.250000
	pigment { color rgbt <1,0,0,0> }
	no_shadow
}
cylinder {
	<35.081059, 34.503204, 42.955181>,  <35.204121, 34.408752, 42.772057>, 0.100000
	pigment { color rgbt <1,0,0,0> }
	no_shadow
}
cylinder {
	<35.081059, 34.503204, 42.955181>,  <34.875954, 34.660622, 43.260387>, 0.100000
	pigment { color rgbt <1,0,0,0> }
	no_shadow
}

// particle -1
sphere {
	<35.081059, 34.503204, 42.955181> 0.100000
	pigment { color rgbt <1,0,0,0> }
	no_shadow
}
sphere {
	0, 1
	scale<0.080000,0.200000,0.300000>
	matrix <0.858305, 0.214623, 0.466101,
		-0.019670, -0.893902, 0.447832,
		0.512763, -0.393545, -0.763018,
		35.234886, 34.385139, 42.726276>
	pigment { color rgbt <0,1,1,0> }
	no_shadow
}
cylinder {
	<35.354965, 34.235695, 43.603050>,  <34.875954, 34.660622, 43.260387>, 0.130000
	pigment { color rgbt <1,0,0,0> }
	no_shadow
}

// nucleotide -1

// particle -1
sphere {
	<35.354965, 34.235695, 43.603050> 0.250000
	pigment { color rgbt <1,0,0,0> }
	no_shadow
}
cylinder {
	<35.466049, 34.349716, 43.236092>,  <35.532700, 34.418129, 43.015915>, 0.100000
	pigment { color rgbt <1,0,0,0> }
	no_shadow
}
cylinder {
	<35.466049, 34.349716, 43.236092>,  <35.354965, 34.235695, 43.603050>, 0.100000
	pigment { color rgbt <1,0,0,0> }
	no_shadow
}

// particle -1
sphere {
	<35.466049, 34.349716, 43.236092> 0.100000
	pigment { color rgbt <1,0,0,0> }
	no_shadow
}
sphere {
	0, 1
	scale<0.080000,0.200000,0.300000>
	matrix <0.713272, 0.578520, 0.395674,
		0.643523, -0.764237, -0.042663,
		0.277707, 0.285056, -0.917400,
		35.549362, 34.435234, 42.960873>
	pigment { color rgbt <0,1,1,0> }
	no_shadow
}
cylinder {
	<36.034149, 34.065601, 43.379894>,  <35.354965, 34.235695, 43.603050>, 0.130000
	pigment { color rgbt <1,0,0,0> }
	no_shadow
}

// nucleotide -1

// particle -1
sphere {
	<36.034149, 34.065601, 43.379894> 0.250000
	pigment { color rgbt <1,0,0,0> }
	no_shadow
}
cylinder {
	<35.929512, 34.400570, 43.187935>,  <35.866730, 34.601551, 43.072762>, 0.100000
	pigment { color rgbt <1,0,0,0> }
	no_shadow
}
cylinder {
	<35.929512, 34.400570, 43.187935>,  <36.034149, 34.065601, 43.379894>, 0.100000
	pigment { color rgbt <1,0,0,0> }
	no_shadow
}

// particle -1
sphere {
	<35.929512, 34.400570, 43.187935> 0.100000
	pigment { color rgbt <1,0,0,0> }
	no_shadow
}
sphere {
	0, 1
	scale<0.080000,0.200000,0.300000>
	matrix <0.703021, 0.505992, 0.499734,
		0.661309, -0.206650, -0.721086,
		-0.261594, 0.837417, -0.479896,
		35.851032, 34.651794, 43.043964>
	pigment { color rgbt <0,1,1,0> }
	no_shadow
}
cylinder {
	<36.608078, 34.429031, 42.976887>,  <36.034149, 34.065601, 43.379894>, 0.130000
	pigment { color rgbt <1,0,0,0> }
	no_shadow
}

// nucleotide -1

// particle -1
sphere {
	<36.608078, 34.429031, 42.976887> 0.250000
	pigment { color rgbt <1,0,0,0> }
	no_shadow
}
cylinder {
	<36.355507, 34.703590, 43.121193>,  <36.203964, 34.868328, 43.207779>, 0.100000
	pigment { color rgbt <1,0,0,0> }
	no_shadow
}
cylinder {
	<36.355507, 34.703590, 43.121193>,  <36.608078, 34.429031, 42.976887>, 0.100000
	pigment { color rgbt <1,0,0,0> }
	no_shadow
}

// particle -1
sphere {
	<36.355507, 34.703590, 43.121193> 0.100000
	pigment { color rgbt <1,0,0,0> }
	no_shadow
}
sphere {
	0, 1
	scale<0.080000,0.200000,0.300000>
	matrix <0.662844, 0.236331, 0.710483,
		0.402414, 0.687752, -0.604202,
		-0.631427, 0.686400, 0.360769,
		36.166080, 34.909512, 43.229424>
	pigment { color rgbt <0,1,1,0> }
	no_shadow
}
cylinder {
	<36.849686, 34.574642, 42.330242>,  <36.608078, 34.429031, 42.976887>, 0.130000
	pigment { color rgbt <1,0,0,0> }
	no_shadow
}

// nucleotide -1

// particle -1
sphere {
	<36.849686, 34.574642, 42.330242> 0.250000
	pigment { color rgbt <1,0,0,0> }
	no_shadow
}
cylinder {
	<36.948612, 34.885365, 42.561897>,  <37.007969, 35.071796, 42.700890>, 0.100000
	pigment { color rgbt <1,0,0,0> }
	no_shadow
}
cylinder {
	<36.948612, 34.885365, 42.561897>,  <36.849686, 34.574642, 42.330242>, 0.100000
	pigment { color rgbt <1,0,0,0> }
	no_shadow
}

// particle -1
sphere {
	<36.948612, 34.885365, 42.561897> 0.100000
	pigment { color rgbt <1,0,0,0> }
	no_shadow
}
sphere {
	0, 1
	scale<0.080000,0.200000,0.300000>
	matrix <0.908283, -0.394017, 0.140617,
		0.337424, 0.491247, -0.803008,
		0.247321, 0.776806, 0.579142,
		37.022808, 35.118404, 42.735641>
	pigment { color rgbt <0,1,1,0> }
	no_shadow
}
cylinder {
	<37.464920, 34.952324, 42.095650>,  <36.849686, 34.574642, 42.330242>, 0.130000
	pigment { color rgbt <1,0,0,0> }
	no_shadow
}

// nucleotide -1

// particle -1
sphere {
	<37.464920, 34.952324, 42.095650> 0.250000
	pigment { color rgbt <1,0,0,0> }
	no_shadow
}
cylinder {
	<37.461163, 35.006939, 42.491886>,  <37.458908, 35.039707, 42.729630>, 0.100000
	pigment { color rgbt <1,0,0,0> }
	no_shadow
}
cylinder {
	<37.461163, 35.006939, 42.491886>,  <37.464920, 34.952324, 42.095650>, 0.100000
	pigment { color rgbt <1,0,0,0> }
	no_shadow
}

// particle -1
sphere {
	<37.461163, 35.006939, 42.491886> 0.100000
	pigment { color rgbt <1,0,0,0> }
	no_shadow
}
sphere {
	0, 1
	scale<0.080000,0.200000,0.300000>
	matrix <0.962638, -0.266869, 0.045916,
