// switches for output
#declare DRAW_BASES = 1; // possible values are 0, 1; only relevant for DNA ribbons
#declare DRAW_BASES_TYPE = 3; // possible values are 1, 2, 3; only relevant for DNA ribbons
#declare DRAW_FOG = 0; // set to 1 to enable fog

#include "colors.inc"

#include "transforms.inc"
background { rgb <1, 1, 1>}

#default {
   normal{
       ripples 0.25
       frequency 0.20
       turbulence 0.2
       lambda 5
   }
	finish {
		phong 0.1
		phong_size 40.
	}
}

// original window dimensions: 1024x640


// camera settings

camera {
	sky <0, 0.179814, -0.983701>
	up <0, 0.179814, -0.983701>
	right 1.6 * <1, 0, 0>
	location <35, 94.9851, 44.8844>
	look_at <35, 29.7336, 32.9568>
	direction <0, -65.2515, -11.9276>
	angle 67.0682
}


# declare cpy_camera_pos = <35, 94.9851, 44.8844>;
# if (DRAW_FOG = 1)
fog {
	fog_type 2
	up vnormalize(cpy_camera_pos)
	color rgbt<1,1,1,0.3>
	distance 1e-5
	fog_alt 3e-3
	fog_offset 56
}
# end


// LIGHTS

# declare lum = 6;
global_settings {
	ambient_light rgb lum * <0.05, 0.05, 0.05>
	max_trace_level 15
}# declare cpy_direct_light_amount = 0.25;
light_source
{	1000 * <-1, -1.16352, -0.803886>,
	rgb lum * cpy_direct_light_amount
	parallel
}

light_source
{	1000 * <1, 1.16352, 0.803886>,
	rgb lum * cpy_direct_light_amount
	parallel
}

// strand 0

// nucleotide -1

// particle -1
sphere {
	<24.227045, 34.949894, 34.625900> 0.250000
	pigment { color rgbt <1,0,0,0> }
	no_shadow
}
cylinder {
	<24.225494, 34.977295, 35.024956>,  <24.224564, 34.993736, 35.264389>, 0.100000
	pigment { color rgbt <1,0,0,0> }
	no_shadow
}
cylinder {
	<24.225494, 34.977295, 35.024956>,  <24.227045, 34.949894, 34.625900>, 0.100000
	pigment { color rgbt <1,0,0,0> }
	no_shadow
}

// particle -1
sphere {
	<24.225494, 34.977295, 35.024956> 0.100000
	pigment { color rgbt <1,0,0,0> }
	no_shadow
}
sphere {
	0, 1
	scale<0.080000,0.200000,0.300000>
	matrix <0.999682, -0.024587, 0.005574,
		0.024911, 0.997348, -0.068383,
		-0.003878, 0.068500, 0.997644,
		24.224331, 34.997845, 35.324249>
	pigment { color rgbt <0,1,1,0> }
	no_shadow
}
cylinder {
	<24.553967, 35.498932, 34.835133>,  <24.227045, 34.949894, 34.625900>, 0.130000
	pigment { color rgbt <1,0,0,0> }
	no_shadow
}

// nucleotide -1

// particle -1
sphere {
	<24.553967, 35.498932, 34.835133> 0.250000
	pigment { color rgbt <1,0,0,0> }
	no_shadow
}
cylinder {
	<24.584219, 35.192638, 35.090611>,  <24.602371, 35.008862, 35.243896>, 0.100000
	pigment { color rgbt <1,0,0,0> }
	no_shadow
}
cylinder {
	<24.584219, 35.192638, 35.090611>,  <24.553967, 35.498932, 34.835133>, 0.100000
	pigment { color rgbt <1,0,0,0> }
	no_shadow
}

// particle -1
sphere {
	<24.584219, 35.192638, 35.090611> 0.100000
	pigment { color rgbt <1,0,0,0> }
	no_shadow
}
sphere {
	0, 1
	scale<0.080000,0.200000,0.300000>
	matrix <0.988262, -0.027701, -0.150236,
		0.132734, 0.642560, 0.754652,
		0.075631, -0.765735, 0.638694,
		24.606909, 34.962917, 35.282219>
	pigment { color rgbt <0,1,1,0> }
	no_shadow
}
cylinder {
	<25.246325, 35.670437, 34.678337>,  <24.553967, 35.498932, 34.835133>, 0.130000
	pigment { color rgbt <1,0,0,0> }
	no_shadow
}

// nucleotide -1

// particle -1
sphere {
	<25.246325, 35.670437, 34.678337> 0.250000
	pigment { color rgbt <1,0,0,0> }
	no_shadow
}
cylinder {
	<24.995792, 35.958977, 34.796566>,  <24.845472, 36.132099, 34.867504>, 0.100000
	pigment { color rgbt <1,0,0,0> }
	no_shadow
}
cylinder {
	<24.995792, 35.958977, 34.796566>,  <25.246325, 35.670437, 34.678337>, 0.100000
	pigment { color rgbt <1,0,0,0> }
	no_shadow
}

// particle -1
sphere {
	<24.995792, 35.958977, 34.796566> 0.100000
	pigment { color rgbt <1,0,0,0> }
	no_shadow
}
sphere {
	0, 1
	scale<0.080000,0.200000,0.300000>
	matrix <0.777725, 0.552221, 0.300327,
		0.053418, 0.417980, -0.906884,
		-0.626331, 0.721349, 0.295575,
		24.807894, 36.175381, 34.885239>
	pigment { color rgbt <0,1,1,0> }
	no_shadow
}
cylinder {
	<25.350588, 36.397724, 34.371708>,  <25.246325, 35.670437, 34.678337>, 0.130000
	pigment { color rgbt <1,0,0,0> }
	no_shadow
}

// nucleotide -1

// particle -1
sphere {
	<25.350588, 36.397724, 34.371708> 0.250000
	pigment { color rgbt <1,0,0,0> }
	no_shadow
}
cylinder {
	<25.204512, 36.411289, 34.743835>,  <25.116865, 36.419430, 34.967110>, 0.100000
	pigment { color rgbt <1,0,0,0> }
	no_shadow
}
cylinder {
	<25.204512, 36.411289, 34.743835>,  <25.350588, 36.397724, 34.371708>, 0.100000
	pigment { color rgbt <1,0,0,0> }
	no_shadow
}

// particle -1
sphere {
	<25.204512, 36.411289, 34.743835> 0.100000
	pigment { color rgbt <1,0,0,0> }
	no_shadow
}
sphere {
	0, 1
	scale<0.080000,0.200000,0.300000>
	matrix <0.771468, 0.570341, 0.282042,
		-0.521031, 0.820707, -0.234449,
		-0.365190, 0.033917, 0.930315,
		25.094955, 36.421463, 35.022930>
	pigment { color rgbt <0,1,1,0> }
	no_shadow
}
cylinder {
	<24.802008, 36.609261, 34.095879>,  <25.350588, 36.397724, 34.371708>, 0.130000
	pigment { color rgbt <1,0,0,0> }
	no_shadow
}

// nucleotide -1

// particle -1
sphere {
	<24.802008, 36.609261, 34.095879> 0.250000
	pigment { color rgbt <1,0,0,0> }
	no_shadow
}
cylinder {
	<24.489544, 36.855301, 34.053108>,  <24.302065, 37.002926, 34.027447>, 0.100000
	pigment { color rgbt <1,0,0,0> }
	no_shadow
}
cylinder {
	<24.489544, 36.855301, 34.053108>,  <24.802008, 36.609261, 34.095879>, 0.100000
	pigment { color rgbt <1,0,0,0> }
	no_shadow
}

// particle -1
sphere {
	<24.489544, 36.855301, 34.053108> 0.100000
	pigment { color rgbt <1,0,0,0> }
	no_shadow
}
sphere {
	0, 1
	scale<0.080000,0.200000,0.300000>
	matrix <0.611282, 0.788367, 0.069370,
		0.126969, -0.011175, -0.991844,
		-0.781162, 0.615104, -0.106929,
		24.255196, 37.039833, 34.021030>
	pigment { color rgbt <0,1,1,0> }
	no_shadow
}
cylinder {
	<24.966297, 37.215153, 33.569660>,  <24.802008, 36.609261, 34.095879>, 0.130000
	pigment { color rgbt <1,0,0,0> }
	no_shadow
}

// nucleotide -1

// particle -1
sphere {
	<24.966297, 37.215153, 33.569660> 0.250000
	pigment { color rgbt <1,0,0,0> }
	no_shadow
}
cylinder {
	<24.702557, 37.326145, 33.849163>,  <24.544312, 37.392738, 34.016865>, 0.100000
	pigment { color rgbt <1,0,0,0> }
	no_shadow
}
cylinder {
	<24.702557, 37.326145, 33.849163>,  <24.966297, 37.215153, 33.569660>, 0.100000
	pigment { color rgbt <1,0,0,0> }
	no_shadow
}

// particle -1
sphere {
	<24.702557, 37.326145, 33.849163> 0.100000
	pigment { color rgbt <1,0,0,0> }
	no_shadow
}
sphere {
	0, 1
	scale<0.080000,0.200000,0.300000>
	matrix <0.529100, 0.831550, 0.169050,
		-0.534143, 0.481176, -0.695098,
		-0.659351, 0.277479, 0.698757,
		24.504751, 37.409389, 34.058788>
	pigment { color rgbt <0,1,1,0> }
	no_shadow
}
cylinder {
	<24.906122, 37.926201, 33.645279>,  <24.966297, 37.215153, 33.569660>, 0.130000
	pigment { color rgbt <1,0,0,0> }
	no_shadow
}

// nucleotide -1

// particle -1
sphere {
	<24.906122, 37.926201, 33.645279> 0.250000
	pigment { color rgbt <1,0,0,0> }
	no_shadow
}
cylinder {
	<24.758411, 37.815865, 34.000256>,  <24.669785, 37.749664, 34.213242>, 0.100000
	pigment { color rgbt <1,0,0,0> }
	no_shadow
}
cylinder {
	<24.758411, 37.815865, 34.000256>,  <24.906122, 37.926201, 33.645279>, 0.100000
	pigment { color rgbt <1,0,0,0> }
	no_shadow
}

// particle -1
sphere {
	<24.758411, 37.815865, 34.000256> 0.100000
	pigment { color rgbt <1,0,0,0> }
	no_shadow
}
sphere {
	0, 1
	scale<0.080000,0.200000,0.300000>
	matrix <0.312012, 0.862703, 0.397985,
		-0.875376, 0.423858, -0.232510,
		-0.369276, -0.275840, 0.887439,
		24.647629, 37.733112, 34.266487>
	pigment { color rgbt <0,1,1,0> }
	no_shadow
}
cylinder {
	<24.661064, 38.624714, 33.433689>,  <24.906122, 37.926201, 33.645279>, 0.130000
	pigment { color rgbt <1,0,0,0> }
	no_shadow
}

// nucleotide -1

// particle -1
sphere {
	<24.661064, 38.624714, 33.433689> 0.250000
	pigment { color rgbt <1,0,0,0> }
	no_shadow
}
cylinder {
	<24.719357, 38.540257, 33.820301>,  <24.754332, 38.489582, 34.052269>, 0.100000
	pigment { color rgbt <1,0,0,0> }
	no_shadow
}
cylinder {
	<24.719357, 38.540257, 33.820301>,  <24.661064, 38.624714, 33.433689>, 0.100000
	pigment { color rgbt <1,0,0,0> }
	no_shadow
}

// particle -1
sphere {
	<24.719357, 38.540257, 33.820301> 0.100000
	pigment { color rgbt <1,0,0,0> }
	no_shadow
}
sphere {
	0, 1
	scale<0.080000,0.200000,0.300000>
	matrix <0.561781, 0.821834, 0.094828,
		-0.814349, 0.529159, 0.238383,
		0.145732, -0.211142, 0.966531,
		24.763077, 38.476913, 34.110260>
	pigment { color rgbt <0,1,1,0> }
	no_shadow
}
cylinder {
	<24.296513, 39.144135, 33.957371>,  <24.661064, 38.624714, 33.433689>, 0.130000
	pigment { color rgbt <1,0,0,0> }
	no_shadow
}

// nucleotide -1

// particle -1
sphere {
	<24.296513, 39.144135, 33.957371> 0.250000
	pigment { color rgbt <1,0,0,0> }
	no_shadow
}
cylinder {
	<24.646477, 38.976414, 34.054295>,  <24.856455, 38.875782, 34.112450>, 0.100000
	pigment { color rgbt <1,0,0,0> }
	no_shadow
}
cylinder {
	<24.646477, 38.976414, 34.054295>,  <24.296513, 39.144135, 33.957371>, 0.100000
	pigment { color rgbt <1,0,0,0> }
	no_shadow
}

// particle -1
sphere {
	<24.646477, 38.976414, 34.054295> 0.100000
	pigment { color rgbt <1,0,0,0> }
	no_shadow
}
sphere {
	0, 1
	scale<0.080000,0.200000,0.300000>
	matrix <0.453227, 0.885233, -0.104629,
		-0.170632, 0.201363, 0.964540,
		0.874911, -0.419303, 0.242312,
		24.908951, 38.850624, 34.126987>
	pigment { color rgbt <0,1,1,0> }
	no_shadow
}
cylinder {
	<24.628876, 39.687576, 34.383461>,  <24.296513, 39.144135, 33.957371>, 0.130000
	pigment { color rgbt <1,0,0,0> }
	no_shadow
}

// nucleotide -1

// particle -1
sphere {
	<24.628876, 39.687576, 34.383461> 0.250000
	pigment { color rgbt <1,0,0,0> }
	no_shadow
}
cylinder {
	<24.895210, 39.410454, 34.272697>,  <25.055012, 39.244179, 34.206238>, 0.100000
	pigment { color rgbt <1,0,0,0> }
	no_shadow
}
cylinder {
	<24.895210, 39.410454, 34.272697>,  <24.628876, 39.687576, 34.383461>, 0.100000
	pigment { color rgbt <1,0,0,0> }
	no_shadow
}

// particle -1
sphere {
	<24.895210, 39.410454, 34.272697> 0.100000
	pigment { color rgbt <1,0,0,0> }
	no_shadow
}
sphere {
	0, 1
	scale<0.080000,0.200000,0.300000>
	matrix <0.706092, 0.705028, -0.066105,
		0.241028, -0.151511, 0.958619,
		0.665837, -0.692806, -0.276912,
		25.094961, 39.202610, 34.189625>
	pigment { color rgbt <0,1,1,0> }
	no_shadow
}
cylinder {
	<25.229782, 39.720089, 34.799480>,  <24.628876, 39.687576, 34.383461>, 0.130000
	pigment { color rgbt <1,0,0,0> }
	no_shadow
}

// nucleotide -1

// particle -1
sphere {
	<25.229782, 39.720089, 34.799480> 0.250000
	pigment { color rgbt <1,0,0,0> }
	no_shadow
}
cylinder {
	<25.291100, 39.638878, 34.412640>,  <25.327890, 39.590153, 34.180534>, 0.100000
	pigment { color rgbt <1,0,0,0> }
	no_shadow
}
cylinder {
	<25.291100, 39.638878, 34.412640>,  <25.229782, 39.720089, 34.799480>, 0.100000
	pigment { color rgbt <1,0,0,0> }
	no_shadow
}

// particle -1
sphere {
	<25.291100, 39.638878, 34.412640> 0.100000
	pigment { color rgbt <1,0,0,0> }
	no_shadow
}
sphere {
	0, 1
	scale<0.080000,0.200000,0.300000>
	matrix <0.811287, 0.584619, 0.005865,
		0.564193, -0.785494, 0.254331,
		0.153294, -0.203027, -0.967099,
		25.337088, 39.577969, 34.122509>
	pigment { color rgbt <0,1,1,0> }
	no_shadow
}
cylinder {
	<25.913738, 39.349514, 34.609089>,  <25.229782, 39.720089, 34.799480>, 0.130000
	pigment { color rgbt <1,0,0,0> }
	no_shadow
}

// nucleotide -1

// particle -1
sphere {
	<25.913738, 39.349514, 34.609089> 0.250000
	pigment { color rgbt <1,0,0,0> }
	no_shadow
}
cylinder {
	<25.788849, 39.603104, 34.326080>,  <25.713915, 39.755257, 34.156273>, 0.100000
	pigment { color rgbt <1,0,0,0> }
	no_shadow
}
cylinder {
	<25.788849, 39.603104, 34.326080>,  <25.913738, 39.349514, 34.609089>, 0.100000
	pigment { color rgbt <1,0,0,0> }
	no_shadow
}

// particle -1
sphere {
	<25.788849, 39.603104, 34.326080> 0.100000
	pigment { color rgbt <1,0,0,0> }
	no_shadow
}
sphere {
	0, 1
	scale<0.080000,0.200000,0.300000>
	matrix <0.877180, 0.478361, 0.041546,
		0.364792, -0.607654, -0.705467,
		-0.312222, 0.633977, -0.707524,
		25.695183, 39.793297, 34.113823>
	pigment { color rgbt <0,1,1,0> }
	no_shadow
}
cylinder {
	<26.623034, 39.431068, 34.447594>,  <25.913738, 39.349514, 34.609089>, 0.130000
	pigment { color rgbt <1,0,0,0> }
	no_shadow
}

// nucleotide -1

// particle -1
sphere {
	<26.623034, 39.431068, 34.447594> 0.250000
	pigment { color rgbt <1,0,0,0> }
	no_shadow
}
cylinder {
	<26.731396, 39.048164, 34.407055>,  <26.796413, 38.818424, 34.382732>, 0.100000
	pigment { color rgbt <1,0,0,0> }
	no_shadow
}
cylinder {
	<26.731396, 39.048164, 34.407055>,  <26.623034, 39.431068, 34.447594>, 0.100000
	pigment { color rgbt <1,0,0,0> }
	no_shadow
}

// particle -1
sphere {
	<26.731396, 39.048164, 34.407055> 0.100000
	pigment { color rgbt <1,0,0,0> }
	no_shadow
}
sphere {
	0, 1
	scale<0.080000,0.200000,0.300000>
	matrix <0.923737, 0.228905, 0.307103,
		-0.270778, -0.176812, 0.946265,
		0.270904, -0.957256, -0.101346,
		26.812668, 38.760986, 34.376652>
	pigment { color rgbt <0,1,1,0> }
	no_shadow
}
cylinder {
	<26.910528, 39.038765, 35.112854>,  <26.623034, 39.431068, 34.447594>, 0.130000
	pigment { color rgbt <1,0,0,0> }
	no_shadow
}

// nucleotide -1

// particle -1
sphere {
	<26.910528, 39.038765, 35.112854> 0.250000
	pigment { color rgbt <1,0,0,0> }
	no_shadow
}
cylinder {
	<27.085896, 38.948078, 34.764973>,  <27.191116, 38.893665, 34.556244>, 0.100000
	pigment { color rgbt <1,0,0,0> }
	no_shadow
}
cylinder {
	<27.085896, 38.948078, 34.764973>,  <26.910528, 39.038765, 35.112854>, 0.100000
	pigment { color rgbt <1,0,0,0> }
	no_shadow
}

// particle -1
sphere {
	<27.085896, 38.948078, 34.764973> 0.100000
	pigment { color rgbt <1,0,0,0> }
	no_shadow
}
sphere {
	0, 1
	scale<0.080000,0.200000,0.300000>
	matrix <0.883010, 0.289078, 0.369767,
		0.167582, -0.930073, 0.326927,
		0.438417, -0.226714, -0.869707,
		27.217421, 38.880066, 34.504059>
	pigment { color rgbt <0,1,1,0> }
	no_shadow
}
cylinder {
	<27.469240, 38.735252, 35.272388>,  <26.910528, 39.038765, 35.112854>, 0.130000
	pigment { color rgbt <1,0,0,0> }
	no_shadow
}

// nucleotide -1

// particle -1
sphere {
	<27.469240, 38.735252, 35.272388> 0.250000
	pigment { color rgbt <1,0,0,0> }
	no_shadow
}
cylinder {
	<27.552319, 38.844200, 34.896584>,  <27.602165, 38.909569, 34.671101>, 0.100000
	pigment { color rgbt <1,0,0,0> }
	no_shadow
}
cylinder {
	<27.552319, 38.844200, 34.896584>,  <27.469240, 38.735252, 35.272388>, 0.100000
	pigment { color rgbt <1,0,0,0> }
	no_shadow
}

// particle -1
sphere {
	<27.552319, 38.844200, 34.896584> 0.100000
	pigment { color rgbt <1,0,0,0> }
	no_shadow
}
sphere {
	0, 1
	scale<0.080000,0.200000,0.300000>
	matrix <0.913254, 0.290125, 0.285999,
		0.350472, -0.917412, -0.188482,
		0.207695, 0.272366, -0.939510,
		27.614628, 38.925911, 34.614731>
	pigment { color rgbt <0,1,1,0> }
	no_shadow
}
cylinder {
	<28.052492, 38.412750, 35.031494>,  <27.469240, 38.735252, 35.272388>, 0.130000
	pigment { color rgbt <1,0,0,0> }
	no_shadow
}

// nucleotide -1

// particle -1
sphere {
	<28.052492, 38.412750, 35.031494> 0.250000
	pigment { color rgbt <1,0,0,0> }
	no_shadow
}
cylinder {
	<28.012417, 38.740818, 34.806183>,  <27.988371, 38.937660, 34.670998>, 0.100000
	pigment { color rgbt <1,0,0,0> }
	no_shadow
}
cylinder {
	<28.012417, 38.740818, 34.806183>,  <28.052492, 38.412750, 35.031494>, 0.100000
	pigment { color rgbt <1,0,0,0> }
	no_shadow
}

// particle -1
sphere {
	<28.012417, 38.740818, 34.806183> 0.100000
	pigment { color rgbt <1,0,0,0> }
	no_shadow
}
sphere {
	0, 1
	scale<0.080000,0.200000,0.300000>
	matrix <0.952708, 0.242321, 0.183378,
		0.286895, -0.518268, -0.805661,
		-0.100190, 0.820170, -0.563279,
		27.982361, 38.986870, 34.637199>
	pigment { color rgbt <0,1,1,0> }
	no_shadow
}
cylinder {
	<28.655977, 38.369404, 34.492714>,  <28.052492, 38.412750, 35.031494>, 0.130000
	pigment { color rgbt <1,0,0,0> }
	no_shadow
}

// nucleotide -1

// particle -1
sphere {
	<28.655977, 38.369404, 34.492714> 0.250000
	pigment { color rgbt <1,0,0,0> }
	no_shadow
}
cylinder {
	<28.525745, 38.723167, 34.626469>,  <28.447607, 38.935425, 34.706722>, 0.100000
	pigment { color rgbt <1,0,0,0> }
	no_shadow
}
cylinder {
	<28.525745, 38.723167, 34.626469>,  <28.655977, 38.369404, 34.492714>, 0.100000
	pigment { color rgbt <1,0,0,0> }
	no_shadow
}

// particle -1
sphere {
	<28.525745, 38.723167, 34.626469> 0.100000
	pigment { color rgbt <1,0,0,0> }
	no_shadow
}
sphere {
	0, 1
	scale<0.080000,0.200000,0.300000>
	matrix <0.898490, 0.179249, 0.400732,
		0.294472, 0.430916, -0.852993,
		-0.325580, 0.884410, 0.334390,
		28.428072, 38.988491, 34.726784>
	pigment { color rgbt <0,1,1,0> }
	no_shadow
}
cylinder {
	<29.109320, 38.923054, 34.377182>,  <28.655977, 38.369404, 34.492714>, 0.130000
	pigment { color rgbt <1,0,0,0> }
	no_shadow
}

// nucleotide -1

// particle -1
sphere {
	<29.109320, 38.923054, 34.377182> 0.250000
	pigment { color rgbt <1,0,0,0> }
	no_shadow
}
cylinder {
	<28.930878, 39.046261, 34.713306>,  <28.823812, 39.120186, 34.914982>, 0.100000
	pigment { color rgbt <1,0,0,0> }
	no_shadow
}
cylinder {
	<28.930878, 39.046261, 34.713306>,  <29.109320, 38.923054, 34.377182>, 0.100000
	pigment { color rgbt <1,0,0,0> }
	no_shadow
}

// particle -1
sphere {
	<28.930878, 39.046261, 34.713306> 0.100000
	pigment { color rgbt <1,0,0,0> }
	no_shadow
}
sphere {
	0, 1
	scale<0.080000,0.200000,0.300000>
	matrix <0.868705, 0.374859, 0.323776,
		-0.215270, 0.874418, -0.434800,
		-0.446105, 0.308014, 0.840308,
		28.797047, 39.138664, 34.965401>
	pigment { color rgbt <0,1,1,0> }
	no_shadow
}
cylinder {
	<29.424318, 39.517780, 34.455677>,  <29.109320, 38.923054, 34.377182>, 0.130000
	pigment { color rgbt <1,0,0,0> }
	no_shadow
}

// nucleotide -1

// particle -1
sphere {
	<29.424318, 39.517780, 34.455677> 0.250000
	pigment { color rgbt <1,0,0,0> }
	no_shadow
}
cylinder {
	<29.285084, 39.400421, 34.811825>,  <29.201544, 39.330006, 35.025513>, 0.100000
	pigment { color rgbt <1,0,0,0> }
	no_shadow
}
cylinder {
	<29.285084, 39.400421, 34.811825>,  <29.424318, 39.517780, 34.455677>, 0.100000
	pigment { color rgbt <1,0,0,0> }
	no_shadow
}

// particle -1
sphere {
	<29.285084, 39.400421, 34.811825> 0.100000
	pigment { color rgbt <1,0,0,0> }
	no_shadow
}
sphere {
	0, 1
	scale<0.080000,0.200000,0.300000>
	matrix <0.822626, 0.359881, 0.440196,
		-0.449580, 0.885664, 0.116091,
		-0.348086, -0.293403, 0.890365,
		29.180658, 39.312401, 35.078934>
	pigment { color rgbt <0,1,1,0> }
	no_shadow
}
cylinder {
	<29.241982, 40.123276, 34.934124>,  <29.424318, 39.517780, 34.455677>, 0.130000
	pigment { color rgbt <1,0,0,0> }
	no_shadow
}

// nucleotide -1

// particle -1
sphere {
	<29.241982, 40.123276, 34.934124> 0.250000
	pigment { color rgbt <1,0,0,0> }
	no_shadow
}
cylinder {
	<29.358250, 39.781063, 35.105507>,  <29.428011, 39.575737, 35.208336>, 0.100000
	pigment { color rgbt <1,0,0,0> }
	no_shadow
}
cylinder {
	<29.358250, 39.781063, 35.105507>,  <29.241982, 40.123276, 34.934124>, 0.100000
	pigment { color rgbt <1,0,0,0> }
	no_shadow
}

// particle -1
sphere {
	<29.358250, 39.781063, 35.105507> 0.100000
	pigment { color rgbt <1,0,0,0> }
	no_shadow
}
sphere {
	0, 1
	scale<0.080000,0.200000,0.300000>
	matrix <0.822643, 0.452134, 0.344722,
		-0.488642, 0.252268, 0.835219,
		0.290668, -0.855533, 0.428458,
		29.445450, 39.524403, 35.234043>
	pigment { color rgbt <0,1,1,0> }
	no_shadow
}
cylinder {
	<29.667061, 40.648628, 34.585411>,  <29.241982, 40.123276, 34.934124>, 0.130000
	pigment { color rgbt <1,0,0,0> }
	no_shadow
}

// nucleotide -1

// particle -1
sphere {
	<29.667061, 40.648628, 34.585411> 0.250000
	pigment { color rgbt <1,0,0,0> }
	no_shadow
}
cylinder {
	<30.031567, 40.571476, 34.730957>,  <30.250269, 40.525185, 34.818283>, 0.100000
	pigment { color rgbt <1,0,0,0> }
	no_shadow
}
cylinder {
	<30.031567, 40.571476, 34.730957>,  <29.667061, 40.648628, 34.585411>, 0.100000
	pigment { color rgbt <1,0,0,0> }
	no_shadow
}

// particle -1
sphere {
	<30.031567, 40.571476, 34.730957> 0.100000
	pigment { color rgbt <1,0,0,0> }
	no_shadow
}
sphere {
	0, 1
	scale<0.080000,0.200000,0.300000>
	matrix <0.290362, 0.927476, -0.235539,
		-0.292046, 0.320291, 0.901178,
		0.911262, -0.192880, 0.363866,
		30.304945, 40.513611, 34.840118>
	pigment { color rgbt <0,1,1,0> }
	no_shadow
}
cylinder {
	<29.547964, 40.516312, 33.851040>,  <29.667061, 40.648628, 34.585411>, 0.130000
	pigment { color rgbt <1,0,0,0> }
	no_shadow
}

// nucleotide -1

// particle -1
sphere {
	<29.547964, 40.516312, 33.851040> 0.250000
	pigment { color rgbt <1,0,0,0> }
	no_shadow
}
cylinder {
	<29.861979, 40.689415, 34.028324>,  <30.050386, 40.793278, 34.134693>, 0.100000
	pigment { color rgbt <1,0,0,0> }
	no_shadow
}
cylinder {
	<29.861979, 40.689415, 34.028324>,  <29.547964, 40.516312, 33.851040>, 0.100000
	pigment { color rgbt <1,0,0,0> }
	no_shadow
}

// particle -1
sphere {
	<29.861979, 40.689415, 34.028324> 0.100000
	pigment { color rgbt <1,0,0,0> }
	no_shadow
}
sphere {
	0, 1
	scale<0.080000,0.200000,0.300000>
	matrix <0.324128, 0.322752, -0.889254,
		-0.527883, 0.841753, 0.113101,
		0.785035, 0.432763, 0.443211,
		30.097488, 40.819244, 34.161289>
	pigment { color rgbt <0,1,1,0> }
	no_shadow
}
cylinder {
	<29.540379, 41.139057, 33.511524>,  <29.547964, 40.516312, 33.851040>, 0.130000
	pigment { color rgbt <1,0,0,0> }
	no_shadow
}

// nucleotide -1

// particle -1
sphere {
	<29.540379, 41.139057, 33.511524> 0.250000
	pigment { color rgbt <1,0,0,0> }
	no_shadow
}
cylinder {
	<29.885460, 40.980331, 33.636929>,  <30.092508, 40.885098, 33.712170>, 0.100000
	pigment { color rgbt <1,0,0,0> }
	no_shadow
}
cylinder {
	<29.885460, 40.980331, 33.636929>,  <29.540379, 41.139057, 33.511524>, 0.100000
	pigment { color rgbt <1,0,0,0> }
	no_shadow
}

// particle -1
sphere {
	<29.885460, 40.980331, 33.636929> 0.100000
	pigment { color rgbt <1,0,0,0> }
	no_shadow
}
sphere {
	0, 1
	scale<0.080000,0.200000,0.300000>
	matrix <0.323916, -0.042495, -0.945131,
		0.388361, 0.916916, 0.091873,
		0.862702, -0.396811, 0.313507,
		30.144270, 40.861290, 33.730980>
	pigment { color rgbt <0,1,1,0> }
	no_shadow
}
cylinder {
	<29.866352, 41.218239, 32.986858>,  <29.540379, 41.139057, 33.511524>, 0.130000
	pigment { color rgbt <1,0,0,0> }
	no_shadow
}

// nucleotide -1

// particle -1
sphere {
	<29.866352, 41.218239, 32.986858> 0.250000
	pigment { color rgbt <1,0,0,0> }
	no_shadow
}
cylinder {
	<30.106403, 40.971840, 33.190975>,  <30.250435, 40.824001, 33.313446>, 0.100000
	pigment { color rgbt <1,0,0,0> }
	no_shadow
}
cylinder {
	<30.106403, 40.971840, 33.190975>,  <29.866352, 41.218239, 32.986858>, 0.100000
	pigment { color rgbt <1,0,0,0> }
	no_shadow
}

// particle -1
sphere {
	<30.106403, 40.971840, 33.190975> 0.100000
	pigment { color rgbt <1,0,0,0> }
	no_shadow
}
sphere {
	0, 1
	scale<0.080000,0.200000,0.300000>
	matrix <0.528103, -0.174030, -0.831157,
		0.600793, 0.768288, 0.220867,
		0.600130, -0.615993, 0.510291,
		30.286442, 40.787041, 33.344063>
	pigment { color rgbt <0,1,1,0> }
	no_shadow
}
cylinder {
	<29.941189, 41.391239, 32.198399>,  <29.866352, 41.218239, 32.986858>, 0.130000
	pigment { color rgbt <1,0,0,0> }
	no_shadow
}

// nucleotide -1

// particle -1
sphere {
	<29.941189, 41.391239, 32.198399> 0.250000
	pigment { color rgbt <1,0,0,0> }
	no_shadow
}
cylinder {
	<29.792803, 41.454090, 31.832294>,  <29.703772, 41.491802, 31.612633>, 0.100000
	pigment { color rgbt <1,0,0,0> }
	no_shadow
}
cylinder {
	<29.792803, 41.454090, 31.832294>,  <29.941189, 41.391239, 32.198399>, 0.100000
	pigment { color rgbt <1,0,0,0> }
	no_shadow
}

// particle -1
sphere {
	<29.792803, 41.454090, 31.832294> 0.100000
	pigment { color rgbt <1,0,0,0> }
	no_shadow
}
sphere {
	0, 1
	scale<0.080000,0.200000,0.300000>
	matrix <-0.181666, 0.954259, 0.237459,
		0.910704, 0.254361, -0.325453,
		-0.370966, 0.157131, -0.915256,
		29.681513, 41.501228, 31.557718>
	pigment { color rgbt <0,1,1,0> }
	no_shadow
}
cylinder {
	<29.965803, 40.759811, 31.773239>,  <29.941189, 41.391239, 32.198399>, 0.130000
	pigment { color rgbt <1,0,0,0> }
	no_shadow
}

// nucleotide -1

// particle -1
sphere {
	<29.965803, 40.759811, 31.773239> 0.250000
	pigment { color rgbt <1,0,0,0> }
	no_shadow
}
cylinder {
	<29.942287, 40.942055, 31.417944>,  <29.928179, 41.051399, 31.204767>, 0.100000
	pigment { color rgbt <1,0,0,0> }
	no_shadow
}
cylinder {
	<29.942287, 40.942055, 31.417944>,  <29.965803, 40.759811, 31.773239>, 0.100000
	pigment { color rgbt <1,0,0,0> }
	no_shadow
}

// particle -1
sphere {
	<29.942287, 40.942055, 31.417944> 0.100000
	pigment { color rgbt <1,0,0,0> }
	no_shadow
}
sphere {
	0, 1
	scale<0.080000,0.200000,0.300000>
	matrix <0.163608, -0.873349, -0.458796,
		-0.984772, -0.172295, -0.023198,
		-0.058788, 0.455605, -0.888239,
		29.924650, 41.078735, 31.151472>
	pigment { color rgbt <0,1,1,0> }
	no_shadow
}
cylinder {
	<29.656776, 40.328590, 31.328382>,  <29.965803, 40.759811, 31.773239>, 0.130000
	pigment { color rgbt <1,0,0,0> }
	no_shadow
}

// nucleotide -1

// particle -1
sphere {
	<29.656776, 40.328590, 31.328382> 0.250000
	pigment { color rgbt <1,0,0,0> }
	no_shadow
}
cylinder {
	<29.844906, 40.567921, 31.068905>,  <29.957785, 40.711517, 30.913219>, 0.100000
	pigment { color rgbt <1,0,0,0> }
	no_shadow
}
cylinder {
	<29.844906, 40.567921, 31.068905>,  <29.656776, 40.328590, 31.328382>, 0.100000
	pigment { color rgbt <1,0,0,0> }
	no_shadow
}

// particle -1
sphere {
	<29.844906, 40.567921, 31.068905> 0.100000
	pigment { color rgbt <1,0,0,0> }
	no_shadow
}
sphere {
	0, 1
	scale<0.080000,0.200000,0.300000>
	matrix <0.246552, -0.794886, -0.554408,
		-0.847352, 0.100816, -0.521374,
		0.470326, 0.598325, -0.648692,
		29.986004, 40.747417, 30.874298>
	pigment { color rgbt <0,1,1,0> }
	no_shadow
}
cylinder {
	<29.410130, 40.201347, 30.600420>,  <29.656776, 40.328590, 31.328382>, 0.130000
	pigment { color rgbt <1,0,0,0> }
	no_shadow
}

// nucleotide -1

// particle -1
sphere {
	<29.410130, 40.201347, 30.600420> 0.250000
	pigment { color rgbt <1,0,0,0> }
	no_shadow
}
cylinder {
	<29.782469, 40.346699, 30.615816>,  <30.005873, 40.433910, 30.625053>, 0.100000
	pigment { color rgbt <1,0,0,0> }
	no_shadow
}
cylinder {
	<29.782469, 40.346699, 30.615816>,  <29.410130, 40.201347, 30.600420>, 0.100000
	pigment { color rgbt <1,0,0,0> }
	no_shadow
}

// particle -1
sphere {
	<29.782469, 40.346699, 30.615816> 0.100000
	pigment { color rgbt <1,0,0,0> }
	no_shadow
}
sphere {
	0, 1
	scale<0.080000,0.200000,0.300000>
	matrix <0.304352, -0.712701, -0.632002,
		-0.202222, 0.600012, -0.774010,
		0.930847, 0.363377, 0.038491,
		30.061724, 40.455711, 30.627363>
	pigment { color rgbt <0,1,1,0> }
	no_shadow
}
cylinder {
	<29.763647, 40.407539, 29.840466>,  <29.410130, 40.201347, 30.600420>, 0.130000
	pigment { color rgbt <1,0,0,0> }
	no_shadow
}

// nucleotide -1

// particle -1
sphere {
	<29.763647, 40.407539, 29.840466> 0.250000
	pigment { color rgbt <1,0,0,0> }
	no_shadow
}
cylinder {
	<30.014050, 40.295013, 30.131390>,  <30.164291, 40.227497, 30.305944>, 0.100000
	pigment { color rgbt <1,0,0,0> }
	no_shadow
}
cylinder {
	<30.014050, 40.295013, 30.131390>,  <29.763647, 40.407539, 29.840466>, 0.100000
	pigment { color rgbt <1,0,0,0> }
	no_shadow
}

// particle -1
sphere {
	<30.014050, 40.295013, 30.131390> 0.100000
	pigment { color rgbt <1,0,0,0> }
	no_shadow
}
sphere {
	0, 1
	scale<0.080000,0.200000,0.300000>
	matrix <0.326266, -0.752631, -0.571925,
		0.708286, 0.595324, -0.379368,
		0.626005, -0.281311, 0.727312,
		30.201851, 40.210621, 30.349583>
	pigment { color rgbt <0,1,1,0> }
	no_shadow
}
cylinder {
	<30.349703, 40.449753, 29.420092>,  <29.763647, 40.407539, 29.840466>, 0.130000
	pigment { color rgbt <1,0,0,0> }
	no_shadow
}

// nucleotide -1

// particle -1
sphere {
	<30.349703, 40.449753, 29.420092> 0.250000
	pigment { color rgbt <1,0,0,0> }
	no_shadow
}
cylinder {
	<30.364439, 40.213051, 29.742201>,  <30.373281, 40.071030, 29.935467>, 0.100000
	pigment { color rgbt <1,0,0,0> }
	no_shadow
}
cylinder {
	<30.364439, 40.213051, 29.742201>,  <30.349703, 40.449753, 29.420092>, 0.100000
	pigment { color rgbt <1,0,0,0> }
	no_shadow
}

// particle -1
sphere {
	<30.364439, 40.213051, 29.742201> 0.100000
	pigment { color rgbt <1,0,0,0> }
	no_shadow
}
sphere {
	0, 1
	scale<0.080000,0.200000,0.300000>
	matrix <0.384593, -0.735359, -0.557975,
		0.922351, 0.330259, 0.200494,
		0.036842, -0.591757, 0.805274,
		30.375492, 40.035522, 29.983784>
	pigment { color rgbt <0,1,1,0> }
	no_shadow
}
cylinder {
	<31.034719, 40.141235, 29.512186>,  <30.349703, 40.449753, 29.420092>, 0.130000
	pigment { color rgbt <1,0,0,0> }
	no_shadow
}

// nucleotide -1

// particle -1
sphere {
	<31.034719, 40.141235, 29.512186> 0.250000
	pigment { color rgbt <1,0,0,0> }
	no_shadow
}
cylinder {
	<30.740368, 39.919460, 29.667660>,  <30.563757, 39.786396, 29.760944>, 0.100000
	pigment { color rgbt <1,0,0,0> }
	no_shadow
}
cylinder {
	<30.740368, 39.919460, 29.667660>,  <31.034719, 40.141235, 29.512186>, 0.100000
	pigment { color rgbt <1,0,0,0> }
	no_shadow
}

// particle -1
sphere {
	<30.740368, 39.919460, 29.667660> 0.100000
	pigment { color rgbt <1,0,0,0> }
	no_shadow
}
sphere {
	0, 1
	scale<0.080000,0.200000,0.300000>
	matrix <0.260656, -0.761756, -0.593115,
		0.624930, -0.335149, 0.705080,
		-0.735881, -0.554439, 0.388686,
		30.519604, 39.753128, 29.784266>
	pigment { color rgbt <0,1,1,0> }
	no_shadow
}
cylinder {
	<31.186935, 39.484146, 29.431875>,  <31.034719, 40.141235, 29.512186>, 0.130000
	pigment { color rgbt <1,0,0,0> }
	no_shadow
}

// nucleotide -1

// particle -1
sphere {
	<31.186935, 39.484146, 29.431875> 0.250000
	pigment { color rgbt <1,0,0,0> }
	no_shadow
}
cylinder {
	<30.822994, 39.407013, 29.578835>,  <30.604630, 39.360733, 29.667009>, 0.100000
	pigment { color rgbt <1,0,0,0> }
	no_shadow
}
cylinder {
	<30.822994, 39.407013, 29.578835>,  <31.186935, 39.484146, 29.431875>, 0.100000
	pigment { color rgbt <1,0,0,0> }
	no_shadow
}

// particle -1
sphere {
	<30.822994, 39.407013, 29.578835> 0.100000
	pigment { color rgbt <1,0,0,0> }
	no_shadow
}
sphere {
	0, 1
	scale<0.080000,0.200000,0.300000>
	matrix <0.048514, -0.928815, -0.367354,
		0.412083, -0.316414, 0.854441,
		-0.909854, -0.192833, 0.367399,
		30.550037, 39.349163, 29.689054>
	pigment { color rgbt <0,1,1,0> }
	no_shadow
}
cylinder {
	<31.175610, 38.944530, 29.932390>,  <31.186935, 39.484146, 29.431875>, 0.130000
	pigment { color rgbt <1,0,0,0> }
	no_shadow
}

// nucleotide -1

// particle -1
sphere {
	<31.175610, 38.944530, 29.932390> 0.250000
	pigment { color rgbt <1,0,0,0> }
	no_shadow
}
cylinder {
	<30.834812, 38.953854, 29.723177>,  <30.630333, 38.959446, 29.597649>, 0.100000
	pigment { color rgbt <1,0,0,0> }
	no_shadow
}
cylinder {
	<30.834812, 38.953854, 29.723177>,  <31.175610, 38.944530, 29.932390>, 0.100000
	pigment { color rgbt <1,0,0,0> }
	no_shadow
}

// particle -1
sphere {
	<30.834812, 38.953854, 29.723177> 0.100000
	pigment { color rgbt <1,0,0,0> }
	no_shadow
}
sphere {
	0, 1
	scale<0.080000,0.200000,0.300000>
	matrix <0.172355, -0.930837, -0.322235,
		-0.494370, -0.364690, 0.789050,
		-0.851993, 0.023307, -0.523034,
		30.579214, 38.960846, 29.566267>
	pigment { color rgbt <0,1,1,0> }
	no_shadow
}
cylinder {
	<30.769503, 38.260056, 30.093925>,  <31.175610, 38.944530, 29.932390>, 0.130000
	pigment { color rgbt <1,0,0,0> }
	no_shadow
}

// nucleotide -1

// particle -1
sphere {
	<30.769503, 38.260056, 30.093925> 0.250000
	pigment { color rgbt <1,0,0,0> }
	no_shadow
}
cylinder {
	<30.602453, 38.407520, 29.761736>,  <30.502224, 38.495998, 29.562422>, 0.100000
	pigment { color rgbt <1,0,0,0> }
	no_shadow
}
cylinder {
	<30.602453, 38.407520, 29.761736>,  <30.769503, 38.260056, 30.093925>, 0.100000
	pigment { color rgbt <1,0,0,0> }
	no_shadow
}

// particle -1
sphere {
	<30.602453, 38.407520, 29.761736> 0.100000
	pigment { color rgbt <1,0,0,0> }
	no_shadow
}
sphere {
	0, 1
	scale<0.080000,0.200000,0.300000>
	matrix <-0.136085, -0.929060, -0.343989,
		-0.898373, -0.030641, 0.438163,
		-0.417620, 0.368658, -0.830473,
		30.477167, 38.518116, 29.512594>
	pigment { color rgbt <0,1,1,0> }
	no_shadow
}
cylinder {
	<31.383406, 38.201790, 30.468458>,  <30.769503, 38.260056, 30.093925>, 0.130000
	pigment { color rgbt <1,0,0,0> }
	no_shadow
}

// nucleotide -1

// particle -1
sphere {
	<31.383406, 38.201790, 30.468458> 0.250000
	pigment { color rgbt <1,0,0,0> }
	no_shadow
}
cylinder {
	<31.209261, 37.843380, 30.503313>,  <31.104774, 37.628334, 30.524227>, 0.100000
	pigment { color rgbt <1,0,0,0> }
	no_shadow
}
cylinder {
	<31.209261, 37.843380, 30.503313>,  <31.383406, 38.201790, 30.468458>, 0.100000
	pigment { color rgbt <1,0,0,0> }
	no_shadow
}

// particle -1
sphere {
	<31.209261, 37.843380, 30.503313> 0.100000
	pigment { color rgbt <1,0,0,0> }
	no_shadow
}
sphere {
	0, 1
	scale<0.080000,0.200000,0.300000>
	matrix <0.255343, -0.215721, -0.942478,
		0.863285, -0.388069, 0.322711,
		-0.435362, -0.896028, 0.087138,
		31.078651, 37.574570, 30.529455>
	pigment { color rgbt <0,1,1,0> }
	no_shadow
}
cylinder {
	<31.895100, 37.634457, 30.124815>,  <31.383406, 38.201790, 30.468458>, 0.130000
	pigment { color rgbt <1,0,0,0> }
	no_shadow
}

// nucleotide -1

// particle -1
sphere {
	<31.895100, 37.634457, 30.124815> 0.250000
	pigment { color rgbt <1,0,0,0> }
	no_shadow
}
cylinder {
	<31.557451, 37.425690, 30.075733>,  <31.354862, 37.300430, 30.046284>, 0.100000
	pigment { color rgbt <1,0,0,0> }
	no_shadow
}
cylinder {
	<31.557451, 37.425690, 30.075733>,  <31.895100, 37.634457, 30.124815>, 0.100000
	pigment { color rgbt <1,0,0,0> }
	no_shadow
}

// particle -1
sphere {
	<31.557451, 37.425690, 30.075733> 0.100000
	pigment { color rgbt <1,0,0,0> }
	no_shadow
}
sphere {
	0, 1
	scale<0.080000,0.200000,0.300000>
	matrix <0.354790, -0.372170, -0.857679,
		0.401974, -0.767520, 0.499329,
		-0.844122, -0.521922, -0.122705,
		31.304214, 37.269112, 30.038921>
	pigment { color rgbt <0,1,1,0> }
	no_shadow
}
cylinder {
	<32.018936, 36.918701, 30.000454>,  <31.895100, 37.634457, 30.124815>, 0.130000
	pigment { color rgbt <1,0,0,0> }
	no_shadow
}

// nucleotide -1

// particle -1
sphere {
	<32.018936, 36.918701, 30.000454> 0.250000
	pigment { color rgbt <1,0,0,0> }
	no_shadow
}
cylinder {
	<31.705736, 37.052982, 29.790991>,  <31.517817, 37.133549, 29.665314>, 0.100000
	pigment { color rgbt <1,0,0,0> }
	no_shadow
}
cylinder {
	<31.705736, 37.052982, 29.790991>,  <32.018936, 36.918701, 30.000454>, 0.100000
	pigment { color rgbt <1,0,0,0> }
	no_shadow
}

// particle -1
sphere {
	<31.705736, 37.052982, 29.790991> 0.100000
	pigment { color rgbt <1,0,0,0> }
	no_shadow
}
sphere {
	0, 1
	scale<0.080000,0.200000,0.300000>
	matrix <0.263828, -0.583151, -0.768329,
		-0.563296, -0.739758, 0.368043,
		-0.783002, 0.335696, -0.523656,
		31.470837, 37.153694, 29.633894>
	pigment { color rgbt <0,1,1,0> }
	no_shadow
}
cylinder {
	<31.709696, 36.385563, 29.825329>,  <32.018936, 36.918701, 30.000454>, 0.130000
	pigment { color rgbt <1,0,0,0> }
	no_shadow
}

// nucleotide -1

// particle -1
sphere {
	<31.709696, 36.385563, 29.825329> 0.250000
	pigment { color rgbt <1,0,0,0> }
	no_shadow
}
cylinder {
	<31.614054, 36.665665, 29.556263>,  <31.556669, 36.833725, 29.394823>, 0.100000
	pigment { color rgbt <1,0,0,0> }
	no_shadow
}
cylinder {
	<31.614054, 36.665665, 29.556263>,  <31.709696, 36.385563, 29.825329>, 0.100000
	pigment { color rgbt <1,0,0,0> }
	no_shadow
}

// particle -1
sphere {
	<31.614054, 36.665665, 29.556263> 0.100000
	pigment { color rgbt <1,0,0,0> }
	no_shadow
}
sphere {
	0, 1
	scale<0.080000,0.200000,0.300000>
	matrix <0.367710, -0.575863, -0.730186,
		-0.898677, -0.421935, -0.119799,
		-0.239103, 0.700253, -0.672664,
		31.542322, 36.875740, 29.354464>
	pigment { color rgbt <0,1,1,0> }
	no_shadow
}
cylinder {
	<32.478561, 36.260342, 29.804422>,  <31.709696, 36.385563, 29.825329>, 0.130000
	pigment { color rgbt <1,0,0,0> }
	no_shadow
}

// nucleotide -1

// particle -1
sphere {
	<32.478561, 36.260342, 29.804422> 0.250000
	pigment { color rgbt <1,0,0,0> }
	no_shadow
}
cylinder {
	<32.387478, 35.880474, 29.718367>,  <32.332829, 35.652554, 29.666733>, 0.100000
	pigment { color rgbt <1,0,0,0> }
	no_shadow
}
cylinder {
	<32.387478, 35.880474, 29.718367>,  <32.478561, 36.260342, 29.804422>, 0.100000
	pigment { color rgbt <1,0,0,0> }
	no_shadow
}

// particle -1
sphere {
	<32.387478, 35.880474, 29.718367> 0.100000
	pigment { color rgbt <1,0,0,0> }
	no_shadow
}
sphere {
	0, 1
	scale<0.080000,0.200000,0.300000>
	matrix <0.708146, -0.313155, 0.632822,
		-0.668341, -0.008252, 0.743809,
		-0.227705, -0.949666, -0.215138,
		32.319168, 35.595573, 29.653826>
	pigment { color rgbt <0,1,1,0> }
	no_shadow
}
cylinder {
	<32.225128, 35.890465, 30.445627>,  <32.478561, 36.260342, 29.804422>, 0.130000
	pigment { color rgbt <1,0,0,0> }
	no_shadow
}

// nucleotide -1

// particle -1
sphere {
	<32.225128, 35.890465, 30.445627> 0.250000
	pigment { color rgbt <1,0,0,0> }
	no_shadow
}
cylinder {
	<32.408737, 35.655678, 30.178862>,  <32.518902, 35.514805, 30.018803>, 0.100000
	pigment { color rgbt <1,0,0,0> }
	no_shadow
}
cylinder {
	<32.408737, 35.655678, 30.178862>,  <32.225128, 35.890465, 30.445627>, 0.100000
	pigment { color rgbt <1,0,0,0> }
	no_shadow
}

// particle -1
sphere {
	<32.408737, 35.655678, 30.178862> 0.100000
	pigment { color rgbt <1,0,0,0> }
	no_shadow
}
sphere {
	0, 1
	scale<0.080000,0.200000,0.300000>
	matrix <0.655700, -0.282688, 0.700104,
		-0.599465, -0.758656, 0.255114,
		0.459021, -0.586966, -0.666912,
		32.546444, 35.479588, 29.978788>
	pigment { color rgbt <0,1,1,0> }
	no_shadow
}
cylinder {
	<32.422951, 35.266201, 30.875931>,  <32.225128, 35.890465, 30.445627>, 0.130000
	pigment { color rgbt <1,0,0,0> }
	no_shadow
}

// nucleotide -1

// particle -1
sphere {
	<32.422951, 35.266201, 30.875931> 0.250000
	pigment { color rgbt <1,0,0,0> }
	no_shadow
}
cylinder {
	<32.661751, 35.292252, 30.556091>,  <32.805031, 35.307884, 30.364187>, 0.100000
	pigment { color rgbt <1,0,0,0> }
	no_shadow
}
cylinder {
	<32.661751, 35.292252, 30.556091>,  <32.422951, 35.266201, 30.875931>, 0.100000
	pigment { color rgbt <1,0,0,0> }
	no_shadow
}

// particle -1
sphere {
	<32.661751, 35.292252, 30.556091> 0.100000
	pigment { color rgbt <1,0,0,0> }
	no_shadow
}
sphere {
	0, 1
	scale<0.080000,0.200000,0.300000>
	matrix <0.775285, -0.303053, 0.554159,
		-0.206229, -0.950746, -0.231415,
		0.596995, 0.065129, -0.799596,
		32.840851, 35.311790, 30.316212>
	pigment { color rgbt <0,1,1,0> }
	no_shadow
}
cylinder {
	<32.937012, 34.731277, 30.908501>,  <32.422951, 35.266201, 30.875931>, 0.130000
	pigment { color rgbt <1,0,0,0> }
	no_shadow
}

// nucleotide -1

// particle -1
sphere {
	<32.937012, 34.731277, 30.908501> 0.250000
	pigment { color rgbt <1,0,0,0> }
	no_shadow
}
cylinder {
	<33.120636, 34.960011, 30.636539>,  <33.230812, 35.097252, 30.473364>, 0.100000
	pigment { color rgbt <1,0,0,0> }
	no_shadow
}
cylinder {
	<33.120636, 34.960011, 30.636539>,  <32.937012, 34.731277, 30.908501>, 0.100000
	pigment { color rgbt <1,0,0,0> }
	no_shadow
}

// particle -1
sphere {
	<33.120636, 34.960011, 30.636539> 0.100000
	pigment { color rgbt <1,0,0,0> }
	no_shadow
}
sphere {
	0, 1
	scale<0.080000,0.200000,0.300000>
	matrix <0.887489, -0.260485, 0.380145,
		0.040275, -0.777916, -0.627076,
		0.459065, 0.571834, -0.679901,
		33.258354, 35.131561, 30.432570>
	pigment { color rgbt <0,1,1,0> }
	no_shadow
}
cylinder {
	<33.458485, 34.311741, 30.506725>,  <32.937012, 34.731277, 30.908501>, 0.130000
	pigment { color rgbt <1,0,0,0> }
	no_shadow
}

// nucleotide -1

// particle -1
sphere {
	<33.458485, 34.311741, 30.506725> 0.250000
	pigment { color rgbt <1,0,0,0> }
	no_shadow
}
cylinder {
	<33.524696, 34.699780, 30.577736>,  <33.564423, 34.932602, 30.620342>, 0.100000
	pigment { color rgbt <1,0,0,0> }
	no_shadow
}
cylinder {
	<33.524696, 34.699780, 30.577736>,  <33.458485, 34.311741, 30.506725>, 0.100000
	pigment { color rgbt <1,0,0,0> }
	no_shadow
}

// particle -1
sphere {
	<33.524696, 34.699780, 30.577736> 0.100000
	pigment { color rgbt <1,0,0,0> }
	no_shadow
}
sphere {
	0, 1
	scale<0.080000,0.200000,0.300000>
	matrix <0.839275, -0.233097, 0.491207,
