// switches for output
#declare DRAW_BASES = 1; // possible values are 0, 1; only relevant for DNA ribbons
#declare DRAW_BASES_TYPE = 3; // possible values are 1, 2, 3; only relevant for DNA ribbons
#declare DRAW_FOG = 0; // set to 1 to enable fog

#include "colors.inc"

#include "transforms.inc"
background { rgb <1, 1, 1>}

#default {
   normal{
       ripples 0.25
       frequency 0.20
       turbulence 0.2
       lambda 5
   }
	finish {
		phong 0.1
		phong_size 40.
	}
}

// original window dimensions: 1024x640


// camera settings

camera {
	sky <0, 0.179814, -0.983701>
	up <0, 0.179814, -0.983701>
	right 1.6 * <1, 0, 0>
	location <35, 94.9851, 44.8844>
	look_at <35, 29.7336, 32.9568>
	direction <0, -65.2515, -11.9276>
	angle 67.0682
}


# declare cpy_camera_pos = <35, 94.9851, 44.8844>;
# if (DRAW_FOG = 1)
fog {
	fog_type 2
	up vnormalize(cpy_camera_pos)
	color rgbt<1,1,1,0.3>
	distance 1e-5
	fog_alt 3e-3
	fog_offset 56
}
# end


// LIGHTS

# declare lum = 6;
global_settings {
	ambient_light rgb lum * <0.05, 0.05, 0.05>
	max_trace_level 15
}# declare cpy_direct_light_amount = 0.25;
light_source
{	1000 * <-1, -1.16352, -0.803886>,
	rgb lum * cpy_direct_light_amount
	parallel
}

light_source
{	1000 * <1, 1.16352, 0.803886>,
	rgb lum * cpy_direct_light_amount
	parallel
}

// strand 0

// nucleotide -1

// particle -1
sphere {
	<24.135616, 34.953442, 35.337391> 0.250000
	pigment { color rgbt <1,0,0,0> }
	no_shadow
}
cylinder {
	<24.405338, 34.980438, 35.043247>,  <24.567171, 34.996635, 34.866760>, 0.100000
	pigment { color rgbt <1,0,0,0> }
	no_shadow
}
cylinder {
	<24.405338, 34.980438, 35.043247>,  <24.135616, 34.953442, 35.337391>, 0.100000
	pigment { color rgbt <1,0,0,0> }
	no_shadow
}

// particle -1
sphere {
	<24.405338, 34.980438, 35.043247> 0.100000
	pigment { color rgbt <1,0,0,0> }
	no_shadow
}
sphere {
	0, 1
	scale<0.080000,0.200000,0.300000>
	matrix <-0.215936, 0.970310, -0.108953,
		0.706177, 0.232259, 0.668857,
		0.674304, 0.067490, -0.735364,
		24.607630, 35.000687, 34.822639>
	pigment { color rgbt <0,1,1,0> }
	no_shadow
}
cylinder {
	<24.512754, 35.536907, 35.602757>,  <24.135616, 34.953442, 35.337391>, 0.130000
	pigment { color rgbt <1,0,0,0> }
	no_shadow
}

// nucleotide -1

// particle -1
sphere {
	<24.512754, 35.536907, 35.602757> 0.250000
	pigment { color rgbt <1,0,0,0> }
	no_shadow
}
cylinder {
	<24.519569, 35.468170, 35.208767>,  <24.523659, 35.426926, 34.972374>, 0.100000
	pigment { color rgbt <1,0,0,0> }
	no_shadow
}
cylinder {
	<24.519569, 35.468170, 35.208767>,  <24.512754, 35.536907, 35.602757>, 0.100000
	pigment { color rgbt <1,0,0,0> }
	no_shadow
}

// particle -1
sphere {
	<24.519569, 35.468170, 35.208767> 0.100000
	pigment { color rgbt <1,0,0,0> }
	no_shadow
}
sphere {
	0, 1
	scale<0.080000,0.200000,0.300000>
	matrix <-0.336923, 0.926518, -0.167473,
		0.941378, 0.334715, -0.042112,
		0.017038, -0.171844, -0.984977,
		24.524681, 35.416618, 34.913273>
	pigment { color rgbt <0,1,1,0> }
	no_shadow
}
cylinder {
	<25.099838, 36.051212, 35.337059>,  <24.512754, 35.536907, 35.602757>, 0.130000
	pigment { color rgbt <1,0,0,0> }
	no_shadow
}

// nucleotide -1

// particle -1
sphere {
	<25.099838, 36.051212, 35.337059> 0.250000
	pigment { color rgbt <1,0,0,0> }
	no_shadow
}
cylinder {
	<25.358452, 36.118248, 35.039360>,  <25.513620, 36.158470, 34.860741>, 0.100000
	pigment { color rgbt <1,0,0,0> }
	no_shadow
}
cylinder {
	<25.358452, 36.118248, 35.039360>,  <25.099838, 36.051212, 35.337059>, 0.100000
	pigment { color rgbt <1,0,0,0> }
	no_shadow
}

// particle -1
sphere {
	<25.358452, 36.118248, 35.039360> 0.100000
	pigment { color rgbt <1,0,0,0> }
	no_shadow
}
sphere {
	0, 1
	scale<0.080000,0.200000,0.300000>
	matrix <0.339294, -0.936943, 0.083770,
		-0.683283, -0.306680, -0.662625,
		0.646532, 0.167586, -0.744252,
		25.552412, 36.168526, 34.816086>
	pigment { color rgbt <0,1,1,0> }
	no_shadow
}
cylinder {
	<25.201281, 35.392902, 35.046131>,  <25.099838, 36.051212, 35.337059>, 0.130000
	pigment { color rgbt <1,0,0,0> }
	no_shadow
}

// nucleotide -1

// particle -1
sphere {
	<25.201281, 35.392902, 35.046131> 0.250000
	pigment { color rgbt <1,0,0,0> }
	no_shadow
}
cylinder {
	<25.516376, 35.597347, 34.908592>,  <25.705435, 35.720013, 34.826069>, 0.100000
	pigment { color rgbt <1,0,0,0> }
	no_shadow
}
cylinder {
	<25.516376, 35.597347, 34.908592>,  <25.201281, 35.392902, 35.046131>, 0.100000
	pigment { color rgbt <1,0,0,0> }
	no_shadow
}

// particle -1
sphere {
	<25.516376, 35.597347, 34.908592> 0.100000
	pigment { color rgbt <1,0,0,0> }
	no_shadow
}
sphere {
	0, 1
	scale<0.080000,0.200000,0.300000>
	matrix <0.457779, -0.859219, -0.228430,
		-0.412195, 0.022536, -0.910817,
		0.787739, 0.511111, -0.343849,
		25.752699, 35.750679, 34.805439>
	pigment { color rgbt <0,1,1,0> }
	no_shadow
}
cylinder {
	<25.472158, 35.170738, 34.395416>,  <25.201281, 35.392902, 35.046131>, 0.130000
	pigment { color rgbt <1,0,0,0> }
	no_shadow
}

// nucleotide -1

// particle -1
sphere {
	<25.472158, 35.170738, 34.395416> 0.250000
	pigment { color rgbt <1,0,0,0> }
	no_shadow
}
cylinder {
	<25.769287, 35.279720, 34.640034>,  <25.947565, 35.345108, 34.786804>, 0.100000
	pigment { color rgbt <1,0,0,0> }
	no_shadow
}
cylinder {
	<25.769287, 35.279720, 34.640034>,  <25.472158, 35.170738, 34.395416>, 0.100000
	pigment { color rgbt <1,0,0,0> }
	no_shadow
}

// particle -1
sphere {
	<25.769287, 35.279720, 34.640034> 0.100000
	pigment { color rgbt <1,0,0,0> }
	no_shadow
}
sphere {
	0, 1
	scale<0.080000,0.200000,0.300000>
	matrix <0.478801, -0.854644, -0.200830,
		0.467934, 0.441988, -0.765300,
		0.742824, 0.272452, 0.611542,
		25.992134, 35.361454, 34.823498>
	pigment { color rgbt <0,1,1,0> }
	no_shadow
}
cylinder {
	<26.058407, 35.176125, 34.000717>,  <25.472158, 35.170738, 34.395416>, 0.130000
	pigment { color rgbt <1,0,0,0> }
	no_shadow
}

// nucleotide -1

// particle -1
sphere {
	<26.058407, 35.176125, 34.000717> 0.250000
	pigment { color rgbt <1,0,0,0> }
	no_shadow
}
cylinder {
	<26.138262, 35.059696, 34.374973>,  <26.186174, 34.989841, 34.599525>, 0.100000
	pigment { color rgbt <1,0,0,0> }
	no_shadow
}
cylinder {
	<26.138262, 35.059696, 34.374973>,  <26.058407, 35.176125, 34.000717>, 0.100000
	pigment { color rgbt <1,0,0,0> }
	no_shadow
}

// particle -1
sphere {
	<26.138262, 35.059696, 34.374973> 0.100000
	pigment { color rgbt <1,0,0,0> }
	no_shadow
}
sphere {
	0, 1
	scale<0.080000,0.200000,0.300000>
	matrix <0.514490, -0.781514, -0.352897,
		0.833934, 0.551829, -0.006266,
		0.199635, -0.291069, 0.935641,
		26.198153, 34.972374, 34.655666>
	pigment { color rgbt <0,1,1,0> }
	no_shadow
}
cylinder {
	<26.740255, 35.197823, 34.086178>,  <26.058407, 35.176125, 34.000717>, 0.130000
	pigment { color rgbt <1,0,0,0> }
	no_shadow
}

// nucleotide -1

// particle -1
sphere {
	<26.740255, 35.197823, 34.086178> 0.250000
	pigment { color rgbt <1,0,0,0> }
	no_shadow
}
cylinder {
	<26.556934, 34.901936, 34.283268>,  <26.446941, 34.724403, 34.401524>, 0.100000
	pigment { color rgbt <1,0,0,0> }
	no_shadow
}
cylinder {
	<26.556934, 34.901936, 34.283268>,  <26.740255, 35.197823, 34.086178>, 0.100000
	pigment { color rgbt <1,0,0,0> }
	no_shadow
}

// particle -1
sphere {
	<26.556934, 34.901936, 34.283268> 0.100000
	pigment { color rgbt <1,0,0,0> }
	no_shadow
}
sphere {
	0, 1
	scale<0.080000,0.200000,0.300000>
	matrix <0.373287, -0.663307, -0.648599,
		0.806609, -0.113325, 0.580120,
		-0.458300, -0.739717, 0.492726,
		26.419445, 34.680019, 34.431087>
	pigment { color rgbt <0,1,1,0> }
	no_shadow
}
cylinder {
	<27.198460, 34.607491, 34.107281>,  <26.740255, 35.197823, 34.086178>, 0.130000
	pigment { color rgbt <1,0,0,0> }
	no_shadow
}

// nucleotide -1

// particle -1
sphere {
	<27.198460, 34.607491, 34.107281> 0.250000
	pigment { color rgbt <1,0,0,0> }
	no_shadow
}
cylinder {
	<26.842863, 34.438942, 34.178997>,  <26.629505, 34.337814, 34.222027>, 0.100000
	pigment { color rgbt <1,0,0,0> }
	no_shadow
}
cylinder {
	<26.842863, 34.438942, 34.178997>,  <27.198460, 34.607491, 34.107281>, 0.100000
	pigment { color rgbt <1,0,0,0> }
	no_shadow
}

// particle -1
sphere {
	<26.842863, 34.438942, 34.178997> 0.100000
	pigment { color rgbt <1,0,0,0> }
	no_shadow
}
sphere {
	0, 1
	scale<0.080000,0.200000,0.300000>
	matrix <0.237213, -0.758646, -0.606784,
		0.391699, -0.496895, 0.774382,
		-0.888989, -0.421370, 0.179291,
		26.576166, 34.312531, 34.232784>
	pigment { color rgbt <0,1,1,0> }
	no_shadow
}
cylinder {
	<27.140495, 33.994476, 34.439728>,  <27.198460, 34.607491, 34.107281>, 0.130000
	pigment { color rgbt <1,0,0,0> }
	no_shadow
}

// nucleotide -1

// particle -1
sphere {
	<27.140495, 33.994476, 34.439728> 0.250000
	pigment { color rgbt <1,0,0,0> }
	no_shadow
}
cylinder {
	<26.832895, 34.001617, 34.184128>,  <26.648336, 34.005901, 34.030766>, 0.100000
	pigment { color rgbt <1,0,0,0> }
	no_shadow
}
cylinder {
	<26.832895, 34.001617, 34.184128>,  <27.140495, 33.994476, 34.439728>, 0.100000
	pigment { color rgbt <1,0,0,0> }
	no_shadow
}

// particle -1
sphere {
	<26.832895, 34.001617, 34.184128> 0.100000
	pigment { color rgbt <1,0,0,0> }
	no_shadow
}
sphere {
	0, 1
	scale<0.080000,0.200000,0.300000>
	matrix <0.330594, -0.844448, -0.421445,
		-0.547128, -0.535340, 0.643476,
		-0.768998, 0.017855, -0.639002,
		26.602196, 34.006973, 33.992428>
	pigment { color rgbt <0,1,1,0> }
	no_shadow
}
cylinder {
	<27.198053, 34.144081, 35.210762>,  <27.140495, 33.994476, 34.439728>, 0.130000
	pigment { color rgbt <1,0,0,0> }
	no_shadow
}

// nucleotide -1

// particle -1
sphere {
	<27.198053, 34.144081, 35.210762> 0.250000
	pigment { color rgbt <1,0,0,0> }
	no_shadow
}
cylinder {
	<27.388359, 34.381355, 34.950981>,  <27.502542, 34.523720, 34.795113>, 0.100000
	pigment { color rgbt <1,0,0,0> }
	no_shadow
}
cylinder {
	<27.388359, 34.381355, 34.950981>,  <27.198053, 34.144081, 35.210762>, 0.100000
	pigment { color rgbt <1,0,0,0> }
	no_shadow
}

// particle -1
sphere {
	<27.388359, 34.381355, 34.950981> 0.100000
	pigment { color rgbt <1,0,0,0> }
	no_shadow
}
sphere {
	0, 1
	scale<0.080000,0.200000,0.300000>
	matrix <0.866244, -0.187945, 0.462923,
		0.152537, -0.782824, -0.603258,
		0.475766, 0.593181, -0.649448,
		27.531090, 34.559311, 34.756145>
	pigment { color rgbt <0,1,1,0> }
	no_shadow
}
cylinder {
	<27.776651, 33.705608, 35.161602>,  <27.198053, 34.144081, 35.210762>, 0.130000
	pigment { color rgbt <1,0,0,0> }
	no_shadow
}

// nucleotide -1

// particle -1
sphere {
	<27.776651, 33.705608, 35.161602> 0.250000
	pigment { color rgbt <1,0,0,0> }
	no_shadow
}
cylinder {
	<27.872168, 34.084644, 35.076706>,  <27.929478, 34.312065, 35.025768>, 0.100000
	pigment { color rgbt <1,0,0,0> }
	no_shadow
}
cylinder {
	<27.872168, 34.084644, 35.076706>,  <27.776651, 33.705608, 35.161602>, 0.100000
	pigment { color rgbt <1,0,0,0> }
	no_shadow
}

// particle -1
sphere {
	<27.872168, 34.084644, 35.076706> 0.100000
	pigment { color rgbt <1,0,0,0> }
	no_shadow
}
sphere {
	0, 1
	scale<0.080000,0.200000,0.300000>
	matrix <0.899919, -0.133823, 0.415015,
		0.364862, -0.290101, -0.884713,
		0.238791, 0.947593, -0.212241,
		27.943806, 34.368923, 35.013035>
	pigment { color rgbt <0,1,1,0> }
	no_shadow
}
cylinder {
	<28.494635, 33.745605, 34.803059>,  <27.776651, 33.705608, 35.161602>, 0.130000
	pigment { color rgbt <1,0,0,0> }
	no_shadow
}

// nucleotide -1

// particle -1
sphere {
	<28.494635, 33.745605, 34.803059> 0.250000
	pigment { color rgbt <1,0,0,0> }
	no_shadow
}
cylinder {
	<28.389771, 34.073662, 35.006489>,  <28.326853, 34.270496, 35.128548>, 0.100000
	pigment { color rgbt <1,0,0,0> }
	no_shadow
}
cylinder {
	<28.389771, 34.073662, 35.006489>,  <28.494635, 33.745605, 34.803059>, 0.100000
	pigment { color rgbt <1,0,0,0> }
	no_shadow
}

// particle -1
sphere {
	<28.389771, 34.073662, 35.006489> 0.100000
	pigment { color rgbt <1,0,0,0> }
	no_shadow
}
sphere {
	0, 1
	scale<0.080000,0.200000,0.300000>
	matrix <0.822869, -0.085337, 0.561786,
		0.504142, 0.565768, -0.652493,
		-0.262159, 0.820137, 0.508575,
		28.311123, 34.319702, 35.159061>
	pigment { color rgbt <0,1,1,0> }
	no_shadow
}
cylinder {
	<29.082285, 34.193913, 34.815392>,  <28.494635, 33.745605, 34.803059>, 0.130000
	pigment { color rgbt <1,0,0,0> }
	no_shadow
}

// nucleotide -1

// particle -1
sphere {
	<29.082285, 34.193913, 34.815392> 0.250000
	pigment { color rgbt <1,0,0,0> }
	no_shadow
}
cylinder {
	<28.849228, 34.280846, 35.128643>,  <28.709394, 34.333004, 35.316593>, 0.100000
	pigment { color rgbt <1,0,0,0> }
	no_shadow
}
cylinder {
	<28.849228, 34.280846, 35.128643>,  <29.082285, 34.193913, 34.815392>, 0.100000
	pigment { color rgbt <1,0,0,0> }
	no_shadow
}

// particle -1
sphere {
	<28.849228, 34.280846, 35.128643> 0.100000
	pigment { color rgbt <1,0,0,0> }
	no_shadow
}
sphere {
	0, 1
	scale<0.080000,0.200000,0.300000>
	matrix <0.776862, -0.134167, 0.615211,
		0.238776, 0.966833, -0.090667,
		-0.582641, 0.217333, 0.783132,
		28.674435, 34.346046, 35.363583>
	pigment { color rgbt <0,1,1,0> }
	no_shadow
}
cylinder {
	<29.347719, 34.816177, 35.180317>,  <29.082285, 34.193913, 34.815392>, 0.130000
	pigment { color rgbt <1,0,0,0> }
	no_shadow
}

// nucleotide -1

// particle -1
sphere {
	<29.347719, 34.816177, 35.180317> 0.250000
	pigment { color rgbt <1,0,0,0> }
	no_shadow
}
cylinder {
	<29.153162, 34.544724, 35.400455>,  <29.036427, 34.381851, 35.532539>, 0.100000
	pigment { color rgbt <1,0,0,0> }
	no_shadow
}
cylinder {
	<29.153162, 34.544724, 35.400455>,  <29.347719, 34.816177, 35.180317>, 0.100000
	pigment { color rgbt <1,0,0,0> }
	no_shadow
}

// particle -1
sphere {
	<29.153162, 34.544724, 35.400455> 0.100000
	pigment { color rgbt <1,0,0,0> }
	no_shadow
}
sphere {
	0, 1
	scale<0.080000,0.200000,0.300000>
	matrix <0.863544, -0.277436, 0.421094,
		-0.133083, 0.680064, 0.720973,
		-0.486395, -0.678632, 0.550344,
		29.007244, 34.341133, 35.565559>
	pigment { color rgbt <0,1,1,0> }
	no_shadow
}
cylinder {
	<29.883535, 34.615498, 35.435329>,  <29.347719, 34.816177, 35.180317>, 0.130000
	pigment { color rgbt <1,0,0,0> }
	no_shadow
}

// nucleotide -1

// particle -1
sphere {
	<29.883535, 34.615498, 35.435329> 0.250000
	pigment { color rgbt <1,0,0,0> }
	no_shadow
}
cylinder {
	<29.619474, 34.353794, 35.582916>,  <29.461037, 34.196770, 35.671471>, 0.100000
	pigment { color rgbt <1,0,0,0> }
	no_shadow
}
cylinder {
	<29.619474, 34.353794, 35.582916>,  <29.883535, 34.615498, 35.435329>, 0.100000
	pigment { color rgbt <1,0,0,0> }
	no_shadow
}

// particle -1
sphere {
	<29.619474, 34.353794, 35.582916> 0.100000
	pigment { color rgbt <1,0,0,0> }
	no_shadow
}
sphere {
	0, 1
	scale<0.080000,0.200000,0.300000>
	matrix <0.739546, -0.480214, 0.471664,
		-0.131406, 0.584241, 0.800871,
		-0.660155, -0.654261, 0.368970,
		29.421429, 34.157516, 35.693607>
	pigment { color rgbt <0,1,1,0> }
	no_shadow
}
cylinder {
	<30.428215, 34.433582, 35.946423>,  <29.883535, 34.615498, 35.435329>, 0.130000
	pigment { color rgbt <1,0,0,0> }
	no_shadow
}

// nucleotide -1

// particle -1
sphere {
	<30.428215, 34.433582, 35.946423> 0.250000
	pigment { color rgbt <1,0,0,0> }
	no_shadow
}
cylinder {
	<30.524462, 34.563354, 35.580505>,  <30.582209, 34.641216, 35.360954>, 0.100000
	pigment { color rgbt <1,0,0,0> }
	no_shadow
}
cylinder {
	<30.524462, 34.563354, 35.580505>,  <30.428215, 34.433582, 35.946423>, 0.100000
	pigment { color rgbt <1,0,0,0> }
	no_shadow
}

// particle -1
sphere {
	<30.524462, 34.563354, 35.580505> 0.100000
	pigment { color rgbt <1,0,0,0> }
	no_shadow
}
sphere {
	0, 1
	scale<0.080000,0.200000,0.300000>
	matrix <-0.028768, 0.944454, 0.327383,
		0.970194, -0.052457, 0.236583,
		0.240615, 0.324431, -0.914795,
		30.596645, 34.660683, 35.306068>
	pigment { color rgbt <0,1,1,0> }
	no_shadow
}
cylinder {
	<31.209116, 34.709156, 35.912041>,  <30.428215, 34.433582, 35.946423>, 0.130000
	pigment { color rgbt <1,0,0,0> }
	no_shadow
}

// nucleotide -1

// particle -1
sphere {
	<31.209116, 34.709156, 35.912041> 0.250000
	pigment { color rgbt <1,0,0,0> }
	no_shadow
}
cylinder {
	<30.921291, 34.876354, 35.690228>,  <30.748596, 34.976673, 35.557140>, 0.100000
	pigment { color rgbt <1,0,0,0> }
	no_shadow
}
cylinder {
	<30.921291, 34.876354, 35.690228>,  <31.209116, 34.709156, 35.912041>, 0.100000
	pigment { color rgbt <1,0,0,0> }
	no_shadow
}

// particle -1
sphere {
	<30.921291, 34.876354, 35.690228> 0.100000
	pigment { color rgbt <1,0,0,0> }
	no_shadow
}
sphere {
	0, 1
	scale<0.080000,0.200000,0.300000>
	matrix <-0.014736, 0.789179, 0.613987,
		0.694272, 0.449974, -0.561703,
		-0.719562, 0.417996, -0.554535,
		30.705423, 35.001755, 35.523869>
	pigment { color rgbt <0,1,1,0> }
	no_shadow
}
cylinder {
	<31.644793, 34.488529, 36.440517>,  <31.209116, 34.709156, 35.912041>, 0.130000
	pigment { color rgbt <1,0,0,0> }
	no_shadow
}

// nucleotide -1

// particle -1
sphere {
	<31.644793, 34.488529, 36.440517> 0.250000
	pigment { color rgbt <1,0,0,0> }
	no_shadow
}
cylinder {
	<31.672230, 34.165585, 36.674942>,  <31.688692, 33.971817, 36.815598>, 0.100000
	pigment { color rgbt <1,0,0,0> }
	no_shadow
}
cylinder {
	<31.672230, 34.165585, 36.674942>,  <31.644793, 34.488529, 36.440517>, 0.100000
	pigment { color rgbt <1,0,0,0> }
	no_shadow
}

// particle -1
sphere {
	<31.672230, 34.165585, 36.674942> 0.100000
	pigment { color rgbt <1,0,0,0> }
	no_shadow
}
sphere {
	0, 1
	scale<0.080000,0.200000,0.300000>
	matrix <0.936910, 0.253968, 0.240209,
		-0.342776, 0.532609, 0.773842,
		0.068593, -0.807358, 0.586061,
		31.692808, 33.923378, 36.850761>
	pigment { color rgbt <0,1,1,0> }
	no_shadow
}
cylinder {
	<32.091976, 34.288353, 35.923721>,  <31.644793, 34.488529, 36.440517>, 0.130000
	pigment { color rgbt <1,0,0,0> }
	no_shadow
}

// nucleotide -1

// particle -1
sphere {
	<32.091976, 34.288353, 35.923721> 0.250000
	pigment { color rgbt <1,0,0,0> }
	no_shadow
}
cylinder {
	<32.433720, 34.472126, 35.826565>,  <32.638763, 34.582390, 35.768272>, 0.100000
	pigment { color rgbt <1,0,0,0> }
	no_shadow
}
cylinder {
	<32.433720, 34.472126, 35.826565>,  <32.091976, 34.288353, 35.923721>, 0.100000
	pigment { color rgbt <1,0,0,0> }
	no_shadow
}

// particle -1
sphere {
	<32.433720, 34.472126, 35.826565> 0.100000
	pigment { color rgbt <1,0,0,0> }
	no_shadow
}
sphere {
	0, 1
	scale<0.080000,0.200000,0.300000>
	matrix <0.418021, -0.329851, 0.846438,
		0.308765, -0.824693, -0.473863,
		0.854355, 0.459435, -0.242892,
		32.690025, 34.609955, 35.753696>
	pigment { color rgbt <0,1,1,0> }
	no_shadow
}
cylinder {
	<32.766567, 33.844494, 35.879925>,  <32.091976, 34.288353, 35.923721>, 0.130000
	pigment { color rgbt <1,0,0,0> }
	no_shadow
}

// nucleotide -1

// particle -1
sphere {
	<32.766567, 33.844494, 35.879925> 0.250000
	pigment { color rgbt <1,0,0,0> }
	no_shadow
}
cylinder {
	<32.826904, 34.204056, 36.044468>,  <32.863106, 34.419792, 36.143192>, 0.100000
	pigment { color rgbt <1,0,0,0> }
	no_shadow
}
cylinder {
	<32.826904, 34.204056, 36.044468>,  <32.766567, 33.844494, 35.879925>, 0.100000
	pigment { color rgbt <1,0,0,0> }
	no_shadow
}

// particle -1
sphere {
	<32.826904, 34.204056, 36.044468> 0.100000
	pigment { color rgbt <1,0,0,0> }
	no_shadow
}
sphere {
	0, 1
	scale<0.080000,0.200000,0.300000>
	matrix <0.418924, -0.435032, 0.797026,
		0.895404, 0.052099, -0.442196,
		0.150845, 0.898907, 0.411355,
		32.872158, 34.473728, 36.167873>
	pigment { color rgbt <0,1,1,0> }
	no_shadow
}
cylinder {
	<33.196465, 33.704056, 35.216507>,  <32.766567, 33.844494, 35.879925>, 0.130000
	pigment { color rgbt <1,0,0,0> }
	no_shadow
}

// nucleotide -1

// particle -1
sphere {
	<33.196465, 33.704056, 35.216507> 0.250000
	pigment { color rgbt <1,0,0,0> }
	no_shadow
}
cylinder {
	<33.076004, 33.951908, 34.926579>,  <33.003727, 34.100620, 34.752621>, 0.100000
	pigment { color rgbt <1,0,0,0> }
	no_shadow
}
cylinder {
	<33.076004, 33.951908, 34.926579>,  <33.196465, 33.704056, 35.216507>, 0.100000
	pigment { color rgbt <1,0,0,0> }
	no_shadow
}

// particle -1
sphere {
	<33.076004, 33.951908, 34.926579> 0.100000
	pigment { color rgbt <1,0,0,0> }
	no_shadow
}
sphere {
	0, 1
	scale<0.080000,0.200000,0.300000>
	matrix <0.555876, 0.731675, 0.394529,
		0.774798, -0.284101, -0.564779,
		-0.301149, 0.619628, -0.724825,
		32.985661, 34.137794, 34.709129>
	pigment { color rgbt <0,1,1,0> }
	no_shadow
}
cylinder {
	<33.620636, 33.100723, 35.341591>,  <33.196465, 33.704056, 35.216507>, 0.130000
	pigment { color rgbt <1,0,0,0> }
	no_shadow
}

// nucleotide -1

// particle -1
sphere {
	<33.620636, 33.100723, 35.341591> 0.250000
	pigment { color rgbt <1,0,0,0> }
	no_shadow
}
cylinder {
	<33.502014, 32.814762, 35.594883>,  <33.430843, 32.643185, 35.746857>, 0.100000
	pigment { color rgbt <1,0,0,0> }
	no_shadow
}
cylinder {
	<33.502014, 32.814762, 35.594883>,  <33.620636, 33.100723, 35.341591>, 0.100000
	pigment { color rgbt <1,0,0,0> }
	no_shadow
}

// particle -1
sphere {
	<33.502014, 32.814762, 35.594883> 0.100000
	pigment { color rgbt <1,0,0,0> }
	no_shadow
}
sphere {
	0, 1
	scale<0.080000,0.200000,0.300000>
	matrix <0.420978, -0.693011, -0.585246,
		0.857225, 0.093019, 0.506470,
		-0.296551, -0.714901, 0.633226,
		33.413048, 32.600292, 35.784851>
	pigment { color rgbt <0,1,1,0> }
	no_shadow
}
cylinder {
	<34.199341, 32.781971, 35.532768>,  <33.620636, 33.100723, 35.341591>, 0.130000
	pigment { color rgbt <1,0,0,0> }
	no_shadow
}

// nucleotide -1

// particle -1
sphere {
	<34.199341, 32.781971, 35.532768> 0.250000
	pigment { color rgbt <1,0,0,0> }
	no_shadow
}
cylinder {
	<33.885895, 32.535164, 35.503826>,  <33.697826, 32.387081, 35.486462>, 0.100000
	pigment { color rgbt <1,0,0,0> }
	no_shadow
}
cylinder {
	<33.885895, 32.535164, 35.503826>,  <34.199341, 32.781971, 35.532768>, 0.100000
	pigment { color rgbt <1,0,0,0> }
	no_shadow
}

// particle -1
sphere {
	<33.885895, 32.535164, 35.503826> 0.100000
	pigment { color rgbt <1,0,0,0> }
	no_shadow
}
sphere {
	0, 1
	scale<0.080000,0.200000,0.300000>
	matrix <0.483757, -0.532975, -0.694201,
		0.389769, -0.578991, 0.716135,
		-0.783619, -0.617014, -0.072354,
		33.650810, 32.350060, 35.482121>
	pigment { color rgbt <0,1,1,0> }
	no_shadow
}
cylinder {
	<34.457081, 32.190006, 35.567490>,  <34.199341, 32.781971, 35.532768>, 0.130000
	pigment { color rgbt <1,0,0,0> }
	no_shadow
}

// nucleotide -1

// particle -1
sphere {
	<34.457081, 32.190006, 35.567490> 0.250000
	pigment { color rgbt <1,0,0,0> }
	no_shadow
}
cylinder {
	<34.117828, 32.132767, 35.363453>,  <33.914276, 32.098423, 35.241032>, 0.100000
	pigment { color rgbt <1,0,0,0> }
	no_shadow
}
cylinder {
	<34.117828, 32.132767, 35.363453>,  <34.457081, 32.190006, 35.567490>, 0.100000
	pigment { color rgbt <1,0,0,0> }
	no_shadow
}

// particle -1
sphere {
	<34.117828, 32.132767, 35.363453> 0.100000
	pigment { color rgbt <1,0,0,0> }
	no_shadow
}
sphere {
	0, 1
	scale<0.080000,0.200000,0.300000>
	matrix <0.517551, -0.429490, -0.740054,
		-0.113177, -0.891662, 0.438326,
		-0.848134, -0.143099, -0.510089,
		33.863388, 32.089836, 35.210426>
	pigment { color rgbt <0,1,1,0> }
	no_shadow
}
cylinder {
	<34.410046, 31.466358, 35.276756>,  <34.457081, 32.190006, 35.567490>, 0.130000
	pigment { color rgbt <1,0,0,0> }
	no_shadow
}

// nucleotide -1

// particle -1
sphere {
	<34.410046, 31.466358, 35.276756> 0.250000
	pigment { color rgbt <1,0,0,0> }
	no_shadow
}
cylinder {
	<34.168789, 31.703791, 35.063637>,  <34.024033, 31.846251, 34.935764>, 0.100000
	pigment { color rgbt <1,0,0,0> }
	no_shadow
}
cylinder {
	<34.168789, 31.703791, 35.063637>,  <34.410046, 31.466358, 35.276756>, 0.100000
	pigment { color rgbt <1,0,0,0> }
	no_shadow
}

// particle -1
sphere {
	<34.168789, 31.703791, 35.063637> 0.100000
	pigment { color rgbt <1,0,0,0> }
	no_shadow
}
sphere {
	0, 1
	scale<0.080000,0.200000,0.300000>
	matrix <0.331629, -0.420893, -0.844317,
		-0.725424, -0.685937, 0.057010,
		-0.603143, 0.593582, -0.532802,
		33.987846, 31.881865, 34.903797>
	pigment { color rgbt <0,1,1,0> }
	no_shadow
}
cylinder {
	<34.818710, 31.263748, 35.897118>,  <34.410046, 31.466358, 35.276756>, 0.130000
	pigment { color rgbt <1,0,0,0> }
	no_shadow
}

// nucleotide -1

// particle -1
sphere {
	<34.818710, 31.263748, 35.897118> 0.250000
	pigment { color rgbt <1,0,0,0> }
	no_shadow
}
cylinder {
	<35.026516, 31.441132, 36.189270>,  <35.151199, 31.547562, 36.364559>, 0.100000
	pigment { color rgbt <1,0,0,0> }
	no_shadow
}
cylinder {
	<35.026516, 31.441132, 36.189270>,  <34.818710, 31.263748, 35.897118>, 0.100000
	pigment { color rgbt <1,0,0,0> }
	no_shadow
}

// particle -1
sphere {
	<35.026516, 31.441132, 36.189270> 0.100000
	pigment { color rgbt <1,0,0,0> }
	no_shadow
}
sphere {
	0, 1
	scale<0.080000,0.200000,0.300000>
	matrix <0.853958, -0.298872, -0.425947,
		0.029399, 0.844996, -0.533964,
		0.519510, 0.443460, 0.730378,
		35.182369, 31.574169, 36.408382>
	pigment { color rgbt <0,1,1,0> }
	no_shadow
}
cylinder {
	<35.326794, 31.815397, 35.672241>,  <34.818710, 31.263748, 35.897118>, 0.130000
	pigment { color rgbt <1,0,0,0> }
	no_shadow
}

// nucleotide -1

// particle -1
sphere {
	<35.326794, 31.815397, 35.672241> 0.250000
	pigment { color rgbt <1,0,0,0> }
	no_shadow
}
cylinder {
	<35.431381, 31.597967, 35.991280>,  <35.494133, 31.467510, 36.182705>, 0.100000
	pigment { color rgbt <1,0,0,0> }
	no_shadow
}
cylinder {
	<35.431381, 31.597967, 35.991280>,  <35.326794, 31.815397, 35.672241>, 0.100000
	pigment { color rgbt <1,0,0,0> }
	no_shadow
}

// particle -1
sphere {
	<35.431381, 31.597967, 35.991280> 0.100000
	pigment { color rgbt <1,0,0,0> }
	no_shadow
}
sphere {
	0, 1
	scale<0.080000,0.200000,0.300000>
	matrix <0.780576, -0.366981, -0.505990,
		0.567746, 0.754886, 0.328347,
		0.261467, -0.543574, 0.797598,
		35.509823, 31.434895, 36.230560>
	pigment { color rgbt <0,1,1,0> }
	no_shadow
}
cylinder {
	<35.935780, 32.123280, 35.863129>,  <35.326794, 31.815397, 35.672241>, 0.130000
	pigment { color rgbt <1,0,0,0> }
	no_shadow
}

// nucleotide -1

// particle -1
sphere {
	<35.935780, 32.123280, 35.863129> 0.250000
	pigment { color rgbt <1,0,0,0> }
	no_shadow
}
cylinder {
	<35.870605, 31.732145, 35.915733>,  <35.831501, 31.497465, 35.947296>, 0.100000
	pigment { color rgbt <1,0,0,0> }
	no_shadow
}
cylinder {
	<35.870605, 31.732145, 35.915733>,  <35.935780, 32.123280, 35.863129>, 0.100000
	pigment { color rgbt <1,0,0,0> }
	no_shadow
}

// particle -1
sphere {
	<35.870605, 31.732145, 35.915733> 0.100000
	pigment { color rgbt <1,0,0,0> }
	no_shadow
}
sphere {
	0, 1
	scale<0.080000,0.200000,0.300000>
	matrix <0.784684, -0.209228, -0.583520,
		0.598100, 0.008118, 0.801380,
		-0.162934, -0.977833, 0.131509,
		35.821724, 31.438795, 35.955185>
	pigment { color rgbt <0,1,1,0> }
	no_shadow
}
cylinder {
	<36.449146, 31.764524, 36.237835>,  <35.935780, 32.123280, 35.863129>, 0.130000
	pigment { color rgbt <1,0,0,0> }
	no_shadow
}

// nucleotide -1

// particle -1
sphere {
	<36.449146, 31.764524, 36.237835> 0.250000
	pigment { color rgbt <1,0,0,0> }
	no_shadow
}
cylinder {
	<36.283138, 31.531904, 35.957962>,  <36.183533, 31.392332, 35.790039>, 0.100000
	pigment { color rgbt <1,0,0,0> }
	no_shadow
}
cylinder {
	<36.283138, 31.531904, 35.957962>,  <36.449146, 31.764524, 36.237835>, 0.100000
	pigment { color rgbt <1,0,0,0> }
	no_shadow
}

// particle -1
sphere {
	<36.283138, 31.531904, 35.957962> 0.100000
	pigment { color rgbt <1,0,0,0> }
	no_shadow
}
sphere {
	0, 1
	scale<0.080000,0.200000,0.300000>
	matrix <0.878161, -0.054964, -0.475197,
		0.237894, -0.811651, 0.533507,
		-0.415017, -0.581551, -0.699685,
		36.158634, 31.357439, 35.748058>
	pigment { color rgbt <0,1,1,0> }
	no_shadow
}
cylinder {
	<36.832993, 31.081684, 36.365452>,  <36.449146, 31.764524, 36.237835>, 0.130000
	pigment { color rgbt <1,0,0,0> }
	no_shadow
}

// nucleotide -1

// particle -1
sphere {
	<36.832993, 31.081684, 36.365452> 0.250000
	pigment { color rgbt <1,0,0,0> }
	no_shadow
}
cylinder {
	<36.681129, 31.127550, 35.998253>,  <36.590012, 31.155069, 35.777935>, 0.100000
	pigment { color rgbt <1,0,0,0> }
	no_shadow
}
cylinder {
	<36.681129, 31.127550, 35.998253>,  <36.832993, 31.081684, 36.365452>, 0.100000
	pigment { color rgbt <1,0,0,0> }
	no_shadow
}

// particle -1
sphere {
	<36.681129, 31.127550, 35.998253> 0.100000
	pigment { color rgbt <1,0,0,0> }
	no_shadow
}
sphere {
	0, 1
	scale<0.080000,0.200000,0.300000>
	matrix <0.894647, -0.207108, -0.395870,
		-0.235516, -0.971575, -0.023953,
		-0.379657, 0.114663, -0.917994,
		36.567234, 31.161949, 35.722855>
	pigment { color rgbt <0,1,1,0> }
	no_shadow
}
cylinder {
	<37.156315, 30.482258, 36.065666>,  <36.832993, 31.081684, 36.365452>, 0.130000
	pigment { color rgbt <1,0,0,0> }
	no_shadow
}

// nucleotide -1

// particle -1
sphere {
	<37.156315, 30.482258, 36.065666> 0.250000
	pigment { color rgbt <1,0,0,0> }
	no_shadow
}
cylinder {
	<37.044434, 30.710230, 35.756618>,  <36.977306, 30.847013, 35.571190>, 0.100000
	pigment { color rgbt <1,0,0,0> }
	no_shadow
}
cylinder {
	<37.044434, 30.710230, 35.756618>,  <37.156315, 30.482258, 36.065666>, 0.100000
	pigment { color rgbt <1,0,0,0> }
	no_shadow
}

// particle -1
sphere {
	<37.044434, 30.710230, 35.756618> 0.100000
	pigment { color rgbt <1,0,0,0> }
	no_shadow
}
sphere {
	0, 1
	scale<0.080000,0.200000,0.300000>
	matrix <0.761867, -0.357940, -0.539850,
		-0.584229, -0.739633, -0.334095,
		-0.279704, 0.569932, -0.772621,
		36.960522, 30.881210, 35.524834>
	pigment { color rgbt <0,1,1,0> }
	no_shadow
}
cylinder {
	<37.244576, 30.060862, 35.326862>,  <37.156315, 30.482258, 36.065666>, 0.130000
	pigment { color rgbt <1,0,0,0> }
	no_shadow
}

// nucleotide -1

// particle -1
sphere {
	<37.244576, 30.060862, 35.326862> 0.250000
	pigment { color rgbt <1,0,0,0> }
	no_shadow
}
cylinder {
	<37.322063, 30.443459, 35.414131>,  <37.368557, 30.673016, 35.466492>, 0.100000
	pigment { color rgbt <1,0,0,0> }
	no_shadow
}
cylinder {
	<37.322063, 30.443459, 35.414131>,  <37.244576, 30.060862, 35.326862>, 0.100000
	pigment { color rgbt <1,0,0,0> }
	no_shadow
}

// particle -1
sphere {
	<37.322063, 30.443459, 35.414131> 0.100000
	pigment { color rgbt <1,0,0,0> }
	no_shadow
}
sphere {
	0, 1
	scale<0.080000,0.200000,0.300000>
	matrix <0.941507, -0.118745, -0.315380,
		-0.275751, 0.266507, -0.923545,
		0.193717, 0.956490, 0.218175,
		37.380180, 30.730406, 35.479584>
	pigment { color rgbt <0,1,1,0> }
	no_shadow
}
cylinder {
	<37.690735, 30.236202, 34.805321>,  <37.244576, 30.060862, 35.326862>, 0.130000
	pigment { color rgbt <1,0,0,0> }
	no_shadow
}

// nucleotide -1

// particle -1
sphere {
	<37.690735, 30.236202, 34.805321> 0.250000
	pigment { color rgbt <1,0,0,0> }
	no_shadow
}
cylinder {
	<37.732803, 30.523230, 35.080719>,  <37.758045, 30.695446, 35.245960>, 0.100000
	pigment { color rgbt <1,0,0,0> }
	no_shadow
}
cylinder {
	<37.732803, 30.523230, 35.080719>,  <37.690735, 30.236202, 34.805321>, 0.100000
	pigment { color rgbt <1,0,0,0> }
	no_shadow
}

// particle -1
sphere {
	<37.732803, 30.523230, 35.080719> 0.100000
	pigment { color rgbt <1,0,0,0> }
	no_shadow
}
sphere {
	0, 1
	scale<0.080000,0.200000,0.300000>
	matrix <0.950190, 0.131752, -0.282456,
		-0.293393, 0.683911, -0.667972,
		0.105168, 0.717570, 0.688500,
		37.764355, 30.738501, 35.287270>
	pigment { color rgbt <0,1,1,0> }
	no_shadow
}
cylinder {
	<37.865971, 30.847727, 34.508701>,  <37.690735, 30.236202, 34.805321>, 0.130000
	pigment { color rgbt <1,0,0,0> }
	no_shadow
}

// nucleotide -1

// particle -1
sphere {
	<37.865971, 30.847727, 34.508701> 0.250000
	pigment { color rgbt <1,0,0,0> }
	no_shadow
}
cylinder {
	<38.027096, 30.824780, 34.874096>,  <38.123772, 30.811010, 35.093330>, 0.100000
	pigment { color rgbt <1,0,0,0> }
	no_shadow
}
cylinder {
	<38.027096, 30.824780, 34.874096>,  <37.865971, 30.847727, 34.508701>, 0.100000
	pigment { color rgbt <1,0,0,0> }
	no_shadow
}

// particle -1
sphere {
	<38.027096, 30.824780, 34.874096> 0.100000
	pigment { color rgbt <1,0,0,0> }
	no_shadow
}
sphere {
	0, 1
	scale<0.080000,0.200000,0.300000>
	matrix <0.912869, 0.097605, -0.396413,
		-0.066418, 0.993570, 0.091688,
		0.402814, -0.057370, 0.913482,
		38.147942, 30.807568, 35.148140>
	pigment { color rgbt <0,1,1,0> }
	no_shadow
}
cylinder {
	<38.381496, 31.487265, 34.605091>,  <37.865971, 30.847727, 34.508701>, 0.130000
	pigment { color rgbt <1,0,0,0> }
	no_shadow
}

// nucleotide -1

// particle -1
sphere {
	<38.381496, 31.487265, 34.605091> 0.250000
	pigment { color rgbt <1,0,0,0> }
	no_shadow
}
cylinder {
	<38.461964, 31.131517, 34.769314>,  <38.510242, 30.918070, 34.867847>, 0.100000
	pigment { color rgbt <1,0,0,0> }
	no_shadow
}
cylinder {
	<38.461964, 31.131517, 34.769314>,  <38.381496, 31.487265, 34.605091>, 0.100000
	pigment { color rgbt <1,0,0,0> }
	no_shadow
}

// particle -1
sphere {
	<38.461964, 31.131517, 34.769314> 0.100000
	pigment { color rgbt <1,0,0,0> }
	no_shadow
}
sphere {
	0, 1
	scale<0.080000,0.200000,0.300000>
	matrix <0.860844, -0.039486, -0.507335,
		0.467418, 0.455485, 0.757663,
		0.201166, -0.889367, 0.410558,
		38.522312, 30.864708, 34.892483>
	pigment { color rgbt <0,1,1,0> }
	no_shadow
}
cylinder {
	<38.891983, 31.489985, 35.111610>,  <38.381496, 31.487265, 34.605091>, 0.130000
	pigment { color rgbt <1,0,0,0> }
	no_shadow
}

// nucleotide -1

// particle -1
sphere {
	<38.891983, 31.489985, 35.111610> 0.250000
	pigment { color rgbt <1,0,0,0> }
	no_shadow
}
cylinder {
	<38.825520, 31.189184, 34.856461>,  <38.785641, 31.008703, 34.703369>, 0.100000
	pigment { color rgbt <1,0,0,0> }
	no_shadow
}
cylinder {
	<38.825520, 31.189184, 34.856461>,  <38.891983, 31.489985, 35.111610>, 0.100000
	pigment { color rgbt <1,0,0,0> }
	no_shadow
}

// particle -1
sphere {
	<38.825520, 31.189184, 34.856461> 0.100000
	pigment { color rgbt <1,0,0,0> }
	no_shadow
}
sphere {
	0, 1
	scale<0.080000,0.200000,0.300000>
	matrix <0.814907, 0.259528, -0.518238,
		0.555263, -0.605918, 0.569690,
		-0.166160, -0.752003, -0.637874,
		38.775673, 30.963583, 34.665100>
	pigment { color rgbt <0,1,1,0> }
	no_shadow
}
cylinder {
	<39.528313, 31.063835, 35.007385>,  <38.891983, 31.489985, 35.111610>, 0.130000
	pigment { color rgbt <1,0,0,0> }
	no_shadow
}

// nucleotide -1

// particle -1
sphere {
	<39.528313, 31.063835, 35.007385> 0.250000
	pigment { color rgbt <1,0,0,0> }
	no_shadow
}
cylinder {
	<39.312668, 31.050339, 34.670761>,  <39.183281, 31.042242, 34.468788>, 0.100000
	pigment { color rgbt <1,0,0,0> }
	no_shadow
}
cylinder {
	<39.312668, 31.050339, 34.670761>,  <39.528313, 31.063835, 35.007385>, 0.100000
	pigment { color rgbt <1,0,0,0> }
	no_shadow
}

// particle -1
sphere {
	<39.312668, 31.050339, 34.670761> 0.100000
	pigment { color rgbt <1,0,0,0> }
	no_shadow
}
sphere {
	0, 1
	scale<0.080000,0.200000,0.300000>
	matrix <0.834375, 0.114804, -0.539109,
		0.114804, -0.992815, -0.033740,
		0.539109, 0.033740, 0.841560,
		39.150936, 31.040216, 34.418293>
	pigment { color rgbt <0,1,1,0> }
	no_shadow
}
cylinder {
	<39.898155, 30.628016, 34.527378>,  <39.528313, 31.063835, 35.007385>, 0.130000
	pigment { color rgbt <1,0,0,0> }
	no_shadow
}

// nucleotide -1

// particle -1
sphere {
	<39.898155, 30.628016, 34.527378> 0.250000
	pigment { color rgbt <1,0,0,0> }
	no_shadow
}
cylinder {
	<39.661987, 30.886248, 34.333622>,  <39.520287, 31.041187, 34.217369>, 0.100000
	pigment { color rgbt <1,0,0,0> }
	no_shadow
}
cylinder {
	<39.661987, 30.886248, 34.333622>,  <39.898155, 30.628016, 34.527378>, 0.100000
	pigment { color rgbt <1,0,0,0> }
	no_shadow
}

// particle -1
sphere {
	<39.661987, 30.886248, 34.333622> 0.100000
	pigment { color rgbt <1,0,0,0> }
	no_shadow
}
sphere {
	0, 1
	scale<0.080000,0.200000,0.300000>
	matrix <0.671649, 0.060207, -0.738419,
		-0.447544, -0.761317, -0.469149,
		-0.590417, 0.645579, -0.484392,
		39.484863, 31.079922, 34.188305>
	pigment { color rgbt <0,1,1,0> }
	no_shadow
}
cylinder {
	<39.655891, 30.431068, 33.866421>,  <39.898155, 30.628016, 34.527378>, 0.130000
	pigment { color rgbt <1,0,0,0> }
	no_shadow
}

// nucleotide -1

// particle -1
sphere {
	<39.655891, 30.431068, 33.866421> 0.250000
	pigment { color rgbt <1,0,0,0> }
	no_shadow
}
cylinder {
	<39.615135, 30.827990, 33.838280>,  <39.590683, 31.066143, 33.821396>, 0.100000
	pigment { color rgbt <1,0,0,0> }
	no_shadow
}
cylinder {
	<39.615135, 30.827990, 33.838280>,  <39.655891, 30.431068, 33.866421>, 0.100000
	pigment { color rgbt <1,0,0,0> }
	no_shadow
}

// particle -1
sphere {
	<39.615135, 30.827990, 33.838280> 0.100000
	pigment { color rgbt <1,0,0,0> }
	no_shadow
}
sphere {
	0, 1
	scale<0.080000,0.200000,0.300000>
	matrix <0.547495, -0.003113, -0.836803,
		-0.830583, -0.123777, -0.542965,
		-0.101887, 0.992305, -0.070353,
		39.584568, 31.125681, 33.817173>
	pigment { color rgbt <0,1,1,0> }
	no_shadow
}
cylinder {
	<39.443718, 30.659395, 33.154049>,  <39.655891, 30.431068, 33.866421>, 0.130000
	pigment { color rgbt <1,0,0,0> }
	no_shadow
}

// nucleotide -1

// particle -1
sphere {
	<39.443718, 30.659395, 33.154049> 0.250000
	pigment { color rgbt <1,0,0,0> }
	no_shadow
}
cylinder {
	<39.649170, 30.956779, 33.325375>,  <39.772442, 31.135210, 33.428169>, 0.100000
	pigment { color rgbt <1,0,0,0> }
	no_shadow
}
cylinder {
	<39.649170, 30.956779, 33.325375>,  <39.443718, 30.659395, 33.154049>, 0.100000
	pigment { color rgbt <1,0,0,0> }
	no_shadow
}

// particle -1
sphere {
	<39.649170, 30.956779, 33.325375> 0.100000
	pigment { color rgbt <1,0,0,0> }
	no_shadow
}
sphere {
	0, 1
	scale<0.080000,0.200000,0.300000>
	matrix <0.477901, 0.166707, -0.862450,
		-0.712600, 0.647670, -0.269675,
		0.513627, 0.743459, 0.428317,
		39.803257, 31.179817, 33.453869>
	pigment { color rgbt <0,1,1,0> }
	no_shadow
}
cylinder {
	<39.483070, 31.352690, 32.760872>,  <39.443718, 30.659395, 33.154049>, 0.130000
	pigment { color rgbt <1,0,0,0> }
	no_shadow
}

// nucleotide -1

// particle -1
sphere {
	<39.483070, 31.352690, 32.760872> 0.250000
	pigment { color rgbt <1,0,0,0> }
	no_shadow
}
cylinder {
	<39.817986, 31.347660, 32.979519>,  <40.018936, 31.344643, 33.110706>, 0.100000
	pigment { color rgbt <1,0,0,0> }
	no_shadow
}
cylinder {
	<39.817986, 31.347660, 32.979519>,  <39.483070, 31.352690, 32.760872>, 0.100000
	pigment { color rgbt <1,0,0,0> }
	no_shadow
}

// particle -1
sphere {
	<39.817986, 31.347660, 32.979519> 0.100000
	pigment { color rgbt <1,0,0,0> }
	no_shadow
}
sphere {
	0, 1
	scale<0.080000,0.200000,0.300000>
	matrix <0.545721, 0.080802, -0.834062,
		-0.033678, 0.996651, 0.074518,
		0.837290, -0.012576, 0.546615,
		40.069172, 31.343887, 33.143505>
	pigment { color rgbt <0,1,1,0> }
	no_shadow
}
cylinder {
	<39.904015, 31.882347, 32.439976>,  <39.483070, 31.352690, 32.760872>, 0.130000
	pigment { color rgbt <1,0,0,0> }
	no_shadow
}

// nucleotide -1

// particle -1
sphere {
	<39.904015, 31.882347, 32.439976> 0.250000
	pigment { color rgbt <1,0,0,0> }
	no_shadow
}
cylinder {
	<40.154354, 31.660212, 32.659031>,  <40.304558, 31.526930, 32.790462>, 0.100000
	pigment { color rgbt <1,0,0,0> }
	no_shadow
}
cylinder {
	<40.154354, 31.660212, 32.659031>,  <39.904015, 31.882347, 32.439976>, 0.100000
	pigment { color rgbt <1,0,0,0> }
	no_shadow
}

// particle -1
sphere {
	<40.154354, 31.660212, 32.659031> 0.100000
	pigment { color rgbt <1,0,0,0> }
	no_shadow
}
sphere {
	0, 1
	scale<0.080000,0.200000,0.300000>
	matrix <0.667299, 0.017775, -0.744578,
		0.403758, 0.831435, 0.381701,
		0.625852, -0.555338, 0.547639,
		40.342110, 31.493610, 32.823322>
	pigment { color rgbt <0,1,1,0> }
	no_shadow
}
cylinder {
	<40.584557, 32.280994, 32.544601>,  <39.904015, 31.882347, 32.439976>, 0.130000
	pigment { color rgbt <1,0,0,0> }
	no_shadow
}

// nucleotide -1

// particle -1
sphere {
	<40.584557, 32.280994, 32.544601> 0.250000
	pigment { color rgbt <1,0,0,0> }
	no_shadow
}
cylinder {
	<40.594906, 31.882523, 32.511223>,  <40.601116, 31.643440, 32.491196>, 0.100000
	pigment { color rgbt <1,0,0,0> }
	no_shadow
}
cylinder {
	<40.594906, 31.882523, 32.511223>,  <40.584557, 32.280994, 32.544601>, 0.100000
	pigment { color rgbt <1,0,0,0> }
	no_shadow
}

// particle -1
sphere {
	<40.594906, 31.882523, 32.511223> 0.100000
	pigment { color rgbt <1,0,0,0> }
	no_shadow
}
sphere {
	0, 1
	scale<0.080000,0.200000,0.300000>
	matrix <0.592975, 0.082500, -0.800983,
