// switches for output
#declare DRAW_BASES = 1; // possible values are 0, 1; only relevant for DNA ribbons
#declare DRAW_BASES_TYPE = 3; // possible values are 1, 2, 3; only relevant for DNA ribbons
#declare DRAW_FOG = 0; // set to 1 to enable fog

#include "colors.inc"

#include "transforms.inc"
background { rgb <1, 1, 1>}

#default {
   normal{
       ripples 0.25
       frequency 0.20
       turbulence 0.2
       lambda 5
   }
	finish {
		phong 0.1
		phong_size 40.
	}
}

// original window dimensions: 1024x640


// camera settings

camera {
	sky <0, 0.179814, -0.983701>
	up <0, 0.179814, -0.983701>
	right 1.6 * <1, 0, 0>
	location <35, 94.9851, 44.8844>
	look_at <35, 29.7336, 32.9568>
	direction <0, -65.2515, -11.9276>
	angle 67.0682
}


# declare cpy_camera_pos = <35, 94.9851, 44.8844>;
# if (DRAW_FOG = 1)
fog {
	fog_type 2
	up vnormalize(cpy_camera_pos)
	color rgbt<1,1,1,0.3>
	distance 1e-5
	fog_alt 3e-3
	fog_offset 56
}
# end


// LIGHTS

# declare lum = 6;
global_settings {
	ambient_light rgb lum * <0.05, 0.05, 0.05>
	max_trace_level 15
}# declare cpy_direct_light_amount = 0.25;
light_source
{	1000 * <-1, -1.16352, -0.803886>,
	rgb lum * cpy_direct_light_amount
	parallel
}

light_source
{	1000 * <1, 1.16352, 0.803886>,
	rgb lum * cpy_direct_light_amount
	parallel
}

// strand 0

// nucleotide -1

// particle -1
sphere {
	<24.530708, 34.933319, 34.731956> 0.250000
	pigment { color rgbt <1,0,0,0> }
	no_shadow
}
cylinder {
	<24.336849, 35.158817, 34.999481>,  <24.220533, 35.294117, 35.159996>, 0.100000
	pigment { color rgbt <1,0,0,0> }
	no_shadow
}
cylinder {
	<24.336849, 35.158817, 34.999481>,  <24.530708, 34.933319, 34.731956>, 0.100000
	pigment { color rgbt <1,0,0,0> }
	no_shadow
}

// particle -1
sphere {
	<24.336849, 35.158817, 34.999481> 0.100000
	pigment { color rgbt <1,0,0,0> }
	no_shadow
}
sphere {
	0, 1
	scale<0.080000,0.200000,0.300000>
	matrix <0.793474, 0.605132, 0.064914,
		-0.368123, 0.562144, -0.740594,
		-0.484649, 0.563746, 0.668810,
		24.191454, 35.327942, 35.200123>
	pigment { color rgbt <0,1,1,0> }
	no_shadow
}
cylinder {
	<24.596426, 35.531311, 34.359138>,  <24.530708, 34.933319, 34.731956>, 0.130000
	pigment { color rgbt <1,0,0,0> }
	no_shadow
}

// nucleotide -1

// particle -1
sphere {
	<24.596426, 35.531311, 34.359138> 0.250000
	pigment { color rgbt <1,0,0,0> }
	no_shadow
}
cylinder {
	<24.551405, 35.523369, 34.756519>,  <24.524393, 35.518604, 34.994946>, 0.100000
	pigment { color rgbt <1,0,0,0> }
	no_shadow
}
cylinder {
	<24.551405, 35.523369, 34.756519>,  <24.596426, 35.531311, 34.359138>, 0.100000
	pigment { color rgbt <1,0,0,0> }
	no_shadow
}

// particle -1
sphere {
	<24.551405, 35.523369, 34.756519> 0.100000
	pigment { color rgbt <1,0,0,0> }
	no_shadow
}
sphere {
	0, 1
	scale<0.080000,0.200000,0.300000>
	matrix <0.921404, 0.372169, 0.111829,
		-0.371951, 0.927953, -0.023593,
		-0.112552, -0.019856, 0.993447,
		24.517639, 35.517410, 35.054554>
	pigment { color rgbt <0,1,1,0> }
	no_shadow
}
cylinder {
	<24.633675, 36.143520, 34.700687>,  <24.596426, 35.531311, 34.359138>, 0.130000
	pigment { color rgbt <1,0,0,0> }
	no_shadow
}

// nucleotide -1

// particle -1
sphere {
	<24.633675, 36.143520, 34.700687> 0.250000
	pigment { color rgbt <1,0,0,0> }
	no_shadow
}
cylinder {
	<24.757933, 35.894840, 34.988293>,  <24.832487, 35.745632, 35.160858>, 0.100000
	pigment { color rgbt <1,0,0,0> }
	no_shadow
}
cylinder {
	<24.757933, 35.894840, 34.988293>,  <24.633675, 36.143520, 34.700687>, 0.100000
	pigment { color rgbt <1,0,0,0> }
	no_shadow
}

// particle -1
sphere {
	<24.757933, 35.894840, 34.988293> 0.100000
	pigment { color rgbt <1,0,0,0> }
	no_shadow
}
sphere {
	0, 1
	scale<0.080000,0.200000,0.300000>
	matrix <0.896719, 0.442576, -0.004741,
		-0.315272, 0.646229, 0.694976,
		0.310643, -0.621703, 0.719017,
		24.851126, 35.708328, 35.203999>
	pigment { color rgbt <0,1,1,0> }
	no_shadow
}
cylinder {
	<24.899481, 36.515034, 35.189705>,  <24.633675, 36.143520, 34.700687>, 0.130000
	pigment { color rgbt <1,0,0,0> }
	no_shadow
}

// nucleotide -1

// particle -1
sphere {
	<24.899481, 36.515034, 35.189705> 0.250000
	pigment { color rgbt <1,0,0,0> }
	no_shadow
}
cylinder {
	<25.076025, 36.159950, 35.242123>,  <25.181952, 35.946899, 35.273575>, 0.100000
	pigment { color rgbt <1,0,0,0> }
	no_shadow
}
cylinder {
	<25.076025, 36.159950, 35.242123>,  <24.899481, 36.515034, 35.189705>, 0.100000
	pigment { color rgbt <1,0,0,0> }
	no_shadow
}

// particle -1
sphere {
	<25.076025, 36.159950, 35.242123> 0.100000
	pigment { color rgbt <1,0,0,0> }
	no_shadow
}
sphere {
	0, 1
	scale<0.080000,0.200000,0.300000>
	matrix <0.895842, 0.444310, -0.007412,
		-0.051646, 0.120669, 0.991348,
		0.441361, -0.887709, 0.131047,
		25.208433, 35.893639, 35.281437>
	pigment { color rgbt <0,1,1,0> }
	no_shadow
}
cylinder {
	<25.506634, 36.781879, 35.557606>,  <24.899481, 36.515034, 35.189705>, 0.130000
	pigment { color rgbt <1,0,0,0> }
	no_shadow
}

// nucleotide -1

// particle -1
sphere {
	<25.506634, 36.781879, 35.557606> 0.250000
	pigment { color rgbt <1,0,0,0> }
	no_shadow
}
cylinder {
	<25.639402, 36.452415, 35.373688>,  <25.719063, 36.254738, 35.263336>, 0.100000
	pigment { color rgbt <1,0,0,0> }
	no_shadow
}
cylinder {
	<25.639402, 36.452415, 35.373688>,  <25.506634, 36.781879, 35.557606>, 0.100000
	pigment { color rgbt <1,0,0,0> }
	no_shadow
}

// particle -1
sphere {
	<25.639402, 36.452415, 35.373688> 0.100000
	pigment { color rgbt <1,0,0,0> }
	no_shadow
}
sphere {
	0, 1
	scale<0.080000,0.200000,0.300000>
	matrix <0.876495, 0.449470, -0.172433,
		0.348690, -0.345774, 0.871123,
		0.331921, -0.823661, -0.459795,
		25.738979, 36.205318, 35.235748>
	pigment { color rgbt <0,1,1,0> }
	no_shadow
}
cylinder {
	<26.243301, 36.747505, 35.709854>,  <25.506634, 36.781879, 35.557606>, 0.130000
	pigment { color rgbt <1,0,0,0> }
	no_shadow
}

// nucleotide -1

// particle -1
sphere {
	<26.243301, 36.747505, 35.709854> 0.250000
	pigment { color rgbt <1,0,0,0> }
	no_shadow
}
cylinder {
	<26.184063, 36.564980, 35.358891>,  <26.148520, 36.455463, 35.148312>, 0.100000
	pigment { color rgbt <1,0,0,0> }
	no_shadow
}
cylinder {
	<26.184063, 36.564980, 35.358891>,  <26.243301, 36.747505, 35.709854>, 0.100000
	pigment { color rgbt <1,0,0,0> }
	no_shadow
}

// particle -1
sphere {
	<26.184063, 36.564980, 35.358891> 0.100000
	pigment { color rgbt <1,0,0,0> }
	no_shadow
}
sphere {
	0, 1
	scale<0.080000,0.200000,0.300000>
	matrix <0.914450, 0.274681, -0.297205,
		0.376627, -0.846359, 0.376600,
		-0.148097, -0.456318, -0.877406,
		26.139633, 36.428085, 35.095669>
	pigment { color rgbt <0,1,1,0> }
	no_shadow
}
cylinder {
	<25.931532, 36.166832, 35.977200>,  <26.243301, 36.747505, 35.709854>, 0.130000
	pigment { color rgbt <1,0,0,0> }
	no_shadow
}

// nucleotide -1

// particle -1
sphere {
	<25.931532, 36.166832, 35.977200> 0.250000
	pigment { color rgbt <1,0,0,0> }
	no_shadow
}
cylinder {
	<25.697933, 35.884594, 36.137737>,  <25.557774, 35.715252, 36.234062>, 0.100000
	pigment { color rgbt <1,0,0,0> }
	no_shadow
}
cylinder {
	<25.697933, 35.884594, 36.137737>,  <25.931532, 36.166832, 35.977200>, 0.100000
	pigment { color rgbt <1,0,0,0> }
	no_shadow
}

// particle -1
sphere {
	<25.697933, 35.884594, 36.137737> 0.100000
	pigment { color rgbt <1,0,0,0> }
	no_shadow
}
sphere {
	0, 1
	scale<0.080000,0.200000,0.300000>
	matrix <-0.335695, 0.660083, 0.672011,
		-0.739092, 0.257723, -0.622352,
		-0.583997, -0.705599, 0.401346,
		25.522734, 35.672913, 36.258141>
	pigment { color rgbt <0,1,1,0> }
	no_shadow
}
cylinder {
	<26.133915, 36.603294, 36.447956>,  <25.931532, 36.166832, 35.977200>, 0.130000
	pigment { color rgbt <1,0,0,0> }
	no_shadow
}

// nucleotide -1

// particle -1
sphere {
	<26.133915, 36.603294, 36.447956> 0.250000
	pigment { color rgbt <1,0,0,0> }
	no_shadow
}
cylinder {
	<25.770113, 36.541359, 36.293644>,  <25.551832, 36.504200, 36.201057>, 0.100000
	pigment { color rgbt <1,0,0,0> }
	no_shadow
}
cylinder {
	<25.770113, 36.541359, 36.293644>,  <26.133915, 36.603294, 36.447956>, 0.100000
	pigment { color rgbt <1,0,0,0> }
	no_shadow
}

// particle -1
sphere {
	<25.770113, 36.541359, 36.293644> 0.100000
	pigment { color rgbt <1,0,0,0> }
	no_shadow
}
sphere {
	0, 1
	scale<0.080000,0.200000,0.300000>
	matrix <0.140393, 0.759092, -0.635664,
		0.391264, -0.632301, -0.668661,
		-0.909507, -0.154837, -0.385776,
		25.497261, 36.494907, 36.177910>
	pigment { color rgbt <0,1,1,0> }
	no_shadow
}
cylinder {
	<26.428692, 36.522575, 37.133904>,  <26.133915, 36.603294, 36.447956>, 0.130000
	pigment { color rgbt <1,0,0,0> }
	no_shadow
}

// nucleotide -1

// particle -1
sphere {
	<26.428692, 36.522575, 37.133904> 0.250000
	pigment { color rgbt <1,0,0,0> }
	no_shadow
}
cylinder {
	<26.348696, 36.137562, 37.207142>,  <26.300699, 35.906551, 37.251087>, 0.100000
	pigment { color rgbt <1,0,0,0> }
	no_shadow
}
cylinder {
	<26.348696, 36.137562, 37.207142>,  <26.428692, 36.522575, 37.133904>, 0.100000
	pigment { color rgbt <1,0,0,0> }
	no_shadow
}

// particle -1
sphere {
	<26.348696, 36.137562, 37.207142> 0.100000
	pigment { color rgbt <1,0,0,0> }
	no_shadow
}
sphere {
	0, 1
	scale<0.080000,0.200000,0.300000>
	matrix <0.831718, -0.265556, -0.487571,
		0.517929, 0.054777, 0.853668,
		-0.199989, -0.962538, 0.183098,
		26.288700, 35.848801, 37.262070>
	pigment { color rgbt <0,1,1,0> }
	no_shadow
}
cylinder {
	<26.949656, 36.880623, 37.314793>,  <26.428692, 36.522575, 37.133904>, 0.130000
	pigment { color rgbt <1,0,0,0> }
	no_shadow
}

// nucleotide -1

// particle -1
sphere {
	<26.949656, 36.880623, 37.314793> 0.250000
	pigment { color rgbt <1,0,0,0> }
	no_shadow
}
cylinder {
	<27.100742, 36.609898, 37.062046>,  <27.191395, 36.447464, 36.910397>, 0.100000
	pigment { color rgbt <1,0,0,0> }
	no_shadow
}
cylinder {
	<27.100742, 36.609898, 37.062046>,  <26.949656, 36.880623, 37.314793>, 0.100000
	pigment { color rgbt <1,0,0,0> }
	no_shadow
}

// particle -1
sphere {
	<27.100742, 36.609898, 37.062046> 0.100000
	pigment { color rgbt <1,0,0,0> }
	no_shadow
}
sphere {
	0, 1
	scale<0.080000,0.200000,0.300000>
	matrix <0.921173, 0.343696, 0.182516,
		0.093641, -0.650997, 0.753282,
		0.377718, -0.676813, -0.631865,
		27.214058, 36.406853, 36.872486>
	pigment { color rgbt <0,1,1,0> }
	no_shadow
}
cylinder {
	<27.494841, 36.561665, 37.681366>,  <26.949656, 36.880623, 37.314793>, 0.130000
	pigment { color rgbt <1,0,0,0> }
	no_shadow
}

// nucleotide -1

// particle -1
sphere {
	<27.494841, 36.561665, 37.681366> 0.250000
	pigment { color rgbt <1,0,0,0> }
	no_shadow
}
cylinder {
	<27.556091, 36.577656, 37.286407>,  <27.592842, 36.587250, 37.049431>, 0.100000
	pigment { color rgbt <1,0,0,0> }
	no_shadow
}
cylinder {
	<27.556091, 36.577656, 37.286407>,  <27.494841, 36.561665, 37.681366>, 0.100000
	pigment { color rgbt <1,0,0,0> }
	no_shadow
}

// particle -1
sphere {
	<27.556091, 36.577656, 37.286407> 0.100000
	pigment { color rgbt <1,0,0,0> }
	no_shadow
}
sphere {
	0, 1
	scale<0.080000,0.200000,0.300000>
	matrix <0.752115, 0.643400, 0.142691,
		0.640995, -0.764486, 0.068459,
		0.153132, 0.039975, -0.987397,
		27.602030, 36.589649, 36.990189>
	pigment { color rgbt <0,1,1,0> }
	no_shadow
}
cylinder {
	<28.176474, 36.400639, 37.580936>,  <27.494841, 36.561665, 37.681366>, 0.130000
	pigment { color rgbt <1,0,0,0> }
	no_shadow
}

// nucleotide -1

// particle -1
sphere {
	<28.176474, 36.400639, 37.580936> 0.250000
	pigment { color rgbt <1,0,0,0> }
	no_shadow
}
cylinder {
	<28.008787, 36.643791, 37.311199>,  <27.908175, 36.789684, 37.149357>, 0.100000
	pigment { color rgbt <1,0,0,0> }
	no_shadow
}
cylinder {
	<28.008787, 36.643791, 37.311199>,  <28.176474, 36.400639, 37.580936>, 0.100000
	pigment { color rgbt <1,0,0,0> }
	no_shadow
}

// particle -1
sphere {
	<28.008787, 36.643791, 37.311199> 0.100000
	pigment { color rgbt <1,0,0,0> }
	no_shadow
}
sphere {
	0, 1
	scale<0.080000,0.200000,0.300000>
	matrix <0.576462, 0.752045, 0.319561,
		0.701391, -0.254767, -0.665691,
		-0.419216, 0.607883, -0.674341,
		27.883022, 36.826157, 37.108898>
	pigment { color rgbt <0,1,1,0> }
	no_shadow
}
cylinder {
	<28.936703, 36.340393, 37.653114>,  <28.176474, 36.400639, 37.580936>, 0.130000
	pigment { color rgbt <1,0,0,0> }
	no_shadow
}

// nucleotide -1

// particle -1
sphere {
	<28.936703, 36.340393, 37.653114> 0.250000
	pigment { color rgbt <1,0,0,0> }
	no_shadow
}
cylinder {
	<29.108229, 36.051929, 37.870754>,  <29.211143, 35.878849, 38.001339>, 0.100000
	pigment { color rgbt <1,0,0,0> }
	no_shadow
}
cylinder {
	<29.108229, 36.051929, 37.870754>,  <28.936703, 36.340393, 37.653114>, 0.100000
	pigment { color rgbt <1,0,0,0> }
	no_shadow
}

// particle -1
sphere {
	<29.108229, 36.051929, 37.870754> 0.100000
	pigment { color rgbt <1,0,0,0> }
	no_shadow
}
sphere {
	0, 1
	scale<0.080000,0.200000,0.300000>
	matrix <-0.845047, -0.107269, 0.523821,
		-0.319396, -0.684410, -0.655415,
		0.428814, -0.721163, 0.544097,
		29.236874, 35.835579, 38.033985>
	pigment { color rgbt <0,1,1,0> }
	no_shadow
}
cylinder {
	<28.789236, 35.867290, 37.148609>,  <28.936703, 36.340393, 37.653114>, 0.130000
	pigment { color rgbt <1,0,0,0> }
	no_shadow
}

// nucleotide -1

// particle -1
sphere {
	<28.789236, 35.867290, 37.148609> 0.250000
	pigment { color rgbt <1,0,0,0> }
	no_shadow
}
cylinder {
	<28.584030, 35.674908, 37.433002>,  <28.460907, 35.559479, 37.603638>, 0.100000
	pigment { color rgbt <1,0,0,0> }
	no_shadow
}
cylinder {
	<28.584030, 35.674908, 37.433002>,  <28.789236, 35.867290, 37.148609>, 0.100000
	pigment { color rgbt <1,0,0,0> }
	no_shadow
}

// particle -1
sphere {
	<28.584030, 35.674908, 37.433002> 0.100000
	pigment { color rgbt <1,0,0,0> }
	no_shadow
}
sphere {
	0, 1
	scale<0.080000,0.200000,0.300000>
	matrix <-0.327642, 0.875292, 0.355688,
		-0.793390, -0.050477, -0.606617,
		-0.513013, -0.480953, 0.710986,
		28.430126, 35.530621, 37.646297>
	pigment { color rgbt <0,1,1,0> }
	no_shadow
}
cylinder {
	<29.501451, 36.030006, 37.340366>,  <28.789236, 35.867290, 37.148609>, 0.130000
	pigment { color rgbt <1,0,0,0> }
	no_shadow
}

// nucleotide -1

// particle -1
sphere {
	<29.501451, 36.030006, 37.340366> 0.250000
	pigment { color rgbt <1,0,0,0> }
	no_shadow
}
cylinder {
	<29.555859, 35.778008, 37.034527>,  <29.588503, 35.626808, 36.851025>, 0.100000
	pigment { color rgbt <1,0,0,0> }
	no_shadow
}
cylinder {
	<29.555859, 35.778008, 37.034527>,  <29.501451, 36.030006, 37.340366>, 0.100000
	pigment { color rgbt <1,0,0,0> }
	no_shadow
}

// particle -1
sphere {
	<29.555859, 35.778008, 37.034527> 0.100000
	pigment { color rgbt <1,0,0,0> }
	no_shadow
}
sphere {
	0, 1
	scale<0.080000,0.200000,0.300000>
	matrix <0.820384, 0.504286, -0.269565,
		0.555399, -0.590597, 0.585428,
		0.136019, -0.629993, -0.764597,
		29.596664, 35.589008, 36.805149>
	pigment { color rgbt <0,1,1,0> }
	no_shadow
}
cylinder {
	<30.177000, 36.440960, 37.119152>,  <29.501451, 36.030006, 37.340366>, 0.130000
	pigment { color rgbt <1,0,0,0> }
	no_shadow
}

// nucleotide -1

// particle -1
sphere {
	<30.177000, 36.440960, 37.119152> 0.250000
	pigment { color rgbt <1,0,0,0> }
	no_shadow
}
cylinder {
	<30.100735, 36.343372, 37.499496>,  <30.054976, 36.284821, 37.727703>, 0.100000
	pigment { color rgbt <1,0,0,0> }
	no_shadow
}
cylinder {
	<30.100735, 36.343372, 37.499496>,  <30.177000, 36.440960, 37.119152>, 0.100000
	pigment { color rgbt <1,0,0,0> }
	no_shadow
}

// particle -1
sphere {
	<30.100735, 36.343372, 37.499496> 0.100000
	pigment { color rgbt <1,0,0,0> }
	no_shadow
}
sphere {
	0, 1
	scale<0.080000,0.200000,0.300000>
	matrix <-0.560611, -0.768073, -0.309480,
		0.805830, -0.592067, 0.009673,
		-0.190663, -0.243966, 0.950857,
		30.043535, 36.270184, 37.784752>
	pigment { color rgbt <0,1,1,0> }
	no_shadow
}
cylinder {
	<29.660046, 36.719990, 36.743279>,  <30.177000, 36.440960, 37.119152>, 0.130000
	pigment { color rgbt <1,0,0,0> }
	no_shadow
}

// nucleotide -1

// particle -1
sphere {
	<29.660046, 36.719990, 36.743279> 0.250000
	pigment { color rgbt <1,0,0,0> }
	no_shadow
}
cylinder {
	<29.782625, 36.356129, 36.855434>,  <29.856173, 36.137814, 36.922729>, 0.100000
	pigment { color rgbt <1,0,0,0> }
	no_shadow
}
cylinder {
	<29.782625, 36.356129, 36.855434>,  <29.660046, 36.719990, 36.743279>, 0.100000
	pigment { color rgbt <1,0,0,0> }
	no_shadow
}

// particle -1
sphere {
	<29.782625, 36.356129, 36.855434> 0.100000
	pigment { color rgbt <1,0,0,0> }
	no_shadow
}
sphere {
	0, 1
	scale<0.080000,0.200000,0.300000>
	matrix <0.896610, 0.176929, -0.405940,
		0.319655, 0.375803, 0.869823,
		0.306450, -0.909653, 0.280393,
		29.874559, 36.083233, 36.939552>
	pigment { color rgbt <0,1,1,0> }
	no_shadow
}
cylinder {
	<30.253904, 36.748165, 36.393970>,  <29.660046, 36.719990, 36.743279>, 0.130000
	pigment { color rgbt <1,0,0,0> }
	no_shadow
}

// nucleotide -1

// particle -1
sphere {
	<30.253904, 36.748165, 36.393970> 0.250000
	pigment { color rgbt <1,0,0,0> }
	no_shadow
}
cylinder {
	<30.360338, 37.122585, 36.301880>,  <30.424198, 37.347237, 36.246624>, 0.100000
	pigment { color rgbt <1,0,0,0> }
	no_shadow
}
cylinder {
	<30.360338, 37.122585, 36.301880>,  <30.253904, 36.748165, 36.393970>, 0.100000
	pigment { color rgbt <1,0,0,0> }
	no_shadow
}

// particle -1
sphere {
	<30.360338, 37.122585, 36.301880> 0.100000
	pigment { color rgbt <1,0,0,0> }
	no_shadow
}
sphere {
	0, 1
	scale<0.080000,0.200000,0.300000>
	matrix <0.876268, -0.334408, -0.346880,
		-0.401688, -0.109441, -0.909214,
		0.266085, 0.936052, -0.230227,
		30.440165, 37.403400, 36.232811>
	pigment { color rgbt <0,1,1,0> }
	no_shadow
}
cylinder {
	<30.465475, 36.776844, 35.677872>,  <30.253904, 36.748165, 36.393970>, 0.130000
	pigment { color rgbt <1,0,0,0> }
	no_shadow
}

// nucleotide -1

// particle -1
sphere {
	<30.465475, 36.776844, 35.677872> 0.250000
	pigment { color rgbt <1,0,0,0> }
	no_shadow
}
cylinder {
	<30.639605, 37.050850, 35.911537>,  <30.744083, 37.215252, 36.051739>, 0.100000
	pigment { color rgbt <1,0,0,0> }
	no_shadow
}
cylinder {
	<30.639605, 37.050850, 35.911537>,  <30.465475, 36.776844, 35.677872>, 0.100000
	pigment { color rgbt <1,0,0,0> }
	no_shadow
}

// particle -1
sphere {
	<30.639605, 37.050850, 35.911537> 0.100000
	pigment { color rgbt <1,0,0,0> }
	no_shadow
}
sphere {
	0, 1
	scale<0.080000,0.200000,0.300000>
	matrix <0.895513, -0.396127, -0.202830,
		0.092463, 0.611425, -0.785881,
		0.435325, 0.685013, 0.584166,
		30.770203, 37.256355, 36.086788>
	pigment { color rgbt <0,1,1,0> }
	no_shadow
}
cylinder {
	<31.131647, 36.830616, 35.320957>,  <30.465475, 36.776844, 35.677872>, 0.130000
	pigment { color rgbt <1,0,0,0> }
	no_shadow
}

// nucleotide -1

// particle -1
sphere {
	<31.131647, 36.830616, 35.320957> 0.250000
	pigment { color rgbt <1,0,0,0> }
	no_shadow
}
cylinder {
	<31.132635, 36.973766, 35.694466>,  <31.133228, 37.059654, 35.918571>, 0.100000
	pigment { color rgbt <1,0,0,0> }
	no_shadow
}
cylinder {
	<31.132635, 36.973766, 35.694466>,  <31.131647, 36.830616, 35.320957>, 0.100000
	pigment { color rgbt <1,0,0,0> }
	no_shadow
}

// particle -1
sphere {
	<31.132635, 36.973766, 35.694466> 0.100000
	pigment { color rgbt <1,0,0,0> }
	no_shadow
}
sphere {
	0, 1
	scale<0.080000,0.200000,0.300000>
	matrix <0.977680, -0.197035, 0.072930,
		0.210085, 0.912746, -0.350370,
		0.002469, 0.357871, 0.933768,
		31.133375, 37.081127, 35.974594>
	pigment { color rgbt <0,1,1,0> }
	no_shadow
}
cylinder {
	<30.636028, 37.431023, 34.994938>,  <31.131647, 36.830616, 35.320957>, 0.130000
	pigment { color rgbt <1,0,0,0> }
	no_shadow
}

// nucleotide -1

// particle -1
sphere {
	<30.636028, 37.431023, 34.994938> 0.250000
	pigment { color rgbt <1,0,0,0> }
	no_shadow
}
cylinder {
	<30.708199, 37.185764, 34.687302>,  <30.751501, 37.038609, 34.502720>, 0.100000
	pigment { color rgbt <1,0,0,0> }
	no_shadow
}
cylinder {
	<30.708199, 37.185764, 34.687302>,  <30.636028, 37.431023, 34.994938>, 0.100000
	pigment { color rgbt <1,0,0,0> }
	no_shadow
}

// particle -1
sphere {
	<30.708199, 37.185764, 34.687302> 0.100000
	pigment { color rgbt <1,0,0,0> }
	no_shadow
}
sphere {
	0, 1
	scale<0.080000,0.200000,0.300000>
	matrix <0.164788, 0.789714, -0.590928,
		0.969686, -0.020119, 0.243523,
		0.180425, -0.613145, -0.769091,
		30.762325, 37.001820, 34.456573>
	pigment { color rgbt <0,1,1,0> }
	no_shadow
}
cylinder {
	<31.307955, 37.311428, 34.719597>,  <30.636028, 37.431023, 34.994938>, 0.130000
	pigment { color rgbt <1,0,0,0> }
	no_shadow
}

// nucleotide -1

// particle -1
sphere {
	<31.307955, 37.311428, 34.719597> 0.250000
	pigment { color rgbt <1,0,0,0> }
	no_shadow
}
cylinder {
	<31.013691, 37.302399, 34.448807>,  <30.837133, 37.296982, 34.286331>, 0.100000
	pigment { color rgbt <1,0,0,0> }
	no_shadow
}
cylinder {
	<31.013691, 37.302399, 34.448807>,  <31.307955, 37.311428, 34.719597>, 0.100000
	pigment { color rgbt <1,0,0,0> }
	no_shadow
}

// particle -1
sphere {
	<31.013691, 37.302399, 34.448807> 0.100000
	pigment { color rgbt <1,0,0,0> }
	no_shadow
}
sphere {
	0, 1
	scale<0.080000,0.200000,0.300000>
	matrix <0.377600, 0.816072, -0.437543,
		0.562340, -0.577509, -0.591826,
		-0.735658, -0.022574, -0.676977,
		30.792994, 37.295628, 34.245712>
	pigment { color rgbt <0,1,1,0> }
	no_shadow
}
cylinder {
	<31.532585, 37.117424, 33.964153>,  <31.307955, 37.311428, 34.719597>, 0.130000
	pigment { color rgbt <1,0,0,0> }
	no_shadow
}

// nucleotide -1

// particle -1
sphere {
	<31.532585, 37.117424, 33.964153> 0.250000
	pigment { color rgbt <1,0,0,0> }
	no_shadow
}
cylinder {
	<31.239733, 37.387653, 33.998974>,  <31.064022, 37.549793, 34.019867>, 0.100000
	pigment { color rgbt <1,0,0,0> }
	no_shadow
}
cylinder {
	<31.239733, 37.387653, 33.998974>,  <31.532585, 37.117424, 33.964153>, 0.100000
	pigment { color rgbt <1,0,0,0> }
	no_shadow
}

// particle -1
sphere {
	<31.239733, 37.387653, 33.998974> 0.100000
	pigment { color rgbt <1,0,0,0> }
	no_shadow
}
sphere {
	0, 1
	scale<0.080000,0.200000,0.300000>
	matrix <0.606466, 0.704686, -0.368262,
		-0.310134, -0.216822, -0.925638,
		-0.732132, 0.675578, 0.087052,
		31.020094, 37.590328, 34.025089>
	pigment { color rgbt <0,1,1,0> }
	no_shadow
}
cylinder {
	<31.567699, 37.541889, 33.376785>,  <31.532585, 37.117424, 33.964153>, 0.130000
	pigment { color rgbt <1,0,0,0> }
	no_shadow
}

// nucleotide -1

// particle -1
sphere {
	<31.567699, 37.541889, 33.376785> 0.250000
	pigment { color rgbt <1,0,0,0> }
	no_shadow
}
cylinder {
	<31.358055, 37.744446, 33.650681>,  <31.232267, 37.865982, 33.815018>, 0.100000
	pigment { color rgbt <1,0,0,0> }
	no_shadow
}
cylinder {
	<31.358055, 37.744446, 33.650681>,  <31.567699, 37.541889, 33.376785>, 0.100000
	pigment { color rgbt <1,0,0,0> }
	no_shadow
}

// particle -1
sphere {
	<31.358055, 37.744446, 33.650681> 0.100000
	pigment { color rgbt <1,0,0,0> }
	no_shadow
}
sphere {
	0, 1
	scale<0.080000,0.200000,0.300000>
	matrix <0.689322, 0.724410, -0.008112,
		-0.500142, 0.467756, -0.728740,
		-0.524112, 0.506394, 0.684742,
		31.200821, 37.896362, 33.856102>
	pigment { color rgbt <0,1,1,0> }
	no_shadow
}
cylinder {
	<31.513720, 38.235283, 33.231598>,  <31.567699, 37.541889, 33.376785>, 0.130000
	pigment { color rgbt <1,0,0,0> }
	no_shadow
}

// nucleotide -1

// particle -1
sphere {
	<31.513720, 38.235283, 33.231598> 0.250000
	pigment { color rgbt <1,0,0,0> }
	no_shadow
}
cylinder {
	<31.490337, 38.173996, 33.626183>,  <31.476307, 38.137222, 33.862934>, 0.100000
	pigment { color rgbt <1,0,0,0> }
	no_shadow
}
cylinder {
	<31.490337, 38.173996, 33.626183>,  <31.513720, 38.235283, 33.231598>, 0.100000
	pigment { color rgbt <1,0,0,0> }
	no_shadow
}

// particle -1
sphere {
	<31.490337, 38.173996, 33.626183> 0.100000
	pigment { color rgbt <1,0,0,0> }
	no_shadow
}
sphere {
	0, 1
	scale<0.080000,0.200000,0.300000>
	matrix <0.772996, 0.618349, 0.141849,
		-0.631712, 0.770824, 0.082289,
		-0.058458, -0.153217, 0.986462,
		31.472799, 38.128033, 33.922123>
	pigment { color rgbt <0,1,1,0> }
	no_shadow
}
cylinder {
	<31.514156, 38.908966, 33.533184>,  <31.513720, 38.235283, 33.231598>, 0.130000
	pigment { color rgbt <1,0,0,0> }
	no_shadow
}

// nucleotide -1

// particle -1
sphere {
	<31.514156, 38.908966, 33.533184> 0.250000
	pigment { color rgbt <1,0,0,0> }
	no_shadow
}
cylinder {
	<31.677277, 38.628716, 33.767391>,  <31.775148, 38.460567, 33.907913>, 0.100000
	pigment { color rgbt <1,0,0,0> }
	no_shadow
}
cylinder {
	<31.677277, 38.628716, 33.767391>,  <31.514156, 38.908966, 33.533184>, 0.100000
	pigment { color rgbt <1,0,0,0> }
	no_shadow
}

// particle -1
sphere {
	<31.677277, 38.628716, 33.767391> 0.100000
	pigment { color rgbt <1,0,0,0> }
	no_shadow
}
sphere {
	0, 1
	scale<0.080000,0.200000,0.300000>
	matrix <0.881426, 0.469430, -0.052180,
		-0.238299, 0.537366, 0.808981,
		0.407800, -0.700623, 0.585514,
		31.799616, 38.418530, 33.943047>
	pigment { color rgbt <0,1,1,0> }
	no_shadow
}
cylinder {
	<31.799896, 39.206581, 34.194210>,  <31.514156, 38.908966, 33.533184>, 0.130000
	pigment { color rgbt <1,0,0,0> }
	no_shadow
}

// nucleotide -1

// particle -1
sphere {
	<31.799896, 39.206581, 34.194210> 0.250000
	pigment { color rgbt <1,0,0,0> }
	no_shadow
}
cylinder {
	<31.991552, 38.906555, 34.011856>,  <32.106544, 38.726540, 33.902443>, 0.100000
	pigment { color rgbt <1,0,0,0> }
	no_shadow
}
cylinder {
	<31.991552, 38.906555, 34.011856>,  <31.799896, 39.206581, 34.194210>, 0.100000
	pigment { color rgbt <1,0,0,0> }
	no_shadow
}

// particle -1
sphere {
	<31.991552, 38.906555, 34.011856> 0.100000
	pigment { color rgbt <1,0,0,0> }
	no_shadow
}
sphere {
	0, 1
	scale<0.080000,0.200000,0.300000>
	matrix <0.763927, 0.612130, -0.204236,
		0.432252, -0.250407, 0.866288,
		0.479139, -0.750062, -0.455887,
		32.135296, 38.681538, 33.875092>
	pigment { color rgbt <0,1,1,0> }
	no_shadow
}
cylinder {
	<32.478886, 39.230598, 34.359715>,  <31.799896, 39.206581, 34.194210>, 0.130000
	pigment { color rgbt <1,0,0,0> }
	no_shadow
}

// nucleotide -1

// particle -1
sphere {
	<32.478886, 39.230598, 34.359715> 0.250000
	pigment { color rgbt <1,0,0,0> }
	no_shadow
}
cylinder {
	<32.440292, 39.082924, 33.989983>,  <32.417137, 38.994320, 33.768143>, 0.100000
	pigment { color rgbt <1,0,0,0> }
	no_shadow
}
cylinder {
	<32.440292, 39.082924, 33.989983>,  <32.478886, 39.230598, 34.359715>, 0.100000
	pigment { color rgbt <1,0,0,0> }
	no_shadow
}

// particle -1
sphere {
	<32.440292, 39.082924, 33.989983> 0.100000
	pigment { color rgbt <1,0,0,0> }
	no_shadow
}
sphere {
	0, 1
	scale<0.080000,0.200000,0.300000>
	matrix <0.666513, 0.665744, -0.335478,
		0.739223, -0.648448, 0.181834,
		-0.096485, -0.369188, -0.924333,
		32.411346, 38.972168, 33.712685>
	pigment { color rgbt <0,1,1,0> }
	no_shadow
}
cylinder {
	<33.142906, 39.117672, 34.052361>,  <32.478886, 39.230598, 34.359715>, 0.130000
	pigment { color rgbt <1,0,0,0> }
	no_shadow
}

// nucleotide -1

// particle -1
sphere {
	<33.142906, 39.117672, 34.052361> 0.250000
	pigment { color rgbt <1,0,0,0> }
	no_shadow
}
cylinder {
	<32.892376, 39.169628, 33.744896>,  <32.742058, 39.200802, 33.560417>, 0.100000
	pigment { color rgbt <1,0,0,0> }
	no_shadow
}
cylinder {
	<32.892376, 39.169628, 33.744896>,  <33.142906, 39.117672, 34.052361>, 0.100000
	pigment { color rgbt <1,0,0,0> }
	no_shadow
}

// particle -1
sphere {
	<32.892376, 39.169628, 33.744896> 0.100000
	pigment { color rgbt <1,0,0,0> }
	no_shadow
}
sphere {
	0, 1
	scale<0.080000,0.200000,0.300000>
	matrix <0.635006, 0.656965, -0.406403,
		0.452200, -0.742648, -0.493953,
		-0.626325, 0.129888, -0.768666,
		32.704479, 39.208595, 33.514297>
	pigment { color rgbt <0,1,1,0> }
	no_shadow
}
cylinder {
	<33.502457, 39.743931, 34.376663>,  <33.142906, 39.117672, 34.052361>, 0.130000
	pigment { color rgbt <1,0,0,0> }
	no_shadow
}

// nucleotide -1

// particle -1
sphere {
	<33.502457, 39.743931, 34.376663> 0.250000
	pigment { color rgbt <1,0,0,0> }
	no_shadow
}
cylinder {
	<33.858418, 39.729000, 34.558510>,  <34.071995, 39.720043, 34.667618>, 0.100000
	pigment { color rgbt <1,0,0,0> }
	no_shadow
}
cylinder {
	<33.858418, 39.729000, 34.558510>,  <33.502457, 39.743931, 34.376663>, 0.100000
	pigment { color rgbt <1,0,0,0> }
	no_shadow
}

// particle -1
sphere {
	<33.858418, 39.729000, 34.558510> 0.100000
	pigment { color rgbt <1,0,0,0> }
	no_shadow
}
sphere {
	0, 1
	scale<0.080000,0.200000,0.300000>
	matrix <0.299618, 0.799325, -0.520872,
		-0.343944, 0.599738, 0.722507,
		0.889905, -0.037325, 0.454616,
		34.125389, 39.717804, 34.694893>
	pigment { color rgbt <0,1,1,0> }
	no_shadow
}
cylinder {
	<34.036873, 40.211720, 34.061703>,  <33.502457, 39.743931, 34.376663>, 0.130000
	pigment { color rgbt <1,0,0,0> }
	no_shadow
}

// nucleotide -1

// particle -1
sphere {
	<34.036873, 40.211720, 34.061703> 0.250000
	pigment { color rgbt <1,0,0,0> }
	no_shadow
}
cylinder {
	<34.274445, 40.112904, 34.367962>,  <34.416988, 40.053616, 34.551716>, 0.100000
	pigment { color rgbt <1,0,0,0> }
	no_shadow
}
cylinder {
	<34.274445, 40.112904, 34.367962>,  <34.036873, 40.211720, 34.061703>, 0.100000
	pigment { color rgbt <1,0,0,0> }
	no_shadow
}

// particle -1
sphere {
	<34.274445, 40.112904, 34.367962> 0.100000
	pigment { color rgbt <1,0,0,0> }
	no_shadow
}
sphere {
	0, 1
	scale<0.080000,0.200000,0.300000>
	matrix <0.711561, 0.605381, -0.356644,
		-0.375404, 0.756627, 0.535338,
		0.593930, -0.247040, 0.765649,
		34.452625, 40.038792, 34.597656>
	pigment { color rgbt <0,1,1,0> }
	no_shadow
}
cylinder {
	<34.383919, 40.792999, 34.299828>,  <34.036873, 40.211720, 34.061703>, 0.130000
	pigment { color rgbt <1,0,0,0> }
	no_shadow
}

// nucleotide -1

// particle -1
sphere {
	<34.383919, 40.792999, 34.299828> 0.250000
	pigment { color rgbt <1,0,0,0> }
	no_shadow
}
cylinder {
	<34.599575, 40.459091, 34.344509>,  <34.728970, 40.258747, 34.371319>, 0.100000
	pigment { color rgbt <1,0,0,0> }
	no_shadow
}
cylinder {
	<34.599575, 40.459091, 34.344509>,  <34.383919, 40.792999, 34.299828>, 0.100000
	pigment { color rgbt <1,0,0,0> }
	no_shadow
}

// particle -1
sphere {
	<34.599575, 40.459091, 34.344509> 0.100000
	pigment { color rgbt <1,0,0,0> }
	no_shadow
}
sphere {
	0, 1
	scale<0.080000,0.200000,0.300000>
	matrix <0.697674, 0.368369, -0.614455,
		0.471782, 0.409213, 0.781003,
		0.539141, -0.834775, 0.111708,
		34.761318, 40.208660, 34.378021>
	pigment { color rgbt <0,1,1,0> }
	no_shadow
}
cylinder {
	<34.982117, 41.015453, 34.737167>,  <34.383919, 40.792999, 34.299828>, 0.130000
	pigment { color rgbt <1,0,0,0> }
	no_shadow
}

// nucleotide -1

// particle -1
sphere {
	<34.982117, 41.015453, 34.737167> 0.250000
	pigment { color rgbt <1,0,0,0> }
	no_shadow
}
cylinder {
	<34.984028, 40.712997, 34.475410>,  <34.985172, 40.531525, 34.318356>, 0.100000
	pigment { color rgbt <1,0,0,0> }
	no_shadow
}
cylinder {
	<34.984028, 40.712997, 34.475410>,  <34.982117, 41.015453, 34.737167>, 0.100000
	pigment { color rgbt <1,0,0,0> }
	no_shadow
}

// particle -1
sphere {
	<34.984028, 40.712997, 34.475410> 0.100000
	pigment { color rgbt <1,0,0,0> }
	no_shadow
}
sphere {
	0, 1
	scale<0.080000,0.200000,0.300000>
	matrix <0.566524, 0.541296, -0.621329,
		0.824032, -0.367761, 0.430957,
		0.004775, -0.756142, -0.654390,
		34.985462, 40.486156, 34.279095>
	pigment { color rgbt <0,1,1,0> }
	no_shadow
}
cylinder {
	<35.619106, 41.005409, 35.063137>,  <34.982117, 41.015453, 34.737167>, 0.130000
	pigment { color rgbt <1,0,0,0> }
	no_shadow
}

// nucleotide -1

// particle -1
sphere {
	<35.619106, 41.005409, 35.063137> 0.250000
	pigment { color rgbt <1,0,0,0> }
	no_shadow
}
cylinder {
	<35.629215, 41.346596, 34.854595>,  <35.635281, 41.551308, 34.729469>, 0.100000
	pigment { color rgbt <1,0,0,0> }
	no_shadow
}
cylinder {
	<35.629215, 41.346596, 34.854595>,  <35.619106, 41.005409, 35.063137>, 0.100000
	pigment { color rgbt <1,0,0,0> }
	no_shadow
}

// particle -1
sphere {
	<35.629215, 41.346596, 34.854595> 0.100000
	pigment { color rgbt <1,0,0,0> }
	no_shadow
}
sphere {
	0, 1
	scale<0.080000,0.200000,0.300000>
	matrix <0.335713, -0.498472, -0.799264,
		-0.941625, -0.154828, -0.298949,
		0.025269, 0.852968, -0.521351,
		35.636795, 41.602486, 34.698189>
	pigment { color rgbt <0,1,1,0> }
	no_shadow
}
cylinder {
	<35.854485, 41.091915, 35.727512>,  <35.619106, 41.005409, 35.063137>, 0.130000
	pigment { color rgbt <1,0,0,0> }
	no_shadow
}

// nucleotide -1

// particle -1
sphere {
	<35.854485, 41.091915, 35.727512> 0.250000
	pigment { color rgbt <1,0,0,0> }
	no_shadow
}
cylinder {
	<36.245892, 41.163475, 35.768509>,  <36.480736, 41.206409, 35.793106>, 0.100000
	pigment { color rgbt <1,0,0,0> }
	no_shadow
}
cylinder {
	<36.245892, 41.163475, 35.768509>,  <35.854485, 41.091915, 35.727512>, 0.100000
	pigment { color rgbt <1,0,0,0> }
	no_shadow
}

// particle -1
sphere {
	<36.245892, 41.163475, 35.768509> 0.100000
	pigment { color rgbt <1,0,0,0> }
	no_shadow
}
sphere {
	0, 1
	scale<0.080000,0.200000,0.300000>
	matrix <-0.198278, 0.952798, 0.229916,
		-0.056524, -0.245298, 0.967798,
		0.978515, 0.178898, 0.102493,
		36.539448, 41.217144, 35.799255>
	pigment { color rgbt <0,1,1,0> }
	no_shadow
}
cylinder {
	<36.063492, 41.449738, 36.348747>,  <35.854485, 41.091915, 35.727512>, 0.130000
	pigment { color rgbt <1,0,0,0> }
	no_shadow
}

// nucleotide -1

// particle -1
sphere {
	<36.063492, 41.449738, 36.348747> 0.250000
	pigment { color rgbt <1,0,0,0> }
	no_shadow
}
cylinder {
	<36.317604, 41.555489, 36.058498>,  <36.470070, 41.618938, 35.884350>, 0.100000
	pigment { color rgbt <1,0,0,0> }
	no_shadow
}
cylinder {
	<36.317604, 41.555489, 36.058498>,  <36.063492, 41.449738, 36.348747>, 0.100000
	pigment { color rgbt <1,0,0,0> }
	no_shadow
}

// particle -1
sphere {
	<36.317604, 41.555489, 36.058498> 0.100000
	pigment { color rgbt <1,0,0,0> }
	no_shadow
}
sphere {
	0, 1
	scale<0.080000,0.200000,0.300000>
	matrix <-0.060945, 0.953810, 0.294164,
		0.769874, -0.142653, 0.622048,
		0.635279, 0.264380, -0.725619,
		36.508186, 41.634804, 35.840813>
	pigment { color rgbt <0,1,1,0> }
	no_shadow
}
cylinder {
	<36.173260, 41.115623, 36.954956>,  <36.063492, 41.449738, 36.348747>, 0.130000
	pigment { color rgbt <1,0,0,0> }
	no_shadow
}

// nucleotide -1

// particle -1
sphere {
	<36.173260, 41.115623, 36.954956> 0.250000
	pigment { color rgbt <1,0,0,0> }
	no_shadow
}
cylinder {
	<35.945923, 41.052666, 37.277996>,  <35.809521, 41.014893, 37.471821>, 0.100000
	pigment { color rgbt <1,0,0,0> }
	no_shadow
}
cylinder {
	<35.945923, 41.052666, 37.277996>,  <36.173260, 41.115623, 36.954956>, 0.100000
	pigment { color rgbt <1,0,0,0> }
	no_shadow
}

// particle -1
sphere {
	<35.945923, 41.052666, 37.277996> 0.100000
	pigment { color rgbt <1,0,0,0> }
	no_shadow
}
sphere {
	0, 1
	scale<0.080000,0.200000,0.300000>
	matrix <0.773423, 0.232683, 0.589640,
		-0.280719, 0.959733, -0.010514,
		-0.568343, -0.157391, 0.807598,
		35.775421, 41.005447, 37.520275>
	pigment { color rgbt <0,1,1,0> }
	no_shadow
}
cylinder {
	<36.449356, 41.660542, 37.399895>,  <36.173260, 41.115623, 36.954956>, 0.130000
	pigment { color rgbt <1,0,0,0> }
	no_shadow
}

// nucleotide -1

// particle -1
sphere {
	<36.449356, 41.660542, 37.399895> 0.250000
	pigment { color rgbt <1,0,0,0> }
	no_shadow
}
cylinder {
	<36.285358, 41.344593, 37.582325>,  <36.186958, 41.155022, 37.691784>, 0.100000
	pigment { color rgbt <1,0,0,0> }
	no_shadow
}
cylinder {
	<36.285358, 41.344593, 37.582325>,  <36.449356, 41.660542, 37.399895>, 0.100000
	pigment { color rgbt <1,0,0,0> }
	no_shadow
}

// particle -1
sphere {
	<36.285358, 41.344593, 37.582325> 0.100000
	pigment { color rgbt <1,0,0,0> }
	no_shadow
}
sphere {
	0, 1
	scale<0.080000,0.200000,0.300000>
	matrix <0.766550, -0.027429, 0.641598,
		-0.494273, 0.612654, 0.616725,
		-0.409993, -0.789875, 0.456073,
		36.162361, 41.107632, 37.719147>
	pigment { color rgbt <0,1,1,0> }
	no_shadow
}
cylinder {
	<36.543865, 41.789280, 38.103081>,  <36.449356, 41.660542, 37.399895>, 0.130000
	pigment { color rgbt <1,0,0,0> }
	no_shadow
}

// nucleotide -1

// particle -1
sphere {
	<36.543865, 41.789280, 38.103081> 0.250000
	pigment { color rgbt <1,0,0,0> }
	no_shadow
}
cylinder {
	<36.490475, 41.397049, 38.045597>,  <36.458439, 41.161709, 38.011108>, 0.100000
	pigment { color rgbt <1,0,0,0> }
	no_shadow
}
cylinder {
	<36.490475, 41.397049, 38.045597>,  <36.543865, 41.789280, 38.103081>, 0.100000
	pigment { color rgbt <1,0,0,0> }
	no_shadow
}

// particle -1
sphere {
	<36.490475, 41.397049, 38.045597> 0.100000
	pigment { color rgbt <1,0,0,0> }
	no_shadow
}
sphere {
	0, 1
	scale<0.080000,0.200000,0.300000>
	matrix <0.742032, -0.195004, 0.641376,
		-0.656942, -0.021025, 0.753648,
		-0.133479, -0.980577, -0.143707,
		36.450432, 41.102875, 38.002483>
	pigment { color rgbt <0,1,1,0> }
	no_shadow
}
cylinder {
	<36.183971, 41.386120, 38.633175>,  <36.543865, 41.789280, 38.103081>, 0.130000
	pigment { color rgbt <1,0,0,0> }
	no_shadow
}

// nucleotide -1

// particle -1
sphere {
	<36.183971, 41.386120, 38.633175> 0.250000
	pigment { color rgbt <1,0,0,0> }
	no_shadow
}
cylinder {
	<36.477615, 41.204178, 38.431507>,  <36.653801, 41.095013, 38.310505>, 0.100000
	pigment { color rgbt <1,0,0,0> }
	no_shadow
}
cylinder {
	<36.477615, 41.204178, 38.431507>,  <36.183971, 41.386120, 38.633175>, 0.100000
	pigment { color rgbt <1,0,0,0> }
	no_shadow
}

// particle -1
sphere {
	<36.477615, 41.204178, 38.431507> 0.100000
	pigment { color rgbt <1,0,0,0> }
	no_shadow
}
sphere {
	0, 1
	scale<0.080000,0.200000,0.300000>
	matrix <0.513015, -0.114911, 0.850653,
		-0.444860, -0.883120, 0.148991,
		0.734108, -0.454857, -0.504173,
		36.697849, 41.067722, 38.280254>
	pigment { color rgbt <0,1,1,0> }
	no_shadow
}
cylinder {
	<36.513432, 40.664078, 38.823658>,  <36.183971, 41.386120, 38.633175>, 0.130000
	pigment { color rgbt <1,0,0,0> }
	no_shadow
}

// nucleotide -1

// particle -1
sphere {
	<36.513432, 40.664078, 38.823658> 0.250000
	pigment { color rgbt <1,0,0,0> }
	no_shadow
}
cylinder {
	<36.795631, 40.846954, 38.607052>,  <36.964951, 40.956680, 38.477089>, 0.100000
	pigment { color rgbt <1,0,0,0> }
	no_shadow
}
cylinder {
	<36.795631, 40.846954, 38.607052>,  <36.513432, 40.664078, 38.823658>, 0.100000
	pigment { color rgbt <1,0,0,0> }
	no_shadow
}

// particle -1
sphere {
	<36.795631, 40.846954, 38.607052> 0.100000
	pigment { color rgbt <1,0,0,0> }
	no_shadow
}
sphere {
	0, 1
	scale<0.080000,0.200000,0.300000>
	matrix <0.505938, 0.210157, 0.836577,
		0.496281, -0.864181, -0.083045,
		0.705501, 0.457193, -0.541518,
		37.007282, 40.984112, 38.444595>
	pigment { color rgbt <0,1,1,0> }
	no_shadow
}
cylinder {
	<37.100864, 40.395523, 39.037205>,  <36.513432, 40.664078, 38.823658>, 0.130000
	pigment { color rgbt <1,0,0,0> }
	no_shadow
}

// nucleotide -1

// particle -1
sphere {
	<37.100864, 40.395523, 39.037205> 0.250000
	pigment { color rgbt <1,0,0,0> }
	no_shadow
}
cylinder {
	<37.205505, 40.755795, 38.898441>,  <37.268291, 40.971958, 38.815182>, 0.100000
	pigment { color rgbt <1,0,0,0> }
	no_shadow
}
cylinder {
	<37.205505, 40.755795, 38.898441>,  <37.100864, 40.395523, 39.037205>, 0.100000
	pigment { color rgbt <1,0,0,0> }
	no_shadow
}

// particle -1
sphere {
	<37.205505, 40.755795, 38.898441> 0.100000
	pigment { color rgbt <1,0,0,0> }
	no_shadow
}
sphere {
	0, 1
	scale<0.080000,0.200000,0.300000>
	matrix <0.511420, 0.175472, 0.841224,
		0.818544, -0.397483, -0.414720,
		0.261601, 0.900675, -0.346913,
		37.283985, 41.025997, 38.794369>
	pigment { color rgbt <0,1,1,0> }
	no_shadow
}
cylinder {
	<37.836571, 40.646793, 39.087784>,  <37.100864, 40.395523, 39.037205>, 0.130000
	pigment { color rgbt <1,0,0,0> }
	no_shadow
}

// nucleotide -1

// particle -1
sphere {
	<37.836571, 40.646793, 39.087784> 0.250000
	pigment { color rgbt <1,0,0,0> }
	no_shadow
}
cylinder {
	<37.595409, 40.965359, 39.106728>,  <37.450714, 41.156498, 39.118095>, 0.100000
	pigment { color rgbt <1,0,0,0> }
	no_shadow
}
cylinder {
	<37.595409, 40.965359, 39.106728>,  <37.836571, 40.646793, 39.087784>, 0.100000
	pigment { color rgbt <1,0,0,0> }
	no_shadow
}

// particle -1
sphere {
	<37.595409, 40.965359, 39.106728> 0.100000
	pigment { color rgbt <1,0,0,0> }
	no_shadow
}
sphere {
	0, 1
	scale<0.080000,0.200000,0.300000>
	matrix <0.459427, 0.298041, 0.836719,
