// switches for output
#declare DRAW_BASES = 1; // possible values are 0, 1; only relevant for DNA ribbons
#declare DRAW_BASES_TYPE = 3; // possible values are 1, 2, 3; only relevant for DNA ribbons
#declare DRAW_FOG = 0; // set to 1 to enable fog

#include "colors.inc"

#include "transforms.inc"
background { rgb <1, 1, 1>}

#default {
   normal{
       ripples 0.25
       frequency 0.20
       turbulence 0.2
       lambda 5
   }
	finish {
		phong 0.1
		phong_size 40.
	}
}

// original window dimensions: 1024x640


// camera settings

camera {
	sky <0, 0.179814, -0.983701>
	up <0, 0.179814, -0.983701>
	right 1.6 * <1, 0, 0>
	location <35, 94.9851, 44.8844>
	look_at <35, 29.7336, 32.9568>
	direction <0, -65.2515, -11.9276>
	angle 67.0682
}


# declare cpy_camera_pos = <35, 94.9851, 44.8844>;
# if (DRAW_FOG = 1)
fog {
	fog_type 2
	up vnormalize(cpy_camera_pos)
	color rgbt<1,1,1,0.3>
	distance 1e-5
	fog_alt 3e-3
	fog_offset 56
}
# end


// LIGHTS

# declare lum = 6;
global_settings {
	ambient_light rgb lum * <0.05, 0.05, 0.05>
	max_trace_level 15
}# declare cpy_direct_light_amount = 0.25;
light_source
{	1000 * <-1, -1.16352, -0.803886>,
	rgb lum * cpy_direct_light_amount
	parallel
}

light_source
{	1000 * <1, 1.16352, 0.803886>,
	rgb lum * cpy_direct_light_amount
	parallel
}

// strand 0

// nucleotide -1

// particle -1
sphere {
	<24.245089, 35.524498, 35.009708> 0.250000
	pigment { color rgbt <1,0,0,0> }
	no_shadow
}
cylinder {
	<24.384607, 35.155235, 34.945065>,  <24.468319, 34.933678, 34.906277>, 0.100000
	pigment { color rgbt <1,0,0,0> }
	no_shadow
}
cylinder {
	<24.384607, 35.155235, 34.945065>,  <24.245089, 35.524498, 35.009708>, 0.100000
	pigment { color rgbt <1,0,0,0> }
	no_shadow
}

// particle -1
sphere {
	<24.384607, 35.155235, 34.945065> 0.100000
	pigment { color rgbt <1,0,0,0> }
	no_shadow
}
sphere {
	0, 1
	scale<0.080000,0.200000,0.300000>
	matrix <0.498158, 0.328686, -0.802374,
		0.793839, 0.199356, 0.574524,
		0.348796, -0.923159, -0.161613,
		24.489246, 34.878288, 34.896580>
	pigment { color rgbt <0,1,1,0> }
	no_shadow
}
cylinder {
	<24.204355, 36.166885, 35.542534>,  <24.245089, 35.524498, 35.009708>, 0.130000
	pigment { color rgbt <1,0,0,0> }
	no_shadow
}

// nucleotide -1

// particle -1
sphere {
	<24.204355, 36.166885, 35.542534> 0.250000
	pigment { color rgbt <1,0,0,0> }
	no_shadow
}
cylinder {
	<24.113157, 36.536705, 35.420399>,  <24.058437, 36.758598, 35.347118>, 0.100000
	pigment { color rgbt <1,0,0,0> }
	no_shadow
}
cylinder {
	<24.113157, 36.536705, 35.420399>,  <24.204355, 36.166885, 35.542534>, 0.100000
	pigment { color rgbt <1,0,0,0> }
	no_shadow
}

// particle -1
sphere {
	<24.113157, 36.536705, 35.420399> 0.100000
	pigment { color rgbt <1,0,0,0> }
	no_shadow
}
sphere {
	0, 1
	scale<0.080000,0.200000,0.300000>
	matrix <0.433752, 0.377202, 0.818277,
		0.871709, 0.054126, -0.487026,
		-0.227997, 0.924548, -0.305333,
		24.044758, 36.814068, 35.328800>
	pigment { color rgbt <0,1,1,0> }
	no_shadow
}
cylinder {
	<24.153099, 36.386799, 36.295296>,  <24.204355, 36.166885, 35.542534>, 0.130000
	pigment { color rgbt <1,0,0,0> }
	no_shadow
}

// nucleotide -1

// particle -1
sphere {
	<24.153099, 36.386799, 36.295296> 0.250000
	pigment { color rgbt <1,0,0,0> }
	no_shadow
}
cylinder {
	<24.134001, 36.015198, 36.148502>,  <24.122541, 35.792236, 36.060425>, 0.100000
	pigment { color rgbt <1,0,0,0> }
	no_shadow
}
cylinder {
	<24.134001, 36.015198, 36.148502>,  <24.153099, 36.386799, 36.295296>, 0.100000
	pigment { color rgbt <1,0,0,0> }
	no_shadow
}

// particle -1
sphere {
	<24.134001, 36.015198, 36.148502> 0.100000
	pigment { color rgbt <1,0,0,0> }
	no_shadow
}
sphere {
	0, 1
	scale<0.080000,0.200000,0.300000>
	matrix <0.405655, -0.353777, 0.842784,
		-0.912778, -0.108631, 0.393745,
		-0.047745, -0.929000, -0.366987,
		24.119677, 35.736496, 36.038406>
	pigment { color rgbt <0,1,1,0> }
	no_shadow
}
cylinder {
	<23.935265, 36.055286, 36.862206>,  <24.153099, 36.386799, 36.295296>, 0.130000
	pigment { color rgbt <1,0,0,0> }
	no_shadow
}

// nucleotide -1

// particle -1
sphere {
	<23.935265, 36.055286, 36.862206> 0.250000
	pigment { color rgbt <1,0,0,0> }
	no_shadow
}
cylinder {
	<24.090452, 35.780670, 36.616234>,  <24.183565, 35.615898, 36.468651>, 0.100000
	pigment { color rgbt <1,0,0,0> }
	no_shadow
}
cylinder {
	<24.090452, 35.780670, 36.616234>,  <23.935265, 36.055286, 36.862206>, 0.100000
	pigment { color rgbt <1,0,0,0> }
	no_shadow
}

// particle -1
sphere {
	<24.090452, 35.780670, 36.616234> 0.100000
	pigment { color rgbt <1,0,0,0> }
	no_shadow
}
sphere {
	0, 1
	scale<0.080000,0.200000,0.300000>
	matrix <0.616548, -0.302610, 0.726839,
		-0.685090, -0.661125, 0.305884,
		0.387969, -0.686543, -0.614931,
		24.206842, 35.574707, 36.431755>
	pigment { color rgbt <0,1,1,0> }
	no_shadow
}
cylinder {
	<23.908331, 35.400059, 37.195267>,  <23.935265, 36.055286, 36.862206>, 0.130000
	pigment { color rgbt <1,0,0,0> }
	no_shadow
}

// nucleotide -1

// particle -1
sphere {
	<23.908331, 35.400059, 37.195267> 0.250000
	pigment { color rgbt <1,0,0,0> }
	no_shadow
}
cylinder {
	<24.201700, 35.384457, 36.923805>,  <24.377722, 35.375095, 36.760929>, 0.100000
	pigment { color rgbt <1,0,0,0> }
	no_shadow
}
cylinder {
	<24.201700, 35.384457, 36.923805>,  <23.908331, 35.400059, 37.195267>, 0.100000
	pigment { color rgbt <1,0,0,0> }
	no_shadow
}

// particle -1
sphere {
	<24.201700, 35.384457, 36.923805> 0.100000
	pigment { color rgbt <1,0,0,0> }
	no_shadow
}
sphere {
	0, 1
	scale<0.080000,0.200000,0.300000>
	matrix <0.544177, -0.564613, 0.620551,
		-0.407380, -0.824433, -0.392876,
		0.733426, -0.039006, -0.678650,
		24.421728, 35.372753, 36.720211>
	pigment { color rgbt <0,1,1,0> }
	no_shadow
}
cylinder {
	<24.119024, 34.677677, 36.944393>,  <23.908331, 35.400059, 37.195267>, 0.130000
	pigment { color rgbt <1,0,0,0> }
	no_shadow
}

// nucleotide -1

// particle -1
sphere {
	<24.119024, 34.677677, 36.944393> 0.250000
	pigment { color rgbt <1,0,0,0> }
	no_shadow
}
cylinder {
	<24.433874, 34.924366, 36.940617>,  <24.622784, 35.072380, 36.938351>, 0.100000
	pigment { color rgbt <1,0,0,0> }
	no_shadow
}
cylinder {
	<24.433874, 34.924366, 36.940617>,  <24.119024, 34.677677, 36.944393>, 0.100000
	pigment { color rgbt <1,0,0,0> }
	no_shadow
}

// particle -1
sphere {
	<24.433874, 34.924366, 36.940617> 0.100000
	pigment { color rgbt <1,0,0,0> }
	no_shadow
}
sphere {
	0, 1
	scale<0.080000,0.200000,0.300000>
	matrix <0.368410, -0.457817, 0.809121,
		0.494681, -0.640357, -0.587566,
		0.787124, 0.616722, -0.009440,
		24.670012, 35.109383, 36.937786>
	pigment { color rgbt <0,1,1,0> }
	no_shadow
}
cylinder {
	<24.731573, 34.303040, 37.026554>,  <24.119024, 34.677677, 36.944393>, 0.130000
	pigment { color rgbt <1,0,0,0> }
	no_shadow
}

// nucleotide -1

// particle -1
sphere {
	<24.731573, 34.303040, 37.026554> 0.250000
	pigment { color rgbt <1,0,0,0> }
	no_shadow
}
cylinder {
	<24.856567, 34.671185, 37.120602>,  <24.931564, 34.892071, 37.177029>, 0.100000
	pigment { color rgbt <1,0,0,0> }
	no_shadow
}
cylinder {
	<24.856567, 34.671185, 37.120602>,  <24.731573, 34.303040, 37.026554>, 0.100000
	pigment { color rgbt <1,0,0,0> }
	no_shadow
}

// particle -1
sphere {
	<24.856567, 34.671185, 37.120602> 0.100000
	pigment { color rgbt <1,0,0,0> }
	no_shadow
}
sphere {
	0, 1
	scale<0.080000,0.200000,0.300000>
	matrix <0.371004, -0.346103, 0.861724,
		0.874476, -0.182047, -0.449611,
		0.312486, 0.920365, 0.235119,
		24.950314, 34.947292, 37.191135>
	pigment { color rgbt <0,1,1,0> }
	no_shadow
}
cylinder {
	<25.432926, 34.349579, 37.089649>,  <24.731573, 34.303040, 37.026554>, 0.130000
	pigment { color rgbt <1,0,0,0> }
	no_shadow
}

// nucleotide -1

// particle -1
sphere {
	<25.432926, 34.349579, 37.089649> 0.250000
	pigment { color rgbt <1,0,0,0> }
	no_shadow
}
cylinder {
	<25.316418, 34.658318, 37.315716>,  <25.246513, 34.843559, 37.451355>, 0.100000
	pigment { color rgbt <1,0,0,0> }
	no_shadow
}
cylinder {
	<25.316418, 34.658318, 37.315716>,  <25.432926, 34.349579, 37.089649>, 0.100000
	pigment { color rgbt <1,0,0,0> }
	no_shadow
}

// particle -1
sphere {
	<25.316418, 34.658318, 37.315716> 0.100000
	pigment { color rgbt <1,0,0,0> }
	no_shadow
}
sphere {
	0, 1
	scale<0.080000,0.200000,0.300000>
	matrix <0.515957, -0.370743, 0.772229,
		0.805575, 0.516529, -0.290254,
		-0.291269, 0.771847, 0.565168,
		25.229036, 34.889874, 37.485268>
	pigment { color rgbt <0,1,1,0> }
	no_shadow
}
cylinder {
	<26.174324, 34.512917, 37.304047>,  <25.432926, 34.349579, 37.089649>, 0.130000
	pigment { color rgbt <1,0,0,0> }
	no_shadow
}

// nucleotide -1

// particle -1
sphere {
	<26.174324, 34.512917, 37.304047> 0.250000
	pigment { color rgbt <1,0,0,0> }
	no_shadow
}
cylinder {
	<26.473335, 34.498165, 37.569328>,  <26.652742, 34.489315, 37.728497>, 0.100000
	pigment { color rgbt <1,0,0,0> }
	no_shadow
}
cylinder {
	<26.473335, 34.498165, 37.569328>,  <26.174324, 34.512917, 37.304047>, 0.100000
	pigment { color rgbt <1,0,0,0> }
	no_shadow
}

// particle -1
sphere {
	<26.473335, 34.498165, 37.569328> 0.100000
	pigment { color rgbt <1,0,0,0> }
	no_shadow
}
sphere {
	0, 1
	scale<0.080000,0.200000,0.300000>
	matrix <0.006509, 0.998816, 0.048205,
		-0.664200, -0.031718, 0.746882,
		0.747526, -0.036879, 0.663208,
		26.697594, 34.487103, 37.768291>
	pigment { color rgbt <0,1,1,0> }
	no_shadow
}
cylinder {
	<26.013813, 34.760761, 37.966328>,  <26.174324, 34.512917, 37.304047>, 0.130000
	pigment { color rgbt <1,0,0,0> }
	no_shadow
}

// nucleotide -1

// particle -1
sphere {
	<26.013813, 34.760761, 37.966328> 0.250000
	pigment { color rgbt <1,0,0,0> }
	no_shadow
}
cylinder {
	<26.401480, 34.810997, 37.881531>,  <26.634081, 34.841137, 37.830650>, 0.100000
	pigment { color rgbt <1,0,0,0> }
	no_shadow
}
cylinder {
	<26.401480, 34.810997, 37.881531>,  <26.013813, 34.760761, 37.966328>, 0.100000
	pigment { color rgbt <1,0,0,0> }
	no_shadow
}

// particle -1
sphere {
	<26.401480, 34.810997, 37.881531> 0.100000
	pigment { color rgbt <1,0,0,0> }
	no_shadow
}
sphere {
	0, 1
	scale<0.080000,0.200000,0.300000>
	matrix <-0.147476, 0.984893, -0.090752,
		0.197395, 0.119218, 0.973048,
		0.969168, 0.125587, -0.211995,
		26.692230, 34.848675, 37.817932>
	pigment { color rgbt <0,1,1,0> }
	no_shadow
}
cylinder {
	<26.292021, 35.358776, 38.390770>,  <26.013813, 34.760761, 37.966328>, 0.130000
	pigment { color rgbt <1,0,0,0> }
	no_shadow
}

// nucleotide -1

// particle -1
sphere {
	<26.292021, 35.358776, 38.390770> 0.250000
	pigment { color rgbt <1,0,0,0> }
	no_shadow
}
cylinder {
	<26.552454, 35.317451, 38.089993>,  <26.708714, 35.292656, 37.909527>, 0.100000
	pigment { color rgbt <1,0,0,0> }
	no_shadow
}
cylinder {
	<26.552454, 35.317451, 38.089993>,  <26.292021, 35.358776, 38.390770>, 0.100000
	pigment { color rgbt <1,0,0,0> }
	no_shadow
}

// particle -1
sphere {
	<26.552454, 35.317451, 38.089993> 0.100000
	pigment { color rgbt <1,0,0,0> }
	no_shadow
}
sphere {
	0, 1
	scale<0.080000,0.200000,0.300000>
	matrix <0.160831, 0.986975, 0.003659,
		0.741772, -0.123318, 0.659217,
		0.651082, -0.103308, -0.751944,
		26.747778, 35.286457, 37.864410>
	pigment { color rgbt <0,1,1,0> }
	no_shadow
}
cylinder {
	<26.495966, 36.102413, 38.320469>,  <26.292021, 35.358776, 38.390770>, 0.130000
	pigment { color rgbt <1,0,0,0> }
	no_shadow
}

// nucleotide -1

// particle -1
sphere {
	<26.495966, 36.102413, 38.320469> 0.250000
	pigment { color rgbt <1,0,0,0> }
	no_shadow
}
cylinder {
	<26.719019, 35.929218, 38.037182>,  <26.852850, 35.825302, 37.867210>, 0.100000
	pigment { color rgbt <1,0,0,0> }
	no_shadow
}
cylinder {
	<26.719019, 35.929218, 38.037182>,  <26.495966, 36.102413, 38.320469>, 0.100000
	pigment { color rgbt <1,0,0,0> }
	no_shadow
}

// particle -1
sphere {
	<26.719019, 35.929218, 38.037182> 0.100000
	pigment { color rgbt <1,0,0,0> }
	no_shadow
}
sphere {
	0, 1
	scale<0.080000,0.200000,0.300000>
	matrix <0.328596, 0.898628, -0.290677,
		0.762281, -0.070626, 0.643381,
		0.557631, -0.432990, -0.708215,
		26.886309, 35.799320, 37.824718>
	pigment { color rgbt <0,1,1,0> }
	no_shadow
}
cylinder {
	<26.582535, 36.606182, 38.944210>,  <26.495966, 36.102413, 38.320469>, 0.130000
	pigment { color rgbt <1,0,0,0> }
	no_shadow
}

// nucleotide -1

// particle -1
sphere {
	<26.582535, 36.606182, 38.944210> 0.250000
	pigment { color rgbt <1,0,0,0> }
	no_shadow
}
cylinder {
	<26.209002, 36.544884, 38.814919>,  <25.984882, 36.508106, 38.737343>, 0.100000
	pigment { color rgbt <1,0,0,0> }
	no_shadow
}
cylinder {
	<26.209002, 36.544884, 38.814919>,  <26.582535, 36.606182, 38.944210>, 0.100000
	pigment { color rgbt <1,0,0,0> }
	no_shadow
}

// particle -1
sphere {
	<26.209002, 36.544884, 38.814919> 0.100000
	pigment { color rgbt <1,0,0,0> }
	no_shadow
}
sphere {
	0, 1
	scale<0.080000,0.200000,0.300000>
	matrix <0.345154, -0.148657, -0.926698,
		0.093960, -0.976943, 0.191713,
		-0.933831, -0.153244, -0.323228,
		25.928852, 36.498909, 38.717949>
	pigment { color rgbt <0,1,1,0> }
	no_shadow
}
cylinder {
	<27.290897, 36.844414, 38.603233>,  <26.582535, 36.606182, 38.944210>, 0.130000
	pigment { color rgbt <1,0,0,0> }
	no_shadow
}

// nucleotide -1

// particle -1
sphere {
	<27.290897, 36.844414, 38.603233> 0.250000
	pigment { color rgbt <1,0,0,0> }
	no_shadow
}
cylinder {
	<27.337343, 37.185051, 38.807709>,  <27.365211, 37.389431, 38.930393>, 0.100000
	pigment { color rgbt <1,0,0,0> }
	no_shadow
}
cylinder {
	<27.337343, 37.185051, 38.807709>,  <27.290897, 36.844414, 38.603233>, 0.100000
	pigment { color rgbt <1,0,0,0> }
	no_shadow
}

// particle -1
sphere {
	<27.337343, 37.185051, 38.807709> 0.100000
	pigment { color rgbt <1,0,0,0> }
	no_shadow
}
sphere {
	0, 1
	scale<0.080000,0.200000,0.300000>
	matrix <0.638929, 0.330003, -0.694886,
		-0.760451, 0.407300, -0.505787,
		0.116116, 0.851589, 0.511188,
		27.372177, 37.440529, 38.961063>
	pigment { color rgbt <0,1,1,0> }
	no_shadow
}
cylinder {
	<27.236727, 37.462482, 38.131348>,  <27.290897, 36.844414, 38.603233>, 0.130000
	pigment { color rgbt <1,0,0,0> }
	no_shadow
}

// nucleotide -1

// particle -1
sphere {
	<27.236727, 37.462482, 38.131348> 0.250000
	pigment { color rgbt <1,0,0,0> }
	no_shadow
}
cylinder {
	<27.457474, 37.599651, 38.435413>,  <27.589922, 37.681953, 38.617851>, 0.100000
	pigment { color rgbt <1,0,0,0> }
	no_shadow
}
cylinder {
	<27.457474, 37.599651, 38.435413>,  <27.236727, 37.462482, 38.131348>, 0.100000
	pigment { color rgbt <1,0,0,0> }
	no_shadow
}

// particle -1
sphere {
	<27.457474, 37.599651, 38.435413> 0.100000
	pigment { color rgbt <1,0,0,0> }
	no_shadow
}
sphere {
	0, 1
	scale<0.080000,0.200000,0.300000>
	matrix <0.654041, 0.387535, -0.649651,
		-0.517370, 0.855698, -0.010419,
		0.551868, 0.342925, 0.760161,
		27.623034, 37.702530, 38.663460>
	pigment { color rgbt <0,1,1,0> }
	no_shadow
}
cylinder {
	<27.922939, 37.517525, 38.041393>,  <27.236727, 37.462482, 38.131348>, 0.130000
	pigment { color rgbt <1,0,0,0> }
	no_shadow
}

// nucleotide -1

// particle -1
sphere {
	<27.922939, 37.517525, 38.041393> 0.250000
	pigment { color rgbt <1,0,0,0> }
	no_shadow
}
cylinder {
	<27.695679, 37.727703, 38.294727>,  <27.559322, 37.853809, 38.446728>, 0.100000
	pigment { color rgbt <1,0,0,0> }
	no_shadow
}
cylinder {
	<27.695679, 37.727703, 38.294727>,  <27.922939, 37.517525, 38.041393>, 0.100000
	pigment { color rgbt <1,0,0,0> }
	no_shadow
}

// particle -1
sphere {
	<27.695679, 37.727703, 38.294727> 0.100000
	pigment { color rgbt <1,0,0,0> }
	no_shadow
}
sphere {
	0, 1
	scale<0.080000,0.200000,0.300000>
	matrix <-0.149561, 0.690869, -0.707341,
		-0.809218, -0.496600, -0.313934,
		-0.568153, 0.525441, 0.633335,
		27.525232, 37.885334, 38.484730>
	pigment { color rgbt <0,1,1,0> }
	no_shadow
}
cylinder {
	<28.316683, 36.770401, 38.193516>,  <27.922939, 37.517525, 38.041393>, 0.130000
	pigment { color rgbt <1,0,0,0> }
	no_shadow
}

// nucleotide -1

// particle -1
sphere {
	<28.316683, 36.770401, 38.193516> 0.250000
	pigment { color rgbt <1,0,0,0> }
	no_shadow
}
cylinder {
	<27.996140, 36.592152, 38.033894>,  <27.803814, 36.485203, 37.938122>, 0.100000
	pigment { color rgbt <1,0,0,0> }
	no_shadow
}
cylinder {
	<27.996140, 36.592152, 38.033894>,  <28.316683, 36.770401, 38.193516>, 0.100000
	pigment { color rgbt <1,0,0,0> }
	no_shadow
}

// particle -1
sphere {
	<27.996140, 36.592152, 38.033894> 0.100000
	pigment { color rgbt <1,0,0,0> }
	no_shadow
}
sphere {
	0, 1
	scale<0.080000,0.200000,0.300000>
	matrix <-0.564954, 0.783067, 0.260064,
		0.196596, 0.433851, -0.879274,
		-0.801360, -0.445622, -0.399053,
		27.755732, 36.458466, 37.914177>
	pigment { color rgbt <0,1,1,0> }
	no_shadow
}
cylinder {
	<28.864151, 36.247280, 38.158539>,  <28.316683, 36.770401, 38.193516>, 0.130000
	pigment { color rgbt <1,0,0,0> }
	no_shadow
}

// nucleotide -1

// particle -1
sphere {
	<28.864151, 36.247280, 38.158539> 0.250000
	pigment { color rgbt <1,0,0,0> }
	no_shadow
}
cylinder {
	<28.720104, 36.383785, 38.505840>,  <28.633675, 36.465687, 38.714222>, 0.100000
	pigment { color rgbt <1,0,0,0> }
	no_shadow
}
cylinder {
	<28.720104, 36.383785, 38.505840>,  <28.864151, 36.247280, 38.158539>, 0.100000
	pigment { color rgbt <1,0,0,0> }
	no_shadow
}

// particle -1
sphere {
	<28.720104, 36.383785, 38.505840> 0.100000
	pigment { color rgbt <1,0,0,0> }
	no_shadow
}
sphere {
	0, 1
	scale<0.080000,0.200000,0.300000>
	matrix <0.776933, 0.624902, 0.076632,
		-0.516419, 0.702169, -0.490174,
		-0.360119, 0.341258, 0.868249,
		28.612068, 36.486164, 38.766315>
	pigment { color rgbt <0,1,1,0> }
	no_shadow
}
cylinder {
	<29.033464, 36.979733, 38.302444>,  <28.864151, 36.247280, 38.158539>, 0.130000
	pigment { color rgbt <1,0,0,0> }
	no_shadow
}

// nucleotide -1

// particle -1
sphere {
	<29.033464, 36.979733, 38.302444> 0.250000
	pigment { color rgbt <1,0,0,0> }
	no_shadow
}
cylinder {
	<29.024179, 36.901688, 38.694649>,  <29.018608, 36.854862, 38.929970>, 0.100000
	pigment { color rgbt <1,0,0,0> }
	no_shadow
}
cylinder {
	<29.024179, 36.901688, 38.694649>,  <29.033464, 36.979733, 38.302444>, 0.100000
	pigment { color rgbt <1,0,0,0> }
	no_shadow
}

// particle -1
sphere {
	<29.024179, 36.901688, 38.694649> 0.100000
	pigment { color rgbt <1,0,0,0> }
	no_shadow
}
sphere {
	0, 1
	scale<0.080000,0.200000,0.300000>
	matrix <0.707993, 0.689243, 0.153914,
		-0.705838, 0.697765, 0.122136,
		-0.023214, -0.195109, 0.980507,
		29.017216, 36.843155, 38.988800>
	pigment { color rgbt <0,1,1,0> }
	no_shadow
}
cylinder {
	<28.866415, 37.568840, 38.608845>,  <29.033464, 36.979733, 38.302444>, 0.130000
	pigment { color rgbt <1,0,0,0> }
	no_shadow
}

// nucleotide -1

// particle -1
sphere {
	<28.866415, 37.568840, 38.608845> 0.250000
	pigment { color rgbt <1,0,0,0> }
	no_shadow
}
cylinder {
	<29.095343, 37.331680, 38.835442>,  <29.232698, 37.189384, 38.971401>, 0.100000
	pigment { color rgbt <1,0,0,0> }
	no_shadow
}
cylinder {
	<29.095343, 37.331680, 38.835442>,  <28.866415, 37.568840, 38.608845>, 0.100000
	pigment { color rgbt <1,0,0,0> }
	no_shadow
}

// particle -1
sphere {
	<29.095343, 37.331680, 38.835442> 0.100000
	pigment { color rgbt <1,0,0,0> }
	no_shadow
}
sphere {
	0, 1
	scale<0.080000,0.200000,0.300000>
	matrix <0.734097, 0.678303, -0.031719,
		-0.365450, 0.434016, 0.823454,
		0.572318, -0.592903, 0.566496,
		29.267038, 37.153809, 39.005390>
	pigment { color rgbt <0,1,1,0> }
	no_shadow
}
cylinder {
	<29.255995, 38.024025, 39.062443>,  <28.866415, 37.568840, 38.608845>, 0.130000
	pigment { color rgbt <1,0,0,0> }
	no_shadow
}

// nucleotide -1

// particle -1
sphere {
	<29.255995, 38.024025, 39.062443> 0.250000
	pigment { color rgbt <1,0,0,0> }
	no_shadow
}
cylinder {
	<29.024120, 37.789284, 39.288567>,  <28.884995, 37.648441, 39.424240>, 0.100000
	pigment { color rgbt <1,0,0,0> }
	no_shadow
}
cylinder {
	<29.024120, 37.789284, 39.288567>,  <29.255995, 38.024025, 39.062443>, 0.100000
	pigment { color rgbt <1,0,0,0> }
	no_shadow
}

// particle -1
sphere {
	<29.024120, 37.789284, 39.288567> 0.100000
	pigment { color rgbt <1,0,0,0> }
	no_shadow
}
sphere {
	0, 1
	scale<0.080000,0.200000,0.300000>
	matrix <0.171211, 0.590554, 0.788627,
		-0.796649, 0.553944, -0.241862,
		-0.579688, -0.586849, 0.565305,
		28.850214, 37.613228, 39.458157>
	pigment { color rgbt <0,1,1,0> }
	no_shadow
}
cylinder {
	<29.730358, 38.702343, 39.202393>,  <29.255995, 38.024025, 39.062443>, 0.130000
	pigment { color rgbt <1,0,0,0> }
	no_shadow
}

// nucleotide -1

// particle -1
sphere {
	<29.730358, 38.702343, 39.202393> 0.250000
	pigment { color rgbt <1,0,0,0> }
	no_shadow
}
cylinder {
	<29.483263, 38.641014, 38.893875>,  <29.335007, 38.604218, 38.708763>, 0.100000
	pigment { color rgbt <1,0,0,0> }
	no_shadow
}
cylinder {
	<29.483263, 38.641014, 38.893875>,  <29.730358, 38.702343, 39.202393>, 0.100000
	pigment { color rgbt <1,0,0,0> }
	no_shadow
}

// particle -1
sphere {
	<29.483263, 38.641014, 38.893875> 0.100000
	pigment { color rgbt <1,0,0,0> }
	no_shadow
}
sphere {
	0, 1
	scale<0.080000,0.200000,0.300000>
	matrix <0.562040, -0.772074, -0.296669,
		-0.550012, -0.616762, 0.563108,
		-0.617736, -0.153318, -0.771295,
		29.297943, 38.595020, 38.662487>
	pigment { color rgbt <0,1,1,0> }
	no_shadow
}
cylinder {
	<30.418495, 38.487946, 39.058239>,  <29.730358, 38.702343, 39.202393>, 0.130000
	pigment { color rgbt <1,0,0,0> }
	no_shadow
}

// nucleotide -1

// particle -1
sphere {
	<30.418495, 38.487946, 39.058239> 0.250000
	pigment { color rgbt <1,0,0,0> }
	no_shadow
}
cylinder {
	<30.502068, 38.331314, 38.699795>,  <30.552212, 38.237335, 38.484730>, 0.100000
	pigment { color rgbt <1,0,0,0> }
	no_shadow
}
cylinder {
	<30.502068, 38.331314, 38.699795>,  <30.418495, 38.487946, 39.058239>, 0.100000
	pigment { color rgbt <1,0,0,0> }
	no_shadow
}

// particle -1
sphere {
	<30.502068, 38.331314, 38.699795> 0.100000
	pigment { color rgbt <1,0,0,0> }
	no_shadow
}
sphere {
	0, 1
	scale<0.080000,0.200000,0.300000>
	matrix <0.236628, 0.909348, -0.342189,
		0.948870, -0.140551, 0.282649,
		0.208931, -0.391575, -0.896112,
		30.564747, 38.213840, 38.430962>
	pigment { color rgbt <0,1,1,0> }
	no_shadow
}
cylinder {
	<31.220295, 38.582855, 38.821426>,  <30.418495, 38.487946, 39.058239>, 0.130000
	pigment { color rgbt <1,0,0,0> }
	no_shadow
}

// nucleotide -1

// particle -1
sphere {
	<31.220295, 38.582855, 38.821426> 0.250000
	pigment { color rgbt <1,0,0,0> }
	no_shadow
}
cylinder {
	<30.920450, 38.587120, 38.556709>,  <30.740543, 38.589680, 38.397881>, 0.100000
	pigment { color rgbt <1,0,0,0> }
	no_shadow
}
cylinder {
	<30.920450, 38.587120, 38.556709>,  <31.220295, 38.582855, 38.821426>, 0.100000
	pigment { color rgbt <1,0,0,0> }
	no_shadow
}

// particle -1
sphere {
	<30.920450, 38.587120, 38.556709> 0.100000
	pigment { color rgbt <1,0,0,0> }
	no_shadow
}
sphere {
	0, 1
	scale<0.080000,0.200000,0.300000>
	matrix <0.164399, 0.971535, -0.170566,
		0.641136, -0.236657, -0.730026,
		-0.749612, 0.010660, -0.661792,
		30.695566, 38.590317, 38.358173>
	pigment { color rgbt <0,1,1,0> }
	no_shadow
}
cylinder {
	<31.412348, 38.791744, 38.092903>,  <31.220295, 38.582855, 38.821426>, 0.130000
	pigment { color rgbt <1,0,0,0> }
	no_shadow
}

// nucleotide -1

// particle -1
sphere {
	<31.412348, 38.791744, 38.092903> 0.250000
	pigment { color rgbt <1,0,0,0> }
	no_shadow
}
cylinder {
	<31.041189, 38.905979, 38.188778>,  <30.818495, 38.974522, 38.246304>, 0.100000
	pigment { color rgbt <1,0,0,0> }
	no_shadow
}
cylinder {
	<31.041189, 38.905979, 38.188778>,  <31.412348, 38.791744, 38.092903>, 0.100000
	pigment { color rgbt <1,0,0,0> }
	no_shadow
}

// particle -1
sphere {
	<31.041189, 38.905979, 38.188778> 0.100000
	pigment { color rgbt <1,0,0,0> }
	no_shadow
}
sphere {
	0, 1
	scale<0.080000,0.200000,0.300000>
	matrix <0.285028, 0.957775, -0.037777,
		-0.240351, 0.033263, -0.970116,
		-0.927896, 0.285590, 0.239683,
		30.762821, 38.991657, 38.260681>
	pigment { color rgbt <0,1,1,0> }
	no_shadow
}
cylinder {
	<31.016006, 39.120075, 37.495918>,  <31.412348, 38.791744, 38.092903>, 0.130000
	pigment { color rgbt <1,0,0,0> }
	no_shadow
}

// nucleotide -1

// particle -1
sphere {
	<31.016006, 39.120075, 37.495918> 0.250000
	pigment { color rgbt <1,0,0,0> }
	no_shadow
}
cylinder {
	<30.907793, 39.245148, 37.860126>,  <30.842865, 39.320190, 38.078651>, 0.100000
	pigment { color rgbt <1,0,0,0> }
	no_shadow
}
cylinder {
	<30.907793, 39.245148, 37.860126>,  <31.016006, 39.120075, 37.495918>, 0.100000
	pigment { color rgbt <1,0,0,0> }
	no_shadow
}

// particle -1
sphere {
	<30.907793, 39.245148, 37.860126> 0.100000
	pigment { color rgbt <1,0,0,0> }
	no_shadow
}
sphere {
	0, 1
	scale<0.080000,0.200000,0.300000>
	matrix <0.321541, 0.920822, -0.220678,
		-0.907426, 0.233068, -0.349653,
		-0.270536, 0.312677, 0.910518,
		30.826632, 39.338951, 38.133282>
	pigment { color rgbt <0,1,1,0> }
	no_shadow
}
cylinder {
	<30.499277, 39.786110, 37.526516>,  <31.016006, 39.120075, 37.495918>, 0.130000
	pigment { color rgbt <1,0,0,0> }
	no_shadow
}

// nucleotide -1

// particle -1
sphere {
	<30.499277, 39.786110, 37.526516> 0.250000
	pigment { color rgbt <1,0,0,0> }
	no_shadow
}
cylinder {
	<30.737217, 39.732346, 37.843525>,  <30.879980, 39.700085, 38.033730>, 0.100000
	pigment { color rgbt <1,0,0,0> }
	no_shadow
}
cylinder {
	<30.737217, 39.732346, 37.843525>,  <30.499277, 39.786110, 37.526516>, 0.100000
	pigment { color rgbt <1,0,0,0> }
	no_shadow
}

// particle -1
sphere {
	<30.737217, 39.732346, 37.843525> 0.100000
	pigment { color rgbt <1,0,0,0> }
	no_shadow
}
sphere {
	0, 1
	scale<0.080000,0.200000,0.300000>
	matrix <0.532369, 0.804580, -0.263125,
		-0.602276, 0.578432, 0.550163,
		0.594850, -0.134416, 0.792519,
		30.915672, 39.692020, 38.081280>
	pigment { color rgbt <0,1,1,0> }
	no_shadow
}
cylinder {
	<30.620354, 40.483967, 37.746620>,  <30.499277, 39.786110, 37.526516>, 0.130000
	pigment { color rgbt <1,0,0,0> }
	no_shadow
}

// nucleotide -1

// particle -1
sphere {
	<30.620354, 40.483967, 37.746620> 0.250000
	pigment { color rgbt <1,0,0,0> }
	no_shadow
}
cylinder {
	<30.918402, 40.256641, 37.886230>,  <31.097231, 40.120247, 37.969997>, 0.100000
	pigment { color rgbt <1,0,0,0> }
	no_shadow
}
cylinder {
	<30.918402, 40.256641, 37.886230>,  <30.620354, 40.483967, 37.746620>, 0.100000
	pigment { color rgbt <1,0,0,0> }
	no_shadow
}

// particle -1
sphere {
	<30.918402, 40.256641, 37.886230> 0.100000
	pigment { color rgbt <1,0,0,0> }
	no_shadow
}
sphere {
	0, 1
	scale<0.080000,0.200000,0.300000>
	matrix <0.664314, 0.678767, -0.312989,
		-0.059029, 0.465074, 0.883302,
		0.745119, -0.568315, 0.349022,
		31.141937, 40.086147, 37.990936>
	pigment { color rgbt <0,1,1,0> }
	no_shadow
}
cylinder {
	<31.208681, 40.961632, 37.784466>,  <30.620354, 40.483967, 37.746620>, 0.130000
	pigment { color rgbt <1,0,0,0> }
	no_shadow
}

// nucleotide -1

// particle -1
sphere {
	<31.208681, 40.961632, 37.784466> 0.250000
	pigment { color rgbt <1,0,0,0> }
	no_shadow
}
cylinder {
	<31.373262, 40.602928, 37.849625>,  <31.472012, 40.387707, 37.888718>, 0.100000
	pigment { color rgbt <1,0,0,0> }
	no_shadow
}
cylinder {
	<31.373262, 40.602928, 37.849625>,  <31.208681, 40.961632, 37.784466>, 0.100000
	pigment { color rgbt <1,0,0,0> }
	no_shadow
}

// particle -1
sphere {
	<31.373262, 40.602928, 37.849625> 0.100000
	pigment { color rgbt <1,0,0,0> }
	no_shadow
}
sphere {
	0, 1
	scale<0.080000,0.200000,0.300000>
	matrix <0.910352, 0.395650, -0.121326,
		0.044350, 0.198212, 0.979155,
		0.411451, -0.896757, 0.162895,
		31.496698, 40.333900, 37.898495>
	pigment { color rgbt <0,1,1,0> }
	no_shadow
}
cylinder {
	<31.779774, 41.421265, 37.861687>,  <31.208681, 40.961632, 37.784466>, 0.130000
	pigment { color rgbt <1,0,0,0> }
	no_shadow
}

// nucleotide -1

// particle -1
sphere {
	<31.779774, 41.421265, 37.861687> 0.250000
	pigment { color rgbt <1,0,0,0> }
	no_shadow
}
cylinder {
	<31.912830, 41.544106, 38.218346>,  <31.992664, 41.617809, 38.432343>, 0.100000
	pigment { color rgbt <1,0,0,0> }
	no_shadow
}
cylinder {
	<31.912830, 41.544106, 38.218346>,  <31.779774, 41.421265, 37.861687>, 0.100000
	pigment { color rgbt <1,0,0,0> }
	no_shadow
}

// particle -1
sphere {
	<31.912830, 41.544106, 38.218346> 0.100000
	pigment { color rgbt <1,0,0,0> }
	no_shadow
}
sphere {
	0, 1
	scale<0.080000,0.200000,0.300000>
	matrix <0.934053, 0.023016, -0.356391,
		-0.129972, 0.951397, -0.279196,
		0.332643, 0.307105, 0.891647,
		32.012623, 41.636238, 38.485840>
	pigment { color rgbt <0,1,1,0> }
	no_shadow
}
cylinder {
	<32.187840, 42.063229, 37.683628>,  <31.779774, 41.421265, 37.861687>, 0.130000
	pigment { color rgbt <1,0,0,0> }
	no_shadow
}

// nucleotide -1

// particle -1
sphere {
	<32.187840, 42.063229, 37.683628> 0.250000
	pigment { color rgbt <1,0,0,0> }
	no_shadow
}
cylinder {
	<32.291920, 41.890282, 38.028961>,  <32.354370, 41.786514, 38.236160>, 0.100000
	pigment { color rgbt <1,0,0,0> }
	no_shadow
}
cylinder {
	<32.291920, 41.890282, 38.028961>,  <32.187840, 42.063229, 37.683628>, 0.100000
	pigment { color rgbt <1,0,0,0> }
	no_shadow
}

// particle -1
sphere {
	<32.291920, 41.890282, 38.028961> 0.100000
	pigment { color rgbt <1,0,0,0> }
	no_shadow
}
sphere {
	0, 1
	scale<0.080000,0.200000,0.300000>
	matrix <0.960556, 0.025059, -0.276955,
		0.098112, 0.901348, 0.421836,
		0.260203, -0.432370, 0.863337,
		32.369980, 41.760571, 38.287964>
	pigment { color rgbt <0,1,1,0> }
	no_shadow
}
cylinder {
	<32.602970, 42.565529, 37.973183>,  <32.187840, 42.063229, 37.683628>, 0.130000
	pigment { color rgbt <1,0,0,0> }
	no_shadow
}

// nucleotide -1

// particle -1
sphere {
	<32.602970, 42.565529, 37.973183> 0.250000
	pigment { color rgbt <1,0,0,0> }
	no_shadow
}
cylinder {
	<32.681271, 42.200188, 38.115990>,  <32.728252, 41.980984, 38.201675>, 0.100000
	pigment { color rgbt <1,0,0,0> }
	no_shadow
}
cylinder {
	<32.681271, 42.200188, 38.115990>,  <32.602970, 42.565529, 37.973183>, 0.100000
	pigment { color rgbt <1,0,0,0> }
	no_shadow
}

// particle -1
sphere {
	<32.681271, 42.200188, 38.115990> 0.100000
	pigment { color rgbt <1,0,0,0> }
	no_shadow
}
sphere {
	0, 1
	scale<0.080000,0.200000,0.300000>
	matrix <0.974694, 0.141138, -0.173356,
		0.107947, 0.381917, 0.917871,
		0.195754, -0.913356, 0.357016,
		32.739998, 41.926182, 38.223095>
	pigment { color rgbt <0,1,1,0> }
	no_shadow
}
cylinder {
	<33.211166, 42.641983, 38.280712>,  <32.602970, 42.565529, 37.973183>, 0.130000
	pigment { color rgbt <1,0,0,0> }
	no_shadow
}

// nucleotide -1

// particle -1
sphere {
	<33.211166, 42.641983, 38.280712> 0.250000
	pigment { color rgbt <1,0,0,0> }
	no_shadow
}
cylinder {
	<33.183849, 42.245625, 38.234314>,  <33.167458, 42.007809, 38.206474>, 0.100000
	pigment { color rgbt <1,0,0,0> }
	no_shadow
}
cylinder {
	<33.183849, 42.245625, 38.234314>,  <33.211166, 42.641983, 38.280712>, 0.100000
	pigment { color rgbt <1,0,0,0> }
	no_shadow
}

// particle -1
sphere {
	<33.183849, 42.245625, 38.234314> 0.100000
	pigment { color rgbt <1,0,0,0> }
	no_shadow
}
sphere {
	0, 1
	scale<0.080000,0.200000,0.300000>
	matrix <0.979044, -0.044206, -0.198790,
		0.191853, -0.127139, 0.973154,
		-0.068293, -0.990899, -0.115994,
		33.163361, 41.948357, 38.199516>
	pigment { color rgbt <0,1,1,0> }
	no_shadow
}
cylinder {
	<33.765362, 42.334484, 38.628628>,  <33.211166, 42.641983, 38.280712>, 0.130000
	pigment { color rgbt <1,0,0,0> }
	no_shadow
}

// nucleotide -1

// particle -1
sphere {
	<33.765362, 42.334484, 38.628628> 0.250000
	pigment { color rgbt <1,0,0,0> }
	no_shadow
}
cylinder {
	<33.645939, 42.097797, 38.329098>,  <33.574284, 41.955784, 38.149380>, 0.100000
	pigment { color rgbt <1,0,0,0> }
	no_shadow
}
cylinder {
	<33.645939, 42.097797, 38.329098>,  <33.765362, 42.334484, 38.628628>, 0.100000
	pigment { color rgbt <1,0,0,0> }
	no_shadow
}

// particle -1
sphere {
	<33.645939, 42.097797, 38.329098> 0.100000
	pigment { color rgbt <1,0,0,0> }
	no_shadow
}
sphere {
	0, 1
	scale<0.080000,0.200000,0.300000>
	matrix <0.948174, -0.094483, -0.303379,
		0.108763, -0.800591, 0.589258,
		-0.298558, -0.591715, -0.748823,
		33.556370, 41.920284, 38.104450>
	pigment { color rgbt <0,1,1,0> }
	no_shadow
}
cylinder {
	<34.318928, 41.949387, 38.403152>,  <33.765362, 42.334484, 38.628628>, 0.130000
	pigment { color rgbt <1,0,0,0> }
	no_shadow
}

// nucleotide -1

// particle -1
sphere {
	<34.318928, 41.949387, 38.403152> 0.250000
	pigment { color rgbt <1,0,0,0> }
	no_shadow
}
cylinder {
	<34.067802, 41.917950, 38.093395>,  <33.917130, 41.899090, 37.907543>, 0.100000
	pigment { color rgbt <1,0,0,0> }
	no_shadow
}
cylinder {
	<34.067802, 41.917950, 38.093395>,  <34.318928, 41.949387, 38.403152>, 0.100000
	pigment { color rgbt <1,0,0,0> }
	no_shadow
}

// particle -1
sphere {
	<34.067802, 41.917950, 38.093395> 0.100000
	pigment { color rgbt <1,0,0,0> }
	no_shadow
}
sphere {
	0, 1
	scale<0.080000,0.200000,0.300000>
	matrix <0.760952, -0.271247, -0.589388,
		-0.163732, -0.959296, 0.230094,
		-0.627809, -0.078589, -0.774390,
		33.879459, 41.894375, 37.861080>
	pigment { color rgbt <0,1,1,0> }
	no_shadow
}
cylinder {
	<34.383461, 41.274746, 38.154671>,  <34.318928, 41.949387, 38.403152>, 0.130000
	pigment { color rgbt <1,0,0,0> }
	no_shadow
}

// nucleotide -1

// particle -1
sphere {
	<34.383461, 41.274746, 38.154671> 0.250000
	pigment { color rgbt <1,0,0,0> }
	no_shadow
}
cylinder {
	<34.277035, 41.541603, 37.876354>,  <34.213181, 41.701717, 37.709366>, 0.100000
	pigment { color rgbt <1,0,0,0> }
	no_shadow
}
cylinder {
	<34.277035, 41.541603, 37.876354>,  <34.383461, 41.274746, 38.154671>, 0.100000
	pigment { color rgbt <1,0,0,0> }
	no_shadow
}

// particle -1
sphere {
	<34.277035, 41.541603, 37.876354> 0.100000
	pigment { color rgbt <1,0,0,0> }
	no_shadow
}
sphere {
	0, 1
	scale<0.080000,0.200000,0.300000>
	matrix <0.850387, -0.177458, -0.495329,
		-0.453931, -0.723481, -0.520117,
		-0.266062, 0.667146, -0.695792,
		34.197216, 41.741749, 37.667618>
	pigment { color rgbt <0,1,1,0> }
	no_shadow
}
cylinder {
	<33.743778, 40.982151, 38.487564>,  <34.383461, 41.274746, 38.154671>, 0.130000
	pigment { color rgbt <1,0,0,0> }
	no_shadow
}

// nucleotide -1

// particle -1
sphere {
	<33.743778, 40.982151, 38.487564> 0.250000
	pigment { color rgbt <1,0,0,0> }
	no_shadow
}
cylinder {
	<33.522259, 40.876022, 38.171867>,  <33.389347, 40.812344, 37.982449>, 0.100000
	pigment { color rgbt <1,0,0,0> }
	no_shadow
}
cylinder {
	<33.522259, 40.876022, 38.171867>,  <33.743778, 40.982151, 38.487564>, 0.100000
	pigment { color rgbt <1,0,0,0> }
	no_shadow
}

// particle -1
sphere {
	<33.522259, 40.876022, 38.171867> 0.100000
	pigment { color rgbt <1,0,0,0> }
	no_shadow
}
sphere {
	0, 1
	scale<0.080000,0.200000,0.300000>
	matrix <0.656526, -0.722144, -0.217904,
		-0.512133, -0.638835, 0.574116,
		-0.553799, -0.265327, -0.789246,
		33.356117, 40.796425, 37.935093>
	pigment { color rgbt <0,1,1,0> }
	no_shadow
}
cylinder {
	<33.772068, 40.863785, 39.212139>,  <33.743778, 40.982151, 38.487564>, 0.130000
	pigment { color rgbt <1,0,0,0> }
	no_shadow
}

// nucleotide -1

// particle -1
sphere {
	<33.772068, 40.863785, 39.212139> 0.250000
	pigment { color rgbt <1,0,0,0> }
	no_shadow
}
cylinder {
	<33.647091, 41.234238, 39.127613>,  <33.572105, 41.456509, 39.076897>, 0.100000
	pigment { color rgbt <1,0,0,0> }
	no_shadow
}
cylinder {
	<33.647091, 41.234238, 39.127613>,  <33.772068, 40.863785, 39.212139>, 0.100000
	pigment { color rgbt <1,0,0,0> }
	no_shadow
}

// particle -1
sphere {
	<33.647091, 41.234238, 39.127613> 0.100000
	pigment { color rgbt <1,0,0,0> }
	no_shadow
}
sphere {
	0, 1
	scale<0.080000,0.200000,0.300000>
	matrix <0.387219, 0.327297, 0.861938,
		0.867433, 0.187485, -0.460880,
		-0.312445, 0.926135, -0.211311,
		33.553356, 41.512077, 39.064220>
	pigment { color rgbt <0,1,1,0> }
	no_shadow
}
cylinder {
	<34.353065, 41.372051, 39.220020>,  <33.772068, 40.863785, 39.212139>, 0.130000
	pigment { color rgbt <1,0,0,0> }
	no_shadow
}

// nucleotide -1

// particle -1
sphere {
	<34.353065, 41.372051, 39.220020> 0.250000
	pigment { color rgbt <1,0,0,0> }
	no_shadow
}
cylinder {
	<33.990059, 41.500511, 39.328297>,  <33.772255, 41.577587, 39.393261>, 0.100000
	pigment { color rgbt <1,0,0,0> }
	no_shadow
}
cylinder {
	<33.990059, 41.500511, 39.328297>,  <34.353065, 41.372051, 39.220020>, 0.100000
	pigment { color rgbt <1,0,0,0> }
	no_shadow
}

// particle -1
sphere {
	<33.990059, 41.500511, 39.328297> 0.100000
	pigment { color rgbt <1,0,0,0> }
	no_shadow
}
sphere {
	0, 1
	scale<0.080000,0.200000,0.300000>
	matrix <0.379124, 0.348988, 0.857014,
		0.180766, 0.880379, -0.438470,
		-0.907518, 0.321154, 0.270687,
		33.717804, 41.596859, 39.409504>
	pigment { color rgbt <0,1,1,0> }
	no_shadow
}
cylinder {
	<34.351364, 42.122604, 39.224270>,  <34.353065, 41.372051, 39.220020>, 0.130000
	pigment { color rgbt <1,0,0,0> }
	no_shadow
}

// nucleotide -1

// particle -1
sphere {
	<34.351364, 42.122604, 39.224270> 0.250000
	pigment { color rgbt <1,0,0,0> }
	no_shadow
}
cylinder {
	<34.094685, 41.944794, 39.474266>,  <33.940678, 41.838108, 39.624264>, 0.100000
	pigment { color rgbt <1,0,0,0> }
	no_shadow
}
cylinder {
	<34.094685, 41.944794, 39.474266>,  <34.351364, 42.122604, 39.224270>, 0.100000
	pigment { color rgbt <1,0,0,0> }
	no_shadow
}

// particle -1
sphere {
	<34.094685, 41.944794, 39.474266> 0.100000
	pigment { color rgbt <1,0,0,0> }
	no_shadow
}
sphere {
	0, 1
	scale<0.080000,0.200000,0.300000>
	matrix <0.549107, 0.302632, 0.779035,
		-0.535444, 0.843096, 0.049893,
		-0.641702, -0.444526, 0.624992,
		33.902176, 41.811436, 39.661762>
	pigment { color rgbt <0,1,1,0> }
	no_shadow
}
cylinder {
	<34.064125, 42.549629, 39.655846>,  <34.351364, 42.122604, 39.224270>, 0.130000
	pigment { color rgbt <1,0,0,0> }
	no_shadow
}

// nucleotide -1

// particle -1
sphere {
	<34.064125, 42.549629, 39.655846> 0.250000
	pigment { color rgbt <1,0,0,0> }
	no_shadow
}
cylinder {
	<34.094681, 42.184631, 39.816605>,  <34.113014, 41.965633, 39.913059>, 0.100000
	pigment { color rgbt <1,0,0,0> }
	no_shadow
}
cylinder {
	<34.094681, 42.184631, 39.816605>,  <34.064125, 42.549629, 39.655846>, 0.100000
	pigment { color rgbt <1,0,0,0> }
	no_shadow
}

// particle -1
sphere {
	<34.094681, 42.184631, 39.816605> 0.100000
	pigment { color rgbt <1,0,0,0> }
	no_shadow
}
sphere {
	0, 1
	scale<0.080000,0.200000,0.300000>
	matrix <0.638402, 0.354380, 0.683270,
		-0.765903, 0.204374, 0.609609,
		0.076390, -0.912494, 0.401893,
		34.117599, 41.910885, 39.937172>
	pigment { color rgbt <0,1,1,0> }
	no_shadow
}
cylinder {
	<33.702595, 42.075623, 40.302143>,  <34.064125, 42.549629, 39.655846>, 0.130000
	pigment { color rgbt <1,0,0,0> }
	no_shadow
}

// nucleotide -1

// particle -1
sphere {
	<33.702595, 42.075623, 40.302143> 0.250000
	pigment { color rgbt <1,0,0,0> }
	no_shadow
}
cylinder {
	<34.097733, 42.086758, 40.240959>,  <34.334816, 42.093437, 40.204247>, 0.100000
	pigment { color rgbt <1,0,0,0> }
	no_shadow
}
cylinder {
	<34.097733, 42.086758, 40.240959>,  <33.702595, 42.075623, 40.302143>, 0.100000
	pigment { color rgbt <1,0,0,0> }
	no_shadow
}

// particle -1
sphere {
	<34.097733, 42.086758, 40.240959> 0.100000
	pigment { color rgbt <1,0,0,0> }
	no_shadow
}
sphere {
	0, 1
	scale<0.080000,0.200000,0.300000>
	matrix <0.111858, 0.556053, 0.823585,
		0.107981, -0.830680, 0.546178,
		0.987840, 0.027838, -0.152961,
		34.394085, 42.095108, 40.195072>
	pigment { color rgbt <0,1,1,0> }
	no_shadow
}
cylinder {
	<33.903084, 41.739803, 40.835960>,  <33.702595, 42.075623, 40.302143>, 0.130000
	pigment { color rgbt <1,0,0,0> }
	no_shadow
}

// nucleotide -1

// particle -1
sphere {
	<33.903084, 41.739803, 40.835960> 0.250000
	pigment { color rgbt <1,0,0,0> }
	no_shadow
}
cylinder {
	<34.199162, 41.992783, 40.744637>,  <34.376808, 42.144569, 40.689842>, 0.100000
	pigment { color rgbt <1,0,0,0> }
	no_shadow
}
cylinder {
	<34.199162, 41.992783, 40.744637>,  <33.903084, 41.739803, 40.835960>, 0.100000
	pigment { color rgbt <1,0,0,0> }
	no_shadow
}

// particle -1
sphere {
	<34.199162, 41.992783, 40.744637> 0.100000
	pigment { color rgbt <1,0,0,0> }
	no_shadow
}
sphere {
	0, 1
	scale<0.080000,0.200000,0.300000>
	matrix <-0.078361, 0.418375, 0.904888,
