// switches for output
#declare DRAW_BASES = 1; // possible values are 0, 1; only relevant for DNA ribbons
#declare DRAW_BASES_TYPE = 3; // possible values are 1, 2, 3; only relevant for DNA ribbons
#declare DRAW_FOG = 0; // set to 1 to enable fog

#include "colors.inc"

#include "transforms.inc"
background { rgb <1, 1, 1>}

#default {
   normal{
       ripples 0.25
       frequency 0.20
       turbulence 0.2
       lambda 5
   }
	finish {
		phong 0.1
		phong_size 40.
	}
}

// original window dimensions: 1024x640


// camera settings

camera {
	sky <0, 0.179814, -0.983701>
	up <0, 0.179814, -0.983701>
	right 1.6 * <1, 0, 0>
	location <35, 94.9851, 44.8844>
	look_at <35, 29.7336, 32.9568>
	direction <0, -65.2515, -11.9276>
	angle 67.0682
}


# declare cpy_camera_pos = <35, 94.9851, 44.8844>;
# if (DRAW_FOG = 1)
fog {
	fog_type 2
	up vnormalize(cpy_camera_pos)
	color rgbt<1,1,1,0.3>
	distance 1e-5
	fog_alt 3e-3
	fog_offset 56
}
# end


// LIGHTS

# declare lum = 6;
global_settings {
	ambient_light rgb lum * <0.05, 0.05, 0.05>
	max_trace_level 15
}# declare cpy_direct_light_amount = 0.25;
light_source
{	1000 * <-1, -1.16352, -0.803886>,
	rgb lum * cpy_direct_light_amount
	parallel
}

light_source
{	1000 * <1, 1.16352, 0.803886>,
	rgb lum * cpy_direct_light_amount
	parallel
}

// strand 0

// nucleotide -1

// particle -1
sphere {
	<24.394346, 35.566681, 35.354465> 0.250000
	pigment { color rgbt <1,0,0,0> }
	no_shadow
}
cylinder {
	<24.472223, 35.322380, 35.047459>,  <24.518950, 35.175800, 34.863255>, 0.100000
	pigment { color rgbt <1,0,0,0> }
	no_shadow
}
cylinder {
	<24.472223, 35.322380, 35.047459>,  <24.394346, 35.566681, 35.354465>, 0.100000
	pigment { color rgbt <1,0,0,0> }
	no_shadow
}

// particle -1
sphere {
	<24.472223, 35.322380, 35.047459> 0.100000
	pigment { color rgbt <1,0,0,0> }
	no_shadow
}
sphere {
	0, 1
	scale<0.080000,0.200000,0.300000>
	matrix <0.471335, 0.744480, -0.472856,
		0.860196, -0.269695, 0.432814,
		0.194694, -0.610749, -0.767515,
		24.530632, 35.139156, 34.817204>
	pigment { color rgbt <0,1,1,0> }
	no_shadow
}
cylinder {
	<24.478710, 36.189064, 34.862991>,  <24.394346, 35.566681, 35.354465>, 0.130000
	pigment { color rgbt <1,0,0,0> }
	no_shadow
}

// nucleotide -1

// particle -1
sphere {
	<24.478710, 36.189064, 34.862991> 0.250000
	pigment { color rgbt <1,0,0,0> }
	no_shadow
}
cylinder {
	<24.100157, 36.310108, 34.817768>,  <23.873024, 36.382736, 34.790634>, 0.100000
	pigment { color rgbt <1,0,0,0> }
	no_shadow
}
cylinder {
	<24.100157, 36.310108, 34.817768>,  <24.478710, 36.189064, 34.862991>, 0.100000
	pigment { color rgbt <1,0,0,0> }
	no_shadow
}

// particle -1
sphere {
	<24.100157, 36.310108, 34.817768> 0.100000
	pigment { color rgbt <1,0,0,0> }
	no_shadow
}
sphere {
	0, 1
	scale<0.080000,0.200000,0.300000>
	matrix <-0.202863, -0.284345, 0.937014,
		0.251403, 0.909711, 0.330488,
		-0.946384, 0.302612, -0.113062,
		23.816242, 36.400890, 34.783848>
	pigment { color rgbt <0,1,1,0> }
	no_shadow
}
cylinder {
	<24.719965, 36.592289, 34.205803>,  <24.478710, 36.189064, 34.862991>, 0.130000
	pigment { color rgbt <1,0,0,0> }
	no_shadow
}

// nucleotide -1

// particle -1
sphere {
	<24.719965, 36.592289, 34.205803> 0.250000
	pigment { color rgbt <1,0,0,0> }
	no_shadow
}
cylinder {
	<24.863773, 36.484650, 33.848404>,  <24.950058, 36.420067, 33.633965>, 0.100000
	pigment { color rgbt <1,0,0,0> }
	no_shadow
}
cylinder {
	<24.863773, 36.484650, 33.848404>,  <24.719965, 36.592289, 34.205803>, 0.100000
	pigment { color rgbt <1,0,0,0> }
	no_shadow
}

// particle -1
sphere {
	<24.863773, 36.484650, 33.848404> 0.100000
	pigment { color rgbt <1,0,0,0> }
	no_shadow
}
sphere {
	0, 1
	scale<0.080000,0.200000,0.300000>
	matrix <0.916521, -0.078060, 0.392297,
		-0.175311, -0.959945, 0.218568,
		0.359522, -0.269096, -0.893494,
		24.971630, 36.403919, 33.580357>
	pigment { color rgbt <0,1,1,0> }
	no_shadow
}
cylinder {
	<25.308641, 36.110497, 34.034885>,  <24.719965, 36.592289, 34.205803>, 0.130000
	pigment { color rgbt <1,0,0,0> }
	no_shadow
}

// nucleotide -1

// particle -1
sphere {
	<25.308641, 36.110497, 34.034885> 0.250000
	pigment { color rgbt <1,0,0,0> }
	no_shadow
}
cylinder {
	<25.233681, 36.422386, 34.273857>,  <25.188704, 36.609520, 34.417240>, 0.100000
	pigment { color rgbt <1,0,0,0> }
	no_shadow
}
cylinder {
	<25.233681, 36.422386, 34.273857>,  <25.308641, 36.110497, 34.034885>, 0.100000
	pigment { color rgbt <1,0,0,0> }
	no_shadow
}

// particle -1
sphere {
	<25.233681, 36.422386, 34.273857> 0.100000
	pigment { color rgbt <1,0,0,0> }
	no_shadow
}
sphere {
	0, 1
	scale<0.080000,0.200000,0.300000>
	matrix <0.744495, 0.509503, -0.431433,
		-0.640787, 0.363929, -0.675979,
		-0.187402, 0.779719, 0.597426,
		25.177460, 36.656303, 34.453087>
	pigment { color rgbt <0,1,1,0> }
	no_shadow
}
cylinder {
	<25.510603, 35.773071, 34.718227>,  <25.308641, 36.110497, 34.034885>, 0.130000
	pigment { color rgbt <1,0,0,0> }
	no_shadow
}

// nucleotide -1

// particle -1
sphere {
	<25.510603, 35.773071, 34.718227> 0.250000
	pigment { color rgbt <1,0,0,0> }
	no_shadow
}
cylinder {
	<25.558426, 35.730843, 35.113106>,  <25.587120, 35.705505, 35.350033>, 0.100000
	pigment { color rgbt <1,0,0,0> }
	no_shadow
}
cylinder {
	<25.558426, 35.730843, 35.113106>,  <25.510603, 35.773071, 34.718227>, 0.100000
	pigment { color rgbt <1,0,0,0> }
	no_shadow
}

// particle -1
sphere {
	<25.558426, 35.730843, 35.113106> 0.100000
	pigment { color rgbt <1,0,0,0> }
	no_shadow
}
sphere {
	0, 1
	scale<0.080000,0.200000,0.300000>
	matrix <0.229014, -0.964583, -0.130893,
		0.966053, 0.241731, -0.091145,
		0.119558, -0.105576, 0.987198,
		25.594294, 35.699169, 35.409264>
	pigment { color rgbt <0,1,1,0> }
	no_shadow
}
cylinder {
	<26.322964, 35.976749, 34.802486>,  <25.510603, 35.773071, 34.718227>, 0.130000
	pigment { color rgbt <1,0,0,0> }
	no_shadow
}

// nucleotide -1

// particle -1
sphere {
	<26.322964, 35.976749, 34.802486> 0.250000
	pigment { color rgbt <1,0,0,0> }
	no_shadow
}
cylinder {
	<26.549536, 36.294098, 34.713299>,  <26.685480, 36.484509, 34.659786>, 0.100000
	pigment { color rgbt <1,0,0,0> }
	no_shadow
}
cylinder {
	<26.549536, 36.294098, 34.713299>,  <26.322964, 35.976749, 34.802486>, 0.100000
	pigment { color rgbt <1,0,0,0> }
	no_shadow
}

// particle -1
sphere {
	<26.549536, 36.294098, 34.713299> 0.100000
	pigment { color rgbt <1,0,0,0> }
	no_shadow
}
sphere {
	0, 1
	scale<0.080000,0.200000,0.300000>
	matrix <-0.535640, 0.560045, 0.632012,
		0.626296, -0.238558, 0.742189,
		0.566431, 0.793372, -0.222972,
		26.719465, 36.532108, 34.646408>
	pigment { color rgbt <0,1,1,0> }
	no_shadow
}
cylinder {
	<26.197365, 36.420052, 35.474918>,  <26.322964, 35.976749, 34.802486>, 0.130000
	pigment { color rgbt <1,0,0,0> }
	no_shadow
}

// nucleotide -1

// particle -1
sphere {
	<26.197365, 36.420052, 35.474918> 0.250000
	pigment { color rgbt <1,0,0,0> }
	no_shadow
}
cylinder {
	<26.288782, 36.642200, 35.155087>,  <26.343632, 36.775490, 34.963188>, 0.100000
	pigment { color rgbt <1,0,0,0> }
	no_shadow
}
cylinder {
	<26.288782, 36.642200, 35.155087>,  <26.197365, 36.420052, 35.474918>, 0.100000
	pigment { color rgbt <1,0,0,0> }
	no_shadow
}

// particle -1
sphere {
	<26.288782, 36.642200, 35.155087> 0.100000
	pigment { color rgbt <1,0,0,0> }
	no_shadow
}
sphere {
	0, 1
	scale<0.080000,0.200000,0.300000>
	matrix <-0.525341, 0.761828, 0.378992,
		0.819625, 0.333438, 0.465868,
		0.228541, 0.555371, -0.799582,
		26.357344, 36.808811, 34.915211>
	pigment { color rgbt <0,1,1,0> }
	no_shadow
}
cylinder {
	<26.358965, 37.074379, 35.675552>,  <26.197365, 36.420052, 35.474918>, 0.130000
	pigment { color rgbt <1,0,0,0> }
	no_shadow
}

// nucleotide -1

// particle -1
sphere {
	<26.358965, 37.074379, 35.675552> 0.250000
	pigment { color rgbt <1,0,0,0> }
	no_shadow
}
cylinder {
	<26.233698, 37.120632, 35.298500>,  <26.158539, 37.148384, 35.072269>, 0.100000
	pigment { color rgbt <1,0,0,0> }
	no_shadow
}
cylinder {
	<26.233698, 37.120632, 35.298500>,  <26.358965, 37.074379, 35.675552>, 0.100000
	pigment { color rgbt <1,0,0,0> }
	no_shadow
}

// particle -1
sphere {
	<26.233698, 37.120632, 35.298500> 0.100000
	pigment { color rgbt <1,0,0,0> }
	no_shadow
}
sphere {
	0, 1
	scale<0.080000,0.200000,0.300000>
	matrix <-0.694653, 0.648937, 0.310384,
		0.647599, 0.752004, -0.122903,
		-0.313166, 0.115629, -0.942633,
		26.139748, 37.155319, 35.015709>
	pigment { color rgbt <0,1,1,0> }
	no_shadow
}
cylinder {
	<26.381712, 37.777164, 35.566017>,  <26.358965, 37.074379, 35.675552>, 0.130000
	pigment { color rgbt <1,0,0,0> }
	no_shadow
}

// nucleotide -1

// particle -1
sphere {
	<26.381712, 37.777164, 35.566017> 0.250000
	pigment { color rgbt <1,0,0,0> }
	no_shadow
}
cylinder {
	<26.104185, 37.606125, 35.334229>,  <25.937670, 37.503502, 35.195156>, 0.100000
	pigment { color rgbt <1,0,0,0> }
	no_shadow
}
cylinder {
	<26.104185, 37.606125, 35.334229>,  <26.381712, 37.777164, 35.566017>, 0.100000
	pigment { color rgbt <1,0,0,0> }
	no_shadow
}

// particle -1
sphere {
	<26.104185, 37.606125, 35.334229> 0.100000
	pigment { color rgbt <1,0,0,0> }
	no_shadow
}
sphere {
	0, 1
	scale<0.080000,0.200000,0.300000>
	matrix <-0.642539, 0.730928, 0.229975,
		0.325212, 0.531890, -0.781876,
		-0.693816, -0.427595, -0.579467,
		25.896040, 37.477848, 35.160389>
	pigment { color rgbt <0,1,1,0> }
	no_shadow
}
cylinder {
	<26.081881, 38.246925, 35.028214>,  <26.381712, 37.777164, 35.566017>, 0.130000
	pigment { color rgbt <1,0,0,0> }
	no_shadow
}

// nucleotide -1

// particle -1
sphere {
	<26.081881, 38.246925, 35.028214> 0.250000
	pigment { color rgbt <1,0,0,0> }
	no_shadow
}
cylinder {
	<25.800613, 37.971264, 35.098221>,  <25.631853, 37.805866, 35.140224>, 0.100000
	pigment { color rgbt <1,0,0,0> }
	no_shadow
}
cylinder {
	<25.800613, 37.971264, 35.098221>,  <26.081881, 38.246925, 35.028214>, 0.100000
	pigment { color rgbt <1,0,0,0> }
	no_shadow
}

// particle -1
sphere {
	<25.800613, 37.971264, 35.098221> 0.100000
	pigment { color rgbt <1,0,0,0> }
	no_shadow
}
sphere {
	0, 1
	scale<0.080000,0.200000,0.300000>
	matrix <-0.685565, 0.722406, 0.090166,
		-0.188571, -0.056583, -0.980428,
		-0.703166, -0.689150, 0.175016,
		25.589664, 37.764519, 35.150726>
	pigment { color rgbt <0,1,1,0> }
	no_shadow
}
cylinder {
	<25.507931, 38.300240, 34.725163>,  <26.081881, 38.246925, 35.028214>, 0.130000
	pigment { color rgbt <1,0,0,0> }
	no_shadow
}

// nucleotide -1

// particle -1
sphere {
	<25.507931, 38.300240, 34.725163> 0.250000
	pigment { color rgbt <1,0,0,0> }
	no_shadow
}
cylinder {
	<25.353878, 38.132416, 35.053951>,  <25.261446, 38.031723, 35.251225>, 0.100000
	pigment { color rgbt <1,0,0,0> }
	no_shadow
}
cylinder {
	<25.353878, 38.132416, 35.053951>,  <25.507931, 38.300240, 34.725163>, 0.100000
	pigment { color rgbt <1,0,0,0> }
	no_shadow
}

// particle -1
sphere {
	<25.353878, 38.132416, 35.053951> 0.100000
	pigment { color rgbt <1,0,0,0> }
	no_shadow
}
sphere {
	0, 1
	scale<0.080000,0.200000,0.300000>
	matrix <-0.759842, 0.649649, -0.024421,
		-0.523749, -0.633977, -0.569000,
		-0.385133, -0.419559, 0.821975,
		25.238338, 38.006550, 35.300545>
	pigment { color rgbt <0,1,1,0> }
	no_shadow
}
cylinder {
	<24.813301, 38.421562, 34.767895>,  <25.507931, 38.300240, 34.725163>, 0.130000
	pigment { color rgbt <1,0,0,0> }
	no_shadow
}

// nucleotide -1

// particle -1
sphere {
	<24.813301, 38.421562, 34.767895> 0.250000
	pigment { color rgbt <1,0,0,0> }
	no_shadow
}
cylinder {
	<24.688145, 38.114796, 34.543774>,  <24.613050, 37.930737, 34.409302>, 0.100000
	pigment { color rgbt <1,0,0,0> }
	no_shadow
}
cylinder {
	<24.688145, 38.114796, 34.543774>,  <24.813301, 38.421562, 34.767895>, 0.100000
	pigment { color rgbt <1,0,0,0> }
	no_shadow
}

// particle -1
sphere {
	<24.688145, 38.114796, 34.543774> 0.100000
	pigment { color rgbt <1,0,0,0> }
	no_shadow
}
sphere {
	0, 1
	scale<0.080000,0.200000,0.300000>
	matrix <-0.687598, 0.589864, -0.423403,
		0.655216, 0.252784, -0.711893,
		-0.312891, -0.766917, -0.560302,
		24.594276, 37.884720, 34.375683>
	pigment { color rgbt <0,1,1,0> }
	no_shadow
}
cylinder {
	<24.909784, 38.920666, 35.289242>,  <24.813301, 38.421562, 34.767895>, 0.130000
	pigment { color rgbt <1,0,0,0> }
	no_shadow
}

// nucleotide -1

// particle -1
sphere {
	<24.909784, 38.920666, 35.289242> 0.250000
	pigment { color rgbt <1,0,0,0> }
	no_shadow
}
cylinder {
	<24.803299, 38.972515, 35.671307>,  <24.739408, 39.003624, 35.900543>, 0.100000
	pigment { color rgbt <1,0,0,0> }
	no_shadow
}
cylinder {
	<24.803299, 38.972515, 35.671307>,  <24.909784, 38.920666, 35.289242>, 0.100000
	pigment { color rgbt <1,0,0,0> }
	no_shadow
}

// particle -1
sphere {
	<24.803299, 38.972515, 35.671307> 0.100000
	pigment { color rgbt <1,0,0,0> }
	no_shadow
}
sphere {
	0, 1
	scale<0.080000,0.200000,0.300000>
	matrix <0.251703, 0.965885, -0.060922,
		-0.930471, 0.224199, -0.289755,
		-0.266211, 0.129619, 0.955160,
		24.723436, 39.011402, 35.957855>
	pigment { color rgbt <0,1,1,0> }
	no_shadow
}
cylinder {
	<24.575474, 39.611118, 35.380634>,  <24.909784, 38.920666, 35.289242>, 0.130000
	pigment { color rgbt <1,0,0,0> }
	no_shadow
}

// nucleotide -1

// particle -1
sphere {
	<24.575474, 39.611118, 35.380634> 0.250000
	pigment { color rgbt <1,0,0,0> }
	no_shadow
}
cylinder {
	<24.709986, 39.492500, 35.738174>,  <24.790693, 39.421329, 35.952698>, 0.100000
	pigment { color rgbt <1,0,0,0> }
	no_shadow
}
cylinder {
	<24.709986, 39.492500, 35.738174>,  <24.575474, 39.611118, 35.380634>, 0.100000
	pigment { color rgbt <1,0,0,0> }
	no_shadow
}

// particle -1
sphere {
	<24.709986, 39.492500, 35.738174> 0.100000
	pigment { color rgbt <1,0,0,0> }
	no_shadow
}
sphere {
	0, 1
	scale<0.080000,0.200000,0.300000>
	matrix <0.493896, 0.863668, 0.100721,
		-0.801862, 0.407601, 0.436897,
		0.336280, -0.296546, 0.893855,
		24.810869, 39.403538, 36.006332>
	pigment { color rgbt <0,1,1,0> }
	no_shadow
}
cylinder {
	<24.458513, 40.103745, 35.936707>,  <24.575474, 39.611118, 35.380634>, 0.130000
	pigment { color rgbt <1,0,0,0> }
	no_shadow
}

// nucleotide -1

// particle -1
sphere {
	<24.458513, 40.103745, 35.936707> 0.250000
	pigment { color rgbt <1,0,0,0> }
	no_shadow
}
cylinder {
	<24.795780, 39.895721, 35.991261>,  <24.998140, 39.770908, 36.023994>, 0.100000
	pigment { color rgbt <1,0,0,0> }
	no_shadow
}
cylinder {
	<24.795780, 39.895721, 35.991261>,  <24.458513, 40.103745, 35.936707>, 0.100000
	pigment { color rgbt <1,0,0,0> }
	no_shadow
}

// particle -1
sphere {
	<24.795780, 39.895721, 35.991261> 0.100000
	pigment { color rgbt <1,0,0,0> }
	no_shadow
}
sphere {
	0, 1
	scale<0.080000,0.200000,0.300000>
	matrix <0.522582, 0.852366, 0.019489,
		-0.126389, 0.054841, 0.990464,
		0.843169, -0.520061, 0.136388,
		25.048731, 39.739704, 36.032177>
	pigment { color rgbt <0,1,1,0> }
	no_shadow
}
cylinder {
	<24.885283, 40.384041, 36.538368>,  <24.458513, 40.103745, 35.936707>, 0.130000
	pigment { color rgbt <1,0,0,0> }
	no_shadow
}

// nucleotide -1

// particle -1
sphere {
	<24.885283, 40.384041, 36.538368> 0.250000
	pigment { color rgbt <1,0,0,0> }
	no_shadow
}
cylinder {
	<24.974617, 40.772636, 36.570179>,  <25.028217, 41.005795, 36.589268>, 0.100000
	pigment { color rgbt <1,0,0,0> }
	no_shadow
}
cylinder {
	<24.974617, 40.772636, 36.570179>,  <24.885283, 40.384041, 36.538368>, 0.100000
	pigment { color rgbt <1,0,0,0> }
	no_shadow
}

// particle -1
sphere {
	<24.974617, 40.772636, 36.570179> 0.100000
	pigment { color rgbt <1,0,0,0> }
	no_shadow
}
sphere {
	0, 1
	scale<0.080000,0.200000,0.300000>
	matrix <0.905413, -0.176539, -0.386085,
		-0.361038, 0.158236, -0.919028,
		0.223337, 0.971491, 0.079531,
		25.041618, 41.064083, 36.594040>
	pigment { color rgbt <0,1,1,0> }
	no_shadow
}
cylinder {
	<25.054928, 40.664658, 35.926155>,  <24.885283, 40.384041, 36.538368>, 0.130000
	pigment { color rgbt <1,0,0,0> }
	no_shadow
}

// nucleotide -1

// particle -1
sphere {
	<25.054928, 40.664658, 35.926155> 0.250000
	pigment { color rgbt <1,0,0,0> }
	no_shadow
}
cylinder {
	<25.252703, 40.879326, 36.199657>,  <25.371368, 41.008125, 36.363758>, 0.100000
	pigment { color rgbt <1,0,0,0> }
	no_shadow
}
cylinder {
	<25.252703, 40.879326, 36.199657>,  <25.054928, 40.664658, 35.926155>, 0.100000
	pigment { color rgbt <1,0,0,0> }
	no_shadow
}

// particle -1
sphere {
	<25.252703, 40.879326, 36.199657> 0.100000
	pigment { color rgbt <1,0,0,0> }
	no_shadow
}
sphere {
	0, 1
	scale<0.080000,0.200000,0.300000>
	matrix <0.868631, -0.333835, -0.366107,
		0.031782, 0.774946, -0.631228,
		0.494440, 0.536669, 0.683752,
		25.401035, 41.040325, 36.404781>
	pigment { color rgbt <0,1,1,0> }
	no_shadow
}
cylinder {
	<25.553415, 41.069550, 35.587349>,  <25.054928, 40.664658, 35.926155>, 0.130000
	pigment { color rgbt <1,0,0,0> }
	no_shadow
}

// nucleotide -1

// particle -1
sphere {
	<25.553415, 41.069550, 35.587349> 0.250000
	pigment { color rgbt <1,0,0,0> }
	no_shadow
}
cylinder {
	<25.707018, 41.029629, 35.954517>,  <25.799179, 41.005676, 36.174820>, 0.100000
	pigment { color rgbt <1,0,0,0> }
	no_shadow
}
cylinder {
	<25.707018, 41.029629, 35.954517>,  <25.553415, 41.069550, 35.587349>, 0.100000
	pigment { color rgbt <1,0,0,0> }
	no_shadow
}

// particle -1
sphere {
	<25.707018, 41.029629, 35.954517> 0.100000
	pigment { color rgbt <1,0,0,0> }
	no_shadow
}
sphere {
	0, 1
	scale<0.080000,0.200000,0.300000>
	matrix <0.906609, -0.147584, -0.395321,
		0.174924, 0.984001, 0.033808,
		0.384007, -0.099802, 0.917920,
		25.822220, 40.999687, 36.229893>
	pigment { color rgbt <0,1,1,0> }
	no_shadow
}
cylinder {
	<26.164455, 41.535122, 35.697193>,  <25.553415, 41.069550, 35.587349>, 0.130000
	pigment { color rgbt <1,0,0,0> }
	no_shadow
}

// nucleotide -1

// particle -1
sphere {
	<26.164455, 41.535122, 35.697193> 0.250000
	pigment { color rgbt <1,0,0,0> }
	no_shadow
}
cylinder {
	<26.154818, 41.213196, 35.934410>,  <26.149035, 41.020042, 36.076740>, 0.100000
	pigment { color rgbt <1,0,0,0> }
	no_shadow
}
cylinder {
	<26.154818, 41.213196, 35.934410>,  <26.164455, 41.535122, 35.697193>, 0.100000
	pigment { color rgbt <1,0,0,0> }
	no_shadow
}

// particle -1
sphere {
	<26.154818, 41.213196, 35.934410> 0.100000
	pigment { color rgbt <1,0,0,0> }
	no_shadow
}
sphere {
	0, 1
	scale<0.080000,0.200000,0.300000>
	matrix <0.921933, -0.247290, -0.298138,
		0.386598, 0.539560, 0.747941,
		-0.024095, -0.804812, 0.593041,
		26.147589, 40.971752, 36.112324>
	pigment { color rgbt <0,1,1,0> }
	no_shadow
}
cylinder {
	<26.460676, 41.627655, 36.443954>,  <26.164455, 41.535122, 35.697193>, 0.130000
	pigment { color rgbt <1,0,0,0> }
	no_shadow
}

// nucleotide -1

// particle -1
sphere {
	<26.460676, 41.627655, 36.443954> 0.250000
	pigment { color rgbt <1,0,0,0> }
	no_shadow
}
cylinder {
	<26.703758, 41.317539, 36.512802>,  <26.849607, 41.131470, 36.554111>, 0.100000
	pigment { color rgbt <1,0,0,0> }
	no_shadow
}
cylinder {
	<26.703758, 41.317539, 36.512802>,  <26.460676, 41.627655, 36.443954>, 0.100000
	pigment { color rgbt <1,0,0,0> }
	no_shadow
}

// particle -1
sphere {
	<26.703758, 41.317539, 36.512802> 0.100000
	pigment { color rgbt <1,0,0,0> }
	no_shadow
}
sphere {
	0, 1
	scale<0.080000,0.200000,0.300000>
	matrix <0.759956, 0.630632, 0.157385,
		-0.230565, 0.035162, 0.972421,
		0.607706, -0.775285, 0.172123,
		26.886070, 41.084953, 36.564438>
	pigment { color rgbt <0,1,1,0> }
	no_shadow
}
cylinder {
	<27.082699, 42.073044, 36.726910>,  <26.460676, 41.627655, 36.443954>, 0.130000
	pigment { color rgbt <1,0,0,0> }
	no_shadow
}

// nucleotide -1

// particle -1
sphere {
	<27.082699, 42.073044, 36.726910> 0.250000
	pigment { color rgbt <1,0,0,0> }
	no_shadow
}
cylinder {
	<27.140297, 42.238434, 37.086533>,  <27.174856, 42.337666, 37.302307>, 0.100000
	pigment { color rgbt <1,0,0,0> }
	no_shadow
}
cylinder {
	<27.140297, 42.238434, 37.086533>,  <27.082699, 42.073044, 36.726910>, 0.100000
	pigment { color rgbt <1,0,0,0> }
	no_shadow
}

// particle -1
sphere {
	<27.140297, 42.238434, 37.086533> 0.100000
	pigment { color rgbt <1,0,0,0> }
	no_shadow
}
sphere {
	0, 1
	scale<0.080000,0.200000,0.300000>
	matrix <0.186011, 0.881024, -0.434968,
		-0.971939, 0.229868, 0.049953,
		0.143994, 0.413471, 0.899059,
		27.183495, 42.362476, 37.356251>
	pigment { color rgbt <0,1,1,0> }
	no_shadow
}
cylinder {
	<26.616268, 42.642456, 36.889999>,  <27.082699, 42.073044, 36.726910>, 0.130000
	pigment { color rgbt <1,0,0,0> }
	no_shadow
}

// nucleotide -1

// particle -1
sphere {
	<26.616268, 42.642456, 36.889999> 0.250000
	pigment { color rgbt <1,0,0,0> }
	no_shadow
}
cylinder {
	<26.946844, 42.701832, 37.107243>,  <27.145189, 42.737457, 37.237587>, 0.100000
	pigment { color rgbt <1,0,0,0> }
	no_shadow
}
cylinder {
	<26.946844, 42.701832, 37.107243>,  <26.616268, 42.642456, 36.889999>, 0.100000
	pigment { color rgbt <1,0,0,0> }
	no_shadow
}

// particle -1
sphere {
	<26.946844, 42.701832, 37.107243> 0.100000
	pigment { color rgbt <1,0,0,0> }
	no_shadow
}
sphere {
	0, 1
	scale<0.080000,0.200000,0.300000>
	matrix <0.192816, 0.831670, -0.520718,
		-0.528978, 0.535062, 0.658704,
		0.826441, 0.148439, 0.543104,
		27.194777, 42.746365, 37.270172>
	pigment { color rgbt <0,1,1,0> }
	no_shadow
}
cylinder {
	<26.649817, 43.241726, 37.389771>,  <26.616268, 42.642456, 36.889999>, 0.130000
	pigment { color rgbt <1,0,0,0> }
	no_shadow
}

// nucleotide -1

// particle -1
sphere {
	<26.649817, 43.241726, 37.389771> 0.250000
	pigment { color rgbt <1,0,0,0> }
	no_shadow
}
cylinder {
	<26.987387, 43.139332, 37.201191>,  <27.189928, 43.077896, 37.088043>, 0.100000
	pigment { color rgbt <1,0,0,0> }
	no_shadow
}
cylinder {
	<26.987387, 43.139332, 37.201191>,  <26.649817, 43.241726, 37.389771>, 0.100000
	pigment { color rgbt <1,0,0,0> }
	no_shadow
}

// particle -1
sphere {
	<26.987387, 43.139332, 37.201191> 0.100000
	pigment { color rgbt <1,0,0,0> }
	no_shadow
}
sphere {
	0, 1
	scale<0.080000,0.200000,0.300000>
	matrix <0.018483, 0.892166, -0.451329,
		0.536144, 0.372174, 0.757652,
		0.843924, -0.255981, -0.471450,
		27.240564, 43.062538, 37.059757>
	pigment { color rgbt <0,1,1,0> }
	no_shadow
}
cylinder {
	<26.946684, 43.950939, 37.389359>,  <26.649817, 43.241726, 37.389771>, 0.130000
	pigment { color rgbt <1,0,0,0> }
	no_shadow
}

// nucleotide -1

// particle -1
sphere {
	<26.946684, 43.950939, 37.389359> 0.250000
	pigment { color rgbt <1,0,0,0> }
	no_shadow
}
cylinder {
	<27.162416, 43.696678, 37.168427>,  <27.291857, 43.544121, 37.035866>, 0.100000
	pigment { color rgbt <1,0,0,0> }
	no_shadow
}
cylinder {
	<27.162416, 43.696678, 37.168427>,  <26.946684, 43.950939, 37.389359>, 0.100000
	pigment { color rgbt <1,0,0,0> }
	no_shadow
}

// particle -1
sphere {
	<27.162416, 43.696678, 37.168427> 0.100000
	pigment { color rgbt <1,0,0,0> }
	no_shadow
}
sphere {
	0, 1
	scale<0.080000,0.200000,0.300000>
	matrix <0.224482, 0.740694, -0.633230,
		0.811621, 0.217533, 0.542172,
		0.539332, -0.635651, -0.552330,
		27.324217, 43.505981, 37.002728>
	pigment { color rgbt <0,1,1,0> }
	no_shadow
}
cylinder {
	<27.733192, 43.752823, 37.435444>,  <26.946684, 43.950939, 37.389359>, 0.130000
	pigment { color rgbt <1,0,0,0> }
	no_shadow
}

// nucleotide -1

// particle -1
sphere {
	<27.733192, 43.752823, 37.435444> 0.250000
	pigment { color rgbt <1,0,0,0> }
	no_shadow
}
cylinder {
	<28.029211, 44.013218, 37.503025>,  <28.206821, 44.169456, 37.543571>, 0.100000
	pigment { color rgbt <1,0,0,0> }
	no_shadow
}
cylinder {
	<28.029211, 44.013218, 37.503025>,  <27.733192, 43.752823, 37.435444>, 0.100000
	pigment { color rgbt <1,0,0,0> }
	no_shadow
}

// particle -1
sphere {
	<28.029211, 44.013218, 37.503025> 0.100000
	pigment { color rgbt <1,0,0,0> }
	no_shadow
}
sphere {
	0, 1
	scale<0.080000,0.200000,0.300000>
	matrix <-0.672517, 0.713584, 0.196264,
		0.007205, -0.258867, 0.965886,
		0.740047, 0.650989, 0.168951,
		28.251225, 44.208515, 37.553711>
	pigment { color rgbt <0,1,1,0> }
	no_shadow
}
cylinder {
	<27.693041, 44.085876, 38.146736>,  <27.733192, 43.752823, 37.435444>, 0.130000
	pigment { color rgbt <1,0,0,0> }
	no_shadow
}

// nucleotide -1

// particle -1
sphere {
	<27.693041, 44.085876, 38.146736> 0.250000
	pigment { color rgbt <1,0,0,0> }
	no_shadow
}
cylinder {
	<27.872541, 44.303585, 37.863216>,  <27.980242, 44.434208, 37.693104>, 0.100000
	pigment { color rgbt <1,0,0,0> }
	no_shadow
}
cylinder {
	<27.872541, 44.303585, 37.863216>,  <27.693041, 44.085876, 38.146736>, 0.100000
	pigment { color rgbt <1,0,0,0> }
	no_shadow
}

// particle -1
sphere {
	<27.872541, 44.303585, 37.863216> 0.100000
	pigment { color rgbt <1,0,0,0> }
	no_shadow
}
sphere {
	0, 1
	scale<0.080000,0.200000,0.300000>
	matrix <-0.593393, 0.774531, 0.219056,
		0.668213, 0.322296, 0.670535,
		0.448749, 0.544267, -0.708800,
		28.007166, 44.466866, 37.650578>
	pigment { color rgbt <0,1,1,0> }
	no_shadow
}
cylinder {
	<28.188311, 44.619499, 38.286839>,  <27.693041, 44.085876, 38.146736>, 0.130000
	pigment { color rgbt <1,0,0,0> }
	no_shadow
}

// nucleotide -1

// particle -1
sphere {
	<28.188311, 44.619499, 38.286839> 0.250000
	pigment { color rgbt <1,0,0,0> }
	no_shadow
}
cylinder {
	<27.960867, 44.713726, 37.971577>,  <27.824402, 44.770264, 37.782417>, 0.100000
	pigment { color rgbt <1,0,0,0> }
	no_shadow
}
cylinder {
	<27.960867, 44.713726, 37.971577>,  <28.188311, 44.619499, 38.286839>, 0.100000
	pigment { color rgbt <1,0,0,0> }
	no_shadow
}

// particle -1
sphere {
	<27.960867, 44.713726, 37.971577> 0.100000
	pigment { color rgbt <1,0,0,0> }
	no_shadow
}
sphere {
	0, 1
	scale<0.080000,0.200000,0.300000>
	matrix <-0.435675, 0.726468, 0.531442,
		0.697763, 0.645563, -0.310444,
		-0.568608, 0.235568, -0.788158,
		27.790285, 44.784397, 37.735130>
	pigment { color rgbt <0,1,1,0> }
	no_shadow
}
cylinder {
	<28.251932, 45.321949, 37.952213>,  <28.188311, 44.619499, 38.286839>, 0.130000
	pigment { color rgbt <1,0,0,0> }
	no_shadow
}

// nucleotide -1

// particle -1
sphere {
	<28.251932, 45.321949, 37.952213> 0.250000
	pigment { color rgbt <1,0,0,0> }
	no_shadow
}
cylinder {
	<27.882576, 45.169434, 37.969948>,  <27.660961, 45.077923, 37.980587>, 0.100000
	pigment { color rgbt <1,0,0,0> }
	no_shadow
}
cylinder {
	<27.882576, 45.169434, 37.969948>,  <28.251932, 45.321949, 37.952213>, 0.100000
	pigment { color rgbt <1,0,0,0> }
	no_shadow
}

// particle -1
sphere {
	<27.882576, 45.169434, 37.969948> 0.100000
	pigment { color rgbt <1,0,0,0> }
	no_shadow
}
sphere {
	0, 1
	scale<0.080000,0.200000,0.300000>
	matrix <-0.285058, 0.758481, 0.586044,
		-0.257079, 0.528511, -0.809065,
		-0.923392, -0.381290, 0.044333,
		27.605558, 45.055046, 37.983246>
	pigment { color rgbt <0,1,1,0> }
	no_shadow
}
cylinder {
	<28.757761, 44.968979, 37.490906>,  <28.251932, 45.321949, 37.952213>, 0.130000
	pigment { color rgbt <1,0,0,0> }
	no_shadow
}

// nucleotide -1

// particle -1
sphere {
	<28.757761, 44.968979, 37.490906> 0.250000
	pigment { color rgbt <1,0,0,0> }
	no_shadow
}
cylinder {
	<28.959280, 44.935154, 37.834774>,  <29.080191, 44.914860, 38.041096>, 0.100000
	pigment { color rgbt <1,0,0,0> }
	no_shadow
}
cylinder {
	<28.959280, 44.935154, 37.834774>,  <28.757761, 44.968979, 37.490906>, 0.100000
	pigment { color rgbt <1,0,0,0> }
	no_shadow
}

// particle -1
sphere {
	<28.959280, 44.935154, 37.834774> 0.100000
	pigment { color rgbt <1,0,0,0> }
	no_shadow
}
sphere {
	0, 1
	scale<0.080000,0.200000,0.300000>
	matrix <-0.833646, -0.308345, 0.458212,
		0.226329, -0.947509, -0.225837,
		0.503796, -0.084561, 0.859674,
		29.110418, 44.909786, 38.092674>
	pigment { color rgbt <0,1,1,0> }
	no_shadow
}
cylinder {
	<28.822475, 45.788456, 37.330017>,  <28.757761, 44.968979, 37.490906>, 0.130000
	pigment { color rgbt <1,0,0,0> }
	no_shadow
}

// nucleotide -1

// particle -1
sphere {
	<28.822475, 45.788456, 37.330017> 0.250000
	pigment { color rgbt <1,0,0,0> }
	no_shadow
}
cylinder {
	<28.512079, 45.958187, 37.516685>,  <28.325842, 46.060028, 37.628689>, 0.100000
	pigment { color rgbt <1,0,0,0> }
	no_shadow
}
cylinder {
	<28.512079, 45.958187, 37.516685>,  <28.822475, 45.788456, 37.330017>, 0.100000
	pigment { color rgbt <1,0,0,0> }
	no_shadow
}

// particle -1
sphere {
	<28.512079, 45.958187, 37.516685> 0.100000
	pigment { color rgbt <1,0,0,0> }
	no_shadow
}
sphere {
	0, 1
	scale<0.080000,0.200000,0.300000>
	matrix <-0.616504, -0.666590, -0.419023,
		0.133276, -0.612864, 0.778868,
		-0.775990, 0.424330, 0.466674,
		28.279282, 46.085487, 37.656689>
	pigment { color rgbt <0,1,1,0> }
	no_shadow
}
cylinder {
	<29.025164, 46.400242, 37.019432>,  <28.822475, 45.788456, 37.330017>, 0.130000
	pigment { color rgbt <1,0,0,0> }
	no_shadow
}

// nucleotide -1

// particle -1
sphere {
	<29.025164, 46.400242, 37.019432> 0.250000
	pigment { color rgbt <1,0,0,0> }
	no_shadow
}
cylinder {
	<28.944216, 46.088783, 36.781857>,  <28.895647, 45.901909, 36.639313>, 0.100000
	pigment { color rgbt <1,0,0,0> }
	no_shadow
}
cylinder {
	<28.944216, 46.088783, 36.781857>,  <29.025164, 46.400242, 37.019432>, 0.100000
	pigment { color rgbt <1,0,0,0> }
	no_shadow
}

// particle -1
sphere {
	<28.944216, 46.088783, 36.781857> 0.100000
	pigment { color rgbt <1,0,0,0> }
	no_shadow
}
sphere {
	0, 1
	scale<0.080000,0.200000,0.300000>
	matrix <-0.828122, -0.187674, 0.528198,
		-0.522744, 0.598743, -0.606833,
		-0.202368, -0.778643, -0.593937,
		28.883505, 45.855190, 36.603676>
	pigment { color rgbt <0,1,1,0> }
	no_shadow
}
cylinder {
	<29.341475, 46.684925, 37.618958>,  <29.025164, 46.400242, 37.019432>, 0.130000
	pigment { color rgbt <1,0,0,0> }
	no_shadow
}

// nucleotide -1

// particle -1
sphere {
	<29.341475, 46.684925, 37.618958> 0.250000
	pigment { color rgbt <1,0,0,0> }
	no_shadow
}
cylinder {
	<29.419405, 47.077244, 37.622440>,  <29.466164, 47.312637, 37.624531>, 0.100000
	pigment { color rgbt <1,0,0,0> }
	no_shadow
}
cylinder {
	<29.419405, 47.077244, 37.622440>,  <29.341475, 46.684925, 37.618958>, 0.100000
	pigment { color rgbt <1,0,0,0> }
	no_shadow
}

// particle -1
sphere {
	<29.419405, 47.077244, 37.622440> 0.100000
	pigment { color rgbt <1,0,0,0> }
	no_shadow
}
sphere {
	0, 1
	scale<0.080000,0.200000,0.300000>
	matrix <0.979995, -0.195020, 0.039719,
		0.040654, 0.000791, -0.999173,
		0.194827, 0.980799, 0.008704,
		29.477854, 47.371483, 37.625050>
	pigment { color rgbt <0,1,1,0> }
	no_shadow
}
cylinder {
	<29.794374, 46.784344, 37.007416>,  <29.341475, 46.684925, 37.618958>, 0.130000
	pigment { color rgbt <1,0,0,0> }
	no_shadow
}

// nucleotide -1

// particle -1
sphere {
	<29.794374, 46.784344, 37.007416> 0.250000
	pigment { color rgbt <1,0,0,0> }
	no_shadow
}
cylinder {
	<29.804663, 46.961136, 37.366077>,  <29.810835, 47.067211, 37.581276>, 0.100000
	pigment { color rgbt <1,0,0,0> }
	no_shadow
}
cylinder {
	<29.804663, 46.961136, 37.366077>,  <29.794374, 46.784344, 37.007416>, 0.100000
	pigment { color rgbt <1,0,0,0> }
	no_shadow
}

// particle -1
sphere {
	<29.804663, 46.961136, 37.366077> 0.100000
	pigment { color rgbt <1,0,0,0> }
	no_shadow
}
sphere {
	0, 1
	scale<0.080000,0.200000,0.300000>
	matrix <0.931960, -0.335090, 0.138440,
		0.361648, 0.832089, -0.420522,
		0.025719, 0.441976, 0.896658,
		29.812378, 47.093727, 37.635075>
	pigment { color rgbt <0,1,1,0> }
	no_shadow
}
cylinder {
	<30.000607, 47.492821, 36.736904>,  <29.794374, 46.784344, 37.007416>, 0.130000
	pigment { color rgbt <1,0,0,0> }
	no_shadow
}

// nucleotide -1

// particle -1
sphere {
	<30.000607, 47.492821, 36.736904> 0.250000
	pigment { color rgbt <1,0,0,0> }
	no_shadow
}
cylinder {
	<29.667566, 47.350655, 36.566986>,  <29.467741, 47.265354, 36.465034>, 0.100000
	pigment { color rgbt <1,0,0,0> }
	no_shadow
}
cylinder {
	<29.667566, 47.350655, 36.566986>,  <30.000607, 47.492821, 36.736904>, 0.100000
	pigment { color rgbt <1,0,0,0> }
	no_shadow
}

// particle -1
sphere {
	<29.667566, 47.350655, 36.566986> 0.100000
	pigment { color rgbt <1,0,0,0> }
	no_shadow
}
sphere {
	0, 1
	scale<0.080000,0.200000,0.300000>
	matrix <-0.473751, 0.059653, 0.878636,
		-0.286939, 0.932803, -0.218045,
		-0.832602, -0.355414, -0.424800,
		29.417786, 47.244030, 36.439545>
	pigment { color rgbt <0,1,1,0> }
	no_shadow
}
cylinder {
	<30.532248, 47.288891, 36.181667>,  <30.000607, 47.492821, 36.736904>, 0.130000
	pigment { color rgbt <1,0,0,0> }
	no_shadow
}

// nucleotide -1

// particle -1
sphere {
	<30.532248, 47.288891, 36.181667> 0.250000
	pigment { color rgbt <1,0,0,0> }
	no_shadow
}
cylinder {
	<30.403204, 47.052208, 35.886154>,  <30.325779, 46.910198, 35.708847>, 0.100000
	pigment { color rgbt <1,0,0,0> }
	no_shadow
}
cylinder {
	<30.403204, 47.052208, 35.886154>,  <30.532248, 47.288891, 36.181667>, 0.100000
	pigment { color rgbt <1,0,0,0> }
	no_shadow
}

// particle -1
sphere {
	<30.403204, 47.052208, 35.886154> 0.100000
	pigment { color rgbt <1,0,0,0> }
	no_shadow
}
sphere {
	0, 1
	scale<0.080000,0.200000,0.300000>
	matrix <0.804600, -0.582533, 0.115215,
		-0.498541, -0.557258, 0.664018,
		-0.322608, -0.591708, -0.738787,
		30.306421, 46.874695, 35.664516>
	pigment { color rgbt <0,1,1,0> }
	no_shadow
}
cylinder {
	<30.504162, 46.532677, 36.364098>,  <30.532248, 47.288891, 36.181667>, 0.130000
	pigment { color rgbt <1,0,0,0> }
	no_shadow
}

// nucleotide -1

// particle -1
sphere {
	<30.504162, 46.532677, 36.364098> 0.250000
	pigment { color rgbt <1,0,0,0> }
	no_shadow
}
cylinder {
	<30.564751, 46.597225, 35.974018>,  <30.601103, 46.635956, 35.739971>, 0.100000
	pigment { color rgbt <1,0,0,0> }
	no_shadow
}
cylinder {
	<30.564751, 46.597225, 35.974018>,  <30.504162, 46.532677, 36.364098>, 0.100000
	pigment { color rgbt <1,0,0,0> }
	no_shadow
}

// particle -1
sphere {
	<30.564751, 46.597225, 35.974018> 0.100000
	pigment { color rgbt <1,0,0,0> }
	no_shadow
}
sphere {
	0, 1
	scale<0.080000,0.200000,0.300000>
	matrix <0.884463, -0.462629, 0.060822,
		-0.441340, -0.871741, -0.212805,
		0.151471, 0.161376, -0.975200,
		30.610191, 46.645638, 35.681458>
	pigment { color rgbt <0,1,1,0> }
	no_shadow
}
cylinder {
	<30.810204, 45.920376, 36.049362>,  <30.504162, 46.532677, 36.364098>, 0.130000
	pigment { color rgbt <1,0,0,0> }
	no_shadow
}

// nucleotide -1

// particle -1
sphere {
	<30.810204, 45.920376, 36.049362> 0.250000
	pigment { color rgbt <1,0,0,0> }
	no_shadow
}
cylinder {
	<30.915913, 46.228184, 35.816811>,  <30.979338, 46.412868, 35.677280>, 0.100000
	pigment { color rgbt <1,0,0,0> }
	no_shadow
}
cylinder {
	<30.915913, 46.228184, 35.816811>,  <30.810204, 45.920376, 36.049362>, 0.100000
	pigment { color rgbt <1,0,0,0> }
	no_shadow
}

// particle -1
sphere {
	<30.915913, 46.228184, 35.816811> 0.100000
	pigment { color rgbt <1,0,0,0> }
	no_shadow
}
sphere {
	0, 1
	scale<0.080000,0.200000,0.300000>
	matrix <0.912252, -0.395069, -0.108244,
		-0.312981, -0.501759, -0.806400,
		0.264271, 0.769519, -0.581379,
		30.995193, 46.459038, 35.642395>
	pigment { color rgbt <0,1,1,0> }
	no_shadow
}
cylinder {
	<31.330334, 45.659237, 35.784851>,  <30.810204, 45.920376, 36.049362>, 0.130000
	pigment { color rgbt <1,0,0,0> }
	no_shadow
}

// nucleotide -1

// particle -1
sphere {
	<31.330334, 45.659237, 35.784851> 0.250000
	pigment { color rgbt <1,0,0,0> }
	no_shadow
}
cylinder {
	<31.364187, 46.040768, 35.669579>,  <31.384499, 46.269688, 35.600414>, 0.100000
	pigment { color rgbt <1,0,0,0> }
	no_shadow
}
cylinder {
	<31.364187, 46.040768, 35.669579>,  <31.330334, 45.659237, 35.784851>, 0.100000
	pigment { color rgbt <1,0,0,0> }
	no_shadow
}

// particle -1
sphere {
	<31.364187, 46.040768, 35.669579> 0.100000
	pigment { color rgbt <1,0,0,0> }
	no_shadow
}
sphere {
	0, 1
	scale<0.080000,0.200000,0.300000>
	matrix <0.988468, -0.116819, -0.096354,
		-0.125570, -0.276706, -0.952715,
		0.084633, 0.953828, -0.288184,
		31.389578, 46.326916, 35.583122>
	pigment { color rgbt <0,1,1,0> }
	no_shadow
}
cylinder {
	<31.536371, 45.744270, 35.218555>,  <31.330334, 45.659237, 35.784851>, 0.130000
	pigment { color rgbt <1,0,0,0> }
	no_shadow
}

// nucleotide -1

// particle -1
sphere {
	<31.536371, 45.744270, 35.218555> 0.250000
	pigment { color rgbt <1,0,0,0> }
	no_shadow
}
cylinder {
	<31.667631, 46.095329, 35.358299>,  <31.746387, 46.305965, 35.442146>, 0.100000
	pigment { color rgbt <1,0,0,0> }
	no_shadow
}
cylinder {
	<31.667631, 46.095329, 35.358299>,  <31.536371, 45.744270, 35.218555>, 0.100000
	pigment { color rgbt <1,0,0,0> }
	no_shadow
}

// particle -1
sphere {
	<31.667631, 46.095329, 35.358299> 0.100000
	pigment { color rgbt <1,0,0,0> }
	no_shadow
}
sphere {
	0, 1
	scale<0.080000,0.200000,0.300000>
	matrix <0.927795, -0.229943, -0.293807,
		-0.177526, 0.420549, -0.889732,
		0.328148, 0.877647, 0.349362,
		31.766075, 46.358624, 35.463108>
	pigment { color rgbt <0,1,1,0> }
	no_shadow
}
cylinder {
	<32.056774, 45.942867, 34.734943>,  <31.536371, 45.744270, 35.218555>, 0.130000
	pigment { color rgbt <1,0,0,0> }
	no_shadow
}

// nucleotide -1

// particle -1
sphere {
	<32.056774, 45.942867, 34.734943> 0.250000
	pigment { color rgbt <1,0,0,0> }
	no_shadow
}
cylinder {
	<32.068974, 46.070946, 35.113689>,  <32.076294, 46.147793, 35.340935>, 0.100000
	pigment { color rgbt <1,0,0,0> }
	no_shadow
}
cylinder {
	<32.068974, 46.070946, 35.113689>,  <32.056774, 45.942867, 34.734943>, 0.100000
	pigment { color rgbt <1,0,0,0> }
	no_shadow
}

// particle -1
sphere {
	<32.068974, 46.070946, 35.113689> 0.100000
	pigment { color rgbt <1,0,0,0> }
	no_shadow
}
sphere {
	0, 1
	scale<0.080000,0.200000,0.300000>
	matrix <0.966052, -0.252578, 0.054295,
		0.256541, 0.913062, -0.317025,
		0.030499, 0.320192, 0.946862,
		32.078125, 46.167004, 35.397747>
	pigment { color rgbt <0,1,1,0> }
	no_shadow
}
cylinder {
	<32.085320, 45.571400, 34.049675>,  <32.056774, 45.942867, 34.734943>, 0.130000
	pigment { color rgbt <1,0,0,0> }
	no_shadow
}

// nucleotide -1

// particle -1
sphere {
	<32.085320, 45.571400, 34.049675> 0.250000
	pigment { color rgbt <1,0,0,0> }
	no_shadow
}
cylinder {
	<31.871382, 45.660275, 33.723591>,  <31.743017, 45.713600, 33.527939>, 0.100000
	pigment { color rgbt <1,0,0,0> }
	no_shadow
}
cylinder {
	<31.871382, 45.660275, 33.723591>,  <32.085320, 45.571400, 34.049675>, 0.100000
	pigment { color rgbt <1,0,0,0> }
	no_shadow
}

// particle -1
sphere {
	<31.871382, 45.660275, 33.723591> 0.100000
	pigment { color rgbt <1,0,0,0> }
	no_shadow
}
sphere {
	0, 1
	scale<0.080000,0.200000,0.300000>
	matrix <0.836034, -0.000613, -0.548677,
		-0.122410, -0.975004, -0.185429,
		-0.534849, 0.222188, -0.815212,
		31.710928, 45.726933, 33.479027>
	pigment { color rgbt <0,1,1,0> }
	no_shadow
}
cylinder {
	<31.999691, 44.967072, 33.510666>,  <32.085320, 45.571400, 34.049675>, 0.130000
	pigment { color rgbt <1,0,0,0> }
	no_shadow
}

// nucleotide -1

// particle -1
sphere {
	<31.999691, 44.967072, 33.510666> 0.250000
	pigment { color rgbt <1,0,0,0> }
	no_shadow
}
cylinder {
	<32.010872, 45.341778, 33.371124>,  <32.017582, 45.566601, 33.287399>, 0.100000
	pigment { color rgbt <1,0,0,0> }
	no_shadow
}
cylinder {
	<32.010872, 45.341778, 33.371124>,  <31.999691, 44.967072, 33.510666>, 0.100000
	pigment { color rgbt <1,0,0,0> }
	no_shadow
}

// particle -1
sphere {
	<32.010872, 45.341778, 33.371124> 0.100000
	pigment { color rgbt <1,0,0,0> }
	no_shadow
}
sphere {
	0, 1
	scale<0.080000,0.200000,0.300000>
	matrix <0.929917, -0.152395, -0.334709,
		-0.366705, -0.315047, -0.875370,
		0.027952, 0.936761, -0.348852,
		32.019257, 45.622807, 33.266468>
	pigment { color rgbt <0,1,1,0> }
	no_shadow
}
cylinder {
	<31.981884, 44.914589, 32.745148>,  <31.999691, 44.967072, 33.510666>, 0.130000
	pigment { color rgbt <1,0,0,0> }
	no_shadow
}

// nucleotide -1

// particle -1
sphere {
	<31.981884, 44.914589, 32.745148> 0.250000
	pigment { color rgbt <1,0,0,0> }
	no_shadow
}
cylinder {
	<32.192589, 45.215435, 32.903557>,  <32.319012, 45.395943, 32.998604>, 0.100000
	pigment { color rgbt <1,0,0,0> }
	no_shadow
}
cylinder {
	<32.192589, 45.215435, 32.903557>,  <31.981884, 44.914589, 32.745148>, 0.100000
	pigment { color rgbt <1,0,0,0> }
	no_shadow
}

// particle -1
sphere {
	<32.192589, 45.215435, 32.903557> 0.100000
	pigment { color rgbt <1,0,0,0> }
	no_shadow
}
sphere {
	0, 1
	scale<0.080000,0.200000,0.300000>
	matrix <0.791180, -0.263517, -0.551899,
