// switches for output
#declare DRAW_BASES = 1; // possible values are 0, 1; only relevant for DNA ribbons
#declare DRAW_BASES_TYPE = 3; // possible values are 1, 2, 3; only relevant for DNA ribbons
#declare DRAW_FOG = 0; // set to 1 to enable fog

#include "colors.inc"

#include "transforms.inc"
background { rgb <1, 1, 1>}

#default {
   normal{
       ripples 0.25
       frequency 0.20
       turbulence 0.2
       lambda 5
   }
	finish {
		phong 0.1
		phong_size 40.
	}
}

// original window dimensions: 1024x640


// camera settings

camera {
	sky <-0, 1, 0>
	up <-0, 1, 0>
	right 1.6 * <0.724836, 0, 0.688921>
	location <12.1561, 44.2, 77.9145>
	look_at <46.7464, 44.2, 41.5209>
	direction <34.5903, 0, -36.3936>
	angle 67.0682
}


# declare cpy_camera_pos = <12.1561, 44.2, 77.9145>;
# if (DRAW_FOG = 1)
fog {
	fog_type 2
	up vnormalize(cpy_camera_pos)
	color rgbt<1,1,1,0.3>
	distance 1e-5
	fog_alt 3e-3
	fog_offset 70.72
}
# end


// LIGHTS

# declare lum = 6;
global_settings {
	ambient_light rgb lum * <0.05, 0.05, 0.05>
	max_trace_level 15
}# declare cpy_direct_light_amount = 0.25;
light_source
{	1000 * <-0.0359156, -1, 1.41376>,
	rgb lum * cpy_direct_light_amount
	parallel
}

light_source
{	1000 * <0.0359156, 1, -1.41376>,
	rgb lum * cpy_direct_light_amount
	parallel
}

// strand 0

// nucleotide -1

// particle -1
sphere {
	<45.556652, 43.269535, 44.764690> 0.250000
	pigment { color rgbt <1,0,0,0> }
	no_shadow
}
cylinder {
	<45.427170, 43.536308, 45.033142>,  <45.349480, 43.696373, 45.194214>, 0.100000
	pigment { color rgbt <1,0,0,0> }
	no_shadow
}
cylinder {
	<45.427170, 43.536308, 45.033142>,  <45.556652, 43.269535, 44.764690>, 0.100000
	pigment { color rgbt <1,0,0,0> }
	no_shadow
}

// particle -1
sphere {
	<45.427170, 43.536308, 45.033142> 0.100000
	pigment { color rgbt <1,0,0,0> }
	no_shadow
}
sphere {
	0, 1
	scale<0.080000,0.200000,0.300000>
	matrix <0.363624, -0.567155, 0.738994,
		0.873495, 0.483254, -0.058923,
		-0.323704, 0.666934, 0.671130,
		45.330059, 43.736389, 45.234482>
	pigment { color rgbt <0,1,1,0> }
	no_shadow
}
cylinder {
	<46.130936, 43.323971, 45.208122>,  <45.556652, 43.269535, 44.764690>, 0.130000
	pigment { color rgbt <1,0,0,0> }
	no_shadow
}

// nucleotide -1

// particle -1
sphere {
	<46.130936, 43.323971, 45.208122> 0.250000
	pigment { color rgbt <1,0,0,0> }
	no_shadow
}
cylinder {
	<45.839066, 43.475494, 45.435833>,  <45.663944, 43.566410, 45.572460>, 0.100000
	pigment { color rgbt <1,0,0,0> }
	no_shadow
}
cylinder {
	<45.839066, 43.475494, 45.435833>,  <46.130936, 43.323971, 45.208122>, 0.100000
	pigment { color rgbt <1,0,0,0> }
	no_shadow
}

// particle -1
sphere {
	<45.839066, 43.475494, 45.435833> 0.100000
	pigment { color rgbt <1,0,0,0> }
	no_shadow
}
sphere {
	0, 1
	scale<0.080000,0.200000,0.300000>
	matrix <0.415847, -0.415043, 0.809203,
		0.542809, 0.827188, 0.145320,
		-0.729678, 0.378812, 0.569273,
		45.620163, 43.589138, 45.606613>
	pigment { color rgbt <0,1,1,0> }
	no_shadow
}
cylinder {
	<46.492100, 43.469410, 45.811493>,  <46.130936, 43.323971, 45.208122>, 0.130000
	pigment { color rgbt <1,0,0,0> }
	no_shadow
}

// nucleotide -1

// particle -1
sphere {
	<46.492100, 43.469410, 45.811493> 0.250000
	pigment { color rgbt <1,0,0,0> }
	no_shadow
}
cylinder {
	<46.107086, 43.476227, 45.919739>,  <45.876076, 43.480316, 45.984688>, 0.100000
	pigment { color rgbt <1,0,0,0> }
	no_shadow
}
cylinder {
	<46.107086, 43.476227, 45.919739>,  <46.492100, 43.469410, 45.811493>, 0.100000
	pigment { color rgbt <1,0,0,0> }
	no_shadow
}

// particle -1
sphere {
	<46.107086, 43.476227, 45.919739> 0.100000
	pigment { color rgbt <1,0,0,0> }
	no_shadow
}
sphere {
	0, 1
	scale<0.080000,0.200000,0.300000>
	matrix <0.235430, -0.442603, 0.865260,
		0.134523, 0.896556, 0.422009,
		-0.962536, 0.017044, 0.270616,
		45.818325, 43.481339, 46.000923>
	pigment { color rgbt <0,1,1,0> }
	no_shadow
}
cylinder {
	<46.460930, 43.557320, 46.547714>,  <46.492100, 43.469410, 45.811493>, 0.130000
	pigment { color rgbt <1,0,0,0> }
	no_shadow
}

// nucleotide -1

// particle -1
sphere {
	<46.460930, 43.557320, 46.547714> 0.250000
	pigment { color rgbt <1,0,0,0> }
	no_shadow
}
cylinder {
	<46.107391, 43.392723, 46.458733>,  <45.895267, 43.293964, 46.405342>, 0.100000
	pigment { color rgbt <1,0,0,0> }
	no_shadow
}
cylinder {
	<46.107391, 43.392723, 46.458733>,  <46.460930, 43.557320, 46.547714>, 0.100000
	pigment { color rgbt <1,0,0,0> }
	no_shadow
}

// particle -1
sphere {
	<46.107391, 43.392723, 46.458733> 0.100000
	pigment { color rgbt <1,0,0,0> }
	no_shadow
}
sphere {
	0, 1
	scale<0.080000,0.200000,0.300000>
	matrix <0.027528, -0.520491, 0.853424,
		-0.466962, 0.748174, 0.471363,
		-0.883849, -0.411492, -0.222454,
		45.842236, 43.269276, 46.391998>
	pigment { color rgbt <0,1,1,0> }
	no_shadow
}
cylinder {
	<45.927383, 43.754932, 47.071934>,  <46.460930, 43.557320, 46.547714>, 0.130000
	pigment { color rgbt <1,0,0,0> }
	no_shadow
}

// nucleotide -1

// particle -1
sphere {
	<45.927383, 43.754932, 47.071934> 0.250000
	pigment { color rgbt <1,0,0,0> }
	no_shadow
}
cylinder {
	<45.801132, 43.407059, 46.920128>,  <45.725380, 43.198334, 46.829044>, 0.100000
	pigment { color rgbt <1,0,0,0> }
	no_shadow
}
cylinder {
	<45.801132, 43.407059, 46.920128>,  <45.927383, 43.754932, 47.071934>, 0.100000
	pigment { color rgbt <1,0,0,0> }
	no_shadow
}

// particle -1
sphere {
	<45.801132, 43.407059, 46.920128> 0.100000
	pigment { color rgbt <1,0,0,0> }
	no_shadow
}
sphere {
	0, 1
	scale<0.080000,0.200000,0.300000>
	matrix <-0.150067, -0.349179, 0.924961,
		-0.936941, 0.348897, -0.020300,
		-0.315628, -0.869681, -0.379518,
		45.706444, 43.146152, 46.806271>
	pigment { color rgbt <0,1,1,0> }
	no_shadow
}
cylinder {
	<45.223526, 43.742752, 47.333511>,  <45.927383, 43.754932, 47.071934>, 0.130000
	pigment { color rgbt <1,0,0,0> }
	no_shadow
}

// nucleotide -1

// particle -1
sphere {
	<45.223526, 43.742752, 47.333511> 0.250000
	pigment { color rgbt <1,0,0,0> }
	no_shadow
}
cylinder {
	<45.369293, 43.386185, 47.225754>,  <45.456753, 43.172245, 47.161098>, 0.100000
	pigment { color rgbt <1,0,0,0> }
	no_shadow
}
cylinder {
	<45.369293, 43.386185, 47.225754>,  <45.223526, 43.742752, 47.333511>, 0.100000
	pigment { color rgbt <1,0,0,0> }
	no_shadow
}

// particle -1
sphere {
	<45.369293, 43.386185, 47.225754> 0.100000
	pigment { color rgbt <1,0,0,0> }
	no_shadow
}
sphere {
	0, 1
	scale<0.080000,0.200000,0.300000>
	matrix <-0.203444, -0.358507, 0.911089,
		-0.908740, -0.277212, -0.312001,
		0.364420, -0.891418, -0.269393,
		45.478619, 43.118759, 47.144936>
	pigment { color rgbt <0,1,1,0> }
	no_shadow
}
cylinder {
	<44.614880, 43.297531, 47.492542>,  <45.223526, 43.742752, 47.333511>, 0.130000
	pigment { color rgbt <1,0,0,0> }
	no_shadow
}

// nucleotide -1

// particle -1
sphere {
	<44.614880, 43.297531, 47.492542> 0.250000
	pigment { color rgbt <1,0,0,0> }
	no_shadow
}
cylinder {
	<44.915886, 43.037209, 47.452225>,  <45.096489, 42.881016, 47.428032>, 0.100000
	pigment { color rgbt <1,0,0,0> }
	no_shadow
}
cylinder {
	<44.915886, 43.037209, 47.452225>,  <44.614880, 43.297531, 47.492542>, 0.100000
	pigment { color rgbt <1,0,0,0> }
	no_shadow
}

// particle -1
sphere {
	<44.915886, 43.037209, 47.452225> 0.100000
	pigment { color rgbt <1,0,0,0> }
	no_shadow
}
sphere {
	0, 1
	scale<0.080000,0.200000,0.300000>
	matrix <-0.367331, -0.541820, 0.755975,
		-0.546645, -0.531831, -0.646789,
		0.752494, -0.650835, -0.100825,
		45.141644, 42.841965, 47.421986>
	pigment { color rgbt <0,1,1,0> }
	no_shadow
}
cylinder {
	<44.305447, 42.715919, 47.562160>,  <44.614880, 43.297531, 47.492542>, 0.130000
	pigment { color rgbt <1,0,0,0> }
	no_shadow
}

// nucleotide -1

// particle -1
sphere {
	<44.305447, 42.715919, 47.562160> 0.250000
	pigment { color rgbt <1,0,0,0> }
	no_shadow
}
cylinder {
	<44.690018, 42.635506, 47.637253>,  <44.920761, 42.587257, 47.682308>, 0.100000
	pigment { color rgbt <1,0,0,0> }
	no_shadow
}
cylinder {
	<44.690018, 42.635506, 47.637253>,  <44.305447, 42.715919, 47.562160>, 0.100000
	pigment { color rgbt <1,0,0,0> }
	no_shadow
}

// particle -1
sphere {
	<44.690018, 42.635506, 47.637253> 0.100000
	pigment { color rgbt <1,0,0,0> }
	no_shadow
}
sphere {
	0, 1
	scale<0.080000,0.200000,0.300000>
	matrix <-0.263539, -0.477824, 0.837993,
		-0.078760, -0.855144, -0.512372,
		0.961428, -0.201030, 0.187730,
		44.978447, 42.575195, 47.693573>
	pigment { color rgbt <0,1,1,0> }
	no_shadow
}
cylinder {
	<44.298557, 42.032719, 47.931171>,  <44.305447, 42.715919, 47.562160>, 0.130000
	pigment { color rgbt <1,0,0,0> }
	no_shadow
}

// nucleotide -1

// particle -1
sphere {
	<44.298557, 42.032719, 47.931171> 0.250000
	pigment { color rgbt <1,0,0,0> }
	no_shadow
}
cylinder {
	<44.670422, 42.162216, 48.001518>,  <44.893539, 42.239914, 48.043724>, 0.100000
	pigment { color rgbt <1,0,0,0> }
	no_shadow
}
cylinder {
	<44.670422, 42.162216, 48.001518>,  <44.298557, 42.032719, 47.931171>, 0.100000
	pigment { color rgbt <1,0,0,0> }
	no_shadow
}

// particle -1
sphere {
	<44.670422, 42.162216, 48.001518> 0.100000
	pigment { color rgbt <1,0,0,0> }
	no_shadow
}
sphere {
	0, 1
	scale<0.080000,0.200000,0.300000>
	matrix <-0.098313, -0.242038, 0.965273,
		0.355065, -0.914663, -0.193184,
		0.929658, 0.323743, 0.175863,
		44.949318, 42.259338, 48.054276>
	pigment { color rgbt <0,1,1,0> }
	no_shadow
}
cylinder {
	<44.735394, 41.459949, 48.206848>,  <44.298557, 42.032719, 47.931171>, 0.130000
	pigment { color rgbt <1,0,0,0> }
	no_shadow
}

// nucleotide -1

// particle -1
sphere {
	<44.735394, 41.459949, 48.206848> 0.250000
	pigment { color rgbt <1,0,0,0> }
	no_shadow
}
cylinder {
	<44.892479, 41.809883, 48.320297>,  <44.986729, 42.019844, 48.388367>, 0.100000
	pigment { color rgbt <1,0,0,0> }
	no_shadow
}
cylinder {
	<44.892479, 41.809883, 48.320297>,  <44.735394, 41.459949, 48.206848>, 0.100000
	pigment { color rgbt <1,0,0,0> }
	no_shadow
}

// particle -1
sphere {
	<44.892479, 41.809883, 48.320297> 0.100000
	pigment { color rgbt <1,0,0,0> }
	no_shadow
}
sphere {
	0, 1
	scale<0.080000,0.200000,0.300000>
	matrix <-0.107576, -0.262587, 0.958893,
		0.913350, -0.407077, -0.009009,
		0.392709, 0.874835, 0.283625,
		45.010292, 42.072334, 48.405384>
	pigment { color rgbt <0,1,1,0> }
	no_shadow
}
cylinder {
	<45.263584, 41.316856, 48.740334>,  <44.735394, 41.459949, 48.206848>, 0.130000
	pigment { color rgbt <1,0,0,0> }
	no_shadow
}

// nucleotide -1

// particle -1
sphere {
	<45.263584, 41.316856, 48.740334> 0.250000
	pigment { color rgbt <1,0,0,0> }
	no_shadow
}
cylinder {
	<45.117149, 41.686867, 48.780941>,  <45.029289, 41.908875, 48.805305>, 0.100000
	pigment { color rgbt <1,0,0,0> }
	no_shadow
}
cylinder {
	<45.117149, 41.686867, 48.780941>,  <45.263584, 41.316856, 48.740334>, 0.100000
	pigment { color rgbt <1,0,0,0> }
	no_shadow
}

// particle -1
sphere {
	<45.117149, 41.686867, 48.780941> 0.100000
	pigment { color rgbt <1,0,0,0> }
	no_shadow
}
sphere {
	0, 1
	scale<0.080000,0.200000,0.300000>
	matrix <-0.222976, -0.193105, 0.955506,
		0.903472, 0.327164, 0.276952,
		-0.366088, 0.925027, 0.101515,
		45.007324, 41.964375, 48.811394>
	pigment { color rgbt <0,1,1,0> }
	no_shadow
}
cylinder {
	<45.600163, 41.452587, 49.340973>,  <45.263584, 41.316856, 48.740334>, 0.130000
	pigment { color rgbt <1,0,0,0> }
	no_shadow
}

// nucleotide -1

// particle -1
sphere {
	<45.600163, 41.452587, 49.340973> 0.250000
	pigment { color rgbt <1,0,0,0> }
	no_shadow
}
cylinder {
	<45.324577, 41.740799, 49.309578>,  <45.159225, 41.913727, 49.290741>, 0.100000
	pigment { color rgbt <1,0,0,0> }
	no_shadow
}
cylinder {
	<45.324577, 41.740799, 49.309578>,  <45.600163, 41.452587, 49.340973>, 0.100000
	pigment { color rgbt <1,0,0,0> }
	no_shadow
}

// particle -1
sphere {
	<45.324577, 41.740799, 49.309578> 0.100000
	pigment { color rgbt <1,0,0,0> }
	no_shadow
}
sphere {
	0, 1
	scale<0.080000,0.200000,0.300000>
	matrix <-0.169308, -0.054700, 0.984044,
		0.704742, 0.691261, 0.159679,
		-0.688966, 0.720532, -0.078487,
		45.117889, 41.956959, 49.286034>
	pigment { color rgbt <0,1,1,0> }
	no_shadow
}
cylinder {
	<45.703072, 42.010719, 49.919025>,  <45.600163, 41.452587, 49.340973>, 0.130000
	pigment { color rgbt <1,0,0,0> }
	no_shadow
}

// nucleotide -1

// particle -1
sphere {
	<45.703072, 42.010719, 49.919025> 0.250000
	pigment { color rgbt <1,0,0,0> }
	no_shadow
}
cylinder {
	<45.318970, 42.043159, 49.812195>,  <45.088509, 42.062622, 49.748096>, 0.100000
	pigment { color rgbt <1,0,0,0> }
	no_shadow
}
cylinder {
	<45.318970, 42.043159, 49.812195>,  <45.703072, 42.010719, 49.919025>, 0.100000
	pigment { color rgbt <1,0,0,0> }
	no_shadow
}

// particle -1
sphere {
	<45.318970, 42.043159, 49.812195> 0.100000
	pigment { color rgbt <1,0,0,0> }
	no_shadow
}
sphere {
	0, 1
	scale<0.080000,0.200000,0.300000>
	matrix <-0.267971, -0.000171, 0.963427,
		0.078088, 0.996706, 0.021897,
		-0.960257, 0.081099, -0.267075,
		45.030891, 42.067490, 49.732071>
	pigment { color rgbt <0,1,1,0> }
	no_shadow
}
cylinder {
	<45.499359, 42.259541, 50.488491>,  <45.703072, 42.010719, 49.919025>, 0.130000
	pigment { color rgbt <1,0,0,0> }
	no_shadow
}

// nucleotide -1

// particle -1
sphere {
	<45.499359, 42.259541, 50.488491> 0.250000
	pigment { color rgbt <1,0,0,0> }
	no_shadow
}
cylinder {
	<45.147011, 42.178535, 50.317352>,  <44.935600, 42.129932, 50.214668>, 0.100000
	pigment { color rgbt <1,0,0,0> }
	no_shadow
}
cylinder {
	<45.147011, 42.178535, 50.317352>,  <45.499359, 42.259541, 50.488491>, 0.100000
	pigment { color rgbt <1,0,0,0> }
	no_shadow
}

// particle -1
sphere {
	<45.147011, 42.178535, 50.317352> 0.100000
	pigment { color rgbt <1,0,0,0> }
	no_shadow
}
sphere {
	0, 1
	scale<0.080000,0.200000,0.300000>
	matrix <-0.385784, -0.216608, 0.896801,
		-0.274291, 0.955023, 0.112676,
		-0.880872, -0.202515, -0.427846,
		44.882748, 42.117783, 50.188999>
	pigment { color rgbt <0,1,1,0> }
	no_shadow
}
cylinder {
	<45.069164, 42.646255, 50.884487>,  <45.499359, 42.259541, 50.488491>, 0.130000
	pigment { color rgbt <1,0,0,0> }
	no_shadow
}

// nucleotide -1

// particle -1
sphere {
	<45.069164, 42.646255, 50.884487> 0.250000
	pigment { color rgbt <1,0,0,0> }
	no_shadow
}
cylinder {
	<44.855873, 42.356560, 50.709602>,  <44.727898, 42.182743, 50.604671>, 0.100000
	pigment { color rgbt <1,0,0,0> }
	no_shadow
}
cylinder {
	<44.855873, 42.356560, 50.709602>,  <45.069164, 42.646255, 50.884487>, 0.100000
	pigment { color rgbt <1,0,0,0> }
	no_shadow
}

// particle -1
sphere {
	<44.855873, 42.356560, 50.709602> 0.100000
	pigment { color rgbt <1,0,0,0> }
	no_shadow
}
sphere {
	0, 1
	scale<0.080000,0.200000,0.300000>
	matrix <-0.599792, -0.040812, 0.799114,
		-0.596591, 0.688343, -0.412629,
		-0.533224, -0.724237, -0.437211,
		44.695908, 42.139290, 50.578438>
	pigment { color rgbt <0,1,1,0> }
	no_shadow
}
cylinder {
	<44.383160, 42.905884, 50.926857>,  <45.069164, 42.646255, 50.884487>, 0.130000
	pigment { color rgbt <1,0,0,0> }
	no_shadow
}

// nucleotide -1

// particle -1
sphere {
	<44.383160, 42.905884, 50.926857> 0.250000
	pigment { color rgbt <1,0,0,0> }
	no_shadow
}
cylinder {
	<44.389038, 42.507668, 50.889580>,  <44.392567, 42.268738, 50.867214>, 0.100000
	pigment { color rgbt <1,0,0,0> }
	no_shadow
}
cylinder {
	<44.389038, 42.507668, 50.889580>,  <44.383160, 42.905884, 50.926857>, 0.100000
	pigment { color rgbt <1,0,0,0> }
	no_shadow
}

// particle -1
sphere {
	<44.389038, 42.507668, 50.889580> 0.100000
	pigment { color rgbt <1,0,0,0> }
	no_shadow
}
sphere {
	0, 1
	scale<0.080000,0.200000,0.300000>
	matrix <-0.546356, -0.086057, 0.833120,
		-0.837424, 0.038676, -0.545183,
		0.014695, -0.995539, -0.093198,
		44.393448, 42.209007, 50.861622>
	pigment { color rgbt <0,1,1,0> }
	no_shadow
}
cylinder {
	<43.740040, 42.639763, 51.125374>,  <44.383160, 42.905884, 50.926857>, 0.130000
	pigment { color rgbt <1,0,0,0> }
	no_shadow
}

// nucleotide -1

// particle -1
sphere {
	<43.740040, 42.639763, 51.125374> 0.250000
	pigment { color rgbt <1,0,0,0> }
	no_shadow
}
cylinder {
	<44.000153, 42.341820, 51.185116>,  <44.156219, 42.163052, 51.220963>, 0.100000
	pigment { color rgbt <1,0,0,0> }
	no_shadow
}
cylinder {
	<44.000153, 42.341820, 51.185116>,  <43.740040, 42.639763, 51.125374>, 0.100000
	pigment { color rgbt <1,0,0,0> }
	no_shadow
}

// particle -1
sphere {
	<44.000153, 42.341820, 51.185116> 0.100000
	pigment { color rgbt <1,0,0,0> }
	no_shadow
}
sphere {
	0, 1
	scale<0.080000,0.200000,0.300000>
	matrix <-0.449931, -0.219206, 0.865743,
		-0.612120, -0.630181, -0.477683,
		0.650286, -0.744863, 0.149358,
		44.195240, 42.118362, 51.229923>
	pigment { color rgbt <0,1,1,0> }
	no_shadow
}
cylinder {
	<43.322666, 42.114784, 51.571690>,  <43.740040, 42.639763, 51.125374>, 0.130000
	pigment { color rgbt <1,0,0,0> }
	no_shadow
}

// nucleotide -1

// particle -1
sphere {
	<43.322666, 42.114784, 51.571690> 0.250000
	pigment { color rgbt <1,0,0,0> }
	no_shadow
}
cylinder {
	<43.695660, 41.974770, 51.607368>,  <43.919456, 41.890762, 51.628777>, 0.100000
	pigment { color rgbt <1,0,0,0> }
	no_shadow
}
cylinder {
	<43.695660, 41.974770, 51.607368>,  <43.322666, 42.114784, 51.571690>, 0.100000
	pigment { color rgbt <1,0,0,0> }
	no_shadow
}

// particle -1
sphere {
	<43.695660, 41.974770, 51.607368> 0.100000
	pigment { color rgbt <1,0,0,0> }
	no_shadow
}
sphere {
	0, 1
	scale<0.080000,0.200000,0.300000>
	matrix <-0.242792, -0.424507, 0.872265,
		-0.267455, -0.835027, -0.480829,
		0.932480, -0.350033, 0.089201,
		43.975403, 41.869759, 51.634129>
	pigment { color rgbt <0,1,1,0> }
	no_shadow
}
cylinder {
	<43.243923, 41.556225, 51.935429>,  <43.322666, 42.114784, 51.571690>, 0.130000
	pigment { color rgbt <1,0,0,0> }
	no_shadow
}

// nucleotide -1

// particle -1
sphere {
	<43.243923, 41.556225, 51.935429> 0.250000
	pigment { color rgbt <1,0,0,0> }
	no_shadow
}
cylinder {
	<43.639923, 41.596436, 51.975006>,  <43.877525, 41.620564, 51.998753>, 0.100000
	pigment { color rgbt <1,0,0,0> }
	no_shadow
}
cylinder {
	<43.639923, 41.596436, 51.975006>,  <43.243923, 41.556225, 51.935429>, 0.100000
	pigment { color rgbt <1,0,0,0> }
	no_shadow
}

// particle -1
sphere {
	<43.639923, 41.596436, 51.975006> 0.100000
	pigment { color rgbt <1,0,0,0> }
	no_shadow
}
sphere {
	0, 1
	scale<0.080000,0.200000,0.300000>
	matrix <-0.082110, -0.159593, 0.983762,
		0.114684, -0.982051, -0.149743,
		0.990002, 0.100527, 0.098939,
		43.936924, 41.626595, 52.004688>
	pigment { color rgbt <0,1,1,0> }
	no_shadow
}
cylinder {
	<43.466480, 40.937126, 52.330391>,  <43.243923, 41.556225, 51.935429>, 0.130000
	pigment { color rgbt <1,0,0,0> }
	no_shadow
}

// nucleotide -1

// particle -1
sphere {
	<43.466480, 40.937126, 52.330391> 0.250000
	pigment { color rgbt <1,0,0,0> }
	no_shadow
}
cylinder {
	<43.739555, 41.225410, 52.378582>,  <43.903400, 41.398380, 52.407497>, 0.100000
	pigment { color rgbt <1,0,0,0> }
	no_shadow
}
cylinder {
	<43.739555, 41.225410, 52.378582>,  <43.466480, 40.937126, 52.330391>, 0.100000
	pigment { color rgbt <1,0,0,0> }
	no_shadow
}

// particle -1
sphere {
	<43.739555, 41.225410, 52.378582> 0.100000
	pigment { color rgbt <1,0,0,0> }
	no_shadow
}
sphere {
	0, 1
	scale<0.080000,0.200000,0.300000>
	matrix <0.059878, -0.219501, 0.973773,
		0.728255, -0.657566, -0.193005,
		0.682685, 0.720712, 0.120479,
		43.944363, 41.441624, 52.414726>
	pigment { color rgbt <0,1,1,0> }
	no_shadow
}
cylinder {
	<43.987171, 40.761513, 52.933464>,  <43.466480, 40.937126, 52.330391>, 0.130000
	pigment { color rgbt <1,0,0,0> }
	no_shadow
}

// nucleotide -1

// particle -1
sphere {
	<43.987171, 40.761513, 52.933464> 0.250000
	pigment { color rgbt <1,0,0,0> }
	no_shadow
}
cylinder {
	<44.048332, 41.156792, 52.929665>,  <44.085030, 41.393959, 52.927383>, 0.100000
	pigment { color rgbt <1,0,0,0> }
	no_shadow
}
cylinder {
	<44.048332, 41.156792, 52.929665>,  <43.987171, 40.761513, 52.933464>, 0.100000
	pigment { color rgbt <1,0,0,0> }
	no_shadow
}

// particle -1
sphere {
	<44.048332, 41.156792, 52.929665> 0.100000
	pigment { color rgbt <1,0,0,0> }
	no_shadow
}
sphere {
	0, 1
	scale<0.080000,0.200000,0.300000>
	matrix <0.022975, 0.006057, 0.999718,
		0.987974, -0.153079, -0.021778,
		0.152904, 0.988196, -0.009501,
		44.094204, 41.453251, 52.926815>
	pigment { color rgbt <0,1,1,0> }
	no_shadow
}
cylinder {
	<44.634502, 41.032654, 53.324425>,  <43.987171, 40.761513, 52.933464>, 0.130000
	pigment { color rgbt <1,0,0,0> }
	no_shadow
}

// nucleotide -1

// particle -1
sphere {
	<44.634502, 41.032654, 53.324425> 0.250000
	pigment { color rgbt <1,0,0,0> }
	no_shadow
}
cylinder {
	<44.381931, 41.341400, 53.294724>,  <44.230389, 41.526649, 53.276901>, 0.100000
	pigment { color rgbt <1,0,0,0> }
	no_shadow
}
cylinder {
	<44.381931, 41.341400, 53.294724>,  <44.634502, 41.032654, 53.324425>, 0.100000
	pigment { color rgbt <1,0,0,0> }
	no_shadow
}

// particle -1
sphere {
	<44.381931, 41.341400, 53.294724> 0.100000
	pigment { color rgbt <1,0,0,0> }
	no_shadow
}
sphere {
	0, 1
	scale<0.080000,0.200000,0.300000>
	matrix <-0.101969, 0.012274, 0.994712,
		0.768698, 0.635663, 0.070957,
		-0.631431, 0.771869, -0.074252,
		44.192501, 41.572960, 53.272449>
	pigment { color rgbt <0,1,1,0> }
	no_shadow
}
cylinder {
	<44.701401, 41.334503, 54.051617>,  <44.634502, 41.032654, 53.324425>, 0.130000
	pigment { color rgbt <1,0,0,0> }
	no_shadow
}

// nucleotide -1

// particle -1
sphere {
	<44.701401, 41.334503, 54.051617> 0.250000
	pigment { color rgbt <1,0,0,0> }
	no_shadow
}
cylinder {
	<44.404724, 41.542953, 53.882706>,  <44.226719, 41.668026, 53.781361>, 0.100000
	pigment { color rgbt <1,0,0,0> }
	no_shadow
}
cylinder {
	<44.404724, 41.542953, 53.882706>,  <44.701401, 41.334503, 54.051617>, 0.100000
	pigment { color rgbt <1,0,0,0> }
	no_shadow
}

// particle -1
sphere {
	<44.404724, 41.542953, 53.882706> 0.100000
	pigment { color rgbt <1,0,0,0> }
	no_shadow
}
sphere {
	0, 1
	scale<0.080000,0.200000,0.300000>
	matrix <-0.360299, 0.221481, 0.906163,
		0.565755, 0.824239, 0.023492,
		-0.741691, 0.521130, -0.422276,
		44.182217, 41.699291, 53.756023>
	pigment { color rgbt <0,1,1,0> }
	no_shadow
}
cylinder {
	<44.703423, 42.006298, 54.313587>,  <44.701401, 41.334503, 54.051617>, 0.130000
	pigment { color rgbt <1,0,0,0> }
	no_shadow
}

// nucleotide -1

// particle -1
sphere {
	<44.703423, 42.006298, 54.313587> 0.250000
	pigment { color rgbt <1,0,0,0> }
	no_shadow
}
cylinder {
	<44.336708, 41.912842, 54.184017>,  <44.116680, 41.856770, 54.106277>, 0.100000
	pigment { color rgbt <1,0,0,0> }
	no_shadow
}
cylinder {
	<44.336708, 41.912842, 54.184017>,  <44.703423, 42.006298, 54.313587>, 0.100000
	pigment { color rgbt <1,0,0,0> }
	no_shadow
}

// particle -1
sphere {
	<44.336708, 41.912842, 54.184017> 0.100000
	pigment { color rgbt <1,0,0,0> }
	no_shadow
}
sphere {
	0, 1
	scale<0.080000,0.200000,0.300000>
	matrix <-0.361693, 0.141727, 0.921461,
		-0.169380, 0.961939, -0.214438,
		-0.916781, -0.233638, -0.323921,
		44.061672, 41.842751, 54.086842>
	pigment { color rgbt <0,1,1,0> }
	no_shadow
}
cylinder {
	<44.271854, 42.517521, 54.648163>,  <44.703423, 42.006298, 54.313587>, 0.130000
	pigment { color rgbt <1,0,0,0> }
	no_shadow
}

// nucleotide -1

// particle -1
sphere {
	<44.271854, 42.517521, 54.648163> 0.250000
	pigment { color rgbt <1,0,0,0> }
	no_shadow
}
cylinder {
	<44.015053, 42.232224, 54.535652>,  <43.860970, 42.061047, 54.468147>, 0.100000
	pigment { color rgbt <1,0,0,0> }
	no_shadow
}
cylinder {
	<44.015053, 42.232224, 54.535652>,  <44.271854, 42.517521, 54.648163>, 0.100000
	pigment { color rgbt <1,0,0,0> }
	no_shadow
}

// particle -1
sphere {
	<44.015053, 42.232224, 54.535652> 0.100000
	pigment { color rgbt <1,0,0,0> }
	no_shadow
}
sphere {
	0, 1
	scale<0.080000,0.200000,0.300000>
	matrix <-0.463042, 0.068302, 0.883701,
		-0.611079, 0.697584, -0.374111,
		-0.642008, -0.713240, -0.281273,
		43.822449, 42.018253, 54.451271>
	pigment { color rgbt <0,1,1,0> }
	no_shadow
}
cylinder {
	<43.579979, 42.852669, 54.702507>,  <44.271854, 42.517521, 54.648163>, 0.130000
	pigment { color rgbt <1,0,0,0> }
	no_shadow
}

// nucleotide -1

// particle -1
sphere {
	<43.579979, 42.852669, 54.702507> 0.250000
	pigment { color rgbt <1,0,0,0> }
	no_shadow
}
cylinder {
	<43.550358, 42.453835, 54.695255>,  <43.532585, 42.214535, 54.690907>, 0.100000
	pigment { color rgbt <1,0,0,0> }
	no_shadow
}
cylinder {
	<43.550358, 42.453835, 54.695255>,  <43.579979, 42.852669, 54.702507>, 0.100000
	pigment { color rgbt <1,0,0,0> }
	no_shadow
}

// particle -1
sphere {
	<43.550358, 42.453835, 54.695255> 0.100000
	pigment { color rgbt <1,0,0,0> }
	no_shadow
}
sphere {
	0, 1
	scale<0.080000,0.200000,0.300000>
	matrix <-0.593701, 0.029475, 0.804146,
		-0.801271, 0.070311, -0.594156,
		-0.074053, -0.997089, -0.018126,
		43.528141, 42.154709, 54.689819>
	pigment { color rgbt <0,1,1,0> }
	no_shadow
}
cylinder {
	<42.993515, 42.790070, 55.033726>,  <43.579979, 42.852669, 54.702507>, 0.130000
	pigment { color rgbt <1,0,0,0> }
	no_shadow
}

// nucleotide -1

// particle -1
sphere {
	<42.993515, 42.790070, 55.033726> 0.250000
	pigment { color rgbt <1,0,0,0> }
	no_shadow
}
cylinder {
	<43.143406, 42.421646, 55.076107>,  <43.233341, 42.200592, 55.101536>, 0.100000
	pigment { color rgbt <1,0,0,0> }
	no_shadow
}
cylinder {
	<43.143406, 42.421646, 55.076107>,  <42.993515, 42.790070, 55.033726>, 0.100000
	pigment { color rgbt <1,0,0,0> }
	no_shadow
}

// particle -1
sphere {
	<43.143406, 42.421646, 55.076107> 0.100000
	pigment { color rgbt <1,0,0,0> }
	no_shadow
}
sphere {
	0, 1
	scale<0.080000,0.200000,0.300000>
	matrix <-0.604176, -0.155910, 0.781450,
		-0.703246, -0.356840, -0.614907,
		0.374723, -0.921063, 0.105951,
		43.255821, 42.145329, 55.107891>
	pigment { color rgbt <0,1,1,0> }
	no_shadow
}
cylinder {
	<42.368160, 42.399422, 55.132515>,  <42.993515, 42.790070, 55.033726>, 0.130000
	pigment { color rgbt <1,0,0,0> }
	no_shadow
}

// nucleotide -1

// particle -1
sphere {
	<42.368160, 42.399422, 55.132515> 0.250000
	pigment { color rgbt <1,0,0,0> }
	no_shadow
}
cylinder {
	<42.694839, 42.217438, 55.274506>,  <42.890846, 42.108250, 55.359699>, 0.100000
	pigment { color rgbt <1,0,0,0> }
	no_shadow
}
cylinder {
	<42.694839, 42.217438, 55.274506>,  <42.368160, 42.399422, 55.132515>, 0.100000
	pigment { color rgbt <1,0,0,0> }
	no_shadow
}

// particle -1
sphere {
	<42.694839, 42.217438, 55.274506> 0.100000
	pigment { color rgbt <1,0,0,0> }
	no_shadow
}
sphere {
	0, 1
	scale<0.080000,0.200000,0.300000>
	matrix <-0.503823, -0.262247, 0.823036,
		-0.281368, -0.851015, -0.443402,
		0.816697, -0.454972, 0.354973,
		42.939850, 42.080952, 55.381001>
	pigment { color rgbt <0,1,1,0> }
	no_shadow
}
cylinder {
	<42.163334, 41.688519, 55.331230>,  <42.368160, 42.399422, 55.132515>, 0.130000
	pigment { color rgbt <1,0,0,0> }
	no_shadow
}

// nucleotide -1

// particle -1
sphere {
	<42.163334, 41.688519, 55.331230> 0.250000
	pigment { color rgbt <1,0,0,0> }
	no_shadow
}
cylinder {
	<42.491753, 41.755516, 55.549526>,  <42.688805, 41.795715, 55.680504>, 0.100000
	pigment { color rgbt <1,0,0,0> }
	no_shadow
}
cylinder {
	<42.491753, 41.755516, 55.549526>,  <42.163334, 41.688519, 55.331230>, 0.100000
	pigment { color rgbt <1,0,0,0> }
	no_shadow
}

// particle -1
sphere {
	<42.491753, 41.755516, 55.549526> 0.100000
	pigment { color rgbt <1,0,0,0> }
	no_shadow
}
sphere {
	0, 1
	scale<0.080000,0.200000,0.300000>
	matrix <-0.421481, -0.466900, 0.777405,
		0.385019, -0.868302, -0.312749,
		0.821044, 0.167498, 0.545738,
		42.738068, 41.805767, 55.713249>
	pigment { color rgbt <0,1,1,0> }
	no_shadow
}
cylinder {
	<42.298138, 41.065094, 55.735886>,  <42.163334, 41.688519, 55.331230>, 0.130000
	pigment { color rgbt <1,0,0,0> }
	no_shadow
}

// nucleotide -1

// particle -1
sphere {
	<42.298138, 41.065094, 55.735886> 0.250000
	pigment { color rgbt <1,0,0,0> }
	no_shadow
}
cylinder {
	<42.526665, 41.338654, 55.917377>,  <42.663780, 41.502789, 56.026272>, 0.100000
	pigment { color rgbt <1,0,0,0> }
	no_shadow
}
cylinder {
	<42.526665, 41.338654, 55.917377>,  <42.298138, 41.065094, 55.735886>, 0.100000
	pigment { color rgbt <1,0,0,0> }
	no_shadow
}

// particle -1
sphere {
	<42.526665, 41.338654, 55.917377> 0.100000
	pigment { color rgbt <1,0,0,0> }
	no_shadow
}
sphere {
	0, 1
	scale<0.080000,0.200000,0.300000>
	matrix <-0.294237, -0.345416, 0.891130,
		0.766170, -0.642626, 0.003885,
		0.571321, 0.683901, 0.453731,
		42.698063, 41.543823, 56.053497>
	pigment { color rgbt <0,1,1,0> }
	no_shadow
}
cylinder {
	<42.528713, 40.702576, 56.378185>,  <42.298138, 41.065094, 55.735886>, 0.130000
	pigment { color rgbt <1,0,0,0> }
	no_shadow
}

// nucleotide -1

// particle -1
sphere {
	<42.528713, 40.702576, 56.378185> 0.250000
	pigment { color rgbt <1,0,0,0> }
	no_shadow
}
cylinder {
	<42.567734, 41.096466, 56.435875>,  <42.591145, 41.332802, 56.470490>, 0.100000
	pigment { color rgbt <1,0,0,0> }
	no_shadow
}
cylinder {
	<42.567734, 41.096466, 56.435875>,  <42.528713, 40.702576, 56.378185>, 0.100000
	pigment { color rgbt <1,0,0,0> }
	no_shadow
}

// particle -1
sphere {
	<42.567734, 41.096466, 56.435875> 0.100000
	pigment { color rgbt <1,0,0,0> }
	no_shadow
}
sphere {
	0, 1
	scale<0.080000,0.200000,0.300000>
	matrix <-0.377654, -0.097454, 0.920804,
		0.920794, -0.144293, 0.362378,
		0.097551, 0.984724, 0.144228,
		42.597000, 41.391884, 56.479145>
	pigment { color rgbt <0,1,1,0> }
	no_shadow
}
cylinder {
	<42.708309, 40.632942, 56.995907>,  <42.528713, 40.702576, 56.378185>, 0.130000
	pigment { color rgbt <1,0,0,0> }
	no_shadow
}

// nucleotide -1

// particle -1
sphere {
	<42.708309, 40.632942, 56.995907> 0.250000
	pigment { color rgbt <1,0,0,0> }
	no_shadow
}
cylinder {
	<42.597118, 41.011238, 56.928608>,  <42.530403, 41.238216, 56.888229>, 0.100000
	pigment { color rgbt <1,0,0,0> }
	no_shadow
}
cylinder {
	<42.597118, 41.011238, 56.928608>,  <42.708309, 40.632942, 56.995907>, 0.100000
	pigment { color rgbt <1,0,0,0> }
	no_shadow
}

// particle -1
sphere {
	<42.597118, 41.011238, 56.928608> 0.100000
	pigment { color rgbt <1,0,0,0> }
	no_shadow
}
sphere {
	0, 1
	scale<0.080000,0.200000,0.300000>
	matrix <-0.430035, 0.034100, 0.902168,
		0.858951, 0.323140, 0.397221,
		-0.277982, 0.945737, -0.168252,
		42.513725, 41.294960, 56.878132>
	pigment { color rgbt <0,1,1,0> }
	no_shadow
}
cylinder {
	<43.143936, 41.131329, 57.478184>,  <42.708309, 40.632942, 56.995907>, 0.130000
	pigment { color rgbt <1,0,0,0> }
	no_shadow
}

// nucleotide -1

// particle -1
sphere {
	<43.143936, 41.131329, 57.478184> 0.250000
	pigment { color rgbt <1,0,0,0> }
	no_shadow
}
cylinder {
	<42.785934, 41.276695, 57.374725>,  <42.571133, 41.363914, 57.312649>, 0.100000
	pigment { color rgbt <1,0,0,0> }
	no_shadow
}
cylinder {
	<42.785934, 41.276695, 57.374725>,  <43.143936, 41.131329, 57.478184>, 0.100000
	pigment { color rgbt <1,0,0,0> }
	no_shadow
}

// particle -1
sphere {
	<42.785934, 41.276695, 57.374725> 0.100000
	pigment { color rgbt <1,0,0,0> }
	no_shadow
}
sphere {
	0, 1
	scale<0.080000,0.200000,0.300000>
	matrix <-0.306784, -0.080562, 0.948364,
		0.323813, 0.928137, 0.183593,
		-0.895002, 0.363416, -0.258651,
		42.517433, 41.385719, 57.297131>
	pigment { color rgbt <0,1,1,0> }
	no_shadow
}
cylinder {
	<42.976070, 41.451839, 58.058193>,  <43.143936, 41.131329, 57.478184>, 0.130000
	pigment { color rgbt <1,0,0,0> }
	no_shadow
}

// nucleotide -1

// particle -1
sphere {
	<42.976070, 41.451839, 58.058193> 0.250000
	pigment { color rgbt <1,0,0,0> }
	no_shadow
}
cylinder {
	<42.622566, 41.453552, 57.871025>,  <42.410461, 41.454578, 57.758724>, 0.100000
	pigment { color rgbt <1,0,0,0> }
	no_shadow
}
cylinder {
	<42.622566, 41.453552, 57.871025>,  <42.976070, 41.451839, 58.058193>, 0.100000
	pigment { color rgbt <1,0,0,0> }
	no_shadow
}

// particle -1
sphere {
	<42.622566, 41.453552, 57.871025> 0.100000
	pigment { color rgbt <1,0,0,0> }
	no_shadow
}
sphere {
	0, 1
	scale<0.080000,0.200000,0.300000>
	matrix <-0.465788, 0.087651, 0.880544,
		0.044780, 0.996142, -0.075470,
		-0.883762, 0.004278, -0.467917,
		42.357437, 41.454834, 57.730652>
	pigment { color rgbt <0,1,1,0> }
	no_shadow
}
cylinder {
	<42.557064, 41.969528, 58.298393>,  <42.976070, 41.451839, 58.058193>, 0.130000
	pigment { color rgbt <1,0,0,0> }
	no_shadow
}

// nucleotide -1

// particle -1
sphere {
	<42.557064, 41.969528, 58.298393> 0.250000
	pigment { color rgbt <1,0,0,0> }
	no_shadow
}
cylinder {
	<42.292927, 41.700867, 58.164036>,  <42.134445, 41.539669, 58.083420>, 0.100000
	pigment { color rgbt <1,0,0,0> }
	no_shadow
}
cylinder {
	<42.292927, 41.700867, 58.164036>,  <42.557064, 41.969528, 58.298393>, 0.100000
	pigment { color rgbt <1,0,0,0> }
	no_shadow
}

// particle -1
sphere {
	<42.292927, 41.700867, 58.164036> 0.100000
	pigment { color rgbt <1,0,0,0> }
	no_shadow
}
sphere {
	0, 1
	scale<0.080000,0.200000,0.300000>
	matrix <-0.528886, 0.098412, 0.842967,
		-0.533127, 0.734299, -0.420215,
		-0.660344, -0.671655, -0.335895,
		42.094822, 41.499371, 58.063267>
	pigment { color rgbt <0,1,1,0> }
	no_shadow
}
cylinder {
	<42.013340, 42.131939, 58.642475>,  <42.557064, 41.969528, 58.298393>, 0.130000
	pigment { color rgbt <1,0,0,0> }
	no_shadow
}

// nucleotide -1

// particle -1
sphere {
	<42.013340, 42.131939, 58.642475> 0.250000
	pigment { color rgbt <1,0,0,0> }
	no_shadow
}
cylinder {
	<41.902920, 41.777168, 58.494331>,  <41.836670, 41.564308, 58.405445>, 0.100000
	pigment { color rgbt <1,0,0,0> }
	no_shadow
}
cylinder {
	<41.902920, 41.777168, 58.494331>,  <42.013340, 42.131939, 58.642475>, 0.100000
	pigment { color rgbt <1,0,0,0> }
	no_shadow
}

// particle -1
sphere {
	<41.902920, 41.777168, 58.494331> 0.100000
	pigment { color rgbt <1,0,0,0> }
	no_shadow
}
sphere {
	0, 1
	scale<0.080000,0.200000,0.300000>
	matrix <-0.729906, -0.057253, 0.681146,
		-0.625328, 0.458355, -0.631566,
		-0.276047, -0.886923, -0.370358,
		41.820107, 41.511093, 58.383224>
	pigment { color rgbt <0,1,1,0> }
	no_shadow
}
cylinder {
	<41.257359, 42.169918, 58.570892>,  <42.013340, 42.131939, 58.642475>, 0.130000
	pigment { color rgbt <1,0,0,0> }
	no_shadow
}

// nucleotide -1

// particle -1
sphere {
	<41.257359, 42.169918, 58.570892> 0.250000
	pigment { color rgbt <1,0,0,0> }
	no_shadow
}
cylinder {
	<41.338516, 41.778801, 58.591908>,  <41.387211, 41.544132, 58.604519>, 0.100000
	pigment { color rgbt <1,0,0,0> }
	no_shadow
}
cylinder {
	<41.338516, 41.778801, 58.591908>,  <41.257359, 42.169918, 58.570892>, 0.100000
	pigment { color rgbt <1,0,0,0> }
	no_shadow
}

// particle -1
sphere {
	<41.338516, 41.778801, 58.591908> 0.100000
	pigment { color rgbt <1,0,0,0> }
	no_shadow
}
sphere {
	0, 1
	scale<0.080000,0.200000,0.300000>
	matrix <-0.737589, -0.117323, 0.664980,
		-0.644046, -0.173676, -0.745011,
		0.202898, -0.977790, 0.052540,
		41.399387, 41.485466, 58.607670>
	pigment { color rgbt <0,1,1,0> }
	no_shadow
}
cylinder {
	<40.685318, 41.825520, 58.675068>,  <41.257359, 42.169918, 58.570892>, 0.130000
	pigment { color rgbt <1,0,0,0> }
	no_shadow
}

// nucleotide -1

// particle -1
sphere {
	<40.685318, 41.825520, 58.675068> 0.250000
	pigment { color rgbt <1,0,0,0> }
	no_shadow
}
cylinder {
	<40.954315, 41.589439, 58.853691>,  <41.115711, 41.447792, 58.960865>, 0.100000
	pigment { color rgbt <1,0,0,0> }
	no_shadow
}
cylinder {
	<40.954315, 41.589439, 58.853691>,  <40.685318, 41.825520, 58.675068>, 0.100000
	pigment { color rgbt <1,0,0,0> }
	no_shadow
}

// particle -1
sphere {
	<40.954315, 41.589439, 58.853691> 0.100000
	pigment { color rgbt <1,0,0,0> }
	no_shadow
}
sphere {
	0, 1
	scale<0.080000,0.200000,0.300000>
	matrix <-0.550981, 0.003612, 0.834510,
		-0.494143, -0.807247, -0.322761,
		0.672490, -0.590203, 0.446562,
		41.156063, 41.412380, 58.987659>
	pigment { color rgbt <0,1,1,0> }
	no_shadow
}
cylinder {
	<40.289009, 41.315056, 58.943607>,  <40.685318, 41.825520, 58.675068>, 0.130000
	pigment { color rgbt <1,0,0,0> }
	no_shadow
}

// nucleotide -1

// particle -1
sphere {
	<40.289009, 41.315056, 58.943607> 0.250000
	pigment { color rgbt <1,0,0,0> }
	no_shadow
}
cylinder {
	<40.631699, 41.284584, 59.147652>,  <40.837315, 41.266300, 59.270081>, 0.100000
	pigment { color rgbt <1,0,0,0> }
	no_shadow
}
cylinder {
	<40.631699, 41.284584, 59.147652>,  <40.289009, 41.315056, 58.943607>, 0.100000
	pigment { color rgbt <1,0,0,0> }
	no_shadow
}

// particle -1
sphere {
	<40.631699, 41.284584, 59.147652> 0.100000
	pigment { color rgbt <1,0,0,0> }
	no_shadow
}
sphere {
	0, 1
	scale<0.080000,0.200000,0.300000>
	matrix <-0.514289, -0.051291, 0.856081,
		-0.039009, -0.995778, -0.083096,
		0.856729, -0.076130, 0.510117,
		40.888718, 41.261730, 59.300686>
	pigment { color rgbt <0,1,1,0> }
	no_shadow
}
cylinder {
	<40.066757, 40.845058, 59.507065>,  <40.289009, 41.315056, 58.943607>, 0.130000
	pigment { color rgbt <1,0,0,0> }
	no_shadow
}

// nucleotide -1

// particle -1
sphere {
	<40.066757, 40.845058, 59.507065> 0.250000
	pigment { color rgbt <1,0,0,0> }
	no_shadow
}
cylinder {
	<40.410233, 41.005196, 59.635056>,  <40.616318, 41.101280, 59.711849>, 0.100000
	pigment { color rgbt <1,0,0,0> }
	no_shadow
}
cylinder {
	<40.410233, 41.005196, 59.635056>,  <40.066757, 40.845058, 59.507065>, 0.100000
	pigment { color rgbt <1,0,0,0> }
	no_shadow
}

// particle -1
sphere {
	<40.410233, 41.005196, 59.635056> 0.100000
	pigment { color rgbt <1,0,0,0> }
	no_shadow
}
sphere {
	0, 1
	scale<0.080000,0.200000,0.300000>
	matrix <-0.379332, 0.076648, 0.922081,
		0.344626, -0.913153, 0.217681,
		0.858686, 0.400346, 0.319973,
		40.667839, 41.125298, 59.731049>
	pigment { color rgbt <0,1,1,0> }
	no_shadow
}
cylinder {
	<40.276215, 40.502495, 60.048500>,  <40.066757, 40.845058, 59.507065>, 0.130000
	pigment { color rgbt <1,0,0,0> }
	no_shadow
}

// nucleotide -1

// particle -1
sphere {
	<40.276215, 40.502495, 60.048500> 0.250000
	pigment { color rgbt <1,0,0,0> }
	no_shadow
}
cylinder {
	<40.506645, 40.826233, 60.094276>,  <40.644901, 41.020477, 60.121742>, 0.100000
	pigment { color rgbt <1,0,0,0> }
	no_shadow
}
cylinder {
	<40.506645, 40.826233, 60.094276>,  <40.276215, 40.502495, 60.048500>, 0.100000
	pigment { color rgbt <1,0,0,0> }
	no_shadow
}

// particle -1
sphere {
	<40.506645, 40.826233, 60.094276> 0.100000
	pigment { color rgbt <1,0,0,0> }
	no_shadow
}
sphere {
	0, 1
	scale<0.080000,0.200000,0.300000>
	matrix <-0.230132, 0.026254, 0.972805,
		0.784333, -0.586743, 0.201381,
		0.576074, 0.809348, 0.114437,
		40.679466, 41.069038, 60.128609>
	pigment { color rgbt <0,1,1,0> }
	no_shadow
}
cylinder {
	<40.735825, 40.326180, 60.526520>,  <40.276215, 40.502495, 60.048500>, 0.130000
	pigment { color rgbt <1,0,0,0> }
	no_shadow
}

// nucleotide -1

// particle -1
sphere {
	<40.735825, 40.326180, 60.526520> 0.250000
	pigment { color rgbt <1,0,0,0> }
	no_shadow
}
cylinder {
	<40.701221, 40.724403, 60.511692>,  <40.680462, 40.963337, 60.502796>, 0.100000
	pigment { color rgbt <1,0,0,0> }
	no_shadow
}
cylinder {
	<40.701221, 40.724403, 60.511692>,  <40.735825, 40.326180, 60.526520>, 0.100000
	pigment { color rgbt <1,0,0,0> }
	no_shadow
}

// particle -1
sphere {
	<40.701221, 40.724403, 60.511692> 0.100000
	pigment { color rgbt <1,0,0,0> }
	no_shadow
}
sphere {
	0, 1
	scale<0.080000,0.200000,0.300000>
	matrix <-0.187796, 0.020244, 0.981999,
		0.978391, 0.091909, 0.185211,
		-0.086505, 0.995562, -0.037067,
		40.675270, 41.023071, 60.500572>
	pigment { color rgbt <0,1,1,0> }
	no_shadow
}
cylinder {
	<41.198032, 40.685711, 61.063786>,  <40.735825, 40.326180, 60.526520>, 0.130000
	pigment { color rgbt <1,0,0,0> }
	no_shadow
}

// nucleotide -1

// particle -1
sphere {
	<41.198032, 40.685711, 61.063786> 0.250000
	pigment { color rgbt <1,0,0,0> }
	no_shadow
}
cylinder {
	<40.889244, 40.926392, 60.981789>,  <40.703972, 41.070801, 60.932590>, 0.100000
	pigment { color rgbt <1,0,0,0> }
	no_shadow
}
cylinder {
	<40.889244, 40.926392, 60.981789>,  <41.198032, 40.685711, 61.063786>, 0.100000
	pigment { color rgbt <1,0,0,0> }
	no_shadow
}

// particle -1
sphere {
	<40.889244, 40.926392, 60.981789> 0.100000
	pigment { color rgbt <1,0,0,0> }
	no_shadow
}
sphere {
	0, 1
	scale<0.080000,0.200000,0.300000>
	matrix <-0.030245, 0.287347, 0.957349,
