// switches for output
#declare DRAW_BASES = 1; // possible values are 0, 1; only relevant for DNA ribbons
#declare DRAW_BASES_TYPE = 3; // possible values are 1, 2, 3; only relevant for DNA ribbons
#declare DRAW_FOG = 0; // set to 1 to enable fog

#include "colors.inc"

#include "transforms.inc"
background { rgb <1, 1, 1>}

#default {
   normal{
       ripples 0.25
       frequency 0.20
       turbulence 0.2
       lambda 5
   }
	finish {
		phong 0.1
		phong_size 40.
	}
}

// original window dimensions: 1024x640


// camera settings

camera {
	sky <-0, 1, 0>
	up <-0, 1, 0>
	right 1.6 * <0.724836, 0, 0.688921>
	location <12.1561, 44.2, 77.9145>
	look_at <46.7464, 44.2, 41.5209>
	direction <34.5903, 0, -36.3936>
	angle 67.0682
}


# declare cpy_camera_pos = <12.1561, 44.2, 77.9145>;
# if (DRAW_FOG = 1)
fog {
	fog_type 2
	up vnormalize(cpy_camera_pos)
	color rgbt<1,1,1,0.3>
	distance 1e-5
	fog_alt 3e-3
	fog_offset 70.72
}
# end


// LIGHTS

# declare lum = 6;
global_settings {
	ambient_light rgb lum * <0.05, 0.05, 0.05>
	max_trace_level 15
}# declare cpy_direct_light_amount = 0.25;
light_source
{	1000 * <-0.0359156, -1, 1.41376>,
	rgb lum * cpy_direct_light_amount
	parallel
}

light_source
{	1000 * <0.0359156, 1, -1.41376>,
	rgb lum * cpy_direct_light_amount
	parallel
}

// strand 0

// nucleotide -1

// particle -1
sphere {
	<49.634720, 39.618969, 44.698994> 0.250000
	pigment { color rgbt <1,0,0,0> }
	no_shadow
}
cylinder {
	<49.699509, 39.883400, 44.992046>,  <49.738384, 40.042057, 45.167877>, 0.100000
	pigment { color rgbt <1,0,0,0> }
	no_shadow
}
cylinder {
	<49.699509, 39.883400, 44.992046>,  <49.634720, 39.618969, 44.698994>, 0.100000
	pigment { color rgbt <1,0,0,0> }
	no_shadow
}

// particle -1
sphere {
	<49.699509, 39.883400, 44.992046> 0.100000
	pigment { color rgbt <1,0,0,0> }
	no_shadow
}
sphere {
	0, 1
	scale<0.080000,0.200000,0.300000>
	matrix <-0.968403, -0.036185, 0.246752,
		0.189632, -0.749447, 0.634325,
		0.161975, 0.661074, 0.732628,
		49.748100, 40.081722, 45.211834>
	pigment { color rgbt <0,1,1,0> }
	no_shadow
}
cylinder {
	<49.398033, 39.348492, 45.217068>,  <49.634720, 39.618969, 44.698994>, 0.130000
	pigment { color rgbt <1,0,0,0> }
	no_shadow
}

// nucleotide -1

// particle -1
sphere {
	<49.398033, 39.348492, 45.217068> 0.250000
	pigment { color rgbt <1,0,0,0> }
	no_shadow
}
cylinder {
	<49.411819, 39.737679, 45.308418>,  <49.420090, 39.971191, 45.363228>, 0.100000
	pigment { color rgbt <1,0,0,0> }
	no_shadow
}
cylinder {
	<49.411819, 39.737679, 45.308418>,  <49.398033, 39.348492, 45.217068>, 0.100000
	pigment { color rgbt <1,0,0,0> }
	no_shadow
}

// particle -1
sphere {
	<49.411819, 39.737679, 45.308418> 0.100000
	pigment { color rgbt <1,0,0,0> }
	no_shadow
}
sphere {
	0, 1
	scale<0.080000,0.200000,0.300000>
	matrix <-0.953349, -0.036566, 0.299647,
		0.299896, -0.228048, 0.926313,
		0.034462, 0.972963, 0.228376,
		49.422157, 40.029568, 45.376930>
	pigment { color rgbt <0,1,1,0> }
	no_shadow
}
cylinder {
	<49.208042, 39.341133, 45.824089>,  <49.398033, 39.348492, 45.217068>, 0.130000
	pigment { color rgbt <1,0,0,0> }
	no_shadow
}

// nucleotide -1

// particle -1
sphere {
	<49.208042, 39.341133, 45.824089> 0.250000
	pigment { color rgbt <1,0,0,0> }
	no_shadow
}
cylinder {
	<49.123367, 39.712715, 45.702614>,  <49.072563, 39.935665, 45.629730>, 0.100000
	pigment { color rgbt <1,0,0,0> }
	no_shadow
}
cylinder {
	<49.123367, 39.712715, 45.702614>,  <49.208042, 39.341133, 45.824089>, 0.100000
	pigment { color rgbt <1,0,0,0> }
	no_shadow
}

// particle -1
sphere {
	<49.123367, 39.712715, 45.702614> 0.100000
	pigment { color rgbt <1,0,0,0> }
	no_shadow
}
sphere {
	0, 1
	scale<0.080000,0.200000,0.300000>
	matrix <-0.926823, -0.092200, 0.364004,
		0.310144, 0.358518, 0.880497,
		-0.211684, 0.928958, -0.303687,
		49.059860, 39.991402, 45.611507>
	pigment { color rgbt <0,1,1,0> }
	no_shadow
}
cylinder {
	<48.920368, 39.625732, 46.322929>,  <49.208042, 39.341133, 45.824089>, 0.130000
	pigment { color rgbt <1,0,0,0> }
	no_shadow
}

// nucleotide -1

// particle -1
sphere {
	<48.920368, 39.625732, 46.322929> 0.250000
	pigment { color rgbt <1,0,0,0> }
	no_shadow
}
cylinder {
	<48.799507, 39.873573, 46.033157>,  <48.726990, 40.022278, 45.859295>, 0.100000
	pigment { color rgbt <1,0,0,0> }
	no_shadow
}
cylinder {
	<48.799507, 39.873573, 46.033157>,  <48.920368, 39.625732, 46.322929>, 0.100000
	pigment { color rgbt <1,0,0,0> }
	no_shadow
}

// particle -1
sphere {
	<48.799507, 39.873573, 46.033157> 0.100000
	pigment { color rgbt <1,0,0,0> }
	no_shadow
}
sphere {
	0, 1
	scale<0.080000,0.200000,0.300000>
	matrix <-0.918558, 0.013935, 0.395041,
		0.254864, 0.784790, 0.564932,
		-0.302151, 0.619605, -0.724427,
		48.708862, 40.059456, 45.815830>
	pigment { color rgbt <0,1,1,0> }
	no_shadow
}
cylinder {
	<48.615639, 40.151680, 46.669022>,  <48.920368, 39.625732, 46.322929>, 0.130000
	pigment { color rgbt <1,0,0,0> }
	no_shadow
}

// nucleotide -1

// particle -1
sphere {
	<48.615639, 40.151680, 46.669022> 0.250000
	pigment { color rgbt <1,0,0,0> }
	no_shadow
}
cylinder {
	<48.453148, 40.167229, 46.303844>,  <48.355656, 40.176559, 46.084736>, 0.100000
	pigment { color rgbt <1,0,0,0> }
	no_shadow
}
cylinder {
	<48.453148, 40.167229, 46.303844>,  <48.615639, 40.151680, 46.669022>, 0.100000
	pigment { color rgbt <1,0,0,0> }
	no_shadow
}

// particle -1
sphere {
	<48.453148, 40.167229, 46.303844> 0.100000
	pigment { color rgbt <1,0,0,0> }
	no_shadow
}
sphere {
	0, 1
	scale<0.080000,0.200000,0.300000>
	matrix <-0.887770, 0.219861, 0.404383,
		0.216442, 0.974756, -0.054801,
		-0.406223, 0.038875, -0.912947,
		48.331280, 40.178890, 46.029961>
	pigment { color rgbt <0,1,1,0> }
	no_shadow
}
cylinder {
	<48.315941, 40.854134, 46.554020>,  <48.615639, 40.151680, 46.669022>, 0.130000
	pigment { color rgbt <1,0,0,0> }
	no_shadow
}

// nucleotide -1

// particle -1
sphere {
	<48.315941, 40.854134, 46.554020> 0.250000
	pigment { color rgbt <1,0,0,0> }
	no_shadow
}
cylinder {
	<48.111275, 40.638557, 46.286366>,  <47.988476, 40.509212, 46.125774>, 0.100000
	pigment { color rgbt <1,0,0,0> }
	no_shadow
}
cylinder {
	<48.111275, 40.638557, 46.286366>,  <48.315941, 40.854134, 46.554020>, 0.100000
	pigment { color rgbt <1,0,0,0> }
	no_shadow
}

// particle -1
sphere {
	<48.111275, 40.638557, 46.286366> 0.100000
	pigment { color rgbt <1,0,0,0> }
	no_shadow
}
sphere {
	0, 1
	scale<0.080000,0.200000,0.300000>
	matrix <-0.848578, 0.438984, 0.295310,
		0.134583, 0.718911, -0.681949,
		-0.511666, -0.538943, -0.669132,
		47.957775, 40.476875, 46.085625>
	pigment { color rgbt <0,1,1,0> }
	no_shadow
}
cylinder {
	<47.806351, 41.391365, 46.291981>,  <48.315941, 40.854134, 46.554020>, 0.130000
	pigment { color rgbt <1,0,0,0> }
	no_shadow
}

// nucleotide -1

// particle -1
sphere {
	<47.806351, 41.391365, 46.291981> 0.250000
	pigment { color rgbt <1,0,0,0> }
	no_shadow
}
cylinder {
	<47.674828, 41.030525, 46.180187>,  <47.595913, 40.814022, 46.113113>, 0.100000
	pigment { color rgbt <1,0,0,0> }
	no_shadow
}
cylinder {
	<47.674828, 41.030525, 46.180187>,  <47.806351, 41.391365, 46.291981>, 0.100000
	pigment { color rgbt <1,0,0,0> }
	no_shadow
}

// particle -1
sphere {
	<47.674828, 41.030525, 46.180187> 0.100000
	pigment { color rgbt <1,0,0,0> }
	no_shadow
}
sphere {
	0, 1
	scale<0.080000,0.200000,0.300000>
	matrix <-0.919753, 0.238713, 0.311562,
		-0.214343, 0.359496, -0.908196,
		-0.328804, -0.902097, -0.279481,
		47.576187, 40.759895, 46.096344>
	pigment { color rgbt <0,1,1,0> }
	no_shadow
}
cylinder {
	<47.222301, 41.415432, 45.918644>,  <47.806351, 41.391365, 46.291981>, 0.130000
	pigment { color rgbt <1,0,0,0> }
	no_shadow
}

// nucleotide -1

// particle -1
sphere {
	<47.222301, 41.415432, 45.918644> 0.250000
	pigment { color rgbt <1,0,0,0> }
	no_shadow
}
cylinder {
	<47.163078, 41.047531, 46.064041>,  <47.127544, 40.826790, 46.151279>, 0.100000
	pigment { color rgbt <1,0,0,0> }
	no_shadow
}
cylinder {
	<47.163078, 41.047531, 46.064041>,  <47.222301, 41.415432, 45.918644>, 0.100000
	pigment { color rgbt <1,0,0,0> }
	no_shadow
}

// particle -1
sphere {
	<47.163078, 41.047531, 46.064041> 0.100000
	pigment { color rgbt <1,0,0,0> }
	no_shadow
}
sphere {
	0, 1
	scale<0.080000,0.200000,0.300000>
	matrix <-0.949649, 0.234838, 0.207406,
		-0.276125, -0.314487, -0.908214,
		-0.148057, -0.919755, 0.363497,
		47.118660, 40.771606, 46.173092>
	pigment { color rgbt <0,1,1,0> }
	no_shadow
}
cylinder {
	<46.557590, 41.220985, 45.712505>,  <47.222301, 41.415432, 45.918644>, 0.130000
	pigment { color rgbt <1,0,0,0> }
	no_shadow
}

// nucleotide -1

// particle -1
sphere {
	<46.557590, 41.220985, 45.712505> 0.250000
	pigment { color rgbt <1,0,0,0> }
	no_shadow
}
cylinder {
	<46.658134, 40.986877, 46.020863>,  <46.718460, 40.846413, 46.205879>, 0.100000
	pigment { color rgbt <1,0,0,0> }
	no_shadow
}
cylinder {
	<46.658134, 40.986877, 46.020863>,  <46.557590, 41.220985, 45.712505>, 0.100000
	pigment { color rgbt <1,0,0,0> }
	no_shadow
}

// particle -1
sphere {
	<46.658134, 40.986877, 46.020863> 0.100000
	pigment { color rgbt <1,0,0,0> }
	no_shadow
}
sphere {
	0, 1
	scale<0.080000,0.200000,0.300000>
	matrix <-0.887121, 0.179222, 0.425319,
		-0.387087, -0.790785, -0.474154,
		0.251357, -0.585268, 0.770897,
		46.733543, 40.811298, 46.252132>
	pigment { color rgbt <0,1,1,0> }
	no_shadow
}
cylinder {
	<45.955223, 40.902069, 45.905769>,  <46.557590, 41.220985, 45.712505>, 0.130000
	pigment { color rgbt <1,0,0,0> }
	no_shadow
}

// nucleotide -1

// particle -1
sphere {
	<45.955223, 40.902069, 45.905769> 0.250000
	pigment { color rgbt <1,0,0,0> }
	no_shadow
}
cylinder {
	<46.197426, 40.835762, 46.217121>,  <46.342747, 40.795979, 46.403934>, 0.100000
	pigment { color rgbt <1,0,0,0> }
	no_shadow
}
cylinder {
	<46.197426, 40.835762, 46.217121>,  <45.955223, 40.902069, 45.905769>, 0.100000
	pigment { color rgbt <1,0,0,0> }
	no_shadow
}

// particle -1
sphere {
	<46.197426, 40.835762, 46.217121> 0.100000
	pigment { color rgbt <1,0,0,0> }
	no_shadow
}
sphere {
	0, 1
	scale<0.080000,0.200000,0.300000>
	matrix <-0.780444, 0.067764, 0.621543,
		-0.155781, -0.983833, -0.088344,
		0.605508, -0.165772, 0.778383,
		46.379078, 40.786030, 46.450638>
	pigment { color rgbt <0,1,1,0> }
	no_shadow
}
cylinder {
	<45.643219, 40.344341, 46.261524>,  <45.955223, 40.902069, 45.905769>, 0.130000
	pigment { color rgbt <1,0,0,0> }
	no_shadow
}

// nucleotide -1

// particle -1
sphere {
	<45.643219, 40.344341, 46.261524> 0.250000
	pigment { color rgbt <1,0,0,0> }
	no_shadow
}
cylinder {
	<45.891441, 40.469971, 46.548931>,  <46.040375, 40.545349, 46.721375>, 0.100000
	pigment { color rgbt <1,0,0,0> }
	no_shadow
}
cylinder {
	<45.891441, 40.469971, 46.548931>,  <45.643219, 40.344341, 46.261524>, 0.100000
	pigment { color rgbt <1,0,0,0> }
	no_shadow
}

// particle -1
sphere {
	<45.891441, 40.469971, 46.548931> 0.100000
	pigment { color rgbt <1,0,0,0> }
	no_shadow
}
sphere {
	0, 1
	scale<0.080000,0.200000,0.300000>
	matrix <-0.701410, -0.187372, 0.687688,
		0.350616, -0.930725, 0.104021,
		0.620558, 0.314076, 0.718516,
		46.077610, 40.564194, 46.764484>
	pigment { color rgbt <0,1,1,0> }
	no_shadow
}
cylinder {
	<45.654163, 39.800720, 46.799568>,  <45.643219, 40.344341, 46.261524>, 0.130000
	pigment { color rgbt <1,0,0,0> }
	no_shadow
}

// nucleotide -1

// particle -1
sphere {
	<45.654163, 39.800720, 46.799568> 0.250000
	pigment { color rgbt <1,0,0,0> }
	no_shadow
}
cylinder {
	<45.781990, 40.129234, 46.988613>,  <45.858685, 40.326344, 47.102039>, 0.100000
	pigment { color rgbt <1,0,0,0> }
	no_shadow
}
cylinder {
	<45.781990, 40.129234, 46.988613>,  <45.654163, 39.800720, 46.799568>, 0.100000
	pigment { color rgbt <1,0,0,0> }
	no_shadow
}

// particle -1
sphere {
	<45.781990, 40.129234, 46.988613> 0.100000
	pigment { color rgbt <1,0,0,0> }
	no_shadow
}
sphere {
	0, 1
	scale<0.080000,0.200000,0.300000>
	matrix <-0.631020, -0.187634, 0.752733,
		0.706889, -0.538775, 0.458289,
		0.319563, 0.821288, 0.472615,
		45.877861, 40.375622, 47.130398>
	pigment { color rgbt <0,1,1,0> }
	no_shadow
}
cylinder {
	<45.899296, 39.575684, 47.535713>,  <45.654163, 39.800720, 46.799568>, 0.130000
	pigment { color rgbt <1,0,0,0> }
	no_shadow
}

// nucleotide -1

// particle -1
sphere {
	<45.899296, 39.575684, 47.535713> 0.250000
	pigment { color rgbt <1,0,0,0> }
	no_shadow
}
cylinder {
	<45.822792, 39.967888, 47.553696>,  <45.776890, 40.203209, 47.564484>, 0.100000
	pigment { color rgbt <1,0,0,0> }
	no_shadow
}
cylinder {
	<45.822792, 39.967888, 47.553696>,  <45.899296, 39.575684, 47.535713>, 0.100000
	pigment { color rgbt <1,0,0,0> }
	no_shadow
}

// particle -1
sphere {
	<45.822792, 39.967888, 47.553696> 0.100000
	pigment { color rgbt <1,0,0,0> }
	no_shadow
}
sphere {
	0, 1
	scale<0.080000,0.200000,0.300000>
	matrix <-0.600801, -0.153164, 0.784588,
		0.776182, 0.123047, 0.618385,
		-0.191256, 0.980510, 0.044956,
		45.765415, 40.262039, 47.567184>
	pigment { color rgbt <0,1,1,0> }
	no_shadow
}
cylinder {
	<45.977261, 39.702614, 48.205391>,  <45.899296, 39.575684, 47.535713>, 0.130000
	pigment { color rgbt <1,0,0,0> }
	no_shadow
}

// nucleotide -1

// particle -1
sphere {
	<45.977261, 39.702614, 48.205391> 0.250000
	pigment { color rgbt <1,0,0,0> }
	no_shadow
}
cylinder {
	<45.737976, 39.987885, 48.059231>,  <45.594406, 40.159046, 47.971535>, 0.100000
	pigment { color rgbt <1,0,0,0> }
	no_shadow
}
cylinder {
	<45.737976, 39.987885, 48.059231>,  <45.977261, 39.702614, 48.205391>, 0.100000
	pigment { color rgbt <1,0,0,0> }
	no_shadow
}

// particle -1
sphere {
	<45.737976, 39.987885, 48.059231> 0.100000
	pigment { color rgbt <1,0,0,0> }
	no_shadow
}
sphere {
	0, 1
	scale<0.080000,0.200000,0.300000>
	matrix <-0.518183, 0.003553, 0.855262,
		0.611253, 0.700973, 0.367432,
		-0.598210, 0.713179, -0.365404,
		45.558514, 40.201839, 47.949608>
	pigment { color rgbt <0,1,1,0> }
	no_shadow
}
cylinder {
	<45.922508, 40.191593, 48.723934>,  <45.977261, 39.702614, 48.205391>, 0.130000
	pigment { color rgbt <1,0,0,0> }
	no_shadow
}

// nucleotide -1

// particle -1
sphere {
	<45.922508, 40.191593, 48.723934> 0.250000
	pigment { color rgbt <1,0,0,0> }
	no_shadow
}
cylinder {
	<45.601036, 40.270271, 48.499290>,  <45.408154, 40.317478, 48.364502>, 0.100000
	pigment { color rgbt <1,0,0,0> }
	no_shadow
}
cylinder {
	<45.601036, 40.270271, 48.499290>,  <45.922508, 40.191593, 48.723934>, 0.100000
	pigment { color rgbt <1,0,0,0> }
	no_shadow
}

// particle -1
sphere {
	<45.601036, 40.270271, 48.499290> 0.100000
	pigment { color rgbt <1,0,0,0> }
	no_shadow
}
sphere {
	0, 1
	scale<0.080000,0.200000,0.300000>
	matrix <-0.535309, 0.173222, 0.826704,
		0.259889, 0.965042, -0.033924,
		-0.803681, 0.196691, -0.561614,
		45.359932, 40.329277, 48.330807>
	pigment { color rgbt <0,1,1,0> }
	no_shadow
}
cylinder {
	<45.696278, 40.719318, 49.138672>,  <45.922508, 40.191593, 48.723934>, 0.130000
	pigment { color rgbt <1,0,0,0> }
	no_shadow
}

// nucleotide -1

// particle -1
sphere {
	<45.696278, 40.719318, 49.138672> 0.250000
	pigment { color rgbt <1,0,0,0> }
	no_shadow
}
cylinder {
	<45.400024, 40.574173, 48.912472>,  <45.222275, 40.487083, 48.776752>, 0.100000
	pigment { color rgbt <1,0,0,0> }
	no_shadow
}
cylinder {
	<45.400024, 40.574173, 48.912472>,  <45.696278, 40.719318, 49.138672>, 0.100000
	pigment { color rgbt <1,0,0,0> }
	no_shadow
}

// particle -1
sphere {
	<45.400024, 40.574173, 48.912472> 0.100000
	pigment { color rgbt <1,0,0,0> }
	no_shadow
}
sphere {
	0, 1
	scale<0.080000,0.200000,0.300000>
	matrix <-0.588254, -0.056527, 0.806698,
		-0.324690, 0.930125, -0.171591,
		-0.740631, -0.362866, -0.565503,
		45.177834, 40.465313, 48.742821>
	pigment { color rgbt <0,1,1,0> }
	no_shadow
}
cylinder {
	<45.093388, 41.067291, 49.353916>,  <45.696278, 40.719318, 49.138672>, 0.130000
	pigment { color rgbt <1,0,0,0> }
	no_shadow
}

// nucleotide -1

// particle -1
sphere {
	<45.093388, 41.067291, 49.353916> 0.250000
	pigment { color rgbt <1,0,0,0> }
	no_shadow
}
cylinder {
	<44.950279, 40.738686, 49.176327>,  <44.864414, 40.541523, 49.069775>, 0.100000
	pigment { color rgbt <1,0,0,0> }
	no_shadow
}
cylinder {
	<44.950279, 40.738686, 49.176327>,  <45.093388, 41.067291, 49.353916>, 0.100000
	pigment { color rgbt <1,0,0,0> }
	no_shadow
}

// particle -1
sphere {
	<44.950279, 40.738686, 49.176327> 0.100000
	pigment { color rgbt <1,0,0,0> }
	no_shadow
}
sphere {
	0, 1
	scale<0.080000,0.200000,0.300000>
	matrix <-0.612534, -0.152406, 0.775612,
		-0.704844, 0.549436, -0.448682,
		-0.357767, -0.821518, -0.443971,
		44.842949, 40.492229, 49.043137>
	pigment { color rgbt <0,1,1,0> }
	no_shadow
}
cylinder {
	<44.399899, 41.091000, 49.521763>,  <45.093388, 41.067291, 49.353916>, 0.130000
	pigment { color rgbt <1,0,0,0> }
	no_shadow
}

// nucleotide -1

// particle -1
sphere {
	<44.399899, 41.091000, 49.521763> 0.250000
	pigment { color rgbt <1,0,0,0> }
	no_shadow
}
cylinder {
	<44.459980, 40.706779, 49.428143>,  <44.496029, 40.476246, 49.371971>, 0.100000
	pigment { color rgbt <1,0,0,0> }
	no_shadow
}
cylinder {
	<44.459980, 40.706779, 49.428143>,  <44.399899, 41.091000, 49.521763>, 0.100000
	pigment { color rgbt <1,0,0,0> }
	no_shadow
}

// particle -1
sphere {
	<44.459980, 40.706779, 49.428143> 0.100000
	pigment { color rgbt <1,0,0,0> }
	no_shadow
}
sphere {
	0, 1
	scale<0.080000,0.200000,0.300000>
	matrix <-0.548781, -0.277920, 0.788416,
		-0.822361, 0.010015, -0.568878,
		0.150206, -0.960552, -0.234047,
		44.505043, 40.418613, 49.357929>
	pigment { color rgbt <0,1,1,0> }
	no_shadow
}
cylinder {
	<43.797615, 40.827408, 49.585365>,  <44.399899, 41.091000, 49.521763>, 0.130000
	pigment { color rgbt <1,0,0,0> }
	no_shadow
}

// nucleotide -1

// particle -1
sphere {
	<43.797615, 40.827408, 49.585365> 0.250000
	pigment { color rgbt <1,0,0,0> }
	no_shadow
}
cylinder {
	<44.022881, 40.497696, 49.608727>,  <44.158039, 40.299870, 49.622742>, 0.100000
	pigment { color rgbt <1,0,0,0> }
	no_shadow
}
cylinder {
	<44.022881, 40.497696, 49.608727>,  <43.797615, 40.827408, 49.585365>, 0.100000
	pigment { color rgbt <1,0,0,0> }
	no_shadow
}

// particle -1
sphere {
	<44.022881, 40.497696, 49.608727> 0.100000
	pigment { color rgbt <1,0,0,0> }
	no_shadow
}
sphere {
	0, 1
	scale<0.080000,0.200000,0.300000>
	matrix <-0.533688, -0.308843, 0.787270,
		-0.630896, -0.474525, -0.613837,
		0.563159, -0.824282, 0.058400,
		44.191830, 40.250412, 49.626247>
	pigment { color rgbt <0,1,1,0> }
	no_shadow
}
cylinder {
	<43.349712, 40.285725, 49.669430>,  <43.797615, 40.827408, 49.585365>, 0.130000
	pigment { color rgbt <1,0,0,0> }
	no_shadow
}

// nucleotide -1

// particle -1
sphere {
	<43.349712, 40.285725, 49.669430> 0.250000
	pigment { color rgbt <1,0,0,0> }
	no_shadow
}
cylinder {
	<43.699181, 40.150612, 49.809486>,  <43.908863, 40.069546, 49.893520>, 0.100000
	pigment { color rgbt <1,0,0,0> }
	no_shadow
}
cylinder {
	<43.699181, 40.150612, 49.809486>,  <43.349712, 40.285725, 49.669430>, 0.100000
	pigment { color rgbt <1,0,0,0> }
	no_shadow
}

// particle -1
sphere {
	<43.699181, 40.150612, 49.809486> 0.100000
	pigment { color rgbt <1,0,0,0> }
	no_shadow
}
sphere {
	0, 1
	scale<0.080000,0.200000,0.300000>
	matrix <-0.436482, -0.226325, 0.870781,
		-0.214855, -0.913622, -0.345156,
		0.873682, -0.337747, 0.350153,
		43.961285, 40.049278, 49.914528>
	pigment { color rgbt <0,1,1,0> }
	no_shadow
}
cylinder {
	<43.144722, 39.824554, 50.115162>,  <43.349712, 40.285725, 49.669430>, 0.130000
	pigment { color rgbt <1,0,0,0> }
	no_shadow
}

// nucleotide -1

// particle -1
sphere {
	<43.144722, 39.824554, 50.115162> 0.250000
	pigment { color rgbt <1,0,0,0> }
	no_shadow
}
cylinder {
	<43.523346, 39.866997, 50.236996>,  <43.750519, 39.892460, 50.310097>, 0.100000
	pigment { color rgbt <1,0,0,0> }
	no_shadow
}
cylinder {
	<43.523346, 39.866997, 50.236996>,  <43.144722, 39.824554, 50.115162>, 0.100000
	pigment { color rgbt <1,0,0,0> }
	no_shadow
}

// particle -1
sphere {
	<43.523346, 39.866997, 50.236996> 0.100000
	pigment { color rgbt <1,0,0,0> }
	no_shadow
}
sphere {
	0, 1
	scale<0.080000,0.200000,0.300000>
	matrix <-0.294361, -0.101804, 0.950257,
		0.131832, -0.989130, -0.065131,
		0.946558, 0.106102, 0.304582,
		43.807312, 39.898827, 50.328369>
	pigment { color rgbt <0,1,1,0> }
	no_shadow
}
cylinder {
	<43.271351, 39.225529, 50.389801>,  <43.144722, 39.824554, 50.115162>, 0.130000
	pigment { color rgbt <1,0,0,0> }
	no_shadow
}

// nucleotide -1

// particle -1
sphere {
	<43.271351, 39.225529, 50.389801> 0.250000
	pigment { color rgbt <1,0,0,0> }
	no_shadow
}
cylinder {
	<43.527771, 39.489304, 50.546871>,  <43.681622, 39.647568, 50.641113>, 0.100000
	pigment { color rgbt <1,0,0,0> }
	no_shadow
}
cylinder {
	<43.527771, 39.489304, 50.546871>,  <43.271351, 39.225529, 50.389801>, 0.100000
	pigment { color rgbt <1,0,0,0> }
	no_shadow
}

// particle -1
sphere {
	<43.527771, 39.489304, 50.546871> 0.100000
	pigment { color rgbt <1,0,0,0> }
	no_shadow
}
sphere {
	0, 1
	scale<0.080000,0.200000,0.300000>
	matrix <-0.255833, -0.298765, 0.919396,
		0.723604, -0.689838, -0.022817,
		0.641052, 0.659441, 0.392671,
		43.720085, 39.687138, 50.664673>
	pigment { color rgbt <0,1,1,0> }
	no_shadow
}
cylinder {
	<43.626194, 38.803219, 50.696930>,  <43.271351, 39.225529, 50.389801>, 0.130000
	pigment { color rgbt <1,0,0,0> }
	no_shadow
}

// nucleotide -1

// particle -1
sphere {
	<43.626194, 38.803219, 50.696930> 0.250000
	pigment { color rgbt <1,0,0,0> }
	no_shadow
}
cylinder {
	<43.690697, 39.157547, 50.870972>,  <43.729401, 39.370144, 50.975399>, 0.100000
	pigment { color rgbt <1,0,0,0> }
	no_shadow
}
cylinder {
	<43.690697, 39.157547, 50.870972>,  <43.626194, 38.803219, 50.696930>, 0.100000
	pigment { color rgbt <1,0,0,0> }
	no_shadow
}

// particle -1
sphere {
	<43.690697, 39.157547, 50.870972> 0.100000
	pigment { color rgbt <1,0,0,0> }
	no_shadow
}
sphere {
	0, 1
	scale<0.080000,0.200000,0.300000>
	matrix <-0.180475, -0.406976, 0.895432,
		0.970270, -0.222924, 0.094239,
		0.161260, 0.885819, 0.435109,
		43.739075, 39.423294, 51.001503>
	pigment { color rgbt <0,1,1,0> }
	no_shadow
}
cylinder {
	<43.964039, 38.594681, 51.283340>,  <43.626194, 38.803219, 50.696930>, 0.130000
	pigment { color rgbt <1,0,0,0> }
	no_shadow
}

// nucleotide -1

// particle -1
sphere {
	<43.964039, 38.594681, 51.283340> 0.250000
	pigment { color rgbt <1,0,0,0> }
	no_shadow
}
cylinder {
	<43.797363, 38.954773, 51.333878>,  <43.697357, 39.170826, 51.364201>, 0.100000
	pigment { color rgbt <1,0,0,0> }
	no_shadow
}
cylinder {
	<43.797363, 38.954773, 51.333878>,  <43.964039, 38.594681, 51.283340>, 0.100000
	pigment { color rgbt <1,0,0,0> }
	no_shadow
}

// particle -1
sphere {
	<43.797363, 38.954773, 51.333878> 0.100000
	pigment { color rgbt <1,0,0,0> }
	no_shadow
}
sphere {
	0, 1
	scale<0.080000,0.200000,0.300000>
	matrix <-0.338510, -0.282648, 0.897508,
		0.843672, 0.331212, 0.422512,
		-0.416688, 0.900227, 0.126344,
		43.672356, 39.224842, 51.371780>
	pigment { color rgbt <0,1,1,0> }
	no_shadow
}
cylinder {
	<44.147087, 38.876835, 51.933975>,  <43.964039, 38.594681, 51.283340>, 0.130000
	pigment { color rgbt <1,0,0,0> }
	no_shadow
}

// nucleotide -1

// particle -1
sphere {
	<44.147087, 38.876835, 51.933975> 0.250000
	pigment { color rgbt <1,0,0,0> }
	no_shadow
}
cylinder {
	<43.801857, 39.056458, 51.841507>,  <43.594719, 39.164230, 51.786026>, 0.100000
	pigment { color rgbt <1,0,0,0> }
	no_shadow
}
cylinder {
	<43.801857, 39.056458, 51.841507>,  <44.147087, 38.876835, 51.933975>, 0.100000
	pigment { color rgbt <1,0,0,0> }
	no_shadow
}

// particle -1
sphere {
	<43.801857, 39.056458, 51.841507> 0.100000
	pigment { color rgbt <1,0,0,0> }
	no_shadow
}
sphere {
	0, 1
	scale<0.080000,0.200000,0.300000>
	matrix <-0.398086, -0.323131, 0.858554,
		0.310838, 0.833028, 0.457650,
		-0.863080, 0.449056, -0.231175,
		43.542934, 39.191174, 51.772156>
	pigment { color rgbt <0,1,1,0> }
	no_shadow
}
cylinder {
	<43.824993, 38.956699, 52.553890>,  <44.147087, 38.876835, 51.933975>, 0.130000
	pigment { color rgbt <1,0,0,0> }
	no_shadow
}

// nucleotide -1

// particle -1
sphere {
	<43.824993, 38.956699, 52.553890> 0.250000
	pigment { color rgbt <1,0,0,0> }
	no_shadow
}
cylinder {
	<43.504341, 39.086708, 52.353191>,  <43.311951, 39.164715, 52.232773>, 0.100000
	pigment { color rgbt <1,0,0,0> }
	no_shadow
}
cylinder {
	<43.504341, 39.086708, 52.353191>,  <43.824993, 38.956699, 52.553890>, 0.100000
	pigment { color rgbt <1,0,0,0> }
	no_shadow
}

// particle -1
sphere {
	<43.504341, 39.086708, 52.353191> 0.100000
	pigment { color rgbt <1,0,0,0> }
	no_shadow
}
sphere {
	0, 1
	scale<0.080000,0.200000,0.300000>
	matrix <-0.574158, -0.184785, 0.797620,
		0.166531, 0.927477, 0.334744,
		-0.801630, 0.325025, -0.501746,
		43.263851, 39.184216, 52.202667>
	pigment { color rgbt <0,1,1,0> }
	no_shadow
}
cylinder {
	<43.475101, 39.589485, 52.956234>,  <43.824993, 38.956699, 52.553890>, 0.130000
	pigment { color rgbt <1,0,0,0> }
	no_shadow
}

// nucleotide -1

// particle -1
sphere {
	<43.475101, 39.589485, 52.956234> 0.250000
	pigment { color rgbt <1,0,0,0> }
	no_shadow
}
cylinder {
	<43.195107, 39.425240, 52.722511>,  <43.027107, 39.326691, 52.582279>, 0.100000
	pigment { color rgbt <1,0,0,0> }
	no_shadow
}
cylinder {
	<43.195107, 39.425240, 52.722511>,  <43.475101, 39.589485, 52.956234>, 0.100000
	pigment { color rgbt <1,0,0,0> }
	no_shadow
}

// particle -1
sphere {
	<43.195107, 39.425240, 52.722511> 0.100000
	pigment { color rgbt <1,0,0,0> }
	no_shadow
}
sphere {
	0, 1
	scale<0.080000,0.200000,0.300000>
	matrix <-0.680915, 0.137033, 0.719428,
		-0.215337, 0.901454, -0.375514,
		-0.699989, -0.410612, -0.584305,
		42.985111, 39.302055, 52.547218>
	pigment { color rgbt <0,1,1,0> }
	no_shadow
}
cylinder {
	<42.865288, 40.035282, 52.984295>,  <43.475101, 39.589485, 52.956234>, 0.130000
	pigment { color rgbt <1,0,0,0> }
	no_shadow
}

// nucleotide -1

// particle -1
sphere {
	<42.865288, 40.035282, 52.984295> 0.250000
	pigment { color rgbt <1,0,0,0> }
	no_shadow
}
cylinder {
	<42.744064, 39.669739, 52.876209>,  <42.671329, 39.450413, 52.811359>, 0.100000
	pigment { color rgbt <1,0,0,0> }
	no_shadow
}
cylinder {
	<42.744064, 39.669739, 52.876209>,  <42.865288, 40.035282, 52.984295>, 0.100000
	pigment { color rgbt <1,0,0,0> }
	no_shadow
}

// particle -1
sphere {
	<42.744064, 39.669739, 52.876209> 0.100000
	pigment { color rgbt <1,0,0,0> }
	no_shadow
}
sphere {
	0, 1
	scale<0.080000,0.200000,0.300000>
	matrix <-0.715697, 0.031040, 0.697721,
		-0.629232, 0.404841, -0.663454,
		-0.303059, -0.913860, -0.270212,
		42.653145, 39.395580, 52.795147>
	pigment { color rgbt <0,1,1,0> }
	no_shadow
}
cylinder {
	<42.217484, 40.065144, 53.120472>,  <42.865288, 40.035282, 52.984295>, 0.130000
	pigment { color rgbt <1,0,0,0> }
	no_shadow
}

// nucleotide -1

// particle -1
sphere {
	<42.217484, 40.065144, 53.120472> 0.250000
	pigment { color rgbt <1,0,0,0> }
	no_shadow
}
cylinder {
	<42.283768, 39.670822, 53.109703>,  <42.323540, 39.434227, 53.103241>, 0.100000
	pigment { color rgbt <1,0,0,0> }
	no_shadow
}
cylinder {
	<42.283768, 39.670822, 53.109703>,  <42.217484, 40.065144, 53.120472>, 0.100000
	pigment { color rgbt <1,0,0,0> }
	no_shadow
}

// particle -1
sphere {
	<42.283768, 39.670822, 53.109703> 0.100000
	pigment { color rgbt <1,0,0,0> }
	no_shadow
}
sphere {
	0, 1
	scale<0.080000,0.200000,0.300000>
	matrix <-0.723315, -0.140055, 0.676166,
		-0.670339, -0.092574, -0.736258,
		0.165712, -0.985807, -0.026925,
		42.333481, 39.375080, 53.101627>
	pigment { color rgbt <0,1,1,0> }
	no_shadow
}
cylinder {
	<41.482109, 39.831802, 53.156559>,  <42.217484, 40.065144, 53.120472>, 0.130000
	pigment { color rgbt <1,0,0,0> }
	no_shadow
}

// nucleotide -1

// particle -1
sphere {
	<41.482109, 39.831802, 53.156559> 0.250000
	pigment { color rgbt <1,0,0,0> }
	no_shadow
}
cylinder {
	<41.755314, 39.557281, 53.256546>,  <41.919239, 39.392570, 53.316540>, 0.100000
	pigment { color rgbt <1,0,0,0> }
	no_shadow
}
cylinder {
	<41.755314, 39.557281, 53.256546>,  <41.482109, 39.831802, 53.156559>, 0.100000
	pigment { color rgbt <1,0,0,0> }
	no_shadow
}

// particle -1
sphere {
	<41.755314, 39.557281, 53.256546> 0.100000
	pigment { color rgbt <1,0,0,0> }
	no_shadow
}
sphere {
	0, 1
	scale<0.080000,0.200000,0.300000>
	matrix <-0.586520, -0.311383, 0.747687,
		-0.435301, -0.657292, -0.615207,
		0.683014, -0.686300, 0.249970,
		41.960217, 39.351391, 53.331539>
	pigment { color rgbt <0,1,1,0> }
	no_shadow
}
cylinder {
	<41.174023, 39.247559, 53.210182>,  <41.482109, 39.831802, 53.156559>, 0.130000
	pigment { color rgbt <1,0,0,0> }
	no_shadow
}

// nucleotide -1

// particle -1
sphere {
	<41.174023, 39.247559, 53.210182> 0.250000
	pigment { color rgbt <1,0,0,0> }
	no_shadow
}
cylinder {
	<41.501785, 39.189400, 53.431965>,  <41.698444, 39.154507, 53.565037>, 0.100000
	pigment { color rgbt <1,0,0,0> }
	no_shadow
}
cylinder {
	<41.501785, 39.189400, 53.431965>,  <41.174023, 39.247559, 53.210182>, 0.100000
	pigment { color rgbt <1,0,0,0> }
	no_shadow
}

// particle -1
sphere {
	<41.501785, 39.189400, 53.431965> 0.100000
	pigment { color rgbt <1,0,0,0> }
	no_shadow
}
sphere {
	0, 1
	scale<0.080000,0.200000,0.300000>
	matrix <-0.570364, -0.303021, 0.763455,
		0.057014, -0.941828, -0.331224,
		0.819411, -0.145391, 0.554461,
		41.747608, 39.145782, 53.598305>
	pigment { color rgbt <0,1,1,0> }
	no_shadow
}
cylinder {
	<40.920574, 38.828842, 53.670364>,  <41.174023, 39.247559, 53.210182>, 0.130000
	pigment { color rgbt <1,0,0,0> }
	no_shadow
}

// nucleotide -1

// particle -1
sphere {
	<40.920574, 38.828842, 53.670364> 0.250000
	pigment { color rgbt <1,0,0,0> }
	no_shadow
}
cylinder {
	<41.271568, 38.922745, 53.837654>,  <41.482162, 38.979088, 53.938030>, 0.100000
	pigment { color rgbt <1,0,0,0> }
	no_shadow
}
cylinder {
	<41.271568, 38.922745, 53.837654>,  <40.920574, 38.828842, 53.670364>, 0.100000
	pigment { color rgbt <1,0,0,0> }
	no_shadow
}

// particle -1
sphere {
	<41.271568, 38.922745, 53.837654> 0.100000
	pigment { color rgbt <1,0,0,0> }
	no_shadow
}
sphere {
	0, 1
	scale<0.080000,0.200000,0.300000>
	matrix <-0.351565, -0.278307, 0.893838,
		0.326230, -0.931362, -0.161678,
		0.877483, 0.234756, 0.418227,
		41.534813, 38.993172, 53.963123>
	pigment { color rgbt <0,1,1,0> }
	no_shadow
}
cylinder {
	<40.913078, 38.387245, 54.210430>,  <40.920574, 38.828842, 53.670364>, 0.130000
	pigment { color rgbt <1,0,0,0> }
	no_shadow
}

// nucleotide -1

// particle -1
sphere {
	<40.913078, 38.387245, 54.210430> 0.250000
	pigment { color rgbt <1,0,0,0> }
	no_shadow
}
cylinder {
	<41.190052, 38.658905, 54.307823>,  <41.356236, 38.821903, 54.366261>, 0.100000
	pigment { color rgbt <1,0,0,0> }
	no_shadow
}
cylinder {
	<41.190052, 38.658905, 54.307823>,  <40.913078, 38.387245, 54.210430>, 0.100000
	pigment { color rgbt <1,0,0,0> }
	no_shadow
}

// particle -1
sphere {
	<41.190052, 38.658905, 54.307823> 0.100000
	pigment { color rgbt <1,0,0,0> }
	no_shadow
}
sphere {
	0, 1
	scale<0.080000,0.200000,0.300000>
	matrix <-0.229487, -0.112625, 0.966774,
		0.684009, -0.725306, 0.077871,
		0.692436, 0.679152, 0.243484,
		41.397781, 38.862652, 54.380867>
	pigment { color rgbt <0,1,1,0> }
	no_shadow
}
cylinder {
	<41.083553, 38.109097, 54.783104>,  <40.913078, 38.387245, 54.210430>, 0.130000
	pigment { color rgbt <1,0,0,0> }
	no_shadow
}

// nucleotide -1

// particle -1
sphere {
	<41.083553, 38.109097, 54.783104> 0.250000
	pigment { color rgbt <1,0,0,0> }
	no_shadow
}
cylinder {
	<41.236279, 38.478592, 54.795216>,  <41.327915, 38.700291, 54.802483>, 0.100000
	pigment { color rgbt <1,0,0,0> }
	no_shadow
}
cylinder {
	<41.236279, 38.478592, 54.795216>,  <41.083553, 38.109097, 54.783104>, 0.100000
	pigment { color rgbt <1,0,0,0> }
	no_shadow
}

// particle -1
sphere {
	<41.236279, 38.478592, 54.795216> 0.100000
	pigment { color rgbt <1,0,0,0> }
	no_shadow
}
sphere {
	0, 1
	scale<0.080000,0.200000,0.300000>
	matrix <-0.029171, -0.020703, 0.999360,
		0.923778, -0.382456, 0.019042,
		0.381817, 0.923742, 0.030282,
		41.350822, 38.755714, 54.804298>
	pigment { color rgbt <0,1,1,0> }
	no_shadow
}
cylinder {
	<41.539856, 38.083092, 55.215561>,  <41.083553, 38.109097, 54.783104>, 0.130000
	pigment { color rgbt <1,0,0,0> }
	no_shadow
}

// nucleotide -1

// particle -1
sphere {
	<41.539856, 38.083092, 55.215561> 0.250000
	pigment { color rgbt <1,0,0,0> }
	no_shadow
}
cylinder {
	<41.463753, 38.475784, 55.215893>,  <41.418091, 38.711399, 55.216091>, 0.100000
	pigment { color rgbt <1,0,0,0> }
	no_shadow
}
cylinder {
	<41.463753, 38.475784, 55.215893>,  <41.539856, 38.083092, 55.215561>, 0.100000
	pigment { color rgbt <1,0,0,0> }
	no_shadow
}

// particle -1
sphere {
	<41.463753, 38.475784, 55.215893> 0.100000
	pigment { color rgbt <1,0,0,0> }
	no_shadow
}
sphere {
	0, 1
	scale<0.080000,0.200000,0.300000>
	matrix <-0.033866, -0.007405, 0.999399,
		0.981150, 0.190115, 0.034657,
		-0.190257, 0.981734, 0.000827,
		41.406677, 38.770306, 55.216141>
	pigment { color rgbt <0,1,1,0> }
	no_shadow
}
cylinder {
	<41.857330, 38.300728, 55.818409>,  <41.539856, 38.083092, 55.215561>, 0.130000
	pigment { color rgbt <1,0,0,0> }
	no_shadow
}

// nucleotide -1

// particle -1
sphere {
	<41.857330, 38.300728, 55.818409> 0.250000
	pigment { color rgbt <1,0,0,0> }
	no_shadow
}
cylinder {
	<41.604515, 38.603371, 55.751385>,  <41.452827, 38.784958, 55.711170>, 0.100000
	pigment { color rgbt <1,0,0,0> }
	no_shadow
}
cylinder {
	<41.604515, 38.603371, 55.751385>,  <41.857330, 38.300728, 55.818409>, 0.100000
	pigment { color rgbt <1,0,0,0> }
	no_shadow
}

// particle -1
sphere {
	<41.604515, 38.603371, 55.751385> 0.100000
	pigment { color rgbt <1,0,0,0> }
	no_shadow
}
sphere {
	0, 1
	scale<0.080000,0.200000,0.300000>
	matrix <0.039928, 0.247728, 0.968006,
		0.773908, 0.605127, -0.186784,
		-0.632038, 0.756606, -0.167557,
		41.414902, 38.830353, 55.701118>
	pigment { color rgbt <0,1,1,0> }
	no_shadow
}
cylinder {
	<42.139572, 38.841721, 56.179729>,  <41.857330, 38.300728, 55.818409>, 0.130000
	pigment { color rgbt <1,0,0,0> }
	no_shadow
}

// nucleotide -1

// particle -1
sphere {
	<42.139572, 38.841721, 56.179729> 0.250000
	pigment { color rgbt <1,0,0,0> }
	no_shadow
}
cylinder {
	<41.754036, 38.924194, 56.112202>,  <41.522713, 38.973679, 56.071686>, 0.100000
	pigment { color rgbt <1,0,0,0> }
	no_shadow
}
cylinder {
	<41.754036, 38.924194, 56.112202>,  <42.139572, 38.841721, 56.179729>, 0.100000
	pigment { color rgbt <1,0,0,0> }
	no_shadow
}

// particle -1
sphere {
	<41.754036, 38.924194, 56.112202> 0.100000
	pigment { color rgbt <1,0,0,0> }
	no_shadow
}
sphere {
	0, 1
	scale<0.080000,0.200000,0.300000>
	matrix <-0.114672, 0.250953, 0.961183,
		0.240546, 0.945786, -0.218235,
		-0.963840, 0.206183, -0.168821,
		41.464886, 38.986050, 56.061554>
	pigment { color rgbt <0,1,1,0> }
	no_shadow
}
cylinder {
	<41.985954, 39.534431, 56.305599>,  <42.139572, 38.841721, 56.179729>, 0.130000
	pigment { color rgbt <1,0,0,0> }
	no_shadow
}

// nucleotide -1

// particle -1
sphere {
	<41.985954, 39.534431, 56.305599> 0.250000
	pigment { color rgbt <1,0,0,0> }
	no_shadow
}
cylinder {
	<41.661476, 39.310356, 56.372711>,  <41.466789, 39.175911, 56.412979>, 0.100000
	pigment { color rgbt <1,0,0,0> }
	no_shadow
}
cylinder {
	<41.661476, 39.310356, 56.372711>,  <41.985954, 39.534431, 56.305599>, 0.100000
	pigment { color rgbt <1,0,0,0> }
	no_shadow
}

// particle -1
sphere {
	<41.661476, 39.310356, 56.372711> 0.100000
	pigment { color rgbt <1,0,0,0> }
	no_shadow
}
sphere {
	0, 1
	scale<0.080000,0.200000,0.300000>
	matrix <0.013656, 0.268681, 0.963132,
		-0.584618, 0.783578, -0.210303,
		-0.811194, -0.560193, 0.167776,
		41.418118, 39.142300, 56.423042>
	pigment { color rgbt <0,1,1,0> }
	no_shadow
}
cylinder {
	<41.624447, 39.994518, 56.725773>,  <41.985954, 39.534431, 56.305599>, 0.130000
	pigment { color rgbt <1,0,0,0> }
	no_shadow
}

// nucleotide -1

// particle -1
sphere {
	<41.624447, 39.994518, 56.725773> 0.250000
	pigment { color rgbt <1,0,0,0> }
	no_shadow
}
cylinder {
	<41.455719, 39.634911, 56.772808>,  <41.354481, 39.419144, 56.801029>, 0.100000
	pigment { color rgbt <1,0,0,0> }
	no_shadow
}
cylinder {
	<41.455719, 39.634911, 56.772808>,  <41.624447, 39.994518, 56.725773>, 0.100000
	pigment { color rgbt <1,0,0,0> }
	no_shadow
}

// particle -1
sphere {
	<41.455719, 39.634911, 56.772808> 0.100000
	pigment { color rgbt <1,0,0,0> }
	no_shadow
}
sphere {
	0, 1
	scale<0.080000,0.200000,0.300000>
	matrix <-0.134628, 0.190356, 0.972440,
		-0.896627, 0.394367, -0.201330,
		-0.421823, -0.899021, 0.117586,
		41.329170, 39.365204, 56.808083>
	pigment { color rgbt <0,1,1,0> }
	no_shadow
}
cylinder {
	<40.993938, 40.120411, 56.883884>,  <41.624447, 39.994518, 56.725773>, 0.130000
	pigment { color rgbt <1,0,0,0> }
	no_shadow
}

// nucleotide -1

// particle -1
sphere {
	<40.993938, 40.120411, 56.883884> 0.250000
	pigment { color rgbt <1,0,0,0> }
	no_shadow
}
cylinder {
	<41.046448, 39.755882, 57.039963>,  <41.077953, 39.537163, 57.133610>, 0.100000
	pigment { color rgbt <1,0,0,0> }
	no_shadow
}
cylinder {
	<41.046448, 39.755882, 57.039963>,  <40.993938, 40.120411, 56.883884>, 0.100000
	pigment { color rgbt <1,0,0,0> }
	no_shadow
}

// particle -1
sphere {
	<41.046448, 39.755882, 57.039963> 0.100000
	pigment { color rgbt <1,0,0,0> }
	no_shadow
}
sphere {
	0, 1
	scale<0.080000,0.200000,0.300000>
	matrix <-0.170710, 0.366944, 0.914445,
		-0.976537, -0.186656, -0.107401,
		0.131277, -0.911324, 0.390198,
		41.085831, 39.482487, 57.157021>
	pigment { color rgbt <0,1,1,0> }
	no_shadow
}
cylinder {
	<40.426968, 40.056824, 57.354103>,  <40.993938, 40.120411, 56.883884>, 0.130000
	pigment { color rgbt <1,0,0,0> }
	no_shadow
}

// nucleotide -1

// particle -1
sphere {
	<40.426968, 40.056824, 57.354103> 0.250000
	pigment { color rgbt <1,0,0,0> }
	no_shadow
}
cylinder {
	<40.695038, 39.782921, 57.468624>,  <40.855881, 39.618580, 57.537338>, 0.100000
	pigment { color rgbt <1,0,0,0> }
	no_shadow
}
cylinder {
	<40.695038, 39.782921, 57.468624>,  <40.426968, 40.056824, 57.354103>, 0.100000
	pigment { color rgbt <1,0,0,0> }
	no_shadow
}

// particle -1
sphere {
	<40.695038, 39.782921, 57.468624> 0.100000
	pigment { color rgbt <1,0,0,0> }
	no_shadow
}
sphere {
	0, 1
	scale<0.080000,0.200000,0.300000>
	matrix <-0.205762, 0.199217, 0.958110,
		-0.713108, -0.701015, -0.007386,
		0.670179, -0.684756, 0.286305,
		40.896091, 39.577496, 57.554516>
	pigment { color rgbt <0,1,1,0> }
	no_shadow
}
cylinder {
	<40.099518, 39.791580, 57.959900>,  <40.426968, 40.056824, 57.354103>, 0.130000
	pigment { color rgbt <1,0,0,0> }
	no_shadow
}

// nucleotide -1

// particle -1
sphere {
	<40.099518, 39.791580, 57.959900> 0.250000
	pigment { color rgbt <1,0,0,0> }
	no_shadow
}
cylinder {
	<40.480957, 39.671265, 57.965157>,  <40.709820, 39.599075, 57.968311>, 0.100000
	pigment { color rgbt <1,0,0,0> }
	no_shadow
}
cylinder {
	<40.480957, 39.671265, 57.965157>,  <40.099518, 39.791580, 57.959900>, 0.100000
	pigment { color rgbt <1,0,0,0> }
	no_shadow
}

// particle -1
sphere {
	<40.480957, 39.671265, 57.965157> 0.100000
	pigment { color rgbt <1,0,0,0> }
	no_shadow
}
sphere {
	0, 1
	scale<0.080000,0.200000,0.300000>
	matrix <-0.013257, 0.001671, 0.999911,
		-0.300787, -0.953688, -0.002395,
		0.953599, -0.300792, 0.013146,
		40.767036, 39.581028, 57.969101>
	pigment { color rgbt <0,1,1,0> }
	no_shadow
}
cylinder {
	<40.151291, 39.106888, 58.296597>,  <40.099518, 39.791580, 57.959900>, 0.130000
	pigment { color rgbt <1,0,0,0> }
	no_shadow
}

// nucleotide -1

// particle -1
sphere {
	<40.151291, 39.106888, 58.296597> 0.250000
	pigment { color rgbt <1,0,0,0> }
	no_shadow
}
cylinder {
	<40.470337, 39.342590, 58.348114>,  <40.661762, 39.484013, 58.379025>, 0.100000
	pigment { color rgbt <1,0,0,0> }
	no_shadow
}
cylinder {
	<40.470337, 39.342590, 58.348114>,  <40.151291, 39.106888, 58.296597>, 0.100000
	pigment { color rgbt <1,0,0,0> }
	no_shadow
}

// particle -1
sphere {
	<40.470337, 39.342590, 58.348114> 0.100000
	pigment { color rgbt <1,0,0,0> }
	no_shadow
}
sphere {
	0, 1
	scale<0.080000,0.200000,0.300000>
	matrix <-0.144743, -0.020307, 0.989261,
