// switches for output
#declare DRAW_BASES = 1; // possible values are 0, 1; only relevant for DNA ribbons
#declare DRAW_BASES_TYPE = 3; // possible values are 1, 2, 3; only relevant for DNA ribbons
#declare DRAW_FOG = 0; // set to 1 to enable fog

#include "colors.inc"

#include "transforms.inc"
background { rgb <1, 1, 1>}

#default {
   normal{
       ripples 0.25
       frequency 0.20
       turbulence 0.2
       lambda 5
   }
	finish {
		phong 0.1
		phong_size 40.
	}
}

// original window dimensions: 1024x640


// camera settings

camera {
	sky <-0, 1, 0>
	up <-0, 1, 0>
	right 1.6 * <0.724836, 0, 0.688921>
	location <12.1561, 44.2, 77.9145>
	look_at <46.7464, 44.2, 41.5209>
	direction <34.5903, 0, -36.3936>
	angle 67.0682
}


# declare cpy_camera_pos = <12.1561, 44.2, 77.9145>;
# if (DRAW_FOG = 1)
fog {
	fog_type 2
	up vnormalize(cpy_camera_pos)
	color rgbt<1,1,1,0.3>
	distance 1e-5
	fog_alt 3e-3
	fog_offset 70.72
}
# end


// LIGHTS

# declare lum = 6;
global_settings {
	ambient_light rgb lum * <0.05, 0.05, 0.05>
	max_trace_level 15
}# declare cpy_direct_light_amount = 0.25;
light_source
{	1000 * <-0.0359156, -1, 1.41376>,
	rgb lum * cpy_direct_light_amount
	parallel
}

light_source
{	1000 * <0.0359156, 1, -1.41376>,
	rgb lum * cpy_direct_light_amount
	parallel
}

// strand 0

// nucleotide -1

// particle -1
sphere {
	<40.884563, 42.839699, 45.401833> 0.250000
	pigment { color rgbt <1,0,0,0> }
	no_shadow
}
cylinder {
	<41.139839, 42.821190, 45.709229>,  <41.293003, 42.810085, 45.893665>, 0.100000
	pigment { color rgbt <1,0,0,0> }
	no_shadow
}
cylinder {
	<41.139839, 42.821190, 45.709229>,  <40.884563, 42.839699, 45.401833>, 0.100000
	pigment { color rgbt <1,0,0,0> }
	no_shadow
}

// particle -1
sphere {
	<41.139839, 42.821190, 45.709229> 0.100000
	pigment { color rgbt <1,0,0,0> }
	no_shadow
}
sphere {
	0, 1
	scale<0.080000,0.200000,0.300000>
	matrix <-0.455734, -0.827222, 0.328650,
		0.620502, -0.559966, -0.549013,
		0.638188, -0.046276, 0.768488,
		41.331295, 42.807308, 45.939774>
	pigment { color rgbt <0,1,1,0> }
	no_shadow
}
cylinder {
	<41.073921, 42.170868, 45.534760>,  <40.884563, 42.839699, 45.401833>, 0.130000
	pigment { color rgbt <1,0,0,0> }
	no_shadow
}

// nucleotide -1

// particle -1
sphere {
	<41.073921, 42.170868, 45.534760> 0.250000
	pigment { color rgbt <1,0,0,0> }
	no_shadow
}
cylinder {
	<41.137230, 42.337730, 45.892738>,  <41.175213, 42.437847, 46.107525>, 0.100000
	pigment { color rgbt <1,0,0,0> }
	no_shadow
}
cylinder {
	<41.137230, 42.337730, 45.892738>,  <41.073921, 42.170868, 45.534760>, 0.100000
	pigment { color rgbt <1,0,0,0> }
	no_shadow
}

// particle -1
sphere {
	<41.137230, 42.337730, 45.892738> 0.100000
	pigment { color rgbt <1,0,0,0> }
	no_shadow
}
sphere {
	0, 1
	scale<0.080000,0.200000,0.300000>
	matrix <-0.542781, -0.720386, 0.431780,
		0.824827, -0.554097, 0.112412,
		0.158268, 0.417158, 0.894947,
		41.184711, 42.462879, 46.161221>
	pigment { color rgbt <0,1,1,0> }
	no_shadow
}
cylinder {
	<41.284813, 41.622272, 45.965595>,  <41.073921, 42.170868, 45.534760>, 0.130000
	pigment { color rgbt <1,0,0,0> }
	no_shadow
}

// nucleotide -1

// particle -1
sphere {
	<41.284813, 41.622272, 45.965595> 0.250000
	pigment { color rgbt <1,0,0,0> }
	no_shadow
}
cylinder {
	<41.151352, 41.910576, 46.208637>,  <41.071274, 42.083557, 46.354462>, 0.100000
	pigment { color rgbt <1,0,0,0> }
	no_shadow
}
cylinder {
	<41.151352, 41.910576, 46.208637>,  <41.284813, 41.622272, 45.965595>, 0.100000
	pigment { color rgbt <1,0,0,0> }
	no_shadow
}

// particle -1
sphere {
	<41.151352, 41.910576, 46.208637> 0.100000
	pigment { color rgbt <1,0,0,0> }
	no_shadow
}
sphere {
	0, 1
	scale<0.080000,0.200000,0.300000>
	matrix <-0.557495, -0.670613, 0.489364,
		0.760179, -0.175456, 0.625574,
		-0.333657, 0.720759, 0.607602,
		41.051254, 42.126804, 46.390919>
	pigment { color rgbt <0,1,1,0> }
	no_shadow
}
cylinder {
	<41.275993, 41.348721, 46.578354>,  <41.284813, 41.622272, 45.965595>, 0.130000
	pigment { color rgbt <1,0,0,0> }
	no_shadow
}

// nucleotide -1

// particle -1
sphere {
	<41.275993, 41.348721, 46.578354> 0.250000
	pigment { color rgbt <1,0,0,0> }
	no_shadow
}
cylinder {
	<41.019768, 41.650604, 46.635048>,  <40.866032, 41.831734, 46.669064>, 0.100000
	pigment { color rgbt <1,0,0,0> }
	no_shadow
}
cylinder {
	<41.019768, 41.650604, 46.635048>,  <41.275993, 41.348721, 46.578354>, 0.100000
	pigment { color rgbt <1,0,0,0> }
	no_shadow
}

// particle -1
sphere {
	<41.019768, 41.650604, 46.635048> 0.100000
	pigment { color rgbt <1,0,0,0> }
	no_shadow
}
sphere {
	0, 1
	scale<0.080000,0.200000,0.300000>
	matrix <-0.651287, -0.631740, 0.420393,
		0.406814, 0.176979, 0.896203,
		-0.640568, 0.754707, 0.141737,
		40.827599, 41.877018, 46.677570>
	pigment { color rgbt <0,1,1,0> }
	no_shadow
}
cylinder {
	<41.036961, 41.162888, 47.139091>,  <41.275993, 41.348721, 46.578354>, 0.130000
	pigment { color rgbt <1,0,0,0> }
	no_shadow
}

// nucleotide -1

// particle -1
sphere {
	<41.036961, 41.162888, 47.139091> 0.250000
	pigment { color rgbt <1,0,0,0> }
	no_shadow
}
cylinder {
	<40.769058, 41.452751, 47.074215>,  <40.608318, 41.626667, 47.035290>, 0.100000
	pigment { color rgbt <1,0,0,0> }
	no_shadow
}
cylinder {
	<40.769058, 41.452751, 47.074215>,  <41.036961, 41.162888, 47.139091>, 0.100000
	pigment { color rgbt <1,0,0,0> }
	no_shadow
}

// particle -1
sphere {
	<40.769058, 41.452751, 47.074215> 0.100000
	pigment { color rgbt <1,0,0,0> }
	no_shadow
}
sphere {
	0, 1
	scale<0.080000,0.200000,0.300000>
	matrix <-0.685843, -0.519905, 0.509234,
		0.284697, 0.452297, 0.845207,
		-0.669752, 0.724656, -0.162189,
		40.568134, 41.670147, 47.025558>
	pigment { color rgbt <0,1,1,0> }
	no_shadow
}
cylinder {
	<40.554298, 41.376797, 47.746006>,  <41.036961, 41.162888, 47.139091>, 0.130000
	pigment { color rgbt <1,0,0,0> }
	no_shadow
}

// nucleotide -1

// particle -1
sphere {
	<40.554298, 41.376797, 47.746006> 0.250000
	pigment { color rgbt <1,0,0,0> }
	no_shadow
}
cylinder {
	<40.314308, 41.516235, 47.457973>,  <40.170315, 41.599899, 47.285156>, 0.100000
	pigment { color rgbt <1,0,0,0> }
	no_shadow
}
cylinder {
	<40.314308, 41.516235, 47.457973>,  <40.554298, 41.376797, 47.746006>, 0.100000
	pigment { color rgbt <1,0,0,0> }
	no_shadow
}

// particle -1
sphere {
	<40.314308, 41.516235, 47.457973> 0.100000
	pigment { color rgbt <1,0,0,0> }
	no_shadow
}
sphere {
	0, 1
	scale<0.080000,0.200000,0.300000>
	matrix <-0.792349, -0.383250, 0.474660,
		-0.110506, 0.855337, 0.506149,
		-0.599976, 0.348594, -0.720077,
		40.134315, 41.620815, 47.241951>
	pigment { color rgbt <0,1,1,0> }
	no_shadow
}
cylinder {
	<40.004642, 41.792683, 48.050564>,  <40.554298, 41.376797, 47.746006>, 0.130000
	pigment { color rgbt <1,0,0,0> }
	no_shadow
}

// nucleotide -1

// particle -1
sphere {
	<40.004642, 41.792683, 48.050564> 0.250000
	pigment { color rgbt <1,0,0,0> }
	no_shadow
}
cylinder {
	<39.876369, 41.681389, 47.688404>,  <39.799404, 41.614613, 47.471107>, 0.100000
	pigment { color rgbt <1,0,0,0> }
	no_shadow
}
cylinder {
	<39.876369, 41.681389, 47.688404>,  <40.004642, 41.792683, 48.050564>, 0.100000
	pigment { color rgbt <1,0,0,0> }
	no_shadow
}

// particle -1
sphere {
	<39.876369, 41.681389, 47.688404> 0.100000
	pigment { color rgbt <1,0,0,0> }
	no_shadow
}
sphere {
	0, 1
	scale<0.080000,0.200000,0.300000>
	matrix <-0.910400, -0.173265, 0.375700,
		-0.261408, 0.944755, -0.197744,
		-0.320683, -0.278237, -0.905399,
		39.780163, 41.597919, 47.416786>
	pigment { color rgbt <0,1,1,0> }
	no_shadow
}
cylinder {
	<39.363152, 41.983280, 48.108795>,  <40.004642, 41.792683, 48.050564>, 0.130000
	pigment { color rgbt <1,0,0,0> }
	no_shadow
}

// nucleotide -1

// particle -1
sphere {
	<39.363152, 41.983280, 48.108795> 0.250000
	pigment { color rgbt <1,0,0,0> }
	no_shadow
}
cylinder {
	<39.340187, 41.733704, 47.797050>,  <39.326408, 41.583958, 47.610004>, 0.100000
	pigment { color rgbt <1,0,0,0> }
	no_shadow
}
cylinder {
	<39.340187, 41.733704, 47.797050>,  <39.363152, 41.983280, 48.108795>, 0.100000
	pigment { color rgbt <1,0,0,0> }
	no_shadow
}

// particle -1
sphere {
	<39.340187, 41.733704, 47.797050> 0.100000
	pigment { color rgbt <1,0,0,0> }
	no_shadow
}
sphere {
	0, 1
	scale<0.080000,0.200000,0.300000>
	matrix <-0.892168, -0.318271, 0.320530,
		-0.448039, 0.713721, -0.538389,
		-0.057415, -0.623944, -0.779357,
		39.322964, 41.546520, 47.563244>
	pigment { color rgbt <0,1,1,0> }
	no_shadow
}
cylinder {
	<38.831081, 42.222656, 47.787163>,  <39.363152, 41.983280, 48.108795>, 0.130000
	pigment { color rgbt <1,0,0,0> }
	no_shadow
}

// nucleotide -1

// particle -1
sphere {
	<38.831081, 42.222656, 47.787163> 0.250000
	pigment { color rgbt <1,0,0,0> }
	no_shadow
}
cylinder {
	<38.882236, 41.836929, 47.694431>,  <38.912930, 41.605495, 47.638794>, 0.100000
	pigment { color rgbt <1,0,0,0> }
	no_shadow
}
cylinder {
	<38.882236, 41.836929, 47.694431>,  <38.831081, 42.222656, 47.787163>, 0.100000
	pigment { color rgbt <1,0,0,0> }
	no_shadow
}

// particle -1
sphere {
	<38.882236, 41.836929, 47.694431> 0.100000
	pigment { color rgbt <1,0,0,0> }
	no_shadow
}
sphere {
	0, 1
	scale<0.080000,0.200000,0.300000>
	matrix <-0.914264, -0.205222, 0.349294,
		-0.384405, 0.167281, -0.907882,
		0.127887, -0.964314, -0.231827,
		38.920601, 41.547634, 47.624882>
	pigment { color rgbt <0,1,1,0> }
	no_shadow
}
cylinder {
	<38.196899, 42.008373, 47.651955>,  <38.831081, 42.222656, 47.787163>, 0.130000
	pigment { color rgbt <1,0,0,0> }
	no_shadow
}

// nucleotide -1

// particle -1
sphere {
	<38.196899, 42.008373, 47.651955> 0.250000
	pigment { color rgbt <1,0,0,0> }
	no_shadow
}
cylinder {
	<38.403961, 41.668663, 47.693474>,  <38.528198, 41.464836, 47.718384>, 0.100000
	pigment { color rgbt <1,0,0,0> }
	no_shadow
}
cylinder {
	<38.403961, 41.668663, 47.693474>,  <38.196899, 42.008373, 47.651955>, 0.100000
	pigment { color rgbt <1,0,0,0> }
	no_shadow
}

// particle -1
sphere {
	<38.403961, 41.668663, 47.693474> 0.100000
	pigment { color rgbt <1,0,0,0> }
	no_shadow
}
sphere {
	0, 1
	scale<0.080000,0.200000,0.300000>
	matrix <-0.817921, -0.455607, 0.351321,
		-0.251078, -0.266757, -0.930484,
		0.517653, -0.849272, 0.103794,
		38.559258, 41.413883, 47.724613>
	pigment { color rgbt <0,1,1,0> }
	no_shadow
}
cylinder {
	<37.823174, 41.482857, 47.309273>,  <38.196899, 42.008373, 47.651955>, 0.130000
	pigment { color rgbt <1,0,0,0> }
	no_shadow
}

// nucleotide -1

// particle -1
sphere {
	<37.823174, 41.482857, 47.309273> 0.250000
	pigment { color rgbt <1,0,0,0> }
	no_shadow
}
cylinder {
	<38.064999, 41.311264, 47.577744>,  <38.210094, 41.208309, 47.738827>, 0.100000
	pigment { color rgbt <1,0,0,0> }
	no_shadow
}
cylinder {
	<38.064999, 41.311264, 47.577744>,  <37.823174, 41.482857, 47.309273>, 0.100000
	pigment { color rgbt <1,0,0,0> }
	no_shadow
}

// particle -1
sphere {
	<38.064999, 41.311264, 47.577744> 0.100000
	pigment { color rgbt <1,0,0,0> }
	no_shadow
}
sphere {
	0, 1
	scale<0.080000,0.200000,0.300000>
	matrix <-0.789605, -0.433821, 0.433962,
		0.105008, -0.792321, -0.600999,
		0.604563, -0.428983, 0.671176,
		38.246368, 41.182568, 47.779095>
	pigment { color rgbt <0,1,1,0> }
	no_shadow
}
cylinder {
	<37.570118, 40.821404, 47.363029>,  <37.823174, 41.482857, 47.309273>, 0.130000
	pigment { color rgbt <1,0,0,0> }
	no_shadow
}

// nucleotide -1

// particle -1
sphere {
	<37.570118, 40.821404, 47.363029> 0.250000
	pigment { color rgbt <1,0,0,0> }
	no_shadow
}
cylinder {
	<37.800770, 40.808586, 47.689579>,  <37.939159, 40.800896, 47.885509>, 0.100000
	pigment { color rgbt <1,0,0,0> }
	no_shadow
}
cylinder {
	<37.800770, 40.808586, 47.689579>,  <37.570118, 40.821404, 47.363029>, 0.100000
	pigment { color rgbt <1,0,0,0> }
	no_shadow
}

// particle -1
sphere {
	<37.800770, 40.808586, 47.689579> 0.100000
	pigment { color rgbt <1,0,0,0> }
	no_shadow
}
sphere {
	0, 1
	scale<0.080000,0.200000,0.300000>
	matrix <-0.677465, -0.577267, 0.455855,
		0.456662, -0.815926, -0.354575,
		0.576629, -0.032041, 0.816378,
		37.973759, 40.798973, 47.934494>
	pigment { color rgbt <0,1,1,0> }
	no_shadow
}
cylinder {
	<37.536552, 40.152889, 47.636150>,  <37.570118, 40.821404, 47.363029>, 0.130000
	pigment { color rgbt <1,0,0,0> }
	no_shadow
}

// nucleotide -1

// particle -1
sphere {
	<37.536552, 40.152889, 47.636150> 0.250000
	pigment { color rgbt <1,0,0,0> }
	no_shadow
}
cylinder {
	<37.637024, 40.393242, 47.939686>,  <37.697308, 40.537453, 48.121807>, 0.100000
	pigment { color rgbt <1,0,0,0> }
	no_shadow
}
cylinder {
	<37.637024, 40.393242, 47.939686>,  <37.536552, 40.152889, 47.636150>, 0.100000
	pigment { color rgbt <1,0,0,0> }
	no_shadow
}

// particle -1
sphere {
	<37.637024, 40.393242, 47.939686> 0.100000
	pigment { color rgbt <1,0,0,0> }
	no_shadow
}
sphere {
	0, 1
	scale<0.080000,0.200000,0.300000>
	matrix <-0.697706, -0.430998, 0.572230,
		0.670905, -0.673184, 0.310982,
		0.251183, 0.600886, 0.758843,
		37.712379, 40.573509, 48.167339>
	pigment { color rgbt <0,1,1,0> }
	no_shadow
}
cylinder {
	<37.748062, 39.657223, 48.232784>,  <37.536552, 40.152889, 47.636150>, 0.130000
	pigment { color rgbt <1,0,0,0> }
	no_shadow
}

// nucleotide -1

// particle -1
sphere {
	<37.748062, 39.657223, 48.232784> 0.250000
	pigment { color rgbt <1,0,0,0> }
	no_shadow
}
cylinder {
	<37.656353, 40.007545, 48.402679>,  <37.601326, 40.217739, 48.504616>, 0.100000
	pigment { color rgbt <1,0,0,0> }
	no_shadow
}
cylinder {
	<37.656353, 40.007545, 48.402679>,  <37.748062, 39.657223, 48.232784>, 0.100000
	pigment { color rgbt <1,0,0,0> }
	no_shadow
}

// particle -1
sphere {
	<37.656353, 40.007545, 48.402679> 0.100000
	pigment { color rgbt <1,0,0,0> }
	no_shadow
}
sphere {
	0, 1
	scale<0.080000,0.200000,0.300000>
	matrix <-0.582107, -0.473099, 0.661309,
		0.780119, -0.095622, 0.618280,
		-0.229272, 0.875805, 0.424735,
		37.587570, 40.270287, 48.530102>
	pigment { color rgbt <0,1,1,0> }
	no_shadow
}
cylinder {
	<37.908886, 39.523125, 48.911926>,  <37.748062, 39.657223, 48.232784>, 0.130000
	pigment { color rgbt <1,0,0,0> }
	no_shadow
}

// nucleotide -1

// particle -1
sphere {
	<37.908886, 39.523125, 48.911926> 0.250000
	pigment { color rgbt <1,0,0,0> }
	no_shadow
}
cylinder {
	<37.649422, 39.827553, 48.910839>,  <37.493744, 40.010212, 48.910187>, 0.100000
	pigment { color rgbt <1,0,0,0> }
	no_shadow
}
cylinder {
	<37.649422, 39.827553, 48.910839>,  <37.908886, 39.523125, 48.911926>, 0.100000
	pigment { color rgbt <1,0,0,0> }
	no_shadow
}

// particle -1
sphere {
	<37.649422, 39.827553, 48.910839> 0.100000
	pigment { color rgbt <1,0,0,0> }
	no_shadow
}
sphere {
	0, 1
	scale<0.080000,0.200000,0.300000>
	matrix <-0.594501, -0.504452, 0.626176,
		0.475192, 0.407795, 0.779677,
		-0.648661, 0.761073, -0.002723,
		37.454823, 40.055874, 48.910023>
	pigment { color rgbt <0,1,1,0> }
	no_shadow
}
cylinder {
	<37.756729, 39.642151, 49.550007>,  <37.908886, 39.523125, 48.911926>, 0.130000
	pigment { color rgbt <1,0,0,0> }
	no_shadow
}

// nucleotide -1

// particle -1
sphere {
	<37.756729, 39.642151, 49.550007> 0.250000
	pigment { color rgbt <1,0,0,0> }
	no_shadow
}
cylinder {
	<37.450768, 39.815575, 49.359451>,  <37.267189, 39.919628, 49.245117>, 0.100000
	pigment { color rgbt <1,0,0,0> }
	no_shadow
}
cylinder {
	<37.450768, 39.815575, 49.359451>,  <37.756729, 39.642151, 49.550007>, 0.100000
	pigment { color rgbt <1,0,0,0> }
	no_shadow
}

// particle -1
sphere {
	<37.450768, 39.815575, 49.359451> 0.100000
	pigment { color rgbt <1,0,0,0> }
	no_shadow
}
sphere {
	0, 1
	scale<0.080000,0.200000,0.300000>
	matrix <-0.634677, -0.380925, 0.672370,
		0.110043, 0.816652, 0.566541,
		-0.764903, 0.433560, -0.476392,
		37.221298, 39.945644, 49.216534>
	pigment { color rgbt <0,1,1,0> }
	no_shadow
}
cylinder {
	<37.389824, 39.996918, 50.150208>,  <37.756729, 39.642151, 49.550007>, 0.130000
	pigment { color rgbt <1,0,0,0> }
	no_shadow
}

// nucleotide -1

// particle -1
sphere {
	<37.389824, 39.996918, 50.150208> 0.250000
	pigment { color rgbt <1,0,0,0> }
	no_shadow
}
cylinder {
	<37.137196, 39.917473, 49.850426>,  <36.985619, 39.869808, 49.670559>, 0.100000
	pigment { color rgbt <1,0,0,0> }
	no_shadow
}
cylinder {
	<37.137196, 39.917473, 49.850426>,  <37.389824, 39.996918, 50.150208>, 0.100000
	pigment { color rgbt <1,0,0,0> }
	no_shadow
}

// particle -1
sphere {
	<37.137196, 39.917473, 49.850426> 0.100000
	pigment { color rgbt <1,0,0,0> }
	no_shadow
}
sphere {
	0, 1
	scale<0.080000,0.200000,0.300000>
	matrix <-0.650722, -0.389754, 0.651654,
		-0.421526, 0.899248, 0.116917,
		-0.631567, -0.198609, -0.749452,
		36.947727, 39.857891, 49.625591>
	pigment { color rgbt <0,1,1,0> }
	no_shadow
}
cylinder {
	<36.623840, 39.963856, 50.429829>,  <37.389824, 39.996918, 50.150208>, 0.130000
	pigment { color rgbt <1,0,0,0> }
	no_shadow
}

// nucleotide -1

// particle -1
sphere {
	<36.623840, 39.963856, 50.429829> 0.250000
	pigment { color rgbt <1,0,0,0> }
	no_shadow
}
cylinder {
	<36.577431, 39.780411, 50.077415>,  <36.549583, 39.670345, 49.865967>, 0.100000
	pigment { color rgbt <1,0,0,0> }
	no_shadow
}
cylinder {
	<36.577431, 39.780411, 50.077415>,  <36.623840, 39.963856, 50.429829>, 0.100000
	pigment { color rgbt <1,0,0,0> }
	no_shadow
}

// particle -1
sphere {
	<36.577431, 39.780411, 50.077415> 0.100000
	pigment { color rgbt <1,0,0,0> }
	no_shadow
}
sphere {
	0, 1
	scale<0.080000,0.200000,0.300000>
	matrix <-0.618747, -0.660508, 0.425300,
		-0.776975, 0.594481, -0.207128,
		-0.116023, -0.458608, -0.881032,
		36.542625, 39.642830, 49.813107>
	pigment { color rgbt <0,1,1,0> }
	no_shadow
}
cylinder {
	<35.961514, 39.914547, 50.368324>,  <36.623840, 39.963856, 50.429829>, 0.130000
	pigment { color rgbt <1,0,0,0> }
	no_shadow
}

// nucleotide -1

// particle -1
sphere {
	<35.961514, 39.914547, 50.368324> 0.250000
	pigment { color rgbt <1,0,0,0> }
	no_shadow
}
cylinder {
	<36.102798, 39.631111, 50.123981>,  <36.187569, 39.461052, 49.977375>, 0.100000
	pigment { color rgbt <1,0,0,0> }
	no_shadow
}
cylinder {
	<36.102798, 39.631111, 50.123981>,  <35.961514, 39.914547, 50.368324>, 0.100000
	pigment { color rgbt <1,0,0,0> }
	no_shadow
}

// particle -1
sphere {
	<36.102798, 39.631111, 50.123981> 0.100000
	pigment { color rgbt <1,0,0,0> }
	no_shadow
}
sphere {
	0, 1
	scale<0.080000,0.200000,0.300000>
	matrix <-0.596405, -0.673609, 0.436524,
		-0.720795, 0.210134, -0.660529,
		0.353210, -0.708587, -0.610858,
		36.208763, 39.418533, 49.940723>
	pigment { color rgbt <0,1,1,0> }
	no_shadow
}
cylinder {
	<35.408424, 39.529819, 50.198788>,  <35.961514, 39.914547, 50.368324>, 0.130000
	pigment { color rgbt <1,0,0,0> }
	no_shadow
}

// nucleotide -1

// particle -1
sphere {
	<35.408424, 39.529819, 50.198788> 0.250000
	pigment { color rgbt <1,0,0,0> }
	no_shadow
}
cylinder {
	<35.677086, 39.265518, 50.064754>,  <35.838284, 39.106937, 49.984333>, 0.100000
	pigment { color rgbt <1,0,0,0> }
	no_shadow
}
cylinder {
	<35.677086, 39.265518, 50.064754>,  <35.408424, 39.529819, 50.198788>, 0.100000
	pigment { color rgbt <1,0,0,0> }
	no_shadow
}

// particle -1
sphere {
	<35.677086, 39.265518, 50.064754> 0.100000
	pigment { color rgbt <1,0,0,0> }
	no_shadow
}
sphere {
	0, 1
	scale<0.080000,0.200000,0.300000>
	matrix <-0.491827, -0.735916, 0.465332,
		-0.554064, -0.147740, -0.819260,
		0.671654, -0.660758, -0.335082,
		35.878582, 39.067291, 49.964230>
	pigment { color rgbt <0,1,1,0> }
	no_shadow
}
cylinder {
	<34.931522, 39.012070, 50.042946>,  <35.408424, 39.529819, 50.198788>, 0.130000
	pigment { color rgbt <1,0,0,0> }
	no_shadow
}

// nucleotide -1

// particle -1
sphere {
	<34.931522, 39.012070, 50.042946> 0.250000
	pigment { color rgbt <1,0,0,0> }
	no_shadow
}
cylinder {
	<35.297829, 38.851395, 50.045139>,  <35.517612, 38.754990, 50.046455>, 0.100000
	pigment { color rgbt <1,0,0,0> }
	no_shadow
}
cylinder {
	<35.297829, 38.851395, 50.045139>,  <34.931522, 39.012070, 50.042946>, 0.100000
	pigment { color rgbt <1,0,0,0> }
	no_shadow
}

// particle -1
sphere {
	<35.297829, 38.851395, 50.045139> 0.100000
	pigment { color rgbt <1,0,0,0> }
	no_shadow
}
sphere {
	0, 1
	scale<0.080000,0.200000,0.300000>
	matrix <-0.389039, -0.883364, 0.261375,
		-0.100149, -0.241489, -0.965222,
		0.915762, -0.401685, 0.005481,
		35.572556, 38.730888, 50.046783>
	pigment { color rgbt <0,1,1,0> }
	no_shadow
}
cylinder {
	<35.025116, 38.438812, 49.608269>,  <34.931522, 39.012070, 50.042946>, 0.130000
	pigment { color rgbt <1,0,0,0> }
	no_shadow
}

// nucleotide -1

// particle -1
sphere {
	<35.025116, 38.438812, 49.608269> 0.250000
	pigment { color rgbt <1,0,0,0> }
	no_shadow
}
cylinder {
	<35.283539, 38.416702, 49.912781>,  <35.438595, 38.403435, 50.095490>, 0.100000
	pigment { color rgbt <1,0,0,0> }
	no_shadow
}
cylinder {
	<35.283539, 38.416702, 49.912781>,  <35.025116, 38.438812, 49.608269>, 0.100000
	pigment { color rgbt <1,0,0,0> }
	no_shadow
}

// particle -1
sphere {
	<35.283539, 38.416702, 49.912781> 0.100000
	pigment { color rgbt <1,0,0,0> }
	no_shadow
}
sphere {
	0, 1
	scale<0.080000,0.200000,0.300000>
	matrix <-0.584353, -0.677475, 0.446720,
		0.491057, -0.733466, -0.469990,
		0.646061, -0.055274, 0.761282,
		35.477356, 38.400120, 50.141167>
	pigment { color rgbt <0,1,1,0> }
	no_shadow
}
cylinder {
	<35.091145, 37.783978, 49.752232>,  <35.025116, 38.438812, 49.608269>, 0.130000
	pigment { color rgbt <1,0,0,0> }
	no_shadow
}

// nucleotide -1

// particle -1
sphere {
	<35.091145, 37.783978, 49.752232> 0.250000
	pigment { color rgbt <1,0,0,0> }
	no_shadow
}
cylinder {
	<35.251213, 37.940025, 50.083935>,  <35.347252, 38.033653, 50.282955>, 0.100000
	pigment { color rgbt <1,0,0,0> }
	no_shadow
}
cylinder {
	<35.251213, 37.940025, 50.083935>,  <35.091145, 37.783978, 49.752232>, 0.100000
	pigment { color rgbt <1,0,0,0> }
	no_shadow
}

// particle -1
sphere {
	<35.251213, 37.940025, 50.083935> 0.100000
	pigment { color rgbt <1,0,0,0> }
	no_shadow
}
sphere {
	0, 1
	scale<0.080000,0.200000,0.300000>
	matrix <-0.571692, -0.600949, 0.558595,
		0.716263, -0.697613, -0.017451,
		0.400170, 0.390124, 0.829257,
		35.371265, 38.057064, 50.332710>
	pigment { color rgbt <0,1,1,0> }
	no_shadow
}
cylinder {
	<35.148914, 37.253033, 50.118629>,  <35.091145, 37.783978, 49.752232>, 0.130000
	pigment { color rgbt <1,0,0,0> }
	no_shadow
}

// nucleotide -1

// particle -1
sphere {
	<35.148914, 37.253033, 50.118629> 0.250000
	pigment { color rgbt <1,0,0,0> }
	no_shadow
}
cylinder {
	<35.143623, 37.557587, 50.377899>,  <35.140450, 37.740318, 50.533459>, 0.100000
	pigment { color rgbt <1,0,0,0> }
	no_shadow
}
cylinder {
	<35.143623, 37.557587, 50.377899>,  <35.148914, 37.253033, 50.118629>, 0.100000
	pigment { color rgbt <1,0,0,0> }
	no_shadow
}

// particle -1
sphere {
	<35.143623, 37.557587, 50.377899> 0.100000
	pigment { color rgbt <1,0,0,0> }
	no_shadow
}
sphere {
	0, 1
	scale<0.080000,0.200000,0.300000>
	matrix <-0.494662, -0.568332, 0.657502,
		0.868985, -0.311928, 0.384143,
		-0.013228, 0.761380, 0.648170,
		35.139656, 37.785999, 50.572350>
	pigment { color rgbt <0,1,1,0> }
	no_shadow
}
cylinder {
	<35.411171, 36.969944, 50.749954>,  <35.148914, 37.253033, 50.118629>, 0.130000
	pigment { color rgbt <1,0,0,0> }
	no_shadow
}

// nucleotide -1

// particle -1
sphere {
	<35.411171, 36.969944, 50.749954> 0.250000
	pigment { color rgbt <1,0,0,0> }
	no_shadow
}
cylinder {
	<35.182625, 37.288177, 50.830536>,  <35.045498, 37.479118, 50.878883>, 0.100000
	pigment { color rgbt <1,0,0,0> }
	no_shadow
}
cylinder {
	<35.182625, 37.288177, 50.830536>,  <35.411171, 36.969944, 50.749954>, 0.100000
	pigment { color rgbt <1,0,0,0> }
	no_shadow
}

// particle -1
sphere {
	<35.182625, 37.288177, 50.830536> 0.100000
	pigment { color rgbt <1,0,0,0> }
	no_shadow
}
sphere {
	0, 1
	scale<0.080000,0.200000,0.300000>
	matrix <-0.480923, -0.523478, 0.703338,
		0.665020, 0.304983, 0.681714,
		-0.571368, 0.795585, 0.201450,
		35.011215, 37.526852, 50.890972>
	pigment { color rgbt <0,1,1,0> }
	no_shadow
}
cylinder {
	<35.398369, 37.028313, 51.434929>,  <35.411171, 36.969944, 50.749954>, 0.130000
	pigment { color rgbt <1,0,0,0> }
	no_shadow
}

// nucleotide -1

// particle -1
sphere {
	<35.398369, 37.028313, 51.434929> 0.250000
	pigment { color rgbt <1,0,0,0> }
	no_shadow
}
cylinder {
	<35.074760, 37.236412, 51.325508>,  <34.880596, 37.361271, 51.259853>, 0.100000
	pigment { color rgbt <1,0,0,0> }
	no_shadow
}
cylinder {
	<35.074760, 37.236412, 51.325508>,  <35.398369, 37.028313, 51.434929>, 0.100000
	pigment { color rgbt <1,0,0,0> }
	no_shadow
}

// particle -1
sphere {
	<35.074760, 37.236412, 51.325508> 0.100000
	pigment { color rgbt <1,0,0,0> }
	no_shadow
}
sphere {
	0, 1
	scale<0.080000,0.200000,0.300000>
	matrix <-0.504964, -0.376970, 0.776470,
		0.300834, 0.766313, 0.567682,
		-0.809018, 0.520247, -0.273555,
		34.832054, 37.392487, 51.243443>
	pigment { color rgbt <0,1,1,0> }
	no_shadow
}
cylinder {
	<35.095585, 37.243473, 52.039497>,  <35.398369, 37.028313, 51.434929>, 0.130000
	pigment { color rgbt <1,0,0,0> }
	no_shadow
}

// nucleotide -1

// particle -1
sphere {
	<35.095585, 37.243473, 52.039497> 0.250000
	pigment { color rgbt <1,0,0,0> }
	no_shadow
}
cylinder {
	<34.790779, 37.319687, 51.791939>,  <34.607895, 37.365414, 51.643402>, 0.100000
	pigment { color rgbt <1,0,0,0> }
	no_shadow
}
cylinder {
	<34.790779, 37.319687, 51.791939>,  <35.095585, 37.243473, 52.039497>, 0.100000
	pigment { color rgbt <1,0,0,0> }
	no_shadow
}

// particle -1
sphere {
	<34.790779, 37.319687, 51.791939> 0.100000
	pigment { color rgbt <1,0,0,0> }
	no_shadow
}
sphere {
	0, 1
	scale<0.080000,0.200000,0.300000>
	matrix <-0.644949, -0.309094, 0.698929,
		-0.058126, 0.931749, 0.358419,
		-0.762012, 0.190536, -0.618897,
		34.562176, 37.376846, 51.606270>
	pigment { color rgbt <0,1,1,0> }
	no_shadow
}
cylinder {
	<34.631584, 37.592697, 52.411270>,  <35.095585, 37.243473, 52.039497>, 0.130000
	pigment { color rgbt <1,0,0,0> }
	no_shadow
}

// nucleotide -1

// particle -1
sphere {
	<34.631584, 37.592697, 52.411270> 0.250000
	pigment { color rgbt <1,0,0,0> }
	no_shadow
}
cylinder {
	<34.424919, 37.463066, 52.094276>,  <34.300919, 37.385288, 51.904079>, 0.100000
	pigment { color rgbt <1,0,0,0> }
	no_shadow
}
cylinder {
	<34.424919, 37.463066, 52.094276>,  <34.631584, 37.592697, 52.411270>, 0.100000
	pigment { color rgbt <1,0,0,0> }
	no_shadow
}

// particle -1
sphere {
	<34.424919, 37.463066, 52.094276> 0.100000
	pigment { color rgbt <1,0,0,0> }
	no_shadow
}
sphere {
	0, 1
	scale<0.080000,0.200000,0.300000>
	matrix <-0.772014, -0.223880, 0.594872,
		-0.370204, 0.919159, -0.134519,
		-0.516666, -0.324074, -0.792485,
		34.269920, 37.365845, 51.856529>
	pigment { color rgbt <0,1,1,0> }
	no_shadow
}
cylinder {
	<33.960514, 37.813839, 52.470482>,  <34.631584, 37.592697, 52.411270>, 0.130000
	pigment { color rgbt <1,0,0,0> }
	no_shadow
}

// nucleotide -1

// particle -1
sphere {
	<33.960514, 37.813839, 52.470482> 0.250000
	pigment { color rgbt <1,0,0,0> }
	no_shadow
}
cylinder {
	<33.938080, 37.506531, 52.215416>,  <33.924618, 37.322147, 52.062378>, 0.100000
	pigment { color rgbt <1,0,0,0> }
	no_shadow
}
cylinder {
	<33.938080, 37.506531, 52.215416>,  <33.960514, 37.813839, 52.470482>, 0.100000
	pigment { color rgbt <1,0,0,0> }
	no_shadow
}

// particle -1
sphere {
	<33.938080, 37.506531, 52.215416> 0.100000
	pigment { color rgbt <1,0,0,0> }
	no_shadow
}
sphere {
	0, 1
	scale<0.080000,0.200000,0.300000>
	matrix <-0.837300, -0.311703, 0.449189,
		-0.543860, 0.559109, -0.625790,
		-0.056085, -0.768270, -0.637664,
		33.921253, 37.276051, 52.024117>
	pigment { color rgbt <0,1,1,0> }
	no_shadow
}
cylinder {
	<33.274677, 37.846069, 52.178459>,  <33.960514, 37.813839, 52.470482>, 0.130000
	pigment { color rgbt <1,0,0,0> }
	no_shadow
}

// nucleotide -1

// particle -1
sphere {
	<33.274677, 37.846069, 52.178459> 0.250000
	pigment { color rgbt <1,0,0,0> }
	no_shadow
}
cylinder {
	<33.427635, 37.482979, 52.109390>,  <33.519409, 37.265125, 52.067947>, 0.100000
	pigment { color rgbt <1,0,0,0> }
	no_shadow
}
cylinder {
	<33.427635, 37.482979, 52.109390>,  <33.274677, 37.846069, 52.178459>, 0.100000
	pigment { color rgbt <1,0,0,0> }
	no_shadow
}

// particle -1
sphere {
	<33.427635, 37.482979, 52.109390> 0.100000
	pigment { color rgbt <1,0,0,0> }
	no_shadow
}
sphere {
	0, 1
	scale<0.080000,0.200000,0.300000>
	matrix <-0.842722, -0.419251, 0.337711,
		-0.378941, 0.016377, -0.925276,
		0.382392, -0.907723, -0.172672,
		33.542351, 37.210663, 52.057587>
	pigment { color rgbt <0,1,1,0> }
	no_shadow
}
cylinder {
	<32.823368, 37.431866, 51.883118>,  <33.274677, 37.846069, 52.178459>, 0.130000
	pigment { color rgbt <1,0,0,0> }
	no_shadow
}

// nucleotide -1

// particle -1
sphere {
	<32.823368, 37.431866, 51.883118> 0.250000
	pigment { color rgbt <1,0,0,0> }
	no_shadow
}
cylinder {
	<33.052887, 37.169212, 52.078911>,  <33.190598, 37.011620, 52.196384>, 0.100000
	pigment { color rgbt <1,0,0,0> }
	no_shadow
}
cylinder {
	<33.052887, 37.169212, 52.078911>,  <32.823368, 37.431866, 51.883118>, 0.100000
	pigment { color rgbt <1,0,0,0> }
	no_shadow
}

// particle -1
sphere {
	<33.052887, 37.169212, 52.078911> 0.100000
	pigment { color rgbt <1,0,0,0> }
	no_shadow
}
sphere {
	0, 1
	scale<0.080000,0.200000,0.300000>
	matrix <-0.808035, -0.356420, 0.469088,
		-0.133558, -0.664679, -0.735095,
		0.573795, -0.656633, 0.489482,
		33.225025, 36.972221, 52.225754>
	pigment { color rgbt <0,1,1,0> }
	no_shadow
}
cylinder {
	<32.482021, 36.786205, 51.858711>,  <32.823368, 37.431866, 51.883118>, 0.130000
	pigment { color rgbt <1,0,0,0> }
	no_shadow
}

// nucleotide -1

// particle -1
sphere {
	<32.482021, 36.786205, 51.858711> 0.250000
	pigment { color rgbt <1,0,0,0> }
	no_shadow
}
cylinder {
	<32.745441, 36.731064, 52.154633>,  <32.903496, 36.697979, 52.332184>, 0.100000
	pigment { color rgbt <1,0,0,0> }
	no_shadow
}
cylinder {
	<32.745441, 36.731064, 52.154633>,  <32.482021, 36.786205, 51.858711>, 0.100000
	pigment { color rgbt <1,0,0,0> }
	no_shadow
}

// particle -1
sphere {
	<32.745441, 36.731064, 52.154633> 0.100000
	pigment { color rgbt <1,0,0,0> }
	no_shadow
}
sphere {
	0, 1
	scale<0.080000,0.200000,0.300000>
	matrix <-0.674744, -0.543458, 0.499374,
		0.333210, -0.828040, -0.450912,
		0.658553, -0.137854, 0.739800,
		32.943008, 36.689709, 52.376572>
	pigment { color rgbt <0,1,1,0> }
	no_shadow
}
cylinder {
	<32.297409, 36.122265, 52.038792>,  <32.482021, 36.786205, 51.858711>, 0.130000
	pigment { color rgbt <1,0,0,0> }
	no_shadow
}

// nucleotide -1

// particle -1
sphere {
	<32.297409, 36.122265, 52.038792> 0.250000
	pigment { color rgbt <1,0,0,0> }
	no_shadow
}
cylinder {
	<32.517799, 36.257118, 52.344147>,  <32.650032, 36.338032, 52.527359>, 0.100000
	pigment { color rgbt <1,0,0,0> }
	no_shadow
}
cylinder {
	<32.517799, 36.257118, 52.344147>,  <32.297409, 36.122265, 52.038792>, 0.100000
	pigment { color rgbt <1,0,0,0> }
	no_shadow
}

// particle -1
sphere {
	<32.517799, 36.257118, 52.344147> 0.100000
	pigment { color rgbt <1,0,0,0> }
	no_shadow
}
sphere {
	0, 1
	scale<0.080000,0.200000,0.300000>
	matrix <-0.569552, -0.516685, 0.639255,
		0.609948, -0.787004, -0.092665,
		0.550975, 0.337135, 0.763391,
		32.683090, 36.358257, 52.573166>
	pigment { color rgbt <0,1,1,0> }
	no_shadow
}
cylinder {
	<32.302067, 35.596622, 52.494671>,  <32.297409, 36.122265, 52.038792>, 0.130000
	pigment { color rgbt <1,0,0,0> }
	no_shadow
}

// nucleotide -1

// particle -1
sphere {
	<32.302067, 35.596622, 52.494671> 0.250000
	pigment { color rgbt <1,0,0,0> }
	no_shadow
}
cylinder {
	<32.453270, 35.862274, 52.752678>,  <32.543991, 36.021664, 52.907482>, 0.100000
	pigment { color rgbt <1,0,0,0> }
	no_shadow
}
cylinder {
	<32.453270, 35.862274, 52.752678>,  <32.302067, 35.596622, 52.494671>, 0.100000
	pigment { color rgbt <1,0,0,0> }
	no_shadow
}

// particle -1
sphere {
	<32.453270, 35.862274, 52.752678> 0.100000
	pigment { color rgbt <1,0,0,0> }
	no_shadow
}
sphere {
	0, 1
	scale<0.080000,0.200000,0.300000>
	matrix <-0.362452, -0.534938, 0.763197,
		0.851904, -0.522280, 0.038505,
		0.378005, 0.664128, 0.645017,
		32.566673, 36.061512, 52.946182>
	pigment { color rgbt <0,1,1,0> }
	no_shadow
}
cylinder {
	<32.828705, 35.328541, 52.942318>,  <32.302067, 35.596622, 52.494671>, 0.130000
	pigment { color rgbt <1,0,0,0> }
	no_shadow
}

// nucleotide -1

// particle -1
sphere {
	<32.828705, 35.328541, 52.942318> 0.250000
	pigment { color rgbt <1,0,0,0> }
	no_shadow
}
cylinder {
	<32.692268, 35.643829, 53.147205>,  <32.610409, 35.833004, 53.270138>, 0.100000
	pigment { color rgbt <1,0,0,0> }
	no_shadow
}
cylinder {
	<32.692268, 35.643829, 53.147205>,  <32.828705, 35.328541, 52.942318>, 0.100000
	pigment { color rgbt <1,0,0,0> }
	no_shadow
}

// particle -1
sphere {
	<32.692268, 35.643829, 53.147205> 0.100000
	pigment { color rgbt <1,0,0,0> }
	no_shadow
}
sphere {
	0, 1
	scale<0.080000,0.200000,0.300000>
	matrix <-0.091395, -0.570119, 0.816463,
		0.935578, 0.231671, 0.266500,
		-0.341087, 0.788222, 0.512217,
		32.589943, 35.880295, 53.300869>
	pigment { color rgbt <0,1,1,0> }
	no_shadow
}
cylinder {
	<33.315361, 35.428696, 53.652843>,  <32.828705, 35.328541, 52.942318>, 0.130000
	pigment { color rgbt <1,0,0,0> }
	no_shadow
}

// nucleotide -1

// particle -1
sphere {
	<33.315361, 35.428696, 53.652843> 0.250000
	pigment { color rgbt <1,0,0,0> }
	no_shadow
}
cylinder {
	<32.955833, 35.603920, 53.658993>,  <32.740116, 35.709053, 53.662682>, 0.100000
	pigment { color rgbt <1,0,0,0> }
	no_shadow
}
cylinder {
	<32.955833, 35.603920, 53.658993>,  <33.315361, 35.428696, 53.652843>, 0.100000
	pigment { color rgbt <1,0,0,0> }
	no_shadow
}

// particle -1
sphere {
	<32.955833, 35.603920, 53.658993> 0.100000
	pigment { color rgbt <1,0,0,0> }
	no_shadow
}
sphere {
	0, 1
	scale<0.080000,0.200000,0.300000>
	matrix <-0.185960, -0.412841, 0.891617,
		0.396925, 0.798541, 0.452529,
		-0.898815, 0.438058, 0.015370,
		32.686188, 35.735336, 53.663605>
	pigment { color rgbt <0,1,1,0> }
	no_shadow
}
cylinder {
	<33.305969, 35.586376, 54.298752>,  <33.315361, 35.428696, 53.652843>, 0.130000
	pigment { color rgbt <1,0,0,0> }
	no_shadow
}

// nucleotide -1

// particle -1
sphere {
	<33.305969, 35.586376, 54.298752> 0.250000
	pigment { color rgbt <1,0,0,0> }
	no_shadow
}
cylinder {
	<32.927818, 35.614662, 54.171459>,  <32.700928, 35.631634, 54.095085>, 0.100000
	pigment { color rgbt <1,0,0,0> }
	no_shadow
}
cylinder {
	<32.927818, 35.614662, 54.171459>,  <33.305969, 35.586376, 54.298752>, 0.100000
	pigment { color rgbt <1,0,0,0> }
	no_shadow
}

// particle -1
sphere {
	<32.927818, 35.614662, 54.171459> 0.100000
	pigment { color rgbt <1,0,0,0> }
	no_shadow
}
sphere {
	0, 1
	scale<0.080000,0.200000,0.300000>
	matrix <-0.302995, -0.550734, 0.777744,
		-0.120265, 0.831680, 0.542074,
		-0.945373, 0.070710, -0.318229,
		32.644207, 35.635876, 54.075989>
	pigment { color rgbt <0,1,1,0> }
	no_shadow
}
cylinder {
	<32.905170, 35.839268, 54.879070>,  <33.305969, 35.586376, 54.298752>, 0.130000
	pigment { color rgbt <1,0,0,0> }
	no_shadow
}

// nucleotide -1

// particle -1
sphere {
	<32.905170, 35.839268, 54.879070> 0.250000
	pigment { color rgbt <1,0,0,0> }
	no_shadow
}
cylinder {
	<32.639824, 35.669594, 54.632488>,  <32.480618, 35.567791, 54.484539>, 0.100000
	pigment { color rgbt <1,0,0,0> }
	no_shadow
}
cylinder {
	<32.639824, 35.669594, 54.632488>,  <32.905170, 35.839268, 54.879070>, 0.100000
	pigment { color rgbt <1,0,0,0> }
	no_shadow
}

// particle -1
sphere {
	<32.639824, 35.669594, 54.632488> 0.100000
	pigment { color rgbt <1,0,0,0> }
	no_shadow
}
sphere {
	0, 1
	scale<0.080000,0.200000,0.300000>
	matrix <-0.409861, -0.483285, 0.773595,
		-0.626068, 0.765837, 0.146739,
		-0.663365, -0.424181, -0.616456,
		32.440815, 35.542339, 54.447552>
	pigment { color rgbt <0,1,1,0> }
	no_shadow
}
cylinder {
	<32.292870, 35.856556, 55.284187>,  <32.905170, 35.839268, 54.879070>, 0.130000
	pigment { color rgbt <1,0,0,0> }
	no_shadow
}

// nucleotide -1

// particle -1
sphere {
	<32.292870, 35.856556, 55.284187> 0.250000
	pigment { color rgbt <1,0,0,0> }
	no_shadow
}
cylinder {
	<32.194084, 35.612457, 54.983093>,  <32.134811, 35.466000, 54.802437>, 0.100000
	pigment { color rgbt <1,0,0,0> }
	no_shadow
}
cylinder {
	<32.194084, 35.612457, 54.983093>,  <32.292870, 35.856556, 55.284187>, 0.100000
	pigment { color rgbt <1,0,0,0> }
	no_shadow
}

// particle -1
sphere {
	<32.194084, 35.612457, 54.983093> 0.100000
	pigment { color rgbt <1,0,0,0> }
	no_shadow
}
sphere {
	0, 1
	scale<0.080000,0.200000,0.300000>
	matrix <-0.609351, -0.506192, 0.610296,
		-0.753459, 0.609401, -0.246842,
		-0.246965, -0.610246, -0.752734,
		32.119995, 35.429382, 54.757275>
	pigment { color rgbt <0,1,1,0> }
	no_shadow
}
cylinder {
	<31.587214, 35.759029, 55.288303>,  <32.292870, 35.856556, 55.284187>, 0.130000
	pigment { color rgbt <1,0,0,0> }
	no_shadow
}

// nucleotide -1

// particle -1
sphere {
	<31.587214, 35.759029, 55.288303> 0.250000
	pigment { color rgbt <1,0,0,0> }
	no_shadow
}
cylinder {
	<31.712469, 35.427460, 55.102901>,  <31.787622, 35.228519, 54.991661>, 0.100000
	pigment { color rgbt <1,0,0,0> }
	no_shadow
}
cylinder {
	<31.712469, 35.427460, 55.102901>,  <31.587214, 35.759029, 55.288303>, 0.100000
	pigment { color rgbt <1,0,0,0> }
	no_shadow
}

// particle -1
sphere {
	<31.712469, 35.427460, 55.102901> 0.100000
	pigment { color rgbt <1,0,0,0> }
	no_shadow
}
sphere {
	0, 1
	scale<0.080000,0.200000,0.300000>
	matrix <-0.593886, -0.551764, 0.585539,
		-0.741109, 0.091911, -0.665064,
		0.313141, -0.828920, -0.463502,
		31.806412, 35.178783, 54.963852>
	pigment { color rgbt <0,1,1,0> }
	no_shadow
}
cylinder {
	<30.962364, 35.408978, 55.143471>,  <31.587214, 35.759029, 55.288303>, 0.130000
	pigment { color rgbt <1,0,0,0> }
	no_shadow
}

// nucleotide -1

// particle -1
sphere {
	<30.962364, 35.408978, 55.143471> 0.250000
	pigment { color rgbt <1,0,0,0> }
	no_shadow
}
cylinder {
	<31.269896, 35.153206, 55.141098>,  <31.454414, 34.999744, 55.139675>, 0.100000
	pigment { color rgbt <1,0,0,0> }
	no_shadow
}
cylinder {
	<31.269896, 35.153206, 55.141098>,  <30.962364, 35.408978, 55.143471>, 0.100000
	pigment { color rgbt <1,0,0,0> }
	no_shadow
}

// particle -1
sphere {
	<31.269896, 35.153206, 55.141098> 0.100000
	pigment { color rgbt <1,0,0,0> }
	no_shadow
}
sphere {
	0, 1
	scale<0.080000,0.200000,0.300000>
	matrix <-0.518307, -0.628580, 0.579866,
		-0.374509, -0.442744, -0.814690,
		0.768830, -0.639425, -0.005932,
		31.500546, 34.961380, 55.139317>
	pigment { color rgbt <0,1,1,0> }
	no_shadow
}
cylinder {
	<30.709694, 34.778820, 54.912487>,  <30.962364, 35.408978, 55.143471>, 0.130000
	pigment { color rgbt <1,0,0,0> }
	no_shadow
}

// nucleotide -1

// particle -1
sphere {
	<30.709694, 34.778820, 54.912487> 0.250000
	pigment { color rgbt <1,0,0,0> }
	no_shadow
}
cylinder {
	<31.040026, 34.707222, 55.126389>,  <31.238226, 34.664265, 55.254730>, 0.100000
	pigment { color rgbt <1,0,0,0> }
	no_shadow
}
cylinder {
	<31.040026, 34.707222, 55.126389>,  <30.709694, 34.778820, 54.912487>, 0.100000
	pigment { color rgbt <1,0,0,0> }
	no_shadow
}

// particle -1
sphere {
	<31.040026, 34.707222, 55.126389> 0.100000
	pigment { color rgbt <1,0,0,0> }
	no_shadow
}
sphere {
	0, 1
	scale<0.080000,0.200000,0.300000>
	matrix <-0.483389, -0.713048, 0.507836,
		0.290410, -0.677883, -0.675379,
		0.825831, -0.178990, 0.534757,
		31.287775, 34.653526, 55.286816>
	pigment { color rgbt <0,1,1,0> }
	no_shadow
}
cylinder {
	<30.769001, 34.152691, 54.956062>,  <30.709694, 34.778820, 54.912487>, 0.130000
	pigment { color rgbt <1,0,0,0> }
	no_shadow
}

// nucleotide -1

// particle -1
sphere {
	<30.769001, 34.152691, 54.956062> 0.250000
	pigment { color rgbt <1,0,0,0> }
	no_shadow
}
cylinder {
	<30.973639, 34.269371, 55.279343>,  <31.096420, 34.339378, 55.473312>, 0.100000
	pigment { color rgbt <1,0,0,0> }
	no_shadow
}
cylinder {
	<30.973639, 34.269371, 55.279343>,  <30.769001, 34.152691, 54.956062>, 0.100000
	pigment { color rgbt <1,0,0,0> }
	no_shadow
}

// particle -1
sphere {
	<30.973639, 34.269371, 55.279343> 0.100000
	pigment { color rgbt <1,0,0,0> }
	no_shadow
}
sphere {
	0, 1
	scale<0.080000,0.200000,0.300000>
