// switches for output
#declare DRAW_BASES = 1; // possible values are 0, 1; only relevant for DNA ribbons
#declare DRAW_BASES_TYPE = 3; // possible values are 1, 2, 3; only relevant for DNA ribbons
#declare DRAW_FOG = 0; // set to 1 to enable fog

#include "colors.inc"

#include "transforms.inc"
background { rgb <1, 1, 1>}

#default {
   normal{
       ripples 0.25
       frequency 0.20
       turbulence 0.2
       lambda 5
   }
	finish {
		phong 0.1
		phong_size 40.
	}
}

// original window dimensions: 1024x640


// camera settings

camera {
	sky <-0, 1, 0>
	up <-0, 1, 0>
	right 1.6 * <0.724836, 0, 0.688921>
	location <12.1561, 44.2, 77.9145>
	look_at <46.7464, 44.2, 41.5209>
	direction <34.5903, 0, -36.3936>
	angle 67.0682
}


# declare cpy_camera_pos = <12.1561, 44.2, 77.9145>;
# if (DRAW_FOG = 1)
fog {
	fog_type 2
	up vnormalize(cpy_camera_pos)
	color rgbt<1,1,1,0.3>
	distance 1e-5
	fog_alt 3e-3
	fog_offset 70.72
}
# end


// LIGHTS

# declare lum = 6;
global_settings {
	ambient_light rgb lum * <0.05, 0.05, 0.05>
	max_trace_level 15
}# declare cpy_direct_light_amount = 0.25;
light_source
{	1000 * <-0.0359156, -1, 1.41376>,
	rgb lum * cpy_direct_light_amount
	parallel
}

light_source
{	1000 * <0.0359156, 1, -1.41376>,
	rgb lum * cpy_direct_light_amount
	parallel
}

// strand 0

// nucleotide -1

// particle -1
sphere {
	<49.022442, 42.268047, 46.973183> 0.250000
	pigment { color rgbt <1,0,0,0> }
	no_shadow
}
cylinder {
	<48.781975, 42.561737, 47.099365>,  <48.637695, 42.737949, 47.175076>, 0.100000
	pigment { color rgbt <1,0,0,0> }
	no_shadow
}
cylinder {
	<48.781975, 42.561737, 47.099365>,  <49.022442, 42.268047, 46.973183>, 0.100000
	pigment { color rgbt <1,0,0,0> }
	no_shadow
}

// particle -1
sphere {
	<48.781975, 42.561737, 47.099365> 0.100000
	pigment { color rgbt <1,0,0,0> }
	no_shadow
}
sphere {
	0, 1
	scale<0.080000,0.200000,0.300000>
	matrix <-0.327484, -0.586442, 0.740838,
		0.728937, 0.342062, 0.592996,
		-0.601170, 0.734221, 0.315459,
		48.601624, 42.782001, 47.194004>
	pigment { color rgbt <0,1,1,0> }
	no_shadow
}
cylinder {
	<49.159443, 42.560371, 47.726177>,  <49.022442, 42.268047, 46.973183>, 0.130000
	pigment { color rgbt <1,0,0,0> }
	no_shadow
}

// nucleotide -1

// particle -1
sphere {
	<49.159443, 42.560371, 47.726177> 0.250000
	pigment { color rgbt <1,0,0,0> }
	no_shadow
}
cylinder {
	<48.774887, 42.644569, 47.655277>,  <48.544151, 42.695087, 47.612740>, 0.100000
	pigment { color rgbt <1,0,0,0> }
	no_shadow
}
cylinder {
	<48.774887, 42.644569, 47.655277>,  <49.159443, 42.560371, 47.726177>, 0.100000
	pigment { color rgbt <1,0,0,0> }
	no_shadow
}

// particle -1
sphere {
	<48.774887, 42.644569, 47.655277> 0.100000
	pigment { color rgbt <1,0,0,0> }
	no_shadow
}
sphere {
	0, 1
	scale<0.080000,0.200000,0.300000>
	matrix <-0.269489, -0.589870, 0.761203,
		0.055677, 0.779581, 0.623822,
		-0.961393, 0.210494, -0.177246,
		48.486469, 42.707718, 47.602104>
	pigment { color rgbt <0,1,1,0> }
	no_shadow
}
cylinder {
	<48.921280, 42.838943, 48.281670>,  <49.159443, 42.560371, 47.726177>, 0.130000
	pigment { color rgbt <1,0,0,0> }
	no_shadow
}

// nucleotide -1

// particle -1
sphere {
	<48.921280, 42.838943, 48.281670> 0.250000
	pigment { color rgbt <1,0,0,0> }
	no_shadow
}
cylinder {
	<48.570023, 42.759079, 48.107769>,  <48.359268, 42.711159, 48.003429>, 0.100000
	pigment { color rgbt <1,0,0,0> }
	no_shadow
}
cylinder {
	<48.570023, 42.759079, 48.107769>,  <48.921280, 42.838943, 48.281670>, 0.100000
	pigment { color rgbt <1,0,0,0> }
	no_shadow
}

// particle -1
sphere {
	<48.570023, 42.759079, 48.107769> 0.100000
	pigment { color rgbt <1,0,0,0> }
	no_shadow
}
sphere {
	0, 1
	scale<0.080000,0.200000,0.300000>
	matrix <-0.309362, -0.456184, 0.834381,
		-0.364920, 0.867197, 0.338825,
		-0.878139, -0.199663, -0.434748,
		48.306580, 42.699181, 47.977345>
	pigment { color rgbt <0,1,1,0> }
	no_shadow
}
cylinder {
	<48.341061, 43.150867, 48.722816>,  <48.921280, 42.838943, 48.281670>, 0.130000
	pigment { color rgbt <1,0,0,0> }
	no_shadow
}

// nucleotide -1

// particle -1
sphere {
	<48.341061, 43.150867, 48.722816> 0.250000
	pigment { color rgbt <1,0,0,0> }
	no_shadow
}
cylinder {
	<48.197258, 42.870468, 48.476448>,  <48.110977, 42.702229, 48.328625>, 0.100000
	pigment { color rgbt <1,0,0,0> }
	no_shadow
}
cylinder {
	<48.197258, 42.870468, 48.476448>,  <48.341061, 43.150867, 48.722816>, 0.100000
	pigment { color rgbt <1,0,0,0> }
	no_shadow
}

// particle -1
sphere {
	<48.197258, 42.870468, 48.476448> 0.100000
	pigment { color rgbt <1,0,0,0> }
	no_shadow
}
sphere {
	0, 1
	scale<0.080000,0.200000,0.300000>
	matrix <-0.589119, -0.341380, 0.732392,
		-0.723668, 0.626150, -0.290243,
		-0.359504, -0.700996, -0.615923,
		48.089405, 42.660168, 48.291672>
	pigment { color rgbt <0,1,1,0> }
	no_shadow
}
cylinder {
	<47.742458, 43.142620, 49.051781>,  <48.341061, 43.150867, 48.722816>, 0.130000
	pigment { color rgbt <1,0,0,0> }
	no_shadow
}

// nucleotide -1

// particle -1
sphere {
	<47.742458, 43.142620, 49.051781> 0.250000
	pigment { color rgbt <1,0,0,0> }
	no_shadow
}
cylinder {
	<47.775909, 42.819267, 48.818703>,  <47.795979, 42.625256, 48.678856>, 0.100000
	pigment { color rgbt <1,0,0,0> }
	no_shadow
}
cylinder {
	<47.775909, 42.819267, 48.818703>,  <47.742458, 43.142620, 49.051781>, 0.100000
	pigment { color rgbt <1,0,0,0> }
	no_shadow
}

// particle -1
sphere {
	<47.775909, 42.819267, 48.818703> 0.100000
	pigment { color rgbt <1,0,0,0> }
	no_shadow
}
sphere {
	0, 1
	scale<0.080000,0.200000,0.300000>
	matrix <-0.622445, -0.499010, 0.602952,
		-0.778183, 0.312272, -0.544902,
		0.083626, -0.808378, -0.582693,
		47.800999, 42.576756, 48.643894>
	pigment { color rgbt <0,1,1,0> }
	no_shadow
}
cylinder {
	<47.175285, 43.122669, 48.835537>,  <47.742458, 43.142620, 49.051781>, 0.130000
	pigment { color rgbt <1,0,0,0> }
	no_shadow
}

// nucleotide -1

// particle -1
sphere {
	<47.175285, 43.122669, 48.835537> 0.250000
	pigment { color rgbt <1,0,0,0> }
	no_shadow
}
cylinder {
	<47.331650, 42.754501, 48.836815>,  <47.425468, 42.533600, 48.837582>, 0.100000
	pigment { color rgbt <1,0,0,0> }
	no_shadow
}
cylinder {
	<47.331650, 42.754501, 48.836815>,  <47.175285, 43.122669, 48.835537>, 0.100000
	pigment { color rgbt <1,0,0,0> }
	no_shadow
}

// particle -1
sphere {
	<47.331650, 42.754501, 48.836815> 0.100000
	pigment { color rgbt <1,0,0,0> }
	no_shadow
}
sphere {
	0, 1
	scale<0.080000,0.200000,0.300000>
	matrix <-0.714350, -0.301193, 0.631654,
		-0.580426, -0.249204, -0.775244,
		0.390908, -0.920424, 0.003199,
		47.448921, 42.478374, 48.837776>
	pigment { color rgbt <0,1,1,0> }
	no_shadow
}
cylinder {
	<46.704517, 42.574051, 48.781639>,  <47.175285, 43.122669, 48.835537>, 0.130000
	pigment { color rgbt <1,0,0,0> }
	no_shadow
}

// nucleotide -1

// particle -1
sphere {
	<46.704517, 42.574051, 48.781639> 0.250000
	pigment { color rgbt <1,0,0,0> }
	no_shadow
}
cylinder {
	<46.995865, 42.351982, 48.942272>,  <47.170673, 42.218742, 49.038654>, 0.100000
	pigment { color rgbt <1,0,0,0> }
	no_shadow
}
cylinder {
	<46.995865, 42.351982, 48.942272>,  <46.704517, 42.574051, 48.781639>, 0.100000
	pigment { color rgbt <1,0,0,0> }
	no_shadow
}

// particle -1
sphere {
	<46.995865, 42.351982, 48.942272> 0.100000
	pigment { color rgbt <1,0,0,0> }
	no_shadow
}
sphere {
	0, 1
	scale<0.080000,0.200000,0.300000>
	matrix <-0.684429, -0.561897, 0.464574,
		-0.032267, -0.613237, -0.789239,
		0.728365, -0.555169, 0.401587,
		47.214375, 42.185432, 49.062748>
	pigment { color rgbt <0,1,1,0> }
	no_shadow
}
cylinder {
	<46.453693, 41.854267, 48.782433>,  <46.704517, 42.574051, 48.781639>, 0.130000
	pigment { color rgbt <1,0,0,0> }
	no_shadow
}

// nucleotide -1

// particle -1
sphere {
	<46.453693, 41.854267, 48.782433> 0.250000
	pigment { color rgbt <1,0,0,0> }
	no_shadow
}
cylinder {
	<46.764565, 41.880493, 49.032772>,  <46.951088, 41.896229, 49.182976>, 0.100000
	pigment { color rgbt <1,0,0,0> }
	no_shadow
}
cylinder {
	<46.764565, 41.880493, 49.032772>,  <46.453693, 41.854267, 48.782433>, 0.100000
	pigment { color rgbt <1,0,0,0> }
	no_shadow
}

// particle -1
sphere {
	<46.764565, 41.880493, 49.032772> 0.100000
	pigment { color rgbt <1,0,0,0> }
	no_shadow
}
sphere {
	0, 1
	scale<0.080000,0.200000,0.300000>
	matrix <-0.585897, -0.287471, 0.757684,
		0.229595, -0.955542, -0.185000,
		0.777181, 0.065570, 0.625851,
		46.997719, 41.900166, 49.220528>
	pigment { color rgbt <0,1,1,0> }
	no_shadow
}
cylinder {
	<46.235809, 41.386269, 49.233303>,  <46.453693, 41.854267, 48.782433>, 0.130000
	pigment { color rgbt <1,0,0,0> }
	no_shadow
}

// nucleotide -1

// particle -1
sphere {
	<46.235809, 41.386269, 49.233303> 0.250000
	pigment { color rgbt <1,0,0,0> }
	no_shadow
}
cylinder {
	<46.545212, 41.550499, 49.426430>,  <46.730854, 41.649036, 49.542305>, 0.100000
	pigment { color rgbt <1,0,0,0> }
	no_shadow
}
cylinder {
	<46.545212, 41.550499, 49.426430>,  <46.235809, 41.386269, 49.233303>, 0.100000
	pigment { color rgbt <1,0,0,0> }
	no_shadow
}

// particle -1
sphere {
	<46.545212, 41.550499, 49.426430> 0.100000
	pigment { color rgbt <1,0,0,0> }
	no_shadow
}
sphere {
	0, 1
	scale<0.080000,0.200000,0.300000>
	matrix <-0.451119, -0.178416, 0.874448,
		0.445173, -0.894199, 0.047214,
		0.773506, 0.410580, 0.482816,
		46.777264, 41.673672, 49.571274>
	pigment { color rgbt <0,1,1,0> }
	no_shadow
}
cylinder {
	<46.510544, 40.953087, 49.787434>,  <46.235809, 41.386269, 49.233303>, 0.130000
	pigment { color rgbt <1,0,0,0> }
	no_shadow
}

// nucleotide -1

// particle -1
sphere {
	<46.510544, 40.953087, 49.787434> 0.250000
	pigment { color rgbt <1,0,0,0> }
	no_shadow
}
cylinder {
	<46.570854, 41.334930, 49.890182>,  <46.607040, 41.564037, 49.951832>, 0.100000
	pigment { color rgbt <1,0,0,0> }
	no_shadow
}
cylinder {
	<46.570854, 41.334930, 49.890182>,  <46.510544, 40.953087, 49.787434>, 0.100000
	pigment { color rgbt <1,0,0,0> }
	no_shadow
}

// particle -1
sphere {
	<46.570854, 41.334930, 49.890182> 0.100000
	pigment { color rgbt <1,0,0,0> }
	no_shadow
}
sphere {
	0, 1
	scale<0.080000,0.200000,0.300000>
	matrix <-0.423275, -0.172479, 0.889432,
		0.893368, -0.242827, 0.378059,
		0.150771, 0.954613, 0.256870,
		46.616085, 41.621315, 49.967243>
	pigment { color rgbt <0,1,1,0> }
	no_shadow
}
cylinder {
	<46.650967, 40.911011, 50.450455>,  <46.510544, 40.953087, 49.787434>, 0.130000
	pigment { color rgbt <1,0,0,0> }
	no_shadow
}

// nucleotide -1

// particle -1
sphere {
	<46.650967, 40.911011, 50.450455> 0.250000
	pigment { color rgbt <1,0,0,0> }
	no_shadow
}
cylinder {
	<46.555000, 41.297318, 50.410992>,  <46.497421, 41.529102, 50.387314>, 0.100000
	pigment { color rgbt <1,0,0,0> }
	no_shadow
}
cylinder {
	<46.555000, 41.297318, 50.410992>,  <46.650967, 40.911011, 50.450455>, 0.100000
	pigment { color rgbt <1,0,0,0> }
	no_shadow
}

// particle -1
sphere {
	<46.555000, 41.297318, 50.410992> 0.100000
	pigment { color rgbt <1,0,0,0> }
	no_shadow
}
sphere {
	0, 1
	scale<0.080000,0.200000,0.300000>
	matrix <-0.426637, -0.013600, 0.904321,
		0.872022, 0.259051, 0.415296,
		-0.239913, 0.965768, -0.098661,
		46.483028, 41.587048, 50.381393>
	pigment { color rgbt <0,1,1,0> }
	no_shadow
}
cylinder {
	<46.646008, 41.148197, 51.134171>,  <46.650967, 40.911011, 50.450455>, 0.130000
	pigment { color rgbt <1,0,0,0> }
	no_shadow
}

// nucleotide -1

// particle -1
sphere {
	<46.646008, 41.148197, 51.134171> 0.250000
	pigment { color rgbt <1,0,0,0> }
	no_shadow
}
cylinder {
	<46.442146, 41.434662, 50.943439>,  <46.319828, 41.606541, 50.828999>, 0.100000
	pigment { color rgbt <1,0,0,0> }
	no_shadow
}
cylinder {
	<46.442146, 41.434662, 50.943439>,  <46.646008, 41.148197, 51.134171>, 0.100000
	pigment { color rgbt <1,0,0,0> }
	no_shadow
}

// particle -1
sphere {
	<46.442146, 41.434662, 50.943439> 0.100000
	pigment { color rgbt <1,0,0,0> }
	no_shadow
}
sphere {
	0, 1
	scale<0.080000,0.200000,0.300000>
	matrix <-0.616206, 0.082946, 0.783205,
		0.600449, 0.692992, 0.399026,
		-0.509657, 0.716157, -0.476831,
		46.289249, 41.649509, 50.800388>
	pigment { color rgbt <0,1,1,0> }
	no_shadow
}
cylinder {
	<46.766636, 41.644985, 51.543823>,  <46.646008, 41.148197, 51.134171>, 0.130000
	pigment { color rgbt <1,0,0,0> }
	no_shadow
}

// nucleotide -1

// particle -1
sphere {
	<46.766636, 41.644985, 51.543823> 0.250000
	pigment { color rgbt <1,0,0,0> }
	no_shadow
}
cylinder {
	<46.431221, 41.726837, 51.341843>,  <46.229973, 41.775948, 51.220654>, 0.100000
	pigment { color rgbt <1,0,0,0> }
	no_shadow
}
cylinder {
	<46.431221, 41.726837, 51.341843>,  <46.766636, 41.644985, 51.543823>, 0.100000
	pigment { color rgbt <1,0,0,0> }
	no_shadow
}

// particle -1
sphere {
	<46.431221, 41.726837, 51.341843> 0.100000
	pigment { color rgbt <1,0,0,0> }
	no_shadow
}
sphere {
	0, 1
	scale<0.080000,0.200000,0.300000>
	matrix <-0.479655, 0.162328, 0.862312,
		0.258422, 0.965286, -0.037967,
		-0.838540, 0.204629, -0.504953,
		46.179661, 41.788227, 51.190357>
	pigment { color rgbt <0,1,1,0> }
	no_shadow
}
cylinder {
	<46.530258, 42.236912, 51.891460>,  <46.766636, 41.644985, 51.543823>, 0.130000
	pigment { color rgbt <1,0,0,0> }
	no_shadow
}

// nucleotide -1

// particle -1
sphere {
	<46.530258, 42.236912, 51.891460> 0.250000
	pigment { color rgbt <1,0,0,0> }
	no_shadow
}
cylinder {
	<46.210670, 42.101730, 51.692490>,  <46.018917, 42.020622, 51.573105>, 0.100000
	pigment { color rgbt <1,0,0,0> }
	no_shadow
}
cylinder {
	<46.210670, 42.101730, 51.692490>,  <46.530258, 42.236912, 51.891460>, 0.100000
	pigment { color rgbt <1,0,0,0> }
	no_shadow
}

// particle -1
sphere {
	<46.210670, 42.101730, 51.692490> 0.100000
	pigment { color rgbt <1,0,0,0> }
	no_shadow
}
sphere {
	0, 1
	scale<0.080000,0.200000,0.300000>
	matrix <-0.573747, 0.180550, 0.798884,
		-0.180172, 0.923684, -0.338152,
		-0.798969, -0.337950, -0.497431,
		45.970978, 42.000347, 51.543259>
	pigment { color rgbt <0,1,1,0> }
	no_shadow
}
cylinder {
	<46.055241, 42.704800, 52.024330>,  <46.530258, 42.236912, 51.891460>, 0.130000
	pigment { color rgbt <1,0,0,0> }
	no_shadow
}

// nucleotide -1

// particle -1
sphere {
	<46.055241, 42.704800, 52.024330> 0.250000
	pigment { color rgbt <1,0,0,0> }
	no_shadow
}
cylinder {
	<45.862625, 42.365036, 51.937962>,  <45.747055, 42.161179, 51.886143>, 0.100000
	pigment { color rgbt <1,0,0,0> }
	no_shadow
}
cylinder {
	<45.862625, 42.365036, 51.937962>,  <46.055241, 42.704800, 52.024330>, 0.100000
	pigment { color rgbt <1,0,0,0> }
	no_shadow
}

// particle -1
sphere {
	<45.862625, 42.365036, 51.937962> 0.100000
	pigment { color rgbt <1,0,0,0> }
	no_shadow
}
sphere {
	0, 1
	scale<0.080000,0.200000,0.300000>
	matrix <-0.498291, 0.062670, 0.864742,
		-0.720990, 0.523996, -0.453432,
		-0.481538, -0.849412, -0.215918,
		45.718163, 42.110214, 51.873188>
	pigment { color rgbt <0,1,1,0> }
	no_shadow
}
cylinder {
	<45.295441, 42.763557, 52.232533>,  <46.055241, 42.704800, 52.024330>, 0.130000
	pigment { color rgbt <1,0,0,0> }
	no_shadow
}

// nucleotide -1

// particle -1
sphere {
	<45.295441, 42.763557, 52.232533> 0.250000
	pigment { color rgbt <1,0,0,0> }
	no_shadow
}
cylinder {
	<45.394646, 42.376175, 52.222923>,  <45.454166, 42.143745, 52.217159>, 0.100000
	pigment { color rgbt <1,0,0,0> }
	no_shadow
}
cylinder {
	<45.394646, 42.376175, 52.222923>,  <45.295441, 42.763557, 52.232533>, 0.100000
	pigment { color rgbt <1,0,0,0> }
	no_shadow
}

// particle -1
sphere {
	<45.394646, 42.376175, 52.222923> 0.100000
	pigment { color rgbt <1,0,0,0> }
	no_shadow
}
sphere {
	0, 1
	scale<0.080000,0.200000,0.300000>
	matrix <-0.417316, -0.129179, 0.899533,
		-0.874265, -0.213067, -0.436191,
		0.248008, -0.968460, -0.024020,
		45.469048, 42.085636, 52.215717>
	pigment { color rgbt <0,1,1,0> }
	no_shadow
}
cylinder {
	<44.728035, 42.461285, 52.547977>,  <45.295441, 42.763557, 52.232533>, 0.130000
	pigment { color rgbt <1,0,0,0> }
	no_shadow
}

// nucleotide -1

// particle -1
sphere {
	<44.728035, 42.461285, 52.547977> 0.250000
	pigment { color rgbt <1,0,0,0> }
	no_shadow
}
cylinder {
	<45.018723, 42.187431, 52.570442>,  <45.193134, 42.023121, 52.583920>, 0.100000
	pigment { color rgbt <1,0,0,0> }
	no_shadow
}
cylinder {
	<45.018723, 42.187431, 52.570442>,  <44.728035, 42.461285, 52.547977>, 0.100000
	pigment { color rgbt <1,0,0,0> }
	no_shadow
}

// particle -1
sphere {
	<45.018723, 42.187431, 52.570442> 0.100000
	pigment { color rgbt <1,0,0,0> }
	no_shadow
}
sphere {
	0, 1
	scale<0.080000,0.200000,0.300000>
	matrix <-0.307509, -0.251125, 0.917810,
		-0.614260, -0.684261, -0.393029,
		0.726720, -0.684634, 0.056160,
		45.236740, 41.982040, 52.587292>
	pigment { color rgbt <0,1,1,0> }
	no_shadow
}
cylinder {
	<44.418167, 41.917320, 52.892872>,  <44.728035, 42.461285, 52.547977>, 0.130000
	pigment { color rgbt <1,0,0,0> }
	no_shadow
}

// nucleotide -1

// particle -1
sphere {
	<44.418167, 41.917320, 52.892872> 0.250000
	pigment { color rgbt <1,0,0,0> }
	no_shadow
}
cylinder {
	<44.810814, 41.860443, 52.943794>,  <45.046402, 41.826317, 52.974350>, 0.100000
	pigment { color rgbt <1,0,0,0> }
	no_shadow
}
cylinder {
	<44.810814, 41.860443, 52.943794>,  <44.418167, 41.917320, 52.892872>, 0.100000
	pigment { color rgbt <1,0,0,0> }
	no_shadow
}

// particle -1
sphere {
	<44.810814, 41.860443, 52.943794> 0.100000
	pigment { color rgbt <1,0,0,0> }
	no_shadow
}
sphere {
	0, 1
	scale<0.080000,0.200000,0.300000>
	matrix <-0.153601, -0.192661, 0.969169,
		-0.113277, -0.970909, -0.210960,
		0.981619, -0.142188, 0.127308,
		45.105301, 41.817787, 52.981987>
	pigment { color rgbt <0,1,1,0> }
	no_shadow
}
cylinder {
	<44.381393, 41.283768, 53.203991>,  <44.418167, 41.917320, 52.892872>, 0.130000
	pigment { color rgbt <1,0,0,0> }
	no_shadow
}

// nucleotide -1

// particle -1
sphere {
	<44.381393, 41.283768, 53.203991> 0.250000
	pigment { color rgbt <1,0,0,0> }
	no_shadow
}
cylinder {
	<44.730095, 41.460014, 53.289688>,  <44.939316, 41.565762, 53.341106>, 0.100000
	pigment { color rgbt <1,0,0,0> }
	no_shadow
}
cylinder {
	<44.730095, 41.460014, 53.289688>,  <44.381393, 41.283768, 53.203991>, 0.100000
	pigment { color rgbt <1,0,0,0> }
	no_shadow
}

// particle -1
sphere {
	<44.730095, 41.460014, 53.289688> 0.100000
	pigment { color rgbt <1,0,0,0> }
	no_shadow
}
sphere {
	0, 1
	scale<0.080000,0.200000,0.300000>
	matrix <-0.228270, -0.021649, 0.973357,
		0.433521, -0.897432, 0.081708,
		0.871753, 0.440622, 0.214242,
		44.991619, 41.592201, 53.353962>
	pigment { color rgbt <0,1,1,0> }
	no_shadow
}
cylinder {
	<44.641090, 40.828785, 53.671345>,  <44.381393, 41.283768, 53.203991>, 0.130000
	pigment { color rgbt <1,0,0,0> }
	no_shadow
}

// nucleotide -1

// particle -1
sphere {
	<44.641090, 40.828785, 53.671345> 0.250000
	pigment { color rgbt <1,0,0,0> }
	no_shadow
}
cylinder {
	<44.811661, 41.189346, 53.701374>,  <44.914001, 41.405682, 53.719391>, 0.100000
	pigment { color rgbt <1,0,0,0> }
	no_shadow
}
cylinder {
	<44.811661, 41.189346, 53.701374>,  <44.641090, 40.828785, 53.671345>, 0.100000
	pigment { color rgbt <1,0,0,0> }
	no_shadow
}

// particle -1
sphere {
	<44.811661, 41.189346, 53.701374> 0.100000
	pigment { color rgbt <1,0,0,0> }
	no_shadow
}
sphere {
	0, 1
	scale<0.080000,0.200000,0.300000>
	matrix <-0.211926, 0.018874, 0.977104,
		0.879346, -0.432571, 0.199079,
		0.426424, 0.901402, 0.075076,
		44.939587, 41.459766, 53.723896>
	pigment { color rgbt <0,1,1,0> }
	no_shadow
}
cylinder {
	<45.116917, 40.719692, 54.211926>,  <44.641090, 40.828785, 53.671345>, 0.130000
	pigment { color rgbt <1,0,0,0> }
	no_shadow
}

// nucleotide -1

// particle -1
sphere {
	<45.116917, 40.719692, 54.211926> 0.250000
	pigment { color rgbt <1,0,0,0> }
	no_shadow
}
cylinder {
	<45.075241, 41.113708, 54.157021>,  <45.050236, 41.350117, 54.124077>, 0.100000
	pigment { color rgbt <1,0,0,0> }
	no_shadow
}
cylinder {
	<45.075241, 41.113708, 54.157021>,  <45.116917, 40.719692, 54.211926>, 0.100000
	pigment { color rgbt <1,0,0,0> }
	no_shadow
}

// particle -1
sphere {
	<45.075241, 41.113708, 54.157021> 0.100000
	pigment { color rgbt <1,0,0,0> }
	no_shadow
}
sphere {
	0, 1
	scale<0.080000,0.200000,0.300000>
	matrix <-0.373645, 0.089133, 0.923279,
		0.921702, 0.147481, 0.358769,
		-0.104188, 0.985040, -0.137260,
		45.043983, 41.409222, 54.115841>
	pigment { color rgbt <0,1,1,0> }
	no_shadow
}
cylinder {
	<45.406132, 40.942284, 54.724876>,  <45.116917, 40.719692, 54.211926>, 0.130000
	pigment { color rgbt <1,0,0,0> }
	no_shadow
}

// nucleotide -1

// particle -1
sphere {
	<45.406132, 40.942284, 54.724876> 0.250000
	pigment { color rgbt <1,0,0,0> }
	no_shadow
}
cylinder {
	<45.198952, 41.271255, 54.630783>,  <45.074646, 41.468639, 54.574326>, 0.100000
	pigment { color rgbt <1,0,0,0> }
	no_shadow
}
cylinder {
	<45.198952, 41.271255, 54.630783>,  <45.406132, 40.942284, 54.724876>, 0.100000
	pigment { color rgbt <1,0,0,0> }
	no_shadow
}

// particle -1
sphere {
	<45.198952, 41.271255, 54.630783> 0.100000
	pigment { color rgbt <1,0,0,0> }
	no_shadow
}
sphere {
	0, 1
	scale<0.080000,0.200000,0.300000>
	matrix <-0.180381, 0.163805, 0.969861,
		0.836179, 0.544768, 0.063509,
		-0.517946, 0.822433, -0.235236,
		45.043568, 41.517986, 54.560211>
	pigment { color rgbt <0,1,1,0> }
	no_shadow
}
cylinder {
	<45.495804, 41.356594, 55.272511>,  <45.406132, 40.942284, 54.724876>, 0.130000
	pigment { color rgbt <1,0,0,0> }
	no_shadow
}

// nucleotide -1

// particle -1
sphere {
	<45.495804, 41.356594, 55.272511> 0.250000
	pigment { color rgbt <1,0,0,0> }
	no_shadow
}
cylinder {
	<45.168022, 41.515099, 55.106876>,  <44.971352, 41.610203, 55.007496>, 0.100000
	pigment { color rgbt <1,0,0,0> }
	no_shadow
}
cylinder {
	<45.168022, 41.515099, 55.106876>,  <45.495804, 41.356594, 55.272511>, 0.100000
	pigment { color rgbt <1,0,0,0> }
	no_shadow
}

// particle -1
sphere {
	<45.168022, 41.515099, 55.106876> 0.100000
	pigment { color rgbt <1,0,0,0> }
	no_shadow
}
sphere {
	0, 1
	scale<0.080000,0.200000,0.300000>
	matrix <-0.308773, 0.303444, 0.901433,
		0.482858, 0.866543, -0.126303,
		-0.819456, 0.396265, -0.414086,
		44.922184, 41.633980, 54.982651>
	pigment { color rgbt <0,1,1,0> }
	no_shadow
}
cylinder {
	<45.461384, 41.905823, 55.696758>,  <45.495804, 41.356594, 55.272511>, 0.130000
	pigment { color rgbt <1,0,0,0> }
	no_shadow
}

// nucleotide -1

// particle -1
sphere {
	<45.461384, 41.905823, 55.696758> 0.250000
	pigment { color rgbt <1,0,0,0> }
	no_shadow
}
cylinder {
	<45.106148, 41.840744, 55.524796>,  <44.893005, 41.801697, 55.421619>, 0.100000
	pigment { color rgbt <1,0,0,0> }
	no_shadow
}
cylinder {
	<45.106148, 41.840744, 55.524796>,  <45.461384, 41.905823, 55.696758>, 0.100000
	pigment { color rgbt <1,0,0,0> }
	no_shadow
}

// particle -1
sphere {
	<45.106148, 41.840744, 55.524796> 0.100000
	pigment { color rgbt <1,0,0,0> }
	no_shadow
}
sphere {
	0, 1
	scale<0.080000,0.200000,0.300000>
	matrix <-0.453570, 0.158382, 0.877034,
		-0.074601, 0.973881, -0.214453,
		-0.888093, -0.162697, -0.429908,
		44.839722, 41.791935, 55.395824>
	pigment { color rgbt <0,1,1,0> }
	no_shadow
}
cylinder {
	<44.996590, 42.395538, 55.943607>,  <45.461384, 41.905823, 55.696758>, 0.130000
	pigment { color rgbt <1,0,0,0> }
	no_shadow
}

// nucleotide -1

// particle -1
sphere {
	<44.996590, 42.395538, 55.943607> 0.250000
	pigment { color rgbt <1,0,0,0> }
	no_shadow
}
cylinder {
	<44.748047, 42.110703, 55.812862>,  <44.598923, 41.939800, 55.734417>, 0.100000
	pigment { color rgbt <1,0,0,0> }
	no_shadow
}
cylinder {
	<44.748047, 42.110703, 55.812862>,  <44.996590, 42.395538, 55.943607>, 0.100000
	pigment { color rgbt <1,0,0,0> }
	no_shadow
}

// particle -1
sphere {
	<44.748047, 42.110703, 55.812862> 0.100000
	pigment { color rgbt <1,0,0,0> }
	no_shadow
}
sphere {
	0, 1
	scale<0.080000,0.200000,0.300000>
	matrix <-0.532453, 0.077708, 0.842885,
		-0.574813, 0.697770, -0.427441,
		-0.621356, -0.712094, -0.326862,
		44.561642, 41.897076, 55.714802>
	pigment { color rgbt <0,1,1,0> }
	no_shadow
}
cylinder {
	<44.317444, 42.679485, 56.058002>,  <44.996590, 42.395538, 55.943607>, 0.130000
	pigment { color rgbt <1,0,0,0> }
	no_shadow
}

// nucleotide -1

// particle -1
sphere {
	<44.317444, 42.679485, 56.058002> 0.250000
	pigment { color rgbt <1,0,0,0> }
	no_shadow
}
cylinder {
	<44.270370, 42.282700, 56.039436>,  <44.242126, 42.044628, 56.028297>, 0.100000
	pigment { color rgbt <1,0,0,0> }
	no_shadow
}
cylinder {
	<44.270370, 42.282700, 56.039436>,  <44.317444, 42.679485, 56.058002>, 0.100000
	pigment { color rgbt <1,0,0,0> }
	no_shadow
}

// particle -1
sphere {
	<44.270370, 42.282700, 56.039436> 0.100000
	pigment { color rgbt <1,0,0,0> }
	no_shadow
}
sphere {
	0, 1
	scale<0.080000,0.200000,0.300000>
	matrix <-0.614519, 0.036029, 0.788079,
		-0.780076, 0.121261, -0.613822,
		-0.117679, -0.991966, -0.046412,
		44.235065, 41.985111, 56.025513>
	pigment { color rgbt <0,1,1,0> }
	no_shadow
}
cylinder {
	<43.672482, 42.608482, 56.077168>,  <44.317444, 42.679485, 56.058002>, 0.130000
	pigment { color rgbt <1,0,0,0> }
	no_shadow
}

// nucleotide -1

// particle -1
sphere {
	<43.672482, 42.608482, 56.077168> 0.250000
	pigment { color rgbt <1,0,0,0> }
	no_shadow
}
cylinder {
	<43.812958, 42.249275, 56.183167>,  <43.897243, 42.033752, 56.246765>, 0.100000
	pigment { color rgbt <1,0,0,0> }
	no_shadow
}
cylinder {
	<43.812958, 42.249275, 56.183167>,  <43.672482, 42.608482, 56.077168>, 0.100000
	pigment { color rgbt <1,0,0,0> }
	no_shadow
}

// particle -1
sphere {
	<43.812958, 42.249275, 56.183167> 0.100000
	pigment { color rgbt <1,0,0,0> }
	no_shadow
}
sphere {
	0, 1
	scale<0.080000,0.200000,0.300000>
	matrix <-0.608918, -0.004054, 0.793223,
		-0.711255, -0.439937, -0.548244,
		0.351191, -0.898020, 0.265002,
		43.918316, 41.979870, 56.262669>
	pigment { color rgbt <0,1,1,0> }
	no_shadow
}
cylinder {
	<43.116283, 42.188869, 56.249672>,  <43.672482, 42.608482, 56.077168>, 0.130000
	pigment { color rgbt <1,0,0,0> }
	no_shadow
}

// nucleotide -1

// particle -1
sphere {
	<43.116283, 42.188869, 56.249672> 0.250000
	pigment { color rgbt <1,0,0,0> }
	no_shadow
}
cylinder {
	<43.418095, 42.001839, 56.433868>,  <43.599182, 41.889622, 56.544388>, 0.100000
	pigment { color rgbt <1,0,0,0> }
	no_shadow
}
cylinder {
	<43.418095, 42.001839, 56.433868>,  <43.116283, 42.188869, 56.249672>, 0.100000
	pigment { color rgbt <1,0,0,0> }
	no_shadow
}

// particle -1
sphere {
	<43.418095, 42.001839, 56.433868> 0.100000
	pigment { color rgbt <1,0,0,0> }
	no_shadow
}
sphere {
	0, 1
	scale<0.080000,0.200000,0.300000>
	matrix <-0.525894, -0.011042, 0.850478,
		-0.392581, -0.883882, -0.254228,
		0.754530, -0.467579, 0.460494,
		43.644455, 41.861565, 56.572018>
	pigment { color rgbt <0,1,1,0> }
	no_shadow
}
cylinder {
	<42.920650, 41.593678, 56.329235>,  <43.116283, 42.188869, 56.249672>, 0.130000
	pigment { color rgbt <1,0,0,0> }
	no_shadow
}

// nucleotide -1

// particle -1
sphere {
	<42.920650, 41.593678, 56.329235> 0.250000
	pigment { color rgbt <1,0,0,0> }
	no_shadow
}
cylinder {
	<43.195503, 41.649414, 56.614456>,  <43.360413, 41.682858, 56.785587>, 0.100000
	pigment { color rgbt <1,0,0,0> }
	no_shadow
}
cylinder {
	<43.195503, 41.649414, 56.614456>,  <42.920650, 41.593678, 56.329235>, 0.100000
	pigment { color rgbt <1,0,0,0> }
	no_shadow
}

// particle -1
sphere {
	<43.195503, 41.649414, 56.614456> 0.100000
	pigment { color rgbt <1,0,0,0> }
	no_shadow
}
sphere {
	0, 1
	scale<0.080000,0.200000,0.300000>
	matrix <-0.687803, -0.191419, 0.700204,
		0.234059, -0.971567, -0.035689,
		0.687127, 0.139342, 0.713050,
		43.401642, 41.691216, 56.828373>
	pigment { color rgbt <0,1,1,0> }
	no_shadow
}
cylinder {
	<42.715927, 41.205120, 56.825058>,  <42.920650, 41.593678, 56.329235>, 0.130000
	pigment { color rgbt <1,0,0,0> }
	no_shadow
}

// nucleotide -1

// particle -1
sphere {
	<42.715927, 41.205120, 56.825058> 0.250000
	pigment { color rgbt <1,0,0,0> }
	no_shadow
}
cylinder {
	<42.977760, 41.416756, 57.041054>,  <43.134861, 41.543736, 57.170650>, 0.100000
	pigment { color rgbt <1,0,0,0> }
	no_shadow
}
cylinder {
	<42.977760, 41.416756, 57.041054>,  <42.715927, 41.205120, 56.825058>, 0.100000
	pigment { color rgbt <1,0,0,0> }
	no_shadow
}

// particle -1
sphere {
	<42.977760, 41.416756, 57.041054> 0.100000
	pigment { color rgbt <1,0,0,0> }
	no_shadow
}
sphere {
	0, 1
	scale<0.080000,0.200000,0.300000>
	matrix <-0.608838, -0.054480, 0.791422,
		0.448148, -0.846818, 0.286465,
		0.654584, 0.529085, 0.539990,
		43.174137, 41.575481, 57.203053>
	pigment { color rgbt <0,1,1,0> }
	no_shadow
}
cylinder {
	<42.742443, 40.844391, 57.483154>,  <42.715927, 41.205120, 56.825058>, 0.130000
	pigment { color rgbt <1,0,0,0> }
	no_shadow
}

// nucleotide -1

// particle -1
sphere {
	<42.742443, 40.844391, 57.483154> 0.250000
	pigment { color rgbt <1,0,0,0> }
	no_shadow
}
cylinder {
	<42.871246, 41.220253, 57.529388>,  <42.948528, 41.445770, 57.557129>, 0.100000
	pigment { color rgbt <1,0,0,0> }
	no_shadow
}
cylinder {
	<42.871246, 41.220253, 57.529388>,  <42.742443, 40.844391, 57.483154>, 0.100000
	pigment { color rgbt <1,0,0,0> }
	no_shadow
}

// particle -1
sphere {
	<42.871246, 41.220253, 57.529388> 0.100000
	pigment { color rgbt <1,0,0,0> }
	no_shadow
}
sphere {
	0, 1
	scale<0.080000,0.200000,0.300000>
	matrix <-0.690720, 0.149674, 0.707463,
		0.647471, -0.307644, 0.697235,
		0.322005, 0.939656, 0.115586,
		42.967850, 41.502151, 57.564064>
	pigment { color rgbt <0,1,1,0> }
	no_shadow
}
cylinder {
	<42.931496, 40.875309, 58.186516>,  <42.742443, 40.844391, 57.483154>, 0.130000
	pigment { color rgbt <1,0,0,0> }
	no_shadow
}

// nucleotide -1

// particle -1
sphere {
	<42.931496, 40.875309, 58.186516> 0.250000
	pigment { color rgbt <1,0,0,0> }
	no_shadow
}
cylinder {
	<42.874916, 41.261734, 58.100060>,  <42.840969, 41.493587, 58.048183>, 0.100000
	pigment { color rgbt <1,0,0,0> }
	no_shadow
}
cylinder {
	<42.874916, 41.261734, 58.100060>,  <42.931496, 40.875309, 58.186516>, 0.100000
	pigment { color rgbt <1,0,0,0> }
	no_shadow
}

// particle -1
sphere {
	<42.874916, 41.261734, 58.100060> 0.100000
	pigment { color rgbt <1,0,0,0> }
	no_shadow
}
sphere {
	0, 1
	scale<0.080000,0.200000,0.300000>
	matrix <-0.511435, 0.115633, 0.851507,
		0.847601, 0.230987, 0.477721,
		-0.141447, 0.966061, -0.216145,
		42.832481, 41.551552, 58.035217>
	pigment { color rgbt <0,1,1,0> }
	no_shadow
}
cylinder {
	<42.947559, 41.179474, 58.938931>,  <42.931496, 40.875309, 58.186516>, 0.130000
	pigment { color rgbt <1,0,0,0> }
	no_shadow
}

// nucleotide -1

// particle -1
sphere {
	<42.947559, 41.179474, 58.938931> 0.250000
	pigment { color rgbt <1,0,0,0> }
	no_shadow
}
cylinder {
	<42.776405, 41.446960, 58.695709>,  <42.673714, 41.607452, 58.549778>, 0.100000
	pigment { color rgbt <1,0,0,0> }
	no_shadow
}
cylinder {
	<42.776405, 41.446960, 58.695709>,  <42.947559, 41.179474, 58.938931>, 0.100000
	pigment { color rgbt <1,0,0,0> }
	no_shadow
}

// particle -1
sphere {
	<42.776405, 41.446960, 58.695709> 0.100000
	pigment { color rgbt <1,0,0,0> }
	no_shadow
}
sphere {
	0, 1
	scale<0.080000,0.200000,0.300000>
	matrix <-0.579438, 0.313356, 0.752369,
		0.693660, 0.674257, 0.253401,
		-0.427886, 0.668719, -0.608053,
		42.648041, 41.647575, 58.513294>
	pigment { color rgbt <0,1,1,0> }
	no_shadow
}
cylinder {
	<43.074100, 41.903378, 59.219910>,  <42.947559, 41.179474, 58.938931>, 0.130000
	pigment { color rgbt <1,0,0,0> }
	no_shadow
}

// nucleotide -1

// particle -1
sphere {
	<43.074100, 41.903378, 59.219910> 0.250000
	pigment { color rgbt <1,0,0,0> }
	no_shadow
}
cylinder {
	<42.748772, 41.906502, 58.987206>,  <42.553574, 41.908375, 58.847584>, 0.100000
	pigment { color rgbt <1,0,0,0> }
	no_shadow
}
cylinder {
	<42.748772, 41.906502, 58.987206>,  <43.074100, 41.903378, 59.219910>, 0.100000
	pigment { color rgbt <1,0,0,0> }
	no_shadow
}

// particle -1
sphere {
	<42.748772, 41.906502, 58.987206> 0.100000
	pigment { color rgbt <1,0,0,0> }
	no_shadow
}
sphere {
	0, 1
	scale<0.080000,0.200000,0.300000>
	matrix <-0.518375, 0.444294, 0.730678,
		0.264179, 0.895847, -0.357306,
		-0.813324, 0.007811, -0.581758,
		42.504776, 41.908844, 58.812679>
	pigment { color rgbt <0,1,1,0> }
	no_shadow
}
cylinder {
	<42.835056, 42.614414, 59.444252>,  <43.074100, 41.903378, 59.219910>, 0.130000
	pigment { color rgbt <1,0,0,0> }
	no_shadow
}

// nucleotide -1

// particle -1
sphere {
	<42.835056, 42.614414, 59.444252> 0.250000
	pigment { color rgbt <1,0,0,0> }
	no_shadow
}
cylinder {
	<42.540821, 42.436417, 59.239941>,  <42.364281, 42.329617, 59.117355>, 0.100000
	pigment { color rgbt <1,0,0,0> }
	no_shadow
}
cylinder {
	<42.540821, 42.436417, 59.239941>,  <42.835056, 42.614414, 59.444252>, 0.100000
	pigment { color rgbt <1,0,0,0> }
	no_shadow
}

// particle -1
sphere {
	<42.540821, 42.436417, 59.239941> 0.100000
	pigment { color rgbt <1,0,0,0> }
	no_shadow
}
sphere {
	0, 1
	scale<0.080000,0.200000,0.300000>
	matrix <-0.669411, 0.593150, 0.447284,
		0.103927, 0.670934, -0.734198,
		-0.735587, -0.444995, -0.510775,
		42.320145, 42.302917, 59.086708>
	pigment { color rgbt <0,1,1,0> }
	no_shadow
}
cylinder {
	<42.442657, 43.118706, 59.056297>,  <42.835056, 42.614414, 59.444252>, 0.130000
	pigment { color rgbt <1,0,0,0> }
	no_shadow
}

// nucleotide -1

// particle -1
sphere {
	<42.442657, 43.118706, 59.056297> 0.250000
	pigment { color rgbt <1,0,0,0> }
	no_shadow
}
cylinder {
	<42.197563, 42.811119, 59.129234>,  <42.050507, 42.626568, 59.172997>, 0.100000
	pigment { color rgbt <1,0,0,0> }
	no_shadow
}
cylinder {
	<42.197563, 42.811119, 59.129234>,  <42.442657, 43.118706, 59.056297>, 0.100000
	pigment { color rgbt <1,0,0,0> }
	no_shadow
}

// particle -1
sphere {
	<42.197563, 42.811119, 59.129234> 0.100000
	pigment { color rgbt <1,0,0,0> }
	no_shadow
}
sphere {
	0, 1
	scale<0.080000,0.200000,0.300000>
	matrix <-0.582975, 0.595582, 0.552650,
		-0.533567, 0.232329, -0.813222,
		-0.612737, -0.768964, 0.182341,
		42.013741, 42.580429, 59.183937>
	pigment { color rgbt <0,1,1,0> }
	no_shadow
}
cylinder {
	<41.787571, 43.383541, 59.039394>,  <42.442657, 43.118706, 59.056297>, 0.130000
	pigment { color rgbt <1,0,0,0> }
	no_shadow
}

// nucleotide -1

// particle -1
sphere {
	<41.787571, 43.383541, 59.039394> 0.250000
	pigment { color rgbt <1,0,0,0> }
	no_shadow
}
cylinder {
	<41.742523, 43.041954, 59.242588>,  <41.715492, 42.837002, 59.364506>, 0.100000
	pigment { color rgbt <1,0,0,0> }
	no_shadow
}
cylinder {
	<41.742523, 43.041954, 59.242588>,  <41.787571, 43.383541, 59.039394>, 0.100000
	pigment { color rgbt <1,0,0,0> }
	no_shadow
}

// particle -1
sphere {
	<41.742523, 43.041954, 59.242588> 0.100000
	pigment { color rgbt <1,0,0,0> }
	no_shadow
}
sphere {
	0, 1
	scale<0.080000,0.200000,0.300000>
	matrix <-0.576867, 0.472453, 0.666343,
		-0.809037, -0.217995, -0.545836,
		-0.112623, -0.853971, 0.507986,
		41.708736, 42.785763, 59.394985>
	pigment { color rgbt <0,1,1,0> }
	no_shadow
}
cylinder {
	<41.065289, 43.355202, 59.291641>,  <41.787571, 43.383541, 59.039394>, 0.130000
	pigment { color rgbt <1,0,0,0> }
	no_shadow
}

// nucleotide -1

// particle -1
sphere {
	<41.065289, 43.355202, 59.291641> 0.250000
	pigment { color rgbt <1,0,0,0> }
	no_shadow
}
cylinder {
	<41.226044, 43.070427, 59.521988>,  <41.322498, 42.899563, 59.660194>, 0.100000
	pigment { color rgbt <1,0,0,0> }
	no_shadow
}
cylinder {
	<41.226044, 43.070427, 59.521988>,  <41.065289, 43.355202, 59.291641>, 0.100000
	pigment { color rgbt <1,0,0,0> }
	no_shadow
}

// particle -1
sphere {
	<41.226044, 43.070427, 59.521988> 0.100000
	pigment { color rgbt <1,0,0,0> }
	no_shadow
}
sphere {
	0, 1
	scale<0.080000,0.200000,0.300000>
	matrix <-0.516009, 0.343446, 0.784716,
		-0.756451, -0.612524, -0.229340,
		0.401891, -0.711941, 0.575868,
		41.346611, 42.856846, 59.694748>
	pigment { color rgbt <0,1,1,0> }
	no_shadow
}
cylinder {
	<40.468956, 42.925201, 59.439880>,  <41.065289, 43.355202, 59.291641>, 0.130000
	pigment { color rgbt <1,0,0,0> }
	no_shadow
}

// nucleotide -1

// particle -1
sphere {
	<40.468956, 42.925201, 59.439880> 0.250000
	pigment { color rgbt <1,0,0,0> }
	no_shadow
}
cylinder {
	<40.773857, 42.881866, 59.695141>,  <40.956799, 42.855865, 59.848297>, 0.100000
	pigment { color rgbt <1,0,0,0> }
	no_shadow
}
cylinder {
	<40.773857, 42.881866, 59.695141>,  <40.468956, 42.925201, 59.439880>, 0.100000
	pigment { color rgbt <1,0,0,0> }
	no_shadow
}

// particle -1
sphere {
	<40.773857, 42.881866, 59.695141> 0.100000
	pigment { color rgbt <1,0,0,0> }
	no_shadow
}
sphere {
	0, 1
	scale<0.080000,0.200000,0.300000>
	matrix <-0.588173, 0.295661, 0.752753,
		-0.270230, -0.949129, 0.161645,
		0.762252, -0.108341, 0.638149,
		41.002533, 42.849365, 59.886585>
	pigment { color rgbt <0,1,1,0> }
	no_shadow
}
cylinder {
	<40.182869, 42.518620, 60.068581>,  <40.468956, 42.925201, 59.439880>, 0.130000
	pigment { color rgbt <1,0,0,0> }
	no_shadow
}

// nucleotide -1

// particle -1
sphere {
	<40.182869, 42.518620, 60.068581> 0.250000
	pigment { color rgbt <1,0,0,0> }
	no_shadow
}
cylinder {
	<40.513664, 42.710159, 60.186424>,  <40.712143, 42.825081, 60.257130>, 0.100000
	pigment { color rgbt <1,0,0,0> }
	no_shadow
}
cylinder {
	<40.513664, 42.710159, 60.186424>,  <40.182869, 42.518620, 60.068581>, 0.100000
	pigment { color rgbt <1,0,0,0> }
	no_shadow
}

// particle -1
sphere {
	<40.513664, 42.710159, 60.186424> 0.100000
	pigment { color rgbt <1,0,0,0> }
	no_shadow
}
sphere {
	0, 1
	scale<0.080000,0.200000,0.300000>
	matrix <-0.470189, 0.301786, 0.829365,
		0.308241, -0.824392, 0.474726,
		0.826988, 0.478855, 0.294597,
		40.761761, 42.853813, 60.274807>
	pigment { color rgbt <0,1,1,0> }
	no_shadow
}
cylinder {
	<40.100700, 42.484268, 60.794373>,  <40.182869, 42.518620, 60.068581>, 0.130000
	pigment { color rgbt <1,0,0,0> }
	no_shadow
}

// nucleotide -1

// particle -1
sphere {
	<40.100700, 42.484268, 60.794373> 0.250000
	pigment { color rgbt <1,0,0,0> }
	no_shadow
}
cylinder {
	<40.377701, 42.763870, 60.722992>,  <40.543900, 42.931629, 60.680164>, 0.100000
	pigment { color rgbt <1,0,0,0> }
	no_shadow
}
cylinder {
	<40.377701, 42.763870, 60.722992>,  <40.100700, 42.484268, 60.794373>, 0.100000
	pigment { color rgbt <1,0,0,0> }
	no_shadow
}

// particle -1
sphere {
	<40.377701, 42.763870, 60.722992> 0.100000
	pigment { color rgbt <1,0,0,0> }
	no_shadow
}
sphere {
	0, 1
	scale<0.080000,0.200000,0.300000>
	matrix <-0.241735, 0.457891, 0.855512,
		0.679715, -0.549302, 0.486061,
		0.692497, 0.699002, -0.178450,
		40.585449, 42.973572, 60.669456>
	pigment { color rgbt <0,1,1,0> }
	no_shadow
}
cylinder {
	<40.348461, 42.659000, 61.563625>,  <40.100700, 42.484268, 60.794373>, 0.130000
	pigment { color rgbt <1,0,0,0> }
	no_shadow
}

// nucleotide -1

// particle -1
sphere {
	<40.348461, 42.659000, 61.563625> 0.250000
	pigment { color rgbt <1,0,0,0> }
	no_shadow
}
cylinder {
	<40.440491, 42.966934, 61.325493>,  <40.495708, 43.151695, 61.182613>, 0.100000
	pigment { color rgbt <1,0,0,0> }
	no_shadow
}
cylinder {
	<40.440491, 42.966934, 61.325493>,  <40.348461, 42.659000, 61.563625>, 0.100000
	pigment { color rgbt <1,0,0,0> }
	no_shadow
}

// particle -1
sphere {
	<40.440491, 42.966934, 61.325493> 0.100000
	pigment { color rgbt <1,0,0,0> }
	no_shadow
}
sphere {
	0, 1
	scale<0.080000,0.200000,0.300000>
	matrix <-0.446227, 0.627095, 0.638462,
		0.864841, 0.118763, 0.487797,
		0.230070, 0.769836, -0.595333,
		40.509510, 43.197884, 61.146893>
	pigment { color rgbt <0,1,1,0> }
	no_shadow
}
cylinder {
	<40.805340, 43.038021, 61.934944>,  <40.348461, 42.659000, 61.563625>, 0.130000
	pigment { color rgbt <1,0,0,0> }
	no_shadow
}

// nucleotide -1

// particle -1
sphere {
	<40.805340, 43.038021, 61.934944> 0.250000
	pigment { color rgbt <1,0,0,0> }
	no_shadow
}
cylinder {
	<40.601570, 43.241341, 61.657204>,  <40.479309, 43.363335, 61.490559>, 0.100000
	pigment { color rgbt <1,0,0,0> }
	no_shadow
}
cylinder {
	<40.601570, 43.241341, 61.657204>,  <40.805340, 43.038021, 61.934944>, 0.100000
	pigment { color rgbt <1,0,0,0> }
	no_shadow
}

// particle -1
sphere {
	<40.601570, 43.241341, 61.657204> 0.100000
	pigment { color rgbt <1,0,0,0> }
	no_shadow
}
sphere {
	0, 1
	scale<0.080000,0.200000,0.300000>
	matrix <-0.315132, 0.640645, 0.700190,
