// switches for output
#declare DRAW_BASES = 1; // possible values are 0, 1; only relevant for DNA ribbons
#declare DRAW_BASES_TYPE = 3; // possible values are 1, 2, 3; only relevant for DNA ribbons
#declare DRAW_FOG = 0; // set to 1 to enable fog

#include "colors.inc"

#include "transforms.inc"
background { rgb <1, 1, 1>}

#default {
   normal{
       ripples 0.25
       frequency 0.20
       turbulence 0.2
       lambda 5
   }
	finish {
		phong 0.1
		phong_size 40.
	}
}

// original window dimensions: 1024x640


// camera settings

camera {
	sky <-0, 1, 0>
	up <-0, 1, 0>
	right 1.6 * <0.724836, 0, 0.688921>
	location <12.1561, 44.2, 77.9145>
	look_at <46.7464, 44.2, 41.5209>
	direction <34.5903, 0, -36.3936>
	angle 67.0682
}


# declare cpy_camera_pos = <12.1561, 44.2, 77.9145>;
# if (DRAW_FOG = 1)
fog {
	fog_type 2
	up vnormalize(cpy_camera_pos)
	color rgbt<1,1,1,0.3>
	distance 1e-5
	fog_alt 3e-3
	fog_offset 70.72
}
# end


// LIGHTS

# declare lum = 6;
global_settings {
	ambient_light rgb lum * <0.05, 0.05, 0.05>
	max_trace_level 15
}# declare cpy_direct_light_amount = 0.25;
light_source
{	1000 * <-0.0359156, -1, 1.41376>,
	rgb lum * cpy_direct_light_amount
	parallel
}

light_source
{	1000 * <0.0359156, 1, -1.41376>,
	rgb lum * cpy_direct_light_amount
	parallel
}

// strand 0

// nucleotide -1

// particle -1
sphere {
	<46.341145, 39.942665, 44.353764> 0.250000
	pigment { color rgbt <1,0,0,0> }
	no_shadow
}
cylinder {
	<46.447800, 40.173882, 44.662251>,  <46.511791, 40.312611, 44.847343>, 0.100000
	pigment { color rgbt <1,0,0,0> }
	no_shadow
}
cylinder {
	<46.447800, 40.173882, 44.662251>,  <46.341145, 39.942665, 44.353764>, 0.100000
	pigment { color rgbt <1,0,0,0> }
	no_shadow
}

// particle -1
sphere {
	<46.447800, 40.173882, 44.662251> 0.100000
	pigment { color rgbt <1,0,0,0> }
	no_shadow
}
sphere {
	0, 1
	scale<0.080000,0.200000,0.300000>
	matrix <-0.401543, -0.660802, 0.634117,
		0.876167, -0.478754, 0.055916,
		0.266636, 0.578045, 0.771213,
		46.527790, 40.347294, 44.893616>
	pigment { color rgbt <0,1,1,0> }
	no_shadow
}
cylinder {
	<46.593662, 39.487370, 44.850391>,  <46.341145, 39.942665, 44.353764>, 0.130000
	pigment { color rgbt <1,0,0,0> }
	no_shadow
}

// nucleotide -1

// particle -1
sphere {
	<46.593662, 39.487370, 44.850391> 0.250000
	pigment { color rgbt <1,0,0,0> }
	no_shadow
}
cylinder {
	<46.510925, 39.816368, 45.062325>,  <46.461285, 40.013767, 45.189484>, 0.100000
	pigment { color rgbt <1,0,0,0> }
	no_shadow
}
cylinder {
	<46.510925, 39.816368, 45.062325>,  <46.593662, 39.487370, 44.850391>, 0.100000
	pigment { color rgbt <1,0,0,0> }
	no_shadow
}

// particle -1
sphere {
	<46.510925, 39.816368, 45.062325> 0.100000
	pigment { color rgbt <1,0,0,0> }
	no_shadow
}
sphere {
	0, 1
	scale<0.080000,0.200000,0.300000>
	matrix <-0.594359, -0.535792, 0.599720,
		0.777145, -0.190863, 0.599681,
		-0.206840, 0.822495, 0.529829,
		46.448872, 40.063118, 45.221272>
	pigment { color rgbt <0,1,1,0> }
	no_shadow
}
cylinder {
	<46.696579, 39.249313, 45.542725>,  <46.593662, 39.487370, 44.850391>, 0.130000
	pigment { color rgbt <1,0,0,0> }
	no_shadow
}

// nucleotide -1

// particle -1
sphere {
	<46.696579, 39.249313, 45.542725> 0.250000
	pigment { color rgbt <1,0,0,0> }
	no_shadow
}
cylinder {
	<46.491570, 39.590080, 45.585720>,  <46.368565, 39.794540, 45.611515>, 0.100000
	pigment { color rgbt <1,0,0,0> }
	no_shadow
}
cylinder {
	<46.491570, 39.590080, 45.585720>,  <46.696579, 39.249313, 45.542725>, 0.100000
	pigment { color rgbt <1,0,0,0> }
	no_shadow
}

// particle -1
sphere {
	<46.491570, 39.590080, 45.585720> 0.100000
	pigment { color rgbt <1,0,0,0> }
	no_shadow
}
sphere {
	0, 1
	scale<0.080000,0.200000,0.300000>
	matrix <-0.528340, -0.411547, 0.742621,
		0.676891, 0.323819, 0.661030,
		-0.512519, 0.851922, 0.107486,
		46.337814, 39.845657, 45.617966>
	pigment { color rgbt <0,1,1,0> }
	no_shadow
}
cylinder {
	<46.716335, 39.577866, 46.236427>,  <46.696579, 39.249313, 45.542725>, 0.130000
	pigment { color rgbt <1,0,0,0> }
	no_shadow
}

// nucleotide -1

// particle -1
sphere {
	<46.716335, 39.577866, 46.236427> 0.250000
	pigment { color rgbt <1,0,0,0> }
	no_shadow
}
cylinder {
	<46.378235, 39.742783, 46.100452>,  <46.175373, 39.841732, 46.018867>, 0.100000
	pigment { color rgbt <1,0,0,0> }
	no_shadow
}
cylinder {
	<46.378235, 39.742783, 46.100452>,  <46.716335, 39.577866, 46.236427>, 0.100000
	pigment { color rgbt <1,0,0,0> }
	no_shadow
}

// particle -1
sphere {
	<46.378235, 39.742783, 46.100452> 0.100000
	pigment { color rgbt <1,0,0,0> }
	no_shadow
}
sphere {
	0, 1
	scale<0.080000,0.200000,0.300000>
	matrix <-0.493238, -0.357248, 0.793152,
		0.205570, 0.838085, 0.505326,
		-0.845256, 0.412294, -0.339936,
		46.124657, 39.866470, 45.998470>
	pigment { color rgbt <0,1,1,0> }
	no_shadow
}
cylinder {
	<46.390186, 39.866699, 46.789593>,  <46.716335, 39.577866, 46.236427>, 0.130000
	pigment { color rgbt <1,0,0,0> }
	no_shadow
}

// nucleotide -1

// particle -1
sphere {
	<46.390186, 39.866699, 46.789593> 0.250000
	pigment { color rgbt <1,0,0,0> }
	no_shadow
}
cylinder {
	<46.095177, 39.824196, 46.522827>,  <45.918171, 39.798695, 46.362770>, 0.100000
	pigment { color rgbt <1,0,0,0> }
	no_shadow
}
cylinder {
	<46.095177, 39.824196, 46.522827>,  <46.390186, 39.866699, 46.789593>, 0.100000
	pigment { color rgbt <1,0,0,0> }
	no_shadow
}

// particle -1
sphere {
	<46.095177, 39.824196, 46.522827> 0.100000
	pigment { color rgbt <1,0,0,0> }
	no_shadow
}
sphere {
	0, 1
	scale<0.080000,0.200000,0.300000>
	matrix <-0.619288, -0.287442, 0.730657,
		-0.269338, 0.951885, 0.146189,
		-0.737523, -0.106261, -0.666910,
		45.873920, 39.792316, 46.322754>
	pigment { color rgbt <0,1,1,0> }
	no_shadow
}
cylinder {
	<45.871040, 40.249969, 47.076851>,  <46.390186, 39.866699, 46.789593>, 0.130000
	pigment { color rgbt <1,0,0,0> }
	no_shadow
}

// nucleotide -1

// particle -1
sphere {
	<45.871040, 40.249969, 47.076851> 0.250000
	pigment { color rgbt <1,0,0,0> }
	no_shadow
}
cylinder {
	<45.679649, 40.022385, 46.809319>,  <45.564816, 39.885834, 46.648800>, 0.100000
	pigment { color rgbt <1,0,0,0> }
	no_shadow
}
cylinder {
	<45.679649, 40.022385, 46.809319>,  <45.871040, 40.249969, 47.076851>, 0.100000
	pigment { color rgbt <1,0,0,0> }
	no_shadow
}

// particle -1
sphere {
	<45.679649, 40.022385, 46.809319> 0.100000
	pigment { color rgbt <1,0,0,0> }
	no_shadow
}
sphere {
	0, 1
	scale<0.080000,0.200000,0.300000>
	matrix <-0.723680, -0.175891, 0.667346,
		-0.497338, 0.803331, -0.327588,
		-0.478480, -0.568965, -0.668832,
		45.536106, 39.851696, 46.608669>
	pigment { color rgbt <0,1,1,0> }
	no_shadow
}
cylinder {
	<45.076832, 40.328350, 47.173569>,  <45.871040, 40.249969, 47.076851>, 0.130000
	pigment { color rgbt <1,0,0,0> }
	no_shadow
}

// nucleotide -1

// particle -1
sphere {
	<45.076832, 40.328350, 47.173569> 0.250000
	pigment { color rgbt <1,0,0,0> }
	no_shadow
}
cylinder {
	<45.146286, 39.974113, 47.001251>,  <45.187958, 39.761574, 46.897861>, 0.100000
	pigment { color rgbt <1,0,0,0> }
	no_shadow
}
cylinder {
	<45.146286, 39.974113, 47.001251>,  <45.076832, 40.328350, 47.173569>, 0.100000
	pigment { color rgbt <1,0,0,0> }
	no_shadow
}

// particle -1
sphere {
	<45.146286, 39.974113, 47.001251> 0.100000
	pigment { color rgbt <1,0,0,0> }
	no_shadow
}
sphere {
	0, 1
	scale<0.080000,0.200000,0.300000>
	matrix <-0.705293, -0.417123, 0.573210,
		-0.687322, 0.204304, -0.697029,
		0.173638, -0.885589, -0.430792,
		45.198376, 39.708435, 46.872013>
	pigment { color rgbt <0,1,1,0> }
	no_shadow
}
cylinder {
	<44.438728, 40.077644, 47.024284>,  <45.076832, 40.328350, 47.173569>, 0.130000
	pigment { color rgbt <1,0,0,0> }
	no_shadow
}

// nucleotide -1

// particle -1
sphere {
	<44.438728, 40.077644, 47.024284> 0.250000
	pigment { color rgbt <1,0,0,0> }
	no_shadow
}
cylinder {
	<44.646931, 39.737091, 46.998295>,  <44.771854, 39.532761, 46.982700>, 0.100000
	pigment { color rgbt <1,0,0,0> }
	no_shadow
}
cylinder {
	<44.646931, 39.737091, 46.998295>,  <44.438728, 40.077644, 47.024284>, 0.100000
	pigment { color rgbt <1,0,0,0> }
	no_shadow
}

// particle -1
sphere {
	<44.646931, 39.737091, 46.998295> 0.100000
	pigment { color rgbt <1,0,0,0> }
	no_shadow
}
sphere {
	0, 1
	scale<0.080000,0.200000,0.300000>
	matrix <-0.731418, -0.483843, 0.480545,
		-0.440565, -0.202604, -0.874560,
		0.520510, -0.851380, -0.064976,
		44.803082, 39.481678, 46.978802>
	pigment { color rgbt <0,1,1,0> }
	no_shadow
}
cylinder {
	<43.879749, 39.505764, 46.716228>,  <44.438728, 40.077644, 47.024284>, 0.130000
	pigment { color rgbt <1,0,0,0> }
	no_shadow
}

// nucleotide -1

// particle -1
sphere {
	<43.879749, 39.505764, 46.716228> 0.250000
	pigment { color rgbt <1,0,0,0> }
	no_shadow
}
cylinder {
	<44.189804, 39.333420, 46.901062>,  <44.375835, 39.230011, 47.011963>, 0.100000
	pigment { color rgbt <1,0,0,0> }
	no_shadow
}
cylinder {
	<44.189804, 39.333420, 46.901062>,  <43.879749, 39.505764, 46.716228>, 0.100000
	pigment { color rgbt <1,0,0,0> }
	no_shadow
}

// particle -1
sphere {
	<44.189804, 39.333420, 46.901062> 0.100000
	pigment { color rgbt <1,0,0,0> }
	no_shadow
}
sphere {
	0, 1
	scale<0.080000,0.200000,0.300000>
	matrix <-0.614540, -0.683955, 0.393125,
		0.146664, -0.588696, -0.794938,
		0.775133, -0.430864, 0.462088,
		44.422344, 39.204159, 47.039688>
	pigment { color rgbt <0,1,1,0> }
	no_shadow
}
cylinder {
	<43.683270, 38.811832, 46.720604>,  <43.879749, 39.505764, 46.716228>, 0.130000
	pigment { color rgbt <1,0,0,0> }
	no_shadow
}

// nucleotide -1

// particle -1
sphere {
	<43.683270, 38.811832, 46.720604> 0.250000
	pigment { color rgbt <1,0,0,0> }
	no_shadow
}
cylinder {
	<43.968510, 38.844040, 46.999176>,  <44.139652, 38.863365, 47.166317>, 0.100000
	pigment { color rgbt <1,0,0,0> }
	no_shadow
}
cylinder {
	<43.968510, 38.844040, 46.999176>,  <43.683270, 38.811832, 46.720604>, 0.100000
	pigment { color rgbt <1,0,0,0> }
	no_shadow
}

// particle -1
sphere {
	<43.968510, 38.844040, 46.999176> 0.100000
	pigment { color rgbt <1,0,0,0> }
	no_shadow
}
sphere {
	0, 1
	scale<0.080000,0.200000,0.300000>
	matrix <-0.530209, -0.587969, 0.610877,
		0.458663, -0.804866, -0.376588,
		0.713097, 0.080516, 0.696427,
		44.182438, 38.868195, 47.208103>
	pigment { color rgbt <0,1,1,0> }
	no_shadow
}
cylinder {
	<43.611492, 38.253731, 47.107365>,  <43.683270, 38.811832, 46.720604>, 0.130000
	pigment { color rgbt <1,0,0,0> }
	no_shadow
}

// nucleotide -1

// particle -1
sphere {
	<43.611492, 38.253731, 47.107365> 0.250000
	pigment { color rgbt <1,0,0,0> }
	no_shadow
}
cylinder {
	<43.860764, 38.454659, 47.347141>,  <44.010326, 38.575214, 47.491005>, 0.100000
	pigment { color rgbt <1,0,0,0> }
	no_shadow
}
cylinder {
	<43.860764, 38.454659, 47.347141>,  <43.611492, 38.253731, 47.107365>, 0.100000
	pigment { color rgbt <1,0,0,0> }
	no_shadow
}

// particle -1
sphere {
	<43.860764, 38.454659, 47.347141> 0.100000
	pigment { color rgbt <1,0,0,0> }
	no_shadow
}
sphere {
	0, 1
	scale<0.080000,0.200000,0.300000>
	matrix <-0.496080, -0.338656, 0.799511,
		0.604612, -0.795606, 0.038147,
		0.623177, 0.502317, 0.599440,
		44.047718, 38.605354, 47.526974>
	pigment { color rgbt <0,1,1,0> }
	no_shadow
}
cylinder {
	<43.670849, 37.811199, 47.764801>,  <43.611492, 38.253731, 47.107365>, 0.130000
	pigment { color rgbt <1,0,0,0> }
	no_shadow
}

// nucleotide -1

// particle -1
sphere {
	<43.670849, 37.811199, 47.764801> 0.250000
	pigment { color rgbt <1,0,0,0> }
	no_shadow
}
cylinder {
	<43.795963, 38.165520, 47.901928>,  <43.871033, 38.378113, 47.984203>, 0.100000
	pigment { color rgbt <1,0,0,0> }
	no_shadow
}
cylinder {
	<43.795963, 38.165520, 47.901928>,  <43.670849, 37.811199, 47.764801>, 0.100000
	pigment { color rgbt <1,0,0,0> }
	no_shadow
}

// particle -1
sphere {
	<43.795963, 38.165520, 47.901928> 0.100000
	pigment { color rgbt <1,0,0,0> }
	no_shadow
}
sphere {
	0, 1
	scale<0.080000,0.200000,0.300000>
	matrix <-0.476046, -0.166123, 0.863587,
		0.821914, -0.433320, 0.369718,
		0.312791, 0.885797, 0.342819,
		43.889801, 38.431259, 48.004772>
	pigment { color rgbt <0,1,1,0> }
	no_shadow
}
cylinder {
	<43.980549, 37.757114, 48.470287>,  <43.670849, 37.811199, 47.764801>, 0.130000
	pigment { color rgbt <1,0,0,0> }
	no_shadow
}

// nucleotide -1

// particle -1
sphere {
	<43.980549, 37.757114, 48.470287> 0.250000
	pigment { color rgbt <1,0,0,0> }
	no_shadow
}
cylinder {
	<43.868526, 38.138931, 48.429451>,  <43.801315, 38.368019, 48.404949>, 0.100000
	pigment { color rgbt <1,0,0,0> }
	no_shadow
}
cylinder {
	<43.868526, 38.138931, 48.429451>,  <43.980549, 37.757114, 48.470287>, 0.100000
	pigment { color rgbt <1,0,0,0> }
	no_shadow
}

// particle -1
sphere {
	<43.868526, 38.138931, 48.429451> 0.100000
	pigment { color rgbt <1,0,0,0> }
	no_shadow
}
sphere {
	0, 1
	scale<0.080000,0.200000,0.300000>
	matrix <-0.402288, -0.020131, 0.915292,
		0.871627, 0.297402, 0.389638,
		-0.280054, 0.954540, -0.102094,
		43.784512, 38.425293, 48.398823>
	pigment { color rgbt <0,1,1,0> }
	no_shadow
}
cylinder {
	<44.202854, 38.062546, 49.070995>,  <43.980549, 37.757114, 48.470287>, 0.130000
	pigment { color rgbt <1,0,0,0> }
	no_shadow
}

// nucleotide -1

// particle -1
sphere {
	<44.202854, 38.062546, 49.070995> 0.250000
	pigment { color rgbt <1,0,0,0> }
	no_shadow
}
cylinder {
	<43.904392, 38.283882, 48.922909>,  <43.725315, 38.416683, 48.834057>, 0.100000
	pigment { color rgbt <1,0,0,0> }
	no_shadow
}
cylinder {
	<43.904392, 38.283882, 48.922909>,  <44.202854, 38.062546, 49.070995>, 0.100000
	pigment { color rgbt <1,0,0,0> }
	no_shadow
}

// particle -1
sphere {
	<43.904392, 38.283882, 48.922909> 0.100000
	pigment { color rgbt <1,0,0,0> }
	no_shadow
}
sphere {
	0, 1
	scale<0.080000,0.200000,0.300000>
	matrix <-0.382082, 0.099475, 0.918759,
		0.545217, 0.826991, 0.137199,
		-0.746158, 0.553345, -0.370214,
		43.680546, 38.449886, 48.811844>
	pigment { color rgbt <0,1,1,0> }
	no_shadow
}
cylinder {
	<44.186558, 38.656818, 49.518238>,  <44.202854, 38.062546, 49.070995>, 0.130000
	pigment { color rgbt <1,0,0,0> }
	no_shadow
}

// nucleotide -1

// particle -1
sphere {
	<44.186558, 38.656818, 49.518238> 0.250000
	pigment { color rgbt <1,0,0,0> }
	no_shadow
}
cylinder {
	<43.826191, 38.612450, 49.350407>,  <43.609970, 38.585831, 49.249706>, 0.100000
	pigment { color rgbt <1,0,0,0> }
	no_shadow
}
cylinder {
	<43.826191, 38.612450, 49.350407>,  <44.186558, 38.656818, 49.518238>, 0.100000
	pigment { color rgbt <1,0,0,0> }
	no_shadow
}

// particle -1
sphere {
	<43.826191, 38.612450, 49.350407> 0.100000
	pigment { color rgbt <1,0,0,0> }
	no_shadow
}
sphere {
	0, 1
	scale<0.080000,0.200000,0.300000>
	matrix <-0.432337, 0.144944, 0.889987,
		-0.037899, 0.983203, -0.178536,
		-0.900915, -0.110918, -0.419582,
		43.555916, 38.579174, 49.224533>
	pigment { color rgbt <0,1,1,0> }
	no_shadow
}
cylinder {
	<43.749386, 39.117256, 49.834915>,  <44.186558, 38.656818, 49.518238>, 0.130000
	pigment { color rgbt <1,0,0,0> }
	no_shadow
}

// nucleotide -1

// particle -1
sphere {
	<43.749386, 39.117256, 49.834915> 0.250000
	pigment { color rgbt <1,0,0,0> }
	no_shadow
}
cylinder {
	<43.489502, 38.867599, 49.661327>,  <43.333572, 38.717808, 49.557175>, 0.100000
	pigment { color rgbt <1,0,0,0> }
	no_shadow
}
cylinder {
	<43.489502, 38.867599, 49.661327>,  <43.749386, 39.117256, 49.834915>, 0.100000
	pigment { color rgbt <1,0,0,0> }
	no_shadow
}

// particle -1
sphere {
	<43.489502, 38.867599, 49.661327> 0.100000
	pigment { color rgbt <1,0,0,0> }
	no_shadow
}
sphere {
	0, 1
	scale<0.080000,0.200000,0.300000>
	matrix <-0.554368, -0.001606, 0.832270,
		-0.520149, 0.781312, -0.344959,
		-0.649709, -0.624138, -0.433970,
		43.294590, 38.680359, 49.531136>
	pigment { color rgbt <0,1,1,0> }
	no_shadow
}
cylinder {
	<43.176598, 39.385719, 49.937176>,  <43.749386, 39.117256, 49.834915>, 0.130000
	pigment { color rgbt <1,0,0,0> }
	no_shadow
}

// nucleotide -1

// particle -1
sphere {
	<43.176598, 39.385719, 49.937176> 0.250000
	pigment { color rgbt <1,0,0,0> }
	no_shadow
}
cylinder {
	<43.054085, 39.011093, 49.869003>,  <42.980576, 38.786320, 49.828102>, 0.100000
	pigment { color rgbt <1,0,0,0> }
	no_shadow
}
cylinder {
	<43.054085, 39.011093, 49.869003>,  <43.176598, 39.385719, 49.937176>, 0.100000
	pigment { color rgbt <1,0,0,0> }
	no_shadow
}

// particle -1
sphere {
	<43.054085, 39.011093, 49.869003> 0.100000
	pigment { color rgbt <1,0,0,0> }
	no_shadow
}
sphere {
	0, 1
	scale<0.080000,0.200000,0.300000>
	matrix <-0.493450, 0.003096, 0.869769,
		-0.814064, 0.350492, -0.463094,
		-0.306281, -0.936560, -0.170429,
		42.962200, 38.730125, 49.817875>
	pigment { color rgbt <0,1,1,0> }
	no_shadow
}
cylinder {
	<42.513874, 39.378422, 50.122040>,  <43.176598, 39.385719, 49.937176>, 0.130000
	pigment { color rgbt <1,0,0,0> }
	no_shadow
}

// nucleotide -1

// particle -1
sphere {
	<42.513874, 39.378422, 50.122040> 0.250000
	pigment { color rgbt <1,0,0,0> }
	no_shadow
}
cylinder {
	<42.599228, 38.987892, 50.136215>,  <42.650440, 38.753574, 50.144722>, 0.100000
	pigment { color rgbt <1,0,0,0> }
	no_shadow
}
cylinder {
	<42.599228, 38.987892, 50.136215>,  <42.513874, 39.378422, 50.122040>, 0.100000
	pigment { color rgbt <1,0,0,0> }
	no_shadow
}

// particle -1
sphere {
	<42.599228, 38.987892, 50.136215> 0.100000
	pigment { color rgbt <1,0,0,0> }
	no_shadow
}
sphere {
	0, 1
	scale<0.080000,0.200000,0.300000>
	matrix <-0.461452, -0.068747, 0.884497,
		-0.861121, -0.205092, -0.465197,
		0.213384, -0.976325, 0.035441,
		42.663242, 38.694996, 50.146847>
	pigment { color rgbt <0,1,1,0> }
	no_shadow
}
cylinder {
	<41.897545, 38.989761, 50.461895>,  <42.513874, 39.378422, 50.122040>, 0.130000
	pigment { color rgbt <1,0,0,0> }
	no_shadow
}

// nucleotide -1

// particle -1
sphere {
	<41.897545, 38.989761, 50.461895> 0.250000
	pigment { color rgbt <1,0,0,0> }
	no_shadow
}
cylinder {
	<42.201591, 38.734909, 50.512939>,  <42.384018, 38.581997, 50.543568>, 0.100000
	pigment { color rgbt <1,0,0,0> }
	no_shadow
}
cylinder {
	<42.201591, 38.734909, 50.512939>,  <41.897545, 38.989761, 50.461895>, 0.100000
	pigment { color rgbt <1,0,0,0> }
	no_shadow
}

// particle -1
sphere {
	<42.201591, 38.734909, 50.512939> 0.100000
	pigment { color rgbt <1,0,0,0> }
	no_shadow
}
sphere {
	0, 1
	scale<0.080000,0.200000,0.300000>
	matrix <-0.395936, -0.298426, 0.868433,
		-0.515225, -0.710636, -0.479103,
		0.760117, -0.637132, 0.127610,
		42.429626, 38.543770, 50.551224>
	pigment { color rgbt <0,1,1,0> }
	no_shadow
}
cylinder {
	<41.534794, 38.364639, 50.656364>,  <41.897545, 38.989761, 50.461895>, 0.130000
	pigment { color rgbt <1,0,0,0> }
	no_shadow
}

// nucleotide -1

// particle -1
sphere {
	<41.534794, 38.364639, 50.656364> 0.250000
	pigment { color rgbt <1,0,0,0> }
	no_shadow
}
cylinder {
	<41.913647, 38.333389, 50.780838>,  <42.140957, 38.314640, 50.855522>, 0.100000
	pigment { color rgbt <1,0,0,0> }
	no_shadow
}
cylinder {
	<41.913647, 38.333389, 50.780838>,  <41.534794, 38.364639, 50.656364>, 0.100000
	pigment { color rgbt <1,0,0,0> }
	no_shadow
}

// particle -1
sphere {
	<41.913647, 38.333389, 50.780838> 0.100000
	pigment { color rgbt <1,0,0,0> }
	no_shadow
}
sphere {
	0, 1
	scale<0.080000,0.200000,0.300000>
	matrix <-0.317848, -0.360730, 0.876839,
		0.043750, -0.929393, -0.366491,
		0.947132, -0.078127, 0.311188,
		42.197784, 38.309952, 50.874195>
	pigment { color rgbt <0,1,1,0> }
	no_shadow
}
cylinder {
	<41.643501, 37.695366, 50.890671>,  <41.534794, 38.364639, 50.656364>, 0.130000
	pigment { color rgbt <1,0,0,0> }
	no_shadow
}

// nucleotide -1

// particle -1
sphere {
	<41.643501, 37.695366, 50.890671> 0.250000
	pigment { color rgbt <1,0,0,0> }
	no_shadow
}
cylinder {
	<41.928707, 37.914291, 51.065968>,  <42.099831, 38.045647, 51.171146>, 0.100000
	pigment { color rgbt <1,0,0,0> }
	no_shadow
}
cylinder {
	<41.928707, 37.914291, 51.065968>,  <41.643501, 37.695366, 50.890671>, 0.100000
	pigment { color rgbt <1,0,0,0> }
	no_shadow
}

// particle -1
sphere {
	<41.928707, 37.914291, 51.065968> 0.100000
	pigment { color rgbt <1,0,0,0> }
	no_shadow
}
sphere {
	0, 1
	scale<0.080000,0.200000,0.300000>
	matrix <-0.238602, -0.398328, 0.885666,
		0.659301, -0.736059, -0.153425,
		0.713016, 0.547313, 0.438243,
		42.142612, 38.078484, 51.197441>
	pigment { color rgbt <0,1,1,0> }
	no_shadow
}
cylinder {
	<41.919735, 37.215256, 51.419498>,  <41.643501, 37.695366, 50.890671>, 0.130000
	pigment { color rgbt <1,0,0,0> }
	no_shadow
}

// nucleotide -1

// particle -1
sphere {
	<41.919735, 37.215256, 51.419498> 0.250000
	pigment { color rgbt <1,0,0,0> }
	no_shadow
}
cylinder {
	<42.043442, 37.581764, 51.521324>,  <42.117664, 37.801670, 51.582420>, 0.100000
	pigment { color rgbt <1,0,0,0> }
	no_shadow
}
cylinder {
	<42.043442, 37.581764, 51.521324>,  <41.919735, 37.215256, 51.419498>, 0.100000
	pigment { color rgbt <1,0,0,0> }
	no_shadow
}

// particle -1
sphere {
	<42.043442, 37.581764, 51.521324> 0.100000
	pigment { color rgbt <1,0,0,0> }
	no_shadow
}
sphere {
	0, 1
	scale<0.080000,0.200000,0.300000>
	matrix <-0.252107, -0.179111, 0.950979,
		0.916949, -0.358285, 0.175605,
		0.309268, 0.916270, 0.254562,
		42.136223, 37.856644, 51.597694>
	pigment { color rgbt <0,1,1,0> }
	no_shadow
}
cylinder {
	<42.300243, 37.160255, 52.143112>,  <41.919735, 37.215256, 51.419498>, 0.130000
	pigment { color rgbt <1,0,0,0> }
	no_shadow
}

// nucleotide -1

// particle -1
sphere {
	<42.300243, 37.160255, 52.143112> 0.250000
	pigment { color rgbt <1,0,0,0> }
	no_shadow
}
cylinder {
	<42.190987, 37.542801, 52.101601>,  <42.125431, 37.772327, 52.076694>, 0.100000
	pigment { color rgbt <1,0,0,0> }
	no_shadow
}
cylinder {
	<42.190987, 37.542801, 52.101601>,  <42.300243, 37.160255, 52.143112>, 0.100000
	pigment { color rgbt <1,0,0,0> }
	no_shadow
}

// particle -1
sphere {
	<42.190987, 37.542801, 52.101601> 0.100000
	pigment { color rgbt <1,0,0,0> }
	no_shadow
}
sphere {
	0, 1
	scale<0.080000,0.200000,0.300000>
	matrix <-0.495623, -0.047445, 0.867241,
		0.824471, 0.288313, 0.486953,
		-0.273141, 0.956360, -0.103778,
		42.109043, 37.829708, 52.070469>
	pigment { color rgbt <0,1,1,0> }
	no_shadow
}
cylinder {
	<42.323303, 37.361023, 52.825275>,  <42.300243, 37.160255, 52.143112>, 0.130000
	pigment { color rgbt <1,0,0,0> }
	no_shadow
}

// nucleotide -1

// particle -1
sphere {
	<42.323303, 37.361023, 52.825275> 0.250000
	pigment { color rgbt <1,0,0,0> }
	no_shadow
}
cylinder {
	<42.087784, 37.601707, 52.609398>,  <41.946472, 37.746117, 52.479870>, 0.100000
	pigment { color rgbt <1,0,0,0> }
	no_shadow
}
cylinder {
	<42.087784, 37.601707, 52.609398>,  <42.323303, 37.361023, 52.825275>, 0.100000
	pigment { color rgbt <1,0,0,0> }
	no_shadow
}

// particle -1
sphere {
	<42.087784, 37.601707, 52.609398> 0.100000
	pigment { color rgbt <1,0,0,0> }
	no_shadow
}
sphere {
	0, 1
	scale<0.080000,0.200000,0.300000>
	matrix <-0.569025, 0.165636, 0.805466,
		0.574047, 0.781353, 0.244861,
		-0.588796, 0.601708, -0.539692,
		41.911144, 37.782219, 52.447491>
	pigment { color rgbt <0,1,1,0> }
	no_shadow
}
cylinder {
	<42.255264, 37.908596, 53.245483>,  <42.323303, 37.361023, 52.825275>, 0.130000
	pigment { color rgbt <1,0,0,0> }
	no_shadow
}

// nucleotide -1

// particle -1
sphere {
	<42.255264, 37.908596, 53.245483> 0.250000
	pigment { color rgbt <1,0,0,0> }
	no_shadow
}
cylinder {
	<41.934181, 37.932236, 53.008110>,  <41.741531, 37.946419, 52.865685>, 0.100000
	pigment { color rgbt <1,0,0,0> }
	no_shadow
}
cylinder {
	<41.934181, 37.932236, 53.008110>,  <42.255264, 37.908596, 53.245483>, 0.100000
	pigment { color rgbt <1,0,0,0> }
	no_shadow
}

// particle -1
sphere {
	<41.934181, 37.932236, 53.008110> 0.100000
	pigment { color rgbt <1,0,0,0> }
	no_shadow
}
sphere {
	0, 1
	scale<0.080000,0.200000,0.300000>
	matrix <-0.527789, 0.392888, 0.753045,
		0.277657, 0.917685, -0.284184,
		-0.802711, 0.059099, -0.593433,
		41.693367, 37.949966, 52.830082>
	pigment { color rgbt <0,1,1,0> }
	no_shadow
}
cylinder {
	<42.047653, 38.551846, 53.346489>,  <42.255264, 37.908596, 53.245483>, 0.130000
	pigment { color rgbt <1,0,0,0> }
	no_shadow
}

// nucleotide -1

// particle -1
sphere {
	<42.047653, 38.551846, 53.346489> 0.250000
	pigment { color rgbt <1,0,0,0> }
	no_shadow
}
cylinder {
	<41.732021, 38.361191, 53.191483>,  <41.542641, 38.246799, 53.098476>, 0.100000
	pigment { color rgbt <1,0,0,0> }
	no_shadow
}
cylinder {
	<41.732021, 38.361191, 53.191483>,  <42.047653, 38.551846, 53.346489>, 0.100000
	pigment { color rgbt <1,0,0,0> }
	no_shadow
}

// particle -1
sphere {
	<41.732021, 38.361191, 53.191483> 0.100000
	pigment { color rgbt <1,0,0,0> }
	no_shadow
}
sphere {
	0, 1
	scale<0.080000,0.200000,0.300000>
	matrix <-0.599768, 0.461418, 0.653736,
		-0.132786, 0.748272, -0.649967,
		-0.789079, -0.476636, -0.387520,
		41.495296, 38.218201, 53.075226>
	pigment { color rgbt <0,1,1,0> }
	no_shadow
}
cylinder {
	<41.504177, 39.016281, 53.457397>,  <42.047653, 38.551846, 53.346489>, 0.130000
	pigment { color rgbt <1,0,0,0> }
	no_shadow
}

// nucleotide -1

// particle -1
sphere {
	<41.504177, 39.016281, 53.457397> 0.250000
	pigment { color rgbt <1,0,0,0> }
	no_shadow
}
cylinder {
	<41.300316, 38.677917, 53.394539>,  <41.178001, 38.474899, 53.356823>, 0.100000
	pigment { color rgbt <1,0,0,0> }
	no_shadow
}
cylinder {
	<41.300316, 38.677917, 53.394539>,  <41.504177, 39.016281, 53.457397>, 0.100000
	pigment { color rgbt <1,0,0,0> }
	no_shadow
}

// particle -1
sphere {
	<41.300316, 38.677917, 53.394539> 0.100000
	pigment { color rgbt <1,0,0,0> }
	no_shadow
}
sphere {
	0, 1
	scale<0.080000,0.200000,0.300000>
	matrix <-0.674556, 0.279475, 0.683278,
		-0.534070, 0.454240, -0.713047,
		-0.509651, -0.845907, -0.157151,
		41.147419, 38.424145, 53.347393>
	pigment { color rgbt <0,1,1,0> }
	no_shadow
}
cylinder {
	<40.821659, 39.281414, 53.416374>,  <41.504177, 39.016281, 53.457397>, 0.130000
	pigment { color rgbt <1,0,0,0> }
	no_shadow
}

// nucleotide -1

// particle -1
sphere {
	<40.821659, 39.281414, 53.416374> 0.250000
	pigment { color rgbt <1,0,0,0> }
	no_shadow
}
cylinder {
	<40.831879, 38.888184, 53.488937>,  <40.838013, 38.652245, 53.532475>, 0.100000
	pigment { color rgbt <1,0,0,0> }
	no_shadow
}
cylinder {
	<40.831879, 38.888184, 53.488937>,  <40.821659, 39.281414, 53.416374>, 0.100000
	pigment { color rgbt <1,0,0,0> }
	no_shadow
}

// particle -1
sphere {
	<40.831879, 38.888184, 53.488937> 0.100000
	pigment { color rgbt <1,0,0,0> }
	no_shadow
}
sphere {
	0, 1
	scale<0.080000,0.200000,0.300000>
	matrix <-0.581078, 0.133054, 0.802898,
		-0.813446, -0.125926, -0.567845,
		0.025552, -0.983077, 0.181405,
		40.839542, 38.593262, 53.543358>
	pigment { color rgbt <0,1,1,0> }
	no_shadow
}
cylinder {
	<40.176083, 39.041271, 53.686813>,  <40.821659, 39.281414, 53.416374>, 0.130000
	pigment { color rgbt <1,0,0,0> }
	no_shadow
}

// nucleotide -1

// particle -1
sphere {
	<40.176083, 39.041271, 53.686813> 0.250000
	pigment { color rgbt <1,0,0,0> }
	no_shadow
}
cylinder {
	<40.429420, 38.767326, 53.830948>,  <40.581421, 38.602959, 53.917427>, 0.100000
	pigment { color rgbt <1,0,0,0> }
	no_shadow
}
cylinder {
	<40.429420, 38.767326, 53.830948>,  <40.176083, 39.041271, 53.686813>, 0.100000
	pigment { color rgbt <1,0,0,0> }
	no_shadow
}

// particle -1
sphere {
	<40.429420, 38.767326, 53.830948> 0.100000
	pigment { color rgbt <1,0,0,0> }
	no_shadow
}
sphere {
	0, 1
	scale<0.080000,0.200000,0.300000>
	matrix <-0.468333, 0.031480, 0.882991,
		-0.616072, -0.727991, -0.300806,
		0.633340, -0.684863, 0.360336,
		40.619423, 38.561867, 53.939049>
	pigment { color rgbt <0,1,1,0> }
	no_shadow
}
cylinder {
	<39.674458, 38.527130, 54.101330>,  <40.176083, 39.041271, 53.686813>, 0.130000
	pigment { color rgbt <1,0,0,0> }
	no_shadow
}

// nucleotide -1

// particle -1
sphere {
	<39.674458, 38.527130, 54.101330> 0.250000
	pigment { color rgbt <1,0,0,0> }
	no_shadow
}
cylinder {
	<40.040005, 38.435799, 54.235619>,  <40.259335, 38.381001, 54.316193>, 0.100000
	pigment { color rgbt <1,0,0,0> }
	no_shadow
}
cylinder {
	<40.040005, 38.435799, 54.235619>,  <39.674458, 38.527130, 54.101330>, 0.100000
	pigment { color rgbt <1,0,0,0> }
	no_shadow
}

// particle -1
sphere {
	<40.040005, 38.435799, 54.235619> 0.100000
	pigment { color rgbt <1,0,0,0> }
	no_shadow
}
sphere {
	0, 1
	scale<0.080000,0.200000,0.300000>
	matrix <-0.335519, 0.040935, 0.941144,
		-0.228636, -0.972722, -0.039201,
		0.913867, -0.228332, 0.335727,
		40.314163, 38.367298, 54.336338>
	pigment { color rgbt <0,1,1,0> }
	no_shadow
}
cylinder {
	<39.624222, 38.036587, 54.561302>,  <39.674458, 38.527130, 54.101330>, 0.130000
	pigment { color rgbt <1,0,0,0> }
	no_shadow
}

// nucleotide -1

// particle -1
sphere {
	<39.624222, 38.036587, 54.561302> 0.250000
	pigment { color rgbt <1,0,0,0> }
	no_shadow
}
cylinder {
	<39.992840, 38.171783, 54.637737>,  <40.214012, 38.252903, 54.683598>, 0.100000
	pigment { color rgbt <1,0,0,0> }
	no_shadow
}
cylinder {
	<39.992840, 38.171783, 54.637737>,  <39.624222, 38.036587, 54.561302>, 0.100000
	pigment { color rgbt <1,0,0,0> }
	no_shadow
}

// particle -1
sphere {
	<39.992840, 38.171783, 54.637737> 0.100000
	pigment { color rgbt <1,0,0,0> }
	no_shadow
}
sphere {
	0, 1
	scale<0.080000,0.200000,0.300000>
	matrix <-0.240487, 0.110502, 0.964342,
		0.304828, -0.934638, 0.183116,
		0.921546, 0.337995, 0.191084,
		40.269302, 38.273182, 54.695061>
	pigment { color rgbt <0,1,1,0> }
	no_shadow
}
cylinder {
	<39.869858, 37.585358, 54.970802>,  <39.624222, 38.036587, 54.561302>, 0.130000
	pigment { color rgbt <1,0,0,0> }
	no_shadow
}

// nucleotide -1

// particle -1
sphere {
	<39.869858, 37.585358, 54.970802> 0.250000
	pigment { color rgbt <1,0,0,0> }
	no_shadow
}
cylinder {
	<40.084534, 37.916512, 55.036011>,  <40.213337, 38.115204, 55.075138>, 0.100000
	pigment { color rgbt <1,0,0,0> }
	no_shadow
}
cylinder {
	<40.084534, 37.916512, 55.036011>,  <39.869858, 37.585358, 54.970802>, 0.100000
	pigment { color rgbt <1,0,0,0> }
	no_shadow
}

// particle -1
sphere {
	<40.084534, 37.916512, 55.036011> 0.100000
	pigment { color rgbt <1,0,0,0> }
	no_shadow
}
sphere {
	0, 1
	scale<0.080000,0.200000,0.300000>
	matrix <-0.297862, 0.005118, 0.954595,
		0.789460, -0.560875, 0.249342,
		0.536685, 0.827884, 0.163023,
		40.245541, 38.164875, 55.084919>
	pigment { color rgbt <0,1,1,0> }
	no_shadow
}
cylinder {
	<40.270554, 37.393147, 55.517658>,  <39.869858, 37.585358, 54.970802>, 0.130000
	pigment { color rgbt <1,0,0,0> }
	no_shadow
}

// nucleotide -1

// particle -1
sphere {
	<40.270554, 37.393147, 55.517658> 0.250000
	pigment { color rgbt <1,0,0,0> }
	no_shadow
}
cylinder {
	<40.229843, 37.790245, 55.492081>,  <40.205418, 38.028503, 55.476734>, 0.100000
	pigment { color rgbt <1,0,0,0> }
	no_shadow
}
cylinder {
	<40.229843, 37.790245, 55.492081>,  <40.270554, 37.393147, 55.517658>, 0.100000
	pigment { color rgbt <1,0,0,0> }
	no_shadow
}

// particle -1
sphere {
	<40.229843, 37.790245, 55.492081> 0.100000
	pigment { color rgbt <1,0,0,0> }
	no_shadow
}
sphere {
	0, 1
	scale<0.080000,0.200000,0.300000>
	matrix <-0.204007, 0.042081, 0.978065,
		0.973665, 0.112587, 0.198245,
		-0.101775, 0.992750, -0.063941,
		40.199310, 38.088070, 55.472897>
	pigment { color rgbt <0,1,1,0> }
	no_shadow
}
cylinder {
	<40.667671, 37.589005, 56.115002>,  <40.270554, 37.393147, 55.517658>, 0.130000
	pigment { color rgbt <1,0,0,0> }
	no_shadow
}

// nucleotide -1

// particle -1
sphere {
	<40.667671, 37.589005, 56.115002> 0.250000
	pigment { color rgbt <1,0,0,0> }
	no_shadow
}
cylinder {
	<40.429470, 37.898407, 56.028221>,  <40.286549, 38.084049, 55.976154>, 0.100000
	pigment { color rgbt <1,0,0,0> }
	no_shadow
}
cylinder {
	<40.429470, 37.898407, 56.028221>,  <40.667671, 37.589005, 56.115002>, 0.100000
	pigment { color rgbt <1,0,0,0> }
	no_shadow
}

// particle -1
sphere {
	<40.429470, 37.898407, 56.028221> 0.100000
	pigment { color rgbt <1,0,0,0> }
	no_shadow
}
sphere {
	0, 1
	scale<0.080000,0.200000,0.300000>
	matrix <-0.289041, 0.045673, 0.956227,
		0.749556, 0.632141, 0.196376,
		-0.595501, 0.773506, -0.216949,
		40.250820, 38.130459, 55.963135>
	pigment { color rgbt <0,1,1,0> }
	no_shadow
}
cylinder {
	<40.757439, 38.116871, 56.715702>,  <40.667671, 37.589005, 56.115002>, 0.130000
	pigment { color rgbt <1,0,0,0> }
	no_shadow
}

// nucleotide -1

// particle -1
sphere {
	<40.757439, 38.116871, 56.715702> 0.250000
	pigment { color rgbt <1,0,0,0> }
	no_shadow
}
cylinder {
	<40.429710, 38.241127, 56.522949>,  <40.233074, 38.315681, 56.407295>, 0.100000
	pigment { color rgbt <1,0,0,0> }
	no_shadow
}
cylinder {
	<40.429710, 38.241127, 56.522949>,  <40.757439, 38.116871, 56.715702>, 0.100000
	pigment { color rgbt <1,0,0,0> }
	no_shadow
}

// particle -1
sphere {
	<40.429710, 38.241127, 56.522949> 0.100000
	pigment { color rgbt <1,0,0,0> }
	no_shadow
}
sphere {
	0, 1
	scale<0.080000,0.200000,0.300000>
	matrix <-0.300308, 0.483453, 0.822246,
		0.488388, 0.818400, -0.302818,
		-0.819325, 0.310636, -0.481884,
		40.183914, 38.334316, 56.378384>
	pigment { color rgbt <0,1,1,0> }
	no_shadow
}
cylinder {
	<40.738556, 38.864113, 56.778122>,  <40.757439, 38.116871, 56.715702>, 0.130000
	pigment { color rgbt <1,0,0,0> }
	no_shadow
}

// nucleotide -1

// particle -1
sphere {
	<40.738556, 38.864113, 56.778122> 0.250000
	pigment { color rgbt <1,0,0,0> }
	no_shadow
}
cylinder {
	<40.365387, 38.726654, 56.735119>,  <40.141483, 38.644180, 56.709316>, 0.100000
	pigment { color rgbt <1,0,0,0> }
	no_shadow
}
cylinder {
	<40.365387, 38.726654, 56.735119>,  <40.738556, 38.864113, 56.778122>, 0.100000
	pigment { color rgbt <1,0,0,0> }
	no_shadow
}

// particle -1
sphere {
	<40.365387, 38.726654, 56.735119> 0.100000
	pigment { color rgbt <1,0,0,0> }
	no_shadow
}
sphere {
	0, 1
	scale<0.080000,0.200000,0.300000>
	matrix <-0.261581, 0.441639, 0.858213,
		-0.247442, 0.828771, -0.501908,
		-0.932924, -0.343648, -0.107510,
		40.085510, 38.623558, 56.702866>
	pigment { color rgbt <0,1,1,0> }
	no_shadow
}
cylinder {
	<40.394875, 39.407040, 57.065189>,  <40.738556, 38.864113, 56.778122>, 0.130000
	pigment { color rgbt <1,0,0,0> }
	no_shadow
}

// nucleotide -1

// particle -1
sphere {
	<40.394875, 39.407040, 57.065189> 0.250000
	pigment { color rgbt <1,0,0,0> }
	no_shadow
}
cylinder {
	<40.138466, 39.101555, 57.034649>,  <39.984619, 38.918262, 57.016323>, 0.100000
	pigment { color rgbt <1,0,0,0> }
	no_shadow
}
cylinder {
	<40.138466, 39.101555, 57.034649>,  <40.394875, 39.407040, 57.065189>, 0.100000
	pigment { color rgbt <1,0,0,0> }
	no_shadow
}

// particle -1
sphere {
	<40.138466, 39.101555, 57.034649> 0.100000
	pigment { color rgbt <1,0,0,0> }
	no_shadow
}
sphere {
	0, 1
	scale<0.080000,0.200000,0.300000>
	matrix <-0.424308, 0.269725, 0.864414,
		-0.639571, 0.586506, -0.496950,
		-0.641024, -0.763714, -0.076351,
		39.946159, 38.872440, 57.011742>
	pigment { color rgbt <0,1,1,0> }
	no_shadow
}
cylinder {
	<39.896812, 39.673298, 57.394073>,  <40.394875, 39.407040, 57.065189>, 0.130000
	pigment { color rgbt <1,0,0,0> }
	no_shadow
}

// nucleotide -1

// particle -1
sphere {
	<39.896812, 39.673298, 57.394073> 0.250000
	pigment { color rgbt <1,0,0,0> }
	no_shadow
}
cylinder {
	<39.785458, 39.289253, 57.383606>,  <39.718643, 39.058826, 57.377327>, 0.100000
	pigment { color rgbt <1,0,0,0> }
	no_shadow
}
cylinder {
	<39.785458, 39.289253, 57.383606>,  <39.896812, 39.673298, 57.394073>, 0.100000
	pigment { color rgbt <1,0,0,0> }
	no_shadow
}

// particle -1
sphere {
	<39.785458, 39.289253, 57.383606> 0.100000
	pigment { color rgbt <1,0,0,0> }
	no_shadow
}
sphere {
	0, 1
	scale<0.080000,0.200000,0.300000>
	matrix <-0.407533, 0.093408, 0.908400,
		-0.869722, 0.263554, -0.417281,
		-0.278390, -0.960111, -0.026168,
		39.701942, 39.001221, 57.375755>
	pigment { color rgbt <0,1,1,0> }
	no_shadow
}
cylinder {
	<39.280663, 39.687855, 57.680782>,  <39.896812, 39.673298, 57.394073>, 0.130000
	pigment { color rgbt <1,0,0,0> }
	no_shadow
}

// nucleotide -1

// particle -1
sphere {
	<39.280663, 39.687855, 57.680782> 0.250000
	pigment { color rgbt <1,0,0,0> }
	no_shadow
}
cylinder {
	<39.373638, 39.301048, 57.722450>,  <39.429424, 39.068966, 57.747452>, 0.100000
	pigment { color rgbt <1,0,0,0> }
	no_shadow
}
cylinder {
	<39.373638, 39.301048, 57.722450>,  <39.280663, 39.687855, 57.680782>, 0.100000
	pigment { color rgbt <1,0,0,0> }
	no_shadow
}

// particle -1
sphere {
	<39.373638, 39.301048, 57.722450> 0.100000
	pigment { color rgbt <1,0,0,0> }
	no_shadow
}
sphere {
	0, 1
	scale<0.080000,0.200000,0.300000>
	matrix <-0.382950, 0.007457, 0.923739,
		-0.894048, -0.254603, -0.368586,
		0.232438, -0.967017, 0.104167,
		39.443371, 39.010944, 57.753700>
	pigment { color rgbt <0,1,1,0> }
	no_shadow
}
cylinder {
	<38.759827, 39.378849, 58.014214>,  <39.280663, 39.687855, 57.680782>, 0.130000
	pigment { color rgbt <1,0,0,0> }
	no_shadow
}

// nucleotide -1

// particle -1
sphere {
	<38.759827, 39.378849, 58.014214> 0.250000
	pigment { color rgbt <1,0,0,0> }
	no_shadow
}
cylinder {
	<39.057835, 39.124031, 58.093330>,  <39.236637, 38.971142, 58.140800>, 0.100000
	pigment { color rgbt <1,0,0,0> }
	no_shadow
}
cylinder {
	<39.057835, 39.124031, 58.093330>,  <38.759827, 39.378849, 58.014214>, 0.100000
	pigment { color rgbt <1,0,0,0> }
	no_shadow
}

// particle -1
sphere {
	<39.057835, 39.124031, 58.093330> 0.100000
	pigment { color rgbt <1,0,0,0> }
	no_shadow
}
sphere {
	0, 1
	scale<0.080000,0.200000,0.300000>
	matrix <-0.322194, -0.084040, 0.942936,
		-0.584072, -0.766230, -0.267864,
		0.745017, -0.637047, 0.197789,
		39.281342, 38.932919, 58.152668>
	pigment { color rgbt <0,1,1,0> }
	no_shadow
}
cylinder {
	<38.478764, 38.897297, 58.328110>,  <38.759827, 39.378849, 58.014214>, 0.130000
	pigment { color rgbt <1,0,0,0> }
	no_shadow
}

// nucleotide -1

// particle -1
sphere {
	<38.478764, 38.897297, 58.328110> 0.250000
	pigment { color rgbt <1,0,0,0> }
	no_shadow
}
cylinder {
	<38.861382, 38.867149, 58.440777>,  <39.090954, 38.849060, 58.508377>, 0.100000
	pigment { color rgbt <1,0,0,0> }
	no_shadow
}
cylinder {
	<38.861382, 38.867149, 58.440777>,  <38.478764, 38.897297, 58.328110>, 0.100000
	pigment { color rgbt <1,0,0,0> }
	no_shadow
}

// particle -1
sphere {
	<38.861382, 38.867149, 58.440777> 0.100000
	pigment { color rgbt <1,0,0,0> }
	no_shadow
}
sphere {
	0, 1
	scale<0.080000,0.200000,0.300000>
	matrix <-0.279050, 0.043467, 0.959292,
		-0.084548, -0.996208, 0.020546,
		0.956547, -0.075373, 0.281666,
		39.148346, 38.844536, 58.525276>
	pigment { color rgbt <0,1,1,0> }
	no_shadow
}
cylinder {
	<38.484135, 38.349007, 58.731976>,  <38.478764, 38.897297, 58.328110>, 0.130000
	pigment { color rgbt <1,0,0,0> }
	no_shadow
}

// nucleotide -1

// particle -1
sphere {
	<38.484135, 38.349007, 58.731976> 0.250000
	pigment { color rgbt <1,0,0,0> }
	no_shadow
}
cylinder {
	<38.798695, 38.570946, 58.840576>,  <38.987431, 38.704109, 58.905739>, 0.100000
	pigment { color rgbt <1,0,0,0> }
	no_shadow
}
cylinder {
	<38.798695, 38.570946, 58.840576>,  <38.484135, 38.349007, 58.731976>, 0.100000
	pigment { color rgbt <1,0,0,0> }
	no_shadow
}

// particle -1
sphere {
	<38.798695, 38.570946, 58.840576> 0.100000
	pigment { color rgbt <1,0,0,0> }
	no_shadow
}
sphere {
	0, 1
	scale<0.080000,0.200000,0.300000>
	matrix <-0.308703, -0.027701, 0.950755,
		0.535048, -0.831489, 0.149500,
		0.786401, 0.554850, 0.271504,
		39.034615, 38.737400, 58.922028>
	pigment { color rgbt <0,1,1,0> }
	no_shadow
}
cylinder {
	<38.707489, 38.059696, 59.414803>,  <38.484135, 38.349007, 58.731976>, 0.130000
	pigment { color rgbt <1,0,0,0> }
	no_shadow
}

// nucleotide -1

// particle -1
sphere {
	<38.707489, 38.059696, 59.414803> 0.250000
	pigment { color rgbt <1,0,0,0> }
	no_shadow
}
cylinder {
	<38.849144, 38.426926, 59.343548>,  <38.934135, 38.647263, 59.300793>, 0.100000
	pigment { color rgbt <1,0,0,0> }
	no_shadow
}
cylinder {
	<38.849144, 38.426926, 59.343548>,  <38.707489, 38.059696, 59.414803>, 0.100000
	pigment { color rgbt <1,0,0,0> }
	no_shadow
}

// particle -1
sphere {
	<38.849144, 38.426926, 59.343548> 0.100000
	pigment { color rgbt <1,0,0,0> }
	no_shadow
}
sphere {
	0, 1
	scale<0.080000,0.200000,0.300000>
	matrix <-0.213592, 0.264851, 0.940336,
