// switches for output
#declare DRAW_BASES = 1; // possible values are 0, 1; only relevant for DNA ribbons
#declare DRAW_BASES_TYPE = 3; // possible values are 1, 2, 3; only relevant for DNA ribbons
#declare DRAW_FOG = 0; // set to 1 to enable fog

#include "colors.inc"

#include "transforms.inc"
background { rgb <1, 1, 1>}

#default {
   normal{
       ripples 0.25
       frequency 0.20
       turbulence 0.2
       lambda 5
   }
	finish {
		phong 0.1
		phong_size 40.
	}
}

// original window dimensions: 1024x640


// camera settings

camera {
	sky <-0, 1, 0>
	up <-0, 1, 0>
	right 1.6 * <0.724836, 0, 0.688921>
	location <12.1561, 44.2, 77.9145>
	look_at <46.7464, 44.2, 41.5209>
	direction <34.5903, 0, -36.3936>
	angle 67.0682
}


# declare cpy_camera_pos = <12.1561, 44.2, 77.9145>;
# if (DRAW_FOG = 1)
fog {
	fog_type 2
	up vnormalize(cpy_camera_pos)
	color rgbt<1,1,1,0.3>
	distance 1e-5
	fog_alt 3e-3
	fog_offset 70.72
}
# end


// LIGHTS

# declare lum = 6;
global_settings {
	ambient_light rgb lum * <0.05, 0.05, 0.05>
	max_trace_level 15
}# declare cpy_direct_light_amount = 0.25;
light_source
{	1000 * <-0.0359156, -1, 1.41376>,
	rgb lum * cpy_direct_light_amount
	parallel
}

light_source
{	1000 * <0.0359156, 1, -1.41376>,
	rgb lum * cpy_direct_light_amount
	parallel
}

// strand 0

// nucleotide -1

// particle -1
sphere {
	<44.052563, 43.461758, 44.989536> 0.250000
	pigment { color rgbt <1,0,0,0> }
	no_shadow
}
cylinder {
	<44.306709, 43.758606, 45.074917>,  <44.459198, 43.936714, 45.126144>, 0.100000
	pigment { color rgbt <1,0,0,0> }
	no_shadow
}
cylinder {
	<44.306709, 43.758606, 45.074917>,  <44.052563, 43.461758, 44.989536>, 0.100000
	pigment { color rgbt <1,0,0,0> }
	no_shadow
}

// particle -1
sphere {
	<44.306709, 43.758606, 45.074917> 0.100000
	pigment { color rgbt <1,0,0,0> }
	no_shadow
}
sphere {
	0, 1
	scale<0.080000,0.200000,0.300000>
	matrix <0.186387, -0.415626, 0.890233,
		0.749379, -0.525840, -0.402397,
		0.635366, 0.742124, 0.213452,
		44.497318, 43.981243, 45.138954>
	pigment { color rgbt <0,1,1,0> }
	no_shadow
}
cylinder {
	<44.779610, 43.346485, 45.133514>,  <44.052563, 43.461758, 44.989536>, 0.130000
	pigment { color rgbt <1,0,0,0> }
	no_shadow
}

// nucleotide -1

// particle -1
sphere {
	<44.779610, 43.346485, 45.133514> 0.250000
	pigment { color rgbt <1,0,0,0> }
	no_shadow
}
cylinder {
	<44.632637, 43.646698, 45.353222>,  <44.544453, 43.826824, 45.485046>, 0.100000
	pigment { color rgbt <1,0,0,0> }
	no_shadow
}
cylinder {
	<44.632637, 43.646698, 45.353222>,  <44.779610, 43.346485, 45.133514>, 0.100000
	pigment { color rgbt <1,0,0,0> }
	no_shadow
}

// particle -1
sphere {
	<44.632637, 43.646698, 45.353222> 0.100000
	pigment { color rgbt <1,0,0,0> }
	no_shadow
}
sphere {
	0, 1
	scale<0.080000,0.200000,0.300000>
	matrix <0.207093, -0.509730, 0.835038,
		0.906702, 0.420567, 0.031860,
		-0.367429, 0.750532, 0.549270,
		44.522408, 43.871857, 45.518002>
	pigment { color rgbt <0,1,1,0> }
	no_shadow
}
cylinder {
	<45.236340, 43.438709, 45.622593>,  <44.779610, 43.346485, 45.133514>, 0.130000
	pigment { color rgbt <1,0,0,0> }
	no_shadow
}

// nucleotide -1

// particle -1
sphere {
	<45.236340, 43.438709, 45.622593> 0.250000
	pigment { color rgbt <1,0,0,0> }
	no_shadow
}
cylinder {
	<44.897598, 43.590118, 45.772022>,  <44.694355, 43.680965, 45.861679>, 0.100000
	pigment { color rgbt <1,0,0,0> }
	no_shadow
}
cylinder {
	<44.897598, 43.590118, 45.772022>,  <45.236340, 43.438709, 45.622593>, 0.100000
	pigment { color rgbt <1,0,0,0> }
	no_shadow
}

// particle -1
sphere {
	<44.897598, 43.590118, 45.772022> 0.100000
	pigment { color rgbt <1,0,0,0> }
	no_shadow
}
sphere {
	0, 1
	scale<0.080000,0.200000,0.300000>
	matrix <0.153188, -0.499056, 0.852923,
		0.509286, 0.779528, 0.364642,
		-0.846854, 0.378523, 0.373576,
		44.643543, 43.703674, 45.884094>
	pigment { color rgbt <0,1,1,0> }
	no_shadow
}
cylinder {
	<45.349163, 43.664227, 46.369450>,  <45.236340, 43.438709, 45.622593>, 0.130000
	pigment { color rgbt <1,0,0,0> }
	no_shadow
}

// nucleotide -1

// particle -1
sphere {
	<45.349163, 43.664227, 46.369450> 0.250000
	pigment { color rgbt <1,0,0,0> }
	no_shadow
}
cylinder {
	<44.953453, 43.612434, 46.342426>,  <44.716026, 43.581360, 46.326210>, 0.100000
	pigment { color rgbt <1,0,0,0> }
	no_shadow
}
cylinder {
	<44.953453, 43.612434, 46.342426>,  <45.349163, 43.664227, 46.369450>, 0.100000
	pigment { color rgbt <1,0,0,0> }
	no_shadow
}

// particle -1
sphere {
	<44.953453, 43.612434, 46.342426> 0.100000
	pigment { color rgbt <1,0,0,0> }
	no_shadow
}
sphere {
	0, 1
	scale<0.080000,0.200000,0.300000>
	matrix <0.005165, -0.493326, 0.869829,
		-0.145958, 0.860153, 0.488705,
		-0.989277, -0.129482, -0.067562,
		44.656670, 43.573589, 46.322159>
	pigment { color rgbt <0,1,1,0> }
	no_shadow
}
cylinder {
	<44.931652, 43.946968, 47.037922>,  <45.349163, 43.664227, 46.369450>, 0.130000
	pigment { color rgbt <1,0,0,0> }
	no_shadow
}

// nucleotide -1

// particle -1
sphere {
	<44.931652, 43.946968, 47.037922> 0.250000
	pigment { color rgbt <1,0,0,0> }
	no_shadow
}
cylinder {
	<44.689838, 43.672264, 46.876480>,  <44.544750, 43.507442, 46.779613>, 0.100000
	pigment { color rgbt <1,0,0,0> }
	no_shadow
}
cylinder {
	<44.689838, 43.672264, 46.876480>,  <44.931652, 43.946968, 47.037922>, 0.100000
	pigment { color rgbt <1,0,0,0> }
	no_shadow
}

// particle -1
sphere {
	<44.689838, 43.672264, 46.876480> 0.100000
	pigment { color rgbt <1,0,0,0> }
	no_shadow
}
sphere {
	0, 1
	scale<0.080000,0.200000,0.300000>
	matrix <-0.131562, -0.413638, 0.900886,
		-0.785636, 0.597719, 0.159709,
		-0.604538, -0.686757, -0.403607,
		44.508476, 43.466236, 46.755398>
	pigment { color rgbt <0,1,1,0> }
	no_shadow
}
cylinder {
	<44.333817, 44.021381, 47.564075>,  <44.931652, 43.946968, 47.037922>, 0.130000
	pigment { color rgbt <1,0,0,0> }
	no_shadow
}

// nucleotide -1

// particle -1
sphere {
	<44.333817, 44.021381, 47.564075> 0.250000
	pigment { color rgbt <1,0,0,0> }
	no_shadow
}
cylinder {
	<44.318111, 43.670685, 47.372330>,  <44.308689, 43.460266, 47.257282>, 0.100000
	pigment { color rgbt <1,0,0,0> }
	no_shadow
}
cylinder {
	<44.318111, 43.670685, 47.372330>,  <44.333817, 44.021381, 47.564075>, 0.100000
	pigment { color rgbt <1,0,0,0> }
	no_shadow
}

// particle -1
sphere {
	<44.318111, 43.670685, 47.372330> 0.100000
	pigment { color rgbt <1,0,0,0> }
	no_shadow
}
sphere {
	0, 1
	scale<0.080000,0.200000,0.300000>
	matrix <-0.285726, -0.449853, 0.846164,
		-0.957507, 0.170187, -0.232845,
		-0.039260, -0.876738, -0.479364,
		44.306332, 43.407665, 47.228519>
	pigment { color rgbt <0,1,1,0> }
	no_shadow
}
cylinder {
	<43.801319, 43.770504, 47.803692>,  <44.333817, 44.021381, 47.564075>, 0.130000
	pigment { color rgbt <1,0,0,0> }
	no_shadow
}

// nucleotide -1

// particle -1
sphere {
	<43.801319, 43.770504, 47.803692> 0.250000
	pigment { color rgbt <1,0,0,0> }
	no_shadow
}
cylinder {
	<43.982521, 43.448647, 47.650154>,  <44.091244, 43.255531, 47.558033>, 0.100000
	pigment { color rgbt <1,0,0,0> }
	no_shadow
}
cylinder {
	<43.982521, 43.448647, 47.650154>,  <43.801319, 43.770504, 47.803692>, 0.100000
	pigment { color rgbt <1,0,0,0> }
	no_shadow
}

// particle -1
sphere {
	<43.982521, 43.448647, 47.650154> 0.100000
	pigment { color rgbt <1,0,0,0> }
	no_shadow
}
sphere {
	0, 1
	scale<0.080000,0.200000,0.300000>
	matrix <-0.210445, -0.514898, 0.831019,
		-0.866315, -0.295677, -0.402584,
		0.453003, -0.804646, -0.383841,
		44.118423, 43.207253, 47.535004>
	pigment { color rgbt <0,1,1,0> }
	no_shadow
}
cylinder {
	<43.267818, 43.237835, 47.883907>,  <43.801319, 43.770504, 47.803692>, 0.130000
	pigment { color rgbt <1,0,0,0> }
	no_shadow
}

// nucleotide -1

// particle -1
sphere {
	<43.267818, 43.237835, 47.883907> 0.250000
	pigment { color rgbt <1,0,0,0> }
	no_shadow
}
cylinder {
	<43.633751, 43.079468, 47.852062>,  <43.853310, 42.984447, 47.832954>, 0.100000
	pigment { color rgbt <1,0,0,0> }
	no_shadow
}
cylinder {
	<43.633751, 43.079468, 47.852062>,  <43.267818, 43.237835, 47.883907>, 0.100000
	pigment { color rgbt <1,0,0,0> }
	no_shadow
}

// particle -1
sphere {
	<43.633751, 43.079468, 47.852062> 0.100000
	pigment { color rgbt <1,0,0,0> }
	no_shadow
}
sphere {
	0, 1
	scale<0.080000,0.200000,0.300000>
	matrix <-0.190475, -0.596853, 0.779414,
		-0.356105, -0.697864, -0.621430,
		0.914827, -0.395920, -0.079617,
		43.908199, 42.960693, 47.828178>
	pigment { color rgbt <0,1,1,0> }
	no_shadow
}
cylinder {
	<43.142010, 42.452579, 47.993713>,  <43.267818, 43.237835, 47.883907>, 0.130000
	pigment { color rgbt <1,0,0,0> }
	no_shadow
}

// nucleotide -1

// particle -1
sphere {
	<43.142010, 42.452579, 47.993713> 0.250000
	pigment { color rgbt <1,0,0,0> }
	no_shadow
}
cylinder {
	<43.533798, 42.512199, 48.048004>,  <43.768871, 42.547974, 48.080578>, 0.100000
	pigment { color rgbt <1,0,0,0> }
	no_shadow
}
cylinder {
	<43.533798, 42.512199, 48.048004>,  <43.142010, 42.452579, 47.993713>, 0.100000
	pigment { color rgbt <1,0,0,0> }
	no_shadow
}

// particle -1
sphere {
	<43.533798, 42.512199, 48.048004> 0.100000
	pigment { color rgbt <1,0,0,0> }
	no_shadow
}
sphere {
	0, 1
	scale<0.080000,0.200000,0.300000>
	matrix <-0.076349, -0.348839, 0.934068,
		0.186573, -0.925254, -0.330297,
		0.979470, 0.149054, 0.135726,
		43.827641, 42.556915, 48.088722>
	pigment { color rgbt <0,1,1,0> }
	no_shadow
}
cylinder {
	<43.299923, 41.876102, 48.287174>,  <43.142010, 42.452579, 47.993713>, 0.130000
	pigment { color rgbt <1,0,0,0> }
	no_shadow
}

// nucleotide -1

// particle -1
sphere {
	<43.299923, 41.876102, 48.287174> 0.250000
	pigment { color rgbt <1,0,0,0> }
	no_shadow
}
cylinder {
	<43.599915, 42.123520, 48.380924>,  <43.779907, 42.271973, 48.437176>, 0.100000
	pigment { color rgbt <1,0,0,0> }
	no_shadow
}
cylinder {
	<43.599915, 42.123520, 48.380924>,  <43.299923, 41.876102, 48.287174>, 0.100000
	pigment { color rgbt <1,0,0,0> }
	no_shadow
}

// particle -1
sphere {
	<43.599915, 42.123520, 48.380924> 0.100000
	pigment { color rgbt <1,0,0,0> }
	no_shadow
}
sphere {
	0, 1
	scale<0.080000,0.200000,0.300000>
	matrix <0.093432, -0.449839, 0.888209,
		0.654832, -0.644238, -0.395161,
		0.749977, 0.618548, 0.234376,
		43.824909, 42.309086, 48.451237>
	pigment { color rgbt <0,1,1,0> }
	no_shadow
}
cylinder {
	<43.875332, 41.467522, 48.717392>,  <43.299923, 41.876102, 48.287174>, 0.130000
	pigment { color rgbt <1,0,0,0> }
	no_shadow
}

// nucleotide -1

// particle -1
sphere {
	<43.875332, 41.467522, 48.717392> 0.250000
	pigment { color rgbt <1,0,0,0> }
	no_shadow
}
cylinder {
	<43.903824, 41.856995, 48.803997>,  <43.920921, 42.090679, 48.855961>, 0.100000
	pigment { color rgbt <1,0,0,0> }
	no_shadow
}
cylinder {
	<43.903824, 41.856995, 48.803997>,  <43.875332, 41.467522, 48.717392>, 0.100000
	pigment { color rgbt <1,0,0,0> }
	no_shadow
}

// particle -1
sphere {
	<43.903824, 41.856995, 48.803997> 0.100000
	pigment { color rgbt <1,0,0,0> }
	no_shadow
}
sphere {
	0, 1
	scale<0.080000,0.200000,0.300000>
	matrix <0.104497, -0.223152, 0.969167,
		0.991971, -0.046413, -0.117642,
		0.071234, 0.973678, 0.216511,
		43.925194, 42.149097, 48.868950>
	pigment { color rgbt <0,1,1,0> }
	no_shadow
}
cylinder {
	<44.343891, 41.468189, 49.256161>,  <43.875332, 41.467522, 48.717392>, 0.130000
	pigment { color rgbt <1,0,0,0> }
	no_shadow
}

// nucleotide -1

// particle -1
sphere {
	<44.343891, 41.468189, 49.256161> 0.250000
	pigment { color rgbt <1,0,0,0> }
	no_shadow
}
cylinder {
	<44.142002, 41.813126, 49.272285>,  <44.020866, 42.020088, 49.281960>, 0.100000
	pigment { color rgbt <1,0,0,0> }
	no_shadow
}
cylinder {
	<44.142002, 41.813126, 49.272285>,  <44.343891, 41.468189, 49.256161>, 0.100000
	pigment { color rgbt <1,0,0,0> }
	no_shadow
}

// particle -1
sphere {
	<44.142002, 41.813126, 49.272285> 0.100000
	pigment { color rgbt <1,0,0,0> }
	no_shadow
}
sphere {
	0, 1
	scale<0.080000,0.200000,0.300000>
	matrix <0.115242, 0.021029, 0.993115,
		0.855554, 0.505895, -0.109991,
		-0.504725, 0.862338, 0.040309,
		43.990585, 42.071827, 49.284378>
	pigment { color rgbt <0,1,1,0> }
	no_shadow
}
cylinder {
	<44.673523, 41.911602, 49.775696>,  <44.343891, 41.468189, 49.256161>, 0.130000
	pigment { color rgbt <1,0,0,0> }
	no_shadow
}

// nucleotide -1

// particle -1
sphere {
	<44.673523, 41.911602, 49.775696> 0.250000
	pigment { color rgbt <1,0,0,0> }
	no_shadow
}
cylinder {
	<44.321243, 42.094124, 49.724857>,  <44.109875, 42.203636, 49.694355>, 0.100000
	pigment { color rgbt <1,0,0,0> }
	no_shadow
}
cylinder {
	<44.321243, 42.094124, 49.724857>,  <44.673523, 41.911602, 49.775696>, 0.100000
	pigment { color rgbt <1,0,0,0> }
	no_shadow
}

// particle -1
sphere {
	<44.321243, 42.094124, 49.724857> 0.100000
	pigment { color rgbt <1,0,0,0> }
	no_shadow
}
sphere {
	0, 1
	scale<0.080000,0.200000,0.300000>
	matrix <-0.058480, 0.161522, 0.985135,
		0.470050, 0.875041, -0.115568,
		-0.880700, 0.456304, -0.127096,
		44.057034, 42.231014, 49.686729>
	pigment { color rgbt <0,1,1,0> }
	no_shadow
}
cylinder {
	<44.669079, 42.374626, 50.344864>,  <44.673523, 41.911602, 49.775696>, 0.130000
	pigment { color rgbt <1,0,0,0> }
	no_shadow
}

// nucleotide -1

// particle -1
sphere {
	<44.669079, 42.374626, 50.344864> 0.250000
	pigment { color rgbt <1,0,0,0> }
	no_shadow
}
cylinder {
	<44.286800, 42.396744, 50.229214>,  <44.057434, 42.410015, 50.159824>, 0.100000
	pigment { color rgbt <1,0,0,0> }
	no_shadow
}
cylinder {
	<44.286800, 42.396744, 50.229214>,  <44.669079, 42.374626, 50.344864>, 0.100000
	pigment { color rgbt <1,0,0,0> }
	no_shadow
}

// particle -1
sphere {
	<44.286800, 42.396744, 50.229214> 0.100000
	pigment { color rgbt <1,0,0,0> }
	no_shadow
}
sphere {
	0, 1
	scale<0.080000,0.200000,0.300000>
	matrix <-0.276741, 0.165953, 0.946506,
		0.100313, 0.984582, -0.143299,
		-0.955694, 0.055290, -0.289121,
		44.000092, 42.413330, 50.142479>
	pigment { color rgbt <0,1,1,0> }
	no_shadow
}
cylinder {
	<44.449802, 43.037655, 50.524738>,  <44.669079, 42.374626, 50.344864>, 0.130000
	pigment { color rgbt <1,0,0,0> }
	no_shadow
}

// nucleotide -1

// particle -1
sphere {
	<44.449802, 43.037655, 50.524738> 0.250000
	pigment { color rgbt <1,0,0,0> }
	no_shadow
}
cylinder {
	<44.147186, 42.776085, 50.522617>,  <43.965618, 42.619141, 50.521347>, 0.100000
	pigment { color rgbt <1,0,0,0> }
	no_shadow
}
cylinder {
	<44.147186, 42.776085, 50.522617>,  <44.449802, 43.037655, 50.524738>, 0.100000
	pigment { color rgbt <1,0,0,0> }
	no_shadow
}

// particle -1
sphere {
	<44.147186, 42.776085, 50.522617> 0.100000
	pigment { color rgbt <1,0,0,0> }
	no_shadow
}
sphere {
	0, 1
	scale<0.080000,0.200000,0.300000>
	matrix <-0.187035, 0.208606, 0.959949,
		-0.626633, 0.727228, -0.280125,
		-0.756538, -0.653929, -0.005298,
		43.920223, 42.579906, 50.521027>
	pigment { color rgbt <0,1,1,0> }
	no_shadow
}
cylinder {
	<43.867603, 43.393833, 50.812611>,  <44.449802, 43.037655, 50.524738>, 0.130000
	pigment { color rgbt <1,0,0,0> }
	no_shadow
}

// nucleotide -1

// particle -1
sphere {
	<43.867603, 43.393833, 50.812611> 0.250000
	pigment { color rgbt <1,0,0,0> }
	no_shadow
}
cylinder {
	<43.761528, 43.008720, 50.833485>,  <43.697884, 42.777653, 50.846008>, 0.100000
	pigment { color rgbt <1,0,0,0> }
	no_shadow
}
cylinder {
	<43.761528, 43.008720, 50.833485>,  <43.867603, 43.393833, 50.812611>, 0.100000
	pigment { color rgbt <1,0,0,0> }
	no_shadow
}

// particle -1
sphere {
	<43.761528, 43.008720, 50.833485> 0.100000
	pigment { color rgbt <1,0,0,0> }
	no_shadow
}
sphere {
	0, 1
	scale<0.080000,0.200000,0.300000>
	matrix <-0.308473, 0.135999, 0.941461,
		-0.913520, 0.233567, -0.333058,
		-0.265190, -0.962783, 0.052189,
		43.681973, 42.719887, 50.849140>
	pigment { color rgbt <0,1,1,0> }
	no_shadow
}
cylinder {
	<43.199921, 43.436596, 51.142750>,  <43.867603, 43.393833, 50.812611>, 0.130000
	pigment { color rgbt <1,0,0,0> }
	no_shadow
}

// nucleotide -1

// particle -1
sphere {
	<43.199921, 43.436596, 51.142750> 0.250000
	pigment { color rgbt <1,0,0,0> }
	no_shadow
}
cylinder {
	<43.342094, 43.068329, 51.207298>,  <43.427399, 42.847370, 51.246025>, 0.100000
	pigment { color rgbt <1,0,0,0> }
	no_shadow
}
cylinder {
	<43.342094, 43.068329, 51.207298>,  <43.199921, 43.436596, 51.142750>, 0.100000
	pigment { color rgbt <1,0,0,0> }
	no_shadow
}

// particle -1
sphere {
	<43.342094, 43.068329, 51.207298> 0.100000
	pigment { color rgbt <1,0,0,0> }
	no_shadow
}
sphere {
	0, 1
	scale<0.080000,0.200000,0.300000>
	matrix <-0.404798, 0.003990, 0.914397,
		-0.842498, -0.390331, -0.371266,
		0.355437, -0.920666, 0.161367,
		43.448727, 42.792130, 51.255707>
	pigment { color rgbt <0,1,1,0> }
	no_shadow
}
cylinder {
	<42.740887, 43.100502, 51.615997>,  <43.199921, 43.436596, 51.142750>, 0.130000
	pigment { color rgbt <1,0,0,0> }
	no_shadow
}

// nucleotide -1

// particle -1
sphere {
	<42.740887, 43.100502, 51.615997> 0.250000
	pigment { color rgbt <1,0,0,0> }
	no_shadow
}
cylinder {
	<43.046680, 42.846794, 51.662064>,  <43.230156, 42.694569, 51.689705>, 0.100000
	pigment { color rgbt <1,0,0,0> }
	no_shadow
}
cylinder {
	<43.046680, 42.846794, 51.662064>,  <42.740887, 43.100502, 51.615997>, 0.100000
	pigment { color rgbt <1,0,0,0> }
	no_shadow
}

// particle -1
sphere {
	<43.046680, 42.846794, 51.662064> 0.100000
	pigment { color rgbt <1,0,0,0> }
	no_shadow
}
sphere {
	0, 1
	scale<0.080000,0.200000,0.300000>
	matrix <-0.352741, -0.262061, 0.898275,
		-0.539565, -0.727345, -0.424074,
		0.764489, -0.634266, 0.115165,
		43.276028, 42.656513, 51.696613>
	pigment { color rgbt <0,1,1,0> }
	no_shadow
}
cylinder {
	<42.454479, 42.399254, 51.800915>,  <42.740887, 43.100502, 51.615997>, 0.130000
	pigment { color rgbt <1,0,0,0> }
	no_shadow
}

// nucleotide -1

// particle -1
sphere {
	<42.454479, 42.399254, 51.800915> 0.250000
	pigment { color rgbt <1,0,0,0> }
	no_shadow
}
cylinder {
	<42.836792, 42.408943, 51.918148>,  <43.066177, 42.414757, 51.988487>, 0.100000
	pigment { color rgbt <1,0,0,0> }
	no_shadow
}
cylinder {
	<42.836792, 42.408943, 51.918148>,  <42.454479, 42.399254, 51.800915>, 0.100000
	pigment { color rgbt <1,0,0,0> }
	no_shadow
}

// particle -1
sphere {
	<42.836792, 42.408943, 51.918148> 0.100000
	pigment { color rgbt <1,0,0,0> }
	no_shadow
}
sphere {
	0, 1
	scale<0.080000,0.200000,0.300000>
	matrix <-0.282697, -0.198928, 0.938355,
		0.081036, -0.979715, -0.183282,
		0.955780, 0.024227, 0.293083,
		43.123528, 42.416210, 52.006073>
	pigment { color rgbt <0,1,1,0> }
	no_shadow
}
cylinder {
	<42.371567, 41.942657, 52.300297>,  <42.454479, 42.399254, 51.800915>, 0.130000
	pigment { color rgbt <1,0,0,0> }
	no_shadow
}

// nucleotide -1

// particle -1
sphere {
	<42.371567, 41.942657, 52.300297> 0.250000
	pigment { color rgbt <1,0,0,0> }
	no_shadow
}
cylinder {
	<42.716919, 42.132393, 52.369099>,  <42.924129, 42.246235, 52.410381>, 0.100000
	pigment { color rgbt <1,0,0,0> }
	no_shadow
}
cylinder {
	<42.716919, 42.132393, 52.369099>,  <42.371567, 41.942657, 52.300297>, 0.100000
	pigment { color rgbt <1,0,0,0> }
	no_shadow
}

// particle -1
sphere {
	<42.716919, 42.132393, 52.369099> 0.100000
	pigment { color rgbt <1,0,0,0> }
	no_shadow
}
sphere {
	0, 1
	scale<0.080000,0.200000,0.300000>
	matrix <-0.134655, -0.111924, 0.984551,
		0.486260, -0.873200, -0.032761,
		0.863376, 0.474337, 0.172005,
		42.975933, 42.274693, 52.420700>
	pigment { color rgbt <0,1,1,0> }
	no_shadow
}
cylinder {
	<42.741417, 41.414448, 52.698750>,  <42.371567, 41.942657, 52.300297>, 0.130000
	pigment { color rgbt <1,0,0,0> }
	no_shadow
}

// nucleotide -1

// particle -1
sphere {
	<42.741417, 41.414448, 52.698750> 0.250000
	pigment { color rgbt <1,0,0,0> }
	no_shadow
}
cylinder {
	<42.868397, 41.790642, 52.747261>,  <42.944584, 42.016357, 52.776367>, 0.100000
	pigment { color rgbt <1,0,0,0> }
	no_shadow
}
cylinder {
	<42.868397, 41.790642, 52.747261>,  <42.741417, 41.414448, 52.698750>, 0.100000
	pigment { color rgbt <1,0,0,0> }
	no_shadow
}

// particle -1
sphere {
	<42.868397, 41.790642, 52.747261> 0.100000
	pigment { color rgbt <1,0,0,0> }
	no_shadow
}
sphere {
	0, 1
	scale<0.080000,0.200000,0.300000>
	matrix <-0.147267, -0.077449, 0.986060,
		0.936770, -0.330886, 0.113916,
		0.317451, 0.940487, 0.121281,
		42.963631, 42.072788, 52.783646>
	pigment { color rgbt <0,1,1,0> }
	no_shadow
}
cylinder {
	<43.197269, 41.361046, 53.276558>,  <42.741417, 41.414448, 52.698750>, 0.130000
	pigment { color rgbt <1,0,0,0> }
	no_shadow
}

// nucleotide -1

// particle -1
sphere {
	<43.197269, 41.361046, 53.276558> 0.250000
	pigment { color rgbt <1,0,0,0> }
	no_shadow
}
cylinder {
	<43.138924, 41.755951, 53.251144>,  <43.103916, 41.992893, 53.235897>, 0.100000
	pigment { color rgbt <1,0,0,0> }
	no_shadow
}
cylinder {
	<43.138924, 41.755951, 53.251144>,  <43.197269, 41.361046, 53.276558>, 0.100000
	pigment { color rgbt <1,0,0,0> }
	no_shadow
}

// particle -1
sphere {
	<43.138924, 41.755951, 53.251144> 0.100000
	pigment { color rgbt <1,0,0,0> }
	no_shadow
}
sphere {
	0, 1
	scale<0.080000,0.200000,0.300000>
	matrix <-0.290987, 0.018560, 0.956547,
		0.945542, 0.158015, 0.284573,
		-0.145867, 0.987262, -0.063530,
		43.095165, 42.052128, 53.232086>
	pigment { color rgbt <0,1,1,0> }
	no_shadow
}
cylinder {
	<43.497181, 41.568367, 53.844822>,  <43.197269, 41.361046, 53.276558>, 0.130000
	pigment { color rgbt <1,0,0,0> }
	no_shadow
}

// nucleotide -1

// particle -1
sphere {
	<43.497181, 41.568367, 53.844822> 0.250000
	pigment { color rgbt <1,0,0,0> }
	no_shadow
}
cylinder {
	<43.270256, 41.890511, 53.776058>,  <43.134102, 42.083797, 53.734798>, 0.100000
	pigment { color rgbt <1,0,0,0> }
	no_shadow
}
cylinder {
	<43.270256, 41.890511, 53.776058>,  <43.497181, 41.568367, 53.844822>, 0.100000
	pigment { color rgbt <1,0,0,0> }
	no_shadow
}

// particle -1
sphere {
	<43.270256, 41.890511, 53.776058> 0.100000
	pigment { color rgbt <1,0,0,0> }
	no_shadow
}
sphere {
	0, 1
	scale<0.080000,0.200000,0.300000>
	matrix <-0.015138, 0.198521, 0.979980,
		0.823364, 0.558557, -0.100432,
		-0.567312, 0.805360, -0.171910,
		43.100063, 42.132118, 53.724483>
	pigment { color rgbt <0,1,1,0> }
	no_shadow
}
cylinder {
	<43.792572, 42.145805, 54.257618>,  <43.497181, 41.568367, 53.844822>, 0.130000
	pigment { color rgbt <1,0,0,0> }
	no_shadow
}

// nucleotide -1

// particle -1
sphere {
	<43.792572, 42.145805, 54.257618> 0.250000
	pigment { color rgbt <1,0,0,0> }
	no_shadow
}
cylinder {
	<43.414467, 42.243881, 54.171486>,  <43.187603, 42.302727, 54.119808>, 0.100000
	pigment { color rgbt <1,0,0,0> }
	no_shadow
}
cylinder {
	<43.414467, 42.243881, 54.171486>,  <43.792572, 42.145805, 54.257618>, 0.100000
	pigment { color rgbt <1,0,0,0> }
	no_shadow
}

// particle -1
sphere {
	<43.414467, 42.243881, 54.171486> 0.100000
	pigment { color rgbt <1,0,0,0> }
	no_shadow
}
sphere {
	0, 1
	scale<0.080000,0.200000,0.300000>
	matrix <-0.102890, 0.402261, 0.909725,
		0.309671, 0.882082, -0.355014,
		-0.945261, 0.245188, -0.215326,
		43.130890, 42.317436, 54.106888>
	pigment { color rgbt <0,1,1,0> }
	no_shadow
}
cylinder {
	<43.765633, 42.922222, 54.481407>,  <43.792572, 42.145805, 54.257618>, 0.130000
	pigment { color rgbt <1,0,0,0> }
	no_shadow
}

// nucleotide -1

// particle -1
sphere {
	<43.765633, 42.922222, 54.481407> 0.250000
	pigment { color rgbt <1,0,0,0> }
	no_shadow
}
cylinder {
	<43.402855, 42.758156, 54.443001>,  <43.185188, 42.659714, 54.419956>, 0.100000
	pigment { color rgbt <1,0,0,0> }
	no_shadow
}
cylinder {
	<43.402855, 42.758156, 54.443001>,  <43.765633, 42.922222, 54.481407>, 0.100000
	pigment { color rgbt <1,0,0,0> }
	no_shadow
}

// particle -1
sphere {
	<43.402855, 42.758156, 54.443001> 0.100000
	pigment { color rgbt <1,0,0,0> }
	no_shadow
}
sphere {
	0, 1
	scale<0.080000,0.200000,0.300000>
	matrix <-0.177783, 0.166053, 0.969959,
		-0.381904, 0.896765, -0.223521,
		-0.906941, -0.410169, -0.096013,
		43.130772, 42.635105, 54.414196>
	pigment { color rgbt <0,1,1,0> }
	no_shadow
}
cylinder {
	<43.194328, 43.460361, 54.723080>,  <43.765633, 42.922222, 54.481407>, 0.130000
	pigment { color rgbt <1,0,0,0> }
	no_shadow
}

// nucleotide -1

// particle -1
sphere {
	<43.194328, 43.460361, 54.723080> 0.250000
	pigment { color rgbt <1,0,0,0> }
	no_shadow
}
cylinder {
	<43.023438, 43.099243, 54.742851>,  <42.920902, 42.882572, 54.754715>, 0.100000
	pigment { color rgbt <1,0,0,0> }
	no_shadow
}
cylinder {
	<43.023438, 43.099243, 54.742851>,  <43.194328, 43.460361, 54.723080>, 0.100000
	pigment { color rgbt <1,0,0,0> }
	no_shadow
}

// particle -1
sphere {
	<43.023438, 43.099243, 54.742851> 0.100000
	pigment { color rgbt <1,0,0,0> }
	no_shadow
}
sphere {
	0, 1
	scale<0.080000,0.200000,0.300000>
	matrix <-0.356156, 0.218285, 0.908573,
		-0.831043, 0.370561, -0.414792,
		-0.427225, -0.902793, 0.049427,
		42.895271, 42.828403, 54.757679>
	pigment { color rgbt <0,1,1,0> }
	no_shadow
}
cylinder {
	<42.504539, 43.653980, 54.832783>,  <43.194328, 43.460361, 54.723080>, 0.130000
	pigment { color rgbt <1,0,0,0> }
	no_shadow
}

// nucleotide -1

// particle -1
sphere {
	<42.504539, 43.653980, 54.832783> 0.250000
	pigment { color rgbt <1,0,0,0> }
	no_shadow
}
cylinder {
	<42.600159, 43.291458, 54.972191>,  <42.657532, 43.073944, 55.055836>, 0.100000
	pigment { color rgbt <1,0,0,0> }
	no_shadow
}
cylinder {
	<42.600159, 43.291458, 54.972191>,  <42.504539, 43.653980, 54.832783>, 0.100000
	pigment { color rgbt <1,0,0,0> }
	no_shadow
}

// particle -1
sphere {
	<42.600159, 43.291458, 54.972191> 0.100000
	pigment { color rgbt <1,0,0,0> }
	no_shadow
}
sphere {
	0, 1
	scale<0.080000,0.200000,0.300000>
	matrix <-0.336320, 0.259431, 0.905309,
		-0.910903, -0.333629, -0.242791,
		0.239050, -0.906304, 0.348523,
		42.671875, 43.019566, 55.076748>
	pigment { color rgbt <0,1,1,0> }
	no_shadow
}
cylinder {
	<41.996071, 43.614063, 55.415638>,  <42.504539, 43.653980, 54.832783>, 0.130000
	pigment { color rgbt <1,0,0,0> }
	no_shadow
}

// nucleotide -1

// particle -1
sphere {
	<41.996071, 43.614063, 55.415638> 0.250000
	pigment { color rgbt <1,0,0,0> }
	no_shadow
}
cylinder {
	<42.243679, 43.302917, 55.458977>,  <42.392242, 43.116230, 55.484982>, 0.100000
	pigment { color rgbt <1,0,0,0> }
	no_shadow
}
cylinder {
	<42.243679, 43.302917, 55.458977>,  <41.996071, 43.614063, 55.415638>, 0.100000
	pigment { color rgbt <1,0,0,0> }
	no_shadow
}

// particle -1
sphere {
	<42.243679, 43.302917, 55.458977> 0.100000
	pigment { color rgbt <1,0,0,0> }
	no_shadow
}
sphere {
	0, 1
	scale<0.080000,0.200000,0.300000>
	matrix <-0.212457, -0.033038, 0.976612,
		-0.756092, -0.627563, -0.185715,
		0.619021, -0.777864, 0.108350,
		42.429386, 43.069557, 55.491482>
	pigment { color rgbt <0,1,1,0> }
	no_shadow
}
cylinder {
	<41.619911, 43.079609, 55.666073>,  <41.996071, 43.614063, 55.415638>, 0.130000
	pigment { color rgbt <1,0,0,0> }
	no_shadow
}

// nucleotide -1

// particle -1
sphere {
	<41.619911, 43.079609, 55.666073> 0.250000
	pigment { color rgbt <1,0,0,0> }
	no_shadow
}
cylinder {
	<41.996933, 42.997353, 55.771378>,  <42.223145, 42.947998, 55.834560>, 0.100000
	pigment { color rgbt <1,0,0,0> }
	no_shadow
}
cylinder {
	<41.996933, 42.997353, 55.771378>,  <41.619911, 43.079609, 55.666073>, 0.100000
	pigment { color rgbt <1,0,0,0> }
	no_shadow
}

// particle -1
sphere {
	<41.996933, 42.997353, 55.771378> 0.100000
	pigment { color rgbt <1,0,0,0> }
	no_shadow
}
sphere {
	0, 1
	scale<0.080000,0.200000,0.300000>
	matrix <-0.275855, -0.034663, 0.960574,
		-0.188407, -0.978014, -0.089399,
		0.942553, -0.205640, 0.263259,
		42.279697, 42.935661, 55.850357>
	pigment { color rgbt <0,1,1,0> }
	no_shadow
}
cylinder {
	<41.541508, 42.429806, 56.091255>,  <41.619911, 43.079609, 55.666073>, 0.130000
	pigment { color rgbt <1,0,0,0> }
	no_shadow
}

// nucleotide -1

// particle -1
sphere {
	<41.541508, 42.429806, 56.091255> 0.250000
	pigment { color rgbt <1,0,0,0> }
	no_shadow
}
cylinder {
	<41.897526, 42.586792, 56.184021>,  <42.111137, 42.680984, 56.239681>, 0.100000
	pigment { color rgbt <1,0,0,0> }
	no_shadow
}
cylinder {
	<41.897526, 42.586792, 56.184021>,  <41.541508, 42.429806, 56.091255>, 0.100000
	pigment { color rgbt <1,0,0,0> }
	no_shadow
}

// particle -1
sphere {
	<41.897526, 42.586792, 56.184021> 0.100000
	pigment { color rgbt <1,0,0,0> }
	no_shadow
}
sphere {
	0, 1
	scale<0.080000,0.200000,0.300000>
	matrix <-0.260288, 0.019861, 0.965327,
		0.374254, -0.919551, 0.119832,
		0.890047, 0.392468, 0.231915,
		42.164539, 42.704533, 56.253597>
	pigment { color rgbt <0,1,1,0> }
	no_shadow
}
cylinder {
	<41.652996, 42.009174, 56.606483>,  <41.541508, 42.429806, 56.091255>, 0.130000
	pigment { color rgbt <1,0,0,0> }
	no_shadow
}

// nucleotide -1

// particle -1
sphere {
	<41.652996, 42.009174, 56.606483> 0.250000
	pigment { color rgbt <1,0,0,0> }
	no_shadow
}
cylinder {
	<41.852623, 42.355057, 56.629143>,  <41.972401, 42.562588, 56.642738>, 0.100000
	pigment { color rgbt <1,0,0,0> }
	no_shadow
}
cylinder {
	<41.852623, 42.355057, 56.629143>,  <41.652996, 42.009174, 56.606483>, 0.100000
	pigment { color rgbt <1,0,0,0> }
	no_shadow
}

// particle -1
sphere {
	<41.852623, 42.355057, 56.629143> 0.100000
	pigment { color rgbt <1,0,0,0> }
	no_shadow
}
sphere {
	0, 1
	scale<0.080000,0.200000,0.300000>
	matrix <-0.436853, 0.194595, 0.878232,
		0.748389, -0.463049, 0.474867,
		0.499072, 0.864707, 0.056652,
		42.002346, 42.614468, 56.646137>
	pigment { color rgbt <0,1,1,0> }
	no_shadow
}
cylinder {
	<41.984005, 41.983482, 57.347256>,  <41.652996, 42.009174, 56.606483>, 0.130000
	pigment { color rgbt <1,0,0,0> }
	no_shadow
}

// nucleotide -1

// particle -1
sphere {
	<41.984005, 41.983482, 57.347256> 0.250000
	pigment { color rgbt <1,0,0,0> }
	no_shadow
}
cylinder {
	<41.961037, 42.352654, 57.194992>,  <41.947254, 42.574158, 57.103634>, 0.100000
	pigment { color rgbt <1,0,0,0> }
	no_shadow
}
cylinder {
	<41.961037, 42.352654, 57.194992>,  <41.984005, 41.983482, 57.347256>, 0.100000
	pigment { color rgbt <1,0,0,0> }
	no_shadow
}

// particle -1
sphere {
	<41.961037, 42.352654, 57.194992> 0.100000
	pigment { color rgbt <1,0,0,0> }
	no_shadow
}
sphere {
	0, 1
	scale<0.080000,0.200000,0.300000>
	matrix <-0.543136, 0.291045, 0.787589,
		0.837679, 0.251976, 0.484564,
		-0.057423, 0.922931, -0.380659,
		41.943810, 42.629532, 57.080795>
	pigment { color rgbt <0,1,1,0> }
	no_shadow
}
cylinder {
	<42.138317, 42.430378, 57.876553>,  <41.984005, 41.983482, 57.347256>, 0.130000
	pigment { color rgbt <1,0,0,0> }
	no_shadow
}

// nucleotide -1

// particle -1
sphere {
	<42.138317, 42.430378, 57.876553> 0.250000
	pigment { color rgbt <1,0,0,0> }
	no_shadow
}
cylinder {
	<41.954117, 42.692108, 57.636620>,  <41.843597, 42.849148, 57.492661>, 0.100000
	pigment { color rgbt <1,0,0,0> }
	no_shadow
}
cylinder {
	<41.954117, 42.692108, 57.636620>,  <42.138317, 42.430378, 57.876553>, 0.100000
	pigment { color rgbt <1,0,0,0> }
	no_shadow
}

// particle -1
sphere {
	<41.954117, 42.692108, 57.636620> 0.100000
	pigment { color rgbt <1,0,0,0> }
	no_shadow
}
sphere {
	0, 1
	scale<0.080000,0.200000,0.300000>
	matrix <-0.459795, 0.402192, 0.791726,
		0.759296, 0.640387, 0.115648,
		-0.460499, 0.654329, -0.599829,
		41.815968, 42.888409, 57.456673>
	pigment { color rgbt <0,1,1,0> }
	no_shadow
}
cylinder {
	<42.217831, 43.151096, 58.108208>,  <42.138317, 42.430378, 57.876553>, 0.130000
	pigment { color rgbt <1,0,0,0> }
	no_shadow
}

// nucleotide -1

// particle -1
sphere {
	<42.217831, 43.151096, 58.108208> 0.250000
	pigment { color rgbt <1,0,0,0> }
	no_shadow
}
cylinder {
	<41.886787, 43.152107, 57.883690>,  <41.688160, 43.152714, 57.748978>, 0.100000
	pigment { color rgbt <1,0,0,0> }
	no_shadow
}
cylinder {
	<41.886787, 43.152107, 57.883690>,  <42.217831, 43.151096, 58.108208>, 0.100000
	pigment { color rgbt <1,0,0,0> }
	no_shadow
}

// particle -1
sphere {
	<41.886787, 43.152107, 57.883690> 0.100000
	pigment { color rgbt <1,0,0,0> }
	no_shadow
}
sphere {
	0, 1
	scale<0.080000,0.200000,0.300000>
	matrix <-0.507622, 0.423378, 0.750380,
		0.239539, 0.905950, -0.349108,
		-0.827612, 0.002530, -0.561296,
		41.638504, 43.152866, 57.715302>
	pigment { color rgbt <0,1,1,0> }
	no_shadow
}
cylinder {
	<41.829224, 43.849747, 58.251808>,  <42.217831, 43.151096, 58.108208>, 0.130000
	pigment { color rgbt <1,0,0,0> }
	no_shadow
}

// nucleotide -1

// particle -1
sphere {
	<41.829224, 43.849747, 58.251808> 0.250000
	pigment { color rgbt <1,0,0,0> }
	no_shadow
}
cylinder {
	<41.545753, 43.629524, 58.075325>,  <41.375671, 43.497391, 57.969437>, 0.100000
	pigment { color rgbt <1,0,0,0> }
	no_shadow
}
cylinder {
	<41.545753, 43.629524, 58.075325>,  <41.829224, 43.849747, 58.251808>, 0.100000
	pigment { color rgbt <1,0,0,0> }
	no_shadow
}

// particle -1
sphere {
	<41.545753, 43.629524, 58.075325> 0.100000
	pigment { color rgbt <1,0,0,0> }
	no_shadow
}
sphere {
	0, 1
	scale<0.080000,0.200000,0.300000>
	matrix <-0.662614, 0.304581, 0.684232,
		-0.242328, 0.777247, -0.580658,
		-0.708675, -0.550561, -0.441206,
		41.333153, 43.464355, 57.942963>
	pigment { color rgbt <0,1,1,0> }
	no_shadow
}
cylinder {
	<41.297489, 44.268387, 58.237835>,  <41.829224, 43.849747, 58.251808>, 0.130000
	pigment { color rgbt <1,0,0,0> }
	no_shadow
}

// nucleotide -1

// particle -1
sphere {
	<41.297489, 44.268387, 58.237835> 0.250000
	pigment { color rgbt <1,0,0,0> }
	no_shadow
}
cylinder {
	<41.099552, 43.923721, 58.192818>,  <40.980789, 43.716923, 58.165810>, 0.100000
	pigment { color rgbt <1,0,0,0> }
	no_shadow
}
cylinder {
	<41.099552, 43.923721, 58.192818>,  <41.297489, 44.268387, 58.237835>, 0.100000
	pigment { color rgbt <1,0,0,0> }
	no_shadow
}

// particle -1
sphere {
	<41.099552, 43.923721, 58.192818> 0.100000
	pigment { color rgbt <1,0,0,0> }
	no_shadow
}
sphere {
	0, 1
	scale<0.080000,0.200000,0.300000>
	matrix <-0.631915, 0.267914, 0.727259,
		-0.596502, 0.430993, -0.677074,
		-0.494841, -0.861665, -0.112540,
		40.951099, 43.665222, 58.159054>
	pigment { color rgbt <0,1,1,0> }
	no_shadow
}
cylinder {
	<40.657089, 44.438335, 58.172768>,  <41.297489, 44.268387, 58.237835>, 0.130000
	pigment { color rgbt <1,0,0,0> }
	no_shadow
}

// nucleotide -1

// particle -1
sphere {
	<40.657089, 44.438335, 58.172768> 0.250000
	pigment { color rgbt <1,0,0,0> }
	no_shadow
}
cylinder {
	<40.572899, 44.068298, 58.299194>,  <40.522385, 43.846275, 58.375050>, 0.100000
	pigment { color rgbt <1,0,0,0> }
	no_shadow
}
cylinder {
	<40.572899, 44.068298, 58.299194>,  <40.657089, 44.438335, 58.172768>, 0.100000
	pigment { color rgbt <1,0,0,0> }
	no_shadow
}

// particle -1
sphere {
	<40.572899, 44.068298, 58.299194> 0.100000
	pigment { color rgbt <1,0,0,0> }
	no_shadow
}
sphere {
	0, 1
	scale<0.080000,0.200000,0.300000>
	matrix <-0.890488, 0.314837, 0.328494,
		-0.403397, -0.212308, -0.890054,
		-0.210480, -0.925096, 0.316063,
		40.509754, 43.790768, 58.394012>
	pigment { color rgbt <0,1,1,0> }
	no_shadow
}
cylinder {
	<39.910500, 44.149181, 57.897575>,  <40.657089, 44.438335, 58.172768>, 0.130000
	pigment { color rgbt <1,0,0,0> }
	no_shadow
}

// nucleotide -1

// particle -1
sphere {
	<39.910500, 44.149181, 57.897575> 0.250000
	pigment { color rgbt <1,0,0,0> }
	no_shadow
}
cylinder {
	<40.016575, 43.968513, 58.238319>,  <40.080219, 43.860111, 58.442768>, 0.100000
	pigment { color rgbt <1,0,0,0> }
	no_shadow
}
cylinder {
	<40.016575, 43.968513, 58.238319>,  <39.910500, 44.149181, 57.897575>, 0.100000
	pigment { color rgbt <1,0,0,0> }
	no_shadow
}

// particle -1
sphere {
	<40.016575, 43.968513, 58.238319> 0.100000
	pigment { color rgbt <1,0,0,0> }
	no_shadow
}
sphere {
	0, 1
	scale<0.080000,0.200000,0.300000>
	matrix <-0.880680, 0.246210, 0.404702,
		-0.392530, -0.857539, -0.332486,
		0.265186, -0.451671, 0.851862,
		40.096130, 43.833012, 58.493877>
	pigment { color rgbt <0,1,1,0> }
	no_shadow
}
cylinder {
	<39.311569, 43.983162, 58.159733>,  <39.910500, 44.149181, 57.897575>, 0.130000
	pigment { color rgbt <1,0,0,0> }
	no_shadow
}

// nucleotide -1

// particle -1
sphere {
	<39.311569, 43.983162, 58.159733> 0.250000
	pigment { color rgbt <1,0,0,0> }
	no_shadow
}
cylinder {
	<39.554665, 43.924850, 58.471989>,  <39.700523, 43.889862, 58.659344>, 0.100000
	pigment { color rgbt <1,0,0,0> }
	no_shadow
}
cylinder {
	<39.554665, 43.924850, 58.471989>,  <39.311569, 43.983162, 58.159733>, 0.100000
	pigment { color rgbt <1,0,0,0> }
	no_shadow
}

// particle -1
sphere {
	<39.554665, 43.924850, 58.471989> 0.100000
	pigment { color rgbt <1,0,0,0> }
	no_shadow
}
sphere {
	0, 1
	scale<0.080000,0.200000,0.300000>
	matrix <-0.774467, 0.108617, 0.623220,
		-0.175643, -0.983337, -0.046889,
		0.607743, -0.145778, 0.780639,
		39.736988, 43.881119, 58.706181>
	pigment { color rgbt <0,1,1,0> }
	no_shadow
}
cylinder {
	<38.795208, 43.904560, 58.725872>,  <39.311569, 43.983162, 58.159733>, 0.130000
	pigment { color rgbt <1,0,0,0> }
	no_shadow
}

// nucleotide -1

// particle -1
sphere {
	<38.795208, 43.904560, 58.725872> 0.250000
	pigment { color rgbt <1,0,0,0> }
	no_shadow
}
cylinder {
	<39.135445, 43.923828, 58.935318>,  <39.339584, 43.935387, 59.060986>, 0.100000
	pigment { color rgbt <1,0,0,0> }
	no_shadow
}
cylinder {
	<39.135445, 43.923828, 58.935318>,  <38.795208, 43.904560, 58.725872>, 0.100000
	pigment { color rgbt <1,0,0,0> }
	no_shadow
}

// particle -1
sphere {
	<39.135445, 43.923828, 58.935318> 0.100000
	pigment { color rgbt <1,0,0,0> }
	no_shadow
}
sphere {
	0, 1
	scale<0.080000,0.200000,0.300000>
	matrix <-0.525805, 0.087619, 0.846080,
		-0.005124, -0.994989, 0.099856,
		0.850590, 0.048170, 0.523619,
		39.390621, 43.938278, 59.092403>
	pigment { color rgbt <0,1,1,0> }
	no_shadow
}
cylinder {
	<38.722755, 43.338085, 59.331528>,  <38.795208, 43.904560, 58.725872>, 0.130000
	pigment { color rgbt <1,0,0,0> }
	no_shadow
}

// nucleotide -1

// particle -1
sphere {
	<38.722755, 43.338085, 59.331528> 0.250000
	pigment { color rgbt <1,0,0,0> }
	no_shadow
}
cylinder {
	<38.987015, 43.618210, 59.439682>,  <39.145569, 43.786285, 59.504574>, 0.100000
	pigment { color rgbt <1,0,0,0> }
	no_shadow
}
cylinder {
	<38.987015, 43.618210, 59.439682>,  <38.722755, 43.338085, 59.331528>, 0.100000
	pigment { color rgbt <1,0,0,0> }
	no_shadow
}

// particle -1
sphere {
	<38.987015, 43.618210, 59.439682> 0.100000
	pigment { color rgbt <1,0,0,0> }
	no_shadow
}
sphere {
	0, 1
	scale<0.080000,0.200000,0.300000>
	matrix <-0.451126, 0.082475, 0.888641,
		0.600027, -0.709055, 0.370416,
		0.660646, 0.700313, 0.270387,
		39.185207, 43.828304, 59.520798>
	pigment { color rgbt <0,1,1,0> }
	no_shadow
}
cylinder {
	<38.958611, 43.115780, 60.030914>,  <38.722755, 43.338085, 59.331528>, 0.130000
	pigment { color rgbt <1,0,0,0> }
	no_shadow
}

// nucleotide -1

// particle -1
sphere {
	<38.958611, 43.115780, 60.030914> 0.250000
	pigment { color rgbt <1,0,0,0> }
	no_shadow
}
cylinder {
	<39.023273, 43.509575, 60.003628>,  <39.062073, 43.745850, 59.987255>, 0.100000
	pigment { color rgbt <1,0,0,0> }
	no_shadow
}
cylinder {
	<39.023273, 43.509575, 60.003628>,  <38.958611, 43.115780, 60.030914>, 0.100000
	pigment { color rgbt <1,0,0,0> }
	no_shadow
}

// particle -1
sphere {
	<39.023273, 43.509575, 60.003628> 0.100000
	pigment { color rgbt <1,0,0,0> }
	no_shadow
}
sphere {
	0, 1
	scale<0.080000,0.200000,0.300000>
	matrix <-0.333048, 0.119500, 0.935307,
		0.928949, -0.128482, 0.347199,
		0.161660, 0.984486, -0.068219,
		39.071770, 43.804920, 59.983162>
	pigment { color rgbt <0,1,1,0> }
	no_shadow
}
cylinder {
	<39.418346, 43.173000, 60.510887>,  <38.958611, 43.115780, 60.030914>, 0.130000
	pigment { color rgbt <1,0,0,0> }
	no_shadow
}

// nucleotide -1

// particle -1
sphere {
	<39.418346, 43.173000, 60.510887> 0.250000
	pigment { color rgbt <1,0,0,0> }
	no_shadow
}
cylinder {
	<39.244888, 43.528664, 60.452431>,  <39.140812, 43.742062, 60.417358>, 0.100000
	pigment { color rgbt <1,0,0,0> }
	no_shadow
}
cylinder {
	<39.244888, 43.528664, 60.452431>,  <39.418346, 43.173000, 60.510887>, 0.100000
	pigment { color rgbt <1,0,0,0> }
	no_shadow
}

// particle -1
sphere {
	<39.244888, 43.528664, 60.452431> 0.100000
	pigment { color rgbt <1,0,0,0> }
	no_shadow
}
sphere {
	0, 1
	scale<0.080000,0.200000,0.300000>
	matrix <-0.263485, 0.029968, 0.964198,
