// switches for output
#declare DRAW_BASES = 1; // possible values are 0, 1; only relevant for DNA ribbons
#declare DRAW_BASES_TYPE = 3; // possible values are 1, 2, 3; only relevant for DNA ribbons
#declare DRAW_FOG = 0; // set to 1 to enable fog

#include "colors.inc"

#include "transforms.inc"
background { rgb <1, 1, 1>}

#default {
   normal{
       ripples 0.25
       frequency 0.20
       turbulence 0.2
       lambda 5
   }
	finish {
		phong 0.1
		phong_size 40.
	}
}

// original window dimensions: 1024x640


// camera settings

camera {
	sky <-0, 1, 0>
	up <-0, 1, 0>
	right 1.6 * <0.724836, 0, 0.688921>
	location <12.1561, 44.2, 77.9145>
	look_at <46.7464, 44.2, 41.5209>
	direction <34.5903, 0, -36.3936>
	angle 67.0682
}


# declare cpy_camera_pos = <12.1561, 44.2, 77.9145>;
# if (DRAW_FOG = 1)
fog {
	fog_type 2
	up vnormalize(cpy_camera_pos)
	color rgbt<1,1,1,0.3>
	distance 1e-5
	fog_alt 3e-3
	fog_offset 70.72
}
# end


// LIGHTS

# declare lum = 6;
global_settings {
	ambient_light rgb lum * <0.05, 0.05, 0.05>
	max_trace_level 15
}# declare cpy_direct_light_amount = 0.25;
light_source
{	1000 * <-0.0359156, -1, 1.41376>,
	rgb lum * cpy_direct_light_amount
	parallel
}

light_source
{	1000 * <0.0359156, 1, -1.41376>,
	rgb lum * cpy_direct_light_amount
	parallel
}

// strand 0

// nucleotide -1

// particle -1
sphere {
	<46.195076, 39.340481, 44.778500> 0.250000
	pigment { color rgbt <1,0,0,0> }
	no_shadow
}
cylinder {
	<46.327477, 39.557381, 45.087410>,  <46.406918, 39.687519, 45.272755>, 0.100000
	pigment { color rgbt <1,0,0,0> }
	no_shadow
}
cylinder {
	<46.327477, 39.557381, 45.087410>,  <46.195076, 39.340481, 44.778500>, 0.100000
	pigment { color rgbt <1,0,0,0> }
	no_shadow
}

// particle -1
sphere {
	<46.327477, 39.557381, 45.087410> 0.100000
	pigment { color rgbt <1,0,0,0> }
	no_shadow
}
sphere {
	0, 1
	scale<0.080000,0.200000,0.300000>
	matrix <-0.791793, -0.285606, 0.539901,
		0.513325, -0.790189, 0.334811,
		0.331000, 0.542246, 0.772274,
		46.426777, 39.720055, 45.319092>
	pigment { color rgbt <0,1,1,0> }
	no_shadow
}
cylinder {
	<46.222256, 38.851593, 45.342377>,  <46.195076, 39.340481, 44.778500>, 0.130000
	pigment { color rgbt <1,0,0,0> }
	no_shadow
}

// nucleotide -1

// particle -1
sphere {
	<46.222256, 38.851593, 45.342377> 0.250000
	pigment { color rgbt <1,0,0,0> }
	no_shadow
}
cylinder {
	<46.220299, 39.207848, 45.524254>,  <46.219124, 39.421600, 45.633381>, 0.100000
	pigment { color rgbt <1,0,0,0> }
	no_shadow
}
cylinder {
	<46.220299, 39.207848, 45.524254>,  <46.222256, 38.851593, 45.342377>, 0.100000
	pigment { color rgbt <1,0,0,0> }
	no_shadow
}

// particle -1
sphere {
	<46.220299, 39.207848, 45.524254> 0.100000
	pigment { color rgbt <1,0,0,0> }
	no_shadow
}
sphere {
	0, 1
	scale<0.080000,0.200000,0.300000>
	matrix <-0.576873, -0.373925, 0.726222,
		0.816819, -0.258742, 0.515615,
		-0.004897, 0.890636, 0.454691,
		46.218830, 39.475037, 45.660660>
	pigment { color rgbt <0,1,1,0> }
	no_shadow
}
cylinder {
	<46.402328, 38.647423, 46.065643>,  <46.222256, 38.851593, 45.342377>, 0.130000
	pigment { color rgbt <1,0,0,0> }
	no_shadow
}

// nucleotide -1

// particle -1
sphere {
	<46.402328, 38.647423, 46.065643> 0.250000
	pigment { color rgbt <1,0,0,0> }
	no_shadow
}
cylinder {
	<46.225090, 39.005356, 46.087349>,  <46.118748, 39.220116, 46.100372>, 0.100000
	pigment { color rgbt <1,0,0,0> }
	no_shadow
}
cylinder {
	<46.225090, 39.005356, 46.087349>,  <46.402328, 38.647423, 46.065643>, 0.100000
	pigment { color rgbt <1,0,0,0> }
	no_shadow
}

// particle -1
sphere {
	<46.225090, 39.005356, 46.087349> 0.100000
	pigment { color rgbt <1,0,0,0> }
	no_shadow
}
sphere {
	0, 1
	scale<0.080000,0.200000,0.300000>
	matrix <-0.476933, -0.286554, 0.830916,
		0.759080, 0.342293, 0.553745,
		-0.443094, 0.894831, 0.054266,
		46.092163, 39.273804, 46.103630>
	pigment { color rgbt <0,1,1,0> }
	no_shadow
}
cylinder {
	<46.352871, 38.867119, 46.725773>,  <46.402328, 38.647423, 46.065643>, 0.130000
	pigment { color rgbt <1,0,0,0> }
	no_shadow
}

// nucleotide -1

// particle -1
sphere {
	<46.352871, 38.867119, 46.725773> 0.250000
	pigment { color rgbt <1,0,0,0> }
	no_shadow
}
cylinder {
	<46.047050, 39.080101, 46.580479>,  <45.863556, 39.207890, 46.493301>, 0.100000
	pigment { color rgbt <1,0,0,0> }
	no_shadow
}
cylinder {
	<46.047050, 39.080101, 46.580479>,  <46.352871, 38.867119, 46.725773>, 0.100000
	pigment { color rgbt <1,0,0,0> }
	no_shadow
}

// particle -1
sphere {
	<46.047050, 39.080101, 46.580479> 0.100000
	pigment { color rgbt <1,0,0,0> }
	no_shadow
}
sphere {
	0, 1
	scale<0.080000,0.200000,0.300000>
	matrix <-0.538683, -0.218383, 0.813713,
		0.353944, 0.817799, 0.453793,
		-0.764555, 0.532460, -0.363239,
		45.817684, 39.239838, 46.471508>
	pigment { color rgbt <0,1,1,0> }
	no_shadow
}
cylinder {
	<46.116653, 39.154675, 47.300709>,  <46.352871, 38.867119, 46.725773>, 0.130000
	pigment { color rgbt <1,0,0,0> }
	no_shadow
}

// nucleotide -1

// particle -1
sphere {
	<46.116653, 39.154675, 47.300709> 0.250000
	pigment { color rgbt <1,0,0,0> }
	no_shadow
}
cylinder {
	<45.809151, 39.237968, 47.058830>,  <45.624649, 39.287945, 46.913704>, 0.100000
	pigment { color rgbt <1,0,0,0> }
	no_shadow
}
cylinder {
	<45.809151, 39.237968, 47.058830>,  <46.116653, 39.154675, 47.300709>, 0.100000
	pigment { color rgbt <1,0,0,0> }
	no_shadow
}

// particle -1
sphere {
	<45.809151, 39.237968, 47.058830> 0.100000
	pigment { color rgbt <1,0,0,0> }
	no_shadow
}
sphere {
	0, 1
	scale<0.080000,0.200000,0.300000>
	matrix <-0.616123, 0.012395, 0.787553,
		0.171489, 0.978001, 0.118767,
		-0.768755, 0.208231, -0.604695,
		45.578526, 39.300438, 46.877422>
	pigment { color rgbt <0,1,1,0> }
	no_shadow
}
cylinder {
	<45.745750, 39.614517, 47.611217>,  <46.116653, 39.154675, 47.300709>, 0.130000
	pigment { color rgbt <1,0,0,0> }
	no_shadow
}

// nucleotide -1

// particle -1
sphere {
	<45.745750, 39.614517, 47.611217> 0.250000
	pigment { color rgbt <1,0,0,0> }
	no_shadow
}
cylinder {
	<45.485786, 39.443466, 47.359901>,  <45.329807, 39.340836, 47.209110>, 0.100000
	pigment { color rgbt <1,0,0,0> }
	no_shadow
}
cylinder {
	<45.485786, 39.443466, 47.359901>,  <45.745750, 39.614517, 47.611217>, 0.100000
	pigment { color rgbt <1,0,0,0> }
	no_shadow
}

// particle -1
sphere {
	<45.485786, 39.443466, 47.359901> 0.100000
	pigment { color rgbt <1,0,0,0> }
	no_shadow
}
sphere {
	0, 1
	scale<0.080000,0.200000,0.300000>
	matrix <-0.666710, -0.076065, 0.741426,
		-0.364846, 0.900748, -0.235669,
		-0.649912, -0.427629, -0.628290,
		45.290813, 39.315178, 47.171413>
	pigment { color rgbt <0,1,1,0> }
	no_shadow
}
cylinder {
	<45.130791, 39.979019, 47.674019>,  <45.745750, 39.614517, 47.611217>, 0.130000
	pigment { color rgbt <1,0,0,0> }
	no_shadow
}

// nucleotide -1

// particle -1
sphere {
	<45.130791, 39.979019, 47.674019> 0.250000
	pigment { color rgbt <1,0,0,0> }
	no_shadow
}
cylinder {
	<45.021210, 39.628372, 47.515781>,  <44.955463, 39.417984, 47.420837>, 0.100000
	pigment { color rgbt <1,0,0,0> }
	no_shadow
}
cylinder {
	<45.021210, 39.628372, 47.515781>,  <45.130791, 39.979019, 47.674019>, 0.100000
	pigment { color rgbt <1,0,0,0> }
	no_shadow
}

// particle -1
sphere {
	<45.021210, 39.628372, 47.515781> 0.100000
	pigment { color rgbt <1,0,0,0> }
	no_shadow
}
sphere {
	0, 1
	scale<0.080000,0.200000,0.300000>
	matrix <-0.817979, -0.003964, 0.575234,
		-0.505828, 0.481175, -0.715967,
		-0.273950, -0.876616, -0.395596,
		44.939026, 39.365387, 47.397102>
	pigment { color rgbt <0,1,1,0> }
	no_shadow
}
cylinder {
	<44.383488, 40.111485, 47.505924>,  <45.130791, 39.979019, 47.674019>, 0.130000
	pigment { color rgbt <1,0,0,0> }
	no_shadow
}

// nucleotide -1

// particle -1
sphere {
	<44.383488, 40.111485, 47.505924> 0.250000
	pigment { color rgbt <1,0,0,0> }
	no_shadow
}
cylinder {
	<44.480576, 39.729607, 47.574806>,  <44.538826, 39.500481, 47.616135>, 0.100000
	pigment { color rgbt <1,0,0,0> }
	no_shadow
}
cylinder {
	<44.480576, 39.729607, 47.574806>,  <44.383488, 40.111485, 47.505924>, 0.100000
	pigment { color rgbt <1,0,0,0> }
	no_shadow
}

// particle -1
sphere {
	<44.480576, 39.729607, 47.574806> 0.100000
	pigment { color rgbt <1,0,0,0> }
	no_shadow
}
sphere {
	0, 1
	scale<0.080000,0.200000,0.300000>
	matrix <-0.755733, -0.074779, 0.650596,
		-0.608240, -0.288053, -0.739641,
		0.242715, -0.954691, 0.172207,
		44.553391, 39.443199, 47.626469>
	pigment { color rgbt <0,1,1,0> }
	no_shadow
}
cylinder {
	<43.774399, 39.853806, 47.647385>,  <44.383488, 40.111485, 47.505924>, 0.130000
	pigment { color rgbt <1,0,0,0> }
	no_shadow
}

// nucleotide -1

// particle -1
sphere {
	<43.774399, 39.853806, 47.647385> 0.250000
	pigment { color rgbt <1,0,0,0> }
	no_shadow
}
cylinder {
	<44.013943, 39.560989, 47.777298>,  <44.157669, 39.385300, 47.855247>, 0.100000
	pigment { color rgbt <1,0,0,0> }
	no_shadow
}
cylinder {
	<44.013943, 39.560989, 47.777298>,  <43.774399, 39.853806, 47.647385>, 0.100000
	pigment { color rgbt <1,0,0,0> }
	no_shadow
}

// particle -1
sphere {
	<44.013943, 39.560989, 47.777298> 0.100000
	pigment { color rgbt <1,0,0,0> }
	no_shadow
}
sphere {
	0, 1
	scale<0.080000,0.200000,0.300000>
	matrix <-0.676192, -0.244890, 0.694833,
		-0.429112, -0.635720, -0.641656,
		0.598855, -0.732044, 0.324784,
		44.193600, 39.341377, 47.874733>
	pigment { color rgbt <0,1,1,0> }
	no_shadow
}
cylinder {
	<43.292370, 39.348743, 47.928070>,  <43.774399, 39.853806, 47.647385>, 0.130000
	pigment { color rgbt <1,0,0,0> }
	no_shadow
}

// nucleotide -1

// particle -1
sphere {
	<43.292370, 39.348743, 47.928070> 0.250000
	pigment { color rgbt <1,0,0,0> }
	no_shadow
}
cylinder {
	<43.641861, 39.244339, 48.092247>,  <43.851555, 39.181698, 48.190754>, 0.100000
	pigment { color rgbt <1,0,0,0> }
	no_shadow
}
cylinder {
	<43.641861, 39.244339, 48.092247>,  <43.292370, 39.348743, 47.928070>, 0.100000
	pigment { color rgbt <1,0,0,0> }
	no_shadow
}

// particle -1
sphere {
	<43.641861, 39.244339, 48.092247> 0.100000
	pigment { color rgbt <1,0,0,0> }
	no_shadow
}
sphere {
	0, 1
	scale<0.080000,0.200000,0.300000>
	matrix <-0.479028, -0.315301, 0.819218,
		-0.084410, -0.912392, -0.400519,
		0.873732, -0.261010, 0.410447,
		43.903980, 39.166035, 48.215382>
	pigment { color rgbt <0,1,1,0> }
	no_shadow
}
cylinder {
	<43.191765, 38.729607, 48.211170>,  <43.292370, 39.348743, 47.928070>, 0.130000
	pigment { color rgbt <1,0,0,0> }
	no_shadow
}

// nucleotide -1

// particle -1
sphere {
	<43.191765, 38.729607, 48.211170> 0.250000
	pigment { color rgbt <1,0,0,0> }
	no_shadow
}
cylinder {
	<43.501236, 38.885521, 48.410965>,  <43.686920, 38.979069, 48.530842>, 0.100000
	pigment { color rgbt <1,0,0,0> }
	no_shadow
}
cylinder {
	<43.501236, 38.885521, 48.410965>,  <43.191765, 38.729607, 48.211170>, 0.100000
	pigment { color rgbt <1,0,0,0> }
	no_shadow
}

// particle -1
sphere {
	<43.501236, 38.885521, 48.410965> 0.100000
	pigment { color rgbt <1,0,0,0> }
	no_shadow
}
sphere {
	0, 1
	scale<0.080000,0.200000,0.300000>
	matrix <-0.407678, -0.297210, 0.863403,
		0.484991, -0.871629, -0.071040,
		0.773681, 0.389781, 0.499488,
		43.733341, 39.002457, 48.560810>
	pigment { color rgbt <0,1,1,0> }
	no_shadow
}
cylinder {
	<43.487717, 38.175323, 48.554264>,  <43.191765, 38.729607, 48.211170>, 0.130000
	pigment { color rgbt <1,0,0,0> }
	no_shadow
}

// nucleotide -1

// particle -1
sphere {
	<43.487717, 38.175323, 48.554264> 0.250000
	pigment { color rgbt <1,0,0,0> }
	no_shadow
}
cylinder {
	<43.584572, 38.516296, 48.739616>,  <43.642685, 38.720882, 48.850826>, 0.100000
	pigment { color rgbt <1,0,0,0> }
	no_shadow
}
cylinder {
	<43.584572, 38.516296, 48.739616>,  <43.487717, 38.175323, 48.554264>, 0.100000
	pigment { color rgbt <1,0,0,0> }
	no_shadow
}

// particle -1
sphere {
	<43.584572, 38.516296, 48.739616> 0.100000
	pigment { color rgbt <1,0,0,0> }
	no_shadow
}
sphere {
	0, 1
	scale<0.080000,0.200000,0.300000>
	matrix <-0.549242, -0.273276, 0.789717,
		0.799815, -0.445726, 0.402025,
		0.242134, 0.852437, 0.463382,
		43.657211, 38.772026, 48.878632>
	pigment { color rgbt <0,1,1,0> }
	no_shadow
}
cylinder {
	<43.594151, 37.867756, 49.223091>,  <43.487717, 38.175323, 48.554264>, 0.130000
	pigment { color rgbt <1,0,0,0> }
	no_shadow
}

// nucleotide -1

// particle -1
sphere {
	<43.594151, 37.867756, 49.223091> 0.250000
	pigment { color rgbt <1,0,0,0> }
	no_shadow
}
cylinder {
	<43.582157, 38.263268, 49.281624>,  <43.574963, 38.500576, 49.316742>, 0.100000
	pigment { color rgbt <1,0,0,0> }
	no_shadow
}
cylinder {
	<43.582157, 38.263268, 49.281624>,  <43.594151, 37.867756, 49.223091>, 0.100000
	pigment { color rgbt <1,0,0,0> }
	no_shadow
}

// particle -1
sphere {
	<43.582157, 38.263268, 49.281624> 0.100000
	pigment { color rgbt <1,0,0,0> }
	no_shadow
}
sphere {
	0, 1
	scale<0.080000,0.200000,0.300000>
	matrix <-0.456609, -0.143780, 0.877972,
		0.889162, -0.040491, 0.455797,
		-0.029984, 0.988781, 0.146332,
		43.573162, 38.559902, 49.325523>
	pigment { color rgbt <0,1,1,0> }
	no_shadow
}
cylinder {
	<43.614037, 37.915485, 49.888035>,  <43.594151, 37.867756, 49.223091>, 0.130000
	pigment { color rgbt <1,0,0,0> }
	no_shadow
}

// nucleotide -1

// particle -1
sphere {
	<43.614037, 37.915485, 49.888035> 0.250000
	pigment { color rgbt <1,0,0,0> }
	no_shadow
}
cylinder {
	<43.516060, 38.298004, 49.824150>,  <43.457275, 38.527515, 49.785820>, 0.100000
	pigment { color rgbt <1,0,0,0> }
	no_shadow
}
cylinder {
	<43.516060, 38.298004, 49.824150>,  <43.614037, 37.915485, 49.888035>, 0.100000
	pigment { color rgbt <1,0,0,0> }
	no_shadow
}

// particle -1
sphere {
	<43.516060, 38.298004, 49.824150> 0.100000
	pigment { color rgbt <1,0,0,0> }
	no_shadow
}
sphere {
	0, 1
	scale<0.080000,0.200000,0.300000>
	matrix <-0.489859, 0.020097, 0.871570,
		0.836686, 0.291719, 0.463527,
		-0.244938, 0.956293, -0.159716,
		43.442577, 38.584892, 49.776234>
	pigment { color rgbt <0,1,1,0> }
	no_shadow
}
cylinder {
	<43.864857, 38.325039, 50.512150>,  <43.614037, 37.915485, 49.888035>, 0.130000
	pigment { color rgbt <1,0,0,0> }
	no_shadow
}

// nucleotide -1

// particle -1
sphere {
	<43.864857, 38.325039, 50.512150> 0.250000
	pigment { color rgbt <1,0,0,0> }
	no_shadow
}
cylinder {
	<43.560020, 38.488014, 50.310867>,  <43.377117, 38.585800, 50.190098>, 0.100000
	pigment { color rgbt <1,0,0,0> }
	no_shadow
}
cylinder {
	<43.560020, 38.488014, 50.310867>,  <43.864857, 38.325039, 50.512150>, 0.100000
	pigment { color rgbt <1,0,0,0> }
	no_shadow
}

// particle -1
sphere {
	<43.560020, 38.488014, 50.310867> 0.100000
	pigment { color rgbt <1,0,0,0> }
	no_shadow
}
sphere {
	0, 1
	scale<0.080000,0.200000,0.300000>
	matrix <-0.491933, 0.140950, 0.859148,
		0.420972, 0.902292, 0.093014,
		-0.762092, 0.407434, -0.503203,
		43.331394, 38.610245, 50.159904>
	pigment { color rgbt <0,1,1,0> }
	no_shadow
}
cylinder {
	<43.585850, 38.817390, 50.926178>,  <43.864857, 38.325039, 50.512150>, 0.130000
	pigment { color rgbt <1,0,0,0> }
	no_shadow
}

// nucleotide -1

// particle -1
sphere {
	<43.585850, 38.817390, 50.926178> 0.250000
	pigment { color rgbt <1,0,0,0> }
	no_shadow
}
cylinder {
	<43.274796, 38.802933, 50.675110>,  <43.088161, 38.794258, 50.524467>, 0.100000
	pigment { color rgbt <1,0,0,0> }
	no_shadow
}
cylinder {
	<43.274796, 38.802933, 50.675110>,  <43.585850, 38.817390, 50.926178>, 0.100000
	pigment { color rgbt <1,0,0,0> }
	no_shadow
}

// particle -1
sphere {
	<43.274796, 38.802933, 50.675110> 0.100000
	pigment { color rgbt <1,0,0,0> }
	no_shadow
}
sphere {
	0, 1
	scale<0.080000,0.200000,0.300000>
	matrix <-0.627977, -0.003704, 0.778223,
		-0.030457, 0.999339, -0.019820,
		-0.777636, -0.036149, -0.627675,
		43.041504, 38.792088, 50.486809>
	pigment { color rgbt <0,1,1,0> }
	no_shadow
}
cylinder {
	<43.180923, 39.398804, 50.983669>,  <43.585850, 38.817390, 50.926178>, 0.130000
	pigment { color rgbt <1,0,0,0> }
	no_shadow
}

// nucleotide -1

// particle -1
sphere {
	<43.180923, 39.398804, 50.983669> 0.250000
	pigment { color rgbt <1,0,0,0> }
	no_shadow
}
cylinder {
	<42.949608, 39.110863, 50.830101>,  <42.810818, 38.938099, 50.737961>, 0.100000
	pigment { color rgbt <1,0,0,0> }
	no_shadow
}
cylinder {
	<42.949608, 39.110863, 50.830101>,  <43.180923, 39.398804, 50.983669>, 0.100000
	pigment { color rgbt <1,0,0,0> }
	no_shadow
}

// particle -1
sphere {
	<42.949608, 39.110863, 50.830101> 0.100000
	pigment { color rgbt <1,0,0,0> }
	no_shadow
}
sphere {
	0, 1
	scale<0.080000,0.200000,0.300000>
	matrix <-0.571457, 0.021557, 0.820349,
		-0.582253, 0.693794, -0.423830,
		-0.578290, -0.719851, -0.383922,
		42.776119, 38.894909, 50.714924>
	pigment { color rgbt <0,1,1,0> }
	no_shadow
}
cylinder {
	<42.669312, 39.557686, 51.285210>,  <43.180923, 39.398804, 50.983669>, 0.130000
	pigment { color rgbt <1,0,0,0> }
	no_shadow
}

// nucleotide -1

// particle -1
sphere {
	<42.669312, 39.557686, 51.285210> 0.250000
	pigment { color rgbt <1,0,0,0> }
	no_shadow
}
cylinder {
	<42.584183, 39.184792, 51.168148>,  <42.533104, 38.961056, 51.097912>, 0.100000
	pigment { color rgbt <1,0,0,0> }
	no_shadow
}
cylinder {
	<42.584183, 39.184792, 51.168148>,  <42.669312, 39.557686, 51.285210>, 0.100000
	pigment { color rgbt <1,0,0,0> }
	no_shadow
}

// particle -1
sphere {
	<42.584183, 39.184792, 51.168148> 0.100000
	pigment { color rgbt <1,0,0,0> }
	no_shadow
}
sphere {
	0, 1
	scale<0.080000,0.200000,0.300000>
	matrix <-0.481230, -0.160664, 0.861745,
		-0.850367, 0.324231, -0.414427,
		-0.212821, -0.932235, -0.292653,
		42.520336, 38.905121, 51.080353>
	pigment { color rgbt <0,1,1,0> }
	no_shadow
}
cylinder {
	<42.045231, 39.505741, 51.574207>,  <42.669312, 39.557686, 51.285210>, 0.130000
	pigment { color rgbt <1,0,0,0> }
	no_shadow
}

// nucleotide -1

// particle -1
sphere {
	<42.045231, 39.505741, 51.574207> 0.250000
	pigment { color rgbt <1,0,0,0> }
	no_shadow
}
cylinder {
	<42.135410, 39.124832, 51.491890>,  <42.189518, 38.896286, 51.442501>, 0.100000
	pigment { color rgbt <1,0,0,0> }
	no_shadow
}
cylinder {
	<42.135410, 39.124832, 51.491890>,  <42.045231, 39.505741, 51.574207>, 0.100000
	pigment { color rgbt <1,0,0,0> }
	no_shadow
}

// particle -1
sphere {
	<42.135410, 39.124832, 51.491890> 0.100000
	pigment { color rgbt <1,0,0,0> }
	no_shadow
}
sphere {
	0, 1
	scale<0.080000,0.200000,0.300000>
	matrix <-0.640645, -0.304042, 0.705076,
		-0.733994, -0.027119, -0.678615,
		0.225448, -0.952273, -0.205792,
		42.203045, 38.839149, 51.430153>
	pigment { color rgbt <0,1,1,0> }
	no_shadow
}
cylinder {
	<41.409782, 39.095135, 51.527096>,  <42.045231, 39.505741, 51.574207>, 0.130000
	pigment { color rgbt <1,0,0,0> }
	no_shadow
}

// nucleotide -1

// particle -1
sphere {
	<41.409782, 39.095135, 51.527096> 0.250000
	pigment { color rgbt <1,0,0,0> }
	no_shadow
}
cylinder {
	<41.708714, 38.850189, 51.630249>,  <41.888073, 38.703220, 51.692142>, 0.100000
	pigment { color rgbt <1,0,0,0> }
	no_shadow
}
cylinder {
	<41.708714, 38.850189, 51.630249>,  <41.409782, 39.095135, 51.527096>, 0.100000
	pigment { color rgbt <1,0,0,0> }
	no_shadow
}

// particle -1
sphere {
	<41.708714, 38.850189, 51.630249> 0.100000
	pigment { color rgbt <1,0,0,0> }
	no_shadow
}
sphere {
	0, 1
	scale<0.080000,0.200000,0.300000>
	matrix <-0.500593, -0.263687, 0.824546,
		-0.436926, -0.745301, -0.503608,
		0.747330, -0.612369, 0.257881,
		41.932915, 38.666481, 51.707615>
	pigment { color rgbt <0,1,1,0> }
	no_shadow
}
cylinder {
	<41.034122, 38.572495, 51.932026>,  <41.409782, 39.095135, 51.527096>, 0.130000
	pigment { color rgbt <1,0,0,0> }
	no_shadow
}

// nucleotide -1

// particle -1
sphere {
	<41.034122, 38.572495, 51.932026> 0.250000
	pigment { color rgbt <1,0,0,0> }
	no_shadow
}
cylinder {
	<41.409702, 38.453430, 52.001045>,  <41.635052, 38.381992, 52.042458>, 0.100000
	pigment { color rgbt <1,0,0,0> }
	no_shadow
}
cylinder {
	<41.409702, 38.453430, 52.001045>,  <41.034122, 38.572495, 51.932026>, 0.100000
	pigment { color rgbt <1,0,0,0> }
	no_shadow
}

// particle -1
sphere {
	<41.409702, 38.453430, 52.001045> 0.100000
	pigment { color rgbt <1,0,0,0> }
	no_shadow
}
sphere {
	0, 1
	scale<0.080000,0.200000,0.300000>
	matrix <-0.305874, -0.492570, 0.814749,
		-0.157530, -0.817785, -0.553546,
		0.938949, -0.297662, 0.172544,
		41.691387, 38.364132, 52.052807>
	pigment { color rgbt <0,1,1,0> }
	no_shadow
}
cylinder {
	<41.014736, 37.755707, 52.022102>,  <41.034122, 38.572495, 51.932026>, 0.130000
	pigment { color rgbt <1,0,0,0> }
	no_shadow
}

// nucleotide -1

// particle -1
sphere {
	<41.014736, 37.755707, 52.022102> 0.250000
	pigment { color rgbt <1,0,0,0> }
	no_shadow
}
cylinder {
	<41.333908, 37.930038, 52.188652>,  <41.525410, 38.034637, 52.288582>, 0.100000
	pigment { color rgbt <1,0,0,0> }
	no_shadow
}
cylinder {
	<41.333908, 37.930038, 52.188652>,  <41.014736, 37.755707, 52.022102>, 0.100000
	pigment { color rgbt <1,0,0,0> }
	no_shadow
}

// particle -1
sphere {
	<41.333908, 37.930038, 52.188652> 0.100000
	pigment { color rgbt <1,0,0,0> }
	no_shadow
}
sphere {
	0, 1
	scale<0.080000,0.200000,0.300000>
	matrix <-0.335388, -0.252936, 0.907490,
		0.500825, -0.863757, -0.055653,
		0.797928, 0.435828, 0.416371,
		41.573288, 38.060787, 52.313564>
	pigment { color rgbt <0,1,1,0> }
	no_shadow
}
cylinder {
	<41.282413, 37.307766, 52.526505>,  <41.014736, 37.755707, 52.022102>, 0.130000
	pigment { color rgbt <1,0,0,0> }
	no_shadow
}

// nucleotide -1

// particle -1
sphere {
	<41.282413, 37.307766, 52.526505> 0.250000
	pigment { color rgbt <1,0,0,0> }
	no_shadow
}
cylinder {
	<41.450249, 37.648499, 52.651939>,  <41.550949, 37.852936, 52.727200>, 0.100000
	pigment { color rgbt <1,0,0,0> }
	no_shadow
}
cylinder {
	<41.450249, 37.648499, 52.651939>,  <41.282413, 37.307766, 52.526505>, 0.100000
	pigment { color rgbt <1,0,0,0> }
	no_shadow
}

// particle -1
sphere {
	<41.450249, 37.648499, 52.651939> 0.100000
	pigment { color rgbt <1,0,0,0> }
	no_shadow
}
sphere {
	0, 1
	scale<0.080000,0.200000,0.300000>
	matrix <-0.259207, -0.218647, 0.940747,
		0.869919, -0.476009, 0.129058,
		0.419586, 0.851827, 0.313590,
		41.576126, 37.904045, 52.746017>
	pigment { color rgbt <0,1,1,0> }
	no_shadow
}
cylinder {
	<41.824833, 37.149979, 53.002674>,  <41.282413, 37.307766, 52.526505>, 0.130000
	pigment { color rgbt <1,0,0,0> }
	no_shadow
}

// nucleotide -1

// particle -1
sphere {
	<41.824833, 37.149979, 53.002674> 0.250000
	pigment { color rgbt <1,0,0,0> }
	no_shadow
}
cylinder {
	<41.673897, 37.513542, 53.073666>,  <41.583336, 37.731682, 53.116261>, 0.100000
	pigment { color rgbt <1,0,0,0> }
	no_shadow
}
cylinder {
	<41.673897, 37.513542, 53.073666>,  <41.824833, 37.149979, 53.002674>, 0.100000
	pigment { color rgbt <1,0,0,0> }
	no_shadow
}

// particle -1
sphere {
	<41.673897, 37.513542, 53.073666> 0.100000
	pigment { color rgbt <1,0,0,0> }
	no_shadow
}
sphere {
	0, 1
	scale<0.080000,0.200000,0.300000>
	matrix <-0.133110, -0.242891, 0.960878,
		0.916460, 0.338950, 0.212637,
		-0.377338, 0.908910, 0.177482,
		41.560696, 37.786217, 53.126911>
	pigment { color rgbt <0,1,1,0> }
	no_shadow
}
cylinder {
	<41.818859, 37.160557, 53.704708>,  <41.824833, 37.149979, 53.002674>, 0.130000
	pigment { color rgbt <1,0,0,0> }
	no_shadow
}

// nucleotide -1

// particle -1
sphere {
	<41.818859, 37.160557, 53.704708> 0.250000
	pigment { color rgbt <1,0,0,0> }
	no_shadow
}
cylinder {
	<41.614388, 37.499069, 53.644695>,  <41.491703, 37.702175, 53.608688>, 0.100000
	pigment { color rgbt <1,0,0,0> }
	no_shadow
}
cylinder {
	<41.614388, 37.499069, 53.644695>,  <41.818859, 37.160557, 53.704708>, 0.100000
	pigment { color rgbt <1,0,0,0> }
	no_shadow
}

// particle -1
sphere {
	<41.614388, 37.499069, 53.644695> 0.100000
	pigment { color rgbt <1,0,0,0> }
	no_shadow
}
sphere {
	0, 1
	scale<0.080000,0.200000,0.300000>
	matrix <-0.274654, 0.004570, 0.961532,
		0.814409, 0.532722, 0.230097,
		-0.511178, 0.846278, -0.150036,
		41.461033, 37.752953, 53.599686>
	pigment { color rgbt <0,1,1,0> }
	no_shadow
}
cylinder {
	<41.977974, 37.582626, 54.286625>,  <41.818859, 37.160557, 53.704708>, 0.130000
	pigment { color rgbt <1,0,0,0> }
	no_shadow
}

// nucleotide -1

// particle -1
sphere {
	<41.977974, 37.582626, 54.286625> 0.250000
	pigment { color rgbt <1,0,0,0> }
	no_shadow
}
cylinder {
	<41.644596, 37.731667, 54.123390>,  <41.444569, 37.821091, 54.025448>, 0.100000
	pigment { color rgbt <1,0,0,0> }
	no_shadow
}
cylinder {
	<41.644596, 37.731667, 54.123390>,  <41.977974, 37.582626, 54.286625>, 0.100000
	pigment { color rgbt <1,0,0,0> }
	no_shadow
}

// particle -1
sphere {
	<41.644596, 37.731667, 54.123390> 0.100000
	pigment { color rgbt <1,0,0,0> }
	no_shadow
}
sphere {
	0, 1
	scale<0.080000,0.200000,0.300000>
	matrix <-0.390490, 0.125427, 0.912023,
		0.391009, 0.919475, 0.040962,
		-0.833444, 0.372605, -0.408089,
		41.394562, 37.843449, 54.000965>
	pigment { color rgbt <0,1,1,0> }
	no_shadow
}
cylinder {
	<41.792423, 38.245750, 54.640469>,  <41.977974, 37.582626, 54.286625>, 0.130000
	pigment { color rgbt <1,0,0,0> }
	no_shadow
}

// nucleotide -1

// particle -1
sphere {
	<41.792423, 38.245750, 54.640469> 0.250000
	pigment { color rgbt <1,0,0,0> }
	no_shadow
}
cylinder {
	<41.447453, 38.123711, 54.478912>,  <41.240471, 38.050488, 54.381977>, 0.100000
	pigment { color rgbt <1,0,0,0> }
	no_shadow
}
cylinder {
	<41.447453, 38.123711, 54.478912>,  <41.792423, 38.245750, 54.640469>, 0.100000
	pigment { color rgbt <1,0,0,0> }
	no_shadow
}

// particle -1
sphere {
	<41.447453, 38.123711, 54.478912> 0.100000
	pigment { color rgbt <1,0,0,0> }
	no_shadow
}
sphere {
	0, 1
	scale<0.080000,0.200000,0.300000>
	matrix <-0.483527, 0.260565, 0.835648,
		-0.149718, 0.915979, -0.372244,
		-0.862430, -0.305102, -0.403890,
		41.188725, 38.032181, 54.357746>
	pigment { color rgbt <0,1,1,0> }
	no_shadow
}
cylinder {
	<41.348305, 38.655830, 54.789925>,  <41.792423, 38.245750, 54.640469>, 0.130000
	pigment { color rgbt <1,0,0,0> }
	no_shadow
}

// nucleotide -1

// particle -1
sphere {
	<41.348305, 38.655830, 54.789925> 0.250000
	pigment { color rgbt <1,0,0,0> }
	no_shadow
}
cylinder {
	<41.130424, 38.332733, 54.699726>,  <40.999695, 38.138874, 54.645607>, 0.100000
	pigment { color rgbt <1,0,0,0> }
	no_shadow
}
cylinder {
	<41.130424, 38.332733, 54.699726>,  <41.348305, 38.655830, 54.789925>, 0.100000
	pigment { color rgbt <1,0,0,0> }
	no_shadow
}

// particle -1
sphere {
	<41.130424, 38.332733, 54.699726> 0.100000
	pigment { color rgbt <1,0,0,0> }
	no_shadow
}
sphere {
	0, 1
	scale<0.080000,0.200000,0.300000>
	matrix <-0.559493, 0.149722, 0.815200,
		-0.624712, 0.570204, -0.533481,
		-0.544704, -0.807745, -0.225492,
		40.967014, 38.090408, 54.632080>
	pigment { color rgbt <0,1,1,0> }
	no_shadow
}
cylinder {
	<40.516186, 38.681633, 54.647148>,  <41.348305, 38.655830, 54.789925>, 0.130000
	pigment { color rgbt <1,0,0,0> }
	no_shadow
}

// nucleotide -1

// particle -1
sphere {
	<40.516186, 38.681633, 54.647148> 0.250000
	pigment { color rgbt <1,0,0,0> }
	no_shadow
}
cylinder {
	<40.603912, 38.332291, 54.821114>,  <40.656548, 38.122684, 54.925495>, 0.100000
	pigment { color rgbt <1,0,0,0> }
	no_shadow
}
cylinder {
	<40.603912, 38.332291, 54.821114>,  <40.516186, 38.681633, 54.647148>, 0.100000
	pigment { color rgbt <1,0,0,0> }
	no_shadow
}

// particle -1
sphere {
	<40.603912, 38.332291, 54.821114> 0.100000
	pigment { color rgbt <1,0,0,0> }
	no_shadow
}
sphere {
	0, 1
	scale<0.080000,0.200000,0.300000>
	matrix <-0.709338, 0.163329, 0.685684,
		-0.669879, -0.458887, -0.583682,
		0.219319, -0.873354, 0.434917,
		40.669708, 38.070286, 54.951588>
	pigment { color rgbt <0,1,1,0> }
	no_shadow
}
cylinder {
	<39.875557, 38.280182, 54.691036>,  <40.516186, 38.681633, 54.647148>, 0.130000
	pigment { color rgbt <1,0,0,0> }
	no_shadow
}

// nucleotide -1

// particle -1
sphere {
	<39.875557, 38.280182, 54.691036> 0.250000
	pigment { color rgbt <1,0,0,0> }
	no_shadow
}
cylinder {
	<40.116013, 38.130173, 54.973309>,  <40.260284, 38.040169, 55.142673>, 0.100000
	pigment { color rgbt <1,0,0,0> }
	no_shadow
}
cylinder {
	<40.116013, 38.130173, 54.973309>,  <39.875557, 38.280182, 54.691036>, 0.100000
	pigment { color rgbt <1,0,0,0> }
	no_shadow
}

// particle -1
sphere {
	<40.116013, 38.130173, 54.973309> 0.100000
	pigment { color rgbt <1,0,0,0> }
	no_shadow
}
sphere {
	0, 1
	scale<0.080000,0.200000,0.300000>
	matrix <-0.739028, 0.075139, 0.669472,
		-0.304091, -0.923966, -0.231983,
		0.601138, -0.375022, 0.705685,
		40.296352, 38.017666, 55.185013>
	pigment { color rgbt <0,1,1,0> }
	no_shadow
}
cylinder {
	<39.583027, 37.700298, 55.061638>,  <39.875557, 38.280182, 54.691036>, 0.130000
	pigment { color rgbt <1,0,0,0> }
	no_shadow
}

// nucleotide -1

// particle -1
sphere {
	<39.583027, 37.700298, 55.061638> 0.250000
	pigment { color rgbt <1,0,0,0> }
	no_shadow
}
cylinder {
	<39.858040, 37.822044, 55.325356>,  <40.023048, 37.895092, 55.483585>, 0.100000
	pigment { color rgbt <1,0,0,0> }
	no_shadow
}
cylinder {
	<39.858040, 37.822044, 55.325356>,  <39.583027, 37.700298, 55.061638>, 0.100000
	pigment { color rgbt <1,0,0,0> }
	no_shadow
}

// particle -1
sphere {
	<39.858040, 37.822044, 55.325356> 0.100000
	pigment { color rgbt <1,0,0,0> }
	no_shadow
}
sphere {
	0, 1
	scale<0.080000,0.200000,0.300000>
	matrix <-0.676452, -0.061683, 0.733899,
		0.264039, -0.950557, 0.163478,
		0.687528, 0.304364, 0.659293,
		40.064297, 37.913353, 55.523144>
	pigment { color rgbt <0,1,1,0> }
	no_shadow
}
cylinder {
	<39.595955, 37.129917, 55.685390>,  <39.583027, 37.700298, 55.061638>, 0.130000
	pigment { color rgbt <1,0,0,0> }
	no_shadow
}

// nucleotide -1

// particle -1
sphere {
	<39.595955, 37.129917, 55.685390> 0.250000
	pigment { color rgbt <1,0,0,0> }
	no_shadow
}
cylinder {
	<39.773441, 37.466202, 55.809528>,  <39.879932, 37.667973, 55.884010>, 0.100000
	pigment { color rgbt <1,0,0,0> }
	no_shadow
}
cylinder {
	<39.773441, 37.466202, 55.809528>,  <39.595955, 37.129917, 55.685390>, 0.100000
	pigment { color rgbt <1,0,0,0> }
	no_shadow
}

// particle -1
sphere {
	<39.773441, 37.466202, 55.809528> 0.100000
	pigment { color rgbt <1,0,0,0> }
	no_shadow
}
sphere {
	0, 1
	scale<0.080000,0.200000,0.300000>
	matrix <-0.633342, 0.049179, 0.772308,
		0.634029, -0.539239, 0.554282,
		0.443717, 0.840716, 0.310342,
		39.906555, 37.718418, 55.902630>
	pigment { color rgbt <0,1,1,0> }
	no_shadow
}
cylinder {
	<39.557247, 37.089760, 56.373764>,  <39.595955, 37.129917, 55.685390>, 0.130000
	pigment { color rgbt <1,0,0,0> }
	no_shadow
}

// nucleotide -1

// particle -1
sphere {
	<39.557247, 37.089760, 56.373764> 0.250000
	pigment { color rgbt <1,0,0,0> }
	no_shadow
}
cylinder {
	<39.626347, 37.480423, 56.322693>,  <39.667805, 37.714821, 56.292049>, 0.100000
	pigment { color rgbt <1,0,0,0> }
	no_shadow
}
cylinder {
	<39.626347, 37.480423, 56.322693>,  <39.557247, 37.089760, 56.373764>, 0.100000
	pigment { color rgbt <1,0,0,0> }
	no_shadow
}

// particle -1
sphere {
	<39.626347, 37.480423, 56.322693> 0.100000
	pigment { color rgbt <1,0,0,0> }
	no_shadow
}
sphere {
	0, 1
	scale<0.080000,0.200000,0.300000>
	matrix <-0.762163, 0.214654, 0.610764,
		0.623913, -0.008192, 0.781451,
		0.172745, 0.976656, -0.127682,
		39.678169, 37.773418, 56.284389>
	pigment { color rgbt <0,1,1,0> }
	no_shadow
}
cylinder {
	<39.602463, 37.279827, 56.971214>,  <39.557247, 37.089760, 56.373764>, 0.130000
	pigment { color rgbt <1,0,0,0> }
	no_shadow
}

// nucleotide -1

// particle -1
sphere {
	<39.602463, 37.279827, 56.971214> 0.250000
	pigment { color rgbt <1,0,0,0> }
	no_shadow
}
cylinder {
	<39.517082, 37.609886, 56.762001>,  <39.465855, 37.807922, 56.636475>, 0.100000
	pigment { color rgbt <1,0,0,0> }
	no_shadow
}
cylinder {
	<39.517082, 37.609886, 56.762001>,  <39.602463, 37.279827, 56.971214>, 0.100000
	pigment { color rgbt <1,0,0,0> }
	no_shadow
}

// particle -1
sphere {
	<39.517082, 37.609886, 56.762001> 0.100000
	pigment { color rgbt <1,0,0,0> }
	no_shadow
}
sphere {
	0, 1
	scale<0.080000,0.200000,0.300000>
	matrix <-0.503724, 0.365764, 0.782610,
		0.837079, 0.430513, 0.337576,
		-0.213451, 0.825152, -0.523033,
		39.453049, 37.857433, 56.605091>
	pigment { color rgbt <0,1,1,0> }
	no_shadow
}
cylinder {
	<39.872116, 37.804573, 57.371597>,  <39.602463, 37.279827, 56.971214>, 0.130000
	pigment { color rgbt <1,0,0,0> }
	no_shadow
}

// nucleotide -1

// particle -1
sphere {
	<39.872116, 37.804573, 57.371597> 0.250000
	pigment { color rgbt <1,0,0,0> }
	no_shadow
}
cylinder {
	<39.603676, 37.976105, 57.129696>,  <39.442612, 38.079025, 56.984554>, 0.100000
	pigment { color rgbt <1,0,0,0> }
	no_shadow
}
cylinder {
	<39.603676, 37.976105, 57.129696>,  <39.872116, 37.804573, 57.371597>, 0.100000
	pigment { color rgbt <1,0,0,0> }
	no_shadow
}

// particle -1
sphere {
	<39.603676, 37.976105, 57.129696> 0.100000
	pigment { color rgbt <1,0,0,0> }
	no_shadow
}
sphere {
	0, 1
	scale<0.080000,0.200000,0.300000>
	matrix <-0.434473, 0.433471, 0.789516,
		0.600713, 0.792594, -0.104587,
		-0.671101, 0.428832, -0.604753,
		39.402344, 38.104755, 56.948269>
	pigment { color rgbt <0,1,1,0> }
	no_shadow
}
cylinder {
	<39.833172, 38.385765, 57.624748>,  <39.872116, 37.804573, 57.371597>, 0.130000
	pigment { color rgbt <1,0,0,0> }
	no_shadow
}

// nucleotide -1

// particle -1
sphere {
	<39.833172, 38.385765, 57.624748> 0.250000
	pigment { color rgbt <1,0,0,0> }
	no_shadow
}
cylinder {
	<39.488098, 38.358078, 57.424355>,  <39.281055, 38.341465, 57.304119>, 0.100000
	pigment { color rgbt <1,0,0,0> }
	no_shadow
}
cylinder {
	<39.488098, 38.358078, 57.424355>,  <39.833172, 38.385765, 57.624748>, 0.100000
	pigment { color rgbt <1,0,0,0> }
	no_shadow
}

// particle -1
sphere {
	<39.488098, 38.358078, 57.424355> 0.100000
	pigment { color rgbt <1,0,0,0> }
	no_shadow
}
sphere {
	0, 1
	scale<0.080000,0.200000,0.300000>
	matrix <-0.453547, 0.544169, 0.705815,
		0.223766, 0.836115, -0.500839,
		-0.862684, -0.069217, -0.500984,
		39.229294, 38.337315, 57.274059>
	pigment { color rgbt <0,1,1,0> }
	no_shadow
}
cylinder {
	<39.513420, 39.095963, 57.612247>,  <39.833172, 38.385765, 57.624748>, 0.130000
	pigment { color rgbt <1,0,0,0> }
	no_shadow
}

// nucleotide -1

// particle -1
sphere {
	<39.513420, 39.095963, 57.612247> 0.250000
	pigment { color rgbt <1,0,0,0> }
	no_shadow
}
cylinder {
	<39.194084, 38.873833, 57.519058>,  <39.002483, 38.740555, 57.463142>, 0.100000
	pigment { color rgbt <1,0,0,0> }
	no_shadow
}
cylinder {
	<39.194084, 38.873833, 57.519058>,  <39.513420, 39.095963, 57.612247>, 0.100000
	pigment { color rgbt <1,0,0,0> }
	no_shadow
}

// particle -1
sphere {
	<39.194084, 38.873833, 57.519058> 0.100000
	pigment { color rgbt <1,0,0,0> }
	no_shadow
}
sphere {
	0, 1
	scale<0.080000,0.200000,0.300000>
	matrix <-0.486575, 0.366865, 0.792878,
		-0.354831, 0.746343, -0.563087,
		-0.798336, -0.555321, -0.232977,
		38.954582, 38.707237, 57.449165>
	pigment { color rgbt <0,1,1,0> }
	no_shadow
}
cylinder {
	<38.997986, 39.545593, 57.603813>,  <39.513420, 39.095963, 57.612247>, 0.130000
	pigment { color rgbt <1,0,0,0> }
	no_shadow
}

// nucleotide -1

// particle -1
sphere {
	<38.997986, 39.545593, 57.603813> 0.250000
	pigment { color rgbt <1,0,0,0> }
	no_shadow
}
cylinder {
	<38.885735, 39.172195, 57.693111>,  <38.818382, 38.948158, 57.746689>, 0.100000
	pigment { color rgbt <1,0,0,0> }
	no_shadow
}
cylinder {
	<38.885735, 39.172195, 57.693111>,  <38.997986, 39.545593, 57.603813>, 0.100000
	pigment { color rgbt <1,0,0,0> }
	no_shadow
}

// particle -1
sphere {
	<38.885735, 39.172195, 57.693111> 0.100000
	pigment { color rgbt <1,0,0,0> }
	no_shadow
}
sphere {
	0, 1
	scale<0.080000,0.200000,0.300000>
	matrix <-0.340727, 0.314332, 0.886059,
		-0.897303, 0.172587, -0.406276,
		-0.280628, -0.933493, 0.223246,
		38.801548, 38.892147, 57.760086>
	pigment { color rgbt <0,1,1,0> }
	no_shadow
}
cylinder {
	<38.345253, 39.690014, 57.919807>,  <38.997986, 39.545593, 57.603813>, 0.130000
	pigment { color rgbt <1,0,0,0> }
	no_shadow
}

// nucleotide -1

// particle -1
sphere {
	<38.345253, 39.690014, 57.919807> 0.250000
	pigment { color rgbt <1,0,0,0> }
	no_shadow
}
cylinder {
	<38.452568, 39.315605, 58.010925>,  <38.516956, 39.090961, 58.065598>, 0.100000
	pigment { color rgbt <1,0,0,0> }
	no_shadow
}
cylinder {
	<38.452568, 39.315605, 58.010925>,  <38.345253, 39.690014, 57.919807>, 0.100000
	pigment { color rgbt <1,0,0,0> }
	no_shadow
}

// particle -1
sphere {
	<38.452568, 39.315605, 58.010925> 0.100000
	pigment { color rgbt <1,0,0,0> }
	no_shadow
}
sphere {
	0, 1
	scale<0.080000,0.200000,0.300000>
	matrix <-0.351583, 0.125012, 0.927772,
		-0.896889, -0.329001, -0.295549,
		0.268291, -0.936018, 0.227793,
		38.533054, 39.034801, 58.079262>
	pigment { color rgbt <0,1,1,0> }
	no_shadow
}
cylinder {
	<37.772591, 39.498417, 58.223862>,  <38.345253, 39.690014, 57.919807>, 0.130000
	pigment { color rgbt <1,0,0,0> }
	no_shadow
}

// nucleotide -1

// particle -1
sphere {
	<37.772591, 39.498417, 58.223862> 0.250000
	pigment { color rgbt <1,0,0,0> }
	no_shadow
}
cylinder {
	<38.066917, 39.265228, 58.361683>,  <38.243511, 39.125317, 58.444378>, 0.100000
	pigment { color rgbt <1,0,0,0> }
	no_shadow
}
cylinder {
	<38.066917, 39.265228, 58.361683>,  <37.772591, 39.498417, 58.223862>, 0.100000
	pigment { color rgbt <1,0,0,0> }
	no_shadow
}

// particle -1
sphere {
	<38.066917, 39.265228, 58.361683> 0.100000
	pigment { color rgbt <1,0,0,0> }
	no_shadow
}
sphere {
	0, 1
	scale<0.080000,0.200000,0.300000>
	matrix <-0.328167, 0.138101, 0.934470,
		-0.592354, -0.800669, -0.089695,
		0.735814, -0.582973, 0.344557,
		38.287663, 39.090336, 58.465050>
	pigment { color rgbt <0,1,1,0> }
	no_shadow
}
cylinder {
	<37.409031, 38.901630, 58.680893>,  <37.772591, 39.498417, 58.223862>, 0.130000
	pigment { color rgbt <1,0,0,0> }
	no_shadow
}

// nucleotide -1

// particle -1
sphere {
	<37.409031, 38.901630, 58.680893> 0.250000
	pigment { color rgbt <1,0,0,0> }
	no_shadow
}
cylinder {
	<37.785885, 38.964729, 58.799210>,  <38.011997, 39.002590, 58.870201>, 0.100000
	pigment { color rgbt <1,0,0,0> }
	no_shadow
}
cylinder {
	<37.785885, 38.964729, 58.799210>,  <37.409031, 38.901630, 58.680893>, 0.100000
	pigment { color rgbt <1,0,0,0> }
	no_shadow
}

// particle -1
sphere {
	<37.785885, 38.964729, 58.799210> 0.100000
	pigment { color rgbt <1,0,0,0> }
	no_shadow
}
sphere {
	0, 1
	scale<0.080000,0.200000,0.300000>
	matrix <-0.320766, 0.167850, 0.932167,
		0.097401, -0.973109, 0.208739,
		0.942137, 0.157750, 0.295791,
		38.068527, 39.012054, 58.887947>
	pigment { color rgbt <0,1,1,0> }
	no_shadow
}
cylinder {
	<37.220661, 38.816822, 59.319096>,  <37.409031, 38.901630, 58.680893>, 0.130000
	pigment { color rgbt <1,0,0,0> }
	no_shadow
}

// nucleotide -1

// particle -1
sphere {
	<37.220661, 38.816822, 59.319096> 0.250000
	pigment { color rgbt <1,0,0,0> }
	no_shadow
}
cylinder {
	<37.596245, 38.953949, 59.330627>,  <37.821594, 39.036224, 59.337547>, 0.100000
	pigment { color rgbt <1,0,0,0> }
	no_shadow
}
cylinder {
	<37.596245, 38.953949, 59.330627>,  <37.220661, 38.816822, 59.319096>, 0.100000
	pigment { color rgbt <1,0,0,0> }
	no_shadow
}

// particle -1
sphere {
	<37.596245, 38.953949, 59.330627> 0.100000
	pigment { color rgbt <1,0,0,0> }
	no_shadow
}
sphere {
	0, 1
	scale<0.080000,0.200000,0.300000>
	matrix <-0.087217, 0.156131, 0.983878,
		0.332794, -0.926334, 0.176501,
		0.938957, 0.342823, 0.028833,
		37.877934, 39.056797, 59.339279>
	pigment { color rgbt <0,1,1,0> }
	no_shadow
}
cylinder {
	<37.671234, 38.575760, 59.901527>,  <37.220661, 38.816822, 59.319096>, 0.130000
	pigment { color rgbt <1,0,0,0> }
	no_shadow
}

// nucleotide -1

// particle -1
sphere {
	<37.671234, 38.575760, 59.901527> 0.250000
	pigment { color rgbt <1,0,0,0> }
	no_shadow
}
cylinder {
	<37.801476, 38.940300, 59.800789>,  <37.879620, 39.159023, 59.740345>, 0.100000
	pigment { color rgbt <1,0,0,0> }
	no_shadow
}
cylinder {
	<37.801476, 38.940300, 59.800789>,  <37.671234, 38.575760, 59.901527>, 0.100000
	pigment { color rgbt <1,0,0,0> }
	no_shadow
}

// particle -1
sphere {
	<37.801476, 38.940300, 59.800789> 0.100000
	pigment { color rgbt <1,0,0,0> }
	no_shadow
}
sphere {
	0, 1
	scale<0.080000,0.200000,0.300000>
	matrix <0.052300, 0.248596, 0.967194,
