// switches for output
#declare DRAW_BASES = 1; // possible values are 0, 1; only relevant for DNA ribbons
#declare DRAW_BASES_TYPE = 3; // possible values are 1, 2, 3; only relevant for DNA ribbons
#declare DRAW_FOG = 0; // set to 1 to enable fog

#include "colors.inc"

#include "transforms.inc"
background { rgb <1, 1, 1>}

#default {
   normal{
       ripples 0.25
       frequency 0.20
       turbulence 0.2
       lambda 5
   }
	finish {
		phong 0.1
		phong_size 40.
	}
}

// original window dimensions: 1024x640


// camera settings

camera {
	sky <-0, 1, 0>
	up <-0, 1, 0>
	right 1.6 * <0.724836, 0, 0.688921>
	location <12.1561, 44.2, 77.9145>
	look_at <46.7464, 44.2, 41.5209>
	direction <34.5903, 0, -36.3936>
	angle 67.0682
}


# declare cpy_camera_pos = <12.1561, 44.2, 77.9145>;
# if (DRAW_FOG = 1)
fog {
	fog_type 2
	up vnormalize(cpy_camera_pos)
	color rgbt<1,1,1,0.3>
	distance 1e-5
	fog_alt 3e-3
	fog_offset 70.72
}
# end


// LIGHTS

# declare lum = 6;
global_settings {
	ambient_light rgb lum * <0.05, 0.05, 0.05>
	max_trace_level 15
}# declare cpy_direct_light_amount = 0.25;
light_source
{	1000 * <-0.0359156, -1, 1.41376>,
	rgb lum * cpy_direct_light_amount
	parallel
}

light_source
{	1000 * <0.0359156, 1, -1.41376>,
	rgb lum * cpy_direct_light_amount
	parallel
}

// strand 0

// nucleotide -1

// particle -1
sphere {
	<46.539474, 40.504578, 43.670738> 0.250000
	pigment { color rgbt <1,0,0,0> }
	no_shadow
}
cylinder {
	<46.696884, 40.719627, 43.969028>,  <46.791328, 40.848656, 44.148003>, 0.100000
	pigment { color rgbt <1,0,0,0> }
	no_shadow
}
cylinder {
	<46.696884, 40.719627, 43.969028>,  <46.539474, 40.504578, 43.670738>, 0.100000
	pigment { color rgbt <1,0,0,0> }
	no_shadow
}

// particle -1
sphere {
	<46.696884, 40.719627, 43.969028> 0.100000
	pigment { color rgbt <1,0,0,0> }
	no_shadow
}
sphere {
	0, 1
	scale<0.080000,0.200000,0.300000>
	matrix <-0.693853, -0.358445, 0.624568,
		0.603084, -0.763202, 0.231977,
		0.393521, 0.537625, 0.745722,
		46.814941, 40.880917, 44.192745>
	pigment { color rgbt <0,1,1,0> }
	no_shadow
}
cylinder {
	<46.415241, 40.072323, 44.203205>,  <46.539474, 40.504578, 43.670738>, 0.130000
	pigment { color rgbt <1,0,0,0> }
	no_shadow
}

// nucleotide -1

// particle -1
sphere {
	<46.415241, 40.072323, 44.203205> 0.250000
	pigment { color rgbt <1,0,0,0> }
	no_shadow
}
cylinder {
	<46.510696, 40.412216, 44.391247>,  <46.567970, 40.616154, 44.504070>, 0.100000
	pigment { color rgbt <1,0,0,0> }
	no_shadow
}
cylinder {
	<46.510696, 40.412216, 44.391247>,  <46.415241, 40.072323, 44.203205>, 0.100000
	pigment { color rgbt <1,0,0,0> }
	no_shadow
}

// particle -1
sphere {
	<46.510696, 40.412216, 44.391247> 0.100000
	pigment { color rgbt <1,0,0,0> }
	no_shadow
}
sphere {
	0, 1
	scale<0.080000,0.200000,0.300000>
	matrix <-0.611821, -0.244375, 0.752300,
		0.754139, -0.467149, 0.461569,
		0.238641, 0.849737, 0.470104,
		46.582287, 40.667137, 44.532280>
	pigment { color rgbt <0,1,1,0> }
	no_shadow
}
cylinder {
	<46.561985, 39.920776, 44.871944>,  <46.415241, 40.072323, 44.203205>, 0.130000
	pigment { color rgbt <1,0,0,0> }
	no_shadow
}

// nucleotide -1

// particle -1
sphere {
	<46.561985, 39.920776, 44.871944> 0.250000
	pigment { color rgbt <1,0,0,0> }
	no_shadow
}
cylinder {
	<46.432930, 40.299385, 44.871304>,  <46.355499, 40.526550, 44.870918>, 0.100000
	pigment { color rgbt <1,0,0,0> }
	no_shadow
}
cylinder {
	<46.432930, 40.299385, 44.871304>,  <46.561985, 39.920776, 44.871944>, 0.100000
	pigment { color rgbt <1,0,0,0> }
	no_shadow
}

// particle -1
sphere {
	<46.432930, 40.299385, 44.871304> 0.100000
	pigment { color rgbt <1,0,0,0> }
	no_shadow
}
sphere {
	0, 1
	scale<0.080000,0.200000,0.300000>
	matrix <-0.585629, -0.198289, 0.785951,
		0.743602, 0.254515, 0.618286,
		-0.322636, 0.946522, -0.001603,
		46.336140, 40.583344, 44.870823>
	pigment { color rgbt <0,1,1,0> }
	no_shadow
}
cylinder {
	<46.719398, 40.113167, 45.597569>,  <46.561985, 39.920776, 44.871944>, 0.130000
	pigment { color rgbt <1,0,0,0> }
	no_shadow
}

// nucleotide -1

// particle -1
sphere {
	<46.719398, 40.113167, 45.597569> 0.250000
	pigment { color rgbt <1,0,0,0> }
	no_shadow
}
cylinder {
	<46.433838, 40.366287, 45.477631>,  <46.262501, 40.518158, 45.405666>, 0.100000
	pigment { color rgbt <1,0,0,0> }
	no_shadow
}
cylinder {
	<46.433838, 40.366287, 45.477631>,  <46.719398, 40.113167, 45.597569>, 0.100000
	pigment { color rgbt <1,0,0,0> }
	no_shadow
}

// particle -1
sphere {
	<46.433838, 40.366287, 45.477631> 0.100000
	pigment { color rgbt <1,0,0,0> }
	no_shadow
}
sphere {
	0, 1
	scale<0.080000,0.200000,0.300000>
	matrix <-0.542062, -0.228325, 0.808725,
		0.443297, 0.739888, 0.506018,
		-0.713903, 0.632798, -0.299849,
		46.219666, 40.556126, 45.387676>
	pigment { color rgbt <0,1,1,0> }
	no_shadow
}
cylinder {
	<46.429115, 40.345436, 46.182476>,  <46.719398, 40.113167, 45.597569>, 0.130000
	pigment { color rgbt <1,0,0,0> }
	no_shadow
}

// nucleotide -1

// particle -1
sphere {
	<46.429115, 40.345436, 46.182476> 0.250000
	pigment { color rgbt <1,0,0,0> }
	no_shadow
}
cylinder {
	<46.157944, 40.468262, 45.915306>,  <45.995239, 40.541958, 45.755005>, 0.100000
	pigment { color rgbt <1,0,0,0> }
	no_shadow
}
cylinder {
	<46.157944, 40.468262, 45.915306>,  <46.429115, 40.345436, 46.182476>, 0.100000
	pigment { color rgbt <1,0,0,0> }
	no_shadow
}

// particle -1
sphere {
	<46.157944, 40.468262, 45.915306> 0.100000
	pigment { color rgbt <1,0,0,0> }
	no_shadow
}
sphere {
	0, 1
	scale<0.080000,0.200000,0.300000>
	matrix <-0.734970, -0.264405, 0.624427,
		0.015140, 0.914220, 0.404934,
		-0.677931, 0.307068, -0.667921,
		45.954563, 40.560383, 45.714931>
	pigment { color rgbt <0,1,1,0> }
	no_shadow
}
cylinder {
	<46.064121, 40.872108, 46.501606>,  <46.429115, 40.345436, 46.182476>, 0.130000
	pigment { color rgbt <1,0,0,0> }
	no_shadow
}

// nucleotide -1

// particle -1
sphere {
	<46.064121, 40.872108, 46.501606> 0.250000
	pigment { color rgbt <1,0,0,0> }
	no_shadow
}
cylinder {
	<45.836014, 40.716248, 46.212341>,  <45.699150, 40.622730, 46.038780>, 0.100000
	pigment { color rgbt <1,0,0,0> }
	no_shadow
}
cylinder {
	<45.836014, 40.716248, 46.212341>,  <46.064121, 40.872108, 46.501606>, 0.100000
	pigment { color rgbt <1,0,0,0> }
	no_shadow
}

// particle -1
sphere {
	<45.836014, 40.716248, 46.212341> 0.100000
	pigment { color rgbt <1,0,0,0> }
	no_shadow
}
sphere {
	0, 1
	scale<0.080000,0.200000,0.300000>
	matrix <-0.740875, -0.136288, 0.657670,
		-0.354818, 0.910824, -0.210959,
		-0.570270, -0.389647, -0.723164,
		45.664932, 40.599354, 45.995392>
	pigment { color rgbt <0,1,1,0> }
	no_shadow
}
cylinder {
	<45.546108, 41.203289, 46.681248>,  <46.064121, 40.872108, 46.501606>, 0.130000
	pigment { color rgbt <1,0,0,0> }
	no_shadow
}

// nucleotide -1

// particle -1
sphere {
	<45.546108, 41.203289, 46.681248> 0.250000
	pigment { color rgbt <1,0,0,0> }
	no_shadow
}
cylinder {
	<45.422409, 40.908752, 46.440525>,  <45.348190, 40.732029, 46.296093>, 0.100000
	pigment { color rgbt <1,0,0,0> }
	no_shadow
}
cylinder {
	<45.422409, 40.908752, 46.440525>,  <45.546108, 41.203289, 46.681248>, 0.100000
	pigment { color rgbt <1,0,0,0> }
	no_shadow
}

// particle -1
sphere {
	<45.422409, 40.908752, 46.440525> 0.100000
	pigment { color rgbt <1,0,0,0> }
	no_shadow
}
sphere {
	0, 1
	scale<0.080000,0.200000,0.300000>
	matrix <-0.778475, -0.167459, 0.604926,
		-0.546209, 0.655560, -0.521437,
		-0.309246, -0.736342, -0.601804,
		45.329636, 40.687851, 46.259983>
	pigment { color rgbt <0,1,1,0> }
	no_shadow
}
cylinder {
	<44.840649, 41.313084, 46.602650>,  <45.546108, 41.203289, 46.681248>, 0.130000
	pigment { color rgbt <1,0,0,0> }
	no_shadow
}

// nucleotide -1

// particle -1
sphere {
	<44.840649, 41.313084, 46.602650> 0.250000
	pigment { color rgbt <1,0,0,0> }
	no_shadow
}
cylinder {
	<44.905163, 40.923630, 46.538120>,  <44.943871, 40.689957, 46.499401>, 0.100000
	pigment { color rgbt <1,0,0,0> }
	no_shadow
}
cylinder {
	<44.905163, 40.923630, 46.538120>,  <44.840649, 41.313084, 46.602650>, 0.100000
	pigment { color rgbt <1,0,0,0> }
	no_shadow
}

// particle -1
sphere {
	<44.905163, 40.923630, 46.538120> 0.100000
	pigment { color rgbt <1,0,0,0> }
	no_shadow
}
sphere {
	0, 1
	scale<0.080000,0.200000,0.300000>
	matrix <-0.777811, -0.226020, 0.586451,
		-0.607451, 0.030897, -0.793756,
		0.161286, -0.973633, -0.161328,
		44.953548, 40.631538, 46.489723>
	pigment { color rgbt <0,1,1,0> }
	no_shadow
}
cylinder {
	<44.149612, 41.121891, 46.672970>,  <44.840649, 41.313084, 46.602650>, 0.130000
	pigment { color rgbt <1,0,0,0> }
	no_shadow
}

// nucleotide -1

// particle -1
sphere {
	<44.149612, 41.121891, 46.672970> 0.250000
	pigment { color rgbt <1,0,0,0> }
	no_shadow
}
cylinder {
	<44.362011, 40.783913, 46.698631>,  <44.489449, 40.581127, 46.714027>, 0.100000
	pigment { color rgbt <1,0,0,0> }
	no_shadow
}
cylinder {
	<44.362011, 40.783913, 46.698631>,  <44.149612, 41.121891, 46.672970>, 0.100000
	pigment { color rgbt <1,0,0,0> }
	no_shadow
}

// particle -1
sphere {
	<44.362011, 40.783913, 46.698631> 0.100000
	pigment { color rgbt <1,0,0,0> }
	no_shadow
}
sphere {
	0, 1
	scale<0.080000,0.200000,0.300000>
	matrix <-0.621527, -0.336894, 0.707253,
		-0.575977, -0.415418, -0.704044,
		0.530994, -0.844944, 0.064151,
		44.521309, 40.530430, 46.717876>
	pigment { color rgbt <0,1,1,0> }
	no_shadow
}
cylinder {
	<43.672279, 40.507034, 46.897900>,  <44.149612, 41.121891, 46.672970>, 0.130000
	pigment { color rgbt <1,0,0,0> }
	no_shadow
}

// nucleotide -1

// particle -1
sphere {
	<43.672279, 40.507034, 46.897900> 0.250000
	pigment { color rgbt <1,0,0,0> }
	no_shadow
}
cylinder {
	<44.035500, 40.353653, 46.965328>,  <44.253429, 40.261623, 47.005787>, 0.100000
	pigment { color rgbt <1,0,0,0> }
	no_shadow
}
cylinder {
	<44.035500, 40.353653, 46.965328>,  <43.672279, 40.507034, 46.897900>, 0.100000
	pigment { color rgbt <1,0,0,0> }
	no_shadow
}

// particle -1
sphere {
	<44.035500, 40.353653, 46.965328> 0.100000
	pigment { color rgbt <1,0,0,0> }
	no_shadow
}
sphere {
	0, 1
	scale<0.080000,0.200000,0.300000>
	matrix <-0.325383, -0.392306, 0.860361,
		-0.263773, -0.836099, -0.481001,
		0.908047, -0.383450, 0.168573,
		44.307915, 40.238617, 47.015900>
	pigment { color rgbt <0,1,1,0> }
	no_shadow
}
cylinder {
	<43.513393, 39.763988, 46.926800>,  <43.672279, 40.507034, 46.897900>, 0.130000
	pigment { color rgbt <1,0,0,0> }
	no_shadow
}

// nucleotide -1

// particle -1
sphere {
	<43.513393, 39.763988, 46.926800> 0.250000
	pigment { color rgbt <1,0,0,0> }
	no_shadow
}
cylinder {
	<43.867714, 39.861603, 47.084690>,  <44.080307, 39.920170, 47.179424>, 0.100000
	pigment { color rgbt <1,0,0,0> }
	no_shadow
}
cylinder {
	<43.867714, 39.861603, 47.084690>,  <43.513393, 39.763988, 46.926800>, 0.100000
	pigment { color rgbt <1,0,0,0> }
	no_shadow
}

// particle -1
sphere {
	<43.867714, 39.861603, 47.084690> 0.100000
	pigment { color rgbt <1,0,0,0> }
	no_shadow
}
sphere {
	0, 1
	scale<0.080000,0.200000,0.300000>
	matrix <-0.264720, -0.432906, 0.861694,
		0.381163, -0.867778, -0.318866,
		0.885798, 0.244035, 0.394726,
		44.133453, 39.934814, 47.203110>
	pigment { color rgbt <0,1,1,0> }
	no_shadow
}
cylinder {
	<43.650703, 39.171940, 47.291737>,  <43.513393, 39.763988, 46.926800>, 0.130000
	pigment { color rgbt <1,0,0,0> }
	no_shadow
}

// nucleotide -1

// particle -1
sphere {
	<43.650703, 39.171940, 47.291737> 0.250000
	pigment { color rgbt <1,0,0,0> }
	no_shadow
}
cylinder {
	<43.844734, 39.483543, 47.450657>,  <43.961155, 39.670506, 47.546009>, 0.100000
	pigment { color rgbt <1,0,0,0> }
	no_shadow
}
cylinder {
	<43.844734, 39.483543, 47.450657>,  <43.650703, 39.171940, 47.291737>, 0.100000
	pigment { color rgbt <1,0,0,0> }
	no_shadow
}

// particle -1
sphere {
	<43.844734, 39.483543, 47.450657> 0.100000
	pigment { color rgbt <1,0,0,0> }
	no_shadow
}
sphere {
	0, 1
	scale<0.080000,0.200000,0.300000>
	matrix <-0.420879, -0.190274, 0.886937,
		0.766525, -0.597451, 0.235569,
		0.485078, 0.779005, 0.397304,
		43.990257, 39.717243, 47.569847>
	pigment { color rgbt <0,1,1,0> }
	no_shadow
}
cylinder {
	<43.962055, 38.897381, 47.808350>,  <43.650703, 39.171940, 47.291737>, 0.130000
	pigment { color rgbt <1,0,0,0> }
	no_shadow
}

// nucleotide -1

// particle -1
sphere {
	<43.962055, 38.897381, 47.808350> 0.250000
	pigment { color rgbt <1,0,0,0> }
	no_shadow
}
cylinder {
	<43.915901, 39.288689, 47.877251>,  <43.888206, 39.523476, 47.918591>, 0.100000
	pigment { color rgbt <1,0,0,0> }
	no_shadow
}
cylinder {
	<43.915901, 39.288689, 47.877251>,  <43.962055, 38.897381, 47.808350>, 0.100000
	pigment { color rgbt <1,0,0,0> }
	no_shadow
}

// particle -1
sphere {
	<43.915901, 39.288689, 47.877251> 0.100000
	pigment { color rgbt <1,0,0,0> }
	no_shadow
}
sphere {
	0, 1
	scale<0.080000,0.200000,0.300000>
	matrix <-0.343974, -0.202033, 0.916987,
		0.931862, 0.046560, 0.359812,
		-0.115389, 0.978271, 0.172252,
		43.881283, 39.582169, 47.928925>
	pigment { color rgbt <0,1,1,0> }
	no_shadow
}
cylinder {
	<44.268852, 38.963730, 48.443611>,  <43.962055, 38.897381, 47.808350>, 0.130000
	pigment { color rgbt <1,0,0,0> }
	no_shadow
}

// nucleotide -1

// particle -1
sphere {
	<44.268852, 38.963730, 48.443611> 0.250000
	pigment { color rgbt <1,0,0,0> }
	no_shadow
}
cylinder {
	<44.049515, 39.295647, 48.402115>,  <43.917912, 39.494797, 48.377216>, 0.100000
	pigment { color rgbt <1,0,0,0> }
	no_shadow
}
cylinder {
	<44.049515, 39.295647, 48.402115>,  <44.268852, 38.963730, 48.443611>, 0.100000
	pigment { color rgbt <1,0,0,0> }
	no_shadow
}

// particle -1
sphere {
	<44.049515, 39.295647, 48.402115> 0.100000
	pigment { color rgbt <1,0,0,0> }
	no_shadow
}
sphere {
	0, 1
	scale<0.080000,0.200000,0.300000>
	matrix <-0.392304, -0.145692, 0.908225,
		0.738527, 0.538714, 0.405421,
		-0.548339, 0.829796, -0.103742,
		43.885014, 39.544586, 48.370991>
	pigment { color rgbt <0,1,1,0> }
	no_shadow
}
cylinder {
	<44.443619, 39.401310, 49.069244>,  <44.268852, 38.963730, 48.443611>, 0.130000
	pigment { color rgbt <1,0,0,0> }
	no_shadow
}

// nucleotide -1

// particle -1
sphere {
	<44.443619, 39.401310, 49.069244> 0.250000
	pigment { color rgbt <1,0,0,0> }
	no_shadow
}
cylinder {
	<44.097233, 39.547966, 48.933201>,  <43.889400, 39.635960, 48.851574>, 0.100000
	pigment { color rgbt <1,0,0,0> }
	no_shadow
}
cylinder {
	<44.097233, 39.547966, 48.933201>,  <44.443619, 39.401310, 49.069244>, 0.100000
	pigment { color rgbt <1,0,0,0> }
	no_shadow
}

// particle -1
sphere {
	<44.097233, 39.547966, 48.933201> 0.100000
	pigment { color rgbt <1,0,0,0> }
	no_shadow
}
sphere {
	0, 1
	scale<0.080000,0.200000,0.300000>
	matrix <-0.389032, -0.066533, 0.918819,
		0.314249, 0.927980, 0.200251,
		-0.865969, 0.366642, -0.340106,
		43.837440, 39.657959, 48.831169>
	pigment { color rgbt <0,1,1,0> }
	no_shadow
}
cylinder {
	<44.340252, 40.099117, 49.490082>,  <44.443619, 39.401310, 49.069244>, 0.130000
	pigment { color rgbt <1,0,0,0> }
	no_shadow
}

// nucleotide -1

// particle -1
sphere {
	<44.340252, 40.099117, 49.490082> 0.250000
	pigment { color rgbt <1,0,0,0> }
	no_shadow
}
cylinder {
	<44.002605, 39.931076, 49.356827>,  <43.800018, 39.830254, 49.276875>, 0.100000
	pigment { color rgbt <1,0,0,0> }
	no_shadow
}
cylinder {
	<44.002605, 39.931076, 49.356827>,  <44.340252, 40.099117, 49.490082>, 0.100000
	pigment { color rgbt <1,0,0,0> }
	no_shadow
}

// particle -1
sphere {
	<44.002605, 39.931076, 49.356827> 0.100000
	pigment { color rgbt <1,0,0,0> }
	no_shadow
}
sphere {
	0, 1
	scale<0.080000,0.200000,0.300000>
	matrix <-0.364902, -0.005106, 0.931032,
		-0.392829, 0.907463, -0.148985,
		-0.844116, -0.420101, -0.333141,
		43.749371, 39.805046, 49.256886>
	pigment { color rgbt <0,1,1,0> }
	no_shadow
}
cylinder {
	<43.912846, 40.249928, 50.043087>,  <44.340252, 40.099117, 49.490082>, 0.130000
	pigment { color rgbt <1,0,0,0> }
	no_shadow
}

// nucleotide -1

// particle -1
sphere {
	<43.912846, 40.249928, 50.043087> 0.250000
	pigment { color rgbt <1,0,0,0> }
	no_shadow
}
cylinder {
	<43.690811, 39.982979, 49.844498>,  <43.557590, 39.822807, 49.725346>, 0.100000
	pigment { color rgbt <1,0,0,0> }
	no_shadow
}
cylinder {
	<43.690811, 39.982979, 49.844498>,  <43.912846, 40.249928, 50.043087>, 0.100000
	pigment { color rgbt <1,0,0,0> }
	no_shadow
}

// particle -1
sphere {
	<43.690811, 39.982979, 49.844498> 0.100000
	pigment { color rgbt <1,0,0,0> }
	no_shadow
}
sphere {
	0, 1
	scale<0.080000,0.200000,0.300000>
	matrix <-0.451920, -0.259122, 0.853594,
		-0.698315, 0.698188, -0.157764,
		-0.555089, -0.667375, -0.496474,
		43.524284, 39.782768, 49.695557>
	pigment { color rgbt <0,1,1,0> }
	no_shadow
}
cylinder {
	<43.187641, 40.308380, 50.259754>,  <43.912846, 40.249928, 50.043087>, 0.130000
	pigment { color rgbt <1,0,0,0> }
	no_shadow
}

// nucleotide -1

// particle -1
sphere {
	<43.187641, 40.308380, 50.259754> 0.250000
	pigment { color rgbt <1,0,0,0> }
	no_shadow
}
cylinder {
	<43.204716, 39.933800, 50.120472>,  <43.214958, 39.709053, 50.036903>, 0.100000
	pigment { color rgbt <1,0,0,0> }
	no_shadow
}
cylinder {
	<43.204716, 39.933800, 50.120472>,  <43.187641, 40.308380, 50.259754>, 0.100000
	pigment { color rgbt <1,0,0,0> }
	no_shadow
}

// particle -1
sphere {
	<43.204716, 39.933800, 50.120472> 0.100000
	pigment { color rgbt <1,0,0,0> }
	no_shadow
}
sphere {
	0, 1
	scale<0.080000,0.200000,0.300000>
	matrix <-0.476164, -0.325460, 0.816912,
		-0.878320, 0.130934, -0.459793,
		0.042683, -0.936447, -0.348204,
		43.217522, 39.652866, 50.016010>
	pigment { color rgbt <0,1,1,0> }
	no_shadow
}
cylinder {
	<42.562466, 39.981510, 50.542728>,  <43.187641, 40.308380, 50.259754>, 0.130000
	pigment { color rgbt <1,0,0,0> }
	no_shadow
}

// nucleotide -1

// particle -1
sphere {
	<42.562466, 39.981510, 50.542728> 0.250000
	pigment { color rgbt <1,0,0,0> }
	no_shadow
}
cylinder {
	<42.806572, 39.679245, 50.447601>,  <42.953037, 39.497887, 50.390526>, 0.100000
	pigment { color rgbt <1,0,0,0> }
	no_shadow
}
cylinder {
	<42.806572, 39.679245, 50.447601>,  <42.562466, 39.981510, 50.542728>, 0.100000
	pigment { color rgbt <1,0,0,0> }
	no_shadow
}

// particle -1
sphere {
	<42.806572, 39.679245, 50.447601> 0.100000
	pigment { color rgbt <1,0,0,0> }
	no_shadow
}
sphere {
	0, 1
	scale<0.080000,0.200000,0.300000>
	matrix <-0.365902, -0.535129, 0.761415,
		-0.702633, -0.377647, -0.603067,
		0.610265, -0.755659, -0.237818,
		42.989651, 39.452549, 50.376255>
	pigment { color rgbt <0,1,1,0> }
	no_shadow
}
cylinder {
	<42.185963, 39.296185, 50.487442>,  <42.562466, 39.981510, 50.542728>, 0.130000
	pigment { color rgbt <1,0,0,0> }
	no_shadow
}

// nucleotide -1

// particle -1
sphere {
	<42.185963, 39.296185, 50.487442> 0.250000
	pigment { color rgbt <1,0,0,0> }
	no_shadow
}
cylinder {
	<42.574619, 39.233604, 50.558365>,  <42.807812, 39.196056, 50.600918>, 0.100000
	pigment { color rgbt <1,0,0,0> }
	no_shadow
}
cylinder {
	<42.574619, 39.233604, 50.558365>,  <42.185963, 39.296185, 50.487442>, 0.100000
	pigment { color rgbt <1,0,0,0> }
	no_shadow
}

// particle -1
sphere {
	<42.574619, 39.233604, 50.558365> 0.100000
	pigment { color rgbt <1,0,0,0> }
	no_shadow
}
sphere {
	0, 1
	scale<0.080000,0.200000,0.300000>
	matrix <-0.236462, -0.644593, 0.727039,
		0.000551, -0.748348, -0.663306,
		0.971640, -0.156446, 0.177311,
		42.866112, 39.186672, 50.611557>
	pigment { color rgbt <0,1,1,0> }
	no_shadow
}
cylinder {
	<42.153149, 38.623573, 50.668110>,  <42.185963, 39.296185, 50.487442>, 0.130000
	pigment { color rgbt <1,0,0,0> }
	no_shadow
}

// nucleotide -1

// particle -1
sphere {
	<42.153149, 38.623573, 50.668110> 0.250000
	pigment { color rgbt <1,0,0,0> }
	no_shadow
}
cylinder {
	<42.509666, 38.751907, 50.796272>,  <42.723576, 38.828907, 50.873169>, 0.100000
	pigment { color rgbt <1,0,0,0> }
	no_shadow
}
cylinder {
	<42.509666, 38.751907, 50.796272>,  <42.153149, 38.623573, 50.668110>, 0.100000
	pigment { color rgbt <1,0,0,0> }
	no_shadow
}

// particle -1
sphere {
	<42.509666, 38.751907, 50.796272> 0.100000
	pigment { color rgbt <1,0,0,0> }
	no_shadow
}
sphere {
	0, 1
	scale<0.080000,0.200000,0.300000>
	matrix <-0.166835, -0.425022, 0.889675,
		0.421618, -0.846418, -0.325293,
		0.891294, 0.320833, 0.320409,
		42.777054, 38.848156, 50.892395>
	pigment { color rgbt <0,1,1,0> }
	no_shadow
}
cylinder {
	<42.415733, 38.060242, 51.033951>,  <42.153149, 38.623573, 50.668110>, 0.130000
	pigment { color rgbt <1,0,0,0> }
	no_shadow
}

// nucleotide -1

// particle -1
sphere {
	<42.415733, 38.060242, 51.033951> 0.250000
	pigment { color rgbt <1,0,0,0> }
	no_shadow
}
cylinder {
	<42.609276, 38.372444, 51.192287>,  <42.725403, 38.559765, 51.287289>, 0.100000
	pigment { color rgbt <1,0,0,0> }
	no_shadow
}
cylinder {
	<42.609276, 38.372444, 51.192287>,  <42.415733, 38.060242, 51.033951>, 0.100000
	pigment { color rgbt <1,0,0,0> }
	no_shadow
}

// particle -1
sphere {
	<42.609276, 38.372444, 51.192287> 0.100000
	pigment { color rgbt <1,0,0,0> }
	no_shadow
}
sphere {
	0, 1
	scale<0.080000,0.200000,0.300000>
	matrix <-0.176328, -0.356086, 0.917666,
		0.857200, -0.513816, -0.034668,
		0.483856, 0.780510, 0.395837,
		42.754433, 38.606598, 51.311039>
	pigment { color rgbt <0,1,1,0> }
	no_shadow
}
cylinder {
	<42.809017, 37.748470, 51.629032>,  <42.415733, 38.060242, 51.033951>, 0.130000
	pigment { color rgbt <1,0,0,0> }
	no_shadow
}

// nucleotide -1

// particle -1
sphere {
	<42.809017, 37.748470, 51.629032> 0.250000
	pigment { color rgbt <1,0,0,0> }
	no_shadow
}
cylinder {
	<42.804260, 38.142250, 51.699142>,  <42.801407, 38.378517, 51.741211>, 0.100000
	pigment { color rgbt <1,0,0,0> }
	no_shadow
}
cylinder {
	<42.804260, 38.142250, 51.699142>,  <42.809017, 37.748470, 51.629032>, 0.100000
	pigment { color rgbt <1,0,0,0> }
	no_shadow
}

// particle -1
sphere {
	<42.804260, 38.142250, 51.699142> 0.100000
	pigment { color rgbt <1,0,0,0> }
	no_shadow
}
sphere {
	0, 1
	scale<0.080000,0.200000,0.300000>
	matrix <-0.137477, -0.175236, 0.974881,
		0.990434, -0.012500, 0.137423,
		-0.011895, 0.984447, 0.175278,
		42.800694, 38.437584, 51.751724>
	pigment { color rgbt <0,1,1,0> }
	no_shadow
}
cylinder {
	<43.204807, 37.760574, 52.201160>,  <42.809017, 37.748470, 51.629032>, 0.130000
	pigment { color rgbt <1,0,0,0> }
	no_shadow
}

// nucleotide -1

// particle -1
sphere {
	<43.204807, 37.760574, 52.201160> 0.250000
	pigment { color rgbt <1,0,0,0> }
	no_shadow
}
cylinder {
	<43.009392, 38.109535, 52.207443>,  <42.892143, 38.318913, 52.211212>, 0.100000
	pigment { color rgbt <1,0,0,0> }
	no_shadow
}
cylinder {
	<43.009392, 38.109535, 52.207443>,  <43.204807, 37.760574, 52.201160>, 0.100000
	pigment { color rgbt <1,0,0,0> }
	no_shadow
}

// particle -1
sphere {
	<43.009392, 38.109535, 52.207443> 0.100000
	pigment { color rgbt <1,0,0,0> }
	no_shadow
}
sphere {
	0, 1
	scale<0.080000,0.200000,0.300000>
	matrix <-0.026354, -0.032750, 0.999116,
		0.872142, 0.487697, 0.038991,
		-0.488543, 0.872398, 0.015710,
		42.862827, 38.371254, 52.212154>
	pigment { color rgbt <0,1,1,0> }
	no_shadow
}
cylinder {
	<43.691692, 38.208988, 52.600872>,  <43.204807, 37.760574, 52.201160>, 0.130000
	pigment { color rgbt <1,0,0,0> }
	no_shadow
}

// nucleotide -1

// particle -1
sphere {
	<43.691692, 38.208988, 52.600872> 0.250000
	pigment { color rgbt <1,0,0,0> }
	no_shadow
}
cylinder {
	<43.313049, 38.337532, 52.590630>,  <43.085861, 38.414658, 52.584484>, 0.100000
	pigment { color rgbt <1,0,0,0> }
	no_shadow
}
cylinder {
	<43.313049, 38.337532, 52.590630>,  <43.691692, 38.208988, 52.600872>, 0.100000
	pigment { color rgbt <1,0,0,0> }
	no_shadow
}

// particle -1
sphere {
	<43.313049, 38.337532, 52.590630> 0.100000
	pigment { color rgbt <1,0,0,0> }
	no_shadow
}
sphere {
	0, 1
	scale<0.080000,0.200000,0.300000>
	matrix <0.003819, 0.090606, 0.995879,
		0.322359, 0.942611, -0.086996,
		-0.946610, 0.321363, -0.025608,
		43.029068, 38.433941, 52.582947>
	pigment { color rgbt <0,1,1,0> }
	no_shadow
}
cylinder {
	<43.796383, 38.766140, 52.970612>,  <43.691692, 38.208988, 52.600872>, 0.130000
	pigment { color rgbt <1,0,0,0> }
	no_shadow
}

// nucleotide -1

// particle -1
sphere {
	<43.796383, 38.766140, 52.970612> 0.250000
	pigment { color rgbt <1,0,0,0> }
	no_shadow
}
cylinder {
	<43.409309, 38.665314, 52.967613>,  <43.177067, 38.604820, 52.965816>, 0.100000
	pigment { color rgbt <1,0,0,0> }
	no_shadow
}
cylinder {
	<43.409309, 38.665314, 52.967613>,  <43.796383, 38.766140, 52.970612>, 0.100000
	pigment { color rgbt <1,0,0,0> }
	no_shadow
}

// particle -1
sphere {
	<43.409309, 38.665314, 52.967613> 0.100000
	pigment { color rgbt <1,0,0,0> }
	no_shadow
}
sphere {
	0, 1
	scale<0.080000,0.200000,0.300000>
	matrix <-0.060622, 0.203685, 0.977158,
		-0.244780, 0.946032, -0.212383,
		-0.967682, -0.252064, -0.007492,
		43.119003, 38.589695, 52.965366>
	pigment { color rgbt <0,1,1,0> }
	no_shadow
}
cylinder {
	<43.402763, 39.317768, 53.212406>,  <43.796383, 38.766140, 52.970612>, 0.130000
	pigment { color rgbt <1,0,0,0> }
	no_shadow
}

// nucleotide -1

// particle -1
sphere {
	<43.402763, 39.317768, 53.212406> 0.250000
	pigment { color rgbt <1,0,0,0> }
	no_shadow
}
cylinder {
	<43.156055, 39.006912, 53.262447>,  <43.008030, 38.820400, 53.292473>, 0.100000
	pigment { color rgbt <1,0,0,0> }
	no_shadow
}
cylinder {
	<43.156055, 39.006912, 53.262447>,  <43.402763, 39.317768, 53.212406>, 0.100000
	pigment { color rgbt <1,0,0,0> }
	no_shadow
}

// particle -1
sphere {
	<43.156055, 39.006912, 53.262447> 0.100000
	pigment { color rgbt <1,0,0,0> }
	no_shadow
}
sphere {
	0, 1
	scale<0.080000,0.200000,0.300000>
	matrix <-0.156597, 0.276903, 0.948052,
		-0.771408, 0.565140, -0.292483,
		-0.616771, -0.777137, 0.125106,
		42.971024, 38.773769, 53.299980>
	pigment { color rgbt <0,1,1,0> }
	no_shadow
}
cylinder {
	<42.881630, 39.562317, 53.767574>,  <43.402763, 39.317768, 53.212406>, 0.130000
	pigment { color rgbt <1,0,0,0> }
	no_shadow
}

// nucleotide -1

// particle -1
sphere {
	<42.881630, 39.562317, 53.767574> 0.250000
	pigment { color rgbt <1,0,0,0> }
	no_shadow
}
cylinder {
	<42.788647, 39.173927, 53.745049>,  <42.732857, 38.940891, 53.731533>, 0.100000
	pigment { color rgbt <1,0,0,0> }
	no_shadow
}
cylinder {
	<42.788647, 39.173927, 53.745049>,  <42.881630, 39.562317, 53.767574>, 0.100000
	pigment { color rgbt <1,0,0,0> }
	no_shadow
}

// particle -1
sphere {
	<42.788647, 39.173927, 53.745049> 0.100000
	pigment { color rgbt <1,0,0,0> }
	no_shadow
}
sphere {
	0, 1
	scale<0.080000,0.200000,0.300000>
	matrix <-0.160471, -0.018817, 0.986861,
		-0.959278, 0.238437, -0.151440,
		-0.232455, -0.970976, -0.056313,
		42.718910, 38.882633, 53.728153>
	pigment { color rgbt <0,1,1,0> }
	no_shadow
}
cylinder {
	<42.178761, 39.375343, 53.932281>,  <42.881630, 39.562317, 53.767574>, 0.130000
	pigment { color rgbt <1,0,0,0> }
	no_shadow
}

// nucleotide -1

// particle -1
sphere {
	<42.178761, 39.375343, 53.932281> 0.250000
	pigment { color rgbt <1,0,0,0> }
	no_shadow
}
cylinder {
	<42.366142, 39.028908, 54.002064>,  <42.478569, 38.821045, 54.043934>, 0.100000
	pigment { color rgbt <1,0,0,0> }
	no_shadow
}
cylinder {
	<42.366142, 39.028908, 54.002064>,  <42.178761, 39.375343, 53.932281>, 0.100000
	pigment { color rgbt <1,0,0,0> }
	no_shadow
}

// particle -1
sphere {
	<42.366142, 39.028908, 54.002064> 0.100000
	pigment { color rgbt <1,0,0,0> }
	no_shadow
}
sphere {
	0, 1
	scale<0.080000,0.200000,0.300000>
	matrix <-0.211016, 0.082067, 0.974031,
		-0.857919, -0.493101, -0.144315,
		0.468452, -0.866093, 0.174459,
		42.506680, 38.769081, 54.054401>
	pigment { color rgbt <0,1,1,0> }
	no_shadow
}
cylinder {
	<41.781235, 38.974339, 54.391815>,  <42.178761, 39.375343, 53.932281>, 0.130000
	pigment { color rgbt <1,0,0,0> }
	no_shadow
}

// nucleotide -1

// particle -1
sphere {
	<41.781235, 38.974339, 54.391815> 0.250000
	pigment { color rgbt <1,0,0,0> }
	no_shadow
}
cylinder {
	<42.133324, 38.788086, 54.428474>,  <42.344578, 38.676334, 54.450470>, 0.100000
	pigment { color rgbt <1,0,0,0> }
	no_shadow
}
cylinder {
	<42.133324, 38.788086, 54.428474>,  <41.781235, 38.974339, 54.391815>, 0.100000
	pigment { color rgbt <1,0,0,0> }
	no_shadow
}

// particle -1
sphere {
	<42.133324, 38.788086, 54.428474> 0.100000
	pigment { color rgbt <1,0,0,0> }
	no_shadow
}
sphere {
	0, 1
	scale<0.080000,0.200000,0.300000>
	matrix <-0.170383, -0.129830, 0.976788,
		-0.442926, -0.875403, -0.193615,
		0.880220, -0.465633, 0.091648,
		42.397388, 38.648396, 54.455971>
	pigment { color rgbt <0,1,1,0> }
	no_shadow
}
cylinder {
	<41.583538, 38.354351, 54.779030>,  <41.781235, 38.974339, 54.391815>, 0.130000
	pigment { color rgbt <1,0,0,0> }
	no_shadow
}

// nucleotide -1

// particle -1
sphere {
	<41.583538, 38.354351, 54.779030> 0.250000
	pigment { color rgbt <1,0,0,0> }
	no_shadow
}
cylinder {
	<41.973648, 38.438560, 54.805943>,  <42.207714, 38.489086, 54.822090>, 0.100000
	pigment { color rgbt <1,0,0,0> }
	no_shadow
}
cylinder {
	<41.973648, 38.438560, 54.805943>,  <41.583538, 38.354351, 54.779030>, 0.100000
	pigment { color rgbt <1,0,0,0> }
	no_shadow
}

// particle -1
sphere {
	<41.973648, 38.438560, 54.805943> 0.100000
	pigment { color rgbt <1,0,0,0> }
	no_shadow
}
sphere {
	0, 1
	scale<0.080000,0.200000,0.300000>
	matrix <-0.046734, -0.101118, 0.993776,
		0.216018, -0.972345, -0.088779,
		0.975271, 0.210525, 0.067285,
		42.266228, 38.501717, 54.826130>
	pigment { color rgbt <0,1,1,0> }
	no_shadow
}
cylinder {
	<41.854042, 37.866871, 55.199707>,  <41.583538, 38.354351, 54.779030>, 0.130000
	pigment { color rgbt <1,0,0,0> }
	no_shadow
}

// nucleotide -1

// particle -1
sphere {
	<41.854042, 37.866871, 55.199707> 0.250000
	pigment { color rgbt <1,0,0,0> }
	no_shadow
}
cylinder {
	<42.122971, 38.162071, 55.222805>,  <42.284328, 38.339191, 55.236664>, 0.100000
	pigment { color rgbt <1,0,0,0> }
	no_shadow
}
cylinder {
	<42.122971, 38.162071, 55.222805>,  <41.854042, 37.866871, 55.199707>, 0.100000
	pigment { color rgbt <1,0,0,0> }
	no_shadow
}

// particle -1
sphere {
	<42.122971, 38.162071, 55.222805> 0.100000
	pigment { color rgbt <1,0,0,0> }
	no_shadow
}
sphere {
	0, 1
	scale<0.080000,0.200000,0.300000>
	matrix <-0.044650, -0.037431, 0.998301,
		0.738910, -0.673759, 0.007786,
		0.672323, 0.738002, 0.057741,
		42.324669, 38.383472, 55.240128>
	pigment { color rgbt <0,1,1,0> }
	no_shadow
}
cylinder {
	<42.286400, 37.617691, 55.812904>,  <41.854042, 37.866871, 55.199707>, 0.130000
	pigment { color rgbt <1,0,0,0> }
	no_shadow
}

// nucleotide -1

// particle -1
sphere {
	<42.286400, 37.617691, 55.812904> 0.250000
	pigment { color rgbt <1,0,0,0> }
	no_shadow
}
cylinder {
	<42.342422, 38.011536, 55.771088>,  <42.376038, 38.247841, 55.745998>, 0.100000
	pigment { color rgbt <1,0,0,0> }
	no_shadow
}
cylinder {
	<42.342422, 38.011536, 55.771088>,  <42.286400, 37.617691, 55.812904>, 0.100000
	pigment { color rgbt <1,0,0,0> }
	no_shadow
}

// particle -1
sphere {
	<42.342422, 38.011536, 55.771088> 0.100000
	pigment { color rgbt <1,0,0,0> }
	no_shadow
}
sphere {
	0, 1
	scale<0.080000,0.200000,0.300000>
	matrix <-0.086902, 0.117401, 0.989275,
		0.986323, -0.129469, 0.102007,
		0.140056, 0.984609, -0.104544,
		42.384438, 38.306919, 55.739723>
	pigment { color rgbt <0,1,1,0> }
	no_shadow
}
cylinder {
	<42.654736, 37.756287, 56.333458>,  <42.286400, 37.617691, 55.812904>, 0.130000
	pigment { color rgbt <1,0,0,0> }
	no_shadow
}

// nucleotide -1

// particle -1
sphere {
	<42.654736, 37.756287, 56.333458> 0.250000
	pigment { color rgbt <1,0,0,0> }
	no_shadow
}
cylinder {
	<42.528419, 38.125366, 56.244999>,  <42.452629, 38.346813, 56.191925>, 0.100000
	pigment { color rgbt <1,0,0,0> }
	no_shadow
}
cylinder {
	<42.528419, 38.125366, 56.244999>,  <42.654736, 37.756287, 56.333458>, 0.100000
	pigment { color rgbt <1,0,0,0> }
	no_shadow
}

// particle -1
sphere {
	<42.528419, 38.125366, 56.244999> 0.100000
	pigment { color rgbt <1,0,0,0> }
	no_shadow
}
sphere {
	0, 1
	scale<0.080000,0.200000,0.300000>
	matrix <-0.061322, 0.212737, 0.975183,
		0.946844, 0.321519, -0.010599,
		-0.315795, 0.922696, -0.221145,
		42.433681, 38.402176, 56.178654>
	pigment { color rgbt <0,1,1,0> }
	no_shadow
}
cylinder {
	<43.039558, 38.231972, 56.804859>,  <42.654736, 37.756287, 56.333458>, 0.130000
	pigment { color rgbt <1,0,0,0> }
	no_shadow
}

// nucleotide -1

// particle -1
sphere {
	<43.039558, 38.231972, 56.804859> 0.250000
	pigment { color rgbt <1,0,0,0> }
	no_shadow
}
cylinder {
	<42.715717, 38.433762, 56.684830>,  <42.521412, 38.554836, 56.612812>, 0.100000
	pigment { color rgbt <1,0,0,0> }
	no_shadow
}
cylinder {
	<42.715717, 38.433762, 56.684830>,  <43.039558, 38.231972, 56.804859>, 0.100000
	pigment { color rgbt <1,0,0,0> }
	no_shadow
}

// particle -1
sphere {
	<42.715717, 38.433762, 56.684830> 0.100000
	pigment { color rgbt <1,0,0,0> }
	no_shadow
}
sphere {
	0, 1
	scale<0.080000,0.200000,0.300000>
	matrix <-0.100423, 0.384640, 0.917588,
		0.578320, 0.773018, -0.260746,
		-0.809605, 0.504475, -0.300074,
		42.472836, 38.585106, 56.594807>
	pigment { color rgbt <0,1,1,0> }
	no_shadow
}
cylinder {
	<43.086491, 38.919113, 56.989658>,  <43.039558, 38.231972, 56.804859>, 0.130000
	pigment { color rgbt <1,0,0,0> }
	no_shadow
}

// nucleotide -1

// particle -1
sphere {
	<43.086491, 38.919113, 56.989658> 0.250000
	pigment { color rgbt <1,0,0,0> }
	no_shadow
}
cylinder {
	<42.696053, 38.837334, 56.960171>,  <42.461788, 38.788265, 56.942478>, 0.100000
	pigment { color rgbt <1,0,0,0> }
	no_shadow
}
cylinder {
	<42.696053, 38.837334, 56.960171>,  <43.086491, 38.919113, 56.989658>, 0.100000
	pigment { color rgbt <1,0,0,0> }
	no_shadow
}

// particle -1
sphere {
	<42.696053, 38.837334, 56.960171> 0.100000
	pigment { color rgbt <1,0,0,0> }
	no_shadow
}
sphere {
	0, 1
	scale<0.080000,0.200000,0.300000>
	matrix <-0.150096, 0.388849, 0.908993,
		-0.157174, 0.898331, -0.410241,
		-0.976098, -0.204445, -0.073719,
		42.403225, 38.776001, 56.938057>
	pigment { color rgbt <0,1,1,0> }
	no_shadow
}
cylinder {
	<42.791271, 39.471928, 57.312214>,  <43.086491, 38.919113, 56.989658>, 0.130000
	pigment { color rgbt <1,0,0,0> }
	no_shadow
}

// nucleotide -1

// particle -1
sphere {
	<42.791271, 39.471928, 57.312214> 0.250000
	pigment { color rgbt <1,0,0,0> }
	no_shadow
}
cylinder {
	<42.491974, 39.206978, 57.297256>,  <42.312397, 39.048008, 57.288284>, 0.100000
	pigment { color rgbt <1,0,0,0> }
	no_shadow
}
cylinder {
	<42.491974, 39.206978, 57.297256>,  <42.791271, 39.471928, 57.312214>, 0.100000
	pigment { color rgbt <1,0,0,0> }
	no_shadow
}

// particle -1
sphere {
	<42.491974, 39.206978, 57.297256> 0.100000
	pigment { color rgbt <1,0,0,0> }
	no_shadow
}
sphere {
	0, 1
	scale<0.080000,0.200000,0.300000>
	matrix <-0.352749, 0.349476, 0.868006,
		-0.561877, 0.662666, -0.495144,
		-0.748239, -0.662375, -0.037392,
		42.267502, 39.008266, 57.286037>
	pigment { color rgbt <0,1,1,0> }
	no_shadow
}
cylinder {
	<42.145493, 39.869038, 57.333687>,  <42.791271, 39.471928, 57.312214>, 0.130000
	pigment { color rgbt <1,0,0,0> }
	no_shadow
}

// nucleotide -1

// particle -1
sphere {
	<42.145493, 39.869038, 57.333687> 0.250000
	pigment { color rgbt <1,0,0,0> }
	no_shadow
}
cylinder {
	<42.077351, 39.498222, 57.467297>,  <42.036465, 39.275734, 57.547462>, 0.100000
	pigment { color rgbt <1,0,0,0> }
	no_shadow
}
cylinder {
	<42.077351, 39.498222, 57.467297>,  <42.145493, 39.869038, 57.333687>, 0.100000
	pigment { color rgbt <1,0,0,0> }
	no_shadow
}

// particle -1
sphere {
	<42.077351, 39.498222, 57.467297> 0.100000
	pigment { color rgbt <1,0,0,0> }
	no_shadow
}
sphere {
	0, 1
	scale<0.080000,0.200000,0.300000>
	matrix <-0.211872, 0.365512, 0.906373,
		-0.962336, 0.083631, -0.258679,
		-0.170351, -0.927042, 0.334027,
		42.026245, 39.220108, 57.567505>
	pigment { color rgbt <0,1,1,0> }
	no_shadow
}
cylinder {
	<41.502045, 39.906548, 57.764133>,  <42.145493, 39.869038, 57.333687>, 0.130000
	pigment { color rgbt <1,0,0,0> }
	no_shadow
}

// nucleotide -1

// particle -1
sphere {
	<41.502045, 39.906548, 57.764133> 0.250000
	pigment { color rgbt <1,0,0,0> }
	no_shadow
}
cylinder {
	<41.647251, 39.547050, 57.862503>,  <41.734375, 39.331352, 57.921524>, 0.100000
	pigment { color rgbt <1,0,0,0> }
	no_shadow
}
cylinder {
	<41.647251, 39.547050, 57.862503>,  <41.502045, 39.906548, 57.764133>, 0.100000
	pigment { color rgbt <1,0,0,0> }
	no_shadow
}

// particle -1
sphere {
	<41.647251, 39.547050, 57.862503> 0.100000
	pigment { color rgbt <1,0,0,0> }
	no_shadow
}
sphere {
	0, 1
	scale<0.080000,0.200000,0.300000>
	matrix <-0.202272, 0.181627, 0.962340,
		-0.909562, -0.399093, -0.115856,
		0.363020, -0.898741, 0.245926,
		41.756157, 39.277428, 57.936279>
	pigment { color rgbt <0,1,1,0> }
	no_shadow
}
cylinder {
	<40.984940, 39.620338, 58.188114>,  <41.502045, 39.906548, 57.764133>, 0.130000
	pigment { color rgbt <1,0,0,0> }
	no_shadow
}

// nucleotide -1

// particle -1
sphere {
	<40.984940, 39.620338, 58.188114> 0.250000
	pigment { color rgbt <1,0,0,0> }
	no_shadow
}
cylinder {
	<41.312401, 39.414421, 58.289932>,  <41.508877, 39.290871, 58.351025>, 0.100000
	pigment { color rgbt <1,0,0,0> }
	no_shadow
}
cylinder {
	<41.312401, 39.414421, 58.289932>,  <40.984940, 39.620338, 58.188114>, 0.100000
	pigment { color rgbt <1,0,0,0> }
	no_shadow
}

// particle -1
sphere {
	<41.312401, 39.414421, 58.289932> 0.100000
	pigment { color rgbt <1,0,0,0> }
	no_shadow
}
sphere {
	0, 1
	scale<0.080000,0.200000,0.300000>
	matrix <-0.173572, 0.200715, 0.964151,
		-0.547430, -0.833487, 0.074962,
		0.818654, -0.514794, 0.254547,
		41.557999, 39.259983, 58.366295>
	pigment { color rgbt <0,1,1,0> }
	no_shadow
}
cylinder {
	<40.861877, 39.152191, 58.723999>,  <40.984940, 39.620338, 58.188114>, 0.130000
	pigment { color rgbt <1,0,0,0> }
	no_shadow
}

// nucleotide -1

// particle -1
sphere {
	<40.861877, 39.152191, 58.723999> 0.250000
	pigment { color rgbt <1,0,0,0> }
	no_shadow
}
cylinder {
	<41.259117, 39.170799, 58.767044>,  <41.497463, 39.181965, 58.792873>, 0.100000
	pigment { color rgbt <1,0,0,0> }
	no_shadow
}
cylinder {
	<41.259117, 39.170799, 58.767044>,  <40.861877, 39.152191, 58.723999>, 0.100000
	pigment { color rgbt <1,0,0,0> }
	no_shadow
}

// particle -1
sphere {
	<41.259117, 39.170799, 58.767044> 0.100000
	pigment { color rgbt <1,0,0,0> }
	no_shadow
}
sphere {
	0, 1
	scale<0.080000,0.200000,0.300000>
	matrix <-0.112160, 0.109694, 0.987617,
		0.034138, -0.992876, 0.114155,
		0.993104, 0.046518, 0.107616,
		41.557049, 39.184757, 58.799328>
	pigment { color rgbt <0,1,1,0> }
	no_shadow
}
cylinder {
	<41.002468, 38.825500, 59.478519>,  <40.861877, 39.152191, 58.723999>, 0.130000
	pigment { color rgbt <1,0,0,0> }
	no_shadow
}

// nucleotide -1

// particle -1
sphere {
	<41.002468, 38.825500, 59.478519> 0.250000
	pigment { color rgbt <1,0,0,0> }
	no_shadow
}
cylinder {
	<41.321716, 39.046562, 59.382545>,  <41.513268, 39.179199, 59.324959>, 0.100000
	pigment { color rgbt <1,0,0,0> }
	no_shadow
}
cylinder {
	<41.321716, 39.046562, 59.382545>,  <41.002468, 38.825500, 59.478519>, 0.100000
	pigment { color rgbt <1,0,0,0> }
	no_shadow
}

// particle -1
sphere {
	<41.321716, 39.046562, 59.382545> 0.100000
	pigment { color rgbt <1,0,0,0> }
	no_shadow
}
sphere {
	0, 1
	scale<0.080000,0.200000,0.300000>
	matrix <0.042364, 0.345779, 0.937359,
		0.601004, -0.758292, 0.252561,
		0.798122, 0.552657, -0.239938,
		41.561153, 39.212360, 59.310562>
	pigment { color rgbt <0,1,1,0> }
	no_shadow
}
cylinder {
	<41.613205, 38.710361, 59.904202>,  <41.002468, 38.825500, 59.478519>, 0.130000
	pigment { color rgbt <1,0,0,0> }
	no_shadow
}

// nucleotide -1

// particle -1
sphere {
	<41.613205, 38.710361, 59.904202> 0.250000
	pigment { color rgbt <1,0,0,0> }
	no_shadow
}
cylinder {
	<41.649101, 39.088745, 59.779549>,  <41.670639, 39.315773, 59.704758>, 0.100000
	pigment { color rgbt <1,0,0,0> }
	no_shadow
}
cylinder {
	<41.649101, 39.088745, 59.779549>,  <41.613205, 38.710361, 59.904202>, 0.100000
	pigment { color rgbt <1,0,0,0> }
	no_shadow
}

// particle -1
sphere {
	<41.649101, 39.088745, 59.779549> 0.100000
	pigment { color rgbt <1,0,0,0> }
	no_shadow
}
sphere {
	0, 1
	scale<0.080000,0.200000,0.300000>
	matrix <0.228018, 0.285069, 0.930991,
