// switches for output
#declare DRAW_BASES = 1; // possible values are 0, 1; only relevant for DNA ribbons
#declare DRAW_BASES_TYPE = 3; // possible values are 1, 2, 3; only relevant for DNA ribbons
#declare DRAW_FOG = 0; // set to 1 to enable fog

#include "colors.inc"

#include "transforms.inc"
background { rgb <1, 1, 1>}

#default {
   normal{
       ripples 0.25
       frequency 0.20
       turbulence 0.2
       lambda 5
   }
	finish {
		phong 0.1
		phong_size 40.
	}
}

// original window dimensions: 1024x640


// camera settings

camera {
	sky <-0, 1, 0>
	up <-0, 1, 0>
	right 1.6 * <0.724836, 0, 0.688921>
	location <12.1561, 44.2, 77.9145>
	look_at <46.7464, 44.2, 41.5209>
	direction <34.5903, 0, -36.3936>
	angle 67.0682
}


# declare cpy_camera_pos = <12.1561, 44.2, 77.9145>;
# if (DRAW_FOG = 1)
fog {
	fog_type 2
	up vnormalize(cpy_camera_pos)
	color rgbt<1,1,1,0.3>
	distance 1e-5
	fog_alt 3e-3
	fog_offset 70.72
}
# end


// LIGHTS

# declare lum = 6;
global_settings {
	ambient_light rgb lum * <0.05, 0.05, 0.05>
	max_trace_level 15
}# declare cpy_direct_light_amount = 0.25;
light_source
{	1000 * <-0.0359156, -1, 1.41376>,
	rgb lum * cpy_direct_light_amount
	parallel
}

light_source
{	1000 * <0.0359156, 1, -1.41376>,
	rgb lum * cpy_direct_light_amount
	parallel
}

// strand 0

// nucleotide -1

// particle -1
sphere {
	<50.009285, 42.955677, 47.047867> 0.250000
	pigment { color rgbt <1,0,0,0> }
	no_shadow
}
cylinder {
	<49.706093, 43.187363, 47.167854>,  <49.524178, 43.326374, 47.239845>, 0.100000
	pigment { color rgbt <1,0,0,0> }
	no_shadow
}
cylinder {
	<49.706093, 43.187363, 47.167854>,  <50.009285, 42.955677, 47.047867>, 0.100000
	pigment { color rgbt <1,0,0,0> }
	no_shadow
}

// particle -1
sphere {
	<49.706093, 43.187363, 47.167854> 0.100000
	pigment { color rgbt <1,0,0,0> }
	no_shadow
}
sphere {
	0, 1
	scale<0.080000,0.200000,0.300000>
	matrix <-0.296358, -0.715473, 0.632669,
		0.581069, 0.390652, 0.713968,
		-0.757978, 0.579214, 0.299966,
		49.478699, 43.361126, 47.257843>
	pigment { color rgbt <0,1,1,0> }
	no_shadow
}
cylinder {
	<49.946480, 42.977058, 47.785976>,  <50.009285, 42.955677, 47.047867>, 0.130000
	pigment { color rgbt <1,0,0,0> }
	no_shadow
}

// nucleotide -1

// particle -1
sphere {
	<49.946480, 42.977058, 47.785976> 0.250000
	pigment { color rgbt <1,0,0,0> }
	no_shadow
}
cylinder {
	<49.585434, 43.116547, 47.685032>,  <49.368809, 43.200241, 47.624466>, 0.100000
	pigment { color rgbt <1,0,0,0> }
	no_shadow
}
cylinder {
	<49.585434, 43.116547, 47.685032>,  <49.946480, 42.977058, 47.785976>, 0.100000
	pigment { color rgbt <1,0,0,0> }
	no_shadow
}

// particle -1
sphere {
	<49.585434, 43.116547, 47.685032> 0.100000
	pigment { color rgbt <1,0,0,0> }
	no_shadow
}
sphere {
	0, 1
	scale<0.080000,0.200000,0.300000>
	matrix <-0.392915, -0.428006, 0.813897,
		0.175812, 0.833789, 0.523341,
		-0.902612, 0.348721, -0.252360,
		49.314651, 43.221165, 47.609325>
	pigment { color rgbt <0,1,1,0> }
	no_shadow
}
cylinder {
	<49.600655, 43.288574, 48.366444>,  <49.946480, 42.977058, 47.785976>, 0.130000
	pigment { color rgbt <1,0,0,0> }
	no_shadow
}

// nucleotide -1

// particle -1
sphere {
	<49.600655, 43.288574, 48.366444> 0.250000
	pigment { color rgbt <1,0,0,0> }
	no_shadow
}
cylinder {
	<49.300056, 43.184998, 48.123722>,  <49.119698, 43.122852, 47.978088>, 0.100000
	pigment { color rgbt <1,0,0,0> }
	no_shadow
}
cylinder {
	<49.300056, 43.184998, 48.123722>,  <49.600655, 43.288574, 48.366444>, 0.100000
	pigment { color rgbt <1,0,0,0> }
	no_shadow
}

// particle -1
sphere {
	<49.300056, 43.184998, 48.123722> 0.100000
	pigment { color rgbt <1,0,0,0> }
	no_shadow
}
sphere {
	0, 1
	scale<0.080000,0.200000,0.300000>
	matrix <-0.513356, -0.348210, 0.784357,
		-0.414395, 0.900944, 0.128750,
		-0.751494, -0.258939, -0.606801,
		49.074608, 43.107315, 47.941681>
	pigment { color rgbt <0,1,1,0> }
	no_shadow
}
cylinder {
	<48.950329, 43.580338, 48.648884>,  <49.600655, 43.288574, 48.366444>, 0.130000
	pigment { color rgbt <1,0,0,0> }
	no_shadow
}

// nucleotide -1

// particle -1
sphere {
	<48.950329, 43.580338, 48.648884> 0.250000
	pigment { color rgbt <1,0,0,0> }
	no_shadow
}
cylinder {
	<48.833092, 43.278061, 48.414612>,  <48.762749, 43.096695, 48.274048>, 0.100000
	pigment { color rgbt <1,0,0,0> }
	no_shadow
}
cylinder {
	<48.833092, 43.278061, 48.414612>,  <48.950329, 43.580338, 48.648884>, 0.100000
	pigment { color rgbt <1,0,0,0> }
	no_shadow
}

// particle -1
sphere {
	<48.833092, 43.278061, 48.414612> 0.100000
	pigment { color rgbt <1,0,0,0> }
	no_shadow
}
sphere {
	0, 1
	scale<0.080000,0.200000,0.300000>
	matrix <-0.511764, -0.393438, 0.763744,
		-0.807584, 0.523583, -0.271420,
		-0.293097, -0.755691, -0.585684,
		48.745163, 43.051353, 48.238907>
	pigment { color rgbt <0,1,1,0> }
	no_shadow
}
cylinder {
	<48.364326, 43.428730, 48.961193>,  <48.950329, 43.580338, 48.648884>, 0.130000
	pigment { color rgbt <1,0,0,0> }
	no_shadow
}

// nucleotide -1

// particle -1
sphere {
	<48.364326, 43.428730, 48.961193> 0.250000
	pigment { color rgbt <1,0,0,0> }
	no_shadow
}
cylinder {
	<48.413750, 43.126190, 48.704239>,  <48.443405, 42.944664, 48.550064>, 0.100000
	pigment { color rgbt <1,0,0,0> }
	no_shadow
}
cylinder {
	<48.413750, 43.126190, 48.704239>,  <48.364326, 43.428730, 48.961193>, 0.100000
	pigment { color rgbt <1,0,0,0> }
	no_shadow
}

// particle -1
sphere {
	<48.413750, 43.126190, 48.704239> 0.100000
	pigment { color rgbt <1,0,0,0> }
	no_shadow
}
sphere {
	0, 1
	scale<0.080000,0.200000,0.300000>
	matrix <-0.544309, -0.592932, 0.593429,
		-0.829735, 0.276334, -0.484953,
		0.123560, -0.756354, -0.642388,
		48.450817, 42.899284, 48.511524>
	pigment { color rgbt <0,1,1,0> }
	no_shadow
}
cylinder {
	<47.676414, 43.139584, 48.699238>,  <48.364326, 43.428730, 48.961193>, 0.130000
	pigment { color rgbt <1,0,0,0> }
	no_shadow
}

// nucleotide -1

// particle -1
sphere {
	<47.676414, 43.139584, 48.699238> 0.250000
	pigment { color rgbt <1,0,0,0> }
	no_shadow
}
cylinder {
	<47.969688, 42.867722, 48.690266>,  <48.145653, 42.704605, 48.684883>, 0.100000
	pigment { color rgbt <1,0,0,0> }
	no_shadow
}
cylinder {
	<47.969688, 42.867722, 48.690266>,  <47.676414, 43.139584, 48.699238>, 0.100000
	pigment { color rgbt <1,0,0,0> }
	no_shadow
}

// particle -1
sphere {
	<47.969688, 42.867722, 48.690266> 0.100000
	pigment { color rgbt <1,0,0,0> }
	no_shadow
}
sphere {
	0, 1
	scale<0.080000,0.200000,0.300000>
	matrix <-0.558524, -0.620677, 0.550283,
		-0.387925, -0.390934, -0.834677,
		0.733189, -0.679655, -0.022430,
		48.189644, 42.663826, 48.683537>
	pigment { color rgbt <0,1,1,0> }
	no_shadow
}
cylinder {
	<47.242260, 42.573631, 48.591736>,  <47.676414, 43.139584, 48.699238>, 0.130000
	pigment { color rgbt <1,0,0,0> }
	no_shadow
}

// nucleotide -1

// particle -1
sphere {
	<47.242260, 42.573631, 48.591736> 0.250000
	pigment { color rgbt <1,0,0,0> }
	no_shadow
}
cylinder {
	<47.598450, 42.413139, 48.677589>,  <47.812164, 42.316845, 48.729099>, 0.100000
	pigment { color rgbt <1,0,0,0> }
	no_shadow
}
cylinder {
	<47.598450, 42.413139, 48.677589>,  <47.242260, 42.573631, 48.591736>, 0.100000
	pigment { color rgbt <1,0,0,0> }
	no_shadow
}

// particle -1
sphere {
	<47.598450, 42.413139, 48.677589> 0.100000
	pigment { color rgbt <1,0,0,0> }
	no_shadow
}
sphere {
	0, 1
	scale<0.080000,0.200000,0.300000>
	matrix <-0.450385, -0.709942, 0.541421,
		-0.064858, -0.578789, -0.812894,
		0.890476, -0.401231, 0.214632,
		47.865593, 42.292770, 48.741978>
	pigment { color rgbt <0,1,1,0> }
	no_shadow
}
cylinder {
	<47.296017, 41.842873, 48.372177>,  <47.242260, 42.573631, 48.591736>, 0.130000
	pigment { color rgbt <1,0,0,0> }
	no_shadow
}

// nucleotide -1

// particle -1
sphere {
	<47.296017, 41.842873, 48.372177> 0.250000
	pigment { color rgbt <1,0,0,0> }
	no_shadow
}
cylinder {
	<47.570427, 41.910683, 48.655197>,  <47.735073, 41.951366, 48.825008>, 0.100000
	pigment { color rgbt <1,0,0,0> }
	no_shadow
}
cylinder {
	<47.570427, 41.910683, 48.655197>,  <47.296017, 41.842873, 48.372177>, 0.100000
	pigment { color rgbt <1,0,0,0> }
	no_shadow
}

// particle -1
sphere {
	<47.570427, 41.910683, 48.655197> 0.100000
	pigment { color rgbt <1,0,0,0> }
	no_shadow
}
sphere {
	0, 1
	scale<0.080000,0.200000,0.300000>
	matrix <-0.404907, -0.719015, 0.564860,
		0.604495, -0.674002, -0.424625,
		0.686029, 0.169522, 0.707549,
		47.776237, 41.961540, 48.867462>
	pigment { color rgbt <0,1,1,0> }
	no_shadow
}
cylinder {
	<47.614719, 41.244141, 48.521282>,  <47.296017, 41.842873, 48.372177>, 0.130000
	pigment { color rgbt <1,0,0,0> }
	no_shadow
}

// nucleotide -1

// particle -1
sphere {
	<47.614719, 41.244141, 48.521282> 0.250000
	pigment { color rgbt <1,0,0,0> }
	no_shadow
}
cylinder {
	<47.679062, 41.461861, 48.850613>,  <47.717667, 41.592491, 49.048210>, 0.100000
	pigment { color rgbt <1,0,0,0> }
	no_shadow
}
cylinder {
	<47.679062, 41.461861, 48.850613>,  <47.614719, 41.244141, 48.521282>, 0.100000
	pigment { color rgbt <1,0,0,0> }
	no_shadow
}

// particle -1
sphere {
	<47.679062, 41.461861, 48.850613> 0.100000
	pigment { color rgbt <1,0,0,0> }
	no_shadow
}
sphere {
	0, 1
	scale<0.080000,0.200000,0.300000>
	matrix <-0.376675, -0.737192, 0.560949,
		0.912272, -0.400359, 0.086441,
		0.160857, 0.544298, 0.823325,
		47.727318, 41.625149, 49.097610>
	pigment { color rgbt <0,1,1,0> }
	no_shadow
}
cylinder {
	<47.640518, 40.742325, 49.075226>,  <47.614719, 41.244141, 48.521282>, 0.130000
	pigment { color rgbt <1,0,0,0> }
	no_shadow
}

// nucleotide -1

// particle -1
sphere {
	<47.640518, 40.742325, 49.075226> 0.250000
	pigment { color rgbt <1,0,0,0> }
	no_shadow
}
cylinder {
	<47.636513, 41.071815, 49.301987>,  <47.634109, 41.269508, 49.438042>, 0.100000
	pigment { color rgbt <1,0,0,0> }
	no_shadow
}
cylinder {
	<47.636513, 41.071815, 49.301987>,  <47.640518, 40.742325, 49.075226>, 0.100000
	pigment { color rgbt <1,0,0,0> }
	no_shadow
}

// particle -1
sphere {
	<47.636513, 41.071815, 49.301987> 0.100000
	pigment { color rgbt <1,0,0,0> }
	no_shadow
}
sphere {
	0, 1
	scale<0.080000,0.200000,0.300000>
	matrix <-0.363218, -0.531203, 0.765438,
		0.931650, -0.198243, 0.304512,
		-0.010015, 0.823725, 0.566901,
		47.633507, 41.318932, 49.472057>
	pigment { color rgbt <0,1,1,0> }
	no_shadow
}
cylinder {
	<47.933357, 40.607704, 49.729847>,  <47.640518, 40.742325, 49.075226>, 0.130000
	pigment { color rgbt <1,0,0,0> }
	no_shadow
}

// nucleotide -1

// particle -1
sphere {
	<47.933357, 40.607704, 49.729847> 0.250000
	pigment { color rgbt <1,0,0,0> }
	no_shadow
}
cylinder {
	<47.661499, 40.892982, 49.798473>,  <47.498383, 41.064148, 49.839649>, 0.100000
	pigment { color rgbt <1,0,0,0> }
	no_shadow
}
cylinder {
	<47.661499, 40.892982, 49.798473>,  <47.933357, 40.607704, 49.729847>, 0.100000
	pigment { color rgbt <1,0,0,0> }
	no_shadow
}

// particle -1
sphere {
	<47.661499, 40.892982, 49.798473> 0.100000
	pigment { color rgbt <1,0,0,0> }
	no_shadow
}
sphere {
	0, 1
	scale<0.080000,0.200000,0.300000>
	matrix <-0.313196, -0.493628, 0.811320,
		0.663317, 0.497678, 0.558862,
		-0.679646, 0.713196, 0.171561,
		47.457603, 41.106941, 49.849941>
	pigment { color rgbt <0,1,1,0> }
	no_shadow
}
cylinder {
	<47.945343, 40.611984, 50.460308>,  <47.933357, 40.607704, 49.729847>, 0.130000
	pigment { color rgbt <1,0,0,0> }
	no_shadow
}

// nucleotide -1

// particle -1
sphere {
	<47.945343, 40.611984, 50.460308> 0.250000
	pigment { color rgbt <1,0,0,0> }
	no_shadow
}
cylinder {
	<47.625328, 40.842438, 50.393364>,  <47.433319, 40.980709, 50.353195>, 0.100000
	pigment { color rgbt <1,0,0,0> }
	no_shadow
}
cylinder {
	<47.625328, 40.842438, 50.393364>,  <47.945343, 40.611984, 50.460308>, 0.100000
	pigment { color rgbt <1,0,0,0> }
	no_shadow
}

// particle -1
sphere {
	<47.625328, 40.842438, 50.393364> 0.100000
	pigment { color rgbt <1,0,0,0> }
	no_shadow
}
sphere {
	0, 1
	scale<0.080000,0.200000,0.300000>
	matrix <-0.401741, -0.307264, 0.862666,
		0.445590, 0.757399, 0.477280,
		-0.800034, 0.576138, -0.167364,
		47.385319, 41.015278, 50.343155>
	pigment { color rgbt <0,1,1,0> }
	no_shadow
}
cylinder {
	<47.807766, 40.869888, 51.059044>,  <47.945343, 40.611984, 50.460308>, 0.130000
	pigment { color rgbt <1,0,0,0> }
	no_shadow
}

// nucleotide -1

// particle -1
sphere {
	<47.807766, 40.869888, 51.059044> 0.250000
	pigment { color rgbt <1,0,0,0> }
	no_shadow
}
cylinder {
	<47.460350, 40.886841, 50.861526>,  <47.251900, 40.897015, 50.743015>, 0.100000
	pigment { color rgbt <1,0,0,0> }
	no_shadow
}
cylinder {
	<47.460350, 40.886841, 50.861526>,  <47.807766, 40.869888, 51.059044>, 0.100000
	pigment { color rgbt <1,0,0,0> }
	no_shadow
}

// particle -1
sphere {
	<47.460350, 40.886841, 50.861526> 0.100000
	pigment { color rgbt <1,0,0,0> }
	no_shadow
}
sphere {
	0, 1
	scale<0.080000,0.200000,0.300000>
	matrix <-0.491466, -0.202252, 0.847086,
		-0.063969, 0.978416, 0.196495,
		-0.868544, 0.042383, -0.493796,
		47.199787, 40.899555, 50.713387>
	pigment { color rgbt <0,1,1,0> }
	no_shadow
}
cylinder {
	<47.404938, 41.285263, 51.461678>,  <47.807766, 40.869888, 51.059044>, 0.130000
	pigment { color rgbt <1,0,0,0> }
	no_shadow
}

// nucleotide -1

// particle -1
sphere {
	<47.404938, 41.285263, 51.461678> 0.250000
	pigment { color rgbt <1,0,0,0> }
	no_shadow
}
cylinder {
	<47.130913, 41.079353, 51.255497>,  <46.966496, 40.955807, 51.131786>, 0.100000
	pigment { color rgbt <1,0,0,0> }
	no_shadow
}
cylinder {
	<47.130913, 41.079353, 51.255497>,  <47.404938, 41.285263, 51.461678>, 0.100000
	pigment { color rgbt <1,0,0,0> }
	no_shadow
}

// particle -1
sphere {
	<47.130913, 41.079353, 51.255497> 0.100000
	pigment { color rgbt <1,0,0,0> }
	no_shadow
}
sphere {
	0, 1
	scale<0.080000,0.200000,0.300000>
	matrix <-0.478120, -0.216126, 0.851287,
		-0.549622, 0.829638, -0.098061,
		-0.685067, -0.514771, -0.515455,
		46.925392, 40.924923, 51.100861>
	pigment { color rgbt <0,1,1,0> }
	no_shadow
}
cylinder {
	<46.704155, 41.597248, 51.659794>,  <47.404938, 41.285263, 51.461678>, 0.130000
	pigment { color rgbt <1,0,0,0> }
	no_shadow
}

// nucleotide -1

// particle -1
sphere {
	<46.704155, 41.597248, 51.659794> 0.250000
	pigment { color rgbt <1,0,0,0> }
	no_shadow
}
cylinder {
	<46.625610, 41.234482, 51.510689>,  <46.578484, 41.016823, 51.421227>, 0.100000
	pigment { color rgbt <1,0,0,0> }
	no_shadow
}
cylinder {
	<46.625610, 41.234482, 51.510689>,  <46.704155, 41.597248, 51.659794>, 0.100000
	pigment { color rgbt <1,0,0,0> }
	no_shadow
}

// particle -1
sphere {
	<46.625610, 41.234482, 51.510689> 0.100000
	pigment { color rgbt <1,0,0,0> }
	no_shadow
}
sphere {
	0, 1
	scale<0.080000,0.200000,0.300000>
	matrix <-0.659538, -0.159152, 0.734629,
		-0.725571, 0.390102, -0.566893,
		-0.196358, -0.906913, -0.372763,
		46.566704, 40.962406, 51.398861>
	pigment { color rgbt <0,1,1,0> }
	no_shadow
}
cylinder {
	<45.965321, 41.574833, 51.562092>,  <46.704155, 41.597248, 51.659794>, 0.130000
	pigment { color rgbt <1,0,0,0> }
	no_shadow
}

// nucleotide -1

// particle -1
sphere {
	<45.965321, 41.574833, 51.562092> 0.250000
	pigment { color rgbt <1,0,0,0> }
	no_shadow
}
cylinder {
	<46.104118, 41.202194, 51.605389>,  <46.187397, 40.978611, 51.631367>, 0.100000
	pigment { color rgbt <1,0,0,0> }
	no_shadow
}
cylinder {
	<46.104118, 41.202194, 51.605389>,  <45.965321, 41.574833, 51.562092>, 0.100000
	pigment { color rgbt <1,0,0,0> }
	no_shadow
}

// particle -1
sphere {
	<46.104118, 41.202194, 51.605389> 0.100000
	pigment { color rgbt <1,0,0,0> }
	no_shadow
}
sphere {
	0, 1
	scale<0.080000,0.200000,0.300000>
	matrix <-0.432038, -0.056338, 0.900094,
		-0.832430, -0.359091, -0.422036,
		0.346993, -0.931601, 0.108244,
		46.208218, 40.922714, 51.637863>
	pigment { color rgbt <0,1,1,0> }
	no_shadow
}
cylinder {
	<45.391850, 41.208256, 51.919075>,  <45.965321, 41.574833, 51.562092>, 0.130000
	pigment { color rgbt <1,0,0,0> }
	no_shadow
}

// nucleotide -1

// particle -1
sphere {
	<45.391850, 41.208256, 51.919075> 0.250000
	pigment { color rgbt <1,0,0,0> }
	no_shadow
}
cylinder {
	<45.737526, 41.010376, 51.955833>,  <45.944931, 40.891647, 51.977886>, 0.100000
	pigment { color rgbt <1,0,0,0> }
	no_shadow
}
cylinder {
	<45.737526, 41.010376, 51.955833>,  <45.391850, 41.208256, 51.919075>, 0.100000
	pigment { color rgbt <1,0,0,0> }
	no_shadow
}

// particle -1
sphere {
	<45.737526, 41.010376, 51.955833> 0.100000
	pigment { color rgbt <1,0,0,0> }
	no_shadow
}
sphere {
	0, 1
	scale<0.080000,0.200000,0.300000>
	matrix <-0.214245, -0.196532, 0.956804,
		-0.455271, -0.846550, -0.275828,
		0.864192, -0.494700, 0.091894,
		45.996784, 40.861965, 51.983402>
	pigment { color rgbt <0,1,1,0> }
	no_shadow
}
cylinder {
	<45.245121, 40.776215, 52.317852>,  <45.391850, 41.208256, 51.919075>, 0.130000
	pigment { color rgbt <1,0,0,0> }
	no_shadow
}

// nucleotide -1

// particle -1
sphere {
	<45.245121, 40.776215, 52.317852> 0.250000
	pigment { color rgbt <1,0,0,0> }
	no_shadow
}
cylinder {
	<45.642433, 40.772827, 52.364021>,  <45.880821, 40.770794, 52.391724>, 0.100000
	pigment { color rgbt <1,0,0,0> }
	no_shadow
}
cylinder {
	<45.642433, 40.772827, 52.364021>,  <45.245121, 40.776215, 52.317852>, 0.100000
	pigment { color rgbt <1,0,0,0> }
	no_shadow
}

// particle -1
sphere {
	<45.642433, 40.772827, 52.364021> 0.100000
	pigment { color rgbt <1,0,0,0> }
	no_shadow
}
sphere {
	0, 1
	scale<0.080000,0.200000,0.300000>
	matrix <-0.115728, -0.061557, 0.991372,
		-0.001293, -0.998068, -0.062124,
		0.993280, -0.008471, 0.115425,
		45.940418, 40.770287, 52.398647>
	pigment { color rgbt <0,1,1,0> }
	no_shadow
}
cylinder {
	<45.269497, 40.455235, 52.967220>,  <45.245121, 40.776215, 52.317852>, 0.130000
	pigment { color rgbt <1,0,0,0> }
	no_shadow
}

// nucleotide -1

// particle -1
sphere {
	<45.269497, 40.455235, 52.967220> 0.250000
	pigment { color rgbt <1,0,0,0> }
	no_shadow
}
cylinder {
	<45.653000, 40.562012, 52.928185>,  <45.883102, 40.626080, 52.904762>, 0.100000
	pigment { color rgbt <1,0,0,0> }
	no_shadow
}
cylinder {
	<45.653000, 40.562012, 52.928185>,  <45.269497, 40.455235, 52.967220>, 0.100000
	pigment { color rgbt <1,0,0,0> }
	no_shadow
}

// particle -1
sphere {
	<45.653000, 40.562012, 52.928185> 0.100000
	pigment { color rgbt <1,0,0,0> }
	no_shadow
}
sphere {
	0, 1
	scale<0.080000,0.200000,0.300000>
	matrix <0.157401, -0.212795, 0.964336,
		0.236658, -0.939925, -0.246036,
		0.958758, 0.266944, -0.097586,
		45.940628, 40.642094, 52.898911>
	pigment { color rgbt <0,1,1,0> }
	no_shadow
}
cylinder {
	<45.651962, 39.920345, 53.135479>,  <45.269497, 40.455235, 52.967220>, 0.130000
	pigment { color rgbt <1,0,0,0> }
	no_shadow
}

// nucleotide -1

// particle -1
sphere {
	<45.651962, 39.920345, 53.135479> 0.250000
	pigment { color rgbt <1,0,0,0> }
	no_shadow
}
cylinder {
	<45.864082, 40.249809, 53.215843>,  <45.991352, 40.447487, 53.264061>, 0.100000
	pigment { color rgbt <1,0,0,0> }
	no_shadow
}
cylinder {
	<45.864082, 40.249809, 53.215843>,  <45.651962, 39.920345, 53.135479>, 0.100000
	pigment { color rgbt <1,0,0,0> }
	no_shadow
}

// particle -1
sphere {
	<45.864082, 40.249809, 53.215843> 0.100000
	pigment { color rgbt <1,0,0,0> }
	no_shadow
}
sphere {
	0, 1
	scale<0.080000,0.200000,0.300000>
	matrix <-0.189215, -0.116022, 0.975057,
		0.826429, -0.555084, 0.094323,
		0.530295, 0.823663, 0.200914,
		46.023170, 40.496906, 53.276119>
	pigment { color rgbt <0,1,1,0> }
	no_shadow
}
cylinder {
	<45.925941, 39.773525, 53.692001>,  <45.651962, 39.920345, 53.135479>, 0.130000
	pigment { color rgbt <1,0,0,0> }
	no_shadow
}

// nucleotide -1

// particle -1
sphere {
	<45.925941, 39.773525, 53.692001> 0.250000
	pigment { color rgbt <1,0,0,0> }
	no_shadow
}
cylinder {
	<45.987862, 40.168343, 53.708889>,  <46.025013, 40.405231, 53.719021>, 0.100000
	pigment { color rgbt <1,0,0,0> }
	no_shadow
}
cylinder {
	<45.987862, 40.168343, 53.708889>,  <45.925941, 39.773525, 53.692001>, 0.100000
	pigment { color rgbt <1,0,0,0> }
	no_shadow
}

// particle -1
sphere {
	<45.987862, 40.168343, 53.708889> 0.100000
	pigment { color rgbt <1,0,0,0> }
	no_shadow
}
sphere {
	0, 1
	scale<0.080000,0.200000,0.300000>
	matrix <-0.073800, -0.031063, 0.996789,
		0.985186, -0.157416, 0.068036,
		0.154798, 0.987044, 0.042220,
		46.034302, 40.464455, 53.721554>
	pigment { color rgbt <0,1,1,0> }
	no_shadow
}
cylinder {
	<46.420856, 39.870960, 54.154606>,  <45.925941, 39.773525, 53.692001>, 0.130000
	pigment { color rgbt <1,0,0,0> }
	no_shadow
}

// nucleotide -1

// particle -1
sphere {
	<46.420856, 39.870960, 54.154606> 0.250000
	pigment { color rgbt <1,0,0,0> }
	no_shadow
}
cylinder {
	<46.238258, 40.226234, 54.133652>,  <46.128700, 40.439400, 54.121078>, 0.100000
	pigment { color rgbt <1,0,0,0> }
	no_shadow
}
cylinder {
	<46.238258, 40.226234, 54.133652>,  <46.420856, 39.870960, 54.154606>, 0.100000
	pigment { color rgbt <1,0,0,0> }
	no_shadow
}

// particle -1
sphere {
	<46.238258, 40.226234, 54.133652> 0.100000
	pigment { color rgbt <1,0,0,0> }
	no_shadow
}
sphere {
	0, 1
	scale<0.080000,0.200000,0.300000>
	matrix <-0.025482, 0.045802, 0.998626,
		0.889361, 0.457204, 0.001724,
		-0.456496, 0.888182, -0.052385,
		46.101311, 40.492687, 54.117935>
	pigment { color rgbt <0,1,1,0> }
	no_shadow
}
cylinder {
	<46.483997, 40.125408, 54.792919>,  <46.420856, 39.870960, 54.154606>, 0.130000
	pigment { color rgbt <1,0,0,0> }
	no_shadow
}

// nucleotide -1

// particle -1
sphere {
	<46.483997, 40.125408, 54.792919> 0.250000
	pigment { color rgbt <1,0,0,0> }
	no_shadow
}
cylinder {
	<46.236244, 40.405403, 54.650719>,  <46.087593, 40.573399, 54.565399>, 0.100000
	pigment { color rgbt <1,0,0,0> }
	no_shadow
}
cylinder {
	<46.236244, 40.405403, 54.650719>,  <46.483997, 40.125408, 54.792919>, 0.100000
	pigment { color rgbt <1,0,0,0> }
	no_shadow
}

// particle -1
sphere {
	<46.236244, 40.405403, 54.650719> 0.100000
	pigment { color rgbt <1,0,0,0> }
	no_shadow
}
sphere {
	0, 1
	scale<0.080000,0.200000,0.300000>
	matrix <-0.360626, 0.148548, 0.920805,
		0.697360, 0.698536, 0.160425,
		-0.619385, 0.699986, -0.355502,
		46.050430, 40.615398, 54.544067>
	pigment { color rgbt <0,1,1,0> }
	no_shadow
}
cylinder {
	<46.498325, 40.668541, 55.360809>,  <46.483997, 40.125408, 54.792919>, 0.130000
	pigment { color rgbt <1,0,0,0> }
	no_shadow
}

// nucleotide -1

// particle -1
sphere {
	<46.498325, 40.668541, 55.360809> 0.250000
	pigment { color rgbt <1,0,0,0> }
	no_shadow
}
cylinder {
	<46.159325, 40.702950, 55.151299>,  <45.955925, 40.723595, 55.025593>, 0.100000
	pigment { color rgbt <1,0,0,0> }
	no_shadow
}
cylinder {
	<46.159325, 40.702950, 55.151299>,  <46.498325, 40.668541, 55.360809>, 0.100000
	pigment { color rgbt <1,0,0,0> }
	no_shadow
}

// particle -1
sphere {
	<46.159325, 40.702950, 55.151299> 0.100000
	pigment { color rgbt <1,0,0,0> }
	no_shadow
}
sphere {
	0, 1
	scale<0.080000,0.200000,0.300000>
	matrix <-0.530162, -0.088956, 0.843217,
		0.025945, 0.992314, 0.120998,
		-0.847499, 0.086026, -0.523779,
		45.905075, 40.728756, 54.994164>
	pigment { color rgbt <0,1,1,0> }
	no_shadow
}
cylinder {
	<46.167091, 41.198383, 55.529449>,  <46.498325, 40.668541, 55.360809>, 0.130000
	pigment { color rgbt <1,0,0,0> }
	no_shadow
}

// nucleotide -1

// particle -1
sphere {
	<46.167091, 41.198383, 55.529449> 0.250000
	pigment { color rgbt <1,0,0,0> }
	no_shadow
}
cylinder {
	<45.881439, 40.965324, 55.374252>,  <45.710049, 40.825489, 55.281136>, 0.100000
	pigment { color rgbt <1,0,0,0> }
	no_shadow
}
cylinder {
	<45.881439, 40.965324, 55.374252>,  <46.167091, 41.198383, 55.529449>, 0.100000
	pigment { color rgbt <1,0,0,0> }
	no_shadow
}

// particle -1
sphere {
	<45.881439, 40.965324, 55.374252> 0.100000
	pigment { color rgbt <1,0,0,0> }
	no_shadow
}
sphere {
	0, 1
	scale<0.080000,0.200000,0.300000>
	matrix <-0.496897, 0.031534, 0.867237,
		-0.493059, 0.812113, -0.312035,
		-0.714134, -0.582647, -0.387988,
		45.667198, 40.790531, 55.257854>
	pigment { color rgbt <0,1,1,0> }
	no_shadow
}
cylinder {
	<45.527775, 41.525768, 55.816784>,  <46.167091, 41.198383, 55.529449>, 0.130000
	pigment { color rgbt <1,0,0,0> }
	no_shadow
}

// nucleotide -1

// particle -1
sphere {
	<45.527775, 41.525768, 55.816784> 0.250000
	pigment { color rgbt <1,0,0,0> }
	no_shadow
}
cylinder {
	<45.430840, 41.162552, 55.680119>,  <45.372681, 40.944622, 55.598118>, 0.100000
	pigment { color rgbt <1,0,0,0> }
	no_shadow
}
cylinder {
	<45.430840, 41.162552, 55.680119>,  <45.527775, 41.525768, 55.816784>, 0.100000
	pigment { color rgbt <1,0,0,0> }
	no_shadow
}

// particle -1
sphere {
	<45.430840, 41.162552, 55.680119> 0.100000
	pigment { color rgbt <1,0,0,0> }
	no_shadow
}
sphere {
	0, 1
	scale<0.080000,0.200000,0.300000>
	matrix <-0.609410, -0.131550, 0.781866,
		-0.754913, 0.397686, -0.521491,
		-0.242335, -0.908042, -0.341662,
		45.358139, 40.890141, 55.577621>
	pigment { color rgbt <0,1,1,0> }
	no_shadow
}
cylinder {
	<44.855633, 41.568527, 55.855827>,  <45.527775, 41.525768, 55.816784>, 0.130000
	pigment { color rgbt <1,0,0,0> }
	no_shadow
}

// nucleotide -1

// particle -1
sphere {
	<44.855633, 41.568527, 55.855827> 0.250000
	pigment { color rgbt <1,0,0,0> }
	no_shadow
}
cylinder {
	<44.951328, 41.181114, 55.883301>,  <45.008747, 40.948666, 55.899784>, 0.100000
	pigment { color rgbt <1,0,0,0> }
	no_shadow
}
cylinder {
	<44.951328, 41.181114, 55.883301>,  <44.855633, 41.568527, 55.855827>, 0.100000
	pigment { color rgbt <1,0,0,0> }
	no_shadow
}

// particle -1
sphere {
	<44.951328, 41.181114, 55.883301> 0.100000
	pigment { color rgbt <1,0,0,0> }
	no_shadow
}
sphere {
	0, 1
	scale<0.080000,0.200000,0.300000>
	matrix <-0.757378, -0.141880, 0.637377,
		-0.607572, -0.204505, -0.767485,
		0.239238, -0.968529, 0.068685,
		45.023098, 40.890556, 55.903908>
	pigment { color rgbt <0,1,1,0> }
	no_shadow
}
cylinder {
	<44.292278, 41.185173, 55.922409>,  <44.855633, 41.568527, 55.855827>, 0.130000
	pigment { color rgbt <1,0,0,0> }
	no_shadow
}

// nucleotide -1

// particle -1
sphere {
	<44.292278, 41.185173, 55.922409> 0.250000
	pigment { color rgbt <1,0,0,0> }
	no_shadow
}
cylinder {
	<44.534061, 40.900269, 56.065140>,  <44.679131, 40.729328, 56.150780>, 0.100000
	pigment { color rgbt <1,0,0,0> }
	no_shadow
}
cylinder {
	<44.534061, 40.900269, 56.065140>,  <44.292278, 41.185173, 55.922409>, 0.100000
	pigment { color rgbt <1,0,0,0> }
	no_shadow
}

// particle -1
sphere {
	<44.534061, 40.900269, 56.065140> 0.100000
	pigment { color rgbt <1,0,0,0> }
	no_shadow
}
sphere {
	0, 1
	scale<0.080000,0.200000,0.300000>
	matrix <-0.638383, -0.165127, 0.751798,
		-0.476553, -0.682218, -0.554505,
		0.604454, -0.712258, 0.356825,
		44.715397, 40.686592, 56.172188>
	pigment { color rgbt <0,1,1,0> }
	no_shadow
}
cylinder {
	<43.805599, 40.747532, 56.046715>,  <44.292278, 41.185173, 55.922409>, 0.130000
	pigment { color rgbt <1,0,0,0> }
	no_shadow
}

// nucleotide -1

// particle -1
sphere {
	<43.805599, 40.747532, 56.046715> 0.250000
	pigment { color rgbt <1,0,0,0> }
	no_shadow
}
cylinder {
	<44.132900, 40.642632, 56.251335>,  <44.329281, 40.579689, 56.374107>, 0.100000
	pigment { color rgbt <1,0,0,0> }
	no_shadow
}
cylinder {
	<44.132900, 40.642632, 56.251335>,  <43.805599, 40.747532, 56.046715>, 0.100000
	pigment { color rgbt <1,0,0,0> }
	no_shadow
}

// particle -1
sphere {
	<44.132900, 40.642632, 56.251335> 0.100000
	pigment { color rgbt <1,0,0,0> }
	no_shadow
}
sphere {
	0, 1
	scale<0.080000,0.200000,0.300000>
	matrix <-0.534633, -0.020130, 0.844845,
		-0.211264, -0.964789, -0.156680,
		0.818251, -0.262252, 0.511555,
		44.378376, 40.563957, 56.404800>
	pigment { color rgbt <0,1,1,0> }
	no_shadow
}
cylinder {
	<43.625732, 40.185711, 56.499466>,  <43.805599, 40.747532, 56.046715>, 0.130000
	pigment { color rgbt <1,0,0,0> }
	no_shadow
}

// nucleotide -1

// particle -1
sphere {
	<43.625732, 40.185711, 56.499466> 0.250000
	pigment { color rgbt <1,0,0,0> }
	no_shadow
}
cylinder {
	<43.961781, 40.320694, 56.669323>,  <44.163410, 40.401684, 56.771236>, 0.100000
	pigment { color rgbt <1,0,0,0> }
	no_shadow
}
cylinder {
	<43.961781, 40.320694, 56.669323>,  <43.625732, 40.185711, 56.499466>, 0.100000
	pigment { color rgbt <1,0,0,0> }
	no_shadow
}

// particle -1
sphere {
	<43.961781, 40.320694, 56.669323> 0.100000
	pigment { color rgbt <1,0,0,0> }
	no_shadow
}
sphere {
	0, 1
	scale<0.080000,0.200000,0.300000>
	matrix <-0.503199, 0.192688, 0.842414,
		0.202482, -0.921398, 0.331703,
		0.840114, 0.337486, 0.424631,
		44.213818, 40.421928, 56.796715>
	pigment { color rgbt <0,1,1,0> }
	no_shadow
}
cylinder {
	<43.701107, 39.776802, 57.112034>,  <43.625732, 40.185711, 56.499466>, 0.130000
	pigment { color rgbt <1,0,0,0> }
	no_shadow
}

// nucleotide -1

// particle -1
sphere {
	<43.701107, 39.776802, 57.112034> 0.250000
	pigment { color rgbt <1,0,0,0> }
	no_shadow
}
cylinder {
	<43.912395, 40.105904, 57.195999>,  <44.039169, 40.303364, 57.246380>, 0.100000
	pigment { color rgbt <1,0,0,0> }
	no_shadow
}
cylinder {
	<43.912395, 40.105904, 57.195999>,  <43.701107, 39.776802, 57.112034>, 0.100000
	pigment { color rgbt <1,0,0,0> }
	no_shadow
}

// particle -1
sphere {
	<43.912395, 40.105904, 57.195999> 0.100000
	pigment { color rgbt <1,0,0,0> }
	no_shadow
}
sphere {
	0, 1
	scale<0.080000,0.200000,0.300000>
	matrix <-0.526292, 0.123235, 0.841326,
		0.666333, -0.554883, 0.498102,
		0.528221, 0.822751, 0.209915,
		44.070862, 40.352730, 57.258972>
	pigment { color rgbt <0,1,1,0> }
	no_shadow
}
cylinder {
	<43.805168, 39.798180, 57.766754>,  <43.701107, 39.776802, 57.112034>, 0.130000
	pigment { color rgbt <1,0,0,0> }
	no_shadow
}

// nucleotide -1

// particle -1
sphere {
	<43.805168, 39.798180, 57.766754> 0.250000
	pigment { color rgbt <1,0,0,0> }
	no_shadow
}
cylinder {
	<43.903458, 40.180588, 57.702698>,  <43.962433, 40.410030, 57.664265>, 0.100000
	pigment { color rgbt <1,0,0,0> }
	no_shadow
}
cylinder {
	<43.903458, 40.180588, 57.702698>,  <43.805168, 39.798180, 57.766754>, 0.100000
	pigment { color rgbt <1,0,0,0> }
	no_shadow
}

// particle -1
sphere {
	<43.903458, 40.180588, 57.702698> 0.100000
	pigment { color rgbt <1,0,0,0> }
	no_shadow
}
sphere {
	0, 1
	scale<0.080000,0.200000,0.300000>
	matrix <-0.415530, 0.253151, 0.873642,
		0.875759, -0.148132, 0.459460,
		0.245727, 0.956019, -0.160146,
		43.977177, 40.467392, 57.654655>
	pigment { color rgbt <0,1,1,0> }
	no_shadow
}
cylinder {
	<44.041405, 40.034870, 58.430519>,  <43.805168, 39.798180, 57.766754>, 0.130000
	pigment { color rgbt <1,0,0,0> }
	no_shadow
}

// nucleotide -1

// particle -1
sphere {
	<44.041405, 40.034870, 58.430519> 0.250000
	pigment { color rgbt <1,0,0,0> }
	no_shadow
}
cylinder {
	<43.956131, 40.365295, 58.221836>,  <43.904968, 40.563549, 58.096626>, 0.100000
	pigment { color rgbt <1,0,0,0> }
	no_shadow
}
cylinder {
	<43.956131, 40.365295, 58.221836>,  <44.041405, 40.034870, 58.430519>, 0.100000
	pigment { color rgbt <1,0,0,0> }
	no_shadow
}

// particle -1
sphere {
	<43.956131, 40.365295, 58.221836> 0.100000
	pigment { color rgbt <1,0,0,0> }
	no_shadow
}
sphere {
	0, 1
	scale<0.080000,0.200000,0.300000>
	matrix <-0.472003, 0.380456, 0.795277,
		0.855433, 0.415788, 0.308796,
		-0.213183, 0.826059, -0.521708,
		43.892178, 40.613113, 58.065323>
	pigment { color rgbt <0,1,1,0> }
	no_shadow
}
cylinder {
	<43.960659, 40.688969, 58.982433>,  <44.041405, 40.034870, 58.430519>, 0.130000
	pigment { color rgbt <1,0,0,0> }
	no_shadow
}

// nucleotide -1

// particle -1
sphere {
	<43.960659, 40.688969, 58.982433> 0.250000
	pigment { color rgbt <1,0,0,0> }
	no_shadow
}
cylinder {
	<43.772514, 40.815247, 58.652805>,  <43.659626, 40.891014, 58.455029>, 0.100000
	pigment { color rgbt <1,0,0,0> }
	no_shadow
}
cylinder {
	<43.772514, 40.815247, 58.652805>,  <43.960659, 40.688969, 58.982433>, 0.100000
	pigment { color rgbt <1,0,0,0> }
	no_shadow
}

// particle -1
sphere {
	<43.772514, 40.815247, 58.652805> 0.100000
	pigment { color rgbt <1,0,0,0> }
	no_shadow
}
sphere {
	0, 1
	scale<0.080000,0.200000,0.300000>
	matrix <-0.678669, 0.467481, 0.566454,
		0.564063, 0.825713, -0.005636,
		-0.470363, 0.315691, -0.824074,
		43.631405, 40.909954, 58.405582>
	pigment { color rgbt <0,1,1,0> }
	no_shadow
}
cylinder {
	<43.661205, 41.230167, 59.091431>,  <43.960659, 40.688969, 58.982433>, 0.130000
	pigment { color rgbt <1,0,0,0> }
	no_shadow
}

// nucleotide -1

// particle -1
sphere {
	<43.661205, 41.230167, 59.091431> 0.250000
	pigment { color rgbt <1,0,0,0> }
	no_shadow
}
cylinder {
	<43.417831, 41.149750, 58.784344>,  <43.271809, 41.101498, 58.600090>, 0.100000
	pigment { color rgbt <1,0,0,0> }
	no_shadow
}
cylinder {
	<43.417831, 41.149750, 58.784344>,  <43.661205, 41.230167, 59.091431>, 0.100000
	pigment { color rgbt <1,0,0,0> }
	no_shadow
}

// particle -1
sphere {
	<43.417831, 41.149750, 58.784344> 0.100000
	pigment { color rgbt <1,0,0,0> }
	no_shadow
}
sphere {
	0, 1
	scale<0.080000,0.200000,0.300000>
	matrix <-0.792820, 0.197078, 0.576713,
		0.035353, 0.959552, -0.279303,
		-0.608430, -0.201048, -0.767719,
		43.235302, 41.089436, 58.554028>
	pigment { color rgbt <0,1,1,0> }
	no_shadow
}
cylinder {
	<43.269142, 41.776386, 58.956009>,  <43.661205, 41.230167, 59.091431>, 0.130000
	pigment { color rgbt <1,0,0,0> }
	no_shadow
}

// nucleotide -1

// particle -1
sphere {
	<43.269142, 41.776386, 58.956009> 0.250000
	pigment { color rgbt <1,0,0,0> }
	no_shadow
}
cylinder {
	<43.048428, 41.482201, 58.798721>,  <42.916000, 41.305687, 58.704350>, 0.100000
	pigment { color rgbt <1,0,0,0> }
	no_shadow
}
cylinder {
	<43.048428, 41.482201, 58.798721>,  <43.269142, 41.776386, 58.956009>, 0.100000
	pigment { color rgbt <1,0,0,0> }
	no_shadow
}

// particle -1
sphere {
	<43.048428, 41.482201, 58.798721> 0.100000
	pigment { color rgbt <1,0,0,0> }
	no_shadow
}
sphere {
	0, 1
	scale<0.080000,0.200000,0.300000>
	matrix <-0.784493, 0.297718, 0.543999,
		-0.283026, 0.608647, -0.741246,
		-0.551785, -0.735468, -0.393217,
		42.882893, 41.261559, 58.680756>
	pigment { color rgbt <0,1,1,0> }
	no_shadow
}
cylinder {
	<42.559361, 42.076981, 58.907646>,  <43.269142, 41.776386, 58.956009>, 0.130000
	pigment { color rgbt <1,0,0,0> }
	no_shadow
}

// nucleotide -1

// particle -1
sphere {
	<42.559361, 42.076981, 58.907646> 0.250000
	pigment { color rgbt <1,0,0,0> }
	no_shadow
}
cylinder {
	<42.476608, 41.685936, 58.892242>,  <42.426956, 41.451309, 58.882999>, 0.100000
	pigment { color rgbt <1,0,0,0> }
	no_shadow
}
cylinder {
	<42.476608, 41.685936, 58.892242>,  <42.559361, 42.076981, 58.907646>, 0.100000
	pigment { color rgbt <1,0,0,0> }
	no_shadow
}

// particle -1
sphere {
	<42.476608, 41.685936, 58.892242> 0.100000
	pigment { color rgbt <1,0,0,0> }
	no_shadow
}
sphere {
	0, 1
	scale<0.080000,0.200000,0.300000>
	matrix <-0.728909, 0.127755, 0.672584,
		-0.652603, 0.167218, -0.739018,
		-0.206881, -0.977608, -0.038514,
		42.414543, 41.392654, 58.880688>
	pigment { color rgbt <0,1,1,0> }
	no_shadow
}
cylinder {
	<41.832855, 42.029350, 59.012974>,  <42.559361, 42.076981, 58.907646>, 0.130000
	pigment { color rgbt <1,0,0,0> }
	no_shadow
}

// nucleotide -1

// particle -1
sphere {
	<41.832855, 42.029350, 59.012974> 0.250000
	pigment { color rgbt <1,0,0,0> }
	no_shadow
}
cylinder {
	<41.960503, 41.657524, 59.086807>,  <42.037090, 41.434429, 59.131107>, 0.100000
	pigment { color rgbt <1,0,0,0> }
	no_shadow
}
cylinder {
	<41.960503, 41.657524, 59.086807>,  <41.832855, 42.029350, 59.012974>, 0.100000
	pigment { color rgbt <1,0,0,0> }
	no_shadow
}

// particle -1
sphere {
	<41.960503, 41.657524, 59.086807> 0.100000
	pigment { color rgbt <1,0,0,0> }
	no_shadow
}
sphere {
	0, 1
	scale<0.080000,0.200000,0.300000>
	matrix <-0.528474, -0.012866, 0.848852,
		-0.786690, -0.368429, -0.495358,
		0.319115, -0.929567, 0.184583,
		42.056236, 41.378654, 59.142181>
	pigment { color rgbt <0,1,1,0> }
	no_shadow
}
cylinder {
	<41.332745, 41.602100, 59.073303>,  <41.832855, 42.029350, 59.012974>, 0.130000
	pigment { color rgbt <1,0,0,0> }
	no_shadow
}

// nucleotide -1

// particle -1
sphere {
	<41.332745, 41.602100, 59.073303> 0.250000
	pigment { color rgbt <1,0,0,0> }
	no_shadow
}
cylinder {
	<41.630592, 41.434181, 59.280884>,  <41.809299, 41.333431, 59.405434>, 0.100000
	pigment { color rgbt <1,0,0,0> }
	no_shadow
}
cylinder {
	<41.630592, 41.434181, 59.280884>,  <41.332745, 41.602100, 59.073303>, 0.100000
	pigment { color rgbt <1,0,0,0> }
	no_shadow
}

// particle -1
sphere {
	<41.630592, 41.434181, 59.280884> 0.100000
	pigment { color rgbt <1,0,0,0> }
	no_shadow
}
sphere {
	0, 1
	scale<0.080000,0.200000,0.300000>
	matrix <-0.572023, -0.000657, 0.820237,
		-0.343992, -0.907618, -0.240622,
		0.744620, -0.419797, 0.518953,
		41.853977, 41.308243, 59.436569>
	pigment { color rgbt <0,1,1,0> }
	no_shadow
}
cylinder {
	<41.101711, 41.079376, 59.438725>,  <41.332745, 41.602100, 59.073303>, 0.130000
	pigment { color rgbt <1,0,0,0> }
	no_shadow
}

// nucleotide -1

// particle -1
sphere {
	<41.101711, 41.079376, 59.438725> 0.250000
	pigment { color rgbt <1,0,0,0> }
	no_shadow
}
cylinder {
	<41.439766, 41.133400, 59.645607>,  <41.642597, 41.165813, 59.769737>, 0.100000
	pigment { color rgbt <1,0,0,0> }
	no_shadow
}
cylinder {
	<41.439766, 41.133400, 59.645607>,  <41.101711, 41.079376, 59.438725>, 0.100000
	pigment { color rgbt <1,0,0,0> }
	no_shadow
}

// particle -1
sphere {
	<41.439766, 41.133400, 59.645607> 0.100000
	pigment { color rgbt <1,0,0,0> }
	no_shadow
}
sphere {
	0, 1
	scale<0.080000,0.200000,0.300000>
	matrix <-0.529615, 0.080339, 0.844425,
		0.072474, -0.987579, 0.139414,
		0.845136, 0.135034, 0.517214,
		41.693306, 41.173920, 59.800770>
	pigment { color rgbt <0,1,1,0> }
	no_shadow
}
cylinder {
	<41.055851, 40.566029, 59.947052>,  <41.101711, 41.079376, 59.438725>, 0.130000
	pigment { color rgbt <1,0,0,0> }
	no_shadow
}

// nucleotide -1

// particle -1
sphere {
	<41.055851, 40.566029, 59.947052> 0.250000
	pigment { color rgbt <1,0,0,0> }
	no_shadow
}
cylinder {
	<41.325905, 40.826584, 60.085552>,  <41.487938, 40.982918, 60.168652>, 0.100000
	pigment { color rgbt <1,0,0,0> }
	no_shadow
}
cylinder {
	<41.325905, 40.826584, 60.085552>,  <41.055851, 40.566029, 59.947052>, 0.100000
	pigment { color rgbt <1,0,0,0> }
	no_shadow
}

// particle -1
sphere {
	<41.325905, 40.826584, 60.085552> 0.100000
	pigment { color rgbt <1,0,0,0> }
	no_shadow
}
sphere {
	0, 1
	scale<0.080000,0.200000,0.300000>
	matrix <-0.489731, 0.044737, 0.870725,
		0.551690, -0.757425, 0.349208,
		0.675131, 0.651388, 0.346254,
		41.528442, 41.021999, 60.189426>
	pigment { color rgbt <0,1,1,0> }
	no_shadow
}
cylinder {
	<41.409489, 40.257412, 60.467033>,  <41.055851, 40.566029, 59.947052>, 0.130000
	pigment { color rgbt <1,0,0,0> }
	no_shadow
}

// nucleotide -1

// particle -1
sphere {
	<41.409489, 40.257412, 60.467033> 0.250000
	pigment { color rgbt <1,0,0,0> }
	no_shadow
}
cylinder {
	<41.434357, 40.649391, 60.542755>,  <41.449276, 40.884579, 60.588188>, 0.100000
	pigment { color rgbt <1,0,0,0> }
	no_shadow
}
cylinder {
	<41.434357, 40.649391, 60.542755>,  <41.409489, 40.257412, 60.467033>, 0.100000
	pigment { color rgbt <1,0,0,0> }
	no_shadow
}

// particle -1
sphere {
	<41.434357, 40.649391, 60.542755> 0.100000
	pigment { color rgbt <1,0,0,0> }
	no_shadow
}
sphere {
	0, 1
	scale<0.080000,0.200000,0.300000>
	matrix <-0.562766, -0.122230, 0.817529,
		0.824275, -0.157359, 0.543882,
		0.062167, 0.979948, 0.189307,
		41.453007, 40.943375, 60.599548>
	pigment { color rgbt <0,1,1,0> }
	no_shadow
}
cylinder {
	<41.758671, 40.428196, 61.112072>,  <41.409489, 40.257412, 60.467033>, 0.130000
	pigment { color rgbt <1,0,0,0> }
	no_shadow
}

// nucleotide -1

// particle -1
sphere {
	<41.758671, 40.428196, 61.112072> 0.250000
	pigment { color rgbt <1,0,0,0> }
	no_shadow
}
cylinder {
	<41.507195, 40.727081, 61.025890>,  <41.356308, 40.906410, 60.974182>, 0.100000
	pigment { color rgbt <1,0,0,0> }
	no_shadow
}
cylinder {
	<41.507195, 40.727081, 61.025890>,  <41.758671, 40.428196, 61.112072>, 0.100000
	pigment { color rgbt <1,0,0,0> }
	no_shadow
}

// particle -1
sphere {
	<41.507195, 40.727081, 61.025890> 0.100000
	pigment { color rgbt <1,0,0,0> }
	no_shadow
}
sphere {
	0, 1
	scale<0.080000,0.200000,0.300000>
	matrix <-0.416847, -0.089920, 0.904518,
