// switches for output
#declare DRAW_BASES = 1; // possible values are 0, 1; only relevant for DNA ribbons
#declare DRAW_BASES_TYPE = 3; // possible values are 1, 2, 3; only relevant for DNA ribbons
#declare DRAW_FOG = 0; // set to 1 to enable fog

#include "colors.inc"

#include "transforms.inc"
background { rgb <1, 1, 1>}

#default {
   normal{
       ripples 0.25
       frequency 0.20
       turbulence 0.2
       lambda 5
   }
	finish {
		phong 0.1
		phong_size 40.
	}
}

// original window dimensions: 1024x640


// camera settings

camera {
	sky <-0, 1, 0>
	up <-0, 1, 0>
	right 1.6 * <0.724836, 0, 0.688921>
	location <12.1561, 44.2, 77.9145>
	look_at <46.7464, 44.2, 41.5209>
	direction <34.5903, 0, -36.3936>
	angle 67.0682
}


# declare cpy_camera_pos = <12.1561, 44.2, 77.9145>;
# if (DRAW_FOG = 1)
fog {
	fog_type 2
	up vnormalize(cpy_camera_pos)
	color rgbt<1,1,1,0.3>
	distance 1e-5
	fog_alt 3e-3
	fog_offset 70.72
}
# end


// LIGHTS

# declare lum = 6;
global_settings {
	ambient_light rgb lum * <0.05, 0.05, 0.05>
	max_trace_level 15
}# declare cpy_direct_light_amount = 0.25;
light_source
{	1000 * <-0.0359156, -1, 1.41376>,
	rgb lum * cpy_direct_light_amount
	parallel
}

light_source
{	1000 * <0.0359156, 1, -1.41376>,
	rgb lum * cpy_direct_light_amount
	parallel
}

// strand 0

// nucleotide -1

// particle -1
sphere {
	<46.659462, 41.412846, 43.870808> 0.250000
	pigment { color rgbt <1,0,0,0> }
	no_shadow
}
cylinder {
	<46.846497, 41.583054, 44.180725>,  <46.958717, 41.685177, 44.366676>, 0.100000
	pigment { color rgbt <1,0,0,0> }
	no_shadow
}
cylinder {
	<46.846497, 41.583054, 44.180725>,  <46.659462, 41.412846, 43.870808>, 0.100000
	pigment { color rgbt <1,0,0,0> }
	no_shadow
}

// particle -1
sphere {
	<46.846497, 41.583054, 44.180725> 0.100000
	pigment { color rgbt <1,0,0,0> }
	no_shadow
}
sphere {
	0, 1
	scale<0.080000,0.200000,0.300000>
	matrix <-0.590509, -0.501873, 0.631999,
		0.657772, -0.753034, 0.016603,
		0.467584, 0.425516, 0.774792,
		46.986771, 41.710709, 44.413162>
	pigment { color rgbt <0,1,1,0> }
	no_shadow
}
cylinder {
	<46.783180, 40.887035, 44.220417>,  <46.659462, 41.412846, 43.870808>, 0.130000
	pigment { color rgbt <1,0,0,0> }
	no_shadow
}

// nucleotide -1

// particle -1
sphere {
	<46.783180, 40.887035, 44.220417> 0.250000
	pigment { color rgbt <1,0,0,0> }
	no_shadow
}
cylinder {
	<46.802826, 41.189934, 44.480927>,  <46.814613, 41.371674, 44.637234>, 0.100000
	pigment { color rgbt <1,0,0,0> }
	no_shadow
}
cylinder {
	<46.802826, 41.189934, 44.480927>,  <46.783180, 40.887035, 44.220417>, 0.100000
	pigment { color rgbt <1,0,0,0> }
	no_shadow
}

// particle -1
sphere {
	<46.802826, 41.189934, 44.480927> 0.100000
	pigment { color rgbt <1,0,0,0> }
	no_shadow
}
sphere {
	0, 1
	scale<0.080000,0.200000,0.300000>
	matrix <-0.556249, -0.520840, 0.647543,
		0.829562, -0.394078, 0.395637,
		0.049118, 0.757251, 0.651275,
		46.817562, 41.417110, 44.676308>
	pigment { color rgbt <0,1,1,0> }
	no_shadow
}
cylinder {
	<47.076248, 40.508286, 44.868217>,  <46.783180, 40.887035, 44.220417>, 0.130000
	pigment { color rgbt <1,0,0,0> }
	no_shadow
}

// nucleotide -1

// particle -1
sphere {
	<47.076248, 40.508286, 44.868217> 0.250000
	pigment { color rgbt <1,0,0,0> }
	no_shadow
}
cylinder {
	<46.902313, 40.850510, 44.980598>,  <46.797951, 41.055843, 45.048027>, 0.100000
	pigment { color rgbt <1,0,0,0> }
	no_shadow
}
cylinder {
	<46.902313, 40.850510, 44.980598>,  <47.076248, 40.508286, 44.868217>, 0.100000
	pigment { color rgbt <1,0,0,0> }
	no_shadow
}

// particle -1
sphere {
	<46.902313, 40.850510, 44.980598> 0.100000
	pigment { color rgbt <1,0,0,0> }
	no_shadow
}
sphere {
	0, 1
	scale<0.080000,0.200000,0.300000>
	matrix <-0.452371, -0.477305, 0.753353,
		0.778638, 0.200492, 0.594581,
		-0.434837, 0.855560, 0.280951,
		46.771862, 41.107178, 45.064884>
	pigment { color rgbt <0,1,1,0> }
	no_shadow
}
cylinder {
	<47.076599, 40.389164, 45.545918>,  <47.076248, 40.508286, 44.868217>, 0.130000
	pigment { color rgbt <1,0,0,0> }
	no_shadow
}

// nucleotide -1

// particle -1
sphere {
	<47.076599, 40.389164, 45.545918> 0.250000
	pigment { color rgbt <1,0,0,0> }
	no_shadow
}
cylinder {
	<46.808868, 40.679314, 45.481628>,  <46.648232, 40.853405, 45.443054>, 0.100000
	pigment { color rgbt <1,0,0,0> }
	no_shadow
}
cylinder {
	<46.808868, 40.679314, 45.481628>,  <47.076599, 40.389164, 45.545918>, 0.100000
	pigment { color rgbt <1,0,0,0> }
	no_shadow
}

// particle -1
sphere {
	<46.808868, 40.679314, 45.481628> 0.100000
	pigment { color rgbt <1,0,0,0> }
	no_shadow
}
sphere {
	0, 1
	scale<0.080000,0.200000,0.300000>
	matrix <-0.575544, -0.369418, 0.729575,
		0.469844, 0.580826, 0.664747,
		-0.669325, 0.725377, -0.160722,
		46.608070, 40.896927, 45.433411>
	pigment { color rgbt <0,1,1,0> }
	no_shadow
}
cylinder {
	<47.004478, 40.605003, 46.129692>,  <47.076599, 40.389164, 45.545918>, 0.130000
	pigment { color rgbt <1,0,0,0> }
	no_shadow
}

// nucleotide -1

// particle -1
sphere {
	<47.004478, 40.605003, 46.129692> 0.250000
	pigment { color rgbt <1,0,0,0> }
	no_shadow
}
cylinder {
	<46.670006, 40.725105, 45.946106>,  <46.469322, 40.797169, 45.835953>, 0.100000
	pigment { color rgbt <1,0,0,0> }
	no_shadow
}
cylinder {
	<46.670006, 40.725105, 45.946106>,  <47.004478, 40.605003, 46.129692>, 0.100000
	pigment { color rgbt <1,0,0,0> }
	no_shadow
}

// particle -1
sphere {
	<46.670006, 40.725105, 45.946106> 0.100000
	pigment { color rgbt <1,0,0,0> }
	no_shadow
}
sphere {
	0, 1
	scale<0.080000,0.200000,0.300000>
	matrix <-0.539339, -0.298183, 0.787528,
		0.099605, 0.906053, 0.411275,
		-0.836177, 0.300258, -0.458969,
		46.419151, 40.815182, 45.808414>
	pigment { color rgbt <0,1,1,0> }
	no_shadow
}
cylinder {
	<46.636593, 40.849377, 46.681850>,  <47.004478, 40.605003, 46.129692>, 0.130000
	pigment { color rgbt <1,0,0,0> }
	no_shadow
}

// nucleotide -1

// particle -1
sphere {
	<46.636593, 40.849377, 46.681850> 0.250000
	pigment { color rgbt <1,0,0,0> }
	no_shadow
}
cylinder {
	<46.363937, 40.861458, 46.389427>,  <46.200344, 40.868706, 46.213974>, 0.100000
	pigment { color rgbt <1,0,0,0> }
	no_shadow
}
cylinder {
	<46.363937, 40.861458, 46.389427>,  <46.636593, 40.849377, 46.681850>, 0.100000
	pigment { color rgbt <1,0,0,0> }
	no_shadow
}

// particle -1
sphere {
	<46.363937, 40.861458, 46.389427> 0.100000
	pigment { color rgbt <1,0,0,0> }
	no_shadow
}
sphere {
	0, 1
	scale<0.080000,0.200000,0.300000>
	matrix <-0.727817, -0.130579, 0.673224,
		-0.075127, 0.990978, 0.110990,
		-0.681643, 0.030203, -0.731061,
		46.159443, 40.870518, 46.170109>
	pigment { color rgbt <0,1,1,0> }
	no_shadow
}
cylinder {
	<46.072369, 41.381702, 46.841599>,  <46.636593, 40.849377, 46.681850>, 0.130000
	pigment { color rgbt <1,0,0,0> }
	no_shadow
}

// nucleotide -1

// particle -1
sphere {
	<46.072369, 41.381702, 46.841599> 0.250000
	pigment { color rgbt <1,0,0,0> }
	no_shadow
}
cylinder {
	<45.897293, 41.107506, 46.608864>,  <45.792248, 40.942989, 46.469223>, 0.100000
	pigment { color rgbt <1,0,0,0> }
	no_shadow
}
cylinder {
	<45.897293, 41.107506, 46.608864>,  <46.072369, 41.381702, 46.841599>, 0.100000
	pigment { color rgbt <1,0,0,0> }
	no_shadow
}

// particle -1
sphere {
	<45.897293, 41.107506, 46.608864> 0.100000
	pigment { color rgbt <1,0,0,0> }
	no_shadow
}
sphere {
	0, 1
	scale<0.080000,0.200000,0.300000>
	matrix <-0.776022, -0.038823, 0.629509,
		-0.454109, 0.727049, -0.514961,
		-0.437692, -0.685487, -0.581836,
		45.765984, 40.901859, 46.434315>
	pigment { color rgbt <0,1,1,0> }
	no_shadow
}
cylinder {
	<45.339565, 41.498028, 46.773067>,  <46.072369, 41.381702, 46.841599>, 0.130000
	pigment { color rgbt <1,0,0,0> }
	no_shadow
}

// nucleotide -1

// particle -1
sphere {
	<45.339565, 41.498028, 46.773067> 0.250000
	pigment { color rgbt <1,0,0,0> }
	no_shadow
}
cylinder {
	<45.355675, 41.114006, 46.662300>,  <45.365341, 40.883595, 46.595840>, 0.100000
	pigment { color rgbt <1,0,0,0> }
	no_shadow
}
cylinder {
	<45.355675, 41.114006, 46.662300>,  <45.339565, 41.498028, 46.773067>, 0.100000
	pigment { color rgbt <1,0,0,0> }
	no_shadow
}

// particle -1
sphere {
	<45.355675, 41.114006, 46.662300> 0.100000
	pigment { color rgbt <1,0,0,0> }
	no_shadow
}
sphere {
	0, 1
	scale<0.080000,0.200000,0.300000>
	matrix <-0.705833, -0.223493, 0.672198,
		-0.707232, 0.168386, -0.686636,
		0.040270, -0.960050, -0.276914,
		45.367756, 40.825993, 46.579227>
	pigment { color rgbt <0,1,1,0> }
	no_shadow
}
cylinder {
	<44.706711, 41.374710, 46.726421>,  <45.339565, 41.498028, 46.773067>, 0.130000
	pigment { color rgbt <1,0,0,0> }
	no_shadow
}

// nucleotide -1

// particle -1
sphere {
	<44.706711, 41.374710, 46.726421> 0.250000
	pigment { color rgbt <1,0,0,0> }
	no_shadow
}
cylinder {
	<44.880455, 41.015762, 46.757545>,  <44.984703, 40.800392, 46.776218>, 0.100000
	pigment { color rgbt <1,0,0,0> }
	no_shadow
}
cylinder {
	<44.880455, 41.015762, 46.757545>,  <44.706711, 41.374710, 46.726421>, 0.100000
	pigment { color rgbt <1,0,0,0> }
	no_shadow
}

// particle -1
sphere {
	<44.880455, 41.015762, 46.757545> 0.100000
	pigment { color rgbt <1,0,0,0> }
	no_shadow
}
sphere {
	0, 1
	scale<0.080000,0.200000,0.300000>
	matrix <-0.758756, -0.317975, 0.568490,
		-0.485405, -0.305969, -0.819002,
		0.434363, -0.897371, 0.077810,
		45.010765, 40.746552, 46.780888>
	pigment { color rgbt <0,1,1,0> }
	no_shadow
}
cylinder {
	<44.098194, 40.806332, 46.666908>,  <44.706711, 41.374710, 46.726421>, 0.130000
	pigment { color rgbt <1,0,0,0> }
	no_shadow
}

// nucleotide -1

// particle -1
sphere {
	<44.098194, 40.806332, 46.666908> 0.250000
	pigment { color rgbt <1,0,0,0> }
	no_shadow
}
cylinder {
	<44.400135, 40.588562, 46.813229>,  <44.581299, 40.457901, 46.901020>, 0.100000
	pigment { color rgbt <1,0,0,0> }
	no_shadow
}
cylinder {
	<44.400135, 40.588562, 46.813229>,  <44.098194, 40.806332, 46.666908>, 0.100000
	pigment { color rgbt <1,0,0,0> }
	no_shadow
}

// particle -1
sphere {
	<44.400135, 40.588562, 46.813229> 0.100000
	pigment { color rgbt <1,0,0,0> }
	no_shadow
}
sphere {
	0, 1
	scale<0.080000,0.200000,0.300000>
	matrix <-0.629183, -0.443482, 0.638320,
		-0.185289, -0.711991, -0.677302,
		0.754849, -0.544420, 0.365800,
		44.626591, 40.425236, 46.922970>
	pigment { color rgbt <0,1,1,0> }
	no_shadow
}
cylinder {
	<43.856449, 40.066456, 46.726017>,  <44.098194, 40.806332, 46.666908>, 0.130000
	pigment { color rgbt <1,0,0,0> }
	no_shadow
}

// nucleotide -1

// particle -1
sphere {
	<43.856449, 40.066456, 46.726017> 0.250000
	pigment { color rgbt <1,0,0,0> }
	no_shadow
}
cylinder {
	<44.160439, 40.095490, 46.984371>,  <44.342831, 40.112907, 47.139385>, 0.100000
	pigment { color rgbt <1,0,0,0> }
	no_shadow
}
cylinder {
	<44.160439, 40.095490, 46.984371>,  <43.856449, 40.066456, 46.726017>, 0.100000
	pigment { color rgbt <1,0,0,0> }
	no_shadow
}

// particle -1
sphere {
	<44.160439, 40.095490, 46.984371> 0.100000
	pigment { color rgbt <1,0,0,0> }
	no_shadow
}
sphere {
	0, 1
	scale<0.080000,0.200000,0.300000>
	matrix <-0.548729, -0.460934, 0.697450,
		0.348333, -0.884462, -0.310471,
		0.759974, 0.072580, 0.645888,
		44.388432, 40.117264, 47.178139>
	pigment { color rgbt <0,1,1,0> }
	no_shadow
}
cylinder {
	<43.839420, 39.484478, 47.028015>,  <43.856449, 40.066456, 46.726017>, 0.130000
	pigment { color rgbt <1,0,0,0> }
	no_shadow
}

// nucleotide -1

// particle -1
sphere {
	<43.839420, 39.484478, 47.028015> 0.250000
	pigment { color rgbt <1,0,0,0> }
	no_shadow
}
cylinder {
	<44.038048, 39.704041, 47.296974>,  <44.157227, 39.835777, 47.458347>, 0.100000
	pigment { color rgbt <1,0,0,0> }
	no_shadow
}
cylinder {
	<44.038048, 39.704041, 47.296974>,  <43.839420, 39.484478, 47.028015>, 0.100000
	pigment { color rgbt <1,0,0,0> }
	no_shadow
}

// particle -1
sphere {
	<44.038048, 39.704041, 47.296974> 0.100000
	pigment { color rgbt <1,0,0,0> }
	no_shadow
}
sphere {
	0, 1
	scale<0.080000,0.200000,0.300000>
	matrix <-0.569623, -0.378429, 0.729604,
		0.654940, -0.745312, 0.124754,
		0.496572, 0.548909, 0.672395,
		44.187019, 39.868713, 47.498692>
	pigment { color rgbt <0,1,1,0> }
	no_shadow
}
cylinder {
	<43.971672, 39.036114, 47.498325>,  <43.839420, 39.484478, 47.028015>, 0.130000
	pigment { color rgbt <1,0,0,0> }
	no_shadow
}

// nucleotide -1

// particle -1
sphere {
	<43.971672, 39.036114, 47.498325> 0.250000
	pigment { color rgbt <1,0,0,0> }
	no_shadow
}
cylinder {
	<44.023952, 39.381958, 47.692387>,  <44.055321, 39.589462, 47.808823>, 0.100000
	pigment { color rgbt <1,0,0,0> }
	no_shadow
}
cylinder {
	<44.023952, 39.381958, 47.692387>,  <43.971672, 39.036114, 47.498325>, 0.100000
	pigment { color rgbt <1,0,0,0> }
	no_shadow
}

// particle -1
sphere {
	<44.023952, 39.381958, 47.692387> 0.100000
	pigment { color rgbt <1,0,0,0> }
	no_shadow
}
sphere {
	0, 1
	scale<0.080000,0.200000,0.300000>
	matrix <-0.471069, -0.376422, 0.797747,
		0.872360, -0.332804, 0.358092,
		0.130700, 0.864609, 0.485149,
		44.063164, 39.641342, 47.837933>
	pigment { color rgbt <0,1,1,0> }
	no_shadow
}
cylinder {
	<44.184082, 38.804760, 48.213875>,  <43.971672, 39.036114, 47.498325>, 0.130000
	pigment { color rgbt <1,0,0,0> }
	no_shadow
}

// nucleotide -1

// particle -1
sphere {
	<44.184082, 38.804760, 48.213875> 0.250000
	pigment { color rgbt <1,0,0,0> }
	no_shadow
}
cylinder {
	<44.097397, 39.193069, 48.255119>,  <44.045387, 39.426056, 48.279865>, 0.100000
	pigment { color rgbt <1,0,0,0> }
	no_shadow
}
cylinder {
	<44.097397, 39.193069, 48.255119>,  <44.184082, 38.804760, 48.213875>, 0.100000
	pigment { color rgbt <1,0,0,0> }
	no_shadow
}

// particle -1
sphere {
	<44.097397, 39.193069, 48.255119> 0.100000
	pigment { color rgbt <1,0,0,0> }
	no_shadow
}
sphere {
	0, 1
	scale<0.080000,0.200000,0.300000>
	matrix <-0.303000, -0.167286, 0.938193,
		0.928024, 0.172074, 0.330397,
		-0.216710, 0.970776, 0.103107,
		44.032383, 39.484303, 48.286053>
	pigment { color rgbt <0,1,1,0> }
	no_shadow
}
cylinder {
	<44.537769, 39.176380, 48.918266>,  <44.184082, 38.804760, 48.213875>, 0.130000
	pigment { color rgbt <1,0,0,0> }
	no_shadow
}

// nucleotide -1

// particle -1
sphere {
	<44.537769, 39.176380, 48.918266> 0.250000
	pigment { color rgbt <1,0,0,0> }
	no_shadow
}
cylinder {
	<44.204636, 39.371040, 48.812771>,  <44.004757, 39.487839, 48.749474>, 0.100000
	pigment { color rgbt <1,0,0,0> }
	no_shadow
}
cylinder {
	<44.204636, 39.371040, 48.812771>,  <44.537769, 39.176380, 48.918266>, 0.100000
	pigment { color rgbt <1,0,0,0> }
	no_shadow
}

// particle -1
sphere {
	<44.204636, 39.371040, 48.812771> 0.100000
	pigment { color rgbt <1,0,0,0> }
	no_shadow
}
sphere {
	0, 1
	scale<0.080000,0.200000,0.300000>
	matrix <-0.246408, 0.100709, 0.963920,
		0.495655, 0.867771, 0.036041,
		-0.832832, 0.486652, -0.263742,
		43.954784, 39.517036, 48.733646>
	pigment { color rgbt <0,1,1,0> }
	no_shadow
}
cylinder {
	<44.399094, 39.431339, 49.497475>,  <44.537769, 39.176380, 48.918266>, 0.130000
	pigment { color rgbt <1,0,0,0> }
	no_shadow
}

// nucleotide -1

// particle -1
sphere {
	<44.399094, 39.431339, 49.497475> 0.250000
	pigment { color rgbt <1,0,0,0> }
	no_shadow
}
cylinder {
	<44.053963, 39.480103, 49.301247>,  <43.846882, 39.509361, 49.183510>, 0.100000
	pigment { color rgbt <1,0,0,0> }
	no_shadow
}
cylinder {
	<44.053963, 39.480103, 49.301247>,  <44.399094, 39.431339, 49.497475>, 0.100000
	pigment { color rgbt <1,0,0,0> }
	no_shadow
}

// particle -1
sphere {
	<44.053963, 39.480103, 49.301247> 0.100000
	pigment { color rgbt <1,0,0,0> }
	no_shadow
}
sphere {
	0, 1
	scale<0.080000,0.200000,0.300000>
	matrix <-0.485770, 0.068472, 0.871401,
		0.139825, 0.990176, 0.000142,
		-0.862831, 0.121912, -0.490572,
		43.795113, 39.516678, 49.154076>
	pigment { color rgbt <0,1,1,0> }
	no_shadow
}
cylinder {
	<43.966698, 39.910587, 49.949978>,  <44.399094, 39.431339, 49.497475>, 0.130000
	pigment { color rgbt <1,0,0,0> }
	no_shadow
}

// nucleotide -1

// particle -1
sphere {
	<43.966698, 39.910587, 49.949978> 0.250000
	pigment { color rgbt <1,0,0,0> }
	no_shadow
}
cylinder {
	<43.722839, 39.708153, 49.705940>,  <43.576523, 39.586693, 49.559517>, 0.100000
	pigment { color rgbt <1,0,0,0> }
	no_shadow
}
cylinder {
	<43.722839, 39.708153, 49.705940>,  <43.966698, 39.910587, 49.949978>, 0.100000
	pigment { color rgbt <1,0,0,0> }
	no_shadow
}

// particle -1
sphere {
	<43.722839, 39.708153, 49.705940> 0.100000
	pigment { color rgbt <1,0,0,0> }
	no_shadow
}
sphere {
	0, 1
	scale<0.080000,0.200000,0.300000>
	matrix <-0.547961, -0.287078, 0.785700,
		-0.572773, 0.813306, -0.102297,
		-0.609648, -0.506082, -0.610090,
		43.539944, 39.556328, 49.522915>
	pigment { color rgbt <0,1,1,0> }
	no_shadow
}
cylinder {
	<43.254192, 40.157425, 50.040440>,  <43.966698, 39.910587, 49.949978>, 0.130000
	pigment { color rgbt <1,0,0,0> }
	no_shadow
}

// nucleotide -1

// particle -1
sphere {
	<43.254192, 40.157425, 50.040440> 0.250000
	pigment { color rgbt <1,0,0,0> }
	no_shadow
}
cylinder {
	<43.225006, 39.784096, 49.899822>,  <43.207493, 39.560097, 49.815453>, 0.100000
	pigment { color rgbt <1,0,0,0> }
	no_shadow
}
cylinder {
	<43.225006, 39.784096, 49.899822>,  <43.254192, 40.157425, 50.040440>, 0.100000
	pigment { color rgbt <1,0,0,0> }
	no_shadow
}

// particle -1
sphere {
	<43.225006, 39.784096, 49.899822> 0.100000
	pigment { color rgbt <1,0,0,0> }
	no_shadow
}
sphere {
	0, 1
	scale<0.080000,0.200000,0.300000>
	matrix <-0.598225, -0.241073, 0.764206,
		-0.797999, 0.266061, -0.540748,
		-0.072966, -0.933325, -0.351540,
		43.203117, 39.504097, 49.794361>
	pigment { color rgbt <0,1,1,0> }
	no_shadow
}
cylinder {
	<42.572254, 40.030472, 50.129555>,  <43.254192, 40.157425, 50.040440>, 0.130000
	pigment { color rgbt <1,0,0,0> }
	no_shadow
}

// nucleotide -1

// particle -1
sphere {
	<42.572254, 40.030472, 50.129555> 0.250000
	pigment { color rgbt <1,0,0,0> }
	no_shadow
}
cylinder {
	<42.707970, 39.657608, 50.079025>,  <42.789398, 39.433891, 50.048710>, 0.100000
	pigment { color rgbt <1,0,0,0> }
	no_shadow
}
cylinder {
	<42.707970, 39.657608, 50.079025>,  <42.572254, 40.030472, 50.129555>, 0.100000
	pigment { color rgbt <1,0,0,0> }
	no_shadow
}

// particle -1
sphere {
	<42.707970, 39.657608, 50.079025> 0.100000
	pigment { color rgbt <1,0,0,0> }
	no_shadow
}
sphere {
	0, 1
	scale<0.080000,0.200000,0.300000>
	matrix <-0.630290, -0.324964, 0.705076,
		-0.698295, -0.159607, -0.697789,
		0.339291, -0.932161, -0.126322,
		42.809757, 39.377960, 50.041130>
	pigment { color rgbt <0,1,1,0> }
	no_shadow
}
cylinder {
	<41.952007, 39.675369, 50.086910>,  <42.572254, 40.030472, 50.129555>, 0.130000
	pigment { color rgbt <1,0,0,0> }
	no_shadow
}

// nucleotide -1

// particle -1
sphere {
	<41.952007, 39.675369, 50.086910> 0.250000
	pigment { color rgbt <1,0,0,0> }
	no_shadow
}
cylinder {
	<42.251324, 39.427216, 50.180874>,  <42.430912, 39.278324, 50.237251>, 0.100000
	pigment { color rgbt <1,0,0,0> }
	no_shadow
}
cylinder {
	<42.251324, 39.427216, 50.180874>,  <41.952007, 39.675369, 50.086910>, 0.100000
	pigment { color rgbt <1,0,0,0> }
	no_shadow
}

// particle -1
sphere {
	<42.251324, 39.427216, 50.180874> 0.100000
	pigment { color rgbt <1,0,0,0> }
	no_shadow
}
sphere {
	0, 1
	scale<0.080000,0.200000,0.300000>
	matrix <-0.515165, -0.320363, 0.794967,
		-0.417933, -0.715881, -0.559327,
		0.748289, -0.620389, 0.234906,
		42.475811, 39.241100, 50.251347>
	pigment { color rgbt <0,1,1,0> }
	no_shadow
}
cylinder {
	<41.660034, 39.016029, 50.241379>,  <41.952007, 39.675369, 50.086910>, 0.130000
	pigment { color rgbt <1,0,0,0> }
	no_shadow
}

// nucleotide -1

// particle -1
sphere {
	<41.660034, 39.016029, 50.241379> 0.250000
	pigment { color rgbt <1,0,0,0> }
	no_shadow
}
cylinder {
	<42.009960, 39.004570, 50.434822>,  <42.219917, 38.997696, 50.550888>, 0.100000
	pigment { color rgbt <1,0,0,0> }
	no_shadow
}
cylinder {
	<42.009960, 39.004570, 50.434822>,  <41.660034, 39.016029, 50.241379>, 0.100000
	pigment { color rgbt <1,0,0,0> }
	no_shadow
}

// particle -1
sphere {
	<42.009960, 39.004570, 50.434822> 0.100000
	pigment { color rgbt <1,0,0,0> }
	no_shadow
}
sphere {
	0, 1
	scale<0.080000,0.200000,0.300000>
	matrix <-0.484390, -0.068409, 0.872173,
		0.008103, -0.997246, -0.073719,
		0.874814, -0.028642, 0.483610,
		42.272404, 38.995975, 50.579906>
	pigment { color rgbt <0,1,1,0> }
	no_shadow
}
cylinder {
	<41.642666, 38.400394, 50.641533>,  <41.660034, 39.016029, 50.241379>, 0.130000
	pigment { color rgbt <1,0,0,0> }
	no_shadow
}

// nucleotide -1

// particle -1
sphere {
	<41.642666, 38.400394, 50.641533> 0.250000
	pigment { color rgbt <1,0,0,0> }
	no_shadow
}
cylinder {
	<41.920403, 38.613510, 50.835041>,  <42.087044, 38.741379, 50.951145>, 0.100000
	pigment { color rgbt <1,0,0,0> }
	no_shadow
}
cylinder {
	<41.920403, 38.613510, 50.835041>,  <41.642666, 38.400394, 50.641533>, 0.100000
	pigment { color rgbt <1,0,0,0> }
	no_shadow
}

// particle -1
sphere {
	<41.920403, 38.613510, 50.835041> 0.100000
	pigment { color rgbt <1,0,0,0> }
	no_shadow
}
sphere {
	0, 1
	scale<0.080000,0.200000,0.300000>
	matrix <-0.522436, -0.089145, 0.848006,
		0.494932, -0.841541, 0.216450,
		0.694337, 0.532787, 0.483772,
		42.128704, 38.773346, 50.980171>
	pigment { color rgbt <0,1,1,0> }
	no_shadow
}
cylinder {
	<41.785507, 38.079845, 51.303009>,  <41.642666, 38.400394, 50.641533>, 0.130000
	pigment { color rgbt <1,0,0,0> }
	no_shadow
}

// nucleotide -1

// particle -1
sphere {
	<41.785507, 38.079845, 51.303009> 0.250000
	pigment { color rgbt <1,0,0,0> }
	no_shadow
}
cylinder {
	<41.929977, 38.448067, 51.362518>,  <42.016659, 38.668999, 51.398224>, 0.100000
	pigment { color rgbt <1,0,0,0> }
	no_shadow
}
cylinder {
	<41.929977, 38.448067, 51.362518>,  <41.785507, 38.079845, 51.303009>, 0.100000
	pigment { color rgbt <1,0,0,0> }
	no_shadow
}

// particle -1
sphere {
	<41.929977, 38.448067, 51.362518> 0.100000
	pigment { color rgbt <1,0,0,0> }
	no_shadow
}
sphere {
	0, 1
	scale<0.080000,0.200000,0.300000>
	matrix <-0.344200, -0.016667, 0.938748,
		0.866649, -0.390258, 0.310835,
		0.361173, 0.920555, 0.148771,
		42.038330, 38.724232, 51.407150>
	pigment { color rgbt <0,1,1,0> }
	no_shadow
}
cylinder {
	<42.203465, 37.994610, 51.947372>,  <41.785507, 38.079845, 51.303009>, 0.130000
	pigment { color rgbt <1,0,0,0> }
	no_shadow
}

// nucleotide -1

// particle -1
sphere {
	<42.203465, 37.994610, 51.947372> 0.250000
	pigment { color rgbt <1,0,0,0> }
	no_shadow
}
cylinder {
	<42.144562, 38.388847, 51.914093>,  <42.109219, 38.625389, 51.894127>, 0.100000
	pigment { color rgbt <1,0,0,0> }
	no_shadow
}
cylinder {
	<42.144562, 38.388847, 51.914093>,  <42.203465, 37.994610, 51.947372>, 0.100000
	pigment { color rgbt <1,0,0,0> }
	no_shadow
}

// particle -1
sphere {
	<42.144562, 38.388847, 51.914093> 0.100000
	pigment { color rgbt <1,0,0,0> }
	no_shadow
}
sphere {
	0, 1
	scale<0.080000,0.200000,0.300000>
	matrix <-0.237516, 0.046418, 0.970274,
		0.960157, 0.162639, 0.227259,
		-0.147256, 0.985593, -0.083198,
		42.100384, 38.684525, 51.889133>
	pigment { color rgbt <0,1,1,0> }
	no_shadow
}
cylinder {
	<42.572498, 38.328789, 52.586380>,  <42.203465, 37.994610, 51.947372>, 0.130000
	pigment { color rgbt <1,0,0,0> }
	no_shadow
}

// nucleotide -1

// particle -1
sphere {
	<42.572498, 38.328789, 52.586380> 0.250000
	pigment { color rgbt <1,0,0,0> }
	no_shadow
}
cylinder {
	<42.299416, 38.573265, 52.426205>,  <42.135567, 38.719952, 52.330097>, 0.100000
	pigment { color rgbt <1,0,0,0> }
	no_shadow
}
cylinder {
	<42.299416, 38.573265, 52.426205>,  <42.572498, 38.328789, 52.586380>, 0.100000
	pigment { color rgbt <1,0,0,0> }
	no_shadow
}

// particle -1
sphere {
	<42.299416, 38.573265, 52.426205> 0.100000
	pigment { color rgbt <1,0,0,0> }
	no_shadow
}
sphere {
	0, 1
	scale<0.080000,0.200000,0.300000>
	matrix <-0.271719, 0.296374, 0.915604,
		0.678292, 0.733897, -0.036264,
		-0.682707, 0.611193, -0.400442,
		42.094604, 38.756622, 52.306072>
	pigment { color rgbt <0,1,1,0> }
	no_shadow
}
cylinder {
	<42.702728, 39.133038, 52.816906>,  <42.572498, 38.328789, 52.586380>, 0.130000
	pigment { color rgbt <1,0,0,0> }
	no_shadow
}

// nucleotide -1

// particle -1
sphere {
	<42.702728, 39.133038, 52.816906> 0.250000
	pigment { color rgbt <1,0,0,0> }
	no_shadow
}
cylinder {
	<42.318470, 39.070290, 52.725208>,  <42.087914, 39.032642, 52.670189>, 0.100000
	pigment { color rgbt <1,0,0,0> }
	no_shadow
}
cylinder {
	<42.318470, 39.070290, 52.725208>,  <42.702728, 39.133038, 52.816906>, 0.100000
	pigment { color rgbt <1,0,0,0> }
	no_shadow
}

// particle -1
sphere {
	<42.318470, 39.070290, 52.725208> 0.100000
	pigment { color rgbt <1,0,0,0> }
	no_shadow
}
sphere {
	0, 1
	scale<0.080000,0.200000,0.300000>
	matrix <-0.242382, 0.070221, 0.967636,
		-0.135691, 0.985120, -0.105479,
		-0.960645, -0.156866, -0.229247,
		42.030277, 39.023232, 52.656433>
	pigment { color rgbt <0,1,1,0> }
	no_shadow
}
cylinder {
	<42.342457, 39.680695, 53.149277>,  <42.702728, 39.133038, 52.816906>, 0.130000
	pigment { color rgbt <1,0,0,0> }
	no_shadow
}

// nucleotide -1

// particle -1
sphere {
	<42.342457, 39.680695, 53.149277> 0.250000
	pigment { color rgbt <1,0,0,0> }
	no_shadow
}
cylinder {
	<42.057388, 39.410072, 53.075119>,  <41.886345, 39.247700, 53.030624>, 0.100000
	pigment { color rgbt <1,0,0,0> }
	no_shadow
}
cylinder {
	<42.057388, 39.410072, 53.075119>,  <42.342457, 39.680695, 53.149277>, 0.100000
	pigment { color rgbt <1,0,0,0> }
	no_shadow
}

// particle -1
sphere {
	<42.057388, 39.410072, 53.075119> 0.100000
	pigment { color rgbt <1,0,0,0> }
	no_shadow
}
sphere {
	0, 1
	scale<0.080000,0.200000,0.300000>
	matrix <-0.281663, 0.033939, 0.958913,
		-0.642464, 0.735611, -0.214747,
		-0.712675, -0.676553, -0.185390,
		41.843586, 39.207108, 53.019501>
	pigment { color rgbt <0,1,1,0> }
	no_shadow
}
cylinder {
	<41.736038, 39.949032, 53.319824>,  <42.342457, 39.680695, 53.149277>, 0.130000
	pigment { color rgbt <1,0,0,0> }
	no_shadow
}

// nucleotide -1

// particle -1
sphere {
	<41.736038, 39.949032, 53.319824> 0.250000
	pigment { color rgbt <1,0,0,0> }
	no_shadow
}
cylinder {
	<41.653206, 39.557724, 53.323933>,  <41.603508, 39.322941, 53.326397>, 0.100000
	pigment { color rgbt <1,0,0,0> }
	no_shadow
}
cylinder {
	<41.653206, 39.557724, 53.323933>,  <41.736038, 39.949032, 53.319824>, 0.100000
	pigment { color rgbt <1,0,0,0> }
	no_shadow
}

// particle -1
sphere {
	<41.653206, 39.557724, 53.323933> 0.100000
	pigment { color rgbt <1,0,0,0> }
	no_shadow
}
sphere {
	0, 1
	scale<0.080000,0.200000,0.300000>
	matrix <-0.444575, 0.103446, 0.889748,
		-0.871477, 0.179682, -0.456337,
		-0.207078, -0.978270, 0.010269,
		41.591084, 39.264244, 53.327015>
	pigment { color rgbt <0,1,1,0> }
	no_shadow
}
cylinder {
	<40.968517, 39.832188, 53.468910>,  <41.736038, 39.949032, 53.319824>, 0.130000
	pigment { color rgbt <1,0,0,0> }
	no_shadow
}

// nucleotide -1

// particle -1
sphere {
	<40.968517, 39.832188, 53.468910> 0.250000
	pigment { color rgbt <1,0,0,0> }
	no_shadow
}
cylinder {
	<41.139481, 39.487442, 53.578098>,  <41.242058, 39.280594, 53.643612>, 0.100000
	pigment { color rgbt <1,0,0,0> }
	no_shadow
}
cylinder {
	<41.139481, 39.487442, 53.578098>,  <40.968517, 39.832188, 53.468910>, 0.100000
	pigment { color rgbt <1,0,0,0> }
	no_shadow
}

// particle -1
sphere {
	<41.139481, 39.487442, 53.578098> 0.100000
	pigment { color rgbt <1,0,0,0> }
	no_shadow
}
sphere {
	0, 1
	scale<0.080000,0.200000,0.300000>
	matrix <-0.546562, -0.005822, 0.837398,
		-0.720132, -0.507110, -0.473549,
		0.427410, -0.861861, 0.272975,
		41.267704, 39.228882, 53.659992>
	pigment { color rgbt <0,1,1,0> }
	no_shadow
}
cylinder {
	<40.489864, 39.459896, 53.752609>,  <40.968517, 39.832188, 53.468910>, 0.130000
	pigment { color rgbt <1,0,0,0> }
	no_shadow
}

// nucleotide -1

// particle -1
sphere {
	<40.489864, 39.459896, 53.752609> 0.250000
	pigment { color rgbt <1,0,0,0> }
	no_shadow
}
cylinder {
	<40.828194, 39.308357, 53.902843>,  <41.031189, 39.217434, 53.992985>, 0.100000
	pigment { color rgbt <1,0,0,0> }
	no_shadow
}
cylinder {
	<40.828194, 39.308357, 53.902843>,  <40.489864, 39.459896, 53.752609>, 0.100000
	pigment { color rgbt <1,0,0,0> }
	no_shadow
}

// particle -1
sphere {
	<40.828194, 39.308357, 53.902843> 0.100000
	pigment { color rgbt <1,0,0,0> }
	no_shadow
}
sphere {
	0, 1
	scale<0.080000,0.200000,0.300000>
	matrix <-0.425353, -0.054014, 0.903414,
		-0.321970, -0.923881, -0.206830,
		0.845819, -0.378848, 0.375585,
		41.081940, 39.194702, 54.015518>
	pigment { color rgbt <0,1,1,0> }
	no_shadow
}
cylinder {
	<40.238049, 38.894657, 54.278332>,  <40.489864, 39.459896, 53.752609>, 0.130000
	pigment { color rgbt <1,0,0,0> }
	no_shadow
}

// nucleotide -1

// particle -1
sphere {
	<40.238049, 38.894657, 54.278332> 0.250000
	pigment { color rgbt <1,0,0,0> }
	no_shadow
}
cylinder {
	<40.624126, 38.953819, 54.364609>,  <40.855774, 38.989315, 54.416374>, 0.100000
	pigment { color rgbt <1,0,0,0> }
	no_shadow
}
cylinder {
	<40.624126, 38.953819, 54.364609>,  <40.238049, 38.894657, 54.278332>, 0.100000
	pigment { color rgbt <1,0,0,0> }
	no_shadow
}

// particle -1
sphere {
	<40.624126, 38.953819, 54.364609> 0.100000
	pigment { color rgbt <1,0,0,0> }
	no_shadow
}
sphere {
	0, 1
	scale<0.080000,0.200000,0.300000>
	matrix <-0.199272, -0.118217, 0.972787,
		0.169379, -0.981911, -0.084629,
		0.965195, 0.147905, 0.215691,
		40.913685, 38.998192, 54.429317>
	pigment { color rgbt <0,1,1,0> }
	no_shadow
}
cylinder {
	<40.409645, 38.372265, 54.760529>,  <40.238049, 38.894657, 54.278332>, 0.130000
	pigment { color rgbt <1,0,0,0> }
	no_shadow
}

// nucleotide -1

// particle -1
sphere {
	<40.409645, 38.372265, 54.760529> 0.250000
	pigment { color rgbt <1,0,0,0> }
	no_shadow
}
cylinder {
	<40.706024, 38.637917, 54.800396>,  <40.883850, 38.797306, 54.824318>, 0.100000
	pigment { color rgbt <1,0,0,0> }
	no_shadow
}
cylinder {
	<40.706024, 38.637917, 54.800396>,  <40.409645, 38.372265, 54.760529>, 0.100000
	pigment { color rgbt <1,0,0,0> }
	no_shadow
}

// particle -1
sphere {
	<40.706024, 38.637917, 54.800396> 0.100000
	pigment { color rgbt <1,0,0,0> }
	no_shadow
}
sphere {
	0, 1
	scale<0.080000,0.200000,0.300000>
	matrix <-0.035246, -0.109758, 0.993333,
		0.670640, -0.739519, -0.057917,
		0.740946, 0.664127, 0.099672,
		40.928307, 38.837154, 54.830299>
	pigment { color rgbt <0,1,1,0> }
	no_shadow
}
cylinder {
	<40.773739, 38.122952, 55.241886>,  <40.409645, 38.372265, 54.760529>, 0.130000
	pigment { color rgbt <1,0,0,0> }
	no_shadow
}

// nucleotide -1

// particle -1
sphere {
	<40.773739, 38.122952, 55.241886> 0.250000
	pigment { color rgbt <1,0,0,0> }
	no_shadow
}
cylinder {
	<40.875404, 38.509789, 55.246567>,  <40.936405, 38.741890, 55.249374>, 0.100000
	pigment { color rgbt <1,0,0,0> }
	no_shadow
}
cylinder {
	<40.875404, 38.509789, 55.246567>,  <40.773739, 38.122952, 55.241886>, 0.100000
	pigment { color rgbt <1,0,0,0> }
	no_shadow
}

// particle -1
sphere {
	<40.875404, 38.509789, 55.246567> 0.100000
	pigment { color rgbt <1,0,0,0> }
	no_shadow
}
sphere {
	0, 1
	scale<0.080000,0.200000,0.300000>
	matrix <-0.103273, 0.015112, 0.994538,
		0.961631, -0.253987, 0.103716,
		0.254167, 0.967090, 0.011698,
		40.951656, 38.799915, 55.250076>
	pigment { color rgbt <0,1,1,0> }
	no_shadow
}
cylinder {
	<41.227871, 38.221790, 55.804768>,  <40.773739, 38.122952, 55.241886>, 0.130000
	pigment { color rgbt <1,0,0,0> }
	no_shadow
}

// nucleotide -1

// particle -1
sphere {
	<41.227871, 38.221790, 55.804768> 0.250000
	pigment { color rgbt <1,0,0,0> }
	no_shadow
}
cylinder {
	<41.112427, 38.600708, 55.749142>,  <41.043159, 38.828056, 55.715767>, 0.100000
	pigment { color rgbt <1,0,0,0> }
	no_shadow
}
cylinder {
	<41.112427, 38.600708, 55.749142>,  <41.227871, 38.221790, 55.804768>, 0.100000
	pigment { color rgbt <1,0,0,0> }
	no_shadow
}

// particle -1
sphere {
	<41.112427, 38.600708, 55.749142> 0.100000
	pigment { color rgbt <1,0,0,0> }
	no_shadow
}
sphere {
	0, 1
	scale<0.080000,0.200000,0.300000>
	matrix <0.064026, 0.164015, 0.984378,
		0.955302, 0.275202, -0.107989,
		-0.288615, 0.947293, -0.139064,
		41.025841, 38.884895, 55.707424>
	pigment { color rgbt <0,1,1,0> }
	no_shadow
}
cylinder {
	<41.742729, 38.651669, 56.271019>,  <41.227871, 38.221790, 55.804768>, 0.130000
	pigment { color rgbt <1,0,0,0> }
	no_shadow
}

// nucleotide -1

// particle -1
sphere {
	<41.742729, 38.651669, 56.271019> 0.250000
	pigment { color rgbt <1,0,0,0> }
	no_shadow
}
cylinder {
	<41.428802, 38.875481, 56.164444>,  <41.240448, 39.009769, 56.100498>, 0.100000
	pigment { color rgbt <1,0,0,0> }
	no_shadow
}
cylinder {
	<41.428802, 38.875481, 56.164444>,  <41.742729, 38.651669, 56.271019>, 0.100000
	pigment { color rgbt <1,0,0,0> }
	no_shadow
}

// particle -1
sphere {
	<41.428802, 38.875481, 56.164444> 0.100000
	pigment { color rgbt <1,0,0,0> }
	no_shadow
}
sphere {
	0, 1
	scale<0.080000,0.200000,0.300000>
	matrix <-0.032552, 0.392110, 0.919342,
		0.618873, 0.730188, -0.289520,
		-0.784816, 0.559532, -0.266435,
		41.193359, 39.043339, 56.084515>
	pigment { color rgbt <0,1,1,0> }
	no_shadow
}
cylinder {
	<41.934155, 39.371044, 56.451012>,  <41.742729, 38.651669, 56.271019>, 0.130000
	pigment { color rgbt <1,0,0,0> }
	no_shadow
}

// nucleotide -1

// particle -1
sphere {
	<41.934155, 39.371044, 56.451012> 0.250000
	pigment { color rgbt <1,0,0,0> }
	no_shadow
}
cylinder {
	<41.535179, 39.361717, 56.423943>,  <41.295795, 39.356121, 56.407700>, 0.100000
	pigment { color rgbt <1,0,0,0> }
	no_shadow
}
cylinder {
	<41.535179, 39.361717, 56.423943>,  <41.934155, 39.371044, 56.451012>, 0.100000
	pigment { color rgbt <1,0,0,0> }
	no_shadow
}

// particle -1
sphere {
	<41.535179, 39.361717, 56.423943> 0.100000
	pigment { color rgbt <1,0,0,0> }
	no_shadow
}
sphere {
	0, 1
	scale<0.080000,0.200000,0.300000>
	matrix <-0.071419, 0.387761, 0.918989,
		0.004809, 0.921465, -0.388431,
		-0.997435, -0.023322, -0.067675,
		41.235950, 39.354721, 56.403641>
	pigment { color rgbt <0,1,1,0> }
	no_shadow
}
cylinder {
	<41.636211, 39.937290, 56.717102>,  <41.934155, 39.371044, 56.451012>, 0.130000
	pigment { color rgbt <1,0,0,0> }
	no_shadow
}

// nucleotide -1

// particle -1
sphere {
	<41.636211, 39.937290, 56.717102> 0.250000
	pigment { color rgbt <1,0,0,0> }
	no_shadow
}
cylinder {
	<41.326462, 39.687065, 56.755074>,  <41.140614, 39.536930, 56.777855>, 0.100000
	pigment { color rgbt <1,0,0,0> }
	no_shadow
}
cylinder {
	<41.326462, 39.687065, 56.755074>,  <41.636211, 39.937290, 56.717102>, 0.100000
	pigment { color rgbt <1,0,0,0> }
	no_shadow
}

// particle -1
sphere {
	<41.326462, 39.687065, 56.755074> 0.100000
	pigment { color rgbt <1,0,0,0> }
	no_shadow
}
sphere {
	0, 1
	scale<0.080000,0.200000,0.300000>
	matrix <-0.153810, 0.331646, 0.930781,
		-0.613748, 0.706172, -0.353036,
		-0.774375, -0.625565, 0.094930,
		41.094151, 39.499397, 56.783554>
	pigment { color rgbt <0,1,1,0> }
	no_shadow
}
cylinder {
	<41.391300, 40.228199, 57.254898>,  <41.636211, 39.937290, 56.717102>, 0.130000
	pigment { color rgbt <1,0,0,0> }
	no_shadow
}

// nucleotide -1

// particle -1
sphere {
	<41.391300, 40.228199, 57.254898> 0.250000
	pigment { color rgbt <1,0,0,0> }
	no_shadow
}
cylinder {
	<41.179108, 39.889313, 57.243446>,  <41.051792, 39.685982, 57.236576>, 0.100000
	pigment { color rgbt <1,0,0,0> }
	no_shadow
}
cylinder {
	<41.179108, 39.889313, 57.243446>,  <41.391300, 40.228199, 57.254898>, 0.100000
	pigment { color rgbt <1,0,0,0> }
	no_shadow
}

// particle -1
sphere {
	<41.179108, 39.889313, 57.243446> 0.100000
	pigment { color rgbt <1,0,0,0> }
	no_shadow
}
sphere {
	0, 1
	scale<0.080000,0.200000,0.300000>
	matrix <-0.196656, 0.090141, 0.976320,
		-0.824569, 0.523551, -0.214428,
		-0.530482, -0.847212, -0.028632,
		41.019962, 39.635151, 57.234856>
	pigment { color rgbt <0,1,1,0> }
	no_shadow
}
cylinder {
	<40.797421, 40.379990, 57.571259>,  <41.391300, 40.228199, 57.254898>, 0.130000
	pigment { color rgbt <1,0,0,0> }
	no_shadow
}

// nucleotide -1

// particle -1
sphere {
	<40.797421, 40.379990, 57.571259> 0.250000
	pigment { color rgbt <1,0,0,0> }
	no_shadow
}
cylinder {
	<40.860779, 39.986443, 57.604507>,  <40.898792, 39.750313, 57.624458>, 0.100000
	pigment { color rgbt <1,0,0,0> }
	no_shadow
}
cylinder {
	<40.860779, 39.986443, 57.604507>,  <40.797421, 40.379990, 57.571259>, 0.100000
	pigment { color rgbt <1,0,0,0> }
	no_shadow
}

// particle -1
sphere {
	<40.860779, 39.986443, 57.604507> 0.100000
	pigment { color rgbt <1,0,0,0> }
	no_shadow
}
sphere {
	0, 1
	scale<0.080000,0.200000,0.300000>
	matrix <-0.050352, 0.076026, 0.995834,
		-0.986091, -0.161922, -0.037498,
		0.158397, -0.983871, 0.083121,
		40.908298, 39.691280, 57.629444>
	pigment { color rgbt <0,1,1,0> }
	no_shadow
}
cylinder {
	<40.258480, 40.060558, 58.018150>,  <40.797421, 40.379990, 57.571259>, 0.130000
	pigment { color rgbt <1,0,0,0> }
	no_shadow
}

// nucleotide -1

// particle -1
sphere {
	<40.258480, 40.060558, 58.018150> 0.250000
	pigment { color rgbt <1,0,0,0> }
	no_shadow
}
cylinder {
	<40.573627, 39.814484, 58.029507>,  <40.762718, 39.666840, 58.036320>, 0.100000
	pigment { color rgbt <1,0,0,0> }
	no_shadow
}
cylinder {
	<40.573627, 39.814484, 58.029507>,  <40.258480, 40.060558, 58.018150>, 0.100000
	pigment { color rgbt <1,0,0,0> }
	no_shadow
}

// particle -1
sphere {
	<40.573627, 39.814484, 58.029507> 0.100000
	pigment { color rgbt <1,0,0,0> }
	no_shadow
}
sphere {
	0, 1
	scale<0.080000,0.200000,0.300000>
	matrix <-0.033229, 0.003571, 0.999441,
		-0.614941, -0.788376, -0.017628,
		0.787872, -0.615183, 0.028393,
		40.809990, 39.629929, 58.038025>
	pigment { color rgbt <0,1,1,0> }
	no_shadow
}
cylinder {
	<40.032948, 39.440662, 58.397503>,  <40.258480, 40.060558, 58.018150>, 0.130000
	pigment { color rgbt <1,0,0,0> }
	no_shadow
}

// nucleotide -1

// particle -1
sphere {
	<40.032948, 39.440662, 58.397503> 0.250000
	pigment { color rgbt <1,0,0,0> }
	no_shadow
}
cylinder {
	<40.431381, 39.460991, 58.426456>,  <40.670441, 39.473186, 58.443829>, 0.100000
	pigment { color rgbt <1,0,0,0> }
	no_shadow
}
cylinder {
	<40.431381, 39.460991, 58.426456>,  <40.032948, 39.440662, 58.397503>, 0.100000
	pigment { color rgbt <1,0,0,0> }
	no_shadow
}

// particle -1
sphere {
	<40.431381, 39.460991, 58.426456> 0.100000
	pigment { color rgbt <1,0,0,0> }
	no_shadow
}
sphere {
	0, 1
	scale<0.080000,0.200000,0.300000>
	matrix <-0.067050, -0.099797, 0.992746,
		0.057676, -0.993709, -0.095998,
		0.996081, 0.050821, 0.072384,
		40.730206, 39.476238, 58.448170>
	pigment { color rgbt <0,1,1,0> }
	no_shadow
}
cylinder {
	<40.117069, 39.111492, 59.040958>,  <40.032948, 39.440662, 58.397503>, 0.130000
	pigment { color rgbt <1,0,0,0> }
	no_shadow
}

// nucleotide -1

// particle -1
sphere {
	<40.117069, 39.111492, 59.040958> 0.250000
	pigment { color rgbt <1,0,0,0> }
	no_shadow
}
cylinder {
	<40.485107, 39.255455, 58.979122>,  <40.705929, 39.341831, 58.942020>, 0.100000
	pigment { color rgbt <1,0,0,0> }
	no_shadow
}
cylinder {
	<40.485107, 39.255455, 58.979122>,  <40.117069, 39.111492, 59.040958>, 0.100000
	pigment { color rgbt <1,0,0,0> }
	no_shadow
}

// particle -1
sphere {
	<40.485107, 39.255455, 58.979122> 0.100000
	pigment { color rgbt <1,0,0,0> }
	no_shadow
}
sphere {
	0, 1
	scale<0.080000,0.200000,0.300000>
	matrix <0.230980, -0.179790, 0.956203,
		0.316347, -0.915503, -0.248554,
		0.920093, 0.359903, -0.154587,
		40.761135, 39.363426, 58.932747>
	pigment { color rgbt <0,1,1,0> }
	no_shadow
}
cylinder {
	<40.521244, 38.612000, 59.470169>,  <40.117069, 39.111492, 59.040958>, 0.130000
	pigment { color rgbt <1,0,0,0> }
	no_shadow
}

// nucleotide -1

// particle -1
sphere {
	<40.521244, 38.612000, 59.470169> 0.250000
	pigment { color rgbt <1,0,0,0> }
	no_shadow
}
cylinder {
	<40.691845, 38.965004, 59.390900>,  <40.794205, 39.176807, 59.343338>, 0.100000
	pigment { color rgbt <1,0,0,0> }
	no_shadow
}
cylinder {
	<40.691845, 38.965004, 59.390900>,  <40.521244, 38.612000, 59.470169>, 0.100000
	pigment { color rgbt <1,0,0,0> }
	no_shadow
}

// particle -1
sphere {
	<40.691845, 38.965004, 59.390900> 0.100000
	pigment { color rgbt <1,0,0,0> }
	no_shadow
}
sphere {
	0, 1
	scale<0.080000,0.200000,0.300000>
	matrix <0.411716, 0.005664, 0.911294,
