// switches for output
#declare DRAW_BASES = 1; // possible values are 0, 1; only relevant for DNA ribbons
#declare DRAW_BASES_TYPE = 3; // possible values are 1, 2, 3; only relevant for DNA ribbons
#declare DRAW_FOG = 0; // set to 1 to enable fog

#include "colors.inc"

#include "transforms.inc"
background { rgb <1, 1, 1>}

#default {
   normal{
       ripples 0.25
       frequency 0.20
       turbulence 0.2
       lambda 5
   }
	finish {
		phong 0.1
		phong_size 40.
	}
}

// original window dimensions: 1024x640


// camera settings

camera {
	sky <-0, 1, 0>
	up <-0, 1, 0>
	right 1.6 * <0.724836, 0, 0.688921>
	location <12.1561, 44.2, 77.9145>
	look_at <46.7464, 44.2, 41.5209>
	direction <34.5903, 0, -36.3936>
	angle 67.0682
}


# declare cpy_camera_pos = <12.1561, 44.2, 77.9145>;
# if (DRAW_FOG = 1)
fog {
	fog_type 2
	up vnormalize(cpy_camera_pos)
	color rgbt<1,1,1,0.3>
	distance 1e-5
	fog_alt 3e-3
	fog_offset 70.72
}
# end


// LIGHTS

# declare lum = 6;
global_settings {
	ambient_light rgb lum * <0.05, 0.05, 0.05>
	max_trace_level 15
}# declare cpy_direct_light_amount = 0.25;
light_source
{	1000 * <-0.0359156, -1, 1.41376>,
	rgb lum * cpy_direct_light_amount
	parallel
}

light_source
{	1000 * <0.0359156, 1, -1.41376>,
	rgb lum * cpy_direct_light_amount
	parallel
}

// strand 0

// nucleotide -1

// particle -1
sphere {
	<41.035999, 40.383415, 41.486313> 0.250000
	pigment { color rgbt <1,0,0,0> }
	no_shadow
}
cylinder {
	<40.983971, 40.541428, 41.850079>,  <40.952755, 40.636234, 42.068336>, 0.100000
	pigment { color rgbt <1,0,0,0> }
	no_shadow
}
cylinder {
	<40.983971, 40.541428, 41.850079>,  <41.035999, 40.383415, 41.486313>, 0.100000
	pigment { color rgbt <1,0,0,0> }
	no_shadow
}

// particle -1
sphere {
	<40.983971, 40.541428, 41.850079> 0.100000
	pigment { color rgbt <1,0,0,0> }
	no_shadow
}
sphere {
	0, 1
	scale<0.080000,0.200000,0.300000>
	matrix <-0.978329, -0.200162, -0.052979,
		0.161102, -0.896596, 0.412506,
		-0.130069, 0.395032, 0.909413,
		40.944950, 40.659939, 42.122902>
	pigment { color rgbt <0,1,1,0> }
	no_shadow
}
cylinder {
	<40.590942, 39.970161, 41.852398>,  <41.035999, 40.383415, 41.486313>, 0.130000
	pigment { color rgbt <1,0,0,0> }
	no_shadow
}

// nucleotide -1

// particle -1
sphere {
	<40.590942, 39.970161, 41.852398> 0.250000
	pigment { color rgbt <1,0,0,0> }
	no_shadow
}
cylinder {
	<40.587883, 40.313904, 42.056927>,  <40.586048, 40.520149, 42.179646>, 0.100000
	pigment { color rgbt <1,0,0,0> }
	no_shadow
}
cylinder {
	<40.587883, 40.313904, 42.056927>,  <40.590942, 39.970161, 41.852398>, 0.100000
	pigment { color rgbt <1,0,0,0> }
	no_shadow
}

// particle -1
sphere {
	<40.587883, 40.313904, 42.056927> 0.100000
	pigment { color rgbt <1,0,0,0> }
	no_shadow
}
sphere {
	0, 1
	scale<0.080000,0.200000,0.300000>
	matrix <-0.997823, -0.040051, 0.052385,
		0.065496, -0.509807, 0.857792,
		-0.007649, 0.859356, 0.511321,
		40.585587, 40.571709, 42.210323>
	pigment { color rgbt <0,1,1,0> }
	no_shadow
}
cylinder {
	<40.089378, 39.804245, 42.512337>,  <40.590942, 39.970161, 41.852398>, 0.130000
	pigment { color rgbt <1,0,0,0> }
	no_shadow
}

// nucleotide -1

// particle -1
sphere {
	<40.089378, 39.804245, 42.512337> 0.250000
	pigment { color rgbt <1,0,0,0> }
	no_shadow
}
cylinder {
	<40.115665, 40.202293, 42.482925>,  <40.131439, 40.441124, 42.465279>, 0.100000
	pigment { color rgbt <1,0,0,0> }
	no_shadow
}
cylinder {
	<40.115665, 40.202293, 42.482925>,  <40.089378, 39.804245, 42.512337>, 0.100000
	pigment { color rgbt <1,0,0,0> }
	no_shadow
}

// particle -1
sphere {
	<40.115665, 40.202293, 42.482925> 0.100000
	pigment { color rgbt <1,0,0,0> }
	no_shadow
}
sphere {
	0, 1
	scale<0.080000,0.200000,0.300000>
	matrix <-0.990560, 0.073947, 0.115424,
		0.120298, 0.065247, 0.990591,
		0.065720, 0.995126, -0.073527,
		40.135380, 40.500832, 42.460869>
	pigment { color rgbt <0,1,1,0> }
	no_shadow
}
cylinder {
	<39.764378, 40.099945, 43.110439>,  <40.089378, 39.804245, 42.512337>, 0.130000
	pigment { color rgbt <1,0,0,0> }
	no_shadow
}

// nucleotide -1

// particle -1
sphere {
	<39.764378, 40.099945, 43.110439> 0.250000
	pigment { color rgbt <1,0,0,0> }
	no_shadow
}
cylinder {
	<39.747955, 40.403557, 42.850536>,  <39.738102, 40.585724, 42.694595>, 0.100000
	pigment { color rgbt <1,0,0,0> }
	no_shadow
}
cylinder {
	<39.747955, 40.403557, 42.850536>,  <39.764378, 40.099945, 43.110439>, 0.100000
	pigment { color rgbt <1,0,0,0> }
	no_shadow
}

// particle -1
sphere {
	<39.747955, 40.403557, 42.850536> 0.100000
	pigment { color rgbt <1,0,0,0> }
	no_shadow
}
sphere {
	0, 1
	scale<0.080000,0.200000,0.300000>
	matrix <-0.938923, 0.193068, 0.284866,
		0.341669, 0.621771, 0.704743,
		-0.041058, 0.759029, -0.649760,
		39.735638, 40.631268, 42.655609>
	pigment { color rgbt <0,1,1,0> }
	no_shadow
}
cylinder {
	<39.418556, 40.613247, 43.483131>,  <39.764378, 40.099945, 43.110439>, 0.130000
	pigment { color rgbt <1,0,0,0> }
	no_shadow
}

// nucleotide -1

// particle -1
sphere {
	<39.418556, 40.613247, 43.483131> 0.250000
	pigment { color rgbt <1,0,0,0> }
	no_shadow
}
cylinder {
	<39.392357, 40.717422, 43.097824>,  <39.376637, 40.779930, 42.866642>, 0.100000
	pigment { color rgbt <1,0,0,0> }
	no_shadow
}
cylinder {
	<39.392357, 40.717422, 43.097824>,  <39.418556, 40.613247, 43.483131>, 0.100000
	pigment { color rgbt <1,0,0,0> }
	no_shadow
}

// particle -1
sphere {
	<39.392357, 40.717422, 43.097824> 0.100000
	pigment { color rgbt <1,0,0,0> }
	no_shadow
}
sphere {
	0, 1
	scale<0.080000,0.200000,0.300000>
	matrix <-0.957989, 0.253715, 0.133741,
		0.279227, 0.931557, 0.232882,
		-0.065501, 0.260443, -0.963265,
		39.372707, 40.795555, 42.808846>
	pigment { color rgbt <0,1,1,0> }
	no_shadow
}
cylinder {
	<39.090511, 41.231483, 43.484798>,  <39.418556, 40.613247, 43.483131>, 0.130000
	pigment { color rgbt <1,0,0,0> }
	no_shadow
}

// nucleotide -1

// particle -1
sphere {
	<39.090511, 41.231483, 43.484798> 0.250000
	pigment { color rgbt <1,0,0,0> }
	no_shadow
}
cylinder {
	<39.051548, 41.126587, 43.100769>,  <39.028168, 41.063648, 42.870350>, 0.100000
	pigment { color rgbt <1,0,0,0> }
	no_shadow
}
cylinder {
	<39.051548, 41.126587, 43.100769>,  <39.090511, 41.231483, 43.484798>, 0.100000
	pigment { color rgbt <1,0,0,0> }
	no_shadow
}

// particle -1
sphere {
	<39.051548, 41.126587, 43.100769> 0.100000
	pigment { color rgbt <1,0,0,0> }
	no_shadow
}
sphere {
	0, 1
	scale<0.080000,0.200000,0.300000>
	matrix <-0.982173, 0.181161, 0.050170,
		0.160771, 0.947844, -0.275217,
		-0.097412, -0.262245, -0.960072,
		39.022324, 41.047913, 42.812748>
	pigment { color rgbt <0,1,1,0> }
	no_shadow
}
cylinder {
	<38.626823, 41.734020, 43.209949>,  <39.090511, 41.231483, 43.484798>, 0.130000
	pigment { color rgbt <1,0,0,0> }
	no_shadow
}

// nucleotide -1

// particle -1
sphere {
	<38.626823, 41.734020, 43.209949> 0.250000
	pigment { color rgbt <1,0,0,0> }
	no_shadow
}
cylinder {
	<38.596676, 41.428108, 42.954002>,  <38.578587, 41.244560, 42.800434>, 0.100000
	pigment { color rgbt <1,0,0,0> }
	no_shadow
}
cylinder {
	<38.596676, 41.428108, 42.954002>,  <38.626823, 41.734020, 43.209949>, 0.100000
	pigment { color rgbt <1,0,0,0> }
	no_shadow
}

// particle -1
sphere {
	<38.596676, 41.428108, 42.954002> 0.100000
	pigment { color rgbt <1,0,0,0> }
	no_shadow
}
sphere {
	0, 1
	scale<0.080000,0.200000,0.300000>
	matrix <-0.995180, 0.098063, 0.000015,
		0.062737, 0.636789, -0.768481,
		-0.075369, -0.764777, -0.639872,
		38.574066, 41.198677, 42.762039>
	pigment { color rgbt <0,1,1,0> }
	no_shadow
}
cylinder {
	<38.251915, 41.946522, 42.718346>,  <38.626823, 41.734020, 43.209949>, 0.130000
	pigment { color rgbt <1,0,0,0> }
	no_shadow
}

// nucleotide -1

// particle -1
sphere {
	<38.251915, 41.946522, 42.718346> 0.250000
	pigment { color rgbt <1,0,0,0> }
	no_shadow
}
cylinder {
	<38.213409, 41.549370, 42.690266>,  <38.190308, 41.311081, 42.673416>, 0.100000
	pigment { color rgbt <1,0,0,0> }
	no_shadow
}
cylinder {
	<38.213409, 41.549370, 42.690266>,  <38.251915, 41.946522, 42.718346>, 0.100000
	pigment { color rgbt <1,0,0,0> }
	no_shadow
}

// particle -1
sphere {
	<38.213409, 41.549370, 42.690266> 0.100000
	pigment { color rgbt <1,0,0,0> }
	no_shadow
}
sphere {
	0, 1
	scale<0.080000,0.200000,0.300000>
	matrix <-0.987027, 0.104325, -0.122046,
		0.128501, 0.057545, -0.990039,
		-0.096263, -0.992877, -0.070204,
		38.184532, 41.251507, 42.669205>
	pigment { color rgbt <0,1,1,0> }
	no_shadow
}
cylinder {
	<37.896675, 41.984566, 42.149731>,  <38.251915, 41.946522, 42.718346>, 0.130000
	pigment { color rgbt <1,0,0,0> }
	no_shadow
}

// nucleotide -1

// particle -1
sphere {
	<37.896675, 41.984566, 42.149731> 0.250000
	pigment { color rgbt <1,0,0,0> }
	no_shadow
}
cylinder {
	<37.825584, 41.642067, 42.343746>,  <37.782928, 41.436569, 42.460155>, 0.100000
	pigment { color rgbt <1,0,0,0> }
	no_shadow
}
cylinder {
	<37.825584, 41.642067, 42.343746>,  <37.896675, 41.984566, 42.149731>, 0.100000
	pigment { color rgbt <1,0,0,0> }
	no_shadow
}

// particle -1
sphere {
	<37.825584, 41.642067, 42.343746> 0.100000
	pigment { color rgbt <1,0,0,0> }
	no_shadow
}
sphere {
	0, 1
	scale<0.080000,0.200000,0.300000>
	matrix <-0.982373, 0.183391, -0.036219,
		-0.057939, -0.482923, -0.873744,
		-0.177728, -0.856243, 0.485036,
		37.772266, 41.385193, 42.489258>
	pigment { color rgbt <0,1,1,0> }
	no_shadow
}
cylinder {
	<37.339565, 41.593727, 41.780151>,  <37.896675, 41.984566, 42.149731>, 0.130000
	pigment { color rgbt <1,0,0,0> }
	no_shadow
}

// nucleotide -1

// particle -1
sphere {
	<37.339565, 41.593727, 41.780151> 0.250000
	pigment { color rgbt <1,0,0,0> }
	no_shadow
}
cylinder {
	<37.343311, 41.468674, 42.160084>,  <37.345558, 41.393642, 42.388042>, 0.100000
	pigment { color rgbt <1,0,0,0> }
	no_shadow
}
cylinder {
	<37.343311, 41.468674, 42.160084>,  <37.339565, 41.593727, 41.780151>, 0.100000
	pigment { color rgbt <1,0,0,0> }
	no_shadow
}

// particle -1
sphere {
	<37.343311, 41.468674, 42.160084> 0.100000
	pigment { color rgbt <1,0,0,0> }
	no_shadow
}
sphere {
	0, 1
	scale<0.080000,0.200000,0.300000>
	matrix <-0.993541, 0.104515, 0.044200,
		-0.113090, -0.944108, -0.309631,
		0.009368, -0.312630, 0.949829,
		37.346123, 41.374886, 42.445034>
	pigment { color rgbt <0,1,1,0> }
	no_shadow
}
cylinder {
	<36.606377, 41.417389, 41.896679>,  <37.339565, 41.593727, 41.780151>, 0.130000
	pigment { color rgbt <1,0,0,0> }
	no_shadow
}

// nucleotide -1

// particle -1
sphere {
	<36.606377, 41.417389, 41.896679> 0.250000
	pigment { color rgbt <1,0,0,0> }
	no_shadow
}
cylinder {
	<36.775070, 41.444565, 42.258347>,  <36.876286, 41.460873, 42.475346>, 0.100000
	pigment { color rgbt <1,0,0,0> }
	no_shadow
}
cylinder {
	<36.775070, 41.444565, 42.258347>,  <36.606377, 41.417389, 41.896679>, 0.100000
	pigment { color rgbt <1,0,0,0> }
	no_shadow
}

// particle -1
sphere {
	<36.775070, 41.444565, 42.258347> 0.100000
	pigment { color rgbt <1,0,0,0> }
	no_shadow
}
sphere {
	0, 1
	scale<0.080000,0.200000,0.300000>
	matrix <-0.900982, 0.143401, 0.409473,
		-0.101839, -0.987330, 0.121691,
		0.421735, 0.067941, 0.904170,
		36.901592, 41.464947, 42.529598>
	pigment { color rgbt <0,1,1,0> }
	no_shadow
}
cylinder {
	<36.075378, 41.142334, 42.368542>,  <36.606377, 41.417389, 41.896679>, 0.130000
	pigment { color rgbt <1,0,0,0> }
	no_shadow
}

// nucleotide -1

// particle -1
sphere {
	<36.075378, 41.142334, 42.368542> 0.250000
	pigment { color rgbt <1,0,0,0> }
	no_shadow
}
cylinder {
	<36.309017, 41.359901, 42.609535>,  <36.449200, 41.490440, 42.754131>, 0.100000
	pigment { color rgbt <1,0,0,0> }
	no_shadow
}
cylinder {
	<36.309017, 41.359901, 42.609535>,  <36.075378, 41.142334, 42.368542>, 0.100000
	pigment { color rgbt <1,0,0,0> }
	no_shadow
}

// particle -1
sphere {
	<36.309017, 41.359901, 42.609535> 0.100000
	pigment { color rgbt <1,0,0,0> }
	no_shadow
}
sphere {
	0, 1
	scale<0.080000,0.200000,0.300000>
	matrix <-0.784888, 0.189346, 0.589998,
		0.206847, -0.817484, 0.537526,
		0.584093, 0.543937, 0.602468,
		36.484245, 41.523075, 42.790279>
	pigment { color rgbt <0,1,1,0> }
	no_shadow
}
cylinder {
	<36.030582, 40.814362, 43.036308>,  <36.075378, 41.142334, 42.368542>, 0.130000
	pigment { color rgbt <1,0,0,0> }
	no_shadow
}

// nucleotide -1

// particle -1
sphere {
	<36.030582, 40.814362, 43.036308> 0.250000
	pigment { color rgbt <1,0,0,0> }
	no_shadow
}
cylinder {
	<36.207958, 41.143852, 43.177631>,  <36.314384, 41.341549, 43.262424>, 0.100000
	pigment { color rgbt <1,0,0,0> }
	no_shadow
}
cylinder {
	<36.207958, 41.143852, 43.177631>,  <36.030582, 40.814362, 43.036308>, 0.100000
	pigment { color rgbt <1,0,0,0> }
	no_shadow
}

// particle -1
sphere {
	<36.207958, 41.143852, 43.177631> 0.100000
	pigment { color rgbt <1,0,0,0> }
	no_shadow
}
sphere {
	0, 1
	scale<0.080000,0.200000,0.300000>
	matrix <-0.599543, -0.020414, 0.800082,
		0.666265, -0.566613, 0.484810,
		0.443440, 0.823731, 0.353310,
		36.340992, 41.390972, 43.283623>
	pigment { color rgbt <0,1,1,0> }
	no_shadow
}
cylinder {
	<36.250309, 40.656132, 43.723392>,  <36.030582, 40.814362, 43.036308>, 0.130000
	pigment { color rgbt <1,0,0,0> }
	no_shadow
}

// nucleotide -1

// particle -1
sphere {
	<36.250309, 40.656132, 43.723392> 0.250000
	pigment { color rgbt <1,0,0,0> }
	no_shadow
}
cylinder {
	<36.209297, 41.052727, 43.691288>,  <36.184689, 41.290684, 43.672024>, 0.100000
	pigment { color rgbt <1,0,0,0> }
	no_shadow
}
cylinder {
	<36.209297, 41.052727, 43.691288>,  <36.250309, 40.656132, 43.723392>, 0.100000
	pigment { color rgbt <1,0,0,0> }
	no_shadow
}

// particle -1
sphere {
	<36.209297, 41.052727, 43.691288> 0.100000
	pigment { color rgbt <1,0,0,0> }
	no_shadow
}
sphere {
	0, 1
	scale<0.080000,0.200000,0.300000>
	matrix <-0.358963, 0.038368, 0.932563,
		0.927703, 0.124429, 0.351973,
		-0.102533, 0.991486, -0.080260,
		36.178535, 41.350174, 43.667210>
	pigment { color rgbt <0,1,1,0> }
	no_shadow
}
cylinder {
	<36.701859, 40.955994, 44.252094>,  <36.250309, 40.656132, 43.723392>, 0.130000
	pigment { color rgbt <1,0,0,0> }
	no_shadow
}

// nucleotide -1

// particle -1
sphere {
	<36.701859, 40.955994, 44.252094> 0.250000
	pigment { color rgbt <1,0,0,0> }
	no_shadow
}
cylinder {
	<36.429016, 41.229141, 44.147461>,  <36.265312, 41.393028, 44.084682>, 0.100000
	pigment { color rgbt <1,0,0,0> }
	no_shadow
}
cylinder {
	<36.429016, 41.229141, 44.147461>,  <36.701859, 40.955994, 44.252094>, 0.100000
	pigment { color rgbt <1,0,0,0> }
	no_shadow
}

// particle -1
sphere {
	<36.429016, 41.229141, 44.147461> 0.100000
	pigment { color rgbt <1,0,0,0> }
	no_shadow
}
sphere {
	0, 1
	scale<0.080000,0.200000,0.300000>
	matrix <-0.424980, -0.079077, 0.901742,
		0.595087, 0.726248, 0.344144,
		-0.682102, 0.682870, -0.261583,
		36.224384, 41.434002, 44.068985>
	pigment { color rgbt <0,1,1,0> }
	no_shadow
}
cylinder {
	<36.657360, 41.273514, 44.833397>,  <36.701859, 40.955994, 44.252094>, 0.130000
	pigment { color rgbt <1,0,0,0> }
	no_shadow
}

// nucleotide -1

// particle -1
sphere {
	<36.657360, 41.273514, 44.833397> 0.250000
	pigment { color rgbt <1,0,0,0> }
	no_shadow
}
cylinder {
	<36.321598, 41.405022, 44.660278>,  <36.120140, 41.483925, 44.556408>, 0.100000
	pigment { color rgbt <1,0,0,0> }
	no_shadow
}
cylinder {
	<36.321598, 41.405022, 44.660278>,  <36.657360, 41.273514, 44.833397>, 0.100000
	pigment { color rgbt <1,0,0,0> }
	no_shadow
}

// particle -1
sphere {
	<36.321598, 41.405022, 44.660278> 0.100000
	pigment { color rgbt <1,0,0,0> }
	no_shadow
}
sphere {
	0, 1
	scale<0.080000,0.200000,0.300000>
	matrix <-0.485170, -0.094334, 0.869317,
		0.244975, 0.939688, 0.238692,
		-0.839403, 0.328767, -0.432799,
		36.069778, 41.503651, 44.530437>
	pigment { color rgbt <0,1,1,0> }
	no_shadow
}
cylinder {
	<36.332394, 41.765755, 45.310574>,  <36.657360, 41.273514, 44.833397>, 0.130000
	pigment { color rgbt <1,0,0,0> }
	no_shadow
}

// nucleotide -1

// particle -1
sphere {
	<36.332394, 41.765755, 45.310574> 0.250000
	pigment { color rgbt <1,0,0,0> }
	no_shadow
}
cylinder {
	<36.047119, 41.630096, 45.065186>,  <35.875954, 41.548702, 44.917953>, 0.100000
	pigment { color rgbt <1,0,0,0> }
	no_shadow
}
cylinder {
	<36.047119, 41.630096, 45.065186>,  <36.332394, 41.765755, 45.310574>, 0.100000
	pigment { color rgbt <1,0,0,0> }
	no_shadow
}

// particle -1
sphere {
	<36.047119, 41.630096, 45.065186> 0.100000
	pigment { color rgbt <1,0,0,0> }
	no_shadow
}
sphere {
	0, 1
	scale<0.080000,0.200000,0.300000>
	matrix <-0.615912, -0.114683, 0.779423,
		-0.334690, 0.933719, -0.127091,
		-0.713187, -0.339142, -0.613472,
		35.833164, 41.528355, 44.881145>
	pigment { color rgbt <0,1,1,0> }
	no_shadow
}
cylinder {
	<35.703835, 42.075951, 45.629211>,  <36.332394, 41.765755, 45.310574>, 0.130000
	pigment { color rgbt <1,0,0,0> }
	no_shadow
}

// nucleotide -1

// particle -1
sphere {
	<35.703835, 42.075951, 45.629211> 0.250000
	pigment { color rgbt <1,0,0,0> }
	no_shadow
}
cylinder {
	<35.609322, 41.765442, 45.395435>,  <35.552612, 41.579136, 45.255169>, 0.100000
	pigment { color rgbt <1,0,0,0> }
	no_shadow
}
cylinder {
	<35.609322, 41.765442, 45.395435>,  <35.703835, 42.075951, 45.629211>, 0.100000
	pigment { color rgbt <1,0,0,0> }
	no_shadow
}

// particle -1
sphere {
	<35.609322, 41.765442, 45.395435> 0.100000
	pigment { color rgbt <1,0,0,0> }
	no_shadow
}
sphere {
	0, 1
	scale<0.080000,0.200000,0.300000>
	matrix <-0.767837, -0.219432, 0.601893,
		-0.595479, 0.590972, -0.544204,
		-0.236287, -0.776275, -0.584437,
		35.538437, 41.532558, 45.220104>
	pigment { color rgbt <0,1,1,0> }
	no_shadow
}
cylinder {
	<35.016876, 42.164330, 45.544849>,  <35.703835, 42.075951, 45.629211>, 0.130000
	pigment { color rgbt <1,0,0,0> }
	no_shadow
}

// nucleotide -1

// particle -1
sphere {
	<35.016876, 42.164330, 45.544849> 0.250000
	pigment { color rgbt <1,0,0,0> }
	no_shadow
}
cylinder {
	<35.137466, 41.786491, 45.492912>,  <35.209820, 41.559788, 45.461750>, 0.100000
	pigment { color rgbt <1,0,0,0> }
	no_shadow
}
cylinder {
	<35.137466, 41.786491, 45.492912>,  <35.016876, 42.164330, 45.544849>, 0.100000
	pigment { color rgbt <1,0,0,0> }
	no_shadow
}

// particle -1
sphere {
	<35.137466, 41.786491, 45.492912> 0.100000
	pigment { color rgbt <1,0,0,0> }
	no_shadow
}
sphere {
	0, 1
	scale<0.080000,0.200000,0.300000>
	matrix <-0.617948, -0.297273, 0.727853,
		-0.726122, -0.139196, -0.673329,
		0.301476, -0.944592, -0.129841,
		35.227909, 41.503113, 45.453960>
	pigment { color rgbt <0,1,1,0> }
	no_shadow
}
cylinder {
	<34.415466, 41.843437, 45.641312>,  <35.016876, 42.164330, 45.544849>, 0.130000
	pigment { color rgbt <1,0,0,0> }
	no_shadow
}

// nucleotide -1

// particle -1
sphere {
	<34.415466, 41.843437, 45.641312> 0.250000
	pigment { color rgbt <1,0,0,0> }
	no_shadow
}
cylinder {
	<34.688496, 41.554337, 45.684612>,  <34.852314, 41.380875, 45.710594>, 0.100000
	pigment { color rgbt <1,0,0,0> }
	no_shadow
}
cylinder {
	<34.688496, 41.554337, 45.684612>,  <34.415466, 41.843437, 45.641312>, 0.100000
	pigment { color rgbt <1,0,0,0> }
	no_shadow
}

// particle -1
sphere {
	<34.688496, 41.554337, 45.684612> 0.100000
	pigment { color rgbt <1,0,0,0> }
	no_shadow
}
sphere {
	0, 1
	scale<0.080000,0.200000,0.300000>
	matrix <-0.544833, -0.404528, 0.734516,
		-0.487086, -0.560339, -0.669901,
		0.682572, -0.722757, 0.108251,
		34.893269, 41.337509, 45.717087>
	pigment { color rgbt <0,1,1,0> }
	no_shadow
}
cylinder {
	<34.027054, 41.357456, 45.918812>,  <34.415466, 41.843437, 45.641312>, 0.130000
	pigment { color rgbt <1,0,0,0> }
	no_shadow
}

// nucleotide -1

// particle -1
sphere {
	<34.027054, 41.357456, 45.918812> 0.250000
	pigment { color rgbt <1,0,0,0> }
	no_shadow
}
cylinder {
	<34.389046, 41.197311, 45.976379>,  <34.606243, 41.101223, 46.010921>, 0.100000
	pigment { color rgbt <1,0,0,0> }
	no_shadow
}
cylinder {
	<34.389046, 41.197311, 45.976379>,  <34.027054, 41.357456, 45.918812>, 0.100000
	pigment { color rgbt <1,0,0,0> }
	no_shadow
}

// particle -1
sphere {
	<34.389046, 41.197311, 45.976379> 0.100000
	pigment { color rgbt <1,0,0,0> }
	no_shadow
}
sphere {
	0, 1
	scale<0.080000,0.200000,0.300000>
	matrix <-0.372689, -0.582868, 0.722058,
		-0.205200, -0.707088, -0.676698,
		0.904984, -0.400364, 0.143919,
		34.660542, 41.077202, 46.019554>
	pigment { color rgbt <0,1,1,0> }
	no_shadow
}
cylinder {
	<33.983181, 40.604652, 45.813553>,  <34.027054, 41.357456, 45.918812>, 0.130000
	pigment { color rgbt <1,0,0,0> }
	no_shadow
}

// nucleotide -1

// particle -1
sphere {
	<33.983181, 40.604652, 45.813553> 0.250000
	pigment { color rgbt <1,0,0,0> }
	no_shadow
}
cylinder {
	<34.292793, 40.675575, 46.056679>,  <34.478561, 40.718128, 46.202553>, 0.100000
	pigment { color rgbt <1,0,0,0> }
	no_shadow
}
cylinder {
	<34.292793, 40.675575, 46.056679>,  <33.983181, 40.604652, 45.813553>, 0.100000
	pigment { color rgbt <1,0,0,0> }
	no_shadow
}

// particle -1
sphere {
	<34.292793, 40.675575, 46.056679> 0.100000
	pigment { color rgbt <1,0,0,0> }
	no_shadow
}
sphere {
	0, 1
	scale<0.080000,0.200000,0.300000>
	matrix <-0.422213, -0.570830, 0.704194,
		0.471819, -0.801695, -0.366977,
		0.774031, 0.177309, 0.607814,
		34.525002, 40.728767, 46.239021>
	pigment { color rgbt <0,1,1,0> }
	no_shadow
}
cylinder {
	<34.260139, 39.994450, 46.030037>,  <33.983181, 40.604652, 45.813553>, 0.130000
	pigment { color rgbt <1,0,0,0> }
	no_shadow
}

// nucleotide -1

// particle -1
sphere {
	<34.260139, 39.994450, 46.030037> 0.250000
	pigment { color rgbt <1,0,0,0> }
	no_shadow
}
cylinder {
	<34.401047, 40.227379, 46.323109>,  <34.485592, 40.367134, 46.498951>, 0.100000
	pigment { color rgbt <1,0,0,0> }
	no_shadow
}
cylinder {
	<34.401047, 40.227379, 46.323109>,  <34.260139, 39.994450, 46.030037>, 0.100000
	pigment { color rgbt <1,0,0,0> }
	no_shadow
}

// particle -1
sphere {
	<34.401047, 40.227379, 46.323109> 0.100000
	pigment { color rgbt <1,0,0,0> }
	no_shadow
}
sphere {
	0, 1
	scale<0.080000,0.200000,0.300000>
	matrix <-0.244409, -0.698451, 0.672630,
		0.903423, -0.416016, -0.103715,
		0.352265, 0.582320, 0.732675,
		34.506725, 40.402077, 46.542912>
	pigment { color rgbt <0,1,1,0> }
	no_shadow
}
cylinder {
	<34.467461, 39.569786, 46.471668>,  <34.260139, 39.994450, 46.030037>, 0.130000
	pigment { color rgbt <1,0,0,0> }
	no_shadow
}

// nucleotide -1

// particle -1
sphere {
	<34.467461, 39.569786, 46.471668> 0.250000
	pigment { color rgbt <1,0,0,0> }
	no_shadow
}
cylinder {
	<34.459145, 39.905640, 46.688770>,  <34.454155, 40.107151, 46.819031>, 0.100000
	pigment { color rgbt <1,0,0,0> }
	no_shadow
}
cylinder {
	<34.459145, 39.905640, 46.688770>,  <34.467461, 39.569786, 46.471668>, 0.100000
	pigment { color rgbt <1,0,0,0> }
	no_shadow
}

// particle -1
sphere {
	<34.459145, 39.905640, 46.688770> 0.100000
	pigment { color rgbt <1,0,0,0> }
	no_shadow
}
sphere {
	0, 1
	scale<0.080000,0.200000,0.300000>
	matrix <-0.398526, -0.504835, 0.765714,
		0.916921, -0.200384, 0.345111,
		-0.020787, 0.839635, 0.542753,
		34.452908, 40.157532, 46.851597>
	pigment { color rgbt <0,1,1,0> }
	no_shadow
}
cylinder {
	<34.743092, 39.397263, 47.149914>,  <34.467461, 39.569786, 46.471668>, 0.130000
	pigment { color rgbt <1,0,0,0> }
	no_shadow
}

// nucleotide -1

// particle -1
sphere {
	<34.743092, 39.397263, 47.149914> 0.250000
	pigment { color rgbt <1,0,0,0> }
	no_shadow
}
cylinder {
	<34.531784, 39.729248, 47.221581>,  <34.404999, 39.928440, 47.264580>, 0.100000
	pigment { color rgbt <1,0,0,0> }
	no_shadow
}
cylinder {
	<34.531784, 39.729248, 47.221581>,  <34.743092, 39.397263, 47.149914>, 0.100000
	pigment { color rgbt <1,0,0,0> }
	no_shadow
}

// particle -1
sphere {
	<34.531784, 39.729248, 47.221581> 0.100000
	pigment { color rgbt <1,0,0,0> }
	no_shadow
}
sphere {
	0, 1
	scale<0.080000,0.200000,0.300000>
	matrix <-0.382302, -0.420910, 0.822605,
		0.758141, 0.366062, 0.539649,
		-0.528268, 0.829960, 0.179163,
		34.373302, 39.978237, 47.275330>
	pigment { color rgbt <0,1,1,0> }
	no_shadow
}
cylinder {
	<34.795948, 39.544285, 47.830177>,  <34.743092, 39.397263, 47.149914>, 0.130000
	pigment { color rgbt <1,0,0,0> }
	no_shadow
}

// nucleotide -1

// particle -1
sphere {
	<34.795948, 39.544285, 47.830177> 0.250000
	pigment { color rgbt <1,0,0,0> }
	no_shadow
}
cylinder {
	<34.460609, 39.750343, 47.758854>,  <34.259407, 39.873978, 47.716061>, 0.100000
	pigment { color rgbt <1,0,0,0> }
	no_shadow
}
cylinder {
	<34.460609, 39.750343, 47.758854>,  <34.795948, 39.544285, 47.830177>, 0.100000
	pigment { color rgbt <1,0,0,0> }
	no_shadow
}

// particle -1
sphere {
	<34.460609, 39.750343, 47.758854> 0.100000
	pigment { color rgbt <1,0,0,0> }
	no_shadow
}
sphere {
	0, 1
	scale<0.080000,0.200000,0.300000>
	matrix <-0.394425, -0.347423, 0.850721,
		0.376301, 0.783529, 0.494450,
		-0.838347, 0.515150, -0.178308,
		34.209106, 39.904888, 47.705360>
	pigment { color rgbt <0,1,1,0> }
	no_shadow
}
cylinder {
	<34.536171, 39.817650, 48.504536>,  <34.795948, 39.544285, 47.830177>, 0.130000
	pigment { color rgbt <1,0,0,0> }
	no_shadow
}

// nucleotide -1

// particle -1
sphere {
	<34.536171, 39.817650, 48.504536> 0.250000
	pigment { color rgbt <1,0,0,0> }
	no_shadow
}
cylinder {
	<34.224525, 39.839905, 48.254772>,  <34.037540, 39.853260, 48.104912>, 0.100000
	pigment { color rgbt <1,0,0,0> }
	no_shadow
}
cylinder {
	<34.224525, 39.839905, 48.254772>,  <34.536171, 39.817650, 48.504536>, 0.100000
	pigment { color rgbt <1,0,0,0> }
	no_shadow
}

// particle -1
sphere {
	<34.224525, 39.839905, 48.254772> 0.100000
	pigment { color rgbt <1,0,0,0> }
	no_shadow
}
sphere {
	0, 1
	scale<0.080000,0.200000,0.300000>
	matrix <-0.578297, -0.448289, 0.681622,
		-0.241991, 0.892155, 0.381444,
		-0.779110, 0.055642, -0.624413,
		33.990791, 39.856598, 48.067448>
	pigment { color rgbt <0,1,1,0> }
	no_shadow
}
cylinder {
	<34.058548, 40.224564, 48.882092>,  <34.536171, 39.817650, 48.504536>, 0.130000
	pigment { color rgbt <1,0,0,0> }
	no_shadow
}

// nucleotide -1

// particle -1
sphere {
	<34.058548, 40.224564, 48.882092> 0.250000
	pigment { color rgbt <1,0,0,0> }
	no_shadow
}
cylinder {
	<33.840965, 40.042923, 48.599842>,  <33.710415, 39.933941, 48.430492>, 0.100000
	pigment { color rgbt <1,0,0,0> }
	no_shadow
}
cylinder {
	<33.840965, 40.042923, 48.599842>,  <34.058548, 40.224564, 48.882092>, 0.100000
	pigment { color rgbt <1,0,0,0> }
	no_shadow
}

// particle -1
sphere {
	<33.840965, 40.042923, 48.599842> 0.100000
	pigment { color rgbt <1,0,0,0> }
	no_shadow
}
sphere {
	0, 1
	scale<0.080000,0.200000,0.300000>
	matrix <-0.702268, -0.213893, 0.679021,
		-0.459270, 0.864896, -0.202548,
		-0.543959, -0.454097, -0.705623,
		33.677776, 39.906693, 48.388157>
	pigment { color rgbt <0,1,1,0> }
	no_shadow
}
cylinder {
	<33.514111, 40.515141, 48.925495>,  <34.058548, 40.224564, 48.882092>, 0.130000
	pigment { color rgbt <1,0,0,0> }
	no_shadow
}

// nucleotide -1

// particle -1
sphere {
	<33.514111, 40.515141, 48.925495> 0.250000
	pigment { color rgbt <1,0,0,0> }
	no_shadow
}
cylinder {
	<33.434048, 40.158669, 48.762650>,  <33.386009, 39.944786, 48.664944>, 0.100000
	pigment { color rgbt <1,0,0,0> }
	no_shadow
}
cylinder {
	<33.434048, 40.158669, 48.762650>,  <33.514111, 40.515141, 48.925495>, 0.100000
	pigment { color rgbt <1,0,0,0> }
	no_shadow
}

// particle -1
sphere {
	<33.434048, 40.158669, 48.762650> 0.100000
	pigment { color rgbt <1,0,0,0> }
	no_shadow
}
sphere {
	0, 1
	scale<0.080000,0.200000,0.300000>
	matrix <-0.704120, -0.158091, 0.692259,
		-0.681286, 0.425217, -0.595852,
		-0.200161, -0.891177, -0.407110,
		33.374001, 39.891315, 48.640518>
	pigment { color rgbt <0,1,1,0> }
	no_shadow
}
cylinder {
	<32.784904, 40.542503, 48.648418>,  <33.514111, 40.515141, 48.925495>, 0.130000
	pigment { color rgbt <1,0,0,0> }
	no_shadow
}

// nucleotide -1

// particle -1
sphere {
	<32.784904, 40.542503, 48.648418> 0.250000
	pigment { color rgbt <1,0,0,0> }
	no_shadow
}
cylinder {
	<32.907825, 40.168114, 48.717133>,  <32.981579, 39.943478, 48.758362>, 0.100000
	pigment { color rgbt <1,0,0,0> }
	no_shadow
}
cylinder {
	<32.907825, 40.168114, 48.717133>,  <32.784904, 40.542503, 48.648418>, 0.100000
	pigment { color rgbt <1,0,0,0> }
	no_shadow
}

// particle -1
sphere {
	<32.907825, 40.168114, 48.717133> 0.100000
	pigment { color rgbt <1,0,0,0> }
	no_shadow
}
sphere {
	0, 1
	scale<0.080000,0.200000,0.300000>
	matrix <-0.802023, -0.157582, 0.576131,
		-0.512176, -0.314823, -0.799101,
		0.307303, -0.935978, 0.171786,
		33.000015, 39.887321, 48.768669>
	pigment { color rgbt <0,1,1,0> }
	no_shadow
}
cylinder {
	<32.161514, 40.141056, 48.616138>,  <32.784904, 40.542503, 48.648418>, 0.130000
	pigment { color rgbt <1,0,0,0> }
	no_shadow
}

// nucleotide -1

// particle -1
sphere {
	<32.161514, 40.141056, 48.616138> 0.250000
	pigment { color rgbt <1,0,0,0> }
	no_shadow
}
cylinder {
	<32.397182, 39.888481, 48.817799>,  <32.538582, 39.736935, 48.938793>, 0.100000
	pigment { color rgbt <1,0,0,0> }
	no_shadow
}
cylinder {
	<32.397182, 39.888481, 48.817799>,  <32.161514, 40.141056, 48.616138>, 0.100000
	pigment { color rgbt <1,0,0,0> }
	no_shadow
}

// particle -1
sphere {
	<32.397182, 39.888481, 48.817799> 0.100000
	pigment { color rgbt <1,0,0,0> }
	no_shadow
}
sphere {
	0, 1
	scale<0.080000,0.200000,0.300000>
	matrix <-0.762080, -0.226882, 0.606431,
		-0.268546, -0.741488, -0.614881,
		0.589167, -0.631443, 0.504145,
		32.573933, 39.699051, 48.969044>
	pigment { color rgbt <0,1,1,0> }
	no_shadow
}
cylinder {
	<31.818050, 39.422039, 48.655758>,  <32.161514, 40.141056, 48.616138>, 0.130000
	pigment { color rgbt <1,0,0,0> }
	no_shadow
}

// nucleotide -1

// particle -1
sphere {
	<31.818050, 39.422039, 48.655758> 0.250000
	pigment { color rgbt <1,0,0,0> }
	no_shadow
}
cylinder {
	<32.074688, 39.417107, 48.962536>,  <32.228672, 39.414146, 49.146603>, 0.100000
	pigment { color rgbt <1,0,0,0> }
	no_shadow
}
cylinder {
	<32.074688, 39.417107, 48.962536>,  <31.818050, 39.422039, 48.655758>, 0.100000
	pigment { color rgbt <1,0,0,0> }
	no_shadow
}

// particle -1
sphere {
	<32.074688, 39.417107, 48.962536> 0.100000
	pigment { color rgbt <1,0,0,0> }
	no_shadow
}
sphere {
	0, 1
	scale<0.080000,0.200000,0.300000>
	matrix <-0.721331, -0.349715, 0.597814,
		0.260840, -0.936775, -0.233271,
		0.641595, -0.012332, 0.766944,
		32.267166, 39.413406, 49.192619>
	pigment { color rgbt <0,1,1,0> }
	no_shadow
}
cylinder {
	<31.649435, 38.778690, 49.054420>,  <31.818050, 39.422039, 48.655758>, 0.130000
	pigment { color rgbt <1,0,0,0> }
	no_shadow
}

// nucleotide -1

// particle -1
sphere {
	<31.649435, 38.778690, 49.054420> 0.250000
	pigment { color rgbt <1,0,0,0> }
	no_shadow
}
cylinder {
	<31.879175, 38.984276, 49.309280>,  <32.017021, 39.107628, 49.462196>, 0.100000
	pigment { color rgbt <1,0,0,0> }
	no_shadow
}
cylinder {
	<31.879175, 38.984276, 49.309280>,  <31.649435, 38.778690, 49.054420>, 0.100000
	pigment { color rgbt <1,0,0,0> }
	no_shadow
}

// particle -1
sphere {
	<31.879175, 38.984276, 49.309280> 0.100000
	pigment { color rgbt <1,0,0,0> }
	no_shadow
}
sphere {
	0, 1
	scale<0.080000,0.200000,0.300000>
	matrix <-0.623888, -0.229079, 0.747185,
		0.529984, -0.826659, 0.189083,
		0.574352, 0.513963, 0.637151,
		32.051479, 39.138466, 49.500427>
	pigment { color rgbt <0,1,1,0> }
	no_shadow
}
cylinder {
	<31.709234, 38.360695, 49.678600>,  <31.649435, 38.778690, 49.054420>, 0.130000
	pigment { color rgbt <1,0,0,0> }
	no_shadow
}

// nucleotide -1

// particle -1
sphere {
	<31.709234, 38.360695, 49.678600> 0.250000
	pigment { color rgbt <1,0,0,0> }
	no_shadow
}
cylinder {
	<31.783062, 38.738525, 49.787201>,  <31.827358, 38.965221, 49.852360>, 0.100000
	pigment { color rgbt <1,0,0,0> }
	no_shadow
}
cylinder {
	<31.783062, 38.738525, 49.787201>,  <31.709234, 38.360695, 49.678600>, 0.100000
	pigment { color rgbt <1,0,0,0> }
	no_shadow
}

// particle -1
sphere {
	<31.783062, 38.738525, 49.787201> 0.100000
	pigment { color rgbt <1,0,0,0> }
	no_shadow
}
sphere {
	0, 1
	scale<0.080000,0.200000,0.300000>
	matrix <-0.736107, -0.050185, 0.675003,
		0.651216, -0.324439, 0.686045,
		0.184568, 0.944575, 0.271502,
		31.838432, 39.021896, 49.868652>
	pigment { color rgbt <0,1,1,0> }
	no_shadow
}
cylinder {
	<31.923380, 38.337936, 50.423191>,  <31.709234, 38.360695, 49.678600>, 0.130000
	pigment { color rgbt <1,0,0,0> }
	no_shadow
}

// nucleotide -1

// particle -1
sphere {
	<31.923380, 38.337936, 50.423191> 0.250000
	pigment { color rgbt <1,0,0,0> }
	no_shadow
}
cylinder {
	<31.835859, 38.725014, 50.373070>,  <31.783346, 38.957260, 50.342995>, 0.100000
	pigment { color rgbt <1,0,0,0> }
	no_shadow
}
cylinder {
	<31.835859, 38.725014, 50.373070>,  <31.923380, 38.337936, 50.423191>, 0.100000
	pigment { color rgbt <1,0,0,0> }
	no_shadow
}

// particle -1
sphere {
	<31.835859, 38.725014, 50.373070> 0.100000
	pigment { color rgbt <1,0,0,0> }
	no_shadow
}
sphere {
	0, 1
	scale<0.080000,0.200000,0.300000>
	matrix <-0.640188, -0.045450, 0.766873,
		0.736400, 0.248015, 0.629448,
		-0.218804, 0.967689, -0.125307,
		31.770218, 39.015320, 50.335476>
	pigment { color rgbt <0,1,1,0> }
	no_shadow
}
cylinder {
	<32.010021, 38.542110, 51.082947>,  <31.923380, 38.337936, 50.423191>, 0.130000
	pigment { color rgbt <1,0,0,0> }
	no_shadow
}

// nucleotide -1

// particle -1
sphere {
	<32.010021, 38.542110, 51.082947> 0.250000
	pigment { color rgbt <1,0,0,0> }
	no_shadow
}
cylinder {
	<31.779163, 38.795982, 50.877392>,  <31.640648, 38.948307, 50.754059>, 0.100000
	pigment { color rgbt <1,0,0,0> }
	no_shadow
}
cylinder {
	<31.779163, 38.795982, 50.877392>,  <32.010021, 38.542110, 51.082947>, 0.100000
	pigment { color rgbt <1,0,0,0> }
	no_shadow
}

// particle -1
sphere {
	<31.779163, 38.795982, 50.877392> 0.100000
	pigment { color rgbt <1,0,0,0> }
	no_shadow
}
sphere {
	0, 1
	scale<0.080000,0.200000,0.300000>
	matrix <-0.652920, 0.019343, 0.757180,
		0.490507, 0.772533, 0.403231,
		-0.577147, 0.634680, -0.513890,
		31.606020, 38.986385, 50.723225>
	pigment { color rgbt <0,1,1,0> }
	no_shadow
}
cylinder {
	<31.953753, 39.053532, 51.572754>,  <32.010021, 38.542110, 51.082947>, 0.130000
	pigment { color rgbt <1,0,0,0> }
	no_shadow
}

// nucleotide -1

// particle -1
sphere {
	<31.953753, 39.053532, 51.572754> 0.250000
	pigment { color rgbt <1,0,0,0> }
	no_shadow
}
cylinder {
	<31.658903, 39.128319, 51.313004>,  <31.481995, 39.173191, 51.157154>, 0.100000
	pigment { color rgbt <1,0,0,0> }
	no_shadow
}
cylinder {
	<31.658903, 39.128319, 51.313004>,  <31.953753, 39.053532, 51.572754>, 0.100000
	pigment { color rgbt <1,0,0,0> }
	no_shadow
}

// particle -1
sphere {
	<31.658903, 39.128319, 51.313004> 0.100000
	pigment { color rgbt <1,0,0,0> }
	no_shadow
}
sphere {
	0, 1
	scale<0.080000,0.200000,0.300000>
	matrix <-0.634111, 0.140766, 0.760321,
		0.233567, 0.972228, 0.014798,
		-0.737122, 0.186970, -0.649379,
		31.437767, 39.184410, 51.118191>
	pigment { color rgbt <0,1,1,0> }
	no_shadow
}
cylinder {
	<31.632250, 39.684784, 51.853115>,  <31.953753, 39.053532, 51.572754>, 0.130000
	pigment { color rgbt <1,0,0,0> }
	no_shadow
}

// nucleotide -1

// particle -1
sphere {
	<31.632250, 39.684784, 51.853115> 0.250000
	pigment { color rgbt <1,0,0,0> }
	no_shadow
}
cylinder {
	<31.367342, 39.460403, 51.654427>,  <31.208397, 39.325775, 51.535213>, 0.100000
	pigment { color rgbt <1,0,0,0> }
	no_shadow
}
cylinder {
	<31.367342, 39.460403, 51.654427>,  <31.632250, 39.684784, 51.853115>, 0.100000
	pigment { color rgbt <1,0,0,0> }
	no_shadow
}

// particle -1
sphere {
	<31.367342, 39.460403, 51.654427> 0.100000
	pigment { color rgbt <1,0,0,0> }
	no_shadow
}
sphere {
	0, 1
	scale<0.080000,0.200000,0.300000>
	matrix <-0.702288, 0.233686, 0.672445,
		-0.261133, 0.794181, -0.548714,
		-0.662270, -0.560953, -0.496720,
		31.168661, 39.292118, 51.505409>
	pigment { color rgbt <0,1,1,0> }
	no_shadow
}
cylinder {
	<30.995356, 40.115353, 51.968567>,  <31.632250, 39.684784, 51.853115>, 0.130000
	pigment { color rgbt <1,0,0,0> }
	no_shadow
}

// nucleotide -1

// particle -1
sphere {
	<30.995356, 40.115353, 51.968567> 0.250000
	pigment { color rgbt <1,0,0,0> }
	no_shadow
}
cylinder {
	<30.859961, 39.759590, 51.845680>,  <30.778723, 39.546131, 51.771950>, 0.100000
	pigment { color rgbt <1,0,0,0> }
	no_shadow
}
cylinder {
	<30.859961, 39.759590, 51.845680>,  <30.995356, 40.115353, 51.968567>, 0.100000
	pigment { color rgbt <1,0,0,0> }
	no_shadow
}

// particle -1
sphere {
	<30.859961, 39.759590, 51.845680> 0.100000
	pigment { color rgbt <1,0,0,0> }
	no_shadow
}
sphere {
	0, 1
	scale<0.080000,0.200000,0.300000>
	matrix <-0.564881, -0.069049, 0.822278,
		-0.752553, 0.451872, -0.479037,
		-0.338487, -0.889407, -0.307217,
		30.758415, 39.492767, 51.753517>
	pigment { color rgbt <0,1,1,0> }
	no_shadow
}
cylinder {
	<30.162327, 40.123795, 51.890602>,  <30.995356, 40.115353, 51.968567>, 0.130000
	pigment { color rgbt <1,0,0,0> }
	no_shadow
}

// nucleotide -1

// particle -1
sphere {
	<30.162327, 40.123795, 51.890602> 0.250000
	pigment { color rgbt <1,0,0,0> }
	no_shadow
}
cylinder {
	<30.300930, 39.757111, 51.970184>,  <30.384092, 39.537102, 52.017933>, 0.100000
	pigment { color rgbt <1,0,0,0> }
	no_shadow
}
cylinder {
	<30.300930, 39.757111, 51.970184>,  <30.162327, 40.123795, 51.890602>, 0.100000
	pigment { color rgbt <1,0,0,0> }
	no_shadow
}

// particle -1
sphere {
	<30.300930, 39.757111, 51.970184> 0.100000
	pigment { color rgbt <1,0,0,0> }
	no_shadow
}
sphere {
	0, 1
	scale<0.080000,0.200000,0.300000>
	matrix <-0.577204, -0.041176, 0.815561,
		-0.739438, -0.397436, -0.543394,
		0.346508, -0.916705, 0.198954,
		30.404882, 39.482098, 52.029869>
	pigment { color rgbt <0,1,1,0> }
	no_shadow
}
cylinder {
	<29.545712, 39.705891, 51.988167>,  <30.162327, 40.123795, 51.890602>, 0.130000
	pigment { color rgbt <1,0,0,0> }
	no_shadow
}

// nucleotide -1

// particle -1
sphere {
	<29.545712, 39.705891, 51.988167> 0.250000
	pigment { color rgbt <1,0,0,0> }
	no_shadow
}
cylinder {
	<29.840601, 39.487373, 52.147194>,  <30.017534, 39.356262, 52.242611>, 0.100000
	pigment { color rgbt <1,0,0,0> }
	no_shadow
}
cylinder {
	<29.840601, 39.487373, 52.147194>,  <29.545712, 39.705891, 51.988167>, 0.100000
	pigment { color rgbt <1,0,0,0> }
	no_shadow
}

// particle -1
sphere {
	<29.840601, 39.487373, 52.147194> 0.100000
	pigment { color rgbt <1,0,0,0> }
	no_shadow
}
sphere {
	0, 1
	scale<0.080000,0.200000,0.300000>
	matrix <-0.564042, -0.173666, 0.807278,
		-0.371971, -0.819388, -0.436166,
		0.737221, -0.546299, 0.397570,
		30.061768, 39.323483, 52.266464>
	pigment { color rgbt <0,1,1,0> }
	no_shadow
}
cylinder {
	<29.205366, 39.009136, 52.280758>,  <29.545712, 39.705891, 51.988167>, 0.130000
	pigment { color rgbt <1,0,0,0> }
	no_shadow
}

// nucleotide -1

// particle -1
sphere {
	<29.205366, 39.009136, 52.280758> 0.250000
	pigment { color rgbt <1,0,0,0> }
	no_shadow
}
cylinder {
	<29.551844, 39.015839, 52.480530>,  <29.759729, 39.019859, 52.600391>, 0.100000
	pigment { color rgbt <1,0,0,0> }
	no_shadow
}
cylinder {
	<29.551844, 39.015839, 52.480530>,  <29.205366, 39.009136, 52.280758>, 0.100000
	pigment { color rgbt <1,0,0,0> }
	no_shadow
}

// particle -1
sphere {
	<29.551844, 39.015839, 52.480530> 0.100000
	pigment { color rgbt <1,0,0,0> }
	no_shadow
}
sphere {
	0, 1
	scale<0.080000,0.200000,0.300000>
	matrix <-0.492440, -0.141234, 0.858811,
		0.084927, -0.989834, -0.114084,
		0.866193, 0.016757, 0.499428,
		29.811701, 39.020866, 52.630360>
	pigment { color rgbt <0,1,1,0> }
	no_shadow
}
cylinder {
	<29.266302, 38.391537, 52.542198>,  <29.205366, 39.009136, 52.280758>, 0.130000
	pigment { color rgbt <1,0,0,0> }
	no_shadow
}

// nucleotide -1

// particle -1
sphere {
	<29.266302, 38.391537, 52.542198> 0.250000
	pigment { color rgbt <1,0,0,0> }
	no_shadow
}
cylinder {
	<29.481758, 38.638603, 52.771408>,  <29.611031, 38.786842, 52.908932>, 0.100000
	pigment { color rgbt <1,0,0,0> }
	no_shadow
}
cylinder {
	<29.481758, 38.638603, 52.771408>,  <29.266302, 38.391537, 52.542198>, 0.100000
	pigment { color rgbt <1,0,0,0> }
	no_shadow
}

// particle -1
sphere {
	<29.481758, 38.638603, 52.771408> 0.100000
	pigment { color rgbt <1,0,0,0> }
	no_shadow
}
sphere {
	0, 1
	scale<0.080000,0.200000,0.300000>
