// switches for output
#declare DRAW_BASES = 1; // possible values are 0, 1; only relevant for DNA ribbons
#declare DRAW_BASES_TYPE = 3; // possible values are 1, 2, 3; only relevant for DNA ribbons
#declare DRAW_FOG = 0; // set to 1 to enable fog

#include "colors.inc"

#include "transforms.inc"
background { rgb <1, 1, 1>}

#default {
   normal{
       ripples 0.25
       frequency 0.20
       turbulence 0.2
       lambda 5
   }
	finish {
		phong 0.1
		phong_size 40.
	}
}

// original window dimensions: 1024x640


// camera settings

camera {
	sky <-0, 1, 0>
	up <-0, 1, 0>
	right 1.6 * <0.724836, 0, 0.688921>
	location <12.1561, 44.2, 77.9145>
	look_at <46.7464, 44.2, 41.5209>
	direction <34.5903, 0, -36.3936>
	angle 67.0682
}


# declare cpy_camera_pos = <12.1561, 44.2, 77.9145>;
# if (DRAW_FOG = 1)
fog {
	fog_type 2
	up vnormalize(cpy_camera_pos)
	color rgbt<1,1,1,0.3>
	distance 1e-5
	fog_alt 3e-3
	fog_offset 70.72
}
# end


// LIGHTS

# declare lum = 6;
global_settings {
	ambient_light rgb lum * <0.05, 0.05, 0.05>
	max_trace_level 15
}# declare cpy_direct_light_amount = 0.25;
light_source
{	1000 * <-0.0359156, -1, 1.41376>,
	rgb lum * cpy_direct_light_amount
	parallel
}

light_source
{	1000 * <0.0359156, 1, -1.41376>,
	rgb lum * cpy_direct_light_amount
	parallel
}

// strand 0

// nucleotide -1

// particle -1
sphere {
	<48.280228, 41.132629, 45.681656> 0.250000
	pigment { color rgbt <1,0,0,0> }
	no_shadow
}
cylinder {
	<48.415192, 41.490791, 45.797863>,  <48.496170, 41.705688, 45.867588>, 0.100000
	pigment { color rgbt <1,0,0,0> }
	no_shadow
}
cylinder {
	<48.415192, 41.490791, 45.797863>,  <48.280228, 41.132629, 45.681656>, 0.100000
	pigment { color rgbt <1,0,0,0> }
	no_shadow
}

// particle -1
sphere {
	<48.415192, 41.490791, 45.797863> 0.100000
	pigment { color rgbt <1,0,0,0> }
	no_shadow
}
sphere {
	0, 1
	scale<0.080000,0.200000,0.300000>
	matrix <-0.160512, -0.249375, 0.955012,
		0.927572, -0.368864, 0.059582,
		0.337411, 0.895406, 0.290521,
		48.516415, 41.759415, 45.885017>
	pigment { color rgbt <0,1,1,0> }
	no_shadow
}
cylinder {
	<48.647491, 41.001705, 46.222439>,  <48.280228, 41.132629, 45.681656>, 0.130000
	pigment { color rgbt <1,0,0,0> }
	no_shadow
}

// nucleotide -1

// particle -1
sphere {
	<48.647491, 41.001705, 46.222439> 0.250000
	pigment { color rgbt <1,0,0,0> }
	no_shadow
}
cylinder {
	<48.564964, 41.391006, 46.262863>,  <48.515450, 41.624588, 46.287117>, 0.100000
	pigment { color rgbt <1,0,0,0> }
	no_shadow
}
cylinder {
	<48.564964, 41.391006, 46.262863>,  <48.647491, 41.001705, 46.222439>, 0.100000
	pigment { color rgbt <1,0,0,0> }
	no_shadow
}

// particle -1
sphere {
	<48.564964, 41.391006, 46.262863> 0.100000
	pigment { color rgbt <1,0,0,0> }
	no_shadow
}
sphere {
	0, 1
	scale<0.080000,0.200000,0.300000>
	matrix <0.053583, -0.091892, 0.994326,
		0.977018, 0.210559, -0.033191,
		-0.206314, 0.973253, 0.101062,
		48.503071, 41.682983, 46.293182>
	pigment { color rgbt <0,1,1,0> }
	no_shadow
}
cylinder {
	<49.140289, 41.157070, 46.642799>,  <48.647491, 41.001705, 46.222439>, 0.130000
	pigment { color rgbt <1,0,0,0> }
	no_shadow
}

// nucleotide -1

// particle -1
sphere {
	<49.140289, 41.157070, 46.642799> 0.250000
	pigment { color rgbt <1,0,0,0> }
	no_shadow
}
cylinder {
	<48.867111, 41.447815, 46.671810>,  <48.703205, 41.622261, 46.689217>, 0.100000
	pigment { color rgbt <1,0,0,0> }
	no_shadow
}
cylinder {
	<48.867111, 41.447815, 46.671810>,  <49.140289, 41.157070, 46.642799>, 0.100000
	pigment { color rgbt <1,0,0,0> }
	no_shadow
}

// particle -1
sphere {
	<48.867111, 41.447815, 46.671810> 0.100000
	pigment { color rgbt <1,0,0,0> }
	no_shadow
}
sphere {
	0, 1
	scale<0.080000,0.200000,0.300000>
	matrix <-0.013426, -0.111760, 0.993644,
		0.730346, 0.677632, 0.086084,
		-0.682946, 0.726860, 0.072526,
		48.662228, 41.665874, 46.693569>
	pigment { color rgbt <0,1,1,0> }
	no_shadow
}
cylinder {
	<49.339439, 41.582657, 47.225147>,  <49.140289, 41.157070, 46.642799>, 0.130000
	pigment { color rgbt <1,0,0,0> }
	no_shadow
}

// nucleotide -1

// particle -1
sphere {
	<49.339439, 41.582657, 47.225147> 0.250000
	pigment { color rgbt <1,0,0,0> }
	no_shadow
}
cylinder {
	<48.959259, 41.690819, 47.163799>,  <48.731152, 41.755714, 47.126991>, 0.100000
	pigment { color rgbt <1,0,0,0> }
	no_shadow
}
cylinder {
	<48.959259, 41.690819, 47.163799>,  <49.339439, 41.582657, 47.225147>, 0.100000
	pigment { color rgbt <1,0,0,0> }
	no_shadow
}

// particle -1
sphere {
	<48.959259, 41.690819, 47.163799> 0.100000
	pigment { color rgbt <1,0,0,0> }
	no_shadow
}
sphere {
	0, 1
	scale<0.080000,0.200000,0.300000>
	matrix <-0.152664, 0.023766, 0.987992,
		0.270804, 0.962453, 0.018693,
		-0.950452, 0.270406, -0.153368,
		48.674122, 41.771942, 47.117790>
	pigment { color rgbt <0,1,1,0> }
	no_shadow
}
cylinder {
	<49.214890, 41.996372, 47.787724>,  <49.339439, 41.582657, 47.225147>, 0.130000
	pigment { color rgbt <1,0,0,0> }
	no_shadow
}

// nucleotide -1

// particle -1
sphere {
	<49.214890, 41.996372, 47.787724> 0.250000
	pigment { color rgbt <1,0,0,0> }
	no_shadow
}
cylinder {
	<48.849648, 41.885704, 47.667927>,  <48.630501, 41.819305, 47.596050>, 0.100000
	pigment { color rgbt <1,0,0,0> }
	no_shadow
}
cylinder {
	<48.849648, 41.885704, 47.667927>,  <49.214890, 41.996372, 47.787724>, 0.100000
	pigment { color rgbt <1,0,0,0> }
	no_shadow
}

// particle -1
sphere {
	<48.849648, 41.885704, 47.667927> 0.100000
	pigment { color rgbt <1,0,0,0> }
	no_shadow
}
sphere {
	0, 1
	scale<0.080000,0.200000,0.300000>
	matrix <-0.319075, 0.027593, 0.947328,
		-0.253831, 0.960570, -0.113474,
		-0.913105, -0.276668, -0.299490,
		48.575714, 41.802704, 47.578079>
	pigment { color rgbt <0,1,1,0> }
	no_shadow
}
cylinder {
	<48.798512, 42.437611, 48.149899>,  <49.214890, 41.996372, 47.787724>, 0.130000
	pigment { color rgbt <1,0,0,0> }
	no_shadow
}

// nucleotide -1

// particle -1
sphere {
	<48.798512, 42.437611, 48.149899> 0.250000
	pigment { color rgbt <1,0,0,0> }
	no_shadow
}
cylinder {
	<48.559113, 42.147614, 48.013550>,  <48.415474, 41.973618, 47.931740>, 0.100000
	pigment { color rgbt <1,0,0,0> }
	no_shadow
}
cylinder {
	<48.559113, 42.147614, 48.013550>,  <48.798512, 42.437611, 48.149899>, 0.100000
	pigment { color rgbt <1,0,0,0> }
	no_shadow
}

// particle -1
sphere {
	<48.559113, 42.147614, 48.013550> 0.100000
	pigment { color rgbt <1,0,0,0> }
	no_shadow
}
sphere {
	0, 1
	scale<0.080000,0.200000,0.300000>
	matrix <-0.531749, 0.041249, 0.845897,
		-0.599204, 0.687525, -0.410199,
		-0.598496, -0.724988, -0.340875,
		48.379562, 41.930119, 47.911289>
	pigment { color rgbt <0,1,1,0> }
	no_shadow
}
cylinder {
	<48.094574, 42.680996, 48.238998>,  <48.798512, 42.437611, 48.149899>, 0.130000
	pigment { color rgbt <1,0,0,0> }
	no_shadow
}

// nucleotide -1

// particle -1
sphere {
	<48.094574, 42.680996, 48.238998> 0.250000
	pigment { color rgbt <1,0,0,0> }
	no_shadow
}
cylinder {
	<48.099800, 42.281151, 48.229240>,  <48.102936, 42.041245, 48.223385>, 0.100000
	pigment { color rgbt <1,0,0,0> }
	no_shadow
}
cylinder {
	<48.099800, 42.281151, 48.229240>,  <48.094574, 42.680996, 48.238998>, 0.100000
	pigment { color rgbt <1,0,0,0> }
	no_shadow
}

// particle -1
sphere {
	<48.099800, 42.281151, 48.229240> 0.100000
	pigment { color rgbt <1,0,0,0> }
	no_shadow
}
sphere {
	0, 1
	scale<0.080000,0.200000,0.300000>
	matrix <-0.448528, -0.027665, 0.893341,
		-0.893673, -0.000735, -0.448718,
		0.013070, -0.999617, -0.024394,
		48.103722, 41.981266, 48.221924>
	pigment { color rgbt <0,1,1,0> }
	no_shadow
}
cylinder {
	<47.385605, 42.451576, 48.375172>,  <48.094574, 42.680996, 48.238998>, 0.130000
	pigment { color rgbt <1,0,0,0> }
	no_shadow
}

// nucleotide -1

// particle -1
sphere {
	<47.385605, 42.451576, 48.375172> 0.250000
	pigment { color rgbt <1,0,0,0> }
	no_shadow
}
cylinder {
	<47.592010, 42.117058, 48.449299>,  <47.715855, 41.916348, 48.493774>, 0.100000
	pigment { color rgbt <1,0,0,0> }
	no_shadow
}
cylinder {
	<47.592010, 42.117058, 48.449299>,  <47.385605, 42.451576, 48.375172>, 0.100000
	pigment { color rgbt <1,0,0,0> }
	no_shadow
}

// particle -1
sphere {
	<47.592010, 42.117058, 48.449299> 0.100000
	pigment { color rgbt <1,0,0,0> }
	no_shadow
}
sphere {
	0, 1
	scale<0.080000,0.200000,0.300000>
	matrix <-0.426412, -0.063160, 0.902321,
		-0.742901, -0.544632, -0.389197,
		0.516014, -0.836294, 0.185316,
		47.746815, 41.866169, 48.504894>
	pigment { color rgbt <0,1,1,0> }
	no_shadow
}
cylinder {
	<46.905529, 41.989925, 48.580677>,  <47.385605, 42.451576, 48.375172>, 0.130000
	pigment { color rgbt <1,0,0,0> }
	no_shadow
}

// nucleotide -1

// particle -1
sphere {
	<46.905529, 41.989925, 48.580677> 0.250000
	pigment { color rgbt <1,0,0,0> }
	no_shadow
}
cylinder {
	<47.254318, 41.864494, 48.731056>,  <47.463593, 41.789238, 48.821285>, 0.100000
	pigment { color rgbt <1,0,0,0> }
	no_shadow
}
cylinder {
	<47.254318, 41.864494, 48.731056>,  <46.905529, 41.989925, 48.580677>, 0.100000
	pigment { color rgbt <1,0,0,0> }
	no_shadow
}

// particle -1
sphere {
	<47.254318, 41.864494, 48.731056> 0.100000
	pigment { color rgbt <1,0,0,0> }
	no_shadow
}
sphere {
	0, 1
	scale<0.080000,0.200000,0.300000>
	matrix <-0.452639, -0.223841, 0.863141,
		-0.186497, -0.922807, -0.337115,
		0.871973, -0.313565, 0.375952,
		47.515911, 41.770420, 48.843842>
	pigment { color rgbt <0,1,1,0> }
	no_shadow
}
cylinder {
	<46.747627, 41.374760, 49.053780>,  <46.905529, 41.989925, 48.580677>, 0.130000
	pigment { color rgbt <1,0,0,0> }
	no_shadow
}

// nucleotide -1

// particle -1
sphere {
	<46.747627, 41.374760, 49.053780> 0.250000
	pigment { color rgbt <1,0,0,0> }
	no_shadow
}
cylinder {
	<47.106560, 41.527771, 49.141846>,  <47.321918, 41.619576, 49.194687>, 0.100000
	pigment { color rgbt <1,0,0,0> }
	no_shadow
}
cylinder {
	<47.106560, 41.527771, 49.141846>,  <46.747627, 41.374760, 49.053780>, 0.100000
	pigment { color rgbt <1,0,0,0> }
	no_shadow
}

// particle -1
sphere {
	<47.106560, 41.527771, 49.141846> 0.100000
	pigment { color rgbt <1,0,0,0> }
	no_shadow
}
sphere {
	0, 1
	scale<0.080000,0.200000,0.300000>
	matrix <-0.208346, -0.072629, 0.975355,
		0.389089, -0.921085, 0.014525,
		0.897330, 0.382526, 0.220164,
		47.375759, 41.642529, 49.207893>
	pigment { color rgbt <0,1,1,0> }
	no_shadow
}
cylinder {
	<46.934971, 41.023113, 49.698006>,  <46.747627, 41.374760, 49.053780>, 0.130000
	pigment { color rgbt <1,0,0,0> }
	no_shadow
}

// nucleotide -1

// particle -1
sphere {
	<46.934971, 41.023113, 49.698006> 0.250000
	pigment { color rgbt <1,0,0,0> }
	no_shadow
}
cylinder {
	<47.180344, 41.338013, 49.672890>,  <47.327568, 41.526951, 49.657822>, 0.100000
	pigment { color rgbt <1,0,0,0> }
	no_shadow
}
cylinder {
	<47.180344, 41.338013, 49.672890>,  <46.934971, 41.023113, 49.698006>, 0.100000
	pigment { color rgbt <1,0,0,0> }
	no_shadow
}

// particle -1
sphere {
	<47.180344, 41.338013, 49.672890> 0.100000
	pigment { color rgbt <1,0,0,0> }
	no_shadow
}
sphere {
	0, 1
	scale<0.080000,0.200000,0.300000>
	matrix <-0.016309, 0.092118, 0.995615,
		0.789579, -0.609717, 0.069348,
		0.613432, 0.787248, -0.062791,
		47.364372, 41.574188, 49.654053>
	pigment { color rgbt <0,1,1,0> }
	no_shadow
}
cylinder {
	<47.347443, 40.986862, 50.259537>,  <46.934971, 41.023113, 49.698006>, 0.130000
	pigment { color rgbt <1,0,0,0> }
	no_shadow
}

// nucleotide -1

// particle -1
sphere {
	<47.347443, 40.986862, 50.259537> 0.250000
	pigment { color rgbt <1,0,0,0> }
	no_shadow
}
cylinder {
	<47.384659, 41.371605, 50.156639>,  <47.406986, 41.602451, 50.094902>, 0.100000
	pigment { color rgbt <1,0,0,0> }
	no_shadow
}
cylinder {
	<47.384659, 41.371605, 50.156639>,  <47.347443, 40.986862, 50.259537>, 0.100000
	pigment { color rgbt <1,0,0,0> }
	no_shadow
}

// particle -1
sphere {
	<47.384659, 41.371605, 50.156639> 0.100000
	pigment { color rgbt <1,0,0,0> }
	no_shadow
}
sphere {
	0, 1
	scale<0.080000,0.200000,0.300000>
	matrix <-0.154362, 0.269176, 0.950640,
		0.983624, -0.048736, 0.173518,
		0.093037, 0.961857, -0.257245,
		47.412571, 41.660164, 50.079464>
	pigment { color rgbt <0,1,1,0> }
	no_shadow
}
cylinder {
	<47.726315, 41.225910, 50.794273>,  <47.347443, 40.986862, 50.259537>, 0.130000
	pigment { color rgbt <1,0,0,0> }
	no_shadow
}

// nucleotide -1

// particle -1
sphere {
	<47.726315, 41.225910, 50.794273> 0.250000
	pigment { color rgbt <1,0,0,0> }
	no_shadow
}
cylinder {
	<47.572586, 41.547325, 50.612453>,  <47.480347, 41.740173, 50.503361>, 0.100000
	pigment { color rgbt <1,0,0,0> }
	no_shadow
}
cylinder {
	<47.572586, 41.547325, 50.612453>,  <47.726315, 41.225910, 50.794273>, 0.100000
	pigment { color rgbt <1,0,0,0> }
	no_shadow
}

// particle -1
sphere {
	<47.572586, 41.547325, 50.612453> 0.100000
	pigment { color rgbt <1,0,0,0> }
	no_shadow
}
sphere {
	0, 1
	scale<0.080000,0.200000,0.300000>
	matrix <-0.268581, 0.373750, 0.887792,
		0.883265, 0.463285, 0.072174,
		-0.384326, 0.803541, -0.454550,
		47.457287, 41.788387, 50.476089>
	pigment { color rgbt <0,1,1,0> }
	no_shadow
}
cylinder {
	<48.131546, 41.756664, 51.050583>,  <47.726315, 41.225910, 50.794273>, 0.130000
	pigment { color rgbt <1,0,0,0> }
	no_shadow
}

// nucleotide -1

// particle -1
sphere {
	<48.131546, 41.756664, 51.050583> 0.250000
	pigment { color rgbt <1,0,0,0> }
	no_shadow
}
cylinder {
	<47.786621, 41.900772, 50.908249>,  <47.579666, 41.987236, 50.822849>, 0.100000
	pigment { color rgbt <1,0,0,0> }
	no_shadow
}
cylinder {
	<47.786621, 41.900772, 50.908249>,  <48.131546, 41.756664, 51.050583>, 0.100000
	pigment { color rgbt <1,0,0,0> }
	no_shadow
}

// particle -1
sphere {
	<47.786621, 41.900772, 50.908249> 0.100000
	pigment { color rgbt <1,0,0,0> }
	no_shadow
}
sphere {
	0, 1
	scale<0.080000,0.200000,0.300000>
	matrix <-0.103867, 0.561926, 0.820640,
		0.495607, 0.744609, -0.447136,
		-0.862314, 0.360272, -0.355835,
		47.527927, 42.008854, 50.801498>
	pigment { color rgbt <0,1,1,0> }
	no_shadow
}
cylinder {
	<48.206802, 42.539555, 50.933186>,  <48.131546, 41.756664, 51.050583>, 0.130000
	pigment { color rgbt <1,0,0,0> }
	no_shadow
}

// nucleotide -1

// particle -1
sphere {
	<48.206802, 42.539555, 50.933186> 0.250000
	pigment { color rgbt <1,0,0,0> }
	no_shadow
}
cylinder {
	<47.836388, 42.419792, 51.025112>,  <47.614140, 42.347935, 51.080269>, 0.100000
	pigment { color rgbt <1,0,0,0> }
	no_shadow
}
cylinder {
	<47.836388, 42.419792, 51.025112>,  <48.206802, 42.539555, 50.933186>, 0.100000
	pigment { color rgbt <1,0,0,0> }
	no_shadow
}

// particle -1
sphere {
	<47.836388, 42.419792, 51.025112> 0.100000
	pigment { color rgbt <1,0,0,0> }
	no_shadow
}
sphere {
	0, 1
	scale<0.080000,0.200000,0.300000>
	matrix <0.078720, 0.442286, 0.893413,
		-0.369135, 0.845423, -0.386004,
		-0.926036, -0.299403, 0.229815,
		47.558578, 42.329971, 51.094055>
	pigment { color rgbt <0,1,1,0> }
	no_shadow
}
cylinder {
	<48.086094, 42.891647, 51.448658>,  <48.206802, 42.539555, 50.933186>, 0.130000
	pigment { color rgbt <1,0,0,0> }
	no_shadow
}

// nucleotide -1

// particle -1
sphere {
	<48.086094, 42.891647, 51.448658> 0.250000
	pigment { color rgbt <1,0,0,0> }
	no_shadow
}
cylinder {
	<47.759933, 42.662170, 51.479668>,  <47.564240, 42.524487, 51.498276>, 0.100000
	pigment { color rgbt <1,0,0,0> }
	no_shadow
}
cylinder {
	<47.759933, 42.662170, 51.479668>,  <48.086094, 42.891647, 51.448658>, 0.100000
	pigment { color rgbt <1,0,0,0> }
	no_shadow
}

// particle -1
sphere {
	<47.759933, 42.662170, 51.479668> 0.100000
	pigment { color rgbt <1,0,0,0> }
	no_shadow
}
sphere {
	0, 1
	scale<0.080000,0.200000,0.300000>
	matrix <-0.141768, 0.327727, 0.934076,
		-0.561275, 0.750651, -0.348558,
		-0.815397, -0.573688, 0.077527,
		47.515316, 42.490063, 51.502926>
	pigment { color rgbt <0,1,1,0> }
	no_shadow
}
cylinder {
	<47.532677, 43.338680, 51.672813>,  <48.086094, 42.891647, 51.448658>, 0.130000
	pigment { color rgbt <1,0,0,0> }
	no_shadow
}

// nucleotide -1

// particle -1
sphere {
	<47.532677, 43.338680, 51.672813> 0.250000
	pigment { color rgbt <1,0,0,0> }
	no_shadow
}
cylinder {
	<47.433708, 42.961311, 51.761124>,  <47.374329, 42.734890, 51.814110>, 0.100000
	pigment { color rgbt <1,0,0,0> }
	no_shadow
}
cylinder {
	<47.433708, 42.961311, 51.761124>,  <47.532677, 43.338680, 51.672813>, 0.100000
	pigment { color rgbt <1,0,0,0> }
	no_shadow
}

// particle -1
sphere {
	<47.433708, 42.961311, 51.761124> 0.100000
	pigment { color rgbt <1,0,0,0> }
	no_shadow
}
sphere {
	0, 1
	scale<0.080000,0.200000,0.300000>
	matrix <-0.237967, 0.280045, 0.930025,
		-0.939232, 0.177567, -0.293791,
		-0.247417, -0.943422, 0.220772,
		47.359482, 42.678284, 51.827354>
	pigment { color rgbt <0,1,1,0> }
	no_shadow
}
cylinder {
	<46.932915, 43.389759, 52.047058>,  <47.532677, 43.338680, 51.672813>, 0.130000
	pigment { color rgbt <1,0,0,0> }
	no_shadow
}

// nucleotide -1

// particle -1
sphere {
	<46.932915, 43.389759, 52.047058> 0.250000
	pigment { color rgbt <1,0,0,0> }
	no_shadow
}
cylinder {
	<47.084053, 43.030411, 52.136642>,  <47.174736, 42.814800, 52.190395>, 0.100000
	pigment { color rgbt <1,0,0,0> }
	no_shadow
}
cylinder {
	<47.084053, 43.030411, 52.136642>,  <46.932915, 43.389759, 52.047058>, 0.100000
	pigment { color rgbt <1,0,0,0> }
	no_shadow
}

// particle -1
sphere {
	<47.084053, 43.030411, 52.136642> 0.100000
	pigment { color rgbt <1,0,0,0> }
	no_shadow
}
sphere {
	0, 1
	scale<0.080000,0.200000,0.300000>
	matrix <-0.205960, 0.154278, 0.966322,
		-0.902668, -0.411252, -0.126735,
		0.377849, -0.898371, 0.223964,
		47.197407, 42.760899, 52.203831>
	pigment { color rgbt <0,1,1,0> }
	no_shadow
}
cylinder {
	<46.403496, 43.063122, 52.595558>,  <46.932915, 43.389759, 52.047058>, 0.130000
	pigment { color rgbt <1,0,0,0> }
	no_shadow
}

// nucleotide -1

// particle -1
sphere {
	<46.403496, 43.063122, 52.595558> 0.250000
	pigment { color rgbt <1,0,0,0> }
	no_shadow
}
cylinder {
	<46.741211, 42.852638, 52.636116>,  <46.943840, 42.726349, 52.660450>, 0.100000
	pigment { color rgbt <1,0,0,0> }
	no_shadow
}
cylinder {
	<46.741211, 42.852638, 52.636116>,  <46.403496, 43.063122, 52.595558>, 0.100000
	pigment { color rgbt <1,0,0,0> }
	no_shadow
}

// particle -1
sphere {
	<46.741211, 42.852638, 52.636116> 0.100000
	pigment { color rgbt <1,0,0,0> }
	no_shadow
}
sphere {
	0, 1
	scale<0.080000,0.200000,0.300000>
	matrix <-0.139071, -0.032421, 0.989752,
		-0.517532, -0.849735, -0.100553,
		0.844287, -0.526212, 0.101394,
		46.994495, 42.694775, 52.666534>
	pigment { color rgbt <0,1,1,0> }
	no_shadow
}
cylinder {
	<46.269264, 42.509342, 52.982185>,  <46.403496, 43.063122, 52.595558>, 0.130000
	pigment { color rgbt <1,0,0,0> }
	no_shadow
}

// nucleotide -1

// particle -1
sphere {
	<46.269264, 42.509342, 52.982185> 0.250000
	pigment { color rgbt <1,0,0,0> }
	no_shadow
}
cylinder {
	<46.664757, 42.561928, 53.010853>,  <46.902050, 42.593479, 53.028053>, 0.100000
	pigment { color rgbt <1,0,0,0> }
	no_shadow
}
cylinder {
	<46.664757, 42.561928, 53.010853>,  <46.269264, 42.509342, 52.982185>, 0.100000
	pigment { color rgbt <1,0,0,0> }
	no_shadow
}

// particle -1
sphere {
	<46.664757, 42.561928, 53.010853> 0.100000
	pigment { color rgbt <1,0,0,0> }
	no_shadow
}
sphere {
	0, 1
	scale<0.080000,0.200000,0.300000>
	matrix <-0.063733, -0.063626, 0.995937,
		0.135488, -0.989277, -0.054531,
		0.988727, 0.131462, 0.071670,
		46.961376, 42.601368, 53.032352>
	pigment { color rgbt <0,1,1,0> }
	no_shadow
}
cylinder {
	<46.469330, 42.003349, 53.529446>,  <46.269264, 42.509342, 52.982185>, 0.130000
	pigment { color rgbt <1,0,0,0> }
	no_shadow
}

// nucleotide -1

// particle -1
sphere {
	<46.469330, 42.003349, 53.529446> 0.250000
	pigment { color rgbt <1,0,0,0> }
	no_shadow
}
cylinder {
	<46.751656, 42.280922, 53.472466>,  <46.921051, 42.447464, 53.438278>, 0.100000
	pigment { color rgbt <1,0,0,0> }
	no_shadow
}
cylinder {
	<46.751656, 42.280922, 53.472466>,  <46.469330, 42.003349, 53.529446>, 0.100000
	pigment { color rgbt <1,0,0,0> }
	no_shadow
}

// particle -1
sphere {
	<46.751656, 42.280922, 53.472466> 0.100000
	pigment { color rgbt <1,0,0,0> }
	no_shadow
}
sphere {
	0, 1
	scale<0.080000,0.200000,0.300000>
	matrix <0.010265, 0.191043, 0.981528,
		0.708323, -0.694238, 0.127718,
		0.705814, 0.693928, -0.142446,
		46.963402, 42.489101, 53.429733>
	pigment { color rgbt <0,1,1,0> }
	no_shadow
}
cylinder {
	<46.887470, 41.939888, 54.046062>,  <46.469330, 42.003349, 53.529446>, 0.130000
	pigment { color rgbt <1,0,0,0> }
	no_shadow
}

// nucleotide -1

// particle -1
sphere {
	<46.887470, 41.939888, 54.046062> 0.250000
	pigment { color rgbt <1,0,0,0> }
	no_shadow
}
cylinder {
	<46.984650, 42.313232, 53.940372>,  <47.042957, 42.537239, 53.876957>, 0.100000
	pigment { color rgbt <1,0,0,0> }
	no_shadow
}
cylinder {
	<46.984650, 42.313232, 53.940372>,  <46.887470, 41.939888, 54.046062>, 0.100000
	pigment { color rgbt <1,0,0,0> }
	no_shadow
}

// particle -1
sphere {
	<46.984650, 42.313232, 53.940372> 0.100000
	pigment { color rgbt <1,0,0,0> }
	no_shadow
}
sphere {
	0, 1
	scale<0.080000,0.200000,0.300000>
	matrix <-0.030941, 0.279708, 0.959587,
		0.969546, -0.224951, 0.096833,
		0.242945, 0.933360, -0.264229,
		47.057533, 42.593239, 53.861103>
	pigment { color rgbt <0,1,1,0> }
	no_shadow
}
cylinder {
	<47.418751, 42.178459, 54.506947>,  <46.887470, 41.939888, 54.046062>, 0.130000
	pigment { color rgbt <1,0,0,0> }
	no_shadow
}

// nucleotide -1

// particle -1
sphere {
	<47.418751, 42.178459, 54.506947> 0.250000
	pigment { color rgbt <1,0,0,0> }
	no_shadow
}
cylinder {
	<47.246147, 42.506989, 54.357697>,  <47.142586, 42.704105, 54.268147>, 0.100000
	pigment { color rgbt <1,0,0,0> }
	no_shadow
}
cylinder {
	<47.246147, 42.506989, 54.357697>,  <47.418751, 42.178459, 54.506947>, 0.100000
	pigment { color rgbt <1,0,0,0> }
	no_shadow
}

// particle -1
sphere {
	<47.246147, 42.506989, 54.357697> 0.100000
	pigment { color rgbt <1,0,0,0> }
	no_shadow
}
sphere {
	0, 1
	scale<0.080000,0.200000,0.300000>
	matrix <-0.019184, 0.405171, 0.914040,
		0.901903, 0.401578, -0.159080,
		-0.431513, 0.821323, -0.373129,
		47.116692, 42.753384, 54.245758>
	pigment { color rgbt <0,1,1,0> }
	no_shadow
}
cylinder {
	<47.762257, 42.687027, 54.788067>,  <47.418751, 42.178459, 54.506947>, 0.130000
	pigment { color rgbt <1,0,0,0> }
	no_shadow
}

// nucleotide -1

// particle -1
sphere {
	<47.762257, 42.687027, 54.788067> 0.250000
	pigment { color rgbt <1,0,0,0> }
	no_shadow
}
cylinder {
	<47.458542, 42.894485, 54.630844>,  <47.276314, 43.018959, 54.536510>, 0.100000
	pigment { color rgbt <1,0,0,0> }
	no_shadow
}
cylinder {
	<47.458542, 42.894485, 54.630844>,  <47.762257, 42.687027, 54.788067>, 0.100000
	pigment { color rgbt <1,0,0,0> }
	no_shadow
}

// particle -1
sphere {
	<47.458542, 42.894485, 54.630844> 0.100000
	pigment { color rgbt <1,0,0,0> }
	no_shadow
}
sphere {
	0, 1
	scale<0.080000,0.200000,0.300000>
	matrix <-0.079070, 0.525998, 0.846802,
		0.645937, 0.674044, -0.358373,
		-0.759285, 0.518644, -0.393058,
		47.230755, 43.050079, 54.512928>
	pigment { color rgbt <0,1,1,0> }
	no_shadow
}
cylinder {
	<47.954445, 43.260971, 54.812042>,  <47.762257, 42.687027, 54.788067>, 0.130000
	pigment { color rgbt <1,0,0,0> }
	no_shadow
}

// nucleotide -1

// particle -1
sphere {
	<47.954445, 43.260971, 54.812042> 0.250000
	pigment { color rgbt <1,0,0,0> }
	no_shadow
}
cylinder {
	<47.554741, 43.274933, 54.818398>,  <47.314919, 43.283310, 54.822208>, 0.100000
	pigment { color rgbt <1,0,0,0> }
	no_shadow
}
cylinder {
	<47.554741, 43.274933, 54.818398>,  <47.954445, 43.260971, 54.812042>, 0.100000
	pigment { color rgbt <1,0,0,0> }
	no_shadow
}

// particle -1
sphere {
	<47.554741, 43.274933, 54.818398> 0.100000
	pigment { color rgbt <1,0,0,0> }
	no_shadow
}
sphere {
	0, 1
	scale<0.080000,0.200000,0.300000>
	matrix <0.027237, 0.354370, 0.934709,
		0.026996, 0.934454, -0.355060,
		-0.999264, 0.034905, 0.015885,
		47.254963, 43.285404, 54.823162>
	pigment { color rgbt <0,1,1,0> }
	no_shadow
}
cylinder {
	<47.909645, 43.736107, 55.187115>,  <47.954445, 43.260971, 54.812042>, 0.130000
	pigment { color rgbt <1,0,0,0> }
	no_shadow
}

// nucleotide -1

// particle -1
sphere {
	<47.909645, 43.736107, 55.187115> 0.250000
	pigment { color rgbt <1,0,0,0> }
	no_shadow
}
cylinder {
	<47.543640, 43.574944, 55.195290>,  <47.324039, 43.478245, 55.200195>, 0.100000
	pigment { color rgbt <1,0,0,0> }
	no_shadow
}
cylinder {
	<47.543640, 43.574944, 55.195290>,  <47.909645, 43.736107, 55.187115>, 0.100000
	pigment { color rgbt <1,0,0,0> }
	no_shadow
}

// particle -1
sphere {
	<47.543640, 43.574944, 55.195290> 0.100000
	pigment { color rgbt <1,0,0,0> }
	no_shadow
}
sphere {
	0, 1
	scale<0.080000,0.200000,0.300000>
	matrix <-0.151588, 0.390312, 0.908118,
		-0.373868, 0.827839, -0.418216,
		-0.915010, -0.402913, 0.020434,
		47.269138, 43.454071, 55.201420>
	pigment { color rgbt <0,1,1,0> }
	no_shadow
}
cylinder {
	<47.453545, 44.242283, 55.316105>,  <47.909645, 43.736107, 55.187115>, 0.130000
	pigment { color rgbt <1,0,0,0> }
	no_shadow
}

// nucleotide -1

// particle -1
sphere {
	<47.453545, 44.242283, 55.316105> 0.250000
	pigment { color rgbt <1,0,0,0> }
	no_shadow
}
cylinder {
	<47.250107, 43.919960, 55.437431>,  <47.128044, 43.726566, 55.510227>, 0.100000
	pigment { color rgbt <1,0,0,0> }
	no_shadow
}
cylinder {
	<47.250107, 43.919960, 55.437431>,  <47.453545, 44.242283, 55.316105>, 0.100000
	pigment { color rgbt <1,0,0,0> }
	no_shadow
}

// particle -1
sphere {
	<47.250107, 43.919960, 55.437431> 0.100000
	pigment { color rgbt <1,0,0,0> }
	no_shadow
}
sphere {
	0, 1
	scale<0.080000,0.200000,0.300000>
	matrix <-0.128913, 0.419580, 0.898518,
		-0.851299, 0.417882, -0.317276,
		-0.508597, -0.805809, 0.303317,
		47.097527, 43.678219, 55.528427>
	pigment { color rgbt <0,1,1,0> }
	no_shadow
}
cylinder {
	<46.837669, 44.472561, 55.684723>,  <47.453545, 44.242283, 55.316105>, 0.130000
	pigment { color rgbt <1,0,0,0> }
	no_shadow
}

// nucleotide -1

// particle -1
sphere {
	<46.837669, 44.472561, 55.684723> 0.250000
	pigment { color rgbt <1,0,0,0> }
	no_shadow
}
cylinder {
	<46.849342, 44.082428, 55.772236>,  <46.856346, 43.848347, 55.824745>, 0.100000
	pigment { color rgbt <1,0,0,0> }
	no_shadow
}
cylinder {
	<46.849342, 44.082428, 55.772236>,  <46.837669, 44.472561, 55.684723>, 0.100000
	pigment { color rgbt <1,0,0,0> }
	no_shadow
}

// particle -1
sphere {
	<46.849342, 44.082428, 55.772236> 0.100000
	pigment { color rgbt <1,0,0,0> }
	no_shadow
}
sphere {
	0, 1
	scale<0.080000,0.200000,0.300000>
	matrix <-0.306459, 0.199608, 0.930720,
		-0.951437, -0.094206, -0.293076,
		0.029180, -0.975337, 0.218784,
		46.858097, 43.789825, 55.837872>
	pigment { color rgbt <0,1,1,0> }
	no_shadow
}
cylinder {
	<46.262482, 44.279686, 55.979881>,  <46.837669, 44.472561, 55.684723>, 0.130000
	pigment { color rgbt <1,0,0,0> }
	no_shadow
}

// nucleotide -1

// particle -1
sphere {
	<46.262482, 44.279686, 55.979881> 0.250000
	pigment { color rgbt <1,0,0,0> }
	no_shadow
}
cylinder {
	<46.526581, 44.004044, 56.099350>,  <46.685040, 43.838657, 56.171032>, 0.100000
	pigment { color rgbt <1,0,0,0> }
	no_shadow
}
cylinder {
	<46.526581, 44.004044, 56.099350>,  <46.262482, 44.279686, 55.979881>, 0.100000
	pigment { color rgbt <1,0,0,0> }
	no_shadow
}

// particle -1
sphere {
	<46.526581, 44.004044, 56.099350> 0.100000
	pigment { color rgbt <1,0,0,0> }
	no_shadow
}
sphere {
	0, 1
	scale<0.080000,0.200000,0.300000>
	matrix <-0.233027, 0.190083, 0.953712,
		-0.713982, -0.699284, -0.035079,
		0.660248, -0.689108, 0.298668,
		46.724655, 43.797310, 56.188950>
	pigment { color rgbt <0,1,1,0> }
	no_shadow
}
cylinder {
	<45.900311, 43.894650, 56.492100>,  <46.262482, 44.279686, 55.979881>, 0.130000
	pigment { color rgbt <1,0,0,0> }
	no_shadow
}

// nucleotide -1

// particle -1
sphere {
	<45.900311, 43.894650, 56.492100> 0.250000
	pigment { color rgbt <1,0,0,0> }
	no_shadow
}
cylinder {
	<46.295532, 43.860222, 56.543243>,  <46.532665, 43.839565, 56.573929>, 0.100000
	pigment { color rgbt <1,0,0,0> }
	no_shadow
}
cylinder {
	<46.295532, 43.860222, 56.543243>,  <45.900311, 43.894650, 56.492100>, 0.100000
	pigment { color rgbt <1,0,0,0> }
	no_shadow
}

// particle -1
sphere {
	<46.295532, 43.860222, 56.543243> 0.100000
	pigment { color rgbt <1,0,0,0> }
	no_shadow
}
sphere {
	0, 1
	scale<0.080000,0.200000,0.300000>
	matrix <-0.106226, 0.220798, 0.969518,
		-0.111673, -0.971515, 0.209017,
		0.988051, -0.086066, 0.127857,
		46.591949, 43.834400, 56.581600>
	pigment { color rgbt <0,1,1,0> }
	no_shadow
}
cylinder {
	<46.023575, 43.329777, 57.066730>,  <45.900311, 43.894650, 56.492100>, 0.130000
	pigment { color rgbt <1,0,0,0> }
	no_shadow
}

// nucleotide -1

// particle -1
sphere {
	<46.023575, 43.329777, 57.066730> 0.250000
	pigment { color rgbt <1,0,0,0> }
	no_shadow
}
cylinder {
	<46.318184, 43.598961, 57.039448>,  <46.494949, 43.760471, 57.023079>, 0.100000
	pigment { color rgbt <1,0,0,0> }
	no_shadow
}
cylinder {
	<46.318184, 43.598961, 57.039448>,  <46.023575, 43.329777, 57.066730>, 0.100000
	pigment { color rgbt <1,0,0,0> }
	no_shadow
}

// particle -1
sphere {
	<46.318184, 43.598961, 57.039448> 0.100000
	pigment { color rgbt <1,0,0,0> }
	no_shadow
}
sphere {
	0, 1
	scale<0.080000,0.200000,0.300000>
	matrix <-0.081818, 0.188727, 0.978615,
		0.671441, -0.715197, 0.194063,
		0.736527, 0.672961, -0.068203,
		46.539143, 43.800850, 57.018986>
	pigment { color rgbt <0,1,1,0> }
	no_shadow
}
cylinder {
	<46.310509, 43.275829, 57.683399>,  <46.023575, 43.329777, 57.066730>, 0.130000
	pigment { color rgbt <1,0,0,0> }
	no_shadow
}

// nucleotide -1

// particle -1
sphere {
	<46.310509, 43.275829, 57.683399> 0.250000
	pigment { color rgbt <1,0,0,0> }
	no_shadow
}
cylinder {
	<46.481369, 43.615837, 57.560112>,  <46.583885, 43.819843, 57.486137>, 0.100000
	pigment { color rgbt <1,0,0,0> }
	no_shadow
}
cylinder {
	<46.481369, 43.615837, 57.560112>,  <46.310509, 43.275829, 57.683399>, 0.100000
	pigment { color rgbt <1,0,0,0> }
	no_shadow
}

// particle -1
sphere {
	<46.481369, 43.615837, 57.560112> 0.100000
	pigment { color rgbt <1,0,0,0> }
	no_shadow
}
sphere {
	0, 1
	scale<0.080000,0.200000,0.300000>
	matrix <0.027388, 0.328564, 0.944085,
		0.903764, -0.411711, 0.117066,
		0.427154, 0.850023, -0.308221,
		46.609516, 43.870846, 57.467648>
	pigment { color rgbt <0,1,1,0> }
	no_shadow
}
cylinder {
	<46.975891, 43.409595, 58.064953>,  <46.310509, 43.275829, 57.683399>, 0.130000
	pigment { color rgbt <1,0,0,0> }
	no_shadow
}

// nucleotide -1

// particle -1
sphere {
	<46.975891, 43.409595, 58.064953> 0.250000
	pigment { color rgbt <1,0,0,0> }
	no_shadow
}
cylinder {
	<46.853699, 43.761673, 57.919662>,  <46.780384, 43.972919, 57.832489>, 0.100000
	pigment { color rgbt <1,0,0,0> }
	no_shadow
}
cylinder {
	<46.853699, 43.761673, 57.919662>,  <46.975891, 43.409595, 58.064953>, 0.100000
	pigment { color rgbt <1,0,0,0> }
	no_shadow
}

// particle -1
sphere {
	<46.853699, 43.761673, 57.919662> 0.100000
	pigment { color rgbt <1,0,0,0> }
	no_shadow
}
sphere {
	0, 1
	scale<0.080000,0.200000,0.300000>
	matrix <0.038290, 0.392510, 0.918950,
		0.951428, 0.266813, -0.153607,
		-0.305480, 0.880197, -0.363229,
		46.762054, 44.025734, 57.810692>
	pigment { color rgbt <0,1,1,0> }
	no_shadow
}
cylinder {
	<47.163521, 43.794807, 58.675968>,  <46.975891, 43.409595, 58.064953>, 0.130000
	pigment { color rgbt <1,0,0,0> }
	no_shadow
}

// nucleotide -1

// particle -1
sphere {
	<47.163521, 43.794807, 58.675968> 0.250000
	pigment { color rgbt <1,0,0,0> }
	no_shadow
}
cylinder {
	<46.957664, 44.045013, 58.441406>,  <46.834148, 44.195137, 58.300671>, 0.100000
	pigment { color rgbt <1,0,0,0> }
	no_shadow
}
cylinder {
	<46.957664, 44.045013, 58.441406>,  <47.163521, 43.794807, 58.675968>, 0.100000
	pigment { color rgbt <1,0,0,0> }
	no_shadow
}

// particle -1
sphere {
	<46.957664, 44.045013, 58.441406> 0.100000
	pigment { color rgbt <1,0,0,0> }
	no_shadow
}
sphere {
	0, 1
	scale<0.080000,0.200000,0.300000>
	matrix <-0.156742, 0.603765, 0.781601,
		0.842954, 0.494161, -0.212680,
		-0.514646, 0.625518, -0.586402,
		46.803272, 44.232670, 58.265484>
	pigment { color rgbt <0,1,1,0> }
	no_shadow
}
cylinder {
	<47.577862, 44.432209, 58.665234>,  <47.163521, 43.794807, 58.675968>, 0.130000
	pigment { color rgbt <1,0,0,0> }
	no_shadow
}

// nucleotide -1

// particle -1
sphere {
	<47.577862, 44.432209, 58.665234> 0.250000
	pigment { color rgbt <1,0,0,0> }
	no_shadow
}
cylinder {
	<47.188232, 44.488403, 58.594307>,  <46.954453, 44.522118, 58.551750>, 0.100000
	pigment { color rgbt <1,0,0,0> }
	no_shadow
}
cylinder {
	<47.188232, 44.488403, 58.594307>,  <47.577862, 44.432209, 58.665234>, 0.100000
	pigment { color rgbt <1,0,0,0> }
	no_shadow
}

// particle -1
sphere {
	<47.188232, 44.488403, 58.594307> 0.100000
	pigment { color rgbt <1,0,0,0> }
	no_shadow
}
sphere {
	0, 1
	scale<0.080000,0.200000,0.300000>
	matrix <-0.052556, 0.621849, 0.781372,
		0.220036, 0.770434, -0.598345,
		-0.974075, 0.140484, -0.177320,
		46.896011, 44.530548, 58.541111>
	pigment { color rgbt <0,1,1,0> }
	no_shadow
}
cylinder {
	<47.459648, 45.146912, 58.611423>,  <47.577862, 44.432209, 58.665234>, 0.130000
	pigment { color rgbt <1,0,0,0> }
	no_shadow
}

// nucleotide -1

// particle -1
sphere {
	<47.459648, 45.146912, 58.611423> 0.250000
	pigment { color rgbt <1,0,0,0> }
	no_shadow
}
cylinder {
	<47.115540, 44.981140, 58.730206>,  <46.909077, 44.881676, 58.801476>, 0.100000
	pigment { color rgbt <1,0,0,0> }
	no_shadow
}
cylinder {
	<47.115540, 44.981140, 58.730206>,  <47.459648, 45.146912, 58.611423>, 0.100000
	pigment { color rgbt <1,0,0,0> }
	no_shadow
}

// particle -1
sphere {
	<47.115540, 44.981140, 58.730206> 0.100000
	pigment { color rgbt <1,0,0,0> }
	no_shadow
}
sphere {
	0, 1
	scale<0.080000,0.200000,0.300000>
	matrix <-0.136490, 0.748399, 0.649053,
		-0.491230, 0.517829, -0.700390,
		-0.860270, -0.414430, 0.296957,
		46.857460, 44.856812, 58.819294>
	pigment { color rgbt <0,1,1,0> }
	no_shadow
}
cylinder {
	<47.131248, 45.715061, 58.787663>,  <47.459648, 45.146912, 58.611423>, 0.130000
	pigment { color rgbt <1,0,0,0> }
	no_shadow
}

// nucleotide -1

// particle -1
sphere {
	<47.131248, 45.715061, 58.787663> 0.250000
	pigment { color rgbt <1,0,0,0> }
	no_shadow
}
cylinder {
	<46.926666, 45.420715, 58.965164>,  <46.803917, 45.244110, 59.071667>, 0.100000
	pigment { color rgbt <1,0,0,0> }
	no_shadow
}
cylinder {
	<46.926666, 45.420715, 58.965164>,  <47.131248, 45.715061, 58.787663>, 0.100000
	pigment { color rgbt <1,0,0,0> }
	no_shadow
}

// particle -1
sphere {
	<46.926666, 45.420715, 58.965164> 0.100000
	pigment { color rgbt <1,0,0,0> }
	no_shadow
}
sphere {
	0, 1
	scale<0.080000,0.200000,0.300000>
	matrix <-0.211709, 0.608398, 0.764873,
		-0.832819, 0.297255, -0.466960,
		-0.511460, -0.735861, 0.443754,
		46.773228, 45.199959, 59.098289>
	pigment { color rgbt <0,1,1,0> }
	no_shadow
}
cylinder {
	<46.603172, 46.038448, 59.203835>,  <47.131248, 45.715061, 58.787663>, 0.130000
	pigment { color rgbt <1,0,0,0> }
	no_shadow
}

// nucleotide -1

// particle -1
sphere {
	<46.603172, 46.038448, 59.203835> 0.250000
	pigment { color rgbt <1,0,0,0> }
	no_shadow
}
cylinder {
	<46.566719, 45.676804, 59.370819>,  <46.544846, 45.459816, 59.471008>, 0.100000
	pigment { color rgbt <1,0,0,0> }
	no_shadow
}
cylinder {
	<46.566719, 45.676804, 59.370819>,  <46.603172, 46.038448, 59.203835>, 0.100000
	pigment { color rgbt <1,0,0,0> }
	no_shadow
}

// particle -1
sphere {
	<46.566719, 45.676804, 59.370819> 0.100000
	pigment { color rgbt <1,0,0,0> }
	no_shadow
}
sphere {
	0, 1
	scale<0.080000,0.200000,0.300000>
	matrix <-0.297723, 0.424769, 0.854946,
		-0.950292, -0.046373, -0.307886,
		-0.091134, -0.904113, 0.417461,
		46.539379, 45.405571, 59.496056>
	pigment { color rgbt <0,1,1,0> }
	no_shadow
}
cylinder {
	<45.945324, 46.007298, 59.598244>,  <46.603172, 46.038448, 59.203835>, 0.130000
	pigment { color rgbt <1,0,0,0> }
	no_shadow
}

// nucleotide -1

// particle -1
sphere {
	<45.945324, 46.007298, 59.598244> 0.250000
	pigment { color rgbt <1,0,0,0> }
	no_shadow
}
cylinder {
	<46.179787, 45.719574, 59.747383>,  <46.320465, 45.546940, 59.836868>, 0.100000
	pigment { color rgbt <1,0,0,0> }
	no_shadow
}
cylinder {
	<46.179787, 45.719574, 59.747383>,  <45.945324, 46.007298, 59.598244>, 0.100000
	pigment { color rgbt <1,0,0,0> }
	no_shadow
}

// particle -1
sphere {
	<46.179787, 45.719574, 59.747383> 0.100000
	pigment { color rgbt <1,0,0,0> }
	no_shadow
}
sphere {
	0, 1
	scale<0.080000,0.200000,0.300000>
	matrix <-0.305973, 0.229587, 0.923943,
		-0.750201, -0.655657, -0.085515,
		0.586156, -0.719308, 0.372850,
		46.355633, 45.503780, 59.859238>
	pigment { color rgbt <0,1,1,0> }
	no_shadow
}
cylinder {
	<45.504726, 45.661652, 60.005280>,  <45.945324, 46.007298, 59.598244>, 0.130000
	pigment { color rgbt <1,0,0,0> }
	no_shadow
}

// nucleotide -1

// particle -1
sphere {
	<45.504726, 45.661652, 60.005280> 0.250000
	pigment { color rgbt <1,0,0,0> }
	no_shadow
}
cylinder {
	<45.867981, 45.547661, 60.127972>,  <46.085934, 45.479267, 60.201588>, 0.100000
	pigment { color rgbt <1,0,0,0> }
	no_shadow
}
cylinder {
	<45.867981, 45.547661, 60.127972>,  <45.504726, 45.661652, 60.005280>, 0.100000
	pigment { color rgbt <1,0,0,0> }
	no_shadow
}

// particle -1
sphere {
	<45.867981, 45.547661, 60.127972> 0.100000
	pigment { color rgbt <1,0,0,0> }
	no_shadow
}
sphere {
	0, 1
	scale<0.080000,0.200000,0.300000>
	matrix <-0.240827, 0.243730, 0.939467,
		-0.342489, -0.927029, 0.152708,
		0.908132, -0.284981, 0.306728,
		46.140419, 45.462166, 60.219990>
	pigment { color rgbt <0,1,1,0> }
	no_shadow
}
cylinder {
	<45.470684, 45.277409, 60.537670>,  <45.504726, 45.661652, 60.005280>, 0.130000
	pigment { color rgbt <1,0,0,0> }
	no_shadow
}

// nucleotide -1

// particle -1
sphere {
	<45.470684, 45.277409, 60.537670> 0.250000
	pigment { color rgbt <1,0,0,0> }
	no_shadow
}
cylinder {
	<45.846313, 45.406250, 60.585648>,  <46.071693, 45.483555, 60.614433>, 0.100000
	pigment { color rgbt <1,0,0,0> }
	no_shadow
}
cylinder {
	<45.846313, 45.406250, 60.585648>,  <45.470684, 45.277409, 60.537670>, 0.100000
	pigment { color rgbt <1,0,0,0> }
	no_shadow
}

// particle -1
sphere {
	<45.846313, 45.406250, 60.585648> 0.100000
	pigment { color rgbt <1,0,0,0> }
	no_shadow
}
sphere {
	0, 1
	scale<0.080000,0.200000,0.300000>
	matrix <-0.212583, 0.270080, 0.939077,
		0.270080, -0.907364, 0.322099,
		-0.939077, -0.322099, -0.119947,
		46.128036, 45.502880, 60.621632>
	pigment { color rgbt <0,1,1,0> }
	no_shadow
}
cylinder {
	<45.638088, 45.024223, 61.181053>,  <45.470684, 45.277409, 60.537670>, 0.130000
	pigment { color rgbt <1,0,0,0> }
	no_shadow
}

// nucleotide -1

// particle -1
sphere {
	<45.638088, 45.024223, 61.181053> 0.250000
	pigment { color rgbt <1,0,0,0> }
	no_shadow
}
cylinder {
	<45.864075, 45.343468, 61.097309>,  <45.999668, 45.535015, 61.047062>, 0.100000
	pigment { color rgbt <1,0,0,0> }
	no_shadow
}
cylinder {
	<45.864075, 45.343468, 61.097309>,  <45.638088, 45.024223, 61.181053>, 0.100000
	pigment { color rgbt <1,0,0,0> }
	no_shadow
}

// particle -1
sphere {
	<45.864075, 45.343468, 61.097309> 0.100000
	pigment { color rgbt <1,0,0,0> }
	no_shadow
}
sphere {
	0, 1
	scale<0.080000,0.200000,0.300000>
	matrix <-0.221122, 0.390903, 0.893476,
		0.794930, -0.458493, 0.397328,
		0.564970, 0.798109, -0.209357,
		46.033566, 45.582901, 61.034500>
	pigment { color rgbt <0,1,1,0> }
	no_shadow
}
cylinder {
	<46.127975, 45.141499, 61.692024>,  <45.638088, 45.024223, 61.181053>, 0.130000
	pigment { color rgbt <1,0,0,0> }
	no_shadow
}

// nucleotide -1

// particle -1
sphere {
	<46.127975, 45.141499, 61.692024> 0.250000
	pigment { color rgbt <1,0,0,0> }
	no_shadow
}
cylinder {
	<46.086823, 45.494293, 61.508064>,  <46.062130, 45.705971, 61.397686>, 0.100000
	pigment { color rgbt <1,0,0,0> }
	no_shadow
}
cylinder {
	<46.086823, 45.494293, 61.508064>,  <46.127975, 45.141499, 61.692024>, 0.100000
	pigment { color rgbt <1,0,0,0> }
	no_shadow
}

// particle -1
sphere {
	<46.086823, 45.494293, 61.508064> 0.100000
	pigment { color rgbt <1,0,0,0> }
	no_shadow
}
sphere {
	0, 1
	scale<0.080000,0.200000,0.300000>
	matrix <-0.034078, 0.458959, 0.887804,
