// switches for output
#declare DRAW_BASES = 1; // possible values are 0, 1; only relevant for DNA ribbons
#declare DRAW_BASES_TYPE = 3; // possible values are 1, 2, 3; only relevant for DNA ribbons
#declare DRAW_FOG = 0; // set to 1 to enable fog

#include "colors.inc"

#include "transforms.inc"
background { rgb <1, 1, 1>}

#default {
   normal{
       ripples 0.25
       frequency 0.20
       turbulence 0.2
       lambda 5
   }
	finish {
		phong 0.1
		phong_size 40.
	}
}

// original window dimensions: 1024x640


// camera settings

camera {
	sky <-0, 1, 0>
	up <-0, 1, 0>
	right 1.6 * <0.724836, 0, 0.688921>
	location <12.1561, 44.2, 77.9145>
	look_at <46.7464, 44.2, 41.5209>
	direction <34.5903, 0, -36.3936>
	angle 67.0682
}


# declare cpy_camera_pos = <12.1561, 44.2, 77.9145>;
# if (DRAW_FOG = 1)
fog {
	fog_type 2
	up vnormalize(cpy_camera_pos)
	color rgbt<1,1,1,0.3>
	distance 1e-5
	fog_alt 3e-3
	fog_offset 70.72
}
# end


// LIGHTS

# declare lum = 6;
global_settings {
	ambient_light rgb lum * <0.05, 0.05, 0.05>
	max_trace_level 15
}# declare cpy_direct_light_amount = 0.25;
light_source
{	1000 * <-0.0359156, -1, 1.41376>,
	rgb lum * cpy_direct_light_amount
	parallel
}

light_source
{	1000 * <0.0359156, 1, -1.41376>,
	rgb lum * cpy_direct_light_amount
	parallel
}

// strand 0

// nucleotide -1

// particle -1
sphere {
	<50.182545, 41.386513, 46.507828> 0.250000
	pigment { color rgbt <1,0,0,0> }
	no_shadow
}
cylinder {
	<50.050644, 41.721397, 46.682339>,  <49.971504, 41.922329, 46.787045>, 0.100000
	pigment { color rgbt <1,0,0,0> }
	no_shadow
}
cylinder {
	<50.050644, 41.721397, 46.682339>,  <50.182545, 41.386513, 46.507828>, 0.100000
	pigment { color rgbt <1,0,0,0> }
	no_shadow
}

// particle -1
sphere {
	<50.050644, 41.721397, 46.682339> 0.100000
	pigment { color rgbt <1,0,0,0> }
	no_shadow
}
sphere {
	0, 1
	scale<0.080000,0.200000,0.300000>
	matrix <-0.282582, -0.528466, 0.800544,
		0.900784, 0.140696, 0.410844,
		-0.329751, 0.837215, 0.436276,
		49.951717, 41.972561, 46.813221>
	pigment { color rgbt <0,1,1,0> }
	no_shadow
}
cylinder {
	<50.399517, 41.326035, 47.219086>,  <50.182545, 41.386513, 46.507828>, 0.130000
	pigment { color rgbt <1,0,0,0> }
	no_shadow
}

// nucleotide -1

// particle -1
sphere {
	<50.399517, 41.326035, 47.219086> 0.250000
	pigment { color rgbt <1,0,0,0> }
	no_shadow
}
cylinder {
	<50.118637, 41.610512, 47.205688>,  <49.950111, 41.781197, 47.197651>, 0.100000
	pigment { color rgbt <1,0,0,0> }
	no_shadow
}
cylinder {
	<50.118637, 41.610512, 47.205688>,  <50.399517, 41.326035, 47.219086>, 0.100000
	pigment { color rgbt <1,0,0,0> }
	no_shadow
}

// particle -1
sphere {
	<50.118637, 41.610512, 47.205688> 0.100000
	pigment { color rgbt <1,0,0,0> }
	no_shadow
}
sphere {
	0, 1
	scale<0.080000,0.200000,0.300000>
	matrix <-0.442030, -0.398600, 0.803572,
		0.558147, 0.579070, 0.594265,
		-0.702198, 0.711194, -0.033489,
		49.907978, 41.823872, 47.195641>
	pigment { color rgbt <0,1,1,0> }
	no_shadow
}
cylinder {
	<50.290630, 41.397369, 47.878929>,  <50.399517, 41.326035, 47.219086>, 0.130000
	pigment { color rgbt <1,0,0,0> }
	no_shadow
}

// nucleotide -1

// particle -1
sphere {
	<50.290630, 41.397369, 47.878929> 0.250000
	pigment { color rgbt <1,0,0,0> }
	no_shadow
}
cylinder {
	<49.966080, 41.578712, 47.731346>,  <49.771347, 41.687519, 47.642796>, 0.100000
	pigment { color rgbt <1,0,0,0> }
	no_shadow
}
cylinder {
	<49.966080, 41.578712, 47.731346>,  <50.290630, 41.397369, 47.878929>, 0.100000
	pigment { color rgbt <1,0,0,0> }
	no_shadow
}

// particle -1
sphere {
	<49.966080, 41.578712, 47.731346> 0.100000
	pigment { color rgbt <1,0,0,0> }
	no_shadow
}
sphere {
	0, 1
	scale<0.080000,0.200000,0.300000>
	matrix <-0.534356, -0.319465, 0.782564,
		0.236914, 0.832110, 0.501463,
		-0.811379, 0.453360, -0.368957,
		49.722668, 41.714722, 47.620659>
	pigment { color rgbt <0,1,1,0> }
	no_shadow
}
cylinder {
	<50.010025, 41.831211, 48.451694>,  <50.290630, 41.397369, 47.878929>, 0.130000
	pigment { color rgbt <1,0,0,0> }
	no_shadow
}

// nucleotide -1

// particle -1
sphere {
	<50.010025, 41.831211, 48.451694> 0.250000
	pigment { color rgbt <1,0,0,0> }
	no_shadow
}
cylinder {
	<49.741196, 41.740051, 48.169876>,  <49.579899, 41.685356, 48.000786>, 0.100000
	pigment { color rgbt <1,0,0,0> }
	no_shadow
}
cylinder {
	<49.741196, 41.740051, 48.169876>,  <50.010025, 41.831211, 48.451694>, 0.100000
	pigment { color rgbt <1,0,0,0> }
	no_shadow
}

// particle -1
sphere {
	<49.741196, 41.740051, 48.169876> 0.100000
	pigment { color rgbt <1,0,0,0> }
	no_shadow
}
sphere {
	0, 1
	scale<0.080000,0.200000,0.300000>
	matrix <-0.665684, -0.230781, 0.709651,
		-0.324325, 0.945940, 0.003391,
		-0.672070, -0.227900, -0.704545,
		49.539574, 41.671680, 47.958511>
	pigment { color rgbt <0,1,1,0> }
	no_shadow
}
cylinder {
	<49.424461, 42.043541, 48.639915>,  <50.010025, 41.831211, 48.451694>, 0.130000
	pigment { color rgbt <1,0,0,0> }
	no_shadow
}

// nucleotide -1

// particle -1
sphere {
	<49.424461, 42.043541, 48.639915> 0.250000
	pigment { color rgbt <1,0,0,0> }
	no_shadow
}
cylinder {
	<49.316833, 41.761963, 48.376987>,  <49.252258, 41.593018, 48.219231>, 0.100000
	pigment { color rgbt <1,0,0,0> }
	no_shadow
}
cylinder {
	<49.316833, 41.761963, 48.376987>,  <49.424461, 42.043541, 48.639915>, 0.100000
	pigment { color rgbt <1,0,0,0> }
	no_shadow
}

// particle -1
sphere {
	<49.316833, 41.761963, 48.376987> 0.100000
	pigment { color rgbt <1,0,0,0> }
	no_shadow
}
sphere {
	0, 1
	scale<0.080000,0.200000,0.300000>
	matrix <-0.727845, -0.298339, 0.617442,
		-0.630747, 0.644561, -0.432087,
		-0.269071, -0.703943, -0.657317,
		49.236111, 41.550781, 48.179790>
	pigment { color rgbt <0,1,1,0> }
	no_shadow
}
cylinder {
	<48.779133, 42.198421, 48.525230>,  <49.424461, 42.043541, 48.639915>, 0.130000
	pigment { color rgbt <1,0,0,0> }
	no_shadow
}

// nucleotide -1

// particle -1
sphere {
	<48.779133, 42.198421, 48.525230> 0.250000
	pigment { color rgbt <1,0,0,0> }
	no_shadow
}
cylinder {
	<48.852013, 41.821930, 48.411461>,  <48.895741, 41.596035, 48.343201>, 0.100000
	pigment { color rgbt <1,0,0,0> }
	no_shadow
}
cylinder {
	<48.852013, 41.821930, 48.411461>,  <48.779133, 42.198421, 48.525230>, 0.100000
	pigment { color rgbt <1,0,0,0> }
	no_shadow
}

// particle -1
sphere {
	<48.852013, 41.821930, 48.411461> 0.100000
	pigment { color rgbt <1,0,0,0> }
	no_shadow
}
sphere {
	0, 1
	scale<0.080000,0.200000,0.300000>
	matrix <-0.651692, -0.332202, 0.681864,
		-0.736274, 0.061117, -0.673918,
		0.182204, -0.941226, -0.284421,
		48.906673, 41.539562, 48.326134>
	pigment { color rgbt <0,1,1,0> }
	no_shadow
}
cylinder {
	<48.157070, 41.882755, 48.271927>,  <48.779133, 42.198421, 48.525230>, 0.130000
	pigment { color rgbt <1,0,0,0> }
	no_shadow
}

// nucleotide -1

// particle -1
sphere {
	<48.157070, 41.882755, 48.271927> 0.250000
	pigment { color rgbt <1,0,0,0> }
	no_shadow
}
cylinder {
	<48.388062, 41.573059, 48.375519>,  <48.526657, 41.387241, 48.437675>, 0.100000
	pigment { color rgbt <1,0,0,0> }
	no_shadow
}
cylinder {
	<48.388062, 41.573059, 48.375519>,  <48.157070, 41.882755, 48.271927>, 0.100000
	pigment { color rgbt <1,0,0,0> }
	no_shadow
}

// particle -1
sphere {
	<48.388062, 41.573059, 48.375519> 0.100000
	pigment { color rgbt <1,0,0,0> }
	no_shadow
}
sphere {
	0, 1
	scale<0.080000,0.200000,0.300000>
	matrix <-0.668672, -0.266550, 0.694139,
		-0.468403, -0.574018, -0.671641,
		0.577474, -0.774245, 0.258977,
		48.561302, 41.340786, 48.453213>
	pigment { color rgbt <0,1,1,0> }
	no_shadow
}
cylinder {
	<47.702156, 41.435631, 48.519405>,  <48.157070, 41.882755, 48.271927>, 0.130000
	pigment { color rgbt <1,0,0,0> }
	no_shadow
}

// nucleotide -1

// particle -1
sphere {
	<47.702156, 41.435631, 48.519405> 0.250000
	pigment { color rgbt <1,0,0,0> }
	no_shadow
}
cylinder {
	<48.040848, 41.268463, 48.651100>,  <48.244061, 41.168163, 48.730118>, 0.100000
	pigment { color rgbt <1,0,0,0> }
	no_shadow
}
cylinder {
	<48.040848, 41.268463, 48.651100>,  <47.702156, 41.435631, 48.519405>, 0.100000
	pigment { color rgbt <1,0,0,0> }
	no_shadow
}

// particle -1
sphere {
	<48.040848, 41.268463, 48.651100> 0.100000
	pigment { color rgbt <1,0,0,0> }
	no_shadow
}
sphere {
	0, 1
	scale<0.080000,0.200000,0.300000>
	matrix <-0.513866, -0.482101, 0.709592,
		-0.137824, -0.770015, -0.622961,
		0.846727, -0.417917, 0.329239,
		48.294865, 41.143089, 48.749870>
	pigment { color rgbt <0,1,1,0> }
	no_shadow
}
cylinder {
	<47.554909, 40.711525, 48.551964>,  <47.702156, 41.435631, 48.519405>, 0.130000
	pigment { color rgbt <1,0,0,0> }
	no_shadow
}

// nucleotide -1

// particle -1
sphere {
	<47.554909, 40.711525, 48.551964> 0.250000
	pigment { color rgbt <1,0,0,0> }
	no_shadow
}
cylinder {
	<47.871162, 40.779045, 48.787392>,  <48.060913, 40.819557, 48.928646>, 0.100000
	pigment { color rgbt <1,0,0,0> }
	no_shadow
}
cylinder {
	<47.871162, 40.779045, 48.787392>,  <47.554909, 40.711525, 48.551964>, 0.100000
	pigment { color rgbt <1,0,0,0> }
	no_shadow
}

// particle -1
sphere {
	<47.871162, 40.779045, 48.787392> 0.100000
	pigment { color rgbt <1,0,0,0> }
	no_shadow
}
sphere {
	0, 1
	scale<0.080000,0.200000,0.300000>
	matrix <-0.476480, -0.434076, 0.764556,
		0.384538, -0.884921, -0.262765,
		0.790631, 0.168799, 0.588565,
		48.108353, 40.829685, 48.963963>
	pigment { color rgbt <0,1,1,0> }
	no_shadow
}
cylinder {
	<47.663902, 40.109486, 48.914429>,  <47.554909, 40.711525, 48.551964>, 0.130000
	pigment { color rgbt <1,0,0,0> }
	no_shadow
}

// nucleotide -1

// particle -1
sphere {
	<47.663902, 40.109486, 48.914429> 0.250000
	pigment { color rgbt <1,0,0,0> }
	no_shadow
}
cylinder {
	<47.850685, 40.372887, 49.150505>,  <47.962753, 40.530926, 49.292152>, 0.100000
	pigment { color rgbt <1,0,0,0> }
	no_shadow
}
cylinder {
	<47.850685, 40.372887, 49.150505>,  <47.663902, 40.109486, 48.914429>, 0.100000
	pigment { color rgbt <1,0,0,0> }
	no_shadow
}

// particle -1
sphere {
	<47.850685, 40.372887, 49.150505> 0.100000
	pigment { color rgbt <1,0,0,0> }
	no_shadow
}
sphere {
	0, 1
	scale<0.080000,0.200000,0.300000>
	matrix <-0.394292, -0.442356, 0.805515,
		0.791509, -0.608848, 0.053081,
		0.466955, 0.658502, 0.590192,
		47.990772, 40.570438, 49.327564>
	pigment { color rgbt <0,1,1,0> }
	no_shadow
}
cylinder {
	<47.890480, 39.668972, 49.433231>,  <47.663902, 40.109486, 48.914429>, 0.130000
	pigment { color rgbt <1,0,0,0> }
	no_shadow
}

// nucleotide -1

// particle -1
sphere {
	<47.890480, 39.668972, 49.433231> 0.250000
	pigment { color rgbt <1,0,0,0> }
	no_shadow
}
cylinder {
	<47.865814, 40.033615, 49.595798>,  <47.851013, 40.252399, 49.693336>, 0.100000
	pigment { color rgbt <1,0,0,0> }
	no_shadow
}
cylinder {
	<47.865814, 40.033615, 49.595798>,  <47.890480, 39.668972, 49.433231>, 0.100000
	pigment { color rgbt <1,0,0,0> }
	no_shadow
}

// particle -1
sphere {
	<47.865814, 40.033615, 49.595798> 0.100000
	pigment { color rgbt <1,0,0,0> }
	no_shadow
}
sphere {
	0, 1
	scale<0.080000,0.200000,0.300000>
	matrix <-0.527486, -0.375443, 0.762103,
		0.847323, -0.167385, 0.504010,
		-0.061663, 0.911606, 0.406415,
		47.847317, 40.307098, 49.717724>
	pigment { color rgbt <0,1,1,0> }
	no_shadow
}
cylinder {
	<48.085983, 39.496666, 50.028252>,  <47.890480, 39.668972, 49.433231>, 0.130000
	pigment { color rgbt <1,0,0,0> }
	no_shadow
}

// nucleotide -1

// particle -1
sphere {
	<48.085983, 39.496666, 50.028252> 0.250000
	pigment { color rgbt <1,0,0,0> }
	no_shadow
}
cylinder {
	<47.865250, 39.828011, 50.066807>,  <47.732807, 40.026817, 50.089939>, 0.100000
	pigment { color rgbt <1,0,0,0> }
	no_shadow
}
cylinder {
	<47.865250, 39.828011, 50.066807>,  <48.085983, 39.496666, 50.028252>, 0.100000
	pigment { color rgbt <1,0,0,0> }
	no_shadow
}

// particle -1
sphere {
	<47.865250, 39.828011, 50.066807> 0.100000
	pigment { color rgbt <1,0,0,0> }
	no_shadow
}
sphere {
	0, 1
	scale<0.080000,0.200000,0.300000>
	matrix <-0.425980, -0.379349, 0.821362,
		0.716950, 0.412200, 0.562205,
		-0.551837, 0.828363, 0.096386,
		47.699699, 40.076519, 50.095722>
	pigment { color rgbt <0,1,1,0> }
	no_shadow
}
cylinder {
	<48.015732, 39.535671, 50.710716>,  <48.085983, 39.496666, 50.028252>, 0.130000
	pigment { color rgbt <1,0,0,0> }
	no_shadow
}

// nucleotide -1

// particle -1
sphere {
	<48.015732, 39.535671, 50.710716> 0.250000
	pigment { color rgbt <1,0,0,0> }
	no_shadow
}
cylinder {
	<47.738274, 39.783936, 50.564491>,  <47.571800, 39.932896, 50.476757>, 0.100000
	pigment { color rgbt <1,0,0,0> }
	no_shadow
}
cylinder {
	<47.738274, 39.783936, 50.564491>,  <48.015732, 39.535671, 50.710716>, 0.100000
	pigment { color rgbt <1,0,0,0> }
	no_shadow
}

// particle -1
sphere {
	<47.738274, 39.783936, 50.564491> 0.100000
	pigment { color rgbt <1,0,0,0> }
	no_shadow
}
sphere {
	0, 1
	scale<0.080000,0.200000,0.300000>
	matrix <-0.563087, -0.150721, 0.812537,
		0.449215, 0.769453, 0.454035,
		-0.693642, 0.620665, -0.365562,
		47.530182, 39.970135, 50.454823>
	pigment { color rgbt <0,1,1,0> }
	no_shadow
}
cylinder {
	<47.832298, 39.989819, 51.215740>,  <48.015732, 39.535671, 50.710716>, 0.130000
	pigment { color rgbt <1,0,0,0> }
	no_shadow
}

// nucleotide -1

// particle -1
sphere {
	<47.832298, 39.989819, 51.215740> 0.250000
	pigment { color rgbt <1,0,0,0> }
	no_shadow
}
cylinder {
	<47.504929, 40.027611, 50.989021>,  <47.308506, 40.050285, 50.852989>, 0.100000
	pigment { color rgbt <1,0,0,0> }
	no_shadow
}
cylinder {
	<47.504929, 40.027611, 50.989021>,  <47.832298, 39.989819, 51.215740>, 0.100000
	pigment { color rgbt <1,0,0,0> }
	no_shadow
}

// particle -1
sphere {
	<47.504929, 40.027611, 50.989021> 0.100000
	pigment { color rgbt <1,0,0,0> }
	no_shadow
}
sphere {
	0, 1
	scale<0.080000,0.200000,0.300000>
	matrix <-0.569646, -0.003928, 0.821881,
		0.075426, 0.995519, 0.057036,
		-0.818422, 0.094481, -0.566797,
		47.259403, 40.055954, 50.818981>
	pigment { color rgbt <0,1,1,0> }
	no_shadow
}
cylinder {
	<47.576611, 40.685299, 51.318890>,  <47.832298, 39.989819, 51.215740>, 0.130000
	pigment { color rgbt <1,0,0,0> }
	no_shadow
}

// nucleotide -1

// particle -1
sphere {
	<47.576611, 40.685299, 51.318890> 0.250000
	pigment { color rgbt <1,0,0,0> }
	no_shadow
}
cylinder {
	<47.265953, 40.458076, 51.209976>,  <47.079559, 40.321743, 51.144630>, 0.100000
	pigment { color rgbt <1,0,0,0> }
	no_shadow
}
cylinder {
	<47.265953, 40.458076, 51.209976>,  <47.576611, 40.685299, 51.318890>, 0.100000
	pigment { color rgbt <1,0,0,0> }
	no_shadow
}

// particle -1
sphere {
	<47.265953, 40.458076, 51.209976> 0.100000
	pigment { color rgbt <1,0,0,0> }
	no_shadow
}
sphere {
	0, 1
	scale<0.080000,0.200000,0.300000>
	matrix <-0.455400, 0.207660, 0.865730,
		-0.435243, 0.796359, -0.419971,
		-0.776643, -0.568057, -0.272280,
		47.032959, 40.287659, 51.128292>
	pigment { color rgbt <0,1,1,0> }
	no_shadow
}
cylinder {
	<47.002090, 40.948719, 51.727894>,  <47.576611, 40.685299, 51.318890>, 0.130000
	pigment { color rgbt <1,0,0,0> }
	no_shadow
}

// nucleotide -1

// particle -1
sphere {
	<47.002090, 40.948719, 51.727894> 0.250000
	pigment { color rgbt <1,0,0,0> }
	no_shadow
}
cylinder {
	<46.868011, 40.595833, 51.595627>,  <46.787563, 40.384102, 51.516266>, 0.100000
	pigment { color rgbt <1,0,0,0> }
	no_shadow
}
cylinder {
	<46.868011, 40.595833, 51.595627>,  <47.002090, 40.948719, 51.727894>, 0.100000
	pigment { color rgbt <1,0,0,0> }
	no_shadow
}

// particle -1
sphere {
	<46.868011, 40.595833, 51.595627> 0.100000
	pigment { color rgbt <1,0,0,0> }
	no_shadow
}
sphere {
	0, 1
	scale<0.080000,0.200000,0.300000>
	matrix <-0.540677, -0.107299, 0.834359,
		-0.771566, 0.458454, -0.441029,
		-0.335193, -0.882217, -0.330663,
		46.767452, 40.331169, 51.496429>
	pigment { color rgbt <0,1,1,0> }
	no_shadow
}
cylinder {
	<46.329464, 40.883167, 52.074371>,  <47.002090, 40.948719, 51.727894>, 0.130000
	pigment { color rgbt <1,0,0,0> }
	no_shadow
}

// nucleotide -1

// particle -1
sphere {
	<46.329464, 40.883167, 52.074371> 0.250000
	pigment { color rgbt <1,0,0,0> }
	no_shadow
}
cylinder {
	<46.379166, 40.511688, 51.934616>,  <46.408989, 40.288799, 51.850761>, 0.100000
	pigment { color rgbt <1,0,0,0> }
	no_shadow
}
cylinder {
	<46.379166, 40.511688, 51.934616>,  <46.329464, 40.883167, 52.074371>, 0.100000
	pigment { color rgbt <1,0,0,0> }
	no_shadow
}

// particle -1
sphere {
	<46.379166, 40.511688, 51.934616> 0.100000
	pigment { color rgbt <1,0,0,0> }
	no_shadow
}
sphere {
	0, 1
	scale<0.080000,0.200000,0.300000>
	matrix <-0.276788, -0.370586, 0.886597,
		-0.952863, -0.013459, -0.303102,
		0.124258, -0.928701, -0.349392,
		46.416443, 40.233078, 51.829800>
	pigment { color rgbt <0,1,1,0> }
	no_shadow
}
cylinder {
	<45.679039, 40.567703, 52.059666>,  <46.329464, 40.883167, 52.074371>, 0.130000
	pigment { color rgbt <1,0,0,0> }
	no_shadow
}

// nucleotide -1

// particle -1
sphere {
	<45.679039, 40.567703, 52.059666> 0.250000
	pigment { color rgbt <1,0,0,0> }
	no_shadow
}
cylinder {
	<45.969223, 40.294952, 52.097084>,  <46.143333, 40.131302, 52.119537>, 0.100000
	pigment { color rgbt <1,0,0,0> }
	no_shadow
}
cylinder {
	<45.969223, 40.294952, 52.097084>,  <45.679039, 40.567703, 52.059666>, 0.100000
	pigment { color rgbt <1,0,0,0> }
	no_shadow
}

// particle -1
sphere {
	<45.969223, 40.294952, 52.097084> 0.100000
	pigment { color rgbt <1,0,0,0> }
	no_shadow
}
sphere {
	0, 1
	scale<0.080000,0.200000,0.300000>
	matrix <-0.390575, -0.295948, 0.871703,
		-0.566707, -0.668926, -0.481022,
		0.725462, -0.681875, 0.093550,
		46.186863, 40.090389, 52.125149>
	pigment { color rgbt <0,1,1,0> }
	no_shadow
}
cylinder {
	<45.323387, 39.885334, 52.176498>,  <45.679039, 40.567703, 52.059666>, 0.130000
	pigment { color rgbt <1,0,0,0> }
	no_shadow
}

// nucleotide -1

// particle -1
sphere {
	<45.323387, 39.885334, 52.176498> 0.250000
	pigment { color rgbt <1,0,0,0> }
	no_shadow
}
cylinder {
	<45.696243, 39.845001, 52.315605>,  <45.919956, 39.820801, 52.399071>, 0.100000
	pigment { color rgbt <1,0,0,0> }
	no_shadow
}
cylinder {
	<45.696243, 39.845001, 52.315605>,  <45.323387, 39.885334, 52.176498>, 0.100000
	pigment { color rgbt <1,0,0,0> }
	no_shadow
}

// particle -1
sphere {
	<45.696243, 39.845001, 52.315605> 0.100000
	pigment { color rgbt <1,0,0,0> }
	no_shadow
}
sphere {
	0, 1
	scale<0.080000,0.200000,0.300000>
	matrix <-0.359223, -0.378154, 0.853205,
		0.045483, -0.920236, -0.388713,
		0.932143, -0.100828, 0.347769,
		45.975887, 39.814754, 52.419937>
	pigment { color rgbt <0,1,1,0> }
	no_shadow
}
cylinder {
	<45.280025, 39.172096, 52.318043>,  <45.323387, 39.885334, 52.176498>, 0.130000
	pigment { color rgbt <1,0,0,0> }
	no_shadow
}

// nucleotide -1

// particle -1
sphere {
	<45.280025, 39.172096, 52.318043> 0.250000
	pigment { color rgbt <1,0,0,0> }
	no_shadow
}
cylinder {
	<45.609749, 39.282455, 52.515785>,  <45.807583, 39.348671, 52.634430>, 0.100000
	pigment { color rgbt <1,0,0,0> }
	no_shadow
}
cylinder {
	<45.609749, 39.282455, 52.515785>,  <45.280025, 39.172096, 52.318043>, 0.100000
	pigment { color rgbt <1,0,0,0> }
	no_shadow
}

// particle -1
sphere {
	<45.609749, 39.282455, 52.515785> 0.100000
	pigment { color rgbt <1,0,0,0> }
	no_shadow
}
sphere {
	0, 1
	scale<0.080000,0.200000,0.300000>
	matrix <-0.339194, -0.458444, 0.821448,
		0.453274, -0.844812, -0.284316,
		0.824312, 0.275903, 0.494355,
		45.857044, 39.365227, 52.664093>
	pigment { color rgbt <0,1,1,0> }
	no_shadow
}
cylinder {
	<45.466690, 38.564404, 52.659584>,  <45.280025, 39.172096, 52.318043>, 0.130000
	pigment { color rgbt <1,0,0,0> }
	no_shadow
}

// nucleotide -1

// particle -1
sphere {
	<45.466690, 38.564404, 52.659584> 0.250000
	pigment { color rgbt <1,0,0,0> }
	no_shadow
}
cylinder {
	<45.630920, 38.880173, 52.842117>,  <45.729458, 39.069633, 52.951637>, 0.100000
	pigment { color rgbt <1,0,0,0> }
	no_shadow
}
cylinder {
	<45.630920, 38.880173, 52.842117>,  <45.466690, 38.564404, 52.659584>, 0.100000
	pigment { color rgbt <1,0,0,0> }
	no_shadow
}

// particle -1
sphere {
	<45.630920, 38.880173, 52.842117> 0.100000
	pigment { color rgbt <1,0,0,0> }
	no_shadow
}
sphere {
	0, 1
	scale<0.080000,0.200000,0.300000>
	matrix <-0.482207, -0.236773, 0.843454,
		0.773890, -0.566347, 0.283453,
		0.410574, 0.789424, 0.456332,
		45.754093, 39.117001, 52.979015>
	pigment { color rgbt <0,1,1,0> }
	no_shadow
}
cylinder {
	<45.576187, 38.320107, 53.315907>,  <45.466690, 38.564404, 52.659584>, 0.130000
	pigment { color rgbt <1,0,0,0> }
	no_shadow
}

// nucleotide -1

// particle -1
sphere {
	<45.576187, 38.320107, 53.315907> 0.250000
	pigment { color rgbt <1,0,0,0> }
	no_shadow
}
cylinder {
	<45.578590, 38.719879, 53.329159>,  <45.580032, 38.959743, 53.337112>, 0.100000
	pigment { color rgbt <1,0,0,0> }
	no_shadow
}
cylinder {
	<45.578590, 38.719879, 53.329159>,  <45.576187, 38.320107, 53.315907>, 0.100000
	pigment { color rgbt <1,0,0,0> }
	no_shadow
}

// particle -1
sphere {
	<45.578590, 38.719879, 53.329159> 0.100000
	pigment { color rgbt <1,0,0,0> }
	no_shadow
}
sphere {
	0, 1
	scale<0.080000,0.200000,0.300000>
	matrix <-0.607483, -0.022672, 0.794010,
		0.794311, -0.024896, 0.607002,
		0.006006, 0.999433, 0.033133,
		45.580391, 39.019711, 53.339100>
	pigment { color rgbt <0,1,1,0> }
	no_shadow
}
cylinder {
	<45.674229, 38.499092, 53.927849>,  <45.576187, 38.320107, 53.315907>, 0.130000
	pigment { color rgbt <1,0,0,0> }
	no_shadow
}

// nucleotide -1

// particle -1
sphere {
	<45.674229, 38.499092, 53.927849> 0.250000
	pigment { color rgbt <1,0,0,0> }
	no_shadow
}
cylinder {
	<45.483650, 38.814354, 53.771992>,  <45.369305, 39.003510, 53.678478>, 0.100000
	pigment { color rgbt <1,0,0,0> }
	no_shadow
}
cylinder {
	<45.483650, 38.814354, 53.771992>,  <45.674229, 38.499092, 53.927849>, 0.100000
	pigment { color rgbt <1,0,0,0> }
	no_shadow
}

// particle -1
sphere {
	<45.483650, 38.814354, 53.771992> 0.100000
	pigment { color rgbt <1,0,0,0> }
	no_shadow
}
sphere {
	0, 1
	scale<0.080000,0.200000,0.300000>
	matrix <-0.501308, 0.120547, 0.856831,
		0.722282, 0.603561, 0.337672,
		-0.476444, 0.788151, -0.389639,
		45.340717, 39.050800, 53.655102>
	pigment { color rgbt <0,1,1,0> }
	no_shadow
}
cylinder {
	<45.627121, 38.995163, 54.506134>,  <45.674229, 38.499092, 53.927849>, 0.130000
	pigment { color rgbt <1,0,0,0> }
	no_shadow
}

// nucleotide -1

// particle -1
sphere {
	<45.627121, 38.995163, 54.506134> 0.250000
	pigment { color rgbt <1,0,0,0> }
	no_shadow
}
cylinder {
	<45.358772, 39.093002, 54.226105>,  <45.197762, 39.151707, 54.058086>, 0.100000
	pigment { color rgbt <1,0,0,0> }
	no_shadow
}
cylinder {
	<45.358772, 39.093002, 54.226105>,  <45.627121, 38.995163, 54.506134>, 0.100000
	pigment { color rgbt <1,0,0,0> }
	no_shadow
}

// particle -1
sphere {
	<45.358772, 39.093002, 54.226105> 0.100000
	pigment { color rgbt <1,0,0,0> }
	no_shadow
}
sphere {
	0, 1
	scale<0.080000,0.200000,0.300000>
	matrix <-0.723982, -0.011629, 0.689720,
		0.160566, 0.969554, 0.184890,
		-0.670871, 0.244603, -0.700073,
		45.157513, 39.166382, 54.016083>
	pigment { color rgbt <0,1,1,0> }
	no_shadow
}
cylinder {
	<45.217182, 39.408638, 54.783798>,  <45.627121, 38.995163, 54.506134>, 0.130000
	pigment { color rgbt <1,0,0,0> }
	no_shadow
}

// nucleotide -1

// particle -1
sphere {
	<45.217182, 39.408638, 54.783798> 0.250000
	pigment { color rgbt <1,0,0,0> }
	no_shadow
}
cylinder {
	<44.973476, 39.359230, 54.470482>,  <44.827255, 39.329586, 54.282494>, 0.100000
	pigment { color rgbt <1,0,0,0> }
	no_shadow
}
cylinder {
	<44.973476, 39.359230, 54.470482>,  <45.217182, 39.408638, 54.783798>, 0.100000
	pigment { color rgbt <1,0,0,0> }
	no_shadow
}

// particle -1
sphere {
	<44.973476, 39.359230, 54.470482> 0.100000
	pigment { color rgbt <1,0,0,0> }
	no_shadow
}
sphere {
	0, 1
	scale<0.080000,0.200000,0.300000>
	matrix <-0.792622, 0.124131, 0.596943,
		0.023497, 0.984548, -0.173533,
		-0.609260, -0.123520, -0.783291,
		44.790699, 39.322174, 54.235493>
	pigment { color rgbt <0,1,1,0> }
	no_shadow
}
cylinder {
	<44.701519, 39.969330, 54.751205>,  <45.217182, 39.408638, 54.783798>, 0.130000
	pigment { color rgbt <1,0,0,0> }
	no_shadow
}

// nucleotide -1

// particle -1
sphere {
	<44.701519, 39.969330, 54.751205> 0.250000
	pigment { color rgbt <1,0,0,0> }
	no_shadow
}
cylinder {
	<44.531326, 39.673470, 54.542637>,  <44.429211, 39.495953, 54.417496>, 0.100000
	pigment { color rgbt <1,0,0,0> }
	no_shadow
}
cylinder {
	<44.531326, 39.673470, 54.542637>,  <44.701519, 39.969330, 54.751205>, 0.100000
	pigment { color rgbt <1,0,0,0> }
	no_shadow
}

// particle -1
sphere {
	<44.531326, 39.673470, 54.542637> 0.100000
	pigment { color rgbt <1,0,0,0> }
	no_shadow
}
sphere {
	0, 1
	scale<0.080000,0.200000,0.300000>
	matrix <-0.849997, 0.128890, 0.510777,
		-0.310592, 0.660531, -0.683543,
		-0.425486, -0.739652, -0.521417,
		44.403679, 39.451572, 54.386211>
	pigment { color rgbt <0,1,1,0> }
	no_shadow
}
cylinder {
	<44.025112, 40.187775, 54.621532>,  <44.701519, 39.969330, 54.751205>, 0.130000
	pigment { color rgbt <1,0,0,0> }
	no_shadow
}

// nucleotide -1

// particle -1
sphere {
	<44.025112, 40.187775, 54.621532> 0.250000
	pigment { color rgbt <1,0,0,0> }
	no_shadow
}
cylinder {
	<44.020710, 39.790733, 54.573177>,  <44.018070, 39.552509, 54.544163>, 0.100000
	pigment { color rgbt <1,0,0,0> }
	no_shadow
}
cylinder {
	<44.020710, 39.790733, 54.573177>,  <44.025112, 40.187775, 54.621532>, 0.100000
	pigment { color rgbt <1,0,0,0> }
	no_shadow
}

// particle -1
sphere {
	<44.020710, 39.790733, 54.573177> 0.100000
	pigment { color rgbt <1,0,0,0> }
	no_shadow
}
sphere {
	0, 1
	scale<0.080000,0.200000,0.300000>
	matrix <-0.819915, -0.060250, 0.569306,
		-0.572380, 0.105384, -0.813189,
		-0.011001, -0.992605, -0.120892,
		44.017410, 39.492950, 54.536911>
	pigment { color rgbt <0,1,1,0> }
	no_shadow
}
cylinder {
	<43.328419, 40.031849, 54.347191>,  <44.025112, 40.187775, 54.621532>, 0.130000
	pigment { color rgbt <1,0,0,0> }
	no_shadow
}

// nucleotide -1

// particle -1
sphere {
	<43.328419, 40.031849, 54.347191> 0.250000
	pigment { color rgbt <1,0,0,0> }
	no_shadow
}
cylinder {
	<43.512783, 39.724113, 54.524132>,  <43.623402, 39.539471, 54.630295>, 0.100000
	pigment { color rgbt <1,0,0,0> }
	no_shadow
}
cylinder {
	<43.512783, 39.724113, 54.524132>,  <43.328419, 40.031849, 54.347191>, 0.100000
	pigment { color rgbt <1,0,0,0> }
	no_shadow
}

// particle -1
sphere {
	<43.512783, 39.724113, 54.524132> 0.100000
	pigment { color rgbt <1,0,0,0> }
	no_shadow
}
sphere {
	0, 1
	scale<0.080000,0.200000,0.300000>
	matrix <-0.837283, -0.211778, 0.504091,
		-0.294141, -0.602709, -0.741770,
		0.460911, -0.769345, 0.442345,
		43.651058, 39.493309, 54.656837>
	pigment { color rgbt <0,1,1,0> }
	no_shadow
}
cylinder {
	<42.778320, 39.653973, 54.566978>,  <43.328419, 40.031849, 54.347191>, 0.130000
	pigment { color rgbt <1,0,0,0> }
	no_shadow
}

// nucleotide -1

// particle -1
sphere {
	<42.778320, 39.653973, 54.566978> 0.250000
	pigment { color rgbt <1,0,0,0> }
	no_shadow
}
cylinder {
	<43.064468, 39.450287, 54.758373>,  <43.236156, 39.328075, 54.873211>, 0.100000
	pigment { color rgbt <1,0,0,0> }
	no_shadow
}
cylinder {
	<43.064468, 39.450287, 54.758373>,  <42.778320, 39.653973, 54.566978>, 0.100000
	pigment { color rgbt <1,0,0,0> }
	no_shadow
}

// particle -1
sphere {
	<43.064468, 39.450287, 54.758373> 0.100000
	pigment { color rgbt <1,0,0,0> }
	no_shadow
}
sphere {
	0, 1
	scale<0.080000,0.200000,0.300000>
	matrix <-0.643633, -0.213640, 0.734911,
		-0.272000, -0.833704, -0.480576,
		0.715369, -0.509210, 0.478490,
		43.279079, 39.297523, 54.901920>
	pigment { color rgbt <0,1,1,0> }
	no_shadow
}
cylinder {
	<42.494633, 39.199039, 54.894577>,  <42.778320, 39.653973, 54.566978>, 0.130000
	pigment { color rgbt <1,0,0,0> }
	no_shadow
}

// nucleotide -1

// particle -1
sphere {
	<42.494633, 39.199039, 54.894577> 0.250000
	pigment { color rgbt <1,0,0,0> }
	no_shadow
}
cylinder {
	<42.836815, 39.199486, 55.101730>,  <43.042122, 39.199753, 55.226021>, 0.100000
	pigment { color rgbt <1,0,0,0> }
	no_shadow
}
cylinder {
	<42.836815, 39.199486, 55.101730>,  <42.494633, 39.199039, 54.894577>, 0.100000
	pigment { color rgbt <1,0,0,0> }
	no_shadow
}

// particle -1
sphere {
	<42.836815, 39.199486, 55.101730> 0.100000
	pigment { color rgbt <1,0,0,0> }
	no_shadow
}
sphere {
	0, 1
	scale<0.080000,0.200000,0.300000>
	matrix <-0.511633, -0.153052, 0.845462,
		0.080204, -0.988218, -0.130359,
		0.855452, 0.001114, 0.517880,
		43.093452, 39.199818, 55.257095>
	pigment { color rgbt <0,1,1,0> }
	no_shadow
}
cylinder {
	<42.345585, 38.719826, 55.396915>,  <42.494633, 39.199039, 54.894577>, 0.130000
	pigment { color rgbt <1,0,0,0> }
	no_shadow
}

// nucleotide -1

// particle -1
sphere {
	<42.345585, 38.719826, 55.396915> 0.250000
	pigment { color rgbt <1,0,0,0> }
	no_shadow
}
cylinder {
	<42.648941, 38.944336, 55.529469>,  <42.830956, 39.079044, 55.609001>, 0.100000
	pigment { color rgbt <1,0,0,0> }
	no_shadow
}
cylinder {
	<42.648941, 38.944336, 55.529469>,  <42.345585, 38.719826, 55.396915>, 0.100000
	pigment { color rgbt <1,0,0,0> }
	no_shadow
}

// particle -1
sphere {
	<42.648941, 38.944336, 55.529469> 0.100000
	pigment { color rgbt <1,0,0,0> }
	no_shadow
}
sphere {
	0, 1
	scale<0.080000,0.200000,0.300000>
	matrix <-0.388100, -0.019611, 0.921409,
		0.523666, -0.827394, 0.202959,
		0.758388, 0.561279, 0.331381,
		42.876457, 39.112720, 55.628883>
	pigment { color rgbt <0,1,1,0> }
	no_shadow
}
cylinder {
	<42.673943, 38.323570, 55.915524>,  <42.345585, 38.719826, 55.396915>, 0.130000
	pigment { color rgbt <1,0,0,0> }
	no_shadow
}

// nucleotide -1

// particle -1
sphere {
	<42.673943, 38.323570, 55.915524> 0.250000
	pigment { color rgbt <1,0,0,0> }
	no_shadow
}
cylinder {
	<42.730774, 38.716019, 55.968006>,  <42.764874, 38.951488, 55.999496>, 0.100000
	pigment { color rgbt <1,0,0,0> }
	no_shadow
}
cylinder {
	<42.730774, 38.716019, 55.968006>,  <42.673943, 38.323570, 55.915524>, 0.100000
	pigment { color rgbt <1,0,0,0> }
	no_shadow
}

// particle -1
sphere {
	<42.730774, 38.716019, 55.968006> 0.100000
	pigment { color rgbt <1,0,0,0> }
	no_shadow
}
sphere {
	0, 1
	scale<0.080000,0.200000,0.300000>
	matrix <-0.443934, -0.055318, 0.894351,
		0.884723, -0.185321, 0.427692,
		0.142083, 0.981120, 0.131211,
		42.773399, 39.010353, 56.007370>
	pigment { color rgbt <0,1,1,0> }
	no_shadow
}
cylinder {
	<42.819000, 38.430206, 56.717010>,  <42.673943, 38.323570, 55.915524>, 0.130000
	pigment { color rgbt <1,0,0,0> }
	no_shadow
}

// nucleotide -1

// particle -1
sphere {
	<42.819000, 38.430206, 56.717010> 0.250000
	pigment { color rgbt <1,0,0,0> }
	no_shadow
}
cylinder {
	<42.722198, 38.788841, 56.568649>,  <42.664116, 39.004021, 56.479633>, 0.100000
	pigment { color rgbt <1,0,0,0> }
	no_shadow
}
cylinder {
	<42.722198, 38.788841, 56.568649>,  <42.819000, 38.430206, 56.717010>, 0.100000
	pigment { color rgbt <1,0,0,0> }
	no_shadow
}

// particle -1
sphere {
	<42.722198, 38.788841, 56.568649> 0.100000
	pigment { color rgbt <1,0,0,0> }
	no_shadow
}
sphere {
	0, 1
	scale<0.080000,0.200000,0.300000>
	matrix <-0.449749, 0.235061, 0.861668,
		0.859743, 0.375343, 0.346352,
		-0.242007, 0.896585, -0.370902,
		42.649597, 39.057816, 56.457378>
	pigment { color rgbt <0,1,1,0> }
	no_shadow
}
cylinder {
	<42.997608, 38.845360, 57.225124>,  <42.819000, 38.430206, 56.717010>, 0.130000
	pigment { color rgbt <1,0,0,0> }
	no_shadow
}

// nucleotide -1

// particle -1
sphere {
	<42.997608, 38.845360, 57.225124> 0.250000
	pigment { color rgbt <1,0,0,0> }
	no_shadow
}
cylinder {
	<42.731163, 39.059967, 57.017879>,  <42.571297, 39.188732, 56.893532>, 0.100000
	pigment { color rgbt <1,0,0,0> }
	no_shadow
}
cylinder {
	<42.731163, 39.059967, 57.017879>,  <42.997608, 38.845360, 57.225124>, 0.100000
	pigment { color rgbt <1,0,0,0> }
	no_shadow
}

// particle -1
sphere {
	<42.731163, 39.059967, 57.017879> 0.100000
	pigment { color rgbt <1,0,0,0> }
	no_shadow
}
sphere {
	0, 1
	scale<0.080000,0.200000,0.300000>
	matrix <-0.513377, 0.174112, 0.840315,
		0.541052, 0.825734, 0.159456,
		-0.666113, 0.536515, -0.518117,
		42.531330, 39.220921, 56.862446>
	pigment { color rgbt <0,1,1,0> }
	no_shadow
}
cylinder {
	<42.986389, 39.516846, 57.514381>,  <42.997608, 38.845360, 57.225124>, 0.130000
	pigment { color rgbt <1,0,0,0> }
	no_shadow
}

// nucleotide -1

// particle -1
sphere {
	<42.986389, 39.516846, 57.514381> 0.250000
	pigment { color rgbt <1,0,0,0> }
	no_shadow
}
cylinder {
	<42.641693, 39.471031, 57.316681>,  <42.434875, 39.443542, 57.198059>, 0.100000
	pigment { color rgbt <1,0,0,0> }
	no_shadow
}
cylinder {
	<42.641693, 39.471031, 57.316681>,  <42.986389, 39.516846, 57.514381>, 0.100000
	pigment { color rgbt <1,0,0,0> }
	no_shadow
}

// particle -1
sphere {
	<42.641693, 39.471031, 57.316681> 0.100000
	pigment { color rgbt <1,0,0,0> }
	no_shadow
}
sphere {
	0, 1
	scale<0.080000,0.200000,0.300000>
	matrix <-0.499419, 0.363040, 0.786627,
		0.089338, 0.924708, -0.370046,
		-0.861742, -0.114532, -0.494250,
		42.383171, 39.436672, 57.168407>
	pigment { color rgbt <0,1,1,0> }
	no_shadow
}
cylinder {
	<42.635826, 40.086788, 57.529373>,  <42.986389, 39.516846, 57.514381>, 0.130000
	pigment { color rgbt <1,0,0,0> }
	no_shadow
}

// nucleotide -1

// particle -1
sphere {
	<42.635826, 40.086788, 57.529373> 0.250000
	pigment { color rgbt <1,0,0,0> }
	no_shadow
}
cylinder {
	<42.342369, 39.817513, 57.492329>,  <42.166294, 39.655945, 57.470100>, 0.100000
	pigment { color rgbt <1,0,0,0> }
	no_shadow
}
cylinder {
	<42.342369, 39.817513, 57.492329>,  <42.635826, 40.086788, 57.529373>, 0.100000
	pigment { color rgbt <1,0,0,0> }
	no_shadow
}

// particle -1
sphere {
	<42.342369, 39.817513, 57.492329> 0.100000
	pigment { color rgbt <1,0,0,0> }
	no_shadow
}
sphere {
	0, 1
	scale<0.080000,0.200000,0.300000>
	matrix <-0.379882, 0.293305, 0.877304,
		-0.563430, 0.678811, -0.470916,
		-0.733646, -0.673192, -0.092611,
		42.122276, 39.615555, 57.464546>
	pigment { color rgbt <0,1,1,0> }
	no_shadow
}
cylinder {
	<42.058430, 40.497768, 57.657196>,  <42.635826, 40.086788, 57.529373>, 0.130000
	pigment { color rgbt <1,0,0,0> }
	no_shadow
}

// nucleotide -1

// particle -1
sphere {
	<42.058430, 40.497768, 57.657196> 0.250000
	pigment { color rgbt <1,0,0,0> }
	no_shadow
}
cylinder {
	<41.950806, 40.116035, 57.709122>,  <41.886230, 39.886997, 57.740276>, 0.100000
	pigment { color rgbt <1,0,0,0> }
	no_shadow
}
cylinder {
	<41.950806, 40.116035, 57.709122>,  <42.058430, 40.497768, 57.657196>, 0.100000
	pigment { color rgbt <1,0,0,0> }
	no_shadow
}

// particle -1
sphere {
	<41.950806, 40.116035, 57.709122> 0.100000
	pigment { color rgbt <1,0,0,0> }
	no_shadow
}
sphere {
	0, 1
	scale<0.080000,0.200000,0.300000>
	matrix <-0.474271, 0.248599, 0.844550,
		-0.838255, 0.165668, -0.519502,
		-0.269063, -0.954334, 0.129818,
		41.870087, 39.829735, 57.748066>
	pigment { color rgbt <0,1,1,0> }
	no_shadow
}
cylinder {
	<41.283127, 40.412796, 57.692486>,  <42.058430, 40.497768, 57.657196>, 0.130000
	pigment { color rgbt <1,0,0,0> }
	no_shadow
}

// nucleotide -1

// particle -1
sphere {
	<41.283127, 40.412796, 57.692486> 0.250000
	pigment { color rgbt <1,0,0,0> }
	no_shadow
}
cylinder {
	<41.446388, 40.094757, 57.871925>,  <41.544346, 39.903934, 57.979588>, 0.100000
	pigment { color rgbt <1,0,0,0> }
	no_shadow
}
cylinder {
	<41.446388, 40.094757, 57.871925>,  <41.283127, 40.412796, 57.692486>, 0.100000
	pigment { color rgbt <1,0,0,0> }
	no_shadow
}

// particle -1
sphere {
	<41.446388, 40.094757, 57.871925> 0.100000
	pigment { color rgbt <1,0,0,0> }
	no_shadow
}
sphere {
	0, 1
	scale<0.080000,0.200000,0.300000>
	matrix <-0.626409, 0.113545, 0.771180,
		-0.664096, -0.595764, -0.451710,
		0.408151, -0.795093, 0.448597,
		41.568832, 39.856228, 58.006504>
	pigment { color rgbt <0,1,1,0> }
	no_shadow
}
cylinder {
	<40.746735, 40.082668, 58.000214>,  <41.283127, 40.412796, 57.692486>, 0.130000
	pigment { color rgbt <1,0,0,0> }
	no_shadow
}

// nucleotide -1

// particle -1
sphere {
	<40.746735, 40.082668, 58.000214> 0.250000
	pigment { color rgbt <1,0,0,0> }
	no_shadow
}
cylinder {
	<41.044758, 39.915039, 58.207779>,  <41.223572, 39.814461, 58.332317>, 0.100000
	pigment { color rgbt <1,0,0,0> }
	no_shadow
}
cylinder {
	<41.044758, 39.915039, 58.207779>,  <40.746735, 40.082668, 58.000214>, 0.100000
	pigment { color rgbt <1,0,0,0> }
	no_shadow
}

// particle -1
sphere {
	<41.044758, 39.915039, 58.207779> 0.100000
	pigment { color rgbt <1,0,0,0> }
	no_shadow
}
sphere {
	0, 1
	scale<0.080000,0.200000,0.300000>
	matrix <-0.562818, 0.022503, 0.826274,
		-0.357945, -0.907674, -0.219095,
		0.745058, -0.419072, 0.518911,
		41.268276, 39.789318, 58.363453>
	pigment { color rgbt <0,1,1,0> }
	no_shadow
}
cylinder {
	<40.429264, 39.579906, 58.329147>,  <40.746735, 40.082668, 58.000214>, 0.130000
	pigment { color rgbt <1,0,0,0> }
	no_shadow
}

// nucleotide -1

// particle -1
sphere {
	<40.429264, 39.579906, 58.329147> 0.250000
	pigment { color rgbt <1,0,0,0> }
	no_shadow
}
cylinder {
	<40.758255, 39.612320, 58.554348>,  <40.955650, 39.631767, 58.689468>, 0.100000
	pigment { color rgbt <1,0,0,0> }
	no_shadow
}
cylinder {
	<40.758255, 39.612320, 58.554348>,  <40.429264, 39.579906, 58.329147>, 0.100000
	pigment { color rgbt <1,0,0,0> }
	no_shadow
}

// particle -1
sphere {
	<40.758255, 39.612320, 58.554348> 0.100000
	pigment { color rgbt <1,0,0,0> }
	no_shadow
}
sphere {
	0, 1
	scale<0.080000,0.200000,0.300000>
	matrix <-0.557262, -0.083553, 0.826122,
		0.113988, -0.993203, -0.023561,
		0.822475, 0.081039, 0.562998,
		41.004997, 39.636631, 58.723248>
	pigment { color rgbt <0,1,1,0> }
	no_shadow
}
cylinder {
	<40.333328, 39.115910, 58.800453>,  <40.429264, 39.579906, 58.329147>, 0.130000
	pigment { color rgbt <1,0,0,0> }
	no_shadow
}

// nucleotide -1

// particle -1
sphere {
	<40.333328, 39.115910, 58.800453> 0.250000
	pigment { color rgbt <1,0,0,0> }
	no_shadow
}
cylinder {
	<40.571999, 39.399124, 58.951538>,  <40.715199, 39.569054, 59.042187>, 0.100000
	pigment { color rgbt <1,0,0,0> }
	no_shadow
}
cylinder {
	<40.571999, 39.399124, 58.951538>,  <40.333328, 39.115910, 58.800453>, 0.100000
	pigment { color rgbt <1,0,0,0> }
	no_shadow
}

// particle -1
sphere {
	<40.571999, 39.399124, 58.951538> 0.100000
	pigment { color rgbt <1,0,0,0> }
	no_shadow
}
sphere {
	0, 1
	scale<0.080000,0.200000,0.300000>
	matrix <-0.576464, 0.050733, 0.815546,
		0.558275, -0.704349, 0.438430,
		0.596672, 0.708038, 0.377709,
		40.750999, 39.611534, 59.064850>
	pigment { color rgbt <0,1,1,0> }
	no_shadow
}
cylinder {
	<40.446033, 39.030891, 59.561359>,  <40.333328, 39.115910, 58.800453>, 0.130000
	pigment { color rgbt <1,0,0,0> }
	no_shadow
}

// nucleotide -1

// particle -1
sphere {
	<40.446033, 39.030891, 59.561359> 0.250000
	pigment { color rgbt <1,0,0,0> }
	no_shadow
}
cylinder {
	<40.531406, 39.420303, 59.528637>,  <40.582630, 39.653950, 59.509003>, 0.100000
	pigment { color rgbt <1,0,0,0> }
	no_shadow
}
cylinder {
	<40.531406, 39.420303, 59.528637>,  <40.446033, 39.030891, 59.561359>, 0.100000
	pigment { color rgbt <1,0,0,0> }
	no_shadow
}

// particle -1
sphere {
	<40.531406, 39.420303, 59.528637> 0.100000
	pigment { color rgbt <1,0,0,0> }
	no_shadow
}
sphere {
	0, 1
	scale<0.080000,0.200000,0.300000>
	matrix <-0.565450, 0.191381, 0.802272,
		0.796690, -0.124973, 0.591327,
		0.213431, 0.973527, -0.081806,
		40.595436, 39.712360, 59.504097>
	pigment { color rgbt <0,1,1,0> }
	no_shadow
}
cylinder {
	<40.768318, 39.293541, 60.218067>,  <40.446033, 39.030891, 59.561359>, 0.130000
	pigment { color rgbt <1,0,0,0> }
	no_shadow
}

// nucleotide -1

// particle -1
sphere {
	<40.768318, 39.293541, 60.218067> 0.250000
	pigment { color rgbt <1,0,0,0> }
	no_shadow
}
cylinder {
	<40.603481, 39.609947, 60.037193>,  <40.504578, 39.799789, 59.928669>, 0.100000
	pigment { color rgbt <1,0,0,0> }
	no_shadow
}
cylinder {
	<40.603481, 39.609947, 60.037193>,  <40.768318, 39.293541, 60.218067>, 0.100000
	pigment { color rgbt <1,0,0,0> }
	no_shadow
}

// particle -1
sphere {
	<40.603481, 39.609947, 60.037193> 0.100000
	pigment { color rgbt <1,0,0,0> }
	no_shadow
}
sphere {
	0, 1
	scale<0.080000,0.200000,0.300000>
	matrix <-0.401757, 0.287685, 0.869384,
