// switches for output
#declare DRAW_BASES = 1; // possible values are 0, 1; only relevant for DNA ribbons
#declare DRAW_BASES_TYPE = 3; // possible values are 1, 2, 3; only relevant for DNA ribbons
#declare DRAW_FOG = 0; // set to 1 to enable fog

#include "colors.inc"

#include "transforms.inc"
background { rgb <1, 1, 1>}

#default {
   normal{
       ripples 0.25
       frequency 0.20
       turbulence 0.2
       lambda 5
   }
	finish {
		phong 0.1
		phong_size 40.
	}
}

// original window dimensions: 1024x640


// camera settings

camera {
	sky <-0, 1, 0>
	up <-0, 1, 0>
	right 1.6 * <0.724836, 0, 0.688921>
	location <12.1561, 44.2, 77.9145>
	look_at <46.7464, 44.2, 41.5209>
	direction <34.5903, 0, -36.3936>
	angle 67.0682
}


# declare cpy_camera_pos = <12.1561, 44.2, 77.9145>;
# if (DRAW_FOG = 1)
fog {
	fog_type 2
	up vnormalize(cpy_camera_pos)
	color rgbt<1,1,1,0.3>
	distance 1e-5
	fog_alt 3e-3
	fog_offset 70.72
}
# end


// LIGHTS

# declare lum = 6;
global_settings {
	ambient_light rgb lum * <0.05, 0.05, 0.05>
	max_trace_level 15
}# declare cpy_direct_light_amount = 0.25;
light_source
{	1000 * <-0.0359156, -1, 1.41376>,
	rgb lum * cpy_direct_light_amount
	parallel
}

light_source
{	1000 * <0.0359156, 1, -1.41376>,
	rgb lum * cpy_direct_light_amount
	parallel
}

// strand 0

// nucleotide -1

// particle -1
sphere {
	<44.248154, 41.726589, 45.431484> 0.250000
	pigment { color rgbt <1,0,0,0> }
	no_shadow
}
cylinder {
	<44.345936, 41.810104, 45.810249>,  <44.404606, 41.860214, 46.037510>, 0.100000
	pigment { color rgbt <1,0,0,0> }
	no_shadow
}
cylinder {
	<44.345936, 41.810104, 45.810249>,  <44.248154, 41.726589, 45.431484>, 0.100000
	pigment { color rgbt <1,0,0,0> }
	no_shadow
}

// particle -1
sphere {
	<44.345936, 41.810104, 45.810249> 0.100000
	pigment { color rgbt <1,0,0,0> }
	no_shadow
}
sphere {
	0, 1
	scale<0.080000,0.200000,0.300000>
	matrix <-0.794561, -0.516616, 0.319029,
		0.555802, -0.830371, 0.039607,
		0.244451, 0.208787, 0.946917,
		44.419270, 41.872742, 46.094326>
	pigment { color rgbt <0,1,1,0> }
	no_shadow
}
cylinder {
	<44.188255, 41.128685, 45.785995>,  <44.248154, 41.726589, 45.431484>, 0.130000
	pigment { color rgbt <1,0,0,0> }
	no_shadow
}

// nucleotide -1

// particle -1
sphere {
	<44.188255, 41.128685, 45.785995> 0.250000
	pigment { color rgbt <1,0,0,0> }
	no_shadow
}
cylinder {
	<44.139763, 41.427361, 46.047607>,  <44.110668, 41.606567, 46.204575>, 0.100000
	pigment { color rgbt <1,0,0,0> }
	no_shadow
}
cylinder {
	<44.139763, 41.427361, 46.047607>,  <44.188255, 41.128685, 45.785995>, 0.100000
	pigment { color rgbt <1,0,0,0> }
	no_shadow
}

// particle -1
sphere {
	<44.139763, 41.427361, 46.047607> 0.100000
	pigment { color rgbt <1,0,0,0> }
	no_shadow
}
sphere {
	0, 1
	scale<0.080000,0.200000,0.300000>
	matrix <-0.801901, -0.462005, 0.378821,
		0.585028, -0.478540, 0.654784,
		-0.121232, 0.746693, 0.654028,
		44.103394, 41.651367, 46.243816>
	pigment { color rgbt <0,1,1,0> }
	no_shadow
}
cylinder {
	<44.014946, 40.768097, 46.337147>,  <44.188255, 41.128685, 45.785995>, 0.130000
	pigment { color rgbt <1,0,0,0> }
	no_shadow
}

// nucleotide -1

// particle -1
sphere {
	<44.014946, 40.768097, 46.337147> 0.250000
	pigment { color rgbt <1,0,0,0> }
	no_shadow
}
cylinder {
	<43.915115, 41.141289, 46.440884>,  <43.855217, 41.365204, 46.503124>, 0.100000
	pigment { color rgbt <1,0,0,0> }
	no_shadow
}
cylinder {
	<43.915115, 41.141289, 46.440884>,  <44.014946, 40.768097, 46.337147>, 0.100000
	pigment { color rgbt <1,0,0,0> }
	no_shadow
}

// particle -1
sphere {
	<43.915115, 41.141289, 46.440884> 0.100000
	pigment { color rgbt <1,0,0,0> }
	no_shadow
}
sphere {
	0, 1
	scale<0.080000,0.200000,0.300000>
	matrix <-0.840728, -0.341659, 0.420054,
		0.480510, -0.113201, 0.869653,
		-0.249574, 0.932982, 0.259342,
		43.840244, 41.421185, 46.518684>
	pigment { color rgbt <0,1,1,0> }
	no_shadow
}
cylinder {
	<43.945255, 40.793201, 47.016155>,  <44.014946, 40.768097, 46.337147>, 0.130000
	pigment { color rgbt <1,0,0,0> }
	no_shadow
}

// nucleotide -1

// particle -1
sphere {
	<43.945255, 40.793201, 47.016155> 0.250000
	pigment { color rgbt <1,0,0,0> }
	no_shadow
}
cylinder {
	<43.729111, 41.113922, 46.914082>,  <43.599422, 41.306355, 46.852837>, 0.100000
	pigment { color rgbt <1,0,0,0> }
	no_shadow
}
cylinder {
	<43.729111, 41.113922, 46.914082>,  <43.945255, 40.793201, 47.016155>, 0.100000
	pigment { color rgbt <1,0,0,0> }
	no_shadow
}

// particle -1
sphere {
	<43.729111, 41.113922, 46.914082> 0.100000
	pigment { color rgbt <1,0,0,0> }
	no_shadow
}
sphere {
	0, 1
	scale<0.080000,0.200000,0.300000>
	matrix <-0.726082, -0.291068, 0.622965,
		0.425217, 0.521915, 0.739456,
		-0.540366, 0.801801, -0.255186,
		43.567001, 41.354462, 46.837524>
	pigment { color rgbt <0,1,1,0> }
	no_shadow
}
cylinder {
	<43.658649, 40.982281, 47.562695>,  <43.945255, 40.793201, 47.016155>, 0.130000
	pigment { color rgbt <1,0,0,0> }
	no_shadow
}

// nucleotide -1

// particle -1
sphere {
	<43.658649, 40.982281, 47.562695> 0.250000
	pigment { color rgbt <1,0,0,0> }
	no_shadow
}
cylinder {
	<43.427399, 41.204117, 47.323299>,  <43.288647, 41.337219, 47.179661>, 0.100000
	pigment { color rgbt <1,0,0,0> }
	no_shadow
}
cylinder {
	<43.427399, 41.204117, 47.323299>,  <43.658649, 40.982281, 47.562695>, 0.100000
	pigment { color rgbt <1,0,0,0> }
	no_shadow
}

// particle -1
sphere {
	<43.427399, 41.204117, 47.323299> 0.100000
	pigment { color rgbt <1,0,0,0> }
	no_shadow
}
sphere {
	0, 1
	scale<0.080000,0.200000,0.300000>
	matrix <-0.773323, -0.138459, 0.618708,
		0.260265, 0.820521, 0.508927,
		-0.578129, 0.554593, -0.598492,
		43.253960, 41.370495, 47.143753>
	pigment { color rgbt <0,1,1,0> }
	no_shadow
}
cylinder {
	<43.244019, 41.549301, 47.992279>,  <43.658649, 40.982281, 47.562695>, 0.130000
	pigment { color rgbt <1,0,0,0> }
	no_shadow
}

// nucleotide -1

// particle -1
sphere {
	<43.244019, 41.549301, 47.992279> 0.250000
	pigment { color rgbt <1,0,0,0> }
	no_shadow
}
cylinder {
	<43.065304, 41.465729, 47.644318>,  <42.958073, 41.415585, 47.435543>, 0.100000
	pigment { color rgbt <1,0,0,0> }
	no_shadow
}
cylinder {
	<43.065304, 41.465729, 47.644318>,  <43.244019, 41.549301, 47.992279>, 0.100000
	pigment { color rgbt <1,0,0,0> }
	no_shadow
}

// particle -1
sphere {
	<43.065304, 41.465729, 47.644318> 0.100000
	pigment { color rgbt <1,0,0,0> }
	no_shadow
}
sphere {
	0, 1
	scale<0.080000,0.200000,0.300000>
	matrix <-0.865319, -0.145965, 0.479497,
		-0.227157, 0.966976, -0.115576,
		-0.446792, -0.208931, -0.869900,
		42.931267, 41.403049, 47.383347>
	pigment { color rgbt <0,1,1,0> }
	no_shadow
}
cylinder {
	<42.601051, 41.923107, 48.029991>,  <43.244019, 41.549301, 47.992279>, 0.130000
	pigment { color rgbt <1,0,0,0> }
	no_shadow
}

// nucleotide -1

// particle -1
sphere {
	<42.601051, 41.923107, 48.029991> 0.250000
	pigment { color rgbt <1,0,0,0> }
	no_shadow
}
cylinder {
	<42.560425, 41.630402, 47.760414>,  <42.536049, 41.454777, 47.598667>, 0.100000
	pigment { color rgbt <1,0,0,0> }
	no_shadow
}
cylinder {
	<42.560425, 41.630402, 47.760414>,  <42.601051, 41.923107, 48.029991>, 0.100000
	pigment { color rgbt <1,0,0,0> }
	no_shadow
}

// particle -1
sphere {
	<42.560425, 41.630402, 47.760414> 0.100000
	pigment { color rgbt <1,0,0,0> }
	no_shadow
}
sphere {
	0, 1
	scale<0.080000,0.200000,0.300000>
	matrix <-0.854944, -0.282189, 0.435248,
		-0.508680, 0.620392, -0.596958,
		-0.101569, -0.731767, -0.673944,
		42.529953, 41.410870, 47.558231>
	pigment { color rgbt <0,1,1,0> }
	no_shadow
}
cylinder {
	<41.806473, 41.978661, 47.832718>,  <42.601051, 41.923107, 48.029991>, 0.130000
	pigment { color rgbt <1,0,0,0> }
	no_shadow
}

// nucleotide -1

// particle -1
sphere {
	<41.806473, 41.978661, 47.832718> 0.250000
	pigment { color rgbt <1,0,0,0> }
	no_shadow
}
cylinder {
	<41.953819, 41.626678, 47.712730>,  <42.042225, 41.415489, 47.640739>, 0.100000
	pigment { color rgbt <1,0,0,0> }
	no_shadow
}
cylinder {
	<41.953819, 41.626678, 47.712730>,  <41.806473, 41.978661, 47.832718>, 0.100000
	pigment { color rgbt <1,0,0,0> }
	no_shadow
}

// particle -1
sphere {
	<41.953819, 41.626678, 47.712730> 0.100000
	pigment { color rgbt <1,0,0,0> }
	no_shadow
}
sphere {
	0, 1
	scale<0.080000,0.200000,0.300000>
	matrix <-0.819780, -0.459626, 0.341620,
		-0.438486, 0.120068, -0.890682,
		0.368363, -0.879959, -0.299969,
		42.064327, 41.362690, 47.622738>
	pigment { color rgbt <0,1,1,0> }
	no_shadow
}
cylinder {
	<41.275887, 41.634182, 47.344177>,  <41.806473, 41.978661, 47.832718>, 0.130000
	pigment { color rgbt <1,0,0,0> }
	no_shadow
}

// nucleotide -1

// particle -1
sphere {
	<41.275887, 41.634182, 47.344177> 0.250000
	pigment { color rgbt <1,0,0,0> }
	no_shadow
}
cylinder {
	<41.508202, 41.334259, 47.470963>,  <41.647591, 41.154305, 47.547035>, 0.100000
	pigment { color rgbt <1,0,0,0> }
	no_shadow
}
cylinder {
	<41.508202, 41.334259, 47.470963>,  <41.275887, 41.634182, 47.344177>, 0.100000
	pigment { color rgbt <1,0,0,0> }
	no_shadow
}

// particle -1
sphere {
	<41.508202, 41.334259, 47.470963> 0.100000
	pigment { color rgbt <1,0,0,0> }
	no_shadow
}
sphere {
	0, 1
	scale<0.080000,0.200000,0.300000>
	matrix <-0.810873, -0.498467, 0.306620,
		-0.071910, -0.435101, -0.897506,
		0.580788, -0.749812, 0.316967,
		41.682438, 41.109314, 47.566051>
	pigment { color rgbt <0,1,1,0> }
	no_shadow
}
cylinder {
	<40.931164, 41.076977, 47.084812>,  <41.275887, 41.634182, 47.344177>, 0.130000
	pigment { color rgbt <1,0,0,0> }
	no_shadow
}

// nucleotide -1

// particle -1
sphere {
	<40.931164, 41.076977, 47.084812> 0.250000
	pigment { color rgbt <1,0,0,0> }
	no_shadow
}
cylinder {
	<41.179085, 40.897453, 47.342316>,  <41.327835, 40.789742, 47.496819>, 0.100000
	pigment { color rgbt <1,0,0,0> }
	no_shadow
}
cylinder {
	<41.179085, 40.897453, 47.342316>,  <40.931164, 41.076977, 47.084812>, 0.100000
	pigment { color rgbt <1,0,0,0> }
	no_shadow
}

// particle -1
sphere {
	<41.179085, 40.897453, 47.342316> 0.100000
	pigment { color rgbt <1,0,0,0> }
	no_shadow
}
sphere {
	0, 1
	scale<0.080000,0.200000,0.300000>
	matrix <-0.746501, -0.590196, 0.307255,
		0.242046, -0.671002, -0.700836,
		0.619799, -0.448805, 0.643757,
		41.365025, 40.762814, 47.535442>
	pigment { color rgbt <0,1,1,0> }
	no_shadow
}
cylinder {
	<40.843830, 40.365768, 47.043495>,  <40.931164, 41.076977, 47.084812>, 0.130000
	pigment { color rgbt <1,0,0,0> }
	no_shadow
}

// nucleotide -1

// particle -1
sphere {
	<40.843830, 40.365768, 47.043495> 0.250000
	pigment { color rgbt <1,0,0,0> }
	no_shadow
}
cylinder {
	<40.993767, 40.434196, 47.407963>,  <41.083729, 40.475254, 47.626644>, 0.100000
	pigment { color rgbt <1,0,0,0> }
	no_shadow
}
cylinder {
	<40.993767, 40.434196, 47.407963>,  <40.843830, 40.365768, 47.043495>, 0.100000
	pigment { color rgbt <1,0,0,0> }
	no_shadow
}

// particle -1
sphere {
	<40.993767, 40.434196, 47.407963> 0.100000
	pigment { color rgbt <1,0,0,0> }
	no_shadow
}
sphere {
	0, 1
	scale<0.080000,0.200000,0.300000>
	matrix <-0.739936, -0.536934, 0.405212,
		0.558558, -0.826097, -0.074682,
		0.374843, 0.171074, 0.911167,
		41.106220, 40.485519, 47.681313>
	pigment { color rgbt <0,1,1,0> }
	no_shadow
}
cylinder {
	<40.747166, 39.772408, 47.444767>,  <40.843830, 40.365768, 47.043495>, 0.130000
	pigment { color rgbt <1,0,0,0> }
	no_shadow
}

// nucleotide -1

// particle -1
sphere {
	<40.747166, 39.772408, 47.444767> 0.250000
	pigment { color rgbt <1,0,0,0> }
	no_shadow
}
cylinder {
	<40.820988, 40.030945, 47.740921>,  <40.865280, 40.186069, 47.918613>, 0.100000
	pigment { color rgbt <1,0,0,0> }
	no_shadow
}
cylinder {
	<40.820988, 40.030945, 47.740921>,  <40.747166, 39.772408, 47.444767>, 0.100000
	pigment { color rgbt <1,0,0,0> }
	no_shadow
}

// particle -1
sphere {
	<40.820988, 40.030945, 47.740921> 0.100000
	pigment { color rgbt <1,0,0,0> }
	no_shadow
}
sphere {
	0, 1
	scale<0.080000,0.200000,0.300000>
	matrix <-0.619695, -0.508182, 0.598105,
		0.762836, -0.569198, 0.306750,
		0.184555, 0.646347, 0.740388,
		40.876354, 40.224850, 47.963036>
	pigment { color rgbt <0,1,1,0> }
	no_shadow
}
cylinder {
	<40.752060, 39.365200, 48.094402>,  <40.747166, 39.772408, 47.444767>, 0.130000
	pigment { color rgbt <1,0,0,0> }
	no_shadow
}

// nucleotide -1

// particle -1
sphere {
	<40.752060, 39.365200, 48.094402> 0.250000
	pigment { color rgbt <1,0,0,0> }
	no_shadow
}
cylinder {
	<40.685806, 39.738930, 48.220646>,  <40.646053, 39.963165, 48.296391>, 0.100000
	pigment { color rgbt <1,0,0,0> }
	no_shadow
}
cylinder {
	<40.685806, 39.738930, 48.220646>,  <40.752060, 39.365200, 48.094402>, 0.100000
	pigment { color rgbt <1,0,0,0> }
	no_shadow
}

// particle -1
sphere {
	<40.685806, 39.738930, 48.220646> 0.100000
	pigment { color rgbt <1,0,0,0> }
	no_shadow
}
sphere {
	0, 1
	scale<0.080000,0.200000,0.300000>
	matrix <-0.582300, -0.350943, 0.733325,
		0.795921, -0.062314, 0.602184,
		-0.165635, 0.934321, 0.315608,
		40.636116, 40.019226, 48.315327>
	pigment { color rgbt <0,1,1,0> }
	no_shadow
}
cylinder {
	<40.877396, 39.409809, 48.765652>,  <40.752060, 39.365200, 48.094402>, 0.130000
	pigment { color rgbt <1,0,0,0> }
	no_shadow
}

// nucleotide -1

// particle -1
sphere {
	<40.877396, 39.409809, 48.765652> 0.250000
	pigment { color rgbt <1,0,0,0> }
	no_shadow
}
cylinder {
	<40.628929, 39.721016, 48.728016>,  <40.479851, 39.907738, 48.705433>, 0.100000
	pigment { color rgbt <1,0,0,0> }
	no_shadow
}
cylinder {
	<40.628929, 39.721016, 48.728016>,  <40.877396, 39.409809, 48.765652>, 0.100000
	pigment { color rgbt <1,0,0,0> }
	no_shadow
}

// particle -1
sphere {
	<40.628929, 39.721016, 48.728016> 0.100000
	pigment { color rgbt <1,0,0,0> }
	no_shadow
}
sphere {
	0, 1
	scale<0.080000,0.200000,0.300000>
	matrix <-0.645599, -0.439956, 0.624212,
		0.444250, 0.448480, 0.775569,
		-0.621163, 0.778013, -0.094088,
		40.442581, 39.954418, 48.699791>
	pigment { color rgbt <0,1,1,0> }
	no_shadow
}
cylinder {
	<40.534195, 39.326145, 49.316193>,  <40.877396, 39.409809, 48.765652>, 0.130000
	pigment { color rgbt <1,0,0,0> }
	no_shadow
}

// nucleotide -1

// particle -1
sphere {
	<40.534195, 39.326145, 49.316193> 0.250000
	pigment { color rgbt <1,0,0,0> }
	no_shadow
}
cylinder {
	<40.304745, 39.617233, 49.165791>,  <40.167076, 39.791885, 49.075550>, 0.100000
	pigment { color rgbt <1,0,0,0> }
	no_shadow
}
cylinder {
	<40.304745, 39.617233, 49.165791>,  <40.534195, 39.326145, 49.316193>, 0.100000
	pigment { color rgbt <1,0,0,0> }
	no_shadow
}

// particle -1
sphere {
	<40.304745, 39.617233, 49.165791> 0.100000
	pigment { color rgbt <1,0,0,0> }
	no_shadow
}
sphere {
	0, 1
	scale<0.080000,0.200000,0.300000>
	matrix <-0.788415, -0.366010, 0.494407,
		0.222166, 0.580054, 0.783696,
		-0.573624, 0.727718, -0.376008,
		40.132656, 39.835548, 49.052990>
	pigment { color rgbt <0,1,1,0> }
	no_shadow
}
cylinder {
	<40.113102, 39.663757, 49.921818>,  <40.534195, 39.326145, 49.316193>, 0.130000
	pigment { color rgbt <1,0,0,0> }
	no_shadow
}

// nucleotide -1

// particle -1
sphere {
	<40.113102, 39.663757, 49.921818> 0.250000
	pigment { color rgbt <1,0,0,0> }
	no_shadow
}
cylinder {
	<39.922127, 39.733582, 49.577358>,  <39.807541, 39.775478, 49.370682>, 0.100000
	pigment { color rgbt <1,0,0,0> }
	no_shadow
}
cylinder {
	<39.922127, 39.733582, 49.577358>,  <40.113102, 39.663757, 49.921818>, 0.100000
	pigment { color rgbt <1,0,0,0> }
	no_shadow
}

// particle -1
sphere {
	<39.922127, 39.733582, 49.577358> 0.100000
	pigment { color rgbt <1,0,0,0> }
	no_shadow
}
sphere {
	0, 1
	scale<0.080000,0.200000,0.300000>
	matrix <-0.838778, -0.382482, 0.387504,
		-0.261730, 0.907323, 0.329032,
		-0.477440, 0.174564, -0.861150,
		39.778896, 39.785950, 49.319012>
	pigment { color rgbt <0,1,1,0> }
	no_shadow
}
cylinder {
	<39.480484, 39.996868, 50.222759>,  <40.113102, 39.663757, 49.921818>, 0.130000
	pigment { color rgbt <1,0,0,0> }
	no_shadow
}

// nucleotide -1

// particle -1
sphere {
	<39.480484, 39.996868, 50.222759> 0.250000
	pigment { color rgbt <1,0,0,0> }
	no_shadow
}
cylinder {
	<39.406338, 39.861084, 49.853889>,  <39.361851, 39.779613, 49.632568>, 0.100000
	pigment { color rgbt <1,0,0,0> }
	no_shadow
}
cylinder {
	<39.406338, 39.861084, 49.853889>,  <39.480484, 39.996868, 50.222759>, 0.100000
	pigment { color rgbt <1,0,0,0> }
	no_shadow
}

// particle -1
sphere {
	<39.406338, 39.861084, 49.853889> 0.100000
	pigment { color rgbt <1,0,0,0> }
	no_shadow
}
sphere {
	0, 1
	scale<0.080000,0.200000,0.300000>
	matrix <-0.924365, -0.258208, 0.280851,
		-0.333452, 0.904485, -0.265927,
		-0.185361, -0.339464, -0.922174,
		39.350731, 39.759243, 49.577236>
	pigment { color rgbt <0,1,1,0> }
	no_shadow
}
cylinder {
	<38.815174, 40.186592, 49.930126>,  <39.480484, 39.996868, 50.222759>, 0.130000
	pigment { color rgbt <1,0,0,0> }
	no_shadow
}

// nucleotide -1

// particle -1
sphere {
	<38.815174, 40.186592, 49.930126> 0.250000
	pigment { color rgbt <1,0,0,0> }
	no_shadow
}
cylinder {
	<38.917793, 39.859154, 49.724571>,  <38.979362, 39.662689, 49.601238>, 0.100000
	pigment { color rgbt <1,0,0,0> }
	no_shadow
}
cylinder {
	<38.917793, 39.859154, 49.724571>,  <38.815174, 40.186592, 49.930126>, 0.100000
	pigment { color rgbt <1,0,0,0> }
	no_shadow
}

// particle -1
sphere {
	<38.917793, 39.859154, 49.724571> 0.100000
	pigment { color rgbt <1,0,0,0> }
	no_shadow
}
sphere {
	0, 1
	scale<0.080000,0.200000,0.300000>
	matrix <-0.910362, -0.383264, 0.156044,
		-0.324692, 0.427792, -0.843546,
		0.256546, -0.818598, -0.513888,
		38.994759, 39.613575, 49.570404>
	pigment { color rgbt <0,1,1,0> }
	no_shadow
}
cylinder {
	<38.218811, 40.064037, 49.480465>,  <38.815174, 40.186592, 49.930126>, 0.130000
	pigment { color rgbt <1,0,0,0> }
	no_shadow
}

// nucleotide -1

// particle -1
sphere {
	<38.218811, 40.064037, 49.480465> 0.250000
	pigment { color rgbt <1,0,0,0> }
	no_shadow
}
cylinder {
	<38.414314, 39.717445, 49.521111>,  <38.531616, 39.509491, 49.545498>, 0.100000
	pigment { color rgbt <1,0,0,0> }
	no_shadow
}
cylinder {
	<38.414314, 39.717445, 49.521111>,  <38.218811, 40.064037, 49.480465>, 0.100000
	pigment { color rgbt <1,0,0,0> }
	no_shadow
}

// particle -1
sphere {
	<38.414314, 39.717445, 49.521111> 0.100000
	pigment { color rgbt <1,0,0,0> }
	no_shadow
}
sphere {
	0, 1
	scale<0.080000,0.200000,0.300000>
	matrix <-0.854118, -0.451523, 0.258090,
		-0.177748, -0.212936, -0.960762,
		0.488763, -0.866479, 0.101615,
		38.560944, 39.457500, 49.551594>
	pigment { color rgbt <0,1,1,0> }
	no_shadow
}
cylinder {
	<37.831833, 39.568150, 49.054283>,  <38.218811, 40.064037, 49.480465>, 0.130000
	pigment { color rgbt <1,0,0,0> }
	no_shadow
}

// nucleotide -1

// particle -1
sphere {
	<37.831833, 39.568150, 49.054283> 0.250000
	pigment { color rgbt <1,0,0,0> }
	no_shadow
}
cylinder {
	<38.049057, 39.349274, 49.309052>,  <38.179390, 39.217949, 49.461914>, 0.100000
	pigment { color rgbt <1,0,0,0> }
	no_shadow
}
cylinder {
	<38.049057, 39.349274, 49.309052>,  <37.831833, 39.568150, 49.054283>, 0.100000
	pigment { color rgbt <1,0,0,0> }
	no_shadow
}

// particle -1
sphere {
	<38.049057, 39.349274, 49.309052> 0.100000
	pigment { color rgbt <1,0,0,0> }
	no_shadow
}
sphere {
	0, 1
	scale<0.080000,0.200000,0.300000>
	matrix <-0.813868, -0.529680, 0.238867,
		0.206659, -0.648089, -0.732989,
		0.543057, -0.547192, 0.636922,
		38.211975, 39.185116, 49.500130>
	pigment { color rgbt <0,1,1,0> }
	no_shadow
}
cylinder {
	<37.450924, 38.975395, 48.991837>,  <37.831833, 39.568150, 49.054283>, 0.130000
	pigment { color rgbt <1,0,0,0> }
	no_shadow
}

// nucleotide -1

// particle -1
sphere {
	<37.450924, 38.975395, 48.991837> 0.250000
	pigment { color rgbt <1,0,0,0> }
	no_shadow
}
cylinder {
	<37.672997, 38.955605, 49.323936>,  <37.806240, 38.943729, 49.523197>, 0.100000
	pigment { color rgbt <1,0,0,0> }
	no_shadow
}
cylinder {
	<37.672997, 38.955605, 49.323936>,  <37.450924, 38.975395, 48.991837>, 0.100000
	pigment { color rgbt <1,0,0,0> }
	no_shadow
}

// particle -1
sphere {
	<37.672997, 38.955605, 49.323936> 0.100000
	pigment { color rgbt <1,0,0,0> }
	no_shadow
}
sphere {
	0, 1
	scale<0.080000,0.200000,0.300000>
	matrix <-0.729269, -0.508938, 0.457328,
		0.399920, -0.859380, -0.318637,
		0.555185, -0.049478, 0.830254,
		37.839554, 38.940762, 49.573013>
	pigment { color rgbt <0,1,1,0> }
	no_shadow
}
cylinder {
	<37.263554, 38.359924, 49.237041>,  <37.450924, 38.975395, 48.991837>, 0.130000
	pigment { color rgbt <1,0,0,0> }
	no_shadow
}

// nucleotide -1

// particle -1
sphere {
	<37.263554, 38.359924, 49.237041> 0.250000
	pigment { color rgbt <1,0,0,0> }
	no_shadow
}
cylinder {
	<37.458954, 38.504059, 49.554916>,  <37.576195, 38.590538, 49.745640>, 0.100000
	pigment { color rgbt <1,0,0,0> }
	no_shadow
}
cylinder {
	<37.458954, 38.504059, 49.554916>,  <37.263554, 38.359924, 49.237041>, 0.100000
	pigment { color rgbt <1,0,0,0> }
	no_shadow
}

// particle -1
sphere {
	<37.458954, 38.504059, 49.554916> 0.100000
	pigment { color rgbt <1,0,0,0> }
	no_shadow
}
sphere {
	0, 1
	scale<0.080000,0.200000,0.300000>
	matrix <-0.678959, -0.415086, 0.605572,
		0.548074, -0.835381, 0.041886,
		0.488497, 0.360337, 0.794687,
		37.605503, 38.612160, 49.793324>
	pigment { color rgbt <0,1,1,0> }
	no_shadow
}
cylinder {
	<37.494038, 37.767448, 49.639881>,  <37.263554, 38.359924, 49.237041>, 0.130000
	pigment { color rgbt <1,0,0,0> }
	no_shadow
}

// nucleotide -1

// particle -1
sphere {
	<37.494038, 37.767448, 49.639881> 0.250000
	pigment { color rgbt <1,0,0,0> }
	no_shadow
}
cylinder {
	<37.498253, 38.081024, 49.888180>,  <37.500782, 38.269169, 50.037159>, 0.100000
	pigment { color rgbt <1,0,0,0> }
	no_shadow
}
cylinder {
	<37.498253, 38.081024, 49.888180>,  <37.494038, 37.767448, 49.639881>, 0.100000
	pigment { color rgbt <1,0,0,0> }
	no_shadow
}

// particle -1
sphere {
	<37.498253, 38.081024, 49.888180> 0.100000
	pigment { color rgbt <1,0,0,0> }
	no_shadow
}
sphere {
	0, 1
	scale<0.080000,0.200000,0.300000>
	matrix <-0.678573, -0.450355, 0.580275,
		0.734457, -0.427337, 0.527215,
		0.010539, 0.783941, 0.620746,
		37.501415, 38.316208, 50.074402>
	pigment { color rgbt <0,1,1,0> }
	no_shadow
}
cylinder {
	<37.591759, 37.498753, 50.339340>,  <37.494038, 37.767448, 49.639881>, 0.130000
	pigment { color rgbt <1,0,0,0> }
	no_shadow
}

// nucleotide -1

// particle -1
sphere {
	<37.591759, 37.498753, 50.339340> 0.250000
	pigment { color rgbt <1,0,0,0> }
	no_shadow
}
cylinder {
	<37.421715, 37.860168, 50.360832>,  <37.319687, 38.077019, 50.373730>, 0.100000
	pigment { color rgbt <1,0,0,0> }
	no_shadow
}
cylinder {
	<37.421715, 37.860168, 50.360832>,  <37.591759, 37.498753, 50.339340>, 0.100000
	pigment { color rgbt <1,0,0,0> }
	no_shadow
}

// particle -1
sphere {
	<37.421715, 37.860168, 50.360832> 0.100000
	pigment { color rgbt <1,0,0,0> }
	no_shadow
}
sphere {
	0, 1
	scale<0.080000,0.200000,0.300000>
	matrix <-0.631137, -0.338455, 0.697936,
		0.648802, 0.262789, 0.714142,
		-0.425115, 0.903543, 0.053734,
		37.294182, 38.131233, 50.376953>
	pigment { color rgbt <0,1,1,0> }
	no_shadow
}
cylinder {
	<37.531235, 37.591702, 51.006393>,  <37.591759, 37.498753, 50.339340>, 0.130000
	pigment { color rgbt <1,0,0,0> }
	no_shadow
}

// nucleotide -1

// particle -1
sphere {
	<37.531235, 37.591702, 51.006393> 0.250000
	pigment { color rgbt <1,0,0,0> }
	no_shadow
}
cylinder {
	<37.272797, 37.860107, 50.860901>,  <37.117733, 38.021152, 50.773605>, 0.100000
	pigment { color rgbt <1,0,0,0> }
	no_shadow
}
cylinder {
	<37.272797, 37.860107, 50.860901>,  <37.531235, 37.591702, 51.006393>, 0.100000
	pigment { color rgbt <1,0,0,0> }
	no_shadow
}

// particle -1
sphere {
	<37.272797, 37.860107, 50.860901> 0.100000
	pigment { color rgbt <1,0,0,0> }
	no_shadow
}
sphere {
	0, 1
	scale<0.080000,0.200000,0.300000>
	matrix <-0.651463, -0.236505, 0.720875,
		0.397692, 0.702713, 0.589945,
		-0.646093, 0.671014, -0.363735,
		37.078968, 38.061413, 50.751781>
	pigment { color rgbt <0,1,1,0> }
	no_shadow
}
cylinder {
	<37.343666, 37.939465, 51.595905>,  <37.531235, 37.591702, 51.006393>, 0.130000
	pigment { color rgbt <1,0,0,0> }
	no_shadow
}

// nucleotide -1

// particle -1
sphere {
	<37.343666, 37.939465, 51.595905> 0.250000
	pigment { color rgbt <1,0,0,0> }
	no_shadow
}
cylinder {
	<37.067638, 37.967377, 51.307755>,  <36.902023, 37.984123, 51.134865>, 0.100000
	pigment { color rgbt <1,0,0,0> }
	no_shadow
}
cylinder {
	<37.067638, 37.967377, 51.307755>,  <37.343666, 37.939465, 51.595905>, 0.100000
	pigment { color rgbt <1,0,0,0> }
	no_shadow
}

// particle -1
sphere {
	<37.067638, 37.967377, 51.307755> 0.100000
	pigment { color rgbt <1,0,0,0> }
	no_shadow
}
sphere {
	0, 1
	scale<0.080000,0.200000,0.300000>
	matrix <-0.686178, -0.379597, 0.620536,
		-0.230150, 0.922516, 0.309830,
		-0.690066, 0.069782, -0.720375,
		36.860619, 37.988312, 51.091640>
	pigment { color rgbt <0,1,1,0> }
	no_shadow
}
cylinder {
	<36.746181, 38.207085, 52.013897>,  <37.343666, 37.939465, 51.595905>, 0.130000
	pigment { color rgbt <1,0,0,0> }
	no_shadow
}

// nucleotide -1

// particle -1
sphere {
	<36.746181, 38.207085, 52.013897> 0.250000
	pigment { color rgbt <1,0,0,0> }
	no_shadow
}
cylinder {
	<36.606689, 38.075890, 51.662716>,  <36.522995, 37.997173, 51.452007>, 0.100000
	pigment { color rgbt <1,0,0,0> }
	no_shadow
}
cylinder {
	<36.606689, 38.075890, 51.662716>,  <36.746181, 38.207085, 52.013897>, 0.100000
	pigment { color rgbt <1,0,0,0> }
	no_shadow
}

// particle -1
sphere {
	<36.606689, 38.075890, 51.662716> 0.100000
	pigment { color rgbt <1,0,0,0> }
	no_shadow
}
sphere {
	0, 1
	scale<0.080000,0.200000,0.300000>
	matrix <-0.835718, -0.315183, 0.449705,
		-0.424216, 0.890552, -0.164192,
		-0.348734, -0.327990, -0.877956,
		36.502068, 37.977493, 51.399330>
	pigment { color rgbt <0,1,1,0> }
	no_shadow
}
cylinder {
	<36.114616, 38.466991, 52.036274>,  <36.746181, 38.207085, 52.013897>, 0.130000
	pigment { color rgbt <1,0,0,0> }
	no_shadow
}

// nucleotide -1

// particle -1
sphere {
	<36.114616, 38.466991, 52.036274> 0.250000
	pigment { color rgbt <1,0,0,0> }
	no_shadow
}
cylinder {
	<36.107460, 38.170738, 51.767605>,  <36.103168, 37.992985, 51.606403>, 0.100000
	pigment { color rgbt <1,0,0,0> }
	no_shadow
}
cylinder {
	<36.107460, 38.170738, 51.767605>,  <36.114616, 38.466991, 52.036274>, 0.100000
	pigment { color rgbt <1,0,0,0> }
	no_shadow
}

// particle -1
sphere {
	<36.107460, 38.170738, 51.767605> 0.100000
	pigment { color rgbt <1,0,0,0> }
	no_shadow
}
sphere {
	0, 1
	scale<0.080000,0.200000,0.300000>
	matrix <-0.773293, -0.415591, 0.478855,
		-0.633796, 0.527963, -0.565294,
		-0.017887, -0.740634, -0.671670,
		36.102093, 37.948547, 51.566105>
	pigment { color rgbt <0,1,1,0> }
	no_shadow
}
cylinder {
	<35.509537, 38.367573, 51.726757>,  <36.114616, 38.466991, 52.036274>, 0.130000
	pigment { color rgbt <1,0,0,0> }
	no_shadow
}

// nucleotide -1

// particle -1
sphere {
	<35.509537, 38.367573, 51.726757> 0.250000
	pigment { color rgbt <1,0,0,0> }
	no_shadow
}
cylinder {
	<35.654045, 38.008156, 51.627075>,  <35.740749, 37.792507, 51.567265>, 0.100000
	pigment { color rgbt <1,0,0,0> }
	no_shadow
}
cylinder {
	<35.654045, 38.008156, 51.627075>,  <35.509537, 38.367573, 51.726757>, 0.100000
	pigment { color rgbt <1,0,0,0> }
	no_shadow
}

// particle -1
sphere {
	<35.654045, 38.008156, 51.627075> 0.100000
	pigment { color rgbt <1,0,0,0> }
	no_shadow
}
sphere {
	0, 1
	scale<0.080000,0.200000,0.300000>
	matrix <-0.811338, -0.434635, 0.390926,
		-0.459579, 0.060963, -0.886042,
		0.361273, -0.898541, -0.249211,
		35.762428, 37.738594, 51.552311>
	pigment { color rgbt <0,1,1,0> }
	no_shadow
}
cylinder {
	<34.909206, 38.066086, 51.484909>,  <35.509537, 38.367573, 51.726757>, 0.130000
	pigment { color rgbt <1,0,0,0> }
	no_shadow
}

// nucleotide -1

// particle -1
sphere {
	<34.909206, 38.066086, 51.484909> 0.250000
	pigment { color rgbt <1,0,0,0> }
	no_shadow
}
cylinder {
	<35.157516, 37.758911, 51.548046>,  <35.306503, 37.574608, 51.585926>, 0.100000
	pigment { color rgbt <1,0,0,0> }
	no_shadow
}
cylinder {
	<35.157516, 37.758911, 51.548046>,  <34.909206, 38.066086, 51.484909>, 0.100000
	pigment { color rgbt <1,0,0,0> }
	no_shadow
}

// particle -1
sphere {
	<35.157516, 37.758911, 51.548046> 0.100000
	pigment { color rgbt <1,0,0,0> }
	no_shadow
}
sphere {
	0, 1
	scale<0.080000,0.200000,0.300000>
	matrix <-0.771020, -0.561544, 0.300327,
		-0.141997, -0.308135, -0.940686,
		0.620778, -0.767933, 0.157841,
		35.343750, 37.528530, 51.595398>
	pigment { color rgbt <0,1,1,0> }
	no_shadow
}
cylinder {
	<34.513256, 37.543655, 51.292179>,  <34.909206, 38.066086, 51.484909>, 0.130000
	pigment { color rgbt <1,0,0,0> }
	no_shadow
}

// nucleotide -1

// particle -1
sphere {
	<34.513256, 37.543655, 51.292179> 0.250000
	pigment { color rgbt <1,0,0,0> }
	no_shadow
}
cylinder {
	<34.792461, 37.342216, 51.495808>,  <34.959984, 37.221352, 51.617985>, 0.100000
	pigment { color rgbt <1,0,0,0> }
	no_shadow
}
cylinder {
	<34.792461, 37.342216, 51.495808>,  <34.513256, 37.543655, 51.292179>, 0.100000
	pigment { color rgbt <1,0,0,0> }
	no_shadow
}

// particle -1
sphere {
	<34.792461, 37.342216, 51.495808> 0.100000
	pigment { color rgbt <1,0,0,0> }
	no_shadow
}
sphere {
	0, 1
	scale<0.080000,0.200000,0.300000>
	matrix <-0.707366, -0.595498, 0.380809,
		0.111378, -0.625914, -0.771898,
		0.698017, -0.503600, 0.509076,
		35.001865, 37.191135, 51.648529>
	pigment { color rgbt <0,1,1,0> }
	no_shadow
}
cylinder {
	<34.374043, 36.786278, 51.210133>,  <34.513256, 37.543655, 51.292179>, 0.130000
	pigment { color rgbt <1,0,0,0> }
	no_shadow
}

// nucleotide -1

// particle -1
sphere {
	<34.374043, 36.786278, 51.210133> 0.250000
	pigment { color rgbt <1,0,0,0> }
	no_shadow
}
cylinder {
	<34.599590, 36.829170, 51.537682>,  <34.734921, 36.854904, 51.734211>, 0.100000
	pigment { color rgbt <1,0,0,0> }
	no_shadow
}
cylinder {
	<34.599590, 36.829170, 51.537682>,  <34.374043, 36.786278, 51.210133>, 0.100000
	pigment { color rgbt <1,0,0,0> }
	no_shadow
}

// particle -1
sphere {
	<34.599590, 36.829170, 51.537682> 0.100000
	pigment { color rgbt <1,0,0,0> }
	no_shadow
}
sphere {
	0, 1
	scale<0.080000,0.200000,0.300000>
	matrix <-0.565312, -0.672718, 0.477361,
		0.602058, -0.732088, -0.318705,
		0.563869, 0.107231, 0.818874,
		34.768749, 36.861340, 51.783344>
	pigment { color rgbt <0,1,1,0> }
	no_shadow
}
cylinder {
	<34.483253, 36.110046, 51.462730>,  <34.374043, 36.786278, 51.210133>, 0.130000
	pigment { color rgbt <1,0,0,0> }
	no_shadow
}

// nucleotide -1

// particle -1
sphere {
	<34.483253, 36.110046, 51.462730> 0.250000
	pigment { color rgbt <1,0,0,0> }
	no_shadow
}
cylinder {
	<34.539314, 36.368782, 51.762585>,  <34.572948, 36.524025, 51.942497>, 0.100000
	pigment { color rgbt <1,0,0,0> }
	no_shadow
}
cylinder {
	<34.539314, 36.368782, 51.762585>,  <34.483253, 36.110046, 51.462730>, 0.100000
	pigment { color rgbt <1,0,0,0> }
	no_shadow
}

// particle -1
sphere {
	<34.539314, 36.368782, 51.762585> 0.100000
	pigment { color rgbt <1,0,0,0> }
	no_shadow
}
sphere {
	0, 1
	scale<0.080000,0.200000,0.300000>
	matrix <-0.583274, -0.557861, 0.590409,
		0.800093, -0.519990, 0.299101,
		0.140150, 0.646840, 0.749637,
		34.581360, 36.562836, 51.987476>
	pigment { color rgbt <0,1,1,0> }
	no_shadow
}
cylinder {
	<34.478462, 35.685982, 52.067001>,  <34.483253, 36.110046, 51.462730>, 0.130000
	pigment { color rgbt <1,0,0,0> }
	no_shadow
}

// nucleotide -1

// particle -1
sphere {
	<34.478462, 35.685982, 52.067001> 0.250000
	pigment { color rgbt <1,0,0,0> }
	no_shadow
}
cylinder {
	<34.432373, 36.043350, 52.240673>,  <34.404720, 36.257771, 52.344875>, 0.100000
	pigment { color rgbt <1,0,0,0> }
	no_shadow
}
cylinder {
	<34.432373, 36.043350, 52.240673>,  <34.478462, 35.685982, 52.067001>, 0.100000
	pigment { color rgbt <1,0,0,0> }
	no_shadow
}

// particle -1
sphere {
	<34.432373, 36.043350, 52.240673> 0.100000
	pigment { color rgbt <1,0,0,0> }
	no_shadow
}
sphere {
	0, 1
	scale<0.080000,0.200000,0.300000>
	matrix <-0.579614, -0.415440, 0.701040,
		0.806704, -0.170881, 0.565711,
		-0.115225, 0.893426, 0.434182,
		34.397804, 36.311378, 52.370926>
	pigment { color rgbt <0,1,1,0> }
	no_shadow
}
cylinder {
	<34.516964, 35.477390, 52.785576>,  <34.478462, 35.685982, 52.067001>, 0.130000
	pigment { color rgbt <1,0,0,0> }
	no_shadow
}

// nucleotide -1

// particle -1
sphere {
	<34.516964, 35.477390, 52.785576> 0.250000
	pigment { color rgbt <1,0,0,0> }
	no_shadow
}
cylinder {
	<34.341888, 35.836517, 52.766159>,  <34.236843, 36.051994, 52.754509>, 0.100000
	pigment { color rgbt <1,0,0,0> }
	no_shadow
}
cylinder {
	<34.341888, 35.836517, 52.766159>,  <34.516964, 35.477390, 52.785576>, 0.100000
	pigment { color rgbt <1,0,0,0> }
	no_shadow
}

// particle -1
sphere {
	<34.341888, 35.836517, 52.766159> 0.100000
	pigment { color rgbt <1,0,0,0> }
	no_shadow
}
sphere {
	0, 1
	scale<0.080000,0.200000,0.300000>
	matrix <-0.679253, -0.294806, 0.672090,
		0.589102, 0.327139, 0.738877,
		-0.437692, 0.897814, -0.048539,
		34.210579, 36.105862, 52.751598>
	pigment { color rgbt <0,1,1,0> }
	no_shadow
}
cylinder {
	<34.604549, 35.653610, 53.435070>,  <34.516964, 35.477390, 52.785576>, 0.130000
	pigment { color rgbt <1,0,0,0> }
	no_shadow
}

// nucleotide -1

// particle -1
sphere {
	<34.604549, 35.653610, 53.435070> 0.250000
	pigment { color rgbt <1,0,0,0> }
	no_shadow
}
cylinder {
	<34.309921, 35.862793, 53.263496>,  <34.133144, 35.988304, 53.160553>, 0.100000
	pigment { color rgbt <1,0,0,0> }
	no_shadow
}
cylinder {
	<34.309921, 35.862793, 53.263496>,  <34.604549, 35.653610, 53.435070>, 0.100000
	pigment { color rgbt <1,0,0,0> }
	no_shadow
}

// particle -1
sphere {
	<34.309921, 35.862793, 53.263496> 0.100000
	pigment { color rgbt <1,0,0,0> }
	no_shadow
}
sphere {
	0, 1
	scale<0.080000,0.200000,0.300000>
	matrix <-0.562967, -0.122526, 0.817347,
		0.374881, 0.843507, 0.384656,
		-0.736568, 0.522956, -0.428934,
		34.088951, 36.019680, 53.134815>
	pigment { color rgbt <0,1,1,0> }
	no_shadow
}
cylinder {
	<34.261948, 36.040913, 53.969109>,  <34.604549, 35.653610, 53.435070>, 0.130000
	pigment { color rgbt <1,0,0,0> }
	no_shadow
}

// nucleotide -1

// particle -1
sphere {
	<34.261948, 36.040913, 53.969109> 0.250000
	pigment { color rgbt <1,0,0,0> }
	no_shadow
}
cylinder {
	<33.997494, 36.042389, 53.669006>,  <33.838821, 36.043274, 53.488945>, 0.100000
	pigment { color rgbt <1,0,0,0> }
	no_shadow
}
cylinder {
	<33.997494, 36.042389, 53.669006>,  <34.261948, 36.040913, 53.969109>, 0.100000
	pigment { color rgbt <1,0,0,0> }
	no_shadow
}

// particle -1
sphere {
	<33.997494, 36.042389, 53.669006> 0.100000
	pigment { color rgbt <1,0,0,0> }
	no_shadow
}
sphere {
	0, 1
	scale<0.080000,0.200000,0.300000>
	matrix <-0.734833, -0.204989, 0.646529,
		-0.151410, 0.978757, 0.138236,
		-0.661132, 0.003690, -0.750260,
		33.799152, 36.043495, 53.443928>
	pigment { color rgbt <0,1,1,0> }
	no_shadow
}
cylinder {
	<33.560078, 36.437759, 54.133583>,  <34.261948, 36.040913, 53.969109>, 0.130000
	pigment { color rgbt <1,0,0,0> }
	no_shadow
}

// nucleotide -1

// particle -1
sphere {
	<33.560078, 36.437759, 54.133583> 0.250000
	pigment { color rgbt <1,0,0,0> }
	no_shadow
}
cylinder {
	<33.462948, 36.198914, 53.827774>,  <33.404671, 36.055607, 53.644287>, 0.100000
	pigment { color rgbt <1,0,0,0> }
	no_shadow
}
cylinder {
	<33.462948, 36.198914, 53.827774>,  <33.560078, 36.437759, 54.133583>, 0.100000
	pigment { color rgbt <1,0,0,0> }
	no_shadow
}

// particle -1
sphere {
	<33.462948, 36.198914, 53.827774> 0.100000
	pigment { color rgbt <1,0,0,0> }
	no_shadow
}
sphere {
	0, 1
	scale<0.080000,0.200000,0.300000>
	matrix <-0.753660, -0.380076, 0.536226,
		-0.610764, 0.706398, -0.357728,
		-0.242825, -0.597113, -0.764521,
		33.390099, 36.019779, 53.598419>
	pigment { color rgbt <0,1,1,0> }
	no_shadow
}
cylinder {
	<32.825069, 36.567478, 54.055649>,  <33.560078, 36.437759, 54.133583>, 0.130000
	pigment { color rgbt <1,0,0,0> }
	no_shadow
}

// nucleotide -1

// particle -1
sphere {
	<32.825069, 36.567478, 54.055649> 0.250000
	pigment { color rgbt <1,0,0,0> }
	no_shadow
}
cylinder {
	<32.875237, 36.225098, 53.855003>,  <32.905334, 36.019669, 53.734615>, 0.100000
	pigment { color rgbt <1,0,0,0> }
	no_shadow
}
cylinder {
	<32.875237, 36.225098, 53.855003>,  <32.825069, 36.567478, 54.055649>, 0.100000
	pigment { color rgbt <1,0,0,0> }
	no_shadow
}

// particle -1
sphere {
	<32.875237, 36.225098, 53.855003> 0.100000
	pigment { color rgbt <1,0,0,0> }
	no_shadow
}
sphere {
	0, 1
	scale<0.080000,0.200000,0.300000>
	matrix <-0.795958, -0.388621, 0.464139,
		-0.592218, 0.341052, -0.730042,
		0.125414, -0.855954, -0.501611,
		32.912861, 35.968311, 53.704521>
	pigment { color rgbt <0,1,1,0> }
	no_shadow
}
cylinder {
	<32.171906, 36.312176, 53.806252>,  <32.825069, 36.567478, 54.055649>, 0.130000
	pigment { color rgbt <1,0,0,0> }
	no_shadow
}

// nucleotide -1

// particle -1
sphere {
	<32.171906, 36.312176, 53.806252> 0.250000
	pigment { color rgbt <1,0,0,0> }
	no_shadow
}
cylinder {
	<32.407097, 35.989258, 53.826473>,  <32.548210, 35.795506, 53.838608>, 0.100000
	pigment { color rgbt <1,0,0,0> }
	no_shadow
}
cylinder {
	<32.407097, 35.989258, 53.826473>,  <32.171906, 36.312176, 53.806252>, 0.100000
	pigment { color rgbt <1,0,0,0> }
	no_shadow
}

// particle -1
sphere {
	<32.407097, 35.989258, 53.826473> 0.100000
	pigment { color rgbt <1,0,0,0> }
	no_shadow
}
sphere {
	0, 1
	scale<0.080000,0.200000,0.300000>
	matrix <-0.721032, -0.494766, 0.485097,
		-0.366604, -0.321679, -0.872997,
		0.587975, -0.807298, 0.050558,
		32.583488, 35.747070, 53.841640>
	pigment { color rgbt <0,1,1,0> }
	no_shadow
}
cylinder {
	<31.787127, 35.685947, 53.566208>,  <32.171906, 36.312176, 53.806252>, 0.130000
	pigment { color rgbt <1,0,0,0> }
	no_shadow
}

// nucleotide -1

// particle -1
sphere {
	<31.787127, 35.685947, 53.566208> 0.250000
	pigment { color rgbt <1,0,0,0> }
	no_shadow
}
cylinder {
	<32.067265, 35.548355, 53.816391>,  <32.235348, 35.465801, 53.966499>, 0.100000
	pigment { color rgbt <1,0,0,0> }
	no_shadow
}
cylinder {
	<32.067265, 35.548355, 53.816391>,  <31.787127, 35.685947, 53.566208>, 0.100000
	pigment { color rgbt <1,0,0,0> }
	no_shadow
}

// particle -1
sphere {
	<32.067265, 35.548355, 53.816391> 0.100000
	pigment { color rgbt <1,0,0,0> }
	no_shadow
}
sphere {
	0, 1
	scale<0.080000,0.200000,0.300000>
	matrix <-0.685088, -0.569945, 0.453671,
		0.200421, -0.746218, -0.634815,
		0.700347, -0.343979, 0.625454,
		32.277370, 35.445160, 54.004028>
	pigment { color rgbt <0,1,1,0> }
	no_shadow
}
cylinder {
	<31.453884, 35.159630, 53.830227>,  <31.787127, 35.685947, 53.566208>, 0.130000
	pigment { color rgbt <1,0,0,0> }
	no_shadow
}

// nucleotide -1

// particle -1
sphere {
	<31.453884, 35.159630, 53.830227> 0.250000
	pigment { color rgbt <1,0,0,0> }
	no_shadow
}
cylinder {
	<31.771952, 35.153069, 54.072693>,  <31.962791, 35.149132, 54.218174>, 0.100000
	pigment { color rgbt <1,0,0,0> }
	no_shadow
}
cylinder {
	<31.771952, 35.153069, 54.072693>,  <31.453884, 35.159630, 53.830227>, 0.100000
	pigment { color rgbt <1,0,0,0> }
	no_shadow
}

// particle -1
sphere {
	<31.771952, 35.153069, 54.072693> 0.100000
	pigment { color rgbt <1,0,0,0> }
	no_shadow
}
sphere {
	0, 1
	scale<0.080000,0.200000,0.300000>
	matrix <-0.456057, -0.675002, 0.579987,
		0.399652, -0.737634, -0.544219,
		0.795167, -0.016402, 0.606169,
		32.010502, 35.148148, 54.254543>
	pigment { color rgbt <0,1,1,0> }
	no_shadow
}
cylinder {
	<31.397219, 34.630745, 54.269413>,  <31.453884, 35.159630, 53.830227>, 0.130000
	pigment { color rgbt <1,0,0,0> }
	no_shadow
}

// nucleotide -1

// particle -1
sphere {
	<31.397219, 34.630745, 54.269413> 0.250000
	pigment { color rgbt <1,0,0,0> }
	no_shadow
}
cylinder {
	<31.721992, 34.745621, 54.472698>,  <31.916857, 34.814545, 54.594669>, 0.100000
	pigment { color rgbt <1,0,0,0> }
	no_shadow
}
cylinder {
	<31.721992, 34.745621, 54.472698>,  <31.397219, 34.630745, 54.269413>, 0.100000
	pigment { color rgbt <1,0,0,0> }
	no_shadow
}

// particle -1
sphere {
	<31.721992, 34.745621, 54.472698> 0.100000
	pigment { color rgbt <1,0,0,0> }
	no_shadow
}
sphere {
	0, 1
	scale<0.080000,0.200000,0.300000>
