// switches for output
#declare DRAW_BASES = 1; // possible values are 0, 1; only relevant for DNA ribbons
#declare DRAW_BASES_TYPE = 3; // possible values are 1, 2, 3; only relevant for DNA ribbons
#declare DRAW_FOG = 0; // set to 1 to enable fog

#include "colors.inc"

#include "transforms.inc"
background { rgb <1, 1, 1>}

#default {
   normal{
       ripples 0.25
       frequency 0.20
       turbulence 0.2
       lambda 5
   }
	finish {
		phong 0.1
		phong_size 40.
	}
}

// original window dimensions: 1024x640


// camera settings

camera {
	sky <-0, 1, 0>
	up <-0, 1, 0>
	right 1.6 * <0.724836, 0, 0.688921>
	location <12.1561, 44.2, 77.9145>
	look_at <46.7464, 44.2, 41.5209>
	direction <34.5903, 0, -36.3936>
	angle 67.0682
}


# declare cpy_camera_pos = <12.1561, 44.2, 77.9145>;
# if (DRAW_FOG = 1)
fog {
	fog_type 2
	up vnormalize(cpy_camera_pos)
	color rgbt<1,1,1,0.3>
	distance 1e-5
	fog_alt 3e-3
	fog_offset 70.72
}
# end


// LIGHTS

# declare lum = 6;
global_settings {
	ambient_light rgb lum * <0.05, 0.05, 0.05>
	max_trace_level 15
}# declare cpy_direct_light_amount = 0.25;
light_source
{	1000 * <-0.0359156, -1, 1.41376>,
	rgb lum * cpy_direct_light_amount
	parallel
}

light_source
{	1000 * <0.0359156, 1, -1.41376>,
	rgb lum * cpy_direct_light_amount
	parallel
}

// strand 0

// nucleotide -1

// particle -1
sphere {
	<44.858746, 41.521988, 46.036312> 0.250000
	pigment { color rgbt <1,0,0,0> }
	no_shadow
}
cylinder {
	<44.932671, 41.567741, 46.426750>,  <44.977028, 41.595192, 46.661015>, 0.100000
	pigment { color rgbt <1,0,0,0> }
	no_shadow
}
cylinder {
	<44.932671, 41.567741, 46.426750>,  <44.858746, 41.521988, 46.036312>, 0.100000
	pigment { color rgbt <1,0,0,0> }
	no_shadow
}

// particle -1
sphere {
	<44.932671, 41.567741, 46.426750> 0.100000
	pigment { color rgbt <1,0,0,0> }
	no_shadow
}
sphere {
	0, 1
	scale<0.080000,0.200000,0.300000>
	matrix <-0.936596, -0.280370, 0.210191,
		0.297710, -0.953053, 0.055313,
		0.184815, 0.114382, 0.976094,
		44.988113, 41.602055, 46.719578>
	pigment { color rgbt <0,1,1,0> }
	no_shadow
}
cylinder {
	<44.698452, 40.876701, 46.408123>,  <44.858746, 41.521988, 46.036312>, 0.130000
	pigment { color rgbt <1,0,0,0> }
	no_shadow
}

// nucleotide -1

// particle -1
sphere {
	<44.698452, 40.876701, 46.408123> 0.250000
	pigment { color rgbt <1,0,0,0> }
	no_shadow
}
cylinder {
	<44.692749, 41.160255, 46.690193>,  <44.689327, 41.330387, 46.859436>, 0.100000
	pigment { color rgbt <1,0,0,0> }
	no_shadow
}
cylinder {
	<44.692749, 41.160255, 46.690193>,  <44.698452, 40.876701, 46.408123>, 0.100000
	pigment { color rgbt <1,0,0,0> }
	no_shadow
}

// particle -1
sphere {
	<44.692749, 41.160255, 46.690193> 0.100000
	pigment { color rgbt <1,0,0,0> }
	no_shadow
}
sphere {
	0, 1
	scale<0.080000,0.200000,0.300000>
	matrix <-0.909297, -0.302537, 0.285745,
		0.415903, -0.637141, 0.648904,
		-0.014258, 0.708888, 0.705177,
		44.688473, 41.372921, 46.901745>
	pigment { color rgbt <0,1,1,0> }
	no_shadow
}
cylinder {
	<44.667774, 40.573166, 47.033478>,  <44.698452, 40.876701, 46.408123>, 0.130000
	pigment { color rgbt <1,0,0,0> }
	no_shadow
}

// nucleotide -1

// particle -1
sphere {
	<44.667774, 40.573166, 47.033478> 0.250000
	pigment { color rgbt <1,0,0,0> }
	no_shadow
}
cylinder {
	<44.504173, 40.925140, 47.130173>,  <44.406013, 41.136326, 47.188190>, 0.100000
	pigment { color rgbt <1,0,0,0> }
	no_shadow
}
cylinder {
	<44.504173, 40.925140, 47.130173>,  <44.667774, 40.573166, 47.033478>, 0.100000
	pigment { color rgbt <1,0,0,0> }
	no_shadow
}

// particle -1
sphere {
	<44.504173, 40.925140, 47.130173> 0.100000
	pigment { color rgbt <1,0,0,0> }
	no_shadow
}
sphere {
	0, 1
	scale<0.080000,0.200000,0.300000>
	matrix <-0.857861, -0.461074, 0.226905,
		0.311118, -0.114570, 0.943440,
		-0.408999, 0.879935, 0.241733,
		44.381474, 41.189121, 47.202694>
	pigment { color rgbt <0,1,1,0> }
	no_shadow
}
cylinder {
	<44.237133, 40.434673, 47.606075>,  <44.667774, 40.573166, 47.033478>, 0.130000
	pigment { color rgbt <1,0,0,0> }
	no_shadow
}

// nucleotide -1

// particle -1
sphere {
	<44.237133, 40.434673, 47.606075> 0.250000
	pigment { color rgbt <1,0,0,0> }
	no_shadow
}
cylinder {
	<44.092110, 40.790474, 47.494831>,  <44.005096, 41.003952, 47.428085>, 0.100000
	pigment { color rgbt <1,0,0,0> }
	no_shadow
}
cylinder {
	<44.092110, 40.790474, 47.494831>,  <44.237133, 40.434673, 47.606075>, 0.100000
	pigment { color rgbt <1,0,0,0> }
	no_shadow
}

// particle -1
sphere {
	<44.092110, 40.790474, 47.494831> 0.100000
	pigment { color rgbt <1,0,0,0> }
	no_shadow
}
sphere {
	0, 1
	scale<0.080000,0.200000,0.300000>
	matrix <-0.904539, -0.263999, 0.334833,
		0.224412, 0.372958, 0.900301,
		-0.362558, 0.889498, -0.278111,
		43.983341, 41.057323, 47.411396>
	pigment { color rgbt <0,1,1,0> }
	no_shadow
}
cylinder {
	<43.805126, 40.660915, 48.156498>,  <44.237133, 40.434673, 47.606075>, 0.130000
	pigment { color rgbt <1,0,0,0> }
	no_shadow
}

// nucleotide -1

// particle -1
sphere {
	<43.805126, 40.660915, 48.156498> 0.250000
	pigment { color rgbt <1,0,0,0> }
	no_shadow
}
cylinder {
	<43.680771, 40.899490, 47.860497>,  <43.606159, 41.042637, 47.682896>, 0.100000
	pigment { color rgbt <1,0,0,0> }
	no_shadow
}
cylinder {
	<43.680771, 40.899490, 47.860497>,  <43.805126, 40.660915, 48.156498>, 0.100000
	pigment { color rgbt <1,0,0,0> }
	no_shadow
}

// particle -1
sphere {
	<43.680771, 40.899490, 47.860497> 0.100000
	pigment { color rgbt <1,0,0,0> }
	no_shadow
}
sphere {
	0, 1
	scale<0.080000,0.200000,0.300000>
	matrix <-0.931327, -0.035778, 0.362423,
		0.189688, 0.801859, 0.566604,
		-0.310884, 0.596441, -0.740006,
		43.587505, 41.078423, 47.638496>
	pigment { color rgbt <0,1,1,0> }
	no_shadow
}
cylinder {
	<43.456196, 41.151035, 48.502953>,  <43.805126, 40.660915, 48.156498>, 0.130000
	pigment { color rgbt <1,0,0,0> }
	no_shadow
}

// nucleotide -1

// particle -1
sphere {
	<43.456196, 41.151035, 48.502953> 0.250000
	pigment { color rgbt <1,0,0,0> }
	no_shadow
}
cylinder {
	<43.291298, 41.182945, 48.139923>,  <43.192360, 41.202091, 47.922104>, 0.100000
	pigment { color rgbt <1,0,0,0> }
	no_shadow
}
cylinder {
	<43.291298, 41.182945, 48.139923>,  <43.456196, 41.151035, 48.502953>, 0.100000
	pigment { color rgbt <1,0,0,0> }
	no_shadow
}

// particle -1
sphere {
	<43.291298, 41.182945, 48.139923> 0.100000
	pigment { color rgbt <1,0,0,0> }
	no_shadow
}
sphere {
	0, 1
	scale<0.080000,0.200000,0.300000>
	matrix <-0.910886, -0.015914, 0.412352,
		0.018454, 0.996686, 0.079230,
		-0.412246, 0.079779, -0.907573,
		43.167625, 41.206879, 47.867653>
	pigment { color rgbt <0,1,1,0> }
	no_shadow
}
cylinder {
	<42.938946, 41.711140, 48.599098>,  <43.456196, 41.151035, 48.502953>, 0.130000
	pigment { color rgbt <1,0,0,0> }
	no_shadow
}

// nucleotide -1

// particle -1
sphere {
	<42.938946, 41.711140, 48.599098> 0.250000
	pigment { color rgbt <1,0,0,0> }
	no_shadow
}
cylinder {
	<42.836784, 41.518661, 48.263664>,  <42.775486, 41.403175, 48.062405>, 0.100000
	pigment { color rgbt <1,0,0,0> }
	no_shadow
}
cylinder {
	<42.836784, 41.518661, 48.263664>,  <42.938946, 41.711140, 48.599098>, 0.100000
	pigment { color rgbt <1,0,0,0> }
	no_shadow
}

// particle -1
sphere {
	<42.836784, 41.518661, 48.263664> 0.100000
	pigment { color rgbt <1,0,0,0> }
	no_shadow
}
sphere {
	0, 1
	scale<0.080000,0.200000,0.300000>
	matrix <-0.955425, -0.007237, 0.295144,
		-0.148091, 0.876584, -0.457897,
		-0.255404, -0.481194, -0.838583,
		42.760162, 41.374302, 48.012089>
	pigment { color rgbt <0,1,1,0> }
	no_shadow
}
cylinder {
	<42.332436, 42.040314, 48.286839>,  <42.938946, 41.711140, 48.599098>, 0.130000
	pigment { color rgbt <1,0,0,0> }
	no_shadow
}

// nucleotide -1

// particle -1
sphere {
	<42.332436, 42.040314, 48.286839> 0.250000
	pigment { color rgbt <1,0,0,0> }
	no_shadow
}
cylinder {
	<42.346626, 41.660591, 48.161903>,  <42.355141, 41.432758, 48.086941>, 0.100000
	pigment { color rgbt <1,0,0,0> }
	no_shadow
}
cylinder {
	<42.346626, 41.660591, 48.161903>,  <42.332436, 42.040314, 48.286839>, 0.100000
	pigment { color rgbt <1,0,0,0> }
	no_shadow
}

// particle -1
sphere {
	<42.346626, 41.660591, 48.161903> 0.100000
	pigment { color rgbt <1,0,0,0> }
	no_shadow
}
sphere {
	0, 1
	scale<0.080000,0.200000,0.300000>
	matrix <-0.995334, -0.061623, 0.074243,
		-0.089727, 0.308249, -0.947065,
		0.035476, -0.949308, -0.312340,
		42.357269, 41.375797, 48.068203>
	pigment { color rgbt <0,1,1,0> }
	no_shadow
}
cylinder {
	<41.677879, 42.032524, 48.003841>,  <42.332436, 42.040314, 48.286839>, 0.130000
	pigment { color rgbt <1,0,0,0> }
	no_shadow
}

// nucleotide -1

// particle -1
sphere {
	<41.677879, 42.032524, 48.003841> 0.250000
	pigment { color rgbt <1,0,0,0> }
	no_shadow
}
cylinder {
	<41.777531, 41.650879, 48.070286>,  <41.837322, 41.421890, 48.110153>, 0.100000
	pigment { color rgbt <1,0,0,0> }
	no_shadow
}
cylinder {
	<41.777531, 41.650879, 48.070286>,  <41.677879, 42.032524, 48.003841>, 0.100000
	pigment { color rgbt <1,0,0,0> }
	no_shadow
}

// particle -1
sphere {
	<41.777531, 41.650879, 48.070286> 0.100000
	pigment { color rgbt <1,0,0,0> }
	no_shadow
}
sphere {
	0, 1
	scale<0.080000,0.200000,0.300000>
	matrix <-0.960412, -0.221319, 0.169195,
		-0.124667, -0.201691, -0.971483,
		0.249133, -0.954117, 0.166116,
		41.852272, 41.364643, 48.120121>
	pigment { color rgbt <0,1,1,0> }
	no_shadow
}
cylinder {
	<41.262459, 41.508102, 47.516830>,  <41.677879, 42.032524, 48.003841>, 0.130000
	pigment { color rgbt <1,0,0,0> }
	no_shadow
}

// nucleotide -1

// particle -1
sphere {
	<41.262459, 41.508102, 47.516830> 0.250000
	pigment { color rgbt <1,0,0,0> }
	no_shadow
}
cylinder {
	<41.380577, 41.310524, 47.843956>,  <41.451450, 41.191978, 48.040230>, 0.100000
	pigment { color rgbt <1,0,0,0> }
	no_shadow
}
cylinder {
	<41.380577, 41.310524, 47.843956>,  <41.262459, 41.508102, 47.516830>, 0.100000
	pigment { color rgbt <1,0,0,0> }
	no_shadow
}

// particle -1
sphere {
	<41.380577, 41.310524, 47.843956> 0.100000
	pigment { color rgbt <1,0,0,0> }
	no_shadow
}
sphere {
	0, 1
	scale<0.080000,0.200000,0.300000>
	matrix <-0.932630, -0.334815, 0.134534,
		0.207363, -0.802443, -0.559540,
		0.295299, -0.493947, 0.817811,
		41.469166, 41.162338, 48.089298>
	pigment { color rgbt <0,1,1,0> }
	no_shadow
}
cylinder {
	<40.731976, 40.986629, 47.581459>,  <41.262459, 41.508102, 47.516830>, 0.130000
	pigment { color rgbt <1,0,0,0> }
	no_shadow
}

// nucleotide -1

// particle -1
sphere {
	<40.731976, 40.986629, 47.581459> 0.250000
	pigment { color rgbt <1,0,0,0> }
	no_shadow
}
cylinder {
	<40.928169, 40.933464, 47.925961>,  <41.045887, 40.901566, 48.132660>, 0.100000
	pigment { color rgbt <1,0,0,0> }
	no_shadow
}
cylinder {
	<40.928169, 40.933464, 47.925961>,  <40.731976, 40.986629, 47.581459>, 0.100000
	pigment { color rgbt <1,0,0,0> }
	no_shadow
}

// particle -1
sphere {
	<40.928169, 40.933464, 47.925961> 0.100000
	pigment { color rgbt <1,0,0,0> }
	no_shadow
}
sphere {
	0, 1
	scale<0.080000,0.200000,0.300000>
	matrix <-0.814528, -0.421249, 0.398866,
		0.309787, -0.897153, -0.314880,
		0.490486, -0.132915, 0.861253,
		41.075314, 40.893589, 48.184338>
	pigment { color rgbt <0,1,1,0> }
	no_shadow
}
cylinder {
	<40.511406, 40.265568, 47.790142>,  <40.731976, 40.986629, 47.581459>, 0.130000
	pigment { color rgbt <1,0,0,0> }
	no_shadow
}

// nucleotide -1

// particle -1
sphere {
	<40.511406, 40.265568, 47.790142> 0.250000
	pigment { color rgbt <1,0,0,0> }
	no_shadow
}
cylinder {
	<40.674187, 40.448807, 48.106251>,  <40.771854, 40.558750, 48.295918>, 0.100000
	pigment { color rgbt <1,0,0,0> }
	no_shadow
}
cylinder {
	<40.674187, 40.448807, 48.106251>,  <40.511406, 40.265568, 47.790142>, 0.100000
	pigment { color rgbt <1,0,0,0> }
	no_shadow
}

// particle -1
sphere {
	<40.674187, 40.448807, 48.106251> 0.100000
	pigment { color rgbt <1,0,0,0> }
	no_shadow
}
sphere {
	0, 1
	scale<0.080000,0.200000,0.300000>
	matrix <-0.766347, -0.299587, 0.568296,
		0.497091, -0.836895, 0.229144,
		0.406956, 0.458098, 0.790274,
		40.796272, 40.586235, 48.343334>
	pigment { color rgbt <0,1,1,0> }
	no_shadow
}
cylinder {
	<40.578991, 39.738628, 48.380344>,  <40.511406, 40.265568, 47.790142>, 0.130000
	pigment { color rgbt <1,0,0,0> }
	no_shadow
}

// nucleotide -1

// particle -1
sphere {
	<40.578991, 39.738628, 48.380344> 0.250000
	pigment { color rgbt <1,0,0,0> }
	no_shadow
}
cylinder {
	<40.568092, 40.105423, 48.539536>,  <40.561554, 40.325500, 48.635052>, 0.100000
	pigment { color rgbt <1,0,0,0> }
	no_shadow
}
cylinder {
	<40.568092, 40.105423, 48.539536>,  <40.578991, 39.738628, 48.380344>, 0.100000
	pigment { color rgbt <1,0,0,0> }
	no_shadow
}

// particle -1
sphere {
	<40.568092, 40.105423, 48.539536> 0.100000
	pigment { color rgbt <1,0,0,0> }
	no_shadow
}
sphere {
	0, 1
	scale<0.080000,0.200000,0.300000>
	matrix <-0.767583, -0.274236, 0.579320,
		0.640371, -0.289699, 0.711337,
		-0.027246, 0.916990, 0.397980,
		40.559917, 40.380520, 48.658928>
	pigment { color rgbt <0,1,1,0> }
	no_shadow
}
cylinder {
	<40.681828, 39.693092, 49.147797>,  <40.578991, 39.738628, 48.380344>, 0.130000
	pigment { color rgbt <1,0,0,0> }
	no_shadow
}

// nucleotide -1

// particle -1
sphere {
	<40.681828, 39.693092, 49.147797> 0.250000
	pigment { color rgbt <1,0,0,0> }
	no_shadow
}
cylinder {
	<40.502747, 40.045364, 49.085873>,  <40.395298, 40.256729, 49.048717>, 0.100000
	pigment { color rgbt <1,0,0,0> }
	no_shadow
}
cylinder {
	<40.502747, 40.045364, 49.085873>,  <40.681828, 39.693092, 49.147797>, 0.100000
	pigment { color rgbt <1,0,0,0> }
	no_shadow
}

// particle -1
sphere {
	<40.502747, 40.045364, 49.085873> 0.100000
	pigment { color rgbt <1,0,0,0> }
	no_shadow
}
sphere {
	0, 1
	scale<0.080000,0.200000,0.300000>
	matrix <-0.744919, -0.271568, 0.609383,
		0.494630, 0.388141, 0.777616,
		-0.447702, 0.880680, -0.154808,
		40.368435, 40.309566, 49.039429>
	pigment { color rgbt <0,1,1,0> }
	no_shadow
}
cylinder {
	<40.656918, 40.051079, 49.683365>,  <40.681828, 39.693092, 49.147797>, 0.130000
	pigment { color rgbt <1,0,0,0> }
	no_shadow
}

// nucleotide -1

// particle -1
sphere {
	<40.656918, 40.051079, 49.683365> 0.250000
	pigment { color rgbt <1,0,0,0> }
	no_shadow
}
cylinder {
	<40.341385, 40.174774, 49.470905>,  <40.152065, 40.248989, 49.343430>, 0.100000
	pigment { color rgbt <1,0,0,0> }
	no_shadow
}
cylinder {
	<40.341385, 40.174774, 49.470905>,  <40.656918, 40.051079, 49.683365>, 0.100000
	pigment { color rgbt <1,0,0,0> }
	no_shadow
}

// particle -1
sphere {
	<40.341385, 40.174774, 49.470905> 0.100000
	pigment { color rgbt <1,0,0,0> }
	no_shadow
}
sphere {
	0, 1
	scale<0.080000,0.200000,0.300000>
	matrix <-0.614559, -0.385261, 0.688398,
		0.008245, 0.869452, 0.493948,
		-0.788828, 0.309236, -0.531153,
		40.104736, 40.267544, 49.311558>
	pigment { color rgbt <0,1,1,0> }
	no_shadow
}
cylinder {
	<40.077339, 40.213730, 50.141712>,  <40.656918, 40.051079, 49.683365>, 0.130000
	pigment { color rgbt <1,0,0,0> }
	no_shadow
}

// nucleotide -1

// particle -1
sphere {
	<40.077339, 40.213730, 50.141712> 0.250000
	pigment { color rgbt <1,0,0,0> }
	no_shadow
}
cylinder {
	<39.885731, 40.219353, 49.790634>,  <39.770767, 40.222729, 49.579987>, 0.100000
	pigment { color rgbt <1,0,0,0> }
	no_shadow
}
cylinder {
	<39.885731, 40.219353, 49.790634>,  <40.077339, 40.213730, 50.141712>, 0.100000
	pigment { color rgbt <1,0,0,0> }
	no_shadow
}

// particle -1
sphere {
	<39.885731, 40.219353, 49.790634> 0.100000
	pigment { color rgbt <1,0,0,0> }
	no_shadow
}
sphere {
	0, 1
	scale<0.080000,0.200000,0.300000>
	matrix <-0.842081, -0.289701, 0.454943,
		-0.247872, 0.957014, 0.150612,
		-0.479020, 0.014060, -0.877692,
		39.742023, 40.223572, 49.527328>
	pigment { color rgbt <0,1,1,0> }
	no_shadow
}
cylinder {
	<39.418949, 40.584324, 50.282063>,  <40.077339, 40.213730, 50.141712>, 0.130000
	pigment { color rgbt <1,0,0,0> }
	no_shadow
}

// nucleotide -1

// particle -1
sphere {
	<39.418949, 40.584324, 50.282063> 0.250000
	pigment { color rgbt <1,0,0,0> }
	no_shadow
}
cylinder {
	<39.420635, 40.329437, 49.973793>,  <39.421646, 40.176506, 49.788830>, 0.100000
	pigment { color rgbt <1,0,0,0> }
	no_shadow
}
cylinder {
	<39.420635, 40.329437, 49.973793>,  <39.418949, 40.584324, 50.282063>, 0.100000
	pigment { color rgbt <1,0,0,0> }
	no_shadow
}

// particle -1
sphere {
	<39.420635, 40.329437, 49.973793> 0.100000
	pigment { color rgbt <1,0,0,0> }
	no_shadow
}
sphere {
	0, 1
	scale<0.080000,0.200000,0.300000>
	matrix <-0.781619, -0.482807, 0.394930,
		-0.623742, 0.600709, -0.500094,
		0.004211, -0.637218, -0.770672,
		39.421898, 40.138271, 49.742592>
	pigment { color rgbt <0,1,1,0> }
	no_shadow
}
cylinder {
	<38.722462, 40.443295, 50.187283>,  <39.418949, 40.584324, 50.282063>, 0.130000
	pigment { color rgbt <1,0,0,0> }
	no_shadow
}

// nucleotide -1

// particle -1
sphere {
	<38.722462, 40.443295, 50.187283> 0.250000
	pigment { color rgbt <1,0,0,0> }
	no_shadow
}
cylinder {
	<38.873306, 40.132484, 49.985680>,  <38.963814, 39.945999, 49.864719>, 0.100000
	pigment { color rgbt <1,0,0,0> }
	no_shadow
}
cylinder {
	<38.873306, 40.132484, 49.985680>,  <38.722462, 40.443295, 50.187283>, 0.100000
	pigment { color rgbt <1,0,0,0> }
	no_shadow
}

// particle -1
sphere {
	<38.873306, 40.132484, 49.985680> 0.100000
	pigment { color rgbt <1,0,0,0> }
	no_shadow
}
sphere {
	0, 1
	scale<0.080000,0.200000,0.300000>
	matrix <-0.719022, -0.588627, 0.369493,
		-0.583782, 0.223063, -0.780667,
		0.377102, -0.777021, -0.504017,
		38.986439, 39.899376, 49.834476>
	pigment { color rgbt <0,1,1,0> }
	no_shadow
}
cylinder {
	<38.107018, 40.167667, 49.964436>,  <38.722462, 40.443295, 50.187283>, 0.130000
	pigment { color rgbt <1,0,0,0> }
	no_shadow
}

// nucleotide -1

// particle -1
sphere {
	<38.107018, 40.167667, 49.964436> 0.250000
	pigment { color rgbt <1,0,0,0> }
	no_shadow
}
cylinder {
	<38.390182, 39.886703, 49.934807>,  <38.560081, 39.718124, 49.917030>, 0.100000
	pigment { color rgbt <1,0,0,0> }
	no_shadow
}
cylinder {
	<38.390182, 39.886703, 49.934807>,  <38.107018, 40.167667, 49.964436>, 0.100000
	pigment { color rgbt <1,0,0,0> }
	no_shadow
}

// particle -1
sphere {
	<38.390182, 39.886703, 49.934807> 0.100000
	pigment { color rgbt <1,0,0,0> }
	no_shadow
}
sphere {
	0, 1
	scale<0.080000,0.200000,0.300000>
	matrix <-0.650585, -0.689294, 0.318770,
		-0.274962, -0.177473, -0.944934,
		0.707909, -0.702409, -0.074068,
		38.602554, 39.675980, 49.912586>
	pigment { color rgbt <0,1,1,0> }
	no_shadow
}
cylinder {
	<37.852657, 39.581787, 49.515129>,  <38.107018, 40.167667, 49.964436>, 0.130000
	pigment { color rgbt <1,0,0,0> }
	no_shadow
}

// nucleotide -1

// particle -1
sphere {
	<37.852657, 39.581787, 49.515129> 0.250000
	pigment { color rgbt <1,0,0,0> }
	no_shadow
}
cylinder {
	<38.138924, 39.444511, 49.758457>,  <38.310684, 39.362148, 49.904453>, 0.100000
	pigment { color rgbt <1,0,0,0> }
	no_shadow
}
cylinder {
	<38.138924, 39.444511, 49.758457>,  <37.852657, 39.581787, 49.515129>, 0.100000
	pigment { color rgbt <1,0,0,0> }
	no_shadow
}

// particle -1
sphere {
	<38.138924, 39.444511, 49.758457> 0.100000
	pigment { color rgbt <1,0,0,0> }
	no_shadow
}
sphere {
	0, 1
	scale<0.080000,0.200000,0.300000>
	matrix <-0.624100, -0.705237, 0.336364,
		0.313573, -0.620374, -0.718894,
		0.715662, -0.343187, 0.608318,
		38.353622, 39.341557, 49.940952>
	pigment { color rgbt <0,1,1,0> }
	no_shadow
}
cylinder {
	<37.755379, 38.892830, 49.521900>,  <37.852657, 39.581787, 49.515129>, 0.130000
	pigment { color rgbt <1,0,0,0> }
	no_shadow
}

// nucleotide -1

// particle -1
sphere {
	<37.755379, 38.892830, 49.521900> 0.250000
	pigment { color rgbt <1,0,0,0> }
	no_shadow
}
cylinder {
	<37.961739, 38.968758, 49.856041>,  <38.085556, 39.014313, 50.056526>, 0.100000
	pigment { color rgbt <1,0,0,0> }
	no_shadow
}
cylinder {
	<37.961739, 38.968758, 49.856041>,  <37.755379, 38.892830, 49.521900>, 0.100000
	pigment { color rgbt <1,0,0,0> }
	no_shadow
}

// particle -1
sphere {
	<37.961739, 38.968758, 49.856041> 0.100000
	pigment { color rgbt <1,0,0,0> }
	no_shadow
}
sphere {
	0, 1
	scale<0.080000,0.200000,0.300000>
	matrix <-0.669563, -0.518913, 0.531428,
		0.534351, -0.833485, -0.140612,
		0.515902, 0.189821, 0.835352,
		38.116508, 39.025703, 50.106647>
	pigment { color rgbt <0,1,1,0> }
	no_shadow
}
cylinder {
	<37.750347, 38.233021, 49.880074>,  <37.755379, 38.892830, 49.521900>, 0.130000
	pigment { color rgbt <1,0,0,0> }
	no_shadow
}

// nucleotide -1

// particle -1
sphere {
	<37.750347, 38.233021, 49.880074> 0.250000
	pigment { color rgbt <1,0,0,0> }
	no_shadow
}
cylinder {
	<37.885147, 38.478592, 50.165596>,  <37.966026, 38.625935, 50.336910>, 0.100000
	pigment { color rgbt <1,0,0,0> }
	no_shadow
}
cylinder {
	<37.885147, 38.478592, 50.165596>,  <37.750347, 38.233021, 49.880074>, 0.100000
	pigment { color rgbt <1,0,0,0> }
	no_shadow
}

// particle -1
sphere {
	<37.885147, 38.478592, 50.165596> 0.100000
	pigment { color rgbt <1,0,0,0> }
	no_shadow
}
sphere {
	0, 1
	scale<0.080000,0.200000,0.300000>
	matrix <-0.522275, -0.508915, 0.684276,
		0.783363, -0.603409, 0.149131,
		0.337003, 0.613924, 0.713811,
		37.986248, 38.662769, 50.379738>
	pigment { color rgbt <0,1,1,0> }
	no_shadow
}
cylinder {
	<38.172108, 37.848873, 50.358524>,  <37.750347, 38.233021, 49.880074>, 0.130000
	pigment { color rgbt <1,0,0,0> }
	no_shadow
}

// nucleotide -1

// particle -1
sphere {
	<38.172108, 37.848873, 50.358524> 0.250000
	pigment { color rgbt <1,0,0,0> }
	no_shadow
}
cylinder {
	<38.096962, 38.163422, 50.593925>,  <38.051872, 38.352150, 50.735165>, 0.100000
	pigment { color rgbt <1,0,0,0> }
	no_shadow
}
cylinder {
	<38.096962, 38.163422, 50.593925>,  <38.172108, 37.848873, 50.358524>, 0.100000
	pigment { color rgbt <1,0,0,0> }
	no_shadow
}

// particle -1
sphere {
	<38.096962, 38.163422, 50.593925> 0.100000
	pigment { color rgbt <1,0,0,0> }
	no_shadow
}
sphere {
	0, 1
	scale<0.080000,0.200000,0.300000>
	matrix <-0.407531, -0.607566, 0.681749,
		0.893658, -0.111752, 0.434612,
		-0.187869, 0.786368, 0.588498,
		38.040600, 38.399330, 50.770473>
	pigment { color rgbt <0,1,1,0> }
	no_shadow
}
cylinder {
	<38.494255, 37.662205, 50.902950>,  <38.172108, 37.848873, 50.358524>, 0.130000
	pigment { color rgbt <1,0,0,0> }
	no_shadow
}

// nucleotide -1

// particle -1
sphere {
	<38.494255, 37.662205, 50.902950> 0.250000
	pigment { color rgbt <1,0,0,0> }
	no_shadow
}
cylinder {
	<38.191124, 37.911316, 50.980762>,  <38.009247, 38.060783, 51.027451>, 0.100000
	pigment { color rgbt <1,0,0,0> }
	no_shadow
}
cylinder {
	<38.191124, 37.911316, 50.980762>,  <38.494255, 37.662205, 50.902950>, 0.100000
	pigment { color rgbt <1,0,0,0> }
	no_shadow
}

// particle -1
sphere {
	<38.191124, 37.911316, 50.980762> 0.100000
	pigment { color rgbt <1,0,0,0> }
	no_shadow
}
sphere {
	0, 1
	scale<0.080000,0.200000,0.300000>
	matrix <-0.464141, -0.724126, 0.510112,
		0.458553, 0.296287, 0.837820,
		-0.757827, 0.622780, 0.194531,
		37.963776, 38.098148, 51.039124>
	pigment { color rgbt <0,1,1,0> }
	no_shadow
}
cylinder {
	<38.292717, 37.380253, 51.476860>,  <38.494255, 37.662205, 50.902950>, 0.130000
	pigment { color rgbt <1,0,0,0> }
	no_shadow
}

// nucleotide -1

// particle -1
sphere {
	<38.292717, 37.380253, 51.476860> 0.250000
	pigment { color rgbt <1,0,0,0> }
	no_shadow
}
cylinder {
	<37.992847, 37.633087, 51.398407>,  <37.812927, 37.784786, 51.351334>, 0.100000
	pigment { color rgbt <1,0,0,0> }
	no_shadow
}
cylinder {
	<37.992847, 37.633087, 51.398407>,  <38.292717, 37.380253, 51.476860>, 0.100000
	pigment { color rgbt <1,0,0,0> }
	no_shadow
}

// particle -1
sphere {
	<37.992847, 37.633087, 51.398407> 0.100000
	pigment { color rgbt <1,0,0,0> }
	no_shadow
}
sphere {
	0, 1
	scale<0.080000,0.200000,0.300000>
	matrix <-0.634986, -0.603451, 0.482327,
		0.186515, 0.486127, 0.853752,
		-0.749670, 0.632082, -0.196131,
		37.767948, 37.822712, 51.339569>
	pigment { color rgbt <0,1,1,0> }
	no_shadow
}
cylinder {
	<38.063625, 37.539711, 52.185394>,  <38.292717, 37.380253, 51.476860>, 0.130000
	pigment { color rgbt <1,0,0,0> }
	no_shadow
}

// nucleotide -1

// particle -1
sphere {
	<38.063625, 37.539711, 52.185394> 0.250000
	pigment { color rgbt <1,0,0,0> }
	no_shadow
}
cylinder {
	<37.783218, 37.592819, 51.905125>,  <37.614975, 37.624683, 51.736961>, 0.100000
	pigment { color rgbt <1,0,0,0> }
	no_shadow
}
cylinder {
	<37.783218, 37.592819, 51.905125>,  <38.063625, 37.539711, 52.185394>, 0.100000
	pigment { color rgbt <1,0,0,0> }
	no_shadow
}

// particle -1
sphere {
	<37.783218, 37.592819, 51.905125> 0.100000
	pigment { color rgbt <1,0,0,0> }
	no_shadow
}
sphere {
	0, 1
	scale<0.080000,0.200000,0.300000>
	matrix <-0.645945, -0.534579, 0.544959,
		-0.302211, 0.834624, 0.460512,
		-0.701016, 0.132773, -0.700677,
		37.572914, 37.632652, 51.694923>
	pigment { color rgbt <0,1,1,0> }
	no_shadow
}
cylinder {
	<37.422955, 37.693417, 52.520336>,  <38.063625, 37.539711, 52.185394>, 0.130000
	pigment { color rgbt <1,0,0,0> }
	no_shadow
}

// nucleotide -1

// particle -1
sphere {
	<37.422955, 37.693417, 52.520336> 0.250000
	pigment { color rgbt <1,0,0,0> }
	no_shadow
}
cylinder {
	<37.287773, 37.616264, 52.151863>,  <37.206665, 37.569973, 51.930779>, 0.100000
	pigment { color rgbt <1,0,0,0> }
	no_shadow
}
cylinder {
	<37.287773, 37.616264, 52.151863>,  <37.422955, 37.693417, 52.520336>, 0.100000
	pigment { color rgbt <1,0,0,0> }
	no_shadow
}

// particle -1
sphere {
	<37.287773, 37.616264, 52.151863> 0.100000
	pigment { color rgbt <1,0,0,0> }
	no_shadow
}
sphere {
	0, 1
	scale<0.080000,0.200000,0.300000>
	matrix <-0.850857, -0.355745, 0.386637,
		-0.402281, 0.914464, -0.043888,
		-0.337953, -0.192879, -0.921187,
		37.186386, 37.558399, 51.875507>
	pigment { color rgbt <0,1,1,0> }
	no_shadow
}
cylinder {
	<36.769184, 37.956745, 52.473080>,  <37.422955, 37.693417, 52.520336>, 0.130000
	pigment { color rgbt <1,0,0,0> }
	no_shadow
}

// nucleotide -1

// particle -1
sphere {
	<36.769184, 37.956745, 52.473080> 0.250000
	pigment { color rgbt <1,0,0,0> }
	no_shadow
}
cylinder {
	<36.803852, 37.681725, 52.184700>,  <36.824654, 37.516712, 52.011673>, 0.100000
	pigment { color rgbt <1,0,0,0> }
	no_shadow
}
cylinder {
	<36.803852, 37.681725, 52.184700>,  <36.769184, 37.956745, 52.473080>, 0.100000
	pigment { color rgbt <1,0,0,0> }
	no_shadow
}

// particle -1
sphere {
	<36.803852, 37.681725, 52.184700> 0.100000
	pigment { color rgbt <1,0,0,0> }
	no_shadow
}
sphere {
	0, 1
	scale<0.080000,0.200000,0.300000>
	matrix <-0.906104, -0.355195, 0.229809,
		-0.414082, 0.633336, -0.653775,
		0.086671, -0.687547, -0.720948,
		36.829853, 37.475460, 51.968414>
	pigment { color rgbt <0,1,1,0> }
	no_shadow
}
cylinder {
	<36.107758, 37.901878, 52.125858>,  <36.769184, 37.956745, 52.473080>, 0.130000
	pigment { color rgbt <1,0,0,0> }
	no_shadow
}

// nucleotide -1

// particle -1
sphere {
	<36.107758, 37.901878, 52.125858> 0.250000
	pigment { color rgbt <1,0,0,0> }
	no_shadow
}
cylinder {
	<36.296616, 37.555405, 52.060375>,  <36.409931, 37.347519, 52.021084>, 0.100000
	pigment { color rgbt <1,0,0,0> }
	no_shadow
}
cylinder {
	<36.296616, 37.555405, 52.060375>,  <36.107758, 37.901878, 52.125858>, 0.100000
	pigment { color rgbt <1,0,0,0> }
	no_shadow
}

// particle -1
sphere {
	<36.296616, 37.555405, 52.060375> 0.100000
	pigment { color rgbt <1,0,0,0> }
	no_shadow
}
sphere {
	0, 1
	scale<0.080000,0.200000,0.300000>
	matrix <-0.834042, -0.499073, 0.235159,
		-0.285394, 0.025511, -0.958071,
		0.472148, -0.866184, -0.163710,
		36.438259, 37.295547, 52.011261>
	pigment { color rgbt <0,1,1,0> }
	no_shadow
}
cylinder {
	<35.614010, 37.457504, 51.901867>,  <36.107758, 37.901878, 52.125858>, 0.130000
	pigment { color rgbt <1,0,0,0> }
	no_shadow
}

// nucleotide -1

// particle -1
sphere {
	<35.614010, 37.457504, 51.901867> 0.250000
	pigment { color rgbt <1,0,0,0> }
	no_shadow
}
cylinder {
	<35.887451, 37.183403, 52.002357>,  <36.051517, 37.018944, 52.062653>, 0.100000
	pigment { color rgbt <1,0,0,0> }
	no_shadow
}
cylinder {
	<35.887451, 37.183403, 52.002357>,  <35.614010, 37.457504, 51.901867>, 0.100000
	pigment { color rgbt <1,0,0,0> }
	no_shadow
}

// particle -1
sphere {
	<35.887451, 37.183403, 52.002357> 0.100000
	pigment { color rgbt <1,0,0,0> }
	no_shadow
}
sphere {
	0, 1
	scale<0.080000,0.200000,0.300000>
	matrix <-0.729828, -0.644659, 0.227521,
		0.006048, -0.338888, -0.940807,
		0.683604, -0.685252, 0.251228,
		36.092533, 36.977829, 52.077724>
	pigment { color rgbt <0,1,1,0> }
	no_shadow
}
cylinder {
	<35.354195, 36.804890, 51.698673>,  <35.614010, 37.457504, 51.901867>, 0.130000
	pigment { color rgbt <1,0,0,0> }
	no_shadow
}

// nucleotide -1

// particle -1
sphere {
	<35.354195, 36.804890, 51.698673> 0.250000
	pigment { color rgbt <1,0,0,0> }
	no_shadow
}
cylinder {
	<35.634964, 36.708015, 51.966599>,  <35.803425, 36.649891, 52.127354>, 0.100000
	pigment { color rgbt <1,0,0,0> }
	no_shadow
}
cylinder {
	<35.634964, 36.708015, 51.966599>,  <35.354195, 36.804890, 51.698673>, 0.100000
	pigment { color rgbt <1,0,0,0> }
	no_shadow
}

// particle -1
sphere {
	<35.634964, 36.708015, 51.966599> 0.100000
	pigment { color rgbt <1,0,0,0> }
	no_shadow
}
sphere {
	0, 1
	scale<0.080000,0.200000,0.300000>
	matrix <-0.641160, -0.624403, 0.446133,
		0.310183, -0.742607, -0.593566,
		0.701926, -0.242188, 0.669809,
		35.845543, 36.635361, 52.167542>
	pigment { color rgbt <0,1,1,0> }
	no_shadow
}
cylinder {
	<35.191757, 36.099167, 51.798485>,  <35.354195, 36.804890, 51.698673>, 0.130000
	pigment { color rgbt <1,0,0,0> }
	no_shadow
}

// nucleotide -1

// particle -1
sphere {
	<35.191757, 36.099167, 51.798485> 0.250000
	pigment { color rgbt <1,0,0,0> }
	no_shadow
}
cylinder {
	<35.434357, 36.203217, 52.099018>,  <35.579914, 36.265644, 52.279339>, 0.100000
	pigment { color rgbt <1,0,0,0> }
	no_shadow
}
cylinder {
	<35.434357, 36.203217, 52.099018>,  <35.191757, 36.099167, 51.798485>, 0.100000
	pigment { color rgbt <1,0,0,0> }
	no_shadow
}

// particle -1
sphere {
	<35.434357, 36.203217, 52.099018> 0.100000
	pigment { color rgbt <1,0,0,0> }
	no_shadow
}
sphere {
	0, 1
	scale<0.080000,0.200000,0.300000>
	matrix <-0.419506, -0.698040, 0.580307,
		0.675410, -0.667141, -0.314235,
		0.606495, 0.260122, 0.751333,
		35.616306, 36.281254, 52.324417>
	pigment { color rgbt <0,1,1,0> }
	no_shadow
}
cylinder {
	<35.210972, 35.478130, 52.135197>,  <35.191757, 36.099167, 51.798485>, 0.130000
	pigment { color rgbt <1,0,0,0> }
	no_shadow
}

// nucleotide -1

// particle -1
sphere {
	<35.210972, 35.478130, 52.135197> 0.250000
	pigment { color rgbt <1,0,0,0> }
	no_shadow
}
cylinder {
	<35.357529, 35.745178, 52.394436>,  <35.445465, 35.905407, 52.549980>, 0.100000
	pigment { color rgbt <1,0,0,0> }
	no_shadow
}
cylinder {
	<35.357529, 35.745178, 52.394436>,  <35.210972, 35.478130, 52.135197>, 0.100000
	pigment { color rgbt <1,0,0,0> }
	no_shadow
}

// particle -1
sphere {
	<35.357529, 35.745178, 52.394436> 0.100000
	pigment { color rgbt <1,0,0,0> }
	no_shadow
}
sphere {
	0, 1
	scale<0.080000,0.200000,0.300000>
	matrix <-0.350043, -0.546465, 0.760819,
		0.862105, -0.505623, 0.033475,
		0.366394, 0.667623, 0.648100,
		35.467445, 35.945465, 52.588867>
	pigment { color rgbt <0,1,1,0> }
	no_shadow
}
cylinder {
	<35.538006, 35.074898, 52.599667>,  <35.210972, 35.478130, 52.135197>, 0.130000
	pigment { color rgbt <1,0,0,0> }
	no_shadow
}

// nucleotide -1

// particle -1
sphere {
	<35.538006, 35.074898, 52.599667> 0.250000
	pigment { color rgbt <1,0,0,0> }
	no_shadow
}
cylinder {
	<35.479057, 35.420837, 52.791630>,  <35.443687, 35.628403, 52.906807>, 0.100000
	pigment { color rgbt <1,0,0,0> }
	no_shadow
}
cylinder {
	<35.479057, 35.420837, 52.791630>,  <35.538006, 35.074898, 52.599667>, 0.100000
	pigment { color rgbt <1,0,0,0> }
	no_shadow
}

// particle -1
sphere {
	<35.479057, 35.420837, 52.791630> 0.100000
	pigment { color rgbt <1,0,0,0> }
	no_shadow
}
sphere {
	0, 1
	scale<0.080000,0.200000,0.300000>
	matrix <-0.416375, -0.494364, 0.763044,
		0.897169, -0.087368, 0.432959,
		-0.147374, 0.864853, 0.479906,
		35.434845, 35.680294, 52.935600>
	pigment { color rgbt <0,1,1,0> }
	no_shadow
}
cylinder {
	<35.837681, 35.059013, 53.267189>,  <35.538006, 35.074898, 52.599667>, 0.130000
	pigment { color rgbt <1,0,0,0> }
	no_shadow
}

// nucleotide -1

// particle -1
sphere {
	<35.837681, 35.059013, 53.267189> 0.250000
	pigment { color rgbt <1,0,0,0> }
	no_shadow
}
cylinder {
	<35.548164, 35.333260, 53.298302>,  <35.374454, 35.497807, 53.316971>, 0.100000
	pigment { color rgbt <1,0,0,0> }
	no_shadow
}
cylinder {
	<35.548164, 35.333260, 53.298302>,  <35.837681, 35.059013, 53.267189>, 0.100000
	pigment { color rgbt <1,0,0,0> }
	no_shadow
}

// particle -1
sphere {
	<35.548164, 35.333260, 53.298302> 0.100000
	pigment { color rgbt <1,0,0,0> }
	no_shadow
}
sphere {
	0, 1
	scale<0.080000,0.200000,0.300000>
	matrix <-0.400658, -0.509369, 0.761588,
		0.561780, 0.520067, 0.643376,
		-0.723793, 0.685619, 0.077784,
		35.331028, 35.538944, 53.321636>
	pigment { color rgbt <0,1,1,0> }
	no_shadow
}
cylinder {
	<35.654701, 34.959953, 53.956974>,  <35.837681, 35.059013, 53.267189>, 0.130000
	pigment { color rgbt <1,0,0,0> }
	no_shadow
}

// nucleotide -1

// particle -1
sphere {
	<35.654701, 34.959953, 53.956974> 0.250000
	pigment { color rgbt <1,0,0,0> }
	no_shadow
}
cylinder {
	<35.352730, 35.169136, 53.798687>,  <35.171547, 35.294647, 53.703712>, 0.100000
	pigment { color rgbt <1,0,0,0> }
	no_shadow
}
cylinder {
	<35.352730, 35.169136, 53.798687>,  <35.654701, 34.959953, 53.956974>, 0.100000
	pigment { color rgbt <1,0,0,0> }
	no_shadow
}

// particle -1
sphere {
	<35.352730, 35.169136, 53.798687> 0.100000
	pigment { color rgbt <1,0,0,0> }
	no_shadow
}
sphere {
	0, 1
	scale<0.080000,0.200000,0.300000>
	matrix <-0.618690, -0.367808, 0.694220,
		0.217499, 0.768916, 0.601218,
		-0.754929, 0.522959, -0.395722,
		35.126251, 35.326023, 53.679970>
	pigment { color rgbt <0,1,1,0> }
	no_shadow
}
cylinder {
	<35.300663, 35.393707, 54.537788>,  <35.654701, 34.959953, 53.956974>, 0.130000
	pigment { color rgbt <1,0,0,0> }
	no_shadow
}

// nucleotide -1

// particle -1
sphere {
	<35.300663, 35.393707, 54.537788> 0.250000
	pigment { color rgbt <1,0,0,0> }
	no_shadow
}
cylinder {
	<35.040741, 35.334236, 54.239620>,  <34.884789, 35.298553, 54.060719>, 0.100000
	pigment { color rgbt <1,0,0,0> }
	no_shadow
}
cylinder {
	<35.040741, 35.334236, 54.239620>,  <35.300663, 35.393707, 54.537788>, 0.100000
	pigment { color rgbt <1,0,0,0> }
	no_shadow
}

// particle -1
sphere {
	<35.040741, 35.334236, 54.239620> 0.100000
	pigment { color rgbt <1,0,0,0> }
	no_shadow
}
sphere {
	0, 1
	scale<0.080000,0.200000,0.300000>
	matrix <-0.680317, -0.323614, 0.657603,
		-0.339001, 0.934434, 0.109136,
		-0.649805, -0.148681, -0.745417,
		34.845798, 35.289631, 54.015995>
	pigment { color rgbt <0,1,1,0> }
	no_shadow
}
cylinder {
	<34.744995, 35.649197, 54.842621>,  <35.300663, 35.393707, 54.537788>, 0.130000
	pigment { color rgbt <1,0,0,0> }
	no_shadow
}

// nucleotide -1

// particle -1
sphere {
	<34.744995, 35.649197, 54.842621> 0.250000
	pigment { color rgbt <1,0,0,0> }
	no_shadow
}
cylinder {
	<34.638260, 35.416527, 54.535255>,  <34.574219, 35.276924, 54.350838>, 0.100000
	pigment { color rgbt <1,0,0,0> }
	no_shadow
}
cylinder {
	<34.638260, 35.416527, 54.535255>,  <34.744995, 35.649197, 54.842621>, 0.100000
	pigment { color rgbt <1,0,0,0> }
	no_shadow
}

// particle -1
sphere {
	<34.638260, 35.416527, 54.535255> 0.100000
	pigment { color rgbt <1,0,0,0> }
	no_shadow
}
sphere {
	0, 1
	scale<0.080000,0.200000,0.300000>
	matrix <-0.471355, -0.616681, 0.630498,
		-0.840608, 0.530434, -0.109622,
		-0.266836, -0.581674, -0.768410,
		34.558208, 35.242023, 54.304733>
	pigment { color rgbt <0,1,1,0> }
	no_shadow
}
cylinder {
	<34.024521, 35.569981, 54.883183>,  <34.744995, 35.649197, 54.842621>, 0.130000
	pigment { color rgbt <1,0,0,0> }
	no_shadow
}

// nucleotide -1

// particle -1
sphere {
	<34.024521, 35.569981, 54.883183> 0.250000
	pigment { color rgbt <1,0,0,0> }
	no_shadow
}
cylinder {
	<34.114998, 35.254486, 54.654541>,  <34.169285, 35.065189, 54.517357>, 0.100000
	pigment { color rgbt <1,0,0,0> }
	no_shadow
}
cylinder {
	<34.114998, 35.254486, 54.654541>,  <34.024521, 35.569981, 54.883183>, 0.100000
	pigment { color rgbt <1,0,0,0> }
	no_shadow
}

// particle -1
sphere {
	<34.114998, 35.254486, 54.654541> 0.100000
	pigment { color rgbt <1,0,0,0> }
	no_shadow
}
sphere {
	0, 1
	scale<0.080000,0.200000,0.300000>
	matrix <-0.528656, -0.592271, 0.608060,
		-0.818143, 0.164639, -0.550941,
		0.226196, -0.788738, -0.571600,
		34.182858, 35.017864, 54.483063>
	pigment { color rgbt <0,1,1,0> }
	no_shadow
}
cylinder {
	<33.402794, 35.190125, 54.816193>,  <34.024521, 35.569981, 54.883183>, 0.130000
	pigment { color rgbt <1,0,0,0> }
	no_shadow
}

// nucleotide -1

// particle -1
sphere {
	<33.402794, 35.190125, 54.816193> 0.250000
	pigment { color rgbt <1,0,0,0> }
	no_shadow
}
cylinder {
	<33.713856, 34.948288, 54.747234>,  <33.900494, 34.803188, 54.705860>, 0.100000
	pigment { color rgbt <1,0,0,0> }
	no_shadow
}
cylinder {
	<33.713856, 34.948288, 54.747234>,  <33.402794, 35.190125, 54.816193>, 0.100000
	pigment { color rgbt <1,0,0,0> }
	no_shadow
}

// particle -1
sphere {
	<33.713856, 34.948288, 54.747234> 0.100000
	pigment { color rgbt <1,0,0,0> }
	no_shadow
}
sphere {
	0, 1
	scale<0.080000,0.200000,0.300000>
	matrix <-0.420103, -0.703737, 0.572946,
		-0.467719, -0.373132, -0.801256,
		0.777659, -0.604588, -0.172397,
		33.947155, 34.766911, 54.695515>
	pigment { color rgbt <0,1,1,0> }
	no_shadow
}
cylinder {
	<33.104855, 34.532845, 54.900146>,  <33.402794, 35.190125, 54.816193>, 0.130000
	pigment { color rgbt <1,0,0,0> }
	no_shadow
}

// nucleotide -1

// particle -1
sphere {
	<33.104855, 34.532845, 54.900146> 0.250000
	pigment { color rgbt <1,0,0,0> }
	no_shadow
}
cylinder {
	<33.481754, 34.416824, 54.833183>,  <33.707893, 34.347210, 54.793003>, 0.100000
	pigment { color rgbt <1,0,0,0> }
	no_shadow
}
cylinder {
	<33.481754, 34.416824, 54.833183>,  <33.104855, 34.532845, 54.900146>, 0.100000
	pigment { color rgbt <1,0,0,0> }
	no_shadow
}

// particle -1
sphere {
	<33.481754, 34.416824, 54.833183> 0.100000
	pigment { color rgbt <1,0,0,0> }
	no_shadow
}
sphere {
	0, 1
	scale<0.080000,0.200000,0.300000>
	matrix <-0.158668, -0.826857, 0.539566,
		-0.294928, -0.481846, -0.825132,
		0.942254, -0.290055, -0.167410,
		33.764431, 34.329807, 54.782959>
	pigment { color rgbt <0,1,1,0> }
	no_shadow
}
cylinder {
	<33.121456, 33.839119, 54.589230>,  <33.104855, 34.532845, 54.900146>, 0.130000
	pigment { color rgbt <1,0,0,0> }
	no_shadow
}

// nucleotide -1

// particle -1
sphere {
	<33.121456, 33.839119, 54.589230> 0.250000
	pigment { color rgbt <1,0,0,0> }
	no_shadow
}
cylinder {
	<33.440529, 33.928017, 54.813484>,  <33.631973, 33.981354, 54.948036>, 0.100000
	pigment { color rgbt <1,0,0,0> }
	no_shadow
}
cylinder {
	<33.440529, 33.928017, 54.813484>,  <33.121456, 33.839119, 54.589230>, 0.100000
	pigment { color rgbt <1,0,0,0> }
	no_shadow
}

// particle -1
sphere {
	<33.440529, 33.928017, 54.813484> 0.100000
	pigment { color rgbt <1,0,0,0> }
	no_shadow
}
sphere {
	0, 1
	scale<0.080000,0.200000,0.300000>
	matrix <-0.317245, -0.635968, 0.703491,
		0.512894, -0.739020, -0.436794,
		0.797681, 0.222246, 0.560635,
		33.679832, 33.994690, 54.981674>
	pigment { color rgbt <0,1,1,0> }
	no_shadow
}
cylinder {
	<33.500790, 33.241600, 54.860939>,  <33.121456, 33.839119, 54.589230>, 0.130000
	pigment { color rgbt <1,0,0,0> }
	no_shadow
}

// nucleotide -1

// particle -1
sphere {
	<33.500790, 33.241600, 54.860939> 0.250000
	pigment { color rgbt <1,0,0,0> }
	no_shadow
}
cylinder {
	<33.568382, 33.536751, 55.122318>,  <33.608936, 33.713840, 55.279144>, 0.100000
	pigment { color rgbt <1,0,0,0> }
	no_shadow
}
cylinder {
	<33.568382, 33.536751, 55.122318>,  <33.500790, 33.241600, 54.860939>, 0.100000
	pigment { color rgbt <1,0,0,0> }
	no_shadow
}

// particle -1
sphere {
	<33.568382, 33.536751, 55.122318> 0.100000
	pigment { color rgbt <1,0,0,0> }
	no_shadow
}
sphere {
	0, 1
	scale<0.080000,0.200000,0.300000>
