// switches for output
#declare DRAW_BASES = 1; // possible values are 0, 1; only relevant for DNA ribbons
#declare DRAW_BASES_TYPE = 3; // possible values are 1, 2, 3; only relevant for DNA ribbons
#declare DRAW_FOG = 0; // set to 1 to enable fog

#include "colors.inc"

#include "transforms.inc"
background { rgb <1, 1, 1>}

#default {
   normal{
       ripples 0.25
       frequency 0.20
       turbulence 0.2
       lambda 5
   }
	finish {
		phong 0.1
		phong_size 40.
	}
}

// original window dimensions: 1024x640


// camera settings

camera {
	sky <-0, 1, 0>
	up <-0, 1, 0>
	right 1.6 * <0.724836, 0, 0.688921>
	location <12.1561, 44.2, 77.9145>
	look_at <46.7464, 44.2, 41.5209>
	direction <34.5903, 0, -36.3936>
	angle 67.0682
}


# declare cpy_camera_pos = <12.1561, 44.2, 77.9145>;
# if (DRAW_FOG = 1)
fog {
	fog_type 2
	up vnormalize(cpy_camera_pos)
	color rgbt<1,1,1,0.3>
	distance 1e-5
	fog_alt 3e-3
	fog_offset 70.72
}
# end


// LIGHTS

# declare lum = 6;
global_settings {
	ambient_light rgb lum * <0.05, 0.05, 0.05>
	max_trace_level 15
}# declare cpy_direct_light_amount = 0.25;
light_source
{	1000 * <-0.0359156, -1, 1.41376>,
	rgb lum * cpy_direct_light_amount
	parallel
}

light_source
{	1000 * <0.0359156, 1, -1.41376>,
	rgb lum * cpy_direct_light_amount
	parallel
}

// strand 0

// nucleotide -1

// particle -1
sphere {
	<40.593842, 43.237431, 42.882694> 0.250000
	pigment { color rgbt <1,0,0,0> }
	no_shadow
}
cylinder {
	<40.773804, 43.297394, 43.234856>,  <40.881779, 43.333370, 43.446152>, 0.100000
	pigment { color rgbt <1,0,0,0> }
	no_shadow
}
cylinder {
	<40.773804, 43.297394, 43.234856>,  <40.593842, 43.237431, 42.882694>, 0.100000
	pigment { color rgbt <1,0,0,0> }
	no_shadow
}

// particle -1
sphere {
	<40.773804, 43.297394, 43.234856> 0.100000
	pigment { color rgbt <1,0,0,0> }
	no_shadow
}
sphere {
	0, 1
	scale<0.080000,0.200000,0.300000>
	matrix <-0.831261, -0.290095, 0.474183,
		0.326486, -0.945184, -0.005901,
		0.449902, 0.149909, 0.880407,
		40.908775, 43.342365, 43.498978>
	pigment { color rgbt <0,1,1,0> }
	no_shadow
}
cylinder {
	<40.444717, 42.641201, 43.292068>,  <40.593842, 43.237431, 42.882694>, 0.130000
	pigment { color rgbt <1,0,0,0> }
	no_shadow
}

// nucleotide -1

// particle -1
sphere {
	<40.444717, 42.641201, 43.292068> 0.250000
	pigment { color rgbt <1,0,0,0> }
	no_shadow
}
cylinder {
	<40.555889, 42.915794, 43.560841>,  <40.622593, 43.080551, 43.722107>, 0.100000
	pigment { color rgbt <1,0,0,0> }
	no_shadow
}
cylinder {
	<40.555889, 42.915794, 43.560841>,  <40.444717, 42.641201, 43.292068>, 0.100000
	pigment { color rgbt <1,0,0,0> }
	no_shadow
}

// particle -1
sphere {
	<40.555889, 42.915794, 43.560841> 0.100000
	pigment { color rgbt <1,0,0,0> }
	no_shadow
}
sphere {
	0, 1
	scale<0.080000,0.200000,0.300000>
	matrix <-0.786889, -0.238500, 0.569143,
		0.550963, -0.686921, 0.473899,
		0.277931, 0.686482, 0.671935,
		40.639267, 43.121738, 43.762421>
	pigment { color rgbt <0,1,1,0> }
	no_shadow
}
cylinder {
	<40.507095, 42.254368, 43.911930>,  <40.444717, 42.641201, 43.292068>, 0.130000
	pigment { color rgbt <1,0,0,0> }
	no_shadow
}

// nucleotide -1

// particle -1
sphere {
	<40.507095, 42.254368, 43.911930> 0.250000
	pigment { color rgbt <1,0,0,0> }
	no_shadow
}
cylinder {
	<40.440971, 42.634041, 44.019054>,  <40.401299, 42.861843, 44.083328>, 0.100000
	pigment { color rgbt <1,0,0,0> }
	no_shadow
}
cylinder {
	<40.440971, 42.634041, 44.019054>,  <40.507095, 42.254368, 43.911930>, 0.100000
	pigment { color rgbt <1,0,0,0> }
	no_shadow
}

// particle -1
sphere {
	<40.440971, 42.634041, 44.019054> 0.100000
	pigment { color rgbt <1,0,0,0> }
	no_shadow
}
sphere {
	0, 1
	scale<0.080000,0.200000,0.300000>
	matrix <-0.732610, -0.299978, 0.610980,
		0.660270, -0.095201, 0.744970,
		-0.165309, 0.949184, 0.267812,
		40.391380, 42.918797, 44.099400>
	pigment { color rgbt <0,1,1,0> }
	no_shadow
}
cylinder {
	<40.284939, 42.090195, 44.429058>,  <40.507095, 42.254368, 43.911930>, 0.130000
	pigment { color rgbt <1,0,0,0> }
	no_shadow
}

// nucleotide -1

// particle -1
sphere {
	<40.284939, 42.090195, 44.429058> 0.250000
	pigment { color rgbt <1,0,0,0> }
	no_shadow
}
cylinder {
	<40.174141, 42.474525, 44.425373>,  <40.107662, 42.705124, 44.423164>, 0.100000
	pigment { color rgbt <1,0,0,0> }
	no_shadow
}
cylinder {
	<40.174141, 42.474525, 44.425373>,  <40.284939, 42.090195, 44.429058>, 0.100000
	pigment { color rgbt <1,0,0,0> }
	no_shadow
}

// particle -1
sphere {
	<40.174141, 42.474525, 44.425373> 0.100000
	pigment { color rgbt <1,0,0,0> }
	no_shadow
}
sphere {
	0, 1
	scale<0.080000,0.200000,0.300000>
	matrix <-0.779208, -0.219006, 0.587257,
		0.562236, 0.169842, 0.809348,
		-0.276994, 0.960828, -0.009209,
		40.091042, 42.762775, 44.422611>
	pigment { color rgbt <0,1,1,0> }
	no_shadow
}
cylinder {
	<40.357109, 42.414867, 45.066265>,  <40.284939, 42.090195, 44.429058>, 0.130000
	pigment { color rgbt <1,0,0,0> }
	no_shadow
}

// nucleotide -1

// particle -1
sphere {
	<40.357109, 42.414867, 45.066265> 0.250000
	pigment { color rgbt <1,0,0,0> }
	no_shadow
}
cylinder {
	<40.056870, 42.587509, 44.866135>,  <39.876728, 42.691093, 44.746056>, 0.100000
	pigment { color rgbt <1,0,0,0> }
	no_shadow
}
cylinder {
	<40.056870, 42.587509, 44.866135>,  <40.357109, 42.414867, 45.066265>, 0.100000
	pigment { color rgbt <1,0,0,0> }
	no_shadow
}

// particle -1
sphere {
	<40.056870, 42.587509, 44.866135> 0.100000
	pigment { color rgbt <1,0,0,0> }
	no_shadow
}
sphere {
	0, 1
	scale<0.080000,0.200000,0.300000>
	matrix <-0.597639, -0.120469, 0.792663,
		0.281840, 0.893984, 0.348365,
		-0.750596, 0.431600, -0.500327,
		39.831692, 42.716988, 44.716038>
	pigment { color rgbt <0,1,1,0> }
	no_shadow
}
cylinder {
	<39.899117, 42.820187, 45.626949>,  <40.357109, 42.414867, 45.066265>, 0.130000
	pigment { color rgbt <1,0,0,0> }
	no_shadow
}

// nucleotide -1

// particle -1
sphere {
	<39.899117, 42.820187, 45.626949> 0.250000
	pigment { color rgbt <1,0,0,0> }
	no_shadow
}
cylinder {
	<39.657082, 42.827942, 45.308578>,  <39.511860, 42.832596, 45.117558>, 0.100000
	pigment { color rgbt <1,0,0,0> }
	no_shadow
}
cylinder {
	<39.657082, 42.827942, 45.308578>,  <39.899117, 42.820187, 45.626949>, 0.100000
	pigment { color rgbt <1,0,0,0> }
	no_shadow
}

// particle -1
sphere {
	<39.657082, 42.827942, 45.308578> 0.100000
	pigment { color rgbt <1,0,0,0> }
	no_shadow
}
sphere {
	0, 1
	scale<0.080000,0.200000,0.300000>
	matrix <-0.792976, -0.104032, 0.600306,
		-0.071165, 0.994385, 0.078319,
		-0.605083, 0.019384, -0.795927,
		39.475555, 42.833755, 45.069801>
	pigment { color rgbt <0,1,1,0> }
	no_shadow
}
cylinder {
	<39.319809, 43.205418, 45.877811>,  <39.899117, 42.820187, 45.626949>, 0.130000
	pigment { color rgbt <1,0,0,0> }
	no_shadow
}

// nucleotide -1

// particle -1
sphere {
	<39.319809, 43.205418, 45.877811> 0.250000
	pigment { color rgbt <1,0,0,0> }
	no_shadow
}
cylinder {
	<39.198410, 42.999596, 45.557030>,  <39.125572, 42.876102, 45.364563>, 0.100000
	pigment { color rgbt <1,0,0,0> }
	no_shadow
}
cylinder {
	<39.198410, 42.999596, 45.557030>,  <39.319809, 43.205418, 45.877811>, 0.100000
	pigment { color rgbt <1,0,0,0> }
	no_shadow
}

// particle -1
sphere {
	<39.198410, 42.999596, 45.557030> 0.100000
	pigment { color rgbt <1,0,0,0> }
	no_shadow
}
sphere {
	0, 1
	scale<0.080000,0.200000,0.300000>
	matrix <-0.914230, -0.079883, 0.397242,
		-0.268465, 0.853729, -0.446176,
		-0.303496, -0.514553, -0.801951,
		39.107361, 42.845230, 45.316444>
	pigment { color rgbt <0,1,1,0> }
	no_shadow
}
cylinder {
	<38.628593, 43.520931, 45.597652>,  <39.319809, 43.205418, 45.877811>, 0.130000
	pigment { color rgbt <1,0,0,0> }
	no_shadow
}

// nucleotide -1

// particle -1
sphere {
	<38.628593, 43.520931, 45.597652> 0.250000
	pigment { color rgbt <1,0,0,0> }
	no_shadow
}
cylinder {
	<38.667099, 43.141281, 45.477726>,  <38.690201, 42.913490, 45.405769>, 0.100000
	pigment { color rgbt <1,0,0,0> }
	no_shadow
}
cylinder {
	<38.667099, 43.141281, 45.477726>,  <38.628593, 43.520931, 45.597652>, 0.100000
	pigment { color rgbt <1,0,0,0> }
	no_shadow
}

// particle -1
sphere {
	<38.667099, 43.141281, 45.477726> 0.100000
	pigment { color rgbt <1,0,0,0> }
	no_shadow
}
sphere {
	0, 1
	scale<0.080000,0.200000,0.300000>
	matrix <-0.925466, -0.196225, 0.324051,
		-0.366397, 0.246277, -0.897274,
		0.096261, -0.949128, -0.299818,
		38.695976, 42.856544, 45.387779>
	pigment { color rgbt <0,1,1,0> }
	no_shadow
}
cylinder {
	<37.905449, 43.289200, 45.194675>,  <38.628593, 43.520931, 45.597652>, 0.130000
	pigment { color rgbt <1,0,0,0> }
	no_shadow
}

// nucleotide -1

// particle -1
sphere {
	<37.905449, 43.289200, 45.194675> 0.250000
	pigment { color rgbt <1,0,0,0> }
	no_shadow
}
cylinder {
	<38.085270, 42.951096, 45.310219>,  <38.193161, 42.748234, 45.379547>, 0.100000
	pigment { color rgbt <1,0,0,0> }
	no_shadow
}
cylinder {
	<38.085270, 42.951096, 45.310219>,  <37.905449, 43.289200, 45.194675>, 0.100000
	pigment { color rgbt <1,0,0,0> }
	no_shadow
}

// particle -1
sphere {
	<38.085270, 42.951096, 45.310219> 0.100000
	pigment { color rgbt <1,0,0,0> }
	no_shadow
}
sphere {
	0, 1
	scale<0.080000,0.200000,0.300000>
	matrix <-0.891698, -0.443736, 0.089293,
		0.052703, -0.297719, -0.953198,
		0.449552, -0.845258, 0.288862,
		38.220135, 42.697517, 45.396877>
	pigment { color rgbt <0,1,1,0> }
	no_shadow
}
cylinder {
	<37.455227, 42.722641, 45.085094>,  <37.905449, 43.289200, 45.194675>, 0.130000
	pigment { color rgbt <1,0,0,0> }
	no_shadow
}

// nucleotide -1

// particle -1
sphere {
	<37.455227, 42.722641, 45.085094> 0.250000
	pigment { color rgbt <1,0,0,0> }
	no_shadow
}
cylinder {
	<37.706696, 42.529648, 45.329056>,  <37.857578, 42.413853, 45.475433>, 0.100000
	pigment { color rgbt <1,0,0,0> }
	no_shadow
}
cylinder {
	<37.706696, 42.529648, 45.329056>,  <37.455227, 42.722641, 45.085094>, 0.100000
	pigment { color rgbt <1,0,0,0> }
	no_shadow
}

// particle -1
sphere {
	<37.706696, 42.529648, 45.329056> 0.100000
	pigment { color rgbt <1,0,0,0> }
	no_shadow
}
sphere {
	0, 1
	scale<0.080000,0.200000,0.300000>
	matrix <-0.757839, -0.556080, 0.341255,
		0.174504, -0.676745, -0.715238,
		0.628672, -0.482485, 0.609902,
		37.895298, 42.384903, 45.512028>
	pigment { color rgbt <0,1,1,0> }
	no_shadow
}
cylinder {
	<37.403130, 41.968575, 44.936607>,  <37.455227, 42.722641, 45.085094>, 0.130000
	pigment { color rgbt <1,0,0,0> }
	no_shadow
}

// nucleotide -1

// particle -1
sphere {
	<37.403130, 41.968575, 44.936607> 0.250000
	pigment { color rgbt <1,0,0,0> }
	no_shadow
}
cylinder {
	<37.546532, 41.982262, 45.309769>,  <37.632572, 41.990475, 45.533665>, 0.100000
	pigment { color rgbt <1,0,0,0> }
	no_shadow
}
cylinder {
	<37.546532, 41.982262, 45.309769>,  <37.403130, 41.968575, 44.936607>, 0.100000
	pigment { color rgbt <1,0,0,0> }
	no_shadow
}

// particle -1
sphere {
	<37.546532, 41.982262, 45.309769> 0.100000
	pigment { color rgbt <1,0,0,0> }
	no_shadow
}
sphere {
	0, 1
	scale<0.080000,0.200000,0.300000>
	matrix <-0.611020, -0.746930, 0.262204,
		0.705782, -0.664022, -0.246874,
		0.358507, 0.034214, 0.932900,
		37.654083, 41.992527, 45.589638>
	pigment { color rgbt <0,1,1,0> }
	no_shadow
}
cylinder {
	<37.486851, 41.260689, 45.148849>,  <37.403130, 41.968575, 44.936607>, 0.130000
	pigment { color rgbt <1,0,0,0> }
	no_shadow
}

// nucleotide -1

// particle -1
sphere {
	<37.486851, 41.260689, 45.148849> 0.250000
	pigment { color rgbt <1,0,0,0> }
	no_shadow
}
cylinder {
	<37.459183, 41.466705, 45.490597>,  <37.442581, 41.590317, 45.695644>, 0.100000
	pigment { color rgbt <1,0,0,0> }
	no_shadow
}
cylinder {
	<37.459183, 41.466705, 45.490597>,  <37.486851, 41.260689, 45.148849>, 0.100000
	pigment { color rgbt <1,0,0,0> }
	no_shadow
}

// particle -1
sphere {
	<37.459183, 41.466705, 45.490597> 0.100000
	pigment { color rgbt <1,0,0,0> }
	no_shadow
}
sphere {
	0, 1
	scale<0.080000,0.200000,0.300000>
	matrix <-0.617292, -0.694874, 0.368919,
		0.783688, -0.501878, 0.365994,
		-0.069168, 0.515042, 0.854369,
		37.438431, 41.621220, 45.746906>
	pigment { color rgbt <0,1,1,0> }
	no_shadow
}
cylinder {
	<37.468842, 40.760101, 45.693127>,  <37.486851, 41.260689, 45.148849>, 0.130000
	pigment { color rgbt <1,0,0,0> }
	no_shadow
}

// nucleotide -1

// particle -1
sphere {
	<37.468842, 40.760101, 45.693127> 0.250000
	pigment { color rgbt <1,0,0,0> }
	no_shadow
}
cylinder {
	<37.336746, 41.078674, 45.895763>,  <37.257488, 41.269817, 46.017345>, 0.100000
	pigment { color rgbt <1,0,0,0> }
	no_shadow
}
cylinder {
	<37.336746, 41.078674, 45.895763>,  <37.468842, 40.760101, 45.693127>, 0.100000
	pigment { color rgbt <1,0,0,0> }
	no_shadow
}

// particle -1
sphere {
	<37.336746, 41.078674, 45.895763> 0.100000
	pigment { color rgbt <1,0,0,0> }
	no_shadow
}
sphere {
	0, 1
	scale<0.080000,0.200000,0.300000>
	matrix <-0.696362, -0.567885, 0.438848,
		0.637198, -0.207844, 0.742145,
		-0.330241, 0.796434, 0.506590,
		37.237675, 41.317604, 46.047741>
	pigment { color rgbt <0,1,1,0> }
	no_shadow
}
cylinder {
	<37.497780, 40.589577, 46.392849>,  <37.468842, 40.760101, 45.693127>, 0.130000
	pigment { color rgbt <1,0,0,0> }
	no_shadow
}

// nucleotide -1

// particle -1
sphere {
	<37.497780, 40.589577, 46.392849> 0.250000
	pigment { color rgbt <1,0,0,0> }
	no_shadow
}
cylinder {
	<37.223068, 40.878204, 46.357830>,  <37.058239, 41.051380, 46.336819>, 0.100000
	pigment { color rgbt <1,0,0,0> }
	no_shadow
}
cylinder {
	<37.223068, 40.878204, 46.357830>,  <37.497780, 40.589577, 46.392849>, 0.100000
	pigment { color rgbt <1,0,0,0> }
	no_shadow
}

// particle -1
sphere {
	<37.223068, 40.878204, 46.357830> 0.100000
	pigment { color rgbt <1,0,0,0> }
	no_shadow
}
sphere {
	0, 1
	scale<0.080000,0.200000,0.300000>
	matrix <-0.568919, -0.458673, 0.682606,
		0.452396, 0.518606, 0.725525,
		-0.686782, 0.721573, -0.087543,
		37.017033, 41.094677, 46.331566>
	pigment { color rgbt <0,1,1,0> }
	no_shadow
}
cylinder {
	<37.282276, 40.562172, 46.990654>,  <37.497780, 40.589577, 46.392849>, 0.130000
	pigment { color rgbt <1,0,0,0> }
	no_shadow
}

// nucleotide -1

// particle -1
sphere {
	<37.282276, 40.562172, 46.990654> 0.250000
	pigment { color rgbt <1,0,0,0> }
	no_shadow
}
cylinder {
	<36.986320, 40.739426, 46.788189>,  <36.808746, 40.845776, 46.666710>, 0.100000
	pigment { color rgbt <1,0,0,0> }
	no_shadow
}
cylinder {
	<36.986320, 40.739426, 46.788189>,  <37.282276, 40.562172, 46.990654>, 0.100000
	pigment { color rgbt <1,0,0,0> }
	no_shadow
}

// particle -1
sphere {
	<36.986320, 40.739426, 46.788189> 0.100000
	pigment { color rgbt <1,0,0,0> }
	no_shadow
}
sphere {
	0, 1
	scale<0.080000,0.200000,0.300000>
	matrix <-0.669751, -0.414474, 0.616153,
		0.063244, 0.794888, 0.603451,
		-0.739888, 0.443130, -0.506164,
		36.764355, 40.872364, 46.636341>
	pigment { color rgbt <0,1,1,0> }
	no_shadow
}
cylinder {
	<36.849800, 40.836109, 47.532913>,  <37.282276, 40.562172, 46.990654>, 0.130000
	pigment { color rgbt <1,0,0,0> }
	no_shadow
}

// nucleotide -1

// particle -1
sphere {
	<36.849800, 40.836109, 47.532913> 0.250000
	pigment { color rgbt <1,0,0,0> }
	no_shadow
}
cylinder {
	<36.626030, 40.814171, 47.202087>,  <36.491768, 40.801006, 47.003593>, 0.100000
	pigment { color rgbt <1,0,0,0> }
	no_shadow
}
cylinder {
	<36.626030, 40.814171, 47.202087>,  <36.849800, 40.836109, 47.532913>, 0.100000
	pigment { color rgbt <1,0,0,0> }
	no_shadow
}

// particle -1
sphere {
	<36.626030, 40.814171, 47.202087> 0.100000
	pigment { color rgbt <1,0,0,0> }
	no_shadow
}
sphere {
	0, 1
	scale<0.080000,0.200000,0.300000>
	matrix <-0.783624, -0.290193, 0.549292,
		-0.270135, 0.955395, 0.119362,
		-0.559429, -0.054848, -0.827062,
		36.458202, 40.797718, 46.953968>
	pigment { color rgbt <0,1,1,0> }
	no_shadow
}
cylinder {
	<36.167206, 40.990498, 47.783169>,  <36.849800, 40.836109, 47.532913>, 0.130000
	pigment { color rgbt <1,0,0,0> }
	no_shadow
}

// nucleotide -1

// particle -1
sphere {
	<36.167206, 40.990498, 47.783169> 0.250000
	pigment { color rgbt <1,0,0,0> }
	no_shadow
}
cylinder {
	<36.113594, 40.800598, 47.435226>,  <36.081429, 40.686661, 47.226460>, 0.100000
	pigment { color rgbt <1,0,0,0> }
	no_shadow
}
cylinder {
	<36.113594, 40.800598, 47.435226>,  <36.167206, 40.990498, 47.783169>, 0.100000
	pigment { color rgbt <1,0,0,0> }
	no_shadow
}

// particle -1
sphere {
	<36.113594, 40.800598, 47.435226> 0.100000
	pigment { color rgbt <1,0,0,0> }
	no_shadow
}
sphere {
	0, 1
	scale<0.080000,0.200000,0.300000>
	matrix <-0.824689, -0.433277, 0.363538,
		-0.549477, 0.766087, -0.333445,
		-0.134028, -0.474744, -0.869859,
		36.073387, 40.658176, 47.174271>
	pigment { color rgbt <0,1,1,0> }
	no_shadow
}
cylinder {
	<35.445782, 41.078323, 47.661236>,  <36.167206, 40.990498, 47.783169>, 0.130000
	pigment { color rgbt <1,0,0,0> }
	no_shadow
}

// nucleotide -1

// particle -1
sphere {
	<35.445782, 41.078323, 47.661236> 0.250000
	pigment { color rgbt <1,0,0,0> }
	no_shadow
}
cylinder {
	<35.583183, 40.770195, 47.446342>,  <35.665627, 40.585320, 47.317406>, 0.100000
	pigment { color rgbt <1,0,0,0> }
	no_shadow
}
cylinder {
	<35.583183, 40.770195, 47.446342>,  <35.445782, 41.078323, 47.661236>, 0.100000
	pigment { color rgbt <1,0,0,0> }
	no_shadow
}

// particle -1
sphere {
	<35.583183, 40.770195, 47.446342> 0.100000
	pigment { color rgbt <1,0,0,0> }
	no_shadow
}
sphere {
	0, 1
	scale<0.080000,0.200000,0.300000>
	matrix <-0.825220, -0.520662, 0.218915,
		-0.448349, 0.368133, -0.814531,
		0.343506, -0.770317, -0.537229,
		35.686234, 40.539101, 47.285175>
	pigment { color rgbt <0,1,1,0> }
	no_shadow
}
cylinder {
	<34.917572, 40.710243, 47.324726>,  <35.445782, 41.078323, 47.661236>, 0.130000
	pigment { color rgbt <1,0,0,0> }
	no_shadow
}

// nucleotide -1

// particle -1
sphere {
	<34.917572, 40.710243, 47.324726> 0.250000
	pigment { color rgbt <1,0,0,0> }
	no_shadow
}
cylinder {
	<35.187782, 40.417542, 47.288513>,  <35.349907, 40.241920, 47.266785>, 0.100000
	pigment { color rgbt <1,0,0,0> }
	no_shadow
}
cylinder {
	<35.187782, 40.417542, 47.288513>,  <34.917572, 40.710243, 47.324726>, 0.100000
	pigment { color rgbt <1,0,0,0> }
	no_shadow
}

// particle -1
sphere {
	<35.187782, 40.417542, 47.288513> 0.100000
	pigment { color rgbt <1,0,0,0> }
	no_shadow
}
sphere {
	0, 1
	scale<0.080000,0.200000,0.300000>
	matrix <-0.726996, -0.681504, 0.083844,
		-0.123052, 0.009178, -0.992358,
		0.675526, -0.731757, -0.090533,
		35.390442, 40.198013, 47.261353>
	pigment { color rgbt <0,1,1,0> }
	no_shadow
}
cylinder {
	<34.654419, 40.067192, 46.937031>,  <34.917572, 40.710243, 47.324726>, 0.130000
	pigment { color rgbt <1,0,0,0> }
	no_shadow
}

// nucleotide -1

// particle -1
sphere {
	<34.654419, 40.067192, 46.937031> 0.250000
	pigment { color rgbt <1,0,0,0> }
	no_shadow
}
cylinder {
	<34.947338, 39.924408, 47.169003>,  <35.123089, 39.838737, 47.308186>, 0.100000
	pigment { color rgbt <1,0,0,0> }
	no_shadow
}
cylinder {
	<34.947338, 39.924408, 47.169003>,  <34.654419, 40.067192, 46.937031>, 0.100000
	pigment { color rgbt <1,0,0,0> }
	no_shadow
}

// particle -1
sphere {
	<34.947338, 39.924408, 47.169003> 0.100000
	pigment { color rgbt <1,0,0,0> }
	no_shadow
}
sphere {
	0, 1
	scale<0.080000,0.200000,0.300000>
	matrix <-0.561713, -0.798075, 0.218070,
		0.384987, -0.485447, -0.784937,
		0.732300, -0.356955, 0.579931,
		35.167027, 39.817322, 47.342983>
	pigment { color rgbt <0,1,1,0> }
	no_shadow
}
cylinder {
	<34.593403, 39.345478, 46.892044>,  <34.654419, 40.067192, 46.937031>, 0.130000
	pigment { color rgbt <1,0,0,0> }
	no_shadow
}

// nucleotide -1

// particle -1
sphere {
	<34.593403, 39.345478, 46.892044> 0.250000
	pigment { color rgbt <1,0,0,0> }
	no_shadow
}
cylinder {
	<34.808479, 39.395096, 47.225632>,  <34.937527, 39.424866, 47.425785>, 0.100000
	pigment { color rgbt <1,0,0,0> }
	no_shadow
}
cylinder {
	<34.808479, 39.395096, 47.225632>,  <34.593403, 39.345478, 46.892044>, 0.100000
	pigment { color rgbt <1,0,0,0> }
	no_shadow
}

// particle -1
sphere {
	<34.808479, 39.395096, 47.225632> 0.100000
	pigment { color rgbt <1,0,0,0> }
	no_shadow
}
sphere {
	0, 1
	scale<0.080000,0.200000,0.300000>
	matrix <-0.634307, -0.592125, 0.497034,
		0.555465, -0.796243, -0.239700,
		0.537692, 0.124041, 0.833967,
		34.969788, 39.432308, 47.475822>
	pigment { color rgbt <0,1,1,0> }
	no_shadow
}
cylinder {
	<34.506405, 38.664532, 47.191471>,  <34.593403, 39.345478, 46.892044>, 0.130000
	pigment { color rgbt <1,0,0,0> }
	no_shadow
}

// nucleotide -1

// particle -1
sphere {
	<34.506405, 38.664532, 47.191471> 0.250000
	pigment { color rgbt <1,0,0,0> }
	no_shadow
}
cylinder {
	<34.651375, 38.875305, 47.498974>,  <34.738358, 39.001770, 47.683475>, 0.100000
	pigment { color rgbt <1,0,0,0> }
	no_shadow
}
cylinder {
	<34.651375, 38.875305, 47.498974>,  <34.506405, 38.664532, 47.191471>, 0.100000
	pigment { color rgbt <1,0,0,0> }
	no_shadow
}

// particle -1
sphere {
	<34.651375, 38.875305, 47.498974> 0.100000
	pigment { color rgbt <1,0,0,0> }
	no_shadow
}
sphere {
	0, 1
	scale<0.080000,0.200000,0.300000>
	matrix <-0.591893, -0.507021, 0.626572,
		0.719940, -0.682106, 0.128134,
		0.362422, 0.526935, 0.768758,
		34.760101, 39.033386, 47.729603>
	pigment { color rgbt <0,1,1,0> }
	no_shadow
}
cylinder {
	<34.739056, 38.133862, 47.631111>,  <34.506405, 38.664532, 47.191471>, 0.130000
	pigment { color rgbt <1,0,0,0> }
	no_shadow
}

// nucleotide -1

// particle -1
sphere {
	<34.739056, 38.133862, 47.631111> 0.250000
	pigment { color rgbt <1,0,0,0> }
	no_shadow
}
cylinder {
	<34.685688, 38.466209, 47.847202>,  <34.653667, 38.665619, 47.976856>, 0.100000
	pigment { color rgbt <1,0,0,0> }
	no_shadow
}
cylinder {
	<34.685688, 38.466209, 47.847202>,  <34.739056, 38.133862, 47.631111>, 0.100000
	pigment { color rgbt <1,0,0,0> }
	no_shadow
}

// particle -1
sphere {
	<34.685688, 38.466209, 47.847202> 0.100000
	pigment { color rgbt <1,0,0,0> }
	no_shadow
}
sphere {
	0, 1
	scale<0.080000,0.200000,0.300000>
	matrix <-0.441871, -0.537797, 0.718000,
		0.887101, -0.142914, 0.438894,
		-0.133424, 0.830873, 0.540230,
		34.645660, 38.715473, 48.009270>
	pigment { color rgbt <0,1,1,0> }
	no_shadow
}
cylinder {
	<34.949604, 37.961002, 48.267601>,  <34.739056, 38.133862, 47.631111>, 0.130000
	pigment { color rgbt <1,0,0,0> }
	no_shadow
}

// nucleotide -1

// particle -1
sphere {
	<34.949604, 37.961002, 48.267601> 0.250000
	pigment { color rgbt <1,0,0,0> }
	no_shadow
}
cylinder {
	<34.722343, 38.279900, 48.349197>,  <34.585987, 38.471237, 48.398155>, 0.100000
	pigment { color rgbt <1,0,0,0> }
	no_shadow
}
cylinder {
	<34.722343, 38.279900, 48.349197>,  <34.949604, 37.961002, 48.267601>, 0.100000
	pigment { color rgbt <1,0,0,0> }
	no_shadow
}

// particle -1
sphere {
	<34.722343, 38.279900, 48.349197> 0.100000
	pigment { color rgbt <1,0,0,0> }
	no_shadow
}
sphere {
	0, 1
	scale<0.080000,0.200000,0.300000>
	matrix <-0.459467, -0.512966, 0.725091,
		0.682713, 0.318232, 0.657747,
		-0.568148, 0.797242, 0.203991,
		34.551899, 38.519073, 48.410397>
	pigment { color rgbt <0,1,1,0> }
	no_shadow
}
cylinder {
	<34.863583, 38.097908, 49.027485>,  <34.949604, 37.961002, 48.267601>, 0.130000
	pigment { color rgbt <1,0,0,0> }
	no_shadow
}

// nucleotide -1

// particle -1
sphere {
	<34.863583, 38.097908, 49.027485> 0.250000
	pigment { color rgbt <1,0,0,0> }
	no_shadow
}
cylinder {
	<34.555683, 38.307381, 48.881474>,  <34.370945, 38.433064, 48.793865>, 0.100000
	pigment { color rgbt <1,0,0,0> }
	no_shadow
}
cylinder {
	<34.555683, 38.307381, 48.881474>,  <34.863583, 38.097908, 49.027485>, 0.100000
	pigment { color rgbt <1,0,0,0> }
	no_shadow
}

// particle -1
sphere {
	<34.555683, 38.307381, 48.881474> 0.100000
	pigment { color rgbt <1,0,0,0> }
	no_shadow
}
sphere {
	0, 1
	scale<0.080000,0.200000,0.300000>
	matrix <-0.573599, -0.316479, 0.755530,
		0.280136, 0.790946, 0.543994,
		-0.769745, 0.523685, -0.365029,
		34.324760, 38.464485, 48.771965>
	pigment { color rgbt <0,1,1,0> }
	no_shadow
}
cylinder {
	<34.709362, 38.497017, 49.521065>,  <34.863583, 38.097908, 49.027485>, 0.130000
	pigment { color rgbt <1,0,0,0> }
	no_shadow
}

// nucleotide -1

// particle -1
sphere {
	<34.709362, 38.497017, 49.521065> 0.250000
	pigment { color rgbt <1,0,0,0> }
	no_shadow
}
cylinder {
	<34.381157, 38.458939, 49.295605>,  <34.184235, 38.436092, 49.160328>, 0.100000
	pigment { color rgbt <1,0,0,0> }
	no_shadow
}
cylinder {
	<34.381157, 38.458939, 49.295605>,  <34.709362, 38.497017, 49.521065>, 0.100000
	pigment { color rgbt <1,0,0,0> }
	no_shadow
}

// particle -1
sphere {
	<34.381157, 38.458939, 49.295605> 0.100000
	pigment { color rgbt <1,0,0,0> }
	no_shadow
}
sphere {
	0, 1
	scale<0.080000,0.200000,0.300000>
	matrix <-0.487823, -0.397401, 0.777239,
		-0.297983, 0.912694, 0.279634,
		-0.820509, -0.095192, -0.563652,
		34.135006, 38.430382, 49.126511>
	pigment { color rgbt <0,1,1,0> }
	no_shadow
}
cylinder {
	<34.150299, 38.658180, 50.023415>,  <34.709362, 38.497017, 49.521065>, 0.130000
	pigment { color rgbt <1,0,0,0> }
	no_shadow
}

// nucleotide -1

// particle -1
sphere {
	<34.150299, 38.658180, 50.023415> 0.250000
	pigment { color rgbt <1,0,0,0> }
	no_shadow
}
cylinder {
	<33.970352, 38.499397, 49.703403>,  <33.862385, 38.404125, 49.511398>, 0.100000
	pigment { color rgbt <1,0,0,0> }
	no_shadow
}
cylinder {
	<33.970352, 38.499397, 49.703403>,  <34.150299, 38.658180, 50.023415>, 0.100000
	pigment { color rgbt <1,0,0,0> }
	no_shadow
}

// particle -1
sphere {
	<33.970352, 38.499397, 49.703403> 0.100000
	pigment { color rgbt <1,0,0,0> }
	no_shadow
}
sphere {
	0, 1
	scale<0.080000,0.200000,0.300000>
	matrix <-0.645040, -0.475133, 0.598475,
		-0.617688, 0.785284, -0.042306,
		-0.449872, -0.396960, -0.800024,
		33.835392, 38.380310, 49.463398>
	pigment { color rgbt <0,1,1,0> }
	no_shadow
}
cylinder {
	<33.395073, 38.704624, 50.087818>,  <34.150299, 38.658180, 50.023415>, 0.130000
	pigment { color rgbt <1,0,0,0> }
	no_shadow
}

// nucleotide -1

// particle -1
sphere {
	<33.395073, 38.704624, 50.087818> 0.250000
	pigment { color rgbt <1,0,0,0> }
	no_shadow
}
cylinder {
	<33.479362, 38.404404, 49.837296>,  <33.529938, 38.224270, 49.686981>, 0.100000
	pigment { color rgbt <1,0,0,0> }
	no_shadow
}
cylinder {
	<33.479362, 38.404404, 49.837296>,  <33.395073, 38.704624, 50.087818>, 0.100000
	pigment { color rgbt <1,0,0,0> }
	no_shadow
}

// particle -1
sphere {
	<33.479362, 38.404404, 49.837296> 0.100000
	pigment { color rgbt <1,0,0,0> }
	no_shadow
}
sphere {
	0, 1
	scale<0.080000,0.200000,0.300000>
	matrix <-0.614140, -0.600117, 0.512534,
		-0.760544, 0.276640, -0.587404,
		0.210724, -0.750553, -0.626311,
		33.542580, 38.179237, 49.649403>
	pigment { color rgbt <0,1,1,0> }
	no_shadow
}
cylinder {
	<32.790890, 38.474403, 49.844925>,  <33.395073, 38.704624, 50.087818>, 0.130000
	pigment { color rgbt <1,0,0,0> }
	no_shadow
}

// nucleotide -1

// particle -1
sphere {
	<32.790890, 38.474403, 49.844925> 0.250000
	pigment { color rgbt <1,0,0,0> }
	no_shadow
}
cylinder {
	<33.050743, 38.172813, 49.805939>,  <33.206654, 37.991859, 49.782547>, 0.100000
	pigment { color rgbt <1,0,0,0> }
	no_shadow
}
cylinder {
	<33.050743, 38.172813, 49.805939>,  <32.790890, 38.474403, 49.844925>, 0.100000
	pigment { color rgbt <1,0,0,0> }
	no_shadow
}

// particle -1
sphere {
	<33.050743, 38.172813, 49.805939> 0.100000
	pigment { color rgbt <1,0,0,0> }
	no_shadow
}
sphere {
	0, 1
	scale<0.080000,0.200000,0.300000>
	matrix <-0.632160, -0.606945, 0.481656,
		-0.422313, -0.251285, -0.870924,
		0.649635, -0.753972, -0.097469,
		33.245632, 37.946621, 49.776699>
	pigment { color rgbt <0,1,1,0> }
	no_shadow
}
cylinder {
	<32.394573, 37.961208, 49.704380>,  <32.790890, 38.474403, 49.844925>, 0.130000
	pigment { color rgbt <1,0,0,0> }
	no_shadow
}

// nucleotide -1

// particle -1
sphere {
	<32.394573, 37.961208, 49.704380> 0.250000
	pigment { color rgbt <1,0,0,0> }
	no_shadow
}
cylinder {
	<32.733189, 37.781723, 49.818947>,  <32.936356, 37.674030, 49.887688>, 0.100000
	pigment { color rgbt <1,0,0,0> }
	no_shadow
}
cylinder {
	<32.733189, 37.781723, 49.818947>,  <32.394573, 37.961208, 49.704380>, 0.100000
	pigment { color rgbt <1,0,0,0> }
	no_shadow
}

// particle -1
sphere {
	<32.733189, 37.781723, 49.818947> 0.100000
	pigment { color rgbt <1,0,0,0> }
	no_shadow
}
sphere {
	0, 1
	scale<0.080000,0.200000,0.300000>
	matrix <-0.516530, -0.562249, 0.645811,
		-0.128752, -0.694642, -0.707739,
		0.846534, -0.448718, 0.286413,
		32.987148, 37.647106, 49.904869>
	pigment { color rgbt <0,1,1,0> }
	no_shadow
}
cylinder {
	<32.256008, 37.218685, 49.804680>,  <32.394573, 37.961208, 49.704380>, 0.130000
	pigment { color rgbt <1,0,0,0> }
	no_shadow
}

// nucleotide -1

// particle -1
sphere {
	<32.256008, 37.218685, 49.804680> 0.250000
	pigment { color rgbt <1,0,0,0> }
	no_shadow
}
cylinder {
	<32.594696, 37.261612, 50.013123>,  <32.797909, 37.287369, 50.138187>, 0.100000
	pigment { color rgbt <1,0,0,0> }
	no_shadow
}
cylinder {
	<32.594696, 37.261612, 50.013123>,  <32.256008, 37.218685, 49.804680>, 0.100000
	pigment { color rgbt <1,0,0,0> }
	no_shadow
}

// particle -1
sphere {
	<32.594696, 37.261612, 50.013123> 0.100000
	pigment { color rgbt <1,0,0,0> }
	no_shadow
}
sphere {
	0, 1
	scale<0.080000,0.200000,0.300000>
	matrix <-0.351202, -0.622997, 0.698951,
		0.399659, -0.774828, -0.489811,
		0.846717, 0.107319, 0.521107,
		32.848713, 37.293808, 50.169456>
	pigment { color rgbt <0,1,1,0> }
	no_shadow
}
cylinder {
	<32.445557, 36.534721, 50.064175>,  <32.256008, 37.218685, 49.804680>, 0.130000
	pigment { color rgbt <1,0,0,0> }
	no_shadow
}

// nucleotide -1

// particle -1
sphere {
	<32.445557, 36.534721, 50.064175> 0.250000
	pigment { color rgbt <1,0,0,0> }
	no_shadow
}
cylinder {
	<32.662411, 36.771469, 50.302765>,  <32.792522, 36.913517, 50.445919>, 0.100000
	pigment { color rgbt <1,0,0,0> }
	no_shadow
}
cylinder {
	<32.662411, 36.771469, 50.302765>,  <32.445557, 36.534721, 50.064175>, 0.100000
	pigment { color rgbt <1,0,0,0> }
	no_shadow
}

// particle -1
sphere {
	<32.662411, 36.771469, 50.302765> 0.100000
	pigment { color rgbt <1,0,0,0> }
	no_shadow
}
sphere {
	0, 1
	scale<0.080000,0.200000,0.300000>
	matrix <-0.299001, -0.527504, 0.795197,
		0.785293, -0.609452, -0.109011,
		0.542138, 0.591868, 0.596472,
		32.825050, 36.949028, 50.481705>
	pigment { color rgbt <0,1,1,0> }
	no_shadow
}
cylinder {
	<32.531029, 36.061729, 50.613640>,  <32.445557, 36.534721, 50.064175>, 0.130000
	pigment { color rgbt <1,0,0,0> }
	no_shadow
}

// nucleotide -1

// particle -1
sphere {
	<32.531029, 36.061729, 50.613640> 0.250000
	pigment { color rgbt <1,0,0,0> }
	no_shadow
}
cylinder {
	<32.643047, 36.421013, 50.749168>,  <32.710258, 36.636581, 50.830486>, 0.100000
	pigment { color rgbt <1,0,0,0> }
	no_shadow
}
cylinder {
	<32.643047, 36.421013, 50.749168>,  <32.531029, 36.061729, 50.613640>, 0.100000
	pigment { color rgbt <1,0,0,0> }
	no_shadow
}

// particle -1
sphere {
	<32.643047, 36.421013, 50.749168> 0.100000
	pigment { color rgbt <1,0,0,0> }
	no_shadow
}
sphere {
	0, 1
	scale<0.080000,0.200000,0.300000>
	matrix <-0.253299, -0.271300, 0.928567,
		0.925965, -0.345869, 0.151536,
		0.280051, 0.898204, 0.338822,
		32.727062, 36.690475, 50.850815>
	pigment { color rgbt <0,1,1,0> }
	no_shadow
}
cylinder {
	<32.941425, 35.911255, 51.262520>,  <32.531029, 36.061729, 50.613640>, 0.130000
	pigment { color rgbt <1,0,0,0> }
	no_shadow
}

// nucleotide -1

// particle -1
sphere {
	<32.941425, 35.911255, 51.262520> 0.250000
	pigment { color rgbt <1,0,0,0> }
	no_shadow
}
cylinder {
	<32.786568, 36.280029, 51.257515>,  <32.693653, 36.501293, 51.254513>, 0.100000
	pigment { color rgbt <1,0,0,0> }
	no_shadow
}
cylinder {
	<32.786568, 36.280029, 51.257515>,  <32.941425, 35.911255, 51.262520>, 0.100000
	pigment { color rgbt <1,0,0,0> }
	no_shadow
}

// particle -1
sphere {
	<32.786568, 36.280029, 51.257515> 0.100000
	pigment { color rgbt <1,0,0,0> }
	no_shadow
}
sphere {
	0, 1
	scale<0.080000,0.200000,0.300000>
	matrix <-0.215728, -0.077381, 0.973383,
		0.896427, 0.379538, 0.228845,
		-0.387144, 0.921935, -0.012510,
		32.670425, 36.556610, 51.253761>
	pigment { color rgbt <0,1,1,0> }
	no_shadow
}
cylinder {
	<33.220722, 36.216145, 51.790398>,  <32.941425, 35.911255, 51.262520>, 0.130000
	pigment { color rgbt <1,0,0,0> }
	no_shadow
}

// nucleotide -1

// particle -1
sphere {
	<33.220722, 36.216145, 51.790398> 0.250000
	pigment { color rgbt <1,0,0,0> }
	no_shadow
}
cylinder {
	<32.903435, 36.454407, 51.739799>,  <32.713062, 36.597366, 51.709442>, 0.100000
	pigment { color rgbt <1,0,0,0> }
	no_shadow
}
cylinder {
	<32.903435, 36.454407, 51.739799>,  <33.220722, 36.216145, 51.790398>, 0.100000
	pigment { color rgbt <1,0,0,0> }
	no_shadow
}

// particle -1
sphere {
	<32.903435, 36.454407, 51.739799> 0.100000
	pigment { color rgbt <1,0,0,0> }
	no_shadow
}
sphere {
	0, 1
	scale<0.080000,0.200000,0.300000>
	matrix <-0.205913, -0.066886, 0.976282,
		0.573070, 0.800448, 0.175709,
		-0.793215, 0.595659, -0.126493,
		32.665470, 36.633106, 51.701851>
	pigment { color rgbt <0,1,1,0> }
	no_shadow
}
cylinder {
	<33.233967, 36.632896, 52.257210>,  <33.220722, 36.216145, 51.790398>, 0.130000
	pigment { color rgbt <1,0,0,0> }
	no_shadow
}

// nucleotide -1

// particle -1
sphere {
	<33.233967, 36.632896, 52.257210> 0.250000
	pigment { color rgbt <1,0,0,0> }
	no_shadow
}
cylinder {
	<32.846340, 36.679863, 52.170387>,  <32.613762, 36.708042, 52.118294>, 0.100000
	pigment { color rgbt <1,0,0,0> }
	no_shadow
}
cylinder {
	<32.846340, 36.679863, 52.170387>,  <33.233967, 36.632896, 52.257210>, 0.100000
	pigment { color rgbt <1,0,0,0> }
	no_shadow
}

// particle -1
sphere {
	<32.846340, 36.679863, 52.170387> 0.100000
	pigment { color rgbt <1,0,0,0> }
	no_shadow
}
sphere {
	0, 1
	scale<0.080000,0.200000,0.300000>
	matrix <-0.215334, 0.027345, 0.976157,
		0.120552, 0.992706, -0.001216,
		-0.969071, 0.117416, -0.217060,
		32.555618, 36.715088, 52.105270>
	pigment { color rgbt <0,1,1,0> }
	no_shadow
}
cylinder {
	<33.013096, 36.990307, 52.875633>,  <33.233967, 36.632896, 52.257210>, 0.130000
	pigment { color rgbt <1,0,0,0> }
	no_shadow
}

// nucleotide -1

// particle -1
sphere {
	<33.013096, 36.990307, 52.875633> 0.250000
	pigment { color rgbt <1,0,0,0> }
	no_shadow
}
cylinder {
	<32.676235, 36.881783, 52.689224>,  <32.474121, 36.816666, 52.577377>, 0.100000
	pigment { color rgbt <1,0,0,0> }
	no_shadow
}
cylinder {
	<32.676235, 36.881783, 52.689224>,  <33.013096, 36.990307, 52.875633>, 0.100000
	pigment { color rgbt <1,0,0,0> }
	no_shadow
}

// particle -1
sphere {
	<32.676235, 36.881783, 52.689224> 0.100000
	pigment { color rgbt <1,0,0,0> }
	no_shadow
}
sphere {
	0, 1
	scale<0.080000,0.200000,0.300000>
	matrix <-0.461309, -0.085065, 0.883152,
		-0.279253, 0.958725, -0.053522,
		-0.842147, -0.271313, -0.466023,
		32.423592, 36.800388, 52.549416>
	pigment { color rgbt <0,1,1,0> }
	no_shadow
}
cylinder {
	<32.557400, 37.454979, 52.966564>,  <33.013096, 36.990307, 52.875633>, 0.130000
	pigment { color rgbt <1,0,0,0> }
	no_shadow
}

// nucleotide -1

// particle -1
sphere {
	<32.557400, 37.454979, 52.966564> 0.250000
	pigment { color rgbt <1,0,0,0> }
	no_shadow
}
cylinder {
	<32.350006, 37.122429, 52.886570>,  <32.225571, 36.922901, 52.838573>, 0.100000
	pigment { color rgbt <1,0,0,0> }
	no_shadow
}
cylinder {
	<32.350006, 37.122429, 52.886570>,  <32.557400, 37.454979, 52.966564>, 0.100000
	pigment { color rgbt <1,0,0,0> }
	no_shadow
}

// particle -1
sphere {
	<32.350006, 37.122429, 52.886570> 0.100000
	pigment { color rgbt <1,0,0,0> }
	no_shadow
}
sphere {
	0, 1
	scale<0.080000,0.200000,0.300000>
	matrix <-0.487102, 0.094946, 0.868169,
		-0.702784, 0.547544, -0.454191,
		-0.518485, -0.831373, -0.199983,
		32.194462, 36.873016, 52.826576>
	pigment { color rgbt <0,1,1,0> }
	no_shadow
}
cylinder {
	<31.886749, 37.605869, 53.231464>,  <32.557400, 37.454979, 52.966564>, 0.130000
	pigment { color rgbt <1,0,0,0> }
	no_shadow
}

// nucleotide -1

// particle -1
sphere {
	<31.886749, 37.605869, 53.231464> 0.250000
	pigment { color rgbt <1,0,0,0> }
	no_shadow
}
cylinder {
	<31.956335, 37.213150, 53.200970>,  <31.998087, 36.977520, 53.182674>, 0.100000
	pigment { color rgbt <1,0,0,0> }
	no_shadow
}
cylinder {
	<31.956335, 37.213150, 53.200970>,  <31.886749, 37.605869, 53.231464>, 0.100000
	pigment { color rgbt <1,0,0,0> }
	no_shadow
}

// particle -1
sphere {
	<31.956335, 37.213150, 53.200970> 0.100000
	pigment { color rgbt <1,0,0,0> }
	no_shadow
}
sphere {
	0, 1
	scale<0.080000,0.200000,0.300000>
	matrix <-0.557684, -0.162029, 0.814085,
		-0.811619, -0.099104, -0.575720,
		0.173962, -0.981797, -0.076237,
		32.008522, 36.918610, 53.178097>
	pigment { color rgbt <0,1,1,0> }
	no_shadow
}
cylinder {
	<31.258682, 37.261421, 53.448990>,  <31.886749, 37.605869, 53.231464>, 0.130000
	pigment { color rgbt <1,0,0,0> }
	no_shadow
}

// nucleotide -1

// particle -1
sphere {
	<31.258682, 37.261421, 53.448990> 0.250000
	pigment { color rgbt <1,0,0,0> }
	no_shadow
}
cylinder {
	<31.488497, 36.934029, 53.448982>,  <31.626385, 36.737595, 53.448978>, 0.100000
	pigment { color rgbt <1,0,0,0> }
	no_shadow
}
cylinder {
	<31.488497, 36.934029, 53.448982>,  <31.258682, 37.261421, 53.448990>, 0.100000
	pigment { color rgbt <1,0,0,0> }
	no_shadow
}

// particle -1
sphere {
	<31.488497, 36.934029, 53.448982> 0.100000
	pigment { color rgbt <1,0,0,0> }
	no_shadow
}
sphere {
	0, 1
	scale<0.080000,0.200000,0.300000>
	matrix <-0.468534, -0.328912, 0.819935,
		-0.671108, -0.471070, -0.572457,
		0.574535, -0.818480, -0.000023,
		31.660858, 36.688484, 53.448975>
	pigment { color rgbt <0,1,1,0> }
	no_shadow
}
cylinder {
	<30.831312, 36.625175, 53.581108>,  <31.258682, 37.261421, 53.448990>, 0.130000
	pigment { color rgbt <1,0,0,0> }
	no_shadow
}

// nucleotide -1

// particle -1
sphere {
	<30.831312, 36.625175, 53.581108> 0.250000
	pigment { color rgbt <1,0,0,0> }
	no_shadow
}
cylinder {
	<31.207516, 36.537621, 53.685059>,  <31.433237, 36.485088, 53.747429>, 0.100000
	pigment { color rgbt <1,0,0,0> }
	no_shadow
}
cylinder {
	<31.207516, 36.537621, 53.685059>,  <30.831312, 36.625175, 53.581108>, 0.100000
	pigment { color rgbt <1,0,0,0> }
	no_shadow
}

// particle -1
sphere {
	<31.207516, 36.537621, 53.685059> 0.100000
	pigment { color rgbt <1,0,0,0> }
	no_shadow
}
sphere {
	0, 1
	scale<0.080000,0.200000,0.300000>
	matrix <-0.328069, -0.385985, 0.862198,
		-0.088417, -0.896161, -0.434832,
		0.940507, -0.218888, 0.259875,
		31.489668, 36.471954, 53.763020>
	pigment { color rgbt <0,1,1,0> }
	no_shadow
}
cylinder {
	<30.830742, 35.823349, 53.750004>,  <30.831312, 36.625175, 53.581108>, 0.130000
	pigment { color rgbt <1,0,0,0> }
	no_shadow
}

// nucleotide -1

// particle -1
sphere {
	<30.830742, 35.823349, 53.750004> 0.250000
	pigment { color rgbt <1,0,0,0> }
	no_shadow
}
cylinder {
	<31.141716, 36.004692, 53.924389>,  <31.328300, 36.113499, 54.029022>, 0.100000
	pigment { color rgbt <1,0,0,0> }
	no_shadow
}
cylinder {
	<31.141716, 36.004692, 53.924389>,  <30.830742, 35.823349, 53.750004>, 0.100000
	pigment { color rgbt <1,0,0,0> }
	no_shadow
}

// particle -1
sphere {
	<31.141716, 36.004692, 53.924389> 0.100000
	pigment { color rgbt <1,0,0,0> }
	no_shadow
}
sphere {
	0, 1
	scale<0.080000,0.200000,0.300000>
	matrix <-0.268480, -0.387626, 0.881853,
		0.568784, -0.802630, -0.179637,
		0.777434, 0.453355, 0.435966,
		31.374947, 36.140697, 54.055180>
	pigment { color rgbt <0,1,1,0> }
	no_shadow
}
cylinder {
	<31.286991, 35.283142, 54.245495>,  <30.830742, 35.823349, 53.750004>, 0.130000
	pigment { color rgbt <1,0,0,0> }
	no_shadow
}

// nucleotide -1

// particle -1
sphere {
	<31.286991, 35.283142, 54.245495> 0.250000
	pigment { color rgbt <1,0,0,0> }
	no_shadow
}
cylinder {
	<31.290367, 35.674828, 54.326550>,  <31.292393, 35.909840, 54.375183>, 0.100000
	pigment { color rgbt <1,0,0,0> }
	no_shadow
}
cylinder {
	<31.290367, 35.674828, 54.326550>,  <31.286991, 35.283142, 54.245495>, 0.100000
	pigment { color rgbt <1,0,0,0> }
	no_shadow
}

// particle -1
sphere {
	<31.290367, 35.674828, 54.326550> 0.100000
	pigment { color rgbt <1,0,0,0> }
	no_shadow
}
sphere {
	0, 1
	scale<0.080000,0.200000,0.300000>
