// switches for output
#declare DRAW_BASES = 1; // possible values are 0, 1; only relevant for DNA ribbons
#declare DRAW_BASES_TYPE = 3; // possible values are 1, 2, 3; only relevant for DNA ribbons
#declare DRAW_FOG = 0; // set to 1 to enable fog

#include "colors.inc"

#include "transforms.inc"
background { rgb <1, 1, 1>}

#default {
   normal{
       ripples 0.25
       frequency 0.20
       turbulence 0.2
       lambda 5
   }
	finish {
		phong 0.1
		phong_size 40.
	}
}

// original window dimensions: 1024x640


// camera settings

camera {
	sky <-0, 1, 0>
	up <-0, 1, 0>
	right 1.6 * <0.724836, 0, 0.688921>
	location <12.1561, 44.2, 77.9145>
	look_at <46.7464, 44.2, 41.5209>
	direction <34.5903, 0, -36.3936>
	angle 67.0682
}


# declare cpy_camera_pos = <12.1561, 44.2, 77.9145>;
# if (DRAW_FOG = 1)
fog {
	fog_type 2
	up vnormalize(cpy_camera_pos)
	color rgbt<1,1,1,0.3>
	distance 1e-5
	fog_alt 3e-3
	fog_offset 70.72
}
# end


// LIGHTS

# declare lum = 6;
global_settings {
	ambient_light rgb lum * <0.05, 0.05, 0.05>
	max_trace_level 15
}# declare cpy_direct_light_amount = 0.25;
light_source
{	1000 * <-0.0359156, -1, 1.41376>,
	rgb lum * cpy_direct_light_amount
	parallel
}

light_source
{	1000 * <0.0359156, 1, -1.41376>,
	rgb lum * cpy_direct_light_amount
	parallel
}

// strand 0

// nucleotide -1

// particle -1
sphere {
	<46.254951, 44.647148, 45.805119> 0.250000
	pigment { color rgbt <1,0,0,0> }
	no_shadow
}
cylinder {
	<45.903473, 44.756752, 45.961483>,  <45.692585, 44.822514, 46.055302>, 0.100000
	pigment { color rgbt <1,0,0,0> }
	no_shadow
}
cylinder {
	<45.903473, 44.756752, 45.961483>,  <46.254951, 44.647148, 45.805119>, 0.100000
	pigment { color rgbt <1,0,0,0> }
	no_shadow
}

// particle -1
sphere {
	<45.903473, 44.756752, 45.961483> 0.100000
	pigment { color rgbt <1,0,0,0> }
	no_shadow
}
sphere {
	0, 1
	scale<0.080000,0.200000,0.300000>
	matrix <0.139368, -0.635940, 0.759050,
		0.456582, 0.721455, 0.520611,
		-0.878698, 0.274012, 0.390907,
		45.639862, 44.838955, 46.078754>
	pigment { color rgbt <0,1,1,0> }
	no_shadow
}
cylinder {
	<46.424847, 44.806107, 46.438259>,  <46.254951, 44.647148, 45.805119>, 0.130000
	pigment { color rgbt <1,0,0,0> }
	no_shadow
}

// nucleotide -1

// particle -1
sphere {
	<46.424847, 44.806107, 46.438259> 0.250000
	pigment { color rgbt <1,0,0,0> }
	no_shadow
}
cylinder {
	<46.041313, 44.692574, 46.434601>,  <45.811195, 44.624454, 46.432407>, 0.100000
	pigment { color rgbt <1,0,0,0> }
	no_shadow
}
cylinder {
	<46.041313, 44.692574, 46.434601>,  <46.424847, 44.806107, 46.438259>, 0.100000
	pigment { color rgbt <1,0,0,0> }
	no_shadow
}

// particle -1
sphere {
	<46.041313, 44.692574, 46.434601> 0.100000
	pigment { color rgbt <1,0,0,0> }
	no_shadow
}
sphere {
	0, 1
	scale<0.080000,0.200000,0.300000>
	matrix <0.198084, -0.691536, 0.694652,
		-0.203486, 0.664243, 0.719288,
		-0.958831, -0.283831, -0.009142,
		45.753662, 44.607426, 46.431858>
	pigment { color rgbt <0,1,1,0> }
	no_shadow
}
cylinder {
	<46.273582, 44.887791, 47.051155>,  <46.424847, 44.806107, 46.438259>, 0.130000
	pigment { color rgbt <1,0,0,0> }
	no_shadow
}

// nucleotide -1

// particle -1
sphere {
	<46.273582, 44.887791, 47.051155> 0.250000
	pigment { color rgbt <1,0,0,0> }
	no_shadow
}
cylinder {
	<45.982376, 44.645493, 46.922733>,  <45.807652, 44.500114, 46.845680>, 0.100000
	pigment { color rgbt <1,0,0,0> }
	no_shadow
}
cylinder {
	<45.982376, 44.645493, 46.922733>,  <46.273582, 44.887791, 47.051155>, 0.100000
	pigment { color rgbt <1,0,0,0> }
	no_shadow
}

// particle -1
sphere {
	<45.982376, 44.645493, 46.922733> 0.100000
	pigment { color rgbt <1,0,0,0> }
	no_shadow
}
sphere {
	0, 1
	scale<0.080000,0.200000,0.300000>
	matrix <0.044492, -0.509061, 0.859580,
		-0.684117, 0.611503, 0.397554,
		-0.728014, -0.605741, -0.321050,
		45.763973, 44.463772, 46.826420>
	pigment { color rgbt <0,1,1,0> }
	no_shadow
}
cylinder {
	<45.849628, 44.867527, 47.642487>,  <46.273582, 44.887791, 47.051155>, 0.130000
	pigment { color rgbt <1,0,0,0> }
	no_shadow
}

// nucleotide -1

// particle -1
sphere {
	<45.849628, 44.867527, 47.642487> 0.250000
	pigment { color rgbt <1,0,0,0> }
	no_shadow
}
cylinder {
	<45.752434, 44.551689, 47.417103>,  <45.694115, 44.362186, 47.281872>, 0.100000
	pigment { color rgbt <1,0,0,0> }
	no_shadow
}
cylinder {
	<45.752434, 44.551689, 47.417103>,  <45.849628, 44.867527, 47.642487>, 0.100000
	pigment { color rgbt <1,0,0,0> }
	no_shadow
}

// particle -1
sphere {
	<45.752434, 44.551689, 47.417103> 0.100000
	pigment { color rgbt <1,0,0,0> }
	no_shadow
}
sphere {
	0, 1
	scale<0.080000,0.200000,0.300000>
	matrix <-0.056706, -0.568315, 0.820854,
		-0.968370, 0.231411, 0.093320,
		-0.242990, -0.789599, -0.563462,
		45.679539, 44.314808, 47.248066>
	pigment { color rgbt <0,1,1,0> }
	no_shadow
}
cylinder {
	<45.278660, 44.587063, 48.017136>,  <45.849628, 44.867527, 47.642487>, 0.130000
	pigment { color rgbt <1,0,0,0> }
	no_shadow
}

// nucleotide -1

// particle -1
sphere {
	<45.278660, 44.587063, 48.017136> 0.250000
	pigment { color rgbt <1,0,0,0> }
	no_shadow
}
cylinder {
	<45.425758, 44.307617, 47.771633>,  <45.514019, 44.139950, 47.624332>, 0.100000
	pigment { color rgbt <1,0,0,0> }
	no_shadow
}
cylinder {
	<45.425758, 44.307617, 47.771633>,  <45.278660, 44.587063, 48.017136>, 0.100000
	pigment { color rgbt <1,0,0,0> }
	no_shadow
}

// particle -1
sphere {
	<45.425758, 44.307617, 47.771633> 0.100000
	pigment { color rgbt <1,0,0,0> }
	no_shadow
}
sphere {
	0, 1
	scale<0.080000,0.200000,0.300000>
	matrix <-0.145700, -0.695140, 0.703954,
		-0.918440, -0.169455, -0.357426,
		0.367750, -0.698617, -0.613755,
		45.536083, 44.098034, 47.587505>
	pigment { color rgbt <0,1,1,0> }
	no_shadow
}
cylinder {
	<44.860458, 44.064117, 48.102211>,  <45.278660, 44.587063, 48.017136>, 0.130000
	pigment { color rgbt <1,0,0,0> }
	no_shadow
}

// nucleotide -1

// particle -1
sphere {
	<44.860458, 44.064117, 48.102211> 0.250000
	pigment { color rgbt <1,0,0,0> }
	no_shadow
}
cylinder {
	<45.149498, 43.847847, 47.929924>,  <45.322922, 43.718086, 47.826550>, 0.100000
	pigment { color rgbt <1,0,0,0> }
	no_shadow
}
cylinder {
	<45.149498, 43.847847, 47.929924>,  <44.860458, 44.064117, 48.102211>, 0.100000
	pigment { color rgbt <1,0,0,0> }
	no_shadow
}

// particle -1
sphere {
	<45.149498, 43.847847, 47.929924> 0.100000
	pigment { color rgbt <1,0,0,0> }
	no_shadow
}
sphere {
	0, 1
	scale<0.080000,0.200000,0.300000>
	matrix <-0.204062, -0.762163, 0.614383,
		-0.660461, -0.356059, -0.661070,
		0.722599, -0.540676, -0.430720,
		45.366276, 43.685646, 47.800709>
	pigment { color rgbt <0,1,1,0> }
	no_shadow
}
cylinder {
	<44.502430, 43.418106, 47.891163>,  <44.860458, 44.064117, 48.102211>, 0.130000
	pigment { color rgbt <1,0,0,0> }
	no_shadow
}

// nucleotide -1

// particle -1
sphere {
	<44.502430, 43.418106, 47.891163> 0.250000
	pigment { color rgbt <1,0,0,0> }
	no_shadow
}
cylinder {
	<44.899376, 43.394257, 47.934357>,  <45.137543, 43.379948, 47.960274>, 0.100000
	pigment { color rgbt <1,0,0,0> }
	no_shadow
}
cylinder {
	<44.899376, 43.394257, 47.934357>,  <44.502430, 43.418106, 47.891163>, 0.100000
	pigment { color rgbt <1,0,0,0> }
	no_shadow
}

// particle -1
sphere {
	<44.899376, 43.394257, 47.934357> 0.100000
	pigment { color rgbt <1,0,0,0> }
	no_shadow
}
sphere {
	0, 1
	scale<0.080000,0.200000,0.300000>
	matrix <-0.119398, -0.684260, 0.719397,
		0.030996, -0.726796, -0.686153,
		0.992362, -0.059627, 0.107987,
		45.197086, 43.376369, 47.966751>
	pigment { color rgbt <0,1,1,0> }
	no_shadow
}
cylinder {
	<44.730400, 42.672054, 47.940834>,  <44.502430, 43.418106, 47.891163>, 0.130000
	pigment { color rgbt <1,0,0,0> }
	no_shadow
}

// nucleotide -1

// particle -1
sphere {
	<44.730400, 42.672054, 47.940834> 0.250000
	pigment { color rgbt <1,0,0,0> }
	no_shadow
}
cylinder {
	<45.039200, 42.864754, 48.106697>,  <45.224480, 42.980373, 48.206215>, 0.100000
	pigment { color rgbt <1,0,0,0> }
	no_shadow
}
cylinder {
	<45.039200, 42.864754, 48.106697>,  <44.730400, 42.672054, 47.940834>, 0.100000
	pigment { color rgbt <1,0,0,0> }
	no_shadow
}

// particle -1
sphere {
	<45.039200, 42.864754, 48.106697> 0.100000
	pigment { color rgbt <1,0,0,0> }
	no_shadow
}
sphere {
	0, 1
	scale<0.080000,0.200000,0.300000>
	matrix <0.089784, -0.728470, 0.679169,
		0.629252, -0.487087, -0.605630,
		0.771998, 0.481744, 0.414659,
		45.270798, 43.009277, 48.231094>
	pigment { color rgbt <0,1,1,0> }
	no_shadow
}
cylinder {
	<45.068268, 42.160309, 48.213848>,  <44.730400, 42.672054, 47.940834>, 0.130000
	pigment { color rgbt <1,0,0,0> }
	no_shadow
}

// nucleotide -1

// particle -1
sphere {
	<45.068268, 42.160309, 48.213848> 0.250000
	pigment { color rgbt <1,0,0,0> }
	no_shadow
}
cylinder {
	<45.245766, 42.469986, 48.394386>,  <45.352264, 42.655792, 48.502708>, 0.100000
	pigment { color rgbt <1,0,0,0> }
	no_shadow
}
cylinder {
	<45.245766, 42.469986, 48.394386>,  <45.068268, 42.160309, 48.213848>, 0.100000
	pigment { color rgbt <1,0,0,0> }
	no_shadow
}

// particle -1
sphere {
	<45.245766, 42.469986, 48.394386> 0.100000
	pigment { color rgbt <1,0,0,0> }
	no_shadow
}
sphere {
	0, 1
	scale<0.080000,0.200000,0.300000>
	matrix <0.150488, -0.560867, 0.814114,
		0.883427, -0.293339, -0.365390,
		0.443747, 0.774196, 0.451341,
		45.378891, 42.702244, 48.529789>
	pigment { color rgbt <0,1,1,0> }
	no_shadow
}
cylinder {
	<45.680454, 41.897594, 48.567493>,  <45.068268, 42.160309, 48.213848>, 0.130000
	pigment { color rgbt <1,0,0,0> }
	no_shadow
}

// nucleotide -1

// particle -1
sphere {
	<45.680454, 41.897594, 48.567493> 0.250000
	pigment { color rgbt <1,0,0,0> }
	no_shadow
}
cylinder {
	<45.626923, 42.250191, 48.748627>,  <45.594803, 42.461750, 48.857307>, 0.100000
	pigment { color rgbt <1,0,0,0> }
	no_shadow
}
cylinder {
	<45.626923, 42.250191, 48.748627>,  <45.680454, 41.897594, 48.567493>, 0.100000
	pigment { color rgbt <1,0,0,0> }
	no_shadow
}

// particle -1
sphere {
	<45.626923, 42.250191, 48.748627> 0.100000
	pigment { color rgbt <1,0,0,0> }
	no_shadow
}
sphere {
	0, 1
	scale<0.080000,0.200000,0.300000>
	matrix <0.400954, -0.369711, 0.838183,
		0.906270, 0.293738, -0.303961,
		-0.133829, 0.881494, 0.452833,
		45.586773, 42.514641, 48.884476>
	pigment { color rgbt <0,1,1,0> }
	no_shadow
}
cylinder {
	<46.191879, 41.871487, 49.011501>,  <45.680454, 41.897594, 48.567493>, 0.130000
	pigment { color rgbt <1,0,0,0> }
	no_shadow
}

// nucleotide -1

// particle -1
sphere {
	<46.191879, 41.871487, 49.011501> 0.250000
	pigment { color rgbt <1,0,0,0> }
	no_shadow
}
cylinder {
	<45.932655, 42.139534, 49.156258>,  <45.777122, 42.300362, 49.243111>, 0.100000
	pigment { color rgbt <1,0,0,0> }
	no_shadow
}
cylinder {
	<45.932655, 42.139534, 49.156258>,  <46.191879, 41.871487, 49.011501>, 0.100000
	pigment { color rgbt <1,0,0,0> }
	no_shadow
}

// particle -1
sphere {
	<45.932655, 42.139534, 49.156258> 0.100000
	pigment { color rgbt <1,0,0,0> }
	no_shadow
}
sphere {
	0, 1
	scale<0.080000,0.200000,0.300000>
	matrix <0.128791, -0.371902, 0.919294,
		0.750620, 0.642367, 0.154710,
		-0.648061, 0.670115, 0.361888,
		45.738235, 42.340569, 49.264824>
	pigment { color rgbt <0,1,1,0> }
	no_shadow
}
cylinder {
	<46.616055, 42.241032, 49.517406>,  <46.191879, 41.871487, 49.011501>, 0.130000
	pigment { color rgbt <1,0,0,0> }
	no_shadow
}

// nucleotide -1

// particle -1
sphere {
	<46.616055, 42.241032, 49.517406> 0.250000
	pigment { color rgbt <1,0,0,0> }
	no_shadow
}
cylinder {
	<46.230469, 42.278069, 49.617168>,  <45.999119, 42.300293, 49.677025>, 0.100000
	pigment { color rgbt <1,0,0,0> }
	no_shadow
}
cylinder {
	<46.230469, 42.278069, 49.617168>,  <46.616055, 42.241032, 49.517406>, 0.100000
	pigment { color rgbt <1,0,0,0> }
	no_shadow
}

// particle -1
sphere {
	<46.230469, 42.278069, 49.617168> 0.100000
	pigment { color rgbt <1,0,0,0> }
	no_shadow
}
sphere {
	0, 1
	scale<0.080000,0.200000,0.300000>
	matrix <0.225891, -0.210314, 0.951179,
		0.140527, 0.973239, 0.181819,
		-0.963963, 0.092595, 0.249401,
		45.941280, 42.305847, 49.691990>
	pigment { color rgbt <0,1,1,0> }
	no_shadow
}
cylinder {
	<46.569199, 42.654797, 50.104382>,  <46.616055, 42.241032, 49.517406>, 0.130000
	pigment { color rgbt <1,0,0,0> }
	no_shadow
}

// nucleotide -1

// particle -1
sphere {
	<46.569199, 42.654797, 50.104382> 0.250000
	pigment { color rgbt <1,0,0,0> }
	no_shadow
}
cylinder {
	<46.226738, 42.448120, 50.101933>,  <46.021263, 42.324116, 50.100464>, 0.100000
	pigment { color rgbt <1,0,0,0> }
	no_shadow
}
cylinder {
	<46.226738, 42.448120, 50.101933>,  <46.569199, 42.654797, 50.104382>, 0.100000
	pigment { color rgbt <1,0,0,0> }
	no_shadow
}

// particle -1
sphere {
	<46.226738, 42.448120, 50.101933> 0.100000
	pigment { color rgbt <1,0,0,0> }
	no_shadow
}
sphere {
	0, 1
	scale<0.080000,0.200000,0.300000>
	matrix <0.162084, -0.279786, 0.946282,
		-0.490648, 0.809167, 0.323285,
		-0.856150, -0.516691, -0.006124,
		45.969894, 42.293114, 50.100094>
	pigment { color rgbt <0,1,1,0> }
	no_shadow
}
cylinder {
	<46.120316, 42.937687, 50.632301>,  <46.569199, 42.654797, 50.104382>, 0.130000
	pigment { color rgbt <1,0,0,0> }
	no_shadow
}

// nucleotide -1

// particle -1
sphere {
	<46.120316, 42.937687, 50.632301> 0.250000
	pigment { color rgbt <1,0,0,0> }
	no_shadow
}
cylinder {
	<45.973465, 42.573189, 50.557625>,  <45.885353, 42.354488, 50.512817>, 0.100000
	pigment { color rgbt <1,0,0,0> }
	no_shadow
}
cylinder {
	<45.973465, 42.573189, 50.557625>,  <46.120316, 42.937687, 50.632301>, 0.100000
	pigment { color rgbt <1,0,0,0> }
	no_shadow
}

// particle -1
sphere {
	<45.973465, 42.573189, 50.557625> 0.100000
	pigment { color rgbt <1,0,0,0> }
	no_shadow
}
sphere {
	0, 1
	scale<0.080000,0.200000,0.300000>
	matrix <-0.085037, -0.166985, 0.982285,
		-0.926276, 0.376498, -0.016185,
		-0.367126, -0.911244, -0.186690,
		45.863327, 42.299816, 50.501617>
	pigment { color rgbt <0,1,1,0> }
	no_shadow
}
cylinder {
	<45.404472, 42.857243, 50.971340>,  <46.120316, 42.937687, 50.632301>, 0.130000
	pigment { color rgbt <1,0,0,0> }
	no_shadow
}

// nucleotide -1

// particle -1
sphere {
	<45.404472, 42.857243, 50.971340> 0.250000
	pigment { color rgbt <1,0,0,0> }
	no_shadow
}
cylinder {
	<45.543930, 42.485413, 50.923450>,  <45.627605, 42.262314, 50.894718>, 0.100000
	pigment { color rgbt <1,0,0,0> }
	no_shadow
}
cylinder {
	<45.543930, 42.485413, 50.923450>,  <45.404472, 42.857243, 50.971340>, 0.100000
	pigment { color rgbt <1,0,0,0> }
	no_shadow
}

// particle -1
sphere {
	<45.543930, 42.485413, 50.923450> 0.100000
	pigment { color rgbt <1,0,0,0> }
	no_shadow
}
sphere {
	0, 1
	scale<0.080000,0.200000,0.300000>
	matrix <-0.168098, -0.187683, 0.967739,
		-0.922057, -0.317272, -0.221694,
		0.348645, -0.929577, -0.119722,
		45.648525, 42.206539, 50.887535>
	pigment { color rgbt <0,1,1,0> }
	no_shadow
}
cylinder {
	<45.036690, 42.570175, 51.465714>,  <45.404472, 42.857243, 50.971340>, 0.130000
	pigment { color rgbt <1,0,0,0> }
	no_shadow
}

// nucleotide -1

// particle -1
sphere {
	<45.036690, 42.570175, 51.465714> 0.250000
	pigment { color rgbt <1,0,0,0> }
	no_shadow
}
cylinder {
	<45.272526, 42.258354, 51.381157>,  <45.414028, 42.071262, 51.330421>, 0.100000
	pigment { color rgbt <1,0,0,0> }
	no_shadow
}
cylinder {
	<45.272526, 42.258354, 51.381157>,  <45.036690, 42.570175, 51.465714>, 0.100000
	pigment { color rgbt <1,0,0,0> }
	no_shadow
}

// particle -1
sphere {
	<45.272526, 42.258354, 51.381157> 0.100000
	pigment { color rgbt <1,0,0,0> }
	no_shadow
}
sphere {
	0, 1
	scale<0.080000,0.200000,0.300000>
	matrix <-0.087071, -0.321538, 0.942885,
		-0.802999, -0.537505, -0.257450,
		0.589586, -0.779552, -0.211394,
		45.449402, 42.024490, 51.317738>
	pigment { color rgbt <0,1,1,0> }
	no_shadow
}
cylinder {
	<44.761459, 41.898094, 51.712204>,  <45.036690, 42.570175, 51.465714>, 0.130000
	pigment { color rgbt <1,0,0,0> }
	no_shadow
}

// nucleotide -1

// particle -1
sphere {
	<44.761459, 41.898094, 51.712204> 0.250000
	pigment { color rgbt <1,0,0,0> }
	no_shadow
}
cylinder {
	<45.154762, 41.832977, 51.679451>,  <45.390743, 41.793907, 51.659801>, 0.100000
	pigment { color rgbt <1,0,0,0> }
	no_shadow
}
cylinder {
	<45.154762, 41.832977, 51.679451>,  <44.761459, 41.898094, 51.712204>, 0.100000
	pigment { color rgbt <1,0,0,0> }
	no_shadow
}

// particle -1
sphere {
	<45.154762, 41.832977, 51.679451> 0.100000
	pigment { color rgbt <1,0,0,0> }
	no_shadow
}
sphere {
	0, 1
	scale<0.080000,0.200000,0.300000>
	matrix <0.011120, -0.394906, 0.918654,
		-0.181881, -0.904184, -0.386484,
		0.983258, -0.162789, -0.081880,
		45.449741, 41.784142, 51.654888>
	pigment { color rgbt <0,1,1,0> }
	no_shadow
}
cylinder {
	<44.844353, 41.230774, 52.000263>,  <44.761459, 41.898094, 51.712204>, 0.130000
	pigment { color rgbt <1,0,0,0> }
	no_shadow
}

// nucleotide -1

// particle -1
sphere {
	<44.844353, 41.230774, 52.000263> 0.250000
	pigment { color rgbt <1,0,0,0> }
	no_shadow
}
cylinder {
	<45.210487, 41.391808, 52.003853>,  <45.430168, 41.488430, 52.006004>, 0.100000
	pigment { color rgbt <1,0,0,0> }
	no_shadow
}
cylinder {
	<45.210487, 41.391808, 52.003853>,  <44.844353, 41.230774, 52.000263>, 0.100000
	pigment { color rgbt <1,0,0,0> }
	no_shadow
}

// particle -1
sphere {
	<45.210487, 41.391808, 52.003853> 0.100000
	pigment { color rgbt <1,0,0,0> }
	no_shadow
}
sphere {
	0, 1
	scale<0.080000,0.200000,0.300000>
	matrix <0.144298, -0.348717, 0.926053,
		0.375946, -0.846357, -0.377286,
		0.915337, 0.402588, 0.008971,
		45.485088, 41.512585, 52.006546>
	pigment { color rgbt <0,1,1,0> }
	no_shadow
}
cylinder {
	<45.304836, 40.695686, 52.130875>,  <44.844353, 41.230774, 52.000263>, 0.130000
	pigment { color rgbt <1,0,0,0> }
	no_shadow
}

// nucleotide -1

// particle -1
sphere {
	<45.304836, 40.695686, 52.130875> 0.250000
	pigment { color rgbt <1,0,0,0> }
	no_shadow
}
cylinder {
	<45.490013, 41.031021, 52.246029>,  <45.601120, 41.232224, 52.315121>, 0.100000
	pigment { color rgbt <1,0,0,0> }
	no_shadow
}
cylinder {
	<45.490013, 41.031021, 52.246029>,  <45.304836, 40.695686, 52.130875>, 0.100000
	pigment { color rgbt <1,0,0,0> }
	no_shadow
}

// particle -1
sphere {
	<45.490013, 41.031021, 52.246029> 0.100000
	pigment { color rgbt <1,0,0,0> }
	no_shadow
}
sphere {
	0, 1
	scale<0.080000,0.200000,0.300000>
	matrix <0.197344, -0.414112, 0.888576,
		0.864141, -0.354547, -0.357150,
		0.462942, 0.838336, 0.287884,
		45.628895, 41.282520, 52.332394>
	pigment { color rgbt <0,1,1,0> }
	no_shadow
}
cylinder {
	<45.843765, 40.499977, 52.546688>,  <45.304836, 40.695686, 52.130875>, 0.130000
	pigment { color rgbt <1,0,0,0> }
	no_shadow
}

// nucleotide -1

// particle -1
sphere {
	<45.843765, 40.499977, 52.546688> 0.250000
	pigment { color rgbt <1,0,0,0> }
	no_shadow
}
cylinder {
	<45.815361, 40.889153, 52.634647>,  <45.798321, 41.122658, 52.687424>, 0.100000
	pigment { color rgbt <1,0,0,0> }
	no_shadow
}
cylinder {
	<45.815361, 40.889153, 52.634647>,  <45.843765, 40.499977, 52.546688>, 0.100000
	pigment { color rgbt <1,0,0,0> }
	no_shadow
}

// particle -1
sphere {
	<45.815361, 40.889153, 52.634647> 0.100000
	pigment { color rgbt <1,0,0,0> }
	no_shadow
}
sphere {
	0, 1
	scale<0.080000,0.200000,0.300000>
	matrix <0.119235, -0.210591, 0.970276,
		0.990324, 0.095114, -0.101054,
		-0.071006, 0.972936, 0.219894,
		45.794060, 41.181034, 52.700615>
	pigment { color rgbt <0,1,1,0> }
	no_shadow
}
cylinder {
	<46.365311, 40.570004, 53.055603>,  <45.843765, 40.499977, 52.546688>, 0.130000
	pigment { color rgbt <1,0,0,0> }
	no_shadow
}

// nucleotide -1

// particle -1
sphere {
	<46.365311, 40.570004, 53.055603> 0.250000
	pigment { color rgbt <1,0,0,0> }
	no_shadow
}
cylinder {
	<46.155609, 40.905365, 53.115257>,  <46.029789, 41.106583, 53.151051>, 0.100000
	pigment { color rgbt <1,0,0,0> }
	no_shadow
}
cylinder {
	<46.155609, 40.905365, 53.115257>,  <46.365311, 40.570004, 53.055603>, 0.100000
	pigment { color rgbt <1,0,0,0> }
	no_shadow
}

// particle -1
sphere {
	<46.155609, 40.905365, 53.115257> 0.100000
	pigment { color rgbt <1,0,0,0> }
	no_shadow
}
sphere {
	0, 1
	scale<0.080000,0.200000,0.300000>
	matrix <-0.026388, -0.191037, 0.981228,
		0.851155, 0.510475, 0.122275,
		-0.524251, 0.838404, 0.149131,
		45.998333, 41.156887, 53.159996>
	pigment { color rgbt <0,1,1,0> }
	no_shadow
}
cylinder {
	<46.668221, 41.038589, 53.692577>,  <46.365311, 40.570004, 53.055603>, 0.130000
	pigment { color rgbt <1,0,0,0> }
	no_shadow
}

// nucleotide -1

// particle -1
sphere {
	<46.668221, 41.038589, 53.692577> 0.250000
	pigment { color rgbt <1,0,0,0> }
	no_shadow
}
cylinder {
	<46.281204, 41.133278, 53.657192>,  <46.048996, 41.190090, 53.635960>, 0.100000
	pigment { color rgbt <1,0,0,0> }
	no_shadow
}
cylinder {
	<46.281204, 41.133278, 53.657192>,  <46.668221, 41.038589, 53.692577>, 0.100000
	pigment { color rgbt <1,0,0,0> }
	no_shadow
}

// particle -1
sphere {
	<46.281204, 41.133278, 53.657192> 0.100000
	pigment { color rgbt <1,0,0,0> }
	no_shadow
}
sphere {
	0, 1
	scale<0.080000,0.200000,0.300000>
	matrix <-0.134420, -0.185658, 0.973377,
		0.213998, 0.953673, 0.211453,
		-0.967541, 0.236724, -0.088462,
		45.990940, 41.204296, 53.630653>
	pigment { color rgbt <0,1,1,0> }
	no_shadow
}
cylinder {
	<46.519058, 41.406296, 54.267277>,  <46.668221, 41.038589, 53.692577>, 0.130000
	pigment { color rgbt <1,0,0,0> }
	no_shadow
}

// nucleotide -1

// particle -1
sphere {
	<46.519058, 41.406296, 54.267277> 0.250000
	pigment { color rgbt <1,0,0,0> }
	no_shadow
}
cylinder {
	<46.136368, 41.346069, 54.167671>,  <45.906754, 41.309933, 54.107910>, 0.100000
	pigment { color rgbt <1,0,0,0> }
	no_shadow
}
cylinder {
	<46.136368, 41.346069, 54.167671>,  <46.519058, 41.406296, 54.267277>, 0.100000
	pigment { color rgbt <1,0,0,0> }
	no_shadow
}

// particle -1
sphere {
	<46.136368, 41.346069, 54.167671> 0.100000
	pigment { color rgbt <1,0,0,0> }
	no_shadow
}
sphere {
	0, 1
	scale<0.080000,0.200000,0.300000>
	matrix <-0.245643, -0.040882, 0.968498,
		-0.156000, 0.987755, 0.002128,
		-0.956726, -0.150563, -0.249012,
		45.849350, 41.300900, 54.092968>
	pigment { color rgbt <0,1,1,0> }
	no_shadow
}
cylinder {
	<46.101410, 41.833794, 54.705845>,  <46.519058, 41.406296, 54.267277>, 0.130000
	pigment { color rgbt <1,0,0,0> }
	no_shadow
}

// nucleotide -1

// particle -1
sphere {
	<46.101410, 41.833794, 54.705845> 0.250000
	pigment { color rgbt <1,0,0,0> }
	no_shadow
}
cylinder {
	<45.861183, 41.547043, 54.564194>,  <45.717049, 41.374992, 54.479202>, 0.100000
	pigment { color rgbt <1,0,0,0> }
	no_shadow
}
cylinder {
	<45.861183, 41.547043, 54.564194>,  <46.101410, 41.833794, 54.705845>, 0.100000
	pigment { color rgbt <1,0,0,0> }
	no_shadow
}

// particle -1
sphere {
	<45.861183, 41.547043, 54.564194> 0.100000
	pigment { color rgbt <1,0,0,0> }
	no_shadow
}
sphere {
	0, 1
	scale<0.080000,0.200000,0.300000>
	matrix <-0.356971, -0.155911, 0.921012,
		-0.715464, 0.679543, -0.162269,
		-0.600568, -0.716877, -0.354126,
		45.681011, 41.331982, 54.457954>
	pigment { color rgbt <0,1,1,0> }
	no_shadow
}
cylinder {
	<45.519173, 41.990150, 54.905895>,  <46.101410, 41.833794, 54.705845>, 0.130000
	pigment { color rgbt <1,0,0,0> }
	no_shadow
}

// nucleotide -1

// particle -1
sphere {
	<45.519173, 41.990150, 54.905895> 0.250000
	pigment { color rgbt <1,0,0,0> }
	no_shadow
}
cylinder {
	<45.464996, 41.600082, 54.835804>,  <45.432491, 41.366043, 54.793751>, 0.100000
	pigment { color rgbt <1,0,0,0> }
	no_shadow
}
cylinder {
	<45.464996, 41.600082, 54.835804>,  <45.519173, 41.990150, 54.905895>, 0.100000
	pigment { color rgbt <1,0,0,0> }
	no_shadow
}

// particle -1
sphere {
	<45.464996, 41.600082, 54.835804> 0.100000
	pigment { color rgbt <1,0,0,0> }
	no_shadow
}
sphere {
	0, 1
	scale<0.080000,0.200000,0.300000>
	matrix <-0.382099, -0.111763, 0.917338,
		-0.914142, 0.191200, -0.357473,
		-0.135443, -0.975168, -0.175224,
		45.424362, 41.307533, 54.783237>
	pigment { color rgbt <0,1,1,0> }
	no_shadow
}
cylinder {
	<44.881943, 41.908813, 55.078671>,  <45.519173, 41.990150, 54.905895>, 0.130000
	pigment { color rgbt <1,0,0,0> }
	no_shadow
}

// nucleotide -1

// particle -1
sphere {
	<44.881943, 41.908813, 55.078671> 0.250000
	pigment { color rgbt <1,0,0,0> }
	no_shadow
}
cylinder {
	<45.060448, 41.551537, 55.100800>,  <45.167553, 41.337170, 55.114079>, 0.100000
	pigment { color rgbt <1,0,0,0> }
	no_shadow
}
cylinder {
	<45.060448, 41.551537, 55.100800>,  <44.881943, 41.908813, 55.078671>, 0.100000
	pigment { color rgbt <1,0,0,0> }
	no_shadow
}

// particle -1
sphere {
	<45.060448, 41.551537, 55.100800> 0.100000
	pigment { color rgbt <1,0,0,0> }
	no_shadow
}
sphere {
	0, 1
	scale<0.080000,0.200000,0.300000>
	matrix <-0.396046, -0.141682, 0.907234,
		-0.802494, -0.426777, -0.416972,
		0.446264, -0.893190, 0.055325,
		45.194328, 41.283581, 55.117397>
	pigment { color rgbt <0,1,1,0> }
	no_shadow
}
cylinder {
	<44.380096, 41.508568, 55.359360>,  <44.881943, 41.908813, 55.078671>, 0.130000
	pigment { color rgbt <1,0,0,0> }
	no_shadow
}

// nucleotide -1

// particle -1
sphere {
	<44.380096, 41.508568, 55.359360> 0.250000
	pigment { color rgbt <1,0,0,0> }
	no_shadow
}
cylinder {
	<44.721123, 41.318512, 55.446426>,  <44.925739, 41.204479, 55.498665>, 0.100000
	pigment { color rgbt <1,0,0,0> }
	no_shadow
}
cylinder {
	<44.721123, 41.318512, 55.446426>,  <44.380096, 41.508568, 55.359360>, 0.100000
	pigment { color rgbt <1,0,0,0> }
	no_shadow
}

// particle -1
sphere {
	<44.721123, 41.318512, 55.446426> 0.100000
	pigment { color rgbt <1,0,0,0> }
	no_shadow
}
sphere {
	0, 1
	scale<0.080000,0.200000,0.300000>
	matrix <-0.319237, -0.143707, 0.936715,
		-0.413790, -0.868096, -0.274202,
		0.852564, -0.475139, 0.217664,
		44.976891, 41.175972, 55.511726>
	pigment { color rgbt <0,1,1,0> }
	no_shadow
}
cylinder {
	<44.156864, 40.918705, 55.677361>,  <44.380096, 41.508568, 55.359360>, 0.130000
	pigment { color rgbt <1,0,0,0> }
	no_shadow
}

// nucleotide -1

// particle -1
sphere {
	<44.156864, 40.918705, 55.677361> 0.250000
	pigment { color rgbt <1,0,0,0> }
	no_shadow
}
cylinder {
	<44.538898, 40.928993, 55.795444>,  <44.768120, 40.935165, 55.866295>, 0.100000
	pigment { color rgbt <1,0,0,0> }
	no_shadow
}
cylinder {
	<44.538898, 40.928993, 55.795444>,  <44.156864, 40.918705, 55.677361>, 0.100000
	pigment { color rgbt <1,0,0,0> }
	no_shadow
}

// particle -1
sphere {
	<44.538898, 40.928993, 55.795444> 0.100000
	pigment { color rgbt <1,0,0,0> }
	no_shadow
}
sphere {
	0, 1
	scale<0.080000,0.200000,0.300000>
	matrix <-0.279935, -0.248453, 0.927312,
		0.097200, -0.968302, -0.230092,
		0.955086, 0.025724, 0.295212,
		44.825424, 40.936710, 55.884007>
	pigment { color rgbt <0,1,1,0> }
	no_shadow
}
cylinder {
	<44.389000, 40.259598, 56.020882>,  <44.156864, 40.918705, 55.677361>, 0.130000
	pigment { color rgbt <1,0,0,0> }
	no_shadow
}

// nucleotide -1

// particle -1
sphere {
	<44.389000, 40.259598, 56.020882> 0.250000
	pigment { color rgbt <1,0,0,0> }
	no_shadow
}
cylinder {
	<44.651310, 40.529289, 56.156754>,  <44.808697, 40.691105, 56.238277>, 0.100000
	pigment { color rgbt <1,0,0,0> }
	no_shadow
}
cylinder {
	<44.651310, 40.529289, 56.156754>,  <44.389000, 40.259598, 56.020882>, 0.100000
	pigment { color rgbt <1,0,0,0> }
	no_shadow
}

// particle -1
sphere {
	<44.651310, 40.529289, 56.156754> 0.100000
	pigment { color rgbt <1,0,0,0> }
	no_shadow
}
sphere {
	0, 1
	scale<0.080000,0.200000,0.300000>
	matrix <-0.224676, -0.255259, 0.940406,
		0.720752, -0.693010, -0.015909,
		0.655772, 0.674225, 0.339681,
		44.848042, 40.731556, 56.258659>
	pigment { color rgbt <0,1,1,0> }
	no_shadow
}
cylinder {
	<44.597454, 39.963634, 56.691036>,  <44.389000, 40.259598, 56.020882>, 0.130000
	pigment { color rgbt <1,0,0,0> }
	no_shadow
}

// nucleotide -1

// particle -1
sphere {
	<44.597454, 39.963634, 56.691036> 0.250000
	pigment { color rgbt <1,0,0,0> }
	no_shadow
}
cylinder {
	<44.700455, 40.349380, 56.715336>,  <44.762257, 40.580830, 56.729916>, 0.100000
	pigment { color rgbt <1,0,0,0> }
	no_shadow
}
cylinder {
	<44.700455, 40.349380, 56.715336>,  <44.597454, 39.963634, 56.691036>, 0.100000
	pigment { color rgbt <1,0,0,0> }
	no_shadow
}

// particle -1
sphere {
	<44.700455, 40.349380, 56.715336> 0.100000
	pigment { color rgbt <1,0,0,0> }
	no_shadow
}
sphere {
	0, 1
	scale<0.080000,0.200000,0.300000>
	matrix <-0.324168, 0.026991, 0.945615,
		0.910280, -0.263188, 0.319567,
		0.257500, 0.964367, 0.060748,
		44.777706, 40.638691, 56.733559>
	pigment { color rgbt <0,1,1,0> }
	no_shadow
}
cylinder {
	<44.901161, 40.037548, 57.300842>,  <44.597454, 39.963634, 56.691036>, 0.130000
	pigment { color rgbt <1,0,0,0> }
	no_shadow
}

// nucleotide -1

// particle -1
sphere {
	<44.901161, 40.037548, 57.300842> 0.250000
	pigment { color rgbt <1,0,0,0> }
	no_shadow
}
cylinder {
	<44.789207, 40.413338, 57.221786>,  <44.722034, 40.638809, 57.174355>, 0.100000
	pigment { color rgbt <1,0,0,0> }
	no_shadow
}
cylinder {
	<44.789207, 40.413338, 57.221786>,  <44.901161, 40.037548, 57.300842>, 0.100000
	pigment { color rgbt <1,0,0,0> }
	no_shadow
}

// particle -1
sphere {
	<44.789207, 40.413338, 57.221786> 0.100000
	pigment { color rgbt <1,0,0,0> }
	no_shadow
}
sphere {
	0, 1
	scale<0.080000,0.200000,0.300000>
	matrix <-0.534355, 0.018580, 0.845056,
		0.797577, 0.342127, 0.496810,
		-0.279886, 0.939470, -0.197637,
		44.705242, 40.695179, 57.162495>
	pigment { color rgbt <0,1,1,0> }
	no_shadow
}
cylinder {
	<44.895729, 40.338375, 57.839249>,  <44.901161, 40.037548, 57.300842>, 0.130000
	pigment { color rgbt <1,0,0,0> }
	no_shadow
}

// nucleotide -1

// particle -1
sphere {
	<44.895729, 40.338375, 57.839249> 0.250000
	pigment { color rgbt <1,0,0,0> }
	no_shadow
}
cylinder {
	<44.677422, 40.622849, 57.662003>,  <44.546436, 40.793533, 57.555656>, 0.100000
	pigment { color rgbt <1,0,0,0> }
	no_shadow
}
cylinder {
	<44.677422, 40.622849, 57.662003>,  <44.895729, 40.338375, 57.839249>, 0.100000
	pigment { color rgbt <1,0,0,0> }
	no_shadow
}

// particle -1
sphere {
	<44.677422, 40.622849, 57.662003> 0.100000
	pigment { color rgbt <1,0,0,0> }
	no_shadow
}
sphere {
	0, 1
	scale<0.080000,0.200000,0.300000>
	matrix <-0.470636, 0.177360, 0.864318,
		0.693282, 0.680262, 0.237913,
		-0.545767, 0.711187, -0.443116,
		44.513691, 40.836205, 57.529068>
	pigment { color rgbt <0,1,1,0> }
	no_shadow
}
cylinder {
	<44.869202, 41.007874, 58.309109>,  <44.895729, 40.338375, 57.839249>, 0.130000
	pigment { color rgbt <1,0,0,0> }
	no_shadow
}

// nucleotide -1

// particle -1
sphere {
	<44.869202, 41.007874, 58.309109> 0.250000
	pigment { color rgbt <1,0,0,0> }
	no_shadow
}
cylinder {
	<44.564194, 41.015526, 58.050438>,  <44.381187, 41.020119, 57.895233>, 0.100000
	pigment { color rgbt <1,0,0,0> }
	no_shadow
}
cylinder {
	<44.564194, 41.015526, 58.050438>,  <44.869202, 41.007874, 58.309109>, 0.100000
	pigment { color rgbt <1,0,0,0> }
	no_shadow
}

// particle -1
sphere {
	<44.564194, 41.015526, 58.050438> 0.100000
	pigment { color rgbt <1,0,0,0> }
	no_shadow
}
sphere {
	0, 1
	scale<0.080000,0.200000,0.300000>
	matrix <-0.606325, 0.327552, 0.724624,
		0.225685, 0.944640, -0.238164,
		-0.762520, 0.019132, -0.646682,
		44.335438, 41.021267, 57.856434>
	pigment { color rgbt <0,1,1,0> }
	no_shadow
}
cylinder {
	<44.510155, 41.623203, 58.449627>,  <44.869202, 41.007874, 58.309109>, 0.130000
	pigment { color rgbt <1,0,0,0> }
	no_shadow
}

// nucleotide -1

// particle -1
sphere {
	<44.510155, 41.623203, 58.449627> 0.250000
	pigment { color rgbt <1,0,0,0> }
	no_shadow
}
cylinder {
	<44.207932, 41.427261, 58.275650>,  <44.026600, 41.309696, 58.171265>, 0.100000
	pigment { color rgbt <1,0,0,0> }
	no_shadow
}
cylinder {
	<44.207932, 41.427261, 58.275650>,  <44.510155, 41.623203, 58.449627>, 0.100000
	pigment { color rgbt <1,0,0,0> }
	no_shadow
}

// particle -1
sphere {
	<44.207932, 41.427261, 58.275650> 0.100000
	pigment { color rgbt <1,0,0,0> }
	no_shadow
}
sphere {
	0, 1
	scale<0.080000,0.200000,0.300000>
	matrix <-0.577049, 0.183408, 0.795849,
		-0.310079, 0.852293, -0.421246,
		-0.755556, -0.489855, -0.434944,
		43.981266, 41.280304, 58.145168>
	pigment { color rgbt <0,1,1,0> }
	no_shadow
}
cylinder {
	<43.932396, 42.088314, 58.428619>,  <44.510155, 41.623203, 58.449627>, 0.130000
	pigment { color rgbt <1,0,0,0> }
	no_shadow
}

// nucleotide -1

// particle -1
sphere {
	<43.932396, 42.088314, 58.428619> 0.250000
	pigment { color rgbt <1,0,0,0> }
	no_shadow
}
cylinder {
	<43.794636, 41.714523, 58.392509>,  <43.711979, 41.490250, 58.370842>, 0.100000
	pigment { color rgbt <1,0,0,0> }
	no_shadow
}
cylinder {
	<43.794636, 41.714523, 58.392509>,  <43.932396, 42.088314, 58.428619>, 0.100000
	pigment { color rgbt <1,0,0,0> }
	no_shadow
}

// particle -1
sphere {
	<43.794636, 41.714523, 58.392509> 0.100000
	pigment { color rgbt <1,0,0,0> }
	no_shadow
}
sphere {
	0, 1
	scale<0.080000,0.200000,0.300000>
	matrix <-0.510117, 0.105535, 0.853606,
		-0.788145, 0.340032, -0.513037,
		-0.344397, -0.934473, -0.090279,
		43.691319, 41.434181, 58.365425>
	pigment { color rgbt <0,1,1,0> }
	no_shadow
}
cylinder {
	<43.198826, 42.094830, 58.587952>,  <43.932396, 42.088314, 58.428619>, 0.130000
	pigment { color rgbt <1,0,0,0> }
	no_shadow
}

// nucleotide -1

// particle -1
sphere {
	<43.198826, 42.094830, 58.587952> 0.250000
	pigment { color rgbt <1,0,0,0> }
	no_shadow
}
cylinder {
	<43.294693, 41.708611, 58.628494>,  <43.352215, 41.476879, 58.652821>, 0.100000
	pigment { color rgbt <1,0,0,0> }
	no_shadow
}
cylinder {
	<43.294693, 41.708611, 58.628494>,  <43.198826, 42.094830, 58.587952>, 0.100000
	pigment { color rgbt <1,0,0,0> }
	no_shadow
}

// particle -1
sphere {
	<43.294693, 41.708611, 58.628494> 0.100000
	pigment { color rgbt <1,0,0,0> }
	no_shadow
}
sphere {
	0, 1
	scale<0.080000,0.200000,0.300000>
	matrix <-0.493640, -0.031303, 0.869103,
		-0.835988, -0.258332, -0.484136,
		0.239672, -0.965549, 0.101354,
		43.366596, 41.418945, 58.658901>
	pigment { color rgbt <0,1,1,0> }
	no_shadow
}
cylinder {
	<42.555561, 41.745140, 58.813301>,  <43.198826, 42.094830, 58.587952>, 0.130000
	pigment { color rgbt <1,0,0,0> }
	no_shadow
}

// nucleotide -1

// particle -1
sphere {
	<42.555561, 41.745140, 58.813301> 0.250000
	pigment { color rgbt <1,0,0,0> }
	no_shadow
}
cylinder {
	<42.835476, 41.479317, 58.918114>,  <43.003426, 41.319824, 58.981003>, 0.100000
	pigment { color rgbt <1,0,0,0> }
	no_shadow
}
cylinder {
	<42.835476, 41.479317, 58.918114>,  <42.555561, 41.745140, 58.813301>, 0.100000
	pigment { color rgbt <1,0,0,0> }
	no_shadow
}

// particle -1
sphere {
	<42.835476, 41.479317, 58.918114> 0.100000
	pigment { color rgbt <1,0,0,0> }
	no_shadow
}
sphere {
	0, 1
	scale<0.080000,0.200000,0.300000>
	matrix <-0.475615, -0.159744, 0.865027,
		-0.533004, -0.729960, -0.427861,
		0.699784, -0.664560, 0.262035,
		43.045410, 41.279949, 58.996723>
	pigment { color rgbt <0,1,1,0> }
	no_shadow
}
cylinder {
	<42.148914, 41.141727, 58.967590>,  <42.555561, 41.745140, 58.813301>, 0.130000
	pigment { color rgbt <1,0,0,0> }
	no_shadow
}

// nucleotide -1

// particle -1
sphere {
	<42.148914, 41.141727, 58.967590> 0.250000
	pigment { color rgbt <1,0,0,0> }
	no_shadow
}
cylinder {
	<42.494465, 41.128105, 59.168610>,  <42.701797, 41.119930, 59.289219>, 0.100000
	pigment { color rgbt <1,0,0,0> }
	no_shadow
}
cylinder {
	<42.494465, 41.128105, 59.168610>,  <42.148914, 41.141727, 58.967590>, 0.100000
	pigment { color rgbt <1,0,0,0> }
	no_shadow
}

// particle -1
sphere {
	<42.494465, 41.128105, 59.168610> 0.100000
	pigment { color rgbt <1,0,0,0> }
	no_shadow
}
sphere {
	0, 1
	scale<0.080000,0.200000,0.300000>
	matrix <-0.496892, -0.221079, 0.839180,
		0.082523, -0.974661, -0.207907,
		0.863880, -0.034056, 0.502546,
		42.753628, 41.117889, 59.319374>
	pigment { color rgbt <0,1,1,0> }
	no_shadow
}
cylinder {
	<42.097328, 40.536766, 59.418671>,  <42.148914, 41.141727, 58.967590>, 0.130000
	pigment { color rgbt <1,0,0,0> }
	no_shadow
}

// nucleotide -1

// particle -1
sphere {
	<42.097328, 40.536766, 59.418671> 0.250000
	pigment { color rgbt <1,0,0,0> }
	no_shadow
}
cylinder {
	<42.407845, 40.736115, 59.573074>,  <42.594154, 40.855724, 59.665718>, 0.100000
	pigment { color rgbt <1,0,0,0> }
	no_shadow
}
cylinder {
	<42.407845, 40.736115, 59.573074>,  <42.097328, 40.536766, 59.418671>, 0.100000
	pigment { color rgbt <1,0,0,0> }
	no_shadow
}

// particle -1
sphere {
	<42.407845, 40.736115, 59.573074> 0.100000
	pigment { color rgbt <1,0,0,0> }
	no_shadow
}
sphere {
	0, 1
	scale<0.080000,0.200000,0.300000>
	matrix <-0.342320, -0.180919, 0.922001,
		0.529335, -0.847877, 0.030157,
		0.776287, 0.498371, 0.386012,
		42.640732, 40.885624, 59.688877>
	pigment { color rgbt <0,1,1,0> }
	no_shadow
}
cylinder {
	<42.320595, 40.096043, 60.081318>,  <42.097328, 40.536766, 59.418671>, 0.130000
	pigment { color rgbt <1,0,0,0> }
	no_shadow
}

// nucleotide -1

// particle -1
sphere {
	<42.320595, 40.096043, 60.081318> 0.250000
	pigment { color rgbt <1,0,0,0> }
	no_shadow
}
cylinder {
	<42.492134, 40.456589, 60.105400>,  <42.595058, 40.672916, 60.119850>, 0.100000
	pigment { color rgbt <1,0,0,0> }
	no_shadow
}
cylinder {
	<42.492134, 40.456589, 60.105400>,  <42.320595, 40.096043, 60.081318>, 0.100000
	pigment { color rgbt <1,0,0,0> }
	no_shadow
}

// particle -1
sphere {
	<42.492134, 40.456589, 60.105400> 0.100000
	pigment { color rgbt <1,0,0,0> }
	no_shadow
}
sphere {
	0, 1
	scale<0.080000,0.200000,0.300000>
	matrix <-0.232940, 0.045940, 0.971406,
		0.872829, -0.430609, 0.229666,
		0.428847, 0.901369, 0.060208,
		42.620789, 40.727001, 60.123463>
	pigment { color rgbt <0,1,1,0> }
	no_shadow
}
cylinder {
	<42.902119, 40.090050, 60.639809>,  <42.320595, 40.096043, 60.081318>, 0.130000
	pigment { color rgbt <1,0,0,0> }
	no_shadow
}

// nucleotide -1

// particle -1
sphere {
	<42.902119, 40.090050, 60.639809> 0.250000
	pigment { color rgbt <1,0,0,0> }
	no_shadow
}
cylinder {
	<42.766441, 40.463257, 60.591774>,  <42.685036, 40.687183, 60.562954>, 0.100000
	pigment { color rgbt <1,0,0,0> }
	no_shadow
}
cylinder {
	<42.766441, 40.463257, 60.591774>,  <42.902119, 40.090050, 60.639809>, 0.100000
	pigment { color rgbt <1,0,0,0> }
	no_shadow
}

// particle -1
sphere {
	<42.766441, 40.463257, 60.591774> 0.100000
	pigment { color rgbt <1,0,0,0> }
	no_shadow
}
sphere {
	0, 1
	scale<0.080000,0.200000,0.300000>
	matrix <-0.103536, 0.089851, 0.990559,
		0.935003, 0.348421, 0.066125,
		-0.339190, 0.933022, -0.120085,
		42.664684, 40.743164, 60.555748>
	pigment { color rgbt <0,1,1,0> }
	no_shadow
}
cylinder {
	<43.159199, 40.381203, 61.193790>,  <42.902119, 40.090050, 60.639809>, 0.130000
	pigment { color rgbt <1,0,0,0> }
	no_shadow
}

// nucleotide -1

// particle -1
sphere {
	<43.159199, 40.381203, 61.193790> 0.250000
	pigment { color rgbt <1,0,0,0> }
	no_shadow
}
cylinder {
	<42.881783, 40.642815, 61.072960>,  <42.715332, 40.799782, 61.000462>, 0.100000
	pigment { color rgbt <1,0,0,0> }
	no_shadow
}
cylinder {
	<42.881783, 40.642815, 61.072960>,  <43.159199, 40.381203, 61.193790>, 0.100000
	pigment { color rgbt <1,0,0,0> }
	no_shadow
}

// particle -1
sphere {
	<42.881783, 40.642815, 61.072960> 0.100000
	pigment { color rgbt <1,0,0,0> }
	no_shadow
}
sphere {
	0, 1
	scale<0.080000,0.200000,0.300000>
	matrix <-0.226148, 0.200471, 0.953241,
		0.684004, 0.729425, 0.008872,
		-0.693539, 0.654027, -0.302081,
		42.673721, 40.839024, 60.982334>
	pigment { color rgbt <0,1,1,0> }
	no_shadow
}
cylinder {
	<43.185421, 41.057877, 61.579727>,  <43.159199, 40.381203, 61.193790>, 0.130000
	pigment { color rgbt <1,0,0,0> }
	no_shadow
}

// nucleotide -1

// particle -1
sphere {
	<43.185421, 41.057877, 61.579727> 0.250000
	pigment { color rgbt <1,0,0,0> }
	no_shadow
}
cylinder {
	<42.814384, 40.955086, 61.471256>,  <42.591763, 40.893414, 61.406174>, 0.100000
	pigment { color rgbt <1,0,0,0> }
	no_shadow
}
cylinder {
	<42.814384, 40.955086, 61.471256>,  <43.185421, 41.057877, 61.579727>, 0.100000
	pigment { color rgbt <1,0,0,0> }
	no_shadow
}

// particle -1
sphere {
	<42.814384, 40.955086, 61.471256> 0.100000
	pigment { color rgbt <1,0,0,0> }
	no_shadow
}
sphere {
	0, 1
	scale<0.080000,0.200000,0.300000>
	matrix <-0.295695, 0.061359, 0.953310,
