{
type = trap
particle = 0
stiff = 1.0
pos0 = 43.2286354357245, 53.356047493186, 36.8991967230028
rate = 0.000
dir = 1.0, 0.0, 0.0

}
{
type = trap
particle = 297
stiff = 1.0
pos0 = 18.3266126320768, 58.4400584479616, 37.2161562639412
rate = 0.000
dir = -1.0, 0.0, 0.0
}


